,edge,includes,includedby,sum
12,SoundSource.cpp,0,12,12
10,Audio.cpp,0,11,11
6,Sound.cpp,0,10,10
0,SoundSource3D.cpp,0,8,8
22,Precompiled.h,8,0,8
8,Audio.h,3,5,8
5,Sound.h,5,2,7
2,BufferedSoundStream.h,1,5,6
17,SoundStream.h,4,1,5
7,DebugNew.h,5,0,5
11,Context.h,5,0,5
1,SoundListener.h,3,1,4
19,OggVorbisSoundStream.h,2,2,4
20,ArrayPtr.h,4,0,4
4,OggVorbisSoundStream.cpp,0,4,4
13,SoundSource.h,2,2,4
27,Log.h,3,0,3
31,SoundSource3D.h,2,1,3
15,AudioDefs.h,2,1,3
21,BufferedSoundStream.cpp,0,3,3
23,SoundListener.cpp,0,3,3
9,Mutex.h,2,0,2
34,Component.h,2,0,2
37,Object.h,2,0,2
25,Node.h,2,0,2
18,ResourceCache.h,2,0,2
28,Profiler.h,2,0,2
29,AudioEvents.h,1,1,2
30,SoundStream.cpp,0,2,2
38,ProcessUtils.h,1,0,1
36,RefCounted.h,1,0,1
39,HashSet.h,1,0,1
35,DebugRenderer.h,1,0,1
14,Pair.h,1,0,1
33,ReplicationState.h,1,0,1
32,CoreEvents.h,1,0,1
26,XMLFile.h,1,0,1
24,Resource.h,1,0,1
3,List.h,1,0,1
16,Str.h,1,0,1
40,FileSystem.h,1,0,1
