,edge,includes,includedby,sum
140,/media/ullmann/HDDGabriel/engines/cocos2d-x/cocos/audio/android/AudioEngine-inl.cpp,0,16,16
561,/media/ullmann/HDDGabriel/engines/cocos2d-x/cocos/audio/android/cutils/log.h,12,0,12
264,/media/ullmann/HDDGabriel/engines/cocos2d-x/cocos/audio/android/AudioPlayerProvider.cpp,0,10,10
115,/media/ullmann/HDDGabriel/engines/cocos2d-x/cocos/audio/include/AudioEngine.h,7,3,10
60,/media/ullmann/HDDGabriel/engines/cocos2d-x/cocos/audio/android/AudioDecoder.h,6,3,9
683,/media/ullmann/HDDGabriel/engines/cocos2d-x/cocos/audio/AudioEngine.cpp,0,8,8
875,/media/ullmann/HDDGabriel/engines/cocos2d-x/cocos/audio/android/OpenSLHelper.h,7,1,8
854,/media/ullmann/HDDGabriel/engines/cocos2d-x/cocos/audio/android/AudioResampler.h,5,2,7
466,/media/ullmann/HDDGabriel/engines/cocos2d-x/cocos/audio/win32/AudioCache.cpp,0,6,6
592,/media/ullmann/HDDGabriel/engines/cocos2d-x/cocos/audio/android/AudioMixer.h,2,4,6
537,/media/ullmann/HDDGabriel/engines/cocos2d-x/cocos/audio/android/UrlAudioPlayer.h,3,3,6
51,/media/ullmann/HDDGabriel/engines/cocos2d-x/cocos/audio/android/AudioDecoderProvider.cpp,0,6,6
524,/media/ullmann/HDDGabriel/engines/cocos2d-x/cocos/audio/android/PcmData.h,6,0,6
694,/media/ullmann/HDDGabriel/engines/cocos2d-x/cocos/audio/android/Track.h,3,3,6
366,/media/ullmann/HDDGabriel/engines/cocos2d-x/cocos/audio/win32/AudioDecoderManager.cpp,0,6,6
114,/media/ullmann/HDDGabriel/engines/cocos2d-x/cocos/audio/win32/AudioEngine-win32.cpp,0,6,6
824,/media/ullmann/HDDGabriel/engines/cocos2d-x/cocos/audio/win32/AudioCache.h,3,3,6
432,/media/ullmann/HDDGabriel/engines/cocos2d-x/cocos/scripting/lua-bindings/manual/audioengine/lua_cocos2dx_audioengine_manual.cpp,0,6,6
848,/media/ullmann/HDDGabriel/engines/cocos2d-x/cocos/audio/android/audio.h,5,1,6
235,/media/ullmann/HDDGabriel/engines/cocos2d-x/cocos/audio/linux/AudioEngine-linux.h,2,3,5
265,/media/ullmann/HDDGabriel/engines/cocos2d-x/cocos/audio/android/AudioPlayerProvider.h,2,3,5
651,/media/ullmann/HDDGabriel/engines/cocos2d-x/cocos/audio/android/audio_utils/include/audio_utils/primitives.h,5,0,5
593,/media/ullmann/HDDGabriel/engines/cocos2d-x/cocos/audio/android/AudioBufferProvider.h,4,1,5
373,/media/ullmann/HDDGabriel/engines/cocos2d-x/cocos/audio/android/AudioMixerController.h,4,1,5
782,/media/ullmann/HDDGabriel/engines/cocos2d-x/cocos/audio/android/IAudioPlayer.h,5,0,5
691,/media/ullmann/HDDGabriel/engines/cocos2d-x/cocos/audio/win32/AudioEngine-win32.h,2,3,5
776,/media/ullmann/HDDGabriel/engines/cocos2d-x/cocos/audio/android/AudioResampler.cpp,0,5,5
516,/media/ullmann/HDDGabriel/engines/cocos2d-x/cocos/audio/win32/AudioMacros.h,5,0,5
801,/media/ullmann/HDDGabriel/engines/cocos2d-x/cocos/audio/android/PcmAudioService.h,2,3,5
523,/media/ullmann/HDDGabriel/engines/cocos2d-x/cocos/audio/android/PcmAudioPlayer.h,2,3,5
1002,/media/ullmann/HDDGabriel/engines/cocos2d-x/cocos/audio/android/audio_utils/format.c,0,4,4
1019,/media/ullmann/HDDGabriel/engines/cocos2d-x/cocos/audio/apple/AudioEngine-inl.h,1,3,4
855,/media/ullmann/HDDGabriel/engines/cocos2d-x/cocos/audio/android/AudioMixer.cpp,0,4,4
753,/media/ullmann/HDDGabriel/engines/cocos2d-x/cocos/audio/android/PcmBufferProvider.h,3,1,4
794,/media/ullmann/HDDGabriel/engines/cocos2d-x/cocos/audio/linux/AudioEngine-linux.cpp,0,4,4
804,/media/ullmann/HDDGabriel/engines/cocos2d-x/cocos/audio/win32/AudioDecoder.h,4,0,4
777,/media/ullmann/HDDGabriel/engines/cocos2d-x/cocos/audio/android/AudioResamplerCubic.h,2,2,4
844,/media/ullmann/HDDGabriel/engines/cocos2d-x/cocos/audio/android/AudioMixerController.cpp,0,4,4
104,/media/ullmann/HDDGabriel/engines/cocos2d-x/cocos/audio/win32/AudioPlayer.cpp,0,4,4
533,/media/ullmann/HDDGabriel/engines/cocos2d-x/cocos/audio/android/AudioEngine-inl.h,2,2,4
267,/media/ullmann/HDDGabriel/engines/cocos2d-x/cocos/audio/win32/AudioDecoderMp3.cpp,0,4,4
500,/media/ullmann/HDDGabriel/engines/cocos2d-x/cocos/audio/win32/AudioDecoderManager.h,4,0,4
372,/media/ullmann/HDDGabriel/engines/cocos2d-x/cocos/audio/android/PcmAudioPlayer.cpp,0,4,4
378,/media/ullmann/HDDGabriel/engines/cocos2d-x/cocos/audio/android/ICallerThreadUtils.h,4,0,4
236,/media/ullmann/HDDGabriel/engines/cocos2d-x/cocos/audio/win32/AudioPlayer.h,2,1,3
336,/media/ullmann/HDDGabriel/engines/cocos2d-x/cocos/audio/android/AudioDecoderMp3.h,2,1,3
268,/media/ullmann/HDDGabriel/engines/cocos2d-x/cocos/audio/win32/AudioDecoderMp3.h,2,1,3
819,/media/ullmann/HDDGabriel/engines/cocos2d-x/cocos/audio/android/AudioDecoderWav.cpp,0,3,3
367,/media/ullmann/HDDGabriel/engines/cocos2d-x/cocos/audio/win32/AudioDecoderOgg.h,2,1,3
835,/media/ullmann/HDDGabriel/engines/cocos2d-x/cocos/audio/android/AudioDecoderOgg.h,2,1,3
335,/media/ullmann/HDDGabriel/engines/cocos2d-x/cocos/audio/android/AudioDecoderMp3.cpp,0,3,3
944,/media/ullmann/HDDGabriel/engines/cocos2d-x/cocos/audio/android/utils/Utils.h,3,0,3
59,/media/ullmann/HDDGabriel/engines/cocos2d-x/cocos/audio/android/AudioDecoderSLES.h,2,1,3
963,/media/ullmann/HDDGabriel/engines/cocos2d-x/cocos/audio/android/AudioDecoder.cpp,0,3,3
939,/media/ullmann/HDDGabriel/engines/cocos2d-x/cocos/audio/win32/AudioDecoder.cpp,0,3,3
1027,/media/ullmann/HDDGabriel/engines/cocos2d-x/cocos/audio/android/AudioDecoderProvider.h,2,1,3
1031,/media/ullmann/HDDGabriel/engines/cocos2d-x/cocos/audio/android/tinysndfile.cpp,0,3,3
858,/media/ullmann/HDDGabriel/engines/cocos2d-x/cocos/audio/android/AudioResamplerCubic.cpp,0,3,3
112,/media/ullmann/HDDGabriel/engines/cocos2d-x/cocos/audio/apple/AudioCache.h,1,2,3
657,/media/ullmann/HDDGabriel/engines/cocos2d-x/cocos/audio/android/ccdandroidUtils.cpp,0,3,3
515,/media/ullmann/HDDGabriel/engines/cocos2d-x/cocos/audio/win32/AudioDecoderOgg.cpp,0,3,3
415,/media/ullmann/HDDGabriel/engines/cocos2d-x/cocos/audio/apple/AudioPlayer.h,1,2,3
649,/media/ullmann/HDDGabriel/engines/cocos2d-x/cocos/audio/android/AudioDecoderWav.h,2,1,3
650,/media/ullmann/HDDGabriel/engines/cocos2d-x/cocos/audio/android/audio_utils/primitives.c,0,3,3
1045,/media/ullmann/HDDGabriel/engines/cocos2d-x/cocos/audio/android/mp3reader.cpp,0,2,2
920,/media/ullmann/HDDGabriel/engines/cocos2d-x/cocos/scripting/lua-bindings/manual/audioengine/lua_cocos2dx_audioengine_manual.h,2,0,2
919,/media/ullmann/HDDGabriel/engines/cocos2d-x/cocos/audio/android/utils/Utils.cpp,0,2,2
161,/media/ullmann/HDDGabriel/engines/cocos2d-x/cocos/audio/win32/MciPlayer.cpp,0,2,2
113,/media/ullmann/HDDGabriel/engines/cocos2d-x/cocos/audio/apple/AudioMacros.h,2,0,2
1059,/media/ullmann/HDDGabriel/engines/cocos2d-x/cocos/audio/android/mp3reader.h,2,0,2
974,/media/ullmann/HDDGabriel/engines/cocos2d-x/cocos/audio/android/Track.cpp,0,2,2
977,/media/ullmann/HDDGabriel/engines/cocos2d-x/cocos/audio/android/PcmData.cpp,0,2,2
968,/media/ullmann/HDDGabriel/engines/cocos2d-x/cocos/audio/android/CCThreadPool.h,2,0,2
987,/media/ullmann/HDDGabriel/engines/cocos2d-x/cocos/audio/android/IVolumeProvider.h,1,1,2
988,/media/ullmann/HDDGabriel/engines/cocos2d-x/cocos/audio/android/audio_utils/include/audio_utils/minifloat.h,2,0,2
966,/media/ullmann/HDDGabriel/engines/cocos2d-x/cocos/audio/android/cutils/bitops.h,2,0,2
943,/media/ullmann/HDDGabriel/engines/cocos2d-x/cocos/audio/android/tinysndfile.h,2,0,2
947,/media/ullmann/HDDGabriel/engines/cocos2d-x/cocos/audio/android/utils/Errors.h,2,0,2
948,/media/ullmann/HDDGabriel/engines/cocos2d-x/cocos/audio/android/PcmBufferProvider.cpp,0,2,2
955,/media/ullmann/HDDGabriel/engines/cocos2d-x/cocos/audio/android/AudioMixerOps.h,1,1,2
847,/media/ullmann/HDDGabriel/engines/cocos2d-x/cocos/audio/android/audio_utils/include/audio_utils/format.h,1,1,2
715,/media/ullmann/HDDGabriel/engines/cocos2d-x/cocos/audio/win32/MciPlayer.h,1,1,2
457,/media/ullmann/HDDGabriel/engines/cocos2d-x/cocos/audio/android/AudioDecoderSLES.cpp,0,2,2
377,/media/ullmann/HDDGabriel/engines/cocos2d-x/cocos/audio/android/UrlAudioPlayer.cpp,0,2,2
834,/media/ullmann/HDDGabriel/engines/cocos2d-x/cocos/audio/android/AudioDecoderOgg.cpp,0,2,2
800,/media/ullmann/HDDGabriel/engines/cocos2d-x/cocos/audio/android/PcmAudioService.cpp,0,2,2
207,/media/ullmann/HDDGabriel/engines/cocos2d-x/cocos/audio/android/AssetFd.h,2,0,2
206,/media/ullmann/HDDGabriel/engines/cocos2d-x/cocos/audio/android/AssetFd.cpp,0,2,2
1047,/media/ullmann/HDDGabriel/engines/cocos2d-x/cocos/audio/android/AudioResamplerPublic.h,1,0,1
1070,/media/ullmann/HDDGabriel/engines/cocos2d-x/cocos/audio/android/audio_utils/private/private.h,1,0,1
1066,/media/ullmann/HDDGabriel/engines/cocos2d-x/cocos/audio/android/audio_utils/minifloat.cpp,0,1,1
658,/media/ullmann/HDDGabriel/engines/cocos2d-x/cocos/audio/android/ccdandroidUtils.h,1,0,1
999,/media/ullmann/HDDGabriel/engines/cocos2d-x/cocos/audio/include/Export.h,1,0,1
967,/media/ullmann/HDDGabriel/engines/cocos2d-x/cocos/audio/android/CCThreadPool.cpp,0,1,1
