edge,includes,includedby,sum
/media/ullmann/HDDGabriel/engines/cocos2d-x/cocos/editor-support/cocostudio/TriggerMng.cpp,0,5,5
/media/ullmann/HDDGabriel/engines/cocos2d-x/cocos/base/CCEventDispatcher.h,45,4,49
/media/ullmann/HDDGabriel/engines/cocos2d-x/cocos/3d/CCMeshVertexIndexData.cpp,0,13,13
/media/ullmann/HDDGabriel/engines/cocos2d-x/cocos/audio/android/AudioPlayerProvider.cpp,0,10,10
/media/ullmann/HDDGabriel/engines/cocos2d-x/cocos/audio/android/AudioDecoderProvider.h,2,1,3
/media/ullmann/HDDGabriel/engines/cocos2d-x/cocos/renderer/CCTextureUtils.h,3,1,4
/media/ullmann/HDDGabriel/engines/cocos2d-x/cocos/renderer/CCTexture2D.h,26,4,30
/media/ullmann/HDDGabriel/engines/cocos2d-x/cocos/scripting/lua-bindings/manual/ui/lua_cocos2dx_webview_manual.cpp,0,6,6
/media/ullmann/HDDGabriel/engines/cocos2d-x/cocos/scripting/lua-bindings/manual/CCLuaEngine.h,24,6,30
/media/ullmann/HDDGabriel/engines/cocos2d-x/cocos/editor-support/cocostudio/ActionTimeline/CCTimeLine.cpp,0,2,2
/media/ullmann/HDDGabriel/engines/cocos2d-x/cocos/editor-support/cocostudio/ActionTimeline/CCActionTimeline.h,13,4,17
/media/ullmann/HDDGabriel/engines/cocos2d-x/cocos/scripting/lua-bindings/auto/lua_cocos2dx_audioengine_auto.cpp,0,4,4
/media/ullmann/HDDGabriel/engines/cocos2d-x/cocos/scripting/lua-bindings/manual/tolua_fix.h,40,0,40
/media/ullmann/HDDGabriel/engines/cocos2d-x/cocos/scripting/lua-bindings/manual/spine/lua_cocos2dx_spine_manual.cpp,0,10,10
/media/ullmann/HDDGabriel/engines/cocos2d-x/cocos/scripting/lua-bindings/manual/spine/LuaSkeletonAnimation.h,2,1,3
/media/ullmann/HDDGabriel/engines/cocos2d-x/cocos/audio/win32/MciPlayer.cpp,0,2,2
/media/ullmann/HDDGabriel/engines/cocos2d-x/cocos/platform/CCFileUtils.h,121,7,128
/media/ullmann/HDDGabriel/engines/cocos2d-x/cocos/3d/CCAttachNode.cpp,0,2,2
/media/ullmann/HDDGabriel/engines/cocos2d-x/cocos/3d/CCAttachNode.h,3,2,5
/media/ullmann/HDDGabriel/engines/cocos2d-x/cocos/cocos2d.h,12,161,173
/media/ullmann/HDDGabriel/engines/cocos2d-x/cocos/physics/CCPhysicsJoint.h,5,3,8
/media/ullmann/HDDGabriel/engines/cocos2d-x/cocos/scripting/lua-bindings/auto/lua_cocos2dx_controller_auto.cpp,0,4,4
/media/ullmann/HDDGabriel/engines/cocos2d-x/cocos/scripting/lua-bindings/auto/lua_cocos2dx_controller_auto.hpp,1,1,2
/media/ullmann/HDDGabriel/engines/cocos2d-x/cocos/editor-support/cocostudio/CCActionNode.cpp,0,8,8
/media/ullmann/HDDGabriel/engines/cocos2d-x/cocos/editor-support/cocostudio/CCActionNode.h,3,3,6
/media/ullmann/HDDGabriel/engines/cocos2d-x/cocos/audio/win32/AudioPlayer.cpp,0,4,4
/media/ullmann/HDDGabriel/engines/cocos2d-x/cocos/base/CCEventDispatcher.cpp,0,13,13
/media/ullmann/HDDGabriel/engines/cocos2d-x/cocos/base/CCEventListenerKeyboard.h,8,2,10
/media/ullmann/HDDGabriel/engines/cocos2d-x/cocos/2d/CCAction.cpp,0,5,5
/media/ullmann/HDDGabriel/engines/cocos2d-x/cocos/2d/CCAction.h,7,3,10
/media/ullmann/HDDGabriel/engines/cocos2d-x/cocos/3d/CCVertexAttribBinding.cpp,0,6,6
/media/ullmann/HDDGabriel/engines/cocos2d-x/cocos/3d/CCVertexAttribBinding.h,4,5,9
/media/ullmann/HDDGabriel/engines/cocos2d-x/cocos/scripting/deprecated/CCDataVisitor.cpp,0,9,9
/media/ullmann/HDDGabriel/engines/cocos2d-x/cocos/scripting/deprecated/CCArray.h,10,4,14
/media/ullmann/HDDGabriel/engines/cocos2d-x/cocos/2d/CCFontFNT.cpp,0,9,9
/media/ullmann/HDDGabriel/engines/cocos2d-x/cocos/2d/CCFontAtlas.h,8,4,12
/media/ullmann/HDDGabriel/engines/cocos2d-x/cocos/base/CCVector.h,24,2,26
/media/ullmann/HDDGabriel/engines/cocos2d-x/cocos/scripting/lua-bindings/manual/cocos2d/lua_cocos2dx_manual.cpp,0,41,41
/media/ullmann/HDDGabriel/engines/cocos2d-x/cocos/2d/CCTMXTiledMap.h,9,3,12
/media/ullmann/HDDGabriel/engines/cocos2d-x/cocos/renderer/CCTrianglesCommand.cpp,0,4,4
/media/ullmann/HDDGabriel/engines/cocos2d-x/cocos/audio/android/AudioDecoderProvider.cpp,0,6,6
/media/ullmann/HDDGabriel/engines/cocos2d-x/cocos/2d/CCTransition.cpp,0,12,12
/media/ullmann/HDDGabriel/engines/cocos2d-x/cocos/2d/CCActionTiledGrid.h,4,1,5
/media/ullmann/HDDGabriel/engines/cocos2d-x/cocos/2d/CCCamera.cpp,0,7,7
/media/ullmann/HDDGabriel/engines/cocos2d-x/cocos/2d/CCScene.h,20,1,21
/media/ullmann/HDDGabriel/engines/cocos2d-x/cocos/editor-support/cocostudio/WidgetReader/GameMapReader/GameMapReader.cpp,0,7,7
/media/ullmann/HDDGabriel/engines/cocos2d-x/cocos/scripting/lua-bindings/manual/CCLuaStack.h,7,2,9
/media/ullmann/HDDGabriel/engines/cocos2d-x/cocos/renderer/CCTextureCache.cpp,0,10,10
/media/ullmann/HDDGabriel/engines/cocos2d-x/cocos/base/CCScheduler.h,23,3,26
/media/ullmann/HDDGabriel/engines/cocos2d-x/cocos/editor-support/spine/v4/SkeletonTwoColorBatch.cpp,0,4,4
/media/ullmann/HDDGabriel/engines/cocos2d-x/cocos/base/ccTypes.h,58,5,63
/media/ullmann/HDDGabriel/engines/cocos2d-x/cocos/scripting/lua-bindings/manual/CCLuaEngine.cpp,0,9,9
/media/ullmann/HDDGabriel/engines/cocos2d-x/cocos/2d/CCMenuItem.h,6,2,8
/media/ullmann/HDDGabriel/engines/cocos2d-x/cocos/audio/android/PcmAudioPlayer.cpp,0,4,4
/media/ullmann/HDDGabriel/engines/cocos2d-x/cocos/audio/android/ICallerThreadUtils.h,4,0,4
/media/ullmann/HDDGabriel/engines/cocos2d-x/cocos/platform/android/CCGLViewImpl-android.h,3,3,6
/media/ullmann/HDDGabriel/engines/cocos2d-x/cocos/math/CCGeometry.h,25,3,28
/media/ullmann/HDDGabriel/engines/cocos2d-x/cocos/physics/CCPhysicsWorld.cpp,0,11,11
/media/ullmann/HDDGabriel/engines/cocos2d-x/cocos/3d/CCMeshSkin.h,4,4,8
/media/ullmann/HDDGabriel/engines/cocos2d-x/cocos/base/CCRef.h,102,2,104
/media/ullmann/HDDGabriel/engines/cocos2d-x/cocos/base/CCProperties.cpp,0,10,10
/media/ullmann/HDDGabriel/engines/cocos2d-x/cocos/math/Vec4.h,6,2,8
/media/ullmann/HDDGabriel/engines/cocos2d-x/cocos/2d/CCNode.cpp,0,11,11
/media/ullmann/HDDGabriel/engines/cocos2d-x/cocos/2d/CCCamera.h,31,4,35
/media/ullmann/HDDGabriel/engines/cocos2d-x/cocos/physics/CCPhysicsContact.h,4,6,10
/media/ullmann/HDDGabriel/engines/cocos2d-x/cocos/base/CCEventCustom.h,20,1,21
/media/ullmann/HDDGabriel/engines/cocos2d-x/cocos/3d/CCSprite3DMaterial.cpp,0,10,10
/media/ullmann/HDDGabriel/engines/cocos2d-x/cocos/2d/CCActionCamera.h,5,2,7
/media/ullmann/HDDGabriel/engines/cocos2d-x/cocos/math/CCMath.h,29,5,34
/media/ullmann/HDDGabriel/engines/cocos2d-x/cocos/platform/CCApplication.h,9,6,15
/media/ullmann/HDDGabriel/engines/cocos2d-x/cocos/platform/CCPlatformConfig.h,28,0,28
/media/ullmann/HDDGabriel/engines/cocos2d-x/cocos/editor-support/cocostudio/CCComAttribute.cpp,0,2,2
/media/ullmann/HDDGabriel/engines/cocos2d-x/cocos/3d/CCRay.h,3,4,7
/media/ullmann/HDDGabriel/engines/cocos2d-x/cocos/3d/CCPlane.h,4,2,6
/media/ullmann/HDDGabriel/engines/cocos2d-x/cocos/renderer/ccShaders.cpp,0,41,41
/media/ullmann/HDDGabriel/engines/cocos2d-x/cocos/renderer/shaders/positionTextureUColor.frag,1,0,1
/media/ullmann/HDDGabriel/engines/cocos2d-x/cocos/2d/CCActionPageTurn3D.cpp,0,3,3
/media/ullmann/HDDGabriel/engines/cocos2d-x/cocos/2d/CCGrid.h,8,6,14
/media/ullmann/HDDGabriel/engines/cocos2d-x/cocos/3d/CCOBB.h,4,1,5
/media/ullmann/HDDGabriel/engines/cocos2d-x/cocos/3d/CCAABB.h,10,2,12
/media/ullmann/HDDGabriel/engines/cocos2d-x/cocos/scripting/lua-bindings/manual/network/lua_xml_http_request.cpp,0,7,7
/media/ullmann/HDDGabriel/engines/cocos2d-x/cocos/ui/CocosGUI.h,7,28,35
/media/ullmann/HDDGabriel/engines/cocos2d-x/cocos/ui/UIText.h,3,3,6
/media/ullmann/HDDGabriel/engines/cocos2d-x/cocos/2d/CCSprite.cpp,0,16,16
/media/ullmann/HDDGabriel/engines/cocos2d-x/cocos/platform/desktop/CCGLViewImpl-desktop.cpp,0,13,13
/media/ullmann/HDDGabriel/engines/cocos2d-x/cocos/renderer/CCRenderer.h,55,3,58
/media/ullmann/HDDGabriel/engines/cocos2d-x/cocos/audio/android/ccdandroidUtils.cpp,0,3,3
/media/ullmann/HDDGabriel/engines/cocos2d-x/cocos/audio/android/ccdandroidUtils.h,1,0,1
/media/ullmann/HDDGabriel/engines/cocos2d-x/cocos/2d/CCActionInterval.h,15,4,19
/media/ullmann/HDDGabriel/engines/cocos2d-x/cocos/editor-support/cocostudio/WidgetReader/ArmatureNodeReader/ArmatureNodeReader.cpp,0,6,6
/media/ullmann/HDDGabriel/engines/cocos2d-x/cocos/editor-support/cocostudio/WidgetReader/ArmatureNodeReader/ArmatureNodeReader.h,3,2,5
/media/ullmann/HDDGabriel/engines/cocos2d-x/cocos/2d/CCLabel.cpp,0,22,22
/media/ullmann/HDDGabriel/engines/cocos2d-x/cocos/2d/CCSpriteBatchNode.h,7,4,11
/media/ullmann/HDDGabriel/engines/cocos2d-x/cocos/editor-support/cocostudio/WidgetReader/NodeReader/NodeReader.h,15,3,18
/media/ullmann/HDDGabriel/engines/cocos2d-x/cocos/editor-support/cocostudio/CocosStudioExport.h,75,0,75
/media/ullmann/HDDGabriel/engines/cocos2d-x/cocos/renderer/backend/opengl/TextureGL.h,3,3,6
/media/ullmann/HDDGabriel/engines/cocos2d-x/cocos/base/CCEventListenerCustom.h,28,1,29
/media/ullmann/HDDGabriel/engines/cocos2d-x/cocos/platform/win32/CCUtils-win32.cpp,0,3,3
/media/ullmann/HDDGabriel/engines/cocos2d-x/cocos/platform/win32/CCUtils-win32.h,3,1,4
/media/ullmann/HDDGabriel/engines/cocos2d-x/cocos/renderer/CCTexture2D.cpp,0,17,17
/media/ullmann/HDDGabriel/engines/cocos2d-x/cocos/base/ccUTF8.h,56,2,58
/media/ullmann/HDDGabriel/engines/cocos2d-x/cocos/2d/CCActionTiledGrid.cpp,0,5,5
/media/ullmann/HDDGabriel/engines/cocos2d-x/cocos/2d/CCNodeGrid.h,7,3,10
/media/ullmann/HDDGabriel/engines/cocos2d-x/cocos/ui/UIButton.h,4,2,6
/media/ullmann/HDDGabriel/engines/cocos2d-x/cocos/ui/UIWidget.h,22,5,27
/media/ullmann/HDDGabriel/engines/cocos2d-x/cocos/3d/CCBundleReader.cpp,0,2,2
/media/ullmann/HDDGabriel/engines/cocos2d-x/cocos/2d/CCActionEase.h,5,2,7
/media/ullmann/HDDGabriel/engines/cocos2d-x/cocos/physics/CCPhysicsWorld.h,7,4,11
/media/ullmann/HDDGabriel/engines/cocos2d-x/cocos/physics/CCPhysicsBody.h,8,5,13
/media/ullmann/HDDGabriel/engines/cocos2d-x/cocos/editor-support/cocostudio/CCTween.cpp,0,6,6
/media/ullmann/HDDGabriel/engines/cocos2d-x/cocos/editor-support/cocostudio/CCArmatureAnimation.h,4,3,7
/media/ullmann/HDDGabriel/engines/cocos2d-x/cocos/ui/UIRichText.cpp,0,11,11
/media/ullmann/HDDGabriel/engines/cocos2d-x/cocos/ui/UIHelper.h,19,3,22
/media/ullmann/HDDGabriel/engines/cocos2d-x/cocos/scripting/lua-bindings/manual/LuaBasicConversions.h,36,16,52
/media/ullmann/HDDGabriel/engines/cocos2d-x/cocos/editor-support/cocostudio/CocosStudioExtension.h,11,1,12
/media/ullmann/HDDGabriel/engines/cocos2d-x/cocos/scripting/lua-bindings/manual/CCLuaStack.cpp,0,17,17
/media/ullmann/HDDGabriel/engines/cocos2d-x/cocos/scripting/lua-bindings/manual/Cocos2dxLuaLoader.h,2,0,2
/media/ullmann/HDDGabriel/engines/cocos2d-x/cocos/ui/UIWidget.cpp,0,13,13
/media/ullmann/HDDGabriel/engines/cocos2d-x/cocos/ui/UILayoutComponent.h,6,2,8
/media/ullmann/HDDGabriel/engines/cocos2d-x/cocos/2d/CCNode.h,58,9,67
/media/ullmann/HDDGabriel/engines/cocos2d-x/cocos/renderer/shaders/positionColorLengthTexture.frag,1,0,1
/media/ullmann/HDDGabriel/engines/cocos2d-x/cocos/base/ccUtils.h,57,5,62
/media/ullmann/HDDGabriel/engines/cocos2d-x/cocos/base/CCData.h,17,2,19
/media/ullmann/HDDGabriel/engines/cocos2d-x/cocos/platform/CCFileUtils.cpp,0,5,5
/media/ullmann/HDDGabriel/engines/cocos2d-x/cocos/base/ccMacros.h,75,4,79
/media/ullmann/HDDGabriel/engines/cocos2d-x/cocos/platform/mac/CCApplication-mac.h,1,2,3
/media/ullmann/HDDGabriel/engines/cocos2d-x/cocos/platform/CCApplicationProtocol.h,6,3,9
/media/ullmann/HDDGabriel/engines/cocos2d-x/cocos/renderer/backend/opengl/ProgramGL.cpp,0,8,8
/media/ullmann/HDDGabriel/engines/cocos2d-x/cocos/renderer/backend/opengl/ShaderModuleGL.h,4,2,6
/media/ullmann/HDDGabriel/engines/cocos2d-x/cocos/ui/UIWebView/UIWebView.cpp,0,2,2
/media/ullmann/HDDGabriel/engines/cocos2d-x/cocos/ui/UIWebView/UIWebView-inl.h,1,4,5
/media/ullmann/HDDGabriel/engines/cocos2d-x/cocos/2d/CCActionCatmullRom.h,5,2,7
/media/ullmann/HDDGabriel/engines/cocos2d-x/cocos/2d/CCLabel.h,20,5,25
/media/ullmann/HDDGabriel/engines/cocos2d-x/cocos/editor-support/cocostudio/WidgetReader/ProjectNodeReader/ProjectNodeReader.h,4,3,7
/media/ullmann/HDDGabriel/engines/cocos2d-x/cocos/editor-support/cocostudio/WidgetReader/SkeletonReader/BoneNodeReader.cpp,0,6,6
/media/ullmann/HDDGabriel/engines/cocos2d-x/cocos/base/CCUserDefault.h,6,2,8
/media/ullmann/HDDGabriel/engines/cocos2d-x/cocos/platform/android/CCFileUtils-android.cpp,0,5,5
/media/ullmann/HDDGabriel/engines/cocos2d-x/cocos/platform/android/jni/JniHelper.h,24,2,26
/media/ullmann/HDDGabriel/engines/cocos2d-x/cocos/scripting/lua-bindings/auto/lua_cocos2dx_auto.hpp,2,1,3
/media/ullmann/HDDGabriel/engines/cocos2d-x/cocos/base/ccConfig.h,48,1,49
/media/ullmann/HDDGabriel/engines/cocos2d-x/cocos/2d/CCSprite.h,35,7,42
/media/ullmann/HDDGabriel/engines/cocos2d-x/cocos/2d/CCDrawNode.h,8,4,12
/media/ullmann/HDDGabriel/engines/cocos2d-x/cocos/3d/CCTerrain.h,3,13,16
/media/ullmann/HDDGabriel/engines/cocos2d-x/cocos/renderer/backend/Types.h,38,1,39
/media/ullmann/HDDGabriel/engines/cocos2d-x/cocos/editor-support/cocostudio/CCDatas.h,14,8,22
/media/ullmann/HDDGabriel/engines/cocos2d-x/cocos/2d/CCTweenFunction.h,8,1,9
/media/ullmann/HDDGabriel/engines/cocos2d-x/cocos/physics/CCPhysicsShape.h,6,3,9
/media/ullmann/HDDGabriel/engines/cocos2d-x/cocos/scripting/lua-bindings/auto/lua_cocos2dx_studio_auto.cpp,0,6,6
/media/ullmann/HDDGabriel/engines/cocos2d-x/cocos/editor-support/cocostudio/CocoStudio.h,10,41,51
/media/ullmann/HDDGabriel/engines/cocos2d-x/cocos/renderer/backend/opengl/CommandBufferGL.h,2,4,6
/media/ullmann/HDDGabriel/engines/cocos2d-x/cocos/renderer/backend/CommandBuffer.h,4,6,10
/media/ullmann/HDDGabriel/engines/cocos2d-x/cocos/audio/android/AudioResampler.cpp,0,5,5
/media/ullmann/HDDGabriel/engines/cocos2d-x/cocos/audio/android/AudioResamplerCubic.h,2,2,4
/media/ullmann/HDDGabriel/engines/cocos2d-x/cocos/base/CCDirector.cpp,0,29,29
/media/ullmann/HDDGabriel/engines/cocos2d-x/cocos/renderer/backend/ProgramState.cpp,0,8,8
/media/ullmann/HDDGabriel/engines/cocos2d-x/cocos/base/CCEventType.h,21,0,21
/media/ullmann/HDDGabriel/engines/cocos2d-x/cocos/scripting/lua-bindings/manual/cocos2d/lua_cocos2dx_physics_manual.cpp,0,6,6
/media/ullmann/HDDGabriel/engines/cocos2d-x/cocos/3d/CCSprite3D.cpp,0,21,21
/media/ullmann/HDDGabriel/engines/cocos2d-x/cocos/renderer/CCTechnique.h,10,4,14
/media/ullmann/HDDGabriel/engines/cocos2d-x/cocos/platform/CCPlatformMacros.h,84,3,87
/media/ullmann/HDDGabriel/engines/cocos2d-x/cocos/3d/CCAnimation3D.cpp,0,3,3
/media/ullmann/HDDGabriel/engines/cocos2d-x/cocos/3d/CCBundle3D.h,8,3,11
/media/ullmann/HDDGabriel/engines/cocos2d-x/cocos/platform/android/CCGLViewImpl-android.cpp,0,4,4
/media/ullmann/HDDGabriel/engines/cocos2d-x/cocos/base/CCDirector.h,136,6,142
/media/ullmann/HDDGabriel/engines/cocos2d-x/cocos/editor-support/cocostudio/CCArmature.h,11,8,19
/media/ullmann/HDDGabriel/engines/cocos2d-x/cocos/ui/UISlider.h,3,2,5
/media/ullmann/HDDGabriel/engines/cocos2d-x/cocos/editor-support/cocostudio/CCComAttribute.h,2,4,6
/media/ullmann/HDDGabriel/engines/cocos2d-x/cocos/scripting/lua-bindings/auto/lua_cocos2dx_physics_auto.cpp,0,4,4
/media/ullmann/HDDGabriel/engines/cocos2d-x/cocos/editor-support/cocostudio/CCComRender.cpp,0,6,6
/media/ullmann/HDDGabriel/engines/cocos2d-x/cocos/editor-support/cocostudio/CCComRender.h,2,3,5
/media/ullmann/HDDGabriel/engines/cocos2d-x/cocos/2d/CCSpriteFrameCache.cpp,0,12,12
/media/ullmann/HDDGabriel/engines/cocos2d-x/cocos/editor-support/cocostudio/CCSGUIReader.cpp,0,21,21
/media/ullmann/HDDGabriel/engines/cocos2d-x/cocos/editor-support/cocostudio/WidgetReader/LayoutReader/LayoutReader.h,7,2,9
/media/ullmann/HDDGabriel/engines/cocos2d-x/cocos/scripting/lua-bindings/manual/extension/lua_cocos2dx_extension_manual.h,3,0,3
/media/ullmann/HDDGabriel/engines/cocos2d-x/cocos/scripting/deprecated/CCDeprecated.h,2,53,55
/media/ullmann/HDDGabriel/engines/cocos2d-x/cocos/2d/CCAtlasNode.h,6,4,10
/media/ullmann/HDDGabriel/engines/cocos2d-x/cocos/math/Mat4.cpp,0,4,4
/media/ullmann/HDDGabriel/engines/cocos2d-x/cocos/editor-support/cocostudio/WidgetReader/SkeletonReader/SkeletonNodeReader.cpp,0,5,5
/media/ullmann/HDDGabriel/engines/cocos2d-x/cocos/editor-support/cocostudio/WidgetReader/SkeletonReader/CSBoneBinary_generated.h,2,0,2
/media/ullmann/HDDGabriel/engines/cocos2d-x/cocos/base/CCConfiguration.h,22,3,25
/media/ullmann/HDDGabriel/engines/cocos2d-x/cocos/renderer/CCMaterial.cpp,0,10,10
/media/ullmann/HDDGabriel/engines/cocos2d-x/cocos/renderer/backend/ProgramState.h,31,6,37
/media/ullmann/HDDGabriel/engines/cocos2d-x/cocos/renderer/backend/Program.h,10,5,15
/media/ullmann/HDDGabriel/engines/cocos2d-x/cocos/2d/CCParticleSystem.cpp,0,11,11
/media/ullmann/HDDGabriel/engines/cocos2d-x/cocos/2d/CCParticleSystem.h,5,3,8
/media/ullmann/HDDGabriel/engines/cocos2d-x/cocos/base/CCData.cpp,0,2,2
/media/ullmann/HDDGabriel/engines/cocos2d-x/cocos/platform/win32/CCFileUtils-win32.h,1,3,4
/media/ullmann/HDDGabriel/engines/cocos2d-x/cocos/math/CCAffineTransform.cpp,0,1,1
/media/ullmann/HDDGabriel/engines/cocos2d-x/cocos/math/CCAffineTransform.h,7,3,10
/media/ullmann/HDDGabriel/engines/cocos2d-x/cocos/renderer/CCTextureAtlas.h,13,3,16
/media/ullmann/HDDGabriel/engines/cocos2d-x/cocos/ui/UIButton.cpp,0,8,8
/media/ullmann/HDDGabriel/engines/cocos2d-x/cocos/ui/UIScale9Sprite.h,9,6,15
/media/ullmann/HDDGabriel/engines/cocos2d-x/cocos/audio/android/AudioEngine-inl.cpp,0,16,16
/media/ullmann/HDDGabriel/engines/cocos2d-x/cocos/navmesh/CCNavMeshDebugDraw.h,2,9,11
/media/ullmann/HDDGabriel/engines/cocos2d-x/cocos/base/CCUserDefault-android.cpp,0,7,7
/media/ullmann/HDDGabriel/engines/cocos2d-x/cocos/3d/CCSkeleton3D.h,7,3,10
/media/ullmann/HDDGabriel/engines/cocos2d-x/cocos/physics3d/CCPhysics3DWorld.h,3,3,6
/media/ullmann/HDDGabriel/engines/cocos2d-x/cocos/editor-support/cocostudio/WidgetReader/GameNode3DReader/GameNode3DReader.cpp,0,7,7
/media/ullmann/HDDGabriel/engines/cocos2d-x/cocos/editor-support/cocostudio/FlatBuffersSerialize.h,21,3,24
/media/ullmann/HDDGabriel/engines/cocos2d-x/cocos/base/CCConsole.cpp,0,11,11
/media/ullmann/HDDGabriel/engines/cocos2d-x/cocos/ui/UIScale9Sprite.cpp,0,12,12
/media/ullmann/HDDGabriel/engines/cocos2d-x/cocos/editor-support/cocostudio/WidgetReader/TextReader/TextReader.cpp,0,6,6
/media/ullmann/HDDGabriel/engines/cocos2d-x/cocos/ui/UILoadingBar.cpp,0,5,5
/media/ullmann/HDDGabriel/engines/cocos2d-x/cocos/ui/UILoadingBar.h,3,2,5
/media/ullmann/HDDGabriel/engines/cocos2d-x/cocos/editor-support/cocostudio/CCBone.h,9,8,17
/media/ullmann/HDDGabriel/engines/cocos2d-x/cocos/editor-support/cocostudio/WidgetReader/ButtonReader/ButtonReader.cpp,0,9,9
/media/ullmann/HDDGabriel/engines/cocos2d-x/cocos/platform/CCGL.h,12,4,16
/media/ullmann/HDDGabriel/engines/cocos2d-x/cocos/editor-support/cocostudio/WidgetReader/TextFieldReader/TextFieldReader.h,5,2,7
/media/ullmann/HDDGabriel/engines/cocos2d-x/cocos/2d/CCTMXXMLParser.cpp,0,6,6
/media/ullmann/HDDGabriel/engines/cocos2d-x/cocos/base/base64.h,8,1,9
/media/ullmann/HDDGabriel/engines/cocos2d-x/cocos/physics3d/CCPhysics3DComponent.cpp,0,3,3
/media/ullmann/HDDGabriel/engines/cocos2d-x/cocos/2d/CCParticleBatchNode.cpp,0,13,13
/media/ullmann/HDDGabriel/engines/cocos2d-x/cocos/renderer/ccShaders.h,35,1,36
/media/ullmann/HDDGabriel/engines/cocos2d-x/cocos/scripting/deprecated/CCDeprecated.cpp,0,6,6
/media/ullmann/HDDGabriel/engines/cocos2d-x/cocos/math/Vec2.h,10,2,12
/media/ullmann/HDDGabriel/engines/cocos2d-x/cocos/audio/android/cutils/log.h,12,0,12
/media/ullmann/HDDGabriel/engines/cocos2d-x/cocos/3d/CCMotionStreak3D.cpp,0,10,10
/media/ullmann/HDDGabriel/engines/cocos2d-x/cocos/3d/CCBundle3DData.h,9,6,15
/media/ullmann/HDDGabriel/engines/cocos2d-x/cocos/network/HttpClient.h,4,5,9
/media/ullmann/HDDGabriel/engines/cocos2d-x/cocos/network/HttpCookie.h,2,0,2
/media/ullmann/HDDGabriel/engines/cocos2d-x/cocos/base/CCEventListenerController.h,4,2,6
/media/ullmann/HDDGabriel/engines/cocos2d-x/cocos/editor-support/cocostudio/ActionTimeline/CCFrame.cpp,0,5,5
/media/ullmann/HDDGabriel/engines/cocos2d-x/cocos/2d/CCSpriteFrame.h,13,4,17
/media/ullmann/HDDGabriel/engines/cocos2d-x/cocos/scripting/lua-bindings/manual/lua_module_register.cpp,0,10,10
/media/ullmann/HDDGabriel/engines/cocos2d-x/cocos/scripting/lua-bindings/manual/navmesh/lua_cocos2dx_navmesh_manual.h,2,0,2
/media/ullmann/HDDGabriel/engines/cocos2d-x/cocos/renderer/backend/ShaderModule.h,5,3,8
/media/ullmann/HDDGabriel/engines/cocos2d-x/cocos/renderer/backend/Macros.h,18,0,18
/media/ullmann/HDDGabriel/engines/cocos2d-x/cocos/scripting/lua-bindings/manual/network/lua_cocos2dx_network_manual.cpp,0,6,6
/media/ullmann/HDDGabriel/engines/cocos2d-x/cocos/scripting/lua-bindings/manual/network/lua_downloader.h,2,0,2
/media/ullmann/HDDGabriel/engines/cocos2d-x/cocos/renderer/shaders/positionTexture.vert,1,0,1
/media/ullmann/HDDGabriel/engines/cocos2d-x/cocos/platform/android/javaactivity-android.cpp,0,9,9
/media/ullmann/HDDGabriel/engines/cocos2d-x/cocos/editor-support/cocostudio/ActionTimeline/CCSkeletonNode.h,4,5,9
/media/ullmann/HDDGabriel/engines/cocos2d-x/cocos/editor-support/cocostudio/ActionTimeline/CCTimelineMacro.h,7,0,7
/media/ullmann/HDDGabriel/engines/cocos2d-x/cocos/scripting/lua-bindings/manual/navmesh/lua_cocos2dx_navmesh_conversions.cpp,0,4,4
/media/ullmann/HDDGabriel/engines/cocos2d-x/cocos/navmesh/CCNavMeshAgent.h,3,4,7
/media/ullmann/HDDGabriel/engines/cocos2d-x/cocos/base/ccUtils.cpp,0,16,16
/media/ullmann/HDDGabriel/engines/cocos2d-x/cocos/platform/CCImage.h,13,2,15
/media/ullmann/HDDGabriel/engines/cocos2d-x/cocos/network/WebSocket.cpp,0,7,7
/media/ullmann/HDDGabriel/engines/cocos2d-x/cocos/network/WebSocket.h,3,2,5
/media/ullmann/HDDGabriel/engines/cocos2d-x/cocos/3d/CCBundle3D.cpp,0,6,6
/media/ullmann/HDDGabriel/engines/cocos2d-x/cocos/base/CCTouch.cpp,0,2,2
/media/ullmann/HDDGabriel/engines/cocos2d-x/cocos/editor-support/cocostudio/WidgetReader/GameNode3DReader/GameNode3DReader.h,3,4,7
/media/ullmann/HDDGabriel/engines/cocos2d-x/cocos/base/CCEventCustom.cpp,0,2,2
/media/ullmann/HDDGabriel/engines/cocos2d-x/cocos/editor-support/cocostudio/ActionTimeline/CSLoader.cpp,0,49,49
/media/ullmann/HDDGabriel/engines/cocos2d-x/cocos/editor-support/cocostudio/WidgetReader/TextAtlasReader/TextAtlasReader.h,5,2,7
/media/ullmann/HDDGabriel/engines/cocos2d-x/cocos/2d/CCFontAtlas.cpp,0,8,8
/media/ullmann/HDDGabriel/engines/cocos2d-x/cocos/platform/android/CCApplication-android.cpp,0,4,4
/media/ullmann/HDDGabriel/engines/cocos2d-x/cocos/ui/UITextAtlas.h,3,2,5
/media/ullmann/HDDGabriel/engines/cocos2d-x/cocos/2d/CCTextFieldTTF.cpp,0,5,5
/media/ullmann/HDDGabriel/engines/cocos2d-x/cocos/2d/CCAutoPolygon.h,5,2,7
/media/ullmann/HDDGabriel/engines/cocos2d-x/cocos/editor-support/cocostudio/ActionTimeline/CCActionTimelineCache.cpp,0,11,11
/media/ullmann/HDDGabriel/engines/cocos2d-x/cocos/2d/CCSpriteFrame.cpp,0,4,4
/media/ullmann/HDDGabriel/engines/cocos2d-x/cocos/renderer/CCTextureCache.h,29,3,32
/media/ullmann/HDDGabriel/engines/cocos2d-x/cocos/2d/CCRenderTexture.h,6,7,13
/media/ullmann/HDDGabriel/engines/cocos2d-x/cocos/2d/CCFontAtlasCache.h,4,1,5
/media/ullmann/HDDGabriel/engines/cocos2d-x/cocos/3d/CCSkeleton3D.cpp,0,1,1
/media/ullmann/HDDGabriel/engines/cocos2d-x/cocos/2d/CCFastTMXLayer.cpp,0,13,13
/media/ullmann/HDDGabriel/engines/cocos2d-x/cocos/ui/UIScrollView.h,6,2,8
/media/ullmann/HDDGabriel/engines/cocos2d-x/cocos/3d/CCMesh.h,5,7,12
/media/ullmann/HDDGabriel/engines/cocos2d-x/cocos/editor-support/cocostudio/CCComAudio.h,3,4,7
/media/ullmann/HDDGabriel/engines/cocos2d-x/cocos/base/CCProtocols.h,16,2,18
/media/ullmann/HDDGabriel/engines/cocos2d-x/cocos/editor-support/cocostudio/CCArmatureDefine.h,20,0,20
/media/ullmann/HDDGabriel/engines/cocos2d-x/cocos/renderer/backend/opengl/TextureGL.cpp,0,8,8
/media/ullmann/HDDGabriel/engines/cocos2d-x/cocos/scripting/deprecated/CCDouble.h,5,2,7
/media/ullmann/HDDGabriel/engines/cocos2d-x/cocos/2d/CCActionInterval.cpp,0,10,10
/media/ullmann/HDDGabriel/engines/cocos2d-x/cocos/2d/CCClippingRectangleNode.cpp,0,5,5
/media/ullmann/HDDGabriel/engines/cocos2d-x/cocos/platform/CCGLView.h,11,2,13
/media/ullmann/HDDGabriel/engines/cocos2d-x/cocos/ui/UIPageViewIndicator.h,2,2,4
/media/ullmann/HDDGabriel/engines/cocos2d-x/cocos/audio/linux/AudioEngine-linux.h,2,3,5
/media/ullmann/HDDGabriel/engines/cocos2d-x/cocos/scripting/lua-bindings/auto/lua_cocos2dx_3d_auto.cpp,0,5,5
/media/ullmann/HDDGabriel/engines/cocos2d-x/cocos/3d/CCSprite3D.h,6,9,15
/media/ullmann/HDDGabriel/engines/cocos2d-x/cocos/2d/CCMenu.h,4,3,7
/media/ullmann/HDDGabriel/engines/cocos2d-x/cocos/renderer/CCTextureAtlas.cpp,0,11,11
/media/ullmann/HDDGabriel/engines/cocos2d-x/cocos/2d/CCCameraBackgroundBrush.cpp,0,15,15
/media/ullmann/HDDGabriel/engines/cocos2d-x/cocos/3d/CCSprite3DMaterial.h,4,4,8
/media/ullmann/HDDGabriel/engines/cocos2d-x/cocos/editor-support/cocostudio/CCDataReaderHelper.h,4,5,9
/media/ullmann/HDDGabriel/engines/cocos2d-x/cocos/2d/CCFontAtlasCache.cpp,0,8,8
/media/ullmann/HDDGabriel/engines/cocos2d-x/cocos/physics3d/CCPhysics3D.h,10,9,19
/media/ullmann/HDDGabriel/engines/cocos2d-x/cocos/physics3d/CCPhysics3DConstraint.h,1,3,4
/media/ullmann/HDDGabriel/engines/cocos2d-x/cocos/math/Vec3.h,13,2,15
/media/ullmann/HDDGabriel/engines/cocos2d-x/cocos/editor-support/cocostudio/FlatBuffersSerialize.cpp,0,30,30
/media/ullmann/HDDGabriel/engines/cocos2d-x/cocos/editor-support/cocostudio/WidgetReader/SpriteReader/SpriteReader.h,4,3,7
/media/ullmann/HDDGabriel/engines/cocos2d-x/cocos/editor-support/cocostudio/WidgetReader/TextBMFontReader/TextBMFontReader.cpp,0,7,7
/media/ullmann/HDDGabriel/engines/cocos2d-x/cocos/editor-support/cocostudio/CocoLoader.h,21,1,22
/media/ullmann/HDDGabriel/engines/cocos2d-x/cocos/scripting/lua-bindings/manual/cocostudio/lua_cocos2dx_coco_studio_manual.cpp,0,11,11
/media/ullmann/HDDGabriel/engines/cocos2d-x/cocos/platform/ios/CCApplication-ios.h,1,2,3
/media/ullmann/HDDGabriel/engines/cocos2d-x/cocos/platform/CCCommon.h,23,1,24
/media/ullmann/HDDGabriel/engines/cocos2d-x/cocos/scripting/lua-bindings/manual/CCComponentLua.cpp,0,5,5
/media/ullmann/HDDGabriel/engines/cocos2d-x/cocos/scripting/lua-bindings/manual/3d/lua_cocos2dx_3d_manual.cpp,0,7,7
/media/ullmann/HDDGabriel/engines/cocos2d-x/cocos/scripting/lua-bindings/auto/lua_cocos2dx_3d_auto.hpp,2,1,3
/media/ullmann/HDDGabriel/engines/cocos2d-x/cocos/editor-support/cocostudio/CCInputDelegate.cpp,0,7,7
/media/ullmann/HDDGabriel/engines/cocos2d-x/cocos/base/CCEventListenerAcceleration.h,6,2,8
/media/ullmann/HDDGabriel/engines/cocos2d-x/cocos/editor-support/cocostudio/CCDisplayManager.h,4,4,8
/media/ullmann/HDDGabriel/engines/cocos2d-x/cocos/audio/linux/AudioEngine-linux.cpp,0,4,4
/media/ullmann/HDDGabriel/engines/cocos2d-x/cocos/2d/CCCameraBackgroundBrush.h,4,8,12
/media/ullmann/HDDGabriel/engines/cocos2d-x/cocos/3d/CCFrustum.h,4,5,9
/media/ullmann/HDDGabriel/engines/cocos2d-x/cocos/editor-support/cocostudio/WidgetReader/SpriteReader/SpriteReader.cpp,0,8,8
/media/ullmann/HDDGabriel/engines/cocos2d-x/cocos/2d/CCSpriteFrameCache.h,28,4,32
/media/ullmann/HDDGabriel/engines/cocos2d-x/cocos/renderer/backend/metal/BufferMTL.h,0,1,1
/media/ullmann/HDDGabriel/engines/cocos2d-x/cocos/renderer/backend/Buffer.h,11,3,14
/media/ullmann/HDDGabriel/engines/cocos2d-x/cocos/3d/CC3DProgramInfo.h,7,2,9
/media/ullmann/HDDGabriel/engines/cocos2d-x/cocos/editor-support/cocostudio/WidgetReader/PageViewReader/PageViewReader.cpp,0,8,8
/media/ullmann/HDDGabriel/engines/cocos2d-x/cocos/2d/CCActionGrid.h,7,2,9
/media/ullmann/HDDGabriel/engines/cocos2d-x/cocos/2d/CCComponent.h,17,2,19
/media/ullmann/HDDGabriel/engines/cocos2d-x/cocos/editor-support/cocostudio/CocoStudio.cpp,0,26,26
/media/ullmann/HDDGabriel/engines/cocos2d-x/cocos/editor-support/cocostudio/WidgetReader/Node3DReader/Node3DReader.h,7,4,11
/media/ullmann/HDDGabriel/engines/cocos2d-x/cocos/editor-support/cocostudio/WidgetReader/ImageViewReader/ImageViewReader.h,5,2,7
/media/ullmann/HDDGabriel/engines/cocos2d-x/cocos/scripting/lua-bindings/manual/ui/lua_cocos2dx_ui_manual.cpp,0,13,13
/media/ullmann/HDDGabriel/engines/cocos2d-x/cocos/scripting/lua-bindings/auto/lua_cocos2dx_webview_auto.hpp,2,1,3
/media/ullmann/HDDGabriel/engines/cocos2d-x/cocos/audio/apple/AudioCache.h,1,2,3
/media/ullmann/HDDGabriel/engines/cocos2d-x/cocos/editor-support/cocostudio/WidgetReader/Sprite3DReader/Sprite3DReader.cpp,0,10,10
/media/ullmann/HDDGabriel/engines/cocos2d-x/cocos/base/CCScriptSupport.h,13,5,18
/media/ullmann/HDDGabriel/engines/cocos2d-x/cocos/editor-support/cocostudio/WidgetReader/SliderReader/SliderReader.cpp,0,7,7
/media/ullmann/HDDGabriel/engines/cocos2d-x/cocos/editor-support/cocostudio/CSParseBinary_generated.h,34,0,34
/media/ullmann/HDDGabriel/engines/cocos2d-x/cocos/renderer/backend/opengl/DeviceGL.h,1,1,2
/media/ullmann/HDDGabriel/engines/cocos2d-x/cocos/renderer/backend/Device.h,24,10,34
/media/ullmann/HDDGabriel/engines/cocos2d-x/cocos/audio/android/AudioResampler.h,5,2,7
/media/ullmann/HDDGabriel/engines/cocos2d-x/cocos/audio/android/audio.h,5,1,6
/media/ullmann/HDDGabriel/engines/cocos2d-x/cocos/renderer/backend/opengl/RenderPipelineGL.h,3,3,6
/media/ullmann/HDDGabriel/engines/cocos2d-x/cocos/renderer/backend/RenderPipeline.h,3,5,8
/media/ullmann/HDDGabriel/engines/cocos2d-x/cocos/base/CCNS.cpp,0,2,2
/media/ullmann/HDDGabriel/engines/cocos2d-x/cocos/3d/CCTerrain.cpp,0,12,12
/media/ullmann/HDDGabriel/engines/cocos2d-x/cocos/audio/android/PcmAudioService.h,2,3,5
/media/ullmann/HDDGabriel/engines/cocos2d-x/cocos/audio/android/PcmData.h,6,0,6
/media/ullmann/HDDGabriel/engines/cocos2d-x/cocos/ui/UITextField.h,3,3,6
/media/ullmann/HDDGabriel/engines/cocos2d-x/cocos/ui/GUIExport.h,27,0,27
/media/ullmann/HDDGabriel/engines/cocos2d-x/cocos/scripting/lua-bindings/manual/controller/lua_cocos2dx_controller_manual.cpp,0,7,7
/media/ullmann/HDDGabriel/engines/cocos2d-x/cocos/scripting/lua-bindings/manual/controller/lua_cocos2dx_controller_manual.hpp,1,0,1
/media/ullmann/HDDGabriel/engines/cocos2d-x/cocos/audio/android/AudioMixerController.h,4,1,5
/media/ullmann/HDDGabriel/engines/cocos2d-x/cocos/base/CCProfiling.cpp,0,1,1
/media/ullmann/HDDGabriel/engines/cocos2d-x/cocos/base/CCProfiling.h,5,3,8
/media/ullmann/HDDGabriel/engines/cocos2d-x/cocos/renderer/CCTrianglesCommand.h,7,2,9
/media/ullmann/HDDGabriel/engines/cocos2d-x/cocos/ui/UIEditBox/UIEditBoxImpl-common.cpp,0,5,5
/media/ullmann/HDDGabriel/engines/cocos2d-x/cocos/ui/UIEditBox/UIEditBoxImpl-common.h,6,3,9
/media/ullmann/HDDGabriel/engines/cocos2d-x/cocos/editor-support/cocostudio/WidgetReader/Light3DReader/Light3DReader.h,2,3,5
/media/ullmann/HDDGabriel/engines/cocos2d-x/cocos/platform/linux/CCFileUtils-linux.cpp,0,5,5
/media/ullmann/HDDGabriel/engines/cocos2d-x/cocos/platform/linux/CCFileUtils-linux.h,1,3,4
/media/ullmann/HDDGabriel/engines/cocos2d-x/cocos/renderer/backend/opengl/ShaderModuleGL.cpp,0,3,3
/media/ullmann/HDDGabriel/engines/cocos2d-x/cocos/2d/CCProgressTimer.cpp,0,9,9
/media/ullmann/HDDGabriel/engines/cocos2d-x/cocos/scripting/lua-bindings/manual/cocos2d/LuaScriptHandlerMgr.cpp,0,5,5
/media/ullmann/HDDGabriel/engines/cocos2d-x/cocos/scripting/lua-bindings/manual/cocos2d/LuaScriptHandlerMgr.h,14,3,17
/media/ullmann/HDDGabriel/engines/cocos2d-x/cocos/ui/UIRichText.h,2,3,5
/media/ullmann/HDDGabriel/engines/cocos2d-x/cocos/2d/CCTextFieldTTF.h,4,2,6
/media/ullmann/HDDGabriel/engines/cocos2d-x/cocos/editor-support/cocostudio/WidgetCallBackHandlerProtocol.cpp,0,1,1
/media/ullmann/HDDGabriel/engines/cocos2d-x/cocos/editor-support/cocostudio/WidgetCallBackHandlerProtocol.h,2,2,4
/media/ullmann/HDDGabriel/engines/cocos2d-x/cocos/editor-support/cocostudio/ActionTimeline/CCBoneNode.h,4,6,10
/media/ullmann/HDDGabriel/engines/cocos2d-x/cocos/physics/CCPhysicsJoint.cpp,0,5,5
/media/ullmann/HDDGabriel/engines/cocos2d-x/cocos/physics/CCPhysicsHelper.h,5,3,8
/media/ullmann/HDDGabriel/engines/cocos2d-x/cocos/scripting/lua-bindings/manual/CCLuaBridge.h,2,1,3
/media/ullmann/HDDGabriel/engines/cocos2d-x/cocos/2d/CCDrawNode.cpp,0,12,12
/media/ullmann/HDDGabriel/engines/cocos2d-x/cocos/renderer/CCRenderState.h,16,7,23
/media/ullmann/HDDGabriel/engines/cocos2d-x/cocos/renderer/CCPass.cpp,0,12,12
/media/ullmann/HDDGabriel/engines/cocos2d-x/cocos/renderer/CCCustomCommand.h,31,1,32
/media/ullmann/HDDGabriel/engines/cocos2d-x/cocos/ui/UILayoutParameter.cpp,0,2,2
/media/ullmann/HDDGabriel/engines/cocos2d-x/cocos/ui/UILayout.h,14,5,19
/media/ullmann/HDDGabriel/engines/cocos2d-x/cocos/2d/CCGrid.cpp,0,10,10
/media/ullmann/HDDGabriel/engines/cocos2d-x/cocos/base/CCEventListener.h,10,2,12
/media/ullmann/HDDGabriel/engines/cocos2d-x/cocos/2d/CCProtectedNode.cpp,0,3,3
/media/ullmann/HDDGabriel/engines/cocos2d-x/cocos/scripting/lua-bindings/auto/lua_cocos2dx_ui_auto.cpp,0,4,4
/media/ullmann/HDDGabriel/engines/cocos2d-x/cocos/scripting/lua-bindings/auto/lua_cocos2dx_ui_auto.hpp,2,1,3
/media/ullmann/HDDGabriel/engines/cocos2d-x/cocos/renderer/CCTechnique.cpp,0,3,3
/media/ullmann/HDDGabriel/engines/cocos2d-x/cocos/renderer/CCPass.h,13,5,18
/media/ullmann/HDDGabriel/engines/cocos2d-x/cocos/editor-support/cocostudio/WidgetReader/ScrollViewReader/ScrollViewReader.cpp,0,7,7
/media/ullmann/HDDGabriel/engines/cocos2d-x/cocos/base/CCAutoreleasePool.h,5,1,6
/media/ullmann/HDDGabriel/engines/cocos2d-x/cocos/renderer/CCCallbackCommand.h,13,1,14
/media/ullmann/HDDGabriel/engines/cocos2d-x/cocos/scripting/lua-bindings/manual/cocostudio/lua_cocos2dx_coco_studio_manual.hpp,3,1,4
/media/ullmann/HDDGabriel/engines/cocos2d-x/cocos/audio/win32/AudioEngine-win32.h,2,3,5
/media/ullmann/HDDGabriel/engines/cocos2d-x/cocos/editor-support/cocostudio/CCArmatureAnimation.cpp,0,6,6
/media/ullmann/HDDGabriel/engines/cocos2d-x/cocos/renderer/CCRenderState.cpp,0,7,7
/media/ullmann/HDDGabriel/engines/cocos2d-x/cocos/platform/CCStdC.h,18,6,24
/media/ullmann/HDDGabriel/engines/cocos2d-x/cocos/platform/linux/CCStdC-linux.h,2,1,3
/media/ullmann/HDDGabriel/engines/cocos2d-x/cocos/audio/win32/AudioPlayer.h,2,1,3
/media/ullmann/HDDGabriel/engines/cocos2d-x/cocos/scripting/lua-bindings/manual/cocos2d/lua_cocos2dx_deprecated.cpp,0,6,6
/media/ullmann/HDDGabriel/engines/cocos2d-x/cocos/physics/CCPhysicsBody.cpp,0,6,6
/media/ullmann/HDDGabriel/engines/cocos2d-x/cocos/renderer/backend/opengl/UtilsGL.h,6,3,9
/media/ullmann/HDDGabriel/engines/cocos2d-x/cocos/2d/CCTileMapAtlas.h,3,2,5
/media/ullmann/HDDGabriel/engines/cocos2d-x/cocos/base/CCValue.h,17,2,19
/media/ullmann/HDDGabriel/engines/cocos2d-x/cocos/renderer/CCCustomCommand.cpp,0,5,5
/media/ullmann/HDDGabriel/engines/cocos2d-x/cocos/renderer/CCRenderer.cpp,0,18,18
/media/ullmann/HDDGabriel/engines/cocos2d-x/cocos/renderer/CCGroupCommand.h,14,2,16
/media/ullmann/HDDGabriel/engines/cocos2d-x/cocos/platform/CCDevice.h,10,3,13
/media/ullmann/HDDGabriel/engines/cocos2d-x/cocos/renderer/shaders/lineColor.vert,1,0,1
/media/ullmann/HDDGabriel/engines/cocos2d-x/cocos/editor-support/cocostudio/CCBatchNode.h,3,3,6
/media/ullmann/HDDGabriel/engines/cocos2d-x/cocos/physics3d/CCPhysics3DShape.h,1,3,4
/media/ullmann/HDDGabriel/engines/cocos2d-x/cocos/2d/CCTileMapAtlas.cpp,0,6,6
/media/ullmann/HDDGabriel/engines/cocos2d-x/cocos/renderer/CCMeshCommand.cpp,0,16,16
/media/ullmann/HDDGabriel/engines/cocos2d-x/cocos/scripting/lua-bindings/manual/platform/android/CCLuaJavaBridge.cpp,0,4,4
/media/ullmann/HDDGabriel/engines/cocos2d-x/cocos/scripting/lua-bindings/manual/platform/android/CCLuaJavaBridge.h,3,0,3
/media/ullmann/HDDGabriel/engines/cocos2d-x/cocos/scripting/lua-bindings/manual/network/Lua_web_socket.cpp,0,8,8
/media/ullmann/HDDGabriel/engines/cocos2d-x/cocos/scripting/lua-bindings/manual/network/Lua_web_socket.h,2,1,3
/media/ullmann/HDDGabriel/engines/cocos2d-x/cocos/scripting/lua-bindings/manual/audioengine/lua_cocos2dx_audioengine_manual.h,2,0,2
/media/ullmann/HDDGabriel/engines/cocos2d-x/cocos/editor-support/cocostudio/CCSkin.h,6,5,11
/media/ullmann/HDDGabriel/engines/cocos2d-x/cocos/editor-support/cocostudio/WidgetReader/ParticleReader/ParticleReader.cpp,0,7,7
/media/ullmann/HDDGabriel/engines/cocos2d-x/cocos/editor-support/cocostudio/WidgetReader/ParticleReader/ParticleReader.h,4,3,7
/media/ullmann/HDDGabriel/engines/cocos2d-x/cocos/editor-support/cocostudio/WidgetReader/ListViewReader/ListViewReader.h,5,2,7
/media/ullmann/HDDGabriel/engines/cocos2d-x/cocos/math/Quaternion.h,5,3,8
/media/ullmann/HDDGabriel/engines/cocos2d-x/cocos/ui/UIWebView/UIWebViewImpl-android.cpp,0,7,7
/media/ullmann/HDDGabriel/engines/cocos2d-x/cocos/editor-support/cocostudio/CCTransformHelp.h,10,3,13
/media/ullmann/HDDGabriel/engines/cocos2d-x/cocos/renderer/backend/opengl/ProgramGL.h,5,7,12
/media/ullmann/HDDGabriel/engines/cocos2d-x/cocos/ui/UIEditBox/UIEditBoxImpl-stub.cpp,0,1,1
/media/ullmann/HDDGabriel/engines/cocos2d-x/cocos/ui/UIEditBox/UIEditBox.h,8,4,12
/media/ullmann/HDDGabriel/engines/cocos2d-x/cocos/2d/CCClippingRectangleNode.h,2,2,4
/media/ullmann/HDDGabriel/engines/cocos2d-x/cocos/editor-support/cocostudio/CCActionFrameEasing.h,3,2,5
/media/ullmann/HDDGabriel/engines/cocos2d-x/cocos/scripting/lua-bindings/manual/navmesh/lua_cocos2dx_navmesh_manual.cpp,0,8,8
/media/ullmann/HDDGabriel/engines/cocos2d-x/cocos/ui/UIEditBox/UIEditBoxImpl.h,2,1,3
/media/ullmann/HDDGabriel/engines/cocos2d-x/cocos/navmesh/CCNavMeshObstacle.h,2,4,6
/media/ullmann/HDDGabriel/engines/cocos2d-x/cocos/editor-support/cocostudio/ActionTimeline/CCTimeLine.h,5,3,8
/media/ullmann/HDDGabriel/engines/cocos2d-x/cocos/editor-support/cocostudio/ActionTimeline/CCFrame.h,4,7,11
/media/ullmann/HDDGabriel/engines/cocos2d-x/cocos/renderer/CCTextureCube.cpp,0,6,6
/media/ullmann/HDDGabriel/engines/cocos2d-x/cocos/ui/UIEditBox/UIEditBoxImpl-win32.h,1,2,3
/media/ullmann/HDDGabriel/engines/cocos2d-x/cocos/2d/CCLayer.cpp,0,18,18
/media/ullmann/HDDGabriel/engines/cocos2d-x/cocos/2d/CCAtlasNode.cpp,0,9,9
/media/ullmann/HDDGabriel/engines/cocos2d-x/cocos/ui/UIVideoPlayer.h,4,1,5
/media/ullmann/HDDGabriel/engines/cocos2d-x/cocos/2d/CCTMXLayer.h,5,3,8
/media/ullmann/HDDGabriel/engines/cocos2d-x/cocos/platform/CCGLView.cpp,0,7,7
/media/ullmann/HDDGabriel/engines/cocos2d-x/cocos/2d/CCParallaxNode.h,3,1,4
/media/ullmann/HDDGabriel/engines/cocos2d-x/cocos/renderer/CCQuadCommand.h,12,1,13
/media/ullmann/HDDGabriel/engines/cocos2d-x/cocos/base/CCIMEDispatcher.h,4,1,5
/media/ullmann/HDDGabriel/engines/cocos2d-x/cocos/platform/win32/compat/stdint.h,0,1,1
/media/ullmann/HDDGabriel/engines/cocos2d-x/cocos/2d/CCLabelAtlas.cpp,0,7,7
/media/ullmann/HDDGabriel/engines/cocos2d-x/cocos/editor-support/cocostudio/WidgetReader/CheckBoxReader/CheckBoxReader.cpp,0,7,7
/media/ullmann/HDDGabriel/engines/cocos2d-x/cocos/editor-support/cocostudio/CCSGUIReader.h,4,6,10
/media/ullmann/HDDGabriel/engines/cocos2d-x/cocos/base/ObjectFactory.h,11,2,13
/media/ullmann/HDDGabriel/engines/cocos2d-x/cocos/network/HttpClient-android.cpp,0,6,6
/media/ullmann/HDDGabriel/engines/cocos2d-x/cocos/physics3d/CCPhysics3D.cpp,0,1,1
/media/ullmann/HDDGabriel/engines/cocos2d-x/cocos/editor-support/cocostudio/CCDataReaderHelper.cpp,0,11,11
/media/ullmann/HDDGabriel/engines/cocos2d-x/cocos/scripting/lua-bindings/auto/lua_cocos2dx_navmesh_auto.cpp,0,5,5
/media/ullmann/HDDGabriel/engines/cocos2d-x/cocos/scripting/lua-bindings/manual/navmesh/lua_cocos2dx_navmesh_conversions.h,2,1,3
/media/ullmann/HDDGabriel/engines/cocos2d-x/cocos/base/CCNS.h,3,1,4
/media/ullmann/HDDGabriel/engines/cocos2d-x/cocos/physics3d/CCPhysicsSprite3D.h,1,4,5
/media/ullmann/HDDGabriel/engines/cocos2d-x/cocos/physics3d/CCPhysics3DComponent.h,3,3,6
/media/ullmann/HDDGabriel/engines/cocos2d-x/cocos/audio/apple/AudioMacros.h,2,0,2
/media/ullmann/HDDGabriel/engines/cocos2d-x/cocos/editor-support/cocostudio/WidgetReader/NodeReader/NodeReader.cpp,0,5,5
/media/ullmann/HDDGabriel/engines/cocos2d-x/cocos/audio/android/AudioResamplerCubic.cpp,0,3,3
/media/ullmann/HDDGabriel/engines/cocos2d-x/cocos/2d/CCLayer.h,6,3,9
/media/ullmann/HDDGabriel/engines/cocos2d-x/cocos/audio/win32/AudioDecoderManager.cpp,0,6,6
/media/ullmann/HDDGabriel/engines/cocos2d-x/cocos/audio/win32/AudioDecoderMp3.h,2,1,3
/media/ullmann/HDDGabriel/engines/cocos2d-x/cocos/scripting/lua-bindings/manual/network/lua_xml_http_request.h,2,0,2
/media/ullmann/HDDGabriel/engines/cocos2d-x/cocos/scripting/lua-bindings/auto/lua_cocos2dx_physics_auto.hpp,2,1,3
/media/ullmann/HDDGabriel/engines/cocos2d-x/cocos/editor-support/cocostudio/LocalizationManager.h,5,1,6
/media/ullmann/HDDGabriel/engines/cocos2d-x/cocos/scripting/deprecated/CCDictionary.cpp,0,9,9
/media/ullmann/HDDGabriel/engines/cocos2d-x/cocos/physics3d/CCPhysics3DWorld.cpp,0,2,2
/media/ullmann/HDDGabriel/engines/cocos2d-x/cocos/2d/CCParticleSystemQuad.h,9,2,11
/media/ullmann/HDDGabriel/engines/cocos2d-x/cocos/3d/CCSkybox.h,2,5,7
/media/ullmann/HDDGabriel/engines/cocos2d-x/cocos/renderer/backend/metal/ShaderModuleMTL.h,0,2,2
/media/ullmann/HDDGabriel/engines/cocos2d-x/cocos/ui/UIHBox.cpp,0,1,1
/media/ullmann/HDDGabriel/engines/cocos2d-x/cocos/ui/UIHBox.h,2,2,4
/media/ullmann/HDDGabriel/engines/cocos2d-x/cocos/base/CCMap.h,11,2,13
/media/ullmann/HDDGabriel/engines/cocos2d-x/cocos/ui/UIEditBox/UIEditBoxImpl-linux.h,1,2,3
/media/ullmann/HDDGabriel/engines/cocos2d-x/cocos/2d/CCRenderTexture.cpp,0,13,13
/media/ullmann/HDDGabriel/engines/cocos2d-x/cocos/base/CCConsole.h,16,3,19
/media/ullmann/HDDGabriel/engines/cocos2d-x/cocos/editor-support/cocostudio/WidgetReader/SkeletonReader/SkeletonNodeReader.h,2,1,3
/media/ullmann/HDDGabriel/engines/cocos2d-x/cocos/platform/CCImage.cpp,0,17,17
/media/ullmann/HDDGabriel/engines/cocos2d-x/cocos/renderer/CCCallbackCommand.cpp,0,2,2
/media/ullmann/HDDGabriel/engines/cocos2d-x/cocos/editor-support/cocostudio/CCBone.cpp,0,6,6
/media/ullmann/HDDGabriel/engines/cocos2d-x/cocos/editor-support/cocostudio/CCComExtensionData.cpp,0,2,2
/media/ullmann/HDDGabriel/engines/cocos2d-x/cocos/editor-support/cocostudio/CCComExtensionData.h,6,3,9
/media/ullmann/HDDGabriel/engines/cocos2d-x/cocos/2d/CCMenu.cpp,0,8,8
/media/ullmann/HDDGabriel/engines/cocos2d-x/cocos/base/CCEventListenerTouch.h,9,1,10
/media/ullmann/HDDGabriel/engines/cocos2d-x/cocos/2d/CCActionInstant.h,10,1,11
/media/ullmann/HDDGabriel/engines/cocos2d-x/cocos/2d/CCTMXTiledMap.cpp,0,5,5
/media/ullmann/HDDGabriel/engines/cocos2d-x/cocos/scripting/lua-bindings/manual/ui/lua_cocos2dx_ui_manual.hpp,3,0,3
/media/ullmann/HDDGabriel/engines/cocos2d-x/cocos/editor-support/cocostudio/WidgetReader/ComAudioReader/ComAudioReader.h,4,5,9
/media/ullmann/HDDGabriel/engines/cocos2d-x/cocos/editor-support/cocostudio/WidgetReader/SingleNodeReader/SingleNodeReader.cpp,0,4,4
/media/ullmann/HDDGabriel/engines/cocos2d-x/cocos/editor-support/cocostudio/WidgetReader/Particle3DReader/Particle3DReader.cpp,0,6,6
/media/ullmann/HDDGabriel/engines/cocos2d-x/cocos/editor-support/cocostudio/CSParse3DBinary_generated.h,6,0,6
/media/ullmann/HDDGabriel/engines/cocos2d-x/cocos/renderer/CCRenderCommand.h,9,3,12
/media/ullmann/HDDGabriel/engines/cocos2d-x/cocos/2d/CCFontCharMap.cpp,0,5,5
/media/ullmann/HDDGabriel/engines/cocos2d-x/cocos/base/ZipUtils.cpp,0,4,4
/media/ullmann/HDDGabriel/engines/cocos2d-x/cocos/editor-support/cocostudio/WidgetReader/Particle3DReader/Particle3DReader.h,3,3,6
/media/ullmann/HDDGabriel/engines/cocos2d-x/cocos/2d/CCFontCharMap.h,2,1,3
/media/ullmann/HDDGabriel/engines/cocos2d-x/cocos/scripting/lua-bindings/manual/audioengine/lua_cocos2dx_audioengine_manual.cpp,0,6,6
/media/ullmann/HDDGabriel/engines/cocos2d-x/cocos/base/CCEventTouch.h,6,1,7
/media/ullmann/HDDGabriel/engines/cocos2d-x/cocos/audio/win32/MciPlayer.h,1,1,2
/media/ullmann/HDDGabriel/engines/cocos2d-x/cocos/2d/CCActionManager.cpp,0,7,7
/media/ullmann/HDDGabriel/engines/cocos2d-x/cocos/scripting/deprecated/CCBool.h,6,2,8
/media/ullmann/HDDGabriel/engines/cocos2d-x/cocos/scripting/deprecated/CCDataVisitor.h,7,1,8
/media/ullmann/HDDGabriel/engines/cocos2d-x/cocos/editor-support/cocostudio/WidgetReader/LayoutReader/LayoutReader.cpp,0,11,11
/media/ullmann/HDDGabriel/engines/cocos2d-x/cocos/platform/linux/CCDevice-linux.cpp,0,2,2
/media/ullmann/HDDGabriel/engines/cocos2d-x/cocos/2d/CCActionCamera.cpp,0,3,3
/media/ullmann/HDDGabriel/engines/cocos2d-x/cocos/physics3d/CCPhysics3DDebugDrawer.cpp,0,10,10
/media/ullmann/HDDGabriel/engines/cocos2d-x/cocos/physics3d/CCPhysics3DShape.cpp,0,1,1
/media/ullmann/HDDGabriel/engines/cocos2d-x/cocos/editor-support/cocostudio/CCUtilMath.h,10,3,13
/media/ullmann/HDDGabriel/engines/cocos2d-x/cocos/3d/CCMotionStreak3D.h,2,4,6
/media/ullmann/HDDGabriel/engines/cocos2d-x/cocos/editor-support/cocostudio/CCDecorativeDisplay.cpp,0,2,2
/media/ullmann/HDDGabriel/engines/cocos2d-x/cocos/editor-support/cocostudio/CCDecorativeDisplay.h,4,5,9
/media/ullmann/HDDGabriel/engines/cocos2d-x/cocos/3d/CCAnimate3D.h,4,4,8
/media/ullmann/HDDGabriel/engines/cocos2d-x/cocos/3d/CCAnimation3D.h,4,4,8
/media/ullmann/HDDGabriel/engines/cocos2d-x/cocos/renderer/CCMaterial.h,12,10,22
/media/ullmann/HDDGabriel/engines/cocos2d-x/cocos/audio/android/mp3reader.cpp,0,2,2
/media/ullmann/HDDGabriel/engines/cocos2d-x/cocos/ui/UIEditBox/UIEditBoxImpl-android.h,1,2,3
/media/ullmann/HDDGabriel/engines/cocos2d-x/cocos/2d/CCLabelTextFormatter.cpp,0,5,5
/media/ullmann/HDDGabriel/engines/cocos2d-x/cocos/3d/CCAABB.cpp,0,1,1
/media/ullmann/HDDGabriel/engines/cocos2d-x/cocos/network/SocketIO.cpp,0,7,7
/media/ullmann/HDDGabriel/engines/cocos2d-x/cocos/ui/UIImageView.h,3,2,5
/media/ullmann/HDDGabriel/engines/cocos2d-x/cocos/network/HttpCookie.cpp,0,2,2
/media/ullmann/HDDGabriel/engines/cocos2d-x/cocos/scripting/lua-bindings/manual/physics3d/lua_cocos2dx_physics3d_manual.cpp,0,8,8
/media/ullmann/HDDGabriel/engines/cocos2d-x/cocos/platform/CCPlatformDefine.h,1,6,7
/media/ullmann/HDDGabriel/engines/cocos2d-x/cocos/platform/win32/CCPlatformDefine-win32.h,1,0,1
/media/ullmann/HDDGabriel/engines/cocos2d-x/cocos/platform/android/CCGL-android.h,1,0,1
/media/ullmann/HDDGabriel/engines/cocos2d-x/cocos/editor-support/cocostudio/WidgetReader/ImageViewReader/ImageViewReader.cpp,0,8,8
/media/ullmann/HDDGabriel/engines/cocos2d-x/cocos/scripting/lua-bindings/manual/3d/lua_cocos2dx_3d_manual.h,2,0,2
/media/ullmann/HDDGabriel/engines/cocos2d-x/cocos/base/CCGameController.h,2,3,5
/media/ullmann/HDDGabriel/engines/cocos2d-x/cocos/ui/UIHelper.cpp,0,5,5
/media/ullmann/HDDGabriel/engines/cocos2d-x/cocos/editor-support/cocostudio/WidgetReader/TabControlReader/TabControlReader.cpp,0,8,8
/media/ullmann/HDDGabriel/engines/cocos2d-x/cocos/ui/UITabControl.h,3,2,5
/media/ullmann/HDDGabriel/engines/cocos2d-x/cocos/audio/android/audio_utils/minifloat.cpp,0,1,1
/media/ullmann/HDDGabriel/engines/cocos2d-x/cocos/audio/android/audio_utils/include/audio_utils/minifloat.h,2,0,2
/media/ullmann/HDDGabriel/engines/cocos2d-x/cocos/renderer/CCMeshCommand.h,8,6,14
/media/ullmann/HDDGabriel/engines/cocos2d-x/cocos/3d/CCMeshSkin.cpp,0,3,3
/media/ullmann/HDDGabriel/engines/cocos2d-x/cocos/math/TransformUtils.h,3,1,4
/media/ullmann/HDDGabriel/engines/cocos2d-x/cocos/editor-support/cocostudio/CCSkin.cpp,0,7,7
/media/ullmann/HDDGabriel/engines/cocos2d-x/cocos/ui/UIScrollViewBar.cpp,0,4,4
/media/ullmann/HDDGabriel/engines/cocos2d-x/cocos/2d/CCSpriteBatchNode.cpp,0,12,12
/media/ullmann/HDDGabriel/engines/cocos2d-x/cocos/ui/UIScrollView.cpp,0,7,7
/media/ullmann/HDDGabriel/engines/cocos2d-x/cocos/base/CCEventListenerTouch.cpp,0,4,4
/media/ullmann/HDDGabriel/engines/cocos2d-x/cocos/base/CCTouch.h,8,2,10
/media/ullmann/HDDGabriel/engines/cocos2d-x/cocos/editor-support/cocostudio/WidgetReader/TextAtlasReader/TextAtlasReader.cpp,0,6,6
/media/ullmann/HDDGabriel/engines/cocos2d-x/cocos/math/Vec3.cpp,0,3,3
/media/ullmann/HDDGabriel/engines/cocos2d-x/cocos/base/ccConstants.h,2,1,3
/media/ullmann/HDDGabriel/engines/cocos2d-x/cocos/base/CCController.h,6,1,7
/media/ullmann/HDDGabriel/engines/cocos2d-x/cocos/base/CCEventMouse.h,4,2,6
/media/ullmann/HDDGabriel/engines/cocos2d-x/cocos/base/CCEvent.h,13,2,15
/media/ullmann/HDDGabriel/engines/cocos2d-x/cocos/scripting/lua-bindings/manual/physics3d/lua_cocos2dx_physics3d_manual.h,2,0,2
/media/ullmann/HDDGabriel/engines/cocos2d-x/cocos/3d/CCMesh.cpp,0,18,18
/media/ullmann/HDDGabriel/engines/cocos2d-x/cocos/audio/win32/AudioDecoderOgg.cpp,0,3,3
/media/ullmann/HDDGabriel/engines/cocos2d-x/cocos/audio/win32/AudioMacros.h,5,0,5
/media/ullmann/HDDGabriel/engines/cocos2d-x/cocos/audio/android/OpenSLHelper.h,7,1,8
/media/ullmann/HDDGabriel/engines/cocos2d-x/cocos/editor-support/cocostudio/WidgetReader/UserCameraReader/UserCameraReader.cpp,0,9,9
/media/ullmann/HDDGabriel/engines/cocos2d-x/cocos/editor-support/cocostudio/CCDisplayManager.cpp,0,6,6
/media/ullmann/HDDGabriel/engines/cocos2d-x/cocos/base/CCEventFocus.h,5,1,6
/media/ullmann/HDDGabriel/engines/cocos2d-x/cocos/2d/CCProtectedNode.h,4,1,5
/media/ullmann/HDDGabriel/engines/cocos2d-x/cocos/editor-support/cocostudio/LocalizationManager.cpp,0,4,4
/media/ullmann/HDDGabriel/engines/cocos2d-x/cocos/navmesh/CCNavMeshUtils.h,2,3,5
/media/ullmann/HDDGabriel/engines/cocos2d-x/cocos/renderer/CCPipelineDescriptor.h,6,6,12
/media/ullmann/HDDGabriel/engines/cocos2d-x/cocos/2d/CCTMXXMLParser.h,7,5,12
/media/ullmann/HDDGabriel/engines/cocos2d-x/cocos/editor-support/cocostudio/WidgetReader/TextBMFontReader/TextBMFontReader.h,5,2,7
/media/ullmann/HDDGabriel/engines/cocos2d-x/cocos/editor-support/cocostudio/WidgetReader/WidgetReader.h,13,6,19
/media/ullmann/HDDGabriel/engines/cocos2d-x/cocos/base/ZipUtils.h,7,4,11
/media/ullmann/HDDGabriel/engines/cocos2d-x/cocos/platform/android/CCFileUtils-android.h,5,3,8
/media/ullmann/HDDGabriel/engines/cocos2d-x/cocos/editor-support/cocostudio/CCInputDelegate.h,3,7,10
/media/ullmann/HDDGabriel/engines/cocos2d-x/cocos/base/CCEventKeyboard.h,9,1,10
/media/ullmann/HDDGabriel/engines/cocos2d-x/cocos/base/CCController-android.cpp,0,5,5
/media/ullmann/HDDGabriel/engines/cocos2d-x/cocos/audio/android/AudioMixerController.cpp,0,4,4
/media/ullmann/HDDGabriel/engines/cocos2d-x/cocos/audio/android/AudioMixer.h,2,4,6
/media/ullmann/HDDGabriel/engines/cocos2d-x/cocos/renderer/backend/ProgramCache.cpp,0,6,6
/media/ullmann/HDDGabriel/engines/cocos2d-x/cocos/scripting/lua-bindings/auto/lua_cocos2dx_studio_auto.hpp,2,1,3
/media/ullmann/HDDGabriel/engines/cocos2d-x/cocos/editor-support/cocostudio/WidgetReader/CheckBoxReader/CheckBoxReader.h,5,2,7
/media/ullmann/HDDGabriel/engines/cocos2d-x/cocos/base/CCEnumClass.h,1,0,1
/media/ullmann/HDDGabriel/engines/cocos2d-x/cocos/editor-support/cocostudio/ActionTimeline/CCSkinNode.cpp,0,1,1
/media/ullmann/HDDGabriel/engines/cocos2d-x/cocos/editor-support/cocostudio/ActionTimeline/CCSkinNode.h,2,2,4
/media/ullmann/HDDGabriel/engines/cocos2d-x/cocos/base/CCScheduler.cpp,0,6,6
/media/ullmann/HDDGabriel/engines/cocos2d-x/cocos/base/utlist.h,1,0,1
/media/ullmann/HDDGabriel/engines/cocos2d-x/cocos/navmesh/CCNavMesh.h,7,7,14
/media/ullmann/HDDGabriel/engines/cocos2d-x/cocos/editor-support/cocostudio/WidgetReader/Sprite3DReader/Sprite3DReader.h,3,4,7
/media/ullmann/HDDGabriel/engines/cocos2d-x/cocos/ui/UIListView.h,5,2,7
/media/ullmann/HDDGabriel/engines/cocos2d-x/cocos/editor-support/cocostudio/CCActionObject.h,3,4,7
/media/ullmann/HDDGabriel/engines/cocos2d-x/cocos/scripting/deprecated/CCDictionary.h,4,4,8
/media/ullmann/HDDGabriel/engines/cocos2d-x/cocos/base/uthash.h,3,0,3
/media/ullmann/HDDGabriel/engines/cocos2d-x/cocos/audio/android/AudioEngine-inl.h,2,2,4
/media/ullmann/HDDGabriel/engines/cocos2d-x/cocos/scripting/lua-bindings/manual/cocostudio/lua-cocos-studio-conversions.cpp,0,2,2
/media/ullmann/HDDGabriel/engines/cocos2d-x/cocos/renderer/CCQuadCommand.cpp,0,7,7
/media/ullmann/HDDGabriel/engines/cocos2d-x/cocos/renderer/backend/opengl/CommandBufferGL.cpp,0,11,11
/media/ullmann/HDDGabriel/engines/cocos2d-x/cocos/renderer/backend/opengl/DepthStencilStateGL.h,4,1,5
/media/ullmann/HDDGabriel/engines/cocos2d-x/cocos/audio/android/AudioBufferProvider.h,4,1,5
/media/ullmann/HDDGabriel/engines/cocos2d-x/cocos/audio/win32/AudioCache.cpp,0,6,6
/media/ullmann/HDDGabriel/engines/cocos2d-x/cocos/editor-support/cocostudio/WidgetReader/ProjectNodeReader/ProjectNodeReader.cpp,0,3,3
/media/ullmann/HDDGabriel/engines/cocos2d-x/cocos/editor-support/cocostudio/WidgetReader/UserCameraReader/UserCameraReader.h,3,4,7
/media/ullmann/HDDGabriel/engines/cocos2d-x/cocos/editor-support/cocostudio/WidgetReader/NodeReaderDefine.h,18,1,19
/media/ullmann/HDDGabriel/engines/cocos2d-x/cocos/editor-support/cocostudio/WidgetReader/SingleNodeReader/SingleNodeReader.h,4,3,7
/media/ullmann/HDDGabriel/engines/cocos2d-x/cocos/ui/UISlider.cpp,0,7,7
/media/ullmann/HDDGabriel/engines/cocos2d-x/cocos/editor-support/cocostudio/CCActionManagerEx.h,4,3,7
/media/ullmann/HDDGabriel/engines/cocos2d-x/cocos/editor-support/cocostudio/WidgetReader/ComAudioReader/ComAudioReader.cpp,0,4,4
/media/ullmann/HDDGabriel/engines/cocos2d-x/cocos/audio/android/CCThreadPool.cpp,0,1,1
/media/ullmann/HDDGabriel/engines/cocos2d-x/cocos/audio/android/CCThreadPool.h,2,0,2
/media/ullmann/HDDGabriel/engines/cocos2d-x/cocos/base/CCEventListenerFocus.h,4,1,5
/media/ullmann/HDDGabriel/engines/cocos2d-x/cocos/2d/CCTransitionProgress.h,3,1,4
/media/ullmann/HDDGabriel/engines/cocos2d-x/cocos/audio/android/IVolumeProvider.h,1,1,2
/media/ullmann/HDDGabriel/engines/cocos2d-x/cocos/scripting/deprecated/CCString.h,6,3,9
/media/ullmann/HDDGabriel/engines/cocos2d-x/cocos/base/CCEventAcceleration.h,5,2,7
/media/ullmann/HDDGabriel/engines/cocos2d-x/cocos/scripting/lua-bindings/auto/lua_cocos2dx_video_auto.hpp,2,1,3
/media/ullmann/HDDGabriel/engines/cocos2d-x/cocos/2d/CCLight.h,7,1,8
/media/ullmann/HDDGabriel/engines/cocos2d-x/cocos/renderer/shaders/positionTextureColor.frag,1,0,1
/media/ullmann/HDDGabriel/engines/cocos2d-x/cocos/2d/CCMenuItem.cpp,0,6,6
/media/ullmann/HDDGabriel/engines/cocos2d-x/cocos/2d/CCLabelAtlas.h,4,3,7
/media/ullmann/HDDGabriel/engines/cocos2d-x/cocos/editor-support/cocostudio/WidgetReader/GameMapReader/GameMapReader.h,4,3,7
/media/ullmann/HDDGabriel/engines/cocos2d-x/cocos/ui/UIEditBox/UIEditBoxImpl-android.cpp,0,9,9
/media/ullmann/HDDGabriel/engines/cocos2d-x/cocos/platform/android/CCDevice-android.cpp,0,4,4
/media/ullmann/HDDGabriel/engines/cocos2d-x/cocos/base/CCEventListenerCustom.cpp,0,2,2
/media/ullmann/HDDGabriel/engines/cocos2d-x/cocos/navmesh/CCNavMeshDebugDraw.cpp,0,9,9
/media/ullmann/HDDGabriel/engines/cocos2d-x/cocos/scripting/lua-bindings/manual/extension/lua_cocos2dx_extension_manual.cpp,0,7,7
/media/ullmann/HDDGabriel/engines/cocos2d-x/cocos/platform/android/jni/Java_org_cocos2dx_lib_Cocos2dxRenderer.cpp,0,9,9
/media/ullmann/HDDGabriel/engines/cocos2d-x/cocos/scripting/deprecated/CCArray.cpp,0,4,4
/media/ullmann/HDDGabriel/engines/cocos2d-x/cocos/editor-support/cocostudio/CCDisplayFactory.h,3,3,6
/media/ullmann/HDDGabriel/engines/cocos2d-x/cocos/platform/ios/CCGLViewImpl-ios.h,0,3,3
/media/ullmann/HDDGabriel/engines/cocos2d-x/cocos/base/CCRefPtr.h,1,2,3
/media/ullmann/HDDGabriel/engines/cocos2d-x/cocos/audio/win32/AudioCache.h,3,3,6
/media/ullmann/HDDGabriel/engines/cocos2d-x/cocos/audio/AudioEngine.cpp,0,8,8
/media/ullmann/HDDGabriel/engines/cocos2d-x/cocos/audio/apple/AudioEngine-inl.h,1,3,4
/media/ullmann/HDDGabriel/engines/cocos2d-x/cocos/renderer/CCTextureCube.h,4,3,7
/media/ullmann/HDDGabriel/engines/cocos2d-x/cocos/ui/UIVBox.cpp,0,1,1
/media/ullmann/HDDGabriel/engines/cocos2d-x/cocos/ui/UIVBox.h,2,2,4
/media/ullmann/HDDGabriel/engines/cocos2d-x/cocos/network/CCDownloader.h,4,1,5
/media/ullmann/HDDGabriel/engines/cocos2d-x/cocos/editor-support/cocostudio/ActionTimeline/CCActionTimelineNode.cpp,0,2,2
/media/ullmann/HDDGabriel/engines/cocos2d-x/cocos/editor-support/cocostudio/ActionTimeline/CSLoader.h,8,5,13
/media/ullmann/HDDGabriel/engines/cocos2d-x/cocos/base/CCIMEDelegate.h,5,2,7
/media/ullmann/HDDGabriel/engines/cocos2d-x/cocos/platform/linux/CCApplication-linux.h,3,2,5
/media/ullmann/HDDGabriel/engines/cocos2d-x/cocos/scripting/lua-bindings/manual/ui/lua_cocos2dx_video_manual.cpp,0,6,6
/media/ullmann/HDDGabriel/engines/cocos2d-x/cocos/editor-support/cocostudio/CCSpriteFrameCacheHelper.cpp,0,4,4
/media/ullmann/HDDGabriel/engines/cocos2d-x/cocos/audio/win32/AudioDecoderOgg.h,2,1,3
/media/ullmann/HDDGabriel/engines/cocos2d-x/cocos/renderer/backend/Program.cpp,0,2,2
/media/ullmann/HDDGabriel/engines/cocos2d-x/cocos/renderer/backend/ProgramCache.h,5,4,9
/media/ullmann/HDDGabriel/engines/cocos2d-x/cocos/scripting/lua-bindings/manual/cocostudio/lua_cocos2dx_csloader_manual.cpp,0,8,8
/media/ullmann/HDDGabriel/engines/cocos2d-x/cocos/scripting/lua-bindings/manual/cocostudio/lua_cocos2dx_csloader_manual.hpp,2,1,3
/media/ullmann/HDDGabriel/engines/cocos2d-x/cocos/scripting/deprecated/CCNotificationCenter.h,3,2,5
/media/ullmann/HDDGabriel/engines/cocos2d-x/cocos/audio/android/AudioDecoder.h,6,3,9
/media/ullmann/HDDGabriel/engines/cocos2d-x/cocos/platform/android/jni/Java_org_cocos2dx_lib_Cocos2dxBitmap.cpp,0,5,5
/media/ullmann/HDDGabriel/engines/cocos2d-x/cocos/ui/UILayout.cpp,0,13,13
/media/ullmann/HDDGabriel/engines/cocos2d-x/cocos/ui/UIPageViewIndicator.cpp,0,3,3
/media/ullmann/HDDGabriel/engines/cocos2d-x/cocos/scripting/lua-bindings/manual/CCLuaBridge.cpp,0,1,1
/media/ullmann/HDDGabriel/engines/cocos2d-x/cocos/ui/UITextBMFont.cpp,0,3,3
/media/ullmann/HDDGabriel/engines/cocos2d-x/cocos/renderer/backend/opengl/UtilsGL.cpp,0,3,3
/media/ullmann/HDDGabriel/engines/cocos2d-x/cocos/scripting/lua-bindings/auto/lua_cocos2dx_backend_auto.hpp,2,1,3
/media/ullmann/HDDGabriel/engines/cocos2d-x/cocos/audio/android/AudioDecoderMp3.h,2,1,3
/media/ullmann/HDDGabriel/engines/cocos2d-x/cocos/2d/CCAnimation.cpp,0,4,4
/media/ullmann/HDDGabriel/engines/cocos2d-x/cocos/physics3d/CCPhysics3DObject.h,2,3,5
/media/ullmann/HDDGabriel/engines/cocos2d-x/cocos/editor-support/cocostudio/CCTween.h,4,3,7
/media/ullmann/HDDGabriel/engines/cocos2d-x/cocos/network/CCDownloader-curl.cpp,0,5,5
/media/ullmann/HDDGabriel/engines/cocos2d-x/cocos/editor-support/cocostudio/CCActionFrame.cpp,0,2,2
/media/ullmann/HDDGabriel/engines/cocos2d-x/cocos/editor-support/cocostudio/CCActionFrame.h,3,3,6
/media/ullmann/HDDGabriel/engines/cocos2d-x/cocos/2d/CCNodeGrid.cpp,0,3,3
/media/ullmann/HDDGabriel/engines/cocos2d-x/cocos/editor-support/cocostudio/WidgetReader/TextFieldReader/TextFieldReader.cpp,0,6,6
/media/ullmann/HDDGabriel/engines/cocos2d-x/cocos/editor-support/cocostudio/WidgetReader/LoadingBarReader/LoadingBarReader.cpp,0,7,7
/media/ullmann/HDDGabriel/engines/cocos2d-x/cocos/2d/CCParticleSystemQuad.cpp,0,14,14
/media/ullmann/HDDGabriel/engines/cocos2d-x/cocos/3d/CCMeshVertexIndexData.h,6,7,13
/media/ullmann/HDDGabriel/engines/cocos2d-x/cocos/editor-support/cocostudio/WidgetReader/SliderReader/SliderReader.h,5,2,7
/media/ullmann/HDDGabriel/engines/cocos2d-x/cocos/navmesh/CCNavMesh.cpp,0,3,3
/media/ullmann/HDDGabriel/engines/cocos2d-x/cocos/base/CCScriptSupport.cpp,0,3,3
/media/ullmann/HDDGabriel/engines/cocos2d-x/cocos/platform/desktop/CCGLViewImpl-desktop.h,2,4,6
/media/ullmann/HDDGabriel/engines/cocos2d-x/cocos/editor-support/cocostudio/CCComBase.h,6,4,10
/media/ullmann/HDDGabriel/engines/cocos2d-x/cocos/base/CCEventListenerMouse.h,4,2,6
/media/ullmann/HDDGabriel/engines/cocos2d-x/cocos/2d/CCScene.cpp,0,11,11
/media/ullmann/HDDGabriel/engines/cocos2d-x/cocos/scripting/lua-bindings/auto/lua_cocos2dx_backend_auto.cpp,0,8,8
/media/ullmann/HDDGabriel/engines/cocos2d-x/cocos/renderer/backend/VertexLayout.h,8,3,11
/media/ullmann/HDDGabriel/engines/cocos2d-x/cocos/2d/CCActionTween.h,3,1,4
/media/ullmann/HDDGabriel/engines/cocos2d-x/cocos/editor-support/cocostudio/TriggerObj.h,2,3,5
/media/ullmann/HDDGabriel/engines/cocos2d-x/cocos/platform/android/CCEnhanceAPI-android.h,1,2,3
/media/ullmann/HDDGabriel/engines/cocos2d-x/cocos/audio/android/Track.h,3,3,6
/media/ullmann/HDDGabriel/engines/cocos2d-x/cocos/audio/android/PcmBufferProvider.h,3,1,4
/media/ullmann/HDDGabriel/engines/cocos2d-x/cocos/editor-support/cocostudio/CCColliderDetector.cpp,0,3,3
/media/ullmann/HDDGabriel/engines/cocos2d-x/cocos/network/CCIDownloaderImpl.h,3,1,4
/media/ullmann/HDDGabriel/engines/cocos2d-x/cocos/scripting/lua-bindings/manual/cocostudio/lua-cocos-studio-conversions.h,2,1,3
/media/ullmann/HDDGabriel/engines/cocos2d-x/cocos/platform/android/jni/Java_org_cocos2dx_lib_Cocos2dxHelper.h,4,0,4
/media/ullmann/HDDGabriel/engines/cocos2d-x/cocos/renderer/shaders/positionTextureColor.vert,1,0,1
/media/ullmann/HDDGabriel/engines/cocos2d-x/cocos/audio/android/PcmBufferProvider.cpp,0,2,2
/media/ullmann/HDDGabriel/engines/cocos2d-x/cocos/platform/android/jni/Java_org_cocos2dx_lib_Cocos2dxAccelerometer.cpp,0,4,4
/media/ullmann/HDDGabriel/engines/cocos2d-x/cocos/editor-support/cocostudio/WidgetReader/Node3DReader/Node3DReader.cpp,0,5,5
/media/ullmann/HDDGabriel/engines/cocos2d-x/cocos/ui/UIRadioButton.h,2,2,4
/media/ullmann/HDDGabriel/engines/cocos2d-x/cocos/3d/CCObjLoader.h,4,0,4
/media/ullmann/HDDGabriel/engines/cocos2d-x/cocos/editor-support/cocostudio/CCColliderDetector.h,3,3,6
/media/ullmann/HDDGabriel/engines/cocos2d-x/cocos/base/CCRef.cpp,0,4,4
/media/ullmann/HDDGabriel/engines/cocos2d-x/cocos/editor-support/cocostudio/CCSpriteFrameCacheHelper.h,3,3,6
/media/ullmann/HDDGabriel/engines/cocos2d-x/cocos/ui/UILayoutParameter.h,2,2,4
/media/ullmann/HDDGabriel/engines/cocos2d-x/cocos/editor-support/cocostudio/WidgetReader/LoadingBarReader/LoadingBarReader.h,5,2,7
/media/ullmann/HDDGabriel/engines/cocos2d-x/cocos/2d/CCActionInstant.cpp,0,3,3
/media/ullmann/HDDGabriel/engines/cocos2d-x/cocos/editor-support/cocostudio/WidgetReader/Light3DReader/Light3DReader.cpp,0,6,6
/media/ullmann/HDDGabriel/engines/cocos2d-x/cocos/editor-support/cocostudio/WidgetReader/TextReader/TextReader.h,5,2,7
/media/ullmann/HDDGabriel/engines/cocos2d-x/cocos/ui/GUIDefine.h,4,1,5
/media/ullmann/HDDGabriel/engines/cocos2d-x/cocos/base/CCUserDefault.cpp,0,5,5
/media/ullmann/HDDGabriel/engines/cocos2d-x/cocos/physics/CCPhysicsContact.cpp,0,4,4
/media/ullmann/HDDGabriel/engines/cocos2d-x/cocos/base/CCAsyncTaskPool.h,7,3,10
/media/ullmann/HDDGabriel/engines/cocos2d-x/cocos/base/ccCArray.h,6,2,8
/media/ullmann/HDDGabriel/engines/cocos2d-x/cocos/base/CCController-linux-win32.cpp,0,5,5
/media/ullmann/HDDGabriel/engines/cocos2d-x/cocos/editor-support/cocostudio/DictionaryHelper.cpp,0,2,2
/media/ullmann/HDDGabriel/engines/cocos2d-x/cocos/editor-support/cocostudio/DictionaryHelper.h,13,1,14
/media/ullmann/HDDGabriel/engines/cocos2d-x/cocos/2d/CCTransitionPageTurn.h,3,2,5
/media/ullmann/HDDGabriel/engines/cocos2d-x/cocos/scripting/lua-bindings/manual/cocos2d/lua_cocos2dx_manual.hpp,4,4,8
/media/ullmann/HDDGabriel/engines/cocos2d-x/cocos/math/MathUtil.h,6,1,7
/media/ullmann/HDDGabriel/engines/cocos2d-x/cocos/base/ccTypes.cpp,0,2,2
/media/ullmann/HDDGabriel/engines/cocos2d-x/cocos/physics3d/CCPhysics3DDebugDrawer.h,1,7,8
/media/ullmann/HDDGabriel/engines/cocos2d-x/cocos/2d/CCClippingNode.h,3,4,7
/media/ullmann/HDDGabriel/engines/cocos2d-x/cocos/audio/android/cutils/bitops.h,2,0,2
/media/ullmann/HDDGabriel/engines/cocos2d-x/cocos/ui/UITextBMFont.h,3,2,5
/media/ullmann/HDDGabriel/engines/cocos2d-x/cocos/platform/CCSAXParser.h,5,2,7
/media/ullmann/HDDGabriel/engines/cocos2d-x/cocos/scripting/deprecated/CCString.cpp,0,5,5
/media/ullmann/HDDGabriel/engines/cocos2d-x/cocos/scripting/lua-bindings/manual/ui/lua_cocos2dx_webview_manual.hpp,2,0,2
/media/ullmann/HDDGabriel/engines/cocos2d-x/cocos/audio/android/AudioDecoder.cpp,0,3,3
/media/ullmann/HDDGabriel/engines/cocos2d-x/cocos/scripting/lua-bindings/auto/lua_cocos2dx_auto.cpp,0,9,9
/media/ullmann/HDDGabriel/engines/cocos2d-x/cocos/renderer/shaders/layer_radialGradient.frag,1,0,1
/media/ullmann/HDDGabriel/engines/cocos2d-x/cocos/editor-support/cocostudio/WidgetReader/TabControlReader/TabControlReader.h,2,3,5
/media/ullmann/HDDGabriel/engines/cocos2d-x/cocos/editor-support/cocostudio/WidgetReader/NodeReaderProtocol.h,20,1,21
/media/ullmann/HDDGabriel/engines/cocos2d-x/cocos/scripting/lua-bindings/manual/network/lua_downloader.cpp,0,3,3
/media/ullmann/HDDGabriel/engines/cocos2d-x/cocos/editor-support/cocostudio/CCActionFrameEasing.cpp,0,3,3
/media/ullmann/HDDGabriel/engines/cocos2d-x/cocos/2d/CCMotionStreak.h,4,3,7
/media/ullmann/HDDGabriel/engines/cocos2d-x/cocos/2d/CCAnimation.h,4,5,9
/media/ullmann/HDDGabriel/engines/cocos2d-x/cocos/editor-support/cocostudio/WidgetReader/ButtonReader/ButtonReader.h,5,2,7
/media/ullmann/HDDGabriel/engines/cocos2d-x/cocos/base/CCConfiguration.cpp,0,6,6
/media/ullmann/HDDGabriel/engines/cocos2d-x/cocos/scripting/lua-bindings/manual/CCLuaValue.h,17,2,19
/media/ullmann/HDDGabriel/engines/cocos2d-x/cocos/3d/CCSkybox.cpp,0,9,9
/media/ullmann/HDDGabriel/engines/cocos2d-x/cocos/renderer/shaders/positionColorTextureAsPointsize.vert,1,0,1
/media/ullmann/HDDGabriel/engines/cocos2d-x/cocos/renderer/shaders/positionColor.frag,1,0,1
/media/ullmann/HDDGabriel/engines/cocos2d-x/cocos/scripting/lua-bindings/manual/spine/LuaSkeletonAnimation.cpp,0,4,4
/media/ullmann/HDDGabriel/engines/cocos2d-x/cocos/2d/CCFontFNT.h,6,1,7
/media/ullmann/HDDGabriel/engines/cocos2d-x/cocos/platform/apple/CCFileUtils-apple.h,0,3,3
/media/ullmann/HDDGabriel/engines/cocos2d-x/cocos/2d/CCParticleBatchNode.h,6,3,9
/media/ullmann/HDDGabriel/engines/cocos2d-x/cocos/base/CCStencilStateManager.h,3,4,7
/media/ullmann/HDDGabriel/engines/cocos2d-x/cocos/2d/CCClippingNode.cpp,0,6,6
/media/ullmann/HDDGabriel/engines/cocos2d-x/cocos/renderer/backend/Backend.h,1,10,11
/media/ullmann/HDDGabriel/engines/cocos2d-x/cocos/renderer/backend/Texture.h,11,2,13
/media/ullmann/HDDGabriel/engines/cocos2d-x/cocos/editor-support/cocostudio/CCArmature.cpp,0,9,9
/media/ullmann/HDDGabriel/engines/cocos2d-x/cocos/ui/UIWebView/UIWebView.h,5,3,8
/media/ullmann/HDDGabriel/engines/cocos2d-x/cocos/network/HttpClient.cpp,0,3,3
/media/ullmann/HDDGabriel/engines/cocos2d-x/cocos/scripting/lua-bindings/manual/network/lua_cocos2dx_network_manual.h,2,0,2
/media/ullmann/HDDGabriel/engines/cocos2d-x/cocos/3d/CCBundleReader.h,3,3,6
/media/ullmann/HDDGabriel/engines/cocos2d-x/cocos/audio/win32/AudioEngine-win32.cpp,0,6,6
/media/ullmann/HDDGabriel/engines/cocos2d-x/cocos/base/CCEventListenerAcceleration.cpp,0,3,3
/media/ullmann/HDDGabriel/engines/cocos2d-x/cocos/scripting/lua-bindings/manual/lua_module_register.h,1,1,2
/media/ullmann/HDDGabriel/engines/cocos2d-x/cocos/scripting/lua-bindings/manual/Lua-BindingsExport.h,3,0,3
/media/ullmann/HDDGabriel/engines/cocos2d-x/cocos/2d/CCActionCatmullRom.cpp,0,3,3
/media/ullmann/HDDGabriel/engines/cocos2d-x/cocos/editor-support/cocostudio/CCComController.h,2,4,6
/media/ullmann/HDDGabriel/engines/cocos2d-x/cocos/math/CCVertex.cpp,0,2,2
/media/ullmann/HDDGabriel/engines/cocos2d-x/cocos/math/CCVertex.h,4,1,5
/media/ullmann/HDDGabriel/engines/cocos2d-x/cocos/audio/apple/AudioPlayer.h,1,2,3
/media/ullmann/HDDGabriel/engines/cocos2d-x/cocos/renderer/CCRenderCommandPool.h,1,1,2
/media/ullmann/HDDGabriel/engines/cocos2d-x/cocos/2d/CCParticleExamples.cpp,0,4,4
/media/ullmann/HDDGabriel/engines/cocos2d-x/cocos/2d/CCParticleExamples.h,3,1,4
/media/ullmann/HDDGabriel/engines/cocos2d-x/cocos/platform/linux/CCPlatformDefine-linux.h,1,0,1
/media/ullmann/HDDGabriel/engines/cocos2d-x/cocos/editor-support/cocostudio/CocosStudioExtension.cpp,0,1,1
/media/ullmann/HDDGabriel/engines/cocos2d-x/cocos/2d/CCProgressTimer.h,5,3,8
/media/ullmann/HDDGabriel/engines/cocos2d-x/cocos/editor-support/cocostudio/ActionTimeline/CCActionTimelineCache.h,3,5,8
/media/ullmann/HDDGabriel/engines/cocos2d-x/cocos/2d/CCActionPageTurn3D.h,4,1,5
/media/ullmann/HDDGabriel/engines/cocos2d-x/cocos/renderer/backend/ShaderCache.h,3,4,7
/media/ullmann/HDDGabriel/engines/cocos2d-x/cocos/audio/android/IAudioPlayer.h,5,0,5
/media/ullmann/HDDGabriel/engines/cocos2d-x/cocos/editor-support/cocostudio/WidgetReader/ScrollViewReader/ScrollViewReader.h,6,2,8
/media/ullmann/HDDGabriel/engines/cocos2d-x/cocos/audio/android/audio_utils/primitives.c,0,3,3
/media/ullmann/HDDGabriel/engines/cocos2d-x/cocos/base/CCEventController.h,7,2,9
/media/ullmann/HDDGabriel/engines/cocos2d-x/cocos/scripting/deprecated/CCInteger.h,5,4,9
/media/ullmann/HDDGabriel/engines/cocos2d-x/cocos/audio/android/Track.cpp,0,2,2
/media/ullmann/HDDGabriel/engines/cocos2d-x/cocos/3d/CCAnimationCurve.h,1,4,5
/media/ullmann/HDDGabriel/engines/cocos2d-x/cocos/scripting/lua-bindings/auto/lua_cocos2dx_csloader_auto.cpp,0,4,4
/media/ullmann/HDDGabriel/engines/cocos2d-x/cocos/editor-support/cocostudio/WidgetReader/SkeletonReader/BoneNodeReader.h,3,2,5
/media/ullmann/HDDGabriel/engines/cocos2d-x/cocos/audio/win32/AudioDecoderMp3.cpp,0,4,4
/media/ullmann/HDDGabriel/engines/cocos2d-x/cocos/audio/android/AudioDecoderOgg.h,2,1,3
/media/ullmann/HDDGabriel/engines/cocos2d-x/cocos/2d/CCAnimationCache.h,5,4,9
/media/ullmann/HDDGabriel/engines/cocos2d-x/cocos/editor-support/cocostudio/TriggerBase.h,2,5,7
/media/ullmann/HDDGabriel/engines/cocos2d-x/cocos/2d/CCAnimationCache.cpp,0,3,3
/media/ullmann/HDDGabriel/engines/cocos2d-x/cocos/editor-support/cocostudio/CCActionObject.cpp,0,6,6
/media/ullmann/HDDGabriel/engines/cocos2d-x/cocos/platform/win32/CCApplication-win32.cpp,0,3,3
/media/ullmann/HDDGabriel/engines/cocos2d-x/cocos/physics/CCPhysicsShape.cpp,0,4,4
/media/ullmann/HDDGabriel/engines/cocos2d-x/cocos/2d/CCTMXLayer.cpp,0,9,9
/media/ullmann/HDDGabriel/engines/cocos2d-x/cocos/editor-support/cocostudio/TriggerBase.cpp,0,2,2
/media/ullmann/HDDGabriel/engines/cocos2d-x/cocos/platform/win32/CCDevice-win32.cpp,0,3,3
/media/ullmann/HDDGabriel/engines/cocos2d-x/cocos/2d/CCMotionStreak.cpp,0,9,9
/media/ullmann/HDDGabriel/engines/cocos2d-x/cocos/editor-support/cocostudio/CCDatas.cpp,0,3,3
/media/ullmann/HDDGabriel/engines/cocos2d-x/cocos/network/CCDownloader-android.h,3,1,4
/media/ullmann/HDDGabriel/engines/cocos2d-x/cocos/editor-support/cocostudio/ActionTimeline/CCBoneNode.cpp,0,7,7
/media/ullmann/HDDGabriel/engines/cocos2d-x/cocos/3d/CCRay.cpp,0,1,1
/media/ullmann/HDDGabriel/engines/cocos2d-x/cocos/audio/android/UrlAudioPlayer.cpp,0,2,2
/media/ullmann/HDDGabriel/engines/cocos2d-x/cocos/audio/android/UrlAudioPlayer.h,3,3,6
/media/ullmann/HDDGabriel/engines/cocos2d-x/cocos/base/ccRandom.cpp,0,1,1
/media/ullmann/HDDGabriel/engines/cocos2d-x/cocos/base/ccRandom.h,2,1,3
/media/ullmann/HDDGabriel/engines/cocos2d-x/cocos/platform/mac/CCGLViewImpl-mac.h,0,3,3
/media/ullmann/HDDGabriel/engines/cocos2d-x/cocos/audio/win32/AudioDecoder.h,4,0,4
/media/ullmann/HDDGabriel/engines/cocos2d-x/cocos/2d/CCTMXObjectGroup.h,6,3,9
/media/ullmann/HDDGabriel/engines/cocos2d-x/cocos/math/Vec2.cpp,0,3,3
/media/ullmann/HDDGabriel/engines/cocos2d-x/cocos/audio/android/AudioMixer.cpp,0,4,4
/media/ullmann/HDDGabriel/engines/cocos2d-x/cocos/audio/android/AudioMixerOps.h,1,1,2
/media/ullmann/HDDGabriel/engines/cocos2d-x/cocos/2d/CCComponentContainer.cpp,0,3,3
/media/ullmann/HDDGabriel/engines/cocos2d-x/cocos/2d/CCComponentContainer.h,3,1,4
/media/ullmann/HDDGabriel/engines/cocos2d-x/cocos/base/CCEventListener.cpp,0,2,2
/media/ullmann/HDDGabriel/engines/cocos2d-x/cocos/math/Mat4.h,8,4,12
/media/ullmann/HDDGabriel/engines/cocos2d-x/cocos/platform/win32/CCApplication-win32.h,1,3,4
/media/ullmann/HDDGabriel/engines/cocos2d-x/cocos/editor-support/cocostudio/CCProcessBase.h,4,3,7
/media/ullmann/HDDGabriel/engines/cocos2d-x/cocos/ui/UIEditBox/iOS/CCUIEditBoxIOS.h,0,1,1
/media/ullmann/HDDGabriel/engines/cocos2d-x/cocos/ui/UIEditBox/UIEditBoxImpl-ios.h,1,1,2
/media/ullmann/HDDGabriel/engines/cocos2d-x/cocos/audio/android/PcmAudioPlayer.h,2,3,5
/media/ullmann/HDDGabriel/engines/cocos2d-x/cocos/editor-support/cocostudio/CCDisplayFactory.cpp,0,7,7
/media/ullmann/HDDGabriel/engines/cocos2d-x/cocos/ui/UIAbstractCheckButton.cpp,0,4,4
/media/ullmann/HDDGabriel/engines/cocos2d-x/cocos/audio/include/AudioEngine.h,7,3,10
/media/ullmann/HDDGabriel/engines/cocos2d-x/cocos/base/CCNinePatchImageParser.cpp,0,3,3
/media/ullmann/HDDGabriel/engines/cocos2d-x/cocos/ui/UITabControl.cpp,0,5,5
/media/ullmann/HDDGabriel/engines/cocos2d-x/cocos/audio/win32/AudioDecoderManager.h,4,0,4
/media/ullmann/HDDGabriel/engines/cocos2d-x/cocos/renderer/backend/opengl/DepthStencilStateGL.cpp,0,4,4
/media/ullmann/HDDGabriel/engines/cocos2d-x/cocos/2d/CCFastTMXLayer.h,4,3,7
/media/ullmann/HDDGabriel/engines/cocos2d-x/cocos/ui/UIEditBox/UIEditBoxImpl-linux.cpp,0,4,4
/media/ullmann/HDDGabriel/engines/cocos2d-x/cocos/scripting/lua-bindings/manual/spine/lua_cocos2dx_spine_manual.hpp,2,0,2
/media/ullmann/HDDGabriel/engines/cocos2d-x/cocos/3d/CCFrustum.cpp,0,2,2
/media/ullmann/HDDGabriel/engines/cocos2d-x/cocos/editor-support/cocostudio/CCActionManagerEx.cpp,0,2,2
/media/ullmann/HDDGabriel/engines/cocos2d-x/cocos/editor-support/cocostudio/CCBatchNode.cpp,0,6,6
/media/ullmann/HDDGabriel/engines/cocos2d-x/cocos/3d/CCAnimate3D.cpp,0,8,8
/media/ullmann/HDDGabriel/engines/cocos2d-x/cocos/scripting/deprecated/CCNotificationCenter.cpp,0,3,3
/media/ullmann/HDDGabriel/engines/cocos2d-x/cocos/renderer/shaders/positionColor.vert,1,0,1
/media/ullmann/HDDGabriel/engines/cocos2d-x/cocos/platform/win32/CCFileUtils-win32.cpp,0,3,3
/media/ullmann/HDDGabriel/engines/cocos2d-x/cocos/editor-support/cocostudio/CCComAudio.cpp,0,3,3
/media/ullmann/HDDGabriel/engines/cocos2d-x/cocos/editor-support/cocostudio/SimpleAudioEngine.h,3,0,3
/media/ullmann/HDDGabriel/engines/cocos2d-x/cocos/network/CCDownloader.cpp,0,4,4
/media/ullmann/HDDGabriel/engines/cocos2d-x/cocos/audio/android/utils/Errors.h,2,0,2
/media/ullmann/HDDGabriel/engines/cocos2d-x/cocos/audio/android/audio_utils/private/private.h,1,0,1
/media/ullmann/HDDGabriel/engines/cocos2d-x/cocos/ui/UILayoutComponent.cpp,0,5,5
/media/ullmann/HDDGabriel/engines/cocos2d-x/cocos/platform/android/jni/TouchesJni.cpp,0,4,4
/media/ullmann/HDDGabriel/engines/cocos2d-x/cocos/audio/android/tinysndfile.cpp,0,3,3
/media/ullmann/HDDGabriel/engines/cocos2d-x/cocos/audio/android/tinysndfile.h,2,0,2
/media/ullmann/HDDGabriel/engines/cocos2d-x/cocos/2d/CCTransitionPageTurn.cpp,0,5,5
/media/ullmann/HDDGabriel/engines/cocos2d-x/cocos/audio/android/AudioDecoderWav.cpp,0,3,3
/media/ullmann/HDDGabriel/engines/cocos2d-x/cocos/scripting/lua-bindings/manual/platform/ios/CCLuaObjcBridge.h,1,1,2
/media/ullmann/HDDGabriel/engines/cocos2d-x/cocos/scripting/lua-bindings/auto/lua_cocos2dx_video_auto.cpp,0,4,4
/media/ullmann/HDDGabriel/engines/cocos2d-x/cocos/scripting/lua-bindings/auto/lua_cocos2dx_audioengine_auto.hpp,2,1,3
/media/ullmann/HDDGabriel/engines/cocos2d-x/cocos/renderer/backend/DepthStencilState.h,6,3,9
/media/ullmann/HDDGabriel/engines/cocos2d-x/cocos/base/CCNinePatchImageParser.h,5,2,7
/media/ullmann/HDDGabriel/engines/cocos2d-x/cocos/audio/android/AudioPlayerProvider.h,2,3,5
/media/ullmann/HDDGabriel/engines/cocos2d-x/cocos/base/CCController.cpp,0,4,4
/media/ullmann/HDDGabriel/engines/cocos2d-x/cocos/base/CCProperties.h,4,5,9
/media/ullmann/HDDGabriel/engines/cocos2d-x/cocos/platform/android/CCCommon-android.cpp,0,2,2
/media/ullmann/HDDGabriel/engines/cocos2d-x/cocos/scripting/lua-bindings/auto/lua_cocos2dx_navmesh_auto.hpp,2,1,3
/media/ullmann/HDDGabriel/engines/cocos2d-x/cocos/editor-support/cocostudio/ActionTimeline/CCActionTimeline.cpp,0,2,2
/media/ullmann/HDDGabriel/engines/cocos2d-x/cocos/renderer/shaders/position.vert,1,0,1
/media/ullmann/HDDGabriel/engines/cocos2d-x/cocos/ui/UIRelativeBox.h,2,2,4
/media/ullmann/HDDGabriel/engines/cocos2d-x/cocos/ui/UIEditBox/UIEditBoxImpl-win32.cpp,0,7,7
/media/ullmann/HDDGabriel/engines/cocos2d-x/cocos/2d/CCFontFreeType.cpp,0,5,5
/media/ullmann/HDDGabriel/engines/cocos2d-x/cocos/2d/CCFontFreeType.h,4,1,5
/media/ullmann/HDDGabriel/engines/cocos2d-x/cocos/base/CCEventController.cpp,0,1,1
/media/ullmann/HDDGabriel/engines/cocos2d-x/cocos/ui/UIVideoPlayer-android.cpp,0,6,6
/media/ullmann/HDDGabriel/engines/cocos2d-x/cocos/renderer/shaders/3D_colorTexture.frag,1,0,1
/media/ullmann/HDDGabriel/engines/cocos2d-x/cocos/audio/android/utils/Utils.cpp,0,2,2
/media/ullmann/HDDGabriel/engines/cocos2d-x/cocos/audio/android/utils/Utils.h,3,0,3
/media/ullmann/HDDGabriel/engines/cocos2d-x/cocos/base/etc1.cpp,0,1,1
/media/ullmann/HDDGabriel/engines/cocos2d-x/cocos/base/etc1.h,2,0,2
/media/ullmann/HDDGabriel/engines/cocos2d-x/cocos/ui/UIPageView.h,6,2,8
/media/ullmann/HDDGabriel/engines/cocos2d-x/cocos/network/HttpAsynConnection-apple.h,0,1,1
/media/ullmann/HDDGabriel/engines/cocos2d-x/cocos/editor-support/cocostudio/CCSSceneReader.h,1,2,3
/media/ullmann/HDDGabriel/engines/cocos2d-x/cocos/math/Vec4.cpp,0,3,3
/media/ullmann/HDDGabriel/engines/cocos2d-x/cocos/2d/CCTransitionProgress.cpp,0,6,6
/media/ullmann/HDDGabriel/engines/cocos2d-x/cocos/scripting/deprecated/CCSet.h,3,2,5
/media/ullmann/HDDGabriel/engines/cocos2d-x/cocos/base/TGAlib.h,3,0,3
/media/ullmann/HDDGabriel/engines/cocos2d-x/cocos/platform/ios/CCPlatformDefine-ios.h,1,0,1
/media/ullmann/HDDGabriel/engines/cocos2d-x/cocos/editor-support/cocostudio/CCArmatureDataManager.h,7,3,10
/media/ullmann/HDDGabriel/engines/cocos2d-x/cocos/renderer/shaders/3D_terrain.frag,1,0,1
/media/ullmann/HDDGabriel/engines/cocos2d-x/cocos/editor-support/cocostudio/CSLanguageDataBinary_generated.h,2,0,2
/media/ullmann/HDDGabriel/engines/cocos2d-x/cocos/editor-support/spine/v3/SkeletonTwoColorBatch.h,0,1,1
/media/ullmann/HDDGabriel/engines/cocos2d-x/cocos/renderer/shaders/positionTextureColorAlphaTest.frag,1,0,1
/media/ullmann/HDDGabriel/engines/cocos2d-x/cocos/ui/UIWebView/UIWebViewImpl-android.h,2,0,2
/media/ullmann/HDDGabriel/engines/cocos2d-x/cocos/editor-support/cocostudio/CCSSceneReader.cpp,0,6,6
/media/ullmann/HDDGabriel/engines/cocos2d-x/cocos/renderer/backend/RenderPassDescriptor.h,6,2,8
/media/ullmann/HDDGabriel/engines/cocos2d-x/cocos/base/CCEventAcceleration.cpp,0,1,1
/media/ullmann/HDDGabriel/engines/cocos2d-x/cocos/2d/CCTweenFunction.cpp,0,1,1
/media/ullmann/HDDGabriel/engines/cocos2d-x/cocos/renderer/backend/DeviceInfo.h,3,1,4
/media/ullmann/HDDGabriel/engines/cocos2d-x/cocos/scripting/lua-bindings/manual/network/lua_extensions.h,3,0,3
/media/ullmann/HDDGabriel/engines/cocos2d-x/cocos/base/CCEventListenerController.cpp,0,4,4
/media/ullmann/HDDGabriel/engines/cocos2d-x/cocos/renderer/backend/opengl/DeviceGL.cpp,0,9,9
/media/ullmann/HDDGabriel/engines/cocos2d-x/cocos/audio/android/audio_utils/include/audio_utils/primitives.h,5,0,5
/media/ullmann/HDDGabriel/engines/cocos2d-x/cocos/network/CCDownloader-android.cpp,0,3,3
/media/ullmann/HDDGabriel/engines/cocos2d-x/cocos/base/pvr.h,2,0,2
/media/ullmann/HDDGabriel/engines/cocos2d-x/cocos/editor-support/spine/AttachmentVertices.h,0,1,1
/media/ullmann/HDDGabriel/engines/cocos2d-x/cocos/editor-support/cocostudio/WidgetReader/WidgetReader.cpp,0,10,10
/media/ullmann/HDDGabriel/engines/cocos2d-x/cocos/base/ccFPSImages.h,2,1,3
/media/ullmann/HDDGabriel/engines/cocos2d-x/cocos/scripting/lua-bindings/manual/ui/lua_cocos2dx_video_manual.hpp,2,0,2
/media/ullmann/HDDGabriel/engines/cocos2d-x/cocos/2d/CCActionProgressTimer.h,4,1,5
/media/ullmann/HDDGabriel/engines/cocos2d-x/cocos/ui/UICheckBox.h,3,2,5
/media/ullmann/HDDGabriel/engines/cocos2d-x/cocos/scripting/lua-bindings/auto/lua_cocos2dx_spine_auto.hpp,2,1,3
/media/ullmann/HDDGabriel/engines/cocos2d-x/cocos/2d/CCActionManager.h,4,3,7
/media/ullmann/HDDGabriel/engines/cocos2d-x/cocos/2d/CCTransition.h,6,1,7
/media/ullmann/HDDGabriel/engines/cocos2d-x/cocos/renderer/backend/metal/DeviceInfoMTL.h,0,1,1
/media/ullmann/HDDGabriel/engines/cocos2d-x/cocos/navmesh/CCNavMeshAgent.cpp,0,4,4
/media/ullmann/HDDGabriel/engines/cocos2d-x/cocos/math/CCMathBase.h,4,1,5
/media/ullmann/HDDGabriel/engines/cocos2d-x/cocos/scripting/lua-bindings/auto/lua_cocos2dx_webview_auto.cpp,0,4,4
/media/ullmann/HDDGabriel/engines/cocos2d-x/cocos/platform/ios/CCStdC-ios.h,1,1,2
/media/ullmann/HDDGabriel/engines/cocos2d-x/cocos/editor-support/cocostudio/CocoLoader.cpp,0,1,1
/media/ullmann/HDDGabriel/engines/cocos2d-x/cocos/platform/win32/CCStdC-win32.h,1,1,2
/media/ullmann/HDDGabriel/engines/cocos2d-x/cocos/editor-support/cocostudio/ActionTimeline/CCSkeletonNode.cpp,0,6,6
/media/ullmann/HDDGabriel/engines/cocos2d-x/cocos/base/TGAlib.cpp,0,3,3
/media/ullmann/HDDGabriel/engines/cocos2d-x/cocos/scripting/lua-bindings/manual/LuaBasicConversions.cpp,0,7,7
/media/ullmann/HDDGabriel/engines/cocos2d-x/cocos/audio/android/AudioDecoderSLES.h,2,1,3
/media/ullmann/HDDGabriel/engines/cocos2d-x/cocos/base/CCEventListenerMouse.cpp,0,1,1
/media/ullmann/HDDGabriel/engines/cocos2d-x/cocos/editor-support/cocostudio/WidgetReader/ListViewReader/ListViewReader.cpp,0,7,7
/media/ullmann/HDDGabriel/engines/cocos2d-x/cocos/scripting/lua-bindings/auto/lua_cocos2dx_spine_auto.cpp,0,4,4
/media/ullmann/HDDGabriel/engines/cocos2d-x/cocos/ui/UIScrollViewBar.h,2,1,3
/media/ullmann/HDDGabriel/engines/cocos2d-x/cocos/renderer/shaders/3D_skybox.vert,1,0,1
/media/ullmann/HDDGabriel/engines/cocos2d-x/cocos/scripting/deprecated/CCFloat.h,4,2,6
/media/ullmann/HDDGabriel/engines/cocos2d-x/cocos/base/firePngData.h,1,0,1
/media/ullmann/HDDGabriel/engines/cocos2d-x/cocos/network/SocketIO.h,1,2,3
/media/ullmann/HDDGabriel/engines/cocos2d-x/cocos/editor-support/cocostudio/CCArmatureDataManager.cpp,0,5,5
/media/ullmann/HDDGabriel/engines/cocos2d-x/cocos/editor-support/cocostudio/WidgetReader/PageViewReader/PageViewReader.h,5,2,7
/media/ullmann/HDDGabriel/engines/cocos2d-x/cocos/base/CCEventListenerKeyboard.cpp,0,2,2
/media/ullmann/HDDGabriel/engines/cocos2d-x/cocos/editor-support/spine/v3/SkeletonBatch.h,0,1,1
/media/ullmann/HDDGabriel/engines/cocos2d-x/cocos/ui/UITextField.cpp,0,5,5
/media/ullmann/HDDGabriel/engines/cocos2d-x/cocos/renderer/CCTextureUtils.cpp,0,1,1
/media/ullmann/HDDGabriel/engines/cocos2d-x/cocos/scripting/lua-bindings/manual/CCComponentLua.h,2,1,3
/media/ullmann/HDDGabriel/engines/cocos2d-x/cocos/editor-support/cocostudio/WidgetReader/WidgetReaderProtocol.h,2,2,4
/media/ullmann/HDDGabriel/engines/cocos2d-x/cocos/math/Quaternion.cpp,0,2,2
/media/ullmann/HDDGabriel/engines/cocos2d-x/cocos/renderer/backend/metal/CommandBufferMTL.h,0,2,2
/media/ullmann/HDDGabriel/engines/cocos2d-x/cocos/renderer/backend/metal/DeviceMTL.h,2,1,3
/media/ullmann/HDDGabriel/engines/cocos2d-x/cocos/editor-support/cocostudio/TriggerMng.h,2,1,3
/media/ullmann/HDDGabriel/engines/cocos2d-x/cocos/platform/linux/CCCommon-linux.cpp,0,3,3
/media/ullmann/HDDGabriel/engines/cocos2d-x/cocos/renderer/shaders/positionUColor.vert,1,0,1
/media/ullmann/HDDGabriel/engines/cocos2d-x/cocos/2d/CCFont.h,4,2,6
/media/ullmann/HDDGabriel/engines/cocos2d-x/cocos/scripting/lua-bindings/auto/lua_cocos2dx_physics3d_auto.cpp,0,4,4
/media/ullmann/HDDGabriel/engines/cocos2d-x/cocos/renderer/shaders/ui_Gray.frag,1,0,1
/media/ullmann/HDDGabriel/engines/cocos2d-x/cocos/3d/CCBillBoard.h,2,1,3
/media/ullmann/HDDGabriel/engines/cocos2d-x/cocos/renderer/shaders/3D_particle.frag,1,0,1
/media/ullmann/HDDGabriel/engines/cocos2d-x/cocos/scripting/lua-bindings/manual/cocostudio/CustomGUIReader.cpp,0,2,2
/media/ullmann/HDDGabriel/engines/cocos2d-x/cocos/renderer/shaders/positionTextureUColor.vert,1,0,1
/media/ullmann/HDDGabriel/engines/cocos2d-x/cocos/ui/UIAbstractCheckButton.h,4,2,6
/media/ullmann/HDDGabriel/engines/cocos2d-x/cocos/renderer/shaders/positionUColor.frag,1,0,1
/media/ullmann/HDDGabriel/engines/cocos2d-x/cocos/scripting/lua-bindings/auto/lua_cocos2dx_physics3d_auto.hpp,2,1,3
/media/ullmann/HDDGabriel/engines/cocos2d-x/cocos/renderer/backend/opengl/DeviceInfoGL.h,2,1,3
/media/ullmann/HDDGabriel/engines/cocos2d-x/cocos/editor-support/cocostudio/CCProcessBase.cpp,0,2,2
/media/ullmann/HDDGabriel/engines/cocos2d-x/cocos/2d/CCComponent.cpp,0,1,1
/media/ullmann/HDDGabriel/engines/cocos2d-x/cocos/editor-support/spine/v4/SkeletonBatch.cpp,0,2,2
/media/ullmann/HDDGabriel/engines/cocos2d-x/cocos/renderer/backend/metal/RenderPipelineMTL.h,0,2,2
/media/ullmann/HDDGabriel/engines/cocos2d-x/cocos/renderer/backend/RenderPipelineDescriptor.h,5,4,9
/media/ullmann/HDDGabriel/engines/cocos2d-x/cocos/2d/CCActionGrid3D.h,4,1,5
/media/ullmann/HDDGabriel/engines/cocos2d-x/cocos/audio/android/AudioDecoderWav.h,2,1,3
/media/ullmann/HDDGabriel/engines/cocos2d-x/cocos/scripting/lua-bindings/auto/lua_cocos2dx_csloader_auto.hpp,2,1,3
/media/ullmann/HDDGabriel/engines/cocos2d-x/cocos/scripting/lua-bindings/manual/platform/android/jni/Cocos2dxLuaJavaBridge.cpp,0,3,3
/media/ullmann/HDDGabriel/engines/cocos2d-x/cocos/renderer/backend/ShaderModule.cpp,0,1,1
/media/ullmann/HDDGabriel/engines/cocos2d-x/cocos/ui/UILayoutManager.h,2,3,5
/media/ullmann/HDDGabriel/engines/cocos2d-x/cocos/base/CCEventTouch.cpp,0,2,2
/media/ullmann/HDDGabriel/engines/cocos2d-x/cocos/editor-support/cocostudio/WidgetReader/NodeReaderDefine.cpp,0,1,1
/media/ullmann/HDDGabriel/engines/cocos2d-x/cocos/3d/CCBillBoard.cpp,0,5,5
/media/ullmann/HDDGabriel/engines/cocos2d-x/cocos/base/base64.cpp,0,1,1
/media/ullmann/HDDGabriel/engines/cocos2d-x/cocos/renderer/backend/opengl/BufferGL.h,3,3,6
/media/ullmann/HDDGabriel/engines/cocos2d-x/cocos/renderer/shaders/3D_terrain.vert,1,0,1
/media/ullmann/HDDGabriel/engines/cocos2d-x/cocos/platform/win32/CCCommon-win32.cpp,0,3,3
/media/ullmann/HDDGabriel/engines/cocos2d-x/cocos/renderer/shaders/label_normal.frag,1,0,1
/media/ullmann/HDDGabriel/engines/cocos2d-x/cocos/platform/android/jni/Java_org_cocos2dx_lib_Cocos2dxHelper.cpp,0,4,4
/media/ullmann/HDDGabriel/engines/cocos2d-x/cocos/platform/CCSAXParser.cpp,0,2,2
/media/ullmann/HDDGabriel/engines/cocos2d-x/cocos/ui/UIListView.cpp,0,2,2
/media/ullmann/HDDGabriel/engines/cocos2d-x/cocos/audio/android/audio_utils/format.c,0,4,4
/media/ullmann/HDDGabriel/engines/cocos2d-x/cocos/renderer/shaders/label_outline.frag,1,0,1
/media/ullmann/HDDGabriel/engines/cocos2d-x/cocos/audio/android/AssetFd.h,2,0,2
/media/ullmann/HDDGabriel/engines/cocos2d-x/cocos/renderer/backend/opengl/DeviceInfoGL.cpp,0,2,2
/media/ullmann/HDDGabriel/engines/cocos2d-x/cocos/ui/UIEditBox/Mac/CCUIEditBoxMac.h,0,2,2
/media/ullmann/HDDGabriel/engines/cocos2d-x/cocos/ui/UIEditBox/Mac/CCUITextInput.h,4,0,4
/media/ullmann/HDDGabriel/engines/cocos2d-x/cocos/navmesh/CCNavMeshObstacle.cpp,0,4,4
/media/ullmann/HDDGabriel/engines/cocos2d-x/cocos/renderer/CCGroupCommand.cpp,0,3,3
/media/ullmann/HDDGabriel/engines/cocos2d-x/cocos/editor-support/cocostudio/WidgetReader/ArmatureNodeReader/CSArmatureNode_generated.h,1,0,1
/media/ullmann/HDDGabriel/engines/cocos2d-x/cocos/scripting/lua-bindings/manual/Cocos2dxLuaLoader.cpp,0,4,4
/media/ullmann/HDDGabriel/engines/cocos2d-x/cocos/scripting/lua-bindings/manual/platform/android/jni/Cocos2dxLuaJavaBridge.h,1,0,1
/media/ullmann/HDDGabriel/engines/cocos2d-x/cocos/network/HttpRequest.h,2,2,4
/media/ullmann/HDDGabriel/engines/cocos2d-x/cocos/3d/CCObjLoader.cpp,0,3,3
/media/ullmann/HDDGabriel/engines/cocos2d-x/cocos/platform/win32/inet_pton_mingw.cpp,0,1,1
/media/ullmann/HDDGabriel/engines/cocos2d-x/cocos/platform/win32/inet_pton_mingw.h,2,0,2
/media/ullmann/HDDGabriel/engines/cocos2d-x/cocos/audio/android/AudioDecoderSLES.cpp,0,2,2
/media/ullmann/HDDGabriel/engines/cocos2d-x/cocos/network/HttpResponse.h,1,1,2
/media/ullmann/HDDGabriel/engines/cocos2d-x/cocos/base/CCEventFocus.cpp,0,1,1
/media/ullmann/HDDGabriel/engines/cocos2d-x/cocos/renderer/backend/ShaderCache.cpp,0,2,2
/media/ullmann/HDDGabriel/engines/cocos2d-x/cocos/editor-support/cocostudio/CCUtilMath.cpp,0,1,1
/media/ullmann/HDDGabriel/engines/cocos2d-x/cocos/ui/UIEditBox/Mac/CCUIMultilineTextField.h,0,1,1
/media/ullmann/HDDGabriel/engines/cocos2d-x/cocos/ui/UIEditBox/UIEditBox.cpp,0,3,3
/media/ullmann/HDDGabriel/engines/cocos2d-x/cocos/renderer/backend/metal/TextureMTL.h,0,2,2
/media/ullmann/HDDGabriel/engines/cocos2d-x/cocos/network/Uri.h,3,1,4
/media/ullmann/HDDGabriel/engines/cocos2d-x/cocos/math/MathUtil.cpp,0,6,6
/media/ullmann/HDDGabriel/engines/cocos2d-x/cocos/math/MathUtilSSE.inl,1,0,1
/media/ullmann/HDDGabriel/engines/cocos2d-x/cocos/platform/win32/CCStdC-win32.cpp,0,1,1
/media/ullmann/HDDGabriel/engines/cocos2d-x/cocos/ui/UITextAtlas.cpp,0,3,3
/media/ullmann/HDDGabriel/engines/cocos2d-x/cocos/renderer/backend/Device.cpp,0,1,1
/media/ullmann/HDDGabriel/engines/cocos2d-x/cocos/audio/android/AssetFd.cpp,0,2,2
/media/ullmann/HDDGabriel/engines/cocos2d-x/cocos/renderer/shaders/cameraClear.frag,1,0,1
/media/ullmann/HDDGabriel/engines/cocos2d-x/cocos/base/CCStencilStateManager.cpp,0,5,5
/media/ullmann/HDDGabriel/engines/cocos2d-x/cocos/renderer/shaders/3D_skybox.frag,1,0,1
/media/ullmann/HDDGabriel/engines/cocos2d-x/cocos/editor-support/spine/spine-cocos2dx.h,3,1,4
/media/ullmann/HDDGabriel/engines/cocos2d-x/cocos/platform/android/CCStdC-android.h,1,1,2
/media/ullmann/HDDGabriel/engines/cocos2d-x/cocos/precheader.h,0,1,1
/media/ullmann/HDDGabriel/engines/cocos2d-x/cocos/editor-support/cocostudio/CCTransformHelp.cpp,0,2,2
/media/ullmann/HDDGabriel/engines/cocos2d-x/cocos/2d/CCLight.cpp,0,2,2
/media/ullmann/HDDGabriel/engines/cocos2d-x/cocos/renderer/backend/DepthStencilState.cpp,0,1,1
/media/ullmann/HDDGabriel/engines/cocos2d-x/cocos/editor-support/spine/v4/SkeletonBatch.h,0,1,1
/media/ullmann/HDDGabriel/engines/cocos2d-x/cocos/platform/android/CCPlatformDefine-android.h,1,0,1
/media/ullmann/HDDGabriel/engines/cocos2d-x/cocos/scripting/lua-bindings/manual/tolua_fix.cpp,0,3,3
/media/ullmann/HDDGabriel/engines/cocos2d-x/cocos/ui/UILayoutManager.cpp,0,2,2
/media/ullmann/HDDGabriel/engines/cocos2d-x/cocos/math/CCGeometry.cpp,0,2,2
/media/ullmann/HDDGabriel/engines/cocos2d-x/cocos/editor-support/cocostudio/SimpleAudioEngine.cpp,0,2,2
/media/ullmann/HDDGabriel/engines/cocos2d-x/cocos/math/Vec4.inl,1,0,1
/media/ullmann/HDDGabriel/engines/cocos2d-x/cocos/platform/apple/CCDevice-apple.h,0,1,1
/media/ullmann/HDDGabriel/engines/cocos2d-x/cocos/scripting/lua-bindings/manual/cocos2d/lua_cocos2dx_deprecated.h,2,0,2
/media/ullmann/HDDGabriel/engines/cocos2d-x/cocos/base/CCEventKeyboard.cpp,0,1,1
/media/ullmann/HDDGabriel/engines/cocos2d-x/cocos/audio/android/audio_utils/include/audio_utils/format.h,1,1,2
/media/ullmann/HDDGabriel/engines/cocos2d-x/cocos/ui/UIImageView.cpp,0,5,5
/media/ullmann/HDDGabriel/engines/cocos2d-x/cocos/platform/mac/CCStdC-mac.h,1,1,2
/media/ullmann/HDDGabriel/engines/cocos2d-x/cocos/renderer/backend/VertexLayout.cpp,0,2,2
/media/ullmann/HDDGabriel/engines/cocos2d-x/cocos/editor-support/spine/spine.h,1,0,1
/media/ullmann/HDDGabriel/engines/cocos2d-x/cocos/renderer/CCRenderCommand.cpp,0,3,3
/media/ullmann/HDDGabriel/engines/cocos2d-x/cocos/base/CCIMEDispatcher.cpp,0,1,1
/media/ullmann/HDDGabriel/engines/cocos2d-x/cocos/base/ccUTF8.cpp,0,3,3
/media/ullmann/HDDGabriel/engines/cocos2d-x/cocos/audio/android/PcmAudioService.cpp,0,2,2
/media/ullmann/HDDGabriel/engines/cocos2d-x/cocos/physics3d/CCPhysics3DObject.cpp,0,2,2
/media/ullmann/HDDGabriel/engines/cocos2d-x/cocos/scripting/lua-bindings/auto/lua_cocos2dx_extension_auto.cpp,0,3,3
/media/ullmann/HDDGabriel/engines/cocos2d-x/cocos/2d/CCActionGrid.cpp,0,4,4
/media/ullmann/HDDGabriel/engines/cocos2d-x/cocos/renderer/shaders/label_distanceNormal.frag,1,0,1
/media/ullmann/HDDGabriel/engines/cocos2d-x/cocos/math/Mat4.inl,1,0,1
/media/ullmann/HDDGabriel/engines/cocos2d-x/cocos/editor-support/cocostudio/ActionTimeline/CCActionTimelineNode.h,4,3,7
/media/ullmann/HDDGabriel/engines/cocos2d-x/cocos/3d/CCOBB.cpp,0,1,1
/media/ullmann/HDDGabriel/engines/cocos2d-x/cocos/ui/UIEditBox/UIEditBoxImpl-mac.h,1,2,3
/media/ullmann/HDDGabriel/engines/cocos2d-x/cocos/renderer/backend/metal/Utils.h,0,2,2
/media/ullmann/HDDGabriel/engines/cocos2d-x/cocos/platform/linux/CCApplication-linux.cpp,0,4,4
/media/ullmann/HDDGabriel/engines/cocos2d-x/cocos/base/CCEventListenerFocus.cpp,0,3,3
/media/ullmann/HDDGabriel/engines/cocos2d-x/cocos/audio/android/AudioDecoderOgg.cpp,0,2,2
/media/ullmann/HDDGabriel/engines/cocos2d-x/cocos/2d/CCFastTMXTiledMap.h,4,2,6
/media/ullmann/HDDGabriel/engines/cocos2d-x/cocos/base/atitc.cpp,0,1,1
/media/ullmann/HDDGabriel/engines/cocos2d-x/cocos/base/atitc.h,2,1,3
/media/ullmann/HDDGabriel/engines/cocos2d-x/cocos/network/Uri.cpp,0,2,2
/media/ullmann/HDDGabriel/engines/cocos2d-x/cocos/scripting/lua-bindings/manual/cocostudio/CustomGUIReader.h,2,1,3
/media/ullmann/HDDGabriel/engines/cocos2d-x/cocos/2d/CCActionEase.cpp,0,2,2
/media/ullmann/HDDGabriel/engines/cocos2d-x/cocos/base/ccCArray.cpp,0,2,2
/media/ullmann/HDDGabriel/engines/cocos2d-x/cocos/ui/UIEditBox/Mac/CCUISingleLineTextField.h,0,1,1
/media/ullmann/HDDGabriel/engines/cocos2d-x/cocos/renderer/shaders/3D_color.frag,1,0,1
/media/ullmann/HDDGabriel/engines/cocos2d-x/cocos/audio/win32/AudioDecoder.cpp,0,3,3
/media/ullmann/HDDGabriel/engines/cocos2d-x/cocos/base/CCValue.cpp,0,2,2
/media/ullmann/HDDGabriel/engines/cocos2d-x/cocos/platform/mac/CCPlatformDefine-mac.h,1,0,1
/media/ullmann/HDDGabriel/engines/cocos2d-x/cocos/platform/android/CCEnhanceAPI-android.cpp,0,2,2
/media/ullmann/HDDGabriel/engines/cocos2d-x/cocos/audio/android/AudioResamplerPublic.h,1,0,1
/media/ullmann/HDDGabriel/engines/cocos2d-x/cocos/ui/CocosGUI.cpp,0,1,1
/media/ullmann/HDDGabriel/engines/cocos2d-x/cocos/renderer/backend/RenderPassDescriptor.cpp,0,1,1
/media/ullmann/HDDGabriel/engines/cocos2d-x/cocos/base/s3tc.cpp,0,1,1
/media/ullmann/HDDGabriel/engines/cocos2d-x/cocos/base/s3tc.h,2,1,3
/media/ullmann/HDDGabriel/engines/cocos2d-x/cocos/math/TransformUtils.cpp,0,2,2
/media/ullmann/HDDGabriel/engines/cocos2d-x/cocos/renderer/shaders/3D_colorNormalTexture.frag,1,0,1
/media/ullmann/HDDGabriel/engines/cocos2d-x/cocos/ui/UIRelativeBox.cpp,0,1,1
/media/ullmann/HDDGabriel/engines/cocos2d-x/cocos/platform/linux/CCGL-linux.h,1,0,1
/media/ullmann/HDDGabriel/engines/cocos2d-x/cocos/renderer/backend/metal/ProgramMTL.h,0,1,1
/media/ullmann/HDDGabriel/engines/cocos2d-x/cocos/renderer/backend/CommandBuffer.cpp,0,1,1
/media/ullmann/HDDGabriel/engines/cocos2d-x/cocos/editor-support/cocostudio/CCComController.cpp,0,2,2
/media/ullmann/HDDGabriel/engines/cocos2d-x/cocos/base/pvr.cpp,0,1,1
/media/ullmann/HDDGabriel/engines/cocos2d-x/cocos/math/Quaternion.inl,1,0,1
/media/ullmann/HDDGabriel/engines/cocos2d-x/cocos/audio/android/PcmData.cpp,0,2,2
/media/ullmann/HDDGabriel/engines/cocos2d-x/cocos/renderer/shaders/3D_particle.vert,1,0,1
/media/ullmann/HDDGabriel/engines/cocos2d-x/cocos/2d/CCTMXObjectGroup.cpp,0,2,2
/media/ullmann/HDDGabriel/engines/cocos2d-x/cocos/renderer/backend/opengl/BufferGL.cpp,0,5,5
/media/ullmann/HDDGabriel/engines/cocos2d-x/cocos/2d/CCFastTMXTiledMap.cpp,0,3,3
/media/ullmann/HDDGabriel/engines/cocos2d-x/cocos/renderer/shaders/positionTexture.frag,1,0,1
/media/ullmann/HDDGabriel/engines/cocos2d-x/cocos/ui/UIPageView.cpp,0,2,2
/media/ullmann/HDDGabriel/engines/cocos2d-x/cocos/renderer/shaders/etc1_Gray.frag,1,0,1
/media/ullmann/HDDGabriel/engines/cocos2d-x/cocos/editor-support/spine/v4/SkeletonTwoColorBatch.h,0,1,1
/media/ullmann/HDDGabriel/engines/cocos2d-x/cocos/scripting/lua-bindings/manual/cocos2d/lua_cocos2dx_physics_manual.hpp,1,1,2
/media/ullmann/HDDGabriel/engines/cocos2d-x/cocos/scripting/lua-bindings/auto/lua_cocos2dx_extension_auto.hpp,2,1,3
/media/ullmann/HDDGabriel/engines/cocos2d-x/cocos/scripting/deprecated/CCSet.cpp,0,1,1
/media/ullmann/HDDGabriel/engines/cocos2d-x/cocos/2d/CCActionTween.cpp,0,1,1
/media/ullmann/HDDGabriel/engines/cocos2d-x/cocos/platform/android/jni/JniHelper.cpp,0,2,2
/media/ullmann/HDDGabriel/engines/cocos2d-x/cocos/base/CCAutoreleasePool.cpp,0,2,2
/media/ullmann/HDDGabriel/engines/cocos2d-x/cocos/network/CCDownloader-curl.h,2,1,3
/media/ullmann/HDDGabriel/engines/cocos2d-x/cocos/editor-support/cocostudio/WidgetReader/TabControlReader/CSTabControl_generated.h,1,0,1
/media/ullmann/HDDGabriel/engines/cocos2d-x/cocos/renderer/shaders/3D_positionNormalTexture.vert,1,0,1
/media/ullmann/HDDGabriel/engines/cocos2d-x/cocos/platform/android/CCApplication-android.h,2,2,4
/media/ullmann/HDDGabriel/engines/cocos2d-x/cocos/base/CCEventMouse.cpp,0,2,2
/media/ullmann/HDDGabriel/engines/cocos2d-x/cocos/audio/android/mp3reader.h,2,0,2
/media/ullmann/HDDGabriel/engines/cocos2d-x/cocos/scripting/lua-bindings/manual/network/lua_extensions.c,0,1,1
/media/ullmann/HDDGabriel/engines/cocos2d-x/cocos/renderer/shaders/etc1.frag,1,0,1
/media/ullmann/HDDGabriel/engines/cocos2d-x/cocos/renderer/backend/Types.cpp,0,1,1
/media/ullmann/HDDGabriel/engines/cocos2d-x/cocos/renderer/shaders/lineColor.frag,1,0,1
/media/ullmann/HDDGabriel/engines/cocos2d-x/cocos/renderer/backend/opengl/RenderPipelineGL.cpp,0,5,5
/media/ullmann/HDDGabriel/engines/cocos2d-x/cocos/editor-support/cocostudio/WidgetReader/NodeReaderProtocol.cpp,0,1,1
/media/ullmann/HDDGabriel/engines/cocos2d-x/cocos/3d/CCBundle3DData.cpp,0,1,1
/media/ullmann/HDDGabriel/engines/cocos2d-x/cocos/2d/CCParallaxNode.cpp,0,2,2
/media/ullmann/HDDGabriel/engines/cocos2d-x/cocos/2d/CCAutoPolygon.cpp,0,3,3
/media/ullmann/HDDGabriel/engines/cocos2d-x/cocos/renderer/shaders/positionColorLengthTexture.vert,1,0,1
/media/ullmann/HDDGabriel/engines/cocos2d-x/cocos/renderer/shaders/cameraClear.vert,1,0,1
/media/ullmann/HDDGabriel/engines/cocos2d-x/cocos/editor-support/cocostudio/TriggerObj.cpp,0,2,2
/media/ullmann/HDDGabriel/engines/cocos2d-x/cocos/renderer/backend/metal/DepthStencilStateMTL.h,0,1,1
/media/ullmann/HDDGabriel/engines/cocos2d-x/cocos/network/CCDownloader-apple.h,1,1,2
/media/ullmann/HDDGabriel/engines/cocos2d-x/cocos/scripting/lua-bindings/manual/CCLuaValue.cpp,0,1,1
/media/ullmann/HDDGabriel/engines/cocos2d-x/cocos/math/Vec2.inl,1,0,1
/media/ullmann/HDDGabriel/engines/cocos2d-x/cocos/base/CCEvent.cpp,0,1,1
/media/ullmann/HDDGabriel/engines/cocos2d-x/cocos/cocos2d.cpp,0,1,1
/media/ullmann/HDDGabriel/engines/cocos2d-x/cocos/ui/UICheckBox.cpp,0,1,1
/media/ullmann/HDDGabriel/engines/cocos2d-x/cocos/3d/CCAnimationCurve.inl,1,0,1
/media/ullmann/HDDGabriel/engines/cocos2d-x/cocos/ui/UIText.cpp,0,3,3
/media/ullmann/HDDGabriel/engines/cocos2d-x/cocos/renderer/shaders/positionNoMVP.vert,1,0,1
/media/ullmann/HDDGabriel/engines/cocos2d-x/cocos/renderer/backend/Texture.cpp,0,1,1
/media/ullmann/HDDGabriel/engines/cocos2d-x/cocos/ui/UIRadioButton.cpp,0,1,1
/media/ullmann/HDDGabriel/engines/cocos2d-x/cocos/math/MathUtilNeon64.inl,1,0,1
/media/ullmann/HDDGabriel/engines/cocos2d-x/cocos/base/ObjectFactory.cpp,0,1,1
/media/ullmann/HDDGabriel/engines/cocos2d-x/cocos/audio/android/AudioDecoderMp3.cpp,0,3,3
/media/ullmann/HDDGabriel/engines/cocos2d-x/cocos/math/MathUtil.inl,1,0,1
/media/ullmann/HDDGabriel/engines/cocos2d-x/cocos/platform/win32/CCGL-win32.h,1,0,1
/media/ullmann/HDDGabriel/engines/cocos2d-x/cocos/renderer/shaders/3D_colorNormal.frag,1,0,1
/media/ullmann/HDDGabriel/engines/cocos2d-x/cocos/math/Vec3.inl,1,0,1
/media/ullmann/HDDGabriel/engines/cocos2d-x/cocos/2d/CCActionGrid3D.cpp,0,2,2
/media/ullmann/HDDGabriel/engines/cocos2d-x/cocos/3d/CCPlane.cpp,0,1,1
/media/ullmann/HDDGabriel/engines/cocos2d-x/cocos/2d/CCActionProgressTimer.cpp,0,2,2
/media/ullmann/HDDGabriel/engines/cocos2d-x/cocos/3d/CC3DProgramInfo.cpp,0,1,1
/media/ullmann/HDDGabriel/engines/cocos2d-x/cocos/renderer/backend/metal/BufferManager.h,0,1,1
/media/ullmann/HDDGabriel/engines/cocos2d-x/cocos/physics3d/CCPhysics3DConstraint.cpp,0,1,1
/media/ullmann/HDDGabriel/engines/cocos2d-x/cocos/base/CCAsyncTaskPool.cpp,0,1,1
/media/ullmann/HDDGabriel/engines/cocos2d-x/cocos/navmesh/CCNavMeshUtils.cpp,0,1,1
/media/ullmann/HDDGabriel/engines/cocos2d-x/cocos/editor-support/spine/SkeletonRenderer.h,0,1,1
/media/ullmann/HDDGabriel/engines/cocos2d-x/cocos/physics3d/CCPhysicsSprite3D.cpp,0,1,1
/media/ullmann/HDDGabriel/engines/cocos2d-x/cocos/editor-support/cocostudio/CCArmatureDefine.cpp,0,1,1
/media/ullmann/HDDGabriel/engines/cocos2d-x/cocos/math/MathUtilNeon.inl,1,0,1
/media/ullmann/HDDGabriel/engines/cocos2d-x/cocos/ui/UIEditBox/Mac/CCUIPasswordTextField.h,0,1,1
/media/ullmann/HDDGabriel/engines/cocos2d-x/cocos/audio/include/Export.h,1,0,1
/media/ullmann/HDDGabriel/engines/cocos2d-x/cocos/base/ccFPSImages.c,0,1,1
/media/ullmann/HDDGabriel/engines/cocos2d-x/cocos/renderer/shaders/3D_positionTexture.vert,1,0,1
/media/ullmann/HDDGabriel/engines/cocos2d-x/cocos/editor-support/spine/SkeletonAnimation.h,0,1,1
/media/ullmann/HDDGabriel/engines/cocos2d-x/cocos/renderer/shaders/label_distanceFieldGlow.frag,1,0,1
