,edge,includes,includedby,sum
9,SoundSource.cpp,0,12,12
6,Audio.cpp,0,11,11
2,Sound.cpp,0,10,10
20,Precompiled.h,8,0,8
4,SoundSource3D.cpp,0,8,8
8,Audio.h,3,5,8
1,Sound.h,5,2,7
32,BufferedSoundStream.h,1,5,6
16,SoundStream.h,4,1,5
7,DebugNew.h,5,0,5
26,Context.h,5,0,5
29,ArrayPtr.h,4,0,4
0,OggVorbisSoundStream.cpp,0,4,4
3,OggVorbisSoundStream.h,2,2,4
5,SoundListener.h,3,1,4
10,SoundSource.h,2,2,4
27,SoundSource3D.h,2,1,3
25,BufferedSoundStream.cpp,0,3,3
15,Log.h,3,0,3
19,SoundListener.cpp,0,3,3
11,AudioDefs.h,2,1,3
38,Node.h,2,0,2
37,Mutex.h,2,0,2
14,Object.h,2,0,2
13,AudioEvents.h,1,1,2
23,Component.h,2,0,2
21,SoundStream.cpp,0,2,2
18,ResourceCache.h,2,0,2
12,Profiler.h,2,0,2
24,DebugRenderer.h,1,0,1
22,CoreEvents.h,1,0,1
28,FileSystem.h,1,0,1
30,Resource.h,1,0,1
31,HashSet.h,1,0,1
33,List.h,1,0,1
34,Str.h,1,0,1
35,ReplicationState.h,1,0,1
36,XMLFile.h,1,0,1
17,RefCounted.h,1,0,1
39,Pair.h,1,0,1
40,ProcessUtils.h,1,0,1
