edge,includes,includedby,sum
/media/ullmann/HDDGabriel/research/engines/cocos2d-x/extensions/Particle3D/PU/CCPUTextureAnimatorTranslator.h,3,2,5
/media/ullmann/HDDGabriel/research/engines/cocos2d-x/extensions/Particle3D/PU/CCPUScriptCompiler.h,1,68,69
/media/ullmann/HDDGabriel/research/engines/cocos2d-x/cocos/cocos2d.h,161,1,162
/media/ullmann/HDDGabriel/research/engines/cocos2d-x/cocos/renderer/CCRenderCommand.h,0,1,1
/media/ullmann/HDDGabriel/research/engines/cocos2d-x/extensions/Particle3D/PU/CCPURandomiserTranslator.h,3,2,5
/media/ullmann/HDDGabriel/research/engines/cocos2d-x/extensions/Particle3D/PU/CCPURandomiser.h,1,3,4
/media/ullmann/HDDGabriel/research/engines/cocos2d-x/extensions/GUI/CCControlExtension/CCControlHuePicker.h,3,2,5
/media/ullmann/HDDGabriel/research/engines/cocos2d-x/extensions/GUI/CCControlExtension/CCControl.h,2,12,14
/media/ullmann/HDDGabriel/research/engines/cocos2d-x/extensions/Particle3D/PU/CCPUDoScaleEventHandlerTranslator.cpp,4,0,4
/media/ullmann/HDDGabriel/research/engines/cocos2d-x/extensions/Particle3D/PU/CCPUParticleSystem3D.h,1,132,133
/media/ullmann/HDDGabriel/research/engines/cocos2d-x/extensions/Particle3D/PU/CCPUAffectorManager.cpp,27,0,27
/media/ullmann/HDDGabriel/research/engines/cocos2d-x/extensions/Particle3D/PU/CCPUForceFieldAffector.h,2,3,5
/media/ullmann/HDDGabriel/research/engines/cocos2d-x/tests/performance-tests/Classes/tests/PerformanceNodeChildrenTest.h,1,2,3
/media/ullmann/HDDGabriel/research/engines/cocos2d-x/tests/performance-tests/Classes/tests/BaseTest.h,2,14,16
/media/ullmann/HDDGabriel/research/engines/cocos2d-x/cocos/2d/CCTextFieldTTF.h,0,1,1
/media/ullmann/HDDGabriel/research/engines/cocos2d-x/extensions/Particle3D/PU/CCPUScriptParser.cpp,1,0,1
/media/ullmann/HDDGabriel/research/engines/cocos2d-x/extensions/Particle3D/PU/CCPUScriptParser.h,1,2,3
/media/ullmann/HDDGabriel/research/engines/cocos2d-x/extensions/Particle3D/PU/CCPUTextureRotatorTranslator.cpp,4,0,4
/media/ullmann/HDDGabriel/research/engines/cocos2d-x/extensions/Particle3D/PU/CCPUDynamicAttributeTranslator.h,3,54,57
/media/ullmann/HDDGabriel/research/engines/cocos2d-x/extensions/Particle3D/PU/CCPUDoPlacementParticleEventHandlerTranslator.cpp,4,0,4
/media/ullmann/HDDGabriel/research/engines/cocos2d-x/extensions/Particle3D/PU/CCPUDynamicAttribute.h,1,62,63
/media/ullmann/HDDGabriel/research/engines/cocos2d-x/tests/cpp-tests/Classes/TouchesTest/Ball.cpp,3,0,3
/media/ullmann/HDDGabriel/research/engines/cocos2d-x/tests/cpp-tests/Classes/TouchesTest/Paddle.h,0,3,3
/media/ullmann/HDDGabriel/research/engines/cocos2d-x/extensions/Particle3D/PU/CCPUEmitterManager.h,10,3,13
/media/ullmann/HDDGabriel/research/engines/cocos2d-x/extensions/Particle3D/PU/CCPUPositionEmitterTranslator.h,3,2,5
/media/ullmann/HDDGabriel/research/engines/cocos2d-x/extensions/Particle3D/PU/CCPUColorAffectorTranslator.h,3,2,5
/media/ullmann/HDDGabriel/research/engines/cocos2d-x/extensions/Particle3D/PU/CCPUScriptTranslator.h,1,69,70
/media/ullmann/HDDGabriel/research/engines/cocos2d-x/extensions/Particle3D/PU/CCPUOnCountObserverTranslator.cpp,4,0,4
/media/ullmann/HDDGabriel/research/engines/cocos2d-x/extensions/Particle3D/PU/CCPURendererTranslator.h,5,2,7
/media/ullmann/HDDGabriel/research/engines/cocos2d-x/extensions/Particle3D/PU/CCPUBeamRender.h,4,2,6
/media/ullmann/HDDGabriel/research/engines/cocos2d-x/extensions/Particle3D/PU/CCPUAffectorManager.h,28,3,31
/media/ullmann/HDDGabriel/research/engines/cocos2d-x/extensions/Particle3D/PU/CCPUCollisionAvoidanceAffectorTranslator.h,3,2,5
/media/ullmann/HDDGabriel/research/engines/cocos2d-x/cocos/renderer/CCRenderer.h,0,1,1
/media/ullmann/HDDGabriel/research/engines/cocos2d-x/extensions/Particle3D/PU/CCPUEmitterTranslator.h,3,2,5
/media/ullmann/HDDGabriel/research/engines/cocos2d-x/cocos/renderer/backend/metal/BufferManager.h,1,0,1
/media/ullmann/HDDGabriel/research/engines/cocos2d-x/cocos/renderer/backend/Macros.h,0,18,18
/media/ullmann/HDDGabriel/research/engines/cocos2d-x/cocos/2d/CCTransitionProgress.h,0,1,1
/media/ullmann/HDDGabriel/research/engines/cocos2d-x/cocos/base/CCProfiling.h,0,1,1
/media/ullmann/HDDGabriel/research/engines/cocos2d-x/cocos/renderer/CCTexture2D.h,0,1,1
/media/ullmann/HDDGabriel/research/engines/cocos2d-x/extensions/Particle3D/PU/CCPUOnVelocityObserver.cpp,2,0,2
/media/ullmann/HDDGabriel/research/engines/cocos2d-x/extensions/Particle3D/PU/CCPUOnVelocityObserver.h,1,3,4
/media/ullmann/HDDGabriel/research/engines/cocos2d-x/tests/performance-tests/Classes/tests/PerformanceAllocTest.h,1,2,3
/media/ullmann/HDDGabriel/research/engines/cocos2d-x/extensions/Particle3D/PU/CCPUJetAffector.cpp,2,0,2
/media/ullmann/HDDGabriel/research/engines/cocos2d-x/tests/cpp-tests/Classes/BugsTest/BugsTest.cpp,16,0,16
/media/ullmann/HDDGabriel/research/engines/cocos2d-x/tests/cpp-tests/Classes/BugsTest/Bug-15776.h,1,2,3
/media/ullmann/HDDGabriel/research/engines/cocos2d-x/extensions/Particle3D/PU/CCPUBoxEmitterTranslator.h,3,2,5
/media/ullmann/HDDGabriel/research/engines/cocos2d-x/extensions/Particle3D/PU/CCPUTextureAnimator.cpp,2,0,2
/media/ullmann/HDDGabriel/research/engines/cocos2d-x/extensions/GUI/CCControlExtension/CCInvocation.h,3,6,9
/media/ullmann/HDDGabriel/research/engines/cocos2d-x/extensions/GUI/CCControlExtension/CCControlSlider.h,3,2,5
/media/ullmann/HDDGabriel/research/engines/cocos2d-x/extensions/Particle3D/PU/CCPUGravityAffectorTranslator.cpp,4,0,4
/media/ullmann/HDDGabriel/research/engines/cocos2d-x/cocos/renderer/CCTextureCache.h,0,1,1
/media/ullmann/HDDGabriel/research/engines/cocos2d-x/tests/cpp-tests/Classes/UITest/CocoStudioGUITest/UIRichTextTest/UIRichTextTest.cpp,1,0,1
/media/ullmann/HDDGabriel/research/engines/cocos2d-x/tests/cpp-tests/Classes/UITest/CocoStudioGUITest/UIRichTextTest/UIRichTextTest.h,1,2,3
/media/ullmann/HDDGabriel/research/engines/cocos2d-x/extensions/Particle3D/PU/CCPUSlaveEmitterTranslator.cpp,4,0,4
/media/ullmann/HDDGabriel/research/engines/cocos2d-x/extensions/Particle3D/PU/CCPUSineForceAffector.cpp,2,0,2
/media/ullmann/HDDGabriel/research/engines/cocos2d-x/extensions/Particle3D/PU/CCPUSineForceAffector.h,1,3,4
/media/ullmann/HDDGabriel/research/engines/cocos2d-x/tests/cpp-tests/Classes/BugsTest/BugsTest.h,1,17,18
/media/ullmann/HDDGabriel/research/engines/cocos2d-x/tests/cpp-tests/Classes/BugsTest/Bug-624.h,1,2,3
/media/ullmann/HDDGabriel/research/engines/cocos2d-x/extensions/Particle3D/PU/CCPUCollisionAvoidanceAffector.h,1,3,4
/media/ullmann/HDDGabriel/research/engines/cocos2d-x/extensions/Particle3D/PU/CCPUDoStopSystemEventHandlerTranslator.cpp,4,0,4
/media/ullmann/HDDGabriel/research/engines/cocos2d-x/extensions/ExtensionExport.h,0,20,20
/media/ullmann/HDDGabriel/research/engines/cocos2d-x/tests/cpp-tests/Classes/tests.h,72,1,73
/media/ullmann/HDDGabriel/research/engines/cocos2d-x/tests/cpp-tests/Classes/Scene3DTest/Scene3DTest.h,1,2,3
/media/ullmann/HDDGabriel/research/engines/cocos2d-x/extensions/Particle3D/PU/CCPUPositionEmitterTranslator.cpp,4,0,4
/media/ullmann/HDDGabriel/research/engines/cocos2d-x/cocos/renderer/backend/ShaderCache.h,1,3,4
/media/ullmann/HDDGabriel/research/engines/cocos2d-x/extensions/Particle3D/PU/CCPUEmitter.h,3,15,18
/media/ullmann/HDDGabriel/research/engines/cocos2d-x/extensions/Particle3D/PU/CCPUOnRandomObserver.cpp,2,0,2
/media/ullmann/HDDGabriel/research/engines/cocos2d-x/extensions/Particle3D/PU/CCPUOnRandomObserver.h,1,3,4
/media/ullmann/HDDGabriel/research/engines/cocos2d-x/tests/cpp-tests/Classes/BugsTest/Bug-886.h,1,2,3
/media/ullmann/HDDGabriel/research/engines/cocos2d-x/tests/cpp-tests/Classes/UITest/CocoStudioGUITest/UIListViewTest/UIListViewTest.cpp,1,0,1
/media/ullmann/HDDGabriel/research/engines/cocos2d-x/tests/cpp-tests/Classes/UITest/CocoStudioGUITest/UIListViewTest/UIListViewTest.h,1,2,3
/media/ullmann/HDDGabriel/research/engines/cocos2d-x/cocos/2d/CCSpriteFrameCache.h,0,1,1
/media/ullmann/HDDGabriel/research/engines/cocos2d-x/extensions/Particle3D/PU/CCPUVortexAffectorTranslator.cpp,4,0,4
/media/ullmann/HDDGabriel/research/engines/cocos2d-x/extensions/Particle3D/PU/CCPUVortexAffectorTranslator.h,3,2,5
/media/ullmann/HDDGabriel/research/engines/cocos2d-x/tests/cpp-tests/Classes/TexturePackerEncryptionTest/TextureAtlasEncryptionTest.cpp,2,0,2
/media/ullmann/HDDGabriel/research/engines/cocos2d-x/tests/cpp-tests/Classes/TexturePackerEncryptionTest/TextureAtlasEncryptionTest.h,1,2,3
/media/ullmann/HDDGabriel/research/engines/cocos2d-x/tests/cpp-tests/Classes/ActionsTest/ActionsTest.h,1,2,3
/media/ullmann/HDDGabriel/research/engines/cocos2d-x/extensions/Particle3D/PU/CCPUBoxColliderTranslator.h,3,2,5
/media/ullmann/HDDGabriel/research/engines/cocos2d-x/extensions/Particle3D/PU/CCPUBoxCollider.h,1,3,4
/media/ullmann/HDDGabriel/research/engines/cocos2d-x/tests/performance-tests/Classes/tests/VisibleRect.cpp,1,0,1
/media/ullmann/HDDGabriel/research/engines/cocos2d-x/tests/performance-tests/Classes/tests/VisibleRect.h,0,2,2
/media/ullmann/HDDGabriel/research/engines/cocos2d-x/extensions/Particle3D/PU/CCPUParticleSystem3D.cpp,13,0,13
/media/ullmann/HDDGabriel/research/engines/cocos2d-x/extensions/Particle3D/PU/CCPUAffector.h,1,29,30
/media/ullmann/HDDGabriel/research/engines/cocos2d-x/extensions/GUI/CCControlExtension/CCControlExtensions.h,7,1,8
/media/ullmann/HDDGabriel/research/engines/cocos2d-x/extensions/GUI/CCControlExtension/CCControlColourPicker.h,5,2,7
/media/ullmann/HDDGabriel/research/engines/cocos2d-x/extensions/Particle3D/PU/CCPUMaterialTranslator.h,2,2,4
/media/ullmann/HDDGabriel/research/engines/cocos2d-x/extensions/Particle3D/PU/CCPULineAffectorTranslator.h,3,2,5
/media/ullmann/HDDGabriel/research/engines/cocos2d-x/cocos/physics/CCPhysicsContact.h,0,1,1
/media/ullmann/HDDGabriel/research/engines/cocos2d-x/tests/cpp-tests/Classes/TileMapTest/TileMapTest.cpp,2,0,2
/media/ullmann/HDDGabriel/research/engines/cocos2d-x/tests/cpp-tests/Classes/testResource.h,0,42,42
/media/ullmann/HDDGabriel/research/engines/cocos2d-x/cocos/2d/CCParticleSystemQuad.h,0,1,1
/media/ullmann/HDDGabriel/research/engines/cocos2d-x/cocos/base/CCEventFocus.h,0,1,1
/media/ullmann/HDDGabriel/research/engines/cocos2d-x/extensions/Particle3D/PU/CCPUAffectorTranslator.h,3,2,5
/media/ullmann/HDDGabriel/research/engines/cocos2d-x/extensions/Particle3D/PU/CCPUPathFollower.cpp,2,0,2
/media/ullmann/HDDGabriel/research/engines/cocos2d-x/extensions/Particle3D/PU/CCPUPathFollower.h,2,3,5
/media/ullmann/HDDGabriel/research/engines/cocos2d-x/tests/cpp-tests/Classes/UITest/CocoStudioGUITest/UITextBMFontTest/UITextBMFontTest.cpp,1,0,1
/media/ullmann/HDDGabriel/research/engines/cocos2d-x/tests/cpp-tests/Classes/UITest/CocoStudioGUITest/UITextBMFontTest/UITextBMFontTest.h,1,2,3
/media/ullmann/HDDGabriel/research/engines/cocos2d-x/extensions/Particle3D/PU/CCPUOnExpireObserverTranslator.cpp,4,0,4
/media/ullmann/HDDGabriel/research/engines/cocos2d-x/extensions/Particle3D/CCParticle3DAffector.h,0,3,3
/media/ullmann/HDDGabriel/research/engines/cocos2d-x/cocos/renderer/backend/Device.h,9,4,13
/media/ullmann/HDDGabriel/research/engines/cocos2d-x/cocos/renderer/backend/ShaderCache.cpp,1,0,1
/media/ullmann/HDDGabriel/research/engines/cocos2d-x/tests/cpp-tests/Classes/JNITest/JNITest.h,1,2,3
/media/ullmann/HDDGabriel/research/engines/cocos2d-x/extensions/cocos-ext.h,14,18,32
/media/ullmann/HDDGabriel/research/engines/cocos2d-x/extensions/GUI/CCScrollView/CCScrollView.h,2,3,5
/media/ullmann/HDDGabriel/research/engines/cocos2d-x/cocos/base/CCEventListenerCustom.h,0,1,1
/media/ullmann/HDDGabriel/research/engines/cocos2d-x/extensions/Particle3D/PU/CCPUJetAffector.h,2,3,5
/media/ullmann/HDDGabriel/research/engines/cocos2d-x/cocos/math/CCGeometry.h,0,1,1
/media/ullmann/HDDGabriel/research/engines/cocos2d-x/tests/cpp-tests/Classes/NewEventDispatcherTest/NewEventDispatcherTest.cpp,1,0,1
/media/ullmann/HDDGabriel/research/engines/cocos2d-x/tests/cpp-tests/Classes/NewEventDispatcherTest/NewEventDispatcherTest.h,1,2,3
/media/ullmann/HDDGabriel/research/engines/cocos2d-x/tests/cpp-tests/Classes/LightTest/LightTest.h,1,2,3
/media/ullmann/HDDGabriel/research/engines/cocos2d-x/tests/cpp-tests/Classes/BaseTest.h,1,74,75
/media/ullmann/HDDGabriel/research/engines/cocos2d-x/tests/cpp-tests/Classes/SpriteTest/SpriteTest.cpp,2,0,2
/media/ullmann/HDDGabriel/research/engines/cocos2d-x/cocos/base/CCRef.h,0,1,1
/media/ullmann/HDDGabriel/research/engines/cocos2d-x/cocos/renderer/backend/opengl/RenderPipelineGL.h,2,3,5
/media/ullmann/HDDGabriel/research/engines/cocos2d-x/cocos/renderer/backend/RenderPipeline.h,2,2,4
/media/ullmann/HDDGabriel/research/engines/cocos2d-x/extensions/Particle3D/PU/CCPUSineForceAffectorTranslator.cpp,5,0,5
/media/ullmann/HDDGabriel/research/engines/cocos2d-x/tests/cpp-tests/Classes/UITest/CocoStudioGUITest/UIScene.h,1,23,24
/media/ullmann/HDDGabriel/research/engines/cocos2d-x/cocos/renderer/backend/opengl/CommandBufferGL.cpp,6,0,6
/media/ullmann/HDDGabriel/research/engines/cocos2d-x/cocos/renderer/backend/opengl/CommandBufferGL.h,2,2,4
/media/ullmann/HDDGabriel/research/engines/cocos2d-x/extensions/Particle3D/PU/CCPUDoExpireEventHandlerTranslator.h,3,2,5
/media/ullmann/HDDGabriel/research/engines/cocos2d-x/extensions/Particle3D/PU/CCPUDoExpireEventHandler.h,1,3,4
/media/ullmann/HDDGabriel/research/engines/cocos2d-x/extensions/Particle3D/PU/CCPUSphereSurfaceEmitter.cpp,3,0,3
/media/ullmann/HDDGabriel/research/engines/cocos2d-x/extensions/Particle3D/PU/CCPUScaleAffectorTranslator.h,3,2,5
/media/ullmann/HDDGabriel/research/engines/cocos2d-x/extensions/Particle3D/PU/CCPURendererTranslator.cpp,3,0,3
/media/ullmann/HDDGabriel/research/engines/cocos2d-x/tests/performance-tests/Classes/tests/PerformanceScenarioTest.cpp,1,0,1
/media/ullmann/HDDGabriel/research/engines/cocos2d-x/tests/performance-tests/Classes/tests/PerformanceScenarioTest.h,1,2,3
/media/ullmann/HDDGabriel/research/engines/cocos2d-x/extensions/GUI/CCControlExtension/CCControlStepper.h,2,2,4
/media/ullmann/HDDGabriel/research/engines/cocos2d-x/tests/cpp-tests/Classes/WindowTest/WindowTest.h,1,2,3
/media/ullmann/HDDGabriel/research/engines/cocos2d-x/extensions/Particle3D/PU/CCPUObserverTranslator.cpp,4,0,4
/media/ullmann/HDDGabriel/research/engines/cocos2d-x/tests/cpp-tests/Classes/UITest/CocoStudioGUITest/UITabControlTest/UITabControlTest.cpp,1,0,1
/media/ullmann/HDDGabriel/research/engines/cocos2d-x/tests/cpp-tests/Classes/UITest/CocoStudioGUITest/UITabControlTest/UITabControlTest.h,1,2,3
/media/ullmann/HDDGabriel/research/engines/cocos2d-x/cocos/2d/CCFontFNT.h,0,1,1
/media/ullmann/HDDGabriel/research/engines/cocos2d-x/extensions/Particle3D/PU/CCPUTextureAnimatorTranslator.cpp,4,0,4
/media/ullmann/HDDGabriel/research/engines/cocos2d-x/extensions/Particle3D/PU/CCPUScaleVelocityAffector.h,2,3,5
/media/ullmann/HDDGabriel/research/engines/cocos2d-x/extensions/Particle3D/PU/CCPUSineForceAffectorTranslator.h,3,2,5
/media/ullmann/HDDGabriel/research/engines/cocos2d-x/tests/cpp-tests/Classes/UITest/CocoStudioGUITest/UILayoutTest/UILayoutTest.cpp,1,0,1
/media/ullmann/HDDGabriel/research/engines/cocos2d-x/tests/cpp-tests/Classes/UITest/CocoStudioGUITest/UILayoutTest/UILayoutTest.h,1,2,3
/media/ullmann/HDDGabriel/research/engines/cocos2d-x/cocos/2d/CCActionProgressTimer.h,0,1,1
/media/ullmann/HDDGabriel/research/engines/cocos2d-x/extensions/Particle3D/PU/CCPUSphereColliderTranslator.cpp,5,0,5
/media/ullmann/HDDGabriel/research/engines/cocos2d-x/extensions/Particle3D/PU/CCPUSphereColliderTranslator.h,3,2,5
/media/ullmann/HDDGabriel/research/engines/cocos2d-x/extensions/ExtensionMacros.h,0,12,12
/media/ullmann/HDDGabriel/research/engines/cocos2d-x/cocos/renderer/backend/opengl/DeviceGL.cpp,9,0,9
/media/ullmann/HDDGabriel/research/engines/cocos2d-x/tests/cpp-tests/Classes/ConsoleTest/ConsoleTest.h,1,2,3
/media/ullmann/HDDGabriel/research/engines/cocos2d-x/cocos/3d/CCMeshSkin.h,0,1,1
/media/ullmann/HDDGabriel/research/engines/cocos2d-x/tests/cpp-tests/Classes/ExtensionsTest/TableViewTest/TableViewTestScene.cpp,3,0,3
/media/ullmann/HDDGabriel/research/engines/cocos2d-x/tests/cpp-tests/Classes/ExtensionsTest/ExtensionsTest.h,0,7,7
/media/ullmann/HDDGabriel/research/engines/cocos2d-x/tests/cpp-tests/Classes/UITest/CocoStudioGUITest/UITextTest/UITextTest.cpp,1,0,1
/media/ullmann/HDDGabriel/research/engines/cocos2d-x/tests/cpp-tests/Classes/UITest/CocoStudioGUITest/UITextTest/UITextTest.h,1,2,3
/media/ullmann/HDDGabriel/research/engines/cocos2d-x/tests/cpp-empty-test/proj.win32/main.cpp,2,0,2
/media/ullmann/HDDGabriel/research/engines/cocos2d-x/tests/cpp-empty-test/Classes/AppDelegate.h,0,4,4
/media/ullmann/HDDGabriel/research/engines/cocos2d-x/tests/cpp-tests/Classes/UITest/CocoStudioGUITest/CocosGUIScene.cpp,23,0,23
/media/ullmann/HDDGabriel/research/engines/cocos2d-x/extensions/physics-nodes/CCPhysicsSprite.cpp,1,0,1
/media/ullmann/HDDGabriel/research/engines/cocos2d-x/extensions/physics-nodes/CCPhysicsSprite.h,2,2,4
/media/ullmann/HDDGabriel/research/engines/cocos2d-x/extensions/Particle3D/PU/CCPUVortexAffector.cpp,2,0,2
/media/ullmann/HDDGabriel/research/engines/cocos2d-x/extensions/Particle3D/PU/CCPUVortexAffector.h,2,3,5
/media/ullmann/HDDGabriel/research/engines/cocos2d-x/tests/performance-tests/Classes/tests/PerformanceTextureTest.cpp,1,0,1
/media/ullmann/HDDGabriel/research/engines/cocos2d-x/tests/performance-tests/Classes/tests/PerformanceTextureTest.h,1,2,3
/media/ullmann/HDDGabriel/research/engines/cocos2d-x/extensions/Particle3D/PU/CCPUOnQuotaObserver.cpp,2,0,2
/media/ullmann/HDDGabriel/research/engines/cocos2d-x/extensions/Particle3D/PU/CCPUInterParticleCollider.cpp,2,0,2
/media/ullmann/HDDGabriel/research/engines/cocos2d-x/extensions/Particle3D/PU/CCPUInterParticleCollider.h,1,3,4
/media/ullmann/HDDGabriel/research/engines/cocos2d-x/tests/cpp-tests/Classes/FontTest/FontTest.cpp,2,0,2
/media/ullmann/HDDGabriel/research/engines/cocos2d-x/tests/cpp-tests/Classes/FontTest/FontTest.h,1,2,3
/media/ullmann/HDDGabriel/research/engines/cocos2d-x/extensions/Particle3D/PU/CCPULineAffector.h,1,3,4
/media/ullmann/HDDGabriel/research/engines/cocos2d-x/tests/cpp-tests/Classes/ExtensionsTest/ExtensionsTest.cpp,7,0,7
/media/ullmann/HDDGabriel/research/engines/cocos2d-x/tests/cpp-tests/Classes/ExtensionsTest/NetworkTest/WebSocketTest.h,1,2,3
/media/ullmann/HDDGabriel/research/engines/cocos2d-x/extensions/GUI/CCControlExtension/CCControlSaturationBrightnessPicker.h,3,2,5
/media/ullmann/HDDGabriel/research/engines/cocos2d-x/extensions/Particle3D/PU/CCPULineEmitterTranslator.h,3,2,5
/media/ullmann/HDDGabriel/research/engines/cocos2d-x/extensions/Particle3D/PU/CCPULineEmitter.h,1,3,4
/media/ullmann/HDDGabriel/research/engines/cocos2d-x/extensions/Particle3D/PU/CCPUScaleAffectorTranslator.cpp,4,0,4
/media/ullmann/HDDGabriel/research/engines/cocos2d-x/extensions/Particle3D/PU/CCPUObserverManager.cpp,12,0,12
/media/ullmann/HDDGabriel/research/engines/cocos2d-x/extensions/Particle3D/PU/CCPUBoxEmitterTranslator.cpp,4,0,4
/media/ullmann/HDDGabriel/research/engines/cocos2d-x/extensions/Particle3D/PU/CCPUBaseCollider.h,1,7,8
/media/ullmann/HDDGabriel/research/engines/cocos2d-x/tests/cpp-tests/Classes/ParallaxTest/ParallaxTest.h,1,2,3
/media/ullmann/HDDGabriel/research/engines/cocos2d-x/extensions/Particle3D/PU/CCPUListener.cpp,2,0,2
/media/ullmann/HDDGabriel/research/engines/cocos2d-x/extensions/Particle3D/PU/CCPUListener.h,0,6,6
/media/ullmann/HDDGabriel/research/engines/cocos2d-x/extensions/Particle3D/PU/CCPUDoFreezeEventHandlerTranslator.cpp,4,0,4
/media/ullmann/HDDGabriel/research/engines/cocos2d-x/extensions/Particle3D/PU/CCPUDoFreezeEventHandlerTranslator.h,3,2,5
/media/ullmann/HDDGabriel/research/engines/cocos2d-x/tests/cpp-tests/Classes/MotionStreakTest/MotionStreakTest.cpp,2,0,2
/media/ullmann/HDDGabriel/research/engines/cocos2d-x/tests/cpp-tests/Classes/UITest/CocoStudioGUITest/UITextFieldTest/UITextFieldTest.h,1,2,3
/media/ullmann/HDDGabriel/research/engines/cocos2d-x/tests/cpp-tests/Classes/Camera3DTest/Camera3DTest.cpp,1,0,1
/media/ullmann/HDDGabriel/research/engines/cocos2d-x/tests/cpp-tests/Classes/Camera3DTest/Camera3DTest.h,2,2,4
/media/ullmann/HDDGabriel/research/engines/cocos2d-x/extensions/Particle3D/PU/CCPUPlaneColliderTranslator.h,3,2,5
/media/ullmann/HDDGabriel/research/engines/cocos2d-x/extensions/Particle3D/PU/CCPUOnQuotaObserver.h,1,3,4
/media/ullmann/HDDGabriel/research/engines/cocos2d-x/tests/cpp-tests/Classes/Texture2dTest/Texture2dTest.cpp,2,0,2
/media/ullmann/HDDGabriel/research/engines/cocos2d-x/tests/cpp-tests/Classes/Texture2dTest/Texture2dTest.h,1,2,3
/media/ullmann/HDDGabriel/research/engines/cocos2d-x/extensions/Particle3D/PU/CCPUBoxCollider.cpp,2,0,2
/media/ullmann/HDDGabriel/research/engines/cocos2d-x/extensions/Particle3D/PU/CCPUDoEnableComponentEventHandlerTranslator.cpp,4,0,4
/media/ullmann/HDDGabriel/research/engines/cocos2d-x/tests/cpp-tests/Classes/EffectsTest/EffectsTest.cpp,2,0,2
/media/ullmann/HDDGabriel/research/engines/cocos2d-x/extensions/Particle3D/PU/CCPUSphereSurfaceEmitterTranslator.h,3,2,5
/media/ullmann/HDDGabriel/research/engines/cocos2d-x/tests/performance-tests/Classes/tests/controller.cpp,3,0,3
/media/ullmann/HDDGabriel/research/engines/cocos2d-x/tests/performance-tests/Classes/tests/controller.h,0,2,2
/media/ullmann/HDDGabriel/research/engines/cocos2d-x/tests/cpp-tests/Classes/BillBoardTest/BillBoardTest.h,1,2,3
/media/ullmann/HDDGabriel/research/engines/cocos2d-x/extensions/Particle3D/PU/CCPUOnEmissionObserver.cpp,2,0,2
/media/ullmann/HDDGabriel/research/engines/cocos2d-x/extensions/Particle3D/PU/CCPUOnEmissionObserver.h,1,3,4
/media/ullmann/HDDGabriel/research/engines/cocos2d-x/tests/cpp-tests/Classes/NewRendererTest/NewRendererTest.cpp,1,0,1
/media/ullmann/HDDGabriel/research/engines/cocos2d-x/tests/cpp-tests/Classes/NewRendererTest/NewRendererTest.h,1,2,3
/media/ullmann/HDDGabriel/research/engines/cocos2d-x/extensions/Particle3D/PU/CCPUOnPositionObserverTranslator.cpp,4,0,4
/media/ullmann/HDDGabriel/research/engines/cocos2d-x/extensions/Particle3D/PU/CCPUOnPositionObserverTranslator.h,3,2,5
/media/ullmann/HDDGabriel/research/engines/cocos2d-x/templates/cpp-template-default/proj.linux/main.cpp,1,0,1
/media/ullmann/HDDGabriel/research/engines/cocos2d-x/templates/cpp-template-default/Classes/AppDelegate.h,0,2,2
/media/ullmann/HDDGabriel/research/engines/cocos2d-x/cocos/3d/CCSprite3DMaterial.h,0,1,1
/media/ullmann/HDDGabriel/research/engines/cocos2d-x/extensions/Particle3D/CCParticle3DAffector.cpp,2,0,2
/media/ullmann/HDDGabriel/research/engines/cocos2d-x/extensions/Particle3D/CCParticleSystem3D.h,0,8,8
/media/ullmann/HDDGabriel/research/engines/cocos2d-x/extensions/Particle3D/PU/CCPUOnCollisionObserverTranslator.cpp,4,0,4
/media/ullmann/HDDGabriel/research/engines/cocos2d-x/extensions/Particle3D/PU/CCPUColorAffector.cpp,2,0,2
/media/ullmann/HDDGabriel/research/engines/cocos2d-x/extensions/Particle3D/PU/CCPUColorAffector.h,1,3,4
/media/ullmann/HDDGabriel/research/engines/cocos2d-x/extensions/Particle3D/PU/CCPURender.cpp,4,0,4
/media/ullmann/HDDGabriel/research/engines/cocos2d-x/extensions/Particle3D/PU/CCPURender.h,1,4,5
/media/ullmann/HDDGabriel/research/engines/cocos2d-x/tests/cpp-tests/Classes/UITest/CocoStudioGUITest/UIScene.cpp,4,0,4
/media/ullmann/HDDGabriel/research/engines/cocos2d-x/tests/cpp-tests/Classes/UITest/CocoStudioGUITest/CocosGUIScene.h,0,3,3
/media/ullmann/HDDGabriel/research/engines/cocos2d-x/cocos/renderer/backend/RenderPassDescriptor.h,2,3,5
/media/ullmann/HDDGabriel/research/engines/cocos2d-x/cocos/renderer/backend/Types.h,1,15,16
/media/ullmann/HDDGabriel/research/engines/cocos2d-x/extensions/Particle3D/PU/CCPUObserverManager.h,13,3,16
/media/ullmann/HDDGabriel/research/engines/cocos2d-x/extensions/Particle3D/PU/CCPUOnRandomObserverTranslator.h,3,2,5
/media/ullmann/HDDGabriel/research/engines/cocos2d-x/templates/cpp-template-default/proj.win32/main.cpp,1,0,1
/media/ullmann/HDDGabriel/research/engines/cocos2d-x/templates/cpp-template-default/proj.win32/main.h,0,1,1
/media/ullmann/HDDGabriel/research/engines/cocos2d-x/cocos/2d/CCTileMapAtlas.h,0,1,1
/media/ullmann/HDDGabriel/research/engines/cocos2d-x/tests/cpp-tests/Classes/Scene3DTest/Scene3DTest.cpp,3,0,3
/media/ullmann/HDDGabriel/research/engines/cocos2d-x/tests/cpp-tests/Classes/SceneTest/SceneTest.h,1,2,3
/media/ullmann/HDDGabriel/research/engines/cocos2d-x/cocos/math/CCVertex.h,0,1,1
/media/ullmann/HDDGabriel/research/engines/cocos2d-x/cocos/renderer/backend/opengl/UtilsGL.cpp,2,0,2
/media/ullmann/HDDGabriel/research/engines/cocos2d-x/cocos/renderer/backend/opengl/UtilsGL.h,0,2,2
/media/ullmann/HDDGabriel/research/engines/cocos2d-x/cocos/platform/CCPlatformConfig.h,0,1,1
/media/ullmann/HDDGabriel/research/engines/cocos2d-x/tests/cpp-tests/Classes/LabelTest/LabelTestNew.h,2,2,4
/media/ullmann/HDDGabriel/research/engines/cocos2d-x/extensions/Particle3D/PU/CCPUBaseForceAffector.h,1,5,6
/media/ullmann/HDDGabriel/research/engines/cocos2d-x/tests/cpp-tests/Classes/UITest/CocoStudioGUITest/UIScale9SpriteTest.h,1,2,3
/media/ullmann/HDDGabriel/research/engines/cocos2d-x/cocos/renderer/backend/metal/ShaderModuleMTL.h,2,0,2
/media/ullmann/HDDGabriel/research/engines/cocos2d-x/cocos/renderer/backend/ShaderModule.h,2,4,6
/media/ullmann/HDDGabriel/research/engines/cocos2d-x/extensions/Particle3D/PU/CCPUOnVelocityObserverTranslator.h,3,2,5
/media/ullmann/HDDGabriel/research/engines/cocos2d-x/cocos/renderer/backend/opengl/ProgramGL.cpp,2,0,2
/media/ullmann/HDDGabriel/research/engines/cocos2d-x/cocos/renderer/backend/opengl/ShaderModuleGL.h,1,4,5
/media/ullmann/HDDGabriel/research/engines/cocos2d-x/extensions/Particle3D/PU/CCPUAffector.cpp,3,0,3
/media/ullmann/HDDGabriel/research/engines/cocos2d-x/extensions/GUI/CCControlExtension/CCControl.cpp,2,0,2
/media/ullmann/HDDGabriel/research/engines/cocos2d-x/extensions/Particle3D/PU/CCPUCircleEmitter.cpp,3,0,3
/media/ullmann/HDDGabriel/research/engines/cocos2d-x/extensions/Particle3D/PU/CCPUCircleEmitter.h,1,3,4
/media/ullmann/HDDGabriel/research/engines/cocos2d-x/tests/cpp-tests/Classes/BugsTest/Bug-1174.h,1,2,3
/media/ullmann/HDDGabriel/research/engines/cocos2d-x/tests/cpp-tests/Classes/RotateWorldTest/RotateWorldTest.cpp,2,0,2
/media/ullmann/HDDGabriel/research/engines/cocos2d-x/tests/cpp-tests/Classes/RotateWorldTest/RotateWorldTest.h,1,2,3
/media/ullmann/HDDGabriel/research/engines/cocos2d-x/extensions/Particle3D/PU/CCPUVelocityMatchingAffectorTranslator.h,3,2,5
/media/ullmann/HDDGabriel/research/engines/cocos2d-x/tests/cpp-tests/Classes/BugsTest/Bug-899.cpp,1,0,1
/media/ullmann/HDDGabriel/research/engines/cocos2d-x/tests/cpp-tests/Classes/BugsTest/Bug-899.h,1,2,3
/media/ullmann/HDDGabriel/research/engines/cocos2d-x/cocos/renderer/backend/Texture.h,1,4,5
/media/ullmann/HDDGabriel/research/engines/cocos2d-x/tests/cpp-tests/Classes/UITest/CocoStudioGUITest/UIButtonTest/UIButtonTest.h,1,2,3
/media/ullmann/HDDGabriel/research/engines/cocos2d-x/cocos/renderer/backend/opengl/TextureGL.cpp,1,0,1
/media/ullmann/HDDGabriel/research/engines/cocos2d-x/cocos/renderer/backend/opengl/TextureGL.h,1,3,4
/media/ullmann/HDDGabriel/research/engines/cocos2d-x/extensions/Particle3D/PU/CCPUOnEmissionObserverTranslator.h,3,2,5
/media/ullmann/HDDGabriel/research/engines/cocos2d-x/tests/cpp-tests/Classes/ExtensionsTest/NetworkTest/SocketIOTest.h,1,2,3
/media/ullmann/HDDGabriel/research/engines/cocos2d-x/extensions/Particle3D/PU/CCPUSimpleSpline.cpp,1,0,1
/media/ullmann/HDDGabriel/research/engines/cocos2d-x/extensions/Particle3D/PU/CCPUSimpleSpline.h,0,5,5
/media/ullmann/HDDGabriel/research/engines/cocos2d-x/extensions/Particle3D/PU/CCPUBaseForceAffectorTranslator.cpp,4,0,4
/media/ullmann/HDDGabriel/research/engines/cocos2d-x/cocos/3d/CCRay.h,0,1,1
/media/ullmann/HDDGabriel/research/engines/cocos2d-x/tests/cpp-tests/Classes/ZipTest/ZipTests.h,1,2,3
/media/ullmann/HDDGabriel/research/engines/cocos2d-x/extensions/GUI/CCScrollView/CCTableViewCell.h,2,3,5
/media/ullmann/HDDGabriel/research/engines/cocos2d-x/extensions/Particle3D/PU/CCPUObserver.h,1,18,19
/media/ullmann/HDDGabriel/research/engines/cocos2d-x/extensions/Particle3D/PU/CCPUOnCollisionObserverTranslator.h,3,2,5
/media/ullmann/HDDGabriel/research/engines/cocos2d-x/extensions/Particle3D/PU/CCPUFlockCenteringAffectorTranslator.cpp,4,0,4
/media/ullmann/HDDGabriel/research/engines/cocos2d-x/tests/cpp-tests/Classes/NavMeshTest/NavMeshTest.h,1,2,3
/media/ullmann/HDDGabriel/research/engines/cocos2d-x/tests/cpp-tests/Classes/LayerTest/LayerTest.h,2,2,4
/media/ullmann/HDDGabriel/research/engines/cocos2d-x/extensions/Particle3D/PU/CCPUBeamRender.cpp,5,0,5
/media/ullmann/HDDGabriel/research/engines/cocos2d-x/extensions/Particle3D/PU/CCPUUtil.h,0,9,9
/media/ullmann/HDDGabriel/research/engines/cocos2d-x/templates/cpp-template-default/Classes/AppDelegate.cpp,2,0,2
/media/ullmann/HDDGabriel/research/engines/cocos2d-x/templates/cpp-template-default/Classes/HelloWorldScene.h,0,2,2
/media/ullmann/HDDGabriel/research/engines/cocos2d-x/extensions/Particle3D/PU/CCPUSlaveEmitterTranslator.h,3,2,5
/media/ullmann/HDDGabriel/research/engines/cocos2d-x/cocos/renderer/backend/opengl/RenderPipelineGL.cpp,5,0,5
/media/ullmann/HDDGabriel/research/engines/cocos2d-x/extensions/Particle3D/PU/CCPUParticleFollowerTranslator.h,3,2,5
/media/ullmann/HDDGabriel/research/engines/cocos2d-x/extensions/Particle3D/PU/CCPUTextureRotatorTranslator.h,3,2,5
/media/ullmann/HDDGabriel/research/engines/cocos2d-x/extensions/Particle3D/PU/CCPUPlaneCollider.cpp,2,0,2
/media/ullmann/HDDGabriel/research/engines/cocos2d-x/tests/cpp-tests/Classes/BugsTest/Bug-458/Bug-458.h,1,2,3
/media/ullmann/HDDGabriel/research/engines/cocos2d-x/extensions/Particle3D/PU/CCPUDoStopSystemEventHandler.cpp,2,0,2
/media/ullmann/HDDGabriel/research/engines/cocos2d-x/extensions/Particle3D/PU/CCPUDoStopSystemEventHandler.h,1,3,4
/media/ullmann/HDDGabriel/research/engines/cocos2d-x/tests/cpp-tests/Classes/ActionsProgressTest/ActionsProgressTest.cpp,2,0,2
/media/ullmann/HDDGabriel/research/engines/cocos2d-x/extensions/Particle3D/PU/CCPUScriptTranslator.cpp,2,0,2
/media/ullmann/HDDGabriel/research/engines/cocos2d-x/extensions/Particle3D/PU/CCPUTranslateManager.h,9,5,14
/media/ullmann/HDDGabriel/research/engines/cocos2d-x/tests/cpp-tests/Classes/UITest/CocoStudioGUITest/UISceneManager.h,0,1,1
/media/ullmann/HDDGabriel/research/engines/cocos2d-x/cocos/2d/CCTMXObjectGroup.h,0,1,1
/media/ullmann/HDDGabriel/research/engines/cocos2d-x/extensions/Particle3D/PU/CCPUSlaveBehaviourTranslator.cpp,3,0,3
/media/ullmann/HDDGabriel/research/engines/cocos2d-x/extensions/Particle3D/PU/CCPUOnEventFlagObserverTranslator.cpp,4,0,4
/media/ullmann/HDDGabriel/research/engines/cocos2d-x/tests/cpp-tests/Classes/DataVisitorTest/DataVisitorTest.cpp,2,0,2
/media/ullmann/HDDGabriel/research/engines/cocos2d-x/tests/cpp-tests/Classes/DataVisitorTest/DataVisitorTest.h,1,2,3
/media/ullmann/HDDGabriel/research/engines/cocos2d-x/tests/cpp-tests/Classes/ZipTest/ZipTests.cpp,1,0,1
/media/ullmann/HDDGabriel/research/engines/cocos2d-x/tests/cpp-tests/Classes/UITest/CocoStudioGUITest/UILoadingBarTest/UILoadingBarTest.h,1,2,3
/media/ullmann/HDDGabriel/research/engines/cocos2d-x/extensions/Particle3D/PU/CCPUBaseColliderTranslator.h,3,5,8
/media/ullmann/HDDGabriel/research/engines/cocos2d-x/extensions/Particle3D/PU/CCPUOnQuotaObserverTranslator.h,3,2,5
/media/ullmann/HDDGabriel/research/engines/cocos2d-x/tests/cpp-tests/Classes/TouchesTest/TouchesTest.cpp,4,0,4
/media/ullmann/HDDGabriel/research/engines/cocos2d-x/cocos/base/CCNS.h,0,1,1
/media/ullmann/HDDGabriel/research/engines/cocos2d-x/extensions/Particle3D/PU/CCPUDoPlacementParticleEventHandler.h,2,3,5
/media/ullmann/HDDGabriel/research/engines/cocos2d-x/templates/lua-template-default/frameworks/runtime-src/Classes/AppDelegate.cpp,1,0,1
/media/ullmann/HDDGabriel/research/engines/cocos2d-x/templates/lua-template-default/frameworks/runtime-src/Classes/AppDelegate.h,0,3,3
/media/ullmann/HDDGabriel/research/engines/cocos2d-x/cocos/3d/CCAABB.h,0,1,1
/media/ullmann/HDDGabriel/research/engines/cocos2d-x/extensions/Particle3D/PU/CCPUGravityAffectorTranslator.h,3,2,5
/media/ullmann/HDDGabriel/research/engines/cocos2d-x/tests/cpp-tests/Classes/ShaderTest/ShaderTest2.cpp,3,0,3
/media/ullmann/HDDGabriel/research/engines/cocos2d-x/tests/cpp-tests/Classes/ShaderTest/ShaderTest.h,2,3,5
/media/ullmann/HDDGabriel/research/engines/cocos2d-x/tests/cpp-tests/Classes/BugsTest/Bug-Child.cpp,1,0,1
/media/ullmann/HDDGabriel/research/engines/cocos2d-x/tests/cpp-tests/Classes/BugsTest/Bug-Child.h,1,2,3
/media/ullmann/HDDGabriel/research/engines/cocos2d-x/extensions/Particle3D/PU/CCPUDoExpireEventHandler.cpp,3,0,3
/media/ullmann/HDDGabriel/research/engines/cocos2d-x/extensions/Particle3D/CCParticle3DEmitter.h,0,3,3
/media/ullmann/HDDGabriel/research/engines/cocos2d-x/cocos/renderer/backend/opengl/DeviceGL.h,1,1,2
/media/ullmann/HDDGabriel/research/engines/cocos2d-x/tests/cpp-tests/Classes/FileUtilsTest/FileUtilsTest.h,1,2,3
/media/ullmann/HDDGabriel/research/engines/cocos2d-x/extensions/Particle3D/PU/CCPUOnExpireObserver.h,1,3,4
/media/ullmann/HDDGabriel/research/engines/cocos2d-x/extensions/Particle3D/PU/CCPUDoScaleEventHandler.h,1,3,4
/media/ullmann/HDDGabriel/research/engines/cocos2d-x/extensions/Particle3D/PU/CCPUEventHandler.h,0,11,11
/media/ullmann/HDDGabriel/research/engines/cocos2d-x/tests/performance-tests/Classes/tests/tests.h,12,1,13
/media/ullmann/HDDGabriel/research/engines/cocos2d-x/extensions/GUI/CCControlExtension/CCInvocation.cpp,1,0,1
/media/ullmann/HDDGabriel/research/engines/cocos2d-x/tests/cpp-tests/Classes/TileMapTest/TileMapTest.h,1,2,3
/media/ullmann/HDDGabriel/research/engines/cocos2d-x/extensions/Particle3D/PU/CCPUOnTimeObserver.cpp,2,0,2
/media/ullmann/HDDGabriel/research/engines/cocos2d-x/extensions/Particle3D/PU/CCPUEmitterManager.cpp,9,0,9
/media/ullmann/HDDGabriel/research/engines/cocos2d-x/extensions/Particle3D/PU/CCPUPositionEmitter.h,1,3,4
/media/ullmann/HDDGabriel/research/engines/cocos2d-x/extensions/Particle3D/CCParticleSystem3D.cpp,4,0,4
/media/ullmann/HDDGabriel/research/engines/cocos2d-x/extensions/Particle3D/PU/CCPUForceField.h,1,2,3
/media/ullmann/HDDGabriel/research/engines/cocos2d-x/tests/cpp-empty-test/proj.mac/main.cpp,1,0,1
/media/ullmann/HDDGabriel/research/engines/cocos2d-x/tests/cpp-tests/proj.win32/main.cpp,1,0,1
/media/ullmann/HDDGabriel/research/engines/cocos2d-x/tests/cpp-tests/proj.win32/main.h,0,1,1
/media/ullmann/HDDGabriel/research/engines/cocos2d-x/extensions/Particle3D/PU/CCPUOnEmissionObserverTranslator.cpp,4,0,4
/media/ullmann/HDDGabriel/research/engines/cocos2d-x/extensions/Particle3D/PU/CCPUOnClearObserverTranslator.cpp,4,0,4
/media/ullmann/HDDGabriel/research/engines/cocos2d-x/tests/cpp-tests/Classes/UserDefaultTest/UserDefaultTest.h,1,2,3
/media/ullmann/HDDGabriel/research/engines/cocos2d-x/tests/performance-tests/Classes/tests/PerformanceAllocTest.cpp,1,0,1
/media/ullmann/HDDGabriel/research/engines/cocos2d-x/tests/cpp-tests/Classes/UITest/CocoStudioGUITest/UIPageViewTest/UIPageViewTest.h,1,2,3
/media/ullmann/HDDGabriel/research/engines/cocos2d-x/cocos/base/CCScriptSupport.h,0,1,1
/media/ullmann/HDDGabriel/research/engines/cocos2d-x/cocos/renderer/backend/opengl/BufferGL.cpp,1,0,1
/media/ullmann/HDDGabriel/research/engines/cocos2d-x/cocos/renderer/backend/opengl/BufferGL.h,1,3,4
/media/ullmann/HDDGabriel/research/engines/cocos2d-x/cocos/2d/CCParticleExamples.h,0,1,1
/media/ullmann/HDDGabriel/research/engines/cocos2d-x/cocos/platform/CCPlatformMacros.h,0,2,2
/media/ullmann/HDDGabriel/research/engines/cocos2d-x/tests/cpp-tests/Classes/BugsTest/Bug-15594.cpp,1,0,1
/media/ullmann/HDDGabriel/research/engines/cocos2d-x/tests/cpp-tests/Classes/BugsTest/Bug-15594.h,1,2,3
/media/ullmann/HDDGabriel/research/engines/cocos2d-x/cocos/renderer/backend/metal/DeviceInfoMTL.h,1,0,1
/media/ullmann/HDDGabriel/research/engines/cocos2d-x/cocos/renderer/backend/DeviceInfo.h,1,3,4
/media/ullmann/HDDGabriel/research/engines/cocos2d-x/extensions/Particle3D/PU/CCPUCircleEmitterTranslator.h,3,2,5
/media/ullmann/HDDGabriel/research/engines/cocos2d-x/cocos/2d/CCMotionStreak.h,0,1,1
/media/ullmann/HDDGabriel/research/engines/cocos2d-x/extensions/Particle3D/PU/CCPUBoxEmitter.h,1,3,4
/media/ullmann/HDDGabriel/research/engines/cocos2d-x/extensions/Particle3D/PU/CCPUEventHandlerTranslator.cpp,4,0,4
/media/ullmann/HDDGabriel/research/engines/cocos2d-x/extensions/Particle3D/PU/CCPUEventHandlerTranslator.h,3,2,5
/media/ullmann/HDDGabriel/research/engines/cocos2d-x/extensions/Particle3D/PU/CCPURibbonTrailRender.h,5,2,7
/media/ullmann/HDDGabriel/research/engines/cocos2d-x/extensions/Particle3D/PU/CCPUPlaneCollider.h,2,3,5
/media/ullmann/HDDGabriel/research/engines/cocos2d-x/extensions/Particle3D/PU/CCPUMaterialManager.cpp,3,0,3
/media/ullmann/HDDGabriel/research/engines/cocos2d-x/tests/cpp-tests/Classes/TextInputTest/TextInputTest.h,1,2,3
/media/ullmann/HDDGabriel/research/engines/cocos2d-x/extensions/Particle3D/PU/CCPUOnTimeObserverTranslator.h,3,2,5
/media/ullmann/HDDGabriel/research/engines/cocos2d-x/extensions/Particle3D/PU/CCPUOnTimeObserver.h,1,3,4
/media/ullmann/HDDGabriel/research/engines/cocos2d-x/extensions/Particle3D/PU/CCPUOnPositionObserver.h,1,3,4
/media/ullmann/HDDGabriel/research/engines/cocos2d-x/cocos/2d/CCLabelAtlas.h,0,1,1
/media/ullmann/HDDGabriel/research/engines/cocos2d-x/extensions/Particle3D/PU/CCPUScaleVelocityAffectorTranslator.cpp,4,0,4
/media/ullmann/HDDGabriel/research/engines/cocos2d-x/cocos/renderer/backend/CommandBuffer.cpp,1,0,1
/media/ullmann/HDDGabriel/research/engines/cocos2d-x/cocos/renderer/backend/CommandBuffer.h,5,3,8
/media/ullmann/HDDGabriel/research/engines/cocos2d-x/extensions/Particle3D/PU/CCPUGeometryRotatorTranslator.cpp,4,0,4
/media/ullmann/HDDGabriel/research/engines/cocos2d-x/tests/cpp-tests/Classes/CurlTest/CurlTest.cpp,1,0,1
/media/ullmann/HDDGabriel/research/engines/cocos2d-x/tests/cpp-tests/Classes/CurlTest/CurlTest.h,1,2,3
/media/ullmann/HDDGabriel/research/engines/cocos2d-x/tests/cpp-tests/Classes/ClickAndMoveTest/ClickAndMoveTest.cpp,2,0,2
/media/ullmann/HDDGabriel/research/engines/cocos2d-x/extensions/Particle3D/PU/CCPUObserverTranslator.h,3,2,5
/media/ullmann/HDDGabriel/research/engines/cocos2d-x/extensions/Particle3D/PU/CCPUBehaviourManager.cpp,2,0,2
/media/ullmann/HDDGabriel/research/engines/cocos2d-x/extensions/Particle3D/PU/CCPUBehaviourManager.h,3,3,6
/media/ullmann/HDDGabriel/research/engines/cocos2d-x/cocos/2d/CCMenuItem.h,0,1,1
/media/ullmann/HDDGabriel/research/engines/cocos2d-x/extensions/Particle3D/PU/CCPUTextureRotator.cpp,2,0,2
/media/ullmann/HDDGabriel/research/engines/cocos2d-x/cocos/platform/CCSAXParser.h,0,1,1
/media/ullmann/HDDGabriel/research/engines/cocos2d-x/extensions/Particle3D/PU/CCPUTranslateManager.cpp,2,0,2
/media/ullmann/HDDGabriel/research/engines/cocos2d-x/tests/cpp-tests/Classes/FileUtilsTest/FileUtilsTest.cpp,1,0,1
/media/ullmann/HDDGabriel/research/engines/cocos2d-x/extensions/Particle3D/PU/CCPUOnClearObserverTranslator.h,3,2,5
/media/ullmann/HDDGabriel/research/engines/cocos2d-x/tests/cpp-tests/Classes/BugsTest/Bug-15776.cpp,1,0,1
/media/ullmann/HDDGabriel/research/engines/cocos2d-x/extensions/Particle3D/PU/CCPUScaleAffector.cpp,2,0,2
/media/ullmann/HDDGabriel/research/engines/cocos2d-x/extensions/Particle3D/PU/CCPUScaleAffector.h,2,3,5
/media/ullmann/HDDGabriel/research/engines/cocos2d-x/cocos/base/CCEventController.h,0,1,1
/media/ullmann/HDDGabriel/research/engines/cocos2d-x/extensions/Particle3D/CCParticle3DRender.h,0,7,7
/media/ullmann/HDDGabriel/research/engines/cocos2d-x/extensions/Particle3D/PU/CCPUMaterialTranslator.cpp,2,0,2
/media/ullmann/HDDGabriel/research/engines/cocos2d-x/extensions/Particle3D/PU/CCPUMaterialManager.h,0,5,5
/media/ullmann/HDDGabriel/research/engines/cocos2d-x/extensions/Particle3D/PU/CCPUVertexEmitter.cpp,2,0,2
/media/ullmann/HDDGabriel/research/engines/cocos2d-x/extensions/GUI/CCControlExtension/CCControlSwitch.h,2,2,4
/media/ullmann/HDDGabriel/research/engines/cocos2d-x/tests/cpp-tests/Classes/TileMapTest/TileMapTest2.cpp,2,0,2
/media/ullmann/HDDGabriel/research/engines/cocos2d-x/cocos/base/CCScheduler.h,0,1,1
/media/ullmann/HDDGabriel/research/engines/cocos2d-x/tests/performance-tests/Classes/tests/PerformanceEventDispatcherTest.h,1,2,3
/media/ullmann/HDDGabriel/research/engines/cocos2d-x/tests/cpp-tests/Classes/MotionStreakTest/MotionStreakTest.h,1,2,3
/media/ullmann/HDDGabriel/research/engines/cocos2d-x/extensions/Particle3D/PU/CCPUSlaveBehaviourTranslator.h,3,2,5
/media/ullmann/HDDGabriel/research/engines/cocos2d-x/extensions/Particle3D/PU/CCPUDoAffectorEventHandler.cpp,3,0,3
/media/ullmann/HDDGabriel/research/engines/cocos2d-x/extensions/Particle3D/PU/CCPUDoScaleEventHandler.cpp,2,0,2
/media/ullmann/HDDGabriel/research/engines/cocos2d-x/extensions/Particle3D/PU/CCPUForceFieldAffector.cpp,2,0,2
/media/ullmann/HDDGabriel/research/engines/cocos2d-x/extensions/Particle3D/PU/CCPUParticleSystem3DTranslator.h,3,2,5
/media/ullmann/HDDGabriel/research/engines/cocos2d-x/tests/cpp-tests/Classes/SpineTest/SpineTest.h,1,2,3
/media/ullmann/HDDGabriel/research/engines/cocos2d-x/tests/cpp-tests/Classes/ExtensionsTest/NetworkTest/WebSocketDelayTest.cpp,2,0,2
/media/ullmann/HDDGabriel/research/engines/cocos2d-x/tests/cpp-tests/Classes/ExtensionsTest/NetworkTest/WebSocketDelayTest.h,1,2,3
/media/ullmann/HDDGabriel/research/engines/cocos2d-x/extensions/Particle3D/PU/CCPUOnCountObserverTranslator.h,3,2,5
/media/ullmann/HDDGabriel/research/engines/cocos2d-x/extensions/Particle3D/PU/CCPUVertexEmitter.h,1,1,2
/media/ullmann/HDDGabriel/research/engines/cocos2d-x/extensions/Particle3D/PU/CCPUMeshSurfaceEmitterTranslator.h,3,2,5
/media/ullmann/HDDGabriel/research/engines/cocos2d-x/cocos/renderer/backend/opengl/ProgramGL.h,4,5,9
/media/ullmann/HDDGabriel/research/engines/cocos2d-x/extensions/Particle3D/PU/CCPUEventHandlerManager.cpp,8,0,8
/media/ullmann/HDDGabriel/research/engines/cocos2d-x/extensions/Particle3D/PU/CCPUDoFreezeEventHandler.h,1,3,4
/media/ullmann/HDDGabriel/research/engines/cocos2d-x/extensions/GUI/CCControlExtension/CCControlButton.cpp,1,0,1
/media/ullmann/HDDGabriel/research/engines/cocos2d-x/extensions/GUI/CCControlExtension/CCControlButton.h,2,2,4
/media/ullmann/HDDGabriel/research/engines/cocos2d-x/extensions/Particle3D/PU/CCPUOnRandomObserverTranslator.cpp,4,0,4
/media/ullmann/HDDGabriel/research/engines/cocos2d-x/cocos/renderer/backend/Device.cpp,1,0,1
/media/ullmann/HDDGabriel/research/engines/cocos2d-x/extensions/Particle3D/PU/CCPUInterParticleColliderTranslator.cpp,4,0,4
/media/ullmann/HDDGabriel/research/engines/cocos2d-x/extensions/Particle3D/CCParticle3DRender.cpp,2,0,2
/media/ullmann/HDDGabriel/research/engines/cocos2d-x/extensions/Particle3D/PU/CCPUBaseForceAffectorTranslator.h,3,4,7
/media/ullmann/HDDGabriel/research/engines/cocos2d-x/cocos/2d/CCFastTMXTiledMap.h,0,1,1
/media/ullmann/HDDGabriel/research/engines/cocos2d-x/extensions/Particle3D/PU/CCPUCollisionAvoidanceAffectorTranslator.cpp,4,0,4
/media/ullmann/HDDGabriel/research/engines/cocos2d-x/tests/cpp-tests/Classes/ClickAndMoveTest/ClickAndMoveTest.h,1,2,3
/media/ullmann/HDDGabriel/research/engines/cocos2d-x/extensions/Particle3D/PU/CCPUObserver.cpp,3,0,3
/media/ullmann/HDDGabriel/research/engines/cocos2d-x/extensions/Particle3D/PU/CCPUEventHandlerManager.h,9,3,12
/media/ullmann/HDDGabriel/research/engines/cocos2d-x/tests/cpp-tests/Classes/EffectsAdvancedTest/EffectsAdvancedTest.cpp,1,0,1
/media/ullmann/HDDGabriel/research/engines/cocos2d-x/tests/cpp-tests/Classes/EffectsAdvancedTest/EffectsAdvancedTest.h,1,2,3
/media/ullmann/HDDGabriel/research/engines/cocos2d-x/extensions/Particle3D/PU/CCPUDoPlacementParticleEventHandlerTranslator.h,3,2,5
/media/ullmann/HDDGabriel/research/engines/cocos2d-x/tests/cpp-tests/Classes/ActionsTest/ActionsTest.cpp,2,0,2
/media/ullmann/HDDGabriel/research/engines/cocos2d-x/cocos/base/CCEventListenerMouse.h,0,1,1
/media/ullmann/HDDGabriel/research/engines/cocos2d-x/tests/cpp-empty-test/Classes/HelloWorldScene.cpp,2,0,2
/media/ullmann/HDDGabriel/research/engines/cocos2d-x/tests/cpp-empty-test/Classes/AppMacros.h,0,2,2
/media/ullmann/HDDGabriel/research/engines/cocos2d-x/cocos/physics/CCPhysicsBody.h,0,1,1
/media/ullmann/HDDGabriel/research/engines/cocos2d-x/tests/cpp-tests/Classes/ParticleTest/ParticleTest.cpp,2,0,2
/media/ullmann/HDDGabriel/research/engines/cocos2d-x/tests/cpp-tests/Classes/SpritePolygonTest/SpritePolygonTest.cpp,2,0,2
/media/ullmann/HDDGabriel/research/engines/cocos2d-x/tests/cpp-tests/Classes/SpritePolygonTest/SpritePolygonTest.h,1,2,3
/media/ullmann/HDDGabriel/research/engines/cocos2d-x/tests/cpp-tests/Classes/precheader.h,1,0,1
/media/ullmann/HDDGabriel/research/engines/cocos2d-x/extensions/Particle3D/PU/CCPUAlignAffectorTranslator.cpp,4,0,4
/media/ullmann/HDDGabriel/research/engines/cocos2d-x/tests/cpp-tests/Classes/VRTest/VRTest.h,1,1,2
/media/ullmann/HDDGabriel/research/engines/cocos2d-x/cocos/base/CCVector.h,0,1,1
/media/ullmann/HDDGabriel/research/engines/cocos2d-x/tests/performance-tests/Classes/tests/PerformanceLabelTest.cpp,1,0,1
/media/ullmann/HDDGabriel/research/engines/cocos2d-x/tests/performance-tests/Classes/tests/PerformanceLabelTest.h,1,2,3
/media/ullmann/HDDGabriel/research/engines/cocos2d-x/cocos/base/ccMacros.h,0,1,1
/media/ullmann/HDDGabriel/research/engines/cocos2d-x/extensions/Particle3D/PU/CCPUOnClearObserver.h,1,3,4
/media/ullmann/HDDGabriel/research/engines/cocos2d-x/extensions/Particle3D/PU/CCPUOnTimeObserverTranslator.cpp,4,0,4
/media/ullmann/HDDGabriel/research/engines/cocos2d-x/cocos/2d/CCAnimation.h,0,1,1
/media/ullmann/HDDGabriel/research/engines/cocos2d-x/extensions/GUI/CCControlExtension/CCControlStepper.cpp,1,0,1
/media/ullmann/HDDGabriel/research/engines/cocos2d-x/tests/cpp-tests/Classes/BugsTest/Bug-1174.cpp,1,0,1
/media/ullmann/HDDGabriel/research/engines/cocos2d-x/extensions/Particle3D/PU/CCPUBehaviourTranslator.cpp,3,0,3
/media/ullmann/HDDGabriel/research/engines/cocos2d-x/cocos/3d/CCSkybox.h,0,1,1
/media/ullmann/HDDGabriel/research/engines/cocos2d-x/tests/cpp-tests/Classes/MenuTest/MenuTest.cpp,2,0,2
/media/ullmann/HDDGabriel/research/engines/cocos2d-x/tests/cpp-tests/Classes/MenuTest/MenuTest.h,1,2,3
/media/ullmann/HDDGabriel/research/engines/cocos2d-x/tests/cpp-tests/Classes/TextInputTest/TextInputTest.cpp,1,0,1
/media/ullmann/HDDGabriel/research/engines/cocos2d-x/extensions/Particle3D/PU/CCPUPointEmitterTranslator.h,3,2,5
/media/ullmann/HDDGabriel/research/engines/cocos2d-x/extensions/assets-manager/Manifest.h,2,3,5
/media/ullmann/HDDGabriel/research/engines/cocos2d-x/tests/cpp-tests/proj.linux/main.cpp,1,0,1
/media/ullmann/HDDGabriel/research/engines/cocos2d-x/tests/cpp-tests/Classes/AppDelegate.h,0,3,3
/media/ullmann/HDDGabriel/research/engines/cocos2d-x/extensions/GUI/CCScrollView/CCTableView.h,3,2,5
/media/ullmann/HDDGabriel/research/engines/cocos2d-x/extensions/Particle3D/PU/CCPUColorAffectorTranslator.cpp,4,0,4
/media/ullmann/HDDGabriel/research/engines/cocos2d-x/extensions/assets-manager/AssetsManagerEx.cpp,2,0,2
/media/ullmann/HDDGabriel/research/engines/cocos2d-x/extensions/assets-manager/CCEventListenerAssetsManagerEx.h,2,3,5
/media/ullmann/HDDGabriel/research/engines/cocos2d-x/extensions/Particle3D/CCParticle3DEmitter.cpp,1,0,1
/media/ullmann/HDDGabriel/research/engines/cocos2d-x/tests/cpp-tests/Classes/UITest/CocoStudioGUITest/UIWidgetAddNodeTest/UIWidgetAddNodeTest.h,1,2,3
/media/ullmann/HDDGabriel/research/engines/cocos2d-x/extensions/Particle3D/PU/CCPUMeshSurfaceEmitterTranslator.cpp,4,0,4
/media/ullmann/HDDGabriel/research/engines/cocos2d-x/extensions/Particle3D/PU/CCPUForceFieldAffectorTranslator.cpp,4,0,4
/media/ullmann/HDDGabriel/research/engines/cocos2d-x/extensions/Particle3D/PU/CCPUForceFieldAffectorTranslator.h,3,2,5
/media/ullmann/HDDGabriel/research/engines/cocos2d-x/tests/performance-tests/Classes/tests/PerformanceCallbackTest.cpp,1,0,1
/media/ullmann/HDDGabriel/research/engines/cocos2d-x/tests/performance-tests/Classes/tests/PerformanceCallbackTest.h,1,2,3
/media/ullmann/HDDGabriel/research/engines/cocos2d-x/tests/cpp-tests/Classes/UITest/CocoStudioGUITest/UIImageViewTest/UIImageViewTest.h,1,2,3
/media/ullmann/HDDGabriel/research/engines/cocos2d-x/extensions/Particle3D/PU/CCPUOnVelocityObserverTranslator.cpp,4,0,4
/media/ullmann/HDDGabriel/research/engines/cocos2d-x/extensions/Particle3D/PU/CCPUAlignAffector.h,1,3,4
/media/ullmann/HDDGabriel/research/engines/cocos2d-x/extensions/assets-manager/AssetsManagerEx.h,4,4,8
/media/ullmann/HDDGabriel/research/engines/cocos2d-x/extensions/assets-manager/CCEventAssetsManagerEx.h,2,4,6
/media/ullmann/HDDGabriel/research/engines/cocos2d-x/tests/cpp-tests/Classes/BugsTest/Bug-458/Bug-458.cpp,2,0,2
/media/ullmann/HDDGabriel/research/engines/cocos2d-x/tests/cpp-tests/Classes/TileMapTest/TileMapTest2.h,1,2,3
/media/ullmann/HDDGabriel/research/engines/cocos2d-x/extensions/Particle3D/PU/CCPUOnExpireObserverTranslator.h,3,2,5
/media/ullmann/HDDGabriel/research/engines/cocos2d-x/tests/lua-tests/project/Classes/AppDelegate.cpp,3,0,3
/media/ullmann/HDDGabriel/research/engines/cocos2d-x/tests/lua-tests/project/Classes/lua_assetsmanager_test_sample.h,0,2,2
/media/ullmann/HDDGabriel/research/engines/cocos2d-x/extensions/Particle3D/PU/CCPUSlaveEmitter.h,2,3,5
/media/ullmann/HDDGabriel/research/engines/cocos2d-x/extensions/Particle3D/PU/CCPULineEmitterTranslator.cpp,4,0,4
/media/ullmann/HDDGabriel/research/engines/cocos2d-x/extensions/Particle3D/PU/CCPUMeshSurfaceEmitter.h,1,3,4
/media/ullmann/HDDGabriel/research/engines/cocos2d-x/extensions/Particle3D/PU/CCPUPointEmitter.h,1,3,4
/media/ullmann/HDDGabriel/research/engines/cocos2d-x/tests/cpp-tests/Classes/ExtensionsTest/AssetsManagerExTest/AssetsManagerExTest.h,2,2,4
/media/ullmann/HDDGabriel/research/engines/cocos2d-x/tests/cpp-tests/Classes/BugsTest/Bug-458/QuestionContainerSprite.h,0,2,2
/media/ullmann/HDDGabriel/research/engines/cocos2d-x/tests/cpp-tests/Classes/UITest/CocoStudioGUITest/UICheckBoxTest/UICheckBoxTest.h,1,2,3
/media/ullmann/HDDGabriel/research/engines/cocos2d-x/extensions/Particle3D/PU/CCPUDoScaleEventHandlerTranslator.h,3,2,5
/media/ullmann/HDDGabriel/research/engines/cocos2d-x/cocos/math/MathUtil.h,0,1,1
/media/ullmann/HDDGabriel/research/engines/cocos2d-x/tests/cpp-tests/Classes/Particle3DTest/Particle3DTest.cpp,1,0,1
/media/ullmann/HDDGabriel/research/engines/cocos2d-x/tests/cpp-tests/Classes/Particle3DTest/Particle3DTest.h,1,2,3
/media/ullmann/HDDGabriel/research/engines/cocos2d-x/extensions/Particle3D/PU/CCPULinearForceAffectorTranslator.cpp,5,0,5
/media/ullmann/HDDGabriel/research/engines/cocos2d-x/cocos/base/CCIMEDelegate.h,0,1,1
/media/ullmann/HDDGabriel/research/engines/cocos2d-x/extensions/Particle3D/PU/CCPUBehaviourTranslator.h,3,2,5
/media/ullmann/HDDGabriel/research/engines/cocos2d-x/templates/lua-template-default/frameworks/runtime-src/proj.linux/main.cpp,1,0,1
/media/ullmann/HDDGabriel/research/engines/cocos2d-x/extensions/Particle3D/PU/CCPUCircleEmitterTranslator.cpp,4,0,4
/media/ullmann/HDDGabriel/research/engines/cocos2d-x/cocos/base/base64.h,0,1,1
/media/ullmann/HDDGabriel/research/engines/cocos2d-x/cocos/renderer/backend/RenderPipelineDescriptor.h,3,4,7
/media/ullmann/HDDGabriel/research/engines/cocos2d-x/extensions/Particle3D/PU/CCPUDoEnableComponentEventHandler.h,2,3,5
/media/ullmann/HDDGabriel/research/engines/cocos2d-x/extensions/GUI/CCScrollView/CCTableViewCell.cpp,1,0,1
/media/ullmann/HDDGabriel/research/engines/cocos2d-x/tests/cpp-tests/Classes/UITest/CocoStudioGUITest/UIVideoPlayerTest/UIVideoPlayerTest.h,1,2,3
/media/ullmann/HDDGabriel/research/engines/cocos2d-x/cocos/renderer/CCGroupCommand.h,0,1,1
/media/ullmann/HDDGabriel/research/engines/cocos2d-x/tests/cpp-tests/Classes/SchedulerTest/SchedulerTest.h,2,2,4
/media/ullmann/HDDGabriel/research/engines/cocos2d-x/tests/cpp-tests/Classes/RenderTextureTest/RenderTextureTest.h,1,2,3
/media/ullmann/HDDGabriel/research/engines/cocos2d-x/tests/cpp-tests/Classes/NewAudioEngineTest/NewAudioEngineTest.cpp,1,0,1
/media/ullmann/HDDGabriel/research/engines/cocos2d-x/tests/cpp-tests/Classes/NewAudioEngineTest/NewAudioEngineTest.h,1,2,3
/media/ullmann/HDDGabriel/research/engines/cocos2d-x/tests/cpp-tests/Classes/controller.cpp,3,0,3
/media/ullmann/HDDGabriel/research/engines/cocos2d-x/cocos/precheader.h,1,0,1
/media/ullmann/HDDGabriel/research/engines/cocos2d-x/extensions/Particle3D/PU/CCPULinearForceAffectorTranslator.h,3,2,5
/media/ullmann/HDDGabriel/research/engines/cocos2d-x/cocos/math/Vec4.h,0,1,1
/media/ullmann/HDDGabriel/research/engines/cocos2d-x/cocos/base/CCConfiguration.h,0,1,1
/media/ullmann/HDDGabriel/research/engines/cocos2d-x/cocos/renderer/backend/ProgramCache.h,2,3,5
/media/ullmann/HDDGabriel/research/engines/cocos2d-x/tests/cpp-tests/Classes/Sprite3DTest/DrawNode3D.cpp,1,0,1
/media/ullmann/HDDGabriel/research/engines/cocos2d-x/tests/cpp-tests/Classes/Sprite3DTest/DrawNode3D.h,0,3,3
/media/ullmann/HDDGabriel/research/engines/cocos2d-x/cocos/renderer/backend/opengl/DeviceInfoGL.h,1,2,3
/media/ullmann/HDDGabriel/research/engines/cocos2d-x/extensions/Particle3D/PU/CCPUCollisionAvoidanceAffector.cpp,2,0,2
/media/ullmann/HDDGabriel/research/engines/cocos2d-x/cocos/3d/CCFrustum.h,0,1,1
/media/ullmann/HDDGabriel/research/engines/cocos2d-x/tests/cpp-tests/Classes/Sprite3DTest/Sprite3DTest.cpp,4,0,4
/media/ullmann/HDDGabriel/research/engines/cocos2d-x/extensions/Particle3D/PU/CCPUScaleVelocityAffector.cpp,2,0,2
/media/ullmann/HDDGabriel/research/engines/cocos2d-x/tests/cpp-tests/Classes/PhysicsTest/PhysicsTest.cpp,2,0,2
/media/ullmann/HDDGabriel/research/engines/cocos2d-x/extensions/Particle3D/PU/CCPUSphereCollider.h,2,3,5
/media/ullmann/HDDGabriel/research/engines/cocos2d-x/tests/cpp-tests/Classes/TouchesTest/Ball.h,0,2,2
/media/ullmann/HDDGabriel/research/engines/cocos2d-x/cocos/physics/CCPhysicsWorld.h,0,1,1
/media/ullmann/HDDGabriel/research/engines/cocos2d-x/extensions/GUI/CCControlExtension/CCControlUtils.h,2,3,5
/media/ullmann/HDDGabriel/research/engines/cocos2d-x/tests/cpp-tests/Classes/ParticleTest/ParticleTest.h,1,2,3
/media/ullmann/HDDGabriel/research/engines/cocos2d-x/extensions/Particle3D/PU/CCPULineAffectorTranslator.cpp,4,0,4
/media/ullmann/HDDGabriel/research/engines/cocos2d-x/extensions/Particle3D/PU/CCPUVelocityMatchingAffector.cpp,2,0,2
/media/ullmann/HDDGabriel/research/engines/cocos2d-x/tests/performance-tests/Classes/tests/PerformanceParticle3DTest.cpp,1,0,1
/media/ullmann/HDDGabriel/research/engines/cocos2d-x/tests/performance-tests/Classes/tests/PerformanceParticle3DTest.h,1,2,3
/media/ullmann/HDDGabriel/research/engines/cocos2d-x/extensions/Particle3D/PU/CCPUFlockCenteringAffector.h,1,3,4
/media/ullmann/HDDGabriel/research/engines/cocos2d-x/tests/cpp-tests/Classes/BugsTest/Bug-624.cpp,1,0,1
/media/ullmann/HDDGabriel/research/engines/cocos2d-x/tests/cpp-tests/Classes/VRTest/VRTest.cpp,1,0,1
/media/ullmann/HDDGabriel/research/engines/cocos2d-x/extensions/Particle3D/PU/CCPUAlignAffectorTranslator.h,3,2,5
/media/ullmann/HDDGabriel/research/engines/cocos2d-x/tests/cpp-tests/Classes/ActionManagerTest/ActionManagerTest.cpp,2,0,2
/media/ullmann/HDDGabriel/research/engines/cocos2d-x/tests/cpp-tests/Classes/UITest/UITest.h,1,2,3
/media/ullmann/HDDGabriel/research/engines/cocos2d-x/tests/cpp-tests/Classes/TouchesTest/Paddle.cpp,1,0,1
/media/ullmann/HDDGabriel/research/engines/cocos2d-x/extensions/Particle3D/PU/CCPULinearForceAffector.h,1,3,4
/media/ullmann/HDDGabriel/research/engines/cocos2d-x/tests/cpp-tests/Classes/ClippingNodeTest/ClippingNodeTest.h,1,2,3
/media/ullmann/HDDGabriel/research/engines/cocos2d-x/tests/cpp-tests/Classes/IntervalTest/IntervalTest.h,1,2,3
/media/ullmann/HDDGabriel/research/engines/cocos2d-x/extensions/Particle3D/PU/CCPUBoxColliderTranslator.cpp,5,0,5
/media/ullmann/HDDGabriel/research/engines/cocos2d-x/tests/cpp-tests/Classes/DownloaderTest/DownloaderTest.h,1,2,3
/media/ullmann/HDDGabriel/research/engines/cocos2d-x/extensions/Particle3D/PU/CCPUBehaviour.h,1,5,6
/media/ullmann/HDDGabriel/research/engines/cocos2d-x/tests/cpp-tests/Classes/UnitTest/UnitTest.cpp,1,0,1
/media/ullmann/HDDGabriel/research/engines/cocos2d-x/tests/cpp-tests/Classes/UnitTest/UnitTest.h,1,3,4
/media/ullmann/HDDGabriel/research/engines/cocos2d-x/extensions/Particle3D/PU/CCPUOnCollisionObserver.cpp,2,0,2
/media/ullmann/HDDGabriel/research/engines/cocos2d-x/extensions/Particle3D/PU/CCPUOnCollisionObserver.h,1,3,4
/media/ullmann/HDDGabriel/research/engines/cocos2d-x/extensions/Particle3D/PU/CCPUTextureRotator.h,2,3,5
/media/ullmann/HDDGabriel/research/engines/cocos2d-x/tests/cpp-tests/Classes/UITest/CocoStudioGUITest/UILoadingBarTest/UILoadingBarTest.cpp,1,0,1
/media/ullmann/HDDGabriel/research/engines/cocos2d-x/tests/cpp-tests/Classes/SpriteFrameCacheTest/SpriteFrameCacheTest.cpp,1,0,1
/media/ullmann/HDDGabriel/research/engines/cocos2d-x/tests/cpp-tests/Classes/SpriteFrameCacheTest/SpriteFrameCacheTest.h,1,2,3
/media/ullmann/HDDGabriel/research/engines/cocos2d-x/cocos/3d/CCSprite3D.h,0,1,1
/media/ullmann/HDDGabriel/research/engines/cocos2d-x/cocos/base/CCAutoreleasePool.h,0,1,1
/media/ullmann/HDDGabriel/research/engines/cocos2d-x/cocos/renderer/backend/Program.cpp,2,0,2
/media/ullmann/HDDGabriel/research/engines/cocos2d-x/cocos/renderer/backend/Program.h,3,4,7
/media/ullmann/HDDGabriel/research/engines/cocos2d-x/tests/cpp-tests/Classes/MaterialSystemTest/MaterialSystemTest.cpp,2,0,2
/media/ullmann/HDDGabriel/research/engines/cocos2d-x/extensions/Particle3D/PU/CCPUOnEventFlagObserverTranslator.h,3,2,5
/media/ullmann/HDDGabriel/research/engines/cocos2d-x/extensions/Particle3D/PU/CCPUOnEventFlagObserver.h,1,3,4
/media/ullmann/HDDGabriel/research/engines/cocos2d-x/cocos/renderer/backend/metal/RenderPipelineMTL.h,2,0,2
/media/ullmann/HDDGabriel/research/engines/cocos2d-x/extensions/Particle3D/PU/CCPUDoPlacementParticleEventHandler.cpp,3,0,3
/media/ullmann/HDDGabriel/research/engines/cocos2d-x/tests/cpp-tests/Classes/DrawPrimitivesTest/DrawPrimitivesTest.h,1,2,3
/media/ullmann/HDDGabriel/research/engines/cocos2d-x/tests/cpp-tests/Classes/UITest/CocoStudioGUITest/UISliderTest/UISliderTest.h,1,2,3
/media/ullmann/HDDGabriel/research/engines/cocos2d-x/extensions/GUI/CCControlExtension/CCControlSlider.cpp,1,0,1
/media/ullmann/HDDGabriel/research/engines/cocos2d-x/tests/performance-tests/Classes/tests/PerformanceParticleTest.h,1,2,3
/media/ullmann/HDDGabriel/research/engines/cocos2d-x/extensions/Particle3D/PU/CCPUDoAffectorEventHandlerTranslator.cpp,4,0,4
/media/ullmann/HDDGabriel/research/engines/cocos2d-x/extensions/Particle3D/PU/CCPUEventHandler.cpp,2,0,2
/media/ullmann/HDDGabriel/research/engines/cocos2d-x/extensions/Particle3D/PU/CCPUSphereSurfaceEmitterTranslator.cpp,4,0,4
/media/ullmann/HDDGabriel/research/engines/cocos2d-x/tests/performance-tests/Classes/tests/PerformanceSpriteTest.cpp,1,0,1
/media/ullmann/HDDGabriel/research/engines/cocos2d-x/tests/performance-tests/Classes/tests/PerformanceSpriteTest.h,1,2,3
/media/ullmann/HDDGabriel/research/engines/cocos2d-x/tests/performance-tests/Classes/tests/PerformanceMathTest.h,1,2,3
/media/ullmann/HDDGabriel/research/engines/cocos2d-x/cocos/2d/CCAnimationCache.h,0,1,1
/media/ullmann/HDDGabriel/research/engines/cocos2d-x/extensions/Particle3D/PU/CCPUInterParticleColliderTranslator.h,3,2,5
/media/ullmann/HDDGabriel/research/engines/cocos2d-x/cocos/3d/CCTerrain.h,0,1,1
/media/ullmann/HDDGabriel/research/engines/cocos2d-x/tests/cpp-tests/Classes/IntervalTest/IntervalTest.cpp,2,0,2
/media/ullmann/HDDGabriel/research/engines/cocos2d-x/extensions/Particle3D/PU/CCPURandomiserTranslator.cpp,4,0,4
/media/ullmann/HDDGabriel/research/engines/cocos2d-x/extensions/Particle3D/PU/CCPUPlane.h,0,2,2
/media/ullmann/HDDGabriel/research/engines/cocos2d-x/extensions/Particle3D/PU/CCPUSphere.h,0,2,2
/media/ullmann/HDDGabriel/research/engines/cocos2d-x/extensions/Particle3D/PU/CCPUDoAffectorEventHandler.h,1,3,4
/media/ullmann/HDDGabriel/research/engines/cocos2d-x/tests/cpp-tests/Classes/InputTest/MouseTest.h,1,2,3
/media/ullmann/HDDGabriel/research/engines/cocos2d-x/cocos/renderer/CCTextureAtlas.h,0,1,1
/media/ullmann/HDDGabriel/research/engines/cocos2d-x/tests/lua-empty-test/project/proj.win32/main.cpp,1,0,1
/media/ullmann/HDDGabriel/research/engines/cocos2d-x/tests/lua-empty-test/project/proj.win32/main.h,0,1,1
/media/ullmann/HDDGabriel/research/engines/cocos2d-x/extensions/Particle3D/PU/CCPUJetAffectorTranslator.cpp,4,0,4
/media/ullmann/HDDGabriel/research/engines/cocos2d-x/extensions/Particle3D/PU/CCPUVelocityMatchingAffector.h,1,3,4
/media/ullmann/HDDGabriel/research/engines/cocos2d-x/extensions/Particle3D/PU/CCPUDoFreezeEventHandler.cpp,3,0,3
/media/ullmann/HDDGabriel/research/engines/cocos2d-x/tests/cpp-tests/Classes/MaterialSystemTest/MaterialSystemTest.h,1,2,3
/media/ullmann/HDDGabriel/research/engines/cocos2d-x/cocos/base/CCEventListenerFocus.h,0,1,1
/media/ullmann/HDDGabriel/research/engines/cocos2d-x/tests/cpp-tests/Classes/ReleasePoolTest/ReleasePoolTest.h,1,2,3
/media/ullmann/HDDGabriel/research/engines/cocos2d-x/cocos/2d/CCFastTMXLayer.h,0,1,1
/media/ullmann/HDDGabriel/research/engines/cocos2d-x/extensions/Particle3D/PU/CCPUPlaneColliderTranslator.cpp,5,0,5
/media/ullmann/HDDGabriel/research/engines/cocos2d-x/tests/cpp-tests/Classes/CurrentLanguageTest/CurrentLanguageTest.cpp,1,0,1
/media/ullmann/HDDGabriel/research/engines/cocos2d-x/tests/cpp-tests/Classes/CurrentLanguageTest/CurrentLanguageTest.h,1,2,3
/media/ullmann/HDDGabriel/research/engines/cocos2d-x/tests/cpp-tests/Classes/ActionsEaseTest/ActionsEaseTest.cpp,2,0,2
/media/ullmann/HDDGabriel/research/engines/cocos2d-x/cocos/3d/CCOBB.h,0,1,1
/media/ullmann/HDDGabriel/research/engines/cocos2d-x/cocos/math/Vec2.h,0,1,1
/media/ullmann/HDDGabriel/research/engines/cocos2d-x/cocos/renderer/backend/opengl/DepthStencilStateGL.h,1,4,5
/media/ullmann/HDDGabriel/research/engines/cocos2d-x/cocos/renderer/backend/DepthStencilState.h,2,4,6
/media/ullmann/HDDGabriel/research/engines/cocos2d-x/tests/cpp-tests/Classes/testBasic.h,1,0,1
/media/ullmann/HDDGabriel/research/engines/cocos2d-x/tests/cpp-tests/Classes/VisibleRect.h,0,4,4
/media/ullmann/HDDGabriel/research/engines/cocos2d-x/tests/cpp-tests/Classes/OpenURLTest/OpenURLTest.h,1,2,3
/media/ullmann/HDDGabriel/research/engines/cocos2d-x/cocos/scripting/lua-bindings/manual/CCLuaEngine.cpp,1,0,1
/media/ullmann/HDDGabriel/research/engines/cocos2d-x/tests/cpp-tests/Classes/LabelTest/LabelTestNew.cpp,2,0,2
/media/ullmann/HDDGabriel/research/engines/cocos2d-x/tests/cpp-tests/Classes/ClippingNodeTest/ClippingNodeTest.cpp,2,0,2
/media/ullmann/HDDGabriel/research/engines/cocos2d-x/tests/lua-empty-test/project/proj.linux/main.cpp,1,0,1
/media/ullmann/HDDGabriel/research/engines/cocos2d-x/tests/lua-empty-test/project/Classes/AppDelegate.h,0,2,2
/media/ullmann/HDDGabriel/research/engines/cocos2d-x/tests/cpp-tests/Classes/BugsTest/Bug-422.cpp,1,0,1
/media/ullmann/HDDGabriel/research/engines/cocos2d-x/tests/cpp-tests/Classes/BugsTest/Bug-422.h,1,2,3
/media/ullmann/HDDGabriel/research/engines/cocos2d-x/extensions/Particle3D/PU/CCPUScriptLexer.h,0,2,2
/media/ullmann/HDDGabriel/research/engines/cocos2d-x/cocos/renderer/backend/Buffer.h,2,2,4
/media/ullmann/HDDGabriel/research/engines/cocos2d-x/tests/cpp-tests/Classes/UITest/CocoStudioGUITest/UIImageViewTest/UIImageViewTest.cpp,1,0,1
/media/ullmann/HDDGabriel/research/engines/cocos2d-x/cocos/base/CCEventType.h,0,1,1
/media/ullmann/HDDGabriel/research/engines/cocos2d-x/tests/cpp-tests/Classes/ActionManagerTest/ActionManagerTest.h,1,2,3
/media/ullmann/HDDGabriel/research/engines/cocos2d-x/extensions/assets-manager/AssetsManager.cpp,1,0,1
/media/ullmann/HDDGabriel/research/engines/cocos2d-x/extensions/assets-manager/AssetsManager.h,2,2,4
/media/ullmann/HDDGabriel/research/engines/cocos2d-x/cocos/2d/CCProgressTimer.h,0,1,1
/media/ullmann/HDDGabriel/research/engines/cocos2d-x/cocos/renderer/backend/metal/CommandBufferMTL.h,2,0,2
/media/ullmann/HDDGabriel/research/engines/cocos2d-x/cocos/renderer/backend/metal/DeviceMTL.h,1,2,3
/media/ullmann/HDDGabriel/research/engines/cocos2d-x/tests/cpp-tests/Classes/LightTest/LightTest.cpp,1,0,1
/media/ullmann/HDDGabriel/research/engines/cocos2d-x/tests/cpp-empty-test/proj.linux/main.cpp,1,0,1
/media/ullmann/HDDGabriel/research/engines/cocos2d-x/extensions/Particle3D/PU/CCPUPointEmitter.cpp,2,0,2
/media/ullmann/HDDGabriel/research/engines/cocos2d-x/extensions/Particle3D/PU/CCPUDynamicAttributeTranslator.cpp,2,0,2
/media/ullmann/HDDGabriel/research/engines/cocos2d-x/tests/lua-empty-test/project/Classes/AppDelegate.cpp,1,0,1
/media/ullmann/HDDGabriel/research/engines/cocos2d-x/cocos/base/CCProtocols.h,0,1,1
/media/ullmann/HDDGabriel/research/engines/cocos2d-x/extensions/Particle3D/PU/CCPUOnPositionObserver.cpp,2,0,2
/media/ullmann/HDDGabriel/research/engines/cocos2d-x/tests/cpp-tests/Classes/EffectsTest/EffectsTest.h,1,2,3
/media/ullmann/HDDGabriel/research/engines/cocos2d-x/extensions/Particle3D/PU/CCPUDoEnableComponentEventHandlerTranslator.h,3,2,5
/media/ullmann/HDDGabriel/research/engines/cocos2d-x/cocos/renderer/CCTextureUtils.cpp,1,0,1
/media/ullmann/HDDGabriel/research/engines/cocos2d-x/cocos/renderer/CCTextureUtils.h,0,1,1
/media/ullmann/HDDGabriel/research/engines/cocos2d-x/cocos/renderer/backend/Types.cpp,1,0,1
/media/ullmann/HDDGabriel/research/engines/cocos2d-x/tests/cpp-tests/Classes/UITest/CocoStudioGUITest/UITextAtlasTest/UITextAtlasTest.h,1,2,3
/media/ullmann/HDDGabriel/research/engines/cocos2d-x/extensions/Particle3D/PU/CCPUDoStopSystemEventHandlerTranslator.h,3,2,5
/media/ullmann/HDDGabriel/research/engines/cocos2d-x/extensions/Particle3D/PU/CCPUPointEmitterTranslator.cpp,4,0,4
/media/ullmann/HDDGabriel/research/engines/cocos2d-x/tests/cpp-tests/Classes/ShaderTest/ShaderTest.cpp,2,0,2
/media/ullmann/HDDGabriel/research/engines/cocos2d-x/extensions/physics-nodes/CCPhysicsDebugNode.h,2,2,4
/media/ullmann/HDDGabriel/research/engines/cocos2d-x/extensions/Particle3D/PU/CCPULineAffector.cpp,2,0,2
/media/ullmann/HDDGabriel/research/engines/cocos2d-x/extensions/Particle3D/PU/CCPUPositionEmitter.cpp,2,0,2
/media/ullmann/HDDGabriel/research/engines/cocos2d-x/tests/cpp-tests/Classes/ActionsProgressTest/ActionsProgressTest.h,1,2,3
/media/ullmann/HDDGabriel/research/engines/cocos2d-x/tests/cpp-tests/Classes/SceneTest/SceneTest.cpp,2,0,2
/media/ullmann/HDDGabriel/research/engines/cocos2d-x/extensions/Particle3D/PU/CCPUOnCountObserver.cpp,2,0,2
/media/ullmann/HDDGabriel/research/engines/cocos2d-x/tests/cpp-tests/Classes/BugsTest/Bug-350.h,1,2,3
/media/ullmann/HDDGabriel/research/engines/cocos2d-x/tests/cpp-tests/Classes/ShaderTest/ShaderTest2.h,2,2,4
/media/ullmann/HDDGabriel/research/engines/cocos2d-x/cocos/base/CCEventKeyboard.h,0,1,1
/media/ullmann/HDDGabriel/research/engines/cocos2d-x/tests/cpp-tests/proj.mac/main.cpp,1,0,1
/media/ullmann/HDDGabriel/research/engines/cocos2d-x/cocos/renderer/CCTrianglesCommand.h,0,1,1
/media/ullmann/HDDGabriel/research/engines/cocos2d-x/cocos/renderer/backend/opengl/DepthStencilStateGL.cpp,1,0,1
/media/ullmann/HDDGabriel/research/engines/cocos2d-x/tests/cpp-tests/Classes/TextureCacheTest/TextureCacheTest.h,1,2,3
/media/ullmann/HDDGabriel/research/engines/cocos2d-x/cocos/2d/CCActionGrid.h,0,1,1
/media/ullmann/HDDGabriel/research/engines/cocos2d-x/cocos/renderer/backend/VertexLayout.h,2,3,5
/media/ullmann/HDDGabriel/research/engines/cocos2d-x/extensions/assets-manager/CCEventListenerAssetsManagerEx.cpp,3,0,3
/media/ullmann/HDDGabriel/research/engines/cocos2d-x/cocos/2d/CCActionCamera.h,0,1,1
/media/ullmann/HDDGabriel/research/engines/cocos2d-x/cocos/2d/CCActionPageTurn3D.h,0,1,1
/media/ullmann/HDDGabriel/research/engines/cocos2d-x/extensions/Particle3D/PU/CCPUBaseForceAffector.cpp,2,0,2
/media/ullmann/HDDGabriel/research/engines/cocos2d-x/templates/cpp-template-default/Classes/HelloWorldScene.cpp,1,0,1
/media/ullmann/HDDGabriel/research/engines/cocos2d-x/extensions/Particle3D/PU/CCPUEmitterTranslator.cpp,5,0,5
/media/ullmann/HDDGabriel/research/engines/cocos2d-x/tests/cpp-tests/Classes/Physics3DTest/Physics3DTest.h,1,2,3
/media/ullmann/HDDGabriel/research/engines/cocos2d-x/cocos/base/CCDirector.h,0,1,1
/media/ullmann/HDDGabriel/research/engines/cocos2d-x/extensions/Particle3D/PU/CCPUDynamicAttribute.cpp,1,0,1
/media/ullmann/HDDGabriel/research/engines/cocos2d-x/extensions/Particle3D/PU/CCPUAlignAffector.cpp,2,0,2
/media/ullmann/HDDGabriel/research/engines/cocos2d-x/extensions/Particle3D/PU/CCPUDoAffectorEventHandlerTranslator.h,3,2,5
/media/ullmann/HDDGabriel/research/engines/cocos2d-x/cocos/2d/CCNodeGrid.h,0,1,1
/media/ullmann/HDDGabriel/research/engines/cocos2d-x/extensions/Particle3D/PU/CCPUSphereSurfaceEmitter.h,1,3,4
/media/ullmann/HDDGabriel/research/engines/cocos2d-x/extensions/Particle3D/PU/CCPUDoExpireEventHandlerTranslator.cpp,4,0,4
/media/ullmann/HDDGabriel/research/engines/cocos2d-x/cocos/2d/CCScene.h,0,1,1
/media/ullmann/HDDGabriel/research/engines/cocos2d-x/tests/cpp-tests/Classes/PhysicsTest/PhysicsTest.h,1,2,3
/media/ullmann/HDDGabriel/research/engines/cocos2d-x/tests/cpp-tests/Classes/BaseTest.cpp,3,0,3
/media/ullmann/HDDGabriel/research/engines/cocos2d-x/tests/cpp-tests/Classes/BugsTest/Bug-14327.h,1,2,3
/media/ullmann/HDDGabriel/research/engines/cocos2d-x/extensions/Particle3D/PU/CCPUFlockCenteringAffectorTranslator.h,3,2,5
/media/ullmann/HDDGabriel/research/engines/cocos2d-x/extensions/Particle3D/PU/CCPUEmitter.cpp,3,0,3
/media/ullmann/HDDGabriel/research/engines/cocos2d-x/extensions/GUI/CCControlExtension/CCControlUtils.cpp,1,0,1
/media/ullmann/HDDGabriel/research/engines/cocos2d-x/extensions/Particle3D/PU/CCPUNoise.cpp,1,0,1
/media/ullmann/HDDGabriel/research/engines/cocos2d-x/extensions/Particle3D/PU/CCPUNoise.h,0,2,2
/media/ullmann/HDDGabriel/research/engines/cocos2d-x/cocos/2d/CCTMXLayer.h,0,1,1
/media/ullmann/HDDGabriel/research/engines/cocos2d-x/cocos/scripting/lua-bindings/manual/network/lua_downloader.cpp,2,0,2
/media/ullmann/HDDGabriel/research/engines/cocos2d-x/cocos/scripting/lua-bindings/manual/network/lua_downloader.h,0,1,1
/media/ullmann/HDDGabriel/research/engines/cocos2d-x/tests/cpp-tests/Classes/ZwoptexTest/ZwoptexTest.cpp,2,0,2
/media/ullmann/HDDGabriel/research/engines/cocos2d-x/cocos/platform/CCCommon.h,0,1,1
/media/ullmann/HDDGabriel/research/engines/cocos2d-x/tests/cpp-tests/Classes/SchedulerTest/SchedulerTest.cpp,2,0,2
/media/ullmann/HDDGabriel/research/engines/cocos2d-x/cocos/2d/CCTweenFunction.h,0,1,1
/media/ullmann/HDDGabriel/research/engines/cocos2d-x/cocos/renderer/CCRenderCommandPool.h,0,1,1
/media/ullmann/HDDGabriel/research/engines/cocos2d-x/tests/cpp-tests/Classes/ChipmunkTest/ChipmunkTest.h,2,2,4
/media/ullmann/HDDGabriel/research/engines/cocos2d-x/extensions/Particle3D/PU/CCPURibbonTrailRender.cpp,4,0,4
/media/ullmann/HDDGabriel/research/engines/cocos2d-x/tests/cpp-tests/Classes/ActionsEaseTest/ActionsEaseTest.h,1,2,3
/media/ullmann/HDDGabriel/research/engines/cocos2d-x/tests/cpp-tests/Classes/ExtensionsTest/TableViewTest/CustomTableViewCell.h,1,2,3
/media/ullmann/HDDGabriel/research/engines/cocos2d-x/cocos/renderer/backend/metal/Utils.h,2,0,2
/media/ullmann/HDDGabriel/research/engines/cocos2d-x/tests/cpp-tests/Classes/TextureCacheTest/TextureCacheTest.cpp,1,0,1
/media/ullmann/HDDGabriel/research/engines/cocos2d-x/tests/cpp-tests/Classes/TransitionsTest/TransitionsTest.h,1,2,3
/media/ullmann/HDDGabriel/research/engines/cocos2d-x/cocos/base/ccConfig.h,0,1,1
/media/ullmann/HDDGabriel/research/engines/cocos2d-x/extensions/Particle3D/PU/CCPUOnExpireObserver.cpp,2,0,2
/media/ullmann/HDDGabriel/research/engines/cocos2d-x/tests/cpp-tests/Classes/ConfigurationTest/ConfigurationTest.h,1,2,3
/media/ullmann/HDDGabriel/research/engines/cocos2d-x/cocos/2d/CCActionInstant.h,0,1,1
/media/ullmann/HDDGabriel/research/engines/cocos2d-x/extensions/Particle3D/PU/CCPUBaseCollider.cpp,2,0,2
/media/ullmann/HDDGabriel/research/engines/cocos2d-x/extensions/Particle3D/PU/CCPUGeometryRotator.cpp,2,0,2
/media/ullmann/HDDGabriel/research/engines/cocos2d-x/extensions/GUI/CCScrollView/CCScrollView.cpp,1,0,1
/media/ullmann/HDDGabriel/research/engines/cocos2d-x/extensions/Particle3D/PU/CCPUTechniqueTranslator.h,3,2,5
/media/ullmann/HDDGabriel/research/engines/cocos2d-x/cocos/renderer/backend/ProgramState.h,0,1,1
/media/ullmann/HDDGabriel/research/engines/cocos2d-x/tests/cpp-tests/Classes/ExtensionsTest/NetworkTest/SocketIOTest.cpp,2,0,2
/media/ullmann/HDDGabriel/research/engines/cocos2d-x/tests/cpp-tests/Classes/UITest/CocoStudioGUITest/UIVideoPlayerTest/UIVideoPlayerTest.cpp,1,0,1
/media/ullmann/HDDGabriel/research/engines/cocos2d-x/tests/cpp-tests/Classes/VibrateTest/VibrateTest.h,1,2,3
/media/ullmann/HDDGabriel/research/engines/cocos2d-x/tests/cpp-tests/Classes/ZwoptexTest/ZwoptexTest.h,1,2,3
/media/ullmann/HDDGabriel/research/engines/cocos2d-x/cocos/cocos2d.cpp,1,0,1
/media/ullmann/HDDGabriel/research/engines/cocos2d-x/extensions/Particle3D/PU/CCPUSphereCollider.cpp,2,0,2
/media/ullmann/HDDGabriel/research/engines/cocos2d-x/tests/cpp-tests/Classes/MultiTouchTest/MultiTouchTest.cpp,1,0,1
/media/ullmann/HDDGabriel/research/engines/cocos2d-x/tests/cpp-tests/Classes/MultiTouchTest/MultiTouchTest.h,1,2,3
/media/ullmann/HDDGabriel/research/engines/cocos2d-x/extensions/Particle3D/PU/CCPUSlaveEmitter.cpp,3,0,3
/media/ullmann/HDDGabriel/research/engines/cocos2d-x/extensions/Particle3D/PU/CCPUSlaveBehaviour.h,2,4,6
/media/ullmann/HDDGabriel/research/engines/cocos2d-x/tests/cpp-tests/Classes/BugsTest/Bug-1159.h,1,2,3
/media/ullmann/HDDGabriel/research/engines/cocos2d-x/tests/cpp-tests/Classes/LayerTest/LayerTest.cpp,2,0,2
/media/ullmann/HDDGabriel/research/engines/cocos2d-x/tests/cpp-tests/Classes/ExtensionsTest/NetworkTest/WebSocketTest.cpp,3,0,3
/media/ullmann/HDDGabriel/research/engines/cocos2d-x/tests/performance-tests/Classes/tests/PerformanceNodeChildrenTest.cpp,1,0,1
/media/ullmann/HDDGabriel/research/engines/cocos2d-x/tests/cpp-tests/Classes/UITest/CocoStudioGUITest/UIWebViewTest/UIWebViewTest.h,1,2,3
/media/ullmann/HDDGabriel/research/engines/cocos2d-x/tests/cpp-tests/Classes/SpriteTest/SpriteTest.h,1,2,3
/media/ullmann/HDDGabriel/research/engines/cocos2d-x/cocos/2d/CCComponentContainer.h,0,1,1
/media/ullmann/HDDGabriel/research/engines/cocos2d-x/extensions/Particle3D/PU/CCPUOnQuotaObserverTranslator.cpp,4,0,4
/media/ullmann/HDDGabriel/research/engines/cocos2d-x/tests/cpp-tests/Classes/ConsoleTest/ConsoleTest.cpp,2,0,2
/media/ullmann/HDDGabriel/research/engines/cocos2d-x/cocos/3d/CC3DProgramInfo.cpp,1,0,1
/media/ullmann/HDDGabriel/research/engines/cocos2d-x/cocos/3d/CC3DProgramInfo.h,0,1,1
/media/ullmann/HDDGabriel/research/engines/cocos2d-x/tests/cpp-tests/Classes/TerrainTest/TerrainTest.h,1,3,4
/media/ullmann/HDDGabriel/research/engines/cocos2d-x/cocos/2d/CCComponent.h,0,1,1
/media/ullmann/HDDGabriel/research/engines/cocos2d-x/tests/cpp-tests/Classes/NodeTest/NodeTest.h,1,2,3
/media/ullmann/HDDGabriel/research/engines/cocos2d-x/extensions/Particle3D/PU/CCPUParticleFollower.h,1,3,4
/media/ullmann/HDDGabriel/research/engines/cocos2d-x/tests/cpp-tests/Classes/DownloaderTest/DownloaderTest.cpp,2,0,2
/media/ullmann/HDDGabriel/research/engines/cocos2d-x/tests/cpp-tests/Classes/UITest/CocoStudioGUITest/UIScrollViewTest/UIScrollViewTest.h,1,2,3
/media/ullmann/HDDGabriel/research/engines/cocos2d-x/tests/lua-tests/project/Classes/lua_test_bindings.cpp,1,0,1
/media/ullmann/HDDGabriel/research/engines/cocos2d-x/tests/lua-tests/project/Classes/lua_test_bindings.h,0,2,2
/media/ullmann/HDDGabriel/research/engines/cocos2d-x/cocos/3d/CCPlane.h,0,1,1
/media/ullmann/HDDGabriel/research/engines/cocos2d-x/cocos/2d/CCNode.h,0,1,1
/media/ullmann/HDDGabriel/research/engines/cocos2d-x/extensions/Particle3D/PU/CCPUJetAffectorTranslator.h,3,2,5
/media/ullmann/HDDGabriel/research/engines/cocos2d-x/extensions/Particle3D/PU/CCPUVelocityMatchingAffectorTranslator.cpp,4,0,4
/media/ullmann/HDDGabriel/research/engines/cocos2d-x/tests/cpp-tests/Classes/controller.h,0,3,3
/media/ullmann/HDDGabriel/research/engines/cocos2d-x/extensions/Particle3D/PU/CCPUPathFollowerTranslator.cpp,4,0,4
/media/ullmann/HDDGabriel/research/engines/cocos2d-x/extensions/Particle3D/PU/CCPUPathFollowerTranslator.h,3,2,5
/media/ullmann/HDDGabriel/research/engines/cocos2d-x/extensions/Particle3D/PU/CCPUGeometryRotatorTranslator.h,3,2,5
/media/ullmann/HDDGabriel/research/engines/cocos2d-x/extensions/Particle3D/PU/CCPUGeometryRotator.h,2,3,5
/media/ullmann/HDDGabriel/research/engines/cocos2d-x/cocos/physics/CCPhysicsJoint.h,0,1,1
/media/ullmann/HDDGabriel/research/engines/cocos2d-x/cocos/renderer/CCMaterial.h,0,1,1
/media/ullmann/HDDGabriel/research/engines/cocos2d-x/extensions/Particle3D/PU/CCPUOnClearObserver.cpp,2,0,2
/media/ullmann/HDDGabriel/research/engines/cocos2d-x/tests/cpp-tests/Classes/AppDelegate.cpp,3,0,3
/media/ullmann/HDDGabriel/research/engines/cocos2d-x/extensions/Particle3D/PU/CCPUMeshSurfaceEmitter.cpp,3,0,3
/media/ullmann/HDDGabriel/research/engines/cocos2d-x/tests/performance-tests/Classes/tests/BaseTest.cpp,3,0,3
/media/ullmann/HDDGabriel/research/engines/cocos2d-x/tests/cpp-tests/Classes/UITest/CocoStudioGUITest/UIRadioButtonTest/UIRadioButtonTest.h,1,2,3
/media/ullmann/HDDGabriel/research/engines/cocos2d-x/tests/cpp-tests/Classes/ExtensionsTest/AssetsManagerExTest/AssetsManagerExTest.cpp,2,0,2
/media/ullmann/HDDGabriel/research/engines/cocos2d-x/tests/cpp-tests/Classes/UITest/CocoStudioGUITest/UIEditBoxTest.h,1,2,3
/media/ullmann/HDDGabriel/research/engines/cocos2d-x/tests/cpp-tests/Classes/TerrainTest/TerrainTest.cpp,1,0,1
/media/ullmann/HDDGabriel/research/engines/cocos2d-x/cocos/3d/CCSkeleton3D.h,0,1,1
/media/ullmann/HDDGabriel/research/engines/cocos2d-x/cocos/2d/CCActionManager.h,0,1,1
/media/ullmann/HDDGabriel/research/engines/cocos2d-x/tests/performance-tests/Classes/tests/PerformanceMathTest.cpp,1,0,1
/media/ullmann/HDDGabriel/research/engines/cocos2d-x/tests/cpp-tests/Classes/TransitionsTest/TransitionsTest.cpp,2,0,2
/media/ullmann/HDDGabriel/research/engines/cocos2d-x/tests/performance-tests/Classes/tests/PerformanceContainerTest.h,1,2,3
/media/ullmann/HDDGabriel/research/engines/cocos2d-x/tests/cpp-tests/Classes/UITest/CocoStudioGUITest/UIFocusTest/UIFocusTest.cpp,1,0,1
/media/ullmann/HDDGabriel/research/engines/cocos2d-x/tests/cpp-tests/Classes/UITest/CocoStudioGUITest/UIFocusTest/UIFocusTest.h,1,2,3
/media/ullmann/HDDGabriel/research/engines/cocos2d-x/cocos/ui/UISlider.h,0,1,1
/media/ullmann/HDDGabriel/research/engines/cocos2d-x/cocos/base/ZipUtils.h,0,1,1
/media/ullmann/HDDGabriel/research/engines/cocos2d-x/tests/cpp-tests/Classes/Sprite3DTest/Sprite3DTest.h,0,2,2
/media/ullmann/HDDGabriel/research/engines/cocos2d-x/cocos/base/CCEventAcceleration.h,0,1,1
/media/ullmann/HDDGabriel/research/engines/cocos2d-x/tests/cpp-tests/Classes/UITest/CocoStudioGUITest/UIEditBoxTest.cpp,1,0,1
/media/ullmann/HDDGabriel/research/engines/cocos2d-x/extensions/Particle3D/PU/CCPUFlockCenteringAffector.cpp,2,0,2
/media/ullmann/HDDGabriel/research/engines/cocos2d-x/extensions/Particle3D/PU/CCPUDoEnableComponentEventHandler.cpp,4,0,4
/media/ullmann/HDDGabriel/research/engines/cocos2d-x/tests/cpp-tests/Classes/NodeTest/NodeTest.cpp,2,0,2
/media/ullmann/HDDGabriel/research/engines/cocos2d-x/extensions/Particle3D/PU/CCPUScriptCompiler.cpp,2,0,2
/media/ullmann/HDDGabriel/research/engines/cocos2d-x/tests/cpp-tests/Classes/BugsTest/Bug-350.cpp,1,0,1
/media/ullmann/HDDGabriel/research/engines/cocos2d-x/cocos/2d/CCActionInterval.h,0,1,1
/media/ullmann/HDDGabriel/research/engines/cocos2d-x/cocos/2d/CCAction.h,0,1,1
/media/ullmann/HDDGabriel/research/engines/cocos2d-x/extensions/GUI/CCControlExtension/CCControlPotentiometer.h,2,2,4
/media/ullmann/HDDGabriel/research/engines/cocos2d-x/tests/cpp-tests/Classes/ParallaxTest/ParallaxTest.cpp,2,0,2
/media/ullmann/HDDGabriel/research/engines/cocos2d-x/extensions/Particle3D/PU/CCPUBaseColliderTranslator.cpp,4,0,4
/media/ullmann/HDDGabriel/research/engines/cocos2d-x/cocos/2d/CCProtectedNode.h,0,1,1
/media/ullmann/HDDGabriel/research/engines/cocos2d-x/cocos/renderer/CCTextureCube.h,0,1,1
/media/ullmann/HDDGabriel/research/engines/cocos2d-x/cocos/2d/CCParticleSystem.h,0,1,1
/media/ullmann/HDDGabriel/research/engines/cocos2d-x/extensions/Particle3D/PU/CCPUAffectorTranslator.cpp,3,0,3
/media/ullmann/HDDGabriel/research/engines/cocos2d-x/cocos/3d/CCAnimate3D.h,0,1,1
/media/ullmann/HDDGabriel/research/engines/cocos2d-x/extensions/Particle3D/PU/CCPUGravityAffector.h,1,3,4
/media/ullmann/HDDGabriel/research/engines/cocos2d-x/tests/cpp-empty-test/Classes/AppDelegate.cpp,3,0,3
/media/ullmann/HDDGabriel/research/engines/cocos2d-x/tests/cpp-tests/Classes/Physics3DTest/Physics3DTest.cpp,2,0,2
/media/ullmann/HDDGabriel/research/engines/cocos2d-x/extensions/Particle3D/PU/CCPURibbonTrail.cpp,2,0,2
/media/ullmann/HDDGabriel/research/engines/cocos2d-x/extensions/Particle3D/PU/CCPURibbonTrail.h,1,2,3
/media/ullmann/HDDGabriel/research/engines/cocos2d-x/extensions/Particle3D/PU/CCPUForceField.cpp,1,0,1
/media/ullmann/HDDGabriel/research/engines/cocos2d-x/extensions/Particle3D/PU/CCPUParticleFollower.cpp,2,0,2
/media/ullmann/HDDGabriel/research/engines/cocos2d-x/tests/performance-tests/Classes/tests/PerformanceEventDispatcherTest.cpp,1,0,1
/media/ullmann/HDDGabriel/research/engines/cocos2d-x/extensions/Particle3D/PU/CCPUOnEventFlagObserver.cpp,2,0,2
/media/ullmann/HDDGabriel/research/engines/cocos2d-x/tests/cpp-tests/Classes/UITest/CocoStudioGUITest/UIWebViewTest/UIWebViewTest.cpp,1,0,1
/media/ullmann/HDDGabriel/research/engines/cocos2d-x/extensions/GUI/CCControlExtension/CCControlHuePicker.cpp,1,0,1
/media/ullmann/HDDGabriel/research/engines/cocos2d-x/tests/cpp-empty-test/Classes/HelloWorldScene.h,0,2,2
/media/ullmann/HDDGabriel/research/engines/cocos2d-x/extensions/Particle3D/PU/CCPUBillboardChain.h,0,3,3
/media/ullmann/HDDGabriel/research/engines/cocos2d-x/tests/cpp-tests/Classes/UITest/CocoStudioGUITest/UIWidgetAddNodeTest/UIWidgetAddNodeTest.cpp,1,0,1
/media/ullmann/HDDGabriel/research/engines/cocos2d-x/tests/cpp-tests/Classes/BugsTest/Bug-CCDrawNode.h,1,2,3
/media/ullmann/HDDGabriel/research/engines/cocos2d-x/tests/cpp-tests/Classes/ExtensionsTest/TableViewTest/TableViewTestScene.h,1,2,3
/media/ullmann/HDDGabriel/research/engines/cocos2d-x/tests/cpp-tests/Classes/InputTest/MouseTest.cpp,1,0,1
/media/ullmann/HDDGabriel/research/engines/cocos2d-x/tests/lua-tests/project/Classes/lua_assetsmanager_test_sample.cpp,2,0,2
/media/ullmann/HDDGabriel/research/engines/cocos2d-x/tests/cpp-tests/Classes/UITest/CocoStudioGUITest/UITextFieldTest/UITextFieldTest.cpp,1,0,1
/media/ullmann/HDDGabriel/research/engines/cocos2d-x/tests/cpp-tests/Classes/BugsTest/Bug-886.cpp,1,0,1
/media/ullmann/HDDGabriel/research/engines/cocos2d-x/extensions/assets-manager/Manifest.cpp,1,0,1
/media/ullmann/HDDGabriel/research/engines/cocos2d-x/extensions/Particle3D/PU/CCPUOnCountObserver.h,1,3,4
/media/ullmann/HDDGabriel/research/engines/cocos2d-x/tests/cpp-tests/Classes/BugsTest/Bug-CCDrawNode.cpp,1,0,1
/media/ullmann/HDDGabriel/research/engines/cocos2d-x/cocos/2d/CCActionGrid3D.h,0,1,1
/media/ullmann/HDDGabriel/research/engines/cocos2d-x/templates/lua-template-default/frameworks/runtime-src/proj.win32/main.cpp,2,0,2
/media/ullmann/HDDGabriel/research/engines/cocos2d-x/tests/cpp-tests/Classes/UnitTest/RefPtrTest.h,1,0,1
/media/ullmann/HDDGabriel/research/engines/cocos2d-x/extensions/GUI/CCScrollView/CCTableView.cpp,2,0,2
/media/ullmann/HDDGabriel/research/engines/cocos2d-x/tests/cpp-tests/Classes/BugsTest/Bug-1159.cpp,1,0,1
/media/ullmann/HDDGabriel/research/engines/cocos2d-x/tests/performance-tests/Classes/tests/PerformanceContainerTest.cpp,1,0,1
/media/ullmann/HDDGabriel/research/engines/cocos2d-x/tests/performance-tests/Classes/tests/PerformanceParticleTest.cpp,1,0,1
/media/ullmann/HDDGabriel/research/engines/cocos2d-x/extensions/Particle3D/PU/CCPUGravityAffector.cpp,2,0,2
/media/ullmann/HDDGabriel/research/engines/cocos2d-x/tests/cpp-tests/Classes/NavMeshTest/NavMeshTest.cpp,1,0,1
/media/ullmann/HDDGabriel/research/engines/cocos2d-x/cocos/2d/CCParticleBatchNode.h,0,1,1
/media/ullmann/HDDGabriel/research/engines/cocos2d-x/cocos/base/ccTypes.h,0,1,1
/media/ullmann/HDDGabriel/research/engines/cocos2d-x/extensions/Particle3D/PU/CCPULinearForceAffector.cpp,2,0,2
/media/ullmann/HDDGabriel/research/engines/cocos2d-x/cocos/renderer/ccShaders.h,0,1,1
/media/ullmann/HDDGabriel/research/engines/cocos2d-x/extensions/Particle3D/PU/CCPURandomiser.cpp,2,0,2
/media/ullmann/HDDGabriel/research/engines/cocos2d-x/tests/performance-tests/proj.win32/main.cpp,1,0,1
/media/ullmann/HDDGabriel/research/engines/cocos2d-x/tests/performance-tests/proj.win32/main.h,0,1,1
/media/ullmann/HDDGabriel/research/engines/cocos2d-x/tests/cpp-tests/Classes/UITest/UITest.cpp,2,0,2
/media/ullmann/HDDGabriel/research/engines/cocos2d-x/extensions/Particle3D/PU/CCPUParticleFollowerTranslator.cpp,4,0,4
/media/ullmann/HDDGabriel/research/engines/cocos2d-x/cocos/base/CCController.h,0,1,1
/media/ullmann/HDDGabriel/research/engines/cocos2d-x/cocos/renderer/backend/metal/DepthStencilStateMTL.h,1,0,1
/media/ullmann/HDDGabriel/research/engines/cocos2d-x/cocos/renderer/backend/VertexLayout.cpp,1,0,1
/media/ullmann/HDDGabriel/research/engines/cocos2d-x/tests/lua-tests/project/proj.win32/main.cpp,1,0,1
/media/ullmann/HDDGabriel/research/engines/cocos2d-x/tests/lua-tests/project/proj.win32/main.h,0,1,1
/media/ullmann/HDDGabriel/research/engines/cocos2d-x/cocos/base/CCProperties.h,0,1,1
/media/ullmann/HDDGabriel/research/engines/cocos2d-x/tests/lua-tests/project/Classes/AppDelegate.h,0,2,2
/media/ullmann/HDDGabriel/research/engines/cocos2d-x/cocos/renderer/backend/RenderPassDescriptor.cpp,1,0,1
/media/ullmann/HDDGabriel/research/engines/cocos2d-x/tests/cpp-tests/Classes/UITest/CocoStudioGUITest/UISliderTest/UISliderTest.cpp,1,0,1
/media/ullmann/HDDGabriel/research/engines/cocos2d-x/cocos/renderer/backend/metal/TextureMTL.h,2,0,2
/media/ullmann/HDDGabriel/research/engines/cocos2d-x/cocos/renderer/backend/ProgramCache.cpp,3,0,3
/media/ullmann/HDDGabriel/research/engines/cocos2d-x/cocos/renderer/backend/metal/ProgramMTL.h,1,0,1
/media/ullmann/HDDGabriel/research/engines/cocos2d-x/cocos/2d/CCClippingNode.h,0,1,1
/media/ullmann/HDDGabriel/research/engines/cocos2d-x/tests/cpp-tests/Classes/BillBoardTest/BillBoardTest.cpp,2,0,2
/media/ullmann/HDDGabriel/research/engines/cocos2d-x/cocos/base/CCAsyncTaskPool.h,0,1,1
/media/ullmann/HDDGabriel/research/engines/cocos2d-x/cocos/3d/CCAnimation3D.h,0,1,1
/media/ullmann/HDDGabriel/research/engines/cocos2d-x/extensions/Particle3D/PU/CCPUTextureAnimator.h,1,3,4
/media/ullmann/HDDGabriel/research/engines/cocos2d-x/extensions/Particle3D/PU/CCPULineEmitter.cpp,3,0,3
/media/ullmann/HDDGabriel/research/engines/cocos2d-x/cocos/base/CCIMEDispatcher.h,0,1,1
/media/ullmann/HDDGabriel/research/engines/cocos2d-x/cocos/platform/CCImage.h,0,1,1
/media/ullmann/HDDGabriel/research/engines/cocos2d-x/cocos/math/Mat4.h,0,1,1
/media/ullmann/HDDGabriel/research/engines/cocos2d-x/tests/cpp-tests/Classes/ExtensionsTest/NetworkTest/HttpClientTest.h,1,2,3
/media/ullmann/HDDGabriel/research/engines/cocos2d-x/cocos/math/CCAffineTransform.h,0,1,1
/media/ullmann/HDDGabriel/research/engines/cocos2d-x/cocos/renderer/backend/opengl/ShaderModuleGL.cpp,1,0,1
/media/ullmann/HDDGabriel/research/engines/cocos2d-x/tests/cpp-tests/Classes/SpineTest/SpineTest.cpp,1,0,1
/media/ullmann/HDDGabriel/research/engines/cocos2d-x/tests/cpp-tests/Classes/UITest/CocoStudioGUITest/UIScrollViewTest/UIScrollViewTest.cpp,1,0,1
/media/ullmann/HDDGabriel/research/engines/cocos2d-x/extensions/Particle3D/PU/CCPUScaleVelocityAffectorTranslator.h,3,2,5
/media/ullmann/HDDGabriel/research/engines/cocos2d-x/cocos/renderer/CCCallbackCommand.h,0,1,1
/media/ullmann/HDDGabriel/research/engines/cocos2d-x/tests/cpp-tests/Classes/DrawPrimitivesTest/DrawPrimitivesTest.cpp,1,0,1
/media/ullmann/HDDGabriel/research/engines/cocos2d-x/cocos/base/CCEventListenerController.h,0,1,1
/media/ullmann/HDDGabriel/research/engines/cocos2d-x/extensions/Particle3D/PU/CCPUTechniqueTranslator.cpp,2,0,2
/media/ullmann/HDDGabriel/research/engines/cocos2d-x/cocos/2d/CCRenderTexture.h,0,1,1
/media/ullmann/HDDGabriel/research/engines/cocos2d-x/cocos/renderer/backend/opengl/DeviceInfoGL.cpp,1,0,1
/media/ullmann/HDDGabriel/research/engines/cocos2d-x/tests/cpp-tests/Classes/UITest/CocoStudioGUITest/UIButtonTest/UIButtonTest.cpp,1,0,1
/media/ullmann/HDDGabriel/research/engines/cocos2d-x/cocos/2d/CCParallaxNode.h,0,1,1
/media/ullmann/HDDGabriel/research/engines/cocos2d-x/tests/cpp-tests/Classes/BugsTest/Bug-14327.cpp,1,0,1
/media/ullmann/HDDGabriel/research/engines/cocos2d-x/tests/cpp-tests/Classes/JNITest/JNITest.cpp,1,0,1
/media/ullmann/HDDGabriel/research/engines/cocos2d-x/cocos/base/ccUtils.h,0,1,1
/media/ullmann/HDDGabriel/research/engines/cocos2d-x/extensions/Particle3D/PU/CCPUBillboardChain.cpp,2,0,2
/media/ullmann/HDDGabriel/research/engines/cocos2d-x/extensions/Particle3D/PU/CCPUPlane.cpp,1,0,1
/media/ullmann/HDDGabriel/research/engines/cocos2d-x/cocos/3d/CCVertexAttribBinding.h,0,1,1
/media/ullmann/HDDGabriel/research/engines/cocos2d-x/extensions/Particle3D/PU/CCPUBehaviour.cpp,1,0,1
/media/ullmann/HDDGabriel/research/engines/cocos2d-x/cocos/base/CCEventMouse.h,0,1,1
/media/ullmann/HDDGabriel/research/engines/cocos2d-x/cocos/base/CCEventDispatcher.h,0,1,1
/media/ullmann/HDDGabriel/research/engines/cocos2d-x/tests/cpp-tests/Classes/TouchesTest/TouchesTest.h,1,2,3
/media/ullmann/HDDGabriel/research/engines/cocos2d-x/cocos/base/CCEventCustom.h,0,1,1
/media/ullmann/HDDGabriel/research/engines/cocos2d-x/cocos/3d/CCAttachNode.h,0,1,1
/media/ullmann/HDDGabriel/research/engines/cocos2d-x/tests/cpp-tests/Classes/UITest/CocoStudioGUITest/UIScale9SpriteTest.cpp,1,0,1
/media/ullmann/HDDGabriel/research/engines/cocos2d-x/cocos/base/CCConsole.h,0,1,1
/media/ullmann/HDDGabriel/research/engines/cocos2d-x/cocos/2d/CCActionEase.h,0,1,1
/media/ullmann/HDDGabriel/research/engines/cocos2d-x/cocos/2d/CCTransition.h,0,1,1
/media/ullmann/HDDGabriel/research/engines/cocos2d-x/extensions/Particle3D/PU/CCPUBoxEmitter.cpp,2,0,2
/media/ullmann/HDDGabriel/research/engines/cocos2d-x/extensions/assets-manager/CCEventAssetsManagerEx.cpp,2,0,2
/media/ullmann/HDDGabriel/research/engines/cocos2d-x/cocos/renderer/CCCustomCommand.h,0,1,1
/media/ullmann/HDDGabriel/research/engines/cocos2d-x/cocos/physics/CCPhysicsShape.h,0,1,1
/media/ullmann/HDDGabriel/research/engines/cocos2d-x/tests/cpp-tests/Classes/ReleasePoolTest/ReleasePoolTest.cpp,1,0,1
/media/ullmann/HDDGabriel/research/engines/cocos2d-x/cocos/2d/CCDrawNode.h,0,1,1
/media/ullmann/HDDGabriel/research/engines/cocos2d-x/cocos/base/CCData.h,0,1,1
/media/ullmann/HDDGabriel/research/engines/cocos2d-x/cocos/2d/CCAtlasNode.h,0,1,1
/media/ullmann/HDDGabriel/research/engines/cocos2d-x/cocos/base/CCEventTouch.h,0,1,1
/media/ullmann/HDDGabriel/research/engines/cocos2d-x/tests/performance-tests/Classes/AppDelegate.cpp,1,0,1
/media/ullmann/HDDGabriel/research/engines/cocos2d-x/tests/performance-tests/Classes/AppDelegate.h,0,1,1
/media/ullmann/HDDGabriel/research/engines/cocos2d-x/cocos/base/ccUTF8.h,0,1,1
/media/ullmann/HDDGabriel/research/engines/cocos2d-x/cocos/3d/CCBillBoard.h,0,1,1
/media/ullmann/HDDGabriel/research/engines/cocos2d-x/cocos/2d/CCLight.h,0,1,1
/media/ullmann/HDDGabriel/research/engines/cocos2d-x/cocos/renderer/CCRenderState.h,0,1,1
/media/ullmann/HDDGabriel/research/engines/cocos2d-x/cocos/2d/CCActionCatmullRom.h,0,1,1
/media/ullmann/HDDGabriel/research/engines/cocos2d-x/cocos/2d/CCActionTween.h,0,1,1
/media/ullmann/HDDGabriel/research/engines/cocos2d-x/cocos/2d/CCAutoPolygon.h,0,1,1
/media/ullmann/HDDGabriel/research/engines/cocos2d-x/cocos/base/CCMap.h,0,1,1
/media/ullmann/HDDGabriel/research/engines/cocos2d-x/cocos/base/CCEventListenerKeyboard.h,0,1,1
/media/ullmann/HDDGabriel/research/engines/cocos2d-x/extensions/GUI/CCControlExtension/CCControlColourPicker.cpp,1,0,1
/media/ullmann/HDDGabriel/research/engines/cocos2d-x/tests/cpp-tests/Classes/RenderTextureTest/RenderTextureTest.cpp,1,0,1
/media/ullmann/HDDGabriel/research/engines/cocos2d-x/cocos/renderer/backend/DepthStencilState.cpp,1,0,1
/media/ullmann/HDDGabriel/research/engines/cocos2d-x/cocos/math/Quaternion.h,0,1,1
/media/ullmann/HDDGabriel/research/engines/cocos2d-x/cocos/base/CCRefPtr.h,0,1,1
/media/ullmann/HDDGabriel/research/engines/cocos2d-x/cocos/scripting/lua-bindings/manual/network/lua_extensions.h,0,1,1
/media/ullmann/HDDGabriel/research/engines/cocos2d-x/tests/cpp-tests/Classes/OpenURLTest/OpenURLTest.cpp,1,0,1
/media/ullmann/HDDGabriel/research/engines/cocos2d-x/extensions/GUI/CCControlExtension/CCControlSwitch.cpp,1,0,1
/media/ullmann/HDDGabriel/research/engines/cocos2d-x/cocos/2d/CCSpriteBatchNode.h,0,1,1
/media/ullmann/HDDGabriel/research/engines/cocos2d-x/cocos/renderer/CCTechnique.h,0,1,1
/media/ullmann/HDDGabriel/research/engines/cocos2d-x/extensions/Particle3D/PU/CCPUSlaveBehaviour.cpp,1,0,1
/media/ullmann/HDDGabriel/research/engines/cocos2d-x/extensions/GUI/CCControlExtension/CCControlSaturationBrightnessPicker.cpp,1,0,1
/media/ullmann/HDDGabriel/research/engines/cocos2d-x/tests/cpp-tests/Classes/BugsTest/Bug-12847.h,1,2,3
/media/ullmann/HDDGabriel/research/engines/cocos2d-x/tests/cpp-tests/Classes/VisibleRect.cpp,1,0,1
/media/ullmann/HDDGabriel/research/engines/cocos2d-x/extensions/physics-nodes/CCPhysicsDebugNode.cpp,1,0,1
/media/ullmann/HDDGabriel/research/engines/cocos2d-x/tests/cpp-tests/Classes/ChipmunkTest/ChipmunkTest.cpp,1,0,1
/media/ullmann/HDDGabriel/research/engines/cocos2d-x/cocos/2d/CCGrid.h,0,1,1
/media/ullmann/HDDGabriel/research/engines/cocos2d-x/tests/cpp-tests/Classes/BugsTest/Bug-458/QuestionContainerSprite.cpp,1,0,1
/media/ullmann/HDDGabriel/research/engines/cocos2d-x/tests/cpp-tests/Classes/BugsTest/Bug-914.h,1,1,2
/media/ullmann/HDDGabriel/research/engines/cocos2d-x/cocos/renderer/CCPass.h,0,1,1
/media/ullmann/HDDGabriel/research/engines/cocos2d-x/tests/cpp-tests/Classes/VibrateTest/VibrateTest.cpp,1,0,1
/media/ullmann/HDDGabriel/research/engines/cocos2d-x/tests/cpp-tests/Classes/UITest/CocoStudioGUITest/UIRadioButtonTest/UIRadioButtonTest.cpp,1,0,1
/media/ullmann/HDDGabriel/research/engines/cocos2d-x/tests/performance-tests/Classes/Profile.cpp,1,0,1
/media/ullmann/HDDGabriel/research/engines/cocos2d-x/tests/performance-tests/Classes/Profile.h,0,1,1
/media/ullmann/HDDGabriel/research/engines/cocos2d-x/tests/cpp-tests/Classes/WindowTest/WindowTest.cpp,1,0,1
/media/ullmann/HDDGabriel/research/engines/cocos2d-x/extensions/Particle3D/PU/CCPUUtil.cpp,1,0,1
/media/ullmann/HDDGabriel/research/engines/cocos2d-x/tests/cpp-tests/Classes/ConfigurationTest/ConfigurationTest.cpp,2,0,2
/media/ullmann/HDDGabriel/research/engines/cocos2d-x/tests/cpp-tests/Classes/UITest/CocoStudioGUITest/UICheckBoxTest/UICheckBoxTest.cpp,1,0,1
/media/ullmann/HDDGabriel/research/engines/cocos2d-x/cocos/2d/CCActionTiledGrid.h,0,1,1
/media/ullmann/HDDGabriel/research/engines/cocos2d-x/cocos/renderer/backend/metal/BufferMTL.h,1,0,1
/media/ullmann/HDDGabriel/research/engines/cocos2d-x/tests/cpp-tests/Classes/UserDefaultTest/UserDefaultTest.cpp,1,0,1
/media/ullmann/HDDGabriel/research/engines/cocos2d-x/cocos/platform/CCDevice.h,0,1,1
/media/ullmann/HDDGabriel/research/engines/cocos2d-x/cocos/base/CCEventListenerAcceleration.h,0,1,1
/media/ullmann/HDDGabriel/research/engines/cocos2d-x/tests/cpp-tests/Classes/ExtensionsTest/NetworkTest/HttpClientTest.cpp,2,0,2
/media/ullmann/HDDGabriel/research/engines/cocos2d-x/cocos/base/CCUserDefault.h,0,1,1
/media/ullmann/HDDGabriel/research/engines/cocos2d-x/tests/cpp-tests/Classes/ExtensionsTest/TableViewTest/CustomTableViewCell.cpp,1,0,1
/media/ullmann/HDDGabriel/research/engines/cocos2d-x/cocos/2d/CCCameraBackgroundBrush.h,0,1,1
/media/ullmann/HDDGabriel/research/engines/cocos2d-x/cocos/3d/CCMotionStreak3D.h,0,1,1
/media/ullmann/HDDGabriel/research/engines/cocos2d-x/cocos/2d/CCLayer.h,0,1,1
/media/ullmann/HDDGabriel/research/engines/cocos2d-x/extensions/Particle3D/PU/CCPUScriptLexer.cpp,1,0,1
/media/ullmann/HDDGabriel/research/engines/cocos2d-x/cocos/2d/CCSprite.h,0,1,1
/media/ullmann/HDDGabriel/research/engines/cocos2d-x/cocos/platform/CCFileUtils.h,0,1,1
/media/ullmann/HDDGabriel/research/engines/cocos2d-x/tests/cpp-tests/Classes/BugsTest/Bug-12847.cpp,1,0,1
/media/ullmann/HDDGabriel/research/engines/cocos2d-x/cocos/2d/CCTMXTiledMap.h,0,1,1
/media/ullmann/HDDGabriel/research/engines/cocos2d-x/cocos/2d/CCClippingRectangleNode.h,0,1,1
/media/ullmann/HDDGabriel/research/engines/cocos2d-x/tests/cpp-empty-test/proj.win32/main.h,0,1,1
/media/ullmann/HDDGabriel/research/engines/cocos2d-x/cocos/3d/CCMesh.h,0,1,1
/media/ullmann/HDDGabriel/research/engines/cocos2d-x/cocos/2d/CCMenu.h,0,1,1
/media/ullmann/HDDGabriel/research/engines/cocos2d-x/tests/lua-tests/project/proj.linux/main.cpp,1,0,1
/media/ullmann/HDDGabriel/research/engines/cocos2d-x/cocos/2d/CCCamera.h,0,1,1
/media/ullmann/HDDGabriel/research/engines/cocos2d-x/tests/cpp-tests/Classes/UITest/CocoStudioGUITest/UITextAtlasTest/UITextAtlasTest.cpp,1,0,1
/media/ullmann/HDDGabriel/research/engines/cocos2d-x/cocos/2d/CCTransitionPageTurn.h,0,1,1
/media/ullmann/HDDGabriel/research/engines/cocos2d-x/templates/lua-template-default/frameworks/runtime-src/proj.win32/main.h,0,1,1
/media/ullmann/HDDGabriel/research/engines/cocos2d-x/cocos/2d/CCSpriteFrame.h,0,1,1
/media/ullmann/HDDGabriel/research/engines/cocos2d-x/extensions/Particle3D/PU/CCPUParticleSystem3DTranslator.cpp,1,0,1
/media/ullmann/HDDGabriel/research/engines/cocos2d-x/cocos/base/CCValue.h,0,1,1
/media/ullmann/HDDGabriel/research/engines/cocos2d-x/cocos/math/Vec3.h,0,1,1
/media/ullmann/HDDGabriel/research/engines/cocos2d-x/tests/cpp-tests/Classes/UITest/CocoStudioGUITest/UIPageViewTest/UIPageViewTest.cpp,1,0,1
/media/ullmann/HDDGabriel/research/engines/cocos2d-x/cocos/renderer/backend/Texture.cpp,1,0,1
/media/ullmann/HDDGabriel/research/engines/cocos2d-x/cocos/renderer/CCQuadCommand.h,0,1,1
/media/ullmann/HDDGabriel/research/engines/cocos2d-x/extensions/GUI/CCControlExtension/CCControlPotentiometer.cpp,1,0,1
/media/ullmann/HDDGabriel/research/engines/cocos2d-x/cocos/renderer/backend/ShaderModule.cpp,1,0,1
/media/ullmann/HDDGabriel/research/engines/cocos2d-x/cocos/base/CCEventListenerTouch.h,0,1,1
/media/ullmann/HDDGabriel/research/engines/cocos2d-x/cocos/2d/CCTMXXMLParser.h,0,1,1
/media/ullmann/HDDGabriel/research/engines/cocos2d-x/extensions/Particle3D/PU/CCPUSphere.cpp,1,0,1
/media/ullmann/HDDGabriel/research/engines/cocos2d-x/cocos/2d/CCLabel.h,0,1,1
/media/ullmann/HDDGabriel/research/engines/cocos2d-x/tests/performance-tests/Classes/tests/testResource.h,0,1,1
/media/ullmann/HDDGabriel/research/engines/cocos2d-x/cocos/3d/CCMeshVertexIndexData.h,0,1,1
