edge,includes,includedby,sum
/media/ullmann/HDDGabriel/research/engines/FlaxEngine/Source/Engine/Renderer/Renderer.cpp,25,0,25
/media/ullmann/HDDGabriel/research/engines/FlaxEngine/Source/Engine/Renderer/GlobalSignDistanceFieldPass.h,1,4,5
/media/ullmann/HDDGabriel/research/engines/FlaxEngine/Source/ThirdParty/PhysX/PxPhysicsAPI.h,146,0,146
/media/ullmann/HDDGabriel/research/engines/FlaxEngine/Source/ThirdParty/PhysX/vehicle/PxVehicleDriveTank.h,0,1,1
/media/ullmann/HDDGabriel/research/engines/FlaxEngine/Source/Engine/GraphicsDevice/DirectX/DX12/GPUTextureDX12.cpp,1,0,1
/media/ullmann/HDDGabriel/research/engines/FlaxEngine/Source/Engine/GraphicsDevice/DirectX/DX12/GPUTextureDX12.h,2,6,8
/media/ullmann/HDDGabriel/research/engines/FlaxEngine/Source/ThirdParty/PhysX/geometry/PxMeshQuery.h,0,1,1
/media/ullmann/HDDGabriel/research/engines/FlaxEngine/Source/Engine/Renderer/GI/DynamicDiffuseGlobalIllumination.cpp,4,0,4
/media/ullmann/HDDGabriel/research/engines/FlaxEngine/Source/Engine/Renderer/GI/DynamicDiffuseGlobalIllumination.h,1,4,5
/media/ullmann/HDDGabriel/research/engines/FlaxEngine/Source/ThirdParty/PhysX/extensions/PxRevoluteJoint.h,0,1,1
/media/ullmann/HDDGabriel/research/engines/FlaxEngine/Source/Engine/Content/Loading/ContentLoadingManager.cpp,2,0,2
/media/ullmann/HDDGabriel/research/engines/FlaxEngine/Source/Engine/Content/Loading/ContentLoadTask.h,0,3,3
/media/ullmann/HDDGabriel/research/engines/FlaxEngine/Source/Engine/Platform/UWP/UWPWindow.cpp,2,0,2
/media/ullmann/HDDGabriel/research/engines/FlaxEngine/Source/Engine/Platform/UWP/UWPPlatform.h,1,2,3
/media/ullmann/HDDGabriel/research/engines/FlaxEngine/Source/Engine/Audio/AudioListener.cpp,3,0,3
/media/ullmann/HDDGabriel/research/engines/FlaxEngine/Source/Engine/Audio/AudioListener.h,0,1,1
/media/ullmann/HDDGabriel/research/engines/FlaxEngine/Source/ThirdParty/tracy/common/TracySocket.cpp,2,1,3
/media/ullmann/HDDGabriel/research/engines/FlaxEngine/Source/ThirdParty/tracy/common/TracyAlloc.hpp,1,10,11
/media/ullmann/HDDGabriel/research/engines/FlaxEngine/Source/ThirdParty/mono-2.0/mono/metadata/w32semaphore.h,2,1,3
/media/ullmann/HDDGabriel/research/engines/FlaxEngine/Source/ThirdParty/mono-2.0/mono/metadata/w32handle-namespace.h,0,3,3
/media/ullmann/HDDGabriel/research/engines/FlaxEngine/Source/ThirdParty/PhysX/vehicle/PxVehicleShaders.h,0,1,1
/media/ullmann/HDDGabriel/research/engines/FlaxEngine/Source/Engine/Graphics/GPUDevice.h,6,10,16
/media/ullmann/HDDGabriel/research/engines/FlaxEngine/Source/Engine/Graphics/Config.h,0,4,4
/media/ullmann/HDDGabriel/research/engines/FlaxEngine/Source/ThirdParty/PhysX/PxArticulationBase.h,2,2,4
/media/ullmann/HDDGabriel/research/engines/FlaxEngine/Source/ThirdParty/PhysX/PxPhysXConfig.h,1,29,30
/media/ullmann/HDDGabriel/research/engines/FlaxEngine/Source/ThirdParty/freetype/ftstroke.h,1,0,1
/media/ullmann/HDDGabriel/research/engines/FlaxEngine/Source/ThirdParty/freetype/ft2build.h,0,39,39
/media/ullmann/HDDGabriel/research/engines/FlaxEngine/Source/ThirdParty/PhysX/foundation/PxFlags.h,0,7,7
/media/ullmann/HDDGabriel/research/engines/FlaxEngine/Source/Engine/ContentImporters/AssetsImportingManager.cpp,20,0,20
/media/ullmann/HDDGabriel/research/engines/FlaxEngine/Source/Engine/ContentImporters/CreateJson.h,1,2,3
/media/ullmann/HDDGabriel/research/engines/FlaxEngine/Source/Engine/Serialization/JsonTools.cpp,2,0,2
/media/ullmann/HDDGabriel/research/engines/FlaxEngine/Source/Engine/Serialization/ISerializable.h,0,2,2
/media/ullmann/HDDGabriel/research/engines/FlaxEngine/Source/ThirdParty/tracy/common/TracySystem.cpp,2,1,3
/media/ullmann/HDDGabriel/research/engines/FlaxEngine/Source/ThirdParty/tracy/common/TracySystem.hpp,0,8,8
/media/ullmann/HDDGabriel/research/engines/FlaxEngine/Source/Engine/GraphicsDevice/DirectX/DX12/GPUPipelineStateDX12.cpp,3,0,3
/media/ullmann/HDDGabriel/research/engines/FlaxEngine/Source/Engine/GraphicsDevice/DirectX/DX12/GPUShaderProgramDX12.h,3,3,6
/media/ullmann/HDDGabriel/research/engines/FlaxEngine/Source/Engine/Foliage/FoliageType.cpp,2,0,2
/media/ullmann/HDDGabriel/research/engines/FlaxEngine/Source/Engine/Foliage/FoliageType.h,1,3,4
/media/ullmann/HDDGabriel/research/engines/FlaxEngine/Source/Engine/Scripting/Scripting.cpp,10,0,10
/media/ullmann/HDDGabriel/research/engines/FlaxEngine/Source/Engine/Scripting/ManagedCLR/MClass.h,1,12,13
/media/ullmann/HDDGabriel/research/engines/FlaxEngine/Source/Engine/GraphicsDevice/DirectX/DX12/GPUDeviceDX12.cpp,12,0,12
/media/ullmann/HDDGabriel/research/engines/FlaxEngine/Source/Engine/GraphicsDevice/DirectX/DX12/UploadBufferDX12.h,2,3,5
/media/ullmann/HDDGabriel/research/engines/FlaxEngine/Source/ThirdParty/assimp/quaternion.h,1,1,2
/media/ullmann/HDDGabriel/research/engines/FlaxEngine/Source/ThirdParty/assimp/defs.h,0,9,9
/media/ullmann/HDDGabriel/research/engines/FlaxEngine/Source/Engine/ShadersCompilation/Parser/ShaderProcessing.cpp,9,0,9
/media/ullmann/HDDGabriel/research/engines/FlaxEngine/Source/Engine/ShadersCompilation/Parser/ShaderFunctionReader.PS.h,1,1,2
/media/ullmann/HDDGabriel/research/engines/FlaxEngine/Source/Engine/Scripting/ManagedCLR/MAssembly.h,2,6,8
/media/ullmann/HDDGabriel/research/engines/FlaxEngine/Source/Engine/Scripting/ManagedCLR/MAssemblyOptions.h,0,3,3
/media/ullmann/HDDGabriel/research/engines/FlaxEngine/Source/Engine/Graphics/GPUResourcesCollection.cpp,2,0,2
/media/ullmann/HDDGabriel/research/engines/FlaxEngine/Source/Engine/Graphics/GPUResourcesCollection.h,0,2,2
/media/ullmann/HDDGabriel/research/engines/FlaxEngine/Source/Engine/Level/Actors/SplineModel.cpp,2,0,2
/media/ullmann/HDDGabriel/research/engines/FlaxEngine/Source/Engine/Level/Actors/SplineModel.h,1,1,2
/media/ullmann/HDDGabriel/research/engines/FlaxEngine/Source/Engine/Engine/Engine.cpp,7,0,7
/media/ullmann/HDDGabriel/research/engines/FlaxEngine/Source/Engine/Engine/EngineService.h,0,3,3
/media/ullmann/HDDGabriel/research/engines/FlaxEngine/Source/Engine/GraphicsDevice/Vulkan/GPUTimerQueryVulkan.h,1,3,4
/media/ullmann/HDDGabriel/research/engines/FlaxEngine/Source/Engine/GraphicsDevice/Vulkan/GPUDeviceVulkan.h,3,13,16
/media/ullmann/HDDGabriel/research/engines/FlaxEngine/Source/ThirdParty/assimp/Exporter.hpp,1,0,1
/media/ullmann/HDDGabriel/research/engines/FlaxEngine/Source/ThirdParty/assimp/cexport.h,0,1,1
/media/ullmann/HDDGabriel/research/engines/FlaxEngine/Source/Engine/Graphics/Textures/GPUSampler.h,2,1,3
/media/ullmann/HDDGabriel/research/engines/FlaxEngine/Source/Engine/Graphics/Textures/GPUSamplerDescription.h,0,2,2
/media/ullmann/HDDGabriel/research/engines/FlaxEngine/Source/Editor/Editor.cpp,5,0,5
/media/ullmann/HDDGabriel/research/engines/FlaxEngine/Source/Editor/Windows/SplashScreen.h,0,2,2
/media/ullmann/HDDGabriel/research/engines/FlaxEngine/Source/ThirdParty/glslang/MachineIndependent/LiveTraverser.h,4,1,5
/media/ullmann/HDDGabriel/research/engines/FlaxEngine/Source/ThirdParty/glslang/MachineIndependent/localintermediate.h,3,2,5
/media/ullmann/HDDGabriel/research/engines/FlaxEngine/Source/ThirdParty/rapidjson/internal/itoa.h,1,3,4
/media/ullmann/HDDGabriel/research/engines/FlaxEngine/Source/ThirdParty/rapidjson/rapidjson.h,2,12,14
/media/ullmann/HDDGabriel/research/engines/FlaxEngine/Source/Engine/Core/Math/Plane.cpp,6,0,6
/media/ullmann/HDDGabriel/research/engines/FlaxEngine/Source/Engine/Core/Math/Matrix.h,2,14,16
/media/ullmann/HDDGabriel/research/engines/FlaxEngine/Source/ThirdParty/recastnavigation/DetourObstacleAvoidance.cpp,5,0,5
/media/ullmann/HDDGabriel/research/engines/FlaxEngine/Source/ThirdParty/recastnavigation/DetourAssert.h,0,12,12
/media/ullmann/HDDGabriel/research/engines/FlaxEngine/Source/ThirdParty/PhysX/PxBatchQueryDesc.h,5,2,7
/media/ullmann/HDDGabriel/research/engines/FlaxEngine/Source/ThirdParty/PhysX/PxQueryFiltering.h,4,4,8
/media/ullmann/HDDGabriel/research/engines/FlaxEngine/Source/Engine/GraphicsDevice/DirectX/DX11/GPUContextDX11.h,3,3,6
/media/ullmann/HDDGabriel/research/engines/FlaxEngine/Source/Engine/GraphicsDevice/DirectX/IncludeDirectXHeaders.h,0,22,22
/media/ullmann/HDDGabriel/research/engines/FlaxEngine/Source/ThirdParty/PhysX/PxContact.h,2,3,5
/media/ullmann/HDDGabriel/research/engines/FlaxEngine/Source/ThirdParty/PhysX/foundation/PxAssert.h,0,5,5
/media/ullmann/HDDGabriel/research/engines/FlaxEngine/Source/Engine/GraphicsDevice/Vulkan/Linux/LinuxVulkanPlatform.h,1,2,3
/media/ullmann/HDDGabriel/research/engines/FlaxEngine/Source/Engine/GraphicsDevice/Vulkan/VulkanPlatformBase.h,1,4,5
/media/ullmann/HDDGabriel/research/engines/FlaxEngine/Source/Engine/Level/Actors/Camera.cpp,1,0,1
/media/ullmann/HDDGabriel/research/engines/FlaxEngine/Source/Engine/Level/Actors/Camera.h,1,1,2
/media/ullmann/HDDGabriel/research/engines/FlaxEngine/Source/Engine/Graphics/RenderTask.cpp,4,0,4
/media/ullmann/HDDGabriel/research/engines/FlaxEngine/Source/Engine/Graphics/RenderTask.h,2,5,7
/media/ullmann/HDDGabriel/research/engines/FlaxEngine/Source/ThirdParty/recastnavigation/RecastAlloc.cpp,2,0,2
/media/ullmann/HDDGabriel/research/engines/FlaxEngine/Source/ThirdParty/recastnavigation/RecastAssert.h,0,12,12
/media/ullmann/HDDGabriel/research/engines/FlaxEngine/Source/Engine/Platform/Android/AndroidWindow.cpp,1,0,1
/media/ullmann/HDDGabriel/research/engines/FlaxEngine/Source/Engine/Platform/Window.h,7,4,11
/media/ullmann/HDDGabriel/research/engines/FlaxEngine/Source/Engine/GraphicsDevice/Vulkan/GPUShaderProgramVulkan.h,2,3,5
/media/ullmann/HDDGabriel/research/engines/FlaxEngine/Source/Engine/GraphicsDevice/Vulkan/Types.h,0,4,4
/media/ullmann/HDDGabriel/research/engines/FlaxEngine/Source/ThirdParty/glslang/MachineIndependent/reflection.h,2,1,3
/media/ullmann/HDDGabriel/research/engines/FlaxEngine/Source/ThirdParty/glslang/Include/Types.h,4,2,6
/media/ullmann/HDDGabriel/research/engines/FlaxEngine/Source/Engine/Debug/Exceptions/Exceptions.h,15,0,15
/media/ullmann/HDDGabriel/research/engines/FlaxEngine/Source/Engine/Debug/Exceptions/IndexOutOfRangeException.h,0,1,1
/media/ullmann/HDDGabriel/research/engines/FlaxEngine/Source/ThirdParty/recastnavigation/DetourTileCacheBuilder.cpp,5,0,5
/media/ullmann/HDDGabriel/research/engines/FlaxEngine/Source/ThirdParty/recastnavigation/DetourMath.h,0,10,10
/media/ullmann/HDDGabriel/research/engines/FlaxEngine/Source/ThirdParty/X11/Xtrans/transport.c,5,0,5
/media/ullmann/HDDGabriel/research/engines/FlaxEngine/Source/ThirdParty/X11/Xtrans/Xtransutil.c,0,1,1
/media/ullmann/HDDGabriel/research/engines/FlaxEngine/Source/Engine/Graphics/Models/ModelData.cpp,1,0,1
/media/ullmann/HDDGabriel/research/engines/FlaxEngine/Source/Engine/Graphics/Models/ModelData.h,4,2,6
/media/ullmann/HDDGabriel/research/engines/FlaxEngine/Source/Engine/Serialization/Serialization.cpp,1,0,1
/media/ullmann/HDDGabriel/research/engines/FlaxEngine/Source/Engine/Serialization/Serialization.h,1,1,2
/media/ullmann/HDDGabriel/research/engines/FlaxEngine/Source/Engine/Navigation/NavMeshRuntime.h,2,5,7
/media/ullmann/HDDGabriel/research/engines/FlaxEngine/Source/Engine/Navigation/NavigationTypes.h,0,7,7
/media/ullmann/HDDGabriel/research/engines/FlaxEngine/Source/Engine/GraphicsDevice/Vulkan/GPUDeviceVulkan.cpp,14,0,14
/media/ullmann/HDDGabriel/research/engines/FlaxEngine/Source/Engine/GraphicsDevice/Vulkan/GPUPipelineStateVulkan.h,3,3,6
/media/ullmann/HDDGabriel/research/engines/FlaxEngine/Source/Engine/Particles/ParticleEffect.cpp,2,0,2
/media/ullmann/HDDGabriel/research/engines/FlaxEngine/Source/Engine/Particles/Particles.h,0,4,4
/media/ullmann/HDDGabriel/research/engines/FlaxEngine/Source/Engine/Core/Math/BoundingFrustum.cpp,4,0,4
/media/ullmann/HDDGabriel/research/engines/FlaxEngine/Source/Engine/Core/Types/String.h,0,25,25
/media/ullmann/HDDGabriel/research/engines/FlaxEngine/Source/Engine/Graphics/RenderTargetPool.h,1,2,3
/media/ullmann/HDDGabriel/research/engines/FlaxEngine/Source/Engine/Graphics/Textures/GPUTexture.h,1,4,5
/media/ullmann/HDDGabriel/research/engines/FlaxEngine/Source/Engine/Profiler/ProfilerCPU.cpp,1,0,1
/media/ullmann/HDDGabriel/research/engines/FlaxEngine/Source/Engine/Profiler/ProfilerCPU.h,1,2,3
/media/ullmann/HDDGabriel/research/engines/FlaxEngine/Source/Engine/Graphics/Models/ModelInstanceEntry.h,1,4,5
/media/ullmann/HDDGabriel/research/engines/FlaxEngine/Source/Engine/Graphics/Models/Types.h,0,4,4
/media/ullmann/HDDGabriel/research/engines/FlaxEngine/Source/Engine/Render2D/FontManager.cpp,5,0,5
/media/ullmann/HDDGabriel/research/engines/FlaxEngine/Source/Engine/Render2D/FontAsset.h,0,3,3
/media/ullmann/HDDGabriel/research/engines/FlaxEngine/Source/Engine/GraphicsDevice/Vulkan/GPUTextureVulkan.cpp,4,0,4
/media/ullmann/HDDGabriel/research/engines/FlaxEngine/Source/Engine/GraphicsDevice/Vulkan/GPUTextureVulkan.h,2,4,6
/media/ullmann/HDDGabriel/research/engines/FlaxEngine/Source/Engine/Audio/AudioBackend.h,2,7,9
/media/ullmann/HDDGabriel/research/engines/FlaxEngine/Source/Engine/Foliage/FoliageCluster.h,1,3,4
/media/ullmann/HDDGabriel/research/engines/FlaxEngine/Source/Engine/Foliage/Config.h,0,3,3
/media/ullmann/HDDGabriel/research/engines/FlaxEngine/Source/Engine/Platform/Win32/Win32Network.cpp,1,0,1
/media/ullmann/HDDGabriel/research/engines/FlaxEngine/Source/Engine/Platform/Win32/Win32Network.h,0,2,2
/media/ullmann/HDDGabriel/research/engines/FlaxEngine/Source/ThirdParty/recastnavigation/DetourProximityGrid.cpp,5,0,5
/media/ullmann/HDDGabriel/research/engines/FlaxEngine/Source/Engine/GraphicsDevice/Vulkan/GPUSamplerVulkan.h,1,3,4
/media/ullmann/HDDGabriel/research/engines/FlaxEngine/Source/ThirdParty/assimp/types.h,13,11,24
/media/ullmann/HDDGabriel/research/engines/FlaxEngine/Source/ThirdParty/assimp/color4.h,1,1,2
/media/ullmann/HDDGabriel/research/engines/FlaxEngine/Source/Engine/Core/Types/TimeSpan.h,1,2,3
/media/ullmann/HDDGabriel/research/engines/FlaxEngine/Source/Engine/Core/Types/BaseTypes.h,0,8,8
/media/ullmann/HDDGabriel/research/engines/FlaxEngine/Source/Engine/Terrain/TerrainChunk.cpp,4,0,4
/media/ullmann/HDDGabriel/research/engines/FlaxEngine/Source/Engine/Terrain/TerrainPatch.h,2,3,5
/media/ullmann/HDDGabriel/research/engines/FlaxEngine/Source/ThirdParty/mono-2.0/mono/metadata/icall-decl.h,32,0,32
/media/ullmann/HDDGabriel/research/engines/FlaxEngine/Source/ThirdParty/mono-2.0/mono/metadata/mono-route.h,0,1,1
/media/ullmann/HDDGabriel/research/engines/FlaxEngine/Source/ThirdParty/rapidjson/memorybuffer.h,2,0,2
/media/ullmann/HDDGabriel/research/engines/FlaxEngine/Source/ThirdParty/rapidjson/internal/stack.h,2,5,7
/media/ullmann/HDDGabriel/research/engines/FlaxEngine/Source/Engine/Scripting/StdTypesContainer.cpp,6,0,6
/media/ullmann/HDDGabriel/research/engines/FlaxEngine/Source/Engine/GraphicsDevice/Vulkan/Win32/Win32VulkanPlatform.cpp,2,0,2
/media/ullmann/HDDGabriel/research/engines/FlaxEngine/Source/Engine/GraphicsDevice/Vulkan/Win32/Win32VulkanPlatform.h,1,2,3
/media/ullmann/HDDGabriel/research/engines/FlaxEngine/Source/Engine/Graphics/GPUSwapChain.h,2,2,4
/media/ullmann/HDDGabriel/research/engines/FlaxEngine/Source/Engine/Graphics/PixelFormat.h,0,7,7
/media/ullmann/HDDGabriel/research/engines/FlaxEngine/Source/Engine/Particles/ParticleSystem.h,1,4,5
/media/ullmann/HDDGabriel/research/engines/FlaxEngine/Source/Engine/Particles/ParticleEmitter.h,2,4,6
/media/ullmann/HDDGabriel/research/engines/FlaxEngine/Source/ThirdParty/glslang/SPIRV/SpvTools.h,1,1,2
/media/ullmann/HDDGabriel/research/engines/FlaxEngine/Source/ThirdParty/glslang/SPIRV/Logger.h,0,3,3
/media/ullmann/HDDGabriel/research/engines/FlaxEngine/Source/ThirdParty/tracy/client/TracyFastVector.hpp,1,2,3
/media/ullmann/HDDGabriel/research/engines/FlaxEngine/Source/Engine/Core/Common.h,12,0,12
/media/ullmann/HDDGabriel/research/engines/FlaxEngine/Source/Engine/Core/Config.h,1,1,2
/media/ullmann/HDDGabriel/research/engines/FlaxEngine/Source/Engine/Core/Math/Color.cpp,5,0,5
/media/ullmann/HDDGabriel/research/engines/FlaxEngine/Source/Engine/Core/Math/Vector4.h,2,13,15
/media/ullmann/HDDGabriel/research/engines/FlaxEngine/Source/Engine/Renderer/ShadowsPass.cpp,3,0,3
/media/ullmann/HDDGabriel/research/engines/FlaxEngine/Source/Engine/Renderer/ShadowsPass.h,2,5,7
/media/ullmann/HDDGabriel/research/engines/FlaxEngine/Source/Engine/Core/Math/AABB.h,1,0,1
/media/ullmann/HDDGabriel/research/engines/FlaxEngine/Source/Engine/Core/Math/Vector3.h,2,26,28
/media/ullmann/HDDGabriel/research/engines/FlaxEngine/Source/ThirdParty/rapidjson/writer.h,6,1,7
/media/ullmann/HDDGabriel/research/engines/FlaxEngine/Source/ThirdParty/rapidjson/stream.h,2,12,14
/media/ullmann/HDDGabriel/research/engines/FlaxEngine/Source/Engine/Core/Types/StringView.cpp,3,0,3
/media/ullmann/HDDGabriel/research/engines/FlaxEngine/Source/Engine/Core/Types/StringBuilder.h,1,1,2
/media/ullmann/HDDGabriel/research/engines/FlaxEngine/Source/Engine/Tools/AudioTool/OggVorbisDecoder.cpp,1,0,1
/media/ullmann/HDDGabriel/research/engines/FlaxEngine/Source/Engine/Tools/AudioTool/OggVorbisDecoder.h,1,1,2
/media/ullmann/HDDGabriel/research/engines/FlaxEngine/Source/Engine/Graphics/Materials/MaterialShader.cpp,10,0,10
/media/ullmann/HDDGabriel/research/engines/FlaxEngine/Source/Engine/Graphics/Materials/ForwardMaterialShader.h,1,2,3
/media/ullmann/HDDGabriel/research/engines/FlaxEngine/Source/ThirdParty/PhysX/common/PxTolerancesScale.h,0,2,2
/media/ullmann/HDDGabriel/research/engines/FlaxEngine/Source/ThirdParty/rapidjson/internal/ieee754.h,1,2,3
/media/ullmann/HDDGabriel/research/engines/FlaxEngine/Source/ThirdParty/glslang/MachineIndependent/attribute.h,2,3,5
/media/ullmann/HDDGabriel/research/engines/FlaxEngine/Source/ThirdParty/glslang/Include/Common.h,1,8,9
/media/ullmann/HDDGabriel/research/engines/FlaxEngine/Source/Engine/CSG/CSGMesh.h,3,5,8
/media/ullmann/HDDGabriel/research/engines/FlaxEngine/Source/Engine/CSG/Polygon.h,0,1,1
/media/ullmann/HDDGabriel/research/engines/FlaxEngine/Source/Engine/Graphics/GPUResourceProperty.h,1,0,1
/media/ullmann/HDDGabriel/research/engines/FlaxEngine/Source/Engine/Graphics/GPUResource.h,1,7,8
/media/ullmann/HDDGabriel/research/engines/FlaxEngine/Source/Engine/GraphicsDevice/Vulkan/GPUBufferVulkan.cpp,3,0,3
/media/ullmann/HDDGabriel/research/engines/FlaxEngine/Source/Engine/GraphicsDevice/Vulkan/RenderToolsVulkan.h,1,17,18
/media/ullmann/HDDGabriel/research/engines/FlaxEngine/Source/ThirdParty/PhysX/PxArticulationLink.h,3,1,4
/media/ullmann/HDDGabriel/research/engines/FlaxEngine/Source/ThirdParty/PhysX/PxRigidBody.h,2,3,5
/media/ullmann/HDDGabriel/research/engines/FlaxEngine/Source/Engine/Graphics/Async/GPUTasksManager.cpp,3,0,3
/media/ullmann/HDDGabriel/research/engines/FlaxEngine/Source/Engine/Graphics/Async/GPUTask.h,1,8,9
/media/ullmann/HDDGabriel/research/engines/FlaxEngine/Source/Engine/GraphicsDevice/Vulkan/QueueVulkan.h,1,4,5
/media/ullmann/HDDGabriel/research/engines/FlaxEngine/Source/Engine/GraphicsDevice/Vulkan/IncludeVulkanHeaders.h,0,9,9
/media/ullmann/HDDGabriel/research/engines/FlaxEngine/Source/Engine/Platform/Windows/WindowsWindow.h,1,4,5
/media/ullmann/HDDGabriel/research/engines/FlaxEngine/Source/Engine/Platform/Windows/WindowsInput.h,1,3,4
/media/ullmann/HDDGabriel/research/engines/FlaxEngine/Source/Engine/GraphicsDevice/Null/GPUDeviceNull.cpp,10,0,10
/media/ullmann/HDDGabriel/research/engines/FlaxEngine/Source/Engine/GraphicsDevice/Null/GPUContextNull.h,0,1,1
/media/ullmann/HDDGabriel/research/engines/FlaxEngine/Source/ThirdParty/rapidjson/document.h,5,2,7
/media/ullmann/HDDGabriel/research/engines/FlaxEngine/Source/ThirdParty/rapidjson/encodedstream.h,2,2,4
/media/ullmann/HDDGabriel/research/engines/FlaxEngine/Source/Engine/Tools/MaterialGenerator/MaterialGenerator.Tools.cpp,1,0,1
/media/ullmann/HDDGabriel/research/engines/FlaxEngine/Source/Engine/Tools/MaterialGenerator/MaterialGenerator.h,2,10,12
/media/ullmann/HDDGabriel/research/engines/FlaxEngine/Source/Engine/Platform/Windows/WindowsWindow.DragDrop.cpp,2,0,2
/media/ullmann/HDDGabriel/research/engines/FlaxEngine/Source/Engine/Platform/Win32/IncludeWindowsHeaders.h,0,14,14
/media/ullmann/HDDGabriel/research/engines/FlaxEngine/Source/Engine/Core/Math/CollisionsHelper.cpp,8,0,8
/media/ullmann/HDDGabriel/research/engines/FlaxEngine/Source/Engine/Core/Math/Vector2.h,2,13,15
/media/ullmann/HDDGabriel/research/engines/FlaxEngine/Source/Engine/GraphicsDevice/DirectX/DX12/GPUBufferDX12.h,3,3,6
/media/ullmann/HDDGabriel/research/engines/FlaxEngine/Source/Engine/GraphicsDevice/DirectX/DX12/GPUDeviceDX12.h,5,16,21
/media/ullmann/HDDGabriel/research/engines/FlaxEngine/Source/ThirdParty/PhysX/foundation/PxPreprocessor.h,0,3,3
/media/ullmann/HDDGabriel/research/engines/FlaxEngine/Source/Engine/Tools/AudioTool/WaveDecoder.cpp,2,0,2
/media/ullmann/HDDGabriel/research/engines/FlaxEngine/Source/Engine/Tools/AudioTool/WaveDecoder.h,1,1,2
/media/ullmann/HDDGabriel/research/engines/FlaxEngine/Source/Engine/GraphicsDevice/Vulkan/GPUDeviceVulkan.Layers.cpp,3,0,3
/media/ullmann/HDDGabriel/research/engines/FlaxEngine/Source/Engine/GraphicsDevice/Vulkan/Config.h,2,4,6
/media/ullmann/HDDGabriel/research/engines/FlaxEngine/Source/Engine/Scripting/ManagedCLR/MEvent.cpp,3,0,3
/media/ullmann/HDDGabriel/research/engines/FlaxEngine/Source/Engine/Scripting/ManagedCLR/MEvent.h,1,2,3
/media/ullmann/HDDGabriel/research/engines/FlaxEngine/Source/Engine/Graphics/Materials/VolumeParticleMaterialShader.h,1,2,3
/media/ullmann/HDDGabriel/research/engines/FlaxEngine/Source/Engine/Content/Assets/Model.h,1,1,2
/media/ullmann/HDDGabriel/research/engines/FlaxEngine/Source/Engine/Content/Assets/ModelBase.h,1,2,3
/media/ullmann/HDDGabriel/research/engines/FlaxEngine/Source/Engine/Platform/Windows/WindowsWindow.cpp,4,0,4
/media/ullmann/HDDGabriel/research/engines/FlaxEngine/Source/Engine/Content/BinaryAsset.cpp,5,0,5
/media/ullmann/HDDGabriel/research/engines/FlaxEngine/Source/Engine/Content/Cache/AssetsCache.h,2,5,7
/media/ullmann/HDDGabriel/research/engines/FlaxEngine/Source/Engine/Platform/GDK/GDKInput.cpp,1,0,1
/media/ullmann/HDDGabriel/research/engines/FlaxEngine/Source/Engine/Platform/GDK/GDKInput.h,0,2,2
/media/ullmann/HDDGabriel/research/engines/FlaxEngine/Source/Engine/Level/Scene/Lightmap.cpp,2,0,2
/media/ullmann/HDDGabriel/research/engines/FlaxEngine/Source/Engine/Level/Scene/Lightmap.h,0,1,1
/media/ullmann/HDDGabriel/research/engines/FlaxEngine/Source/ThirdParty/tracy/client/TracyCallstack.hpp,2,3,5
/media/ullmann/HDDGabriel/research/engines/FlaxEngine/Source/Engine/Networking/INetworkDriver.h,1,0,1
/media/ullmann/HDDGabriel/research/engines/FlaxEngine/Source/Engine/Networking/Types.h,0,2,2
/media/ullmann/HDDGabriel/research/engines/FlaxEngine/Source/ThirdParty/meshoptimizer/clusterizer.cpp,1,0,1
/media/ullmann/HDDGabriel/research/engines/FlaxEngine/Source/ThirdParty/meshoptimizer/meshoptimizer.h,0,15,15
/media/ullmann/HDDGabriel/research/engines/FlaxEngine/Source/Engine/Engine/Mac/MacGame.cpp,1,0,1
/media/ullmann/HDDGabriel/research/engines/FlaxEngine/Source/Engine/Engine/Mac/MacGame.h,1,2,3
/media/ullmann/HDDGabriel/research/engines/FlaxEngine/Source/ThirdParty/assimp/matrix3x3.h,1,1,2
/media/ullmann/HDDGabriel/research/engines/FlaxEngine/Source/Engine/Render2D/FontTextureAtlas.h,0,3,3
/media/ullmann/HDDGabriel/research/engines/FlaxEngine/Source/ThirdParty/PhysX/geometry/PxSimpleTriangleMesh.h,0,1,1
/media/ullmann/HDDGabriel/research/engines/FlaxEngine/Source/Engine/Graphics/Async/Tasks/GPUUploadTextureMipTask.h,2,0,2
/media/ullmann/HDDGabriel/research/engines/FlaxEngine/Source/Engine/ShadersCompilation/Parser/ShaderFunctionReader.VS.h,2,1,3
/media/ullmann/HDDGabriel/research/engines/FlaxEngine/Source/Engine/ShadersCompilation/Parser/ShaderProcessing.h,3,4,7
/media/ullmann/HDDGabriel/research/engines/FlaxEngine/Source/Engine/Animations/Graph/AnimGraph.Custom.cpp,1,0,1
/media/ullmann/HDDGabriel/research/engines/FlaxEngine/Source/Engine/Animations/Graph/AnimGraph.h,1,4,5
/media/ullmann/HDDGabriel/research/engines/FlaxEngine/Source/ThirdParty/mono-2.0/mono/metadata/security-manager.h,9,1,10
/media/ullmann/HDDGabriel/research/engines/FlaxEngine/Source/ThirdParty/mono-2.0/mono/metadata/image.h,0,2,2
/media/ullmann/HDDGabriel/research/engines/FlaxEngine/Source/Engine/ShadersCompilation/ShadersCompilation.cpp,9,0,9
/media/ullmann/HDDGabriel/research/engines/FlaxEngine/Source/Engine/ShadersCompilation/Config.h,0,3,3
/media/ullmann/HDDGabriel/research/engines/FlaxEngine/Source/ThirdParty/PhysX/PxContactModifyCallback.h,4,1,5
/media/ullmann/HDDGabriel/research/engines/FlaxEngine/Source/ThirdParty/PhysX/foundation/PxTransform.h,0,5,5
/media/ullmann/HDDGabriel/research/engines/FlaxEngine/Source/Engine/Scripting/ManagedCLR/MField.cpp,3,0,3
/media/ullmann/HDDGabriel/research/engines/FlaxEngine/Source/Engine/Scripting/ManagedCLR/MField.h,1,4,5
/media/ullmann/HDDGabriel/research/engines/FlaxEngine/Source/Engine/Graphics/Materials/DecalMaterialShader.h,1,2,3
/media/ullmann/HDDGabriel/research/engines/FlaxEngine/Source/Engine/GraphicsDevice/DirectX/DX11/GPUDeviceDX11.cpp,9,0,9
/media/ullmann/HDDGabriel/research/engines/FlaxEngine/Source/Engine/GraphicsDevice/DirectX/DX11/GPUSwapChainDX11.h,3,2,5
/media/ullmann/HDDGabriel/research/engines/FlaxEngine/Source/Engine/Navigation/NavMeshRuntime.cpp,3,0,3
/media/ullmann/HDDGabriel/research/engines/FlaxEngine/Source/Engine/Navigation/NavMesh.h,2,5,7
/media/ullmann/HDDGabriel/research/engines/FlaxEngine/Source/Engine/Renderer/PostProcessingPass.cpp,2,0,2
/media/ullmann/HDDGabriel/research/engines/FlaxEngine/Source/Engine/Renderer/PostProcessingPass.h,1,2,3
/media/ullmann/HDDGabriel/research/engines/FlaxEngine/Source/ThirdParty/PhysX/foundation/PxVec2.h,0,1,1
/media/ullmann/HDDGabriel/research/engines/FlaxEngine/Source/Engine/GraphicsDevice/DirectX/DX11/GPUShaderDX11.h,1,3,4
/media/ullmann/HDDGabriel/research/engines/FlaxEngine/Source/Engine/GraphicsDevice/DirectX/DX11/GPUDeviceDX11.h,2,9,11
/media/ullmann/HDDGabriel/research/engines/FlaxEngine/Source/Engine/GraphicsDevice/Null/GPUDeviceNull.h,0,1,1
/media/ullmann/HDDGabriel/research/engines/FlaxEngine/Source/Editor/Scripting/CodeEditors/RiderCodeEditor.cpp,1,0,1
/media/ullmann/HDDGabriel/research/engines/FlaxEngine/Source/Editor/Scripting/CodeEditors/RiderCodeEditor.h,0,2,2
/media/ullmann/HDDGabriel/research/engines/FlaxEngine/Source/ThirdParty/tracy/TracyClient.cpp,16,0,16
/media/ullmann/HDDGabriel/research/engines/FlaxEngine/Source/ThirdParty/tracy/client/TracyProfiler.cpp,10,1,11
/media/ullmann/HDDGabriel/research/engines/FlaxEngine/Source/Engine/Networking/NetworkPeer.h,2,1,3
/media/ullmann/HDDGabriel/research/engines/FlaxEngine/Source/Engine/Networking/NetworkConfig.h,0,1,1
/media/ullmann/HDDGabriel/research/engines/FlaxEngine/Source/Engine/Physics/Colliders/SphereCollider.cpp,1,0,1
/media/ullmann/HDDGabriel/research/engines/FlaxEngine/Source/Engine/Physics/Colliders/SphereCollider.h,1,1,2
/media/ullmann/HDDGabriel/research/engines/FlaxEngine/Source/ThirdParty/mono-2.0/mono/metadata/metadata-internals.h,0,1,1
/media/ullmann/HDDGabriel/research/engines/FlaxEngine/Source/ThirdParty/recastnavigation/DetourNavMeshBuilder.cpp,6,0,6
/media/ullmann/HDDGabriel/research/engines/FlaxEngine/Source/ThirdParty/recastnavigation/DetourNavMeshBuilder.h,1,2,3
/media/ullmann/HDDGabriel/research/engines/FlaxEngine/Source/Engine/Graphics/Materials/DeformableMaterialShader.h,1,2,3
/media/ullmann/HDDGabriel/research/engines/FlaxEngine/Source/ThirdParty/PhysX/extensions/PxConvexMeshExt.h,0,1,1
/media/ullmann/HDDGabriel/research/engines/FlaxEngine/Source/Engine/Scripting/ManagedCLR/MDomain.cpp,3,0,3
/media/ullmann/HDDGabriel/research/engines/FlaxEngine/Source/Engine/Scripting/ManagedCLR/MCore.h,1,4,5
/media/ullmann/HDDGabriel/research/engines/FlaxEngine/Source/ThirdParty/PhysX/PxScene.h,8,2,10
/media/ullmann/HDDGabriel/research/engines/FlaxEngine/Source/ThirdParty/mono-2.0/mono/metadata/object.h,0,4,4
/media/ullmann/HDDGabriel/research/engines/FlaxEngine/Source/Editor/Cooker/GameCooker.cpp,14,0,14
/media/ullmann/HDDGabriel/research/engines/FlaxEngine/Source/Editor/Cooker/Platform/Android/AndroidPlatformTools.h,1,2,3
/media/ullmann/HDDGabriel/research/engines/FlaxEngine/Source/Engine/GraphicsDevice/DirectX/DX12/GPUSwapChainDX12.cpp,3,0,3
/media/ullmann/HDDGabriel/research/engines/FlaxEngine/Source/ThirdParty/PhysX/PxArticulationReducedCoordinate.h,4,2,6
/media/ullmann/HDDGabriel/research/engines/FlaxEngine/Source/Engine/ShadersCompilation/ShadersCompilation.h,1,1,2
/media/ullmann/HDDGabriel/research/engines/FlaxEngine/Source/Engine/ContentExporters/AssetsExportingManager.h,1,1,2
/media/ullmann/HDDGabriel/research/engines/FlaxEngine/Source/Engine/ContentExporters/Types.h,0,2,2
/media/ullmann/HDDGabriel/research/engines/FlaxEngine/Source/Engine/Renderer/AtmospherePreCompute.h,0,2,2
/media/ullmann/HDDGabriel/research/engines/FlaxEngine/Source/Engine/Particles/ParticleEmitter.cpp,5,0,5
/media/ullmann/HDDGabriel/research/engines/FlaxEngine/Source/Engine/Serialization/FileWriteStream.h,1,1,2
/media/ullmann/HDDGabriel/research/engines/FlaxEngine/Source/Engine/Serialization/WriteStream.h,1,3,4
/media/ullmann/HDDGabriel/research/engines/FlaxEngine/Source/ThirdParty/tracy/client/TracyCallstack.h,0,2,2
/media/ullmann/HDDGabriel/research/engines/FlaxEngine/Source/ThirdParty/PhysX/PxArticulationJoint.h,3,3,6
/media/ullmann/HDDGabriel/research/engines/FlaxEngine/Source/Engine/GraphicsDevice/DirectX/DX12/GPUPipelineStateDX12.h,3,3,6
/media/ullmann/HDDGabriel/research/engines/FlaxEngine/Source/Engine/Content/Asset.cpp,6,0,6
/media/ullmann/HDDGabriel/research/engines/FlaxEngine/Source/Engine/Content/Loading/ContentLoadingManager.h,0,2,2
/media/ullmann/HDDGabriel/research/engines/FlaxEngine/Source/Engine/Renderer/LightPass.h,1,2,3
/media/ullmann/HDDGabriel/research/engines/FlaxEngine/Source/Engine/GraphicsDevice/DirectX/DX12/GPUContextDX12.h,3,6,9
/media/ullmann/HDDGabriel/research/engines/FlaxEngine/Source/Engine/GraphicsDevice/DirectX/DX12/IShaderResourceDX12.h,2,3,5
/media/ullmann/HDDGabriel/research/engines/FlaxEngine/Source/Engine/Streaming/StreamingHandlers.cpp,2,0,2
/media/ullmann/HDDGabriel/research/engines/FlaxEngine/Source/Engine/Streaming/Streaming.h,1,2,3
/media/ullmann/HDDGabriel/research/engines/FlaxEngine/Source/Engine/Visject/ShaderGraphUtilities.cpp,2,0,2
/media/ullmann/HDDGabriel/research/engines/FlaxEngine/Source/Engine/Visject/ShaderGraphUtilities.h,0,2,2
/media/ullmann/HDDGabriel/research/engines/FlaxEngine/Source/Engine/Online/IOnlinePlatform.h,1,1,2
/media/ullmann/HDDGabriel/research/engines/FlaxEngine/Source/Engine/Online/Online.h,0,2,2
/media/ullmann/HDDGabriel/research/engines/FlaxEngine/Source/ThirdParty/recastnavigation/RecastLayers.cpp,3,0,3
/media/ullmann/HDDGabriel/research/engines/FlaxEngine/Source/ThirdParty/recastnavigation/Recast.h,0,9,9
/media/ullmann/HDDGabriel/research/engines/FlaxEngine/Source/Engine/Platform/Thread.h,5,0,5
/media/ullmann/HDDGabriel/research/engines/FlaxEngine/Source/Engine/Platform/Android/AndroidThread.h,1,1,2
/media/ullmann/HDDGabriel/research/engines/FlaxEngine/Source/Engine/ContentImporters/CreateMaterialFunction.h,1,1,2
/media/ullmann/HDDGabriel/research/engines/FlaxEngine/Source/ThirdParty/detex/decompress-bc.cpp,1,0,1
/media/ullmann/HDDGabriel/research/engines/FlaxEngine/Source/ThirdParty/detex/detex.h,0,2,2
/media/ullmann/HDDGabriel/research/engines/FlaxEngine/Source/Engine/GraphicsDevice/Null/GPUPipelineStateNull.h,0,1,1
/media/ullmann/HDDGabriel/research/engines/FlaxEngine/Source/Engine/Audio/OpenAL/AudioBackendOAL.h,1,2,3
/media/ullmann/HDDGabriel/research/engines/FlaxEngine/Source/Engine/Core/Types/DateTime.cpp,3,0,3
/media/ullmann/HDDGabriel/research/engines/FlaxEngine/Source/Engine/Core/Types/DateTime.h,1,1,2
/media/ullmann/HDDGabriel/research/engines/FlaxEngine/Source/Engine/Level/Actors/BoxVolume.cpp,1,0,1
/media/ullmann/HDDGabriel/research/engines/FlaxEngine/Source/Engine/Level/Actors/BoxVolume.h,0,2,2
/media/ullmann/HDDGabriel/research/engines/FlaxEngine/Source/Engine/Level/Scene/Scene.cpp,2,0,2
/media/ullmann/HDDGabriel/research/engines/FlaxEngine/Source/Engine/Level/Scene/Scene.h,7,8,15
/media/ullmann/HDDGabriel/research/engines/FlaxEngine/Source/Engine/Renderer/GI/GlobalSurfaceAtlasPass.cpp,6,0,6
/media/ullmann/HDDGabriel/research/engines/FlaxEngine/Source/ThirdParty/mono-2.0/mono/metadata/w32file.h,0,1,1
/media/ullmann/HDDGabriel/research/engines/FlaxEngine/Source/ThirdParty/assimp/scene.h,8,0,8
/media/ullmann/HDDGabriel/research/engines/FlaxEngine/Source/ThirdParty/assimp/anim.h,0,1,1
/media/ullmann/HDDGabriel/research/engines/FlaxEngine/Source/Engine/Particles/ParticlesSimulation.cpp,4,0,4
/media/ullmann/HDDGabriel/research/engines/FlaxEngine/Source/ThirdParty/tracy/client/TracyLock.hpp,3,0,3
/media/ullmann/HDDGabriel/research/engines/FlaxEngine/Source/ThirdParty/assimp/LineSplitter.h,2,0,2
/media/ullmann/HDDGabriel/research/engines/FlaxEngine/Source/ThirdParty/assimp/StreamReader.h,2,1,3
/media/ullmann/HDDGabriel/research/engines/FlaxEngine/Source/ThirdParty/mono-2.0/mono/metadata/rand.h,0,1,1
/media/ullmann/HDDGabriel/research/engines/FlaxEngine/Source/Engine/ContentImporters/AssetsImportingManager.h,1,3,4
/media/ullmann/HDDGabriel/research/engines/FlaxEngine/Source/Engine/ContentImporters/Types.h,0,21,21
/media/ullmann/HDDGabriel/research/engines/FlaxEngine/Source/ThirdParty/PhysX/extensions/PxRigidBodyExt.h,0,1,1
/media/ullmann/HDDGabriel/research/engines/FlaxEngine/Source/Engine/Scripting/ManagedCLR/MMethod.h,1,8,9
/media/ullmann/HDDGabriel/research/engines/FlaxEngine/Source/ThirdParty/mono-2.0/mono/metadata/w32mutex.h,3,1,4
/media/ullmann/HDDGabriel/research/engines/FlaxEngine/Source/Engine/ShadersCompilation/Parser/ShaderFunctionReader.h,3,7,10
/media/ullmann/HDDGabriel/research/engines/FlaxEngine/Source/Engine/Level/Actor.cpp,7,0,7
/media/ullmann/HDDGabriel/research/engines/FlaxEngine/Source/Engine/Level/Prefabs/PrefabManager.h,0,2,2
/media/ullmann/HDDGabriel/research/engines/FlaxEngine/Source/ThirdParty/X11/Xtrans/Xtranssock.c,0,1,1
/media/ullmann/HDDGabriel/research/engines/FlaxEngine/Source/Engine/Core/Math/Plane.h,2,2,4
/media/ullmann/HDDGabriel/research/engines/FlaxEngine/Source/ThirdParty/mono-2.0/mono/metadata/w32event.h,3,1,4
/media/ullmann/HDDGabriel/research/engines/FlaxEngine/Source/Engine/Platform/Types.h,0,11,11
/media/ullmann/HDDGabriel/research/engines/FlaxEngine/Source/Editor/Cooker/Platform/Mac/MacPlatformTools.h,1,2,3
/media/ullmann/HDDGabriel/research/engines/FlaxEngine/Source/Engine/GraphicsDevice/Null/GPUAdapterNull.h,0,1,1
/media/ullmann/HDDGabriel/research/engines/FlaxEngine/Source/ThirdParty/assimp/matrix3x3.inl,0,1,1
/media/ullmann/HDDGabriel/research/engines/FlaxEngine/Source/ThirdParty/meshoptimizer/vfetchanalyzer.cpp,1,0,1
/media/ullmann/HDDGabriel/research/engines/FlaxEngine/Source/Engine/Streaming/StreamingGroup.cpp,2,0,2
/media/ullmann/HDDGabriel/research/engines/FlaxEngine/Source/Engine/Streaming/StreamingHandlers.h,0,2,2
/media/ullmann/HDDGabriel/research/engines/FlaxEngine/Source/Engine/Debug/Exceptions/PathTooLongException.h,0,1,1
/media/ullmann/HDDGabriel/research/engines/FlaxEngine/Source/Engine/Foliage/Foliage.h,4,3,7
/media/ullmann/HDDGabriel/research/engines/FlaxEngine/Source/Engine/Renderer/Utils/BitonicSort.h,1,2,3
/media/ullmann/HDDGabriel/research/engines/FlaxEngine/Source/Engine/Renderer/RendererPass.h,1,24,25
/media/ullmann/HDDGabriel/research/engines/FlaxEngine/Source/Engine/ContentImporters/CreateAnimationGraph.h,1,2,3
/media/ullmann/HDDGabriel/research/engines/FlaxEngine/Source/Engine/ContentImporters/CreateRawData.h,1,1,2
/media/ullmann/HDDGabriel/research/engines/FlaxEngine/Source/Engine/GraphicsDevice/Vulkan/GPUContextVulkan.cpp,9,0,9
/media/ullmann/HDDGabriel/research/engines/FlaxEngine/Source/ThirdParty/fmt/format-inl.h,1,1,2
/media/ullmann/HDDGabriel/research/engines/FlaxEngine/Source/ThirdParty/fmt/format.h,2,2,4
/media/ullmann/HDDGabriel/research/engines/FlaxEngine/Source/Engine/Core/Math/Transform.cpp,4,0,4
/media/ullmann/HDDGabriel/research/engines/FlaxEngine/Source/Engine/Core/Math/Matrix3x3.h,2,5,7
/media/ullmann/HDDGabriel/research/engines/FlaxEngine/Source/Engine/ShadersCompilation/Parser/Config.h,1,5,6
/media/ullmann/HDDGabriel/research/engines/FlaxEngine/Source/ThirdParty/mono-2.0/mono/metadata/w32process.h,2,1,3
/media/ullmann/HDDGabriel/research/engines/FlaxEngine/Source/ThirdParty/mono-2.0/mono/metadata/object-internals.h,0,4,4
/media/ullmann/HDDGabriel/research/engines/FlaxEngine/Source/Editor/Utilities/EditorUtilities.cpp,1,0,1
/media/ullmann/HDDGabriel/research/engines/FlaxEngine/Source/Editor/Utilities/EditorUtilities.h,0,1,1
/media/ullmann/HDDGabriel/research/engines/FlaxEngine/Source/Engine/ShadersCompilation/ShaderCompiler.h,2,2,4
/media/ullmann/HDDGabriel/research/engines/FlaxEngine/Source/Engine/ShadersCompilation/Parser/ShaderMeta.h,1,5,6
/media/ullmann/HDDGabriel/research/engines/FlaxEngine/Source/Engine/Tools/MaterialGenerator/MaterialGenerator.Layers.cpp,1,0,1
/media/ullmann/HDDGabriel/research/engines/FlaxEngine/Source/ThirdParty/recastnavigation/DetourCrowd.cpp,8,0,8
/media/ullmann/HDDGabriel/research/engines/FlaxEngine/Source/ThirdParty/recastnavigation/DetourCrowd.h,6,1,7
/media/ullmann/HDDGabriel/research/engines/FlaxEngine/Source/ThirdParty/PhysX/PxSimulationEventCallback.h,6,1,7
/media/ullmann/HDDGabriel/research/engines/FlaxEngine/Source/ThirdParty/PhysX/PxFiltering.h,2,5,7
/media/ullmann/HDDGabriel/research/engines/FlaxEngine/Source/ThirdParty/recastnavigation/DetourTileCache.h,1,1,2
/media/ullmann/HDDGabriel/research/engines/FlaxEngine/Source/ThirdParty/recastnavigation/DetourStatus.h,0,5,5
/media/ullmann/HDDGabriel/research/engines/FlaxEngine/Source/Engine/Audio/AudioSource.cpp,3,0,3
/media/ullmann/HDDGabriel/research/engines/FlaxEngine/Source/ThirdParty/glslang/Include/ConstantUnion.h,2,2,4
/media/ullmann/HDDGabriel/research/engines/FlaxEngine/Source/Engine/Renderer/RenderList.h,1,16,17
/media/ullmann/HDDGabriel/research/engines/FlaxEngine/Source/ThirdParty/WinPixEventRuntime/pix3.h,3,0,3
/media/ullmann/HDDGabriel/research/engines/FlaxEngine/Source/ThirdParty/WinPixEventRuntime/PIXEventsCommon.h,0,2,2
/media/ullmann/HDDGabriel/research/engines/FlaxEngine/Source/Engine/ShadersCompilation/Vulkan/ShaderCompilerVulkan.h,0,2,2
/media/ullmann/HDDGabriel/research/engines/FlaxEngine/Source/Engine/Foliage/Foliage.cpp,3,0,3
/media/ullmann/HDDGabriel/research/engines/FlaxEngine/Source/Engine/Localization/Localization.cpp,4,0,4
/media/ullmann/HDDGabriel/research/engines/FlaxEngine/Source/Engine/Localization/LocalizedString.h,0,1,1
/media/ullmann/HDDGabriel/research/engines/FlaxEngine/Source/Engine/ShadowsOfMordor/Builder.Config.h,1,1,2
/media/ullmann/HDDGabriel/research/engines/FlaxEngine/Source/Engine/ShadowsOfMordor/Types.h,0,1,1
/media/ullmann/HDDGabriel/research/engines/FlaxEngine/Source/Engine/Platform/Linux/LinuxWindow.cpp,2,0,2
/media/ullmann/HDDGabriel/research/engines/FlaxEngine/Source/Engine/Profiler/ProfilerGPU.cpp,1,0,1
/media/ullmann/HDDGabriel/research/engines/FlaxEngine/Source/Engine/Profiler/ProfilerGPU.h,1,2,3
/media/ullmann/HDDGabriel/research/engines/FlaxEngine/Source/Engine/Graphics/Shaders/GPUShader.cpp,2,0,2
/media/ullmann/HDDGabriel/research/engines/FlaxEngine/Source/Engine/Graphics/Shaders/GPUShader.h,1,3,4
/media/ullmann/HDDGabriel/research/engines/FlaxEngine/Source/Engine/Content/AssetsContainer.h,1,0,1
/media/ullmann/HDDGabriel/research/engines/FlaxEngine/Source/Engine/Content/Asset.h,2,5,7
/media/ullmann/HDDGabriel/research/engines/FlaxEngine/Source/Engine/Graphics/Graphics.cpp,3,0,3
/media/ullmann/HDDGabriel/research/engines/FlaxEngine/Source/Engine/Graphics/PixelFormatExtensions.h,1,5,6
/media/ullmann/HDDGabriel/research/engines/FlaxEngine/Source/Engine/Level/Actors/Light.cpp,2,0,2
/media/ullmann/HDDGabriel/research/engines/FlaxEngine/Source/Engine/Level/Actors/Light.h,1,5,6
/media/ullmann/HDDGabriel/research/engines/FlaxEngine/Source/Engine/Platform/Linux/LinuxThread.h,1,1,2
/media/ullmann/HDDGabriel/research/engines/FlaxEngine/Source/Engine/Core/Collections/SamplesBuffer.h,1,0,1
/media/ullmann/HDDGabriel/research/engines/FlaxEngine/Source/Engine/Platform/Mac/MacDefines.h,1,1,2
/media/ullmann/HDDGabriel/research/engines/FlaxEngine/Source/Engine/Platform/Unix/UnixDefines.h,0,3,3
/media/ullmann/HDDGabriel/research/engines/FlaxEngine/Source/Engine/Level/Actors/SkyLight.cpp,1,0,1
/media/ullmann/HDDGabriel/research/engines/FlaxEngine/Source/Engine/Level/Actors/SkyLight.h,1,1,2
/media/ullmann/HDDGabriel/research/engines/FlaxEngine/Source/Engine/GraphicsDevice/Vulkan/GPUShaderVulkan.cpp,6,0,6
/media/ullmann/HDDGabriel/research/engines/FlaxEngine/Source/Engine/GraphicsDevice/Vulkan/CmdBufferVulkan.h,1,9,10
/media/ullmann/HDDGabriel/research/engines/FlaxEngine/Source/FlaxEngine.Gen.cpp,2,0,2
/media/ullmann/HDDGabriel/research/engines/FlaxEngine/Source/Engine/Scripting/BinaryModule.h,2,5,7
/media/ullmann/HDDGabriel/research/engines/FlaxEngine/Source/Engine/ShadersCompilation/Parser/ShaderFunctionReader.HS.h,1,1,2
/media/ullmann/HDDGabriel/research/engines/FlaxEngine/Source/Engine/Graphics/Async/DefaultGPUTasksExecutor.cpp,3,0,3
/media/ullmann/HDDGabriel/research/engines/FlaxEngine/Source/Engine/Graphics/Async/GPUTasksContext.h,2,8,10
/media/ullmann/HDDGabriel/research/engines/FlaxEngine/Source/Engine/Engine/Base/GameBase.cpp,1,0,1
/media/ullmann/HDDGabriel/research/engines/FlaxEngine/Source/Engine/Engine/Game.h,5,3,8
/media/ullmann/HDDGabriel/research/engines/FlaxEngine/Source/Engine/CSG/CSGBuilder.h,1,1,2
/media/ullmann/HDDGabriel/research/engines/FlaxEngine/Source/Engine/CSG/Brush.h,1,3,4
/media/ullmann/HDDGabriel/research/engines/FlaxEngine/Source/ThirdParty/OpenAL/efx.h,2,1,3
/media/ullmann/HDDGabriel/research/engines/FlaxEngine/Source/ThirdParty/OpenAL/al.h,0,2,2
/media/ullmann/HDDGabriel/research/engines/FlaxEngine/Source/Engine/Core/Types/String.cpp,2,0,2
/media/ullmann/HDDGabriel/research/engines/FlaxEngine/Source/Engine/Core/Types/StringView.h,0,4,4
/media/ullmann/HDDGabriel/research/engines/FlaxEngine/Source/ThirdParty/glslang/HLSL/hlslAttributes.h,3,0,3
/media/ullmann/HDDGabriel/research/engines/FlaxEngine/Source/ThirdParty/glslang/HLSL/hlslScanContext.h,2,3,5
/media/ullmann/HDDGabriel/research/engines/FlaxEngine/Source/Engine/Renderer/ColorGradingPass.cpp,2,0,2
/media/ullmann/HDDGabriel/research/engines/FlaxEngine/Source/Engine/Threading/Task.cpp,2,0,2
/media/ullmann/HDDGabriel/research/engines/FlaxEngine/Source/Engine/Threading/Task.h,0,4,4
/media/ullmann/HDDGabriel/research/engines/FlaxEngine/Source/Engine/Graphics/Shaders/Cache/ShaderCacheManager.h,1,2,3
/media/ullmann/HDDGabriel/research/engines/FlaxEngine/Source/Engine/Graphics/Shaders/Config.h,0,3,3
/media/ullmann/HDDGabriel/research/engines/FlaxEngine/Source/Engine/Core/Utilities.h,2,0,2
/media/ullmann/HDDGabriel/research/engines/FlaxEngine/Source/Engine/ShadersCompilation/Parser/ShaderFunctionReader.DS.h,1,1,2
/media/ullmann/HDDGabriel/research/engines/FlaxEngine/Source/ThirdParty/PhysX/PxConstraintDesc.h,4,2,6
/media/ullmann/HDDGabriel/research/engines/FlaxEngine/Source/ThirdParty/PhysX/PxSceneLock.h,2,1,3
/media/ullmann/HDDGabriel/research/engines/FlaxEngine/Source/Engine/GraphicsDevice/DirectX/RenderToolsDX.h,1,7,8
/media/ullmann/HDDGabriel/research/engines/FlaxEngine/Source/ThirdParty/freetype/ftrender.h,1,0,1
/media/ullmann/HDDGabriel/research/engines/FlaxEngine/Source/ThirdParty/recastnavigation/DetourNavMeshQuery.h,2,9,11
/media/ullmann/HDDGabriel/research/engines/FlaxEngine/Source/Engine/Content/Loading/Tasks/LoadAssetDataTask.h,1,1,2
/media/ullmann/HDDGabriel/research/engines/FlaxEngine/Source/Engine/Graphics/Materials/ParticleMaterialShader.cpp,3,0,3
/media/ullmann/HDDGabriel/research/engines/FlaxEngine/Source/Engine/Graphics/Materials/MaterialShaderFeatures.h,1,7,8
/media/ullmann/HDDGabriel/research/engines/FlaxEngine/Source/Engine/Content/Storage/ContentStorageManager.cpp,3,0,3
/media/ullmann/HDDGabriel/research/engines/FlaxEngine/Source/Engine/Content/Storage/FlaxPackage.h,1,2,3
/media/ullmann/HDDGabriel/research/engines/FlaxEngine/Source/Engine/Platform/Windows/ComPtr.h,1,0,1
/media/ullmann/HDDGabriel/research/engines/FlaxEngine/Source/ThirdParty/PhysX/PxShape.h,4,5,9
/media/ullmann/HDDGabriel/research/engines/FlaxEngine/Source/ThirdParty/PhysX/PxFoundation.h,3,1,4
/media/ullmann/HDDGabriel/research/engines/FlaxEngine/Source/ThirdParty/PhysX/foundation/Px.h,0,2,2
/media/ullmann/HDDGabriel/research/engines/FlaxEngine/Source/Engine/Navigation/Navigation.cpp,5,0,5
/media/ullmann/HDDGabriel/research/engines/FlaxEngine/Source/Engine/Navigation/NavigationSettings.h,1,4,5
/media/ullmann/HDDGabriel/research/engines/FlaxEngine/Source/Engine/Physics/Actors/RigidBody.cpp,1,0,1
/media/ullmann/HDDGabriel/research/engines/FlaxEngine/Source/Engine/Physics/Actors/RigidBody.h,0,2,2
/media/ullmann/HDDGabriel/research/engines/FlaxEngine/Source/ThirdParty/glslang/Include/intermediate.h,3,3,6
/media/ullmann/HDDGabriel/research/engines/FlaxEngine/Source/Engine/Level/Actors/AnimatedModel.h,1,3,4
/media/ullmann/HDDGabriel/research/engines/FlaxEngine/Source/Engine/Level/Actors/ModelInstanceActor.h,0,4,4
/media/ullmann/HDDGabriel/research/engines/FlaxEngine/Source/Engine/Graphics/Textures/StreamingTexture.cpp,1,0,1
/media/ullmann/HDDGabriel/research/engines/FlaxEngine/Source/Engine/Graphics/Textures/StreamingTexture.h,2,2,4
/media/ullmann/HDDGabriel/research/engines/FlaxEngine/Source/Engine/Platform/CriticalSection.h,3,1,4
/media/ullmann/HDDGabriel/research/engines/FlaxEngine/Source/Engine/Platform/Unix/UnixCriticalSection.h,0,2,2
/media/ullmann/HDDGabriel/research/engines/FlaxEngine/Source/Editor/Scripting/CodeEditors/SystemDefaultCodeEditor.cpp,1,0,1
/media/ullmann/HDDGabriel/research/engines/FlaxEngine/Source/Editor/Scripting/CodeEditors/SystemDefaultCodeEditor.h,0,2,2
/media/ullmann/HDDGabriel/research/engines/FlaxEngine/Source/ThirdParty/PhysX/extensions/PxDefaultStreams.h,0,1,1
/media/ullmann/HDDGabriel/research/engines/FlaxEngine/Source/Engine/Core/Math/Math.cpp,3,0,3
/media/ullmann/HDDGabriel/research/engines/FlaxEngine/Source/Engine/Core/Math/Mathd.h,0,4,4
/media/ullmann/HDDGabriel/research/engines/FlaxEngine/Source/Engine/Audio/Types.h,0,3,3
/media/ullmann/HDDGabriel/research/engines/FlaxEngine/Source/ThirdParty/rapidjson/internal/strtod.h,4,1,5
/media/ullmann/HDDGabriel/research/engines/FlaxEngine/Source/ThirdParty/rapidjson/internal/biginteger.h,1,1,2
/media/ullmann/HDDGabriel/research/engines/FlaxEngine/Source/ThirdParty/PhysX/PxArticulationJointReducedCoordinate.h,3,1,4
/media/ullmann/HDDGabriel/research/engines/FlaxEngine/Source/ThirdParty/assimp/matrix4x4.h,2,1,3
/media/ullmann/HDDGabriel/research/engines/FlaxEngine/Source/ThirdParty/assimp/vector3.h,1,2,3
/media/ullmann/HDDGabriel/research/engines/FlaxEngine/Source/Engine/Platform/FileSystemWatcher.h,4,0,4
/media/ullmann/HDDGabriel/research/engines/FlaxEngine/Source/Engine/Platform/Windows/WindowsFileSystemWatcher.h,1,2,3
/media/ullmann/HDDGabriel/research/engines/FlaxEngine/Source/Engine/Graphics/Async/Tasks/GPUCopySubresourceTask.h,2,0,2
/media/ullmann/HDDGabriel/research/engines/FlaxEngine/Source/Engine/Content/Content.h,3,3,6
/media/ullmann/HDDGabriel/research/engines/FlaxEngine/Source/Engine/GraphicsDevice/Vulkan/GPUSamplerVulkan.cpp,2,0,2
/media/ullmann/HDDGabriel/research/engines/FlaxEngine/Source/Engine/Level/Actors/SpotLight.cpp,1,0,1
/media/ullmann/HDDGabriel/research/engines/FlaxEngine/Source/Engine/Level/Actors/SpotLight.h,1,1,2
/media/ullmann/HDDGabriel/research/engines/FlaxEngine/Source/ThirdParty/mono-2.0/mono/metadata/tokentype.h,0,1,1
/media/ullmann/HDDGabriel/research/engines/FlaxEngine/Source/Engine/Renderer/HistogramPass.cpp,2,0,2
/media/ullmann/HDDGabriel/research/engines/FlaxEngine/Source/Engine/Renderer/HistogramPass.h,1,3,4
/media/ullmann/HDDGabriel/research/engines/FlaxEngine/Source/Engine/Level/Actors/Ragdoll.h,1,1,2
/media/ullmann/HDDGabriel/research/engines/FlaxEngine/Source/Engine/Level/Actor.h,2,16,18
/media/ullmann/HDDGabriel/research/engines/FlaxEngine/Source/Engine/Core/Enums.h,2,2,4
/media/ullmann/HDDGabriel/research/engines/FlaxEngine/Source/Engine/Engine/UWP/UWPGame.h,1,2,3
/media/ullmann/HDDGabriel/research/engines/FlaxEngine/Source/Engine/Engine/Base/GameBase.h,1,5,6
/media/ullmann/HDDGabriel/research/engines/FlaxEngine/Source/Engine/Serialization/Stream.cpp,5,0,5
/media/ullmann/HDDGabriel/research/engines/FlaxEngine/Source/Engine/Serialization/JsonSerializer.h,0,1,1
/media/ullmann/HDDGabriel/research/engines/FlaxEngine/Source/Engine/Level/Actors/BoneSocket.cpp,2,0,2
/media/ullmann/HDDGabriel/research/engines/FlaxEngine/Source/Engine/Scripting/BinaryModule.cpp,12,0,12
/media/ullmann/HDDGabriel/research/engines/FlaxEngine/Source/Engine/Scripting/ManagedCLR/MUtils.h,1,7,8
/media/ullmann/HDDGabriel/research/engines/FlaxEngine/Source/ThirdParty/PhysX/geometry/PxHeightFieldGeometry.h,0,1,1
/media/ullmann/HDDGabriel/research/engines/FlaxEngine/Source/Engine/Core/ObjectsRemovalService.cpp,3,0,3
/media/ullmann/HDDGabriel/research/engines/FlaxEngine/Source/Engine/Core/ObjectsRemovalService.h,1,1,2
/media/ullmann/HDDGabriel/research/engines/FlaxEngine/Source/Engine/Level/Actors/Ragdoll.cpp,2,0,2
/media/ullmann/HDDGabriel/research/engines/FlaxEngine/Source/Engine/GraphicsDevice/Vulkan/GPUTimerQueryVulkan.cpp,3,0,3
/media/ullmann/HDDGabriel/research/engines/FlaxEngine/Source/Engine/Core/Math/Vector3.cpp,9,0,9
/media/ullmann/HDDGabriel/research/engines/FlaxEngine/Source/Engine/Content/Assets/SkeletonMask.h,1,1,2
/media/ullmann/HDDGabriel/research/engines/FlaxEngine/Source/Engine/Content/BinaryAsset.h,2,12,14
/media/ullmann/HDDGabriel/research/engines/FlaxEngine/Source/Engine/GraphicsDevice/DirectX/DX11/GPUContextDX11.cpp,7,0,7
/media/ullmann/HDDGabriel/research/engines/FlaxEngine/Source/ThirdParty/recastnavigation/DetourTileCache.cpp,8,0,8
/media/ullmann/HDDGabriel/research/engines/FlaxEngine/Source/ThirdParty/recastnavigation/DetourAlloc.h,0,14,14
/media/ullmann/HDDGabriel/research/engines/FlaxEngine/Source/Engine/GraphicsDevice/Vulkan/DescriptorSetVulkan.h,3,5,8
/media/ullmann/HDDGabriel/research/engines/FlaxEngine/Source/ThirdParty/freetype/ftbbox.h,1,0,1
/media/ullmann/HDDGabriel/research/engines/FlaxEngine/Source/Engine/Level/Scene/SceneRendering.cpp,1,0,1
/media/ullmann/HDDGabriel/research/engines/FlaxEngine/Source/Engine/Level/Scene/SceneRendering.h,0,2,2
/media/ullmann/HDDGabriel/research/engines/FlaxEngine/Source/Engine/Graphics/Models/Mesh.h,5,2,7
/media/ullmann/HDDGabriel/research/engines/FlaxEngine/Source/Engine/Graphics/Models/Config.h,1,2,3
/media/ullmann/HDDGabriel/research/engines/FlaxEngine/Source/ThirdParty/tracy/libbacktrace/fileline.cpp,3,1,4
/media/ullmann/HDDGabriel/research/engines/FlaxEngine/Source/ThirdParty/tracy/libbacktrace/internal.hpp,0,9,9
/media/ullmann/HDDGabriel/research/engines/FlaxEngine/Source/Engine/Renderer/AntiAliasing/FXAA.h,1,2,3
/media/ullmann/HDDGabriel/research/engines/FlaxEngine/Source/ThirdParty/PhysX/PxPhysics.h,4,1,5
/media/ullmann/HDDGabriel/research/engines/FlaxEngine/Source/Engine/Content/Config.h,0,4,4
/media/ullmann/HDDGabriel/research/engines/FlaxEngine/Source/ThirdParty/PhysX/common/PxPhysicsInsertionCallback.h,0,1,1
/media/ullmann/HDDGabriel/research/engines/FlaxEngine/Source/Engine/Renderer/AmbientOcclusionPass.cpp,3,0,3
/media/ullmann/HDDGabriel/research/engines/FlaxEngine/Source/Engine/Renderer/AmbientOcclusionPass.h,1,2,3
/media/ullmann/HDDGabriel/research/engines/FlaxEngine/Source/ThirdParty/rapidjson/schema.h,4,0,4
/media/ullmann/HDDGabriel/research/engines/FlaxEngine/Source/ThirdParty/rapidjson/internal/regex.h,3,1,4
/media/ullmann/HDDGabriel/research/engines/FlaxEngine/Source/Engine/GraphicsDevice/Vulkan/GPUBufferVulkan.h,1,4,5
/media/ullmann/HDDGabriel/research/engines/FlaxEngine/Source/Engine/Platform/ConditionVariable.h,3,0,3
/media/ullmann/HDDGabriel/research/engines/FlaxEngine/Source/Engine/Platform/Unix/UnixConditionVariable.h,1,1,2
/media/ullmann/HDDGabriel/research/engines/FlaxEngine/Source/Engine/Graphics/Materials/MaterialShader.h,1,11,12
/media/ullmann/HDDGabriel/research/engines/FlaxEngine/Source/Engine/GraphicsDevice/Null/GPUTimerQueryNull.h,0,1,1
/media/ullmann/HDDGabriel/research/engines/FlaxEngine/Source/ThirdParty/tracy/client/TracyScoped.hpp,4,1,5
/media/ullmann/HDDGabriel/research/engines/FlaxEngine/Source/ThirdParty/tracy/client/TracyProfiler.hpp,9,5,14
/media/ullmann/HDDGabriel/research/engines/FlaxEngine/Source/ThirdParty/OpenAL/alext.h,3,0,3
/media/ullmann/HDDGabriel/research/engines/FlaxEngine/Source/Engine/GraphicsDevice/Vulkan/GPUContextVulkan.h,2,9,11
/media/ullmann/HDDGabriel/research/engines/FlaxEngine/Source/Engine/Serialization/JsonWriters.h,2,1,3
/media/ullmann/HDDGabriel/research/engines/FlaxEngine/Source/Engine/ContentImporters/CreateParticleSystem.h,1,1,2
/media/ullmann/HDDGabriel/research/engines/FlaxEngine/Source/Editor/Scripting/CodeEditor.cpp,6,0,6
/media/ullmann/HDDGabriel/research/engines/FlaxEngine/Source/Editor/Scripting/CodeEditors/VisualStudioCodeEditor.h,0,2,2
/media/ullmann/HDDGabriel/research/engines/FlaxEngine/Source/Engine/Graphics/GPUDevice.cpp,8,0,8
/media/ullmann/HDDGabriel/research/engines/FlaxEngine/Source/Engine/Graphics/RenderTools.h,2,2,4
/media/ullmann/HDDGabriel/research/engines/FlaxEngine/Source/Engine/Physics/Colliders/CharacterController.h,1,1,2
/media/ullmann/HDDGabriel/research/engines/FlaxEngine/Source/Engine/Physics/Colliders/Collider.h,0,7,7
/media/ullmann/HDDGabriel/research/engines/FlaxEngine/Source/Engine/Level/Actors/EmptyActor.h,1,1,2
/media/ullmann/HDDGabriel/research/engines/FlaxEngine/Source/Engine/Physics/Joints/DistanceJoint.h,2,1,3
/media/ullmann/HDDGabriel/research/engines/FlaxEngine/Source/Engine/Physics/Joints/Joint.h,0,7,7
/media/ullmann/HDDGabriel/research/engines/FlaxEngine/Source/Engine/Animations/Graph/AnimGroup.Animation.cpp,1,0,1
/media/ullmann/HDDGabriel/research/engines/FlaxEngine/Source/ThirdParty/PhysX/extensions/PxExtensionsAPI.h,0,1,1
/media/ullmann/HDDGabriel/research/engines/FlaxEngine/Source/Engine/Core/Math/Transform.h,2,5,7
/media/ullmann/HDDGabriel/research/engines/FlaxEngine/Source/Engine/CSG/CSGBuilder.cpp,3,0,3
/media/ullmann/HDDGabriel/research/engines/FlaxEngine/Source/Engine/CSG/CSGData.h,1,3,4
/media/ullmann/HDDGabriel/research/engines/FlaxEngine/Source/Engine/Renderer/ForwardPass.h,1,2,3
/media/ullmann/HDDGabriel/research/engines/FlaxEngine/Source/Engine/ContentImporters/CreateParticleEmitter.h,1,1,2
/media/ullmann/HDDGabriel/research/engines/FlaxEngine/Source/Editor/Cooker/Platform/Windows/WindowsPlatformTools.cpp,1,0,1
/media/ullmann/HDDGabriel/research/engines/FlaxEngine/Source/Editor/Cooker/Platform/Windows/WindowsPlatformTools.h,1,2,3
/media/ullmann/HDDGabriel/research/engines/FlaxEngine/Source/Engine/GraphicsDevice/DirectX/DX12/UploadBufferDX12.cpp,4,0,4
/media/ullmann/HDDGabriel/research/engines/FlaxEngine/Source/ThirdParty/recastnavigation/DetourPathCorridor.cpp,5,0,5
/media/ullmann/HDDGabriel/research/engines/FlaxEngine/Source/ThirdParty/recastnavigation/DetourCommon.h,1,13,14
/media/ullmann/HDDGabriel/research/engines/FlaxEngine/Source/ThirdParty/glslang/MachineIndependent/preprocessor/PpContext.h,2,0,2
/media/ullmann/HDDGabriel/research/engines/FlaxEngine/Source/ThirdParty/glslang/MachineIndependent/ParseHelper.h,6,4,10
/media/ullmann/HDDGabriel/research/engines/FlaxEngine/Source/Engine/ContentImporters/ImportAudio.h,1,2,3
/media/ullmann/HDDGabriel/research/engines/FlaxEngine/Source/ThirdParty/PhysX/extensions/PxJointLimit.h,0,1,1
/media/ullmann/HDDGabriel/research/engines/FlaxEngine/Source/Engine/Audio/AudioSource.h,2,2,4
/media/ullmann/HDDGabriel/research/engines/FlaxEngine/Source/Engine/Navigation/NavMeshBoundsVolume.cpp,2,0,2
/media/ullmann/HDDGabriel/research/engines/FlaxEngine/Source/Engine/Navigation/NavMeshBoundsVolume.h,1,2,3
/media/ullmann/HDDGabriel/research/engines/FlaxEngine/Source/Engine/Core/Math/Packed.cpp,5,0,5
/media/ullmann/HDDGabriel/research/engines/FlaxEngine/Source/Engine/Tools/MaterialGenerator/MaterialGenerator.Texture.cpp,1,0,1
/media/ullmann/HDDGabriel/research/engines/FlaxEngine/Source/Engine/Engine/Windows/WindowsGame.cpp,1,0,1
/media/ullmann/HDDGabriel/research/engines/FlaxEngine/Source/Engine/Engine/Windows/WindowsGame.h,1,2,3
/media/ullmann/HDDGabriel/research/engines/FlaxEngine/Source/Engine/Platform/Win32/Win32FileSystem.cpp,2,0,2
/media/ullmann/HDDGabriel/research/engines/FlaxEngine/Source/Engine/Platform/Win32/Win32FileSystem.h,0,1,1
/media/ullmann/HDDGabriel/research/engines/FlaxEngine/Source/Engine/Level/Actors/ModelInstanceActor.cpp,1,0,1
/media/ullmann/HDDGabriel/research/engines/FlaxEngine/Source/Engine/Level/Actors/DirectionalLight.h,1,3,4
/media/ullmann/HDDGabriel/research/engines/FlaxEngine/Source/ThirdParty/rapidjson/reader.h,7,1,8
/media/ullmann/HDDGabriel/research/engines/FlaxEngine/Source/Editor/Tools/Foliage/FoliageTools.cpp,1,0,1
/media/ullmann/HDDGabriel/research/engines/FlaxEngine/Source/Editor/Tools/Foliage/FoliageTools.h,0,1,1
/media/ullmann/HDDGabriel/research/engines/FlaxEngine/Source/ThirdParty/tracy/client/tracy_rpmalloc.hpp,1,4,5
/media/ullmann/HDDGabriel/research/engines/FlaxEngine/Source/Engine/Core/Config/GameSettings.cpp,6,0,6
/media/ullmann/HDDGabriel/research/engines/FlaxEngine/Source/Engine/Core/Config/GraphicsSettings.h,0,2,2
/media/ullmann/HDDGabriel/research/engines/FlaxEngine/Source/Engine/GraphicsDevice/DirectX/DX12/GPUTimerQueryDX12.cpp,2,0,2
/media/ullmann/HDDGabriel/research/engines/FlaxEngine/Source/Engine/GraphicsDevice/DirectX/DX12/GPUTimerQueryDX12.h,1,2,3
/media/ullmann/HDDGabriel/research/engines/FlaxEngine/Source/Engine/ContentImporters/ImportModelFile.h,1,1,2
/media/ullmann/HDDGabriel/research/engines/FlaxEngine/Source/ThirdParty/PhysX/cooking/PxConvexMeshDesc.h,0,1,1
/media/ullmann/HDDGabriel/research/engines/FlaxEngine/Source/Engine/Tools/MaterialGenerator/MaterialLayer.cpp,2,0,2
/media/ullmann/HDDGabriel/research/engines/FlaxEngine/Source/Engine/Platform/Win32/Win32ConditionVariable.h,1,1,2
/media/ullmann/HDDGabriel/research/engines/FlaxEngine/Source/Engine/Graphics/Materials/PostFxMaterialShader.h,1,2,3
/media/ullmann/HDDGabriel/research/engines/FlaxEngine/Source/Engine/Engine/Time.cpp,2,0,2
/media/ullmann/HDDGabriel/research/engines/FlaxEngine/Source/Engine/Engine/Time.h,0,2,2
/media/ullmann/HDDGabriel/research/engines/FlaxEngine/Source/Engine/Scripting/ScriptingObject.cpp,9,0,9
/media/ullmann/HDDGabriel/research/engines/FlaxEngine/Source/ThirdParty/mono-2.0/mono/metadata/appdomain-icalls.h,1,1,2
/media/ullmann/HDDGabriel/research/engines/FlaxEngine/Source/ThirdParty/mono-2.0/mono/metadata/reflection-internals.h,0,2,2
/media/ullmann/HDDGabriel/research/engines/FlaxEngine/Source/Engine/Graphics/GPUSwapChain.cpp,3,0,3
/media/ullmann/HDDGabriel/research/engines/FlaxEngine/Source/ThirdParty/rapidjson/memorystream.h,1,2,3
/media/ullmann/HDDGabriel/research/engines/FlaxEngine/Source/Engine/Level/Actors/BoxBrush.cpp,1,0,1
/media/ullmann/HDDGabriel/research/engines/FlaxEngine/Source/Engine/Level/Actors/BoxBrush.h,1,1,2
/media/ullmann/HDDGabriel/research/engines/FlaxEngine/Source/ThirdParty/assimp/material.h,4,1,5
/media/ullmann/HDDGabriel/research/engines/FlaxEngine/Source/ThirdParty/assimp/material.inl,0,1,1
/media/ullmann/HDDGabriel/research/engines/FlaxEngine/Source/Engine/Renderer/GI/GlobalSurfaceAtlasPass.h,1,3,4
/media/ullmann/HDDGabriel/research/engines/FlaxEngine/Source/Engine/Scripting/ScriptingType.h,1,8,9
/media/ullmann/HDDGabriel/research/engines/FlaxEngine/Source/Engine/Scripting/Types.h,0,4,4
/media/ullmann/HDDGabriel/research/engines/FlaxEngine/Source/Engine/GraphicsDevice/Vulkan/GPUPipelineStateVulkan.cpp,4,0,4
/media/ullmann/HDDGabriel/research/engines/FlaxEngine/Source/Engine/Particles/ParticleEmitterFunction.h,2,2,4
/media/ullmann/HDDGabriel/research/engines/FlaxEngine/Source/Engine/Particles/Graph/CPU/ParticleEmitterGraph.CPU.h,1,5,6
/media/ullmann/HDDGabriel/research/engines/FlaxEngine/Source/Engine/Platform/FileSystem.h,6,0,6
/media/ullmann/HDDGabriel/research/engines/FlaxEngine/Source/Engine/Platform/Linux/LinuxFileSystem.h,0,2,2
/media/ullmann/HDDGabriel/research/engines/FlaxEngine/Source/Engine/GraphicsDevice/DirectX/DX12/GPUSamplerDX12.cpp,1,0,1
/media/ullmann/HDDGabriel/research/engines/FlaxEngine/Source/Engine/GraphicsDevice/DirectX/DX12/GPUSamplerDX12.h,1,3,4
/media/ullmann/HDDGabriel/research/engines/FlaxEngine/Source/ThirdParty/PhysX/vehicle/PxVehicleDrive4W.h,0,1,1
/media/ullmann/HDDGabriel/research/engines/FlaxEngine/Source/Engine/Content/Content.cpp,6,0,6
/media/ullmann/HDDGabriel/research/engines/FlaxEngine/Source/Engine/Content/JsonAsset.h,1,3,4
/media/ullmann/HDDGabriel/research/engines/FlaxEngine/Source/Engine/Renderer/ForwardPass.cpp,2,0,2
/media/ullmann/HDDGabriel/research/engines/FlaxEngine/Source/Engine/Graphics/Materials/DeformableMaterialShader.cpp,3,0,3
/media/ullmann/HDDGabriel/research/engines/FlaxEngine/Source/Engine/Graphics/Materials/MaterialParams.h,0,10,10
/media/ullmann/HDDGabriel/research/engines/FlaxEngine/Source/Engine/Content/JsonAsset.cpp,4,0,4
/media/ullmann/HDDGabriel/research/engines/FlaxEngine/Source/Engine/Tools/AudioTool/MP3Decoder.h,1,1,2
/media/ullmann/HDDGabriel/research/engines/FlaxEngine/Source/Engine/Tools/AudioTool/AudioDecoder.h,0,3,3
/media/ullmann/HDDGabriel/research/engines/FlaxEngine/Source/Engine/Graphics/GPUContext.cpp,4,0,4
/media/ullmann/HDDGabriel/research/engines/FlaxEngine/Source/Engine/Platform/Windows/WindowsInput.cpp,3,0,3
/media/ullmann/HDDGabriel/research/engines/FlaxEngine/Source/Engine/Render2D/Font.h,1,4,5
/media/ullmann/HDDGabriel/research/engines/FlaxEngine/Source/Engine/Render2D/TextLayoutOptions.h,0,1,1
/media/ullmann/HDDGabriel/research/engines/FlaxEngine/Source/ThirdParty/PhysX/PxForceMode.h,1,2,3
/media/ullmann/HDDGabriel/research/engines/FlaxEngine/Source/Engine/Renderer/DrawCall.h,1,1,2
/media/ullmann/HDDGabriel/research/engines/FlaxEngine/Source/Engine/Core/Math/Packed.h,1,1,2
/media/ullmann/HDDGabriel/research/engines/FlaxEngine/Source/Engine/Renderer/LightPass.cpp,3,0,3
/media/ullmann/HDDGabriel/research/engines/FlaxEngine/Source/Engine/Core/Config/TimeSettings.h,0,1,1
/media/ullmann/HDDGabriel/research/engines/FlaxEngine/Source/Engine/Level/Actors/Decal.cpp,1,0,1
/media/ullmann/HDDGabriel/research/engines/FlaxEngine/Source/Engine/Level/Actors/Decal.h,1,1,2
/media/ullmann/HDDGabriel/research/engines/FlaxEngine/Source/Engine/Input/Gamepad.h,1,2,3
/media/ullmann/HDDGabriel/research/engines/FlaxEngine/Source/Engine/Input/InputDevice.h,2,3,5
/media/ullmann/HDDGabriel/research/engines/FlaxEngine/Source/Engine/Graphics/Shaders/Cache/ShaderCacheManager.cpp,1,0,1
/media/ullmann/HDDGabriel/research/engines/FlaxEngine/Source/ThirdParty/PhysX/PxBatchQuery.h,4,1,5
/media/ullmann/HDDGabriel/research/engines/FlaxEngine/Source/Engine/Physics/PhysX/PhysicsBackendPhysX.cpp,3,0,3
/media/ullmann/HDDGabriel/research/engines/FlaxEngine/Source/Engine/Physics/PhysX/PhysicsBackendPhysX.h,1,1,2
/media/ullmann/HDDGabriel/research/engines/FlaxEngine/Source/Engine/Terrain/TerrainPatch.cpp,2,0,2
/media/ullmann/HDDGabriel/research/engines/FlaxEngine/Source/ThirdParty/curl/curl.h,6,3,9
/media/ullmann/HDDGabriel/research/engines/FlaxEngine/Source/ThirdParty/curl/typecheck-gcc.h,0,1,1
/media/ullmann/HDDGabriel/research/engines/FlaxEngine/Source/Engine/Graphics/Textures/GPUTexture.cpp,3,0,3
/media/ullmann/HDDGabriel/research/engines/FlaxEngine/Source/Engine/Graphics/Textures/GPUTextureDescription.h,0,2,2
/media/ullmann/HDDGabriel/research/engines/FlaxEngine/Source/Engine/Graphics/GPUPipelineStatePermutations.h,3,0,3
/media/ullmann/HDDGabriel/research/engines/FlaxEngine/Source/Engine/Graphics/GPUPipelineState.h,3,2,5
/media/ullmann/HDDGabriel/research/engines/FlaxEngine/Source/ThirdParty/PhysX/geometry/PxGeometry.h,0,3,3
/media/ullmann/HDDGabriel/research/engines/FlaxEngine/Source/ThirdParty/mono-2.0/mono/metadata/coree.h,1,0,1
/media/ullmann/HDDGabriel/research/engines/FlaxEngine/Source/Engine/Graphics/Models/SkeletonData.h,0,2,2
/media/ullmann/HDDGabriel/research/engines/FlaxEngine/Source/Engine/Scripting/Events.h,1,1,2
/media/ullmann/HDDGabriel/research/engines/FlaxEngine/Source/ThirdParty/assimp/ByteSwapper.h,0,2,2
/media/ullmann/HDDGabriel/research/engines/FlaxEngine/Source/Engine/Graphics/GPUContext.h,2,2,4
/media/ullmann/HDDGabriel/research/engines/FlaxEngine/Source/Engine/Scripting/ManagedCLR/MTypes.h,1,13,14
/media/ullmann/HDDGabriel/research/engines/FlaxEngine/Source/Engine/Graphics/Materials/ParticleMaterialShader.h,1,2,3
/media/ullmann/HDDGabriel/research/engines/FlaxEngine/Source/Engine/Level/Actors/Sky.h,1,1,2
/media/ullmann/HDDGabriel/research/engines/FlaxEngine/Source/ThirdParty/recastnavigation/RecastRasterization.cpp,3,0,3
/media/ullmann/HDDGabriel/research/engines/FlaxEngine/Source/ThirdParty/recastnavigation/RecastAlloc.h,1,9,10
/media/ullmann/HDDGabriel/research/engines/FlaxEngine/Source/ThirdParty/rapidjson/encodings.h,1,1,2
/media/ullmann/HDDGabriel/research/engines/FlaxEngine/Source/Engine/Serialization/MemoryWriteStream.cpp,1,0,1
/media/ullmann/HDDGabriel/research/engines/FlaxEngine/Source/Engine/Serialization/MemoryWriteStream.h,1,1,2
/media/ullmann/HDDGabriel/research/engines/FlaxEngine/Source/Engine/Level/Actors/AnimatedModel.cpp,2,0,2
/media/ullmann/HDDGabriel/research/engines/FlaxEngine/Source/ThirdParty/PhysX/PxSceneDesc.h,7,2,9
/media/ullmann/HDDGabriel/research/engines/FlaxEngine/Source/Engine/ShadersCompilation/DirectX/ShaderCompilerDX.h,0,2,2
/media/ullmann/HDDGabriel/research/engines/FlaxEngine/Source/Engine/Audio/Audio.cpp,6,0,6
/media/ullmann/HDDGabriel/research/engines/FlaxEngine/Source/Engine/Platform/Windows/WindowsFileSystem.cpp,2,0,2
/media/ullmann/HDDGabriel/research/engines/FlaxEngine/Source/Engine/Level/SceneObject.cpp,1,0,1
/media/ullmann/HDDGabriel/research/engines/FlaxEngine/Source/Engine/Level/SceneObject.h,0,3,3
/media/ullmann/HDDGabriel/research/engines/FlaxEngine/Source/Engine/Terrain/TerrainChunk.h,0,2,2
/media/ullmann/HDDGabriel/research/engines/FlaxEngine/Source/ThirdParty/glslang/Public/ShaderLang.h,2,5,7
/media/ullmann/HDDGabriel/research/engines/FlaxEngine/Source/ThirdParty/glslang/Include/ResourceLimits.h,0,2,2
/media/ullmann/HDDGabriel/research/engines/FlaxEngine/Source/Engine/Scripting/ManagedCLR/MUtils.cpp,3,0,3
/media/ullmann/HDDGabriel/research/engines/FlaxEngine/Source/Engine/Scripting/ManagedCLR/MType.h,1,8,9
/media/ullmann/HDDGabriel/research/engines/FlaxEngine/Source/Engine/Physics/Physics.cpp,5,0,5
/media/ullmann/HDDGabriel/research/engines/FlaxEngine/Source/Engine/Physics/PhysicsSettings.h,1,2,3
/media/ullmann/HDDGabriel/research/engines/FlaxEngine/Source/Engine/Particles/Particles.cpp,2,0,2
/media/ullmann/HDDGabriel/research/engines/FlaxEngine/Source/Engine/Particles/ParticleEffect.h,2,4,6
/media/ullmann/HDDGabriel/research/engines/FlaxEngine/Source/Engine/Renderer/AtmospherePreCompute.cpp,2,0,2
/media/ullmann/HDDGabriel/research/engines/FlaxEngine/Source/ThirdParty/tracy/common/TracyAlign.hpp,0,4,4
/media/ullmann/HDDGabriel/research/engines/FlaxEngine/Source/ThirdParty/PhysX/foundation/PsSync.h,1,0,1
/media/ullmann/HDDGabriel/research/engines/FlaxEngine/Source/ThirdParty/PhysX/foundation/PsAllocator.h,1,1,2
/media/ullmann/HDDGabriel/research/engines/FlaxEngine/Source/Engine/Renderer/AntiAliasing/TAA.h,1,2,3
/media/ullmann/HDDGabriel/research/engines/FlaxEngine/Source/Engine/Scripting/ManagedCLR/MDomain.h,2,4,6
/media/ullmann/HDDGabriel/research/engines/FlaxEngine/Source/Engine/ShadersCompilation/Parser/ShaderFunctionReader.CS.h,1,1,2
/media/ullmann/HDDGabriel/research/engines/FlaxEngine/Source/Engine/Renderer/EyeAdaptationPass.cpp,3,0,3
/media/ullmann/HDDGabriel/research/engines/FlaxEngine/Source/Engine/Renderer/EyeAdaptationPass.h,1,2,3
/media/ullmann/HDDGabriel/research/engines/FlaxEngine/Source/ThirdParty/assimp/camera.h,1,1,2
/media/ullmann/HDDGabriel/research/engines/FlaxEngine/Source/ThirdParty/freetype/ftfntfmt.h,1,0,1
/media/ullmann/HDDGabriel/research/engines/FlaxEngine/Source/Engine/Platform/GDK/GDKPlatform.cpp,1,0,1
/media/ullmann/HDDGabriel/research/engines/FlaxEngine/Source/Editor/Tools/Terrain/TerrainTools.cpp,1,0,1
/media/ullmann/HDDGabriel/research/engines/FlaxEngine/Source/Editor/Tools/Terrain/TerrainTools.h,0,1,1
/media/ullmann/HDDGabriel/research/engines/FlaxEngine/Source/Engine/Scripting/Scripting.h,1,6,7
/media/ullmann/HDDGabriel/research/engines/FlaxEngine/Source/Engine/Core/Types/Guid.h,1,2,3
/media/ullmann/HDDGabriel/research/engines/FlaxEngine/Source/Editor/Managed/ManagedEditor.Internal.cpp,1,0,1
/media/ullmann/HDDGabriel/research/engines/FlaxEngine/Source/Editor/Managed/ManagedEditor.h,0,3,3
/media/ullmann/HDDGabriel/research/engines/FlaxEngine/Source/Engine/ContentImporters/CreateVisualScript.h,1,1,2
/media/ullmann/HDDGabriel/research/engines/FlaxEngine/Source/Engine/ShadersCompilation/Parser/ShaderFunctionReader.CB.h,1,1,2
/media/ullmann/HDDGabriel/research/engines/FlaxEngine/Source/Engine/Animations/SceneAnimations/SceneAnimationPlayer.h,1,1,2
/media/ullmann/HDDGabriel/research/engines/FlaxEngine/Source/Engine/Animations/SceneAnimations/SceneAnimation.h,0,2,2
/media/ullmann/HDDGabriel/research/engines/FlaxEngine/Source/Engine/ContentImporters/CreateCollisionData.h,1,2,3
/media/ullmann/HDDGabriel/research/engines/FlaxEngine/Source/Engine/Terrain/Terrain.h,0,5,5
/media/ullmann/HDDGabriel/research/engines/FlaxEngine/Source/ThirdParty/tracy/libbacktrace/sort.cpp,3,1,4
/media/ullmann/HDDGabriel/research/engines/FlaxEngine/Source/ThirdParty/tracy/libbacktrace/backtrace.hpp,0,10,10
/media/ullmann/HDDGabriel/research/engines/FlaxEngine/Source/Engine/Core/Math/OrientedBoundingBox.cpp,6,0,6
/media/ullmann/HDDGabriel/research/engines/FlaxEngine/Source/Engine/Core/Math/BoundingSphere.h,3,5,8
/media/ullmann/HDDGabriel/research/engines/FlaxEngine/Source/Engine/Core/Math/BoundingSphere.cpp,5,0,5
/media/ullmann/HDDGabriel/research/engines/FlaxEngine/Source/ThirdParty/X11/fonts/fontstruct.h,2,0,2
/media/ullmann/HDDGabriel/research/engines/FlaxEngine/Source/ThirdParty/X11/fonts/fontproto.h,0,1,1
/media/ullmann/HDDGabriel/research/engines/FlaxEngine/Source/Engine/Render2D/FontAsset.cpp,4,0,4
/media/ullmann/HDDGabriel/research/engines/FlaxEngine/Source/Engine/Render2D/IncludeFreeType.h,0,3,3
/media/ullmann/HDDGabriel/research/engines/FlaxEngine/Source/ThirdParty/PhysX/PxBroadPhase.h,2,1,3
/media/ullmann/HDDGabriel/research/engines/FlaxEngine/Source/ThirdParty/spirv-tools/linker.hpp,1,0,1
/media/ullmann/HDDGabriel/research/engines/FlaxEngine/Source/ThirdParty/spirv-tools/libspirv.hpp,0,2,2
/media/ullmann/HDDGabriel/research/engines/FlaxEngine/Source/Engine/Debug/Exceptions/ArgumentException.h,0,1,1
/media/ullmann/HDDGabriel/research/engines/FlaxEngine/Source/Engine/Level/Level.h,1,4,5
/media/ullmann/HDDGabriel/research/engines/FlaxEngine/Source/Engine/Platform/Network.h,3,0,3
/media/ullmann/HDDGabriel/research/engines/FlaxEngine/Source/Engine/Platform/Unix/UnixNetwork.h,0,2,2
/media/ullmann/HDDGabriel/research/engines/FlaxEngine/Source/Engine/ShadowsOfMordor/Builder.Debug.cpp,1,0,1
/media/ullmann/HDDGabriel/research/engines/FlaxEngine/Source/Engine/ShadowsOfMordor/Builder.h,1,9,10
/media/ullmann/HDDGabriel/research/engines/FlaxEngine/Source/Engine/GraphicsDevice/DirectX/DX12/GPUBufferDX12.cpp,2,0,2
/media/ullmann/HDDGabriel/research/engines/FlaxEngine/Source/ThirdParty/PhysX/characterkinematic/PxBoxController.h,0,1,1
/media/ullmann/HDDGabriel/research/engines/FlaxEngine/Source/Engine/GraphicsDevice/Vulkan/VulkanPlatform.h,4,2,6
/media/ullmann/HDDGabriel/research/engines/FlaxEngine/Source/ThirdParty/X11/Xtrans/Xtrans.c,0,1,1
/media/ullmann/HDDGabriel/research/engines/FlaxEngine/Source/ThirdParty/PhysX/foundation/PxQuat.h,0,1,1
/media/ullmann/HDDGabriel/research/engines/FlaxEngine/Source/ThirdParty/glslang/MachineIndependent/SymbolTable.h,3,3,6
/media/ullmann/HDDGabriel/research/engines/FlaxEngine/Source/ThirdParty/tracy/client/TracyCallstack.cpp,5,1,6
/media/ullmann/HDDGabriel/research/engines/FlaxEngine/Source/ThirdParty/recastnavigation/RecastContour.cpp,3,0,3
/media/ullmann/HDDGabriel/research/engines/FlaxEngine/Source/Editor/Analytics/EditorAnalyticsController.cpp,2,0,2
/media/ullmann/HDDGabriel/research/engines/FlaxEngine/Source/Editor/Analytics/EditorAnalytics.h,0,2,2
/media/ullmann/HDDGabriel/research/engines/FlaxEngine/Source/ThirdParty/tracy/libbacktrace/posix.cpp,3,1,4
/media/ullmann/HDDGabriel/research/engines/FlaxEngine/Source/Engine/Renderer/AntiAliasing/SMAA.h,1,2,3
/media/ullmann/HDDGabriel/research/engines/FlaxEngine/Source/Engine/Renderer/ScreenSpaceReflectionsPass.cpp,5,0,5
/media/ullmann/HDDGabriel/research/engines/FlaxEngine/Source/Engine/GraphicsDevice/Vulkan/DescriptorSetVulkan.cpp,5,0,5
/media/ullmann/HDDGabriel/research/engines/FlaxEngine/Source/Engine/Core/Math/Viewport.cpp,5,0,5
/media/ullmann/HDDGabriel/research/engines/FlaxEngine/Source/ThirdParty/curl/multi.h,1,1,2
/media/ullmann/HDDGabriel/research/engines/FlaxEngine/Source/ThirdParty/PhysX/geometry/PxCapsuleGeometry.h,0,1,1
/media/ullmann/HDDGabriel/research/engines/FlaxEngine/Source/Engine/Content/Storage/FlaxStorage.h,3,4,7
/media/ullmann/HDDGabriel/research/engines/FlaxEngine/Source/Engine/Content/AssetInfo.h,0,3,3
/media/ullmann/HDDGabriel/research/engines/FlaxEngine/Source/Engine/Core/Math/Color32.cpp,5,0,5
/media/ullmann/HDDGabriel/research/engines/FlaxEngine/Source/Engine/Level/Actors/Spline.h,1,2,3
/media/ullmann/HDDGabriel/research/engines/FlaxEngine/Source/Engine/Core/Math/BoundingBox.h,2,5,7
/media/ullmann/HDDGabriel/research/engines/FlaxEngine/Source/Engine/Core/Memory/Allocation.h,1,0,1
/media/ullmann/HDDGabriel/research/engines/FlaxEngine/Source/Engine/Core/Memory/Memory.h,1,2,3
/media/ullmann/HDDGabriel/research/engines/FlaxEngine/Source/ThirdParty/glslang/SPIRV/SpvBuilder.h,3,0,3
/media/ullmann/HDDGabriel/research/engines/FlaxEngine/Source/ThirdParty/recastnavigation/DetourNavMesh.h,2,9,11
/media/ullmann/HDDGabriel/research/engines/FlaxEngine/Source/Engine/Core/Math/BoundingFrustum.h,4,2,6
/media/ullmann/HDDGabriel/research/engines/FlaxEngine/Source/Engine/Core/Math/CollisionsHelper.h,0,7,7
/media/ullmann/HDDGabriel/research/engines/FlaxEngine/Source/Engine/CSG/CSGMesh.Triangulate.cpp,2,0,2
/media/ullmann/HDDGabriel/research/engines/FlaxEngine/Source/Engine/Content/Upgraders/SkinnedModelAssetUpgrader.h,1,0,1
/media/ullmann/HDDGabriel/research/engines/FlaxEngine/Source/Engine/Content/Upgraders/BinaryAssetUpgrader.h,1,8,9
/media/ullmann/HDDGabriel/research/engines/FlaxEngine/Source/Engine/Renderer/Editor/LODPreview.cpp,1,0,1
/media/ullmann/HDDGabriel/research/engines/FlaxEngine/Source/Engine/Renderer/Editor/LODPreview.h,0,1,1
/media/ullmann/HDDGabriel/research/engines/FlaxEngine/Source/Engine/Scripting/StdTypesContainer.h,0,5,5
/media/ullmann/HDDGabriel/research/engines/FlaxEngine/Source/Engine/Core/Math/Quaternion.h,1,7,8
/media/ullmann/HDDGabriel/research/engines/FlaxEngine/Source/Engine/Core/Math/Math.h,0,9,9
/media/ullmann/HDDGabriel/research/engines/FlaxEngine/Source/Engine/Navigation/NavMeshBuilder.cpp,7,0,7
/media/ullmann/HDDGabriel/research/engines/FlaxEngine/Source/Engine/Navigation/NavLink.h,0,2,2
/media/ullmann/HDDGabriel/research/engines/FlaxEngine/Source/ThirdParty/freetype/ftglyph.h,1,0,1
/media/ullmann/HDDGabriel/research/engines/FlaxEngine/Source/Engine/Physics/Actors/PhysicsColliderActor.cpp,2,0,2
/media/ullmann/HDDGabriel/research/engines/FlaxEngine/Source/Engine/Physics/Actors/PhysicsColliderActor.h,0,1,1
/media/ullmann/HDDGabriel/research/engines/FlaxEngine/Source/ThirdParty/PhysX/foundation/PxVec4.h,0,1,1
/media/ullmann/HDDGabriel/research/engines/FlaxEngine/Source/ThirdParty/assimp/metadata.h,1,1,2
/media/ullmann/HDDGabriel/research/engines/FlaxEngine/Source/ThirdParty/assimp/Compiler/pstdint.h,0,1,1
/media/ullmann/HDDGabriel/research/engines/FlaxEngine/Source/ThirdParty/rapidjson/pointer.h,2,1,3
/media/ullmann/HDDGabriel/research/engines/FlaxEngine/Source/ThirdParty/UniversalAnalytics/universal-analytics.h,2,1,3
/media/ullmann/HDDGabriel/research/engines/FlaxEngine/Source/ThirdParty/UniversalAnalytics/string/encode.h,0,2,2
/media/ullmann/HDDGabriel/research/engines/FlaxEngine/Source/Editor/Cooker/Platform/UWP/UWPPlatformTools.h,1,2,3
/media/ullmann/HDDGabriel/research/engines/FlaxEngine/Source/Editor/Cooker/PlatformTools.h,1,6,7
/media/ullmann/HDDGabriel/research/engines/FlaxEngine/Source/Engine/Audio/AudioSettings.h,0,1,1
/media/ullmann/HDDGabriel/research/engines/FlaxEngine/Source/Engine/Profiler/Profiler.h,2,0,2
/media/ullmann/HDDGabriel/research/engines/FlaxEngine/Source/Engine/Animations/CurveSerialization.h,1,0,1
/media/ullmann/HDDGabriel/research/engines/FlaxEngine/Source/Engine/Animations/Curve.h,1,1,2
/media/ullmann/HDDGabriel/research/engines/FlaxEngine/Source/Engine/Renderer/AntiAliasing/SMAA.cpp,1,0,1
/media/ullmann/HDDGabriel/research/engines/FlaxEngine/Source/Engine/Core/Types/CommonValue.cpp,1,0,1
/media/ullmann/HDDGabriel/research/engines/FlaxEngine/Source/Engine/Core/Types/CommonValue.h,0,2,2
/media/ullmann/HDDGabriel/research/engines/FlaxEngine/Source/ThirdParty/recastnavigation/DetourNavMesh.cpp,6,0,6
/media/ullmann/HDDGabriel/research/engines/FlaxEngine/Source/Engine/Content/Assets/RawDataAsset.h,1,1,2
/media/ullmann/HDDGabriel/research/engines/FlaxEngine/Source/Engine/Renderer/Utils/MultiScaler.h,1,3,4
/media/ullmann/HDDGabriel/research/engines/FlaxEngine/Source/Engine/Serialization/JsonTools.h,2,1,3
/media/ullmann/HDDGabriel/research/engines/FlaxEngine/Source/Engine/Content/Types.h,0,1,1
/media/ullmann/HDDGabriel/research/engines/FlaxEngine/Source/Engine/Graphics/Materials/DeferredMaterialShader.h,1,2,3
/media/ullmann/HDDGabriel/research/engines/FlaxEngine/Source/Engine/Tools/ModelTool/ModelTool.Options.cpp,1,0,1
/media/ullmann/HDDGabriel/research/engines/FlaxEngine/Source/Engine/Tools/ModelTool/ModelTool.h,0,5,5
/media/ullmann/HDDGabriel/research/engines/FlaxEngine/Source/Engine/Graphics/Graphics.h,2,2,4
/media/ullmann/HDDGabriel/research/engines/FlaxEngine/Source/Engine/Graphics/PostProcessSettings.h,0,2,2
/media/ullmann/HDDGabriel/research/engines/FlaxEngine/Source/Engine/Renderer/GlobalSignDistanceFieldPass.cpp,2,0,2
/media/ullmann/HDDGabriel/research/engines/FlaxEngine/Source/ThirdParty/tracy/libbacktrace/alloc.cpp,4,1,5
/media/ullmann/HDDGabriel/research/engines/FlaxEngine/Source/ThirdParty/X11/fonts/font.h,1,1,2
/media/ullmann/HDDGabriel/research/engines/FlaxEngine/Source/ThirdParty/X11/fonts/fsmasks.h,0,1,1
/media/ullmann/HDDGabriel/research/engines/FlaxEngine/Source/Engine/Core/Math/OrientedBoundingBox.h,1,1,2
/media/ullmann/HDDGabriel/research/engines/FlaxEngine/Source/Engine/Graphics/GPULimits.h,2,1,3
/media/ullmann/HDDGabriel/research/engines/FlaxEngine/Source/Engine/CSG/CSGMesh.Split.cpp,1,0,1
/media/ullmann/HDDGabriel/research/engines/FlaxEngine/Source/Engine/Physics/PhysicalMaterial.h,1,1,2
/media/ullmann/HDDGabriel/research/engines/FlaxEngine/Source/Engine/Platform/Clipboard.h,5,0,5
/media/ullmann/HDDGabriel/research/engines/FlaxEngine/Source/Engine/Platform/Base/ClipboardBase.h,0,1,1
/media/ullmann/HDDGabriel/research/engines/FlaxEngine/Source/Engine/Debug/Exception.cpp,1,0,1
/media/ullmann/HDDGabriel/research/engines/FlaxEngine/Source/Engine/Debug/Exception.h,0,1,1
/media/ullmann/HDDGabriel/research/engines/FlaxEngine/Source/Engine/Graphics/Models/SkinnedMesh.h,3,2,5
/media/ullmann/HDDGabriel/research/engines/FlaxEngine/Source/ThirdParty/PhysX/foundation/PxSimpleTypes.h,0,1,1
/media/ullmann/HDDGabriel/research/engines/FlaxEngine/Source/ThirdParty/freetype/ftsizes.h,1,0,1
/media/ullmann/HDDGabriel/research/engines/FlaxEngine/Source/Engine/Visject/Graph.h,3,2,5
/media/ullmann/HDDGabriel/research/engines/FlaxEngine/Source/Engine/Visject/VisjectMeta.h,0,3,3
/media/ullmann/HDDGabriel/research/engines/FlaxEngine/Source/ThirdParty/rapidjson/internal/dtoa.h,3,1,4
/media/ullmann/HDDGabriel/research/engines/FlaxEngine/Source/Engine/Platform/Platform.h,7,0,7
/media/ullmann/HDDGabriel/research/engines/FlaxEngine/Source/Engine/Platform/Linux/LinuxPlatform.h,0,2,2
/media/ullmann/HDDGabriel/research/engines/FlaxEngine/Source/Engine/Utilities/Screenshot.cpp,1,0,1
/media/ullmann/HDDGabriel/research/engines/FlaxEngine/Source/Engine/Utilities/Screenshot.h,0,1,1
/media/ullmann/HDDGabriel/research/engines/FlaxEngine/Source/Engine/Level/Actors/EmptyActor.cpp,1,0,1
/media/ullmann/HDDGabriel/research/engines/FlaxEngine/Source/ThirdParty/spirv-tools/optimizer.hpp,1,0,1
/media/ullmann/HDDGabriel/research/engines/FlaxEngine/Source/ThirdParty/glslang/HLSL/hlslTokens.h,0,1,1
/media/ullmann/HDDGabriel/research/engines/FlaxEngine/Source/Engine/Platform/Win32/Win32CriticalSection.h,1,2,3
/media/ullmann/HDDGabriel/research/engines/FlaxEngine/Source/Engine/Renderer/GBufferPass.h,1,10,11
/media/ullmann/HDDGabriel/research/engines/FlaxEngine/Source/Engine/Level/Actors/DirectionalLight.cpp,1,0,1
/media/ullmann/HDDGabriel/research/engines/FlaxEngine/Source/Engine/Networking/NetworkPeer.cpp,3,0,3
/media/ullmann/HDDGabriel/research/engines/FlaxEngine/Source/Engine/Networking/NetworkEvent.h,2,1,3
/media/ullmann/HDDGabriel/research/engines/FlaxEngine/Source/ThirdParty/assimp/postprocess.h,1,0,1
/media/ullmann/HDDGabriel/research/engines/FlaxEngine/Source/ThirdParty/rapidjson/allocators.h,1,3,4
/media/ullmann/HDDGabriel/research/engines/FlaxEngine/Source/Engine/Debug/Exceptions/NotSupportedException.h,0,1,1
/media/ullmann/HDDGabriel/research/engines/FlaxEngine/Source/Engine/Engine/EngineService.cpp,1,0,1
/media/ullmann/HDDGabriel/research/engines/FlaxEngine/Source/Engine/Platform/Defines.h,5,1,6
/media/ullmann/HDDGabriel/research/engines/FlaxEngine/Source/Engine/Platform/GDK/GDKWindow.h,0,2,2
/media/ullmann/HDDGabriel/research/engines/FlaxEngine/Source/ThirdParty/mono-2.0/mono/metadata/object-forward.h,0,1,1
/media/ullmann/HDDGabriel/research/engines/FlaxEngine/Source/ThirdParty/PhysX/PxActor.h,4,2,6
/media/ullmann/HDDGabriel/research/engines/FlaxEngine/Source/ThirdParty/freetype/ftsystem.h,1,0,1
/media/ullmann/HDDGabriel/research/engines/FlaxEngine/Source/Engine/GraphicsDevice/Null/GPUSwapChainNull.h,0,1,1
/media/ullmann/HDDGabriel/research/engines/FlaxEngine/Source/Engine/Graphics/RenderView.h,1,4,5
/media/ullmann/HDDGabriel/research/engines/FlaxEngine/Source/Engine/Graphics/Enums.h,0,8,8
/media/ullmann/HDDGabriel/research/engines/FlaxEngine/Source/ThirdParty/PhysX/extensions/PxPrismaticJoint.h,0,1,1
/media/ullmann/HDDGabriel/research/engines/FlaxEngine/Source/ThirdParty/assimp/texture.h,3,1,4
/media/ullmann/HDDGabriel/research/engines/FlaxEngine/Source/ThirdParty/assimp/Compiler/pushpack1.h,0,2,2
/media/ullmann/HDDGabriel/research/engines/FlaxEngine/Source/ThirdParty/assimp/irrXMLWrapper.h,2,0,2
/media/ullmann/HDDGabriel/research/engines/FlaxEngine/Source/ThirdParty/assimp/IOStream.hpp,1,1,2
/media/ullmann/HDDGabriel/research/engines/FlaxEngine/Source/Engine/Render2D/Font.cpp,4,0,4
/media/ullmann/HDDGabriel/research/engines/FlaxEngine/Source/Engine/Core/Math/Quaternion.cpp,7,0,7
/media/ullmann/HDDGabriel/research/engines/FlaxEngine/Source/Engine/GraphicsDevice/DirectX/DX12/QueryHeapDX12.cpp,4,0,4
/media/ullmann/HDDGabriel/research/engines/FlaxEngine/Source/Engine/Physics/Joints/DistanceJoint.cpp,1,0,1
/media/ullmann/HDDGabriel/research/engines/FlaxEngine/Source/ThirdParty/freetype/t1tables.h,1,0,1
/media/ullmann/HDDGabriel/research/engines/FlaxEngine/Source/ThirdParty/meshoptimizer/vertexfilter.cpp,1,0,1
/media/ullmann/HDDGabriel/research/engines/FlaxEngine/Source/Engine/GraphicsDevice/DirectX/DX11/GPUTextureDX11.h,2,4,6
/media/ullmann/HDDGabriel/research/engines/FlaxEngine/Source/Engine/UI/UICanvas.cpp,1,0,1
/media/ullmann/HDDGabriel/research/engines/FlaxEngine/Source/Engine/UI/UICanvas.h,0,1,1
/media/ullmann/HDDGabriel/research/engines/FlaxEngine/Source/Engine/Renderer/DepthOfFieldPass.cpp,2,0,2
/media/ullmann/HDDGabriel/research/engines/FlaxEngine/Source/Engine/Content/Storage/FlaxStorage.cpp,4,0,4
/media/ullmann/HDDGabriel/research/engines/FlaxEngine/Source/Engine/Content/Storage/FlaxFile.h,1,2,3
/media/ullmann/HDDGabriel/research/engines/FlaxEngine/Source/Engine/Scripting/MException.cpp,2,0,2
/media/ullmann/HDDGabriel/research/engines/FlaxEngine/Source/Engine/Scripting/MException.h,1,5,6
/media/ullmann/HDDGabriel/research/engines/FlaxEngine/Source/Engine/Graphics/Async/Tasks/GPUUploadBufferTask.h,2,0,2
/media/ullmann/HDDGabriel/research/engines/FlaxEngine/Source/Engine/ContentImporters/CreateAnimationGraphFunction.h,1,1,2
/media/ullmann/HDDGabriel/research/engines/FlaxEngine/Source/Engine/ContentImporters/ImportTexture.h,1,2,3
/media/ullmann/HDDGabriel/research/engines/FlaxEngine/Source/Engine/Navigation/NavMesh.cpp,2,0,2
/media/ullmann/HDDGabriel/research/engines/FlaxEngine/Source/ThirdParty/recastnavigation/RecastArea.cpp,3,0,3
/media/ullmann/HDDGabriel/research/engines/FlaxEngine/Source/Engine/GraphicsDevice/DirectX/DX12/CommandAllocatorPoolDX12.h,1,2,3
/media/ullmann/HDDGabriel/research/engines/FlaxEngine/Source/ThirdParty/curl/mprintf.h,1,0,1
/media/ullmann/HDDGabriel/research/engines/FlaxEngine/Source/Engine/Renderer/ProbesRenderer.cpp,3,0,3
/media/ullmann/HDDGabriel/research/engines/FlaxEngine/Source/Engine/Renderer/ProbesRenderer.h,0,1,1
/media/ullmann/HDDGabriel/research/engines/FlaxEngine/Source/ThirdParty/PhysX/PxRigidActor.h,2,3,5
/media/ullmann/HDDGabriel/research/engines/FlaxEngine/Source/Engine/ShadersCompilation/Parser/ShaderFunctionReader.GS.h,1,1,2
/media/ullmann/HDDGabriel/research/engines/FlaxEngine/Source/Engine/Content/Assets/CubeTexture.cpp,1,0,1
/media/ullmann/HDDGabriel/research/engines/FlaxEngine/Source/Engine/Content/Assets/CubeTexture.h,0,1,1
/media/ullmann/HDDGabriel/research/engines/FlaxEngine/Source/Engine/Audio/XAudio2/AudioBackendXAudio2.h,1,2,3
/media/ullmann/HDDGabriel/research/engines/FlaxEngine/Source/Engine/Input/Input.cpp,5,0,5
/media/ullmann/HDDGabriel/research/engines/FlaxEngine/Source/Engine/GraphicsDevice/DirectX/DX11/GPUPipelineStateDX11.h,2,4,6
/media/ullmann/HDDGabriel/research/engines/FlaxEngine/Source/Engine/Level/Actors/ExponentialHeightFog.cpp,2,0,2
/media/ullmann/HDDGabriel/research/engines/FlaxEngine/Source/Engine/Level/Actors/ExponentialHeightFog.h,1,1,2
/media/ullmann/HDDGabriel/research/engines/FlaxEngine/Source/Engine/GraphicsDevice/DirectX/DX12/GPUShaderDX12.cpp,4,0,4
/media/ullmann/HDDGabriel/research/engines/FlaxEngine/Source/ThirdParty/recastnavigation/DetourPathCorridor.h,1,2,3
/media/ullmann/HDDGabriel/research/engines/FlaxEngine/Source/ThirdParty/PhysX/foundation/PxVec3.h,0,6,6
/media/ullmann/HDDGabriel/research/engines/FlaxEngine/Source/ThirdParty/PhysX/characterkinematic/PxControllerManager.h,0,1,1
/media/ullmann/HDDGabriel/research/engines/FlaxEngine/Source/Engine/Core/RandomStream.h,3,0,3
/media/ullmann/HDDGabriel/research/engines/FlaxEngine/Source/Engine/GraphicsDevice/DirectX/DX12/GPUSwapChainDX12.h,4,2,6
/media/ullmann/HDDGabriel/research/engines/FlaxEngine/Source/Engine/Physics/Joints/SliderJoint.cpp,1,0,1
/media/ullmann/HDDGabriel/research/engines/FlaxEngine/Source/Engine/Physics/Joints/SliderJoint.h,2,1,3
/media/ullmann/HDDGabriel/research/engines/FlaxEngine/Source/Engine/Render2D/Render2D.cpp,6,0,6
/media/ullmann/HDDGabriel/research/engines/FlaxEngine/Source/Engine/Render2D/SpriteAtlas.h,0,2,2
/media/ullmann/HDDGabriel/research/engines/FlaxEngine/Source/ThirdParty/PhysX/extensions/PxTriangleMeshExt.h,0,1,1
/media/ullmann/HDDGabriel/research/engines/FlaxEngine/Source/ThirdParty/glslang/MachineIndependent/Initialize.h,5,1,6
/media/ullmann/HDDGabriel/research/engines/FlaxEngine/Source/Engine/GraphicsDevice/DirectX/GPUDeviceDX.h,2,2,4
/media/ullmann/HDDGabriel/research/engines/FlaxEngine/Source/Engine/Content/Upgraders/FontAssetUpgrader.h,1,0,1
/media/ullmann/HDDGabriel/research/engines/FlaxEngine/Source/Engine/Scripting/MainThreadManagedInvokeAction.h,2,1,3
/media/ullmann/HDDGabriel/research/engines/FlaxEngine/Source/ThirdParty/PhysX/foundation/PxPlane.h,0,1,1
/media/ullmann/HDDGabriel/research/engines/FlaxEngine/Source/Engine/Renderer/MotionBlurPass.cpp,4,0,4
/media/ullmann/HDDGabriel/research/engines/FlaxEngine/Source/Engine/Platform/UWP/UWPFileSystem.h,0,2,2
/media/ullmann/HDDGabriel/research/engines/FlaxEngine/Source/Engine/Content/Assets/SkinnedModel.h,1,3,4
/media/ullmann/HDDGabriel/research/engines/FlaxEngine/Source/ThirdParty/recastnavigation/DetourPathQueue.cpp,5,0,5
/media/ullmann/HDDGabriel/research/engines/FlaxEngine/Source/Engine/Platform/Mac/MacPlatform.h,1,2,3
/media/ullmann/HDDGabriel/research/engines/FlaxEngine/Source/Engine/Platform/Unix/UnixPlatform.h,0,1,1
/media/ullmann/HDDGabriel/research/engines/FlaxEngine/Source/Engine/Tools/AudioTool/MP3Decoder.cpp,1,0,1
/media/ullmann/HDDGabriel/research/engines/FlaxEngine/Source/ThirdParty/glslang/Include/ShHandle.h,3,2,5
/media/ullmann/HDDGabriel/research/engines/FlaxEngine/Source/Engine/Tools/AudioTool/OggVorbisEncoder.h,1,1,2
/media/ullmann/HDDGabriel/research/engines/FlaxEngine/Source/Engine/Tools/AudioTool/AudioEncoder.h,0,1,1
/media/ullmann/HDDGabriel/research/engines/FlaxEngine/Source/Engine/Tools/MaterialGenerator/MaterialLayer.h,1,2,3
/media/ullmann/HDDGabriel/research/engines/FlaxEngine/Source/Engine/Engine/GameplayGlobals.cpp,1,0,1
/media/ullmann/HDDGabriel/research/engines/FlaxEngine/Source/Engine/Engine/GameplayGlobals.h,0,1,1
/media/ullmann/HDDGabriel/research/engines/FlaxEngine/Source/Editor/Cooker/Platform/Linux/LinuxPlatformTools.cpp,1,0,1
/media/ullmann/HDDGabriel/research/engines/FlaxEngine/Source/Editor/Cooker/Platform/Linux/LinuxPlatformTools.h,1,2,3
/media/ullmann/HDDGabriel/research/engines/FlaxEngine/Source/ThirdParty/rapidjson/internal/meta.h,1,2,3
/media/ullmann/HDDGabriel/research/engines/FlaxEngine/Source/Engine/Debug/Exceptions/CLRInnerException.h,0,1,1
/media/ullmann/HDDGabriel/research/engines/FlaxEngine/Source/Engine/Core/Math/Ray.h,2,4,6
/media/ullmann/HDDGabriel/research/engines/FlaxEngine/Source/Editor/Scripting/CodeEditors/VisualStudio/VisualStudioEditor.cpp,2,0,2
/media/ullmann/HDDGabriel/research/engines/FlaxEngine/Source/Editor/Scripting/CodeEditors/VisualStudio/VisualStudioEditor.h,0,2,2
/media/ullmann/HDDGabriel/research/engines/FlaxEngine/Source/Engine/Level/SceneQuery.h,2,2,4
/media/ullmann/HDDGabriel/research/engines/FlaxEngine/Source/ThirdParty/freetype/fttypes.h,1,0,1
/media/ullmann/HDDGabriel/research/engines/FlaxEngine/Source/Engine/Scripting/MainThreadManagedInvokeAction.cpp,2,0,2
/media/ullmann/HDDGabriel/research/engines/FlaxEngine/Source/Engine/Level/SceneObjectsFactory.cpp,1,0,1
/media/ullmann/HDDGabriel/research/engines/FlaxEngine/Source/Engine/Level/SceneObjectsFactory.h,1,3,4
/media/ullmann/HDDGabriel/research/engines/FlaxEngine/Source/Engine/Graphics/GPUBufferDescription.h,2,2,4
/media/ullmann/HDDGabriel/research/engines/FlaxEngine/Source/Engine/Platform/Unix/UnixThread.cpp,1,0,1
/media/ullmann/HDDGabriel/research/engines/FlaxEngine/Source/Engine/Platform/Unix/UnixThread.h,0,4,4
/media/ullmann/HDDGabriel/research/engines/FlaxEngine/Source/Engine/Core/Log.h,0,2,2
/media/ullmann/HDDGabriel/research/engines/FlaxEngine/Source/Engine/ShadersCompilation/Parser/IShaderParser.h,1,1,2
/media/ullmann/HDDGabriel/research/engines/FlaxEngine/Source/Engine/Core/Types/Variant.cpp,2,0,2
/media/ullmann/HDDGabriel/research/engines/FlaxEngine/Source/ThirdParty/PhysX/PxClient.h,1,5,6
/media/ullmann/HDDGabriel/research/engines/FlaxEngine/Source/ThirdParty/tracy/client/TracyArmCpuTable.hpp,0,1,1
/media/ullmann/HDDGabriel/research/engines/FlaxEngine/Source/Engine/Content/Assets/MaterialBase.h,1,3,4
/media/ullmann/HDDGabriel/research/engines/FlaxEngine/Source/Engine/Core/Math/Color.h,0,7,7
/media/ullmann/HDDGabriel/research/engines/FlaxEngine/Source/Engine/GraphicsDevice/Vulkan/Android/AndroidVulkanPlatform.cpp,2,0,2
/media/ullmann/HDDGabriel/research/engines/FlaxEngine/Source/ThirdParty/curl/urlapi.h,1,1,2
/media/ullmann/HDDGabriel/research/engines/FlaxEngine/Source/ThirdParty/freetype/ftdriver.h,1,0,1
/media/ullmann/HDDGabriel/research/engines/FlaxEngine/Source/Engine/Tools/AudioTool/OggVorbisEncoder.cpp,2,0,2
/media/ullmann/HDDGabriel/research/engines/FlaxEngine/Source/Editor/Scripting/ScriptsBuilder.h,0,3,3
/media/ullmann/HDDGabriel/research/engines/FlaxEngine/Source/ThirdParty/freetype/ttnameid.h,1,0,1
/media/ullmann/HDDGabriel/research/engines/FlaxEngine/Source/Engine/Platform/UWP/UWPDefines.h,1,1,2
/media/ullmann/HDDGabriel/research/engines/FlaxEngine/Source/Engine/Scripting/ManagedCLR/MAssembly.cpp,4,0,4
/media/ullmann/HDDGabriel/research/engines/FlaxEngine/Source/ThirdParty/glslang/SPIRV/SPVRemapper.h,2,0,2
/media/ullmann/HDDGabriel/research/engines/FlaxEngine/Source/ThirdParty/glslang/SPIRV/spirv.hpp,0,4,4
/media/ullmann/HDDGabriel/research/engines/FlaxEngine/Source/Engine/ContentImporters/CreateSceneAnimation.h,1,1,2
/media/ullmann/HDDGabriel/research/engines/FlaxEngine/Source/Engine/Particles/Graph/GPU/GPUParticles.h,0,2,2
/media/ullmann/HDDGabriel/research/engines/FlaxEngine/Source/Engine/Core/Math/Double4.h,1,0,1
/media/ullmann/HDDGabriel/research/engines/FlaxEngine/Source/ThirdParty/PhysX/geometry/PxPlaneGeometry.h,0,1,1
/media/ullmann/HDDGabriel/research/engines/FlaxEngine/Source/Engine/GraphicsDevice/DirectX/DX12/GPUContextDX12.cpp,11,0,11
/media/ullmann/HDDGabriel/research/engines/FlaxEngine/Source/Engine/Graphics/Models/MeshBase.h,0,2,2
/media/ullmann/HDDGabriel/research/engines/FlaxEngine/Source/Engine/Graphics/GPUBuffer.cpp,5,0,5
/media/ullmann/HDDGabriel/research/engines/FlaxEngine/Source/Engine/Platform/Mac/MacPlatform.cpp,3,0,3
/media/ullmann/HDDGabriel/research/engines/FlaxEngine/Source/Engine/Platform/Mac/MacUtils.h,0,3,3
/media/ullmann/HDDGabriel/research/engines/FlaxEngine/Source/Engine/GraphicsDevice/Vulkan/ResourceOwnerVulkan.h,1,2,3
/media/ullmann/HDDGabriel/research/engines/FlaxEngine/Source/Engine/Graphics/Materials/TerrainMaterialShader.cpp,3,0,3
/media/ullmann/HDDGabriel/research/engines/FlaxEngine/Source/ThirdParty/tracy/libbacktrace/dwarf.cpp,4,1,5
/media/ullmann/HDDGabriel/research/engines/FlaxEngine/Source/ThirdParty/tracy/libbacktrace/filenames.hpp,0,1,1
/media/ullmann/HDDGabriel/research/engines/FlaxEngine/Source/Engine/Graphics/Models/Mesh.cpp,2,0,2
/media/ullmann/HDDGabriel/research/engines/FlaxEngine/Source/Engine/Core/Types/TimeSpan.cpp,2,0,2
/media/ullmann/HDDGabriel/research/engines/FlaxEngine/Source/Engine/GraphicsDevice/DirectX/DX12/CommandSignatureDX12.h,2,2,4
/media/ullmann/HDDGabriel/research/engines/FlaxEngine/Source/Engine/Audio/Audio.h,2,4,6
/media/ullmann/HDDGabriel/research/engines/FlaxEngine/Source/ThirdParty/PhysX/PxLockedData.h,2,1,3
/media/ullmann/HDDGabriel/research/engines/FlaxEngine/Source/Engine/Core/Math/Vector2.cpp,5,0,5
/media/ullmann/HDDGabriel/research/engines/FlaxEngine/Source/ThirdParty/PhysX/vehicle/PxVehicleUtilTelemetry.h,0,1,1
/media/ullmann/HDDGabriel/research/engines/FlaxEngine/Source/Engine/Render2D/FontManager.h,0,4,4
/media/ullmann/HDDGabriel/research/engines/FlaxEngine/Source/Engine/Platform/Win32/WindowsMinimal.h,0,3,3
/media/ullmann/HDDGabriel/research/engines/FlaxEngine/Source/Engine/Input/Mouse.h,1,1,2
/media/ullmann/HDDGabriel/research/engines/FlaxEngine/Source/Engine/Serialization/Stream.h,0,2,2
/media/ullmann/HDDGabriel/research/engines/FlaxEngine/Source/Engine/GraphicsDevice/DirectX/DX11/GPUShaderProgramDX11.h,1,3,4
/media/ullmann/HDDGabriel/research/engines/FlaxEngine/Source/Engine/ShadersCompilation/ShaderCompilationContext.h,1,3,4
/media/ullmann/HDDGabriel/research/engines/FlaxEngine/Source/Engine/Navigation/NavMeshBuilder.h,0,4,4
/media/ullmann/HDDGabriel/research/engines/FlaxEngine/Source/Engine/Core/Math/Rectangle.h,1,5,6
/media/ullmann/HDDGabriel/research/engines/FlaxEngine/Source/Engine/Platform/Windows/WindowsFileSystem.h,0,2,2
/media/ullmann/HDDGabriel/research/engines/FlaxEngine/Source/ThirdParty/PhysX/common/PxBase.h,0,12,12
/media/ullmann/HDDGabriel/research/engines/FlaxEngine/Source/Engine/Graphics/Async/Tasks/GPUCopyResourceTask.h,2,1,3
/media/ullmann/HDDGabriel/research/engines/FlaxEngine/Source/Engine/Core/Math/Ray.cpp,4,0,4
/media/ullmann/HDDGabriel/research/engines/FlaxEngine/Source/ThirdParty/freetype/ftpfr.h,1,0,1
/media/ullmann/HDDGabriel/research/engines/FlaxEngine/Source/Engine/GraphicsDevice/Vulkan/GPUAdapterVulkan.h,2,2,4
/media/ullmann/HDDGabriel/research/engines/FlaxEngine/Source/ThirdParty/PhysX/vehicle/PxVehicleUtilControl.h,0,1,1
/media/ullmann/HDDGabriel/research/engines/FlaxEngine/Source/Engine/Content/Factories/JsonAssetFactory.h,2,0,2
/media/ullmann/HDDGabriel/research/engines/FlaxEngine/Source/ThirdParty/rapidjson/istreamwrapper.h,1,0,1
/media/ullmann/HDDGabriel/research/engines/FlaxEngine/Source/Engine/GraphicsDevice/DirectX/DX12/GPUShaderDX12.h,1,3,4
/media/ullmann/HDDGabriel/research/engines/FlaxEngine/Source/Engine/GraphicsDevice/Vulkan/GPUShaderVulkan.h,2,3,5
/media/ullmann/HDDGabriel/research/engines/FlaxEngine/Source/Engine/Graphics/Async/GPUTasksContext.cpp,2,0,2
/media/ullmann/HDDGabriel/research/engines/FlaxEngine/Source/Engine/Content/Storage/ContentStorageManager.h,1,5,6
/media/ullmann/HDDGabriel/research/engines/FlaxEngine/Source/Engine/Content/Storage/FlaxStorageReference.h,1,2,3
/media/ullmann/HDDGabriel/research/engines/FlaxEngine/Source/Editor/Scripting/ScriptsBuilder.cpp,2,0,2
/media/ullmann/HDDGabriel/research/engines/FlaxEngine/Source/Editor/Scripting/CodeEditor.h,1,2,3
/media/ullmann/HDDGabriel/research/engines/FlaxEngine/Source/Engine/Particles/ParticlesData.cpp,2,0,2
/media/ullmann/HDDGabriel/research/engines/FlaxEngine/Source/Engine/Graphics/PostProcessBase.h,1,1,2
/media/ullmann/HDDGabriel/research/engines/FlaxEngine/Source/Engine/GraphicsDevice/Vulkan/Linux/LinuxVulkanPlatform.cpp,2,0,2
/media/ullmann/HDDGabriel/research/engines/FlaxEngine/Source/Engine/Visject/GraphParameter.cpp,1,0,1
/media/ullmann/HDDGabriel/research/engines/FlaxEngine/Source/Engine/Visject/GraphParameter.h,1,2,3
/media/ullmann/HDDGabriel/research/engines/FlaxEngine/Source/Engine/Platform/Mac/MacFileSystem.h,0,2,2
/media/ullmann/HDDGabriel/research/engines/FlaxEngine/Source/ThirdParty/PhysX/PxQueryReport.h,4,3,7
/media/ullmann/HDDGabriel/research/engines/FlaxEngine/Source/Engine/Tools/TextureTool/TextureTool.cpp,1,0,1
/media/ullmann/HDDGabriel/research/engines/FlaxEngine/Source/Engine/Tools/TextureTool/TextureTool.h,0,3,3
/media/ullmann/HDDGabriel/research/engines/FlaxEngine/Source/Engine/Input/Input.h,3,1,4
/media/ullmann/HDDGabriel/research/engines/FlaxEngine/Source/Engine/Input/Enums.h,0,3,3
/media/ullmann/HDDGabriel/research/engines/FlaxEngine/Source/ThirdParty/tracy/client/tracy_concurrentqueue.h,2,1,3
/media/ullmann/HDDGabriel/research/engines/FlaxEngine/Source/Engine/Graphics/DynamicBuffer.cpp,3,0,3
/media/ullmann/HDDGabriel/research/engines/FlaxEngine/Source/Engine/Graphics/DynamicBuffer.h,1,1,2
/media/ullmann/HDDGabriel/research/engines/FlaxEngine/Source/Engine/Content/Storage/JsonStorageProxy.h,0,2,2
/media/ullmann/HDDGabriel/research/engines/FlaxEngine/Source/ThirdParty/UniversalAnalytics/http.cpp,1,0,1
/media/ullmann/HDDGabriel/research/engines/FlaxEngine/Source/ThirdParty/UniversalAnalytics/http.h,0,2,2
/media/ullmann/HDDGabriel/research/engines/FlaxEngine/Source/Engine/CSG/CSGMesh.cpp,1,0,1
/media/ullmann/HDDGabriel/research/engines/FlaxEngine/Source/Engine/Animations/Graph/AnimGraph.cpp,1,0,1
/media/ullmann/HDDGabriel/research/engines/FlaxEngine/Source/ThirdParty/PhysX/foundation/PxFoundationConfig.h,0,1,1
/media/ullmann/HDDGabriel/research/engines/FlaxEngine/Source/Engine/GraphicsDevice/DirectX/DX11/GPUSamplerDX11.cpp,1,0,1
/media/ullmann/HDDGabriel/research/engines/FlaxEngine/Source/Engine/GraphicsDevice/DirectX/DX11/GPUSamplerDX11.h,1,3,4
/media/ullmann/HDDGabriel/research/engines/FlaxEngine/Source/Engine/Platform/Linux/LinuxDefines.h,1,1,2
/media/ullmann/HDDGabriel/research/engines/FlaxEngine/Source/ThirdParty/recastnavigation/DetourNode.cpp,4,0,4
/media/ullmann/HDDGabriel/research/engines/FlaxEngine/Source/ThirdParty/PhysX/geometry/PxTriangleMeshGeometry.h,0,1,1
/media/ullmann/HDDGabriel/research/engines/FlaxEngine/Source/Engine/Navigation/NavCrowd.h,1,1,2
/media/ullmann/HDDGabriel/research/engines/FlaxEngine/Source/Engine/Graphics/Materials/IMaterial.h,1,1,2
/media/ullmann/HDDGabriel/research/engines/FlaxEngine/Source/Engine/Graphics/Materials/MaterialInfo.h,1,2,3
/media/ullmann/HDDGabriel/research/engines/FlaxEngine/Source/Engine/Foliage/FoliageCluster.cpp,3,0,3
/media/ullmann/HDDGabriel/research/engines/FlaxEngine/Source/Engine/Platform/WindowsManager.h,2,1,3
/media/ullmann/HDDGabriel/research/engines/FlaxEngine/Source/Engine/Scripting/Scripting.Internal.cpp,2,0,2
/media/ullmann/HDDGabriel/research/engines/FlaxEngine/Source/Engine/Platform/Mac/MacThread.h,1,1,2
/media/ullmann/HDDGabriel/research/engines/FlaxEngine/Source/ThirdParty/PhysX/PxSimulationStatistics.h,3,2,5
/media/ullmann/HDDGabriel/research/engines/FlaxEngine/Source/ThirdParty/meshoptimizer/simplifier.cpp,1,0,1
/media/ullmann/HDDGabriel/research/engines/FlaxEngine/Source/ThirdParty/tracy/libbacktrace/elf.cpp,3,1,4
/media/ullmann/HDDGabriel/research/engines/FlaxEngine/Source/Engine/Graphics/GPUBuffer.h,2,2,4
/media/ullmann/HDDGabriel/research/engines/FlaxEngine/Source/Engine/Physics/Colliders/BoxCollider.cpp,1,0,1
/media/ullmann/HDDGabriel/research/engines/FlaxEngine/Source/Engine/Physics/Colliders/BoxCollider.h,1,1,2
/media/ullmann/HDDGabriel/research/engines/FlaxEngine/Source/ThirdParty/PhysX/common/PxPhysXCommonConfig.h,0,2,2
/media/ullmann/HDDGabriel/research/engines/FlaxEngine/Source/Engine/Graphics/Materials/GUIMaterialShader.h,1,2,3
/media/ullmann/HDDGabriel/research/engines/FlaxEngine/Source/Engine/Platform/Mac/MacFileSystem.cpp,2,0,2
/media/ullmann/HDDGabriel/research/engines/FlaxEngine/Source/Engine/Level/Prefabs/Prefab.cpp,1,0,1
/media/ullmann/HDDGabriel/research/engines/FlaxEngine/Source/Engine/Level/Prefabs/Prefab.h,0,4,4
/media/ullmann/HDDGabriel/research/engines/FlaxEngine/Source/ThirdParty/mono-2.0/mono/metadata/marshal.h,0,3,3
/media/ullmann/HDDGabriel/research/engines/FlaxEngine/Source/ThirdParty/glslang/HLSL/hlslParseables.h,1,0,1
/media/ullmann/HDDGabriel/research/engines/FlaxEngine/Source/ThirdParty/assimp/Profiler.h,1,0,1
/media/ullmann/HDDGabriel/research/engines/FlaxEngine/Source/ThirdParty/assimp/TinyFormatter.h,0,1,1
/media/ullmann/HDDGabriel/research/engines/FlaxEngine/Source/Engine/Graphics/Textures/GPUSampler.cpp,2,0,2
/media/ullmann/HDDGabriel/research/engines/FlaxEngine/Source/ThirdParty/assimp/quaternion.inl,0,1,1
/media/ullmann/HDDGabriel/research/engines/FlaxEngine/Source/ThirdParty/assimp/ParsingUtils.h,2,2,4
/media/ullmann/HDDGabriel/research/engines/FlaxEngine/Source/ThirdParty/assimp/StringComparison.h,0,2,2
/media/ullmann/HDDGabriel/research/engines/FlaxEngine/Source/ThirdParty/rapidjson/stringbuffer.h,2,2,4
/media/ullmann/HDDGabriel/research/engines/FlaxEngine/Source/Engine/Physics/PhysicsBackend.h,2,1,3
/media/ullmann/HDDGabriel/research/engines/FlaxEngine/Source/Engine/Core/Collections/ArrayExtensions.h,2,0,2
/media/ullmann/HDDGabriel/research/engines/FlaxEngine/Source/Engine/Core/Collections/Dictionary.h,0,3,3
/media/ullmann/HDDGabriel/research/engines/FlaxEngine/Source/Engine/Serialization/FileReadStream.h,1,1,2
/media/ullmann/HDDGabriel/research/engines/FlaxEngine/Source/Engine/Serialization/ReadStream.h,1,3,4
/media/ullmann/HDDGabriel/research/engines/FlaxEngine/Source/Engine/Platform/Linux/LinuxPlatform.cpp,4,0,4
/media/ullmann/HDDGabriel/research/engines/FlaxEngine/Source/ThirdParty/PhysX/foundation/PxErrors.h,0,2,2
/media/ullmann/HDDGabriel/research/engines/FlaxEngine/Source/ThirdParty/curl/curlver.h,0,1,1
/media/ullmann/HDDGabriel/research/engines/FlaxEngine/Source/ThirdParty/freetype/ftmodapi.h,1,0,1
/media/ullmann/HDDGabriel/research/engines/FlaxEngine/Source/Engine/Threading/ConcurrentTaskQueue.h,2,1,3
/media/ullmann/HDDGabriel/research/engines/FlaxEngine/Source/Engine/Threading/ConcurrentQueue.h,0,2,2
/media/ullmann/HDDGabriel/research/engines/FlaxEngine/Source/ThirdParty/glslang/HLSL/hlslGrammar.h,3,0,3
/media/ullmann/HDDGabriel/research/engines/FlaxEngine/Source/ThirdParty/glslang/HLSL/hlslParseHelper.h,3,1,4
/media/ullmann/HDDGabriel/research/engines/FlaxEngine/Source/Engine/Physics/CollisionData.cpp,1,0,1
/media/ullmann/HDDGabriel/research/engines/FlaxEngine/Source/Engine/Physics/CollisionData.h,0,1,1
/media/ullmann/HDDGabriel/research/engines/FlaxEngine/Source/ThirdParty/tracy/Tracy.h,2,0,2
/media/ullmann/HDDGabriel/research/engines/FlaxEngine/Source/Engine/Physics/PhysX/SimulationEventCallbackPhysX.h,1,2,3
/media/ullmann/HDDGabriel/research/engines/FlaxEngine/Source/Engine/Physics/PhysX/Types.h,0,3,3
/media/ullmann/HDDGabriel/research/engines/FlaxEngine/Source/Engine/Renderer/GBufferPass.cpp,2,0,2
/media/ullmann/HDDGabriel/research/engines/FlaxEngine/Source/Engine/Engine/Android/AndroidGame.h,1,1,2
/media/ullmann/HDDGabriel/research/engines/FlaxEngine/Source/Engine/GraphicsDevice/Null/GPUSamplerNull.h,0,1,1
/media/ullmann/HDDGabriel/research/engines/FlaxEngine/Source/Engine/GraphicsDevice/Vulkan/Android/AndroidVulkanPlatform.h,1,2,3
/media/ullmann/HDDGabriel/research/engines/FlaxEngine/Source/Engine/ContentImporters/CreateCollisionData.cpp,2,0,2
/media/ullmann/HDDGabriel/research/engines/FlaxEngine/Source/Engine/CSG/CSGData.cpp,2,0,2
/media/ullmann/HDDGabriel/research/engines/FlaxEngine/Source/ThirdParty/tracy/libbacktrace/state.cpp,3,1,4
/media/ullmann/HDDGabriel/research/engines/FlaxEngine/Source/ThirdParty/meshoptimizer/stripifier.cpp,1,0,1
/media/ullmann/HDDGabriel/research/engines/FlaxEngine/Source/Engine/Graphics/Textures/Types.h,0,2,2
/media/ullmann/HDDGabriel/research/engines/FlaxEngine/Source/Editor/Cooker/Steps/CollectAssetsStep.cpp,1,0,1
/media/ullmann/HDDGabriel/research/engines/FlaxEngine/Source/Editor/Cooker/Steps/CollectAssetsStep.h,0,2,2
/media/ullmann/HDDGabriel/research/engines/FlaxEngine/Source/ThirdParty/glslang/MachineIndependent/Scan.h,1,2,3
/media/ullmann/HDDGabriel/research/engines/FlaxEngine/Source/ThirdParty/glslang/MachineIndependent/Versions.h,0,5,5
/media/ullmann/HDDGabriel/research/engines/FlaxEngine/Source/Engine/ContentImporters/ImportModel.h,1,1,2
/media/ullmann/HDDGabriel/research/engines/FlaxEngine/Source/Engine/Renderer/ReflectionsPass.h,1,4,5
/media/ullmann/HDDGabriel/research/engines/FlaxEngine/Source/ThirdParty/meshoptimizer/indexcodec.cpp,1,0,1
/media/ullmann/HDDGabriel/research/engines/FlaxEngine/Source/ThirdParty/PhysX/PxRigidStatic.h,2,1,3
/media/ullmann/HDDGabriel/research/engines/FlaxEngine/Source/Engine/Core/Math/Vector4.cpp,7,0,7
/media/ullmann/HDDGabriel/research/engines/FlaxEngine/Source/ThirdParty/PhysX/PxVisualizationParameter.h,1,2,3
/media/ullmann/HDDGabriel/research/engines/FlaxEngine/Source/ThirdParty/assimp/vector3.inl,0,1,1
/media/ullmann/HDDGabriel/research/engines/FlaxEngine/Source/Engine/Threading/ThreadSpawner.h,2,0,2
/media/ullmann/HDDGabriel/research/engines/FlaxEngine/Source/Engine/Threading/IRunnable.h,0,3,3
/media/ullmann/HDDGabriel/research/engines/FlaxEngine/Source/Engine/Renderer/RenderList.cpp,1,0,1
/media/ullmann/HDDGabriel/research/engines/FlaxEngine/Source/Engine/Threading/TaskGraph.cpp,2,0,2
/media/ullmann/HDDGabriel/research/engines/FlaxEngine/Source/Engine/Threading/JobSystem.h,0,2,2
/media/ullmann/HDDGabriel/research/engines/FlaxEngine/Source/Engine/Content/Upgraders/SkeletonMaskUpgrader.h,1,0,1
/media/ullmann/HDDGabriel/research/engines/FlaxEngine/Source/Engine/ContentImporters/CreateMaterialInstance.h,1,1,2
/media/ullmann/HDDGabriel/research/engines/FlaxEngine/Source/ThirdParty/PhysX/extensions/PxDistanceJoint.h,0,1,1
/media/ullmann/HDDGabriel/research/engines/FlaxEngine/Source/Engine/GraphicsDevice/Vulkan/GPUSwapChainVulkan.cpp,6,0,6
/media/ullmann/HDDGabriel/research/engines/FlaxEngine/Source/Engine/Level/Level.cpp,7,0,7
/media/ullmann/HDDGabriel/research/engines/FlaxEngine/Source/Engine/Level/LargeWorlds.h,0,1,1
/media/ullmann/HDDGabriel/research/engines/FlaxEngine/Source/ThirdParty/PhysX/PxDeletionListener.h,2,2,4
/media/ullmann/HDDGabriel/research/engines/FlaxEngine/Source/Engine/Graphics/Materials/VolumeParticleMaterialShader.cpp,3,0,3
/media/ullmann/HDDGabriel/research/engines/FlaxEngine/Source/ThirdParty/glslang/Include/PoolAlloc.h,0,1,1
/media/ullmann/HDDGabriel/research/engines/FlaxEngine/Source/ThirdParty/PhysX/vehicle/PxVehicleWheels.h,0,1,1
/media/ullmann/HDDGabriel/research/engines/FlaxEngine/Source/Engine/Navigation/NavModifierVolume.h,1,2,3
/media/ullmann/HDDGabriel/research/engines/FlaxEngine/Source/ThirdParty/freetype/ftcache.h,1,0,1
/media/ullmann/HDDGabriel/research/engines/FlaxEngine/Source/Engine/ContentImporters/ImportFont.h,1,2,3
/media/ullmann/HDDGabriel/research/engines/FlaxEngine/Source/Engine/ShadersCompilation/Parser/ITokenReader.h,2,2,4
/media/ullmann/HDDGabriel/research/engines/FlaxEngine/Source/ThirdParty/assimp/BaseImporter.h,1,1,2
/media/ullmann/HDDGabriel/research/engines/FlaxEngine/Source/Engine/Core/Config/GraphicsSettings.cpp,1,0,1
/media/ullmann/HDDGabriel/research/engines/FlaxEngine/Source/Engine/Graphics/Materials/ForwardMaterialShader.cpp,3,0,3
/media/ullmann/HDDGabriel/research/engines/FlaxEngine/Source/Engine/GraphicsDevice/Vulkan/GPUSwapChainVulkan.h,2,2,4
/media/ullmann/HDDGabriel/research/engines/FlaxEngine/Source/ThirdParty/PhysX/extensions/PxStringTableExt.h,0,1,1
/media/ullmann/HDDGabriel/research/engines/FlaxEngine/Source/Engine/Platform/GDK/GDKWindow.cpp,2,0,2
/media/ullmann/HDDGabriel/research/engines/FlaxEngine/Source/Engine/Platform/GDK/GDKPlatform.h,0,1,1
/media/ullmann/HDDGabriel/research/engines/FlaxEngine/Source/ThirdParty/PhysX/vehicle/PxVehicleDriveNW.h,0,1,1
/media/ullmann/HDDGabriel/research/engines/FlaxEngine/Source/ThirdParty/tracy/client/TracySysTrace.cpp,7,1,8
/media/ullmann/HDDGabriel/research/engines/FlaxEngine/Source/ThirdParty/tracy/client/TracySysTracePayload.hpp,0,1,1
/media/ullmann/HDDGabriel/research/engines/FlaxEngine/Source/ThirdParty/mono-2.0/mono/metadata/threadpool-io.h,0,1,1
/media/ullmann/HDDGabriel/research/engines/FlaxEngine/Source/Engine/Audio/AudioClip.h,2,2,4
/media/ullmann/HDDGabriel/research/engines/FlaxEngine/Source/Engine/Core/Math/Triangle.h,2,0,2
/media/ullmann/HDDGabriel/research/engines/FlaxEngine/Source/Editor/Cooker/Platform/GDK/GDKPlatformTools.cpp,1,0,1
/media/ullmann/HDDGabriel/research/engines/FlaxEngine/Source/Editor/Cooker/Platform/GDK/GDKPlatformTools.h,0,1,1
/media/ullmann/HDDGabriel/research/engines/FlaxEngine/Source/Engine/Content/Assets/Material.cpp,2,0,2
/media/ullmann/HDDGabriel/research/engines/FlaxEngine/Source/Engine/Content/Assets/MaterialFunction.h,1,2,3
/media/ullmann/HDDGabriel/research/engines/FlaxEngine/Source/Engine/Scripting/Script.cpp,4,0,4
/media/ullmann/HDDGabriel/research/engines/FlaxEngine/Source/Engine/Navigation/NavCrowd.cpp,3,0,3
/media/ullmann/HDDGabriel/research/engines/FlaxEngine/Source/Engine/Level/Actors/PostFxVolume.h,1,1,2
/media/ullmann/HDDGabriel/research/engines/FlaxEngine/Source/ThirdParty/PhysX/extensions/PxJoint.h,0,1,1
/media/ullmann/HDDGabriel/research/engines/FlaxEngine/Source/Engine/Platform/User.h,3,0,3
/media/ullmann/HDDGabriel/research/engines/FlaxEngine/Source/Engine/Graphics/RenderTargetPool.cpp,2,0,2
/media/ullmann/HDDGabriel/research/engines/FlaxEngine/Source/Engine/Content/Assets/Material.h,1,1,2
/media/ullmann/HDDGabriel/research/engines/FlaxEngine/Source/ThirdParty/PhysX/PxImmediateMode.h,4,0,4
/media/ullmann/HDDGabriel/research/engines/FlaxEngine/Source/ThirdParty/PhysX/collision/PxCollisionDefs.h,0,1,1
/media/ullmann/HDDGabriel/research/engines/FlaxEngine/Source/Engine/Level/ActorsCache.h,1,3,4
/media/ullmann/HDDGabriel/research/engines/FlaxEngine/Source/ThirdParty/assimp/mesh.h,1,1,2
/media/ullmann/HDDGabriel/research/engines/FlaxEngine/Source/Engine/Platform/Windows/WindowsDefines.h,1,1,2
/media/ullmann/HDDGabriel/research/engines/FlaxEngine/Source/Engine/Platform/Win32/Win32Defines.h,0,2,2
/media/ullmann/HDDGabriel/research/engines/FlaxEngine/Source/ThirdParty/PhysX/PxArticulation.h,1,1,2
/media/ullmann/HDDGabriel/research/engines/FlaxEngine/Source/Engine/Physics/Physics.h,1,2,3
/media/ullmann/HDDGabriel/research/engines/FlaxEngine/Source/Engine/GraphicsDevice/DirectX/DX12/ResourceOwnerDX12.h,1,5,6
/media/ullmann/HDDGabriel/research/engines/FlaxEngine/Source/ThirdParty/tracy/libbacktrace/macho.cpp,3,1,4
/media/ullmann/HDDGabriel/research/engines/FlaxEngine/Source/ThirdParty/PhysX/foundation/PxIO.h,0,1,1
/media/ullmann/HDDGabriel/research/engines/FlaxEngine/Source/Engine/Engine/Screen.cpp,1,0,1
/media/ullmann/HDDGabriel/research/engines/FlaxEngine/Source/Engine/Engine/Screen.h,0,1,1
/media/ullmann/HDDGabriel/research/engines/FlaxEngine/Source/ThirdParty/glslang/HLSL/hlslTokenStream.h,1,1,2
/media/ullmann/HDDGabriel/research/engines/FlaxEngine/Source/ThirdParty/tracy/common/TracySocket.hpp,0,2,2
/media/ullmann/HDDGabriel/research/engines/FlaxEngine/Source/Engine/Platform/Linux/LinuxWindow.h,0,2,2
/media/ullmann/HDDGabriel/research/engines/FlaxEngine/Source/Engine/Platform/Win32/Win32File.cpp,2,0,2
/media/ullmann/HDDGabriel/research/engines/FlaxEngine/Source/Engine/Level/SceneInfo.cpp,2,0,2
/media/ullmann/HDDGabriel/research/engines/FlaxEngine/Source/Engine/Content/Assets/IESProfile.cpp,1,0,1
/media/ullmann/HDDGabriel/research/engines/FlaxEngine/Source/Engine/Content/Assets/IESProfile.h,0,1,1
/media/ullmann/HDDGabriel/research/engines/FlaxEngine/Source/Engine/Content/Assets/MaterialBase.cpp,2,0,2
/media/ullmann/HDDGabriel/research/engines/FlaxEngine/Source/Engine/Graphics/Materials/TerrainMaterialShader.h,1,2,3
/media/ullmann/HDDGabriel/research/engines/FlaxEngine/Source/ThirdParty/recastnavigation/DetourLocalBoundary.cpp,4,0,4
/media/ullmann/HDDGabriel/research/engines/FlaxEngine/Source/ThirdParty/recastnavigation/DetourLocalBoundary.h,1,2,3
/media/ullmann/HDDGabriel/research/engines/FlaxEngine/Source/ThirdParty/PhysX/geometry/PxTriangleMesh.h,0,1,1
/media/ullmann/HDDGabriel/research/engines/FlaxEngine/Source/ThirdParty/meshoptimizer/vcacheoptimizer.cpp,1,0,1
/media/ullmann/HDDGabriel/research/engines/FlaxEngine/Source/Editor/Cooker/Steps/PrecompileAssembliesStep.cpp,1,0,1
/media/ullmann/HDDGabriel/research/engines/FlaxEngine/Source/Editor/Cooker/Steps/PrecompileAssembliesStep.h,0,2,2
/media/ullmann/HDDGabriel/research/engines/FlaxEngine/Source/Engine/Tools/ModelTool/ModelTool.OpenFBX.cpp,1,0,1
/media/ullmann/HDDGabriel/research/engines/FlaxEngine/Source/ThirdParty/PhysX/extensions/PxSphericalJoint.h,0,1,1
/media/ullmann/HDDGabriel/research/engines/FlaxEngine/Source/ThirdParty/recastnavigation/DetourTileCacheBuilder.h,2,2,4
/media/ullmann/HDDGabriel/research/engines/FlaxEngine/Source/Engine/Content/Loading/Tasks/LoadAssetTask.h,1,1,2
/media/ullmann/HDDGabriel/research/engines/FlaxEngine/Source/ThirdParty/PhysX/foundation/PxBounds3.h,0,4,4
/media/ullmann/HDDGabriel/research/engines/FlaxEngine/Source/ThirdParty/PhysX/geometry/PxHeightFieldSample.h,0,1,1
/media/ullmann/HDDGabriel/research/engines/FlaxEngine/Source/Engine/Navigation/NavMeshData.h,0,3,3
/media/ullmann/HDDGabriel/research/engines/FlaxEngine/Source/Engine/Core/Core.h,1,1,2
/media/ullmann/HDDGabriel/research/engines/FlaxEngine/Source/Engine/Core/Compiler.h,0,1,1
/media/ullmann/HDDGabriel/research/engines/FlaxEngine/Source/Engine/Graphics/Async/DefaultGPUTasksExecutor.h,1,2,3
/media/ullmann/HDDGabriel/research/engines/FlaxEngine/Source/ThirdParty/PhysX/foundation/PxMat33.h,0,1,1
/media/ullmann/HDDGabriel/research/engines/FlaxEngine/Source/Engine/Input/KeyboardKeys.h,0,3,3
/media/ullmann/HDDGabriel/research/engines/FlaxEngine/Source/Engine/Animations/SceneAnimations/SceneAnimationPlayer.cpp,1,0,1
/media/ullmann/HDDGabriel/research/engines/FlaxEngine/Source/Engine/Serialization/FileWriteStream.cpp,1,0,1
/media/ullmann/HDDGabriel/research/engines/FlaxEngine/Source/ThirdParty/freetype/ftwinfnt.h,1,0,1
/media/ullmann/HDDGabriel/research/engines/FlaxEngine/Source/Engine/Particles/Graph/GPU/ParticleEmitterGraph.GPU.ParticleModules.cpp,1,0,1
/media/ullmann/HDDGabriel/research/engines/FlaxEngine/Source/Engine/Particles/Graph/GPU/ParticleEmitterGraph.GPU.h,1,5,6
/media/ullmann/HDDGabriel/research/engines/FlaxEngine/Source/ThirdParty/DirectXMesh/DirectXMesh.h,1,0,1
/media/ullmann/HDDGabriel/research/engines/FlaxEngine/Source/ThirdParty/DirectXMesh/DirectXMesh.inl,0,1,1
/media/ullmann/HDDGabriel/research/engines/FlaxEngine/Source/Engine/CSG/Types.h,0,2,2
/media/ullmann/HDDGabriel/research/engines/FlaxEngine/Source/Engine/Physics/Colliders/MeshCollider.h,1,1,2
/media/ullmann/HDDGabriel/research/engines/FlaxEngine/Source/ThirdParty/recastnavigation/DetourNode.h,1,3,4
/media/ullmann/HDDGabriel/research/engines/FlaxEngine/Source/ThirdParty/PhysX/task/PxTask.h,0,3,3
/media/ullmann/HDDGabriel/research/engines/FlaxEngine/Source/Editor/ProjectInfo.h,0,2,2
/media/ullmann/HDDGabriel/research/engines/FlaxEngine/Source/Engine/Scripting/ManagedCLR/MCore.cpp,2,0,2
/media/ullmann/HDDGabriel/research/engines/FlaxEngine/Source/ThirdParty/DirectXTex/DirectXTex.h,1,0,1
/media/ullmann/HDDGabriel/research/engines/FlaxEngine/Source/ThirdParty/DirectXTex/DirectXTex.inl,0,1,1
/media/ullmann/HDDGabriel/research/engines/FlaxEngine/Source/Engine/Renderer/ReflectionsPass.cpp,4,0,4
/media/ullmann/HDDGabriel/research/engines/FlaxEngine/Source/Engine/Graphics/RenderTools.cpp,6,0,6
/media/ullmann/HDDGabriel/research/engines/FlaxEngine/Source/Engine/Input/InputSettings.h,1,1,2
/media/ullmann/HDDGabriel/research/engines/FlaxEngine/Source/Engine/Input/VirtualInput.h,2,2,4
/media/ullmann/HDDGabriel/research/engines/FlaxEngine/Source/Engine/Graphics/Shaders/GPUShaderProgram.h,1,2,3
/media/ullmann/HDDGabriel/research/engines/FlaxEngine/Source/Engine/Particles/ParticleSystem.cpp,2,0,2
/media/ullmann/HDDGabriel/research/engines/FlaxEngine/Source/Engine/Engine/Application.h,1,1,2
/media/ullmann/HDDGabriel/research/engines/FlaxEngine/Source/Engine/GraphicsDevice/Vulkan/CmdBufferVulkan.cpp,6,0,6
/media/ullmann/HDDGabriel/research/engines/FlaxEngine/Source/Engine/Content/Storage/AssetHeader.h,1,1,2
/media/ullmann/HDDGabriel/research/engines/FlaxEngine/Source/Engine/Content/Storage/FlaxChunk.h,1,2,3
/media/ullmann/HDDGabriel/research/engines/FlaxEngine/Source/Engine/Core/Math/Matrix3x3.cpp,4,0,4
/media/ullmann/HDDGabriel/research/engines/FlaxEngine/Source/Engine/Platform/Linux/IncludeX11.h,0,2,2
/media/ullmann/HDDGabriel/research/engines/FlaxEngine/Source/ThirdParty/mono-2.0/mono/metadata/monitor.h,0,1,1
/media/ullmann/HDDGabriel/research/engines/FlaxEngine/Source/Engine/Streaming/StreamingGroup.h,1,2,3
/media/ullmann/HDDGabriel/research/engines/FlaxEngine/Source/Engine/Streaming/IStreamingHandler.h,0,1,1
/media/ullmann/HDDGabriel/research/engines/FlaxEngine/Source/ThirdParty/vorbis/vorbisenc.h,1,0,1
/media/ullmann/HDDGabriel/research/engines/FlaxEngine/Source/ThirdParty/vorbis/codec.h,0,2,2
/media/ullmann/HDDGabriel/research/engines/FlaxEngine/Source/ThirdParty/recastnavigation/RecastFilter.cpp,2,0,2
/media/ullmann/HDDGabriel/research/engines/FlaxEngine/Source/Engine/Level/Actors/Sky.cpp,2,0,2
/media/ullmann/HDDGabriel/research/engines/FlaxEngine/Source/Engine/GraphicsDevice/DirectX/DX12/CommandQueueDX12.h,2,4,6
/media/ullmann/HDDGabriel/research/engines/FlaxEngine/Source/Engine/Platform/Windows/WindowsPlatform.h,0,2,2
/media/ullmann/HDDGabriel/research/engines/FlaxEngine/Source/ThirdParty/mono-2.0/mono/metadata/reflection.h,0,2,2
/media/ullmann/HDDGabriel/research/engines/FlaxEngine/Source/ThirdParty/recastnavigation/RecastMesh.cpp,3,0,3
/media/ullmann/HDDGabriel/research/engines/FlaxEngine/Source/ThirdParty/tracy/client/TracyThread.hpp,1,2,3
/media/ullmann/HDDGabriel/research/engines/FlaxEngine/Source/Engine/Graphics/Models/SkinnedMesh.cpp,2,0,2
/media/ullmann/HDDGabriel/research/engines/FlaxEngine/Source/ThirdParty/recastnavigation/RecastMeshDetail.cpp,3,0,3
/media/ullmann/HDDGabriel/research/engines/FlaxEngine/Source/Engine/Level/Scene/SceneTicking.cpp,2,0,2
/media/ullmann/HDDGabriel/research/engines/FlaxEngine/Source/Engine/Tools/ModelTool/ModelTool.cpp,2,0,2
/media/ullmann/HDDGabriel/research/engines/FlaxEngine/Source/Engine/Tools/ModelTool/MeshAccelerationStructure.h,0,2,2
/media/ullmann/HDDGabriel/research/engines/FlaxEngine/Source/ThirdParty/PhysX/extensions/PxFixedJoint.h,0,1,1
/media/ullmann/HDDGabriel/research/engines/FlaxEngine/Source/Engine/Utilities/Encryption.cpp,1,0,1
/media/ullmann/HDDGabriel/research/engines/FlaxEngine/Source/Engine/Utilities/Encryption.h,0,1,1
/media/ullmann/HDDGabriel/research/engines/FlaxEngine/Source/Engine/Platform/Mac/MacClipboard.h,0,1,1
/media/ullmann/HDDGabriel/research/engines/FlaxEngine/Source/Engine/Visject/VisjectGraph.cpp,2,0,2
/media/ullmann/HDDGabriel/research/engines/FlaxEngine/Source/Engine/Visject/GraphUtilities.h,0,3,3
/media/ullmann/HDDGabriel/research/engines/FlaxEngine/Source/Engine/Level/SceneInfo.h,0,1,1
/media/ullmann/HDDGabriel/research/engines/FlaxEngine/Source/Engine/ContentImporters/ImportTexture.cpp,1,0,1
/media/ullmann/HDDGabriel/research/engines/FlaxEngine/Source/ThirdParty/freetype/ftcolor.h,1,0,1
/media/ullmann/HDDGabriel/research/engines/FlaxEngine/Source/Editor/Editor.h,0,1,1
/media/ullmann/HDDGabriel/research/engines/FlaxEngine/Source/Engine/Particles/Graph/GPU/ParticleEmitterGraph.GPU.Particles.cpp,1,0,1
/media/ullmann/HDDGabriel/research/engines/FlaxEngine/Source/Engine/ContentImporters/ImportFont.cpp,1,0,1
/media/ullmann/HDDGabriel/research/engines/FlaxEngine/Source/ThirdParty/rapidjson/internal/diyfp.h,1,2,3
/media/ullmann/HDDGabriel/research/engines/FlaxEngine/Source/Engine/ShadowsOfMordor/Builder.Jobs.cpp,1,0,1
/media/ullmann/HDDGabriel/research/engines/FlaxEngine/Source/Engine/Particles/Graph/GPU/ParticleEmitterGraph.GPU.cpp,1,0,1
/media/ullmann/HDDGabriel/research/engines/FlaxEngine/Source/Engine/Graphics/Materials/DeferredMaterialShader.cpp,3,0,3
/media/ullmann/HDDGabriel/research/engines/FlaxEngine/Source/ThirdParty/rapidjson/error/error.h,1,2,3
/media/ullmann/HDDGabriel/research/engines/FlaxEngine/Source/Engine/Scripting/InternalCalls.h,2,1,3
/media/ullmann/HDDGabriel/research/engines/FlaxEngine/Source/Engine/Visject/GraphNode.h,0,2,2
/media/ullmann/HDDGabriel/research/engines/FlaxEngine/Source/Engine/Streaming/Streaming.cpp,4,0,4
/media/ullmann/HDDGabriel/research/engines/FlaxEngine/Source/Engine/Streaming/StreamableResource.h,0,1,1
/media/ullmann/HDDGabriel/research/engines/FlaxEngine/Source/Engine/Graphics/Models/BlendShape.cpp,1,0,1
/media/ullmann/HDDGabriel/research/engines/FlaxEngine/Source/Engine/Graphics/Models/BlendShape.h,0,3,3
/media/ullmann/HDDGabriel/research/engines/FlaxEngine/Source/ThirdParty/tracy/libbacktrace/config.h,0,9,9
/media/ullmann/HDDGabriel/research/engines/FlaxEngine/Source/Engine/Audio/Config.h,0,3,3
/media/ullmann/HDDGabriel/research/engines/FlaxEngine/Source/Engine/Graphics/RenderBuffers.h,0,3,3
/media/ullmann/HDDGabriel/research/engines/FlaxEngine/Source/Engine/Core/Math/Half.cpp,6,0,6
/media/ullmann/HDDGabriel/research/engines/FlaxEngine/Source/ThirdParty/glslang/Include/arrays.h,0,1,1
/media/ullmann/HDDGabriel/research/engines/FlaxEngine/Source/Engine/Platform/Unix/UnixFile.cpp,1,0,1
/media/ullmann/HDDGabriel/research/engines/FlaxEngine/Source/Engine/Platform/File.h,4,1,5
/media/ullmann/HDDGabriel/research/engines/FlaxEngine/Source/Engine/GraphicsDevice/Null/GPUTextureNull.h,0,1,1
/media/ullmann/HDDGabriel/research/engines/FlaxEngine/Source/Engine/Core/Math/Int4.h,1,0,1
/media/ullmann/HDDGabriel/research/engines/FlaxEngine/Source/Engine/Audio/AudioClip.cpp,4,0,4
/media/ullmann/HDDGabriel/research/engines/FlaxEngine/Source/Engine/Platform/Unix/UnixNetwork.cpp,1,0,1
/media/ullmann/HDDGabriel/research/engines/FlaxEngine/Source/ThirdParty/tracy/client/tracy_rpmalloc.cpp,1,1,2
/media/ullmann/HDDGabriel/research/engines/FlaxEngine/Source/Engine/Online/Online.cpp,2,0,2
/media/ullmann/HDDGabriel/research/engines/FlaxEngine/Source/ThirdParty/freetype/ftgzip.h,1,0,1
/media/ullmann/HDDGabriel/research/engines/FlaxEngine/Source/Engine/Tools/AudioTool/AudioTool.h,0,3,3
/media/ullmann/HDDGabriel/research/engines/FlaxEngine/Source/ThirdParty/meshoptimizer/indexgenerator.cpp,1,0,1
/media/ullmann/HDDGabriel/research/engines/FlaxEngine/Source/Engine/Audio/None/AudioBackendNone.h,1,2,3
/media/ullmann/HDDGabriel/research/engines/FlaxEngine/Source/Engine/Level/Scene/SceneCSGData.cpp,1,0,1
/media/ullmann/HDDGabriel/research/engines/FlaxEngine/Source/Engine/Level/Scene/SceneCSGData.h,0,2,2
/media/ullmann/HDDGabriel/research/engines/FlaxEngine/Source/Engine/Debug/Exceptions/IOException.h,0,1,1
/media/ullmann/HDDGabriel/research/engines/FlaxEngine/Source/Editor/Windows/SplashScreen.cpp,1,0,1
/media/ullmann/HDDGabriel/research/engines/FlaxEngine/Source/Engine/Particles/Graph/CPU/ParticleEmitterGraph.CPU.Particles.cpp,1,0,1
/media/ullmann/HDDGabriel/research/engines/FlaxEngine/Source/Engine/Level/Actors/BoneSocket.h,1,2,3
/media/ullmann/HDDGabriel/research/engines/FlaxEngine/Source/ThirdParty/recastnavigation/DetourAssert.cpp,1,0,1
/media/ullmann/HDDGabriel/research/engines/FlaxEngine/Source/Engine/Engine/Globals.cpp,1,0,1
/media/ullmann/HDDGabriel/research/engines/FlaxEngine/Source/Engine/Engine/Globals.h,0,2,2
/media/ullmann/HDDGabriel/research/engines/FlaxEngine/Source/Engine/Graphics/RenderView.cpp,3,0,3
/media/ullmann/HDDGabriel/research/engines/FlaxEngine/Source/Engine/Content/Assets/VisualScript.cpp,1,0,1
/media/ullmann/HDDGabriel/research/engines/FlaxEngine/Source/Engine/Content/Assets/VisualScript.h,1,1,2
/media/ullmann/HDDGabriel/research/engines/FlaxEngine/Source/ThirdParty/PhysX/PxAggregate.h,2,1,3
/media/ullmann/HDDGabriel/research/engines/FlaxEngine/Source/Engine/ContentImporters/CreateSkeletonMask.h,1,1,2
/media/ullmann/HDDGabriel/research/engines/FlaxEngine/Source/Engine/Core/Types/Version.cpp,1,0,1
/media/ullmann/HDDGabriel/research/engines/FlaxEngine/Source/Engine/Core/Types/Version.h,1,1,2
/media/ullmann/HDDGabriel/research/engines/FlaxEngine/Source/Engine/ShadersCompilation/Parser/IShaderFunctionReader.h,1,2,3
/media/ullmann/HDDGabriel/research/engines/FlaxEngine/Source/Engine/Scripting/ScriptingObject.h,2,3,5
/media/ullmann/HDDGabriel/research/engines/FlaxEngine/Source/Engine/Input/Keyboard.h,1,1,2
/media/ullmann/HDDGabriel/research/engines/FlaxEngine/Source/Engine/Graphics/Materials/MaterialParams.cpp,2,0,2
/media/ullmann/HDDGabriel/research/engines/FlaxEngine/Source/ThirdParty/freetype/ftadvanc.h,1,0,1
/media/ullmann/HDDGabriel/research/engines/FlaxEngine/Source/Engine/Renderer/VolumetricFogPass.h,2,3,5
/media/ullmann/HDDGabriel/research/engines/FlaxEngine/Source/Engine/Core/Math/Matrix.cpp,6,0,6
/media/ullmann/HDDGabriel/research/engines/FlaxEngine/Source/ThirdParty/vorbis/vorbisfile.h,1,0,1
/media/ullmann/HDDGabriel/research/engines/FlaxEngine/Source/Engine/Physics/Colliders/MeshCollider.cpp,1,0,1
/media/ullmann/HDDGabriel/research/engines/FlaxEngine/Source/ThirdParty/glslang/SPIRV/spvIR.h,1,2,3
/media/ullmann/HDDGabriel/research/engines/FlaxEngine/Source/Engine/Foliage/FoliageInstance.h,0,2,2
/media/ullmann/HDDGabriel/research/engines/FlaxEngine/Source/ThirdParty/freetype/ftbzip2.h,1,0,1
/media/ullmann/HDDGabriel/research/engines/FlaxEngine/Source/ThirdParty/PhysX/common/PxTypeInfo.h,0,1,1
/media/ullmann/HDDGabriel/research/engines/FlaxEngine/Source/Engine/Content/Assets/MaterialFunction.cpp,1,0,1
/media/ullmann/HDDGabriel/research/engines/FlaxEngine/Source/Engine/Animations/Config.h,0,1,1
/media/ullmann/HDDGabriel/research/engines/FlaxEngine/Source/Engine/Core/Math/BoundingBox.cpp,5,0,5
/media/ullmann/HDDGabriel/research/engines/FlaxEngine/Source/Engine/Renderer/MotionBlurPass.h,1,2,3
/media/ullmann/HDDGabriel/research/engines/FlaxEngine/Source/Engine/Renderer/ColorGradingPass.h,1,2,3
/media/ullmann/HDDGabriel/research/engines/FlaxEngine/Source/Engine/GraphicsDevice/DirectX/DX12/DescriptorHeapDX12.cpp,2,0,2
/media/ullmann/HDDGabriel/research/engines/FlaxEngine/Source/Engine/Core/Collections/ChunkedArray.h,1,0,1
/media/ullmann/HDDGabriel/research/engines/FlaxEngine/Source/Engine/Core/Collections/Array.h,0,4,4
/media/ullmann/HDDGabriel/research/engines/FlaxEngine/Source/Engine/ShadersCompilation/DirectX/ShaderCompilerDX.cpp,1,0,1
/media/ullmann/HDDGabriel/research/engines/FlaxEngine/Source/Engine/GraphicsDevice/DirectX/DX12/CommandAllocatorPoolDX12.cpp,2,0,2
/media/ullmann/HDDGabriel/research/engines/FlaxEngine/Source/Engine/Engine/Linux/LinuxGame.h,1,2,3
/media/ullmann/HDDGabriel/research/engines/FlaxEngine/Source/ThirdParty/PhysX/foundation/PxStrideIterator.h,0,1,1
/media/ullmann/HDDGabriel/research/engines/FlaxEngine/Source/Engine/Content/Assets/MaterialInstance.h,1,2,3
/media/ullmann/HDDGabriel/research/engines/FlaxEngine/Source/Engine/Platform/Linux/LinuxInput.cpp,1,0,1
/media/ullmann/HDDGabriel/research/engines/FlaxEngine/Source/Engine/Platform/Linux/LinuxInput.h,0,2,2
/media/ullmann/HDDGabriel/research/engines/FlaxEngine/Source/Engine/Graphics/Textures/TextureData.h,0,2,2
/media/ullmann/HDDGabriel/research/engines/FlaxEngine/Source/Engine/Core/Collections/CollectionPoolCache.h,1,0,1
/media/ullmann/HDDGabriel/research/engines/FlaxEngine/Source/Engine/ContentImporters/CreateParticleEmitterFunction.h,1,1,2
/media/ullmann/HDDGabriel/research/engines/FlaxEngine/Source/Engine/Platform/Mac/MacWindow.h,0,2,2
/media/ullmann/HDDGabriel/research/engines/FlaxEngine/Source/Engine/Physics/CollisionCooking.cpp,1,0,1
/media/ullmann/HDDGabriel/research/engines/FlaxEngine/Source/Engine/Physics/CollisionCooking.h,0,1,1
/media/ullmann/HDDGabriel/research/engines/FlaxEngine/Source/ThirdParty/assimp/NullLogger.hpp,1,1,2
/media/ullmann/HDDGabriel/research/engines/FlaxEngine/Source/ThirdParty/assimp/Logger.hpp,0,2,2
/media/ullmann/HDDGabriel/research/engines/FlaxEngine/Source/Engine/Visject/ShaderGraph.h,2,1,3
/media/ullmann/HDDGabriel/research/engines/FlaxEngine/Source/Engine/Threading/ThreadRegistry.cpp,1,0,1
/media/ullmann/HDDGabriel/research/engines/FlaxEngine/Source/Engine/Threading/ThreadRegistry.h,0,1,1
/media/ullmann/HDDGabriel/research/engines/FlaxEngine/Source/ThirdParty/PhysX/extensions/PxShapeExt.h,0,1,1
/media/ullmann/HDDGabriel/research/engines/FlaxEngine/Source/ThirdParty/assimp/cimport.h,1,0,1
/media/ullmann/HDDGabriel/research/engines/FlaxEngine/Source/ThirdParty/assimp/importerdesc.h,0,1,1
/media/ullmann/HDDGabriel/research/engines/FlaxEngine/Source/Engine/Visject/VisjectGraph.h,1,1,2
/media/ullmann/HDDGabriel/research/engines/FlaxEngine/Source/Engine/Renderer/ScreenSpaceReflectionsPass.h,1,3,4
/media/ullmann/HDDGabriel/research/engines/FlaxEngine/Source/Editor/Utilities/EditorScene.cpp,1,0,1
/media/ullmann/HDDGabriel/research/engines/FlaxEngine/Source/Editor/Utilities/EditorScene.h,0,1,1
/media/ullmann/HDDGabriel/research/engines/FlaxEngine/Source/Engine/ContentImporters/ImportShader.h,1,2,3
/media/ullmann/HDDGabriel/research/engines/FlaxEngine/Source/Engine/Core/Math/Int3.h,1,0,1
/media/ullmann/HDDGabriel/research/engines/FlaxEngine/Source/Engine/Threading/ThreadPool.cpp,5,0,5
/media/ullmann/HDDGabriel/research/engines/FlaxEngine/Source/Engine/Threading/ThreadPoolTask.h,1,2,3
/media/ullmann/HDDGabriel/research/engines/FlaxEngine/Source/ThirdParty/assimp/light.h,1,1,2
/media/ullmann/HDDGabriel/research/engines/FlaxEngine/Source/Engine/Localization/CultureInfo.cpp,1,0,1
/media/ullmann/HDDGabriel/research/engines/FlaxEngine/Source/Engine/Localization/CultureInfo.h,0,3,3
/media/ullmann/HDDGabriel/research/engines/FlaxEngine/Source/Engine/Navigation/NavModifierVolume.cpp,3,0,3
/media/ullmann/HDDGabriel/research/engines/FlaxEngine/Source/Engine/Graphics/Shaders/Cache/ShaderAssetBase.cpp,3,0,3
/media/ullmann/HDDGabriel/research/engines/FlaxEngine/Source/Engine/Scripting/ManagedCLR/MProperty.cpp,4,0,4
/media/ullmann/HDDGabriel/research/engines/FlaxEngine/Source/Engine/GraphicsDevice/DirectX/DX11/GPUBufferDX11.cpp,2,0,2
/media/ullmann/HDDGabriel/research/engines/FlaxEngine/Source/Engine/GraphicsDevice/DirectX/DX12/DescriptorHeapDX12.h,1,4,5
/media/ullmann/HDDGabriel/research/engines/FlaxEngine/Source/ThirdParty/mono-2.0/mono/metadata/handle.h,0,1,1
/media/ullmann/HDDGabriel/research/engines/FlaxEngine/Source/Engine/Platform/Linux/LinuxClipboard.h,0,1,1
/media/ullmann/HDDGabriel/research/engines/FlaxEngine/Source/ThirdParty/rapidjson/filereadstream.h,1,0,1
/media/ullmann/HDDGabriel/research/engines/FlaxEngine/Source/Engine/Level/Scene/SceneLightmapsData.cpp,1,0,1
/media/ullmann/HDDGabriel/research/engines/FlaxEngine/Source/Engine/Level/Scene/SceneLightmapsData.h,0,2,2
/media/ullmann/HDDGabriel/research/engines/FlaxEngine/Source/Engine/Networking/Drivers/ENetDriver.h,0,2,2
/media/ullmann/HDDGabriel/research/engines/FlaxEngine/Source/Engine/Physics/Joints/Limits.h,0,5,5
/media/ullmann/HDDGabriel/research/engines/FlaxEngine/Source/Engine/Level/Actors/EnvironmentProbe.h,1,1,2
/media/ullmann/HDDGabriel/research/engines/FlaxEngine/Source/ThirdParty/assimp/matrix4x4.inl,0,1,1
/media/ullmann/HDDGabriel/research/engines/FlaxEngine/Source/ThirdParty/mono-2.0/mono/metadata/w32socket.h,0,1,1
/media/ullmann/HDDGabriel/research/engines/FlaxEngine/Source/Engine/Physics/PhysicsScene.h,1,1,2
/media/ullmann/HDDGabriel/research/engines/FlaxEngine/Source/ThirdParty/PhysX/cooking/Pxc.h,0,1,1
/media/ullmann/HDDGabriel/research/engines/FlaxEngine/Source/ThirdParty/PhysX/foundation/PxAllocatorCallback.h,0,1,1
/media/ullmann/HDDGabriel/research/engines/FlaxEngine/Source/ThirdParty/recastnavigation/DetourProximityGrid.h,0,2,2
/media/ullmann/HDDGabriel/research/engines/FlaxEngine/Source/ThirdParty/mono-2.0/mono/metadata/icall-table.h,0,1,1
/media/ullmann/HDDGabriel/research/engines/FlaxEngine/Source/ThirdParty/rapidjson/msinttypes/inttypes.h,1,1,2
/media/ullmann/HDDGabriel/research/engines/FlaxEngine/Source/Engine/GraphicsDevice/DirectX/DX11/GPUBufferDX11.h,3,3,6
/media/ullmann/HDDGabriel/research/engines/FlaxEngine/Source/ThirdParty/assimp/LogStream.hpp,1,1,2
/media/ullmann/HDDGabriel/research/engines/FlaxEngine/Source/Engine/Content/Factories/BinaryAssetFactory.h,1,2,3
/media/ullmann/HDDGabriel/research/engines/FlaxEngine/Source/ThirdParty/PhysX/pvd/PxPvdSceneClient.h,0,2,2
/media/ullmann/HDDGabriel/research/engines/FlaxEngine/Source/ThirdParty/PhysX/PxConstraint.h,3,1,4
/media/ullmann/HDDGabriel/research/engines/FlaxEngine/Source/Engine/Content/Upgraders/ModelAssetUpgrader.h,1,0,1
/media/ullmann/HDDGabriel/research/engines/FlaxEngine/Source/ThirdParty/freetype/tttables.h,1,0,1
/media/ullmann/HDDGabriel/research/engines/FlaxEngine/Source/ThirdParty/curl/easy.h,0,1,1
/media/ullmann/HDDGabriel/research/engines/FlaxEngine/Source/Engine/Content/Factories/IAssetFactory.h,0,3,3
/media/ullmann/HDDGabriel/research/engines/FlaxEngine/Source/Engine/Level/Scene/SceneTicking.h,0,2,2
/media/ullmann/HDDGabriel/research/engines/FlaxEngine/Source/Engine/Render2D/Render2D.h,0,1,1
/media/ullmann/HDDGabriel/research/engines/FlaxEngine/Source/Engine/Visject/ShaderGraphValue.h,1,3,4
/media/ullmann/HDDGabriel/research/engines/FlaxEngine/Source/Engine/Graphics/Models/SkinnedMeshDrawData.cpp,1,0,1
/media/ullmann/HDDGabriel/research/engines/FlaxEngine/Source/Engine/Graphics/Models/SkinnedMeshDrawData.h,0,1,1
/media/ullmann/HDDGabriel/research/engines/FlaxEngine/Source/Engine/Particles/ParticlesSimulation.h,0,2,2
/media/ullmann/HDDGabriel/research/engines/FlaxEngine/Source/Engine/Content/Assets/Shader.h,1,1,2
/media/ullmann/HDDGabriel/research/engines/FlaxEngine/Source/Engine/Platform/Mac/MacWindow.cpp,2,0,2
/media/ullmann/HDDGabriel/research/engines/FlaxEngine/Source/Engine/Graphics/Materials/GUIMaterialShader.cpp,2,0,2
/media/ullmann/HDDGabriel/research/engines/FlaxEngine/Source/Engine/ContentImporters/ImportShader.cpp,1,0,1
/media/ullmann/HDDGabriel/research/engines/FlaxEngine/Source/ThirdParty/glslang/MachineIndependent/iomapper.h,1,0,1
/media/ullmann/HDDGabriel/research/engines/FlaxEngine/Source/Engine/GraphicsDevice/Null/GPUBufferNull.h,0,1,1
/media/ullmann/HDDGabriel/research/engines/FlaxEngine/Source/Engine/GraphicsDevice/Vulkan/QueueVulkan.cpp,4,0,4
/media/ullmann/HDDGabriel/research/engines/FlaxEngine/Source/Engine/Visject/ShaderGraph.cpp,3,0,3
/media/ullmann/HDDGabriel/research/engines/FlaxEngine/Source/Engine/Level/Actors/PointLight.h,1,1,2
/media/ullmann/HDDGabriel/research/engines/FlaxEngine/Source/Editor/ProjectInfo.cpp,1,0,1
/media/ullmann/HDDGabriel/research/engines/FlaxEngine/Source/ThirdParty/rapidjson/internal/swap.h,1,1,2
/media/ullmann/HDDGabriel/research/engines/FlaxEngine/Source/ThirdParty/tracy/client/TracySysTime.hpp,0,2,2
/media/ullmann/HDDGabriel/research/engines/FlaxEngine/Source/Engine/Platform/UWP/UWPWindow.h,1,3,4
/media/ullmann/HDDGabriel/research/engines/FlaxEngine/Source/Engine/Content/Assets/SkinnedModel.cpp,1,0,1
/media/ullmann/HDDGabriel/research/engines/FlaxEngine/Source/ThirdParty/meshoptimizer/overdrawanalyzer.cpp,1,0,1
/media/ullmann/HDDGabriel/research/engines/FlaxEngine/Source/ThirdParty/mono-2.0/mono/metadata/security.h,1,1,2
/media/ullmann/HDDGabriel/research/engines/FlaxEngine/Source/Engine/Localization/Localization.h,1,1,2
/media/ullmann/HDDGabriel/research/engines/FlaxEngine/Source/Engine/Physics/Joints/D6Joint.cpp,1,0,1
/media/ullmann/HDDGabriel/research/engines/FlaxEngine/Source/Engine/Physics/Joints/D6Joint.h,2,1,3
/media/ullmann/HDDGabriel/research/engines/FlaxEngine/Source/Engine/Core/Types/Guid.cpp,3,0,3
/media/ullmann/HDDGabriel/research/engines/FlaxEngine/Source/Engine/ShadersCompilation/DirectX/ShaderCompilerD3D.cpp,1,0,1
/media/ullmann/HDDGabriel/research/engines/FlaxEngine/Source/Engine/ShadersCompilation/DirectX/ShaderCompilerD3D.h,0,2,2
/media/ullmann/HDDGabriel/research/engines/FlaxEngine/Source/ThirdParty/recastnavigation/DetourCommon.cpp,2,0,2
/media/ullmann/HDDGabriel/research/engines/FlaxEngine/Source/Engine/Graphics/Materials/DecalMaterialShader.cpp,2,0,2
/media/ullmann/HDDGabriel/research/engines/FlaxEngine/Source/ThirdParty/tracy/common/TracyMutex.hpp,0,1,1
/media/ullmann/HDDGabriel/research/engines/FlaxEngine/Source/Engine/Physics/Colliders/CapsuleCollider.cpp,1,0,1
/media/ullmann/HDDGabriel/research/engines/FlaxEngine/Source/Engine/Physics/Colliders/CapsuleCollider.h,1,1,2
/media/ullmann/HDDGabriel/research/engines/FlaxEngine/Source/Engine/Serialization/MemoryReadStream.h,1,2,3
/media/ullmann/HDDGabriel/research/engines/FlaxEngine/Source/Engine/Core/Math/Half.h,1,2,3
/media/ullmann/HDDGabriel/research/engines/FlaxEngine/Source/ThirdParty/glslang/HLSL/hlslOpMap.h,1,1,2
/media/ullmann/HDDGabriel/research/engines/FlaxEngine/Source/Engine/Level/Prefabs/PrefabManager.cpp,2,0,2
/media/ullmann/HDDGabriel/research/engines/FlaxEngine/Source/Engine/Content/Assets/MaterialInstance.cpp,1,0,1
/media/ullmann/HDDGabriel/research/engines/FlaxEngine/Source/ThirdParty/assimp/Exceptional.h,0,2,2
/media/ullmann/HDDGabriel/research/engines/FlaxEngine/Source/Engine/Threading/JobSystem.cpp,3,0,3
/media/ullmann/HDDGabriel/research/engines/FlaxEngine/Source/ThirdParty/freetype/ftmm.h,1,0,1
/media/ullmann/HDDGabriel/research/engines/FlaxEngine/Source/ThirdParty/assimp/IOStreamBuffer.h,1,0,1
/media/ullmann/HDDGabriel/research/engines/FlaxEngine/Source/Engine/Scripting/Plugins/PluginManager.cpp,1,0,1
/media/ullmann/HDDGabriel/research/engines/FlaxEngine/Source/Engine/Scripting/Plugins/PluginManager.h,0,1,1
/media/ullmann/HDDGabriel/research/engines/FlaxEngine/Source/ThirdParty/meshoptimizer/vfetchoptimizer.cpp,1,0,1
/media/ullmann/HDDGabriel/research/engines/FlaxEngine/Source/ThirdParty/assimp/vector2.h,1,1,2
/media/ullmann/HDDGabriel/research/engines/FlaxEngine/Source/Engine/Renderer/Renderer.h,0,3,3
/media/ullmann/HDDGabriel/research/engines/FlaxEngine/Source/ThirdParty/mono-2.0/mono/metadata/class.h,0,1,1
/media/ullmann/HDDGabriel/research/engines/FlaxEngine/Source/Engine/Core/Config/PlatformSettings.h,1,1,2
/media/ullmann/HDDGabriel/research/engines/FlaxEngine/Source/Engine/Core/Config/PlatformSettingsBase.h,0,1,1
/media/ullmann/HDDGabriel/research/engines/FlaxEngine/Source/Engine/GraphicsDevice/DirectX/DX12/Types.h,1,3,4
/media/ullmann/HDDGabriel/research/engines/FlaxEngine/Source/Engine/Networking/Drivers/ENetDriver.cpp,1,0,1
/media/ullmann/HDDGabriel/research/engines/FlaxEngine/Source/Engine/Content/Storage/JsonStorageProxy.cpp,1,0,1
/media/ullmann/HDDGabriel/research/engines/FlaxEngine/Source/ThirdParty/volk/volk.cpp,1,0,1
/media/ullmann/HDDGabriel/research/engines/FlaxEngine/Source/ThirdParty/volk/volk.h,0,1,1
/media/ullmann/HDDGabriel/research/engines/FlaxEngine/Source/ThirdParty/glslang/SPIRV/GlslangToSpv.h,2,0,2
/media/ullmann/HDDGabriel/research/engines/FlaxEngine/Source/Engine/Scripting/ManagedCLR/MClass.cpp,7,0,7
/media/ullmann/HDDGabriel/research/engines/FlaxEngine/Source/ThirdParty/freetype/ftoutln.h,1,0,1
/media/ullmann/HDDGabriel/research/engines/FlaxEngine/Source/Engine/Renderer/VolumetricFogPass.cpp,3,0,3
/media/ullmann/HDDGabriel/research/engines/FlaxEngine/Source/ThirdParty/PhysX/foundation/PxUnionCast.h,0,1,1
/media/ullmann/HDDGabriel/research/engines/FlaxEngine/Source/Engine/Graphics/Shaders/GPUConstantBuffer.h,0,1,1
/media/ullmann/HDDGabriel/research/engines/FlaxEngine/Source/Engine/GraphicsDevice/Vulkan/Mac/MacVulkanPlatform.h,1,2,3
/media/ullmann/HDDGabriel/research/engines/FlaxEngine/Source/ThirdParty/PhysX/PxPhysicsVersion.h,0,1,1
/media/ullmann/HDDGabriel/research/engines/FlaxEngine/Source/Engine/Graphics/Textures/TextureBase.cpp,2,0,2
/media/ullmann/HDDGabriel/research/engines/FlaxEngine/Source/Engine/Graphics/Textures/TextureBase.h,1,1,2
/media/ullmann/HDDGabriel/research/engines/FlaxEngine/Source/Engine/Core/Math/Matrix3x4.h,1,0,1
/media/ullmann/HDDGabriel/research/engines/FlaxEngine/Source/Engine/Graphics/Models/ModelLOD.h,1,1,2
/media/ullmann/HDDGabriel/research/engines/FlaxEngine/Source/ThirdParty/X11/Xtrans/Xtransint.h,1,1,2
/media/ullmann/HDDGabriel/research/engines/FlaxEngine/Source/ThirdParty/X11/Xtrans/Xtrans.h,0,1,1
/media/ullmann/HDDGabriel/research/engines/FlaxEngine/Source/Engine/Content/Assets/Model.cpp,1,0,1
/media/ullmann/HDDGabriel/research/engines/FlaxEngine/Source/ThirdParty/recastnavigation/DetourNavMeshQuery.cpp,7,0,7
/media/ullmann/HDDGabriel/research/engines/FlaxEngine/Source/Editor/Cooker/Steps/DeployDataStep.h,0,2,2
/media/ullmann/HDDGabriel/research/engines/FlaxEngine/Source/Engine/Level/Actors/StaticModel.cpp,1,0,1
/media/ullmann/HDDGabriel/research/engines/FlaxEngine/Source/Engine/Level/Actors/StaticModel.h,1,1,2
/media/ullmann/HDDGabriel/research/engines/FlaxEngine/Source/Engine/Particles/ParticlesData.h,1,1,2
/media/ullmann/HDDGabriel/research/engines/FlaxEngine/Source/Engine/Particles/Types.h,0,1,1
/media/ullmann/HDDGabriel/research/engines/FlaxEngine/Source/ThirdParty/PhysX/foundation/PxMathUtils.h,0,1,1
/media/ullmann/HDDGabriel/research/engines/FlaxEngine/Source/ThirdParty/PhysX/characterkinematic/PxControllerBehavior.h,0,1,1
/media/ullmann/HDDGabriel/research/engines/FlaxEngine/Source/Engine/Core/Types/DataContainer.h,1,0,1
/media/ullmann/HDDGabriel/research/engines/FlaxEngine/Source/Engine/Core/Types/Span.h,0,1,1
/media/ullmann/HDDGabriel/research/engines/FlaxEngine/Source/Engine/Physics/Joints/HingeJoint.h,2,1,3
/media/ullmann/HDDGabriel/research/engines/FlaxEngine/Source/Engine/Level/Actors/Skybox.cpp,1,0,1
/media/ullmann/HDDGabriel/research/engines/FlaxEngine/Source/Engine/Level/Actors/Skybox.h,1,1,2
/media/ullmann/HDDGabriel/research/engines/FlaxEngine/Source/ThirdParty/PhysX/characterkinematic/PxCapsuleController.h,0,1,1
/media/ullmann/HDDGabriel/research/engines/FlaxEngine/Source/Engine/GraphicsDevice/DirectX/DX11/IShaderResourceDX11.h,1,2,3
/media/ullmann/HDDGabriel/research/engines/FlaxEngine/Source/ThirdParty/PhysX/PxPruningStructure.h,2,1,3
/media/ullmann/HDDGabriel/research/engines/FlaxEngine/Source/Engine/Physics/Joints/HingeJoint.cpp,1,0,1
/media/ullmann/HDDGabriel/research/engines/FlaxEngine/Source/Engine/Graphics/GPUAdapter.h,0,1,1
/media/ullmann/HDDGabriel/research/engines/FlaxEngine/Source/Engine/Content/Cache/AssetsCache.cpp,1,0,1
/media/ullmann/HDDGabriel/research/engines/FlaxEngine/Source/ThirdParty/freetype/ftimage.h,1,0,1
/media/ullmann/HDDGabriel/research/engines/FlaxEngine/Source/Engine/Terrain/Terrain.cpp,2,0,2
/media/ullmann/HDDGabriel/research/engines/FlaxEngine/Source/Engine/Core/Math/Color32.h,0,2,2
/media/ullmann/HDDGabriel/research/engines/FlaxEngine/Source/ThirdParty/freetype/ftbitmap.h,1,0,1
/media/ullmann/HDDGabriel/research/engines/FlaxEngine/Source/Editor/Cooker/Steps/PostProcessStep.cpp,1,0,1
/media/ullmann/HDDGabriel/research/engines/FlaxEngine/Source/Editor/Cooker/Steps/PostProcessStep.h,0,2,2
/media/ullmann/HDDGabriel/research/engines/FlaxEngine/Source/ThirdParty/PhysX/geometry/PxGeometryHelpers.h,0,2,2
/media/ullmann/HDDGabriel/research/engines/FlaxEngine/Source/Engine/Streaming/StreamingSettings.h,1,1,2
/media/ullmann/HDDGabriel/research/engines/FlaxEngine/Source/Engine/Streaming/TextureGroup.h,0,2,2
/media/ullmann/HDDGabriel/research/engines/FlaxEngine/Source/ThirdParty/PhysX/geometry/PxConvexMeshGeometry.h,0,1,1
/media/ullmann/HDDGabriel/research/engines/FlaxEngine/Source/Engine/Level/Types.h,0,2,2
/media/ullmann/HDDGabriel/research/engines/FlaxEngine/Source/ThirdParty/tracy/libbacktrace/mmapio.cpp,3,1,4
/media/ullmann/HDDGabriel/research/engines/FlaxEngine/Source/Engine/Content/Assets/Shader.cpp,1,0,1
/media/ullmann/HDDGabriel/research/engines/FlaxEngine/Source/Engine/Debug/DebugLog.cpp,1,0,1
/media/ullmann/HDDGabriel/research/engines/FlaxEngine/Source/Engine/Debug/DebugLog.h,0,1,1
/media/ullmann/HDDGabriel/research/engines/FlaxEngine/Source/Engine/Audio/OpenAL/AudioBackendOAL.cpp,1,0,1
/media/ullmann/HDDGabriel/research/engines/FlaxEngine/Source/Engine/Graphics/GPUTimerQuery.h,1,0,1
/media/ullmann/HDDGabriel/research/engines/FlaxEngine/Source/Engine/Platform/Linux/LinuxFileSystem.cpp,1,0,1
/media/ullmann/HDDGabriel/research/engines/FlaxEngine/Source/Engine/Core/Object.h,1,1,2
/media/ullmann/HDDGabriel/research/engines/FlaxEngine/Source/Engine/Tools/ModelTool/VertexTriangleAdjacency.cpp,1,0,1
/media/ullmann/HDDGabriel/research/engines/FlaxEngine/Source/Engine/Tools/ModelTool/VertexTriangleAdjacency.h,0,1,1
/media/ullmann/HDDGabriel/research/engines/FlaxEngine/Source/Engine/ContentExporters/ExportTexture.cpp,1,0,1
/media/ullmann/HDDGabriel/research/engines/FlaxEngine/Source/Engine/ContentExporters/AssetExporters.h,1,4,5
/media/ullmann/HDDGabriel/research/engines/FlaxEngine/Source/Engine/Utilities/StateMachine.cpp,1,0,1
/media/ullmann/HDDGabriel/research/engines/FlaxEngine/Source/Engine/Utilities/StateMachine.h,0,1,1
/media/ullmann/HDDGabriel/research/engines/FlaxEngine/Source/Engine/Platform/Linux/LinuxFileSystemWatcher.cpp,1,0,1
/media/ullmann/HDDGabriel/research/engines/FlaxEngine/Source/Engine/Platform/Linux/LinuxFileSystemWatcher.h,0,2,2
/media/ullmann/HDDGabriel/research/engines/FlaxEngine/Source/ThirdParty/PhysX/foundation/PxBitAndData.h,0,1,1
/media/ullmann/HDDGabriel/research/engines/FlaxEngine/Source/Engine/Animations/SceneAnimations/SceneAnimation.cpp,1,0,1
/media/ullmann/HDDGabriel/research/engines/FlaxEngine/Source/Engine/Physics/Joints/Joint.cpp,1,0,1
/media/ullmann/HDDGabriel/research/engines/FlaxEngine/Source/Engine/Animations/Graph/AnimGraph.Base.cpp,1,0,1
/media/ullmann/HDDGabriel/research/engines/FlaxEngine/Source/Engine/Graphics/Models/ModelLOD.cpp,1,0,1
/media/ullmann/HDDGabriel/research/engines/FlaxEngine/Source/Engine/Content/SoftAssetReference.h,0,1,1
/media/ullmann/HDDGabriel/research/engines/FlaxEngine/Source/Engine/Core/Math/Rectangle.cpp,2,0,2
/media/ullmann/HDDGabriel/research/engines/FlaxEngine/Source/Engine/Physics/Joints/FixedJoint.cpp,1,0,1
/media/ullmann/HDDGabriel/research/engines/FlaxEngine/Source/Engine/Physics/Joints/FixedJoint.h,1,1,2
/media/ullmann/HDDGabriel/research/engines/FlaxEngine/Source/ThirdParty/pugixml/pugixml.hpp,1,1,2
/media/ullmann/HDDGabriel/research/engines/FlaxEngine/Source/ThirdParty/pugixml/pugiconfig.hpp,0,1,1
/media/ullmann/HDDGabriel/research/engines/FlaxEngine/Source/Engine/GraphicsDevice/DirectX/DX11/GPUSwapChainDX11.cpp,2,0,2
/media/ullmann/HDDGabriel/research/engines/FlaxEngine/Source/ThirdParty/tracy/common/TracyProtocol.hpp,0,1,1
/media/ullmann/HDDGabriel/research/engines/FlaxEngine/Source/Engine/Tools/AudioTool/AudioTool.cpp,1,0,1
/media/ullmann/HDDGabriel/research/engines/FlaxEngine/Source/Engine/Platform/Android/AndroidPlatform.cpp,3,0,3
/media/ullmann/HDDGabriel/research/engines/FlaxEngine/Source/Engine/Platform/Android/AndroidWindow.h,0,2,2
/media/ullmann/HDDGabriel/research/engines/FlaxEngine/Source/Editor/Cooker/Steps/CookAssetsStep.h,0,2,2
/media/ullmann/HDDGabriel/research/engines/FlaxEngine/Source/Engine/ShadersCompilation/Vulkan/ShaderCompilerVulkan.cpp,1,0,1
/media/ullmann/HDDGabriel/research/engines/FlaxEngine/Source/Engine/Animations/Animations.cpp,1,0,1
/media/ullmann/HDDGabriel/research/engines/FlaxEngine/Source/Engine/Animations/Animations.h,0,1,1
/media/ullmann/HDDGabriel/research/engines/FlaxEngine/Source/Engine/Particles/Graph/ParticleEmitterGraph.h,0,2,2
/media/ullmann/HDDGabriel/research/engines/FlaxEngine/Source/Editor/Scripting/Types.h,0,1,1
/media/ullmann/HDDGabriel/research/engines/FlaxEngine/Source/Engine/UI/TextRender.cpp,1,0,1
/media/ullmann/HDDGabriel/research/engines/FlaxEngine/Source/Engine/UI/TextRender.h,0,1,1
/media/ullmann/HDDGabriel/research/engines/FlaxEngine/Source/Engine/ShadowsOfMordor/Builder.cpp,1,0,1
/media/ullmann/HDDGabriel/research/engines/FlaxEngine/Source/Engine/Level/Actors/EnvironmentProbe.cpp,1,0,1
/media/ullmann/HDDGabriel/research/engines/FlaxEngine/Source/Engine/Physics/Types.h,0,4,4
/media/ullmann/HDDGabriel/research/engines/FlaxEngine/Source/ThirdParty/PhysX/common/PxMetaData.h,1,1,2
/media/ullmann/HDDGabriel/research/engines/FlaxEngine/Source/ThirdParty/PhysX/common/PxMetaDataFlags.h,0,2,2
/media/ullmann/HDDGabriel/research/engines/FlaxEngine/Source/Engine/Graphics/Materials/PostFxMaterialShader.cpp,2,0,2
/media/ullmann/HDDGabriel/research/engines/FlaxEngine/Source/ThirdParty/mono-2.0/mono/metadata/class-abi-details.h,1,0,1
/media/ullmann/HDDGabriel/research/engines/FlaxEngine/Source/ThirdParty/mono-2.0/mono/metadata/class-getters.h,0,2,2
/media/ullmann/HDDGabriel/research/engines/FlaxEngine/Source/Engine/Animations/InverseKinematics.cpp,1,0,1
/media/ullmann/HDDGabriel/research/engines/FlaxEngine/Source/Engine/Animations/InverseKinematics.h,0,1,1
/media/ullmann/HDDGabriel/research/engines/FlaxEngine/Source/ThirdParty/fmt/core.h,0,1,1
/media/ullmann/HDDGabriel/research/engines/FlaxEngine/Source/Engine/Scripting/ManagedCLR/MType.cpp,2,0,2
/media/ullmann/HDDGabriel/research/engines/FlaxEngine/Source/ThirdParty/PhysX/cooking/PxBVH34MidphaseDesc.h,0,1,1
/media/ullmann/HDDGabriel/research/engines/FlaxEngine/Source/Editor/Cooker/Steps/DeployDataStep.cpp,1,0,1
/media/ullmann/HDDGabriel/research/engines/FlaxEngine/Source/ThirdParty/assimp/vector2.inl,0,1,1
/media/ullmann/HDDGabriel/research/engines/FlaxEngine/Source/ThirdParty/PhysX/vehicle/PxVehicleNoDrive.h,0,1,1
/media/ullmann/HDDGabriel/research/engines/FlaxEngine/Source/ThirdParty/freetype/ftgxval.h,1,0,1
/media/ullmann/HDDGabriel/research/engines/FlaxEngine/Source/Engine/Content/Upgraders/IAssetUpgrader.h,0,1,1
/media/ullmann/HDDGabriel/research/engines/FlaxEngine/Source/Engine/Content/Upgraders/MaterialInstanceUpgrader.h,1,0,1
/media/ullmann/HDDGabriel/research/engines/FlaxEngine/Source/Engine/Threading/MainThreadTask.h,1,1,2
/media/ullmann/HDDGabriel/research/engines/FlaxEngine/Source/ThirdParty/PhysX/vehicle/PxVehicleUtilSetup.h,0,1,1
/media/ullmann/HDDGabriel/research/engines/FlaxEngine/Source/Engine/Core/Math/Double3.h,1,0,1
/media/ullmann/HDDGabriel/research/engines/FlaxEngine/Source/Engine/GraphicsDevice/Vulkan/RenderToolsVulkan.cpp,1,0,1
/media/ullmann/HDDGabriel/research/engines/FlaxEngine/Source/Engine/Engine/UWP/UWPGame.cpp,1,0,1
/media/ullmann/HDDGabriel/research/engines/FlaxEngine/Source/Engine/Graphics/Textures/ITextureOwner.h,0,1,1
/media/ullmann/HDDGabriel/research/engines/FlaxEngine/Source/Engine/Platform/Win32/Win32StringUtils.cpp,1,0,1
/media/ullmann/HDDGabriel/research/engines/FlaxEngine/Source/Engine/Serialization/SerializationFwd.h,3,1,4
/media/ullmann/HDDGabriel/research/engines/FlaxEngine/Source/Engine/Serialization/JsonWriter.h,0,3,3
/media/ullmann/HDDGabriel/research/engines/FlaxEngine/Source/Engine/ContentExporters/ExportModel.cpp,1,0,1
/media/ullmann/HDDGabriel/research/engines/FlaxEngine/Source/Engine/GraphicsDevice/Vulkan/Mac/MacVulkanPlatform.cpp,2,0,2
/media/ullmann/HDDGabriel/research/engines/FlaxEngine/Source/ThirdParty/mono-2.0/mono/metadata/file-mmap.h,0,1,1
/media/ullmann/HDDGabriel/research/engines/FlaxEngine/Source/Engine/Networking/NetworkConnection.h,0,1,1
/media/ullmann/HDDGabriel/research/engines/FlaxEngine/Source/Engine/ContentImporters/CreateMaterial.h,1,2,3
/media/ullmann/HDDGabriel/research/engines/FlaxEngine/Source/ThirdParty/PhysX/geometry/PxBVHStructure.h,0,1,1
/media/ullmann/HDDGabriel/research/engines/FlaxEngine/Source/ThirdParty/mono-2.0/mono/metadata/icall-def.h,0,1,1
/media/ullmann/HDDGabriel/research/engines/FlaxEngine/Source/ThirdParty/PhysX/foundation/PxMat44.h,0,1,1
/media/ullmann/HDDGabriel/research/engines/FlaxEngine/Source/ThirdParty/PhysX/PxMaterial.h,2,1,3
/media/ullmann/HDDGabriel/research/engines/FlaxEngine/Source/Engine/Localization/LocalizationSettings.h,1,1,2
/media/ullmann/HDDGabriel/research/engines/FlaxEngine/Source/Engine/Localization/LocalizedStringTable.h,0,2,2
/media/ullmann/HDDGabriel/research/engines/FlaxEngine/Source/Engine/Core/Encoding.h,1,0,1
/media/ullmann/HDDGabriel/research/engines/FlaxEngine/Source/Engine/Physics/Colliders/SplineCollider.cpp,1,0,1
/media/ullmann/HDDGabriel/research/engines/FlaxEngine/Source/Engine/Physics/Colliders/SplineCollider.h,1,1,2
/media/ullmann/HDDGabriel/research/engines/FlaxEngine/Source/Engine/Graphics/Models/SkeletonUpdater.h,1,0,1
/media/ullmann/HDDGabriel/research/engines/FlaxEngine/Source/Engine/Scripting/ManagedCLR/MProperty.h,1,2,3
/media/ullmann/HDDGabriel/research/engines/FlaxEngine/Source/Editor/CustomEditors/CustomEditorsUtil.cpp,1,0,1
/media/ullmann/HDDGabriel/research/engines/FlaxEngine/Source/Editor/CustomEditors/CustomEditorsUtil.h,0,1,1
/media/ullmann/HDDGabriel/research/engines/FlaxEngine/Source/Editor/Cooker/Steps/ValidateStep.cpp,1,0,1
/media/ullmann/HDDGabriel/research/engines/FlaxEngine/Source/Editor/Cooker/Steps/ValidateStep.h,0,2,2
/media/ullmann/HDDGabriel/research/engines/FlaxEngine/Source/ThirdParty/PhysX/common/PxStringTable.h,0,1,1
/media/ullmann/HDDGabriel/research/engines/FlaxEngine/Source/Engine/Profiler/ProfilingTools.cpp,1,0,1
/media/ullmann/HDDGabriel/research/engines/FlaxEngine/Source/Engine/Profiler/ProfilingTools.h,0,1,1
/media/ullmann/HDDGabriel/research/engines/FlaxEngine/Source/Engine/Graphics/Shaders/Cache/ShaderAssetBase.h,1,1,2
/media/ullmann/HDDGabriel/research/engines/FlaxEngine/Source/Engine/Tools/ModelTool/ModelTool.Assimp.cpp,1,0,1
/media/ullmann/HDDGabriel/research/engines/FlaxEngine/Source/Engine/Input/Gamepad.cpp,1,0,1
/media/ullmann/HDDGabriel/research/engines/FlaxEngine/Source/ThirdParty/MikkTSpace/mikktspace.cpp,1,0,1
/media/ullmann/HDDGabriel/research/engines/FlaxEngine/Source/ThirdParty/MikkTSpace/mikktspace.h,0,1,1
/media/ullmann/HDDGabriel/research/engines/FlaxEngine/Source/Engine/Terrain/TerrainManager.h,0,2,2
/media/ullmann/HDDGabriel/research/engines/FlaxEngine/Source/Engine/Scripting/ManagedCLR/MMethod.cpp,3,0,3
/media/ullmann/HDDGabriel/research/engines/FlaxEngine/Source/Engine/Content/Upgraders/TextureAssetUpgrader.h,1,0,1
/media/ullmann/HDDGabriel/research/engines/FlaxEngine/Source/ThirdParty/X11/dri/xf86driproto.h,1,0,1
/media/ullmann/HDDGabriel/research/engines/FlaxEngine/Source/ThirdParty/X11/dri/xf86dri.h,0,1,1
/media/ullmann/HDDGabriel/research/engines/FlaxEngine/Source/Engine/Platform/Win32/Win32Thread.h,0,2,2
/media/ullmann/HDDGabriel/research/engines/FlaxEngine/Source/Engine/Tools/ModelTool/ModelTool.AutodeskFbxSdk.cpp,1,0,1
/media/ullmann/HDDGabriel/research/engines/FlaxEngine/Source/ThirdParty/assimp/DefaultLogger.hpp,3,0,3
/media/ullmann/HDDGabriel/research/engines/FlaxEngine/Source/Engine/Core/Memory/CrtAllocator.h,0,1,1
/media/ullmann/HDDGabriel/research/engines/FlaxEngine/Source/Engine/Debug/Exceptions/FileNotFoundException.h,0,1,1
/media/ullmann/HDDGabriel/research/engines/FlaxEngine/Source/Engine/Tools/MaterialGenerator/MaterialGenerator.cpp,1,0,1
/media/ullmann/HDDGabriel/research/engines/FlaxEngine/Source/Engine/ContentImporters/ImportAudio.cpp,1,0,1
/media/ullmann/HDDGabriel/research/engines/FlaxEngine/Source/ThirdParty/rapidjson/fwd.h,1,0,1
/media/ullmann/HDDGabriel/research/engines/FlaxEngine/Source/ThirdParty/mono-2.0/mono/metadata/locales.h,0,1,1
/media/ullmann/HDDGabriel/research/engines/FlaxEngine/Source/ThirdParty/meshoptimizer/allocator.cpp,1,0,1
/media/ullmann/HDDGabriel/research/engines/FlaxEngine/Source/Engine/ShadowsOfMordor/AtlasChartsPacker.h,1,1,2
/media/ullmann/HDDGabriel/research/engines/FlaxEngine/Source/Engine/GraphicsDevice/DirectX/DX12/ResourceOwnerDX12.cpp,2,0,2
/media/ullmann/HDDGabriel/research/engines/FlaxEngine/Source/Engine/Content/Assets/Animation.h,1,1,2
/media/ullmann/HDDGabriel/research/engines/FlaxEngine/Source/Engine/Physics/Joints/SphericalJoint.h,2,1,3
/media/ullmann/HDDGabriel/research/engines/FlaxEngine/Source/ThirdParty/recastnavigation/DetourPathQueue.h,2,2,4
/media/ullmann/HDDGabriel/research/engines/FlaxEngine/Source/Engine/GraphicsDevice/DirectX/GPUAdapterDX.h,1,1,2
/media/ullmann/HDDGabriel/research/engines/FlaxEngine/Source/ThirdParty/assimp/SmoothingGroups.h,1,0,1
/media/ullmann/HDDGabriel/research/engines/FlaxEngine/Source/ThirdParty/assimp/SmoothingGroups.inl,0,1,1
/media/ullmann/HDDGabriel/research/engines/FlaxEngine/Source/Engine/Physics/Joints/SphericalJoint.cpp,1,0,1
/media/ullmann/HDDGabriel/research/engines/FlaxEngine/Source/Engine/Scripting/ManagedSerialization.cpp,4,0,4
/media/ullmann/HDDGabriel/research/engines/FlaxEngine/Source/ThirdParty/freetype/freetype.h,1,0,1
/media/ullmann/HDDGabriel/research/engines/FlaxEngine/Source/ThirdParty/PhysX/PxPhysicsSerialization.h,2,0,2
/media/ullmann/HDDGabriel/research/engines/FlaxEngine/Source/Engine/Particles/Graph/GPU/GPUParticles.cpp,1,0,1
/media/ullmann/HDDGabriel/research/engines/FlaxEngine/Source/Engine/GraphicsDevice/DirectX/DX11/GPUTimerQueryDX11.cpp,1,0,1
/media/ullmann/HDDGabriel/research/engines/FlaxEngine/Source/Engine/GraphicsDevice/DirectX/DX11/GPUTimerQueryDX11.h,1,2,3
/media/ullmann/HDDGabriel/research/engines/FlaxEngine/Source/Engine/ContentImporters/CreateJson.cpp,1,0,1
/media/ullmann/HDDGabriel/research/engines/FlaxEngine/Source/Engine/ShadersCompilation/Parser/ShaderProcessing.Parse.cpp,1,0,1
/media/ullmann/HDDGabriel/research/engines/FlaxEngine/Source/Engine/Platform/Base/WindowsManager.cpp,1,0,1
/media/ullmann/HDDGabriel/research/engines/FlaxEngine/Source/ThirdParty/recastnavigation/RecastRegion.cpp,3,0,3
/media/ullmann/HDDGabriel/research/engines/FlaxEngine/Source/ThirdParty/tracy/client/TracySysTime.cpp,1,1,2
/media/ullmann/HDDGabriel/research/engines/FlaxEngine/Source/Engine/Audio/AudioDevice.h,0,1,1
/media/ullmann/HDDGabriel/research/engines/FlaxEngine/Source/Engine/Graphics/Async/GPUTasksManager.h,1,2,3
/media/ullmann/HDDGabriel/research/engines/FlaxEngine/Source/ThirdParty/PhysX/geometry/PxTriangle.h,0,1,1
/media/ullmann/HDDGabriel/research/engines/FlaxEngine/Source/Engine/Terrain/TerrainManager.cpp,2,0,2
/media/ullmann/HDDGabriel/research/engines/FlaxEngine/Source/ThirdParty/mono-2.0/mono/metadata/mono-perfcounters.h,0,1,1
/media/ullmann/HDDGabriel/research/engines/FlaxEngine/Source/FlaxEngine.Gen.h,0,1,1
/media/ullmann/HDDGabriel/research/engines/FlaxEngine/Source/ThirdParty/PhysX/characterkinematic/PxController.h,0,1,1
/media/ullmann/HDDGabriel/research/engines/FlaxEngine/Source/Engine/Graphics/Models/CollisionProxy.h,0,1,1
/media/ullmann/HDDGabriel/research/engines/FlaxEngine/Source/ThirdParty/mono-2.0/mono/metadata/gc-internals.h,0,1,1
/media/ullmann/HDDGabriel/research/engines/FlaxEngine/Source/Engine/Core/Math/Viewport.h,1,2,3
/media/ullmann/HDDGabriel/research/engines/FlaxEngine/Source/Engine/Serialization/FileReadStream.cpp,1,0,1
/media/ullmann/HDDGabriel/research/engines/FlaxEngine/Source/Engine/Renderer/DepthOfFieldPass.h,1,2,3
/media/ullmann/HDDGabriel/research/engines/FlaxEngine/Source/Engine/Level/Actors/Spline.cpp,1,0,1
/media/ullmann/HDDGabriel/research/engines/FlaxEngine/Source/ThirdParty/tracy/client/TracySysTrace.hpp,0,2,2
/media/ullmann/HDDGabriel/research/engines/FlaxEngine/Source/Engine/Particles/Graph/CPU/ParticleEmitterGraph.CPU.ParticleModules.cpp,1,0,1
/media/ullmann/HDDGabriel/research/engines/FlaxEngine/Source/Engine/Level/Actors/PointLight.cpp,1,0,1
/media/ullmann/HDDGabriel/research/engines/FlaxEngine/Source/ThirdParty/glslang/MachineIndependent/propagateNoContraction.h,1,0,1
/media/ullmann/HDDGabriel/research/engines/FlaxEngine/Source/Engine/GraphicsDevice/Null/GPUShaderNull.h,0,1,1
/media/ullmann/HDDGabriel/research/engines/FlaxEngine/Source/ThirdParty/bc7enc16/bc7enc16.cpp,1,0,1
/media/ullmann/HDDGabriel/research/engines/FlaxEngine/Source/ThirdParty/bc7enc16/bc7enc16.h,0,1,1
/media/ullmann/HDDGabriel/research/engines/FlaxEngine/Source/Engine/Engine/Base/ApplicationBase.h,0,1,1
/media/ullmann/HDDGabriel/research/engines/FlaxEngine/Source/Engine/Graphics/Async/GPUTasksExecutor.h,1,3,4
/media/ullmann/HDDGabriel/research/engines/FlaxEngine/Source/Engine/Platform/Android/AndroidFile.h,0,1,1
/media/ullmann/HDDGabriel/research/engines/FlaxEngine/Source/Engine/Graphics/Async/GPUSyncPoint.h,0,1,1
/media/ullmann/HDDGabriel/research/engines/FlaxEngine/Source/Engine/Core/Types/Variant.h,0,1,1
/media/ullmann/HDDGabriel/research/engines/FlaxEngine/Source/Engine/Graphics/PostProcessSettings.cpp,1,0,1
/media/ullmann/HDDGabriel/research/engines/FlaxEngine/Source/Engine/Serialization/Json.h,0,3,3
/media/ullmann/HDDGabriel/research/engines/FlaxEngine/Source/Engine/Animations/AnimEvent.cpp,1,0,1
/media/ullmann/HDDGabriel/research/engines/FlaxEngine/Source/Engine/Animations/AnimEvent.h,0,1,1
/media/ullmann/HDDGabriel/research/engines/FlaxEngine/Source/ThirdParty/PhysX/cooking/PxCooking.h,0,1,1
/media/ullmann/HDDGabriel/research/engines/FlaxEngine/Source/ThirdParty/glslang/Include/BaseTypes.h,0,2,2
/media/ullmann/HDDGabriel/research/engines/FlaxEngine/Source/ThirdParty/PhysX/PxRigidDynamic.h,1,1,2
/media/ullmann/HDDGabriel/research/engines/FlaxEngine/Source/Engine/Platform/Windows/WindowsClipboard.cpp,2,0,2
/media/ullmann/HDDGabriel/research/engines/FlaxEngine/Source/ThirdParty/PhysX/common/PxSerializer.h,0,1,1
/media/ullmann/HDDGabriel/research/engines/FlaxEngine/Source/ThirdParty/tracy/common/TracyQueue.hpp,0,1,1
/media/ullmann/HDDGabriel/research/engines/FlaxEngine/Source/ThirdParty/PhysX/common/PxSerialFramework.h,0,2,2
/media/ullmann/HDDGabriel/research/engines/FlaxEngine/Source/ThirdParty/freetype/ftcid.h,1,0,1
/media/ullmann/HDDGabriel/research/engines/FlaxEngine/Source/Engine/Scripting/Script.h,1,1,2
/media/ullmann/HDDGabriel/research/engines/FlaxEngine/Source/Engine/Level/Actors/PostFxVolume.cpp,1,0,1
/media/ullmann/HDDGabriel/research/engines/FlaxEngine/Source/ThirdParty/recastnavigation/DetourAlloc.cpp,1,0,1
/media/ullmann/HDDGabriel/research/engines/FlaxEngine/Source/Editor/Cooker/Platform/UWP/UWPPlatformTools.cpp,1,0,1
/media/ullmann/HDDGabriel/research/engines/FlaxEngine/Source/Engine/Platform/UWP/UWPPlatformImpl.h,0,1,1
/media/ullmann/HDDGabriel/research/engines/FlaxEngine/Source/Engine/Physics/Colliders/CharacterController.cpp,1,0,1
/media/ullmann/HDDGabriel/research/engines/FlaxEngine/Source/Engine/Physics/PhysX/PhysicsStepperPhysX.cpp,1,0,1
/media/ullmann/HDDGabriel/research/engines/FlaxEngine/Source/Engine/Physics/PhysX/PhysicsStepperPhysX.h,1,2,3
/media/ullmann/HDDGabriel/research/engines/FlaxEngine/Source/ThirdParty/mono-2.0/mono/metadata/class-internals.h,3,0,3
/media/ullmann/HDDGabriel/research/engines/FlaxEngine/Source/Engine/Core/Config.Gen.h,0,1,1
/media/ullmann/HDDGabriel/research/engines/FlaxEngine/Source/ThirdParty/PhysX/vehicle/PxVehicleUpdate.h,0,1,1
/media/ullmann/HDDGabriel/research/engines/FlaxEngine/Source/Engine/Particles/ParticleEmitterFunction.cpp,1,0,1
/media/ullmann/HDDGabriel/research/engines/FlaxEngine/Source/Engine/Core/Config/GameSettings.h,1,1,2
/media/ullmann/HDDGabriel/research/engines/FlaxEngine/Source/Engine/Core/Config/Settings.h,0,1,1
/media/ullmann/HDDGabriel/research/engines/FlaxEngine/Source/Engine/CSG/CSGMesh.Build.cpp,1,0,1
/media/ullmann/HDDGabriel/research/engines/FlaxEngine/Source/Engine/Content/Assets/AnimationGraphFunction.h,1,2,3
/media/ullmann/HDDGabriel/research/engines/FlaxEngine/Source/ThirdParty/PhysX/vehicle/PxVehicleSDK.h,0,1,1
/media/ullmann/HDDGabriel/research/engines/FlaxEngine/Source/ThirdParty/meshoptimizer/overdrawoptimizer.cpp,1,0,1
/media/ullmann/HDDGabriel/research/engines/FlaxEngine/Source/ThirdParty/pugixml/pugixml.cpp,1,0,1
/media/ullmann/HDDGabriel/research/engines/FlaxEngine/Source/Engine/Renderer/Editor/QuadOverdrawPass.h,1,2,3
/media/ullmann/HDDGabriel/research/engines/FlaxEngine/Source/ThirdParty/rapidjson/internal/strfunc.h,1,2,3
/media/ullmann/HDDGabriel/research/engines/FlaxEngine/Source/Engine/Platform/Win32/Win32Thread.cpp,2,0,2
/media/ullmann/HDDGabriel/research/engines/FlaxEngine/Source/Engine/Level/SceneQuery.cpp,1,0,1
/media/ullmann/HDDGabriel/research/engines/FlaxEngine/Source/Engine/ShadersCompilation/Parser/ITokenReadersContainer.h,1,1,2
/media/ullmann/HDDGabriel/research/engines/FlaxEngine/Source/ThirdParty/assimp/ProgressHandler.hpp,1,0,1
/media/ullmann/HDDGabriel/research/engines/FlaxEngine/Source/ThirdParty/assimp/StreamWriter.h,1,0,1
/media/ullmann/HDDGabriel/research/engines/FlaxEngine/Source/Engine/Debug/Exceptions/OverflowException.h,0,1,1
/media/ullmann/HDDGabriel/research/engines/FlaxEngine/Source/Engine/Platform/Base/UserBase.h,0,1,1
/media/ullmann/HDDGabriel/research/engines/FlaxEngine/Source/ThirdParty/UniversalAnalytics/string/encode.cpp,1,0,1
/media/ullmann/HDDGabriel/research/engines/FlaxEngine/Source/ThirdParty/PhysX/geometry/PxBoxGeometry.h,0,1,1
/media/ullmann/HDDGabriel/research/engines/FlaxEngine/Source/ThirdParty/WinPixEventRuntime/PIXEventsGenerated.h,1,1,2
/media/ullmann/HDDGabriel/research/engines/FlaxEngine/Source/ThirdParty/mono-2.0/mono/metadata/handle-decl.h,0,1,1
/media/ullmann/HDDGabriel/research/engines/FlaxEngine/Source/ThirdParty/freetype/ftincrem.h,1,0,1
/media/ullmann/HDDGabriel/research/engines/FlaxEngine/Source/Engine/ShadersCompilation/ShaderCompiler.cpp,1,0,1
/media/ullmann/HDDGabriel/research/engines/FlaxEngine/Source/ThirdParty/freetype/ftlist.h,1,0,1
/media/ullmann/HDDGabriel/research/engines/FlaxEngine/Source/ThirdParty/recastnavigation/Recast.cpp,3,0,3
/media/ullmann/HDDGabriel/research/engines/FlaxEngine/Source/Engine/Graphics/RenderBuffers.cpp,1,0,1
/media/ullmann/HDDGabriel/research/engines/FlaxEngine/Source/ThirdParty/PhysX/foundation/PxIntrinsics.h,0,1,1
/media/ullmann/HDDGabriel/research/engines/FlaxEngine/Source/Engine/GraphicsDevice/DirectX/DX12/CommandQueueDX12.cpp,2,0,2
/media/ullmann/HDDGabriel/research/engines/FlaxEngine/Source/Engine/ShadowsOfMordor/Builder.BuildCache.cpp,1,0,1
/media/ullmann/HDDGabriel/research/engines/FlaxEngine/Source/Engine/Content/Factories/BinaryAssetFactory.cpp,2,0,2
/media/ullmann/HDDGabriel/research/engines/FlaxEngine/Source/ThirdParty/mono-2.0/mono/metadata/wrapper-types.h,0,1,1
/media/ullmann/HDDGabriel/research/engines/FlaxEngine/Source/ThirdParty/meshoptimizer/spatialorder.cpp,1,0,1
/media/ullmann/HDDGabriel/research/engines/FlaxEngine/Source/Engine/Platform/Windows/WindowsPlatform.cpp,1,0,1
/media/ullmann/HDDGabriel/research/engines/FlaxEngine/Source/Engine/Graphics/Models/SkinnedModelLOD.h,1,1,2
/media/ullmann/HDDGabriel/research/engines/FlaxEngine/Source/ThirdParty/PhysX/vehicle/PxVehicleComponents.h,0,1,1
/media/ullmann/HDDGabriel/research/engines/FlaxEngine/Source/Engine/Renderer/AntiAliasing/FXAA.cpp,1,0,1
/media/ullmann/HDDGabriel/research/engines/FlaxEngine/Source/Editor/Cooker/CookingData.h,0,2,2
/media/ullmann/HDDGabriel/research/engines/FlaxEngine/Source/Engine/GraphicsDevice/DirectX/DX11/GPUShaderDX11.cpp,3,0,3
/media/ullmann/HDDGabriel/research/engines/FlaxEngine/Source/Engine/UI/UIControl.cpp,1,0,1
/media/ullmann/HDDGabriel/research/engines/FlaxEngine/Source/Engine/UI/UIControl.h,0,1,1
/media/ullmann/HDDGabriel/research/engines/FlaxEngine/Source/ThirdParty/rapidjson/error/en.h,1,0,1
/media/ullmann/HDDGabriel/research/engines/FlaxEngine/Source/Engine/Platform/UWP/UWPFileSystem.cpp,1,0,1
/media/ullmann/HDDGabriel/research/engines/FlaxEngine/Source/Engine/Platform/Windows/WindowsFileSystemWatcher.cpp,2,0,2
/media/ullmann/HDDGabriel/research/engines/FlaxEngine/Source/Editor/Cooker/Platform/Android/AndroidPlatformTools.cpp,1,0,1
/media/ullmann/HDDGabriel/research/engines/FlaxEngine/Source/Engine/Content/Assets/Animation.cpp,2,0,2
/media/ullmann/HDDGabriel/research/engines/FlaxEngine/Source/Engine/Graphics/Models/ModelData.Tool.cpp,1,0,1
/media/ullmann/HDDGabriel/research/engines/FlaxEngine/Source/Engine/Core/Config/LayersTagsSettings.h,0,1,1
/media/ullmann/HDDGabriel/research/engines/FlaxEngine/Source/Editor/Analytics/EditorAnalyticsController.h,0,2,2
/media/ullmann/HDDGabriel/research/engines/FlaxEngine/Source/ThirdParty/freetype/ftsynth.h,1,0,1
/media/ullmann/HDDGabriel/research/engines/FlaxEngine/Source/Engine/Serialization/MemoryReadStream.cpp,1,0,1
/media/ullmann/HDDGabriel/research/engines/FlaxEngine/Source/Engine/Platform/GDK/GDKUser.h,0,1,1
/media/ullmann/HDDGabriel/research/engines/FlaxEngine/Source/Engine/ShadowsOfMordor/Builder.Entries.cpp,1,0,1
/media/ullmann/HDDGabriel/research/engines/FlaxEngine/Source/Editor/Analytics/EditorAnalytics.cpp,2,0,2
/media/ullmann/HDDGabriel/research/engines/FlaxEngine/Source/Editor/Cooker/Steps/CompileScriptsStep.cpp,1,0,1
/media/ullmann/HDDGabriel/research/engines/FlaxEngine/Source/Editor/Cooker/Steps/CompileScriptsStep.h,0,2,2
/media/ullmann/HDDGabriel/research/engines/FlaxEngine/Source/Engine/Graphics/Shaders/Cache/ShaderStorage.h,1,2,3
/media/ullmann/HDDGabriel/research/engines/FlaxEngine/Source/Engine/Core/Config/BuildSettings.h,0,1,1
/media/ullmann/HDDGabriel/research/engines/FlaxEngine/Source/Engine/Renderer/Editor/LightmapUVsDensity.cpp,1,0,1
/media/ullmann/HDDGabriel/research/engines/FlaxEngine/Source/Engine/Renderer/Editor/LightmapUVsDensity.h,0,1,1
/media/ullmann/HDDGabriel/research/engines/FlaxEngine/Source/Engine/ContentExporters/AssetsExportingManager.cpp,2,0,2
/media/ullmann/HDDGabriel/research/engines/FlaxEngine/Source/Engine/Content/Assets/AnimationGraph.cpp,3,0,3
/media/ullmann/HDDGabriel/research/engines/FlaxEngine/Source/Engine/Content/Assets/AnimationGraph.h,1,1,2
/media/ullmann/HDDGabriel/research/engines/FlaxEngine/Source/ThirdParty/PhysX/geometry/PxHeightFieldDesc.h,0,1,1
/media/ullmann/HDDGabriel/research/engines/FlaxEngine/Source/Engine/Visject/GraphUtilities.cpp,1,0,1
/media/ullmann/HDDGabriel/research/engines/FlaxEngine/Source/Engine/Platform/Android/AndroidFileSystem.h,0,3,3
/media/ullmann/HDDGabriel/research/engines/FlaxEngine/Source/Engine/Content/Upgraders/ShaderAssetUpgrader.h,1,0,1
/media/ullmann/HDDGabriel/research/engines/FlaxEngine/Source/ThirdParty/freetype/tttags.h,1,0,1
/media/ullmann/HDDGabriel/research/engines/FlaxEngine/Source/ThirdParty/assimp/color4.inl,0,1,1
/media/ullmann/HDDGabriel/research/engines/FlaxEngine/Source/ThirdParty/PhysX/pvd/PxPvd.h,0,1,1
/media/ullmann/HDDGabriel/research/engines/FlaxEngine/Source/ThirdParty/UniversalAnalytics/universal-analytics.cpp,1,0,1
/media/ullmann/HDDGabriel/research/engines/FlaxEngine/Source/Engine/Tools/MaterialGenerator/MaterialGenerator.Material.cpp,1,0,1
/media/ullmann/HDDGabriel/research/engines/FlaxEngine/Source/Editor/Managed/ManagedEditor.cpp,1,0,1
/media/ullmann/HDDGabriel/research/engines/FlaxEngine/Source/ThirdParty/recastnavigation/DetourObstacleAvoidance.h,0,3,3
/media/ullmann/HDDGabriel/research/engines/FlaxEngine/Source/ThirdParty/glslang/SPIRV/hex_float.h,1,0,1
/media/ullmann/HDDGabriel/research/engines/FlaxEngine/Source/ThirdParty/glslang/SPIRV/bitutils.h,0,1,1
/media/ullmann/HDDGabriel/research/engines/FlaxEngine/Source/Engine/Content/Assets/SkeletonMask.cpp,1,0,1
/media/ullmann/HDDGabriel/research/engines/FlaxEngine/Source/ThirdParty/meshoptimizer/vertexcodec.cpp,1,0,1
/media/ullmann/HDDGabriel/research/engines/FlaxEngine/Source/ThirdParty/OpenAL/alc.h,0,2,2
/media/ullmann/HDDGabriel/research/engines/FlaxEngine/Source/Engine/Tools/MaterialGenerator/MaterialGenerator.Textures.cpp,1,0,1
/media/ullmann/HDDGabriel/research/engines/FlaxEngine/Source/ThirdParty/glslang/MachineIndependent/parseVersions.h,3,2,5
/media/ullmann/HDDGabriel/research/engines/FlaxEngine/Source/Engine/Graphics/Models/ModelInstanceEntry.cpp,1,0,1
/media/ullmann/HDDGabriel/research/engines/FlaxEngine/Source/ThirdParty/assimp/Compiler/poppack1.h,0,2,2
/media/ullmann/HDDGabriel/research/engines/FlaxEngine/Source/Engine/ContentImporters/ImportModelFile.cpp,2,0,2
/media/ullmann/HDDGabriel/research/engines/FlaxEngine/Source/Editor/Cooker/GameCooker.h,1,1,2
/media/ullmann/HDDGabriel/research/engines/FlaxEngine/Source/ThirdParty/mono-2.0/mono/metadata/class-private-definition.h,0,1,1
/media/ullmann/HDDGabriel/research/engines/FlaxEngine/Source/ThirdParty/freetype/ftparams.h,1,0,1
/media/ullmann/HDDGabriel/research/engines/FlaxEngine/Source/ThirdParty/glslang/MachineIndependent/preprocessor/PpTokens.h,0,1,1
/media/ullmann/HDDGabriel/research/engines/FlaxEngine/Source/Engine/Debug/Exceptions/ArgumentNullException.h,0,1,1
/media/ullmann/HDDGabriel/research/engines/FlaxEngine/Source/Engine/Networking/NetworkMessage.h,0,1,1
/media/ullmann/HDDGabriel/research/engines/FlaxEngine/Source/Editor/Utilities/ViewportIconsRenderer.cpp,1,0,1
/media/ullmann/HDDGabriel/research/engines/FlaxEngine/Source/Editor/Utilities/ViewportIconsRenderer.h,0,1,1
/media/ullmann/HDDGabriel/research/engines/FlaxEngine/Source/Engine/ContentExporters/ExportAudio.cpp,1,0,1
/media/ullmann/HDDGabriel/research/engines/FlaxEngine/Source/Engine/Serialization/JsonWriter.cpp,1,0,1
/media/ullmann/HDDGabriel/research/engines/FlaxEngine/Source/Engine/Render2D/RotatedRectangle.h,0,1,1
/media/ullmann/HDDGabriel/research/engines/FlaxEngine/Source/Engine/Core/Cache.cpp,1,0,1
/media/ullmann/HDDGabriel/research/engines/FlaxEngine/Source/Engine/Core/Cache.h,0,1,1
/media/ullmann/HDDGabriel/research/engines/FlaxEngine/Source/Engine/Core/Log.cpp,1,0,1
/media/ullmann/HDDGabriel/research/engines/FlaxEngine/Source/Engine/Renderer/Editor/QuadOverdrawPass.cpp,1,0,1
/media/ullmann/HDDGabriel/research/engines/FlaxEngine/Source/Engine/Platform/Win32/Win32File.h,0,2,2
/media/ullmann/HDDGabriel/research/engines/FlaxEngine/Source/Engine/ShadowsOfMordor/Builder.Charts.cpp,2,0,2
/media/ullmann/HDDGabriel/research/engines/FlaxEngine/Source/Engine/Tools/MaterialGenerator/MaterialGenerator.Parameters.cpp,1,0,1
/media/ullmann/HDDGabriel/research/engines/FlaxEngine/Source/ThirdParty/glslang/Include/InfoSink.h,1,3,4
/media/ullmann/HDDGabriel/research/engines/FlaxEngine/Source/Engine/Debug/DebugDraw.cpp,1,0,1
/media/ullmann/HDDGabriel/research/engines/FlaxEngine/Source/Engine/Debug/DebugDraw.h,0,1,1
/media/ullmann/HDDGabriel/research/engines/FlaxEngine/Source/Engine/Threading/ThreadPool.h,0,1,1
/media/ullmann/HDDGabriel/research/engines/FlaxEngine/Source/Engine/Serialization/ISerializeModifier.h,0,1,1
/media/ullmann/HDDGabriel/research/engines/FlaxEngine/Source/Editor/Scripting/CodeEditors/VisualStudioCodeEditor.cpp,1,0,1
/media/ullmann/HDDGabriel/research/engines/FlaxEngine/Source/Engine/Engine/Engine.h,0,1,1
/media/ullmann/HDDGabriel/research/engines/FlaxEngine/Source/Engine/Graphics/Textures/TextureUtils.h,1,0,1
/media/ullmann/HDDGabriel/research/engines/FlaxEngine/Source/Engine/Threading/MainThreadTask.cpp,1,0,1
/media/ullmann/HDDGabriel/research/engines/FlaxEngine/Source/Engine/Tools/ModelTool/MeshAccelerationStructure.cpp,1,0,1
/media/ullmann/HDDGabriel/research/engines/FlaxEngine/Source/Engine/Navigation/Navigation.h,1,1,2
/media/ullmann/HDDGabriel/research/engines/FlaxEngine/Source/Engine/Content/Assets/Texture.cpp,1,0,1
/media/ullmann/HDDGabriel/research/engines/FlaxEngine/Source/Engine/Content/Assets/Texture.h,0,1,1
/media/ullmann/HDDGabriel/research/engines/FlaxEngine/Source/Engine/Debug/Exceptions/ArgumentOutOfRangeException.h,0,1,1
/media/ullmann/HDDGabriel/research/engines/FlaxEngine/Source/Engine/Main/UWP/main.cpp,1,0,1
/media/ullmann/HDDGabriel/research/engines/FlaxEngine/Source/Engine/Main/UWP/main.h,0,1,1
/media/ullmann/HDDGabriel/research/engines/FlaxEngine/Source/ThirdParty/fmt/ostream.h,1,0,1
/media/ullmann/HDDGabriel/research/engines/FlaxEngine/Source/Engine/Physics/PhysX/SimulationEventCallbackPhysX.cpp,1,0,1
/media/ullmann/HDDGabriel/research/engines/FlaxEngine/Source/ThirdParty/PhysX/solver/PxSolverDefs.h,0,3,3
/media/ullmann/HDDGabriel/research/engines/FlaxEngine/Source/Engine/Debug/Exceptions/TimeoutException.h,0,1,1
/media/ullmann/HDDGabriel/research/engines/FlaxEngine/Source/Engine/Utilities/Crc.cpp,1,0,1
/media/ullmann/HDDGabriel/research/engines/FlaxEngine/Source/Engine/Utilities/Crc.h,0,1,1
/media/ullmann/HDDGabriel/research/engines/FlaxEngine/Source/Engine/Debug/Exceptions/NotImplementedException.h,0,1,1
/media/ullmann/HDDGabriel/research/engines/FlaxEngine/Source/ThirdParty/PhysX/cooking/PxMidphaseDesc.h,0,1,1
/media/ullmann/HDDGabriel/research/engines/FlaxEngine/Source/Engine/Tools/MaterialGenerator/Types.h,0,2,2
/media/ullmann/HDDGabriel/research/engines/FlaxEngine/Source/Engine/Graphics/PixelFormatExtensions.cpp,1,0,1
/media/ullmann/HDDGabriel/research/engines/FlaxEngine/Source/ThirdParty/X11/Xtrans/Xtranslcl.c,0,1,1
/media/ullmann/HDDGabriel/research/engines/FlaxEngine/Source/Engine/Audio/None/AudioBackendNone.cpp,1,0,1
/media/ullmann/HDDGabriel/research/engines/FlaxEngine/Source/Engine/Threading/Threading.h,0,2,2
/media/ullmann/HDDGabriel/research/engines/FlaxEngine/Source/ThirdParty/mono-2.0/mono/metadata/abi-details.h,1,0,1
/media/ullmann/HDDGabriel/research/engines/FlaxEngine/Source/ThirdParty/mono-2.0/mono/metadata/object-offsets.h,0,1,1
/media/ullmann/HDDGabriel/research/engines/FlaxEngine/Source/ThirdParty/assimp/GenericProperty.h,1,0,1
/media/ullmann/HDDGabriel/research/engines/FlaxEngine/Source/ThirdParty/assimp/Hash.h,0,1,1
/media/ullmann/HDDGabriel/research/engines/FlaxEngine/Source/Engine/Threading/TaskGraph.h,0,1,1
/media/ullmann/HDDGabriel/research/engines/FlaxEngine/Source/Engine/Renderer/Editor/MaterialComplexity.cpp,1,0,1
/media/ullmann/HDDGabriel/research/engines/FlaxEngine/Source/Engine/Renderer/Editor/MaterialComplexity.h,0,1,1
/media/ullmann/HDDGabriel/research/engines/FlaxEngine/Source/ThirdParty/glslang/MachineIndependent/gl_types.h,0,1,1
/media/ullmann/HDDGabriel/research/engines/FlaxEngine/Source/ThirdParty/PhysX/cooking/PxBVH33MidphaseDesc.h,0,1,1
/media/ullmann/HDDGabriel/research/engines/FlaxEngine/Source/Engine/Renderer/Utils/MultiScaler.cpp,1,0,1
/media/ullmann/HDDGabriel/research/engines/FlaxEngine/Source/ThirdParty/mono-2.0/mono/metadata/tabledefs.h,0,1,1
/media/ullmann/HDDGabriel/research/engines/FlaxEngine/Source/ThirdParty/freetype/ftgasp.h,1,0,1
/media/ullmann/HDDGabriel/research/engines/FlaxEngine/Source/ThirdParty/PhysX/common/PxRenderBuffer.h,0,1,1
/media/ullmann/HDDGabriel/research/engines/FlaxEngine/Source/ThirdParty/PhysX/common/PxCoreUtilityTypes.h,0,1,1
/media/ullmann/HDDGabriel/research/engines/FlaxEngine/Source/Editor/Cooker/Steps/CookAssetsStep.cpp,1,0,1
/media/ullmann/HDDGabriel/research/engines/FlaxEngine/Source/Engine/Platform/Android/AndroidPlatform.h,0,2,2
/media/ullmann/HDDGabriel/research/engines/FlaxEngine/Source/Engine/Visject/ShaderGraphValue.cpp,1,0,1
/media/ullmann/HDDGabriel/research/engines/FlaxEngine/Source/Engine/Core/Math/Int2.h,1,0,1
/media/ullmann/HDDGabriel/research/engines/FlaxEngine/Source/Engine/GraphicsDevice/DirectX/DX12/QueryHeapDX12.h,1,2,3
/media/ullmann/HDDGabriel/research/engines/FlaxEngine/Source/ThirdParty/mono-2.0/mono/metadata/string-icalls.h,0,1,1
/media/ullmann/HDDGabriel/research/engines/FlaxEngine/Source/ThirdParty/PhysX/geometry/PxHeightFieldFlag.h,0,1,1
/media/ullmann/HDDGabriel/research/engines/FlaxEngine/Source/Engine/Platform/UWP/UWPPlatform.cpp,1,0,1
/media/ullmann/HDDGabriel/research/engines/FlaxEngine/Source/ThirdParty/LZ4/lz4.cpp,1,0,1
/media/ullmann/HDDGabriel/research/engines/FlaxEngine/Source/ThirdParty/LZ4/lz4.h,0,1,1
/media/ullmann/HDDGabriel/research/engines/FlaxEngine/Source/Engine/Engine/Linux/LinuxGame.cpp,1,0,1
/media/ullmann/HDDGabriel/research/engines/FlaxEngine/Source/ThirdParty/glslang/Include/glslang_c_interface.h,1,0,1
/media/ullmann/HDDGabriel/research/engines/FlaxEngine/Source/ThirdParty/glslang/Include/glslang_c_shader_types.h,0,1,1
/media/ullmann/HDDGabriel/research/engines/FlaxEngine/Source/Engine/CSG/HalfEdge.h,0,1,1
/media/ullmann/HDDGabriel/research/engines/FlaxEngine/Source/Engine/GraphicsDevice/DirectX/DX11/GPUTextureDX11.cpp,1,0,1
/media/ullmann/HDDGabriel/research/engines/FlaxEngine/Source/Engine/Graphics/Materials/MaterialShaderFeatures.cpp,1,0,1
/media/ullmann/HDDGabriel/research/engines/FlaxEngine/Source/Engine/Platform/Base/FileSystemWatcherBase.h,0,1,1
/media/ullmann/HDDGabriel/research/engines/FlaxEngine/Source/Engine/ShadersCompilation/ShaderDebugDataExporter.h,2,1,3
/media/ullmann/HDDGabriel/research/engines/FlaxEngine/Source/ThirdParty/tracy/client/TracyRingBuffer.hpp,0,1,1
/media/ullmann/HDDGabriel/research/engines/FlaxEngine/Source/Engine/Platform/Android/AndroidFileSystem.cpp,1,0,1
/media/ullmann/HDDGabriel/research/engines/FlaxEngine/Source/ThirdParty/PhysX/geometry/PxMeshScale.h,0,1,1
/media/ullmann/HDDGabriel/research/engines/FlaxEngine/Source/ThirdParty/PhysX/extensions/PxSmoothNormals.h,0,1,1
/media/ullmann/HDDGabriel/research/engines/FlaxEngine/Source/ThirdParty/assimp/version.h,1,0,1
/media/ullmann/HDDGabriel/research/engines/FlaxEngine/Source/ThirdParty/PhysX/geometry/PxGeometryQuery.h,0,1,1
/media/ullmann/HDDGabriel/research/engines/FlaxEngine/Source/Engine/Graphics/Async/GPUTasksExecutor.cpp,1,0,1
/media/ullmann/HDDGabriel/research/engines/FlaxEngine/Source/Engine/ContentImporters/CreateAnimationGraph.cpp,1,0,1
/media/ullmann/HDDGabriel/research/engines/FlaxEngine/Source/ThirdParty/PhysX/vehicle/PxVehicleDrive.h,0,1,1
/media/ullmann/HDDGabriel/research/engines/FlaxEngine/Source/Engine/Debug/Exceptions/DivideByZeroException.h,0,1,1
/media/ullmann/HDDGabriel/research/engines/FlaxEngine/Source/ThirdParty/rapidjson/prettywriter.h,1,0,1
/media/ullmann/HDDGabriel/research/engines/FlaxEngine/Source/Engine/Render2D/SpriteAtlas.cpp,1,0,1
/media/ullmann/HDDGabriel/research/engines/FlaxEngine/Source/Engine/Tools/MaterialGenerator/MaterialGenerator.Layer.cpp,1,0,1
/media/ullmann/HDDGabriel/research/engines/FlaxEngine/Source/Engine/Debug/Exceptions/PlatformNotSupportedException.h,0,1,1
/media/ullmann/HDDGabriel/research/engines/FlaxEngine/Source/Engine/Renderer/AntiAliasing/TAA.cpp,1,0,1
/media/ullmann/HDDGabriel/research/engines/FlaxEngine/Source/ThirdParty/PhysX/geometry/PxHeightField.h,0,1,1
/media/ullmann/HDDGabriel/research/engines/FlaxEngine/Source/ThirdParty/rapidjson/msinttypes/stdint.h,0,2,2
/media/ullmann/HDDGabriel/research/engines/FlaxEngine/Source/Engine/Scripting/Enums.h,1,0,1
/media/ullmann/HDDGabriel/research/engines/FlaxEngine/Source/Editor/Cooker/Platform/Mac/MacPlatformTools.cpp,1,0,1
/media/ullmann/HDDGabriel/research/engines/FlaxEngine/Source/ThirdParty/rapidjson/internal/pow10.h,1,1,2
/media/ullmann/HDDGabriel/research/engines/FlaxEngine/Source/Engine/Debug/Exceptions/InvalidOperationException.h,0,1,1
/media/ullmann/HDDGabriel/research/engines/FlaxEngine/Source/Engine/ShadowsOfMordor/Builder.Hemispheres.cpp,1,0,1
/media/ullmann/HDDGabriel/research/engines/FlaxEngine/Source/ThirdParty/recastnavigation/RecastAssert.cpp,1,0,1
/media/ullmann/HDDGabriel/research/engines/FlaxEngine/Source/Engine/Platform/Android/AndroidDefines.h,1,1,2
/media/ullmann/HDDGabriel/research/engines/FlaxEngine/Source/Engine/Core/Collections/Sorting.cpp,1,0,1
/media/ullmann/HDDGabriel/research/engines/FlaxEngine/Source/Engine/Core/Collections/Sorting.h,0,1,1
/media/ullmann/HDDGabriel/research/engines/FlaxEngine/Source/ThirdParty/freetype/ftmac.h,1,0,1
/media/ullmann/HDDGabriel/research/engines/FlaxEngine/Source/ThirdParty/glslang/MachineIndependent/ScanContext.h,1,0,1
/media/ullmann/HDDGabriel/research/engines/FlaxEngine/Source/Engine/Level/Scene/SceneNavigation.h,0,1,1
/media/ullmann/HDDGabriel/research/engines/FlaxEngine/Source/Editor/Content/PreviewsCache.cpp,1,0,1
/media/ullmann/HDDGabriel/research/engines/FlaxEngine/Source/Editor/Content/PreviewsCache.h,0,1,1
/media/ullmann/HDDGabriel/research/engines/FlaxEngine/Source/Engine/Scripting/ManagedSerialization.h,1,1,2
/media/ullmann/HDDGabriel/research/engines/FlaxEngine/Source/ThirdParty/freetype/ftlcdfil.h,1,0,1
/media/ullmann/HDDGabriel/research/engines/FlaxEngine/Source/Engine/Core/Delegate.h,0,1,1
/media/ullmann/HDDGabriel/research/engines/FlaxEngine/Source/Engine/ContentImporters/ImportIES.cpp,1,0,1
/media/ullmann/HDDGabriel/research/engines/FlaxEngine/Source/Engine/ContentImporters/ImportIES.h,0,1,1
/media/ullmann/HDDGabriel/research/engines/FlaxEngine/Source/ThirdParty/meshoptimizer/vcacheanalyzer.cpp,1,0,1
/media/ullmann/HDDGabriel/research/engines/FlaxEngine/Source/ThirdParty/WinPixEventRuntime/pix3_win.h,0,1,1
/media/ullmann/HDDGabriel/research/engines/FlaxEngine/Source/Engine/Navigation/NavMeshData.cpp,1,0,1
/media/ullmann/HDDGabriel/research/engines/FlaxEngine/Source/ThirdParty/PhysX/geometry/PxSphereGeometry.h,0,1,1
/media/ullmann/HDDGabriel/research/engines/FlaxEngine/Source/ThirdParty/PhysX/pvd/PxPvdTransport.h,0,1,1
/media/ullmann/HDDGabriel/research/engines/FlaxEngine/Source/ThirdParty/assimp/Bitmap.h,1,0,1
/media/ullmann/HDDGabriel/research/engines/FlaxEngine/Source/Engine/Engine/CommandLine.cpp,1,0,1
/media/ullmann/HDDGabriel/research/engines/FlaxEngine/Source/Engine/Engine/CommandLine.h,0,2,2
/media/ullmann/HDDGabriel/research/engines/FlaxEngine/Source/Engine/Physics/Actors/SplineRopeBody.cpp,1,0,1
/media/ullmann/HDDGabriel/research/engines/FlaxEngine/Source/Engine/Physics/Actors/SplineRopeBody.h,0,1,1
/media/ullmann/HDDGabriel/research/engines/FlaxEngine/Source/ThirdParty/PhysX/extensions/PxRepXSerializer.h,0,1,1
/media/ullmann/HDDGabriel/research/engines/FlaxEngine/Source/Engine/Graphics/Models/SkinnedModelLOD.cpp,1,0,1
/media/ullmann/HDDGabriel/research/engines/FlaxEngine/Source/ThirdParty/mono-2.0/mono/metadata/console-io.h,0,1,1
/media/ullmann/HDDGabriel/research/engines/FlaxEngine/Source/ThirdParty/PhysX/gpu/PxGpu.h,0,1,1
/media/ullmann/HDDGabriel/research/engines/FlaxEngine/Source/ThirdParty/PhysX/vehicle/PxVehicleTireFriction.h,0,1,1
/media/ullmann/HDDGabriel/research/engines/FlaxEngine/Source/Engine/Content/Assets/RawDataAsset.cpp,1,0,1
/media/ullmann/HDDGabriel/research/engines/FlaxEngine/Source/Engine/Renderer/Utils/BitonicSort.cpp,1,0,1
/media/ullmann/HDDGabriel/research/engines/FlaxEngine/Source/Engine/Tools/TextureTool/TextureTool.DirectXTex.cpp,1,0,1
/media/ullmann/HDDGabriel/research/engines/FlaxEngine/Source/ThirdParty/curl/system.h,0,1,1
/media/ullmann/HDDGabriel/research/engines/FlaxEngine/Source/Engine/Animations/AnimationUtils.h,0,1,1
/media/ullmann/HDDGabriel/research/engines/FlaxEngine/Source/Engine/Utilities/TextProcessing.cpp,1,0,1
/media/ullmann/HDDGabriel/research/engines/FlaxEngine/Source/Engine/Utilities/TextProcessing.h,0,1,1
/media/ullmann/HDDGabriel/research/engines/FlaxEngine/Source/ThirdParty/freetype/ftotval.h,1,0,1
/media/ullmann/HDDGabriel/research/engines/FlaxEngine/Source/Engine/Profiler/ProfilerSrcLoc.h,0,1,1
/media/ullmann/HDDGabriel/research/engines/FlaxEngine/Source/ThirdParty/PhysX/characterkinematic/PxExtended.h,0,1,1
/media/ullmann/HDDGabriel/research/engines/FlaxEngine/Source/ThirdParty/rapidjson/filewritestream.h,1,0,1
/media/ullmann/HDDGabriel/research/engines/FlaxEngine/Source/Engine/Tools/TextureTool/TextureTool.stb.cpp,1,0,1
/media/ullmann/HDDGabriel/research/engines/FlaxEngine/Source/ThirdParty/assimp/fast_atof.h,1,0,1
/media/ullmann/HDDGabriel/research/engines/FlaxEngine/Source/Engine/Tools/MaterialGenerator/MaterialGenerator.Particles.cpp,1,0,1
/media/ullmann/HDDGabriel/research/engines/FlaxEngine/Source/Engine/Platform/Base/NetworkBase.cpp,1,0,1
/media/ullmann/HDDGabriel/research/engines/FlaxEngine/Source/Engine/Platform/Base/NetworkBase.h,0,1,1
/media/ullmann/HDDGabriel/research/engines/FlaxEngine/Source/ThirdParty/mono-2.0/mono/metadata/security-core-clr.h,0,1,1
/media/ullmann/HDDGabriel/research/engines/FlaxEngine/Source/Editor/Scripting/CodeEditors/VisualStudio/VisualStudioConnection.cpp,1,0,1
/media/ullmann/HDDGabriel/research/engines/FlaxEngine/Source/Editor/Scripting/CodeEditors/VisualStudio/VisualStudioConnection.h,0,2,2
/media/ullmann/HDDGabriel/research/engines/FlaxEngine/Source/Engine/Level/ActorsCache.cpp,1,0,1
/media/ullmann/HDDGabriel/research/engines/FlaxEngine/Source/ThirdParty/rapidjson/ostreamwrapper.h,1,0,1
/media/ullmann/HDDGabriel/research/engines/FlaxEngine/Source/Engine/Localization/LocalizedStringTable.cpp,1,0,1
/media/ullmann/HDDGabriel/research/engines/FlaxEngine/Source/Engine/Renderer/Config.h,0,2,2
/media/ullmann/HDDGabriel/research/engines/FlaxEngine/Source/ThirdParty/PhysX/extensions/PxBinaryConverter.h,0,1,1
/media/ullmann/HDDGabriel/research/engines/FlaxEngine/Source/ThirdParty/assimp/StringUtils.h,0,1,1
/media/ullmann/HDDGabriel/research/engines/FlaxEngine/Source/ThirdParty/OpenFBX/ofbx.cpp,2,0,2
/media/ullmann/HDDGabriel/research/engines/FlaxEngine/Source/ThirdParty/OpenFBX/miniz.h,0,2,2
/media/ullmann/HDDGabriel/research/engines/FlaxEngine/Source/Engine/Content/Assets/AnimationGraphFunction.cpp,1,0,1
/media/ullmann/HDDGabriel/research/engines/FlaxEngine/Source/ThirdParty/detex/division-tables.cpp,1,0,1
/media/ullmann/HDDGabriel/research/engines/FlaxEngine/Source/Engine/Platform/Win32/Win32Platform.cpp,1,0,1
/media/ullmann/HDDGabriel/research/engines/FlaxEngine/Source/Engine/Profiler/RenderStats.h,0,1,1
/media/ullmann/HDDGabriel/research/engines/FlaxEngine/Source/ThirdParty/OpenFBX/ofbx.h,0,1,1
/media/ullmann/HDDGabriel/research/engines/FlaxEngine/Source/ThirdParty/mono-2.0/mono/metadata/threads.h,0,1,1
/media/ullmann/HDDGabriel/research/engines/FlaxEngine/Source/ThirdParty/PhysX/foundation/PxMemory.h,0,1,1
/media/ullmann/HDDGabriel/research/engines/FlaxEngine/Source/Engine/Level/Prefabs/Prefab.Apply.cpp,1,0,1
/media/ullmann/HDDGabriel/research/engines/FlaxEngine/Source/Engine/Visject/VisjectMeta.cpp,1,0,1
/media/ullmann/HDDGabriel/research/engines/FlaxEngine/Source/Engine/Content/Upgraders/AudioClipUpgrader.h,1,0,1
/media/ullmann/HDDGabriel/research/engines/FlaxEngine/Source/ThirdParty/PhysX/extensions/PxSerialization.h,0,1,1
/media/ullmann/HDDGabriel/research/engines/FlaxEngine/Source/ThirdParty/PhysX/foundation/PxMath.h,0,1,1
/media/ullmann/HDDGabriel/research/engines/FlaxEngine/Source/Engine/Tools/ModelTool/SpatialSort.cpp,1,0,1
/media/ullmann/HDDGabriel/research/engines/FlaxEngine/Source/Engine/Tools/ModelTool/SpatialSort.h,0,1,1
/media/ullmann/HDDGabriel/research/engines/FlaxEngine/Source/Engine/Level/Scene/SceneAsset.h,0,1,1
/media/ullmann/HDDGabriel/research/engines/FlaxEngine/Source/ThirdParty/freetype/ftsnames.h,1,0,1
/media/ullmann/HDDGabriel/research/engines/FlaxEngine/Source/Engine/UI/SpriteRender.cpp,1,0,1
/media/ullmann/HDDGabriel/research/engines/FlaxEngine/Source/Engine/UI/SpriteRender.h,0,1,1
/media/ullmann/HDDGabriel/research/engines/FlaxEngine/Source/Engine/ContentImporters/CreateMaterial.cpp,1,0,1
/media/ullmann/HDDGabriel/research/engines/FlaxEngine/Source/Engine/Audio/XAudio2/AudioBackendXAudio2.cpp,1,0,1
/media/ullmann/HDDGabriel/research/engines/FlaxEngine/Source/ThirdParty/PhysX/characterkinematic/PxControllerObstacles.h,0,1,1
/media/ullmann/HDDGabriel/research/engines/FlaxEngine/Source/ThirdParty/PhysX/extensions/PxSimpleFactory.h,0,1,1
/media/ullmann/HDDGabriel/research/engines/FlaxEngine/Source/ThirdParty/PhysX/cooking/PxTriangleMeshDesc.h,0,1,1
/media/ullmann/HDDGabriel/research/engines/FlaxEngine/Source/Engine/Platform/Windows/WindowsClipboard.h,0,2,2
/media/ullmann/HDDGabriel/research/engines/FlaxEngine/Source/ThirdParty/freetype/ftlzw.h,1,0,1
/media/ullmann/HDDGabriel/research/engines/FlaxEngine/Source/Engine/Physics/Actors/WheeledVehicle.cpp,1,0,1
/media/ullmann/HDDGabriel/research/engines/FlaxEngine/Source/Engine/Physics/Actors/WheeledVehicle.h,0,1,1
/media/ullmann/HDDGabriel/research/engines/FlaxEngine/Source/ThirdParty/assimp/IOSystem.hpp,1,0,1
/media/ullmann/HDDGabriel/research/engines/FlaxEngine/Source/Engine/Navigation/NavLink.cpp,1,0,1
/media/ullmann/HDDGabriel/research/engines/FlaxEngine/Source/ThirdParty/PhysX/foundation/PxErrorCallback.h,0,1,1
/media/ullmann/HDDGabriel/research/engines/FlaxEngine/Source/Engine/Core/Math/Double2.h,1,0,1
/media/ullmann/HDDGabriel/research/engines/FlaxEngine/Source/ThirdParty/PhysX/foundation/Ps.h,0,1,1
/media/ullmann/HDDGabriel/research/engines/FlaxEngine/Source/ThirdParty/OpenFBX/miniz.cpp,1,0,1
/media/ullmann/HDDGabriel/research/engines/FlaxEngine/Source/Engine/Renderer/Editor/VertexColors.cpp,1,0,1
/media/ullmann/HDDGabriel/research/engines/FlaxEngine/Source/Engine/Renderer/Editor/VertexColors.h,0,1,1
/media/ullmann/HDDGabriel/research/engines/FlaxEngine/Source/ThirdParty/PhysX/geometry/PxConvexMesh.h,0,1,1
/media/ullmann/HDDGabriel/research/engines/FlaxEngine/Source/ThirdParty/mono-2.0/mono/metadata/domain-internals.h,0,1,1
/media/ullmann/HDDGabriel/research/engines/FlaxEngine/Source/Engine/Render2D/FontTextureAtlas.cpp,1,0,1
/media/ullmann/HDDGabriel/research/engines/FlaxEngine/Source/Engine/GraphicsDevice/DirectX/DX11/GPUPipelineStateDX11.cpp,1,0,1
/media/ullmann/HDDGabriel/research/engines/FlaxEngine/Source/ThirdParty/glslang/SPIRV/doc.h,1,0,1
/media/ullmann/HDDGabriel/research/engines/FlaxEngine/Source/ThirdParty/mono-2.0/mono/metadata/environment.h,0,1,1
/media/ullmann/HDDGabriel/research/engines/FlaxEngine/Source/Engine/Physics/Colliders/Collider.cpp,1,0,1
/media/ullmann/HDDGabriel/research/engines/FlaxEngine/Source/Engine/Particles/Graph/CPU/ParticleEmitterGraph.CPU.cpp,1,0,1
/media/ullmann/HDDGabriel/research/engines/FlaxEngine/Source/ThirdParty/freetype/ftbdf.h,1,0,1
/media/ullmann/HDDGabriel/research/engines/FlaxEngine/Source/Engine/Platform/Unix/UnixFile.h,0,1,1
/media/ullmann/HDDGabriel/research/engines/FlaxEngine/Source/Engine/ShadowsOfMordor/Builder.DoWork.cpp,1,0,1
/media/ullmann/HDDGabriel/research/engines/FlaxEngine/Source/ThirdParty/mono-2.0/mono/metadata/threadpool.h,0,1,1
/media/ullmann/HDDGabriel/research/engines/FlaxEngine/Source/Engine/Particles/Graph/GPU/ParticleEmitterGraph.GPU.Textures.cpp,1,0,1
/media/ullmann/HDDGabriel/research/engines/FlaxEngine/Source/ThirdParty/mono-2.0/mono/metadata/filewatcher.h,0,1,1
