edge,includes,includedby,sum
/media/ullmann/HDDGabriel/research/engines/gameplay/tools/encoder/src/Material.h,3,2,5
/media/ullmann/HDDGabriel/research/engines/gameplay/tools/encoder/src/Constants.h,0,3,3
/media/ullmann/HDDGabriel/research/engines/gameplay/gameplay/src/Platform.h,8,9,17
/media/ullmann/HDDGabriel/research/engines/gameplay/gameplay/src/Touch.h,0,9,9
/media/ullmann/HDDGabriel/research/engines/gameplay/gameplay-deps/curl-7.39.0/src/tool_easysrc.h,1,3,4
/media/ullmann/HDDGabriel/research/engines/gameplay/gameplay-deps/curl-7.39.0/src/tool_setup.h,1,78,79
/media/ullmann/HDDGabriel/research/engines/gameplay/gameplay-deps/bullet-2.82-r2704/src/BulletCollision/NarrowPhaseCollision/btGjkEpaPenetrationDepthSolver.cpp,1,0,1
/media/ullmann/HDDGabriel/research/engines/gameplay/gameplay-deps/bullet-2.82-r2704/src/BulletCollision/NarrowPhaseCollision/btGjkEpaPenetrationDepthSolver.h,1,1,2
/media/ullmann/HDDGabriel/research/engines/gameplay/gameplay-deps/curl-7.39.0/lib/ftp.c,33,0,33
/media/ullmann/HDDGabriel/research/engines/gameplay/gameplay-deps/curl-7.39.0/lib/fileinfo.h,0,4,4
/media/ullmann/HDDGabriel/research/engines/gameplay/gameplay/src/AIAgent.cpp,3,0,3
/media/ullmann/HDDGabriel/research/engines/gameplay/gameplay/src/AIAgent.h,3,6,9
/media/ullmann/HDDGabriel/research/engines/gameplay/gameplay-deps/bullet-2.82-r2704/src/BulletCollision/CollisionShapes/btMultimaterialTriangleMeshShape.h,2,0,2
/media/ullmann/HDDGabriel/research/engines/gameplay/gameplay-deps/bullet-2.82-r2704/src/BulletCollision/CollisionShapes/btMaterial.h,0,1,1
/media/ullmann/HDDGabriel/research/engines/gameplay/gameplay/src/Properties.h,4,24,28
/media/ullmann/HDDGabriel/research/engines/gameplay/gameplay/src/Base.h,2,116,118
/media/ullmann/HDDGabriel/research/engines/gameplay/gameplay-deps/freetype-2.4.5/src/sfnt/sfnt.c,10,0,10
/media/ullmann/HDDGabriel/research/engines/gameplay/gameplay-deps/freetype-2.4.5/src/sfnt/sfntpic.c,1,1,2
/media/ullmann/HDDGabriel/research/engines/gameplay/gameplay-deps/bullet-2.82-r2704/Extras/CDTestFramework/Opcode/OPC_TreeCollider.cpp,3,0,3
/media/ullmann/HDDGabriel/research/engines/gameplay/gameplay-deps/bullet-2.82-r2704/Extras/CDTestFramework/Opcode/OPC_TriTriOverlap.h,0,1,1
/media/ullmann/HDDGabriel/research/engines/gameplay/gameplay-deps/bullet-2.82-r2704/Extras/ConvexDecomposition/ConvexDecomposition.cpp,12,0,12
/media/ullmann/HDDGabriel/research/engines/gameplay/gameplay-deps/bullet-2.82-r2704/Extras/ConvexDecomposition/bestfit.h,0,5,5
/media/ullmann/HDDGabriel/research/engines/gameplay/gameplay-deps/bullet-2.82-r2704/Demos/Box2dDemo/Win32Box2dDemo.cpp,1,0,1
/media/ullmann/HDDGabriel/research/engines/gameplay/gameplay-deps/bullet-2.82-r2704/Demos/Box2dDemo/Box2dDemo.h,0,3,3
/media/ullmann/HDDGabriel/research/engines/gameplay/gameplay-deps/zlib-1.2.8/inftrees.c,2,0,2
/media/ullmann/HDDGabriel/research/engines/gameplay/gameplay-deps/zlib-1.2.8/inftrees.h,0,4,4
/media/ullmann/HDDGabriel/research/engines/gameplay/gameplay-deps/lua-5.2.3/src/ldebug.c,13,0,13
/media/ullmann/HDDGabriel/research/engines/gameplay/gameplay-deps/lua-5.2.3/src/lfunc.h,1,9,10
/media/ullmann/HDDGabriel/research/engines/gameplay/gameplay/src/lua/lua_PhysicsSocketConstraint.cpp,1,0,1
/media/ullmann/HDDGabriel/research/engines/gameplay/gameplay/src/lua/lua_PhysicsSocketConstraint.h,0,2,2
/media/ullmann/HDDGabriel/research/engines/gameplay/gameplay-deps/bullet-2.82-r2704/Demos/AllBulletDemos/DemoEntries.cpp,17,0,17
/media/ullmann/HDDGabriel/research/engines/gameplay/gameplay-deps/bullet-2.82-r2704/Demos/RagdollDemo/RagdollDemo.h,0,3,3
/media/ullmann/HDDGabriel/research/engines/gameplay/gameplay-deps/curl-7.39.0/lib/hash.c,5,0,5
/media/ullmann/HDDGabriel/research/engines/gameplay/gameplay-deps/curl-7.39.0/lib/llist.h,1,5,6
/media/ullmann/HDDGabriel/research/engines/gameplay/gameplay/src/lua/lua_ScreenDisplayer.cpp,1,0,1
/media/ullmann/HDDGabriel/research/engines/gameplay/gameplay/src/lua/lua_ScreenDisplayer.h,0,2,2
/media/ullmann/HDDGabriel/research/engines/gameplay/external-deps/include/BulletDynamics/ConstraintSolver/btConeTwistConstraint.h,2,1,3
/media/ullmann/HDDGabriel/research/engines/gameplay/external-deps/include/BulletDynamics/ConstraintSolver/btTypedConstraint.h,1,10,11
/media/ullmann/HDDGabriel/research/engines/gameplay/gameplay-deps/curl-7.39.0/lib/rawstr.h,0,31,31
/media/ullmann/HDDGabriel/research/engines/gameplay/gameplay-deps/curl-7.39.0/lib/tftp.c,16,0,16
/media/ullmann/HDDGabriel/research/engines/gameplay/gameplay-deps/curl-7.39.0/lib/connect.h,3,26,29
/media/ullmann/HDDGabriel/research/engines/gameplay/gameplay-deps/bullet-2.82-r2704/src/BulletCollision/CollisionShapes/btConeShape.cpp,1,0,1
/media/ullmann/HDDGabriel/research/engines/gameplay/gameplay-deps/bullet-2.82-r2704/src/BulletCollision/CollisionShapes/btConeShape.h,1,3,4
/media/ullmann/HDDGabriel/research/engines/gameplay/gameplay-deps/curl-7.39.0/lib/url.c,52,0,52
/media/ullmann/HDDGabriel/research/engines/gameplay/gameplay-deps/curl-7.39.0/lib/curl_ntlm.h,1,5,6
/media/ullmann/HDDGabriel/research/engines/gameplay/gameplay/src/lua/lua_all_bindings.h,133,2,135
/media/ullmann/HDDGabriel/research/engines/gameplay/gameplay/src/lua/lua_Animation.h,0,2,2
/media/ullmann/HDDGabriel/research/engines/gameplay/gameplay-deps/theora-1.1.1/lib/x86_vc/x86state.c,2,0,2
/media/ullmann/HDDGabriel/research/engines/gameplay/gameplay-deps/theora-1.1.1/lib/cpu.c,1,4,5
/media/ullmann/HDDGabriel/research/engines/gameplay/gameplay-deps/freetype-2.4.5/src/sfnt/sfdriver.c,11,1,12
/media/ullmann/HDDGabriel/research/engines/gameplay/gameplay-deps/freetype-2.4.5/src/sfnt/ttsbit.h,1,3,4
/media/ullmann/HDDGabriel/research/engines/gameplay/gameplay-deps/curl-7.39.0/lib/multi.c,22,0,22
/media/ullmann/HDDGabriel/research/engines/gameplay/gameplay-deps/curl-7.39.0/lib/bundles.h,0,6,6
/media/ullmann/HDDGabriel/research/engines/gameplay/gameplay-deps/png-1.6.15/contrib/libtests/tarith.c,2,0,2
/media/ullmann/HDDGabriel/research/engines/gameplay/gameplay-deps/png-1.6.15/png.c,1,1,2
/media/ullmann/HDDGabriel/research/engines/gameplay/gameplay-deps/freetype-2.4.5/src/otvalid/otvgpos.c,3,1,4
/media/ullmann/HDDGabriel/research/engines/gameplay/gameplay-deps/freetype-2.4.5/src/otvalid/otvalid.h,1,8,9
/media/ullmann/HDDGabriel/research/engines/gameplay/samples/browser/src/InputSample.cpp,2,0,2
/media/ullmann/HDDGabriel/research/engines/gameplay/samples/browser/src/InputSample.h,1,1,2
/media/ullmann/HDDGabriel/research/engines/gameplay/gameplay-deps/curl-7.39.0/lib/imap.c,24,0,24
/media/ullmann/HDDGabriel/research/engines/gameplay/gameplay-deps/curl-7.39.0/lib/http.h,1,15,16
/media/ullmann/HDDGabriel/research/engines/gameplay/gameplay-deps/bullet-2.82-r2704/src/BulletDynamics/Featherstone/btMultiBodyPoint2Point.h,1,1,2
/media/ullmann/HDDGabriel/research/engines/gameplay/gameplay-deps/bullet-2.82-r2704/src/BulletDynamics/Featherstone/btMultiBodyConstraint.h,2,7,9
/media/ullmann/HDDGabriel/research/engines/gameplay/gameplay-deps/freetype-2.4.5/src/base/ftbase.c,14,0,14
/media/ullmann/HDDGabriel/research/engines/gameplay/gameplay-deps/freetype-2.4.5/src/base/ftoutln.c,0,1,1
/media/ullmann/HDDGabriel/research/engines/gameplay/gameplay-deps/bullet-2.82-r2704/Demos/OpenGL/GL_DialogDynamicsWorld.cpp,2,0,2
/media/ullmann/HDDGabriel/research/engines/gameplay/gameplay-deps/bullet-2.82-r2704/Demos/OpenGL/GL_DialogDynamicsWorld.h,0,1,1
/media/ullmann/HDDGabriel/research/engines/gameplay/gameplay/src/AnimationController.cpp,4,0,4
/media/ullmann/HDDGabriel/research/engines/gameplay/gameplay-deps/bullet-2.82-r2704/src/BulletCollision/CollisionShapes/btMultiSphereShape.cpp,1,0,1
/media/ullmann/HDDGabriel/research/engines/gameplay/gameplay-deps/bullet-2.82-r2704/src/BulletCollision/CollisionShapes/btMultiSphereShape.h,1,2,3
/media/ullmann/HDDGabriel/research/engines/gameplay/gameplay/src/AnimationController.h,4,5,9
/media/ullmann/HDDGabriel/research/engines/gameplay/gameplay-deps/bullet-2.82-r2704/src/btBulletDynamicsCommon.h,16,0,16
/media/ullmann/HDDGabriel/research/engines/gameplay/gameplay-deps/bullet-2.82-r2704/src/BulletDynamics/ConstraintSolver/btSliderConstraint.h,2,2,4
/media/ullmann/HDDGabriel/research/engines/gameplay/gameplay-deps/curl-7.39.0/lib/curl_ntlm_msgs.c,14,0,14
/media/ullmann/HDDGabriel/research/engines/gameplay/gameplay-deps/curl-7.39.0/lib/curl_sspi.h,1,5,6
/media/ullmann/HDDGabriel/research/engines/gameplay/gameplay/src/AIStateMachine.cpp,5,0,5
/media/ullmann/HDDGabriel/research/engines/gameplay/gameplay/src/AIStateMachine.h,1,4,5
/media/ullmann/HDDGabriel/research/engines/gameplay/gameplay-deps/bullet-2.82-r2704/Demos/OpenCLClothDemo/gl_win.cpp,2,0,2
/media/ullmann/HDDGabriel/research/engines/gameplay/gameplay-deps/bullet-2.82-r2704/Demos/OpenCLClothDemo/clstuff.h,0,3,3
/media/ullmann/HDDGabriel/research/engines/gameplay/gameplay-deps/lua-5.2.3/src/ldump.c,4,0,4
/media/ullmann/HDDGabriel/research/engines/gameplay/gameplay-deps/lua-5.2.3/src/lstate.h,4,22,26
/media/ullmann/HDDGabriel/research/engines/gameplay/external-deps/include/LinearMath/btVector3.h,3,8,11
/media/ullmann/HDDGabriel/research/engines/gameplay/external-deps/include/LinearMath/btAlignedAllocator.h,1,5,6
/media/ullmann/HDDGabriel/research/engines/gameplay/gameplay-deps/freetype-2.4.5/src/autofit/aflatin.h,1,7,8
/media/ullmann/HDDGabriel/research/engines/gameplay/gameplay-deps/freetype-2.4.5/src/autofit/afhints.h,1,9,10
/media/ullmann/HDDGabriel/research/engines/gameplay/samples/browser/src/BillboardSample.h,2,1,3
/media/ullmann/HDDGabriel/research/engines/gameplay/samples/browser/src/FirstPersonCamera.h,0,3,3
/media/ullmann/HDDGabriel/research/engines/gameplay/gameplay-deps/curl-7.39.0/lib/smtp.c,25,0,25
/media/ullmann/HDDGabriel/research/engines/gameplay/gameplay-deps/curl-7.39.0/lib/hostip.h,4,17,21
/media/ullmann/HDDGabriel/research/engines/gameplay/gameplay-deps/freetype-2.4.5/src/psaux/psobjs.c,3,1,4
/media/ullmann/HDDGabriel/research/engines/gameplay/gameplay-deps/freetype-2.4.5/src/psaux/psauxerr.h,0,5,5
/media/ullmann/HDDGabriel/research/engines/gameplay/gameplay/src/FileSystem.h,1,20,21
/media/ullmann/HDDGabriel/research/engines/gameplay/gameplay/src/Stream.h,0,5,5
/media/ullmann/HDDGabriel/research/engines/gameplay/gameplay-deps/libjson-7.6.1/_internal/Source/internalJSONNode.h,5,2,7
/media/ullmann/HDDGabriel/research/engines/gameplay/gameplay-deps/libjson-7.6.1/_internal/Source/JSONSharedString.h,3,4,7
/media/ullmann/HDDGabriel/research/engines/gameplay/gameplay-deps/bullet-2.82-r2704/Extras/Serialize/ReadBulletSample/BulletDataExtractor.cpp,2,0,2
/media/ullmann/HDDGabriel/research/engines/gameplay/gameplay-deps/bullet-2.82-r2704/Extras/Serialize/BulletFileLoader/btBulletFile.h,2,4,6
/media/ullmann/HDDGabriel/research/engines/gameplay/gameplay-deps/curl-7.39.0/lib/hostcheck.c,6,0,6
/media/ullmann/HDDGabriel/research/engines/gameplay/gameplay-deps/curl-7.39.0/lib/curl_memory.h,0,82,82
/media/ullmann/HDDGabriel/research/engines/gameplay/gameplay-deps/bullet-2.82-r2704/Demos/DoublePrecisionDemo/DoublePrecisionDemo.cpp,1,0,1
/media/ullmann/HDDGabriel/research/engines/gameplay/gameplay-deps/bullet-2.82-r2704/Demos/DoublePrecisionDemo/DoublePrecisionDemo.h,0,1,1
/media/ullmann/HDDGabriel/research/engines/gameplay/gameplay-deps/bullet-2.82-r2704/Demos/SoftDemo/SoftDemo.cpp,5,0,5
/media/ullmann/HDDGabriel/research/engines/gameplay/gameplay-deps/bullet-2.82-r2704/Demos/GimpactTestDemo/TorusMesh.h,0,2,2
/media/ullmann/HDDGabriel/research/engines/gameplay/gameplay/src/lua/lua_AnimationClipListener.cpp,1,0,1
/media/ullmann/HDDGabriel/research/engines/gameplay/gameplay/src/lua/lua_AnimationClipListener.h,0,2,2
/media/ullmann/HDDGabriel/research/engines/gameplay/gameplay-deps/vorbis-1.3.4/lib/psy.c,8,0,8
/media/ullmann/HDDGabriel/research/engines/gameplay/gameplay-deps/vorbis-1.3.4/lib/scales.h,1,12,13
/media/ullmann/HDDGabriel/research/engines/gameplay/external-deps/include/BulletCollision/NarrowPhaseCollision/btConvexPenetrationDepthSolver.h,1,2,3
/media/ullmann/HDDGabriel/research/engines/gameplay/external-deps/include/BulletCollision/NarrowPhaseCollision/btSimplexSolverInterface.h,1,6,7
/media/ullmann/HDDGabriel/research/engines/gameplay/gameplay-deps/lua-5.2.3/src/ltm.c,6,0,6
/media/ullmann/HDDGabriel/research/engines/gameplay/gameplay-deps/lua-5.2.3/src/lua.h,1,41,42
/media/ullmann/HDDGabriel/research/engines/gameplay/gameplay-deps/theora-1.1.1/lib/dequant.c,2,0,2
/media/ullmann/HDDGabriel/research/engines/gameplay/gameplay-deps/theora-1.1.1/lib/decint.h,4,6,10
/media/ullmann/HDDGabriel/research/engines/gameplay/gameplay-deps/bullet-2.82-r2704/src/LinearMath/btQuickprof.h,2,2,4
/media/ullmann/HDDGabriel/research/engines/gameplay/gameplay-deps/bullet-2.82-r2704/src/LinearMath/btAlignedAllocator.h,1,6,7
/media/ullmann/HDDGabriel/research/engines/gameplay/tools/encoder/src/main.cpp,8,0,8
/media/ullmann/HDDGabriel/research/engines/gameplay/tools/encoder/src/GPBDecoder.h,1,2,3
/media/ullmann/HDDGabriel/research/engines/gameplay/gameplay-deps/curl-7.39.0/lib/curl_setup.h,12,147,159
/media/ullmann/HDDGabriel/research/engines/gameplay/gameplay-deps/curl-7.39.0/lib/setup-os400.h,0,1,1
/media/ullmann/HDDGabriel/research/engines/gameplay/gameplay/src/gameplay.h,98,3,101
/media/ullmann/HDDGabriel/research/engines/gameplay/gameplay/src/Vector3.h,1,20,21
/media/ullmann/HDDGabriel/research/engines/gameplay/gameplay-deps/bullet-2.82-r2704/src/vectormath/sse/vectormath_aos.h,6,0,6
/media/ullmann/HDDGabriel/research/engines/gameplay/gameplay-deps/bullet-2.82-r2704/src/vectormath/sse/boolInVec.h,1,2,3
/media/ullmann/HDDGabriel/research/engines/gameplay/gameplay-deps/bullet-2.82-r2704/src/BulletMultiThreaded/GpuSoftBodySolvers/OpenCL/btSoftBodySolver_OpenCLSIMDAware.h,5,1,6
/media/ullmann/HDDGabriel/research/engines/gameplay/gameplay-deps/bullet-2.82-r2704/src/BulletMultiThreaded/GpuSoftBodySolvers/OpenCL/btSoftBodySolverLinkData_OpenCLSIMDAware.h,1,1,2
/media/ullmann/HDDGabriel/research/engines/gameplay/gameplay-deps/curl-7.39.0/lib/formdata.c,9,0,9
/media/ullmann/HDDGabriel/research/engines/gameplay/gameplay-deps/curl-7.39.0/lib/memdebug.h,1,83,84
/media/ullmann/HDDGabriel/research/engines/gameplay/gameplay/src/lua/lua_MathUtil.h,0,2,2
/media/ullmann/HDDGabriel/research/engines/gameplay/gameplay/src/HeightField.h,1,6,7
/media/ullmann/HDDGabriel/research/engines/gameplay/gameplay/src/Ref.h,0,27,27
/media/ullmann/HDDGabriel/research/engines/gameplay/gameplay/src/TileSet.cpp,4,0,4
/media/ullmann/HDDGabriel/research/engines/gameplay/gameplay-deps/lua-5.2.3/src/lstate.c,12,0,12
/media/ullmann/HDDGabriel/research/engines/gameplay/gameplay-deps/lua-5.2.3/src/ltable.h,1,11,12
/media/ullmann/HDDGabriel/research/engines/gameplay/gameplay-deps/bullet-2.82-r2704/src/BulletCollision/CollisionShapes/btOptimizedBvh.cpp,2,0,2
/media/ullmann/HDDGabriel/research/engines/gameplay/gameplay-deps/bullet-2.82-r2704/src/BulletCollision/CollisionShapes/btOptimizedBvh.h,0,2,2
/media/ullmann/HDDGabriel/research/engines/gameplay/external-deps/include/BulletCollision/Gimpact/gim_tri_collision.h,2,2,4
/media/ullmann/HDDGabriel/research/engines/gameplay/external-deps/include/BulletCollision/Gimpact/gim_clip_polygon.h,0,2,2
/media/ullmann/HDDGabriel/research/engines/gameplay/external-deps/include/BulletCollision/CollisionShapes/btCylinderShape.h,1,1,2
/media/ullmann/HDDGabriel/research/engines/gameplay/external-deps/include/BulletCollision/CollisionShapes/btBoxShape.h,2,3,5
/media/ullmann/HDDGabriel/research/engines/gameplay/gameplay-deps/freetype-2.4.5/src/cff/cffload.c,3,1,4
/media/ullmann/HDDGabriel/research/engines/gameplay/gameplay-deps/freetype-2.4.5/src/cff/cffparse.h,1,4,5
/media/ullmann/HDDGabriel/research/engines/gameplay/gameplay/src/Vector2.h,1,13,14
/media/ullmann/HDDGabriel/research/engines/gameplay/gameplay-deps/freetype-2.4.5/src/pfr/pfr.c,6,0,6
/media/ullmann/HDDGabriel/research/engines/gameplay/gameplay-deps/freetype-2.4.5/src/pfr/pfrobjs.c,6,1,7
/media/ullmann/HDDGabriel/research/engines/gameplay/gameplay/src/lua/lua_Curve.cpp,1,0,1
/media/ullmann/HDDGabriel/research/engines/gameplay/gameplay/src/lua/lua_Curve.h,0,2,2
/media/ullmann/HDDGabriel/research/engines/gameplay/external-deps/include/BulletCollision/CollisionShapes/btUniformScalingShape.h,1,1,2
/media/ullmann/HDDGabriel/research/engines/gameplay/external-deps/include/BulletCollision/CollisionShapes/btConvexShape.h,2,3,5
/media/ullmann/HDDGabriel/research/engines/gameplay/gameplay-deps/curl-7.39.0/lib/curl_addrinfo.c,6,0,6
/media/ullmann/HDDGabriel/research/engines/gameplay/gameplay-deps/curl-7.39.0/lib/inet_pton.h,1,12,13
/media/ullmann/HDDGabriel/research/engines/gameplay/gameplay-deps/lua-5.2.3/src/lmem.h,2,14,16
/media/ullmann/HDDGabriel/research/engines/gameplay/gameplay-deps/libjson-7.6.1/_internal/TestSuite2/NumberToString/_ftoa.cpp,2,0,2
/media/ullmann/HDDGabriel/research/engines/gameplay/gameplay-deps/libjson-7.6.1/_internal/Source/NumberToString.h,2,9,11
/media/ullmann/HDDGabriel/research/engines/gameplay/gameplay-deps/bullet-2.82-r2704/src/BulletMultiThreaded/SpuFakeDma.cpp,1,0,1
/media/ullmann/HDDGabriel/research/engines/gameplay/gameplay-deps/bullet-2.82-r2704/src/BulletMultiThreaded/SpuFakeDma.h,1,4,5
/media/ullmann/HDDGabriel/research/engines/gameplay/gameplay-deps/curl-7.39.0/lib/curl_multibyte.h,1,7,8
/media/ullmann/HDDGabriel/research/engines/gameplay/gameplay/src/FileSystem.cpp,5,0,5
/media/ullmann/HDDGabriel/research/engines/gameplay/gameplay-deps/freetype-2.4.5/src/cache/ftcache.c,8,0,8
/media/ullmann/HDDGabriel/research/engines/gameplay/gameplay-deps/freetype-2.4.5/src/cache/ftccache.c,3,1,4
/media/ullmann/HDDGabriel/research/engines/gameplay/gameplay/src/Terrain.h,8,9,17
/media/ullmann/HDDGabriel/research/engines/gameplay/gameplay-deps/bullet-2.82-r2704/src/BulletCollision/CollisionShapes/btConvexInternalShape.h,1,7,8
/media/ullmann/HDDGabriel/research/engines/gameplay/external-deps/include/BulletDynamics/ConstraintSolver/btJacobianEntry.h,0,7,7
/media/ullmann/HDDGabriel/research/engines/gameplay/gameplay-deps/freetype-2.4.5/src/winfonts/winfnt.c,2,0,2
/media/ullmann/HDDGabriel/research/engines/gameplay/gameplay-deps/freetype-2.4.5/src/winfonts/fnterrs.h,0,1,1
/media/ullmann/HDDGabriel/research/engines/gameplay/gameplay-deps/curl-7.39.0/src/tool_dirhie.h,1,2,3
/media/ullmann/HDDGabriel/research/engines/gameplay/gameplay-deps/freetype-2.4.5/src/gxvalid/gxvkern.c,2,1,3
/media/ullmann/HDDGabriel/research/engines/gameplay/gameplay-deps/freetype-2.4.5/src/gxvalid/gxvalid.h,1,13,14
/media/ullmann/HDDGabriel/research/engines/gameplay/gameplay-deps/vorbis-1.3.4/lib/codebook.c,4,0,4
/media/ullmann/HDDGabriel/research/engines/gameplay/gameplay-deps/vorbis-1.3.4/lib/os.h,1,22,23
/media/ullmann/HDDGabriel/research/engines/gameplay/gameplay-deps/curl-7.39.0/lib/inet_ntop.c,2,0,2
/media/ullmann/HDDGabriel/research/engines/gameplay/gameplay-deps/curl-7.39.0/lib/inet_ntop.h,1,8,9
/media/ullmann/HDDGabriel/research/engines/gameplay/gameplay-deps/curl-7.39.0/src/tool_panykey.h,1,3,4
/media/ullmann/HDDGabriel/research/engines/gameplay/gameplay-deps/bullet-2.82-r2704/src/BulletCollision/NarrowPhaseCollision/btGjkConvexCast.cpp,3,0,3
/media/ullmann/HDDGabriel/research/engines/gameplay/gameplay-deps/bullet-2.82-r2704/src/BulletCollision/NarrowPhaseCollision/btGjkPairDetector.h,2,3,5
/media/ullmann/HDDGabriel/research/engines/gameplay/gameplay-deps/curl-7.39.0/lib/hostip4.c,11,0,11
/media/ullmann/HDDGabriel/research/engines/gameplay/gameplay-deps/curl-7.39.0/lib/urldata.h,19,69,88
/media/ullmann/HDDGabriel/research/engines/gameplay/gameplay-deps/curl-7.39.0/lib/curl_ntlm_wb.c,10,0,10
/media/ullmann/HDDGabriel/research/engines/gameplay/gameplay-deps/curl-7.39.0/lib/curl_ntlm_msgs.h,1,4,5
/media/ullmann/HDDGabriel/research/engines/gameplay/gameplay-deps/freetype-2.4.5/src/pcf/pcf.c,3,0,3
/media/ullmann/HDDGabriel/research/engines/gameplay/gameplay-deps/freetype-2.4.5/src/pcf/pcfread.c,3,1,4
/media/ullmann/HDDGabriel/research/engines/gameplay/gameplay-deps/bullet-2.82-r2704/Demos/CcdPhysicsDemo/CcdPhysicsDemo.h,0,3,3
/media/ullmann/HDDGabriel/research/engines/gameplay/tools/encoder/src/Curve.h,1,2,3
/media/ullmann/HDDGabriel/research/engines/gameplay/tools/encoder/src/Curve.inl,0,1,1
/media/ullmann/HDDGabriel/research/engines/gameplay/gameplay-deps/bullet-2.82-r2704/src/btBulletCollisionCommon.h,33,1,34
/media/ullmann/HDDGabriel/research/engines/gameplay/gameplay-deps/bullet-2.82-r2704/src/LinearMath/btSerializer.h,2,1,3
/media/ullmann/HDDGabriel/research/engines/gameplay/gameplay/src/AudioBuffer.h,2,4,6
/media/ullmann/HDDGabriel/research/engines/gameplay/tools/encoder/src/FileIO.h,3,10,13
/media/ullmann/HDDGabriel/research/engines/gameplay/tools/encoder/src/Vector4.h,1,4,5
/media/ullmann/HDDGabriel/research/engines/gameplay/gameplay-deps/libjson-7.6.1/_internal/Source/JSONAllocator.cpp,2,0,2
/media/ullmann/HDDGabriel/research/engines/gameplay/gameplay-deps/libjson-7.6.1/_internal/Source/JSONAllocator.h,4,1,5
/media/ullmann/HDDGabriel/research/engines/gameplay/external-deps/include/BulletCollision/Gimpact/btGImpactCollisionAlgorithm.h,1,0,1
/media/ullmann/HDDGabriel/research/engines/gameplay/external-deps/include/BulletCollision/Gimpact/btGImpactShape.h,1,2,3
/media/ullmann/HDDGabriel/research/engines/gameplay/gameplay-deps/curl-7.39.0/lib/url.h,1,29,30
/media/ullmann/HDDGabriel/research/engines/gameplay/gameplay-deps/bullet-2.82-r2704/Demos/VoronoiFractureDemo/Win32VoronoiFractureDemo.cpp,1,0,1
/media/ullmann/HDDGabriel/research/engines/gameplay/gameplay-deps/bullet-2.82-r2704/Demos/VoronoiFractureDemo/VoronoiFractureDemo.h,0,3,3
/media/ullmann/HDDGabriel/research/engines/gameplay/gameplay-deps/zlib-1.2.8/contrib/infback9/infback9.c,4,0,4
/media/ullmann/HDDGabriel/research/engines/gameplay/gameplay-deps/zlib-1.2.8/contrib/infback9/infback9.h,0,1,1
/media/ullmann/HDDGabriel/research/engines/gameplay/gameplay-deps/curl-7.39.0/lib/content_encoding.c,6,0,6
/media/ullmann/HDDGabriel/research/engines/gameplay/gameplay-deps/curl-7.39.0/lib/sendf.h,1,52,53
/media/ullmann/HDDGabriel/research/engines/gameplay/gameplay-deps/bullet-2.82-r2704/src/LinearMath/btTransform.h,1,5,6
/media/ullmann/HDDGabriel/research/engines/gameplay/gameplay-deps/bullet-2.82-r2704/src/LinearMath/btMatrix3x3.h,2,2,4
/media/ullmann/HDDGabriel/research/engines/gameplay/gameplay-deps/bullet-2.82-r2704/Demos/InternalEdgeDemo/InternalEdgeDemo.cpp,2,0,2
/media/ullmann/HDDGabriel/research/engines/gameplay/gameplay-deps/bullet-2.82-r2704/Demos/InternalEdgeDemo/Taru.mdl,0,1,1
/media/ullmann/HDDGabriel/research/engines/gameplay/gameplay-deps/curl-7.39.0/lib/transfer.c,26,0,26
/media/ullmann/HDDGabriel/research/engines/gameplay/tools/encoder/src/Animation.cpp,2,0,2
/media/ullmann/HDDGabriel/research/engines/gameplay/tools/encoder/src/Base.h,1,48,49
/media/ullmann/HDDGabriel/research/engines/gameplay/gameplay-deps/freetype-2.4.5/src/base/ftsnames.c,0,1,1
/media/ullmann/HDDGabriel/research/engines/gameplay/gameplay/src/lua/lua_Technique.h,0,2,2
/media/ullmann/HDDGabriel/research/engines/gameplay/gameplay-deps/bullet-2.82-r2704/Demos/AllBulletDemos/Main.cpp,1,0,1
/media/ullmann/HDDGabriel/research/engines/gameplay/gameplay-deps/bullet-2.82-r2704/Demos/AllBulletDemos/DemoEntries.h,0,2,2
/media/ullmann/HDDGabriel/research/engines/gameplay/gameplay/src/Platform.cpp,5,0,5
/media/ullmann/HDDGabriel/research/engines/gameplay/gameplay-deps/libjson-7.6.1/_internal/TestSuite2/JSONDebug/JSON_FAIL_SAFE.cpp,2,0,2
/media/ullmann/HDDGabriel/research/engines/gameplay/gameplay-deps/libjson-7.6.1/_internal/Source/JSONDebug.h,2,15,17
/media/ullmann/HDDGabriel/research/engines/gameplay/gameplay-deps/libjson-7.6.1/_internal/TestSuite/All/main.cpp,1,0,1
/media/ullmann/HDDGabriel/research/engines/gameplay/gameplay-deps/libjson-7.6.1/_internal/TestSuite/UnitTest.h,0,4,4
/media/ullmann/HDDGabriel/research/engines/gameplay/gameplay-deps/curl-7.39.0/lib/asyn-ares.c,15,0,15
/media/ullmann/HDDGabriel/research/engines/gameplay/gameplay-deps/curl-7.39.0/lib/progress.h,1,27,28
/media/ullmann/HDDGabriel/research/engines/gameplay/gameplay-deps/zlib-1.2.8/inffast.c,4,0,4
/media/ullmann/HDDGabriel/research/engines/gameplay/gameplay-deps/zlib-1.2.8/inflate.h,0,3,3
/media/ullmann/HDDGabriel/research/engines/gameplay/gameplay-deps/curl-7.39.0/src/tool_helpers.c,5,0,5
/media/ullmann/HDDGabriel/research/engines/gameplay/gameplay-deps/curl-7.39.0/src/tool_cfgable.h,3,22,25
/media/ullmann/HDDGabriel/research/engines/gameplay/gameplay-deps/bullet-2.82-r2704/Extras/CUDA/btCudaBroadphase.cpp,4,0,4
/media/ullmann/HDDGabriel/research/engines/gameplay/gameplay-deps/bullet-2.82-r2704/src/BulletMultiThreaded/btGpuUtilsSharedDefs.h,0,6,6
/media/ullmann/HDDGabriel/research/engines/gameplay/gameplay-deps/curl-7.39.0/lib/http_negotiate_sspi.c,11,0,11
/media/ullmann/HDDGabriel/research/engines/gameplay/gameplay-deps/curl-7.39.0/lib/warnless.h,0,36,36
/media/ullmann/HDDGabriel/research/engines/gameplay/gameplay/src/Material.cpp,8,0,8
/media/ullmann/HDDGabriel/research/engines/gameplay/gameplay/src/Effect.h,6,10,16
/media/ullmann/HDDGabriel/research/engines/gameplay/gameplay-deps/bullet-2.82-r2704/Demos/Gpu3dDemo/btGpuDemoDynamicsWorld3D.h,2,2,4
/media/ullmann/HDDGabriel/research/engines/gameplay/gameplay-deps/bullet-2.82-r2704/Demos/Gpu3dDemo/btGpuDemo3dSharedTypes.h,0,2,2
/media/ullmann/HDDGabriel/research/engines/gameplay/external-deps/include/json/_internal/Source/JSONChildren.h,2,1,3
/media/ullmann/HDDGabriel/research/engines/gameplay/external-deps/include/json/_internal/Source/JSONMemory.h,1,4,5
/media/ullmann/HDDGabriel/research/engines/gameplay/gameplay-deps/bullet-2.82-r2704/src/BulletCollision/CollisionDispatch/btConvexPlaneCollisionAlgorithm.h,1,1,2
/media/ullmann/HDDGabriel/research/engines/gameplay/gameplay-deps/bullet-2.82-r2704/src/BulletCollision/CollisionDispatch/btCollisionDispatcher.h,1,11,12
/media/ullmann/HDDGabriel/research/engines/gameplay/gameplay-deps/vorbis-1.3.4/lib/bitrate.h,2,2,4
/media/ullmann/HDDGabriel/research/engines/gameplay/gameplay-deps/vorbis-1.3.4/lib/codec_internal.h,5,16,21
/media/ullmann/HDDGabriel/research/engines/gameplay/gameplay/src/lua/lua_Pass.cpp,1,0,1
/media/ullmann/HDDGabriel/research/engines/gameplay/gameplay/src/lua/lua_Pass.h,0,2,2
/media/ullmann/HDDGabriel/research/engines/gameplay/gameplay-deps/freetype-2.4.5/src/otvalid/otverror.h,0,1,1
/media/ullmann/HDDGabriel/research/engines/gameplay/gameplay-deps/libjson-7.6.1/_internal/TestSuite/TestRefCounting.cpp,1,0,1
/media/ullmann/HDDGabriel/research/engines/gameplay/gameplay-deps/libjson-7.6.1/_internal/TestSuite/TestSuite.h,4,21,25
/media/ullmann/HDDGabriel/research/engines/gameplay/gameplay-deps/curl-7.39.0/src/tool_parsecfg.c,7,0,7
/media/ullmann/HDDGabriel/research/engines/gameplay/gameplay-deps/curl-7.39.0/src/tool_parsecfg.h,1,3,4
/media/ullmann/HDDGabriel/research/engines/gameplay/tools/encoder/src/Object.h,2,22,24
/media/ullmann/HDDGabriel/research/engines/gameplay/gameplay-deps/bullet-2.82-r2704/src/BulletCollision/BroadphaseCollision/btAxisSweep3.h,5,2,7
/media/ullmann/HDDGabriel/research/engines/gameplay/gameplay-deps/bullet-2.82-r2704/src/BulletCollision/BroadphaseCollision/btOverlappingPairCallback.h,0,2,2
/media/ullmann/HDDGabriel/research/engines/gameplay/gameplay-deps/freetype-2.4.5/src/cache/ftcglyph.c,3,1,4
/media/ullmann/HDDGabriel/research/engines/gameplay/gameplay-deps/freetype-2.4.5/src/cache/ftcglyph.h,1,5,6
/media/ullmann/HDDGabriel/research/engines/gameplay/external-deps/include/LinearMath/btAabbUtil2.h,3,0,3
/media/ullmann/HDDGabriel/research/engines/gameplay/external-deps/include/LinearMath/btMinMax.h,1,3,4
/media/ullmann/HDDGabriel/research/engines/gameplay/gameplay-deps/vorbis-1.3.4/lib/sharedbook.c,4,0,4
/media/ullmann/HDDGabriel/research/engines/gameplay/gameplay-deps/bullet-2.82-r2704/Demos/Gpu2dDemo/BasicDemo.cpp,4,0,4
/media/ullmann/HDDGabriel/research/engines/gameplay/gameplay-deps/bullet-2.82-r2704/Demos/Gpu2dDemo/oecakeLoader.h,0,2,2
/media/ullmann/HDDGabriel/research/engines/gameplay/gameplay/src/ParticleEmitter.h,9,4,13
/media/ullmann/HDDGabriel/research/engines/gameplay/gameplay-deps/bullet-2.82-r2704/src/BulletSoftBody/btSoftBodyRigidBodyCollisionConfiguration.cpp,4,0,4
/media/ullmann/HDDGabriel/research/engines/gameplay/gameplay-deps/bullet-2.82-r2704/src/BulletSoftBody/btSoftRigidCollisionAlgorithm.h,0,2,2
/media/ullmann/HDDGabriel/research/engines/gameplay/gameplay-deps/curl-7.39.0/lib/pingpong.c,12,0,12
/media/ullmann/HDDGabriel/research/engines/gameplay/external-deps/include/json/_internal/Source/JSONAllocator.h,4,0,4
/media/ullmann/HDDGabriel/research/engines/gameplay/external-deps/include/json/_internal/Source/JSONDefs/Visual_C.h,0,2,2
/media/ullmann/HDDGabriel/research/engines/gameplay/gameplay-deps/curl-7.39.0/tests/libtest/libntlmconnect.c,2,0,2
/media/ullmann/HDDGabriel/research/engines/gameplay/gameplay-deps/curl-7.39.0/tests/libtest/test.h,0,91,91
/media/ullmann/HDDGabriel/research/engines/gameplay/gameplay-deps/curl-7.39.0/tests/libtest/lib1500.c,2,0,2
/media/ullmann/HDDGabriel/research/engines/gameplay/gameplay-deps/curl-7.39.0/tests/libtest/testutil.h,0,32,32
/media/ullmann/HDDGabriel/research/engines/gameplay/gameplay-deps/bullet-2.82-r2704/src/BulletMultiThreaded/PosixThreadSupport.cpp,3,0,3
/media/ullmann/HDDGabriel/research/engines/gameplay/gameplay-deps/bullet-2.82-r2704/src/BulletMultiThreaded/SpuNarrowPhaseCollisionTask/SpuGatheringCollisionTask.h,2,5,7
/media/ullmann/HDDGabriel/research/engines/gameplay/gameplay-deps/theora-1.1.1/tests/noop.c,1,0,1
/media/ullmann/HDDGabriel/research/engines/gameplay/gameplay-deps/theora-1.1.1/tests/tests.h,0,6,6
/media/ullmann/HDDGabriel/research/engines/gameplay/gameplay/src/lua/lua_AudioSource.cpp,1,0,1
/media/ullmann/HDDGabriel/research/engines/gameplay/gameplay/src/lua/lua_AudioSource.h,0,2,2
/media/ullmann/HDDGabriel/research/engines/gameplay/external-deps/include/BulletCollision/CollisionShapes/btStaticPlaneShape.h,1,1,2
/media/ullmann/HDDGabriel/research/engines/gameplay/external-deps/include/BulletCollision/CollisionShapes/btConcaveShape.h,2,5,7
/media/ullmann/HDDGabriel/research/engines/gameplay/gameplay/src/Button.cpp,3,0,3
/media/ullmann/HDDGabriel/research/engines/gameplay/gameplay/src/Button.h,5,9,14
/media/ullmann/HDDGabriel/research/engines/gameplay/gameplay-deps/libjson-7.6.1/_internal/TestSuite/TestInspectors.cpp,2,0,2
/media/ullmann/HDDGabriel/research/engines/gameplay/gameplay-deps/libjson-7.6.1/_internal/Source/JSONNode.h,2,19,21
/media/ullmann/HDDGabriel/research/engines/gameplay/gameplay/src/PhysicsController.cpp,8,0,8
/media/ullmann/HDDGabriel/research/engines/gameplay/gameplay/src/Bundle.h,5,6,11
/media/ullmann/HDDGabriel/research/engines/gameplay/tools/encoder/src/FBXUtil.h,5,2,7
/media/ullmann/HDDGabriel/research/engines/gameplay/tools/encoder/src/Animation.h,2,6,8
/media/ullmann/HDDGabriel/research/engines/gameplay/gameplay-deps/curl-7.39.0/lib/curl_ntlm.c,12,0,12
/media/ullmann/HDDGabriel/research/engines/gameplay/gameplay-deps/freetype-2.4.5/src/gxvalid/gxvalid.c,22,0,22
/media/ullmann/HDDGabriel/research/engines/gameplay/gameplay-deps/freetype-2.4.5/src/gxvalid/gxvmorx.c,1,1,2
/media/ullmann/HDDGabriel/research/engines/gameplay/gameplay-deps/bullet-2.82-r2704/Extras/sph/common/mesh.cpp,3,0,3
/media/ullmann/HDDGabriel/research/engines/gameplay/gameplay-deps/bullet-2.82-r2704/Extras/sph/common/mdebug.h,0,4,4
/media/ullmann/HDDGabriel/research/engines/gameplay/gameplay-deps/libjson-7.6.1/_internal/TestSuite/TestConverters.cpp,3,0,3
/media/ullmann/HDDGabriel/research/engines/gameplay/gameplay-deps/libjson-7.6.1/_internal/Source/JSONStats.h,1,2,3
/media/ullmann/HDDGabriel/research/engines/gameplay/gameplay-deps/libjson-7.6.1/JSONOptions.h,0,5,5
/media/ullmann/HDDGabriel/research/engines/gameplay/gameplay/src/FrameBuffer.h,4,4,8
/media/ullmann/HDDGabriel/research/engines/gameplay/gameplay/src/DepthStencilTarget.h,2,3,5
/media/ullmann/HDDGabriel/research/engines/gameplay/gameplay/src/Matrix.cpp,5,0,5
/media/ullmann/HDDGabriel/research/engines/gameplay/gameplay/src/Matrix.h,3,13,16
/media/ullmann/HDDGabriel/research/engines/gameplay/gameplay-deps/bullet-2.82-r2704/Extras/sph/common/image.cpp,2,0,2
/media/ullmann/HDDGabriel/research/engines/gameplay/gameplay-deps/bullet-2.82-r2704/Extras/sph/common/gl_helper.h,0,3,3
/media/ullmann/HDDGabriel/research/engines/gameplay/gameplay-deps/freetype-2.4.5/src/gxvalid/gxvmorx1.c,1,1,2
/media/ullmann/HDDGabriel/research/engines/gameplay/gameplay/src/Form.h,10,12,22
/media/ullmann/HDDGabriel/research/engines/gameplay/gameplay/src/Node.h,14,36,50
/media/ullmann/HDDGabriel/research/engines/gameplay/gameplay-deps/bullet-2.82-r2704/Extras/CDTestFramework/Opcode/OPC_AABBCollider.cpp,2,0,2
/media/ullmann/HDDGabriel/research/engines/gameplay/gameplay-deps/bullet-2.82-r2704/Extras/CDTestFramework/Opcode/OPC_TriBoxOverlap.h,0,3,3
/media/ullmann/HDDGabriel/research/engines/gameplay/external-deps/include/vectormath/sse/vectormath_aos.h,6,0,6
/media/ullmann/HDDGabriel/research/engines/gameplay/external-deps/include/vectormath/sse/vec_aos.h,0,1,1
/media/ullmann/HDDGabriel/research/engines/gameplay/gameplay/src/lua/lua_AnimationTarget.h,0,2,2
/media/ullmann/HDDGabriel/research/engines/gameplay/gameplay-deps/curl-7.39.0/lib/vtls/curl_darwinssl.c,2,0,2
/media/ullmann/HDDGabriel/research/engines/gameplay/gameplay-deps/curl-7.39.0/lib/vtls/vtls.h,9,31,40
/media/ullmann/HDDGabriel/research/engines/gameplay/gameplay-deps/curl-7.39.0/lib/share.c,6,0,6
/media/ullmann/HDDGabriel/research/engines/gameplay/gameplay/src/Game.cpp,10,0,10
/media/ullmann/HDDGabriel/research/engines/gameplay/gameplay/src/SceneLoader.h,5,3,8
/media/ullmann/HDDGabriel/research/engines/gameplay/gameplay-deps/freetype-2.4.5/src/type1/t1objs.c,4,1,5
/media/ullmann/HDDGabriel/research/engines/gameplay/gameplay-deps/freetype-2.4.5/src/type1/t1afm.h,1,3,4
/media/ullmann/HDDGabriel/research/engines/gameplay/gameplay-deps/bullet-2.82-r2704/src/BulletMultiThreaded/SpuCollisionObjectWrapper.h,1,1,2
/media/ullmann/HDDGabriel/research/engines/gameplay/gameplay-deps/bullet-2.82-r2704/src/BulletMultiThreaded/PlatformDefinitions.h,1,19,20
/media/ullmann/HDDGabriel/research/engines/gameplay/tools/encoder/src/Node.cpp,4,0,4
/media/ullmann/HDDGabriel/research/engines/gameplay/tools/encoder/src/Node.h,4,6,10
/media/ullmann/HDDGabriel/research/engines/gameplay/gameplay-deps/bullet-2.82-r2704/src/BulletCollision/BroadphaseCollision/btBroadphaseInterface.h,1,3,4
/media/ullmann/HDDGabriel/research/engines/gameplay/gameplay-deps/curl-7.39.0/lib/http_digest.c,12,0,12
/media/ullmann/HDDGabriel/research/engines/gameplay/gameplay-deps/curl-7.39.0/lib/http_digest.h,1,4,5
/media/ullmann/HDDGabriel/research/engines/gameplay/gameplay/src/lua/lua_Frustum.h,0,2,2
/media/ullmann/HDDGabriel/research/engines/gameplay/gameplay-deps/freetype-2.4.5/src/smooth/ftsmooth.c,4,1,5
/media/ullmann/HDDGabriel/research/engines/gameplay/gameplay-deps/freetype-2.4.5/src/smooth/ftsmooth.h,0,1,1
/media/ullmann/HDDGabriel/research/engines/gameplay/gameplay-deps/lua-5.2.3/src/lobject.h,2,29,31
/media/ullmann/HDDGabriel/research/engines/gameplay/gameplay-deps/freetype-2.4.5/src/truetype/ttgxvar.c,3,1,4
/media/ullmann/HDDGabriel/research/engines/gameplay/gameplay-deps/freetype-2.4.5/src/truetype/ttgxvar.h,1,5,6
/media/ullmann/HDDGabriel/research/engines/gameplay/external-deps/include/BulletCollision/BroadphaseCollision/btAxisSweep3.h,5,1,6
/media/ullmann/HDDGabriel/research/engines/gameplay/external-deps/include/BulletCollision/BroadphaseCollision/btOverlappingPairCache.h,3,3,6
/media/ullmann/HDDGabriel/research/engines/gameplay/gameplay-deps/freetype-2.4.5/src/type1/t1gload.h,1,3,4
/media/ullmann/HDDGabriel/research/engines/gameplay/gameplay-deps/bullet-2.82-r2704/src/BulletDynamics/ConstraintSolver/btContactConstraint.cpp,3,0,3
/media/ullmann/HDDGabriel/research/engines/gameplay/gameplay-deps/bullet-2.82-r2704/src/BulletDynamics/ConstraintSolver/btJacobianEntry.h,0,9,9
/media/ullmann/HDDGabriel/research/engines/gameplay/tools/encoder/src/GPBDecoder.cpp,2,0,2
/media/ullmann/HDDGabriel/research/engines/gameplay/gameplay-deps/bullet-2.82-r2704/Demos/Gpu2dDemo/btGpuDemoDynamicsWorld.h,1,3,4
/media/ullmann/HDDGabriel/research/engines/gameplay/gameplay-deps/bullet-2.82-r2704/Demos/Gpu2dDemo/btGpuDemo2dSharedTypes.h,0,2,2
/media/ullmann/HDDGabriel/research/engines/gameplay/gameplay-deps/zlib-1.2.8/trees.c,2,0,2
/media/ullmann/HDDGabriel/research/engines/gameplay/gameplay-deps/zlib-1.2.8/deflate.h,1,2,3
/media/ullmann/HDDGabriel/research/engines/gameplay/gameplay/src/PhysicsRigidBody.h,6,15,21
/media/ullmann/HDDGabriel/research/engines/gameplay/gameplay-deps/freetype-2.4.5/src/otvalid/otvbase.c,2,1,3
/media/ullmann/HDDGabriel/research/engines/gameplay/gameplay-deps/freetype-2.4.5/src/pshinter/pshrec.h,1,3,4
/media/ullmann/HDDGabriel/research/engines/gameplay/gameplay-deps/freetype-2.4.5/src/pshinter/pshglob.h,0,3,3
/media/ullmann/HDDGabriel/research/engines/gameplay/gameplay/src/lua/lua_ParticleEmitter.h,0,2,2
/media/ullmann/HDDGabriel/research/engines/gameplay/gameplay/src/lua/lua_AIAgentListener.cpp,1,0,1
/media/ullmann/HDDGabriel/research/engines/gameplay/gameplay/src/lua/lua_AIAgentListener.h,0,2,2
/media/ullmann/HDDGabriel/research/engines/gameplay/gameplay-deps/lua-5.2.3/src/lcode.c,13,0,13
/media/ullmann/HDDGabriel/research/engines/gameplay/external-deps/include/json/_internal/Source/internalJSONNode.h,5,1,6
/media/ullmann/HDDGabriel/research/engines/gameplay/external-deps/include/json/_internal/Source/JSONGlobals.h,1,2,3
/media/ullmann/HDDGabriel/research/engines/gameplay/gameplay-deps/freetype-2.4.5/src/autofit/afloader.c,4,1,5
/media/ullmann/HDDGabriel/research/engines/gameplay/gameplay-deps/freetype-2.4.5/src/autofit/aferrors.h,0,8,8
/media/ullmann/HDDGabriel/research/engines/gameplay/gameplay-deps/lua-5.2.3/src/lparser.h,3,5,8
/media/ullmann/HDDGabriel/research/engines/gameplay/gameplay-deps/bullet-2.82-r2704/src/BulletMultiThreaded/GpuSoftBodySolvers/OpenCL/btSoftBodySolver_OpenCL.cpp,13,0,13
/media/ullmann/HDDGabriel/research/engines/gameplay/gameplay-deps/bullet-2.82-r2704/src/BulletMultiThreaded/GpuSoftBodySolvers/OpenCL/OpenCLC10/Integrate.cl,0,3,3
/media/ullmann/HDDGabriel/research/engines/gameplay/gameplay-deps/curl-7.39.0/src/tool_cb_prg.c,4,0,4
/media/ullmann/HDDGabriel/research/engines/gameplay/external-deps/include/BulletCollision/CollisionDispatch/btConvexConcaveCollisionAlgorithm.h,2,0,2
/media/ullmann/HDDGabriel/research/engines/gameplay/external-deps/include/BulletCollision/CollisionDispatch/btActivatingCollisionAlgorithm.h,0,7,7
/media/ullmann/HDDGabriel/research/engines/gameplay/gameplay-deps/zlib-1.2.8/contrib/minizip/mztools.h,1,0,1
/media/ullmann/HDDGabriel/research/engines/gameplay/gameplay-deps/zlib-1.2.8/contrib/minizip/unzip.h,1,4,5
/media/ullmann/HDDGabriel/research/engines/gameplay/gameplay-deps/bullet-2.82-r2704/Extras/CDTestFramework/Opcode/OPC_SphereCollider.cpp,2,0,2
/media/ullmann/HDDGabriel/research/engines/gameplay/gameplay-deps/bullet-2.82-r2704/Extras/CDTestFramework/Opcode/OPC_SphereAABBOverlap.h,0,1,1
/media/ullmann/HDDGabriel/research/engines/gameplay/gameplay/src/lua/lua_PhysicsCollisionObject.h,0,2,2
/media/ullmann/HDDGabriel/research/engines/gameplay/gameplay-deps/freetype-2.4.5/src/raster/raster.c,3,0,3
/media/ullmann/HDDGabriel/research/engines/gameplay/gameplay-deps/freetype-2.4.5/src/raster/rastpic.c,1,1,2
/media/ullmann/HDDGabriel/research/engines/gameplay/gameplay-deps/theora-1.1.1/win32/experimental/transcoder/avi2vp3/avi2vp3.c,1,0,1
/media/ullmann/HDDGabriel/research/engines/gameplay/gameplay-deps/theora-1.1.1/win32/experimental/transcoder/avi2vp3/avilib.h,0,2,2
/media/ullmann/HDDGabriel/research/engines/gameplay/gameplay/src/lua/lua_Mouse.h,0,2,2
/media/ullmann/HDDGabriel/research/engines/gameplay/gameplay-deps/bullet-2.82-r2704/Demos/ConvexDecompositionDemo/ConvexDecompositionDemo.h,0,4,4
/media/ullmann/HDDGabriel/research/engines/gameplay/gameplay/src/Frustum.h,3,7,10
/media/ullmann/HDDGabriel/research/engines/gameplay/gameplay-deps/bullet-2.82-r2704/Extras/CDTestFramework/BulletSAPCompleteBoxPruningTest.cpp,6,0,6
/media/ullmann/HDDGabriel/research/engines/gameplay/gameplay-deps/bullet-2.82-r2704/Extras/CDTestFramework/RenderingHelpers.h,0,9,9
/media/ullmann/HDDGabriel/research/engines/gameplay/gameplay/src/Pass.cpp,5,0,5
/media/ullmann/HDDGabriel/research/engines/gameplay/gameplay/src/Pass.h,2,5,7
/media/ullmann/HDDGabriel/research/engines/gameplay/gameplay/src/VertexFormat.cpp,2,0,2
/media/ullmann/HDDGabriel/research/engines/gameplay/gameplay-deps/bullet-2.82-r2704/Demos/CharacterDemo/DynamicCharacterController.cpp,1,0,1
/media/ullmann/HDDGabriel/research/engines/gameplay/gameplay-deps/bullet-2.82-r2704/Demos/CharacterDemo/DynamicCharacterController.h,0,2,2
/media/ullmann/HDDGabriel/research/engines/gameplay/gameplay-deps/freetype-2.4.5/src/gxvalid/gxvmort2.c,1,1,2
/media/ullmann/HDDGabriel/research/engines/gameplay/gameplay-deps/freetype-2.4.5/src/gxvalid/gxvmort.h,2,7,9
/media/ullmann/HDDGabriel/research/engines/gameplay/gameplay-deps/freetype-2.4.5/src/cff/cffload.h,1,5,6
/media/ullmann/HDDGabriel/research/engines/gameplay/gameplay-deps/curl-7.39.0/lib/strtoofft.h,1,13,14
/media/ullmann/HDDGabriel/research/engines/gameplay/gameplay/src/PhysicsGenericConstraint.h,4,5,9
/media/ullmann/HDDGabriel/research/engines/gameplay/gameplay/src/PhysicsGenericConstraint.inl,0,1,1
/media/ullmann/HDDGabriel/research/engines/gameplay/gameplay-deps/freetype-2.4.5/src/otvalid/otvalid.c,8,0,8
/media/ullmann/HDDGabriel/research/engines/gameplay/gameplay-deps/freetype-2.4.5/src/lzw/ftlzw.c,2,0,2
/media/ullmann/HDDGabriel/research/engines/gameplay/gameplay-deps/freetype-2.4.5/src/lzw/ftzopen.h,0,2,2
/media/ullmann/HDDGabriel/research/engines/gameplay/gameplay-deps/libjson-7.6.1/_internal/TestSuite/RunTestSuite2.cpp,26,0,26
/media/ullmann/HDDGabriel/research/engines/gameplay/gameplay-deps/libjson-7.6.1/_internal/TestSuite2/NumberToString/_atof.h,1,2,3
/media/ullmann/HDDGabriel/research/engines/gameplay/gameplay-deps/bullet-2.82-r2704/src/BulletCollision/Gimpact/gim_box_set.h,4,1,5
/media/ullmann/HDDGabriel/research/engines/gameplay/gameplay-deps/bullet-2.82-r2704/src/BulletCollision/Gimpact/gim_tri_collision.h,2,3,5
/media/ullmann/HDDGabriel/research/engines/gameplay/gameplay-deps/lua-5.2.3/src/lfunc.c,6,0,6
/media/ullmann/HDDGabriel/research/engines/gameplay/gameplay-deps/lua-5.2.3/src/lgc.h,2,10,12
/media/ullmann/HDDGabriel/research/engines/gameplay/gameplay-deps/bullet-2.82-r2704/Demos/Gpu2dDemo/oecakeLoader.cpp,1,0,1
/media/ullmann/HDDGabriel/research/engines/gameplay/gameplay/src/lua/lua_Form.h,0,2,2
/media/ullmann/HDDGabriel/research/engines/gameplay/gameplay-deps/libjson-7.6.1/_internal/TestSuite2/NumberToString/getLenSize.cpp,2,0,2
/media/ullmann/HDDGabriel/research/engines/gameplay/gameplay-deps/libjson-7.6.1/_internal/TestSuite2/NumberToString/getLenSize.h,1,2,3
/media/ullmann/HDDGabriel/research/engines/gameplay/gameplay-deps/bullet-2.82-r2704/src/BulletCollision/CollisionDispatch/btConvexPlaneCollisionAlgorithm.cpp,1,0,1
/media/ullmann/HDDGabriel/research/engines/gameplay/gameplay-deps/bullet-2.82-r2704/src/BulletDynamics/ConstraintSolver/btPoint2PointConstraint.h,2,2,4
/media/ullmann/HDDGabriel/research/engines/gameplay/gameplay-deps/bullet-2.82-r2704/src/BulletDynamics/ConstraintSolver/btTypedConstraint.h,1,11,12
/media/ullmann/HDDGabriel/research/engines/gameplay/gameplay-deps/vorbis-1.3.4/lib/bitrate.c,4,0,4
/media/ullmann/HDDGabriel/research/engines/gameplay/gameplay-deps/bullet-2.82-r2704/src/BulletCollision/CollisionDispatch/btSimulationIslandManager.h,2,1,3
/media/ullmann/HDDGabriel/research/engines/gameplay/gameplay-deps/bullet-2.82-r2704/src/BulletCollision/CollisionDispatch/btCollisionObject.h,0,6,6
/media/ullmann/HDDGabriel/research/engines/gameplay/external-deps/include/BulletCollision/CollisionShapes/btTetrahedronShape.h,1,1,2
/media/ullmann/HDDGabriel/research/engines/gameplay/external-deps/include/BulletCollision/CollisionShapes/btPolyhedralConvexShape.h,1,5,6
/media/ullmann/HDDGabriel/research/engines/gameplay/gameplay-deps/curl-7.39.0/lib/nonblock.h,0,4,4
/media/ullmann/HDDGabriel/research/engines/gameplay/gameplay-deps/curl-7.39.0/lib/gopher.c,13,0,13
/media/ullmann/HDDGabriel/research/engines/gameplay/gameplay-deps/curl-7.39.0/lib/gopher.h,0,2,2
/media/ullmann/HDDGabriel/research/engines/gameplay/gameplay-deps/vorbis-1.3.4/lib/mapping0.c,12,0,12
/media/ullmann/HDDGabriel/research/engines/gameplay/gameplay-deps/vorbis-1.3.4/lib/misc.h,0,24,24
/media/ullmann/HDDGabriel/research/engines/gameplay/gameplay-deps/curl-7.39.0/lib/strtok.h,1,7,8
/media/ullmann/HDDGabriel/research/engines/gameplay/external-deps/include/BulletCollision/NarrowPhaseCollision/btVoronoiSimplexSolver.h,1,1,2
/media/ullmann/HDDGabriel/research/engines/gameplay/gameplay-deps/curl-7.39.0/lib/socks_gssapi.c,10,0,10
/media/ullmann/HDDGabriel/research/engines/gameplay/gameplay-deps/curl-7.39.0/lib/rtsp.c,14,0,14
/media/ullmann/HDDGabriel/research/engines/gameplay/gameplay-deps/curl-7.39.0/lib/transfer.h,0,19,19
/media/ullmann/HDDGabriel/research/engines/gameplay/gameplay/src/BoundingBox.h,2,9,11
/media/ullmann/HDDGabriel/research/engines/gameplay/gameplay-deps/libjson-7.6.1/_internal/TestSuite2/JSONDebug/JSON_FAIL_SAFE.h,1,2,3
/media/ullmann/HDDGabriel/research/engines/gameplay/gameplay-deps/bullet-2.82-r2704/Extras/glui/glui_filebrowser.cpp,2,0,2
/media/ullmann/HDDGabriel/research/engines/gameplay/gameplay-deps/bullet-2.82-r2704/Extras/glui/GL/glui.h,0,11,11
/media/ullmann/HDDGabriel/research/engines/gameplay/gameplay-deps/bullet-2.82-r2704/src/BulletCollision/CollisionDispatch/btCollisionObject.cpp,1,0,1
/media/ullmann/HDDGabriel/research/engines/gameplay/gameplay/src/lua/lua_FlowLayout.h,0,2,2
/media/ullmann/HDDGabriel/research/engines/gameplay/gameplay-deps/freetype-2.4.5/src/pfr/pfrsbit.c,3,1,4
/media/ullmann/HDDGabriel/research/engines/gameplay/gameplay-deps/freetype-2.4.5/src/pfr/pfrerror.h,0,6,6
/media/ullmann/HDDGabriel/research/engines/gameplay/external-deps/include/vectormath/sse/floatInVec.h,1,3,4
/media/ullmann/HDDGabriel/research/engines/gameplay/gameplay-deps/curl-7.39.0/lib/multiif.h,0,22,22
/media/ullmann/HDDGabriel/research/engines/gameplay/gameplay-deps/bullet-2.82-r2704/src/BulletCollision/NarrowPhaseCollision/btPersistentManifold.cpp,1,0,1
/media/ullmann/HDDGabriel/research/engines/gameplay/gameplay-deps/bullet-2.82-r2704/src/BulletCollision/NarrowPhaseCollision/btPersistentManifold.h,1,1,2
/media/ullmann/HDDGabriel/research/engines/gameplay/gameplay-deps/curl-7.39.0/lib/easy.c,25,0,25
/media/ullmann/HDDGabriel/research/engines/gameplay/gameplay-deps/curl-7.39.0/lib/hostip6.c,12,0,12
/media/ullmann/HDDGabriel/research/engines/gameplay/gameplay-deps/bullet-2.82-r2704/Demos/OpenGL/DemoApplication.h,2,5,7
/media/ullmann/HDDGabriel/research/engines/gameplay/gameplay-deps/bullet-2.82-r2704/Demos/OpenGL/GlutStuff.h,0,7,7
/media/ullmann/HDDGabriel/research/engines/gameplay/gameplay-deps/bullet-2.82-r2704/src/BulletCollision/NarrowPhaseCollision/btPointCollector.h,1,3,4
/media/ullmann/HDDGabriel/research/engines/gameplay/gameplay-deps/bullet-2.82-r2704/src/BulletCollision/CollisionDispatch/btSphereTriangleCollisionAlgorithm.h,2,1,3
/media/ullmann/HDDGabriel/research/engines/gameplay/gameplay/src/PhysicsCollisionObject.h,3,8,11
/media/ullmann/HDDGabriel/research/engines/gameplay/gameplay/src/Script.h,2,4,6
/media/ullmann/HDDGabriel/research/engines/gameplay/gameplay-deps/libjson-7.6.1/_internal/Source/internalJSONNode.cpp,5,0,5
/media/ullmann/HDDGabriel/research/engines/gameplay/gameplay-deps/freetype-2.4.5/src/pshinter/pshpic.c,1,1,2
/media/ullmann/HDDGabriel/research/engines/gameplay/gameplay-deps/freetype-2.4.5/src/pshinter/pshpic.h,0,2,2
/media/ullmann/HDDGabriel/research/engines/gameplay/gameplay-deps/zlib-1.2.8/contrib/infback9/inflate9.h,0,1,1
/media/ullmann/HDDGabriel/research/engines/gameplay/gameplay/src/RenderTarget.h,2,3,5
/media/ullmann/HDDGabriel/research/engines/gameplay/gameplay-deps/bullet-2.82-r2704/Demos/NativeClient/cube.cc,3,0,3
/media/ullmann/HDDGabriel/research/engines/gameplay/gameplay-deps/bullet-2.82-r2704/Demos/NativeClient/cube.h,2,3,5
/media/ullmann/HDDGabriel/research/engines/gameplay/gameplay-deps/bullet-2.82-r2704/Demos/SliderConstraintDemo/SliderConstraintDemo.cpp,1,0,1
/media/ullmann/HDDGabriel/research/engines/gameplay/gameplay-deps/bullet-2.82-r2704/Demos/SliderConstraintDemo/SliderConstraintDemo.h,0,3,3
/media/ullmann/HDDGabriel/research/engines/gameplay/gameplay-deps/curl-7.39.0/lib/openldap.c,10,0,10
/media/ullmann/HDDGabriel/research/engines/gameplay/gameplay-deps/curl-7.39.0/lib/curl_ldap.h,0,3,3
/media/ullmann/HDDGabriel/research/engines/gameplay/gameplay-deps/freetype-2.4.5/src/cache/ftcmanag.c,3,1,4
/media/ullmann/HDDGabriel/research/engines/gameplay/gameplay-deps/freetype-2.4.5/src/cache/ftcmanag.h,2,5,7
/media/ullmann/HDDGabriel/research/engines/gameplay/tools/encoder/src/ReferenceTable.h,3,2,5
/media/ullmann/HDDGabriel/research/engines/gameplay/gameplay/src/ThemeStyle.h,7,3,10
/media/ullmann/HDDGabriel/research/engines/gameplay/gameplay/src/AnimationTarget.h,2,9,11
/media/ullmann/HDDGabriel/research/engines/gameplay/gameplay-deps/vorbis-1.3.4/lib/lsp.c,6,0,6
/media/ullmann/HDDGabriel/research/engines/gameplay/gameplay-deps/vorbis-1.3.4/lib/lookup.h,0,2,2
/media/ullmann/HDDGabriel/research/engines/gameplay/gameplay-deps/curl-7.39.0/lib/curl_ntlm_core.h,1,2,3
/media/ullmann/HDDGabriel/research/engines/gameplay/gameplay-deps/vorbis-1.3.4/vq/latticetune.c,1,0,1
/media/ullmann/HDDGabriel/research/engines/gameplay/gameplay-deps/vorbis-1.3.4/vq/bookutil.h,1,7,8
/media/ullmann/HDDGabriel/research/engines/gameplay/gameplay-deps/curl-7.39.0/src/tool_paramhlp.c,8,0,8
/media/ullmann/HDDGabriel/research/engines/gameplay/gameplay-deps/curl-7.39.0/src/tool_paramhlp.h,1,4,5
/media/ullmann/HDDGabriel/research/engines/gameplay/gameplay-deps/bullet-2.82-r2704/src/BulletDynamics/ConstraintSolver/btUniversalConstraint.h,2,2,4
/media/ullmann/HDDGabriel/research/engines/gameplay/gameplay-deps/bullet-2.82-r2704/src/BulletDynamics/ConstraintSolver/btGeneric6DofConstraint.h,2,4,6
/media/ullmann/HDDGabriel/research/engines/gameplay/gameplay-deps/bullet-2.82-r2704/src/BulletDynamics/Character/btKinematicCharacterController.cpp,1,0,1
/media/ullmann/HDDGabriel/research/engines/gameplay/gameplay-deps/bullet-2.82-r2704/src/BulletDynamics/Character/btKinematicCharacterController.h,1,1,2
/media/ullmann/HDDGabriel/research/engines/gameplay/gameplay-deps/bullet-2.82-r2704/Demos/OpenGL/GL_ShapeDrawer.h,0,5,5
/media/ullmann/HDDGabriel/research/engines/gameplay/gameplay-deps/curl-7.39.0/lib/hostcheck.h,0,2,2
/media/ullmann/HDDGabriel/research/engines/gameplay/gameplay-deps/curl-7.39.0/lib/security.c,10,0,10
/media/ullmann/HDDGabriel/research/engines/gameplay/gameplay-deps/curl-7.39.0/lib/content_encoding.h,1,5,6
/media/ullmann/HDDGabriel/research/engines/gameplay/gameplay-deps/libjson-7.6.1/_internal/TestSuite2/NumberToString/isNumeric.cpp,2,0,2
/media/ullmann/HDDGabriel/research/engines/gameplay/gameplay-deps/libjson-7.6.1/_internal/TestSuite2/NumberToString/isNumeric.h,1,2,3
/media/ullmann/HDDGabriel/research/engines/gameplay/gameplay-deps/bullet-2.82-r2704/Demos/TerrainDemo/main.cpp,1,0,1
/media/ullmann/HDDGabriel/research/engines/gameplay/gameplay-deps/bullet-2.82-r2704/Demos/TerrainDemo/TerrainDemo.h,0,2,2
/media/ullmann/HDDGabriel/research/engines/gameplay/gameplay-deps/bullet-2.82-r2704/Extras/glui/glui_list.cpp,1,0,1
/media/ullmann/HDDGabriel/research/engines/gameplay/gameplay-deps/bullet-2.82-r2704/Extras/glui/glui_internal_control.h,2,19,21
/media/ullmann/HDDGabriel/research/engines/gameplay/gameplay/src/Keyboard.h,0,5,5
/media/ullmann/HDDGabriel/research/engines/gameplay/gameplay-deps/curl-7.39.0/src/tool_msgs.h,1,13,14
/media/ullmann/HDDGabriel/research/engines/gameplay/gameplay-deps/curl-7.39.0/lib/http.c,33,0,33
/media/ullmann/HDDGabriel/research/engines/gameplay/gameplay-deps/curl-7.39.0/lib/curl_ntlm_wb.h,1,4,5
/media/ullmann/HDDGabriel/research/engines/gameplay/gameplay-deps/curl-7.39.0/lib/vtls/gskit.c,2,0,2
/media/ullmann/HDDGabriel/research/engines/gameplay/gameplay-deps/curl-7.39.0/lib/vtls/gskit.h,0,2,2
/media/ullmann/HDDGabriel/research/engines/gameplay/gameplay-deps/bullet-2.82-r2704/src/BulletMultiThreaded/SequentialThreadSupport.cpp,3,0,3
/media/ullmann/HDDGabriel/research/engines/gameplay/gameplay/src/Plane.cpp,6,0,6
/media/ullmann/HDDGabriel/research/engines/gameplay/gameplay-deps/curl-7.39.0/lib/share.h,3,14,17
/media/ullmann/HDDGabriel/research/engines/gameplay/gameplay-deps/bullet-2.82-r2704/Test/Source/Tests/Test_quat_aos_neon.cpp,1,0,1
/media/ullmann/HDDGabriel/research/engines/gameplay/gameplay-deps/bullet-2.82-r2704/Test/Source/Tests/Test_quat_aos_neon.h,0,1,1
/media/ullmann/HDDGabriel/research/engines/gameplay/gameplay-deps/freetype-2.4.5/src/psaux/psauxmod.c,5,1,6
/media/ullmann/HDDGabriel/research/engines/gameplay/gameplay-deps/freetype-2.4.5/src/psaux/psauxmod.h,0,1,1
/media/ullmann/HDDGabriel/research/engines/gameplay/gameplay-deps/bullet-2.82-r2704/Demos/Benchmarks/Win32BenchmarkDemo.cpp,1,0,1
/media/ullmann/HDDGabriel/research/engines/gameplay/gameplay-deps/bullet-2.82-r2704/Demos/Benchmarks/BenchmarkDemo.h,0,3,3
/media/ullmann/HDDGabriel/research/engines/gameplay/gameplay/src/SceneLoader.cpp,11,0,11
/media/ullmann/HDDGabriel/research/engines/gameplay/gameplay-deps/bullet-2.82-r2704/src/BulletSoftBody/btSoftRigidDynamicsWorld.cpp,5,0,5
/media/ullmann/HDDGabriel/research/engines/gameplay/gameplay-deps/bullet-2.82-r2704/src/BulletSoftBody/btSoftBodyHelpers.h,1,2,3
/media/ullmann/HDDGabriel/research/engines/gameplay/gameplay/src/Technique.h,1,6,7
/media/ullmann/HDDGabriel/research/engines/gameplay/tools/encoder/src/FBXSceneEncoder.h,18,2,20
/media/ullmann/HDDGabriel/research/engines/gameplay/gameplay-deps/bullet-2.82-r2704/Demos/ConcaveConvexcastDemo/ConcaveConvexcastDemo.cpp,1,0,1
/media/ullmann/HDDGabriel/research/engines/gameplay/gameplay-deps/bullet-2.82-r2704/Demos/ConcaveConvexcastDemo/ConcaveConvexcastDemo.h,0,3,3
/media/ullmann/HDDGabriel/research/engines/gameplay/gameplay-deps/freetype-2.4.5/src/base/ftadvanc.c,0,1,1
/media/ullmann/HDDGabriel/research/engines/gameplay/gameplay-deps/png-1.6.15/contrib/gregbook/rpng-win.c,1,0,1
/media/ullmann/HDDGabriel/research/engines/gameplay/gameplay-deps/png-1.6.15/contrib/gregbook/readpng.h,0,4,4
/media/ullmann/HDDGabriel/research/engines/gameplay/gameplay-deps/lua-5.2.3/src/linit.c,3,0,3
/media/ullmann/HDDGabriel/research/engines/gameplay/external-deps/include/LinearMath/btHashMap.h,1,1,2
/media/ullmann/HDDGabriel/research/engines/gameplay/external-deps/include/LinearMath/btAlignedObjectArray.h,2,5,7
/media/ullmann/HDDGabriel/research/engines/gameplay/gameplay-deps/freetype-2.4.5/src/cff/cff.c,7,0,7
/media/ullmann/HDDGabriel/research/engines/gameplay/gameplay-deps/lua-5.2.3/src/lobject.c,9,0,9
/media/ullmann/HDDGabriel/research/engines/gameplay/tools/encoder/src/TTFFontEncoder.cpp,4,0,4
/media/ullmann/HDDGabriel/research/engines/gameplay/tools/encoder/src/GPBFile.h,12,5,17
/media/ullmann/HDDGabriel/research/engines/gameplay/gameplay-deps/freetype-2.4.5/src/cache/ftccache.h,1,1,2
/media/ullmann/HDDGabriel/research/engines/gameplay/external-deps/include/BulletCollision/NarrowPhaseCollision/btGjkConvexCast.h,2,0,2
/media/ullmann/HDDGabriel/research/engines/gameplay/gameplay-deps/freetype-2.4.5/src/pcf/pcfutil.c,1,1,2
/media/ullmann/HDDGabriel/research/engines/gameplay/gameplay-deps/bullet-2.82-r2704/src/BulletCollision/CollisionShapes/btTriangleBuffer.cpp,1,0,1
/media/ullmann/HDDGabriel/research/engines/gameplay/gameplay-deps/bullet-2.82-r2704/src/BulletCollision/CollisionShapes/btTriangleBuffer.h,1,1,2
/media/ullmann/HDDGabriel/research/engines/gameplay/gameplay-deps/bullet-2.82-r2704/src/BulletMultiThreaded/GpuSoftBodySolvers/OpenCL/MiniCL/MiniCLTaskWrap.cpp,10,0,10
/media/ullmann/HDDGabriel/research/engines/gameplay/gameplay-deps/bullet-2.82-r2704/src/BulletMultiThreaded/GpuSoftBodySolvers/OpenCL/OpenCLC10/UpdateNodes.cl,0,3,3
/media/ullmann/HDDGabriel/research/engines/gameplay/gameplay-deps/curl-7.39.0/tests/server/util.h,1,7,8
/media/ullmann/HDDGabriel/research/engines/gameplay/gameplay-deps/curl-7.39.0/tests/server/server_setup.h,0,13,13
/media/ullmann/HDDGabriel/research/engines/gameplay/gameplay/src/CheckBox.cpp,3,0,3
/media/ullmann/HDDGabriel/research/engines/gameplay/external-deps/include/BulletCollision/BroadphaseCollision/btBroadphaseInterface.h,1,3,4
/media/ullmann/HDDGabriel/research/engines/gameplay/gameplay-deps/bullet-2.82-r2704/Test/Source/Tests/Test_v3rotate.cpp,1,0,1
/media/ullmann/HDDGabriel/research/engines/gameplay/gameplay-deps/bullet-2.82-r2704/Test/Source/Tests/Test_v3rotate.h,0,1,1
/media/ullmann/HDDGabriel/research/engines/gameplay/gameplay/src/ScriptController.h,3,11,14
/media/ullmann/HDDGabriel/research/engines/gameplay/gameplay/src/Game.h,14,46,60
/media/ullmann/HDDGabriel/research/engines/gameplay/gameplay/src/lua/lua_Sprite.h,0,2,2
/media/ullmann/HDDGabriel/research/engines/gameplay/gameplay-deps/bullet-2.82-r2704/Demos/OpenGL/DebugCastResult.h,2,0,2
/media/ullmann/HDDGabriel/research/engines/gameplay/external-deps/include/BulletCollision/CollisionShapes/btConvexHullShape.h,1,1,2
/media/ullmann/HDDGabriel/research/engines/gameplay/gameplay-deps/freetype-2.4.5/src/autofit/autofit.c,12,0,12
/media/ullmann/HDDGabriel/research/engines/gameplay/gameplay-deps/freetype-2.4.5/src/autofit/afhints.c,2,1,3
/media/ullmann/HDDGabriel/research/engines/gameplay/gameplay/src/PhysicsConstraint.cpp,5,0,5
/media/ullmann/HDDGabriel/research/engines/gameplay/gameplay-deps/lua-5.2.3/src/llex.c,10,0,10
/media/ullmann/HDDGabriel/research/engines/gameplay/gameplay-deps/lua-5.2.3/src/lzio.h,2,9,11
/media/ullmann/HDDGabriel/research/engines/gameplay/gameplay-deps/freetype-2.4.5/src/truetype/ttgload.h,2,3,5
/media/ullmann/HDDGabriel/research/engines/gameplay/gameplay-deps/freetype-2.4.5/src/truetype/ttobjs.h,0,3,3
/media/ullmann/HDDGabriel/research/engines/gameplay/external-deps/include/BulletCollision/Gimpact/btGImpactQuantizedBvh.h,2,1,3
/media/ullmann/HDDGabriel/research/engines/gameplay/external-deps/include/BulletCollision/Gimpact/btQuantization.h,0,1,1
/media/ullmann/HDDGabriel/research/engines/gameplay/gameplay-deps/theora-1.1.1/lib/x86/mmxidct.c,2,0,2
/media/ullmann/HDDGabriel/research/engines/gameplay/gameplay-deps/theora-1.1.1/lib/x86/x86int.h,1,8,9
/media/ullmann/HDDGabriel/research/engines/gameplay/external-deps/include/BulletDynamics/MLCPSolvers/btSolveProjectedGaussSeidel.h,1,0,1
/media/ullmann/HDDGabriel/research/engines/gameplay/external-deps/include/BulletDynamics/MLCPSolvers/btMLCPSolverInterface.h,0,3,3
/media/ullmann/HDDGabriel/research/engines/gameplay/gameplay-deps/curl-7.39.0/lib/connect.c,19,0,19
/media/ullmann/HDDGabriel/research/engines/gameplay/gameplay-deps/curl-7.39.0/lib/multihandle.h,0,4,4
/media/ullmann/HDDGabriel/research/engines/gameplay/gameplay-deps/freetype-2.4.5/src/autofit/afloader.h,2,2,4
/media/ullmann/HDDGabriel/research/engines/gameplay/gameplay-deps/theora-1.1.1/lib/dequant.h,2,2,4
/media/ullmann/HDDGabriel/research/engines/gameplay/gameplay-deps/theora-1.1.1/lib/quant.h,1,4,5
/media/ullmann/HDDGabriel/research/engines/gameplay/gameplay-deps/curl-7.39.0/lib/x509asn1.c,11,0,11
/media/ullmann/HDDGabriel/research/engines/gameplay/gameplay-deps/freetype-2.4.5/src/autofit/aflatin.c,3,1,4
/media/ullmann/HDDGabriel/research/engines/gameplay/gameplay-deps/bullet-2.82-r2704/src/LinearMath/btMotionState.h,1,1,2
/media/ullmann/HDDGabriel/research/engines/gameplay/external-deps/include/BulletCollision/CollisionShapes/btConvexInternalShape.h,1,6,7
/media/ullmann/HDDGabriel/research/engines/gameplay/gameplay-deps/curl-7.39.0/lib/strtok.c,2,0,2
/media/ullmann/HDDGabriel/research/engines/gameplay/gameplay/src/HeightField.cpp,4,0,4
/media/ullmann/HDDGabriel/research/engines/gameplay/gameplay/src/Image.h,2,8,10
/media/ullmann/HDDGabriel/research/engines/gameplay/gameplay-deps/curl-7.39.0/lib/ldap.c,14,0,14
/media/ullmann/HDDGabriel/research/engines/gameplay/gameplay-deps/freetype-2.4.5/src/cache/ftccback.h,5,7,12
/media/ullmann/HDDGabriel/research/engines/gameplay/gameplay-deps/freetype-2.4.5/src/cache/ftcimage.h,1,3,4
/media/ullmann/HDDGabriel/research/engines/gameplay/gameplay-deps/openal-1.16.0/OpenAL32/Include/alu.h,3,1,4
/media/ullmann/HDDGabriel/research/engines/gameplay/gameplay-deps/openal-1.16.0/OpenAL32/Include/alBuffer.h,1,2,3
/media/ullmann/HDDGabriel/research/engines/gameplay/gameplay/src/lua/lua_ScriptTargetEventRegistry.cpp,1,0,1
/media/ullmann/HDDGabriel/research/engines/gameplay/gameplay/src/lua/lua_ScriptTargetEventRegistry.h,0,2,2
/media/ullmann/HDDGabriel/research/engines/gameplay/gameplay-deps/theora-1.1.1/lib/tokenize.c,1,0,1
/media/ullmann/HDDGabriel/research/engines/gameplay/gameplay-deps/theora-1.1.1/lib/encint.h,5,12,17
/media/ullmann/HDDGabriel/research/engines/gameplay/gameplay-deps/bullet-2.82-r2704/Extras/Serialize/BulletFileLoader/bDNA.cpp,2,0,2
/media/ullmann/HDDGabriel/research/engines/gameplay/gameplay-deps/bullet-2.82-r2704/Extras/Serialize/BulletFileLoader/bDNA.h,1,3,4
/media/ullmann/HDDGabriel/research/engines/gameplay/gameplay-deps/freetype-2.4.5/src/sfnt/ttmtx.c,2,1,3
/media/ullmann/HDDGabriel/research/engines/gameplay/gameplay-deps/freetype-2.4.5/src/sfnt/sferrors.h,0,10,10
/media/ullmann/HDDGabriel/research/engines/gameplay/gameplay-deps/bullet-2.82-r2704/Extras/HACD/hacdManifoldMesh.h,3,2,5
/media/ullmann/HDDGabriel/research/engines/gameplay/gameplay-deps/bullet-2.82-r2704/Extras/HACD/hacdVector.h,2,4,6
/media/ullmann/HDDGabriel/research/engines/gameplay/gameplay-deps/bullet-2.82-r2704/src/LinearMath/btDefaultMotionState.h,1,1,2
/media/ullmann/HDDGabriel/research/engines/gameplay/gameplay-deps/curl-7.39.0/tests/libtest/lib539.c,1,0,1
/media/ullmann/HDDGabriel/research/engines/gameplay/gameplay-deps/openal-1.16.0/OpenAL32/Include/alListener.h,1,0,1
/media/ullmann/HDDGabriel/research/engines/gameplay/gameplay-deps/openal-1.16.0/OpenAL32/Include/alMain.h,0,10,10
/media/ullmann/HDDGabriel/research/engines/gameplay/gameplay/src/CheckBox.h,4,5,9
/media/ullmann/HDDGabriel/research/engines/gameplay/gameplay-deps/bullet-2.82-r2704/Extras/HACD/hacdGraph.h,3,3,6
/media/ullmann/HDDGabriel/research/engines/gameplay/gameplay/src/Text.cpp,4,0,4
/media/ullmann/HDDGabriel/research/engines/gameplay/gameplay-deps/freetype-2.4.5/src/autofit/aflatin2.c,4,1,5
/media/ullmann/HDDGabriel/research/engines/gameplay/gameplay-deps/freetype-2.4.5/src/autofit/aflatin2.h,1,3,4
/media/ullmann/HDDGabriel/research/engines/gameplay/tools/encoder/src/MeshSkin.h,5,3,8
/media/ullmann/HDDGabriel/research/engines/gameplay/tools/encoder/src/Scene.cpp,2,0,2
/media/ullmann/HDDGabriel/research/engines/gameplay/gameplay-deps/lua-5.2.3/src/lcode.h,4,3,7
/media/ullmann/HDDGabriel/research/engines/gameplay/gameplay-deps/bullet-2.82-r2704/Demos/BulletXmlImportDemo/Win32BulletXmlImportDemo.cpp,1,0,1
/media/ullmann/HDDGabriel/research/engines/gameplay/gameplay-deps/bullet-2.82-r2704/Demos/BulletXmlImportDemo/BulletXmlImportDemo.h,0,3,3
/media/ullmann/HDDGabriel/research/engines/gameplay/gameplay-deps/bullet-2.82-r2704/Extras/CDTestFramework/AntTweakBar/src/TwDirect3D11.cpp,5,0,5
/media/ullmann/HDDGabriel/research/engines/gameplay/gameplay-deps/bullet-2.82-r2704/Extras/CDTestFramework/AntTweakBar/src/TwPrecomp.h,0,12,12
/media/ullmann/HDDGabriel/research/engines/gameplay/gameplay-deps/vorbis-1.3.4/lib/analysis.c,5,0,5
/media/ullmann/HDDGabriel/research/engines/gameplay/gameplay/src/Vector3.cpp,3,0,3
/media/ullmann/HDDGabriel/research/engines/gameplay/gameplay/src/MathUtil.h,2,5,7
/media/ullmann/HDDGabriel/research/engines/gameplay/gameplay-deps/bullet-2.82-r2704/src/BulletDynamics/Featherstone/btMultiBodyConstraintSolver.cpp,3,0,3
/media/ullmann/HDDGabriel/research/engines/gameplay/gameplay-deps/bullet-2.82-r2704/src/BulletDynamics/Featherstone/btMultiBodyLinkCollider.h,1,6,7
/media/ullmann/HDDGabriel/research/engines/gameplay/gameplay-deps/curl-7.39.0/lib/sendf.c,11,0,11
/media/ullmann/HDDGabriel/research/engines/gameplay/gameplay-deps/bullet-2.82-r2704/src/BulletCollision/Gimpact/btGImpactCollisionAlgorithm.cpp,2,0,2
/media/ullmann/HDDGabriel/research/engines/gameplay/gameplay-deps/bullet-2.82-r2704/src/BulletCollision/Gimpact/btGImpactCollisionAlgorithm.h,1,1,2
/media/ullmann/HDDGabriel/research/engines/gameplay/gameplay-deps/bullet-2.82-r2704/src/BulletCollision/CollisionShapes/btTriangleMeshShape.cpp,2,0,2
/media/ullmann/HDDGabriel/research/engines/gameplay/gameplay-deps/bullet-2.82-r2704/src/BulletCollision/CollisionShapes/btStridingMeshInterface.h,2,5,7
/media/ullmann/HDDGabriel/research/engines/gameplay/samples/browser/src/PhysicsCollisionObjectSample.h,1,1,2
/media/ullmann/HDDGabriel/research/engines/gameplay/samples/browser/src/Sample.h,0,21,21
/media/ullmann/HDDGabriel/research/engines/gameplay/external-deps/include/BulletCollision/Gimpact/btGImpactBvh.h,2,1,3
/media/ullmann/HDDGabriel/research/engines/gameplay/external-deps/include/BulletCollision/Gimpact/btTriangleShapeEx.h,3,2,5
/media/ullmann/HDDGabriel/research/engines/gameplay/gameplay-deps/curl-7.39.0/lib/socks_sspi.c,12,0,12
/media/ullmann/HDDGabriel/research/engines/gameplay/gameplay-deps/curl-7.39.0/lib/speedcheck.h,2,9,11
/media/ullmann/HDDGabriel/research/engines/gameplay/external-deps/include/BulletDynamics/ConstraintSolver/btHinge2Constraint.h,2,1,3
/media/ullmann/HDDGabriel/research/engines/gameplay/samples/browser/src/FormsSample.h,1,1,2
/media/ullmann/HDDGabriel/research/engines/gameplay/samples/browser/src/SamplesGame.h,1,24,25
/media/ullmann/HDDGabriel/research/engines/gameplay/gameplay-deps/freetype-2.4.5/src/otvalid/otvjstf.c,3,1,4
/media/ullmann/HDDGabriel/research/engines/gameplay/gameplay-deps/curl-7.39.0/tests/libtest/lib503.c,2,0,2
/media/ullmann/HDDGabriel/research/engines/gameplay/gameplay-deps/bullet-2.82-r2704/Demos/VehicleDemo/main.cpp,1,0,1
/media/ullmann/HDDGabriel/research/engines/gameplay/gameplay-deps/bullet-2.82-r2704/Demos/VehicleDemo/VehicleDemo.h,0,2,2
/media/ullmann/HDDGabriel/research/engines/gameplay/gameplay-deps/lua-5.2.3/src/llex.h,2,5,7
/media/ullmann/HDDGabriel/research/engines/gameplay/gameplay-deps/bullet-2.82-r2704/src/BulletDynamics/MLCPSolvers/btDantzigSolver.h,2,0,2
/media/ullmann/HDDGabriel/research/engines/gameplay/gameplay-deps/bullet-2.82-r2704/src/BulletDynamics/MLCPSolvers/btDantzigLCP.h,0,2,2
/media/ullmann/HDDGabriel/research/engines/gameplay/gameplay-deps/curl-7.39.0/src/tool_cb_dbg.h,1,2,3
/media/ullmann/HDDGabriel/research/engines/gameplay/samples/browser/src/GamepadSample.cpp,1,0,1
/media/ullmann/HDDGabriel/research/engines/gameplay/samples/browser/src/GamepadSample.h,1,1,2
/media/ullmann/HDDGabriel/research/engines/gameplay/external-deps/include/btBulletDynamicsCommon.h,16,0,16
/media/ullmann/HDDGabriel/research/engines/gameplay/external-deps/include/BulletDynamics/Dynamics/btSimpleDynamicsWorld.h,1,1,2
/media/ullmann/HDDGabriel/research/engines/gameplay/gameplay-deps/theora-1.1.1/tests/comment_theora.c,1,0,1
/media/ullmann/HDDGabriel/research/engines/gameplay/gameplay-deps/bullet-2.82-r2704/Extras/ConvexDecomposition/cd_hull.cpp,2,0,2
/media/ullmann/HDDGabriel/research/engines/gameplay/gameplay-deps/bullet-2.82-r2704/Extras/ConvexDecomposition/float_math.h,0,13,13
/media/ullmann/HDDGabriel/research/engines/gameplay/samples/browser/src/SpriteBatchSample.cpp,2,0,2
/media/ullmann/HDDGabriel/research/engines/gameplay/samples/browser/src/SpriteBatchSample.h,1,1,2
/media/ullmann/HDDGabriel/research/engines/gameplay/gameplay-deps/lua-5.2.3/src/ldo.h,3,14,17
/media/ullmann/HDDGabriel/research/engines/gameplay/gameplay-deps/bullet-2.82-r2704/src/LinearMath/btConvexHull.cpp,4,0,4
/media/ullmann/HDDGabriel/research/engines/gameplay/gameplay-deps/bullet-2.82-r2704/src/LinearMath/btAlignedObjectArray.h,2,7,9
/media/ullmann/HDDGabriel/research/engines/gameplay/gameplay/src/lua/lua_VertexFormatElement.cpp,1,0,1
/media/ullmann/HDDGabriel/research/engines/gameplay/gameplay/src/lua/lua_VertexFormatElement.h,0,2,2
/media/ullmann/HDDGabriel/research/engines/gameplay/tools/encoder/src/Scene.h,3,3,6
/media/ullmann/HDDGabriel/research/engines/gameplay/gameplay-deps/freetype-2.4.5/src/cid/type1cid.c,5,0,5
/media/ullmann/HDDGabriel/research/engines/gameplay/gameplay-deps/freetype-2.4.5/src/cid/cidriver.c,3,1,4
/media/ullmann/HDDGabriel/research/engines/gameplay/gameplay-deps/vorbis-1.3.4/lib/lpc.c,5,0,5
/media/ullmann/HDDGabriel/research/engines/gameplay/gameplay-deps/png-1.6.15/pngread.c,1,0,1
/media/ullmann/HDDGabriel/research/engines/gameplay/gameplay-deps/png-1.6.15/pngpriv.h,4,19,23
/media/ullmann/HDDGabriel/research/engines/gameplay/gameplay-deps/bullet-2.82-r2704/src/BulletCollision/BroadphaseCollision/btBroadphaseProxy.h,0,4,4
/media/ullmann/HDDGabriel/research/engines/gameplay/gameplay-deps/bullet-2.82-r2704/Extras/Serialize/BulletWorldImporter/btBulletWorldImporter.cpp,2,0,2
/media/ullmann/HDDGabriel/research/engines/gameplay/gameplay-deps/bullet-2.82-r2704/Demos/NativeClient/tumbler.cc,4,0,4
/media/ullmann/HDDGabriel/research/engines/gameplay/gameplay-deps/bullet-2.82-r2704/Demos/NativeClient/tumbler.h,4,2,6
/media/ullmann/HDDGabriel/research/engines/gameplay/gameplay/src/AnimationClip.cpp,7,0,7
/media/ullmann/HDDGabriel/research/engines/gameplay/gameplay-deps/bullet-2.82-r2704/Demos/MovingConcaveDemo/ConcavePhysicsDemo.cpp,1,0,1
/media/ullmann/HDDGabriel/research/engines/gameplay/gameplay-deps/bullet-2.82-r2704/Demos/MovingConcaveDemo/ConcaveDemo.h,0,1,1
/media/ullmann/HDDGabriel/research/engines/gameplay/gameplay/src/lua/lua_Layout.cpp,1,0,1
/media/ullmann/HDDGabriel/research/engines/gameplay/gameplay/src/lua/lua_Layout.h,0,2,2
/media/ullmann/HDDGabriel/research/engines/gameplay/gameplay-deps/bullet-2.82-r2704/src/BulletDynamics/ConstraintSolver/btHingeConstraint.h,2,2,4
/media/ullmann/HDDGabriel/research/engines/gameplay/gameplay-deps/bullet-2.82-r2704/Extras/ConvexDecomposition/splitplane.cpp,10,0,10
/media/ullmann/HDDGabriel/research/engines/gameplay/gameplay-deps/bullet-2.82-r2704/src/BulletCollision/Gimpact/btGImpactBvh.h,2,2,4
/media/ullmann/HDDGabriel/research/engines/gameplay/gameplay-deps/bullet-2.82-r2704/src/BulletCollision/Gimpact/btTriangleShapeEx.h,3,3,6
/media/ullmann/HDDGabriel/research/engines/gameplay/gameplay/src/Material.h,3,9,12
/media/ullmann/HDDGabriel/research/engines/gameplay/gameplay-deps/bullet-2.82-r2704/src/BulletMultiThreaded/SpuSampleTask/SpuSampleTask.cpp,3,0,3
/media/ullmann/HDDGabriel/research/engines/gameplay/gameplay-deps/vorbis-1.3.4/lib/vorbisenc.c,12,0,12
/media/ullmann/HDDGabriel/research/engines/gameplay/gameplay-deps/vorbis-1.3.4/lib/modes/setup_22.h,0,1,1
/media/ullmann/HDDGabriel/research/engines/gameplay/gameplay-deps/libjson-7.6.1/_internal/Source/libjson.cpp,1,0,1
/media/ullmann/HDDGabriel/research/engines/gameplay/gameplay-deps/libjson-7.6.1/libjson.h,1,3,4
/media/ullmann/HDDGabriel/research/engines/gameplay/gameplay-deps/bullet-2.82-r2704/src/BulletCollision/Gimpact/gim_tri_collision.cpp,1,0,1
/media/ullmann/HDDGabriel/research/engines/gameplay/gameplay-deps/theora-1.1.1/lib/x86/mmxfdct.c,1,0,1
/media/ullmann/HDDGabriel/research/engines/gameplay/gameplay-deps/theora-1.1.1/lib/x86/x86enc.h,2,5,7
/media/ullmann/HDDGabriel/research/engines/gameplay/gameplay-deps/bullet-2.82-r2704/Demos/MultiThreadedDemo/MultiThreadedDemo.cpp,1,0,1
/media/ullmann/HDDGabriel/research/engines/gameplay/gameplay-deps/bullet-2.82-r2704/Demos/MultiThreadedDemo/MultiThreadedDemo.h,0,2,2
/media/ullmann/HDDGabriel/research/engines/gameplay/gameplay-deps/curl-7.39.0/lib/fileinfo.c,5,0,5
/media/ullmann/HDDGabriel/research/engines/gameplay/gameplay-deps/curl-7.39.0/lib/strdup.h,1,5,6
/media/ullmann/HDDGabriel/research/engines/gameplay/gameplay/src/TileSet.h,7,4,11
/media/ullmann/HDDGabriel/research/engines/gameplay/gameplay/src/SpriteBatch.h,7,7,14
/media/ullmann/HDDGabriel/research/engines/gameplay/gameplay/src/Layout.h,3,7,10
/media/ullmann/HDDGabriel/research/engines/gameplay/gameplay-deps/curl-7.39.0/src/tool_urlglob.h,1,2,3
/media/ullmann/HDDGabriel/research/engines/gameplay/gameplay-deps/bullet-2.82-r2704/Demos/OpenCLClothDemo/cl_cloth_demo.cpp,4,0,4
/media/ullmann/HDDGabriel/research/engines/gameplay/gameplay-deps/bullet-2.82-r2704/Demos/OpenGL/GLDebugDrawer.h,0,4,4
/media/ullmann/HDDGabriel/research/engines/gameplay/gameplay-deps/freetype-2.4.5/src/type1/t1errors.h,0,6,6
/media/ullmann/HDDGabriel/research/engines/gameplay/external-deps/include/vectormath/sse/vecidx_aos.h,1,1,2
/media/ullmann/HDDGabriel/research/engines/gameplay/gameplay-deps/curl-7.39.0/lib/escape.h,0,9,9
/media/ullmann/HDDGabriel/research/engines/gameplay/gameplay-deps/freetype-2.4.5/src/cff/cffgload.c,4,1,5
/media/ullmann/HDDGabriel/research/engines/gameplay/gameplay-deps/curl-7.39.0/lib/cookie.c,14,0,14
/media/ullmann/HDDGabriel/research/engines/gameplay/gameplay-deps/curl-7.39.0/lib/strequal.h,0,21,21
/media/ullmann/HDDGabriel/research/engines/gameplay/gameplay-deps/curl-7.39.0/lib/non-ascii.h,2,15,17
/media/ullmann/HDDGabriel/research/engines/gameplay/gameplay/src/Drawable.h,0,10,10
/media/ullmann/HDDGabriel/research/engines/gameplay/gameplay-deps/bullet-2.82-r2704/src/BulletMultiThreaded/SpuNarrowPhaseCollisionTask/boxBoxDistance.cpp,2,0,2
/media/ullmann/HDDGabriel/research/engines/gameplay/gameplay-deps/bullet-2.82-r2704/src/BulletCollision/CollisionShapes/btPolyhedralConvexShape.h,1,5,6
/media/ullmann/HDDGabriel/research/engines/gameplay/gameplay/src/lua/lua_AIStateMachine.h,0,2,2
/media/ullmann/HDDGabriel/research/engines/gameplay/gameplay-deps/lua-5.2.3/src/ldo.c,17,0,17
/media/ullmann/HDDGabriel/research/engines/gameplay/gameplay-deps/lua-5.2.3/src/lapi.h,2,4,6
/media/ullmann/HDDGabriel/research/engines/gameplay/gameplay-deps/freetype-2.4.5/src/bdf/bdfdrivr.h,1,1,2
/media/ullmann/HDDGabriel/research/engines/gameplay/gameplay-deps/freetype-2.4.5/src/bdf/bdf.h,0,3,3
/media/ullmann/HDDGabriel/research/engines/gameplay/gameplay-deps/curl-7.39.0/lib/curl_sasl_sspi.c,8,0,8
/media/ullmann/HDDGabriel/research/engines/gameplay/gameplay-deps/bullet-2.82-r2704/Extras/CDTestFramework/Opcode/OPC_LSSCollider.cpp,2,0,2
/media/ullmann/HDDGabriel/research/engines/gameplay/gameplay-deps/bullet-2.82-r2704/Extras/CDTestFramework/Opcode/OPC_LSSTriOverlap.h,0,1,1
/media/ullmann/HDDGabriel/research/engines/gameplay/gameplay-deps/bullet-2.82-r2704/src/BulletCollision/CollisionShapes/btTetrahedronShape.cpp,1,0,1
/media/ullmann/HDDGabriel/research/engines/gameplay/gameplay-deps/bullet-2.82-r2704/src/BulletCollision/CollisionShapes/btTetrahedronShape.h,1,2,3
/media/ullmann/HDDGabriel/research/engines/gameplay/gameplay-deps/curl-7.39.0/lib/pop3.h,1,2,3
/media/ullmann/HDDGabriel/research/engines/gameplay/gameplay-deps/curl-7.39.0/lib/pingpong.h,1,5,6
/media/ullmann/HDDGabriel/research/engines/gameplay/gameplay-deps/libjson-7.6.1/_internal/TestSuite/main.cpp,3,0,3
/media/ullmann/HDDGabriel/research/engines/gameplay/external-deps/include/vorbis/vorbisfile.h,1,0,1
/media/ullmann/HDDGabriel/research/engines/gameplay/external-deps/include/vorbis/codec.h,0,2,2
/media/ullmann/HDDGabriel/research/engines/gameplay/tools/encoder/src/MeshSubSet.h,3,1,4
/media/ullmann/HDDGabriel/research/engines/gameplay/gameplay-deps/vorbis-1.3.4/lib/modes/setup_8.h,2,1,3
/media/ullmann/HDDGabriel/research/engines/gameplay/gameplay-deps/vorbis-1.3.4/lib/modes/residue_8.h,0,1,1
/media/ullmann/HDDGabriel/research/engines/gameplay/gameplay-deps/vorbis-1.3.4/lib/info.c,7,0,7
/media/ullmann/HDDGabriel/research/engines/gameplay/gameplay-deps/curl-7.39.0/tests/libtest/lib582.c,2,0,2
/media/ullmann/HDDGabriel/research/engines/gameplay/gameplay-deps/curl-7.39.0/lib/file.c,15,0,15
/media/ullmann/HDDGabriel/research/engines/gameplay/gameplay-deps/curl-7.39.0/lib/escape.c,7,0,7
/media/ullmann/HDDGabriel/research/engines/gameplay/gameplay-deps/vorbis-1.3.4/vq/distribution.c,1,0,1
/media/ullmann/HDDGabriel/research/engines/gameplay/gameplay-deps/zlib-1.2.8/zutil.c,2,0,2
/media/ullmann/HDDGabriel/research/engines/gameplay/gameplay-deps/zlib-1.2.8/zutil.h,1,8,9
/media/ullmann/HDDGabriel/research/engines/gameplay/gameplay-deps/vorbis-1.3.4/vq/vqgen.c,2,0,2
/media/ullmann/HDDGabriel/research/engines/gameplay/gameplay-deps/vorbis-1.3.4/vq/vqgen.h,0,1,1
/media/ullmann/HDDGabriel/research/engines/gameplay/gameplay-deps/freetype-2.4.5/src/type1/t1driver.c,5,1,6
/media/ullmann/HDDGabriel/research/engines/gameplay/gameplay-deps/curl-7.39.0/src/tool_help.h,1,2,3
/media/ullmann/HDDGabriel/research/engines/gameplay/gameplay-deps/theora-1.1.1/lib/internal.h,3,12,15
/media/ullmann/HDDGabriel/research/engines/gameplay/external-deps/include/BulletCollision/NarrowPhaseCollision/btPolyhedralContactClipping.h,1,0,1
/media/ullmann/HDDGabriel/research/engines/gameplay/external-deps/include/BulletCollision/NarrowPhaseCollision/btDiscreteCollisionDetectorInterface.h,0,3,3
/media/ullmann/HDDGabriel/research/engines/gameplay/gameplay/src/Gamepad.h,1,8,9
/media/ullmann/HDDGabriel/research/engines/gameplay/gameplay/src/RenderState.h,4,6,10
/media/ullmann/HDDGabriel/research/engines/gameplay/gameplay-deps/png-1.6.15/contrib/libtests/pngvalid.c,2,0,2
/media/ullmann/HDDGabriel/research/engines/gameplay/gameplay-deps/png-1.6.15/png.h,1,13,14
/media/ullmann/HDDGabriel/research/engines/gameplay/gameplay-deps/libjson-7.6.1/_internal/TestSuite2/JSONDebug/JSON_FAIL.h,1,2,3
/media/ullmann/HDDGabriel/research/engines/gameplay/samples/browser/src/FirstPersonCamera.cpp,1,0,1
/media/ullmann/HDDGabriel/research/engines/gameplay/gameplay/src/lua/lua_Logger.cpp,1,0,1
/media/ullmann/HDDGabriel/research/engines/gameplay/gameplay/src/lua/lua_Logger.h,0,2,2
/media/ullmann/HDDGabriel/research/engines/gameplay/gameplay/src/Container.cpp,17,0,17
/media/ullmann/HDDGabriel/research/engines/gameplay/gameplay-deps/curl-7.39.0/lib/curl_base64.h,0,14,14
/media/ullmann/HDDGabriel/research/engines/gameplay/gameplay/src/Bundle.cpp,6,0,6
/media/ullmann/HDDGabriel/research/engines/gameplay/gameplay/src/Joint.h,1,6,7
/media/ullmann/HDDGabriel/research/engines/gameplay/gameplay-deps/curl-7.39.0/lib/hostsyn.c,10,0,10
/media/ullmann/HDDGabriel/research/engines/gameplay/gameplay-deps/bullet-2.82-r2704/Extras/ConvexDecomposition/concavity.cpp,9,0,9
/media/ullmann/HDDGabriel/research/engines/gameplay/gameplay-deps/curl-7.39.0/lib/curl_memrchr.c,4,0,4
/media/ullmann/HDDGabriel/research/engines/gameplay/gameplay-deps/png-1.6.15/contrib/visupng/VisualPng.c,1,0,1
/media/ullmann/HDDGabriel/research/engines/gameplay/gameplay-deps/png-1.6.15/contrib/visupng/resource.h,0,1,1
/media/ullmann/HDDGabriel/research/engines/gameplay/gameplay-deps/curl-7.39.0/lib/vtls/nssg.h,0,4,4
/media/ullmann/HDDGabriel/research/engines/gameplay/gameplay-deps/bullet-2.82-r2704/Extras/CDTestFramework/Terrain.cpp,2,0,2
/media/ullmann/HDDGabriel/research/engines/gameplay/gameplay-deps/bullet-2.82-r2704/Extras/CDTestFramework/Terrain.h,0,5,5
/media/ullmann/HDDGabriel/research/engines/gameplay/gameplay-deps/bullet-2.82-r2704/src/BulletCollision/CollisionDispatch/btCollisionWorld.cpp,2,0,2
/media/ullmann/HDDGabriel/research/engines/gameplay/gameplay-deps/bullet-2.82-r2704/Extras/CDTestFramework/CapsuleMeshQuery.h,2,2,4
/media/ullmann/HDDGabriel/research/engines/gameplay/gameplay-deps/bullet-2.82-r2704/Extras/CDTestFramework/CollisionTest.h,0,9,9
/media/ullmann/HDDGabriel/research/engines/gameplay/gameplay-deps/bullet-2.82-r2704/Demos/FractureDemo/FractureDemo.cpp,3,0,3
/media/ullmann/HDDGabriel/research/engines/gameplay/gameplay-deps/bullet-2.82-r2704/Demos/FractureDemo/FractureDemo.h,0,3,3
/media/ullmann/HDDGabriel/research/engines/gameplay/gameplay-deps/curl-7.39.0/lib/ssh.c,25,0,25
/media/ullmann/HDDGabriel/research/engines/gameplay/gameplay-deps/curl-7.39.0/lib/sockaddr.h,1,5,6
/media/ullmann/HDDGabriel/research/engines/gameplay/gameplay/src/Font.cpp,7,0,7
/media/ullmann/HDDGabriel/research/engines/gameplay/external-deps/include/BulletDynamics/Featherstone/btMultiBodyLinkCollider.h,1,0,1
/media/ullmann/HDDGabriel/research/engines/gameplay/external-deps/include/BulletDynamics/Featherstone/btMultiBody.h,1,2,3
/media/ullmann/HDDGabriel/research/engines/gameplay/gameplay-deps/curl-7.39.0/lib/dict.c,10,0,10
/media/ullmann/HDDGabriel/research/engines/gameplay/gameplay-deps/curl-7.39.0/lib/wildcard.h,0,2,2
/media/ullmann/HDDGabriel/research/engines/gameplay/external-deps/include/BulletDynamics/ConstraintSolver/btGeneric6DofSpringConstraint.h,2,2,4
/media/ullmann/HDDGabriel/research/engines/gameplay/external-deps/include/BulletDynamics/ConstraintSolver/btGeneric6DofConstraint.h,2,3,5
/media/ullmann/HDDGabriel/research/engines/gameplay/gameplay-deps/bullet-2.82-r2704/Extras/Serialize/BulletFileLoader/bFile.cpp,5,0,5
/media/ullmann/HDDGabriel/research/engines/gameplay/gameplay-deps/bullet-2.82-r2704/Extras/Serialize/BulletFileLoader/bFile.h,2,3,5
/media/ullmann/HDDGabriel/research/engines/gameplay/gameplay/src/AudioSource.cpp,6,0,6
/media/ullmann/HDDGabriel/research/engines/gameplay/gameplay-deps/bullet-2.82-r2704/Demos/FeatherstoneMultiBodyDemo/Win32FeatherstoneMultiBodyDemo.cpp,1,0,1
/media/ullmann/HDDGabriel/research/engines/gameplay/gameplay-deps/bullet-2.82-r2704/Demos/FeatherstoneMultiBodyDemo/FeatherstoneMultiBodyDemo.h,0,3,3
/media/ullmann/HDDGabriel/research/engines/gameplay/gameplay-deps/bullet-2.82-r2704/src/BulletMultiThreaded/GpuSoftBodySolvers/OpenCL/OpenCLC10/UpdateFixedVertexPositions.cl,0,3,3
/media/ullmann/HDDGabriel/research/engines/gameplay/gameplay-deps/bullet-2.82-r2704/Extras/ConvexDecomposition/bestfitobb.h,0,3,3
/media/ullmann/HDDGabriel/research/engines/gameplay/tools/encoder/src/Quaternion.h,3,3,6
/media/ullmann/HDDGabriel/research/engines/gameplay/tools/encoder/src/Matrix.h,5,7,12
/media/ullmann/HDDGabriel/research/engines/gameplay/gameplay-deps/openal-1.16.0/include/AL/efx.h,2,1,3
/media/ullmann/HDDGabriel/research/engines/gameplay/gameplay-deps/openal-1.16.0/include/AL/alc.h,0,2,2
/media/ullmann/HDDGabriel/research/engines/gameplay/gameplay-deps/lua-5.2.3/src/lbitlib.c,3,0,3
/media/ullmann/HDDGabriel/research/engines/gameplay/gameplay-deps/lua-5.2.3/src/lauxlib.h,1,15,16
/media/ullmann/HDDGabriel/research/engines/gameplay/gameplay/src/Control.cpp,5,0,5
/media/ullmann/HDDGabriel/research/engines/gameplay/gameplay/src/Theme.h,6,14,20
/media/ullmann/HDDGabriel/research/engines/gameplay/tools/encoder/src/TMXSceneEncoder.h,5,2,7
/media/ullmann/HDDGabriel/research/engines/gameplay/tools/encoder/src/Vector2.h,1,7,8
/media/ullmann/HDDGabriel/research/engines/gameplay/gameplay-deps/bullet-2.82-r2704/src/BulletCollision/CollisionShapes/btConvexShape.cpp,8,0,8
/media/ullmann/HDDGabriel/research/engines/gameplay/gameplay-deps/bullet-2.82-r2704/src/BulletCollision/CollisionShapes/btConvexHullShape.h,1,3,4
/media/ullmann/HDDGabriel/research/engines/gameplay/gameplay-deps/bullet-2.82-r2704/src/BulletMultiThreaded/GpuSoftBodySolvers/OpenCL/OpenCLC10/SolveCollisionsAndUpdateVelocities.cl,0,1,1
/media/ullmann/HDDGabriel/research/engines/gameplay/gameplay-deps/curl-7.39.0/lib/telnet.c,14,0,14
/media/ullmann/HDDGabriel/research/engines/gameplay/gameplay-deps/curl-7.39.0/lib/telnet.h,0,2,2
/media/ullmann/HDDGabriel/research/engines/gameplay/tools/encoder/src/BoundingVolume.h,2,3,5
/media/ullmann/HDDGabriel/research/engines/gameplay/tools/encoder/src/Vector3.h,1,9,10
/media/ullmann/HDDGabriel/research/engines/gameplay/gameplay/src/lua/lua_PhysicsControllerHitFilter.h,0,2,2
/media/ullmann/HDDGabriel/research/engines/gameplay/external-deps/include/LinearMath/btPoolAllocator.h,2,0,2
/media/ullmann/HDDGabriel/research/engines/gameplay/external-deps/include/LinearMath/btScalar.h,0,9,9
/media/ullmann/HDDGabriel/research/engines/gameplay/gameplay-deps/freetype-2.4.5/src/gxvalid/gxvfeat.c,3,1,4
/media/ullmann/HDDGabriel/research/engines/gameplay/gameplay/src/AnimationClip.h,4,4,8
/media/ullmann/HDDGabriel/research/engines/gameplay/gameplay/src/Animation.h,3,7,10
/media/ullmann/HDDGabriel/research/engines/gameplay/gameplay/src/PhysicsGhostObject.cpp,4,0,4
/media/ullmann/HDDGabriel/research/engines/gameplay/gameplay/src/Effect.cpp,4,0,4
/media/ullmann/HDDGabriel/research/engines/gameplay/gameplay-deps/openal-1.16.0/OpenAL32/Include/alMidi.h,1,0,1
/media/ullmann/HDDGabriel/research/engines/gameplay/gameplay-deps/lua-5.2.3/src/lparser.c,13,0,13
/media/ullmann/HDDGabriel/research/engines/gameplay/gameplay-deps/freetype-2.4.5/src/cache/ftcbasic.c,5,1,6
/media/ullmann/HDDGabriel/research/engines/gameplay/gameplay-deps/bullet-2.82-r2704/Extras/CDTestFramework/AntTweakBar/src/TwEventGLUT.c,1,0,1
/media/ullmann/HDDGabriel/research/engines/gameplay/gameplay-deps/bullet-2.82-r2704/Extras/CDTestFramework/AntTweakBar/src/MiniGLUT.h,0,1,1
/media/ullmann/HDDGabriel/research/engines/gameplay/gameplay/src/PhysicsCollisionObject.cpp,11,0,11
/media/ullmann/HDDGabriel/research/engines/gameplay/gameplay-deps/freetype-2.4.5/src/base/ftstream.c,0,1,1
/media/ullmann/HDDGabriel/research/engines/gameplay/external-deps/include/ft2build.h,1,0,1
/media/ullmann/HDDGabriel/research/engines/gameplay/external-deps/include/freetype/config/ftheader.h,0,1,1
/media/ullmann/HDDGabriel/research/engines/gameplay/gameplay/src/lua/lua_BoundingSphere.h,0,2,2
/media/ullmann/HDDGabriel/research/engines/gameplay/gameplay-deps/curl-7.39.0/lib/strerror.h,1,19,20
/media/ullmann/HDDGabriel/research/engines/gameplay/gameplay-deps/freetype-2.4.5/src/smooth/ftsmerrs.h,0,2,2
/media/ullmann/HDDGabriel/research/engines/gameplay/gameplay/src/lua/lua_ScriptTargetEvent.cpp,1,0,1
/media/ullmann/HDDGabriel/research/engines/gameplay/gameplay/src/lua/lua_ScriptTargetEvent.h,0,2,2
/media/ullmann/HDDGabriel/research/engines/gameplay/gameplay/src/lua/lua_TransformListener.cpp,1,0,1
/media/ullmann/HDDGabriel/research/engines/gameplay/gameplay/src/lua/lua_TransformListener.h,0,2,2
/media/ullmann/HDDGabriel/research/engines/gameplay/gameplay-deps/freetype-2.4.5/src/autofit/afwarp.h,1,5,6
/media/ullmann/HDDGabriel/research/engines/gameplay/external-deps/include/BulletCollision/Gimpact/gim_geometry.h,4,1,5
/media/ullmann/HDDGabriel/research/engines/gameplay/gameplay/src/lua/lua_TextureSampler.h,0,2,2
/media/ullmann/HDDGabriel/research/engines/gameplay/gameplay/src/Scene.cpp,8,0,8
/media/ullmann/HDDGabriel/research/engines/gameplay/gameplay-deps/vorbis-1.3.4/lib/modes/setup_16.h,2,1,3
/media/ullmann/HDDGabriel/research/engines/gameplay/gameplay-deps/vorbis-1.3.4/lib/modes/psych_16.h,0,1,1
/media/ullmann/HDDGabriel/research/engines/gameplay/gameplay-deps/curl-7.39.0/lib/easyif.h,0,3,3
/media/ullmann/HDDGabriel/research/engines/gameplay/gameplay-deps/bullet-2.82-r2704/src/LinearMath/btAabbUtil2.h,3,0,3
/media/ullmann/HDDGabriel/research/engines/gameplay/gameplay/src/PhysicsCollisionShape.cpp,8,0,8
/media/ullmann/HDDGabriel/research/engines/gameplay/gameplay-deps/bullet-2.82-r2704/src/BulletSoftBody/btSoftBodyConcaveCollisionAlgorithm.cpp,1,0,1
/media/ullmann/HDDGabriel/research/engines/gameplay/gameplay-deps/bullet-2.82-r2704/src/BulletSoftBody/btSoftBodyConcaveCollisionAlgorithm.h,0,2,2
/media/ullmann/HDDGabriel/research/engines/gameplay/external-deps/include/BulletCollision/BroadphaseCollision/btBroadphaseProxy.h,0,3,3
/media/ullmann/HDDGabriel/research/engines/gameplay/gameplay/src/lua/lua_AudioBuffer.cpp,1,0,1
/media/ullmann/HDDGabriel/research/engines/gameplay/gameplay/src/lua/lua_AudioBuffer.h,0,2,2
/media/ullmann/HDDGabriel/research/engines/gameplay/gameplay/src/PhysicsController.h,10,7,17
/media/ullmann/HDDGabriel/research/engines/gameplay/gameplay-deps/bullet-2.82-r2704/Demos/OpenGL/Win32AppMain.cpp,3,0,3
/media/ullmann/HDDGabriel/research/engines/gameplay/gameplay-deps/bullet-2.82-r2704/Demos/OpenGL/GLDebugFont.h,0,7,7
/media/ullmann/HDDGabriel/research/engines/gameplay/gameplay-deps/libjson-7.6.1/_internal/TestSuite2/JSONValidator/isValidMember.h,1,2,3
/media/ullmann/HDDGabriel/research/engines/gameplay/gameplay-deps/libjson-7.6.1/_internal/TestSuite2/BaseTest.h,1,20,21
/media/ullmann/HDDGabriel/research/engines/gameplay/gameplay-deps/curl-7.39.0/lib/conncache.c,11,0,11
/media/ullmann/HDDGabriel/research/engines/gameplay/gameplay-deps/lua-5.2.3/src/llimits.h,1,7,8
/media/ullmann/HDDGabriel/research/engines/gameplay/gameplay/src/Ray.h,2,4,6
/media/ullmann/HDDGabriel/research/engines/gameplay/gameplay-deps/bullet-2.82-r2704/Demos/ConstraintDemo/ConstraintDemo.h,0,4,4
/media/ullmann/HDDGabriel/research/engines/gameplay/gameplay/src/MeshPart.h,1,8,9
/media/ullmann/HDDGabriel/research/engines/gameplay/gameplay/src/Mesh.h,5,13,18
/media/ullmann/HDDGabriel/research/engines/gameplay/gameplay-deps/bullet-2.82-r2704/src/BulletCollision/CollisionShapes/btEmptyShape.h,2,2,4
/media/ullmann/HDDGabriel/research/engines/gameplay/gameplay-deps/bullet-2.82-r2704/src/BulletCollision/CollisionShapes/btCollisionMargin.h,0,4,4
/media/ullmann/HDDGabriel/research/engines/gameplay/gameplay-deps/freetype-2.4.5/src/gxvalid/gxvfeat.h,2,2,4
/media/ullmann/HDDGabriel/research/engines/gameplay/gameplay-deps/bullet-2.82-r2704/src/BulletSoftBody/btSoftSoftCollisionAlgorithm.cpp,2,0,2
/media/ullmann/HDDGabriel/research/engines/gameplay/gameplay-deps/bullet-2.82-r2704/src/BulletSoftBody/btSoftBody.h,1,6,7
/media/ullmann/HDDGabriel/research/engines/gameplay/gameplay-deps/curl-7.39.0/lib/curl_sasl.c,14,0,14
/media/ullmann/HDDGabriel/research/engines/gameplay/gameplay-deps/curl-7.39.0/lib/curl_md5.h,1,5,6
/media/ullmann/HDDGabriel/research/engines/gameplay/gameplay-deps/bullet-2.82-r2704/Extras/glui/glui_add_controls.cpp,2,0,2
/media/ullmann/HDDGabriel/research/engines/gameplay/gameplay-deps/bullet-2.82-r2704/Extras/glui/glui_internal.h,0,11,11
/media/ullmann/HDDGabriel/research/engines/gameplay/gameplay-deps/bullet-2.82-r2704/src/BulletMultiThreaded/GpuSoftBodySolvers/OpenCL/OpenCLC10/SolvePositions.cl,0,2,2
/media/ullmann/HDDGabriel/research/engines/gameplay/tools/encoder/src/Heightmap.cpp,4,0,4
/media/ullmann/HDDGabriel/research/engines/gameplay/tools/encoder/src/Thread.h,0,1,1
/media/ullmann/HDDGabriel/research/engines/gameplay/gameplay/src/AudioSource.h,3,5,8
/media/ullmann/HDDGabriel/research/engines/gameplay/gameplay/src/lua/lua_Material.h,0,2,2
/media/ullmann/HDDGabriel/research/engines/gameplay/gameplay-deps/bullet-2.82-r2704/Extras/glui/glui_string.cpp,1,0,1
/media/ullmann/HDDGabriel/research/engines/gameplay/gameplay-deps/curl-7.39.0/lib/curl_fnmatch.c,4,0,4
/media/ullmann/HDDGabriel/research/engines/gameplay/gameplay-deps/curl-7.39.0/lib/curl_fnmatch.h,0,2,2
/media/ullmann/HDDGabriel/research/engines/gameplay/external-deps/include/lua/lualib.h,1,1,2
/media/ullmann/HDDGabriel/research/engines/gameplay/external-deps/include/lua/lua.h,1,3,4
/media/ullmann/HDDGabriel/research/engines/gameplay/gameplay-deps/bullet-2.82-r2704/Test/Source/Tests/Test_mindot.cpp,1,0,1
/media/ullmann/HDDGabriel/research/engines/gameplay/gameplay-deps/bullet-2.82-r2704/Test/Source/Tests/Test_mindot.h,0,1,1
/media/ullmann/HDDGabriel/research/engines/gameplay/gameplay-deps/bullet-2.82-r2704/UnitTests/cppunit/src/cppunit/TestResult.cpp,3,0,3
/media/ullmann/HDDGabriel/research/engines/gameplay/gameplay-deps/bullet-2.82-r2704/UnitTests/cppunit/src/cppunit/DefaultProtector.h,0,2,2
/media/ullmann/HDDGabriel/research/engines/gameplay/gameplay-deps/bullet-2.82-r2704/Extras/ConvexDecomposition/vlookup.cpp,2,0,2
/media/ullmann/HDDGabriel/research/engines/gameplay/gameplay-deps/bullet-2.82-r2704/Extras/ConvexDecomposition/vlookup.h,0,4,4
/media/ullmann/HDDGabriel/research/engines/gameplay/external-deps/include/BulletCollision/CollisionDispatch/btCollisionCreateFunc.h,0,6,6
/media/ullmann/HDDGabriel/research/engines/gameplay/gameplay/src/lua/lua_PhysicsCollisionObjectCollisionListener.h,0,2,2
/media/ullmann/HDDGabriel/research/engines/gameplay/gameplay-deps/curl-7.39.0/lib/vtls/openssl.c,2,0,2
/media/ullmann/HDDGabriel/research/engines/gameplay/gameplay-deps/curl-7.39.0/lib/vtls/openssl.h,0,2,2
/media/ullmann/HDDGabriel/research/engines/gameplay/gameplay/src/lua/lua_Properties.h,0,2,2
/media/ullmann/HDDGabriel/research/engines/gameplay/gameplay-deps/curl-7.39.0/lib/pipeline.c,11,0,11
/media/ullmann/HDDGabriel/research/engines/gameplay/gameplay/src/Scene.h,5,14,19
/media/ullmann/HDDGabriel/research/engines/gameplay/gameplay-deps/curl-7.39.0/lib/select.h,1,21,22
/media/ullmann/HDDGabriel/research/engines/gameplay/gameplay-deps/freetype-2.4.5/src/bdf/bdflib.c,2,1,3
/media/ullmann/HDDGabriel/research/engines/gameplay/gameplay-deps/freetype-2.4.5/src/bdf/bdferror.h,0,2,2
/media/ullmann/HDDGabriel/research/engines/gameplay/gameplay-deps/zlib-1.2.8/contrib/infback9/inftree9.h,0,2,2
/media/ullmann/HDDGabriel/research/engines/gameplay/gameplay-deps/bullet-2.82-r2704/src/BulletCollision/CollisionDispatch/btConvexConvexAlgorithm.h,3,1,4
/media/ullmann/HDDGabriel/research/engines/gameplay/gameplay-deps/bullet-2.82-r2704/src/BulletCollision/CollisionDispatch/btActivatingCollisionAlgorithm.h,0,8,8
/media/ullmann/HDDGabriel/research/engines/gameplay/tools/encoder/src/Reference.cpp,2,0,2
/media/ullmann/HDDGabriel/research/engines/gameplay/tools/encoder/src/Reference.h,1,3,4
/media/ullmann/HDDGabriel/research/engines/gameplay/gameplay-deps/vorbis-1.3.4/lib/envelope.c,6,0,6
/media/ullmann/HDDGabriel/research/engines/gameplay/gameplay-deps/curl-7.39.0/src/tool_getparam.c,12,0,12
/media/ullmann/HDDGabriel/research/engines/gameplay/gameplay-deps/curl-7.39.0/src/tool_metalink.h,1,5,6
/media/ullmann/HDDGabriel/research/engines/gameplay/gameplay-deps/curl-7.39.0/tests/libtest/lib523.c,1,0,1
/media/ullmann/HDDGabriel/research/engines/gameplay/gameplay/src/AnimationTarget.cpp,6,0,6
/media/ullmann/HDDGabriel/research/engines/gameplay/gameplay-deps/curl-7.39.0/tests/server/rtspd.c,4,0,4
/media/ullmann/HDDGabriel/research/engines/gameplay/gameplay-deps/vorbis-1.3.4/lib/synthesis.c,4,0,4
/media/ullmann/HDDGabriel/research/engines/gameplay/gameplay-deps/bullet-2.82-r2704/src/BulletMultiThreaded/GpuSoftBodySolvers/DX11/btSoftBodySolver_DX11.cpp,14,0,14
/media/ullmann/HDDGabriel/research/engines/gameplay/gameplay-deps/bullet-2.82-r2704/src/BulletMultiThreaded/GpuSoftBodySolvers/DX11/btSoftBodySolverVertexBuffer_DX11.h,0,4,4
/media/ullmann/HDDGabriel/research/engines/gameplay/gameplay-deps/bullet-2.82-r2704/src/BulletMultiThreaded/GpuSoftBodySolvers/OpenCL/OpenCLC10/UpdatePositionsFromVelocities.cl,0,3,3
/media/ullmann/HDDGabriel/research/engines/gameplay/tools/encoder/src/EncoderArguments.cpp,3,0,3
/media/ullmann/HDDGabriel/research/engines/gameplay/tools/encoder/src/EncoderArguments.h,2,7,9
/media/ullmann/HDDGabriel/research/engines/gameplay/gameplay-deps/bullet-2.82-r2704/Extras/glui/glui_statictext.cpp,1,0,1
/media/ullmann/HDDGabriel/research/engines/gameplay/gameplay-deps/freetype-2.4.5/src/pshinter/pshalgo.h,2,3,5
/media/ullmann/HDDGabriel/research/engines/gameplay/gameplay-deps/zlib-1.2.8/crc32.c,2,0,2
/media/ullmann/HDDGabriel/research/engines/gameplay/gameplay-deps/bullet-2.82-r2704/src/BulletCollision/CollisionShapes/btBvhTriangleMeshShape.h,3,2,5
/media/ullmann/HDDGabriel/research/engines/gameplay/gameplay-deps/vorbis-1.3.4/lib/modes/setup_11.h,1,1,2
/media/ullmann/HDDGabriel/research/engines/gameplay/gameplay-deps/theora-1.1.1/examples/dump_video.c,1,0,1
/media/ullmann/HDDGabriel/research/engines/gameplay/gameplay-deps/theora-1.1.1/examples/getopt.h,0,6,6
/media/ullmann/HDDGabriel/research/engines/gameplay/gameplay-deps/theora-1.1.1/lib/x86/x86state.c,2,0,2
/media/ullmann/HDDGabriel/research/engines/gameplay/gameplay-deps/curl-7.39.0/lib/vtls/gtls.c,2,0,2
/media/ullmann/HDDGabriel/research/engines/gameplay/gameplay/src/lua/lua_PhysicsRigidBody.h,0,2,2
/media/ullmann/HDDGabriel/research/engines/gameplay/external-deps/include/json/_internal/Source/JSONSharedString.h,3,3,6
/media/ullmann/HDDGabriel/research/engines/gameplay/gameplay-deps/png-1.6.15/contrib/gregbook/readpng.c,1,0,1
/media/ullmann/HDDGabriel/research/engines/gameplay/gameplay-deps/theora-1.1.1/lib/x86/x86enc.c,2,0,2
/media/ullmann/HDDGabriel/research/engines/gameplay/gameplay-deps/libjson-7.6.1/_internal/TestSuite2/JSONValidator/isValidString.cpp,3,0,3
/media/ullmann/HDDGabriel/research/engines/gameplay/gameplay-deps/libjson-7.6.1/_internal/TestSuite2/JSONValidator/Resources/validyMacros.h,1,6,7
/media/ullmann/HDDGabriel/research/engines/gameplay/gameplay-deps/curl-7.39.0/tests/libtest/lib554.c,1,0,1
/media/ullmann/HDDGabriel/research/engines/gameplay/gameplay/src/lua/lua_Model.h,0,2,2
/media/ullmann/HDDGabriel/research/engines/gameplay/gameplay-deps/bullet-2.82-r2704/Extras/CDTestFramework/AntTweakBar/src/TwPrecomp.cpp,1,0,1
/media/ullmann/HDDGabriel/research/engines/gameplay/gameplay-deps/bullet-2.82-r2704/Demos/DynamicControlDemo/MotorDemo.h,0,3,3
/media/ullmann/HDDGabriel/research/engines/gameplay/samples/browser/src/Audio3DSample.h,2,1,3
/media/ullmann/HDDGabriel/research/engines/gameplay/gameplay-deps/bullet-2.82-r2704/Demos/ConcaveDemo/main.cpp,1,0,1
/media/ullmann/HDDGabriel/research/engines/gameplay/gameplay-deps/bullet-2.82-r2704/Demos/ConcaveDemo/ConcaveDemo.h,0,4,4
/media/ullmann/HDDGabriel/research/engines/gameplay/samples/browser/src/SamplesGame.cpp,1,0,1
/media/ullmann/HDDGabriel/research/engines/gameplay/gameplay-deps/bullet-2.82-r2704/src/BulletCollision/CollisionShapes/btStaticPlaneShape.h,1,2,3
/media/ullmann/HDDGabriel/research/engines/gameplay/gameplay-deps/freetype-2.4.5/src/cid/cidobjs.c,3,1,4
/media/ullmann/HDDGabriel/research/engines/gameplay/gameplay-deps/bullet-2.82-r2704/src/BulletCollision/BroadphaseCollision/btBroadphaseProxy.cpp,1,0,1
/media/ullmann/HDDGabriel/research/engines/gameplay/gameplay/src/lua/lua_Button.cpp,1,0,1
/media/ullmann/HDDGabriel/research/engines/gameplay/gameplay/src/lua/lua_Button.h,0,2,2
/media/ullmann/HDDGabriel/research/engines/gameplay/external-deps/include/BulletCollision/NarrowPhaseCollision/btSubSimplexConvexCast.h,2,0,2
/media/ullmann/HDDGabriel/research/engines/gameplay/gameplay-deps/bullet-2.82-r2704/src/BulletMultiThreaded/GpuSoftBodySolvers/DX11/btSoftBodySolver_DX11SIMDAware.h,5,1,6
/media/ullmann/HDDGabriel/research/engines/gameplay/gameplay-deps/bullet-2.82-r2704/src/BulletMultiThreaded/GpuSoftBodySolvers/DX11/btSoftBodySolver_DX11.h,4,2,6
/media/ullmann/HDDGabriel/research/engines/gameplay/gameplay/src/Vector4.cpp,2,0,2
/media/ullmann/HDDGabriel/research/engines/gameplay/gameplay/src/Vector4.h,1,11,12
/media/ullmann/HDDGabriel/research/engines/gameplay/gameplay/src/lua/lua_ThemeSideRegions.h,0,2,2
/media/ullmann/HDDGabriel/research/engines/gameplay/gameplay-deps/openal-1.16.0/Alc/mixer_sse2.c,1,0,1
/media/ullmann/HDDGabriel/research/engines/gameplay/gameplay-deps/openal-1.16.0/Alc/mixer_defs.h,0,5,5
/media/ullmann/HDDGabriel/research/engines/gameplay/gameplay-deps/curl-7.39.0/lib/version.c,4,0,4
/media/ullmann/HDDGabriel/research/engines/gameplay/gameplay-deps/bullet-2.82-r2704/src/BulletCollision/CollisionShapes/btCompoundShape.cpp,2,0,2
/media/ullmann/HDDGabriel/research/engines/gameplay/gameplay-deps/bullet-2.82-r2704/src/BulletCollision/CollisionShapes/btCompoundShape.h,2,2,4
/media/ullmann/HDDGabriel/research/engines/gameplay/gameplay-deps/curl-7.39.0/lib/vtls/nss.c,2,0,2
/media/ullmann/HDDGabriel/research/engines/gameplay/gameplay-deps/libjson-7.6.1/_internal/TestSuite2/JSON_Base64/json_encode64.cpp,2,0,2
/media/ullmann/HDDGabriel/research/engines/gameplay/gameplay-deps/libjson-7.6.1/_internal/TestSuite2/JSON_Base64/json_encode64.h,1,2,3
/media/ullmann/HDDGabriel/research/engines/gameplay/gameplay-deps/freetype-2.4.5/src/gxvalid/gxvmorx4.c,1,1,2
/media/ullmann/HDDGabriel/research/engines/gameplay/gameplay-deps/bullet-2.82-r2704/Extras/CDTestFramework/CompleteBoxPruning.cpp,4,0,4
/media/ullmann/HDDGabriel/research/engines/gameplay/gameplay-deps/bullet-2.82-r2704/Extras/Serialize/BulletWorldImporter/btWorldImporter.cpp,1,0,1
/media/ullmann/HDDGabriel/research/engines/gameplay/gameplay-deps/bullet-2.82-r2704/Extras/Serialize/BulletWorldImporter/btWorldImporter.h,0,2,2
/media/ullmann/HDDGabriel/research/engines/gameplay/gameplay-deps/curl-7.39.0/src/tool_vms.c,2,0,2
/media/ullmann/HDDGabriel/research/engines/gameplay/gameplay-deps/vorbis-1.3.4/lib/floor0.c,8,0,8
/media/ullmann/HDDGabriel/research/engines/gameplay/gameplay-deps/vorbis-1.3.4/lib/lpc.h,0,6,6
/media/ullmann/HDDGabriel/research/engines/gameplay/gameplay-deps/bullet-2.82-r2704/src/LinearMath/btGrahamScan2dConvexHull.h,2,0,2
/media/ullmann/HDDGabriel/research/engines/gameplay/gameplay-deps/bullet-2.82-r2704/Demos/ConcaveConvexcastDemo/main.cpp,1,0,1
/media/ullmann/HDDGabriel/research/engines/gameplay/gameplay-deps/curl-7.39.0/lib/hostip.c,12,0,12
/media/ullmann/HDDGabriel/research/engines/gameplay/samples/browser/src/TextureSample.cpp,2,0,2
/media/ullmann/HDDGabriel/research/engines/gameplay/gameplay/src/Transform.h,5,12,17
/media/ullmann/HDDGabriel/research/engines/gameplay/gameplay-deps/bullet-2.82-r2704/src/BulletMultiThreaded/SpuSampleTaskProcess.h,3,2,5
/media/ullmann/HDDGabriel/research/engines/gameplay/gameplay-deps/bullet-2.82-r2704/src/BulletMultiThreaded/SpuSampleTask/SpuSampleTask.h,1,2,3
/media/ullmann/HDDGabriel/research/engines/gameplay/gameplay-deps/bullet-2.82-r2704/src/BulletMultiThreaded/SpuLibspe2Support.h,4,2,6
/media/ullmann/HDDGabriel/research/engines/gameplay/gameplay-deps/zlib-1.2.8/adler32.c,1,0,1
/media/ullmann/HDDGabriel/research/engines/gameplay/gameplay/src/ControlFactory.h,1,4,5
/media/ullmann/HDDGabriel/research/engines/gameplay/gameplay-deps/curl-7.39.0/tests/libtest/lib1501.c,2,0,2
/media/ullmann/HDDGabriel/research/engines/gameplay/gameplay-deps/bullet-2.82-r2704/src/BulletCollision/BroadphaseCollision/btCollisionAlgorithm.cpp,2,0,2
/media/ullmann/HDDGabriel/research/engines/gameplay/gameplay-deps/bullet-2.82-r2704/src/BulletCollision/BroadphaseCollision/btCollisionAlgorithm.h,0,2,2
/media/ullmann/HDDGabriel/research/engines/gameplay/gameplay-deps/bullet-2.82-r2704/Demos/OpenGL/GL_Simplex1to4.cpp,3,0,3
/media/ullmann/HDDGabriel/research/engines/gameplay/gameplay-deps/bullet-2.82-r2704/Demos/OpenGL/GL_Simplex1to4.h,0,1,1
/media/ullmann/HDDGabriel/research/engines/gameplay/gameplay-deps/curl-7.39.0/src/tool_cb_prg.h,1,3,4
/media/ullmann/HDDGabriel/research/engines/gameplay/gameplay-deps/bullet-2.82-r2704/Extras/HACD/hacdManifoldMesh.cpp,1,0,1
/media/ullmann/HDDGabriel/research/engines/gameplay/gameplay-deps/curl-7.39.0/lib/config-amigaos.h,0,1,1
/media/ullmann/HDDGabriel/research/engines/gameplay/gameplay-deps/freetype-2.4.5/src/gxvalid/gxvopbd.c,2,1,3
/media/ullmann/HDDGabriel/research/engines/gameplay/gameplay-deps/vorbis-1.3.4/lib/smallft.h,0,5,5
/media/ullmann/HDDGabriel/research/engines/gameplay/gameplay-deps/bullet-2.82-r2704/src/BulletCollision/NarrowPhaseCollision/btRaycastCallback.cpp,1,0,1
/media/ullmann/HDDGabriel/research/engines/gameplay/gameplay-deps/bullet-2.82-r2704/src/BulletCollision/NarrowPhaseCollision/btRaycastCallback.h,0,1,1
/media/ullmann/HDDGabriel/research/engines/gameplay/gameplay-deps/curl-7.39.0/lib/http_chunks.c,10,0,10
/media/ullmann/HDDGabriel/research/engines/gameplay/gameplay/src/lua/lua_Drawable.cpp,1,0,1
/media/ullmann/HDDGabriel/research/engines/gameplay/gameplay/src/lua/lua_Drawable.h,0,2,2
/media/ullmann/HDDGabriel/research/engines/gameplay/gameplay/src/Plane.h,2,7,9
/media/ullmann/HDDGabriel/research/engines/gameplay/samples/browser/src/TriangleSample.cpp,2,0,2
/media/ullmann/HDDGabriel/research/engines/gameplay/gameplay/src/lua/lua_JoystickControl.h,0,2,2
/media/ullmann/HDDGabriel/research/engines/gameplay/gameplay-deps/curl-7.39.0/lib/idn_win32.c,4,0,4
/media/ullmann/HDDGabriel/research/engines/gameplay/gameplay-deps/freetype-2.4.5/src/gxvalid/gxvmod.c,3,1,4
/media/ullmann/HDDGabriel/research/engines/gameplay/gameplay-deps/freetype-2.4.5/src/gxvalid/gxvcommn.h,1,13,14
/media/ullmann/HDDGabriel/research/engines/gameplay/gameplay-deps/freetype-2.4.5/src/gxvalid/gxvmort5.c,1,1,2
/media/ullmann/HDDGabriel/research/engines/gameplay/gameplay-deps/curl-7.39.0/src/tool_operate.c,33,0,33
/media/ullmann/HDDGabriel/research/engines/gameplay/gameplay-deps/curl-7.39.0/lib/ssh.h,1,4,5
/media/ullmann/HDDGabriel/research/engines/gameplay/gameplay/src/ImageControl.h,5,4,9
/media/ullmann/HDDGabriel/research/engines/gameplay/gameplay/src/lua/lua_Text.h,0,2,2
/media/ullmann/HDDGabriel/research/engines/gameplay/gameplay-deps/vorbis-1.3.4/lib/envelope.h,1,4,5
/media/ullmann/HDDGabriel/research/engines/gameplay/gameplay-deps/bullet-2.82-r2704/src/BulletDynamics/Featherstone/btMultiBody.cpp,3,0,3
/media/ullmann/HDDGabriel/research/engines/gameplay/gameplay-deps/bullet-2.82-r2704/src/BulletDynamics/Featherstone/btMultiBody.h,1,6,7
/media/ullmann/HDDGabriel/research/engines/gameplay/gameplay-deps/curl-7.39.0/lib/asyn-thread.c,15,0,15
/media/ullmann/HDDGabriel/research/engines/gameplay/gameplay-deps/curl-7.39.0/lib/wildcard.c,6,0,6
/media/ullmann/HDDGabriel/research/engines/gameplay/external-deps/include/BulletDynamics/Featherstone/btMultiBodyConstraint.h,2,4,6
/media/ullmann/HDDGabriel/research/engines/gameplay/gameplay-deps/bullet-2.82-r2704/src/BulletCollision/CollisionDispatch/btBox2dBox2dCollisionAlgorithm.cpp,1,0,1
/media/ullmann/HDDGabriel/research/engines/gameplay/gameplay-deps/bullet-2.82-r2704/src/BulletCollision/CollisionDispatch/btBox2dBox2dCollisionAlgorithm.h,0,1,1
/media/ullmann/HDDGabriel/research/engines/gameplay/gameplay-deps/bullet-2.82-r2704/Demos/RagdollDemo/RagdollDemo.cpp,1,0,1
/media/ullmann/HDDGabriel/research/engines/gameplay/gameplay-deps/freetype-2.4.5/src/gzip/ftgzip.c,13,0,13
/media/ullmann/HDDGabriel/research/engines/gameplay/gameplay-deps/freetype-2.4.5/src/gzip/infblock.c,5,1,6
/media/ullmann/HDDGabriel/research/engines/gameplay/gameplay-deps/curl-7.39.0/lib/pop3.c,25,0,25
/media/ullmann/HDDGabriel/research/engines/gameplay/gameplay-deps/curl-7.39.0/tests/libtest/lib511.c,1,0,1
/media/ullmann/HDDGabriel/research/engines/gameplay/gameplay-deps/freetype-2.4.5/src/raster/ftrend1.c,4,1,5
/media/ullmann/HDDGabriel/research/engines/gameplay/gameplay-deps/freetype-2.4.5/src/raster/rastpic.h,0,3,3
/media/ullmann/HDDGabriel/research/engines/gameplay/gameplay-deps/curl-7.39.0/lib/nonblock.c,2,0,2
/media/ullmann/HDDGabriel/research/engines/gameplay/gameplay-deps/bullet-2.82-r2704/Extras/CDTestFramework/BulletSAPCompleteBoxPruningTest.h,2,2,4
/media/ullmann/HDDGabriel/research/engines/gameplay/gameplay-deps/freetype-2.4.5/src/autofit/afdummy.h,1,3,4
/media/ullmann/HDDGabriel/research/engines/gameplay/gameplay-deps/freetype-2.4.5/src/autofit/aftypes.h,0,7,7
/media/ullmann/HDDGabriel/research/engines/gameplay/gameplay-deps/bullet-2.82-r2704/src/BulletCollision/Gimpact/gim_linear_math.h,2,1,3
/media/ullmann/HDDGabriel/research/engines/gameplay/gameplay-deps/bullet-2.82-r2704/src/BulletCollision/Gimpact/gim_math.h,0,3,3
/media/ullmann/HDDGabriel/research/engines/gameplay/gameplay-deps/bullet-2.82-r2704/src/BulletMultiThreaded/SpuNarrowPhaseCollisionTask/SpuGatheringCollisionTask.cpp,9,0,9
/media/ullmann/HDDGabriel/research/engines/gameplay/gameplay-deps/bullet-2.82-r2704/src/BulletMultiThreaded/SpuDoubleBuffer.h,1,3,4
/media/ullmann/HDDGabriel/research/engines/gameplay/gameplay/src/lua/lua_Platform.h,0,2,2
/media/ullmann/HDDGabriel/research/engines/gameplay/external-deps/include/BulletCollision/CollisionDispatch/btCollisionDispatcher.h,1,8,9
/media/ullmann/HDDGabriel/research/engines/gameplay/gameplay-deps/lua-5.2.3/src/lvm.h,3,7,10
/media/ullmann/HDDGabriel/research/engines/gameplay/gameplay-deps/bullet-2.82-r2704/src/BulletCollision/Gimpact/gim_radixsort.h,1,3,4
/media/ullmann/HDDGabriel/research/engines/gameplay/external-deps/include/BulletCollision/CollisionDispatch/btCollisionWorld.h,2,2,4
/media/ullmann/HDDGabriel/research/engines/gameplay/gameplay-deps/freetype-2.4.5/src/pfr/pfrsbit.h,1,3,4
/media/ullmann/HDDGabriel/research/engines/gameplay/gameplay-deps/bullet-2.82-r2704/src/BulletDynamics/ConstraintSolver/btContactConstraint.h,2,1,3
/media/ullmann/HDDGabriel/research/engines/gameplay/gameplay/src/Control.h,10,9,19
/media/ullmann/HDDGabriel/research/engines/gameplay/gameplay/src/lua/lua_Container.cpp,1,0,1
/media/ullmann/HDDGabriel/research/engines/gameplay/gameplay/src/lua/lua_Container.h,0,2,2
/media/ullmann/HDDGabriel/research/engines/gameplay/gameplay-deps/openal-1.16.0/examples/alloopback.c,1,0,1
/media/ullmann/HDDGabriel/research/engines/gameplay/gameplay-deps/openal-1.16.0/examples/common/alhelpers.h,0,6,6
/media/ullmann/HDDGabriel/research/engines/gameplay/gameplay/src/lua/lua_Ray.cpp,1,0,1
/media/ullmann/HDDGabriel/research/engines/gameplay/gameplay/src/lua/lua_Ray.h,0,2,2
/media/ullmann/HDDGabriel/research/engines/gameplay/gameplay-deps/bullet-2.82-r2704/src/BulletMultiThreaded/SpuNarrowPhaseCollisionTask/SpuMinkowskiPenetrationDepthSolver.cpp,4,0,4
/media/ullmann/HDDGabriel/research/engines/gameplay/gameplay-deps/bullet-2.82-r2704/src/BulletMultiThreaded/SpuNarrowPhaseCollisionTask/SpuPreferredPenetrationDirections.h,0,1,1
/media/ullmann/HDDGabriel/research/engines/gameplay/gameplay-deps/curl-7.39.0/lib/vtls/vtls.c,1,0,1
/media/ullmann/HDDGabriel/research/engines/gameplay/gameplay/src/lua/lua_PhysicsCollisionShapeDefinition.h,0,2,2
/media/ullmann/HDDGabriel/research/engines/gameplay/gameplay-deps/bullet-2.82-r2704/src/vectormath/scalar/vectormath_aos.h,3,0,3
/media/ullmann/HDDGabriel/research/engines/gameplay/gameplay-deps/bullet-2.82-r2704/src/vectormath/scalar/mat_aos.h,0,1,1
/media/ullmann/HDDGabriel/research/engines/gameplay/gameplay-deps/curl-7.39.0/lib/tftp.h,0,2,2
/media/ullmann/HDDGabriel/research/engines/gameplay/gameplay/src/lua/lua_Text.cpp,1,0,1
/media/ullmann/HDDGabriel/research/engines/gameplay/gameplay-deps/curl-7.39.0/lib/getenv.c,3,0,3
/media/ullmann/HDDGabriel/research/engines/gameplay/gameplay-deps/freetype-2.4.5/src/gzip/infutil.c,5,1,6
/media/ullmann/HDDGabriel/research/engines/gameplay/gameplay-deps/freetype-2.4.5/src/gzip/infcodes.h,0,4,4
/media/ullmann/HDDGabriel/research/engines/gameplay/gameplay-deps/openal-1.16.0/Alc/alcRing.c,1,0,1
/media/ullmann/HDDGabriel/research/engines/gameplay/gameplay-deps/openal-1.16.0/Alc/compat.h,0,4,4
/media/ullmann/HDDGabriel/research/engines/gameplay/gameplay-deps/curl-7.39.0/src/tool_sleep.h,1,2,3
/media/ullmann/HDDGabriel/research/engines/gameplay/external-deps/include/BulletCollision/CollisionShapes/btTriangleShape.h,2,0,2
/media/ullmann/HDDGabriel/research/engines/gameplay/gameplay-deps/bullet-2.82-r2704/Demos/NativeClient/opengl_context.cc,1,0,1
/media/ullmann/HDDGabriel/research/engines/gameplay/gameplay-deps/bullet-2.82-r2704/Demos/NativeClient/opengl_context.h,1,4,5
/media/ullmann/HDDGabriel/research/engines/gameplay/gameplay-deps/lua-5.2.3/src/lua.hpp,3,0,3
/media/ullmann/HDDGabriel/research/engines/gameplay/samples/browser/src/SceneLoadSample.cpp,2,0,2
/media/ullmann/HDDGabriel/research/engines/gameplay/gameplay-deps/bullet-2.82-r2704/src/BulletCollision/CollisionShapes/btTriangleIndexVertexMaterialArray.h,1,1,2
/media/ullmann/HDDGabriel/research/engines/gameplay/gameplay-deps/bullet-2.82-r2704/src/BulletCollision/CollisionShapes/btTriangleIndexVertexArray.h,1,4,5
/media/ullmann/HDDGabriel/research/engines/gameplay/gameplay-deps/bullet-2.82-r2704/Extras/CDTestFramework/IceHelpers.cpp,2,0,2
/media/ullmann/HDDGabriel/research/engines/gameplay/gameplay-deps/bullet-2.82-r2704/Extras/CDTestFramework/IceHelpers.h,0,4,4
/media/ullmann/HDDGabriel/research/engines/gameplay/gameplay/src/PhysicsRigidBody.cpp,8,0,8
/media/ullmann/HDDGabriel/research/engines/gameplay/gameplay-deps/bullet-2.82-r2704/src/BulletCollision/CollisionDispatch/btCollisionDispatcher.cpp,1,0,1
/media/ullmann/HDDGabriel/research/engines/gameplay/gameplay-deps/zlib-1.2.8/infback.c,5,0,5
/media/ullmann/HDDGabriel/research/engines/gameplay/gameplay/src/PhysicsVehicle.h,2,5,7
/media/ullmann/HDDGabriel/research/engines/gameplay/gameplay-deps/bullet-2.82-r2704/Extras/CDTestFramework/AntTweakBar/src/TwBar.cpp,4,0,4
/media/ullmann/HDDGabriel/research/engines/gameplay/gameplay-deps/bullet-2.82-r2704/Extras/CDTestFramework/AntTweakBar/src/TwMgr.h,4,8,12
/media/ullmann/HDDGabriel/research/engines/gameplay/gameplay-deps/bullet-2.82-r2704/Extras/CDTestFramework/AntTweakBar/src/TwMgr.cpp,11,0,11
/media/ullmann/HDDGabriel/research/engines/gameplay/gameplay-deps/bullet-2.82-r2704/Extras/CDTestFramework/AntTweakBar/src/TwDirect3D11.h,1,2,3
/media/ullmann/HDDGabriel/research/engines/gameplay/gameplay-deps/freetype-2.4.5/src/cid/cidgload.c,3,1,4
/media/ullmann/HDDGabriel/research/engines/gameplay/gameplay-deps/freetype-2.4.5/src/cid/cidgload.h,1,3,4
/media/ullmann/HDDGabriel/research/engines/gameplay/gameplay-deps/bullet-2.82-r2704/src/BulletCollision/CollisionDispatch/btEmptyCollisionAlgorithm.h,2,1,3
/media/ullmann/HDDGabriel/research/engines/gameplay/gameplay-deps/bullet-2.82-r2704/src/BulletCollision/CollisionDispatch/btSphereTriangleCollisionAlgorithm.cpp,2,0,2
/media/ullmann/HDDGabriel/research/engines/gameplay/gameplay-deps/curl-7.39.0/lib/getinfo.c,8,0,8
/media/ullmann/HDDGabriel/research/engines/gameplay/gameplay-deps/bullet-2.82-r2704/Demos/OpenGL/GlutStuff.cpp,2,0,2
/media/ullmann/HDDGabriel/research/engines/gameplay/samples/browser/src/TerrainSample.cpp,2,0,2
/media/ullmann/HDDGabriel/research/engines/gameplay/external-deps/include/BulletCollision/CollisionDispatch/btSimulationIslandManager.h,2,0,2
/media/ullmann/HDDGabriel/research/engines/gameplay/external-deps/include/BulletCollision/CollisionDispatch/btCollisionObject.h,0,4,4
/media/ullmann/HDDGabriel/research/engines/gameplay/external-deps/include/LinearMath/btSerializer.h,2,1,3
/media/ullmann/HDDGabriel/research/engines/gameplay/gameplay-deps/png-1.6.15/pngtrans.c,1,0,1
/media/ullmann/HDDGabriel/research/engines/gameplay/gameplay-deps/curl-7.39.0/lib/select.c,5,0,5
/media/ullmann/HDDGabriel/research/engines/gameplay/gameplay-deps/curl-7.39.0/lib/curl_ntlm_core.c,11,0,11
/media/ullmann/HDDGabriel/research/engines/gameplay/gameplay-deps/curl-7.39.0/lib/parsedate.h,0,5,5
/media/ullmann/HDDGabriel/research/engines/gameplay/gameplay/src/lua/lua_ThemeStyle.cpp,1,0,1
/media/ullmann/HDDGabriel/research/engines/gameplay/gameplay/src/lua/lua_ThemeStyle.h,0,2,2
/media/ullmann/HDDGabriel/research/engines/gameplay/gameplay-deps/bullet-2.82-r2704/Demos/SoftDemo/SoftDemo.h,0,3,3
/media/ullmann/HDDGabriel/research/engines/gameplay/gameplay-deps/bullet-2.82-r2704/src/BulletMultiThreaded/SpuNarrowPhaseCollisionTask/SpuContactResult.cpp,1,0,1
/media/ullmann/HDDGabriel/research/engines/gameplay/gameplay-deps/bullet-2.82-r2704/src/BulletMultiThreaded/SpuNarrowPhaseCollisionTask/SpuContactResult.h,1,3,4
/media/ullmann/HDDGabriel/research/engines/gameplay/gameplay-deps/curl-7.39.0/lib/http2.h,2,3,5
/media/ullmann/HDDGabriel/research/engines/gameplay/gameplay-deps/lua-5.2.3/src/ltable.c,10,0,10
/media/ullmann/HDDGabriel/research/engines/gameplay/gameplay-deps/vorbis-1.3.4/vq/bookutil.c,1,0,1
/media/ullmann/HDDGabriel/research/engines/gameplay/gameplay/src/Gamepad.cpp,7,0,7
/media/ullmann/HDDGabriel/research/engines/gameplay/gameplay-deps/freetype-2.4.5/src/psaux/t1decode.c,3,1,4
/media/ullmann/HDDGabriel/research/engines/gameplay/gameplay-deps/freetype-2.4.5/src/type1/t1afm.c,2,1,3
/media/ullmann/HDDGabriel/research/engines/gameplay/gameplay-deps/bullet-2.82-r2704/src/BulletCollision/CollisionShapes/btConvexPointCloudShape.cpp,1,0,1
/media/ullmann/HDDGabriel/research/engines/gameplay/gameplay-deps/bullet-2.82-r2704/src/BulletCollision/CollisionShapes/btConvexPointCloudShape.h,1,2,3
/media/ullmann/HDDGabriel/research/engines/gameplay/external-deps/include/btBulletCollisionCommon.h,33,1,34
/media/ullmann/HDDGabriel/research/engines/gameplay/external-deps/include/BulletCollision/CollisionShapes/btSphereShape.h,1,1,2
/media/ullmann/HDDGabriel/research/engines/gameplay/gameplay-deps/bullet-2.82-r2704/src/BulletCollision/CollisionDispatch/btCollisionWorld.h,2,4,6
/media/ullmann/HDDGabriel/research/engines/gameplay/gameplay/src/ParticleEmitter.cpp,7,0,7
/media/ullmann/HDDGabriel/research/engines/gameplay/gameplay-deps/curl-7.39.0/tests/libtest/lib1508.c,2,0,2
/media/ullmann/HDDGabriel/research/engines/gameplay/gameplay-deps/bullet-2.82-r2704/Test/Source/Tests/Test_3x3transposeTimes.cpp,1,0,1
/media/ullmann/HDDGabriel/research/engines/gameplay/gameplay-deps/bullet-2.82-r2704/Test/Source/Tests/Test_3x3transposeTimes.h,0,1,1
/media/ullmann/HDDGabriel/research/engines/gameplay/gameplay-deps/curl-7.39.0/src/tool_getpass.h,1,2,3
/media/ullmann/HDDGabriel/research/engines/gameplay/gameplay/src/Joint.cpp,4,0,4
/media/ullmann/HDDGabriel/research/engines/gameplay/gameplay/src/MeshSkin.h,2,5,7
/media/ullmann/HDDGabriel/research/engines/gameplay/gameplay-deps/bullet-2.82-r2704/Extras/CDTestFramework/CDTestFramework.cpp,13,0,13
/media/ullmann/HDDGabriel/research/engines/gameplay/gameplay-deps/bullet-2.82-r2704/Extras/CDTestFramework/GLFontRenderer.h,0,9,9
/media/ullmann/HDDGabriel/research/engines/gameplay/gameplay-deps/curl-7.39.0/src/tool_vms.h,1,4,5
/media/ullmann/HDDGabriel/research/engines/gameplay/gameplay/src/lua/lua_PhysicsSpringConstraint.cpp,1,0,1
/media/ullmann/HDDGabriel/research/engines/gameplay/gameplay/src/lua/lua_PhysicsSpringConstraint.h,0,2,2
/media/ullmann/HDDGabriel/research/engines/gameplay/gameplay-deps/freetype-2.4.5/src/pshinter/pshalgo.c,2,1,3
/media/ullmann/HDDGabriel/research/engines/gameplay/gameplay-deps/bullet-2.82-r2704/src/MiniCL/MiniCLTaskScheduler.h,1,2,3
/media/ullmann/HDDGabriel/research/engines/gameplay/gameplay-deps/bullet-2.82-r2704/src/MiniCL/MiniCLTask/MiniCLTask.h,0,3,3
/media/ullmann/HDDGabriel/research/engines/gameplay/gameplay-deps/curl-7.39.0/src/tool_operhlp.c,5,0,5
/media/ullmann/HDDGabriel/research/engines/gameplay/gameplay-deps/curl-7.39.0/src/tool_operhlp.h,1,2,3
/media/ullmann/HDDGabriel/research/engines/gameplay/gameplay-deps/bullet-2.82-r2704/src/BulletCollision/Gimpact/gim_hash_table.h,1,0,1
/media/ullmann/HDDGabriel/research/engines/gameplay/tools/encoder/src/Vector4.cpp,2,0,2
/media/ullmann/HDDGabriel/research/engines/gameplay/gameplay/src/lua/lua_Texture.h,0,2,2
/media/ullmann/HDDGabriel/research/engines/gameplay/gameplay/src/PlatformAndroid.cpp,7,0,7
/media/ullmann/HDDGabriel/research/engines/gameplay/gameplay/src/Rectangle.h,0,11,11
/media/ullmann/HDDGabriel/research/engines/gameplay/gameplay-deps/curl-7.39.0/lib/dict.h,0,2,2
/media/ullmann/HDDGabriel/research/engines/gameplay/gameplay-deps/curl-7.39.0/lib/curlx.h,5,1,6
/media/ullmann/HDDGabriel/research/engines/gameplay/gameplay/src/AIController.h,2,3,5
/media/ullmann/HDDGabriel/research/engines/gameplay/gameplay-deps/curl-7.39.0/lib/curl_threads.h,1,2,3
/media/ullmann/HDDGabriel/research/engines/gameplay/gameplay-deps/bullet-2.82-r2704/Extras/CDTestFramework/OpcodeArraySAPTest.h,2,2,4
/media/ullmann/HDDGabriel/research/engines/gameplay/gameplay-deps/bullet-2.82-r2704/Extras/CDTestFramework/AntTweakBar/src/res/TwXCursors.h,0,1,1
/media/ullmann/HDDGabriel/research/engines/gameplay/gameplay-deps/bullet-2.82-r2704/Extras/glui/glui_control.cpp,1,0,1
/media/ullmann/HDDGabriel/research/engines/gameplay/gameplay-deps/bullet-2.82-r2704/Extras/sph/fluids/fluid.cpp,1,0,1
/media/ullmann/HDDGabriel/research/engines/gameplay/gameplay-deps/bullet-2.82-r2704/Extras/sph/fluids/fluid.h,0,1,1
/media/ullmann/HDDGabriel/research/engines/gameplay/gameplay-deps/freetype-2.4.5/src/sfnt/ttload.h,0,6,6
/media/ullmann/HDDGabriel/research/engines/gameplay/gameplay-deps/libjson-7.6.1/_internal/TestSuite2/JSONValidator/isValidRoot.h,1,2,3
/media/ullmann/HDDGabriel/research/engines/gameplay/gameplay-deps/bullet-2.82-r2704/src/BulletCollision/Gimpact/btGImpactBvh.cpp,1,0,1
/media/ullmann/HDDGabriel/research/engines/gameplay/gameplay-deps/curl-7.39.0/src/tool_main.c,9,0,9
/media/ullmann/HDDGabriel/research/engines/gameplay/gameplay-deps/curl-7.39.0/src/tool_main.h,1,3,4
/media/ullmann/HDDGabriel/research/engines/gameplay/gameplay-deps/bullet-2.82-r2704/src/LinearMath/btHashMap.h,1,1,2
/media/ullmann/HDDGabriel/research/engines/gameplay/gameplay-deps/lua-5.2.3/src/lbaselib.c,3,0,3
/media/ullmann/HDDGabriel/research/engines/gameplay/gameplay-deps/lua-5.2.3/src/lualib.h,1,13,14
/media/ullmann/HDDGabriel/research/engines/gameplay/gameplay-deps/libjson-7.6.1/_internal/TestSuite2/JSONValidator/isValidArray.cpp,1,0,1
/media/ullmann/HDDGabriel/research/engines/gameplay/gameplay-deps/libjson-7.6.1/_internal/TestSuite2/JSONValidator/isValidArray.h,0,2,2
/media/ullmann/HDDGabriel/research/engines/gameplay/gameplay/src/lua/lua_AnimationController.h,0,2,2
/media/ullmann/HDDGabriel/research/engines/gameplay/gameplay-deps/curl-7.39.0/lib/hash.h,2,10,12
/media/ullmann/HDDGabriel/research/engines/gameplay/gameplay/src/Animation.cpp,8,0,8
/media/ullmann/HDDGabriel/research/engines/gameplay/gameplay-deps/theora-1.1.1/lib/x86_vc/x86enc.c,2,0,2
/media/ullmann/HDDGabriel/research/engines/gameplay/gameplay-deps/libjson-7.6.1/_internal/TestSuite2/NumberToString/_uitoa.h,1,2,3
/media/ullmann/HDDGabriel/research/engines/gameplay/gameplay-deps/freetype-2.4.5/src/sfnt/ttload.c,2,1,3
/media/ullmann/HDDGabriel/research/engines/gameplay/gameplay-deps/freetype-2.4.5/src/truetype/ttdriver.c,6,1,7
/media/ullmann/HDDGabriel/research/engines/gameplay/tools/encoder/src/Sampler.h,2,3,5
/media/ullmann/HDDGabriel/research/engines/gameplay/gameplay-deps/bullet-2.82-r2704/src/MiniCL/MiniCL.cpp,2,0,2
/media/ullmann/HDDGabriel/research/engines/gameplay/gameplay-deps/theora-1.1.1/lib/info.c,1,0,1
/media/ullmann/HDDGabriel/research/engines/gameplay/gameplay-deps/bullet-2.82-r2704/src/BulletCollision/CollisionShapes/btTriangleMeshShape.h,2,3,5
/media/ullmann/HDDGabriel/research/engines/gameplay/gameplay/src/Node.cpp,15,0,15
/media/ullmann/HDDGabriel/research/engines/gameplay/gameplay-deps/libjson-7.6.1/_internal/TestSuite/TestValidator.cpp,2,0,2
/media/ullmann/HDDGabriel/research/engines/gameplay/gameplay-deps/libjson-7.6.1/_internal/Source/JSONValidator.h,1,8,9
/media/ullmann/HDDGabriel/research/engines/gameplay/gameplay-deps/lua-5.2.3/src/lstring.h,3,14,17
/media/ullmann/HDDGabriel/research/engines/gameplay/gameplay/src/lua/lua_CameraListener.h,0,2,2
/media/ullmann/HDDGabriel/research/engines/gameplay/gameplay-deps/bullet-2.82-r2704/Extras/glui/glui_separator.cpp,1,0,1
/media/ullmann/HDDGabriel/research/engines/gameplay/gameplay-deps/curl-7.39.0/lib/http_proxy.c,14,0,14
/media/ullmann/HDDGabriel/research/engines/gameplay/gameplay-deps/lua-5.2.3/src/lundump.c,9,0,9
/media/ullmann/HDDGabriel/research/engines/gameplay/gameplay-deps/bullet-2.82-r2704/Extras/CDTestFramework/AntTweakBar/src/TwColors.cpp,2,0,2
/media/ullmann/HDDGabriel/research/engines/gameplay/gameplay-deps/bullet-2.82-r2704/Extras/CDTestFramework/AntTweakBar/src/TwColors.h,0,7,7
/media/ullmann/HDDGabriel/research/engines/gameplay/gameplay-deps/bullet-2.82-r2704/src/BulletCollision/CollisionShapes/btTriangleIndexVertexArray.cpp,1,0,1
/media/ullmann/HDDGabriel/research/engines/gameplay/external-deps/include/LinearMath/btQuaternion.h,2,2,4
/media/ullmann/HDDGabriel/research/engines/gameplay/external-deps/include/LinearMath/btQuadWord.h,2,1,3
/media/ullmann/HDDGabriel/research/engines/gameplay/gameplay-deps/freetype-2.4.5/src/gxvalid/gxvbsln.c,2,1,3
/media/ullmann/HDDGabriel/research/engines/gameplay/gameplay-deps/freetype-2.4.5/src/gzip/infutil.h,0,4,4
/media/ullmann/HDDGabriel/research/engines/gameplay/gameplay-deps/freetype-2.4.5/src/type1/type1.c,6,0,6
/media/ullmann/HDDGabriel/research/engines/gameplay/gameplay-deps/freetype-2.4.5/src/type1/t1gload.c,2,1,3
/media/ullmann/HDDGabriel/research/engines/gameplay/gameplay-deps/curl-7.39.0/lib/conncache.h,0,5,5
/media/ullmann/HDDGabriel/research/engines/gameplay/gameplay-deps/freetype-2.4.5/src/truetype/ttinterp.c,2,1,3
/media/ullmann/HDDGabriel/research/engines/gameplay/gameplay-deps/freetype-2.4.5/src/truetype/ttinterp.h,1,3,4
/media/ullmann/HDDGabriel/research/engines/gameplay/gameplay-deps/lua-5.2.3/src/luac.c,7,0,7
/media/ullmann/HDDGabriel/research/engines/gameplay/external-deps/include/LinearMath/btDefaultMotionState.h,1,1,2
/media/ullmann/HDDGabriel/research/engines/gameplay/tools/encoder/src/MeshSkin.cpp,10,0,10
/media/ullmann/HDDGabriel/research/engines/gameplay/gameplay-deps/freetype-2.4.5/src/pfr/pfrgload.c,4,1,5
/media/ullmann/HDDGabriel/research/engines/gameplay/gameplay/src/PhysicsHingeConstraint.h,4,3,7
/media/ullmann/HDDGabriel/research/engines/gameplay/gameplay-deps/curl-7.39.0/src/tool_cb_wrt.h,1,2,3
/media/ullmann/HDDGabriel/research/engines/gameplay/tools/encoder/src/NormalMapGenerator.h,1,2,3
/media/ullmann/HDDGabriel/research/engines/gameplay/gameplay/src/lua/lua_PhysicsControllerHitResult.cpp,1,0,1
/media/ullmann/HDDGabriel/research/engines/gameplay/gameplay/src/lua/lua_PhysicsControllerHitResult.h,0,2,2
/media/ullmann/HDDGabriel/research/engines/gameplay/gameplay-deps/freetype-2.4.5/src/smooth/ftgrays.h,0,2,2
/media/ullmann/HDDGabriel/research/engines/gameplay/tools/encoder/src/StringUtil.h,0,7,7
/media/ullmann/HDDGabriel/research/engines/gameplay/gameplay-deps/curl-7.39.0/tests/libtest/lib536.c,2,0,2
/media/ullmann/HDDGabriel/research/engines/gameplay/tools/encoder/src/Vector3.inl,0,1,1
/media/ullmann/HDDGabriel/research/engines/gameplay/gameplay-deps/bullet-2.82-r2704/src/BulletCollision/CollisionDispatch/btSphereBoxCollisionAlgorithm.h,2,1,3
/media/ullmann/HDDGabriel/research/engines/gameplay/gameplay-deps/bullet-2.82-r2704/src/BulletCollision/Gimpact/btBoxCollision.h,0,3,3
/media/ullmann/HDDGabriel/research/engines/gameplay/samples/character/src/CharacterGame.cpp,1,0,1
/media/ullmann/HDDGabriel/research/engines/gameplay/samples/character/src/CharacterGame.h,0,1,1
/media/ullmann/HDDGabriel/research/engines/gameplay/gameplay-deps/freetype-2.4.5/src/autofit/afglobal.c,8,1,9
/media/ullmann/HDDGabriel/research/engines/gameplay/gameplay-deps/curl-7.39.0/src/tool_writeenv.c,2,0,2
/media/ullmann/HDDGabriel/research/engines/gameplay/gameplay/src/Quaternion.h,4,10,14
/media/ullmann/HDDGabriel/research/engines/gameplay/gameplay/src/Quaternion.inl,0,1,1
/media/ullmann/HDDGabriel/research/engines/gameplay/gameplay/src/RenderState.cpp,6,0,6
/media/ullmann/HDDGabriel/research/engines/gameplay/gameplay-deps/curl-7.39.0/tests/server/tftpd.c,5,0,5
/media/ullmann/HDDGabriel/research/engines/gameplay/gameplay-deps/curl-7.39.0/tests/server/server_sockaddr.h,1,4,5
/media/ullmann/HDDGabriel/research/engines/gameplay/gameplay-deps/curl-7.39.0/lib/warnless.c,2,0,2
/media/ullmann/HDDGabriel/research/engines/gameplay/gameplay-deps/libjson-7.6.1/_internal/TestSuite2/JSON_Base64/json_decode64.h,1,2,3
/media/ullmann/HDDGabriel/research/engines/gameplay/gameplay-deps/freetype-2.4.5/src/autofit/afindic.c,6,1,7
/media/ullmann/HDDGabriel/research/engines/gameplay/gameplay-deps/bullet-2.82-r2704/Extras/CUDA/btCudaBroadphase.h,2,2,4
/media/ullmann/HDDGabriel/research/engines/gameplay/gameplay-deps/libjson-7.6.1/_internal/Source/JSONMemoryPool.h,1,0,1
/media/ullmann/HDDGabriel/research/engines/gameplay/gameplay-deps/libjson-7.6.1/_internal/Dependencies/mempool++/mempool.h,0,1,1
/media/ullmann/HDDGabriel/research/engines/gameplay/gameplay-deps/bullet-2.82-r2704/src/BulletMultiThreaded/GpuSoftBodySolvers/DX11/btSoftBodySolver_DX11SIMDAware.cpp,15,0,15
/media/ullmann/HDDGabriel/research/engines/gameplay/gameplay-deps/bullet-2.82-r2704/src/BulletMultiThreaded/GpuSoftBodySolvers/DX11/HLSL/OutputToVertexArray.hlsl,0,2,2
/media/ullmann/HDDGabriel/research/engines/gameplay/gameplay-deps/curl-7.39.0/lib/md4.c,3,0,3
/media/ullmann/HDDGabriel/research/engines/gameplay/gameplay/src/Font.h,1,6,7
/media/ullmann/HDDGabriel/research/engines/gameplay/gameplay-deps/bullet-2.82-r2704/Extras/sph/common/particle.cpp,1,0,1
/media/ullmann/HDDGabriel/research/engines/gameplay/gameplay-deps/bullet-2.82-r2704/Extras/sph/common/particle.h,0,1,1
/media/ullmann/HDDGabriel/research/engines/gameplay/gameplay-deps/curl-7.39.0/src/tool_hugehelp.h,1,2,3
/media/ullmann/HDDGabriel/research/engines/gameplay/tools/encoder/src/Camera.h,1,4,5
/media/ullmann/HDDGabriel/research/engines/gameplay/gameplay-deps/bullet-2.82-r2704/src/BulletMultiThreaded/GpuSoftBodySolvers/DX11/btSoftBodySolverTriangleData_DX11.h,1,2,3
/media/ullmann/HDDGabriel/research/engines/gameplay/gameplay/src/Light.h,3,5,8
/media/ullmann/HDDGabriel/research/engines/gameplay/gameplay-deps/bullet-2.82-r2704/Extras/glui/glui_checkbox.cpp,1,0,1
/media/ullmann/HDDGabriel/research/engines/gameplay/gameplay-deps/curl-7.39.0/src/tool_xattr.c,2,0,2
/media/ullmann/HDDGabriel/research/engines/gameplay/gameplay-deps/bullet-2.82-r2704/src/BulletCollision/NarrowPhaseCollision/btPolyhedralContactClipping.cpp,1,0,1
/media/ullmann/HDDGabriel/research/engines/gameplay/gameplay-deps/bullet-2.82-r2704/src/BulletCollision/NarrowPhaseCollision/btPolyhedralContactClipping.h,1,1,2
/media/ullmann/HDDGabriel/research/engines/gameplay/gameplay/src/ScriptTarget.h,1,6,7
/media/ullmann/HDDGabriel/research/engines/gameplay/gameplay-deps/bullet-2.82-r2704/src/BulletCollision/Gimpact/btGeometryOperations.h,1,1,2
/media/ullmann/HDDGabriel/research/engines/gameplay/gameplay/src/PhysicsConstraint.h,3,7,10
/media/ullmann/HDDGabriel/research/engines/gameplay/gameplay-deps/bullet-2.82-r2704/Extras/ConvexDecomposition/planetri.h,0,3,3
/media/ullmann/HDDGabriel/research/engines/gameplay/gameplay-deps/bullet-2.82-r2704/src/BulletCollision/NarrowPhaseCollision/btSubSimplexConvexCast.h,2,1,3
/media/ullmann/HDDGabriel/research/engines/gameplay/gameplay-deps/bullet-2.82-r2704/src/BulletCollision/NarrowPhaseCollision/btConvexCast.h,0,4,4
/media/ullmann/HDDGabriel/research/engines/gameplay/gameplay-deps/lua-5.2.3/src/lcorolib.c,3,0,3
/media/ullmann/HDDGabriel/research/engines/gameplay/gameplay-deps/libjson-7.6.1/_internal/Source/JSONGlobals.h,1,7,8
/media/ullmann/HDDGabriel/research/engines/gameplay/external-deps/include/json/_internal/Source/JSON_Base64.h,1,0,1
/media/ullmann/HDDGabriel/research/engines/gameplay/external-deps/include/json/_internal/Source/JSONDebug.h,2,10,12
/media/ullmann/HDDGabriel/research/engines/gameplay/gameplay-deps/zlib-1.2.8/contrib/minizip/mztools.c,1,0,1
/media/ullmann/HDDGabriel/research/engines/gameplay/gameplay-deps/freetype-2.4.5/src/gxvalid/gxvprop.c,2,1,3
/media/ullmann/HDDGabriel/research/engines/gameplay/gameplay-deps/freetype-2.4.5/src/autofit/afwarp.c,1,1,2
/media/ullmann/HDDGabriel/research/engines/gameplay/tools/encoder/src/MaterialParameter.h,1,1,2
/media/ullmann/HDDGabriel/research/engines/gameplay/gameplay-deps/freetype-2.4.5/src/pshinter/pshnterr.h,0,2,2
/media/ullmann/HDDGabriel/research/engines/gameplay/gameplay-deps/bullet-2.82-r2704/Extras/CDTestFramework/OBBMeshQuery.cpp,7,0,7
/media/ullmann/HDDGabriel/research/engines/gameplay/gameplay-deps/curl-7.39.0/src/tool_operate.h,1,2,3
/media/ullmann/HDDGabriel/research/engines/gameplay/gameplay-deps/bullet-2.82-r2704/Extras/ConvexDecomposition/ConvexBuilder.cpp,7,0,7
/media/ullmann/HDDGabriel/research/engines/gameplay/gameplay-deps/bullet-2.82-r2704/Test/Source/Tests/Test_3x3mulM.cpp,1,0,1
/media/ullmann/HDDGabriel/research/engines/gameplay/gameplay-deps/bullet-2.82-r2704/Test/Source/Tests/Test_3x3mulM.h,0,1,1
/media/ullmann/HDDGabriel/research/engines/gameplay/gameplay-deps/curl-7.39.0/lib/getinfo.h,0,5,5
/media/ullmann/HDDGabriel/research/engines/gameplay/gameplay-deps/bullet-2.82-r2704/Extras/Serialize/BulletFileLoader/bDefines.h,0,4,4
/media/ullmann/HDDGabriel/research/engines/gameplay/gameplay-deps/curl-7.39.0/lib/krb5.c,10,0,10
/media/ullmann/HDDGabriel/research/engines/gameplay/gameplay-deps/bullet-2.82-r2704/src/BulletMultiThreaded/GpuSoftBodySolvers/OpenCL/btSoftBodySolver_OpenCL.h,4,4,8
/media/ullmann/HDDGabriel/research/engines/gameplay/gameplay-deps/bullet-2.82-r2704/src/BulletMultiThreaded/GpuSoftBodySolvers/OpenCL/btSoftBodySolverVertexData_OpenCL.h,1,2,3
/media/ullmann/HDDGabriel/research/engines/gameplay/gameplay-deps/bullet-2.82-r2704/src/BulletCollision/CollisionDispatch/btGhostObject.cpp,2,0,2
/media/ullmann/HDDGabriel/research/engines/gameplay/gameplay-deps/curl-7.39.0/lib/http_chunks.h,0,1,1
/media/ullmann/HDDGabriel/research/engines/gameplay/gameplay-deps/lua-5.2.3/src/lctype.h,2,3,5
/media/ullmann/HDDGabriel/research/engines/gameplay/gameplay/src/lua/lua_ParticleEmitter.cpp,1,0,1
/media/ullmann/HDDGabriel/research/engines/gameplay/gameplay/src/Form.cpp,11,0,11
/media/ullmann/HDDGabriel/research/engines/gameplay/gameplay/src/Label.h,2,7,9
/media/ullmann/HDDGabriel/research/engines/gameplay/gameplay-deps/bullet-2.82-r2704/src/BulletDynamics/Featherstone/btMultiBodyDynamicsWorld.cpp,5,0,5
/media/ullmann/HDDGabriel/research/engines/gameplay/gameplay-deps/bullet-2.82-r2704/src/BulletDynamics/Vehicle/btRaycastVehicle.h,2,2,4
/media/ullmann/HDDGabriel/research/engines/gameplay/gameplay-deps/bullet-2.82-r2704/src/BulletDynamics/Vehicle/btWheelInfo.h,0,3,3
/media/ullmann/HDDGabriel/research/engines/gameplay/gameplay-deps/curl-7.39.0/lib/socks.c,9,0,9
/media/ullmann/HDDGabriel/research/engines/gameplay/gameplay-deps/curl-7.39.0/lib/socks.h,1,8,9
/media/ullmann/HDDGabriel/research/engines/gameplay/gameplay-deps/curl-7.39.0/lib/smtp.h,1,2,3
/media/ullmann/HDDGabriel/research/engines/gameplay/gameplay-deps/curl-7.39.0/src/tool_metalink.c,6,0,6
/media/ullmann/HDDGabriel/research/engines/gameplay/gameplay/src/lua/lua_Keyboard.h,0,2,2
/media/ullmann/HDDGabriel/research/engines/gameplay/gameplay-deps/theora-1.1.1/lib/ocintrin.h,0,4,4
/media/ullmann/HDDGabriel/research/engines/gameplay/gameplay-deps/curl-7.39.0/lib/curl_gssapi.h,2,4,6
/media/ullmann/HDDGabriel/research/engines/gameplay/gameplay-deps/bullet-2.82-r2704/src/BulletDynamics/ConstraintSolver/btHingeConstraint.cpp,2,0,2
/media/ullmann/HDDGabriel/research/engines/gameplay/gameplay-deps/bullet-2.82-r2704/Demos/Gpu2dDemo/btGpuDemoPairCache.h,0,2,2
/media/ullmann/HDDGabriel/research/engines/gameplay/gameplay-deps/lua-5.2.3/src/ldblib.c,3,0,3
/media/ullmann/HDDGabriel/research/engines/gameplay/gameplay-deps/bullet-2.82-r2704/src/vectormath/neon/boolInVec.h,1,1,2
/media/ullmann/HDDGabriel/research/engines/gameplay/gameplay-deps/bullet-2.82-r2704/src/vectormath/neon/floatInVec.h,1,1,2
/media/ullmann/HDDGabriel/research/engines/gameplay/gameplay-deps/curl-7.39.0/lib/md5.c,6,0,6
/media/ullmann/HDDGabriel/research/engines/gameplay/gameplay/src/Text.h,8,5,13
/media/ullmann/HDDGabriel/research/engines/gameplay/gameplay-deps/freetype-2.4.5/src/autofit/afmodule.c,3,1,4
/media/ullmann/HDDGabriel/research/engines/gameplay/gameplay-deps/freetype-2.4.5/src/autofit/afmodule.h,0,1,1
/media/ullmann/HDDGabriel/research/engines/gameplay/gameplay-deps/bullet-2.82-r2704/src/BulletCollision/CollisionShapes/btStridingMeshInterface.cpp,1,0,1
/media/ullmann/HDDGabriel/research/engines/gameplay/gameplay-deps/bullet-2.82-r2704/Demos/DX11ClothDemo/DXUT/Optional/DXUTguiIME.h,1,1,2
/media/ullmann/HDDGabriel/research/engines/gameplay/gameplay-deps/bullet-2.82-r2704/Demos/DX11ClothDemo/DXUT/Optional/ImeUi.h,0,2,2
/media/ullmann/HDDGabriel/research/engines/gameplay/gameplay-deps/bullet-2.82-r2704/Extras/glui/glui_commandline.cpp,2,0,2
/media/ullmann/HDDGabriel/research/engines/gameplay/gameplay/src/ScriptController.cpp,4,0,4
/media/ullmann/HDDGabriel/research/engines/gameplay/gameplay-deps/curl-7.39.0/lib/pipeline.h,0,4,4
/media/ullmann/HDDGabriel/research/engines/gameplay/gameplay/src/Properties.cpp,4,0,4
/media/ullmann/HDDGabriel/research/engines/gameplay/gameplay/src/VertexAttributeBinding.cpp,4,0,4
/media/ullmann/HDDGabriel/research/engines/gameplay/gameplay-deps/libjson-7.6.1/_internal/TestSuite2/NumberToString/_areFloatsEqual.h,1,2,3
/media/ullmann/HDDGabriel/research/engines/gameplay/gameplay-deps/curl-7.39.0/tests/libtest/lib1512.c,1,0,1
/media/ullmann/HDDGabriel/research/engines/gameplay/gameplay-deps/png-1.6.15/contrib/gregbook/wpng.c,1,0,1
/media/ullmann/HDDGabriel/research/engines/gameplay/gameplay-deps/png-1.6.15/contrib/gregbook/writepng.h,0,2,2
/media/ullmann/HDDGabriel/research/engines/gameplay/gameplay/src/AudioListener.cpp,4,0,4
/media/ullmann/HDDGabriel/research/engines/gameplay/gameplay-deps/curl-7.39.0/lib/ftp.h,1,6,7
/media/ullmann/HDDGabriel/research/engines/gameplay/gameplay-deps/vorbis-1.3.4/lib/res0.c,5,0,5
/media/ullmann/HDDGabriel/research/engines/gameplay/gameplay-deps/vorbis-1.3.4/lib/codebook.h,0,8,8
/media/ullmann/HDDGabriel/research/engines/gameplay/external-deps/include/LinearMath/btGrahamScan2dConvexHull.h,2,0,2
/media/ullmann/HDDGabriel/research/engines/gameplay/gameplay-deps/bullet-2.82-r2704/Demos/OpenGL/DemoApplication.cpp,3,0,3
/media/ullmann/HDDGabriel/research/engines/gameplay/gameplay-deps/theora-1.1.1/lib/dct.h,0,4,4
/media/ullmann/HDDGabriel/research/engines/gameplay/gameplay-deps/vorbis-1.3.4/lib/lookup.c,4,1,5
/media/ullmann/HDDGabriel/research/engines/gameplay/gameplay-deps/vorbis-1.3.4/lib/lookup_data.h,0,1,1
/media/ullmann/HDDGabriel/research/engines/gameplay/gameplay/src/VerticalLayout.h,2,4,6
/media/ullmann/HDDGabriel/research/engines/gameplay/gameplay-deps/openal-1.16.0/include/AL/al.h,0,3,3
/media/ullmann/HDDGabriel/research/engines/gameplay/gameplay-deps/bullet-2.82-r2704/src/BulletCollision/CollisionDispatch/SphereTriangleDetector.cpp,1,0,1
/media/ullmann/HDDGabriel/research/engines/gameplay/gameplay-deps/bullet-2.82-r2704/src/BulletCollision/CollisionDispatch/SphereTriangleDetector.h,0,2,2
/media/ullmann/HDDGabriel/research/engines/gameplay/gameplay-deps/bullet-2.82-r2704/src/BulletCollision/BroadphaseCollision/btSimpleBroadphase.cpp,1,0,1
/media/ullmann/HDDGabriel/research/engines/gameplay/gameplay-deps/bullet-2.82-r2704/src/BulletCollision/BroadphaseCollision/btSimpleBroadphase.h,1,3,4
/media/ullmann/HDDGabriel/research/engines/gameplay/gameplay/src/lua/lua_Gesture.cpp,1,0,1
/media/ullmann/HDDGabriel/research/engines/gameplay/gameplay/src/lua/lua_Gesture.h,0,2,2
/media/ullmann/HDDGabriel/research/engines/gameplay/external-deps/include/BulletDynamics/Featherstone/btMultiBodyConstraintSolver.h,2,0,2
/media/ullmann/HDDGabriel/research/engines/gameplay/gameplay-deps/curl-7.39.0/src/tool_help.c,5,0,5
/media/ullmann/HDDGabriel/research/engines/gameplay/tools/encoder/src/Quaternion.inl,0,1,1
/media/ullmann/HDDGabriel/research/engines/gameplay/gameplay-deps/libjson-7.6.1/_internal/TestSuite2/NumberToString/_atof.cpp,2,0,2
/media/ullmann/HDDGabriel/research/engines/gameplay/gameplay/src/Sprite.h,8,4,12
/media/ullmann/HDDGabriel/research/engines/gameplay/tools/encoder/src/Heightmap.h,1,2,3
/media/ullmann/HDDGabriel/research/engines/gameplay/gameplay/src/Ref.cpp,3,0,3
/media/ullmann/HDDGabriel/research/engines/gameplay/gameplay-deps/theora-1.1.1/lib/internal.c,1,0,1
/media/ullmann/HDDGabriel/research/engines/gameplay/gameplay-deps/openal-1.16.0/include/AL/alext.h,3,0,3
/media/ullmann/HDDGabriel/research/engines/gameplay/gameplay-deps/bullet-2.82-r2704/src/BulletMultiThreaded/btParallelConstraintSolver.h,1,1,2
/media/ullmann/HDDGabriel/research/engines/gameplay/gameplay-deps/bullet-2.82-r2704/Test/Source/Tests/Test_v3triple.cpp,1,0,1
/media/ullmann/HDDGabriel/research/engines/gameplay/gameplay-deps/bullet-2.82-r2704/Test/Source/Tests/Test_v3triple.h,0,1,1
/media/ullmann/HDDGabriel/research/engines/gameplay/tools/luagen/src/main.cpp,2,0,2
/media/ullmann/HDDGabriel/research/engines/gameplay/tools/luagen/src/Generator.h,5,4,9
/media/ullmann/HDDGabriel/research/engines/gameplay/gameplay-deps/bullet-2.82-r2704/src/BulletMultiThreaded/Win32ThreadSupport.h,2,1,3
/media/ullmann/HDDGabriel/research/engines/gameplay/external-deps/include/AL/alext.h,3,0,3
/media/ullmann/HDDGabriel/research/engines/gameplay/external-deps/include/AL/al.h,0,2,2
/media/ullmann/HDDGabriel/research/engines/gameplay/gameplay-deps/bullet-2.82-r2704/Demos/BspDemo/BspDemo.cpp,3,0,3
/media/ullmann/HDDGabriel/research/engines/gameplay/gameplay-deps/bullet-2.82-r2704/Demos/BspDemo/BspLoader.h,0,4,4
/media/ullmann/HDDGabriel/research/engines/gameplay/gameplay-deps/curl-7.39.0/tests/unit/unit1308.c,1,0,1
/media/ullmann/HDDGabriel/research/engines/gameplay/gameplay-deps/curl-7.39.0/tests/unit/curlcheck.h,0,15,15
/media/ullmann/HDDGabriel/research/engines/gameplay/gameplay-deps/freetype-2.4.5/src/truetype/truetype.c,7,0,7
/media/ullmann/HDDGabriel/research/engines/gameplay/gameplay-deps/bullet-2.82-r2704/Extras/CDTestFramework/Profiling.h,0,8,8
/media/ullmann/HDDGabriel/research/engines/gameplay/gameplay-deps/curl-7.39.0/tests/libtest/testutil.c,1,0,1
/media/ullmann/HDDGabriel/research/engines/gameplay/gameplay-deps/bullet-2.82-r2704/src/BulletDynamics/Featherstone/btMultiBodyLink.h,0,2,2
/media/ullmann/HDDGabriel/research/engines/gameplay/gameplay-deps/bullet-2.82-r2704/Demos/Gpu3dDemo/btGpuDemo3dCpuFunc.cpp,2,0,2
/media/ullmann/HDDGabriel/research/engines/gameplay/gameplay-deps/bullet-2.82-r2704/Demos/Gpu3dDemo/btGpuDemo3dSharedCode.h,0,1,1
/media/ullmann/HDDGabriel/research/engines/gameplay/tools/encoder/src/Quaternion.cpp,2,0,2
/media/ullmann/HDDGabriel/research/engines/gameplay/gameplay/src/ScreenDisplayer.h,2,2,4
/media/ullmann/HDDGabriel/research/engines/gameplay/gameplay-deps/curl-7.39.0/tests/libtest/lib509.c,1,0,1
/media/ullmann/HDDGabriel/research/engines/gameplay/gameplay-deps/zlib-1.2.8/contrib/iostream3/test.cc,1,0,1
/media/ullmann/HDDGabriel/research/engines/gameplay/gameplay-deps/zlib-1.2.8/contrib/iostream3/zfstream.h,0,2,2
/media/ullmann/HDDGabriel/research/engines/gameplay/gameplay-deps/curl-7.39.0/tests/unit/unit1300.c,1,0,1
/media/ullmann/HDDGabriel/research/engines/gameplay/gameplay-deps/libjson-7.6.1/_internal/TestSuite2/JSONValidator/isValidNamedObject.cpp,1,0,1
/media/ullmann/HDDGabriel/research/engines/gameplay/gameplay-deps/libjson-7.6.1/_internal/TestSuite2/JSONValidator/isValidNamedObject.h,0,2,2
/media/ullmann/HDDGabriel/research/engines/gameplay/gameplay-deps/bullet-2.82-r2704/Demos/BspDemo/BspDemo.h,0,3,3
/media/ullmann/HDDGabriel/research/engines/gameplay/gameplay/src/PhysicsCollisionShape.h,3,3,6
/media/ullmann/HDDGabriel/research/engines/gameplay/gameplay/src/PhysicsFixedConstraint.h,2,3,5
/media/ullmann/HDDGabriel/research/engines/gameplay/gameplay-deps/libjson-7.6.1/_internal/TestSuite2/NumberToString/_ftoa.h,1,2,3
/media/ullmann/HDDGabriel/research/engines/gameplay/gameplay-deps/theora-1.1.1/lib/x86_vc/mmxencfrag.c,1,0,1
/media/ullmann/HDDGabriel/research/engines/gameplay/gameplay-deps/theora-1.1.1/lib/x86_vc/x86enc.h,2,3,5
/media/ullmann/HDDGabriel/research/engines/gameplay/gameplay/src/AbsoluteLayout.h,1,4,5
/media/ullmann/HDDGabriel/research/engines/gameplay/gameplay-deps/bullet-2.82-r2704/Extras/CDTestFramework/Opcode/OPC_ArraySAP.cpp,2,0,2
/media/ullmann/HDDGabriel/research/engines/gameplay/gameplay-deps/bullet-2.82-r2704/Extras/CDTestFramework/Opcode/OPC_ArraySAP.h,0,1,1
/media/ullmann/HDDGabriel/research/engines/gameplay/gameplay-deps/theora-1.1.1/lib/x86/mmxloop.h,1,1,2
/media/ullmann/HDDGabriel/research/engines/gameplay/gameplay-deps/bullet-2.82-r2704/src/BulletCollision/CollisionDispatch/btManifoldResult.cpp,1,0,1
/media/ullmann/HDDGabriel/research/engines/gameplay/gameplay-deps/bullet-2.82-r2704/src/BulletCollision/CollisionDispatch/btManifoldResult.h,0,2,2
/media/ullmann/HDDGabriel/research/engines/gameplay/gameplay-deps/bullet-2.82-r2704/Demos/CcdPhysicsDemo/CcdPhysicsDemo.cpp,1,0,1
/media/ullmann/HDDGabriel/research/engines/gameplay/gameplay-deps/bullet-2.82-r2704/Demos/GjkConvexCastDemo/main.cpp,1,0,1
/media/ullmann/HDDGabriel/research/engines/gameplay/gameplay-deps/bullet-2.82-r2704/Demos/GjkConvexCastDemo/LinearConvexCastDemo.h,0,3,3
/media/ullmann/HDDGabriel/research/engines/gameplay/gameplay-deps/freetype-2.4.5/src/gxvalid/gxvmorx2.c,1,1,2
/media/ullmann/HDDGabriel/research/engines/gameplay/gameplay-deps/freetype-2.4.5/src/gxvalid/gxvmorx.h,3,6,9
/media/ullmann/HDDGabriel/research/engines/gameplay/gameplay-deps/freetype-2.4.5/src/psaux/psconv.h,0,3,3
/media/ullmann/HDDGabriel/research/engines/gameplay/gameplay-deps/bullet-2.82-r2704/src/BulletDynamics/Featherstone/btMultiBodyPoint2Point.cpp,2,0,2
/media/ullmann/HDDGabriel/research/engines/gameplay/gameplay-deps/bullet-2.82-r2704/Demos/SharedOpenCL/clew.c,1,0,1
/media/ullmann/HDDGabriel/research/engines/gameplay/gameplay-deps/bullet-2.82-r2704/Demos/SharedOpenCL/clew.h,0,1,1
/media/ullmann/HDDGabriel/research/engines/gameplay/gameplay-deps/libjson-7.6.1/_internal/Source/JSONMemory.h,1,6,7
/media/ullmann/HDDGabriel/research/engines/gameplay/gameplay/src/PhysicsSocketConstraint.h,3,3,6
/media/ullmann/HDDGabriel/research/engines/gameplay/gameplay-deps/curl-7.39.0/lib/vtls/polarssl.c,3,0,3
/media/ullmann/HDDGabriel/research/engines/gameplay/gameplay-deps/curl-7.39.0/lib/vtls/polarssl_threadlock.h,0,2,2
/media/ullmann/HDDGabriel/research/engines/gameplay/gameplay-deps/freetype-2.4.5/src/pshinter/pshrec.c,3,1,4
/media/ullmann/HDDGabriel/research/engines/gameplay/gameplay-deps/bullet-2.82-r2704/Extras/CDTestFramework/Opcode/StdAfx.h,1,1,2
/media/ullmann/HDDGabriel/research/engines/gameplay/gameplay-deps/bullet-2.82-r2704/Extras/CDTestFramework/Opcode/Opcode.h,0,1,1
/media/ullmann/HDDGabriel/research/engines/gameplay/tools/encoder/src/Vector2.inl,0,1,1
/media/ullmann/HDDGabriel/research/engines/gameplay/gameplay-deps/bullet-2.82-r2704/Extras/CDTestFramework/AntTweakBar/src/TwOpenGL.h,1,2,3
/media/ullmann/HDDGabriel/research/engines/gameplay/gameplay-deps/bullet-2.82-r2704/Extras/CDTestFramework/AntTweakBar/src/TwGraph.h,2,6,8
/media/ullmann/HDDGabriel/research/engines/gameplay/gameplay-deps/bullet-2.82-r2704/src/BulletMultiThreaded/GpuSoftBodySolvers/DX11/HLSL/UpdatePositionsFromVelocities.hlsl,0,2,2
/media/ullmann/HDDGabriel/research/engines/gameplay/gameplay-deps/bullet-2.82-r2704/src/BulletDynamics/ConstraintSolver/btFixedConstraint.h,1,2,3
/media/ullmann/HDDGabriel/research/engines/gameplay/gameplay-deps/lua-5.2.3/src/lopcodes.c,1,0,1
/media/ullmann/HDDGabriel/research/engines/gameplay/gameplay-deps/lua-5.2.3/src/lopcodes.h,1,8,9
/media/ullmann/HDDGabriel/research/engines/gameplay/gameplay-deps/curl-7.39.0/lib/file.h,0,3,3
/media/ullmann/HDDGabriel/research/engines/gameplay/gameplay-deps/freetype-2.4.5/src/gzip/inftrees.c,3,1,4
/media/ullmann/HDDGabriel/research/engines/gameplay/gameplay-deps/freetype-2.4.5/src/gzip/inftrees.h,0,5,5
/media/ullmann/HDDGabriel/research/engines/gameplay/gameplay-deps/bullet-2.82-r2704/src/BulletMultiThreaded/GpuSoftBodySolvers/DX11/btSoftBodySolverLinkData_DX11.h,1,1,2
/media/ullmann/HDDGabriel/research/engines/gameplay/gameplay-deps/bullet-2.82-r2704/src/BulletMultiThreaded/GpuSoftBodySolvers/DX11/btSoftBodySolverBuffer_DX11.h,0,4,4
/media/ullmann/HDDGabriel/research/engines/gameplay/gameplay-deps/bullet-2.82-r2704/src/BulletMultiThreaded/GpuSoftBodySolvers/OpenCL/OpenCLC10/ApplyForces.cl,0,3,3
/media/ullmann/HDDGabriel/research/engines/gameplay/gameplay-deps/libjson-7.6.1/_internal/TestSuite2/JSONValidator/isValidNumber.cpp,3,0,3
/media/ullmann/HDDGabriel/research/engines/gameplay/gameplay-deps/lua-5.2.3/src/loadlib.c,3,0,3
/media/ullmann/HDDGabriel/research/engines/gameplay/gameplay/src/TerrainPatch.h,2,4,6
/media/ullmann/HDDGabriel/research/engines/gameplay/gameplay-deps/bullet-2.82-r2704/src/BulletCollision/CollisionShapes/btEmptyShape.cpp,2,0,2
/media/ullmann/HDDGabriel/research/engines/gameplay/gameplay-deps/bullet-2.82-r2704/src/BulletCollision/CollisionShapes/btCollisionShape.h,0,5,5
/media/ullmann/HDDGabriel/research/engines/gameplay/gameplay-deps/freetype-2.4.5/src/autofit/afglobal.h,1,3,4
/media/ullmann/HDDGabriel/research/engines/gameplay/gameplay-deps/bullet-2.82-r2704/src/BulletCollision/NarrowPhaseCollision/btManifoldPoint.h,0,1,1
/media/ullmann/HDDGabriel/research/engines/gameplay/gameplay-deps/bullet-2.82-r2704/src/BulletDynamics/Dynamics/btSimpleDynamicsWorld.cpp,1,0,1
/media/ullmann/HDDGabriel/research/engines/gameplay/gameplay-deps/bullet-2.82-r2704/src/BulletDynamics/Dynamics/btSimpleDynamicsWorld.h,1,2,3
/media/ullmann/HDDGabriel/research/engines/gameplay/external-deps/include/BulletDynamics/Vehicle/btRaycastVehicle.h,2,1,3
/media/ullmann/HDDGabriel/research/engines/gameplay/gameplay-deps/bullet-2.82-r2704/Extras/Serialize/BulletFileLoader/bCommon.h,0,3,3
/media/ullmann/HDDGabriel/research/engines/gameplay/gameplay/src/Texture.cpp,4,0,4
/media/ullmann/HDDGabriel/research/engines/gameplay/gameplay-deps/curl-7.39.0/lib/vtls/axtls.h,0,2,2
/media/ullmann/HDDGabriel/research/engines/gameplay/gameplay-deps/openal-1.16.0/include/rwlock.h,2,1,3
/media/ullmann/HDDGabriel/research/engines/gameplay/gameplay-deps/openal-1.16.0/include/bool.h,0,2,2
/media/ullmann/HDDGabriel/research/engines/gameplay/gameplay-deps/curl-7.39.0/lib/non-ascii.c,7,0,7
/media/ullmann/HDDGabriel/research/engines/gameplay/gameplay-deps/bullet-2.82-r2704/Extras/CDTestFramework/OpcodeArraySAPTest.cpp,4,0,4
/media/ullmann/HDDGabriel/research/engines/gameplay/gameplay-deps/bullet-2.82-r2704/Extras/CDTestFramework/OBBMeshQuery.h,2,2,4
/media/ullmann/HDDGabriel/research/engines/gameplay/gameplay-deps/libjson-7.6.1/_internal/TestSuite/RunTestSuite2.h,0,2,2
/media/ullmann/HDDGabriel/research/engines/gameplay/external-deps/include/lua/luaconf.h,0,1,1
/media/ullmann/HDDGabriel/research/engines/gameplay/gameplay-deps/lua-5.2.3/src/ltablib.c,3,0,3
/media/ullmann/HDDGabriel/research/engines/gameplay/gameplay-deps/freetype-2.4.5/src/sfnt/ttmtx.h,0,2,2
/media/ullmann/HDDGabriel/research/engines/gameplay/gameplay-deps/bullet-2.82-r2704/Test/Source/Tests/Test_3x3mulMV.cpp,1,0,1
/media/ullmann/HDDGabriel/research/engines/gameplay/gameplay-deps/bullet-2.82-r2704/Test/Source/Tests/Test_3x3mulMV.h,0,1,1
/media/ullmann/HDDGabriel/research/engines/gameplay/gameplay/src/MaterialParameter.h,7,3,10
/media/ullmann/HDDGabriel/research/engines/gameplay/gameplay-deps/libjson-7.6.1/_internal/TestSuite2/JSONValidator/isValidRoot.cpp,3,0,3
/media/ullmann/HDDGabriel/research/engines/gameplay/gameplay-deps/curl-7.39.0/lib/curl_memrchr.h,1,2,3
/media/ullmann/HDDGabriel/research/engines/gameplay/gameplay/src/lua/lua_AIMessage.cpp,1,0,1
/media/ullmann/HDDGabriel/research/engines/gameplay/gameplay/src/lua/lua_AIMessage.h,0,2,2
/media/ullmann/HDDGabriel/research/engines/gameplay/gameplay-deps/bullet-2.82-r2704/src/BulletMultiThreaded/btThreadSupportInterface.h,2,7,9
/media/ullmann/HDDGabriel/research/engines/gameplay/gameplay/src/lua/lua_Node.h,0,2,2
/media/ullmann/HDDGabriel/research/engines/gameplay/gameplay/src/MeshPart.cpp,2,0,2
/media/ullmann/HDDGabriel/research/engines/gameplay/gameplay-deps/bullet-2.82-r2704/Extras/glui/algebra3.cpp,2,0,2
/media/ullmann/HDDGabriel/research/engines/gameplay/gameplay-deps/bullet-2.82-r2704/Extras/glui/algebra3.h,0,5,5
/media/ullmann/HDDGabriel/research/engines/gameplay/gameplay-deps/freetype-2.4.5/src/sfnt/sfobjs.c,6,1,7
/media/ullmann/HDDGabriel/research/engines/gameplay/gameplay-deps/freetype-2.4.5/src/sfnt/sfobjs.h,0,2,2
/media/ullmann/HDDGabriel/research/engines/gameplay/gameplay-deps/bullet-2.82-r2704/src/BulletCollision/CollisionShapes/btConvexShape.h,2,4,6
/media/ullmann/HDDGabriel/research/engines/gameplay/gameplay-deps/bullet-2.82-r2704/src/vectormath/sse/mat_aos.h,0,1,1
/media/ullmann/HDDGabriel/research/engines/gameplay/gameplay-deps/bullet-2.82-r2704/Extras/Serialize/BulletWorldImporter/btBulletWorldImporter.h,1,1,2
/media/ullmann/HDDGabriel/research/engines/gameplay/external-deps/include/BulletCollision/CollisionShapes/btCollisionShape.h,0,3,3
/media/ullmann/HDDGabriel/research/engines/gameplay/external-deps/include/BulletDynamics/ConstraintSolver/btHingeConstraint.h,2,1,3
/media/ullmann/HDDGabriel/research/engines/gameplay/gameplay/src/Texture.h,2,11,13
/media/ullmann/HDDGabriel/research/engines/gameplay/gameplay-deps/zlib-1.2.8/contrib/minizip/iowin32.c,2,0,2
/media/ullmann/HDDGabriel/research/engines/gameplay/gameplay-deps/zlib-1.2.8/contrib/minizip/ioapi.h,0,4,4
/media/ullmann/HDDGabriel/research/engines/gameplay/gameplay-deps/freetype-2.4.5/src/type42/t42drivr.c,3,1,4
/media/ullmann/HDDGabriel/research/engines/gameplay/gameplay-deps/freetype-2.4.5/src/type42/t42objs.h,1,3,4
/media/ullmann/HDDGabriel/research/engines/gameplay/gameplay-deps/bullet-2.82-r2704/Extras/glui/glui_rotation.cpp,3,0,3
/media/ullmann/HDDGabriel/research/engines/gameplay/gameplay-deps/bullet-2.82-r2704/Extras/glui/arcball.h,3,2,5
/media/ullmann/HDDGabriel/research/engines/gameplay/gameplay-deps/lua-5.2.3/src/lauxlib.c,2,0,2
/media/ullmann/HDDGabriel/research/engines/gameplay/tools/luagen/src/EnumBinding.h,1,1,2
/media/ullmann/HDDGabriel/research/engines/gameplay/gameplay-deps/bullet-2.82-r2704/src/LinearMath/btPoolAllocator.h,2,0,2
/media/ullmann/HDDGabriel/research/engines/gameplay/gameplay-deps/bullet-2.82-r2704/src/LinearMath/btScalar.h,0,9,9
/media/ullmann/HDDGabriel/research/engines/gameplay/gameplay/src/gameplay-main-android.cpp,1,0,1
/media/ullmann/HDDGabriel/research/engines/gameplay/gameplay-deps/bullet-2.82-r2704/Demos/RaytestDemo/RaytestDemo.cpp,1,0,1
/media/ullmann/HDDGabriel/research/engines/gameplay/gameplay-deps/bullet-2.82-r2704/Demos/RaytestDemo/RaytestDemo.h,0,3,3
/media/ullmann/HDDGabriel/research/engines/gameplay/gameplay-deps/bullet-2.82-r2704/src/BulletMultiThreaded/GpuSoftBodySolvers/OpenCL/btSoftBodySolverBuffer_OpenCL.h,0,6,6
/media/ullmann/HDDGabriel/research/engines/gameplay/gameplay-deps/libjson-7.6.1/_internal/Source/JSONStream.cpp,3,0,3
/media/ullmann/HDDGabriel/research/engines/gameplay/gameplay-deps/libjson-7.6.1/_internal/Source/JSONWorker.h,2,4,6
/media/ullmann/HDDGabriel/research/engines/gameplay/gameplay-deps/freetype-2.4.5/src/base/ftinit.c,1,0,1
/media/ullmann/HDDGabriel/research/engines/gameplay/gameplay-deps/freetype-2.4.5/src/base/basepic.h,0,5,5
/media/ullmann/HDDGabriel/research/engines/gameplay/gameplay-deps/bullet-2.82-r2704/Demos/CollisionInterfaceDemo/main.cpp,1,0,1
/media/ullmann/HDDGabriel/research/engines/gameplay/gameplay-deps/bullet-2.82-r2704/Demos/CollisionInterfaceDemo/CollisionInterfaceDemo.h,0,3,3
/media/ullmann/HDDGabriel/research/engines/gameplay/gameplay/src/Camera.h,5,5,10
/media/ullmann/HDDGabriel/research/engines/gameplay/gameplay-deps/bullet-2.82-r2704/Demos/DX11ClothDemo/DXUT/Optional/DXUTcamera.cpp,2,0,2
/media/ullmann/HDDGabriel/research/engines/gameplay/gameplay-deps/bullet-2.82-r2704/Demos/DX11ClothDemo/DXUT/Optional/DXUTres.h,0,5,5
/media/ullmann/HDDGabriel/research/engines/gameplay/gameplay-deps/bullet-2.82-r2704/Demos/NativeClient/opengl_context_ptrs.h,0,3,3
/media/ullmann/HDDGabriel/research/engines/gameplay/tools/encoder/src/Sampler.cpp,3,0,3
/media/ullmann/HDDGabriel/research/engines/gameplay/gameplay-deps/lua-5.2.3/src/lvm.c,12,0,12
/media/ullmann/HDDGabriel/research/engines/gameplay/gameplay-deps/curl-7.39.0/tests/libtest/lib599.c,1,0,1
/media/ullmann/HDDGabriel/research/engines/gameplay/samples/spaceship/src/SpaceshipGame.cpp,1,0,1
/media/ullmann/HDDGabriel/research/engines/gameplay/samples/spaceship/src/SpaceshipGame.h,0,1,1
/media/ullmann/HDDGabriel/research/engines/gameplay/gameplay-deps/curl-7.39.0/lib/cookie.h,1,5,6
/media/ullmann/HDDGabriel/research/engines/gameplay/gameplay-deps/libjson-7.6.1/_internal/Source/JSONDefs.h,5,3,8
/media/ullmann/HDDGabriel/research/engines/gameplay/gameplay-deps/bullet-2.82-r2704/src/BulletCollision/Gimpact/gim_box_collision.h,1,3,4
/media/ullmann/HDDGabriel/research/engines/gameplay/gameplay-deps/curl-7.39.0/src/tool_cb_dbg.c,5,0,5
/media/ullmann/HDDGabriel/research/engines/gameplay/gameplay-deps/freetype-2.4.5/src/gxvalid/gxvcommn.c,1,1,2
/media/ullmann/HDDGabriel/research/engines/gameplay/tools/encoder/src/GPBFile.cpp,6,0,6
/media/ullmann/HDDGabriel/research/engines/gameplay/gameplay-deps/curl-7.39.0/lib/curl_hmac.h,0,5,5
/media/ullmann/HDDGabriel/research/engines/gameplay/gameplay-deps/theora-1.1.1/lib/encfrag.c,1,0,1
/media/ullmann/HDDGabriel/research/engines/gameplay/gameplay-deps/bullet-2.82-r2704/Demos/OpenGL/GL_DialogWindow.cpp,2,0,2
/media/ullmann/HDDGabriel/research/engines/gameplay/gameplay-deps/freetype-2.4.5/src/otvalid/otvmath.c,3,1,4
/media/ullmann/HDDGabriel/research/engines/gameplay/gameplay/src/lua/lua_Mouse.cpp,1,0,1
/media/ullmann/HDDGabriel/research/engines/gameplay/gameplay-deps/bullet-2.82-r2704/src/BulletDynamics/MLCPSolvers/btDantzigLCP.cpp,1,0,1
/media/ullmann/HDDGabriel/research/engines/gameplay/gameplay-deps/curl-7.39.0/lib/hostasyn.c,10,0,10
/media/ullmann/HDDGabriel/research/engines/gameplay/gameplay-deps/bullet-2.82-r2704/src/BulletMultiThreaded/SpuCollisionTaskProcess.cpp,1,0,1
/media/ullmann/HDDGabriel/research/engines/gameplay/gameplay-deps/bullet-2.82-r2704/src/BulletMultiThreaded/SpuCollisionTaskProcess.h,3,7,10
/media/ullmann/HDDGabriel/research/engines/gameplay/gameplay-deps/png-1.6.15/contrib/gregbook/rpng2-x.c,1,0,1
/media/ullmann/HDDGabriel/research/engines/gameplay/gameplay-deps/png-1.6.15/contrib/gregbook/readpng2.h,0,3,3
/media/ullmann/HDDGabriel/research/engines/gameplay/gameplay-deps/bullet-2.82-r2704/src/BulletCollision/CollisionDispatch/btGhostObject.h,2,1,3
/media/ullmann/HDDGabriel/research/engines/gameplay/gameplay-deps/bullet-2.82-r2704/Extras/Serialize/BulletXmlWorldImporter/tinystr.cpp,1,0,1
/media/ullmann/HDDGabriel/research/engines/gameplay/gameplay-deps/bullet-2.82-r2704/Extras/Serialize/BulletXmlWorldImporter/tinystr.h,0,1,1
/media/ullmann/HDDGabriel/research/engines/gameplay/gameplay-deps/lua-5.2.3/src/luaconf.h,0,1,1
/media/ullmann/HDDGabriel/research/engines/gameplay/gameplay-deps/freetype-2.4.5/src/otvalid/otvcommn.c,1,1,2
/media/ullmann/HDDGabriel/research/engines/gameplay/gameplay-deps/freetype-2.4.5/src/otvalid/otvcommn.h,1,8,9
/media/ullmann/HDDGabriel/research/engines/gameplay/external-deps/include/BulletCollision/CollisionShapes/btBvhTriangleMeshShape.h,3,2,5
/media/ullmann/HDDGabriel/research/engines/gameplay/external-deps/include/BulletCollision/CollisionShapes/btTriangleInfoMap.h,0,1,1
/media/ullmann/HDDGabriel/research/engines/gameplay/gameplay/src/Slider.h,5,4,9
/media/ullmann/HDDGabriel/research/engines/gameplay/gameplay-deps/bullet-2.82-r2704/Test/Source/main.cpp,3,0,3
/media/ullmann/HDDGabriel/research/engines/gameplay/gameplay-deps/bullet-2.82-r2704/Test/Source/Utils.h,1,2,3
/media/ullmann/HDDGabriel/research/engines/gameplay/samples/browser/src/FontSample.h,1,1,2
/media/ullmann/HDDGabriel/research/engines/gameplay/gameplay-deps/freetype-2.4.5/src/cff/cffcmap.c,3,1,4
/media/ullmann/HDDGabriel/research/engines/gameplay/gameplay-deps/freetype-2.4.5/src/cff/cfferrs.h,0,6,6
/media/ullmann/HDDGabriel/research/engines/gameplay/tools/encoder/src/Light.h,1,5,6
/media/ullmann/HDDGabriel/research/engines/gameplay/gameplay-deps/curl-7.39.0/lib/hmac.c,4,0,4
/media/ullmann/HDDGabriel/research/engines/gameplay/gameplay-deps/bullet-2.82-r2704/Extras/CDTestFramework/Camera.h,0,6,6
/media/ullmann/HDDGabriel/research/engines/gameplay/gameplay/src/Slider.cpp,2,0,2
/media/ullmann/HDDGabriel/research/engines/gameplay/gameplay-deps/freetype-2.4.5/src/pfr/pfrcmap.c,3,1,4
/media/ullmann/HDDGabriel/research/engines/gameplay/samples/browser/src/BillboardSample.cpp,3,0,3
/media/ullmann/HDDGabriel/research/engines/gameplay/gameplay/src/Curve.cpp,2,0,2
/media/ullmann/HDDGabriel/research/engines/gameplay/gameplay/src/Curve.h,1,6,7
/media/ullmann/HDDGabriel/research/engines/gameplay/gameplay-deps/freetype-2.4.5/src/type1/t1load.c,3,1,4
/media/ullmann/HDDGabriel/research/engines/gameplay/gameplay-deps/freetype-2.4.5/src/type1/t1load.h,1,3,4
/media/ullmann/HDDGabriel/research/engines/gameplay/gameplay/src/lua/lua_NodeCloneContext.cpp,1,0,1
/media/ullmann/HDDGabriel/research/engines/gameplay/gameplay/src/lua/lua_NodeCloneContext.h,0,2,2
/media/ullmann/HDDGabriel/research/engines/gameplay/gameplay-deps/curl-7.39.0/lib/speedcheck.c,5,0,5
/media/ullmann/HDDGabriel/research/engines/gameplay/gameplay-deps/curl-7.39.0/tests/libtest/lib552.c,1,0,1
/media/ullmann/HDDGabriel/research/engines/gameplay/gameplay-deps/bullet-2.82-r2704/src/BulletSoftBody/btSoftBody.cpp,2,0,2
/media/ullmann/HDDGabriel/research/engines/gameplay/gameplay-deps/bullet-2.82-r2704/src/BulletSoftBody/btSoftBodyData.h,0,1,1
/media/ullmann/HDDGabriel/research/engines/gameplay/gameplay-deps/bullet-2.82-r2704/Demos/NativeClient/scripting_bridge.h,1,3,4
/media/ullmann/HDDGabriel/research/engines/gameplay/gameplay-deps/bullet-2.82-r2704/Demos/NativeClient/callback.h,0,1,1
/media/ullmann/HDDGabriel/research/engines/gameplay/gameplay-deps/bullet-2.82-r2704/Test/Source/Tests/Test_v3skew.cpp,1,0,1
/media/ullmann/HDDGabriel/research/engines/gameplay/gameplay-deps/bullet-2.82-r2704/Test/Source/Tests/Test_v3skew.h,0,1,1
/media/ullmann/HDDGabriel/research/engines/gameplay/gameplay-deps/bullet-2.82-r2704/src/BulletCollision/CollisionDispatch/btSphereSphereCollisionAlgorithm.cpp,1,0,1
/media/ullmann/HDDGabriel/research/engines/gameplay/gameplay-deps/bullet-2.82-r2704/src/BulletCollision/CollisionDispatch/btSphereSphereCollisionAlgorithm.h,2,2,4
/media/ullmann/HDDGabriel/research/engines/gameplay/gameplay-deps/curl-7.39.0/tests/libtest/lib597.c,2,0,2
/media/ullmann/HDDGabriel/research/engines/gameplay/external-deps/include/BulletCollision/BroadphaseCollision/btMultiSapBroadphase.h,2,1,3
/media/ullmann/HDDGabriel/research/engines/gameplay/gameplay/src/Container.h,3,9,12
/media/ullmann/HDDGabriel/research/engines/gameplay/gameplay-deps/bullet-2.82-r2704/Extras/CDTestFramework/CollisionTest.cpp,2,0,2
/media/ullmann/HDDGabriel/research/engines/gameplay/gameplay-deps/bullet-2.82-r2704/Extras/CDTestFramework/stdafx.h,0,15,15
/media/ullmann/HDDGabriel/research/engines/gameplay/gameplay-deps/zlib-1.2.8/contrib/infback9/inffix9.h,0,1,1
/media/ullmann/HDDGabriel/research/engines/gameplay/gameplay-deps/curl-7.39.0/src/tool_doswin.c,5,0,5
/media/ullmann/HDDGabriel/research/engines/gameplay/gameplay-deps/curl-7.39.0/src/tool_bname.h,1,2,3
/media/ullmann/HDDGabriel/research/engines/gameplay/gameplay-deps/freetype-2.4.5/src/cid/cidload.h,1,3,4
/media/ullmann/HDDGabriel/research/engines/gameplay/gameplay-deps/freetype-2.4.5/src/cid/cidparse.h,0,2,2
/media/ullmann/HDDGabriel/research/engines/gameplay/gameplay-deps/curl-7.39.0/src/tool_libinfo.h,1,6,7
/media/ullmann/HDDGabriel/research/engines/gameplay/gameplay-deps/bullet-2.82-r2704/Extras/CDTestFramework/SphereMeshQuery.cpp,8,0,8
/media/ullmann/HDDGabriel/research/engines/gameplay/gameplay-deps/lua-5.2.3/src/lapi.c,14,0,14
/media/ullmann/HDDGabriel/research/engines/gameplay/samples/browser/src/TextureSample.h,1,1,2
/media/ullmann/HDDGabriel/research/engines/gameplay/gameplay-deps/libjson-7.6.1/_internal/TestSuite/UnitTest.cpp,1,0,1
/media/ullmann/HDDGabriel/research/engines/gameplay/gameplay-deps/bullet-2.82-r2704/Extras/sph/common/mdebug.cpp,1,0,1
/media/ullmann/HDDGabriel/research/engines/gameplay/gameplay-deps/bullet-2.82-r2704/src/LinearMath/btMinMax.h,1,6,7
/media/ullmann/HDDGabriel/research/engines/gameplay/tools/encoder/src/Font.h,2,4,6
/media/ullmann/HDDGabriel/research/engines/gameplay/gameplay-deps/lua-5.2.3/src/lmathlib.c,3,0,3
/media/ullmann/HDDGabriel/research/engines/gameplay/gameplay-deps/openal-1.16.0/Alc/mixer_inc.c,2,3,5
/media/ullmann/HDDGabriel/research/engines/gameplay/gameplay-deps/openal-1.16.0/Alc/hrtf.h,0,4,4
/media/ullmann/HDDGabriel/research/engines/gameplay/gameplay/src/lua/lua_PhysicsControllerListener.h,0,2,2
/media/ullmann/HDDGabriel/research/engines/gameplay/gameplay-deps/vorbis-1.3.4/lib/block.c,6,0,6
/media/ullmann/HDDGabriel/research/engines/gameplay/gameplay-deps/bullet-2.82-r2704/src/BulletDynamics/ConstraintSolver/btConeTwistConstraint.h,2,2,4
/media/ullmann/HDDGabriel/research/engines/gameplay/gameplay-deps/freetype-2.4.5/src/truetype/ttobjs.c,5,1,6
/media/ullmann/HDDGabriel/research/engines/gameplay/gameplay-deps/bullet-2.82-r2704/src/BulletCollision/CollisionShapes/btSphereShape.h,1,3,4
/media/ullmann/HDDGabriel/research/engines/gameplay/tools/encoder/src/NormalMapGenerator.cpp,3,0,3
/media/ullmann/HDDGabriel/research/engines/gameplay/gameplay-deps/bullet-2.82-r2704/src/BulletMultiThreaded/GpuSoftBodySolvers/OpenCL/btSoftBodySolverOutputCLtoGL.cpp,4,0,4
/media/ullmann/HDDGabriel/research/engines/gameplay/gameplay-deps/bullet-2.82-r2704/src/BulletMultiThreaded/GpuSoftBodySolvers/OpenCL/OpenCLC10/OutputToVertexArray.cl,0,2,2
/media/ullmann/HDDGabriel/research/engines/gameplay/gameplay-deps/vorbis-1.3.4/lib/floor1.c,5,0,5
/media/ullmann/HDDGabriel/research/engines/gameplay/gameplay/src/Light.cpp,3,0,3
/media/ullmann/HDDGabriel/research/engines/gameplay/gameplay-deps/bullet-2.82-r2704/src/vectormath/sse/quat_aos.h,0,1,1
/media/ullmann/HDDGabriel/research/engines/gameplay/gameplay/src/Terrain.cpp,5,0,5
/media/ullmann/HDDGabriel/research/engines/gameplay/gameplay-deps/curl-7.39.0/lib/imap.h,1,3,4
/media/ullmann/HDDGabriel/research/engines/gameplay/tools/encoder/src/Animations.h,2,3,5
/media/ullmann/HDDGabriel/research/engines/gameplay/gameplay-deps/curl-7.39.0/lib/curl_gssapi.c,3,0,3
/media/ullmann/HDDGabriel/research/engines/gameplay/gameplay-deps/freetype-2.4.5/src/cache/ftcmru.c,2,1,3
/media/ullmann/HDDGabriel/research/engines/gameplay/gameplay-deps/freetype-2.4.5/src/cache/ftcerror.h,0,8,8
/media/ullmann/HDDGabriel/research/engines/gameplay/gameplay-deps/bullet-2.82-r2704/src/BulletCollision/CollisionDispatch/btDefaultCollisionConfiguration.h,1,2,3
/media/ullmann/HDDGabriel/research/engines/gameplay/gameplay-deps/bullet-2.82-r2704/Demos/Benchmarks/BenchmarkDemo.cpp,3,0,3
/media/ullmann/HDDGabriel/research/engines/gameplay/gameplay-deps/bullet-2.82-r2704/Demos/Benchmarks/Taru.mdl,0,1,1
/media/ullmann/HDDGabriel/research/engines/gameplay/gameplay-deps/bullet-2.82-r2704/src/vectormath/neon/vectormath_aos.h,3,0,3
/media/ullmann/HDDGabriel/research/engines/gameplay/gameplay-deps/bullet-2.82-r2704/src/vectormath/neon/quat_aos.h,0,1,1
/media/ullmann/HDDGabriel/research/engines/gameplay/gameplay-deps/freetype-2.4.5/src/gxvalid/gxverror.h,0,1,1
/media/ullmann/HDDGabriel/research/engines/gameplay/gameplay-deps/bullet-2.82-r2704/src/LinearMath/btStackAlloc.h,2,0,2
/media/ullmann/HDDGabriel/research/engines/gameplay/gameplay-deps/libjson-7.6.1/_internal/TestSuite2/JSONValidator/isValidMember.cpp,3,0,3
/media/ullmann/HDDGabriel/research/engines/gameplay/gameplay/src/AbsoluteLayout.cpp,4,0,4
/media/ullmann/HDDGabriel/research/engines/gameplay/gameplay-deps/bullet-2.82-r2704/src/BulletSoftBody/btSoftSoftCollisionAlgorithm.h,0,2,2
/media/ullmann/HDDGabriel/research/engines/gameplay/gameplay-deps/libjson-7.6.1/_internal/TestSuite2/NumberToString/_itoa.h,1,2,3
/media/ullmann/HDDGabriel/research/engines/gameplay/external-deps/include/BulletCollision/CollisionShapes/btCompoundShape.h,2,1,3
/media/ullmann/HDDGabriel/research/engines/gameplay/external-deps/include/BulletCollision/CollisionShapes/btCollisionMargin.h,0,4,4
/media/ullmann/HDDGabriel/research/engines/gameplay/gameplay-deps/libjson-7.6.1/_internal/TestSuite2/JSONValidator/securityTest.cpp,3,0,3
/media/ullmann/HDDGabriel/research/engines/gameplay/gameplay-deps/bullet-2.82-r2704/Extras/ConvexDecomposition/ConvexDecomposition.h,0,4,4
/media/ullmann/HDDGabriel/research/engines/gameplay/gameplay-deps/vorbis-1.3.4/lib/mdct.h,0,6,6
/media/ullmann/HDDGabriel/research/engines/gameplay/gameplay-deps/freetype-2.4.5/src/base/ftgloadr.c,0,1,1
/media/ullmann/HDDGabriel/research/engines/gameplay/gameplay/src/AIState.cpp,5,0,5
/media/ullmann/HDDGabriel/research/engines/gameplay/gameplay/src/AIState.h,1,3,4
/media/ullmann/HDDGabriel/research/engines/gameplay/gameplay/src/Frustum.cpp,4,0,4
/media/ullmann/HDDGabriel/research/engines/gameplay/gameplay-deps/theora-1.1.1/lib/encode.c,2,0,2
/media/ullmann/HDDGabriel/research/engines/gameplay/gameplay-deps/bullet-2.82-r2704/Demos/ConstraintDemo/Win32ConstraintDemo.cpp,1,0,1
/media/ullmann/HDDGabriel/research/engines/gameplay/gameplay-deps/bullet-2.82-r2704/src/BulletSoftBody/btSoftBodyHelpers.cpp,2,0,2
/media/ullmann/HDDGabriel/research/engines/gameplay/gameplay-deps/bullet-2.82-r2704/src/BulletSoftBody/btSoftBodyInternals.h,1,2,3
/media/ullmann/HDDGabriel/research/engines/gameplay/gameplay-deps/curl-7.39.0/tests/libtest/lib514.c,1,0,1
/media/ullmann/HDDGabriel/research/engines/gameplay/gameplay-deps/bullet-2.82-r2704/src/LinearMath/btGeometryUtil.h,2,1,3
/media/ullmann/HDDGabriel/research/engines/gameplay/gameplay-deps/bullet-2.82-r2704/src/LinearMath/btVector3.h,3,11,14
/media/ullmann/HDDGabriel/research/engines/gameplay/gameplay/src/Rectangle.cpp,2,0,2
/media/ullmann/HDDGabriel/research/engines/gameplay/tools/encoder/src/Glyph.h,1,2,3
/media/ullmann/HDDGabriel/research/engines/gameplay/samples/browser/src/Audio3DSample.cpp,3,0,3
/media/ullmann/HDDGabriel/research/engines/gameplay/gameplay-deps/curl-7.39.0/lib/slist.c,4,0,4
/media/ullmann/HDDGabriel/research/engines/gameplay/gameplay-deps/curl-7.39.0/lib/slist.h,0,3,3
/media/ullmann/HDDGabriel/research/engines/gameplay/gameplay-deps/freetype-2.4.5/src/psaux/psaux.c,6,0,6
/media/ullmann/HDDGabriel/research/engines/gameplay/tools/encoder/src/Light.cpp,2,0,2
/media/ullmann/HDDGabriel/research/engines/gameplay/external-deps/include/BulletCollision/Gimpact/gim_box_collision.h,1,3,4
/media/ullmann/HDDGabriel/research/engines/gameplay/external-deps/include/json/_internal/Source/JSONDefs.h,5,3,8
/media/ullmann/HDDGabriel/research/engines/gameplay/gameplay/src/lua/lua_Platform.cpp,1,0,1
/media/ullmann/HDDGabriel/research/engines/gameplay/gameplay-deps/freetype-2.4.5/src/pcf/pcfdrivr.c,5,1,6
/media/ullmann/HDDGabriel/research/engines/gameplay/gameplay-deps/freetype-2.4.5/src/pcf/pcfdrivr.h,0,1,1
/media/ullmann/HDDGabriel/research/engines/gameplay/gameplay-deps/png-1.6.15/example.c,1,0,1
/media/ullmann/HDDGabriel/research/engines/gameplay/gameplay-deps/freetype-2.4.5/src/pcf/pcfutil.h,0,2,2
/media/ullmann/HDDGabriel/research/engines/gameplay/samples/browser/src/LightSample.h,1,1,2
/media/ullmann/HDDGabriel/research/engines/gameplay/gameplay-deps/bullet-2.82-r2704/Extras/CDTestFramework/SphereMeshQuery.h,2,2,4
/media/ullmann/HDDGabriel/research/engines/gameplay/gameplay/src/Model.h,4,8,12
/media/ullmann/HDDGabriel/research/engines/gameplay/gameplay-deps/freetype-2.4.5/src/cache/ftccmap.c,3,1,4
/media/ullmann/HDDGabriel/research/engines/gameplay/gameplay-deps/curl-7.39.0/lib/bundles.c,10,0,10
/media/ullmann/HDDGabriel/research/engines/gameplay/gameplay-deps/lua-5.2.3/src/ldebug.h,1,13,14
/media/ullmann/HDDGabriel/research/engines/gameplay/gameplay-deps/bullet-2.82-r2704/src/BulletDynamics/ConstraintSolver/btSolverConstraint.h,2,1,3
/media/ullmann/HDDGabriel/research/engines/gameplay/gameplay-deps/bullet-2.82-r2704/src/BulletDynamics/ConstraintSolver/btSolverBody.h,0,2,2
/media/ullmann/HDDGabriel/research/engines/gameplay/gameplay-deps/curl-7.39.0/tests/libtest/lib560.c,2,0,2
/media/ullmann/HDDGabriel/research/engines/gameplay/gameplay-deps/curl-7.39.0/tests/libtest/lib564.c,2,0,2
/media/ullmann/HDDGabriel/research/engines/gameplay/gameplay-deps/png-1.6.15/contrib/libtests/readpng.c,1,0,1
/media/ullmann/HDDGabriel/research/engines/gameplay/gameplay-deps/bullet-2.82-r2704/Extras/CDTestFramework/CompleteBoxPruning.h,2,2,4
/media/ullmann/HDDGabriel/research/engines/gameplay/gameplay-deps/bullet-2.82-r2704/Extras/glui/glui_translation.cpp,3,0,3
/media/ullmann/HDDGabriel/research/engines/gameplay/gameplay-deps/libjson-7.6.1/_internal/Source/JSONNode_Mutex.cpp,2,0,2
/media/ullmann/HDDGabriel/research/engines/gameplay/gameplay-deps/bullet-2.82-r2704/Demos/ContinuousConvexCollision/ContinuousConvexCollisionDemo.cpp,1,0,1
/media/ullmann/HDDGabriel/research/engines/gameplay/gameplay-deps/bullet-2.82-r2704/Demos/ContinuousConvexCollision/ContinuousConvexCollision.h,0,1,1
/media/ullmann/HDDGabriel/research/engines/gameplay/gameplay/src/lua/lua_Vector4.cpp,1,0,1
/media/ullmann/HDDGabriel/research/engines/gameplay/gameplay/src/lua/lua_Vector4.h,0,2,2
/media/ullmann/HDDGabriel/research/engines/gameplay/gameplay-deps/bullet-2.82-r2704/Demos/Benchmarks/landscape.mdl,0,1,1
/media/ullmann/HDDGabriel/research/engines/gameplay/external-deps/include/BulletCollision/BroadphaseCollision/btSimpleBroadphase.h,1,1,2
/media/ullmann/HDDGabriel/research/engines/gameplay/gameplay-deps/theora-1.1.1/lib/x86_vc/mmxstate.c,3,0,3
/media/ullmann/HDDGabriel/research/engines/gameplay/gameplay-deps/theora-1.1.1/lib/x86_vc/mmxfrag.h,1,2,3
/media/ullmann/HDDGabriel/research/engines/gameplay/tools/encoder/src/Camera.cpp,2,0,2
/media/ullmann/HDDGabriel/research/engines/gameplay/gameplay-deps/zlib-1.2.8/inflate.c,5,0,5
/media/ullmann/HDDGabriel/research/engines/gameplay/gameplay-deps/zlib-1.2.8/inffixed.h,0,2,2
/media/ullmann/HDDGabriel/research/engines/gameplay/gameplay-deps/libjson-7.6.1/_internal/Source/JSONStream.h,2,1,3
/media/ullmann/HDDGabriel/research/engines/gameplay/gameplay-deps/theora-1.1.1/lib/fdct.c,2,0,2
/media/ullmann/HDDGabriel/research/engines/gameplay/gameplay/src/PhysicsVehicleWheel.h,3,5,8
/media/ullmann/HDDGabriel/research/engines/gameplay/gameplay/src/Mouse.h,0,5,5
/media/ullmann/HDDGabriel/research/engines/gameplay/gameplay-deps/bullet-2.82-r2704/src/BulletMultiThreaded/GpuSoftBodySolvers/OpenCL/OpenCLC10/PrepareLinks.cl,0,2,2
/media/ullmann/HDDGabriel/research/engines/gameplay/gameplay/src/ScriptTarget.cpp,3,0,3
/media/ullmann/HDDGabriel/research/engines/gameplay/gameplay-deps/curl-7.39.0/tests/libtest/lib556.c,1,0,1
/media/ullmann/HDDGabriel/research/engines/gameplay/gameplay-deps/libjson-7.6.1/_internal/Source/JSONIterators.cpp,1,0,1
/media/ullmann/HDDGabriel/research/engines/gameplay/gameplay/src/DepthStencilTarget.cpp,2,0,2
/media/ullmann/HDDGabriel/research/engines/gameplay/gameplay-deps/curl-7.39.0/lib/curl_multibyte.c,4,0,4
/media/ullmann/HDDGabriel/research/engines/gameplay/gameplay-deps/freetype-2.4.5/src/bdf/bdfdrivr.c,3,1,4
/media/ullmann/HDDGabriel/research/engines/gameplay/gameplay-deps/bullet-2.82-r2704/Extras/HACD/hacdVersion.h,0,6,6
/media/ullmann/HDDGabriel/research/engines/gameplay/gameplay-deps/bullet-2.82-r2704/Extras/sph/common/gl_helper.cpp,2,0,2
/media/ullmann/HDDGabriel/research/engines/gameplay/gameplay-deps/bullet-2.82-r2704/Extras/sph/common/common_defs.h,0,1,1
/media/ullmann/HDDGabriel/research/engines/gameplay/external-deps/include/json/_internal/Source/JSONDefs/Strings_Defs.h,1,1,2
/media/ullmann/HDDGabriel/research/engines/gameplay/external-deps/include/json/JSONOptions.h,0,3,3
/media/ullmann/HDDGabriel/research/engines/gameplay/gameplay-deps/curl-7.39.0/src/tool_cb_rea.h,1,2,3
/media/ullmann/HDDGabriel/research/engines/gameplay/gameplay/src/PhysicsVehicleWheel.cpp,4,0,4
/media/ullmann/HDDGabriel/research/engines/gameplay/gameplay-deps/bullet-2.82-r2704/Extras/GIMPACTUtils/btGImpactConvexDecompositionShape.cpp,1,0,1
/media/ullmann/HDDGabriel/research/engines/gameplay/gameplay-deps/bullet-2.82-r2704/Extras/GIMPACTUtils/btGImpactConvexDecompositionShape.h,0,1,1
/media/ullmann/HDDGabriel/research/engines/gameplay/gameplay/src/Mesh.cpp,6,0,6
/media/ullmann/HDDGabriel/research/engines/gameplay/gameplay-deps/bullet-2.82-r2704/src/LinearMath/btVector3.cpp,1,0,1
/media/ullmann/HDDGabriel/research/engines/gameplay/gameplay-deps/curl-7.39.0/tests/server/fake_ntlm.c,3,0,3
/media/ullmann/HDDGabriel/research/engines/gameplay/gameplay-deps/bullet-2.82-r2704/Demos/DX11ClothDemo/cloth_renderer.cpp,6,0,6
/media/ullmann/HDDGabriel/research/engines/gameplay/gameplay-deps/bullet-2.82-r2704/Demos/DX11ClothDemo/cloth.h,0,1,1
/media/ullmann/HDDGabriel/research/engines/gameplay/gameplay-deps/freetype-2.4.5/src/otvalid/otvgdef.c,2,1,3
/media/ullmann/HDDGabriel/research/engines/gameplay/gameplay/src/MathUtilNeon.inl,0,1,1
/media/ullmann/HDDGabriel/research/engines/gameplay/gameplay-deps/bullet-2.82-r2704/src/BulletMultiThreaded/GpuSoftBodySolvers/DX11/HLSL/SolvePositions.hlsl,0,1,1
/media/ullmann/HDDGabriel/research/engines/gameplay/tools/luagen/src/ClassBinding.h,2,2,4
/media/ullmann/HDDGabriel/research/engines/gameplay/tools/luagen/src/FunctionBinding.h,1,3,4
/media/ullmann/HDDGabriel/research/engines/gameplay/gameplay-deps/bullet-2.82-r2704/src/BulletMultiThreaded/btGpuUtilsSharedCode.h,1,0,1
/media/ullmann/HDDGabriel/research/engines/gameplay/gameplay-deps/vorbis-1.3.4/lib/modes/psych_11.h,0,1,1
/media/ullmann/HDDGabriel/research/engines/gameplay/gameplay-deps/freetype-2.4.5/src/cid/cidload.c,3,1,4
/media/ullmann/HDDGabriel/research/engines/gameplay/gameplay-deps/freetype-2.4.5/src/cid/cidtoken.h,0,1,1
/media/ullmann/HDDGabriel/research/engines/gameplay/gameplay-deps/bullet-2.82-r2704/Extras/glui/glui_node.cpp,2,0,2
/media/ullmann/HDDGabriel/research/engines/gameplay/external-deps/include/BulletCollision/CollisionShapes/btTriangleMeshShape.h,2,2,4
/media/ullmann/HDDGabriel/research/engines/gameplay/external-deps/include/BulletCollision/CollisionShapes/btStridingMeshInterface.h,2,2,4
/media/ullmann/HDDGabriel/research/engines/gameplay/external-deps/include/LinearMath/btMotionState.h,1,1,2
/media/ullmann/HDDGabriel/research/engines/gameplay/external-deps/include/LinearMath/btTransform.h,1,5,6
/media/ullmann/HDDGabriel/research/engines/gameplay/samples/browser/src/GestureSample.cpp,2,0,2
/media/ullmann/HDDGabriel/research/engines/gameplay/gameplay-deps/bullet-2.82-r2704/src/BulletCollision/Gimpact/btGenericPoolAllocator.cpp,1,0,1
/media/ullmann/HDDGabriel/research/engines/gameplay/gameplay-deps/bullet-2.82-r2704/src/BulletCollision/Gimpact/btGenericPoolAllocator.h,0,1,1
/media/ullmann/HDDGabriel/research/engines/gameplay/external-deps/include/BulletCollision/CollisionDispatch/btGhostObject.h,2,0,2
/media/ullmann/HDDGabriel/research/engines/gameplay/gameplay-deps/curl-7.39.0/tests/libtest/lib510.c,1,0,1
/media/ullmann/HDDGabriel/research/engines/gameplay/gameplay/src/lua/lua_Matrix.cpp,1,0,1
/media/ullmann/HDDGabriel/research/engines/gameplay/gameplay/src/lua/lua_Matrix.h,0,2,2
/media/ullmann/HDDGabriel/research/engines/gameplay/gameplay-deps/bullet-2.82-r2704/Extras/ConvexDecomposition/bestfitobb.cpp,2,0,2
/media/ullmann/HDDGabriel/research/engines/gameplay/gameplay-deps/theora-1.1.1/tests/comment.c,1,0,1
/media/ullmann/HDDGabriel/research/engines/gameplay/gameplay-deps/bullet-2.82-r2704/src/BulletMultiThreaded/SpuGatheringCollisionDispatcher.h,0,2,2
/media/ullmann/HDDGabriel/research/engines/gameplay/gameplay-deps/bullet-2.82-r2704/src/BulletCollision/CollisionDispatch/btCollisionCreateFunc.h,0,6,6
/media/ullmann/HDDGabriel/research/engines/gameplay/gameplay-deps/bullet-2.82-r2704/src/BulletDynamics/ConstraintSolver/btHinge2Constraint.h,2,2,4
/media/ullmann/HDDGabriel/research/engines/gameplay/gameplay-deps/bullet-2.82-r2704/Extras/glui/quaternion.cpp,3,0,3
/media/ullmann/HDDGabriel/research/engines/gameplay/gameplay-deps/curl-7.39.0/lib/netrc.c,7,0,7
/media/ullmann/HDDGabriel/research/engines/gameplay/gameplay-deps/curl-7.39.0/tests/server/getpart.h,1,8,9
/media/ullmann/HDDGabriel/research/engines/gameplay/gameplay-deps/bullet-2.82-r2704/src/BulletMultiThreaded/btGpu3DGridBroadphase.h,1,2,3
/media/ullmann/HDDGabriel/research/engines/gameplay/gameplay-deps/bullet-2.82-r2704/src/BulletMultiThreaded/btGpu3DGridBroadphaseSharedTypes.h,0,3,3
/media/ullmann/HDDGabriel/research/engines/gameplay/external-deps/include/BulletCollision/CollisionShapes/btCapsuleShape.h,1,1,2
/media/ullmann/HDDGabriel/research/engines/gameplay/gameplay-deps/theora-1.1.1/lib/mathops.c,1,0,1
/media/ullmann/HDDGabriel/research/engines/gameplay/gameplay-deps/theora-1.1.1/lib/mathops.h,0,2,2
/media/ullmann/HDDGabriel/research/engines/gameplay/gameplay-deps/bullet-2.82-r2704/Test/Source/Tests/Test_3x3timesTranspose.cpp,1,0,1
/media/ullmann/HDDGabriel/research/engines/gameplay/gameplay-deps/bullet-2.82-r2704/Test/Source/Tests/Test_3x3timesTranspose.h,0,1,1
/media/ullmann/HDDGabriel/research/engines/gameplay/gameplay-deps/bullet-2.82-r2704/UnitTests/BulletUnitTests/Main.cpp,4,0,4
/media/ullmann/HDDGabriel/research/engines/gameplay/gameplay-deps/bullet-2.82-r2704/UnitTests/BulletUnitTests/TestPolarDecomposition.h,0,2,2
/media/ullmann/HDDGabriel/research/engines/gameplay/gameplay/src/PhysicsGenericConstraint.cpp,4,0,4
/media/ullmann/HDDGabriel/research/engines/gameplay/gameplay/src/Logger.h,0,2,2
/media/ullmann/HDDGabriel/research/engines/gameplay/gameplay-deps/openal-1.16.0/Alc/mixer_sse41.c,1,0,1
/media/ullmann/HDDGabriel/research/engines/gameplay/gameplay-deps/lua-5.2.3/src/loslib.c,3,0,3
/media/ullmann/HDDGabriel/research/engines/gameplay/gameplay/src/PhysicsVehicle.cpp,6,0,6
/media/ullmann/HDDGabriel/research/engines/gameplay/gameplay/src/lua/lua_PhysicsRigidBody.cpp,1,0,1
/media/ullmann/HDDGabriel/research/engines/gameplay/gameplay-deps/curl-7.39.0/lib/progress.c,4,0,4
/media/ullmann/HDDGabriel/research/engines/gameplay/gameplay-deps/freetype-2.4.5/src/type42/type42.c,3,0,3
/media/ullmann/HDDGabriel/research/engines/gameplay/gameplay/src/lua/lua_VertexFormat.h,0,2,2
/media/ullmann/HDDGabriel/research/engines/gameplay/gameplay/src/Script.cpp,2,0,2
/media/ullmann/HDDGabriel/research/engines/gameplay/gameplay-deps/bullet-2.82-r2704/src/BulletCollision/Gimpact/gim_geometry.h,4,1,5
/media/ullmann/HDDGabriel/research/engines/gameplay/gameplay-deps/bullet-2.82-r2704/src/BulletCollision/Gimpact/gim_basic_geometry_operations.h,1,2,3
/media/ullmann/HDDGabriel/research/engines/gameplay/gameplay-deps/curl-7.39.0/lib/curl_rtmp.c,8,0,8
/media/ullmann/HDDGabriel/research/engines/gameplay/samples/browser/src/TriangleSample.h,1,1,2
/media/ullmann/HDDGabriel/research/engines/gameplay/external-deps/include/BulletCollision/Gimpact/gim_bitset.h,1,0,1
/media/ullmann/HDDGabriel/research/engines/gameplay/external-deps/include/BulletCollision/Gimpact/gim_array.h,1,3,4
/media/ullmann/HDDGabriel/research/engines/gameplay/external-deps/include/BulletCollision/NarrowPhaseCollision/btGjkPairDetector.h,2,0,2
/media/ullmann/HDDGabriel/research/engines/gameplay/tools/encoder/src/BoundingVolume.cpp,2,0,2
/media/ullmann/HDDGabriel/research/engines/gameplay/gameplay/src/JoystickControl.cpp,2,0,2
/media/ullmann/HDDGabriel/research/engines/gameplay/samples/browser/src/FormsSample.cpp,1,0,1
/media/ullmann/HDDGabriel/research/engines/gameplay/gameplay/src/lua/lua_PhysicsControllerListener.cpp,1,0,1
/media/ullmann/HDDGabriel/research/engines/gameplay/gameplay-deps/bullet-2.82-r2704/src/BulletDynamics/Featherstone/btMultiBodyJointMotor.cpp,3,0,3
/media/ullmann/HDDGabriel/research/engines/gameplay/gameplay-deps/bullet-2.82-r2704/src/BulletDynamics/Featherstone/btMultiBodyConstraintSolver.h,2,2,4
/media/ullmann/HDDGabriel/research/engines/gameplay/gameplay-deps/freetype-2.4.5/src/gzip/infcodes.c,5,1,6
/media/ullmann/HDDGabriel/research/engines/gameplay/gameplay-deps/freetype-2.4.5/src/gzip/infblock.h,0,5,5
/media/ullmann/HDDGabriel/research/engines/gameplay/gameplay/src/BoundingBox.cpp,4,0,4
/media/ullmann/HDDGabriel/research/engines/gameplay/external-deps/include/json/_internal/Source/NumberToString.h,2,0,2
/media/ullmann/HDDGabriel/research/engines/gameplay/gameplay/src/Vector2.cpp,2,0,2
/media/ullmann/HDDGabriel/research/engines/gameplay/gameplay-deps/freetype-2.4.5/src/otvalid/otvgsub.c,2,1,3
/media/ullmann/HDDGabriel/research/engines/gameplay/external-deps/include/BulletCollision/CollisionDispatch/btSphereBoxCollisionAlgorithm.h,2,0,2
/media/ullmann/HDDGabriel/research/engines/gameplay/gameplay-deps/bullet-2.82-r2704/src/BulletCollision/Gimpact/btContactProcessing.cpp,1,0,1
/media/ullmann/HDDGabriel/research/engines/gameplay/gameplay-deps/bullet-2.82-r2704/src/BulletCollision/Gimpact/btContactProcessing.h,1,2,3
/media/ullmann/HDDGabriel/research/engines/gameplay/gameplay/src/MathUtil.cpp,2,0,2
/media/ullmann/HDDGabriel/research/engines/gameplay/gameplay/src/lua/lua_TextBox.h,0,2,2
/media/ullmann/HDDGabriel/research/engines/gameplay/gameplay-deps/lua-5.2.3/src/lstring.c,5,0,5
/media/ullmann/HDDGabriel/research/engines/gameplay/external-deps/include/BulletCollision/Gimpact/btCompoundFromGimpact.h,1,0,1
/media/ullmann/HDDGabriel/research/engines/gameplay/external-deps/include/BulletCollision/BroadphaseCollision/btOverlappingPairCallback.h,0,2,2
/media/ullmann/HDDGabriel/research/engines/gameplay/gameplay-deps/curl-7.39.0/tests/libtest/lib573.c,3,0,3
/media/ullmann/HDDGabriel/research/engines/gameplay/gameplay-deps/curl-7.39.0/tests/libtest/testtrace.h,0,3,3
/media/ullmann/HDDGabriel/research/engines/gameplay/gameplay-deps/bullet-2.82-r2704/src/BulletDynamics/Dynamics/btDiscreteDynamicsWorld.cpp,1,0,1
/media/ullmann/HDDGabriel/research/engines/gameplay/gameplay-deps/bullet-2.82-r2704/src/BulletDynamics/Dynamics/btDiscreteDynamicsWorld.h,1,2,3
/media/ullmann/HDDGabriel/research/engines/gameplay/gameplay-deps/bullet-2.82-r2704/src/BulletDynamics/ConstraintSolver/btGeneric6DofSpringConstraint.h,2,3,5
/media/ullmann/HDDGabriel/research/engines/gameplay/gameplay-deps/freetype-2.4.5/src/autofit/afpic.h,1,3,4
/media/ullmann/HDDGabriel/research/engines/gameplay/gameplay-deps/bullet-2.82-r2704/Demos/InternalEdgeDemo/main.cpp,1,0,1
/media/ullmann/HDDGabriel/research/engines/gameplay/gameplay-deps/bullet-2.82-r2704/Demos/InternalEdgeDemo/InternalEdgeDemo.h,0,3,3
/media/ullmann/HDDGabriel/research/engines/gameplay/gameplay-deps/bullet-2.82-r2704/Demos/DX11ClothDemo/DXUT/Optional/DXUTsettingsdlg.h,1,0,1
/media/ullmann/HDDGabriel/research/engines/gameplay/gameplay-deps/bullet-2.82-r2704/Demos/DX11ClothDemo/DXUT/Optional/DXUTgui.h,0,4,4
/media/ullmann/HDDGabriel/research/engines/gameplay/gameplay-deps/bullet-2.82-r2704/Extras/Serialize/BulletFileLoader/bChunk.h,0,4,4
/media/ullmann/HDDGabriel/research/engines/gameplay/gameplay-deps/bullet-2.82-r2704/Extras/CDTestFramework/AntTweakBar/src/d3d10vs2003.h,0,2,2
/media/ullmann/HDDGabriel/research/engines/gameplay/gameplay-deps/bullet-2.82-r2704/Extras/ConvexDecomposition/float_math.cpp,1,0,1
/media/ullmann/HDDGabriel/research/engines/gameplay/gameplay-deps/libjson-7.6.1/_internal/TestSuite/TestEquality.cpp,2,0,2
/media/ullmann/HDDGabriel/research/engines/gameplay/gameplay-deps/freetype-2.4.5/src/cache/ftcmru.h,0,4,4
/media/ullmann/HDDGabriel/research/engines/gameplay/gameplay-deps/bullet-2.82-r2704/Demos/OpenGL/GlutDemoApplication.h,1,1,2
/media/ullmann/HDDGabriel/research/engines/gameplay/gameplay-deps/freetype-2.4.5/src/cid/ciderrs.h,0,5,5
/media/ullmann/HDDGabriel/research/engines/gameplay/gameplay-deps/curl-7.39.0/lib/amigaos.h,1,2,3
/media/ullmann/HDDGabriel/research/engines/gameplay/gameplay-deps/bullet-2.82-r2704/src/BulletMultiThreaded/GpuSoftBodySolvers/OpenCL/btSoftBodySolver_OpenCLSIMDAware.cpp,13,0,13
/media/ullmann/HDDGabriel/research/engines/gameplay/gameplay-deps/theora-1.1.1/lib/mcenc.c,1,0,1
/media/ullmann/HDDGabriel/research/engines/gameplay/gameplay-deps/bullet-2.82-r2704/src/BulletCollision/CollisionShapes/btCylinderShape.h,1,3,4
/media/ullmann/HDDGabriel/research/engines/gameplay/gameplay-deps/freetype-2.4.5/src/bdf/bdf.c,2,0,2
/media/ullmann/HDDGabriel/research/engines/gameplay/gameplay/src/Ray.cpp,6,0,6
/media/ullmann/HDDGabriel/research/engines/gameplay/gameplay-deps/bullet-2.82-r2704/Extras/sph/common/vector.cpp,2,0,2
/media/ullmann/HDDGabriel/research/engines/gameplay/gameplay-deps/bullet-2.82-r2704/Extras/sph/common/matrix.h,0,3,3
/media/ullmann/HDDGabriel/research/engines/gameplay/gameplay-deps/curl-7.39.0/lib/curl_threads.c,4,0,4
/media/ullmann/HDDGabriel/research/engines/gameplay/gameplay-deps/bullet-2.82-r2704/src/LinearMath/btQuickprof.cpp,1,0,1
/media/ullmann/HDDGabriel/research/engines/gameplay/gameplay-deps/curl-7.39.0/lib/timeval.h,1,9,10
/media/ullmann/HDDGabriel/research/engines/gameplay/gameplay-deps/theora-1.1.1/lib/x86_vc/mmxidct.c,2,0,2
/media/ullmann/HDDGabriel/research/engines/gameplay/gameplay-deps/theora-1.1.1/lib/x86_vc/x86int.h,1,8,9
/media/ullmann/HDDGabriel/research/engines/gameplay/gameplay/src/PhysicsSpringConstraint.h,2,3,5
/media/ullmann/HDDGabriel/research/engines/gameplay/gameplay/src/PhysicsSpringConstraint.inl,0,1,1
/media/ullmann/HDDGabriel/research/engines/gameplay/gameplay/src/PhysicsCharacter.cpp,5,0,5
/media/ullmann/HDDGabriel/research/engines/gameplay/gameplay-deps/bullet-2.82-r2704/Demos/BulletXmlImportDemo/main.cpp,1,0,1
/media/ullmann/HDDGabriel/research/engines/gameplay/gameplay-deps/curl-7.39.0/src/tool_cb_rea.c,3,0,3
/media/ullmann/HDDGabriel/research/engines/gameplay/gameplay-deps/bullet-2.82-r2704/src/BulletCollision/CollisionDispatch/btConvexConcaveCollisionAlgorithm.h,2,1,3
/media/ullmann/HDDGabriel/research/engines/gameplay/gameplay-deps/curl-7.39.0/src/tool_binmode.h,1,3,4
/media/ullmann/HDDGabriel/research/engines/gameplay/gameplay/src/Image.cpp,3,0,3
/media/ullmann/HDDGabriel/research/engines/gameplay/gameplay-deps/vorbis-1.3.4/lib/window.h,0,5,5
/media/ullmann/HDDGabriel/research/engines/gameplay/gameplay-deps/bullet-2.82-r2704/Demos/TerrainDemo/TerrainDemo.cpp,1,0,1
/media/ullmann/HDDGabriel/research/engines/gameplay/gameplay/src/lua/lua_Technique.cpp,1,0,1
/media/ullmann/HDDGabriel/research/engines/gameplay/gameplay-deps/bullet-2.82-r2704/src/BulletCollision/Gimpact/btGImpactShape.cpp,2,0,2
/media/ullmann/HDDGabriel/research/engines/gameplay/gameplay-deps/bullet-2.82-r2704/src/BulletCollision/Gimpact/btGImpactShape.h,1,3,4
/media/ullmann/HDDGabriel/research/engines/gameplay/gameplay-deps/freetype-2.4.5/src/type42/t42objs.c,3,1,4
/media/ullmann/HDDGabriel/research/engines/gameplay/gameplay-deps/curl-7.39.0/src/tool_setopt.c,4,0,4
/media/ullmann/HDDGabriel/research/engines/gameplay/gameplay-deps/bullet-2.82-r2704/Test/Source/Tests/Test_v3cross.cpp,1,0,1
/media/ullmann/HDDGabriel/research/engines/gameplay/gameplay-deps/bullet-2.82-r2704/Test/Source/Tests/Test_v3cross.h,0,1,1
/media/ullmann/HDDGabriel/research/engines/gameplay/gameplay-deps/libjson-7.6.1/_internal/TestSuite2/JSONDebug/JSON_ASSERT.cpp,2,0,2
/media/ullmann/HDDGabriel/research/engines/gameplay/gameplay-deps/libjson-7.6.1/_internal/TestSuite2/JSONDebug/JSON_ASSERT.h,1,2,3
/media/ullmann/HDDGabriel/research/engines/gameplay/tools/encoder/src/AnimationChannel.cpp,3,0,3
/media/ullmann/HDDGabriel/research/engines/gameplay/gameplay-deps/bullet-2.82-r2704/Extras/Serialize/ReadBulletSample/main.cpp,2,0,2
/media/ullmann/HDDGabriel/research/engines/gameplay/gameplay-deps/bullet-2.82-r2704/Extras/Serialize/ReadBulletSample/BulletDataExtractor.h,1,2,3
/media/ullmann/HDDGabriel/research/engines/gameplay/gameplay-deps/bullet-2.82-r2704/src/BulletDynamics/Featherstone/btMultiBodyConstraint.cpp,1,0,1
/media/ullmann/HDDGabriel/research/engines/gameplay/gameplay-deps/bullet-2.82-r2704/src/BulletDynamics/ConstraintSolver/btPoint2PointConstraint.cpp,1,0,1
/media/ullmann/HDDGabriel/research/engines/gameplay/gameplay-deps/lua-5.2.3/src/liolib.c,3,0,3
/media/ullmann/HDDGabriel/research/engines/gameplay/gameplay-deps/freetype-2.4.5/src/pfr/pfrload.c,2,1,3
/media/ullmann/HDDGabriel/research/engines/gameplay/gameplay-deps/lua-5.2.3/src/ltm.h,1,9,10
/media/ullmann/HDDGabriel/research/engines/gameplay/gameplay-deps/png-1.6.15/contrib/visupng/cexcept.h,0,2,2
/media/ullmann/HDDGabriel/research/engines/gameplay/gameplay-deps/bullet-2.82-r2704/Demos/DX11ClothDemo/DXUT/Optional/DXUTsettingsdlg.cpp,1,0,1
/media/ullmann/HDDGabriel/research/engines/gameplay/gameplay-deps/bullet-2.82-r2704/Demos/DX11ClothDemo/cylinder.h,0,2,2
/media/ullmann/HDDGabriel/research/engines/gameplay/gameplay-deps/freetype-2.4.5/src/base/ftobjs.c,1,1,2
/media/ullmann/HDDGabriel/research/engines/gameplay/gameplay-deps/freetype-2.4.5/src/autofit/afindic.h,1,3,4
/media/ullmann/HDDGabriel/research/engines/gameplay/gameplay-deps/curl-7.39.0/packages/OS400/os400sys.c,1,0,1
/media/ullmann/HDDGabriel/research/engines/gameplay/gameplay-deps/curl-7.39.0/packages/OS400/os400sys.h,0,2,2
/media/ullmann/HDDGabriel/research/engines/gameplay/gameplay-deps/bullet-2.82-r2704/Demos/Box2dDemo/main.cpp,1,0,1
/media/ullmann/HDDGabriel/research/engines/gameplay/gameplay/src/lua/lua_MeshPart.cpp,1,0,1
/media/ullmann/HDDGabriel/research/engines/gameplay/gameplay/src/lua/lua_MeshPart.h,0,2,2
/media/ullmann/HDDGabriel/research/engines/gameplay/gameplay-deps/libjson-7.6.1/_internal/Source/JSON_Base64.h,2,3,5
/media/ullmann/HDDGabriel/research/engines/gameplay/external-deps/include/AL/alc.h,0,2,2
/media/ullmann/HDDGabriel/research/engines/gameplay/external-deps/include/json/_internal/Source/JSONDefs/Unknown_C.h,0,2,2
/media/ullmann/HDDGabriel/research/engines/gameplay/gameplay-deps/freetype-2.4.5/src/gxvalid/gxvlcar.c,2,1,3
/media/ullmann/HDDGabriel/research/engines/gameplay/gameplay-deps/bullet-2.82-r2704/Extras/Serialize/BulletXmlWorldImporter/btBulletXmlWorldImporter.cpp,3,0,3
/media/ullmann/HDDGabriel/research/engines/gameplay/gameplay-deps/bullet-2.82-r2704/Extras/Serialize/BulletXmlWorldImporter/tinyxml.h,0,4,4
/media/ullmann/HDDGabriel/research/engines/gameplay/gameplay-deps/freetype-2.4.5/src/base/ftstroke.c,1,0,1
/media/ullmann/HDDGabriel/research/engines/gameplay/gameplay-deps/bullet-2.82-r2704/src/LinearMath/btConvexHull.h,2,1,3
/media/ullmann/HDDGabriel/research/engines/gameplay/gameplay-deps/curl-7.39.0/lib/http_negotiate.c,10,0,10
/media/ullmann/HDDGabriel/research/engines/gameplay/gameplay-deps/curl-7.39.0/lib/http_negotiate.h,0,5,5
/media/ullmann/HDDGabriel/research/engines/gameplay/gameplay-deps/freetype-2.4.5/src/sfnt/ttbdf.c,2,1,3
/media/ullmann/HDDGabriel/research/engines/gameplay/gameplay-deps/freetype-2.4.5/src/sfnt/ttbdf.h,1,4,5
/media/ullmann/HDDGabriel/research/engines/gameplay/samples/browser/src/LightSample.cpp,2,0,2
/media/ullmann/HDDGabriel/research/engines/gameplay/tools/encoder/src/Material.cpp,4,0,4
/media/ullmann/HDDGabriel/research/engines/gameplay/external-deps/include/BulletCollision/NarrowPhaseCollision/btGjkEpaPenetrationDepthSolver.h,1,0,1
/media/ullmann/HDDGabriel/research/engines/gameplay/gameplay-deps/bullet-2.82-r2704/src/BulletCollision/Gimpact/btCompoundFromGimpact.h,1,0,1
/media/ullmann/HDDGabriel/research/engines/gameplay/gameplay-deps/freetype-2.4.5/src/psaux/psobjs.h,0,3,3
/media/ullmann/HDDGabriel/research/engines/gameplay/gameplay-deps/png-1.6.15/pngtest.c,1,0,1
/media/ullmann/HDDGabriel/research/engines/gameplay/gameplay-deps/curl-7.39.0/src/tool_dirhie.c,2,0,2
/media/ullmann/HDDGabriel/research/engines/gameplay/gameplay-deps/freetype-2.4.5/src/truetype/ttpic.h,0,2,2
/media/ullmann/HDDGabriel/research/engines/gameplay/gameplay-deps/bullet-2.82-r2704/Demos/GimpactTestDemo/GimpactTestDemo.h,0,4,4
/media/ullmann/HDDGabriel/research/engines/gameplay/gameplay/src/lua/lua_Plane.cpp,1,0,1
/media/ullmann/HDDGabriel/research/engines/gameplay/gameplay/src/lua/lua_Plane.h,0,2,2
/media/ullmann/HDDGabriel/research/engines/gameplay/gameplay-deps/freetype-2.4.5/src/type42/t42error.h,0,3,3
/media/ullmann/HDDGabriel/research/engines/gameplay/external-deps/include/LinearMath/btIDebugDraw.h,2,1,3
/media/ullmann/HDDGabriel/research/engines/gameplay/gameplay-deps/bullet-2.82-r2704/src/BulletCollision/NarrowPhaseCollision/btSubSimplexConvexCast.cpp,2,0,2
/media/ullmann/HDDGabriel/research/engines/gameplay/tools/encoder/src/TMXSceneEncoder.cpp,1,0,1
/media/ullmann/HDDGabriel/research/engines/gameplay/gameplay-deps/bullet-2.82-r2704/Demos/GimpactTestDemo/GimpactTestDemo.cpp,3,0,3
/media/ullmann/HDDGabriel/research/engines/gameplay/gameplay-deps/bullet-2.82-r2704/Demos/GimpactTestDemo/BunnyMesh.h,0,2,2
/media/ullmann/HDDGabriel/research/engines/gameplay/gameplay-deps/bullet-2.82-r2704/Demos/DX11ClothDemo/DXUT/Core/DXUT.h,3,3,6
/media/ullmann/HDDGabriel/research/engines/gameplay/gameplay-deps/bullet-2.82-r2704/Demos/DX11ClothDemo/DXUT/Core/DXUTDevice11.h,0,1,1
/media/ullmann/HDDGabriel/research/engines/gameplay/gameplay-deps/bullet-2.82-r2704/src/BulletCollision/CollisionShapes/btCapsuleShape.h,1,3,4
/media/ullmann/HDDGabriel/research/engines/gameplay/tools/encoder/src/Font.cpp,2,0,2
/media/ullmann/HDDGabriel/research/engines/gameplay/gameplay-deps/png-1.6.15/contrib/libtests/pngimage.c,1,0,1
/media/ullmann/HDDGabriel/research/engines/gameplay/gameplay-deps/curl-7.39.0/tests/libtest/lib518.c,1,0,1
/media/ullmann/HDDGabriel/research/engines/gameplay/gameplay-deps/bullet-2.82-r2704/src/BulletCollision/CollisionDispatch/btInternalEdgeUtility.cpp,1,0,1
/media/ullmann/HDDGabriel/research/engines/gameplay/gameplay-deps/bullet-2.82-r2704/src/BulletCollision/CollisionDispatch/btInternalEdgeUtility.h,0,1,1
/media/ullmann/HDDGabriel/research/engines/gameplay/gameplay-deps/bullet-2.82-r2704/src/BulletCollision/CollisionDispatch/btCompoundCompoundCollisionAlgorithm.cpp,1,0,1
/media/ullmann/HDDGabriel/research/engines/gameplay/gameplay-deps/bullet-2.82-r2704/src/BulletCollision/CollisionDispatch/btCompoundCompoundCollisionAlgorithm.h,0,1,1
/media/ullmann/HDDGabriel/research/engines/gameplay/gameplay-deps/libjson-7.6.1/_internal/TestSuite2/JSONDebug/JSON_FAIL.cpp,2,0,2
/media/ullmann/HDDGabriel/research/engines/gameplay/gameplay-deps/freetype-2.4.5/src/gzip/adler32.c,1,1,2
/media/ullmann/HDDGabriel/research/engines/gameplay/gameplay-deps/freetype-2.4.5/src/autofit/afcjk.c,5,1,6
/media/ullmann/HDDGabriel/research/engines/gameplay/gameplay-deps/freetype-2.4.5/src/autofit/afcjk.h,2,4,6
/media/ullmann/HDDGabriel/research/engines/gameplay/gameplay/src/ImageControl.cpp,2,0,2
/media/ullmann/HDDGabriel/research/engines/gameplay/gameplay-deps/bullet-2.82-r2704/src/BulletMultiThreaded/SpuNarrowPhaseCollisionTask/boxBoxDistance.h,1,2,3
/media/ullmann/HDDGabriel/research/engines/gameplay/gameplay-deps/bullet-2.82-r2704/src/BulletMultiThreaded/SpuNarrowPhaseCollisionTask/Box.h,1,1,2
/media/ullmann/HDDGabriel/research/engines/gameplay/gameplay-deps/openal-1.16.0/Alc/mixer_c.c,1,0,1
/media/ullmann/HDDGabriel/research/engines/gameplay/gameplay-deps/curl-7.39.0/tests/libtest/lib572.c,1,0,1
/media/ullmann/HDDGabriel/research/engines/gameplay/gameplay-deps/bullet-2.82-r2704/Extras/glui/quaternion.h,1,2,3
/media/ullmann/HDDGabriel/research/engines/gameplay/gameplay-deps/vorbis-1.3.4/lib/modes/setup_X.h,0,1,1
/media/ullmann/HDDGabriel/research/engines/gameplay/gameplay-deps/bullet-2.82-r2704/Test/Source/Tests/Test_v3dot.cpp,1,0,1
/media/ullmann/HDDGabriel/research/engines/gameplay/gameplay-deps/bullet-2.82-r2704/Test/Source/Tests/Test_v3dot.h,0,1,1
/media/ullmann/HDDGabriel/research/engines/gameplay/gameplay-deps/bullet-2.82-r2704/src/BulletCollision/CollisionShapes/btUniformScalingShape.h,1,2,3
/media/ullmann/HDDGabriel/research/engines/gameplay/gameplay-deps/zlib-1.2.8/gzguts.h,1,5,6
/media/ullmann/HDDGabriel/research/engines/gameplay/gameplay-deps/zlib-1.2.8/zlib.h,0,4,4
/media/ullmann/HDDGabriel/research/engines/gameplay/gameplay-deps/curl-7.39.0/src/tool_easysrc.c,4,0,4
/media/ullmann/HDDGabriel/research/engines/gameplay/gameplay-deps/theora-1.1.1/lib/bitpack.h,0,4,4
/media/ullmann/HDDGabriel/research/engines/gameplay/gameplay/src/lua/lua_Touch.cpp,1,0,1
/media/ullmann/HDDGabriel/research/engines/gameplay/gameplay/src/lua/lua_Touch.h,0,2,2
/media/ullmann/HDDGabriel/research/engines/gameplay/gameplay/src/PhysicsGhostObject.h,3,5,8
/media/ullmann/HDDGabriel/research/engines/gameplay/gameplay-deps/bullet-2.82-r2704/src/BulletCollision/CollisionShapes/btConvexTriangleMeshShape.h,1,2,3
/media/ullmann/HDDGabriel/research/engines/gameplay/gameplay-deps/curl-7.39.0/tests/libtest/lib507.c,2,0,2
/media/ullmann/HDDGabriel/research/engines/gameplay/gameplay-deps/bullet-2.82-r2704/Extras/CDTestFramework/AntTweakBar/src/TwOpenGLCore.h,1,2,3
/media/ullmann/HDDGabriel/research/engines/gameplay/gameplay-deps/curl-7.39.0/lib/http2.c,10,0,10
/media/ullmann/HDDGabriel/research/engines/gameplay/gameplay-deps/bullet-2.82-r2704/Demos/ConcaveRaycastDemo/ConcaveRaycastDemo.h,0,3,3
/media/ullmann/HDDGabriel/research/engines/gameplay/external-deps/include/BulletDynamics/Featherstone/btMultiBodyLink.h,0,1,1
/media/ullmann/HDDGabriel/research/engines/gameplay/gameplay/src/PhysicsCharacter.h,3,5,8
/media/ullmann/HDDGabriel/research/engines/gameplay/gameplay-deps/freetype-2.4.5/src/pshinter/pshmod.c,3,1,4
/media/ullmann/HDDGabriel/research/engines/gameplay/gameplay-deps/bullet-2.82-r2704/src/BulletCollision/NarrowPhaseCollision/btVoronoiSimplexSolver.h,1,2,3
/media/ullmann/HDDGabriel/research/engines/gameplay/gameplay-deps/bullet-2.82-r2704/src/BulletCollision/NarrowPhaseCollision/btSimplexSolverInterface.h,1,6,7
/media/ullmann/HDDGabriel/research/engines/gameplay/gameplay-deps/bullet-2.82-r2704/Extras/glui/glui_mouse_iaction.cpp,1,0,1
/media/ullmann/HDDGabriel/research/engines/gameplay/gameplay-deps/curl-7.39.0/tests/server/util.c,3,0,3
/media/ullmann/HDDGabriel/research/engines/gameplay/external-deps/include/BulletCollision/Gimpact/gim_box_set.h,4,0,4
/media/ullmann/HDDGabriel/research/engines/gameplay/gameplay-deps/freetype-2.4.5/src/pcf/pcferror.h,0,2,2
/media/ullmann/HDDGabriel/research/engines/gameplay/gameplay-deps/bullet-2.82-r2704/Extras/CDTestFramework/CapsuleMeshQuery.cpp,7,0,7
/media/ullmann/HDDGabriel/research/engines/gameplay/gameplay/src/lua/lua_Keyboard.cpp,1,0,1
/media/ullmann/HDDGabriel/research/engines/gameplay/gameplay-deps/bullet-2.82-r2704/Extras/ConvexDecomposition/meshvolume.h,0,5,5
/media/ullmann/HDDGabriel/research/engines/gameplay/gameplay-deps/bullet-2.82-r2704/Demos/GimpactTestDemo/main.cpp,1,0,1
/media/ullmann/HDDGabriel/research/engines/gameplay/gameplay-deps/libjson-7.6.1/_internal/TestSuite/TestInequality.cpp,1,0,1
/media/ullmann/HDDGabriel/research/engines/gameplay/gameplay/src/lua/lua_all_bindings.cpp,1,0,1
/media/ullmann/HDDGabriel/research/engines/gameplay/gameplay-deps/freetype-2.4.5/src/cache/ftcimage.c,3,1,4
/media/ullmann/HDDGabriel/research/engines/gameplay/external-deps/include/BulletDynamics/ConstraintSolver/btContactConstraint.h,2,0,2
/media/ullmann/HDDGabriel/research/engines/gameplay/gameplay-deps/curl-7.39.0/lib/curl_md4.h,1,2,3
/media/ullmann/HDDGabriel/research/engines/gameplay/gameplay-deps/freetype-2.4.5/src/gxvalid/gxvjust.c,2,1,3
/media/ullmann/HDDGabriel/research/engines/gameplay/gameplay-deps/bullet-2.82-r2704/src/BulletCollision/CollisionDispatch/btEmptyCollisionAlgorithm.cpp,1,0,1
/media/ullmann/HDDGabriel/research/engines/gameplay/gameplay-deps/openal-1.16.0/include/uintmap.h,2,0,2
/media/ullmann/HDDGabriel/research/engines/gameplay/gameplay-deps/bullet-2.82-r2704/src/BulletSoftBody/btSparseSDF.h,0,1,1
/media/ullmann/HDDGabriel/research/engines/gameplay/external-deps/include/BulletDynamics/ConstraintSolver/btSolverConstraint.h,2,1,3
/media/ullmann/HDDGabriel/research/engines/gameplay/external-deps/include/BulletDynamics/ConstraintSolver/btSolverBody.h,0,1,1
/media/ullmann/HDDGabriel/research/engines/gameplay/gameplay-deps/bullet-2.82-r2704/Extras/CDTestFramework/AntTweakBar/src/TwBar.h,1,2,3
/media/ullmann/HDDGabriel/research/engines/gameplay/gameplay/src/lua/lua_Control.h,0,2,2
/media/ullmann/HDDGabriel/research/engines/gameplay/gameplay-deps/vorbis-1.3.4/lib/psytune.c,12,0,12
/media/ullmann/HDDGabriel/research/engines/gameplay/gameplay-deps/vorbis-1.3.4/lib/psy.h,3,5,8
/media/ullmann/HDDGabriel/research/engines/gameplay/gameplay-deps/bullet-2.82-r2704/Extras/glui/glui_panel.cpp,1,0,1
/media/ullmann/HDDGabriel/research/engines/gameplay/gameplay-deps/freetype-2.4.5/src/sfnt/ttkern.h,0,3,3
/media/ullmann/HDDGabriel/research/engines/gameplay/gameplay/src/Theme.cpp,5,0,5
/media/ullmann/HDDGabriel/research/engines/gameplay/gameplay-deps/libjson-7.6.1/_internal/TestSuite2/JSONValidator/securityTest.h,1,2,3
/media/ullmann/HDDGabriel/research/engines/gameplay/gameplay-deps/curl-7.39.0/lib/dotdot.c,4,0,4
/media/ullmann/HDDGabriel/research/engines/gameplay/gameplay-deps/curl-7.39.0/lib/strtoofft.c,2,0,2
/media/ullmann/HDDGabriel/research/engines/gameplay/gameplay-deps/bullet-2.82-r2704/src/BulletCollision/CollisionShapes/btConcaveShape.h,2,6,8
/media/ullmann/HDDGabriel/research/engines/gameplay/gameplay-deps/bullet-2.82-r2704/src/BulletCollision/Gimpact/btGImpactQuantizedBvh.h,2,2,4
/media/ullmann/HDDGabriel/research/engines/gameplay/gameplay-deps/curl-7.39.0/lib/vtls/gtls.h,0,2,2
/media/ullmann/HDDGabriel/research/engines/gameplay/gameplay-deps/libjson-7.6.1/_internal/Source/JSONDefs/Unknown_C.h,0,2,2
/media/ullmann/HDDGabriel/research/engines/gameplay/gameplay/src/ControlFactory.cpp,11,0,11
/media/ullmann/HDDGabriel/research/engines/gameplay/gameplay-deps/bullet-2.82-r2704/Demos/SliderConstraintDemo/main.cpp,1,0,1
/media/ullmann/HDDGabriel/research/engines/gameplay/gameplay-deps/bullet-2.82-r2704/Extras/sph/common/mesh.h,0,1,1
/media/ullmann/HDDGabriel/research/engines/gameplay/gameplay-deps/bullet-2.82-r2704/src/BulletCollision/CollisionDispatch/btCollisionConfiguration.h,0,1,1
/media/ullmann/HDDGabriel/research/engines/gameplay/gameplay-deps/freetype-2.4.5/src/cache/ftcsbits.c,3,1,4
/media/ullmann/HDDGabriel/research/engines/gameplay/gameplay-deps/freetype-2.4.5/src/cache/ftcsbits.h,1,3,4
/media/ullmann/HDDGabriel/research/engines/gameplay/gameplay-deps/bullet-2.82-r2704/Extras/glui/glui_window.cpp,2,0,2
/media/ullmann/HDDGabriel/research/engines/gameplay/gameplay-deps/bullet-2.82-r2704/src/BulletDynamics/MLCPSolvers/btMLCPSolverInterface.h,0,3,3
/media/ullmann/HDDGabriel/research/engines/gameplay/gameplay-deps/bullet-2.82-r2704/src/BulletMultiThreaded/SpuGatheringCollisionDispatcher.cpp,3,0,3
/media/ullmann/HDDGabriel/research/engines/gameplay/gameplay-deps/bullet-2.82-r2704/Extras/glui/glui_treepanel.cpp,1,0,1
/media/ullmann/HDDGabriel/research/engines/gameplay/gameplay-deps/bullet-2.82-r2704/Extras/ConvexDecomposition/ConvexBuilder.h,2,1,3
/media/ullmann/HDDGabriel/research/engines/gameplay/gameplay-deps/bullet-2.82-r2704/Demos/FractureDemo/btFractureDynamicsWorld.cpp,2,0,2
/media/ullmann/HDDGabriel/research/engines/gameplay/gameplay-deps/bullet-2.82-r2704/Demos/FractureDemo/btFractureBody.h,0,3,3
/media/ullmann/HDDGabriel/research/engines/gameplay/gameplay-deps/curl-7.39.0/tests/server/sockfilt.c,4,0,4
/media/ullmann/HDDGabriel/research/engines/gameplay/gameplay-deps/bullet-2.82-r2704/src/BulletCollision/NarrowPhaseCollision/btVoronoiSimplexSolver.cpp,1,0,1
/media/ullmann/HDDGabriel/research/engines/gameplay/gameplay-deps/zlib-1.2.8/compress.c,1,0,1
/media/ullmann/HDDGabriel/research/engines/gameplay/gameplay-deps/curl-7.39.0/lib/sigpipe.h,1,2,3
/media/ullmann/HDDGabriel/research/engines/gameplay/gameplay-deps/bullet-2.82-r2704/Extras/ConvexDecomposition/cd_wavefront.cpp,2,0,2
/media/ullmann/HDDGabriel/research/engines/gameplay/gameplay-deps/curl-7.39.0/tests/libtest/lib500.c,2,0,2
/media/ullmann/HDDGabriel/research/engines/gameplay/gameplay-deps/bullet-2.82-r2704/Extras/sph/common/geomx.cpp,3,0,3
/media/ullmann/HDDGabriel/research/engines/gameplay/gameplay-deps/bullet-2.82-r2704/Extras/sph/common/vector.h,0,4,4
/media/ullmann/HDDGabriel/research/engines/gameplay/gameplay-deps/bullet-2.82-r2704/src/BulletCollision/NarrowPhaseCollision/btGjkEpa2.cpp,1,0,1
/media/ullmann/HDDGabriel/research/engines/gameplay/gameplay-deps/bullet-2.82-r2704/src/BulletCollision/NarrowPhaseCollision/btGjkEpa2.h,0,1,1
/media/ullmann/HDDGabriel/research/engines/gameplay/gameplay/src/TextBox.h,1,4,5
/media/ullmann/HDDGabriel/research/engines/gameplay/gameplay-deps/bullet-2.82-r2704/src/BulletCollision/CollisionDispatch/btActivatingCollisionAlgorithm.cpp,3,0,3
/media/ullmann/HDDGabriel/research/engines/gameplay/gameplay/src/lua/lua_AIStateListener.h,0,2,2
/media/ullmann/HDDGabriel/research/engines/gameplay/gameplay/src/lua/lua_Light.h,0,2,2
/media/ullmann/HDDGabriel/research/engines/gameplay/gameplay/src/PlatformLinux.cpp,6,0,6
/media/ullmann/HDDGabriel/research/engines/gameplay/gameplay-deps/freetype-2.4.5/src/truetype/ttgload.c,4,1,5
/media/ullmann/HDDGabriel/research/engines/gameplay/gameplay/src/TerrainPatch.cpp,6,0,6
/media/ullmann/HDDGabriel/research/engines/gameplay/gameplay-deps/freetype-2.4.5/src/gzip/inflate.c,2,1,3
/media/ullmann/HDDGabriel/research/engines/gameplay/gameplay-deps/freetype-2.4.5/src/gzip/zutil.h,1,7,8
/media/ullmann/HDDGabriel/research/engines/gameplay/gameplay-deps/bullet-2.82-r2704/Extras/sph/common/GLee.c,1,0,1
/media/ullmann/HDDGabriel/research/engines/gameplay/gameplay-deps/bullet-2.82-r2704/Extras/sph/common/GLee.h,0,1,1
/media/ullmann/HDDGabriel/research/engines/gameplay/gameplay-deps/bullet-2.82-r2704/src/BulletMultiThreaded/SpuNarrowPhaseCollisionTask/SpuMinkowskiPenetrationDepthSolver.h,0,2,2
/media/ullmann/HDDGabriel/research/engines/gameplay/gameplay-deps/freetype-2.4.5/src/lzw/ftzopen.c,1,1,2
/media/ullmann/HDDGabriel/research/engines/gameplay/gameplay-deps/theora-1.1.1/lib/huffenc.h,1,3,4
/media/ullmann/HDDGabriel/research/engines/gameplay/gameplay-deps/curl-7.39.0/lib/llist.c,4,0,4
/media/ullmann/HDDGabriel/research/engines/gameplay/gameplay-deps/curl-7.39.0/lib/strequal.c,2,0,2
/media/ullmann/HDDGabriel/research/engines/gameplay/gameplay-deps/bullet-2.82-r2704/src/BulletCollision/CollisionShapes/btStaticPlaneShape.cpp,1,0,1
/media/ullmann/HDDGabriel/research/engines/gameplay/gameplay-deps/curl-7.39.0/include/curl/curl.h,6,2,8
/media/ullmann/HDDGabriel/research/engines/gameplay/gameplay-deps/curl-7.39.0/include/curl/curlver.h,0,1,1
/media/ullmann/HDDGabriel/research/engines/gameplay/gameplay-deps/png-1.6.15/pngget.c,1,0,1
/media/ullmann/HDDGabriel/research/engines/gameplay/gameplay/src/lua/lua_AbsoluteLayout.cpp,1,0,1
/media/ullmann/HDDGabriel/research/engines/gameplay/gameplay/src/lua/lua_AbsoluteLayout.h,0,2,2
/media/ullmann/HDDGabriel/research/engines/gameplay/gameplay-deps/curl-7.39.0/src/tool_formparse.c,5,0,5
/media/ullmann/HDDGabriel/research/engines/gameplay/gameplay-deps/curl-7.39.0/src/tool_formparse.h,1,2,3
/media/ullmann/HDDGabriel/research/engines/gameplay/gameplay-deps/bullet-2.82-r2704/Extras/CDTestFramework/Opcode/OPC_BoxBoxOverlap.h,0,3,3
/media/ullmann/HDDGabriel/research/engines/gameplay/gameplay/src/AudioController.cpp,5,0,5
/media/ullmann/HDDGabriel/research/engines/gameplay/gameplay-deps/freetype-2.4.5/src/smooth/ftgrays.c,3,1,4
/media/ullmann/HDDGabriel/research/engines/gameplay/gameplay-deps/freetype-2.4.5/src/smooth/ftspic.h,0,3,3
/media/ullmann/HDDGabriel/research/engines/gameplay/gameplay-deps/bullet-2.82-r2704/src/BulletMultiThreaded/SpuSampleTaskProcess.cpp,2,0,2
/media/ullmann/HDDGabriel/research/engines/gameplay/gameplay-deps/libjson-7.6.1/_internal/Source/JSONDefs/Visual_C.h,0,2,2
/media/ullmann/HDDGabriel/research/engines/gameplay/gameplay/src/lua/lua_Script.cpp,1,0,1
/media/ullmann/HDDGabriel/research/engines/gameplay/gameplay/src/lua/lua_Script.h,0,2,2
/media/ullmann/HDDGabriel/research/engines/gameplay/gameplay-deps/vorbis-1.3.4/vq/latticebuild.c,1,0,1
/media/ullmann/HDDGabriel/research/engines/gameplay/gameplay/src/Logger.cpp,3,0,3
/media/ullmann/HDDGabriel/research/engines/gameplay/gameplay-deps/theora-1.1.1/lib/huffdec.h,2,2,4
/media/ullmann/HDDGabriel/research/engines/gameplay/gameplay-deps/theora-1.1.1/lib/huffman.h,1,3,4
/media/ullmann/HDDGabriel/research/engines/gameplay/gameplay/src/lua/lua_Terrain.h,0,2,2
/media/ullmann/HDDGabriel/research/engines/gameplay/gameplay-deps/curl-7.39.0/lib/memdebug.c,4,0,4
/media/ullmann/HDDGabriel/research/engines/gameplay/gameplay-deps/bullet-2.82-r2704/UnitTests/BulletUnitTests/TestLinearMath.h,0,1,1
/media/ullmann/HDDGabriel/research/engines/gameplay/gameplay-deps/curl-7.39.0/lib/parsedate.c,4,0,4
/media/ullmann/HDDGabriel/research/engines/gameplay/gameplay-deps/curl-7.39.0/lib/if2ip.h,1,6,7
/media/ullmann/HDDGabriel/research/engines/gameplay/gameplay-deps/bullet-2.82-r2704/Demos/SerializeDemo/Win32SerializeDemo.cpp,1,0,1
/media/ullmann/HDDGabriel/research/engines/gameplay/gameplay-deps/bullet-2.82-r2704/Demos/SerializeDemo/SerializeDemo.h,0,3,3
/media/ullmann/HDDGabriel/research/engines/gameplay/gameplay-deps/bullet-2.82-r2704/Test/Source/Tests/Test_qtmulV3Q.cpp,1,0,1
/media/ullmann/HDDGabriel/research/engines/gameplay/gameplay-deps/bullet-2.82-r2704/Test/Source/Tests/Test_qtmulV3Q.h,0,1,1
/media/ullmann/HDDGabriel/research/engines/gameplay/gameplay-deps/curl-7.39.0/src/tool_binmode.c,2,0,2
/media/ullmann/HDDGabriel/research/engines/gameplay/external-deps/include/vectormath/scalar/floatInVec.h,1,1,2
/media/ullmann/HDDGabriel/research/engines/gameplay/external-deps/include/vectormath/scalar/boolInVec.h,1,1,2
/media/ullmann/HDDGabriel/research/engines/gameplay/tools/encoder/src/AnimationChannel.h,1,5,6
/media/ullmann/HDDGabriel/research/engines/gameplay/samples/browser/src/AudioSample.cpp,1,0,1
/media/ullmann/HDDGabriel/research/engines/gameplay/samples/browser/src/AudioSample.h,1,1,2
/media/ullmann/HDDGabriel/research/engines/gameplay/gameplay-deps/bullet-2.82-r2704/Extras/CDTestFramework/AntTweakBar/src/TwDirect3D9.cpp,3,0,3
/media/ullmann/HDDGabriel/research/engines/gameplay/gameplay-deps/bullet-2.82-r2704/Extras/CDTestFramework/AntTweakBar/src/TwDirect3D9.h,1,2,3
/media/ullmann/HDDGabriel/research/engines/gameplay/gameplay-deps/bullet-2.82-r2704/Test/Source/Tests/Test_3x3mulM1M2.cpp,1,0,1
/media/ullmann/HDDGabriel/research/engines/gameplay/gameplay-deps/bullet-2.82-r2704/Test/Source/Tests/Test_3x3mulM1M2.h,0,1,1
/media/ullmann/HDDGabriel/research/engines/gameplay/gameplay/src/Plane.inl,0,1,1
/media/ullmann/HDDGabriel/research/engines/gameplay/gameplay-deps/libjson-7.6.1/_internal/TestSuite/TestWriter.cpp,1,0,1
/media/ullmann/HDDGabriel/research/engines/gameplay/gameplay-deps/curl-7.39.0/src/tool_sdecls.h,2,1,3
/media/ullmann/HDDGabriel/research/engines/gameplay/gameplay-deps/bullet-2.82-r2704/src/BulletMultiThreaded/GpuSoftBodySolvers/DX11/HLSL/ApplyForces.hlsl,0,2,2
/media/ullmann/HDDGabriel/research/engines/gameplay/gameplay-deps/freetype-2.4.5/src/cff/cffparse.c,4,1,5
/media/ullmann/HDDGabriel/research/engines/gameplay/gameplay-deps/freetype-2.4.5/src/cff/cfftoken.h,0,1,1
/media/ullmann/HDDGabriel/research/engines/gameplay/gameplay/src/lua/lua_HeightField.cpp,1,0,1
/media/ullmann/HDDGabriel/research/engines/gameplay/gameplay/src/lua/lua_HeightField.h,0,2,2
/media/ullmann/HDDGabriel/research/engines/gameplay/gameplay-deps/bullet-2.82-r2704/src/BulletCollision/CollisionShapes/btHeightfieldTerrainShape.cpp,1,0,1
/media/ullmann/HDDGabriel/research/engines/gameplay/gameplay-deps/bullet-2.82-r2704/src/BulletCollision/CollisionShapes/btHeightfieldTerrainShape.h,1,1,2
/media/ullmann/HDDGabriel/research/engines/gameplay/gameplay-deps/bullet-2.82-r2704/Demos/OpenGL/GL_ShapeDrawer.cpp,3,0,3
/media/ullmann/HDDGabriel/research/engines/gameplay/gameplay-deps/bullet-2.82-r2704/src/BulletCollision/Gimpact/btClipPolygon.h,0,1,1
/media/ullmann/HDDGabriel/research/engines/gameplay/gameplay-deps/zlib-1.2.8/deflate.c,1,0,1
/media/ullmann/HDDGabriel/research/engines/gameplay/gameplay/src/RadioButton.cpp,2,0,2
/media/ullmann/HDDGabriel/research/engines/gameplay/gameplay/src/RadioButton.h,3,4,7
/media/ullmann/HDDGabriel/research/engines/gameplay/gameplay-deps/curl-7.39.0/src/tool_cb_hdr.c,4,0,4
/media/ullmann/HDDGabriel/research/engines/gameplay/gameplay-deps/curl-7.39.0/src/tool_cb_hdr.h,1,2,3
/media/ullmann/HDDGabriel/research/engines/gameplay/gameplay-deps/bullet-2.82-r2704/src/BulletMultiThreaded/vectormath2bullet.h,1,0,1
/media/ullmann/HDDGabriel/research/engines/gameplay/gameplay/src/lua/lua_Global.h,0,2,2
/media/ullmann/HDDGabriel/research/engines/gameplay/external-deps/include/LinearMath/btStackAlloc.h,2,0,2
/media/ullmann/HDDGabriel/research/engines/gameplay/gameplay-deps/freetype-2.4.5/src/gxvalid/gxvmort.c,2,1,3
/media/ullmann/HDDGabriel/research/engines/gameplay/gameplay-deps/freetype-2.4.5/src/cff/cffcmap.h,1,3,4
/media/ullmann/HDDGabriel/research/engines/gameplay/gameplay-deps/bullet-2.82-r2704/Extras/glui/glui_listbox.cpp,1,0,1
/media/ullmann/HDDGabriel/research/engines/gameplay/external-deps/include/BulletCollision/Gimpact/gim_linear_math.h,2,1,3
/media/ullmann/HDDGabriel/research/engines/gameplay/external-deps/include/BulletCollision/Gimpact/gim_geom_types.h,1,1,2
/media/ullmann/HDDGabriel/research/engines/gameplay/gameplay/src/lua/lua_AIController.cpp,1,0,1
/media/ullmann/HDDGabriel/research/engines/gameplay/gameplay/src/lua/lua_AIController.h,0,2,2
/media/ullmann/HDDGabriel/research/engines/gameplay/tools/luagen/src/Base.h,1,6,7
/media/ullmann/HDDGabriel/research/engines/gameplay/tools/luagen/src/DebugNew.h,0,1,1
/media/ullmann/HDDGabriel/research/engines/gameplay/tools/encoder/src/Base.cpp,1,0,1
/media/ullmann/HDDGabriel/research/engines/gameplay/gameplay-deps/libjson-7.6.1/_internal/TestSuite2/NumberToString/_uitoa.cpp,2,0,2
/media/ullmann/HDDGabriel/research/engines/gameplay/gameplay-deps/vorbis-1.3.4/vq/huffbuild.c,1,0,1
/media/ullmann/HDDGabriel/research/engines/gameplay/gameplay-deps/freetype-2.4.5/src/sfnt/ttpost.c,2,1,3
/media/ullmann/HDDGabriel/research/engines/gameplay/gameplay-deps/curl-7.39.0/tests/libtest/lib533.c,2,0,2
/media/ullmann/HDDGabriel/research/engines/gameplay/gameplay-deps/curl-7.39.0/tests/server/tftp.h,1,1,2
/media/ullmann/HDDGabriel/research/engines/gameplay/gameplay-deps/bullet-2.82-r2704/Demos/DX11ClothDemo/capsule.h,2,1,3
/media/ullmann/HDDGabriel/research/engines/gameplay/gameplay/src/lua/lua_Vector2.cpp,1,0,1
/media/ullmann/HDDGabriel/research/engines/gameplay/gameplay/src/lua/lua_Vector2.h,0,2,2
/media/ullmann/HDDGabriel/research/engines/gameplay/gameplay-deps/libjson-7.6.1/_internal/Source/JSONWriter.cpp,3,0,3
/media/ullmann/HDDGabriel/research/engines/gameplay/gameplay-deps/openal-1.16.0/Alc/mixer_neon.c,2,0,2
/media/ullmann/HDDGabriel/research/engines/gameplay/gameplay/src/lua/lua_PhysicsRigidBodyParameters.h,0,2,2
/media/ullmann/HDDGabriel/research/engines/gameplay/gameplay-deps/curl-7.39.0/tests/libtest/lib1502.c,2,0,2
/media/ullmann/HDDGabriel/research/engines/gameplay/gameplay-deps/bullet-2.82-r2704/Extras/glui/glui_scrollbar.cpp,1,0,1
/media/ullmann/HDDGabriel/research/engines/gameplay/gameplay-deps/curl-7.39.0/lib/formdata.h,0,5,5
/media/ullmann/HDDGabriel/research/engines/gameplay/gameplay-deps/curl-7.39.0/tests/libtest/lib558.c,1,0,1
/media/ullmann/HDDGabriel/research/engines/gameplay/gameplay-deps/bullet-2.82-r2704/Demos/DX11ClothDemo/btDirectComputeSupport.h,0,1,1
/media/ullmann/HDDGabriel/research/engines/gameplay/gameplay/src/lua/lua_FlowLayout.cpp,1,0,1
/media/ullmann/HDDGabriel/research/engines/gameplay/gameplay-deps/curl-7.39.0/tests/libtest/lib569.c,1,0,1
/media/ullmann/HDDGabriel/research/engines/gameplay/gameplay/src/Model.cpp,7,0,7
/media/ullmann/HDDGabriel/research/engines/gameplay/gameplay/src/lua/lua_PhysicsConstraint.cpp,1,0,1
/media/ullmann/HDDGabriel/research/engines/gameplay/gameplay/src/lua/lua_PhysicsConstraint.h,0,2,2
/media/ullmann/HDDGabriel/research/engines/gameplay/gameplay-deps/curl-7.39.0/lib/vtls/curl_schannel.h,0,2,2
/media/ullmann/HDDGabriel/research/engines/gameplay/gameplay/src/lua/lua_PhysicsCollisionObjectCollisionListener.cpp,1,0,1
/media/ullmann/HDDGabriel/research/engines/gameplay/external-deps/include/BulletDynamics/ConstraintSolver/btPoint2PointConstraint.h,2,1,3
/media/ullmann/HDDGabriel/research/engines/gameplay/gameplay-deps/libjson-7.6.1/_internal/TestSuite/TestSharedString.cpp,2,0,2
/media/ullmann/HDDGabriel/research/engines/gameplay/gameplay/src/PhysicsFixedConstraint.cpp,2,0,2
/media/ullmann/HDDGabriel/research/engines/gameplay/gameplay/src/lua/lua_Model.cpp,1,0,1
/media/ullmann/HDDGabriel/research/engines/gameplay/gameplay/src/AnimationValue.h,1,3,4
/media/ullmann/HDDGabriel/research/engines/gameplay/gameplay-deps/bullet-2.82-r2704/src/BulletMultiThreaded/SequentialThreadSupport.h,2,1,3
/media/ullmann/HDDGabriel/research/engines/gameplay/gameplay-deps/bullet-2.82-r2704/src/BulletCollision/CollisionShapes/btConvexHullShape.cpp,1,0,1
/media/ullmann/HDDGabriel/research/engines/gameplay/gameplay/src/lua/lua_Effect.cpp,1,0,1
/media/ullmann/HDDGabriel/research/engines/gameplay/gameplay/src/lua/lua_Effect.h,0,2,2
/media/ullmann/HDDGabriel/research/engines/gameplay/gameplay-deps/bullet-2.82-r2704/Demos/FractureDemo/Win32FractureDemo.cpp,1,0,1
/media/ullmann/HDDGabriel/research/engines/gameplay/gameplay/src/VertexAttributeBinding.h,2,3,5
/media/ullmann/HDDGabriel/research/engines/gameplay/gameplay-deps/curl-7.39.0/tests/libtest/lib547.c,1,0,1
/media/ullmann/HDDGabriel/research/engines/gameplay/gameplay-deps/bullet-2.82-r2704/src/BulletMultiThreaded/btParallelConstraintSolver.cpp,4,0,4
/media/ullmann/HDDGabriel/research/engines/gameplay/gameplay-deps/bullet-2.82-r2704/src/BulletMultiThreaded/TrbStateVec.h,1,2,3
/media/ullmann/HDDGabriel/research/engines/gameplay/gameplay-deps/bullet-2.82-r2704/src/BulletCollision/BroadphaseCollision/btOverlappingPairCache.cpp,3,0,3
/media/ullmann/HDDGabriel/research/engines/gameplay/gameplay-deps/bullet-2.82-r2704/src/BulletCollision/BroadphaseCollision/btOverlappingPairCache.h,3,4,7
/media/ullmann/HDDGabriel/research/engines/gameplay/gameplay-deps/bullet-2.82-r2704/src/BulletMultiThreaded/PosixThreadSupport.h,2,1,3
/media/ullmann/HDDGabriel/research/engines/gameplay/gameplay/src/lua/lua_Sprite.cpp,1,0,1
/media/ullmann/HDDGabriel/research/engines/gameplay/gameplay-deps/vorbis-1.3.4/lib/mdct.c,3,0,3
/media/ullmann/HDDGabriel/research/engines/gameplay/gameplay-deps/libjson-7.6.1/_internal/Source/JSONValidator.cpp,1,0,1
/media/ullmann/HDDGabriel/research/engines/gameplay/tools/encoder/src/Object.cpp,2,0,2
/media/ullmann/HDDGabriel/research/engines/gameplay/gameplay-deps/curl-7.39.0/src/tool_convert.h,1,3,4
/media/ullmann/HDDGabriel/research/engines/gameplay/gameplay-deps/curl-7.39.0/lib/curl_sasl.h,0,6,6
/media/ullmann/HDDGabriel/research/engines/gameplay/external-deps/include/BulletCollision/CollisionDispatch/btDefaultCollisionConfiguration.h,1,1,2
/media/ullmann/HDDGabriel/research/engines/gameplay/gameplay-deps/bullet-2.82-r2704/Extras/CDTestFramework/BipartiteBoxPruning.cpp,4,0,4
/media/ullmann/HDDGabriel/research/engines/gameplay/gameplay-deps/bullet-2.82-r2704/src/BulletMultiThreaded/GpuSoftBodySolvers/OpenCL/btSoftBodySolverOutputCLtoGL.h,1,1,2
/media/ullmann/HDDGabriel/research/engines/gameplay/tools/encoder/src/Vertex.h,4,5,9
/media/ullmann/HDDGabriel/research/engines/gameplay/gameplay-deps/bullet-2.82-r2704/Demos/DX11ClothDemo/DXUT/Optional/ImeUi.cpp,1,0,1
/media/ullmann/HDDGabriel/research/engines/gameplay/gameplay-deps/theora-1.1.1/lib/decapiwrapper.c,2,0,2
/media/ullmann/HDDGabriel/research/engines/gameplay/gameplay-deps/png-1.6.15/pngset.c,1,0,1
/media/ullmann/HDDGabriel/research/engines/gameplay/gameplay-deps/freetype-2.4.5/src/truetype/ttpload.h,0,5,5
/media/ullmann/HDDGabriel/research/engines/gameplay/gameplay-deps/bullet-2.82-r2704/Extras/glui/glui_rollout.cpp,1,0,1
/media/ullmann/HDDGabriel/research/engines/gameplay/gameplay/src/lua/lua_Rectangle.h,0,2,2
/media/ullmann/HDDGabriel/research/engines/gameplay/gameplay-deps/bullet-2.82-r2704/Extras/ConvexDecomposition/bestfit.cpp,2,0,2
/media/ullmann/HDDGabriel/research/engines/gameplay/gameplay-deps/curl-7.39.0/src/tool_cfgable.c,3,0,3
/media/ullmann/HDDGabriel/research/engines/gameplay/gameplay/src/lua/lua_FrameBuffer.h,0,2,2
/media/ullmann/HDDGabriel/research/engines/gameplay/gameplay-deps/libjson-7.6.1/_internal/TestSuite/TestComments.cpp,2,0,2
/media/ullmann/HDDGabriel/research/engines/gameplay/gameplay-deps/openal-1.16.0/Alc/helpers.c,3,0,3
/media/ullmann/HDDGabriel/research/engines/gameplay/gameplay-deps/openal-1.16.0/Alc/alstring.h,1,2,3
/media/ullmann/HDDGabriel/research/engines/gameplay/gameplay-deps/vorbis-1.3.4/lib/window.c,3,0,3
/media/ullmann/HDDGabriel/research/engines/gameplay/external-deps/include/BulletDynamics/MLCPSolvers/btDantzigSolver.h,2,0,2
/media/ullmann/HDDGabriel/research/engines/gameplay/external-deps/include/BulletDynamics/MLCPSolvers/btDantzigLCP.h,0,1,1
/media/ullmann/HDDGabriel/research/engines/gameplay/gameplay-deps/curl-7.39.0/src/tool_util.h,1,4,5
/media/ullmann/HDDGabriel/research/engines/gameplay/gameplay-deps/curl-7.39.0/lib/ftplistparser.c,11,0,11
/media/ullmann/HDDGabriel/research/engines/gameplay/gameplay-deps/bullet-2.82-r2704/Extras/ConvexDecomposition/cd_wavefront.h,0,2,2
/media/ullmann/HDDGabriel/research/engines/gameplay/gameplay-deps/bullet-2.82-r2704/src/BulletCollision/CollisionDispatch/btBoxBoxCollisionAlgorithm.cpp,2,0,2
/media/ullmann/HDDGabriel/research/engines/gameplay/gameplay-deps/bullet-2.82-r2704/src/BulletCollision/CollisionDispatch/btBoxBoxCollisionAlgorithm.h,1,1,2
/media/ullmann/HDDGabriel/research/engines/gameplay/external-deps/include/BulletCollision/Gimpact/gim_memory.h,1,2,3
/media/ullmann/HDDGabriel/research/engines/gameplay/external-deps/include/BulletCollision/Gimpact/gim_math.h,0,3,3
/media/ullmann/HDDGabriel/research/engines/gameplay/gameplay-deps/theora-1.1.1/tests/noop_theora.c,1,0,1
/media/ullmann/HDDGabriel/research/engines/gameplay/gameplay/src/lua/lua_AudioListener.cpp,1,0,1
/media/ullmann/HDDGabriel/research/engines/gameplay/gameplay/src/lua/lua_AudioListener.h,0,2,2
/media/ullmann/HDDGabriel/research/engines/gameplay/gameplay-deps/bullet-2.82-r2704/src/BulletMultiThreaded/GpuSoftBodySolvers/DX11/btSoftBodySolverLinkData_DX11SIMDAware.h,1,2,3
/media/ullmann/HDDGabriel/research/engines/gameplay/gameplay/src/lua/lua_TextureSampler.cpp,1,0,1
/media/ullmann/HDDGabriel/research/engines/gameplay/gameplay-deps/bullet-2.82-r2704/src/vectormath/neon/vec_aos.h,0,1,1
/media/ullmann/HDDGabriel/research/engines/gameplay/gameplay-deps/bullet-2.82-r2704/src/BulletCollision/Gimpact/gim_geom_types.h,1,1,2
/media/ullmann/HDDGabriel/research/engines/gameplay/gameplay/src/AudioBuffer.cpp,3,0,3
/media/ullmann/HDDGabriel/research/engines/gameplay/gameplay-deps/bullet-2.82-r2704/src/BulletMultiThreaded/btGpu3DGridBroadphase.cpp,5,0,5
/media/ullmann/HDDGabriel/research/engines/gameplay/gameplay-deps/bullet-2.82-r2704/src/BulletMultiThreaded/btGpu3DGridBroadphaseSharedDefs.h,1,2,3
/media/ullmann/HDDGabriel/research/engines/gameplay/gameplay-deps/curl-7.39.0/lib/config-vxworks.h,0,1,1
/media/ullmann/HDDGabriel/research/engines/gameplay/gameplay-deps/bullet-2.82-r2704/Demos/DX11ClothDemo/DXUT/Core/DXUTDevice9.cpp,1,0,1
/media/ullmann/HDDGabriel/research/engines/gameplay/gameplay-deps/freetype-2.4.5/src/truetype/ttpic.c,1,1,2
/media/ullmann/HDDGabriel/research/engines/gameplay/gameplay/src/lua/lua_Bundle.h,0,2,2
/media/ullmann/HDDGabriel/research/engines/gameplay/gameplay-deps/bullet-2.82-r2704/src/BulletCollision/Gimpact/gim_box_set.cpp,1,0,1
/media/ullmann/HDDGabriel/research/engines/gameplay/gameplay-deps/curl-7.39.0/tests/server/sws.c,4,0,4
/media/ullmann/HDDGabriel/research/engines/gameplay/gameplay-deps/curl-7.39.0/lib/curl_gethostname.c,2,0,2
/media/ullmann/HDDGabriel/research/engines/gameplay/gameplay-deps/curl-7.39.0/lib/curl_gethostname.h,0,3,3
/media/ullmann/HDDGabriel/research/engines/gameplay/gameplay-deps/png-1.6.15/pngconf.h,0,1,1
/media/ullmann/HDDGabriel/research/engines/gameplay/external-deps/include/BulletCollision/CollisionShapes/btTriangleCallback.h,0,3,3
/media/ullmann/HDDGabriel/research/engines/gameplay/gameplay/src/MeshSkin.cpp,4,0,4
/media/ullmann/HDDGabriel/research/engines/gameplay/tools/encoder/src/FileIO.cpp,2,0,2
/media/ullmann/HDDGabriel/research/engines/gameplay/gameplay-deps/freetype-2.4.5/src/cff/cffobjs.c,5,1,6
/media/ullmann/HDDGabriel/research/engines/gameplay/gameplay-deps/bullet-2.82-r2704/Extras/CDTestFramework/AntTweakBar/src/TwFonts.cpp,3,0,3
/media/ullmann/HDDGabriel/research/engines/gameplay/gameplay-deps/png-1.6.15/pngrio.c,1,0,1
/media/ullmann/HDDGabriel/research/engines/gameplay/gameplay-deps/libjson-7.6.1/_internal/Source/JSONMemory.cpp,2,0,2
/media/ullmann/HDDGabriel/research/engines/gameplay/gameplay-deps/libjson-7.6.1/_internal/Source/JSONSingleton.h,0,1,1
/media/ullmann/HDDGabriel/research/engines/gameplay/gameplay-deps/bullet-2.82-r2704/src/BulletMultiThreaded/SpuNarrowPhaseCollisionTask/SpuCollisionShapes.h,1,3,4
/media/ullmann/HDDGabriel/research/engines/gameplay/gameplay/src/lua/lua_PhysicsController.cpp,1,0,1
/media/ullmann/HDDGabriel/research/engines/gameplay/gameplay/src/lua/lua_PhysicsController.h,0,2,2
/media/ullmann/HDDGabriel/research/engines/gameplay/gameplay-deps/freetype-2.4.5/src/cff/cffgload.h,1,2,3
/media/ullmann/HDDGabriel/research/engines/gameplay/gameplay-deps/freetype-2.4.5/src/cff/cffobjs.h,1,4,5
/media/ullmann/HDDGabriel/research/engines/gameplay/gameplay/src/lua/lua_Ref.h,0,2,2
/media/ullmann/HDDGabriel/research/engines/gameplay/gameplay-deps/freetype-2.4.5/src/truetype/tterrors.h,0,6,6
/media/ullmann/HDDGabriel/research/engines/gameplay/gameplay-deps/libjson-7.6.1/_internal/TestSuite2/JSONGlobals/jsonSingleton.cpp,2,0,2
/media/ullmann/HDDGabriel/research/engines/gameplay/gameplay-deps/lua-5.2.3/src/lmem.c,7,0,7
/media/ullmann/HDDGabriel/research/engines/gameplay/gameplay-deps/libjson-7.6.1/_internal/TestSuite2/JSONValidator/isValidPartialRoot.cpp,1,0,1
/media/ullmann/HDDGabriel/research/engines/gameplay/gameplay-deps/libjson-7.6.1/_internal/TestSuite2/JSONValidator/isValidPartialRoot.h,0,2,2
/media/ullmann/HDDGabriel/research/engines/gameplay/gameplay-deps/freetype-2.4.5/src/gxvalid/gxvtrak.c,2,1,3
/media/ullmann/HDDGabriel/research/engines/gameplay/external-deps/include/BulletCollision/CollisionShapes/btMultimaterialTriangleMeshShape.h,2,0,2
/media/ullmann/HDDGabriel/research/engines/gameplay/external-deps/include/BulletCollision/CollisionShapes/btMaterial.h,0,1,1
/media/ullmann/HDDGabriel/research/engines/gameplay/gameplay-deps/bullet-2.82-r2704/Extras/HACD/hacdHACD.cpp,3,0,3
/media/ullmann/HDDGabriel/research/engines/gameplay/gameplay-deps/freetype-2.4.5/src/otvalid/otvmod.c,3,1,4
/media/ullmann/HDDGabriel/research/engines/gameplay/gameplay-deps/lua-5.2.3/src/lgc.c,11,0,11
/media/ullmann/HDDGabriel/research/engines/gameplay/tools/encoder/src/Transform.h,0,6,6
/media/ullmann/HDDGabriel/research/engines/gameplay/gameplay-deps/png-1.6.15/contrib/examples/pngpixel.c,1,0,1
/media/ullmann/HDDGabriel/research/engines/gameplay/gameplay/src/BoundingSphere.cpp,3,0,3
/media/ullmann/HDDGabriel/research/engines/gameplay/gameplay/src/BoundingSphere.h,2,7,9
/media/ullmann/HDDGabriel/research/engines/gameplay/gameplay-deps/freetype-2.4.5/src/psnames/psmodule.c,4,1,5
/media/ullmann/HDDGabriel/research/engines/gameplay/gameplay-deps/freetype-2.4.5/src/psnames/pstables.h,0,1,1
/media/ullmann/HDDGabriel/research/engines/gameplay/gameplay-deps/curl-7.39.0/src/tool_libinfo.c,2,0,2
/media/ullmann/HDDGabriel/research/engines/gameplay/gameplay-deps/bullet-2.82-r2704/src/BulletCollision/CollisionDispatch/btConvex2dConvex2dAlgorithm.cpp,1,0,1
/media/ullmann/HDDGabriel/research/engines/gameplay/gameplay-deps/bullet-2.82-r2704/src/BulletCollision/CollisionDispatch/btConvex2dConvex2dAlgorithm.h,0,1,1
/media/ullmann/HDDGabriel/research/engines/gameplay/gameplay-deps/curl-7.39.0/tests/libtest/lib555.c,2,0,2
/media/ullmann/HDDGabriel/research/engines/gameplay/gameplay-deps/bullet-2.82-r2704/Extras/CDTestFramework/Opcode/OPC_OBBCollider.cpp,2,0,2
/media/ullmann/HDDGabriel/research/engines/gameplay/tools/encoder/src/Mesh.h,5,5,10
/media/ullmann/HDDGabriel/research/engines/gameplay/gameplay-deps/bullet-2.82-r2704/src/vectormath/sse/floatInVec.h,1,3,4
/media/ullmann/HDDGabriel/research/engines/gameplay/gameplay-deps/curl-7.39.0/tests/libtest/lib1525.c,1,0,1
/media/ullmann/HDDGabriel/research/engines/gameplay/gameplay-deps/libjson-7.6.1/_internal/TestSuite2/JSONDebug/JSON_ASSERT_SAFE.h,1,2,3
/media/ullmann/HDDGabriel/research/engines/gameplay/gameplay-deps/bullet-2.82-r2704/Demos/DynamicControlDemo/MotorDemo.cpp,1,0,1
/media/ullmann/HDDGabriel/research/engines/gameplay/external-deps/include/BulletCollision/CollisionDispatch/btConvexPlaneCollisionAlgorithm.h,1,0,1
/media/ullmann/HDDGabriel/research/engines/gameplay/tools/encoder/src/Vector2.cpp,2,0,2
/media/ullmann/HDDGabriel/research/engines/gameplay/gameplay-deps/libjson-7.6.1/_internal/TestSuite2/JSONGlobals/jsonSingleton.h,1,2,3
/media/ullmann/HDDGabriel/research/engines/gameplay/gameplay/src/lua/lua_ThemeThemeImage.h,0,2,2
/media/ullmann/HDDGabriel/research/engines/gameplay/gameplay/src/lua/lua_Theme.h,0,2,2
/media/ullmann/HDDGabriel/research/engines/gameplay/gameplay-deps/theora-1.1.1/lib/x86/mmxstate.c,3,0,3
/media/ullmann/HDDGabriel/research/engines/gameplay/gameplay-deps/bullet-2.82-r2704/src/BulletDynamics/Character/btCharacterControllerInterface.h,0,1,1
/media/ullmann/HDDGabriel/research/engines/gameplay/gameplay/src/lua/lua_Slider.h,0,2,2
/media/ullmann/HDDGabriel/research/engines/gameplay/gameplay-deps/freetype-2.4.5/src/psaux/t1cmap.c,2,1,3
/media/ullmann/HDDGabriel/research/engines/gameplay/gameplay/src/ThemeStyle.cpp,1,0,1
/media/ullmann/HDDGabriel/research/engines/gameplay/tools/encoder/src/Vector3.cpp,2,0,2
/media/ullmann/HDDGabriel/research/engines/gameplay/gameplay-deps/bullet-2.82-r2704/src/BulletDynamics/ConstraintSolver/btTypedConstraint.cpp,1,0,1
/media/ullmann/HDDGabriel/research/engines/gameplay/gameplay/src/lua/lua_Material.cpp,1,0,1
/media/ullmann/HDDGabriel/research/engines/gameplay/gameplay-deps/bullet-2.82-r2704/src/BulletCollision/CollisionShapes/btBoxShape.h,2,4,6
/media/ullmann/HDDGabriel/research/engines/gameplay/gameplay-deps/bullet-2.82-r2704/src/BulletCollision/CollisionShapes/btTriangleShape.h,2,1,3
/media/ullmann/HDDGabriel/research/engines/gameplay/tools/encoder/src/MeshSubSet.cpp,1,0,1
/media/ullmann/HDDGabriel/research/engines/gameplay/gameplay-deps/curl-7.39.0/src/tool_helpers.h,1,4,5
/media/ullmann/HDDGabriel/research/engines/gameplay/gameplay/src/AudioListener.h,3,5,8
/media/ullmann/HDDGabriel/research/engines/gameplay/gameplay-deps/vorbis-1.3.4/lib/backends.h,1,1,2
/media/ullmann/HDDGabriel/research/engines/gameplay/gameplay-deps/freetype-2.4.5/src/pfr/pfrgload.h,1,2,3
/media/ullmann/HDDGabriel/research/engines/gameplay/gameplay-deps/bullet-2.82-r2704/Demos/UserCollisionAlgorithm/UserCollisionAlgorithm.cpp,1,0,1
/media/ullmann/HDDGabriel/research/engines/gameplay/gameplay-deps/bullet-2.82-r2704/Demos/UserCollisionAlgorithm/UserCollisionAlgorithm.h,0,1,1
/media/ullmann/HDDGabriel/research/engines/gameplay/gameplay/src/lua/lua_ImageControl.h,0,2,2
/media/ullmann/HDDGabriel/research/engines/gameplay/gameplay-deps/zlib-1.2.8/inffast.h,0,3,3
/media/ullmann/HDDGabriel/research/engines/gameplay/gameplay/src/lua/lua_Joint.cpp,1,0,1
/media/ullmann/HDDGabriel/research/engines/gameplay/gameplay/src/lua/lua_Joint.h,0,2,2
/media/ullmann/HDDGabriel/research/engines/gameplay/gameplay-deps/bullet-2.82-r2704/Test/Source/main.h,0,1,1
/media/ullmann/HDDGabriel/research/engines/gameplay/gameplay-deps/bullet-2.82-r2704/Extras/CDTestFramework/Camera.cpp,2,0,2
/media/ullmann/HDDGabriel/research/engines/gameplay/gameplay-deps/curl-7.39.0/tests/libtest/lib1510.c,2,0,2
/media/ullmann/HDDGabriel/research/engines/gameplay/gameplay-deps/bullet-2.82-r2704/Demos/Benchmarks/main.cpp,1,0,1
/media/ullmann/HDDGabriel/research/engines/gameplay/gameplay-deps/bullet-2.82-r2704/src/BulletCollision/CollisionShapes/btTriangleCallback.h,0,4,4
/media/ullmann/HDDGabriel/research/engines/gameplay/gameplay-deps/bullet-2.82-r2704/Extras/CDTestFramework/AntTweakBar/src/TwFonts.h,0,4,4
/media/ullmann/HDDGabriel/research/engines/gameplay/gameplay-deps/bullet-2.82-r2704/UnitTests/BulletUnitTests/TestPolarDecomposition.cpp,2,0,2
/media/ullmann/HDDGabriel/research/engines/gameplay/gameplay-deps/bullet-2.82-r2704/UnitTests/BulletUnitTests/btCholeskyDecomposition.h,0,3,3
/media/ullmann/HDDGabriel/research/engines/gameplay/gameplay-deps/libjson-7.6.1/_internal/Dependencies/libbase64++/libbase64++.h,0,1,1
/media/ullmann/HDDGabriel/research/engines/gameplay/gameplay-deps/curl-7.39.0/src/tool_cb_wrt.c,4,0,4
/media/ullmann/HDDGabriel/research/engines/gameplay/gameplay-deps/zlib-1.2.8/contrib/blast/blast.c,1,0,1
/media/ullmann/HDDGabriel/research/engines/gameplay/gameplay-deps/zlib-1.2.8/contrib/blast/blast.h,0,1,1
/media/ullmann/HDDGabriel/research/engines/gameplay/gameplay-deps/curl-7.39.0/lib/curl_setup_once.h,0,1,1
/media/ullmann/HDDGabriel/research/engines/gameplay/gameplay-deps/curl-7.39.0/lib/vtls/cyassl.h,0,2,2
/media/ullmann/HDDGabriel/research/engines/gameplay/gameplay-deps/freetype-2.4.5/src/gxvalid/gxvmort0.c,1,1,2
/media/ullmann/HDDGabriel/research/engines/gameplay/gameplay/src/Quaternion.cpp,2,0,2
/media/ullmann/HDDGabriel/research/engines/gameplay/gameplay-deps/bullet-2.82-r2704/Demos/Gpu3dDemo/main.cpp,1,0,1
/media/ullmann/HDDGabriel/research/engines/gameplay/gameplay-deps/bullet-2.82-r2704/Demos/Gpu3dDemo/BasicDemo3d.h,0,2,2
/media/ullmann/HDDGabriel/research/engines/gameplay/gameplay-deps/bullet-2.82-r2704/Test/Source/TestList.h,0,2,2
/media/ullmann/HDDGabriel/research/engines/gameplay/gameplay-deps/bullet-2.82-r2704/Extras/ConvexDecomposition/meshvolume.cpp,2,0,2
/media/ullmann/HDDGabriel/research/engines/gameplay/gameplay-deps/bullet-2.82-r2704/Extras/CDTestFramework/AntTweakBar/src/LoadOGL.cpp,2,0,2
/media/ullmann/HDDGabriel/research/engines/gameplay/gameplay-deps/bullet-2.82-r2704/Extras/HACD/hacdICHull.h,3,4,7
/media/ullmann/HDDGabriel/research/engines/gameplay/gameplay-deps/freetype-2.4.5/src/psaux/t1cmap.h,0,2,2
/media/ullmann/HDDGabriel/research/engines/gameplay/gameplay-deps/bullet-2.82-r2704/Demos/CharacterDemo/main.cpp,1,0,1
/media/ullmann/HDDGabriel/research/engines/gameplay/gameplay-deps/bullet-2.82-r2704/Demos/CharacterDemo/CharacterDemo.h,2,2,4
/media/ullmann/HDDGabriel/research/engines/gameplay/external-deps/include/BulletCollision/CollisionDispatch/btEmptyCollisionAlgorithm.h,2,0,2
/media/ullmann/HDDGabriel/research/engines/gameplay/gameplay-deps/freetype-2.4.5/src/type1/t1objs.h,0,2,2
/media/ullmann/HDDGabriel/research/engines/gameplay/external-deps/include/json/_internal/Source/JSONWorker.h,2,0,2
/media/ullmann/HDDGabriel/research/engines/gameplay/external-deps/include/json/_internal/Source/JSONNode.h,2,2,4
/media/ullmann/HDDGabriel/research/engines/gameplay/gameplay-deps/freetype-2.4.5/src/cff/cffdrivr.c,7,1,8
/media/ullmann/HDDGabriel/research/engines/gameplay/external-deps/include/BulletCollision/CollisionDispatch/btSphereSphereCollisionAlgorithm.h,2,1,3
/media/ullmann/HDDGabriel/research/engines/gameplay/gameplay-deps/bullet-2.82-r2704/Demos/Gpu2dDemo/btGpuDemo2dCpuFunc.cpp,2,0,2
/media/ullmann/HDDGabriel/research/engines/gameplay/gameplay-deps/bullet-2.82-r2704/Demos/DX11ClothDemo/DXUT/Core/DXUTDevice9.h,0,1,1
/media/ullmann/HDDGabriel/research/engines/gameplay/gameplay/src/lua/lua_Gamepad.cpp,1,0,1
/media/ullmann/HDDGabriel/research/engines/gameplay/gameplay/src/lua/lua_Gamepad.h,0,2,2
/media/ullmann/HDDGabriel/research/engines/gameplay/gameplay-deps/bullet-2.82-r2704/src/LinearMath/btTransformUtil.h,1,0,1
/media/ullmann/HDDGabriel/research/engines/gameplay/gameplay-deps/curl-7.39.0/lib/nwlib.c,3,0,3
/media/ullmann/HDDGabriel/research/engines/gameplay/gameplay/src/gameplay-main-windows.cpp,1,0,1
/media/ullmann/HDDGabriel/research/engines/gameplay/gameplay/src/lua/lua_AnimationTarget.cpp,1,0,1
/media/ullmann/HDDGabriel/research/engines/gameplay/gameplay-deps/bullet-2.82-r2704/Extras/CDTestFramework/AntTweakBar/src/TwOpenGL.cpp,4,0,4
/media/ullmann/HDDGabriel/research/engines/gameplay/gameplay-deps/bullet-2.82-r2704/Demos/DX11ClothDemo/DXUT/Optional/DXUTgui.cpp,2,0,2
/media/ullmann/HDDGabriel/research/engines/gameplay/samples/browser/src/PostProcessSample.cpp,2,0,2
/media/ullmann/HDDGabriel/research/engines/gameplay/gameplay-deps/curl-7.39.0/tests/server/getpart.c,2,0,2
/media/ullmann/HDDGabriel/research/engines/gameplay/gameplay-deps/bullet-2.82-r2704/UnitTests/BulletUnitTests/TestCholeskyDecomposition.cpp,2,0,2
/media/ullmann/HDDGabriel/research/engines/gameplay/gameplay-deps/curl-7.39.0/tests/libtest/lib508.c,1,0,1
/media/ullmann/HDDGabriel/research/engines/gameplay/gameplay/src/lua/lua_ThemeUVs.cpp,1,0,1
/media/ullmann/HDDGabriel/research/engines/gameplay/gameplay/src/lua/lua_ThemeUVs.h,0,2,2
/media/ullmann/HDDGabriel/research/engines/gameplay/gameplay-deps/bullet-2.82-r2704/Extras/CDTestFramework/Opcode/OPC_RayCollider.cpp,2,0,2
/media/ullmann/HDDGabriel/research/engines/gameplay/gameplay-deps/bullet-2.82-r2704/Extras/CDTestFramework/Opcode/OPC_RayAABBOverlap.h,0,1,1
/media/ullmann/HDDGabriel/research/engines/gameplay/samples/racer/src/RacerGame.cpp,1,0,1
/media/ullmann/HDDGabriel/research/engines/gameplay/samples/racer/src/RacerGame.h,0,1,1
/media/ullmann/HDDGabriel/research/engines/gameplay/gameplay-deps/curl-7.39.0/lib/curl_sspi.c,6,0,6
/media/ullmann/HDDGabriel/research/engines/gameplay/gameplay-deps/curl-7.39.0/lib/strerror.c,4,0,4
/media/ullmann/HDDGabriel/research/engines/gameplay/external-deps/include/LinearMath/btQuickprof.h,2,1,3
/media/ullmann/HDDGabriel/research/engines/gameplay/gameplay-deps/bullet-2.82-r2704/Demos/BspDemo/BspConverter.cpp,2,0,2
/media/ullmann/HDDGabriel/research/engines/gameplay/gameplay-deps/bullet-2.82-r2704/Demos/ConcaveRaycastDemo/ConcaveRaycastDemo.cpp,1,0,1
/media/ullmann/HDDGabriel/research/engines/gameplay/tools/encoder/src/edtaa3func.h,0,2,2
/media/ullmann/HDDGabriel/research/engines/gameplay/tools/encoder/src/Model.h,4,4,8
/media/ullmann/HDDGabriel/research/engines/gameplay/gameplay-deps/curl-7.39.0/include/curl/typecheck-gcc.h,0,1,1
/media/ullmann/HDDGabriel/research/engines/gameplay/gameplay-deps/bullet-2.82-r2704/src/BulletCollision/NarrowPhaseCollision/btDiscreteCollisionDetectorInterface.h,0,3,3
/media/ullmann/HDDGabriel/research/engines/gameplay/gameplay/src/lua/lua_PhysicsCollisionShapeDefinition.cpp,1,0,1
/media/ullmann/HDDGabriel/research/engines/gameplay/tools/encoder/src/MaterialParameter.cpp,2,0,2
/media/ullmann/HDDGabriel/research/engines/gameplay/gameplay/src/lua/lua_CheckBox.h,0,2,2
/media/ullmann/HDDGabriel/research/engines/gameplay/gameplay-deps/curl-7.39.0/src/tool_writeenv.h,1,2,3
/media/ullmann/HDDGabriel/research/engines/gameplay/gameplay-deps/bullet-2.82-r2704/src/BulletCollision/CollisionShapes/btConvexTriangleMeshShape.cpp,1,0,1
/media/ullmann/HDDGabriel/research/engines/gameplay/gameplay-deps/freetype-2.4.5/src/sfnt/ttcmap.c,5,1,6
/media/ullmann/HDDGabriel/research/engines/gameplay/gameplay-deps/bullet-2.82-r2704/src/BulletMultiThreaded/GpuSoftBodySolvers/OpenCL/OpenCLC10/VSolveLinks.cl,0,3,3
/media/ullmann/HDDGabriel/research/engines/gameplay/gameplay-deps/bullet-2.82-r2704/Demos/OpenGL/GLDebugDrawer.cpp,3,0,3
/media/ullmann/HDDGabriel/research/engines/gameplay/gameplay-deps/bullet-2.82-r2704/Demos/GimpactTestDemo/Win32GimpactDemo.cpp,1,0,1
/media/ullmann/HDDGabriel/research/engines/gameplay/gameplay-deps/curl-7.39.0/src/tool_getparam.h,1,6,7
/media/ullmann/HDDGabriel/research/engines/gameplay/tools/encoder/src/StringUtil.cpp,2,0,2
/media/ullmann/HDDGabriel/research/engines/gameplay/tools/encoder/src/Transform.cpp,2,0,2
/media/ullmann/HDDGabriel/research/engines/gameplay/gameplay-deps/vorbis-1.3.4/lib/vorbisfile.c,2,0,2
/media/ullmann/HDDGabriel/research/engines/gameplay/external-deps/include/BulletCollision/CollisionShapes/btMinkowskiSumShape.h,1,0,1
/media/ullmann/HDDGabriel/research/engines/gameplay/gameplay-deps/libjson-7.6.1/_internal/Source/JSONDebug.cpp,1,0,1
/media/ullmann/HDDGabriel/research/engines/gameplay/samples/browser/src/FontSample.cpp,2,0,2
/media/ullmann/HDDGabriel/research/engines/gameplay/tools/luagen/src/TypedefBinding.h,0,1,1
/media/ullmann/HDDGabriel/research/engines/gameplay/gameplay-deps/bullet-2.82-r2704/Extras/CUDA/radixsort.cuh,0,1,1
/media/ullmann/HDDGabriel/research/engines/gameplay/gameplay-deps/bullet-2.82-r2704/src/BulletCollision/CollisionDispatch/btBoxBoxDetector.h,0,2,2
/media/ullmann/HDDGabriel/research/engines/gameplay/gameplay-deps/freetype-2.4.5/src/psnames/pspic.h,0,2,2
/media/ullmann/HDDGabriel/research/engines/gameplay/gameplay-deps/bullet-2.82-r2704/Extras/CDTestFramework/AntTweakBar/src/TwOpenGLCore.cpp,4,0,4
/media/ullmann/HDDGabriel/research/engines/gameplay/gameplay-deps/bullet-2.82-r2704/src/BulletCollision/Gimpact/gim_contact.h,3,1,4
/media/ullmann/HDDGabriel/research/engines/gameplay/gameplay-deps/openal-1.16.0/examples/common/sdl_sound.c,2,0,2
/media/ullmann/HDDGabriel/research/engines/gameplay/gameplay-deps/openal-1.16.0/examples/common/sdl_sound.h,0,4,4
/media/ullmann/HDDGabriel/research/engines/gameplay/gameplay-deps/curl-7.39.0/lib/if2ip.c,6,0,6
/media/ullmann/HDDGabriel/research/engines/gameplay/gameplay-deps/freetype-2.4.5/src/pfr/pfrobjs.h,1,5,6
/media/ullmann/HDDGabriel/research/engines/gameplay/gameplay-deps/freetype-2.4.5/src/cff/cfftypes.h,0,3,3
/media/ullmann/HDDGabriel/research/engines/gameplay/gameplay-deps/theora-1.1.1/lib/state.c,3,0,3
/media/ullmann/HDDGabriel/research/engines/gameplay/gameplay-deps/freetype-2.4.5/src/base/ftrfork.c,0,1,1
/media/ullmann/HDDGabriel/research/engines/gameplay/gameplay-deps/bullet-2.82-r2704/Demos/Gpu3dDemo/btGpuDemoDynamicsWorld3D.cpp,3,0,3
/media/ullmann/HDDGabriel/research/engines/gameplay/gameplay-deps/png-1.6.15/contrib/visupng/PngFile.c,1,0,1
/media/ullmann/HDDGabriel/research/engines/gameplay/gameplay-deps/vorbis-1.3.4/lib/registry.h,0,10,10
/media/ullmann/HDDGabriel/research/engines/gameplay/gameplay-deps/curl-7.39.0/src/tool_writeout.c,3,0,3
/media/ullmann/HDDGabriel/research/engines/gameplay/gameplay-deps/curl-7.39.0/src/tool_writeout.h,1,2,3
/media/ullmann/HDDGabriel/research/engines/gameplay/gameplay-deps/bullet-2.82-r2704/Demos/OpenGL/GlutDemoApplication.cpp,2,0,2
/media/ullmann/HDDGabriel/research/engines/gameplay/gameplay/src/lua/lua_RenderStateStateBlock.h,0,2,2
/media/ullmann/HDDGabriel/research/engines/gameplay/gameplay-deps/freetype-2.4.5/src/type1/t1parse.h,0,2,2
/media/ullmann/HDDGabriel/research/engines/gameplay/gameplay/src/lua/lua_MeshSkin.cpp,1,0,1
/media/ullmann/HDDGabriel/research/engines/gameplay/gameplay/src/lua/lua_MeshSkin.h,0,2,2
/media/ullmann/HDDGabriel/research/engines/gameplay/gameplay-deps/freetype-2.4.5/src/type42/t42parse.h,1,2,3
/media/ullmann/HDDGabriel/research/engines/gameplay/external-deps/include/json/_internal/Source/JSONValidator.h,1,0,1
/media/ullmann/HDDGabriel/research/engines/gameplay/gameplay-deps/bullet-2.82-r2704/src/BulletMultiThreaded/GpuSoftBodySolvers/OpenCL/OpenCLC10/UpdateConstants.cl,0,2,2
/media/ullmann/HDDGabriel/research/engines/gameplay/samples/browser/src/PhysicsCollisionObjectSample.cpp,2,0,2
/media/ullmann/HDDGabriel/research/engines/gameplay/external-deps/include/LinearMath/btTransformUtil.h,1,0,1
/media/ullmann/HDDGabriel/research/engines/gameplay/gameplay-deps/bullet-2.82-r2704/src/BulletCollision/NarrowPhaseCollision/btConvexPenetrationDepthSolver.h,1,2,3
/media/ullmann/HDDGabriel/research/engines/gameplay/gameplay/src/PlatformWindows.cpp,7,0,7
/media/ullmann/HDDGabriel/research/engines/gameplay/gameplay-deps/libjson-7.6.1/_internal/Source/JSONDefs/Strings_Defs.h,1,1,2
/media/ullmann/HDDGabriel/research/engines/gameplay/gameplay-deps/bullet-2.82-r2704/src/BulletCollision/Gimpact/gim_array.h,1,3,4
/media/ullmann/HDDGabriel/research/engines/gameplay/gameplay-deps/freetype-2.4.5/src/truetype/ttdriver.h,0,1,1
/media/ullmann/HDDGabriel/research/engines/gameplay/external-deps/include/BulletCollision/Gimpact/gim_contact.h,3,0,3
/media/ullmann/HDDGabriel/research/engines/gameplay/gameplay-deps/openal-1.16.0/OpenAL32/Include/alEffect.h,1,1,2
/media/ullmann/HDDGabriel/research/engines/gameplay/gameplay-deps/curl-7.39.0/tests/libtest/lib504.c,2,0,2
/media/ullmann/HDDGabriel/research/engines/gameplay/samples/browser/src/MeshBatchSample.cpp,2,0,2
/media/ullmann/HDDGabriel/research/engines/gameplay/samples/browser/src/MeshBatchSample.h,1,1,2
/media/ullmann/HDDGabriel/research/engines/gameplay/external-deps/include/BulletCollision/Gimpact/gim_radixsort.h,1,3,4
/media/ullmann/HDDGabriel/research/engines/gameplay/external-deps/include/BulletCollision/CollisionShapes/btConvexTriangleMeshShape.h,1,1,2
/media/ullmann/HDDGabriel/research/engines/gameplay/gameplay-deps/freetype-2.4.5/src/sfnt/sfdriver.h,0,1,1
/media/ullmann/HDDGabriel/research/engines/gameplay/gameplay-deps/theora-1.1.1/lib/apiwrapper.h,1,4,5
/media/ullmann/HDDGabriel/research/engines/gameplay/gameplay-deps/bullet-2.82-r2704/src/BulletSoftBody/btDefaultSoftBodySolver.h,1,2,3
/media/ullmann/HDDGabriel/research/engines/gameplay/gameplay-deps/bullet-2.82-r2704/src/BulletSoftBody/btSoftBodySolverVertexBuffer.h,0,1,1
/media/ullmann/HDDGabriel/research/engines/gameplay/gameplay-deps/bullet-2.82-r2704/src/BulletMultiThreaded/GpuSoftBodySolvers/OpenCL/btSoftBodySolverTriangleData_OpenCL.h,1,2,3
/media/ullmann/HDDGabriel/research/engines/gameplay/external-deps/include/BulletCollision/CollisionDispatch/btBoxBoxCollisionAlgorithm.h,1,0,1
/media/ullmann/HDDGabriel/research/engines/gameplay/gameplay-deps/openal-1.16.0/include/atomic.h,2,1,3
/media/ullmann/HDDGabriel/research/engines/gameplay/tools/encoder/src/FBXUtil.cpp,4,0,4
/media/ullmann/HDDGabriel/research/engines/gameplay/tools/encoder/src/Mesh.cpp,3,0,3
/media/ullmann/HDDGabriel/research/engines/gameplay/gameplay-deps/freetype-2.4.5/src/cff/cffpic.h,1,4,5
/media/ullmann/HDDGabriel/research/engines/gameplay/gameplay-deps/bullet-2.82-r2704/src/BulletDynamics/Featherstone/btMultiBodyJointLimitConstraint.cpp,3,0,3
/media/ullmann/HDDGabriel/research/engines/gameplay/gameplay-deps/bullet-2.82-r2704/src/BulletDynamics/Featherstone/btMultiBodyJointLimitConstraint.h,1,1,2
/media/ullmann/HDDGabriel/research/engines/gameplay/gameplay-deps/bullet-2.82-r2704/Demos/Gpu2dDemo/btGpuDemoDynamicsWorld.cpp,3,0,3
/media/ullmann/HDDGabriel/research/engines/gameplay/gameplay-deps/zlib-1.2.8/contrib/iostream/test.cpp,1,0,1
/media/ullmann/HDDGabriel/research/engines/gameplay/gameplay-deps/zlib-1.2.8/contrib/iostream/zfstream.h,0,2,2
/media/ullmann/HDDGabriel/research/engines/gameplay/external-deps/include/BulletCollision/CollisionShapes/btTriangleBuffer.h,1,0,1
/media/ullmann/HDDGabriel/research/engines/gameplay/gameplay-deps/bullet-2.82-r2704/src/BulletMultiThreaded/GpuSoftBodySolvers/DX11/HLSL/Integrate.hlsl,0,2,2
/media/ullmann/HDDGabriel/research/engines/gameplay/gameplay-deps/bullet-2.82-r2704/Test/Source/Tests/Test_v3lerp.cpp,1,0,1
/media/ullmann/HDDGabriel/research/engines/gameplay/gameplay-deps/bullet-2.82-r2704/Test/Source/Tests/Test_v3lerp.h,0,1,1
/media/ullmann/HDDGabriel/research/engines/gameplay/tools/encoder/src/VertexElement.cpp,2,0,2
/media/ullmann/HDDGabriel/research/engines/gameplay/tools/encoder/src/VertexElement.h,1,2,3
/media/ullmann/HDDGabriel/research/engines/gameplay/gameplay-deps/theora-1.1.1/include/theora/theoraenc.h,1,0,1
/media/ullmann/HDDGabriel/research/engines/gameplay/gameplay-deps/theora-1.1.1/include/theora/codec.h,0,2,2
/media/ullmann/HDDGabriel/research/engines/gameplay/gameplay/src/Layout.cpp,5,0,5
/media/ullmann/HDDGabriel/research/engines/gameplay/samples/browser/src/Sample.cpp,2,0,2
/media/ullmann/HDDGabriel/research/engines/gameplay/gameplay/src/Vector3.inl,0,1,1
/media/ullmann/HDDGabriel/research/engines/gameplay/gameplay-deps/bullet-2.82-r2704/src/BulletDynamics/Featherstone/btMultiBodyDynamicsWorld.h,0,1,1
/media/ullmann/HDDGabriel/research/engines/gameplay/gameplay/src/lua/lua_VertexFormat.cpp,1,0,1
/media/ullmann/HDDGabriel/research/engines/gameplay/gameplay-deps/bullet-2.82-r2704/Extras/ConvexDecomposition/cd_hull.h,0,5,5
/media/ullmann/HDDGabriel/research/engines/gameplay/gameplay-deps/bullet-2.82-r2704/Extras/glui/glui_spinner.cpp,1,0,1
/media/ullmann/HDDGabriel/research/engines/gameplay/external-deps/include/BulletCollision/CollisionShapes/btTriangleIndexVertexArray.h,1,3,4
/media/ullmann/HDDGabriel/research/engines/gameplay/gameplay-deps/bullet-2.82-r2704/Demos/MultiMaterialDemo/MultiMaterialDemo.cpp,1,0,1
/media/ullmann/HDDGabriel/research/engines/gameplay/gameplay-deps/bullet-2.82-r2704/Demos/MultiMaterialDemo/MultiMaterialDemo.h,0,2,2
/media/ullmann/HDDGabriel/research/engines/gameplay/gameplay/src/AIController.cpp,3,0,3
/media/ullmann/HDDGabriel/research/engines/gameplay/gameplay-deps/curl-7.39.0/lib/netrc.h,0,3,3
/media/ullmann/HDDGabriel/research/engines/gameplay/gameplay-deps/bullet-2.82-r2704/src/LinearMath/btQuaternion.h,2,2,4
/media/ullmann/HDDGabriel/research/engines/gameplay/gameplay-deps/bullet-2.82-r2704/src/BulletDynamics/MLCPSolvers/btSolveProjectedGaussSeidel.h,1,1,2
/media/ullmann/HDDGabriel/research/engines/gameplay/gameplay-deps/freetype-2.4.5/src/gzip/zutil.c,1,1,2
/media/ullmann/HDDGabriel/research/engines/gameplay/tools/luagen/src/FunctionBinding.cpp,2,0,2
/media/ullmann/HDDGabriel/research/engines/gameplay/gameplay-deps/bullet-2.82-r2704/Extras/CDTestFramework/AntTweakBar/src/LoadOGL.h,0,2,2
/media/ullmann/HDDGabriel/research/engines/gameplay/gameplay-deps/curl-7.39.0/tests/libtest/lib1528.c,1,0,1
/media/ullmann/HDDGabriel/research/engines/gameplay/gameplay-deps/bullet-2.82-r2704/Extras/Serialize/BlenderSerialize/bMain.cpp,2,0,2
/media/ullmann/HDDGabriel/research/engines/gameplay/gameplay-deps/bullet-2.82-r2704/Extras/Serialize/BlenderSerialize/bMain.h,0,2,2
/media/ullmann/HDDGabriel/research/engines/gameplay/gameplay-deps/bullet-2.82-r2704/src/BulletDynamics/Vehicle/btRaycastVehicle.cpp,3,0,3
/media/ullmann/HDDGabriel/research/engines/gameplay/gameplay-deps/bullet-2.82-r2704/Test/Source/btIntDefines.h,0,1,1
/media/ullmann/HDDGabriel/research/engines/gameplay/gameplay-deps/bullet-2.82-r2704/src/vectormath/scalar/quat_aos.h,0,1,1
/media/ullmann/HDDGabriel/research/engines/gameplay/gameplay-deps/bullet-2.82-r2704/src/LinearMath/btIDebugDraw.h,2,1,3
/media/ullmann/HDDGabriel/research/engines/gameplay/gameplay-deps/freetype-2.4.5/src/otvalid/otvgpos.h,0,3,3
/media/ullmann/HDDGabriel/research/engines/gameplay/gameplay-deps/bullet-2.82-r2704/Extras/CDTestFramework/GLFontRenderer.cpp,3,0,3
/media/ullmann/HDDGabriel/research/engines/gameplay/gameplay-deps/bullet-2.82-r2704/Extras/CDTestFramework/GLFontData.h,0,1,1
/media/ullmann/HDDGabriel/research/engines/gameplay/gameplay/src/AIMessage.cpp,2,0,2
/media/ullmann/HDDGabriel/research/engines/gameplay/gameplay/src/AIMessage.h,0,4,4
/media/ullmann/HDDGabriel/research/engines/gameplay/gameplay-deps/theora-1.1.1/win32/experimental/transcoder/avi2vp3/avilib.c,1,0,1
/media/ullmann/HDDGabriel/research/engines/gameplay/gameplay-deps/png-1.6.15/pngwtran.c,1,0,1
/media/ullmann/HDDGabriel/research/engines/gameplay/gameplay-deps/bullet-2.82-r2704/src/BulletCollision/NarrowPhaseCollision/btGjkConvexCast.h,2,1,3
/media/ullmann/HDDGabriel/research/engines/gameplay/gameplay-deps/bullet-2.82-r2704/Extras/CDTestFramework/AntTweakBar/src/TwDirect3D10.h,1,2,3
/media/ullmann/HDDGabriel/research/engines/gameplay/gameplay-deps/theora-1.1.1/win32/experimental/wincompat/getopt_long.c,1,0,1
/media/ullmann/HDDGabriel/research/engines/gameplay/gameplay-deps/theora-1.1.1/win32/experimental/wincompat/getopt.h,1,1,2
/media/ullmann/HDDGabriel/research/engines/gameplay/gameplay/src/VertexFormat.h,0,4,4
/media/ullmann/HDDGabriel/research/engines/gameplay/external-deps/include/lua/lua.hpp,3,0,3
/media/ullmann/HDDGabriel/research/engines/gameplay/external-deps/include/lua/lauxlib.h,1,1,2
/media/ullmann/HDDGabriel/research/engines/gameplay/gameplay-deps/theora-1.1.1/lib/x86_vc/mmxfdct.c,1,0,1
/media/ullmann/HDDGabriel/research/engines/gameplay/gameplay-deps/bullet-2.82-r2704/src/BulletDynamics/Featherstone/btMultiBodyJointMotor.h,1,1,2
/media/ullmann/HDDGabriel/research/engines/gameplay/gameplay-deps/curl-7.39.0/src/tool_homedir.h,1,4,5
/media/ullmann/HDDGabriel/research/engines/gameplay/gameplay-deps/curl-7.39.0/lib/x509asn1.h,2,1,3
/media/ullmann/HDDGabriel/research/engines/gameplay/gameplay-deps/bullet-2.82-r2704/src/LinearMath/btQuadWord.h,2,1,3
/media/ullmann/HDDGabriel/research/engines/gameplay/gameplay-deps/curl-7.39.0/lib/ftplistparser.h,1,2,3
/media/ullmann/HDDGabriel/research/engines/gameplay/external-deps/include/vectormath/scalar/vectormath_aos.h,3,0,3
/media/ullmann/HDDGabriel/research/engines/gameplay/external-deps/include/vectormath/scalar/mat_aos.h,0,1,1
/media/ullmann/HDDGabriel/research/engines/gameplay/gameplay-deps/bullet-2.82-r2704/src/BulletMultiThreaded/GpuSoftBodySolvers/DX11/HLSL/VSolveLinks.hlsl,0,2,2
/media/ullmann/HDDGabriel/research/engines/gameplay/gameplay/src/ScreenDisplayer.cpp,2,0,2
/media/ullmann/HDDGabriel/research/engines/gameplay/gameplay/src/Technique.cpp,4,0,4
/media/ullmann/HDDGabriel/research/engines/gameplay/gameplay/src/SpriteBatch.cpp,4,0,4
/media/ullmann/HDDGabriel/research/engines/gameplay/gameplay/src/FlowLayout.h,1,4,5
/media/ullmann/HDDGabriel/research/engines/gameplay/external-deps/include/vectormath/scalar/vec_aos.h,0,1,1
/media/ullmann/HDDGabriel/research/engines/gameplay/tools/encoder/src/Curve.cpp,2,0,2
/media/ullmann/HDDGabriel/research/engines/gameplay/gameplay-deps/png-1.6.15/contrib/gregbook/rpng2-win.c,1,0,1
/media/ullmann/HDDGabriel/research/engines/gameplay/gameplay-deps/bullet-2.82-r2704/Demos/CollisionInterfaceDemo/Win32CollisionInterfaceDemo.cpp,1,0,1
/media/ullmann/HDDGabriel/research/engines/gameplay/samples/browser/src/SceneCreateSample.h,1,1,2
/media/ullmann/HDDGabriel/research/engines/gameplay/gameplay-deps/bullet-2.82-r2704/src/BulletDynamics/ConstraintSolver/btGeneric6DofConstraint.cpp,1,0,1
/media/ullmann/HDDGabriel/research/engines/gameplay/tools/encoder/src/MeshPart.h,3,3,6
/media/ullmann/HDDGabriel/research/engines/gameplay/gameplay/src/lua/lua_Camera.cpp,1,0,1
/media/ullmann/HDDGabriel/research/engines/gameplay/gameplay/src/lua/lua_Camera.h,0,2,2
/media/ullmann/HDDGabriel/research/engines/gameplay/gameplay-deps/bullet-2.82-r2704/src/BulletCollision/NarrowPhaseCollision/btMinkowskiPenetrationDepthSolver.h,1,1,2
/media/ullmann/HDDGabriel/research/engines/gameplay/gameplay-deps/libjson-7.6.1/_internal/TestSuite/TestChildren.cpp,2,0,2
/media/ullmann/HDDGabriel/research/engines/gameplay/gameplay/src/PhysicsSocketConstraint.cpp,3,0,3
/media/ullmann/HDDGabriel/research/engines/gameplay/gameplay-deps/bullet-2.82-r2704/src/LinearMath/btConvexHullComputer.cpp,4,0,4
/media/ullmann/HDDGabriel/research/engines/gameplay/gameplay-deps/openal-1.16.0/examples/alreverb.c,2,0,2
/media/ullmann/HDDGabriel/research/engines/gameplay/external-deps/include/BulletCollision/CollisionShapes/btOptimizedBvh.h,0,1,1
/media/ullmann/HDDGabriel/research/engines/gameplay/gameplay/src/lua/lua_PhysicsVehicleWheel.cpp,1,0,1
/media/ullmann/HDDGabriel/research/engines/gameplay/gameplay/src/lua/lua_PhysicsVehicleWheel.h,0,2,2
/media/ullmann/HDDGabriel/research/engines/gameplay/gameplay-deps/bullet-2.82-r2704/Extras/CDTestFramework/RenderingHelpers.cpp,2,0,2
/media/ullmann/HDDGabriel/research/engines/gameplay/gameplay-deps/zlib-1.2.8/examples/gzlog.c,1,0,1
/media/ullmann/HDDGabriel/research/engines/gameplay/gameplay-deps/zlib-1.2.8/examples/gzlog.h,0,1,1
/media/ullmann/HDDGabriel/research/engines/gameplay/external-deps/include/zlib.h,1,0,1
/media/ullmann/HDDGabriel/research/engines/gameplay/external-deps/include/zconf.h,0,1,1
/media/ullmann/HDDGabriel/research/engines/gameplay/gameplay/src/lua/lua_AnimationValue.cpp,1,0,1
/media/ullmann/HDDGabriel/research/engines/gameplay/gameplay/src/lua/lua_AnimationValue.h,0,2,2
/media/ullmann/HDDGabriel/research/engines/gameplay/gameplay-deps/bullet-2.82-r2704/UnitTests/cppunit/src/cppunit/ProtectorChain.h,0,2,2
/media/ullmann/HDDGabriel/research/engines/gameplay/gameplay/src/lua/lua_RadioButton.h,0,2,2
/media/ullmann/HDDGabriel/research/engines/gameplay/gameplay-deps/curl-7.39.0/src/tool_setopt.h,1,2,3
/media/ullmann/HDDGabriel/research/engines/gameplay/gameplay/src/lua/lua_BoundingBox.h,0,2,2
/media/ullmann/HDDGabriel/research/engines/gameplay/gameplay-deps/curl-7.39.0/tests/unit/unit1304.c,1,0,1
/media/ullmann/HDDGabriel/research/engines/gameplay/gameplay-deps/theora-1.1.1/lib/encoder_disabled.c,2,0,2
/media/ullmann/HDDGabriel/research/engines/gameplay/gameplay-deps/curl-7.39.0/lib/amigaos.c,2,0,2
/media/ullmann/HDDGabriel/research/engines/gameplay/gameplay-deps/bullet-2.82-r2704/src/BulletDynamics/Dynamics/btRigidBody.cpp,1,0,1
/media/ullmann/HDDGabriel/research/engines/gameplay/gameplay-deps/bullet-2.82-r2704/src/BulletDynamics/Dynamics/btRigidBody.h,0,3,3
/media/ullmann/HDDGabriel/research/engines/gameplay/gameplay-deps/bullet-2.82-r2704/Demos/BulletXmlImportDemo/BulletXmlImportDemo.cpp,1,0,1
/media/ullmann/HDDGabriel/research/engines/gameplay/gameplay-deps/libjson-7.6.1/_internal/TestSuite/TestAssign.cpp,2,0,2
/media/ullmann/HDDGabriel/research/engines/gameplay/gameplay-deps/bullet-2.82-r2704/Extras/Serialize/BlenderSerialize/bBlenderFile.cpp,2,0,2
/media/ullmann/HDDGabriel/research/engines/gameplay/gameplay-deps/bullet-2.82-r2704/Extras/Serialize/BlenderSerialize/bBlenderFile.h,0,2,2
/media/ullmann/HDDGabriel/research/engines/gameplay/gameplay-deps/curl-7.39.0/lib/base64.c,7,0,7
/media/ullmann/HDDGabriel/research/engines/gameplay/tools/encoder/src/Effect.h,1,1,2
/media/ullmann/HDDGabriel/research/engines/gameplay/gameplay-deps/curl-7.39.0/tests/libtest/lib579.c,1,0,1
/media/ullmann/HDDGabriel/research/engines/gameplay/gameplay-deps/bullet-2.82-r2704/src/BulletCollision/NarrowPhaseCollision/btContinuousConvexCollision.cpp,3,0,3
/media/ullmann/HDDGabriel/research/engines/gameplay/gameplay-deps/bullet-2.82-r2704/src/BulletCollision/NarrowPhaseCollision/btContinuousConvexCollision.h,2,1,3
/media/ullmann/HDDGabriel/research/engines/gameplay/gameplay-deps/bullet-2.82-r2704/src/BulletMultiThreaded/PpuAddressSpace.h,0,2,2
/media/ullmann/HDDGabriel/research/engines/gameplay/gameplay-deps/bullet-2.82-r2704/src/BulletDynamics/MLCPSolvers/btPATHSolver.h,1,0,1
/media/ullmann/HDDGabriel/research/engines/gameplay/gameplay-deps/libjson-7.6.1/_internal/TestSuite/TestBinary.cpp,2,0,2
/media/ullmann/HDDGabriel/research/engines/gameplay/gameplay-deps/freetype-2.4.5/src/base/ftpic.c,1,1,2
/media/ullmann/HDDGabriel/research/engines/gameplay/gameplay-deps/png-1.6.15/arm/filter_neon_intrinsics.c,1,0,1
/media/ullmann/HDDGabriel/research/engines/gameplay/gameplay-deps/curl-7.39.0/lib/splay.h,1,2,3
/media/ullmann/HDDGabriel/research/engines/gameplay/gameplay-deps/bullet-2.82-r2704/src/BulletCollision/CollisionShapes/btScaledBvhTriangleMeshShape.cpp,1,0,1
/media/ullmann/HDDGabriel/research/engines/gameplay/gameplay-deps/bullet-2.82-r2704/src/BulletCollision/CollisionShapes/btScaledBvhTriangleMeshShape.h,0,2,2
/media/ullmann/HDDGabriel/research/engines/gameplay/gameplay-deps/libjson-7.6.1/_internal/TestSuite2/JSONValidator/isValidNumber.h,1,2,3
/media/ullmann/HDDGabriel/research/engines/gameplay/gameplay-deps/vorbis-1.3.4/lib/lsp.h,0,4,4
/media/ullmann/HDDGabriel/research/engines/gameplay/gameplay-deps/freetype-2.4.5/src/autofit/afpic.c,6,1,7
/media/ullmann/HDDGabriel/research/engines/gameplay/gameplay-deps/theora-1.1.1/lib/analyze.c,2,0,2
/media/ullmann/HDDGabriel/research/engines/gameplay/gameplay/src/lua/lua_Image.cpp,1,0,1
/media/ullmann/HDDGabriel/research/engines/gameplay/gameplay/src/lua/lua_Image.h,0,2,2
/media/ullmann/HDDGabriel/research/engines/gameplay/gameplay-deps/curl-7.39.0/lib/config-win32.h,0,1,1
/media/ullmann/HDDGabriel/research/engines/gameplay/gameplay-deps/bullet-2.82-r2704/Extras/glui/glui_textbox.cpp,1,0,1
/media/ullmann/HDDGabriel/research/engines/gameplay/gameplay-deps/png-1.6.15/contrib/libtests/timepng.c,1,0,1
/media/ullmann/HDDGabriel/research/engines/gameplay/gameplay-deps/bullet-2.82-r2704/Extras/ConvexDecomposition/planetri.cpp,2,0,2
/media/ullmann/HDDGabriel/research/engines/gameplay/external-deps/include/LinearMath/btConvexHull.h,2,0,2
/media/ullmann/HDDGabriel/research/engines/gameplay/gameplay-deps/bullet-2.82-r2704/Extras/glui/glui_edittext.cpp,1,0,1
/media/ullmann/HDDGabriel/research/engines/gameplay/gameplay-deps/vorbis-1.3.4/test/util.c,1,0,1
/media/ullmann/HDDGabriel/research/engines/gameplay/gameplay-deps/vorbis-1.3.4/test/util.h,0,2,2
/media/ullmann/HDDGabriel/research/engines/gameplay/tools/luagen/src/ClassBinding.cpp,2,0,2
/media/ullmann/HDDGabriel/research/engines/gameplay/gameplay/src/lua/lua_PhysicsRigidBodyParameters.cpp,1,0,1
/media/ullmann/HDDGabriel/research/engines/gameplay/gameplay-deps/bullet-2.82-r2704/Demos/SoftDemo/main.cpp,1,0,1
/media/ullmann/HDDGabriel/research/engines/gameplay/gameplay/src/lua/lua_ThemeSideRegions.cpp,1,0,1
/media/ullmann/HDDGabriel/research/engines/gameplay/gameplay-deps/openal-1.16.0/utils/alsoft-config/mainwindow.cpp,1,0,1
/media/ullmann/HDDGabriel/research/engines/gameplay/gameplay-deps/openal-1.16.0/utils/alsoft-config/mainwindow.h,0,2,2
/media/ullmann/HDDGabriel/research/engines/gameplay/gameplay-deps/freetype-2.4.5/src/pshinter/pshinter.c,5,0,5
/media/ullmann/HDDGabriel/research/engines/gameplay/samples/browser/src/MeshPrimitiveSample.cpp,2,0,2
/media/ullmann/HDDGabriel/research/engines/gameplay/tools/encoder/src/MeshPart.cpp,2,0,2
/media/ullmann/HDDGabriel/research/engines/gameplay/external-deps/include/json/_internal/Source/JSONStats.h,1,2,3
/media/ullmann/HDDGabriel/research/engines/gameplay/gameplay-deps/curl-7.39.0/lib/vtls/curl_darwinssl.h,0,2,2
/media/ullmann/HDDGabriel/research/engines/gameplay/gameplay-deps/bullet-2.82-r2704/Demos/NativeClient/transforms.h,0,2,2
/media/ullmann/HDDGabriel/research/engines/gameplay/gameplay-deps/curl-7.39.0/tests/libtest/lib571.c,1,0,1
/media/ullmann/HDDGabriel/research/engines/gameplay/gameplay-deps/bullet-2.82-r2704/Demos/DX11ClothDemo/DXUT/Core/DXUT.cpp,1,0,1
/media/ullmann/HDDGabriel/research/engines/gameplay/gameplay-deps/vorbis-1.3.4/lib/modes/psych_8.h,0,1,1
/media/ullmann/HDDGabriel/research/engines/gameplay/samples/browser/src/Grid.cpp,1,0,1
/media/ullmann/HDDGabriel/research/engines/gameplay/samples/browser/src/Grid.h,0,3,3
/media/ullmann/HDDGabriel/research/engines/gameplay/gameplay/src/FlowLayout.cpp,4,0,4
/media/ullmann/HDDGabriel/research/engines/gameplay/gameplay-deps/curl-7.39.0/src/tool_xattr.h,1,2,3
/media/ullmann/HDDGabriel/research/engines/gameplay/gameplay-deps/vorbis-1.3.4/test/test.c,2,0,2
/media/ullmann/HDDGabriel/research/engines/gameplay/gameplay-deps/vorbis-1.3.4/test/write_read.h,0,2,2
/media/ullmann/HDDGabriel/research/engines/gameplay/gameplay-deps/libjson-7.6.1/_internal/Source/JSONDefs/GNU_C.h,0,2,2
/media/ullmann/HDDGabriel/research/engines/gameplay/gameplay-deps/bullet-2.82-r2704/src/BulletCollision/CollisionShapes/btTriangleMesh.h,1,2,3
/media/ullmann/HDDGabriel/research/engines/gameplay/gameplay-deps/openal-1.16.0/Alc/hrtf.c,1,0,1
/media/ullmann/HDDGabriel/research/engines/gameplay/gameplay-deps/bullet-2.82-r2704/src/BulletDynamics/ConstraintSolver/btSolve2LinearConstraint.cpp,2,0,2
/media/ullmann/HDDGabriel/research/engines/gameplay/gameplay-deps/bullet-2.82-r2704/Demos/OpenGL/GLDebugFont.cpp,1,0,1
/media/ullmann/HDDGabriel/research/engines/gameplay/gameplay-deps/zlib-1.2.8/gzread.c,1,0,1
/media/ullmann/HDDGabriel/research/engines/gameplay/gameplay-deps/freetype-2.4.5/src/psnames/psmodule.h,0,1,1
/media/ullmann/HDDGabriel/research/engines/gameplay/gameplay-deps/curl-7.39.0/lib/config-symbian.h,0,1,1
/media/ullmann/HDDGabriel/research/engines/gameplay/gameplay-deps/bullet-2.82-r2704/src/BulletCollision/NarrowPhaseCollision/btGjkPairDetector.cpp,1,0,1
/media/ullmann/HDDGabriel/research/engines/gameplay/gameplay/src/Camera.cpp,5,0,5
/media/ullmann/HDDGabriel/research/engines/gameplay/gameplay-deps/zlib-1.2.8/contrib/puff/puff.c,1,0,1
/media/ullmann/HDDGabriel/research/engines/gameplay/gameplay-deps/zlib-1.2.8/contrib/puff/puff.h,0,2,2
/media/ullmann/HDDGabriel/research/engines/gameplay/gameplay/src/TimeListener.h,0,2,2
/media/ullmann/HDDGabriel/research/engines/gameplay/gameplay-deps/bullet-2.82-r2704/Demos/CollisionDemo/CollisionDemo.cpp,2,0,2
/media/ullmann/HDDGabriel/research/engines/gameplay/gameplay-deps/bullet-2.82-r2704/Demos/CollisionDemo/CollisionDemo.h,0,1,1
/media/ullmann/HDDGabriel/research/engines/gameplay/gameplay-deps/curl-7.39.0/tests/libtest/lib567.c,1,0,1
/media/ullmann/HDDGabriel/research/engines/gameplay/gameplay-deps/bullet-2.82-r2704/Extras/glui/glui_radio.cpp,1,0,1
/media/ullmann/HDDGabriel/research/engines/gameplay/gameplay/src/lua/lua_TerrainPatch.h,0,2,2
/media/ullmann/HDDGabriel/research/engines/gameplay/gameplay/src/lua/lua_TerrainPatch.cpp,1,0,1
/media/ullmann/HDDGabriel/research/engines/gameplay/gameplay-deps/libjson-7.6.1/_internal/TestSuite/TestSuite.cpp,2,0,2
/media/ullmann/HDDGabriel/research/engines/gameplay/gameplay-deps/libjson-7.6.1/_internal/TestSuite/TestIterators.cpp,1,0,1
/media/ullmann/HDDGabriel/research/engines/gameplay/gameplay-deps/freetype-2.4.5/src/psaux/psconv.c,2,1,3
/media/ullmann/HDDGabriel/research/engines/gameplay/gameplay-deps/openal-1.16.0/Alc/mixer_sse.c,2,0,2
/media/ullmann/HDDGabriel/research/engines/gameplay/gameplay-deps/bullet-2.82-r2704/src/BulletMultiThreaded/SpuContactManifoldCollisionAlgorithm.h,0,3,3
/media/ullmann/HDDGabriel/research/engines/gameplay/gameplay-deps/bullet-2.82-r2704/UnitTests/BulletUnitTests/TestCholeskyDecomposition.h,0,2,2
/media/ullmann/HDDGabriel/research/engines/gameplay/gameplay-deps/curl-7.39.0/tests/libtest/lib598.c,1,0,1
/media/ullmann/HDDGabriel/research/engines/gameplay/gameplay-deps/freetype-2.4.5/src/raster/rasterrs.h,0,2,2
/media/ullmann/HDDGabriel/research/engines/gameplay/gameplay-deps/theora-1.1.1/win32/getopt1.c,1,0,1
/media/ullmann/HDDGabriel/research/engines/gameplay/gameplay-deps/theora-1.1.1/win32/getopt_win.h,0,2,2
/media/ullmann/HDDGabriel/research/engines/gameplay/gameplay-deps/vorbis-1.3.4/lib/modes/setup_32.h,0,1,1
/media/ullmann/HDDGabriel/research/engines/gameplay/gameplay-deps/freetype-2.4.5/src/gxvalid/gxvmort4.c,1,1,2
/media/ullmann/HDDGabriel/research/engines/gameplay/gameplay-deps/freetype-2.4.5/src/cff/cffdrivr.h,0,1,1
/media/ullmann/HDDGabriel/research/engines/gameplay/gameplay-deps/bullet-2.82-r2704/Glut/btGlutInclude.h,1,0,1
/media/ullmann/HDDGabriel/research/engines/gameplay/gameplay-deps/bullet-2.82-r2704/Glut/GL/glut.h,0,1,1
/media/ullmann/HDDGabriel/research/engines/gameplay/gameplay-deps/curl-7.39.0/tests/libtest/lib576.c,2,0,2
/media/ullmann/HDDGabriel/research/engines/gameplay/gameplay-deps/bullet-2.82-r2704/Test/Source/Tests/Test_qtmul.cpp,1,0,1
/media/ullmann/HDDGabriel/research/engines/gameplay/gameplay-deps/bullet-2.82-r2704/Test/Source/Tests/Test_qtmul.h,0,1,1
/media/ullmann/HDDGabriel/research/engines/gameplay/gameplay-deps/theora-1.1.1/lib/x86/mmxencfrag.c,1,0,1
/media/ullmann/HDDGabriel/research/engines/gameplay/gameplay-deps/freetype-2.4.5/src/gxvalid/gxvmort1.c,1,1,2
/media/ullmann/HDDGabriel/research/engines/gameplay/gameplay-deps/bullet-2.82-r2704/Demos/DX11ClothDemo/resource.h,0,1,1
/media/ullmann/HDDGabriel/research/engines/gameplay/gameplay-deps/bullet-2.82-r2704/src/BulletCollision/CollisionShapes/btSphereShape.cpp,1,0,1
/media/ullmann/HDDGabriel/research/engines/gameplay/tools/luagen/src/DebugNew.cpp,1,0,1
/media/ullmann/HDDGabriel/research/engines/gameplay/external-deps/include/vectormath/scalar/quat_aos.h,0,1,1
/media/ullmann/HDDGabriel/research/engines/gameplay/gameplay/src/lua/lua_PhysicsHingeConstraint.cpp,1,0,1
/media/ullmann/HDDGabriel/research/engines/gameplay/gameplay/src/lua/lua_PhysicsHingeConstraint.h,0,2,2
/media/ullmann/HDDGabriel/research/engines/gameplay/gameplay-deps/bullet-2.82-r2704/Extras/CDTestFramework/AntTweakBar/src/AntPerfTimer.h,0,1,1
/media/ullmann/HDDGabriel/research/engines/gameplay/gameplay-deps/bullet-2.82-r2704/Demos/Gpu3dDemo/BasicDemo3d.cpp,2,0,2
/media/ullmann/HDDGabriel/research/engines/gameplay/samples/browser/src/SpriteSample.cpp,2,0,2
/media/ullmann/HDDGabriel/research/engines/gameplay/gameplay-deps/curl-7.39.0/lib/asyn.h,2,1,3
/media/ullmann/HDDGabriel/research/engines/gameplay/gameplay-deps/curl-7.39.0/lib/curl_addrinfo.h,1,3,4
/media/ullmann/HDDGabriel/research/engines/gameplay/gameplay/src/lua/lua_AudioController.h,0,2,2
/media/ullmann/HDDGabriel/research/engines/gameplay/external-deps/include/BulletCollision/CollisionShapes/btTriangleMesh.h,1,1,2
/media/ullmann/HDDGabriel/research/engines/gameplay/gameplay-deps/freetype-2.4.5/src/psaux/t1decode.h,0,2,2
/media/ullmann/HDDGabriel/research/engines/gameplay/gameplay-deps/vorbis-1.3.4/lib/smallft.c,3,0,3
/media/ullmann/HDDGabriel/research/engines/gameplay/gameplay-deps/curl-7.39.0/include/curl/curlbuild.h,0,1,1
/media/ullmann/HDDGabriel/research/engines/gameplay/gameplay/src/lua/lua_Scene.cpp,1,0,1
/media/ullmann/HDDGabriel/research/engines/gameplay/gameplay/src/lua/lua_Scene.h,0,2,2
/media/ullmann/HDDGabriel/research/engines/gameplay/gameplay-deps/bullet-2.82-r2704/src/BulletCollision/Gimpact/gim_memory.h,1,3,4
/media/ullmann/HDDGabriel/research/engines/gameplay/gameplay-deps/openal-1.16.0/Alc/vector.h,0,2,2
/media/ullmann/HDDGabriel/research/engines/gameplay/gameplay-deps/bullet-2.82-r2704/src/BulletCollision/BroadphaseCollision/btMultiSapBroadphase.cpp,3,0,3
/media/ullmann/HDDGabriel/research/engines/gameplay/gameplay-deps/vorbis-1.3.4/lib/masking.h,0,2,2
/media/ullmann/HDDGabriel/research/engines/gameplay/gameplay-deps/lua-5.2.3/src/lua.c,3,0,3
/media/ullmann/HDDGabriel/research/engines/gameplay/gameplay-deps/bullet-2.82-r2704/src/BulletCollision/CollisionDispatch/btBoxBoxDetector.cpp,1,0,1
/media/ullmann/HDDGabriel/research/engines/gameplay/gameplay-deps/bullet-2.82-r2704/Demos/DX11ClothDemo/DXUT/Optional/DXUTguiIME.cpp,3,0,3
/media/ullmann/HDDGabriel/research/engines/gameplay/gameplay-deps/libjson-7.6.1/_internal/TestSuite/TestMutex.cpp,2,0,2
/media/ullmann/HDDGabriel/research/engines/gameplay/gameplay-deps/freetype-2.4.5/src/psnames/psnames.c,2,0,2
/media/ullmann/HDDGabriel/research/engines/gameplay/gameplay-deps/bullet-2.82-r2704/src/BulletMultiThreaded/GpuSoftBodySolvers/DX11/HLSL/UpdateConstants.hlsl,0,2,2
/media/ullmann/HDDGabriel/research/engines/gameplay/gameplay/src/PhysicsSpringConstraint.cpp,4,0,4
/media/ullmann/HDDGabriel/research/engines/gameplay/tools/encoder/src/ReferenceTable.cpp,2,0,2
/media/ullmann/HDDGabriel/research/engines/gameplay/gameplay-deps/libjson-7.6.1/_internal/Source/JSONPreparse.h,2,1,3
/media/ullmann/HDDGabriel/research/engines/gameplay/gameplay-deps/curl-7.39.0/tests/libtest/lib1900.c,2,0,2
/media/ullmann/HDDGabriel/research/engines/gameplay/gameplay-deps/curl-7.39.0/src/tool_sleep.c,2,0,2
/media/ullmann/HDDGabriel/research/engines/gameplay/gameplay-deps/freetype-2.4.5/src/sfnt/ttcmap.h,0,4,4
/media/ullmann/HDDGabriel/research/engines/gameplay/gameplay-deps/curl-7.39.0/tests/libtest/lib502.c,2,0,2
/media/ullmann/HDDGabriel/research/engines/gameplay/gameplay-deps/curl-7.39.0/src/tool_mfiles.h,1,2,3
/media/ullmann/HDDGabriel/research/engines/gameplay/tools/encoder/src/Image.h,0,3,3
/media/ullmann/HDDGabriel/research/engines/gameplay/gameplay-deps/bullet-2.82-r2704/Extras/Serialize/BulletXmlWorldImporter/string_split.cpp,1,0,1
/media/ullmann/HDDGabriel/research/engines/gameplay/gameplay-deps/bullet-2.82-r2704/Extras/Serialize/BulletXmlWorldImporter/string_split.h,0,2,2
/media/ullmann/HDDGabriel/research/engines/gameplay/gameplay/src/Vector4.inl,0,1,1
/media/ullmann/HDDGabriel/research/engines/gameplay/gameplay-deps/freetype-2.4.5/src/pfr/pfrload.h,1,4,5
/media/ullmann/HDDGabriel/research/engines/gameplay/gameplay-deps/freetype-2.4.5/src/base/ftcalc.c,0,1,1
/media/ullmann/HDDGabriel/research/engines/gameplay/gameplay-deps/curl-7.39.0/tests/libtest/first.c,1,0,1
/media/ullmann/HDDGabriel/research/engines/gameplay/gameplay-deps/bullet-2.82-r2704/Demos/DX11ClothDemo/DXUT/Optional/DXUTres.cpp,1,0,1
/media/ullmann/HDDGabriel/research/engines/gameplay/gameplay-deps/bullet-2.82-r2704/Demos/ConcaveRaycastDemo/main.cpp,1,0,1
/media/ullmann/HDDGabriel/research/engines/gameplay/gameplay-deps/bullet-2.82-r2704/src/BulletMultiThreaded/Win32ThreadSupport.cpp,3,0,3
/media/ullmann/HDDGabriel/research/engines/gameplay/gameplay/src/Drawable.cpp,3,0,3
/media/ullmann/HDDGabriel/research/engines/gameplay/gameplay/src/Label.cpp,2,0,2
/media/ullmann/HDDGabriel/research/engines/gameplay/gameplay/src/PhysicsFixedConstraint.inl,0,1,1
/media/ullmann/HDDGabriel/research/engines/gameplay/gameplay-deps/bullet-2.82-r2704/Test/Source/Tests/Test_v3interp.cpp,1,0,1
/media/ullmann/HDDGabriel/research/engines/gameplay/gameplay-deps/bullet-2.82-r2704/Test/Source/Tests/Test_v3interp.h,0,1,1
/media/ullmann/HDDGabriel/research/engines/gameplay/gameplay-deps/bullet-2.82-r2704/Extras/ConvexDecomposition/cd_vector.h,0,3,3
/media/ullmann/HDDGabriel/research/engines/gameplay/gameplay-deps/theora-1.1.1/lib/x86/mmxfrag.c,2,0,2
/media/ullmann/HDDGabriel/research/engines/gameplay/gameplay-deps/theora-1.1.1/lib/x86/mmxfrag.h,1,2,3
/media/ullmann/HDDGabriel/research/engines/gameplay/gameplay-deps/curl-7.39.0/tests/libtest/lib519.c,1,0,1
/media/ullmann/HDDGabriel/research/engines/gameplay/gameplay-deps/bullet-2.82-r2704/Demos/DX11ClothDemo/DXUT/Optional/DXUTShapes.cpp,1,0,1
/media/ullmann/HDDGabriel/research/engines/gameplay/gameplay-deps/bullet-2.82-r2704/Demos/DX11ClothDemo/DXUT/Optional/DXUTShapes.h,0,1,1
/media/ullmann/HDDGabriel/research/engines/gameplay/gameplay-deps/theora-1.1.1/win32/experimental/wincompat/unistd.h,0,1,1
/media/ullmann/HDDGabriel/research/engines/gameplay/gameplay-deps/freetype-2.4.5/src/psaux/afmparse.c,3,1,4
/media/ullmann/HDDGabriel/research/engines/gameplay/gameplay-deps/curl-7.39.0/tests/libtest/lib537.c,1,0,1
/media/ullmann/HDDGabriel/research/engines/gameplay/gameplay-deps/bullet-2.82-r2704/Demos/OpenCLClothDemo/clstuff.cpp,2,0,2
/media/ullmann/HDDGabriel/research/engines/gameplay/gameplay-deps/bullet-2.82-r2704/Demos/OpenCLClothDemo/gl_win.h,0,4,4
/media/ullmann/HDDGabriel/research/engines/gameplay/gameplay/src/Vector2.inl,0,1,1
/media/ullmann/HDDGabriel/research/engines/gameplay/gameplay-deps/bullet-2.82-r2704/Extras/CDTestFramework/AntTweakBar/src/TwDirect3D10.cpp,5,0,5
/media/ullmann/HDDGabriel/research/engines/gameplay/external-deps/include/BulletCollision/NarrowPhaseCollision/btPersistentManifold.h,1,0,1
/media/ullmann/HDDGabriel/research/engines/gameplay/external-deps/include/BulletCollision/NarrowPhaseCollision/btManifoldPoint.h,0,1,1
/media/ullmann/HDDGabriel/research/engines/gameplay/gameplay-deps/bullet-2.82-r2704/Extras/HACD/hacdHACD.h,4,1,5
/media/ullmann/HDDGabriel/research/engines/gameplay/gameplay/src/MaterialParameter.cpp,3,0,3
/media/ullmann/HDDGabriel/research/engines/gameplay/gameplay/src/BoundingSphere.inl,0,1,1
/media/ullmann/HDDGabriel/research/engines/gameplay/gameplay-deps/freetype-2.4.5/src/pcf/pcfread.h,0,2,2
/media/ullmann/HDDGabriel/research/engines/gameplay/gameplay-deps/theora-1.1.1/lib/x86_vc/mmxloop.h,1,1,2
/media/ullmann/HDDGabriel/research/engines/gameplay/gameplay-deps/curl-7.39.0/src/tool_homedir.c,2,0,2
/media/ullmann/HDDGabriel/research/engines/gameplay/gameplay-deps/curl-7.39.0/lib/strdup.c,4,0,4
/media/ullmann/HDDGabriel/research/engines/gameplay/gameplay-deps/freetype-2.4.5/src/pfr/pfrdrivr.c,3,1,4
/media/ullmann/HDDGabriel/research/engines/gameplay/gameplay-deps/freetype-2.4.5/src/pfr/pfrdrivr.h,0,1,1
/media/ullmann/HDDGabriel/research/engines/gameplay/gameplay-deps/libjson-7.6.1/_internal/TestSuite2/NumberToString/_itoa.cpp,2,0,2
/media/ullmann/HDDGabriel/research/engines/gameplay/gameplay-deps/curl-7.39.0/src/tool_msgs.c,3,0,3
/media/ullmann/HDDGabriel/research/engines/gameplay/gameplay-deps/curl-7.39.0/tests/libtest/lib586.c,1,0,1
/media/ullmann/HDDGabriel/research/engines/gameplay/gameplay/src/lua/lua_Transform.cpp,1,0,1
/media/ullmann/HDDGabriel/research/engines/gameplay/gameplay/src/lua/lua_Transform.h,0,2,2
/media/ullmann/HDDGabriel/research/engines/gameplay/gameplay-deps/freetype-2.4.5/src/pfr/pfrcmap.h,1,2,3
/media/ullmann/HDDGabriel/research/engines/gameplay/gameplay-deps/freetype-2.4.5/src/pfr/pfrtypes.h,0,3,3
/media/ullmann/HDDGabriel/research/engines/gameplay/gameplay-deps/bullet-2.82-r2704/Demos/OpenGL/GL_DialogWindow.h,0,2,2
/media/ullmann/HDDGabriel/research/engines/gameplay/gameplay-deps/libjson-7.6.1/_internal/Source/JSONChildren.h,2,2,4
/media/ullmann/HDDGabriel/research/engines/gameplay/external-deps/include/vectormath/sse/boolInVec.h,1,2,3
/media/ullmann/HDDGabriel/research/engines/gameplay/gameplay-deps/openal-1.16.0/OpenAL32/Include/sample_cvt.h,1,0,1
/media/ullmann/HDDGabriel/research/engines/gameplay/gameplay-deps/bullet-2.82-r2704/Demos/SoftDemo/cube.inl,0,1,1
/media/ullmann/HDDGabriel/research/engines/gameplay/gameplay-deps/bullet-2.82-r2704/Extras/Serialize/makesdna/makesdna.cpp,1,0,1
/media/ullmann/HDDGabriel/research/engines/gameplay/gameplay-deps/bullet-2.82-r2704/Extras/Serialize/makesdna/DNA_rigidbody.h,0,1,1
/media/ullmann/HDDGabriel/research/engines/gameplay/gameplay-deps/theora-1.1.1/lib/idct.c,2,0,2
/media/ullmann/HDDGabriel/research/engines/gameplay/gameplay-deps/curl-7.39.0/tests/unit/unit1309.c,1,0,1
/media/ullmann/HDDGabriel/research/engines/gameplay/gameplay-deps/freetype-2.4.5/src/smooth/ftspic.c,1,1,2
/media/ullmann/HDDGabriel/research/engines/gameplay/gameplay-deps/curl-7.39.0/tests/unit/unit1395.c,1,0,1
/media/ullmann/HDDGabriel/research/engines/gameplay/external-deps/include/BulletCollision/CollisionShapes/btConvexPointCloudShape.h,1,0,1
/media/ullmann/HDDGabriel/research/engines/gameplay/gameplay/src/MeshBatch.h,2,4,6
/media/ullmann/HDDGabriel/research/engines/gameplay/external-deps/include/BulletCollision/CollisionDispatch/btConvexConvexAlgorithm.h,3,0,3
/media/ullmann/HDDGabriel/research/engines/gameplay/gameplay-deps/bullet-2.82-r2704/Extras/CDTestFramework/AntTweakBar/src/LoadOGLCore.cpp,2,0,2
/media/ullmann/HDDGabriel/research/engines/gameplay/gameplay-deps/bullet-2.82-r2704/Extras/CDTestFramework/AntTweakBar/src/LoadOGLCore.h,0,2,2
/media/ullmann/HDDGabriel/research/engines/gameplay/external-deps/include/BulletDynamics/Featherstone/btMultiBodyJointMotor.h,1,0,1
/media/ullmann/HDDGabriel/research/engines/gameplay/gameplay-deps/curl-7.39.0/lib/vtls/polarssl.h,0,2,2
/media/ullmann/HDDGabriel/research/engines/gameplay/gameplay-deps/bullet-2.82-r2704/src/BulletMultiThreaded/GpuSoftBodySolvers/OpenCL/OpenCLC10/UpdateNormals.cl,0,3,3
/media/ullmann/HDDGabriel/research/engines/gameplay/gameplay-deps/bullet-2.82-r2704/Extras/glui/glui_button.cpp,1,0,1
/media/ullmann/HDDGabriel/research/engines/gameplay/external-deps/include/BulletCollision/CollisionShapes/btScaledBvhTriangleMeshShape.h,0,1,1
/media/ullmann/HDDGabriel/research/engines/gameplay/gameplay-deps/bullet-2.82-r2704/Demos/NativeClient/tumbler_module.cc,1,0,1
/media/ullmann/HDDGabriel/research/engines/gameplay/samples/browser/src/WaterSample.h,1,1,2
/media/ullmann/HDDGabriel/research/engines/gameplay/gameplay-deps/bullet-2.82-r2704/UnitTests/cppunit/src/cppunit/ProtectorContext.h,0,2,2
/media/ullmann/HDDGabriel/research/engines/gameplay/gameplay-deps/bullet-2.82-r2704/src/BulletDynamics/Dynamics/btDynamicsWorld.h,0,2,2
/media/ullmann/HDDGabriel/research/engines/gameplay/gameplay-deps/bullet-2.82-r2704/Extras/sph/common/point_set.cpp,2,0,2
/media/ullmann/HDDGabriel/research/engines/gameplay/gameplay-deps/bullet-2.82-r2704/Demos/NativeClient/transforms.cc,1,0,1
/media/ullmann/HDDGabriel/research/engines/gameplay/gameplay-deps/bullet-2.82-r2704/src/BulletMultiThreaded/TrbDynBody.h,1,0,1
/media/ullmann/HDDGabriel/research/engines/gameplay/tools/encoder/src/Matrix.cpp,2,0,2
/media/ullmann/HDDGabriel/research/engines/gameplay/gameplay-deps/bullet-2.82-r2704/Demos/OpenGL/stb_image.cpp,1,0,1
/media/ullmann/HDDGabriel/research/engines/gameplay/gameplay-deps/bullet-2.82-r2704/Demos/OpenGL/stb_image.h,0,1,1
/media/ullmann/HDDGabriel/research/engines/gameplay/gameplay-deps/bullet-2.82-r2704/src/BulletCollision/CollisionDispatch/btCompoundCollisionAlgorithm.h,2,0,2
/media/ullmann/HDDGabriel/research/engines/gameplay/gameplay-deps/curl-7.39.0/tests/unit/unit1330.c,1,0,1
/media/ullmann/HDDGabriel/research/engines/gameplay/external-deps/include/LinearMath/btGeometryUtil.h,2,0,2
/media/ullmann/HDDGabriel/research/engines/gameplay/gameplay/src/lua/lua_AudioController.cpp,1,0,1
/media/ullmann/HDDGabriel/research/engines/gameplay/gameplay-deps/curl-7.39.0/lib/dotdot.h,0,2,2
/media/ullmann/HDDGabriel/research/engines/gameplay/gameplay-deps/bullet-2.82-r2704/src/BulletCollision/CollisionShapes/btTriangleMesh.cpp,1,0,1
/media/ullmann/HDDGabriel/research/engines/gameplay/gameplay-deps/bullet-2.82-r2704/Demos/Gpu3dDemo/btGpuDemo3dSharedDefs.h,0,1,1
/media/ullmann/HDDGabriel/research/engines/gameplay/gameplay-deps/lua-5.2.3/src/lstrlib.c,3,0,3
/media/ullmann/HDDGabriel/research/engines/gameplay/gameplay-deps/theora-1.1.1/examples/png2theora.c,1,0,1
/media/ullmann/HDDGabriel/research/engines/gameplay/gameplay-deps/bullet-2.82-r2704/src/BulletCollision/CollisionDispatch/btDefaultCollisionConfiguration.cpp,1,0,1
/media/ullmann/HDDGabriel/research/engines/gameplay/external-deps/include/BulletCollision/CollisionShapes/btConeShape.h,1,1,2
/media/ullmann/HDDGabriel/research/engines/gameplay/gameplay-deps/bullet-2.82-r2704/Demos/OpenGL/RenderTexture.cpp,1,0,1
/media/ullmann/HDDGabriel/research/engines/gameplay/gameplay-deps/bullet-2.82-r2704/Demos/OpenGL/RenderTexture.h,1,1,2
/media/ullmann/HDDGabriel/research/engines/gameplay/gameplay-deps/freetype-2.4.5/src/base/ftglyph.c,1,0,1
/media/ullmann/HDDGabriel/research/engines/gameplay/gameplay-deps/bullet-2.82-r2704/src/vectormath/scalar/boolInVec.h,1,1,2
/media/ullmann/HDDGabriel/research/engines/gameplay/gameplay-deps/bullet-2.82-r2704/src/vectormath/scalar/floatInVec.h,1,1,2
/media/ullmann/HDDGabriel/research/engines/gameplay/gameplay-deps/freetype-2.4.5/src/raster/ftrend1.h,0,1,1
/media/ullmann/HDDGabriel/research/engines/gameplay/gameplay-deps/curl-7.39.0/tests/libtest/lib505.c,1,0,1
/media/ullmann/HDDGabriel/research/engines/gameplay/gameplay-deps/curl-7.39.0/src/tool_util.c,2,0,2
/media/ullmann/HDDGabriel/research/engines/gameplay/gameplay-deps/bullet-2.82-r2704/Test/Source/Tests/Test_v3sdiv.cpp,1,0,1
/media/ullmann/HDDGabriel/research/engines/gameplay/gameplay-deps/bullet-2.82-r2704/Test/Source/Tests/Test_v3sdiv.h,0,1,1
/media/ullmann/HDDGabriel/research/engines/gameplay/gameplay-deps/bullet-2.82-r2704/src/BulletSoftBody/btSoftRigidCollisionAlgorithm.cpp,2,0,2
/media/ullmann/HDDGabriel/research/engines/gameplay/gameplay-deps/freetype-2.4.5/src/autofit/afdummy.c,3,1,4
/media/ullmann/HDDGabriel/research/engines/gameplay/gameplay-deps/bullet-2.82-r2704/UnitTests/cppunit/src/cppunit/DefaultProtector.cpp,1,0,1
/media/ullmann/HDDGabriel/research/engines/gameplay/gameplay-deps/bullet-2.82-r2704/Extras/glui/glui_bitmaps.cpp,2,0,2
/media/ullmann/HDDGabriel/research/engines/gameplay/gameplay-deps/curl-7.39.0/tests/libtest/lib566.c,1,0,1
/media/ullmann/HDDGabriel/research/engines/gameplay/gameplay-deps/curl-7.39.0/tests/libtest/lib575.c,2,0,2
/media/ullmann/HDDGabriel/research/engines/gameplay/gameplay-deps/freetype-2.4.5/src/base/ftutil.c,0,1,1
/media/ullmann/HDDGabriel/research/engines/gameplay/gameplay-deps/zlib-1.2.8/contrib/minizip/miniunz.c,2,0,2
/media/ullmann/HDDGabriel/research/engines/gameplay/gameplay-deps/zlib-1.2.8/contrib/minizip/iowin32.h,0,2,2
/media/ullmann/HDDGabriel/research/engines/gameplay/gameplay/src/FrameBuffer.cpp,3,0,3
/media/ullmann/HDDGabriel/research/engines/gameplay/gameplay-deps/vorbis-1.3.4/include/vorbis/vorbisfile.h,1,0,1
/media/ullmann/HDDGabriel/research/engines/gameplay/gameplay-deps/vorbis-1.3.4/include/vorbis/codec.h,0,2,2
/media/ullmann/HDDGabriel/research/engines/gameplay/external-deps/include/BulletDynamics/ConstraintSolver/btUniversalConstraint.h,2,1,3
/media/ullmann/HDDGabriel/research/engines/gameplay/gameplay-deps/freetype-2.4.5/src/pshinter/pshglob.c,1,1,2
/media/ullmann/HDDGabriel/research/engines/gameplay/gameplay-deps/bullet-2.82-r2704/src/BulletCollision/Gimpact/btGImpactQuantizedBvh.cpp,1,0,1
/media/ullmann/HDDGabriel/research/engines/gameplay/gameplay-deps/bullet-2.82-r2704/Demos/Gpu2dDemo/BasicDemo.h,0,2,2
/media/ullmann/HDDGabriel/research/engines/gameplay/gameplay-deps/bullet-2.82-r2704/Demos/Box2dDemo/Box2dDemo.cpp,1,0,1
/media/ullmann/HDDGabriel/research/engines/gameplay/external-deps/include/json/_internal/Source/JSONDefs/GNU_C.h,0,2,2
/media/ullmann/HDDGabriel/research/engines/gameplay/gameplay-deps/lua-5.2.3/src/lundump.h,2,5,7
/media/ullmann/HDDGabriel/research/engines/gameplay/gameplay-deps/theora-1.1.1/lib/fragment.c,1,0,1
/media/ullmann/HDDGabriel/research/engines/gameplay/gameplay-deps/bullet-2.82-r2704/src/BulletCollision/Gimpact/gim_memory.cpp,1,0,1
/media/ullmann/HDDGabriel/research/engines/gameplay/gameplay/src/lua/lua_VertexAttributeBinding.cpp,1,0,1
/media/ullmann/HDDGabriel/research/engines/gameplay/gameplay/src/lua/lua_VertexAttributeBinding.h,0,2,2
/media/ullmann/HDDGabriel/research/engines/gameplay/gameplay-deps/bullet-2.82-r2704/UnitTests/cppunit/src/cppunit/Protector.cpp,1,0,1
/media/ullmann/HDDGabriel/research/engines/gameplay/gameplay-deps/bullet-2.82-r2704/src/BulletMultiThreaded/GpuSoftBodySolvers/DX11/btSoftBodySolverVertexData_DX11.h,1,2,3
/media/ullmann/HDDGabriel/research/engines/gameplay/gameplay-deps/bullet-2.82-r2704/Extras/Serialize/BulletFileLoader/autogenerated/bullet.h,0,1,1
/media/ullmann/HDDGabriel/research/engines/gameplay/gameplay-deps/theora-1.1.1/lib/bitpack.c,1,0,1
/media/ullmann/HDDGabriel/research/engines/gameplay/gameplay-deps/bullet-2.82-r2704/src/LinearMath/btPolarDecomposition.cpp,2,0,2
/media/ullmann/HDDGabriel/research/engines/gameplay/gameplay-deps/bullet-2.82-r2704/src/MiniCL/MiniCLTask/MiniCLTask.cpp,1,0,1
/media/ullmann/HDDGabriel/research/engines/gameplay/gameplay-deps/bullet-2.82-r2704/src/BulletCollision/CollisionShapes/btCapsuleShape.cpp,1,0,1
/media/ullmann/HDDGabriel/research/engines/gameplay/gameplay-deps/curl-7.39.0/lib/vtls/axtls.c,2,0,2
/media/ullmann/HDDGabriel/research/engines/gameplay/gameplay/src/lua/lua_BoundingBox.cpp,1,0,1
/media/ullmann/HDDGabriel/research/engines/gameplay/gameplay-deps/curl-7.39.0/tests/libtest/lib578.c,1,0,1
/media/ullmann/HDDGabriel/research/engines/gameplay/gameplay-deps/bullet-2.82-r2704/Demos/BspDemo/main.cpp,1,0,1
/media/ullmann/HDDGabriel/research/engines/gameplay/gameplay-deps/theora-1.1.1/lib/modedec.h,0,1,1
/media/ullmann/HDDGabriel/research/engines/gameplay/gameplay-deps/bullet-2.82-r2704/Demos/ConstraintDemo/ConstraintDemo.cpp,1,0,1
/media/ullmann/HDDGabriel/research/engines/gameplay/gameplay-deps/bullet-2.82-r2704/src/vectormath/neon/mat_aos.h,0,1,1
/media/ullmann/HDDGabriel/research/engines/gameplay/gameplay-deps/openal-1.16.0/OpenAL32/Include/alFilter.h,1,1,2
/media/ullmann/HDDGabriel/research/engines/gameplay/external-deps/include/AL/efx.h,2,1,3
/media/ullmann/HDDGabriel/research/engines/gameplay/gameplay/src/lua/lua_AIState.cpp,1,0,1
/media/ullmann/HDDGabriel/research/engines/gameplay/gameplay/src/lua/lua_AIState.h,0,2,2
/media/ullmann/HDDGabriel/research/engines/gameplay/gameplay/src/AudioController.h,0,4,4
/media/ullmann/HDDGabriel/research/engines/gameplay/gameplay/src/lua/lua_Game.h,0,2,2
/media/ullmann/HDDGabriel/research/engines/gameplay/gameplay-deps/curl-7.39.0/src/tool_urlglob.c,3,0,3
/media/ullmann/HDDGabriel/research/engines/gameplay/gameplay-deps/bullet-2.82-r2704/Demos/VectorAdd_OpenCL/MiniCL_VectorAdd.cpp,1,0,1
/media/ullmann/HDDGabriel/research/engines/gameplay/gameplay-deps/bullet-2.82-r2704/Demos/VectorAdd_OpenCL/VectorAddKernels.cl,0,1,1
/media/ullmann/HDDGabriel/research/engines/gameplay/gameplay-deps/bullet-2.82-r2704/src/BulletMultiThreaded/GpuSoftBodySolvers/DX11/HLSL/UpdateNodes.hlsl,0,2,2
/media/ullmann/HDDGabriel/research/engines/gameplay/gameplay-deps/theora-1.1.1/include/theora/theoradec.h,1,0,1
/media/ullmann/HDDGabriel/research/engines/gameplay/external-deps/include/vectormath/sse/mat_aos.h,0,1,1
/media/ullmann/HDDGabriel/research/engines/gameplay/gameplay-deps/openal-1.16.0/Alc/mixer.c,1,0,1
/media/ullmann/HDDGabriel/research/engines/gameplay/gameplay-deps/theora-1.1.1/lib/encapiwrapper.c,2,0,2
/media/ullmann/HDDGabriel/research/engines/gameplay/gameplay-deps/curl-7.39.0/src/tool_getpass.c,2,0,2
/media/ullmann/HDDGabriel/research/engines/gameplay/tools/encoder/src/Animations.cpp,2,0,2
/media/ullmann/HDDGabriel/research/engines/gameplay/gameplay-deps/bullet-2.82-r2704/src/BulletCollision/BroadphaseCollision/btDispatcher.h,0,3,3
/media/ullmann/HDDGabriel/research/engines/gameplay/gameplay-deps/bullet-2.82-r2704/Demos/RaytestDemo/Win32RaytestDemo.cpp,1,0,1
/media/ullmann/HDDGabriel/research/engines/gameplay/gameplay-deps/vorbis-1.3.4/lib/modes/residue_16.h,0,1,1
/media/ullmann/HDDGabriel/research/engines/gameplay/gameplay-deps/bullet-2.82-r2704/Demos/BasicDemo/BasicDemo.cpp,1,0,1
/media/ullmann/HDDGabriel/research/engines/gameplay/gameplay-deps/bullet-2.82-r2704/Demos/BasicDemo/BasicDemo.h,0,4,4
/media/ullmann/HDDGabriel/research/engines/gameplay/gameplay-deps/theora-1.1.1/lib/cpu.h,1,1,2
/media/ullmann/HDDGabriel/research/engines/gameplay/gameplay-deps/bullet-2.82-r2704/src/BulletMultiThreaded/GpuSoftBodySolvers/OpenCL/btSoftBodySolverLinkData_OpenCL.h,1,1,2
/media/ullmann/HDDGabriel/research/engines/gameplay/gameplay-deps/png-1.6.15/contrib/gregbook/writepng.c,1,0,1
/media/ullmann/HDDGabriel/research/engines/gameplay/external-deps/include/vectormath/sse/quat_aos.h,0,1,1
/media/ullmann/HDDGabriel/research/engines/gameplay/tools/encoder/src/Glyph.cpp,2,0,2
/media/ullmann/HDDGabriel/research/engines/gameplay/external-deps/include/BulletDynamics/ConstraintSolver/btFixedConstraint.h,1,1,2
/media/ullmann/HDDGabriel/research/engines/gameplay/gameplay-deps/libjson-7.6.1/_internal/TestSuite/TestFunctions.cpp,2,0,2
/media/ullmann/HDDGabriel/research/engines/gameplay/gameplay/src/MeshBatch.cpp,3,0,3
/media/ullmann/HDDGabriel/research/engines/gameplay/gameplay-deps/theora-1.1.1/lib/huffenc.c,1,0,1
/media/ullmann/HDDGabriel/research/engines/gameplay/gameplay/src/lua/lua_SpriteBatch.cpp,1,0,1
/media/ullmann/HDDGabriel/research/engines/gameplay/gameplay/src/lua/lua_SpriteBatch.h,0,2,2
/media/ullmann/HDDGabriel/research/engines/gameplay/gameplay-deps/bullet-2.82-r2704/Demos/ForkLiftDemo/ForkLiftDemo.h,0,3,3
/media/ullmann/HDDGabriel/research/engines/gameplay/gameplay-deps/png-1.6.15/contrib/libtests/pngstest.c,2,0,2
/media/ullmann/HDDGabriel/research/engines/gameplay/gameplay-deps/bullet-2.82-r2704/Extras/ConvexDecomposition/splitplane.h,0,3,3
/media/ullmann/HDDGabriel/research/engines/gameplay/gameplay-deps/bullet-2.82-r2704/Extras/glui/arcball.cpp,1,0,1
/media/ullmann/HDDGabriel/research/engines/gameplay/gameplay-deps/bullet-2.82-r2704/Demos/ConcaveDemo/Win32ConcaveDemo.cpp,1,0,1
/media/ullmann/HDDGabriel/research/engines/gameplay/gameplay-deps/bullet-2.82-r2704/Extras/ConvexDecomposition/concavity.h,0,2,2
/media/ullmann/HDDGabriel/research/engines/gameplay/gameplay-deps/openal-1.16.0/OpenAL32/Include/alSource.h,2,0,2
/media/ullmann/HDDGabriel/research/engines/gameplay/gameplay-deps/theora-1.1.1/examples/getopt.c,1,0,1
/media/ullmann/HDDGabriel/research/engines/gameplay/gameplay-deps/bullet-2.82-r2704/src/BulletMultiThreaded/btGpu3DGridBroadphaseSharedCode.h,0,1,1
/media/ullmann/HDDGabriel/research/engines/gameplay/gameplay-deps/vorbis-1.3.4/lib/registry.c,3,0,3
/media/ullmann/HDDGabriel/research/engines/gameplay/gameplay-deps/freetype-2.4.5/include/ft2build.h,1,0,1
/media/ullmann/HDDGabriel/research/engines/gameplay/gameplay-deps/freetype-2.4.5/include/freetype/config/ftheader.h,0,1,1
/media/ullmann/HDDGabriel/research/engines/gameplay/gameplay/src/JoystickControl.h,1,5,6
/media/ullmann/HDDGabriel/research/engines/gameplay/gameplay-deps/curl-7.39.0/src/tool_hugehelp.c,2,0,2
/media/ullmann/HDDGabriel/research/engines/gameplay/gameplay/src/lua/lua_FrameBuffer.cpp,1,0,1
/media/ullmann/HDDGabriel/research/engines/gameplay/gameplay/src/lua/lua_ImageControl.cpp,1,0,1
/media/ullmann/HDDGabriel/research/engines/gameplay/gameplay-deps/bullet-2.82-r2704/src/BulletCollision/Gimpact/gim_clip_polygon.h,0,2,2
/media/ullmann/HDDGabriel/research/engines/gameplay/gameplay-deps/bullet-2.82-r2704/src/BulletMultiThreaded/SpuSync.h,1,0,1
/media/ullmann/HDDGabriel/research/engines/gameplay/gameplay-deps/curl-7.39.0/tests/unit/unit1305.c,1,0,1
/media/ullmann/HDDGabriel/research/engines/gameplay/gameplay-deps/freetype-2.4.5/src/sfnt/ttsbit.c,3,1,4
/media/ullmann/HDDGabriel/research/engines/gameplay/gameplay-deps/freetype-2.4.5/src/sfnt/ttsbit0.c,2,1,3
/media/ullmann/HDDGabriel/research/engines/gameplay/gameplay-deps/lua-5.2.3/src/lzio.c,5,0,5
/media/ullmann/HDDGabriel/research/engines/gameplay/gameplay-deps/bullet-2.82-r2704/Demos/DX11ClothDemo/DXUT/Optional/SDKmisc.cpp,2,0,2
/media/ullmann/HDDGabriel/research/engines/gameplay/gameplay-deps/bullet-2.82-r2704/src/LinearMath/btConvexHullComputer.h,2,1,3
/media/ullmann/HDDGabriel/research/engines/gameplay/gameplay-deps/libjson-7.6.1/_internal/TestSuite2/JSONValidator/isValidString.h,1,2,3
/media/ullmann/HDDGabriel/research/engines/gameplay/gameplay-deps/bullet-2.82-r2704/Demos/OpenCLClothDemo/cloth.h,1,1,2
/media/ullmann/HDDGabriel/research/engines/gameplay/gameplay-deps/curl-7.39.0/lib/splay.c,2,0,2
/media/ullmann/HDDGabriel/research/engines/gameplay/samples/browser/src/TerrainSample.h,1,1,2
/media/ullmann/HDDGabriel/research/engines/gameplay/gameplay-deps/freetype-2.4.5/src/type1/t1driver.h,0,1,1
/media/ullmann/HDDGabriel/research/engines/gameplay/gameplay-deps/bullet-2.82-r2704/src/vectormath/sse/vec_aos.h,0,1,1
/media/ullmann/HDDGabriel/research/engines/gameplay/tools/encoder/src/Effect.cpp,2,0,2
/media/ullmann/HDDGabriel/research/engines/gameplay/gameplay-deps/curl-7.39.0/tests/libtest/lib524.c,1,0,1
/media/ullmann/HDDGabriel/research/engines/gameplay/external-deps/include/BulletCollision/BroadphaseCollision/btDbvtBroadphase.h,0,2,2
/media/ullmann/HDDGabriel/research/engines/gameplay/gameplay/src/lua/lua_Terrain.cpp,1,0,1
/media/ullmann/HDDGabriel/research/engines/gameplay/tools/encoder/src/FBXSceneEncoder.cpp,3,0,3
/media/ullmann/HDDGabriel/research/engines/gameplay/gameplay-deps/freetype-2.4.5/src/sfnt/ttkern.c,2,1,3
/media/ullmann/HDDGabriel/research/engines/gameplay/gameplay-deps/png-1.6.15/pngwutil.c,1,0,1
/media/ullmann/HDDGabriel/research/engines/gameplay/gameplay-deps/freetype-2.4.5/src/cff/cffpic.c,1,1,2
/media/ullmann/HDDGabriel/research/engines/gameplay/gameplay-deps/curl-7.39.0/lib/mprintf.c,3,0,3
/media/ullmann/HDDGabriel/research/engines/gameplay/gameplay-deps/bullet-2.82-r2704/UnitTests/cppunit/src/cppunit/ProtectorChain.cpp,1,0,1
/media/ullmann/HDDGabriel/research/engines/gameplay/gameplay/src/lua/lua_Ref.cpp,1,0,1
/media/ullmann/HDDGabriel/research/engines/gameplay/gameplay/src/MathUtil.inl,0,1,1
/media/ullmann/HDDGabriel/research/engines/gameplay/gameplay/src/lua/lua_ScriptController.h,0,2,2
/media/ullmann/HDDGabriel/research/engines/gameplay/gameplay-deps/theora-1.1.1/lib/apiwrapper.c,1,0,1
/media/ullmann/HDDGabriel/research/engines/gameplay/gameplay-deps/bullet-2.82-r2704/Demos/Gpu2dDemo/btGpuDemoPairCache.cpp,2,0,2
/media/ullmann/HDDGabriel/research/engines/gameplay/gameplay-deps/freetype-2.4.5/src/gxvalid/gxvmorx5.c,1,1,2
/media/ullmann/HDDGabriel/research/engines/gameplay/tools/encoder/src/TMXTypes.cpp,1,0,1
/media/ullmann/HDDGabriel/research/engines/gameplay/tools/encoder/src/TMXTypes.h,1,2,3
/media/ullmann/HDDGabriel/research/engines/gameplay/tools/encoder/src/Constants.cpp,1,0,1
/media/ullmann/HDDGabriel/research/engines/gameplay/gameplay-deps/bullet-2.82-r2704/src/BulletDynamics/ConstraintSolver/btSequentialImpulseConstraintSolver.cpp,1,0,1
/media/ullmann/HDDGabriel/research/engines/gameplay/gameplay-deps/bullet-2.82-r2704/src/BulletDynamics/ConstraintSolver/btSequentialImpulseConstraintSolver.h,0,2,2
/media/ullmann/HDDGabriel/research/engines/gameplay/external-deps/include/png.h,2,0,2
/media/ullmann/HDDGabriel/research/engines/gameplay/external-deps/include/pngconf.h,0,1,1
/media/ullmann/HDDGabriel/research/engines/gameplay/gameplay-deps/bullet-2.82-r2704/src/vectormath/sse/vecidx_aos.h,1,1,2
/media/ullmann/HDDGabriel/research/engines/gameplay/gameplay-deps/openal-1.16.0/include/static_assert.h,0,1,1
/media/ullmann/HDDGabriel/research/engines/gameplay/gameplay-deps/curl-7.39.0/src/tool_mfiles.c,2,0,2
/media/ullmann/HDDGabriel/research/engines/gameplay/gameplay-deps/zlib-1.2.8/gzwrite.c,1,0,1
/media/ullmann/HDDGabriel/research/engines/gameplay/gameplay-deps/freetype-2.4.5/src/sfnt/sfntpic.h,2,3,5
/media/ullmann/HDDGabriel/research/engines/gameplay/gameplay-deps/bullet-2.82-r2704/src/BulletCollision/BroadphaseCollision/btMultiSapBroadphase.h,2,2,4
/media/ullmann/HDDGabriel/research/engines/gameplay/gameplay/src/RenderTarget.cpp,2,0,2
/media/ullmann/HDDGabriel/research/engines/gameplay/gameplay-deps/bullet-2.82-r2704/Demos/FeatherstoneMultiBodyDemo/main.cpp,1,0,1
/media/ullmann/HDDGabriel/research/engines/gameplay/gameplay-deps/curl-7.39.0/tests/libtest/lib542.c,1,0,1
/media/ullmann/HDDGabriel/research/engines/gameplay/gameplay-deps/bullet-2.82-r2704/src/BulletCollision/BroadphaseCollision/btDbvtBroadphase.h,0,3,3
/media/ullmann/HDDGabriel/research/engines/gameplay/gameplay-deps/bullet-2.82-r2704/Extras/Serialize/BulletFileLoader/btBulletFile.cpp,3,0,3
/media/ullmann/HDDGabriel/research/engines/gameplay/gameplay-deps/curl-7.39.0/src/tool_convert.c,2,0,2
/media/ullmann/HDDGabriel/research/engines/gameplay/gameplay-deps/bullet-2.82-r2704/src/BulletDynamics/MLCPSolvers/btMLCPSolver.cpp,2,0,2
/media/ullmann/HDDGabriel/research/engines/gameplay/gameplay-deps/bullet-2.82-r2704/src/BulletDynamics/MLCPSolvers/btMLCPSolver.h,0,1,1
/media/ullmann/HDDGabriel/research/engines/gameplay/gameplay-deps/bullet-2.82-r2704/Demos/SoftDemo/bunny.inl,0,1,1
/media/ullmann/HDDGabriel/research/engines/gameplay/gameplay-deps/curl-7.39.0/lib/config-os400.h,0,1,1
/media/ullmann/HDDGabriel/research/engines/gameplay/gameplay-deps/curl-7.39.0/tests/libtest/lib1511.c,1,0,1
/media/ullmann/HDDGabriel/research/engines/gameplay/gameplay-deps/curl-7.39.0/src/tool_cb_see.h,1,2,3
/media/ullmann/HDDGabriel/research/engines/gameplay/gameplay-deps/theora-1.1.1/lib/encinfo.c,3,0,3
/media/ullmann/HDDGabriel/research/engines/gameplay/gameplay-deps/vorbis-1.3.4/vq/localcodebook.h,0,1,1
/media/ullmann/HDDGabriel/research/engines/gameplay/external-deps/include/BulletDynamics/Featherstone/btMultiBodyJointLimitConstraint.h,1,0,1
/media/ullmann/HDDGabriel/research/engines/gameplay/gameplay-deps/bullet-2.82-r2704/src/BulletMultiThreaded/GpuSoftBodySolvers/OpenCL/btSoftBodySolverVertexBuffer_OpenGL.h,0,1,1
/media/ullmann/HDDGabriel/research/engines/gameplay/gameplay-deps/bullet-2.82-r2704/src/BulletCollision/CollisionShapes/btMinkowskiSumShape.h,1,1,2
/media/ullmann/HDDGabriel/research/engines/gameplay/gameplay-deps/vorbis-1.3.4/test/write_read.c,1,0,1
/media/ullmann/HDDGabriel/research/engines/gameplay/gameplay-deps/bullet-2.82-r2704/Test/Source/Tests/Test_maxdot.cpp,1,0,1
/media/ullmann/HDDGabriel/research/engines/gameplay/gameplay-deps/bullet-2.82-r2704/Test/Source/Tests/Test_maxdot.h,0,1,1
/media/ullmann/HDDGabriel/research/engines/gameplay/gameplay-deps/bullet-2.82-r2704/src/BulletDynamics/ConstraintSolver/btGearConstraint.h,0,2,2
/media/ullmann/HDDGabriel/research/engines/gameplay/gameplay-deps/bullet-2.82-r2704/src/BulletSoftBody/btSoftBodyRigidBodyCollisionConfiguration.h,0,1,1
/media/ullmann/HDDGabriel/research/engines/gameplay/gameplay-deps/curl-7.39.0/tests/libtest/lib501.c,1,0,1
/media/ullmann/HDDGabriel/research/engines/gameplay/gameplay-deps/zlib-1.2.8/trees.h,0,1,1
/media/ullmann/HDDGabriel/research/engines/gameplay/gameplay-deps/png-1.6.15/contrib/gregbook/readpng2.c,1,0,1
/media/ullmann/HDDGabriel/research/engines/gameplay/gameplay-deps/freetype-2.4.5/src/type1/t1parse.c,2,1,3
/media/ullmann/HDDGabriel/research/engines/gameplay/gameplay/src/PhysicsRigidBody.inl,0,1,1
/media/ullmann/HDDGabriel/research/engines/gameplay/external-deps/include/BulletCollision/CollisionShapes/btHeightfieldTerrainShape.h,1,0,1
/media/ullmann/HDDGabriel/research/engines/gameplay/gameplay-deps/curl-7.39.0/lib/curl_sec.h,0,3,3
/media/ullmann/HDDGabriel/research/engines/gameplay/gameplay-deps/png-1.6.15/pngrtran.c,1,0,1
/media/ullmann/HDDGabriel/research/engines/gameplay/external-deps/include/vorbis/vorbisenc.h,1,0,1
/media/ullmann/HDDGabriel/research/engines/gameplay/gameplay-deps/curl-7.39.0/packages/OS400/ccsidcurl.c,2,0,2
/media/ullmann/HDDGabriel/research/engines/gameplay/gameplay/src/Transform.cpp,4,0,4
/media/ullmann/HDDGabriel/research/engines/gameplay/gameplay-deps/bullet-2.82-r2704/src/BulletMultiThreaded/GpuSoftBodySolvers/OpenCL/OpenCLC10/UpdatePositions.cl,0,3,3
/media/ullmann/HDDGabriel/research/engines/gameplay/gameplay-deps/freetype-2.4.5/src/type42/t42types.h,0,1,1
/media/ullmann/HDDGabriel/research/engines/gameplay/gameplay-deps/freetype-2.4.5/src/gzip/zlib.h,1,3,4
/media/ullmann/HDDGabriel/research/engines/gameplay/gameplay/src/lua/lua_DepthStencilTarget.h,0,2,2
/media/ullmann/HDDGabriel/research/engines/gameplay/gameplay/src/lua/lua_PhysicsCollisionObjectCollisionPair.h,0,2,2
/media/ullmann/HDDGabriel/research/engines/gameplay/gameplay/src/lua/lua_Texture.cpp,1,0,1
/media/ullmann/HDDGabriel/research/engines/gameplay/gameplay-deps/curl-7.39.0/include/curl/multi.h,1,1,2
/media/ullmann/HDDGabriel/research/engines/gameplay/gameplay-deps/bullet-2.82-r2704/src/BulletDynamics/ConstraintSolver/btSolve2LinearConstraint.h,0,1,1
/media/ullmann/HDDGabriel/research/engines/gameplay/tools/encoder/src/TTFFontEncoder.h,1,2,3
/media/ullmann/HDDGabriel/research/engines/gameplay/tools/encoder/src/Image.cpp,2,0,2
/media/ullmann/HDDGabriel/research/engines/gameplay/gameplay-deps/curl-7.39.0/tests/libtest/lib526.c,2,0,2
/media/ullmann/HDDGabriel/research/engines/gameplay/gameplay-deps/bullet-2.82-r2704/src/BulletCollision/CollisionShapes/btPolyhedralConvexShape.cpp,1,0,1
/media/ullmann/HDDGabriel/research/engines/gameplay/gameplay-deps/bullet-2.82-r2704/src/BulletCollision/CollisionShapes/btConvexPolyhedron.h,0,2,2
/media/ullmann/HDDGabriel/research/engines/gameplay/external-deps/include/BulletCollision/CollisionDispatch/btSphereTriangleCollisionAlgorithm.h,2,0,2
/media/ullmann/HDDGabriel/research/engines/gameplay/gameplay-deps/bullet-2.82-r2704/Demos/RollingFrictionDemo/main.cpp,1,0,1
/media/ullmann/HDDGabriel/research/engines/gameplay/gameplay-deps/bullet-2.82-r2704/Demos/RollingFrictionDemo/RollingFrictionDemo.h,0,3,3
/media/ullmann/HDDGabriel/research/engines/gameplay/gameplay-deps/bullet-2.82-r2704/src/BulletCollision/CollisionDispatch/btCompoundCollisionAlgorithm.cpp,1,0,1
/media/ullmann/HDDGabriel/research/engines/gameplay/gameplay-deps/freetype-2.4.5/src/psnames/pspic.c,1,1,2
/media/ullmann/HDDGabriel/research/engines/gameplay/gameplay-deps/bullet-2.82-r2704/src/BulletCollision/Gimpact/btTriangleShapeEx.cpp,1,0,1
/media/ullmann/HDDGabriel/research/engines/gameplay/gameplay-deps/openal-1.16.0/OpenAL32/Include/alAuxEffectSlot.h,2,0,2
/media/ullmann/HDDGabriel/research/engines/gameplay/gameplay-deps/curl-7.39.0/packages/OS400/ccsidcurl.h,0,1,1
/media/ullmann/HDDGabriel/research/engines/gameplay/gameplay/src/lua/lua_PhysicsGhostObject.cpp,1,0,1
/media/ullmann/HDDGabriel/research/engines/gameplay/gameplay/src/lua/lua_PhysicsGhostObject.h,0,2,2
/media/ullmann/HDDGabriel/research/engines/gameplay/gameplay-deps/bullet-2.82-r2704/Demos/DynamicControlDemo/main.cpp,1,0,1
/media/ullmann/HDDGabriel/research/engines/gameplay/gameplay-deps/png-1.6.15/contrib/tools/pngfix.c,1,0,1
/media/ullmann/HDDGabriel/research/engines/gameplay/gameplay-deps/freetype-2.4.5/src/raster/ftraster.h,0,2,2
/media/ullmann/HDDGabriel/research/engines/gameplay/gameplay-deps/bullet-2.82-r2704/Demos/DX11ClothDemo/DXUT/Optional/SDKsound.cpp,2,0,2
/media/ullmann/HDDGabriel/research/engines/gameplay/gameplay-deps/bullet-2.82-r2704/Demos/DX11ClothDemo/DXUT/Optional/SDKwavefile.h,0,2,2
/media/ullmann/HDDGabriel/research/engines/gameplay/gameplay-deps/bullet-2.82-r2704/Test/Source/Tests/Test_3x3transpose.cpp,1,0,1
/media/ullmann/HDDGabriel/research/engines/gameplay/gameplay-deps/bullet-2.82-r2704/Test/Source/Tests/Test_3x3transpose.h,0,1,1
/media/ullmann/HDDGabriel/research/engines/gameplay/gameplay-deps/freetype-2.4.5/src/gzip/inffixed.h,0,1,1
/media/ullmann/HDDGabriel/research/engines/gameplay/gameplay-deps/bullet-2.82-r2704/src/MiniCL/MiniCLTaskScheduler.cpp,1,0,1
/media/ullmann/HDDGabriel/research/engines/gameplay/gameplay-deps/png-1.6.15/pngdebug.h,0,1,1
/media/ullmann/HDDGabriel/research/engines/gameplay/gameplay-deps/bullet-2.82-r2704/src/BulletMultiThreaded/HeapManager.h,0,1,1
/media/ullmann/HDDGabriel/research/engines/gameplay/gameplay/src/lua/lua_PhysicsCharacter.cpp,1,0,1
/media/ullmann/HDDGabriel/research/engines/gameplay/gameplay/src/lua/lua_PhysicsCharacter.h,0,2,2
/media/ullmann/HDDGabriel/research/engines/gameplay/gameplay-deps/bullet-2.82-r2704/Demos/DX11ClothDemo/cap.h,0,2,2
/media/ullmann/HDDGabriel/research/engines/gameplay/external-deps/include/BulletDynamics/Dynamics/btRigidBody.h,0,2,2
/media/ullmann/HDDGabriel/research/engines/gameplay/gameplay-deps/curl-7.39.0/tests/libtest/lib562.c,1,0,1
/media/ullmann/HDDGabriel/research/engines/gameplay/gameplay-deps/freetype-2.4.5/src/autofit/afangles.c,1,1,2
/media/ullmann/HDDGabriel/research/engines/gameplay/gameplay-deps/theora-1.1.1/tests/granulepos_theora.c,1,0,1
/media/ullmann/HDDGabriel/research/engines/gameplay/gameplay-deps/bullet-2.82-r2704/Extras/sph/common/image.h,0,1,1
/media/ullmann/HDDGabriel/research/engines/gameplay/gameplay-deps/curl-7.39.0/tests/libtest/lib517.c,1,0,1
/media/ullmann/HDDGabriel/research/engines/gameplay/external-deps/include/json/_internal/Source/JSONPreparse.h,2,0,2
/media/ullmann/HDDGabriel/research/engines/gameplay/external-deps/include/LinearMath/btMatrix3x3.h,2,2,4
/media/ullmann/HDDGabriel/research/engines/gameplay/gameplay-deps/curl-7.39.0/include/curl/mprintf.h,1,0,1
/media/ullmann/HDDGabriel/research/engines/gameplay/gameplay-deps/curl-7.39.0/lib/nwos.c,1,0,1
/media/ullmann/HDDGabriel/research/engines/gameplay/gameplay-deps/bullet-2.82-r2704/src/LinearMath/btGeometryUtil.cpp,1,0,1
/media/ullmann/HDDGabriel/research/engines/gameplay/gameplay/src/lua/lua_Quaternion.cpp,1,0,1
/media/ullmann/HDDGabriel/research/engines/gameplay/gameplay/src/lua/lua_Quaternion.h,0,2,2
/media/ullmann/HDDGabriel/research/engines/gameplay/external-deps/include/LinearMath/btConvexHullComputer.h,2,0,2
/media/ullmann/HDDGabriel/research/engines/gameplay/gameplay-deps/bullet-2.82-r2704/src/BulletSoftBody/btSoftBodySolvers.h,0,1,1
/media/ullmann/HDDGabriel/research/engines/gameplay/gameplay-deps/bullet-2.82-r2704/Demos/SharedOpenCL/btOpenCLUtils.h,1,1,2
/media/ullmann/HDDGabriel/research/engines/gameplay/gameplay-deps/bullet-2.82-r2704/Demos/SharedOpenCL/btOpenCLInclude.h,0,1,1
/media/ullmann/HDDGabriel/research/engines/gameplay/gameplay-deps/bullet-2.82-r2704/src/BulletMultiThreaded/GpuSoftBodySolvers/OpenCL/OpenCLC10/SolvePositionsSIMDBatched.cl,0,1,1
/media/ullmann/HDDGabriel/research/engines/gameplay/gameplay-deps/freetype-2.4.5/src/base/basepic.c,1,1,2
/media/ullmann/HDDGabriel/research/engines/gameplay/gameplay/src/lua/lua_AIStateMachine.cpp,1,0,1
/media/ullmann/HDDGabriel/research/engines/gameplay/gameplay-deps/curl-7.39.0/tests/unit/unit1396.c,1,0,1
/media/ullmann/HDDGabriel/research/engines/gameplay/gameplay-deps/bullet-2.82-r2704/Extras/CDTestFramework/BipartiteBoxPruning.h,2,2,4
/media/ullmann/HDDGabriel/research/engines/gameplay/gameplay-deps/theora-1.1.1/lib/enquant.h,1,2,3
/media/ullmann/HDDGabriel/research/engines/gameplay/gameplay/src/lua/lua_Vector3.cpp,1,0,1
/media/ullmann/HDDGabriel/research/engines/gameplay/gameplay/src/lua/lua_Vector3.h,0,2,2
/media/ullmann/HDDGabriel/research/engines/gameplay/gameplay-deps/bullet-2.82-r2704/Extras/glui/glui_tree.cpp,1,0,1
/media/ullmann/HDDGabriel/research/engines/gameplay/gameplay-deps/curl-7.39.0/lib/inet_pton.c,2,0,2
/media/ullmann/HDDGabriel/research/engines/gameplay/gameplay-deps/theora-1.1.1/lib/quant.c,2,0,2
/media/ullmann/HDDGabriel/research/engines/gameplay/gameplay-deps/bullet-2.82-r2704/Extras/CDTestFramework/Opcode/OPC_LSSAABBOverlap.h,0,1,1
/media/ullmann/HDDGabriel/research/engines/gameplay/gameplay-deps/freetype-2.4.5/src/cid/cidparse.c,2,1,3
/media/ullmann/HDDGabriel/research/engines/gameplay/gameplay-deps/theora-1.1.1/lib/decode.c,1,0,1
/media/ullmann/HDDGabriel/research/engines/gameplay/gameplay-deps/bullet-2.82-r2704/src/BulletCollision/NarrowPhaseCollision/btConvexCast.cpp,1,0,1
/media/ullmann/HDDGabriel/research/engines/gameplay/gameplay-deps/png-1.6.15/contrib/tools/cvtcolor.c,1,0,1
/media/ullmann/HDDGabriel/research/engines/gameplay/gameplay-deps/png-1.6.15/contrib/tools/sRGB.h,0,3,3
/media/ullmann/HDDGabriel/research/engines/gameplay/gameplay/src/lua/lua_AIStateListener.cpp,1,0,1
/media/ullmann/HDDGabriel/research/engines/gameplay/gameplay-deps/openal-1.16.0/Alc/alcConfig.c,1,0,1
/media/ullmann/HDDGabriel/research/engines/gameplay/samples/browser/src/SceneCreateSample.cpp,2,0,2
/media/ullmann/HDDGabriel/research/engines/gameplay/gameplay/src/PhysicsHingeConstraint.cpp,3,0,3
/media/ullmann/HDDGabriel/research/engines/gameplay/gameplay/src/BoundingBox.inl,0,1,1
/media/ullmann/HDDGabriel/research/engines/gameplay/external-deps/include/BulletCollision/CollisionShapes/btTriangleIndexVertexMaterialArray.h,1,0,1
/media/ullmann/HDDGabriel/research/engines/gameplay/gameplay-deps/bullet-2.82-r2704/Demos/NativeClient/shader_util.cc,1,0,1
/media/ullmann/HDDGabriel/research/engines/gameplay/gameplay-deps/bullet-2.82-r2704/Demos/NativeClient/shader_util.h,0,2,2
/media/ullmann/HDDGabriel/research/engines/gameplay/gameplay-deps/theora-1.1.1/lib/rate.c,1,0,1
/media/ullmann/HDDGabriel/research/engines/gameplay/external-deps/include/BulletCollision/CollisionDispatch/btCompoundCollisionAlgorithm.h,2,0,2
/media/ullmann/HDDGabriel/research/engines/gameplay/gameplay/src/lua/lua_RenderTarget.cpp,1,0,1
/media/ullmann/HDDGabriel/research/engines/gameplay/gameplay/src/lua/lua_RenderTarget.h,0,2,2
/media/ullmann/HDDGabriel/research/engines/gameplay/gameplay/src/lua/lua_ScriptTarget.h,0,2,2
/media/ullmann/HDDGabriel/research/engines/gameplay/gameplay-deps/theora-1.1.1/lib/huffdec.c,2,0,2
/media/ullmann/HDDGabriel/research/engines/gameplay/gameplay-deps/zlib-1.2.8/contrib/minizip/unzip.c,2,0,2
/media/ullmann/HDDGabriel/research/engines/gameplay/gameplay-deps/zlib-1.2.8/contrib/minizip/crypt.h,0,2,2
/media/ullmann/HDDGabriel/research/engines/gameplay/external-deps/include/BulletCollision/NarrowPhaseCollision/btContinuousConvexCollision.h,2,0,2
/media/ullmann/HDDGabriel/research/engines/gameplay/gameplay-deps/curl-7.39.0/lib/timeval.c,1,0,1
/media/ullmann/HDDGabriel/research/engines/gameplay/gameplay-deps/bullet-2.82-r2704/Test/Source/Tests/Test_3x3setRot.cpp,1,0,1
/media/ullmann/HDDGabriel/research/engines/gameplay/gameplay-deps/bullet-2.82-r2704/Test/Source/Tests/Test_3x3setRot.h,0,1,1
/media/ullmann/HDDGabriel/research/engines/gameplay/gameplay-deps/bullet-2.82-r2704/Demos/ConstraintDemo/main.cpp,1,0,1
/media/ullmann/HDDGabriel/research/engines/gameplay/gameplay-deps/bullet-2.82-r2704/Demos/CharacterDemo/CharacterDemo.cpp,2,0,2
/media/ullmann/HDDGabriel/research/engines/gameplay/gameplay-deps/curl-7.39.0/tests/libtest/lib540.c,2,0,2
/media/ullmann/HDDGabriel/research/engines/gameplay/gameplay-deps/curl-7.39.0/lib/config-win32ce.h,0,1,1
/media/ullmann/HDDGabriel/research/engines/gameplay/gameplay-deps/freetype-2.4.5/src/psaux/afmparse.h,0,2,2
/media/ullmann/HDDGabriel/research/engines/gameplay/gameplay-deps/bullet-2.82-r2704/Extras/HACD/hacdCircularList.h,2,1,3
/media/ullmann/HDDGabriel/research/engines/gameplay/gameplay-deps/curl-7.39.0/lib/curl_rtmp.h,0,1,1
/media/ullmann/HDDGabriel/research/engines/gameplay/gameplay-deps/zlib-1.2.8/contrib/iostream/zfstream.cpp,1,0,1
/media/ullmann/HDDGabriel/research/engines/gameplay/gameplay/src/lua/lua_Font.h,0,2,2
/media/ullmann/HDDGabriel/research/engines/gameplay/gameplay-deps/curl-7.39.0/tests/libtest/lib583.c,1,0,1
/media/ullmann/HDDGabriel/research/engines/gameplay/gameplay-deps/bullet-2.82-r2704/Extras/Serialize/BulletXmlWorldImporter/tinyxmlerror.cpp,1,0,1
/media/ullmann/HDDGabriel/research/engines/gameplay/gameplay-deps/bullet-2.82-r2704/Demos/SerializeDemo/main.cpp,1,0,1
/media/ullmann/HDDGabriel/research/engines/gameplay/gameplay/src/lua/lua_RenderState.cpp,1,0,1
/media/ullmann/HDDGabriel/research/engines/gameplay/gameplay/src/lua/lua_RenderState.h,0,2,2
/media/ullmann/HDDGabriel/research/engines/gameplay/gameplay/src/Gesture.h,0,3,3
/media/ullmann/HDDGabriel/research/engines/gameplay/gameplay-deps/zlib-1.2.8/contrib/iostream2/zstream_test.cpp,1,0,1
/media/ullmann/HDDGabriel/research/engines/gameplay/gameplay-deps/zlib-1.2.8/contrib/iostream2/zstream.h,0,1,1
/media/ullmann/HDDGabriel/research/engines/gameplay/gameplay/src/lua/lua_PhysicsControllerHitFilter.cpp,1,0,1
/media/ullmann/HDDGabriel/research/engines/gameplay/gameplay-deps/bullet-2.82-r2704/Demos/DX11ClothDemo/DXUT/Optional/SDKwavefile.cpp,1,0,1
/media/ullmann/HDDGabriel/research/engines/gameplay/external-deps/include/BulletCollision/Gimpact/btGeometryOperations.h,1,1,2
/media/ullmann/HDDGabriel/research/engines/gameplay/gameplay-deps/curl-7.39.0/lib/arpa_telnet.h,0,1,1
/media/ullmann/HDDGabriel/research/engines/gameplay/external-deps/include/json/libjson.h,1,0,1
/media/ullmann/HDDGabriel/research/engines/gameplay/gameplay-deps/bullet-2.82-r2704/Demos/GenericJointDemo/GenericJointDemo.cpp,1,0,1
/media/ullmann/HDDGabriel/research/engines/gameplay/gameplay-deps/bullet-2.82-r2704/Demos/GenericJointDemo/GenericJointDemo.h,1,3,4
/media/ullmann/HDDGabriel/research/engines/gameplay/gameplay-deps/bullet-2.82-r2704/Demos/Raytracer/Raytracer.h,0,3,3
/media/ullmann/HDDGabriel/research/engines/gameplay/gameplay-deps/curl-7.39.0/include/curl/easy.h,0,1,1
/media/ullmann/HDDGabriel/research/engines/gameplay/gameplay-deps/curl-7.39.0/tests/unit/unit1307.c,1,0,1
/media/ullmann/HDDGabriel/research/engines/gameplay/gameplay-deps/freetype-2.4.5/src/raster/ftraster.c,4,1,5
/media/ullmann/HDDGabriel/research/engines/gameplay/gameplay-deps/curl-7.39.0/tests/libtest/lib1515.c,2,0,2
/media/ullmann/HDDGabriel/research/engines/gameplay/external-deps/include/BulletCollision/NarrowPhaseCollision/btPointCollector.h,1,0,1
/media/ullmann/HDDGabriel/research/engines/gameplay/gameplay-deps/bullet-2.82-r2704/Extras/sph/common/geomx.h,0,1,1
/media/ullmann/HDDGabriel/research/engines/gameplay/gameplay-deps/curl-7.39.0/tests/libtest/lib530.c,2,0,2
/media/ullmann/HDDGabriel/research/engines/gameplay/gameplay-deps/bullet-2.82-r2704/Demos/Gpu2dDemo/btGpuDemo2dSharedDefs.h,0,1,1
/media/ullmann/HDDGabriel/research/engines/gameplay/gameplay-deps/bullet-2.82-r2704/Extras/CDTestFramework/Opcode/OPC_RayTriOverlap.h,0,1,1
/media/ullmann/HDDGabriel/research/engines/gameplay/gameplay-deps/bullet-2.82-r2704/Extras/sph/fluids/fluid_system.cpp,1,0,1
/media/ullmann/HDDGabriel/research/engines/gameplay/gameplay-deps/bullet-2.82-r2704/Extras/sph/fluids/fluid_system.h,0,1,1
/media/ullmann/HDDGabriel/research/engines/gameplay/gameplay-deps/bullet-2.82-r2704/src/BulletMultiThreaded/GpuSoftBodySolvers/DX11/HLSL/UpdatePositions.hlsl,0,2,2
/media/ullmann/HDDGabriel/research/engines/gameplay/gameplay/src/lua/lua_TextBox.cpp,1,0,1
/media/ullmann/HDDGabriel/research/engines/gameplay/gameplay/src/TextBox.cpp,2,0,2
/media/ullmann/HDDGabriel/research/engines/gameplay/gameplay-deps/lua-5.2.3/src/lctype.c,1,0,1
/media/ullmann/HDDGabriel/research/engines/gameplay/gameplay-deps/curl-7.39.0/src/tool_version.h,0,2,2
/media/ullmann/HDDGabriel/research/engines/gameplay/gameplay-deps/curl-7.39.0/tests/libtest/lib525.c,2,0,2
/media/ullmann/HDDGabriel/research/engines/gameplay/gameplay-deps/curl-7.39.0/src/tool_doswin.h,1,2,3
/media/ullmann/HDDGabriel/research/engines/gameplay/gameplay-deps/bullet-2.82-r2704/Demos/ForkLiftDemo/ForkLiftDemo.cpp,1,0,1
/media/ullmann/HDDGabriel/research/engines/gameplay/gameplay-deps/curl-7.39.0/tests/libtest/lib506.c,1,0,1
/media/ullmann/HDDGabriel/research/engines/gameplay/gameplay-deps/bullet-2.82-r2704/src/BulletCollision/CollisionShapes/btBox2dShape.cpp,1,0,1
/media/ullmann/HDDGabriel/research/engines/gameplay/gameplay-deps/bullet-2.82-r2704/src/BulletCollision/CollisionShapes/btBox2dShape.h,0,1,1
/media/ullmann/HDDGabriel/research/engines/gameplay/gameplay-deps/bullet-2.82-r2704/Extras/Serialize/BulletXmlWorldImporter/tinyxml.cpp,1,0,1
/media/ullmann/HDDGabriel/research/engines/gameplay/gameplay-deps/bullet-2.82-r2704/Extras/glui/glui.cpp,1,0,1
/media/ullmann/HDDGabriel/research/engines/gameplay/gameplay-deps/bullet-2.82-r2704/Demos/GyroscopicDemo/GyroscopicDemo.cpp,1,0,1
/media/ullmann/HDDGabriel/research/engines/gameplay/gameplay-deps/bullet-2.82-r2704/Demos/GyroscopicDemo/GyroscopicDemo.h,0,3,3
/media/ullmann/HDDGabriel/research/engines/gameplay/gameplay-deps/bullet-2.82-r2704/src/BulletSoftBody/btSoftRigidDynamicsWorld.h,1,1,2
/media/ullmann/HDDGabriel/research/engines/gameplay/gameplay-deps/bullet-2.82-r2704/src/BulletCollision/CollisionShapes/btShapeHull.cpp,1,0,1
/media/ullmann/HDDGabriel/research/engines/gameplay/gameplay-deps/bullet-2.82-r2704/src/BulletCollision/CollisionShapes/btShapeHull.h,0,1,1
/media/ullmann/HDDGabriel/research/engines/gameplay/gameplay-deps/openal-1.16.0/examples/alstream.c,2,0,2
/media/ullmann/HDDGabriel/research/engines/gameplay/samples/browser/src/WaterSample.cpp,2,0,2
/media/ullmann/HDDGabriel/research/engines/gameplay/gameplay/src/Matrix.inl,0,1,1
/media/ullmann/HDDGabriel/research/engines/gameplay/gameplay-deps/zlib-1.2.8/contrib/puff/pufftest.c,1,0,1
/media/ullmann/HDDGabriel/research/engines/gameplay/gameplay-deps/bullet-2.82-r2704/Demos/SharedOpenCL/btOpenCLUtils.cpp,1,0,1
/media/ullmann/HDDGabriel/research/engines/gameplay/gameplay-deps/bullet-2.82-r2704/Extras/ConvexDecomposition/raytri.h,0,2,2
/media/ullmann/HDDGabriel/research/engines/gameplay/external-deps/include/BulletCollision/Gimpact/gim_hash_table.h,1,0,1
/media/ullmann/HDDGabriel/research/engines/gameplay/gameplay/src/lua/lua_AnimationClip.h,0,2,2
/media/ullmann/HDDGabriel/research/engines/gameplay/gameplay-deps/bullet-2.82-r2704/Demos/GenericJointDemo/Win32GenericJointDemo.cpp,1,0,1
/media/ullmann/HDDGabriel/research/engines/gameplay/gameplay-deps/freetype-2.4.5/src/gxvalid/gxvmorx0.c,1,1,2
/media/ullmann/HDDGabriel/research/engines/gameplay/gameplay/src/lua/lua_MaterialParameter.h,0,2,2
/media/ullmann/HDDGabriel/research/engines/gameplay/gameplay/src/lua/lua_TileSet.cpp,1,0,1
/media/ullmann/HDDGabriel/research/engines/gameplay/gameplay/src/lua/lua_TileSet.h,0,2,2
/media/ullmann/HDDGabriel/research/engines/gameplay/gameplay-deps/openal-1.16.0/Alc/ALc.c,4,0,4
/media/ullmann/HDDGabriel/research/engines/gameplay/gameplay-deps/openal-1.16.0/Alc/backends/base.h,0,1,1
/media/ullmann/HDDGabriel/research/engines/gameplay/gameplay/src/lua/lua_PhysicsVehicle.cpp,1,0,1
/media/ullmann/HDDGabriel/research/engines/gameplay/gameplay/src/lua/lua_PhysicsVehicle.h,0,2,2
/media/ullmann/HDDGabriel/research/engines/gameplay/gameplay-deps/png-1.6.15/arm/arm_init.c,1,0,1
/media/ullmann/HDDGabriel/research/engines/gameplay/gameplay/src/lua/lua_MathUtil.cpp,1,0,1
/media/ullmann/HDDGabriel/research/engines/gameplay/gameplay-deps/curl-7.39.0/tests/libtest/lib568.c,1,0,1
/media/ullmann/HDDGabriel/research/engines/gameplay/gameplay-deps/bullet-2.82-r2704/src/BulletMultiThreaded/SpuContactManifoldCollisionAlgorithm.cpp,1,0,1
/media/ullmann/HDDGabriel/research/engines/gameplay/gameplay-deps/bullet-2.82-r2704/Demos/GenericJointDemo/Ragdoll.h,0,2,2
/media/ullmann/HDDGabriel/research/engines/gameplay/gameplay-deps/curl-7.39.0/lib/config-tpf.h,0,1,1
/media/ullmann/HDDGabriel/research/engines/gameplay/gameplay-deps/openal-1.16.0/Alc/ALu.c,2,0,2
/media/ullmann/HDDGabriel/research/engines/gameplay/gameplay-deps/openal-1.16.0/Alc/midi/base.h,0,2,2
/media/ullmann/HDDGabriel/research/engines/gameplay/gameplay/src/AnimationValue.cpp,2,0,2
/media/ullmann/HDDGabriel/research/engines/gameplay/external-deps/include/BulletCollision/Gimpact/gim_basic_geometry_operations.h,1,2,3
/media/ullmann/HDDGabriel/research/engines/gameplay/gameplay/src/ScriptController.inl,0,1,1
/media/ullmann/HDDGabriel/research/engines/gameplay/gameplay-deps/bullet-2.82-r2704/src/BulletMultiThreaded/SpuLibspe2Support.cpp,1,0,1
/media/ullmann/HDDGabriel/research/engines/gameplay/gameplay-deps/bullet-2.82-r2704/src/BulletCollision/BroadphaseCollision/btDbvtBroadphase.cpp,1,0,1
/media/ullmann/HDDGabriel/research/engines/gameplay/gameplay-deps/libjson-7.6.1/_internal/TestSuite/TestCtors.cpp,2,0,2
/media/ullmann/HDDGabriel/research/engines/gameplay/external-deps/include/BulletCollision/CollisionShapes/btEmptyShape.h,2,1,3
/media/ullmann/HDDGabriel/research/engines/gameplay/gameplay-deps/bullet-2.82-r2704/Extras/sph/common/point_set.h,0,1,1
/media/ullmann/HDDGabriel/research/engines/gameplay/gameplay-deps/bullet-2.82-r2704/src/BulletDynamics/ConstraintSolver/btUniversalConstraint.cpp,1,0,1
/media/ullmann/HDDGabriel/research/engines/gameplay/gameplay-deps/bullet-2.82-r2704/src/BulletDynamics/Vehicle/btVehicleRaycaster.h,0,2,2
/media/ullmann/HDDGabriel/research/engines/gameplay/gameplay-deps/bullet-2.82-r2704/Extras/sph/common/mtime.cpp,2,0,2
/media/ullmann/HDDGabriel/research/engines/gameplay/gameplay-deps/bullet-2.82-r2704/Demos/CcdPhysicsDemo/main.cpp,1,0,1
/media/ullmann/HDDGabriel/research/engines/gameplay/gameplay-deps/bullet-2.82-r2704/Demos/BasicDemo/Win32BasicDemo.cpp,1,0,1
/media/ullmann/HDDGabriel/research/engines/gameplay/gameplay-deps/bullet-2.82-r2704/Test/Source/Utils.cpp,1,0,1
/media/ullmann/HDDGabriel/research/engines/gameplay/gameplay-deps/curl-7.39.0/lib/http_proxy.h,0,4,4
/media/ullmann/HDDGabriel/research/engines/gameplay/gameplay-deps/bullet-2.82-r2704/src/BulletMultiThreaded/SpuNarrowPhaseCollisionTask/SpuCollisionShapes.cpp,1,0,1
/media/ullmann/HDDGabriel/research/engines/gameplay/gameplay/src/lua/lua_MeshBatch.h,0,2,2
/media/ullmann/HDDGabriel/research/engines/gameplay/gameplay-deps/zlib-1.2.8/uncompr.c,1,0,1
/media/ullmann/HDDGabriel/research/engines/gameplay/gameplay-deps/bullet-2.82-r2704/Test/Source/Tests/Test_3x3getRot.cpp,1,0,1
/media/ullmann/HDDGabriel/research/engines/gameplay/gameplay-deps/bullet-2.82-r2704/Test/Source/Tests/Test_3x3getRot.h,0,1,1
/media/ullmann/HDDGabriel/research/engines/gameplay/gameplay-deps/bullet-2.82-r2704/Extras/HACD/hacdGraph.cpp,1,0,1
/media/ullmann/HDDGabriel/research/engines/gameplay/gameplay-deps/curl-7.39.0/tests/libtest/testtrace.c,3,0,3
/media/ullmann/HDDGabriel/research/engines/gameplay/gameplay-deps/curl-7.39.0/tests/libtest/lib590.c,1,0,1
/media/ullmann/HDDGabriel/research/engines/gameplay/gameplay-deps/bullet-2.82-r2704/src/BulletMultiThreaded/GpuSoftBodySolvers/DX11/HLSL/ComputeBounds.hlsl,0,2,2
/media/ullmann/HDDGabriel/research/engines/gameplay/gameplay-deps/bullet-2.82-r2704/Demos/GenericJointDemo/Ragdoll.cpp,1,0,1
/media/ullmann/HDDGabriel/research/engines/gameplay/gameplay-deps/freetype-2.4.5/src/cid/cidobjs.h,0,1,1
/media/ullmann/HDDGabriel/research/engines/gameplay/template/src/TemplateGame.cpp,1,0,1
/media/ullmann/HDDGabriel/research/engines/gameplay/template/src/TemplateGame.h,0,1,1
/media/ullmann/HDDGabriel/research/engines/gameplay/gameplay-deps/bullet-2.82-r2704/src/BulletCollision/Gimpact/gim_bitset.h,1,0,1
/media/ullmann/HDDGabriel/research/engines/gameplay/external-deps/include/BulletDynamics/MLCPSolvers/btPATHSolver.h,1,0,1
/media/ullmann/HDDGabriel/research/engines/gameplay/gameplay-deps/bullet-2.82-r2704/src/BulletDynamics/ConstraintSolver/btFixedConstraint.cpp,1,0,1
/media/ullmann/HDDGabriel/research/engines/gameplay/gameplay-deps/vorbis-1.3.4/lib/highlevel.h,0,1,1
/media/ullmann/HDDGabriel/research/engines/gameplay/gameplay-deps/curl-7.39.0/tests/libtest/lib516.c,1,0,1
/media/ullmann/HDDGabriel/research/engines/gameplay/gameplay/src/lua/lua_AIAgent.cpp,1,0,1
/media/ullmann/HDDGabriel/research/engines/gameplay/gameplay/src/lua/lua_AIAgent.h,0,2,2
/media/ullmann/HDDGabriel/research/engines/gameplay/gameplay-deps/bullet-2.82-r2704/Demos/SimplexDemo/SimplexDemo.cpp,1,0,1
/media/ullmann/HDDGabriel/research/engines/gameplay/gameplay-deps/bullet-2.82-r2704/Demos/SimplexDemo/SimplexDemo.h,0,1,1
/media/ullmann/HDDGabriel/research/engines/gameplay/gameplay-deps/libjson-7.6.1/_internal/TestSuite2/JSON_Base64/json_decode64.cpp,2,0,2
/media/ullmann/HDDGabriel/research/engines/gameplay/gameplay-deps/theora-1.1.1/examples/getopt1.c,1,0,1
/media/ullmann/HDDGabriel/research/engines/gameplay/gameplay/src/DebugNew.h,0,1,1
/media/ullmann/HDDGabriel/research/engines/gameplay/gameplay-deps/bullet-2.82-r2704/src/BulletCollision/CollisionShapes/btTriangleCallback.cpp,1,0,1
/media/ullmann/HDDGabriel/research/engines/gameplay/gameplay-deps/bullet-2.82-r2704/Demos/Raytracer/Raytracer.cpp,1,0,1
/media/ullmann/HDDGabriel/research/engines/gameplay/gameplay-deps/bullet-2.82-r2704/Demos/ConvexDecompositionDemo/main.cpp,1,0,1
/media/ullmann/HDDGabriel/research/engines/gameplay/gameplay/src/lua/lua_JoystickControl.cpp,1,0,1
/media/ullmann/HDDGabriel/research/engines/gameplay/gameplay-deps/bullet-2.82-r2704/Extras/Serialize/BulletXmlWorldImporter/tinyxmlparser.cpp,1,0,1
/media/ullmann/HDDGabriel/research/engines/gameplay/gameplay-deps/curl-7.39.0/tests/libtest/lib1527.c,1,0,1
/media/ullmann/HDDGabriel/research/engines/gameplay/gameplay/src/lua/lua_BoundingSphere.cpp,1,0,1
/media/ullmann/HDDGabriel/research/engines/gameplay/gameplay-deps/bullet-2.82-r2704/src/BulletDynamics/ConstraintSolver/btContactSolverInfo.h,0,1,1
/media/ullmann/HDDGabriel/research/engines/gameplay/gameplay-deps/bullet-2.82-r2704/Demos/RaytestDemo/main.cpp,1,0,1
/media/ullmann/HDDGabriel/research/engines/gameplay/gameplay-deps/curl-7.39.0/lib/config-mac.h,0,1,1
/media/ullmann/HDDGabriel/research/engines/gameplay/samples/browser/src/MeshPrimitiveSample.h,1,1,2
/media/ullmann/HDDGabriel/research/engines/gameplay/gameplay-deps/bullet-2.82-r2704/src/BulletDynamics/Vehicle/btWheelInfo.cpp,1,0,1
/media/ullmann/HDDGabriel/research/engines/gameplay/gameplay-deps/curl-7.39.0/lib/rtsp.h,0,2,2
/media/ullmann/HDDGabriel/research/engines/gameplay/gameplay/src/lua/lua_PhysicsFixedConstraint.h,0,2,2
/media/ullmann/HDDGabriel/research/engines/gameplay/gameplay-deps/bullet-2.82-r2704/Test/Source/Tests/Test_qtmulQV3.cpp,1,0,1
/media/ullmann/HDDGabriel/research/engines/gameplay/gameplay-deps/bullet-2.82-r2704/Test/Source/Tests/Test_qtmulQV3.h,0,1,1
/media/ullmann/HDDGabriel/research/engines/gameplay/gameplay-deps/bullet-2.82-r2704/Demos/OpenGL/Win32DemoApplication.cpp,1,0,1
/media/ullmann/HDDGabriel/research/engines/gameplay/gameplay-deps/bullet-2.82-r2704/Demos/OpenGL/Win32DemoApplication.h,1,1,2
/media/ullmann/HDDGabriel/research/engines/gameplay/gameplay-deps/freetype-2.4.5/src/truetype/ttpload.c,3,1,4
/media/ullmann/HDDGabriel/research/engines/gameplay/gameplay/src/lua/lua_ControlListener.cpp,1,0,1
/media/ullmann/HDDGabriel/research/engines/gameplay/gameplay/src/lua/lua_ControlListener.h,0,2,2
/media/ullmann/HDDGabriel/research/engines/gameplay/gameplay-deps/bullet-2.82-r2704/Extras/Serialize/BulletXmlWorldImporter/btBulletXmlWorldImporter.h,0,1,1
/media/ullmann/HDDGabriel/research/engines/gameplay/gameplay-deps/zlib-1.2.8/gzlib.c,1,0,1
/media/ullmann/HDDGabriel/research/engines/gameplay/gameplay-deps/curl-7.39.0/tests/libtest/lib1507.c,2,0,2
/media/ullmann/HDDGabriel/research/engines/gameplay/gameplay/src/lua/lua_Node.cpp,1,0,1
/media/ullmann/HDDGabriel/research/engines/gameplay/gameplay-deps/bullet-2.82-r2704/Demos/ForkLiftDemo/main.cpp,1,0,1
/media/ullmann/HDDGabriel/research/engines/gameplay/gameplay-deps/bullet-2.82-r2704/Demos/RollingFrictionDemo/RollingFrictionDemo.cpp,1,0,1
/media/ullmann/HDDGabriel/research/engines/gameplay/gameplay-deps/curl-7.39.0/tests/libtest/lib512.c,1,0,1
/media/ullmann/HDDGabriel/research/engines/gameplay/gameplay-deps/vorbis-1.3.4/lib/modes/setup_44.h,0,1,1
/media/ullmann/HDDGabriel/research/engines/gameplay/gameplay-deps/curl-7.39.0/tests/libtest/lib544.c,1,0,1
/media/ullmann/HDDGabriel/research/engines/gameplay/gameplay-deps/glew-1.10.0/auto/src/glew_utils.c,1,0,1
/media/ullmann/HDDGabriel/research/engines/gameplay/gameplay-deps/glew-1.10.0/auto/src/glew_utils.h,0,1,1
/media/ullmann/HDDGabriel/research/engines/gameplay/gameplay-deps/png-1.6.15/contrib/gregbook/readppm.c,1,0,1
/media/ullmann/HDDGabriel/research/engines/gameplay/gameplay-deps/curl-7.39.0/src/tool_cb_see.c,3,0,3
/media/ullmann/HDDGabriel/research/engines/gameplay/gameplay/src/lua/lua_Global.cpp,1,0,1
/media/ullmann/HDDGabriel/research/engines/gameplay/gameplay-deps/bullet-2.82-r2704/Extras/sph/common/matrix-inline.h,1,0,1
/media/ullmann/HDDGabriel/research/engines/gameplay/tools/luagen/src/Generator.cpp,1,0,1
/media/ullmann/HDDGabriel/research/engines/gameplay/gameplay-deps/libjson-7.6.1/_internal/TestSuite2/JSONDebug/JSON_ASSERT_SAFE.cpp,2,0,2
/media/ullmann/HDDGabriel/research/engines/gameplay/gameplay-deps/bullet-2.82-r2704/Extras/sph/common/vector-inline.h,1,0,1
/media/ullmann/HDDGabriel/research/engines/gameplay/gameplay-deps/bullet-2.82-r2704/Demos/FractureDemo/btFractureDynamicsWorld.h,0,2,2
/media/ullmann/HDDGabriel/research/engines/gameplay/gameplay/src/Game.inl,0,1,1
/media/ullmann/HDDGabriel/research/engines/gameplay/gameplay/src/MeshBatch.inl,0,1,1
/media/ullmann/HDDGabriel/research/engines/gameplay/gameplay-deps/bullet-2.82-r2704/src/BulletMultiThreaded/GpuSoftBodySolvers/DX11/HLSL/SolvePositionsSIMDBatched.hlsl,0,1,1
/media/ullmann/HDDGabriel/research/engines/gameplay/gameplay-deps/bullet-2.82-r2704/Demos/SerializeDemo/SerializeDemo.cpp,1,0,1
/media/ullmann/HDDGabriel/research/engines/gameplay/gameplay-deps/bullet-2.82-r2704/Demos/Gpu2dDemo/btGpuDemo2dSharedCode.h,0,1,1
/media/ullmann/HDDGabriel/research/engines/gameplay/gameplay-deps/freetype-2.4.5/src/type42/t42parse.c,2,1,3
/media/ullmann/HDDGabriel/research/engines/gameplay/gameplay-deps/curl-7.39.0/src/tool_bname.c,2,0,2
/media/ullmann/HDDGabriel/research/engines/gameplay/gameplay-deps/bullet-2.82-r2704/src/BulletMultiThreaded/GpuSoftBodySolvers/DX11/HLSL/solveCollisionsAndUpdateVelocitiesSIMDBatched.hlsl,0,1,1
/media/ullmann/HDDGabriel/research/engines/gameplay/gameplay-deps/theora-1.1.1/examples/encoder_example.c,1,0,1
/media/ullmann/HDDGabriel/research/engines/gameplay/gameplay-deps/curl-7.39.0/tests/unit/unit1398.c,1,0,1
/media/ullmann/HDDGabriel/research/engines/gameplay/gameplay-deps/bullet-2.82-r2704/Demos/InternalEdgeDemo/Win32InternalEdgeDemo.cpp,1,0,1
/media/ullmann/HDDGabriel/research/engines/gameplay/gameplay-deps/openal-1.16.0/utils/alsoft-config/main.cpp,1,0,1
/media/ullmann/HDDGabriel/research/engines/gameplay/gameplay-deps/theora-1.1.1/tests/granulepos.c,1,0,1
/media/ullmann/HDDGabriel/research/engines/gameplay/gameplay-deps/bullet-2.82-r2704/Extras/ConvexDecomposition/fitsphere.h,0,3,3
/media/ullmann/HDDGabriel/research/engines/gameplay/gameplay-deps/png-1.6.15/pngmem.c,1,0,1
/media/ullmann/HDDGabriel/research/engines/gameplay/gameplay/src/lua/lua_PhysicsCollisionObject.cpp,1,0,1
/media/ullmann/HDDGabriel/research/engines/gameplay/gameplay-deps/bullet-2.82-r2704/Extras/Serialize/BulletFileLoader/bChunk.cpp,3,0,3
/media/ullmann/HDDGabriel/research/engines/gameplay/external-deps/include/BulletDynamics/ConstraintSolver/btGearConstraint.h,0,1,1
/media/ullmann/HDDGabriel/research/engines/gameplay/gameplay/src/Ray.inl,0,1,1
/media/ullmann/HDDGabriel/research/engines/gameplay/gameplay-deps/libjson-7.6.1/_internal/TestSuite/TestString.cpp,1,0,1
/media/ullmann/HDDGabriel/research/engines/gameplay/gameplay-deps/openal-1.16.0/examples/common/alhelpers.c,1,0,1
/media/ullmann/HDDGabriel/research/engines/gameplay/gameplay-deps/curl-7.39.0/include/curl/curlrules.h,0,1,1
/media/ullmann/HDDGabriel/research/engines/gameplay/gameplay-deps/bullet-2.82-r2704/src/BulletMultiThreaded/GpuSoftBodySolvers/DX11/HLSL/UpdateNormals.hlsl,0,2,2
/media/ullmann/HDDGabriel/research/engines/gameplay/gameplay-deps/bullet-2.82-r2704/Demos/MultiMaterialDemo/main.cpp,1,0,1
/media/ullmann/HDDGabriel/research/engines/gameplay/gameplay-deps/png-1.6.15/pngwio.c,1,0,1
/media/ullmann/HDDGabriel/research/engines/gameplay/gameplay-deps/bullet-2.82-r2704/Demos/FractureDemo/main.cpp,1,0,1
/media/ullmann/HDDGabriel/research/engines/gameplay/samples/browser/src/SceneLoadSample.h,1,1,2
/media/ullmann/HDDGabriel/research/engines/gameplay/samples/browser/src/SpriteSample.h,1,1,2
/media/ullmann/HDDGabriel/research/engines/gameplay/gameplay-deps/theora-1.1.1/win32/getopt.c,1,0,1
/media/ullmann/HDDGabriel/research/engines/gameplay/gameplay-deps/freetype-2.4.5/src/smooth/smooth.c,3,0,3
/media/ullmann/HDDGabriel/research/engines/gameplay/gameplay-deps/bullet-2.82-r2704/src/BulletCollision/Gimpact/gim_contact.cpp,1,0,1
/media/ullmann/HDDGabriel/research/engines/gameplay/gameplay-deps/curl-7.39.0/tests/libtest/libauthretry.c,1,0,1
/media/ullmann/HDDGabriel/research/engines/gameplay/gameplay-deps/bullet-2.82-r2704/src/BulletDynamics/Featherstone/btMultiBodySolverConstraint.h,0,2,2
/media/ullmann/HDDGabriel/research/engines/gameplay/gameplay/src/lua/lua_Control.cpp,1,0,1
/media/ullmann/HDDGabriel/research/engines/gameplay/gameplay-deps/curl-7.39.0/tests/libtest/lib1514.c,1,0,1
/media/ullmann/HDDGabriel/research/engines/gameplay/gameplay-deps/freetype-2.4.5/src/gzip/zconf.h,0,1,1
/media/ullmann/HDDGabriel/research/engines/gameplay/gameplay/src/PhysicsConstraint.inl,0,1,1
/media/ullmann/HDDGabriel/research/engines/gameplay/gameplay-deps/curl-7.39.0/tests/libtest/lib574.c,1,0,1
/media/ullmann/HDDGabriel/research/engines/gameplay/external-deps/include/BulletDynamics/Dynamics/btDynamicsWorld.h,0,2,2
/media/ullmann/HDDGabriel/research/engines/gameplay/gameplay-deps/curl-7.39.0/tests/unit/unit1301.c,1,0,1
/media/ullmann/HDDGabriel/research/engines/gameplay/gameplay-deps/bullet-2.82-r2704/src/BulletMultiThreaded/btGpuDefines.h,0,1,1
/media/ullmann/HDDGabriel/research/engines/gameplay/gameplay-deps/bullet-2.82-r2704/src/BulletMultiThreaded/GpuSoftBodySolvers/DX11/HLSL/PrepareLinks.hlsl,0,1,1
/media/ullmann/HDDGabriel/research/engines/gameplay/gameplay-deps/bullet-2.82-r2704/src/BulletCollision/BroadphaseCollision/btQuantizedBvh.cpp,1,0,1
/media/ullmann/HDDGabriel/research/engines/gameplay/gameplay-deps/bullet-2.82-r2704/src/BulletCollision/BroadphaseCollision/btQuantizedBvh.h,0,2,2
/media/ullmann/HDDGabriel/research/engines/gameplay/gameplay/src/lua/lua_Game.cpp,1,0,1
/media/ullmann/HDDGabriel/research/engines/gameplay/gameplay-deps/zlib-1.2.8/gzclose.c,1,0,1
/media/ullmann/HDDGabriel/research/engines/gameplay/gameplay-deps/bullet-2.82-r2704/Extras/sph/common/matrix.cpp,1,0,1
/media/ullmann/HDDGabriel/research/engines/gameplay/gameplay-deps/bullet-2.82-r2704/Extras/CDTestFramework/Opcode/OPC_PlanesCollider.cpp,2,0,2
/media/ullmann/HDDGabriel/research/engines/gameplay/gameplay-deps/bullet-2.82-r2704/Extras/CDTestFramework/Opcode/OPC_PlanesTriOverlap.h,0,1,1
/media/ullmann/HDDGabriel/research/engines/gameplay/external-deps/include/BulletDynamics/ConstraintSolver/btSliderConstraint.h,2,1,3
/media/ullmann/HDDGabriel/research/engines/gameplay/gameplay/src/lua/lua_Bundle.cpp,1,0,1
/media/ullmann/HDDGabriel/research/engines/gameplay/gameplay-deps/libjson-7.6.1/_internal/TestSuite/TestStreams.cpp,1,0,1
/media/ullmann/HDDGabriel/research/engines/gameplay/gameplay-deps/bullet-2.82-r2704/src/BulletCollision/Gimpact/btQuantization.h,0,1,1
/media/ullmann/HDDGabriel/research/engines/gameplay/gameplay-deps/curl-7.39.0/tests/libtest/lib513.c,1,0,1
/media/ullmann/HDDGabriel/research/engines/gameplay/gameplay-deps/bullet-2.82-r2704/src/BulletCollision/CollisionShapes/btConvex2dShape.cpp,1,0,1
/media/ullmann/HDDGabriel/research/engines/gameplay/gameplay-deps/bullet-2.82-r2704/src/BulletCollision/CollisionShapes/btConvex2dShape.h,0,1,1
/media/ullmann/HDDGabriel/research/engines/gameplay/gameplay-deps/vorbis-1.3.4/lib/modes/setup_44p51.h,0,1,1
/media/ullmann/HDDGabriel/research/engines/gameplay/gameplay-deps/freetype-2.4.5/src/psnames/psnamerr.h,0,1,1
/media/ullmann/HDDGabriel/research/engines/gameplay/gameplay/src/lua/lua_Light.cpp,1,0,1
/media/ullmann/HDDGabriel/research/engines/gameplay/gameplay-deps/bullet-2.82-r2704/Test/Source/Tests/Test_v3norm.cpp,1,0,1
/media/ullmann/HDDGabriel/research/engines/gameplay/gameplay-deps/bullet-2.82-r2704/Test/Source/Tests/Test_v3norm.h,0,1,1
/media/ullmann/HDDGabriel/research/engines/gameplay/gameplay/src/lua/lua_MeshBatch.cpp,1,0,1
/media/ullmann/HDDGabriel/research/engines/gameplay/gameplay/src/lua/lua_VerticalLayout.cpp,1,0,1
/media/ullmann/HDDGabriel/research/engines/gameplay/gameplay/src/lua/lua_VerticalLayout.h,0,2,2
/media/ullmann/HDDGabriel/research/engines/gameplay/gameplay-deps/zlib-1.2.8/contrib/minizip/zip.c,2,0,2
/media/ullmann/HDDGabriel/research/engines/gameplay/gameplay-deps/zlib-1.2.8/contrib/minizip/zip.h,1,2,3
/media/ullmann/HDDGabriel/research/engines/gameplay/gameplay-deps/curl-7.39.0/packages/vms/curlmsg_vms.h,1,0,1
/media/ullmann/HDDGabriel/research/engines/gameplay/gameplay-deps/curl-7.39.0/packages/vms/curlmsg.h,0,1,1
/media/ullmann/HDDGabriel/research/engines/gameplay/external-deps/include/BulletCollision/CollisionShapes/btMultiSphereShape.h,1,1,2
/media/ullmann/HDDGabriel/research/engines/gameplay/gameplay-deps/curl-7.39.0/tests/server/resolve.c,2,0,2
/media/ullmann/HDDGabriel/research/engines/gameplay/gameplay-deps/curl-7.39.0/tests/unit/unit1302.c,1,0,1
/media/ullmann/HDDGabriel/research/engines/gameplay/gameplay-deps/curl-7.39.0/tests/libtest/lib591.c,2,0,2
/media/ullmann/HDDGabriel/research/engines/gameplay/gameplay-deps/libjson-7.6.1/_internal/TestSuite2/NumberToString/_areFloatsEqual.cpp,2,0,2
/media/ullmann/HDDGabriel/research/engines/gameplay/gameplay-deps/png-1.6.15/contrib/libtests/pngunknown.c,1,0,1
/media/ullmann/HDDGabriel/research/engines/gameplay/gameplay-deps/bullet-2.82-r2704/src/BulletCollision/CollisionDispatch/btUnionFind.cpp,1,0,1
/media/ullmann/HDDGabriel/research/engines/gameplay/gameplay-deps/bullet-2.82-r2704/src/BulletCollision/CollisionDispatch/btUnionFind.h,0,1,1
/media/ullmann/HDDGabriel/research/engines/gameplay/gameplay-deps/bullet-2.82-r2704/src/BulletCollision/CollisionShapes/btTriangleIndexVertexMaterialArray.cpp,1,0,1
/media/ullmann/HDDGabriel/research/engines/gameplay/gameplay-deps/bullet-2.82-r2704/Test/Source/Tests/Test_dot3.cpp,1,0,1
/media/ullmann/HDDGabriel/research/engines/gameplay/gameplay-deps/bullet-2.82-r2704/Test/Source/Tests/Test_dot3.h,0,1,1
/media/ullmann/HDDGabriel/research/engines/gameplay/gameplay-deps/curl-7.39.0/tests/unit/unit1303.c,1,0,1
/media/ullmann/HDDGabriel/research/engines/gameplay/samples/browser/src/GestureSample.h,1,1,2
/media/ullmann/HDDGabriel/research/engines/gameplay/gameplay-deps/bullet-2.82-r2704/Test/Source/TestList.cpp,1,0,1
/media/ullmann/HDDGabriel/research/engines/gameplay/gameplay-deps/freetype-2.4.5/src/sfnt/ttpost.h,0,2,2
/media/ullmann/HDDGabriel/research/engines/gameplay/tools/encoder/src/Vector4.inl,0,1,1
/media/ullmann/HDDGabriel/research/engines/gameplay/gameplay/src/lua/lua_AnimationClip.cpp,1,0,1
/media/ullmann/HDDGabriel/research/engines/gameplay/gameplay-deps/bullet-2.82-r2704/src/BulletCollision/CollisionShapes/btUniformScalingShape.cpp,1,0,1
/media/ullmann/HDDGabriel/research/engines/gameplay/gameplay-deps/freetype-2.4.5/src/raster/ftmisc.h,0,1,1
/media/ullmann/HDDGabriel/research/engines/gameplay/gameplay-deps/freetype-2.4.5/src/base/fttrigon.c,0,1,1
/media/ullmann/HDDGabriel/research/engines/gameplay/gameplay-deps/libjson-7.6.1/_internal/TestSuite/TestNamespace.cpp,2,0,2
/media/ullmann/HDDGabriel/research/engines/gameplay/gameplay/src/lua/lua_SpriteBatchSpriteVertex.cpp,1,0,1
/media/ullmann/HDDGabriel/research/engines/gameplay/gameplay/src/lua/lua_SpriteBatchSpriteVertex.h,0,2,2
/media/ullmann/HDDGabriel/research/engines/gameplay/gameplay-deps/bullet-2.82-r2704/src/BulletMultiThreaded/SpuCollisionObjectWrapper.cpp,1,0,1
/media/ullmann/HDDGabriel/research/engines/gameplay/gameplay-deps/curl-7.39.0/tests/libtest/lib1506.c,2,0,2
/media/ullmann/HDDGabriel/research/engines/gameplay/gameplay-deps/bullet-2.82-r2704/Demos/VoronoiFractureDemo/VoronoiFractureDemo.cpp,1,0,1
/media/ullmann/HDDGabriel/research/engines/gameplay/external-deps/include/BulletCollision/Gimpact/btBoxCollision.h,0,3,3
/media/ullmann/HDDGabriel/research/engines/gameplay/gameplay-deps/theora-1.1.1/lib/decinfo.c,1,0,1
/media/ullmann/HDDGabriel/research/engines/gameplay/gameplay-deps/openal-1.16.0/OpenAL32/Include/alError.h,1,0,1
/media/ullmann/HDDGabriel/research/engines/gameplay/gameplay/src/lua/lua_Uniform.cpp,1,0,1
/media/ullmann/HDDGabriel/research/engines/gameplay/gameplay/src/lua/lua_Uniform.h,0,2,2
/media/ullmann/HDDGabriel/research/engines/gameplay/gameplay-deps/curl-7.39.0/tests/libtest/lib1509.c,2,0,2
/media/ullmann/HDDGabriel/research/engines/gameplay/gameplay/src/VerticalLayout.cpp,2,0,2
/media/ullmann/HDDGabriel/research/engines/gameplay/gameplay-deps/curl-7.39.0/tests/libtest/lib521.c,1,0,1
/media/ullmann/HDDGabriel/research/engines/gameplay/gameplay-deps/png-1.6.15/contrib/tools/makesRGB.c,2,0,2
/media/ullmann/HDDGabriel/research/engines/gameplay/gameplay-deps/curl-7.39.0/lib/rawstr.c,2,0,2
/media/ullmann/HDDGabriel/research/engines/gameplay/gameplay/src/lua/lua_FileSystem.cpp,1,0,1
/media/ullmann/HDDGabriel/research/engines/gameplay/gameplay/src/lua/lua_FileSystem.h,0,2,2
/media/ullmann/HDDGabriel/research/engines/gameplay/gameplay-deps/zlib-1.2.8/contrib/minizip/minizip.c,1,0,1
/media/ullmann/HDDGabriel/research/engines/gameplay/gameplay-deps/png-1.6.15/pngstruct.h,0,1,1
/media/ullmann/HDDGabriel/research/engines/gameplay/gameplay-deps/curl-7.39.0/tests/libtest/lib520.c,1,0,1
/media/ullmann/HDDGabriel/research/engines/gameplay/gameplay-deps/bullet-2.82-r2704/src/BulletMultiThreaded/btThreadSupportInterface.cpp,1,0,1
/media/ullmann/HDDGabriel/research/engines/gameplay/gameplay/src/lua/lua_Animation.cpp,1,0,1
/media/ullmann/HDDGabriel/research/engines/gameplay/gameplay/src/lua/lua_PhysicsFixedConstraint.cpp,1,0,1
/media/ullmann/HDDGabriel/research/engines/gameplay/gameplay-deps/freetype-2.4.5/src/sfnt/ttcmapc.h,0,1,1
/media/ullmann/HDDGabriel/research/engines/gameplay/gameplay/src/lua/lua_ThemeThemeImage.cpp,1,0,1
/media/ullmann/HDDGabriel/research/engines/gameplay/gameplay/src/lua/lua_CheckBox.cpp,1,0,1
/media/ullmann/HDDGabriel/research/engines/gameplay/external-deps/include/json/_internal/Source/JSONStream.h,2,0,2
/media/ullmann/HDDGabriel/research/engines/gameplay/gameplay-deps/curl-7.39.0/lib/vtls/curl_schannel.c,2,0,2
/media/ullmann/HDDGabriel/research/engines/gameplay/gameplay/src/lua/lua_ScriptTarget.cpp,1,0,1
/media/ullmann/HDDGabriel/research/engines/gameplay/gameplay-deps/bullet-2.82-r2704/src/BulletMultiThreaded/GpuSoftBodySolvers/OpenCL/OpenCLC10/SolveCollisionsAndUpdateVelocitiesSIMDBatched.cl,0,1,1
/media/ullmann/HDDGabriel/research/engines/gameplay/gameplay-deps/libjson-7.6.1/_internal/Source/JSONChildren.cpp,2,0,2
/media/ullmann/HDDGabriel/research/engines/gameplay/gameplay-deps/bullet-2.82-r2704/Demos/BspDemo/BspConverter.h,0,3,3
/media/ullmann/HDDGabriel/research/engines/gameplay/gameplay-deps/zlib-1.2.8/contrib/infback9/inftree9.c,1,0,1
/media/ullmann/HDDGabriel/research/engines/gameplay/gameplay-deps/theora-1.1.1/lib/enquant.c,1,0,1
/media/ullmann/HDDGabriel/research/engines/gameplay/gameplay-deps/freetype-2.4.5/src/gxvalid/gxvmod.h,0,1,1
/media/ullmann/HDDGabriel/research/engines/gameplay/gameplay-deps/vorbis-1.3.4/macos/compat/strdup.c,1,0,1
/media/ullmann/HDDGabriel/research/engines/gameplay/gameplay-deps/vorbis-1.3.4/macos/compat/sys/types.h,0,1,1
/media/ullmann/HDDGabriel/research/engines/gameplay/external-deps/include/BulletDynamics/Character/btKinematicCharacterController.h,1,0,1
/media/ullmann/HDDGabriel/research/engines/gameplay/external-deps/include/BulletDynamics/Character/btCharacterControllerInterface.h,0,1,1
/media/ullmann/HDDGabriel/research/engines/gameplay/samples/browser/src/ParticlesSample.cpp,2,0,2
/media/ullmann/HDDGabriel/research/engines/gameplay/samples/browser/src/ParticlesSample.h,1,1,2
/media/ullmann/HDDGabriel/research/engines/gameplay/tools/encoder/src/Vertex.cpp,2,0,2
/media/ullmann/HDDGabriel/research/engines/gameplay/gameplay-deps/vorbis-1.3.4/lib/modes/setup_44u.h,0,1,1
/media/ullmann/HDDGabriel/research/engines/gameplay/gameplay-deps/bullet-2.82-r2704/src/BulletDynamics/ConstraintSolver/btGearConstraint.cpp,1,0,1
/media/ullmann/HDDGabriel/research/engines/gameplay/gameplay-deps/bullet-2.82-r2704/Test/Source/Tests/Test_3x3mulVM.cpp,1,0,1
/media/ullmann/HDDGabriel/research/engines/gameplay/gameplay-deps/bullet-2.82-r2704/Test/Source/Tests/Test_3x3mulVM.h,0,1,1
/media/ullmann/HDDGabriel/research/engines/gameplay/gameplay-deps/curl-7.39.0/lib/vtls/cyassl.c,2,0,2
/media/ullmann/HDDGabriel/research/engines/gameplay/gameplay-deps/curl-7.39.0/src/tool_panykey.c,2,0,2
/media/ullmann/HDDGabriel/research/engines/gameplay/gameplay-deps/png-1.6.15/pnginfo.h,0,1,1
/media/ullmann/HDDGabriel/research/engines/gameplay/gameplay-deps/bullet-2.82-r2704/src/BulletCollision/CollisionShapes/btConvexInternalShape.cpp,1,0,1
/media/ullmann/HDDGabriel/research/engines/gameplay/gameplay/src/lua/lua_DepthStencilTarget.cpp,1,0,1
/media/ullmann/HDDGabriel/research/engines/gameplay/gameplay-deps/bullet-2.82-r2704/Demos/DX11ClothDemo/DXUT/Core/DXUTDevice11.cpp,1,0,1
/media/ullmann/HDDGabriel/research/engines/gameplay/gameplay-deps/base64-1.0.0/base64.cpp,1,0,1
/media/ullmann/HDDGabriel/research/engines/gameplay/gameplay-deps/base64-1.0.0/base64.h,0,1,1
/media/ullmann/HDDGabriel/research/engines/gameplay/gameplay-deps/bullet-2.82-r2704/src/BulletCollision/CollisionDispatch/btSphereBoxCollisionAlgorithm.cpp,1,0,1
/media/ullmann/HDDGabriel/research/engines/gameplay/gameplay-deps/freetype-2.4.5/builds/vms/ftsystem.c,1,0,1
/media/ullmann/HDDGabriel/research/engines/gameplay/gameplay-deps/freetype-2.4.5/builds/vms/ftconfig.h,0,1,1
/media/ullmann/HDDGabriel/research/engines/gameplay/gameplay/src/lua/lua_Rectangle.cpp,1,0,1
/media/ullmann/HDDGabriel/research/engines/gameplay/gameplay-deps/bullet-2.82-r2704/Demos/RollingFrictionDemo/Win32RollingFrictionDemo.cpp,1,0,1
/media/ullmann/HDDGabriel/research/engines/gameplay/gameplay/src/Image.inl,0,1,1
/media/ullmann/HDDGabriel/research/engines/gameplay/gameplay-deps/bullet-2.82-r2704/Extras/ConvexDecomposition/fitsphere.cpp,1,0,1
/media/ullmann/HDDGabriel/research/engines/gameplay/gameplay/src/lua/lua_ScriptController.cpp,1,0,1
/media/ullmann/HDDGabriel/research/engines/gameplay/external-deps/include/BulletDynamics/Vehicle/btWheelInfo.h,0,1,1
/media/ullmann/HDDGabriel/research/engines/gameplay/gameplay-deps/curl-7.39.0/src/tool_strdup.h,1,1,2
/media/ullmann/HDDGabriel/research/engines/gameplay/gameplay-deps/bullet-2.82-r2704/src/BulletCollision/CollisionDispatch/btHashedSimplePairCache.cpp,1,0,1
/media/ullmann/HDDGabriel/research/engines/gameplay/gameplay-deps/bullet-2.82-r2704/src/BulletCollision/CollisionDispatch/btHashedSimplePairCache.h,0,1,1
/media/ullmann/HDDGabriel/research/engines/gameplay/gameplay/src/lua/lua_PhysicsCollisionObjectCollisionPair.cpp,1,0,1
/media/ullmann/HDDGabriel/research/engines/gameplay/gameplay/src/Sprite.cpp,3,0,3
/media/ullmann/HDDGabriel/research/engines/gameplay/gameplay-deps/curl-7.39.0/tests/libtest/sethostname.c,1,0,1
/media/ullmann/HDDGabriel/research/engines/gameplay/gameplay-deps/curl-7.39.0/tests/libtest/sethostname.h,0,1,1
/media/ullmann/HDDGabriel/research/engines/gameplay/gameplay-deps/bullet-2.82-r2704/src/LinearMath/btPolarDecomposition.h,1,1,2
/media/ullmann/HDDGabriel/research/engines/gameplay/gameplay-deps/freetype-2.4.5/src/otvalid/otvmod.h,0,1,1
/media/ullmann/HDDGabriel/research/engines/gameplay/gameplay-deps/bullet-2.82-r2704/UnitTests/BulletUnitTests/TestBulletOnly.h,0,1,1
/media/ullmann/HDDGabriel/research/engines/gameplay/gameplay-deps/bullet-2.82-r2704/Demos/MultiThreadedDemo/main.cpp,1,0,1
/media/ullmann/HDDGabriel/research/engines/gameplay/gameplay-deps/png-1.6.15/pngpread.c,1,0,1
/media/ullmann/HDDGabriel/research/engines/gameplay/external-deps/include/BulletCollision/Gimpact/btClipPolygon.h,0,1,1
/media/ullmann/HDDGabriel/research/engines/gameplay/gameplay/src/lua/lua_PhysicsGenericConstraint.cpp,1,0,1
/media/ullmann/HDDGabriel/research/engines/gameplay/gameplay/src/lua/lua_PhysicsGenericConstraint.h,0,2,2
/media/ullmann/HDDGabriel/research/engines/gameplay/gameplay-deps/bullet-2.82-r2704/Extras/sph/common/mtime.h,0,1,1
/media/ullmann/HDDGabriel/research/engines/gameplay/gameplay/src/lua/lua_AnimationController.cpp,1,0,1
/media/ullmann/HDDGabriel/research/engines/gameplay/tools/encoder/src/Model.cpp,2,0,2
/media/ullmann/HDDGabriel/research/engines/gameplay/gameplay-deps/curl-7.39.0/tests/libtest/lib570.c,1,0,1
/media/ullmann/HDDGabriel/research/engines/gameplay/gameplay-deps/bullet-2.82-r2704/Demos/VehicleDemo/VehicleDemo.cpp,1,0,1
/media/ullmann/HDDGabriel/research/engines/gameplay/gameplay-deps/bullet-2.82-r2704/Demos/DX11ClothDemo/DXUT/Optional/SDKmisc.h,0,1,1
/media/ullmann/HDDGabriel/research/engines/gameplay/samples/browser/src/PostProcessSample.h,1,1,2
/media/ullmann/HDDGabriel/research/engines/gameplay/gameplay-deps/bullet-2.82-r2704/Extras/HACD/hacdCircularList.inl,0,1,1
/media/ullmann/HDDGabriel/research/engines/gameplay/gameplay-deps/bullet-2.82-r2704/Demos/NativeClient/scripting_bridge.cc,1,0,1
/media/ullmann/HDDGabriel/research/engines/gameplay/external-deps/include/LinearMath/btPolarDecomposition.h,1,0,1
/media/ullmann/HDDGabriel/research/engines/gameplay/gameplay-deps/bullet-2.82-r2704/Demos/RagdollDemo/main.cpp,1,0,1
/media/ullmann/HDDGabriel/research/engines/gameplay/external-deps/include/BulletCollision/NarrowPhaseCollision/btConvexCast.h,0,3,3
/media/ullmann/HDDGabriel/research/engines/gameplay/gameplay-deps/curl-7.39.0/tests/libtest/lib557.c,1,0,1
/media/ullmann/HDDGabriel/research/engines/gameplay/gameplay-deps/png-1.6.15/contrib/libtests/makepng.c,1,0,1
/media/ullmann/HDDGabriel/research/engines/gameplay/gameplay-deps/curl-7.39.0/tests/unit/unit1397.c,1,0,1
/media/ullmann/HDDGabriel/research/engines/gameplay/gameplay-deps/bullet-2.82-r2704/src/BulletCollision/BroadphaseCollision/btAxisSweep3.cpp,1,0,1
/media/ullmann/HDDGabriel/research/engines/gameplay/gameplay-deps/tinyxml2-2.1.0/tinyxml2.cpp,1,0,1
/media/ullmann/HDDGabriel/research/engines/gameplay/gameplay-deps/tinyxml2-2.1.0/tinyxml2.h,0,2,2
/media/ullmann/HDDGabriel/research/engines/gameplay/gameplay-deps/theora-1.1.1/lib/x86/sse2fdct.c,1,0,1
/media/ullmann/HDDGabriel/research/engines/gameplay/external-deps/include/BulletDynamics/Dynamics/btDiscreteDynamicsWorld.h,1,1,2
/media/ullmann/HDDGabriel/research/engines/gameplay/gameplay-deps/png-1.6.15/contrib/examples/pngtopng.c,1,0,1
/media/ullmann/HDDGabriel/research/engines/gameplay/gameplay/src/lua/lua_MaterialParameter.cpp,1,0,1
/media/ullmann/HDDGabriel/research/engines/gameplay/gameplay/src/lua/lua_Label.h,0,2,2
/media/ullmann/HDDGabriel/research/engines/gameplay/gameplay-deps/bullet-2.82-r2704/UnitTests/BulletUnitTests/btCholeskyDecomposition.cpp,1,0,1
/media/ullmann/HDDGabriel/research/engines/gameplay/gameplay-deps/zlib-1.2.8/contrib/iostream3/zfstream.cc,1,0,1
/media/ullmann/HDDGabriel/research/engines/gameplay/gameplay/src/DebugNew.cpp,1,0,1
/media/ullmann/HDDGabriel/research/engines/gameplay/gameplay-deps/curl-7.39.0/tests/libtest/lib543.c,1,0,1
/media/ullmann/HDDGabriel/research/engines/gameplay/gameplay-deps/curl-7.39.0/lib/setup-vms.h,0,1,1
/media/ullmann/HDDGabriel/research/engines/gameplay/gameplay-deps/bullet-2.82-r2704/src/BulletDynamics/ConstraintSolver/btConeTwistConstraint.cpp,1,0,1
/media/ullmann/HDDGabriel/research/engines/gameplay/gameplay-deps/libjson-7.6.1/_internal/Source/JSONWorker.cpp,1,0,1
/media/ullmann/HDDGabriel/research/engines/gameplay/external-deps/include/BulletCollision/Gimpact/btContactProcessing.h,1,0,1
/media/ullmann/HDDGabriel/research/engines/gameplay/gameplay-deps/curl-7.39.0/tests/server/testpart.c,2,0,2
/media/ullmann/HDDGabriel/research/engines/gameplay/gameplay-deps/bullet-2.82-r2704/Extras/ConvexDecomposition/raytri.cpp,2,0,2
/media/ullmann/HDDGabriel/research/engines/gameplay/gameplay-deps/vorbis-1.3.4/vq/metrics.c,1,0,1
/media/ullmann/HDDGabriel/research/engines/gameplay/gameplay-deps/bullet-2.82-r2704/Demos/BasicDemo/main.cpp,1,0,1
/media/ullmann/HDDGabriel/research/engines/gameplay/external-deps/include/BulletDynamics/Featherstone/btMultiBodySolverConstraint.h,0,2,2
/media/ullmann/HDDGabriel/research/engines/gameplay/gameplay/src/lua/lua_PhysicsCollisionShape.h,0,2,2
/media/ullmann/HDDGabriel/research/engines/gameplay/gameplay-deps/libjson-7.6.1/_internal/Source/JSONNode.cpp,1,0,1
/media/ullmann/HDDGabriel/research/engines/gameplay/gameplay-deps/bullet-2.82-r2704/Demos/GyroscopicDemo/main.cpp,1,0,1
/media/ullmann/HDDGabriel/research/engines/gameplay/gameplay/src/lua/lua_RadioButton.cpp,1,0,1
/media/ullmann/HDDGabriel/research/engines/gameplay/gameplay/src/lua/lua_Label.cpp,1,0,1
/media/ullmann/HDDGabriel/research/engines/gameplay/gameplay-deps/curl-7.39.0/tests/libtest/lib515.c,1,0,1
/media/ullmann/HDDGabriel/research/engines/gameplay/gameplay-deps/freetype-2.4.5/src/cid/cidriver.h,0,1,1
/media/ullmann/HDDGabriel/research/engines/gameplay/gameplay-deps/theora-1.1.1/lib/x86_vc/mmxfrag.c,2,0,2
/media/ullmann/HDDGabriel/research/engines/gameplay/gameplay-deps/vorbis-1.3.4/include/vorbis/vorbisenc.h,1,0,1
/media/ullmann/HDDGabriel/research/engines/gameplay/gameplay-deps/bullet-2.82-r2704/src/BulletCollision/BroadphaseCollision/btDispatcher.cpp,1,0,1
/media/ullmann/HDDGabriel/research/engines/gameplay/gameplay-deps/bullet-2.82-r2704/Extras/HACD/hacdICHull.cpp,1,0,1
/media/ullmann/HDDGabriel/research/engines/gameplay/gameplay-deps/freetype-2.4.5/src/type42/t42drivr.h,0,1,1
/media/ullmann/HDDGabriel/research/engines/gameplay/gameplay-deps/bullet-2.82-r2704/src/BulletCollision/Gimpact/btGImpactMassUtil.h,0,1,1
/media/ullmann/HDDGabriel/research/engines/gameplay/gameplay-deps/bullet-2.82-r2704/Demos/Gpu2dDemo/main.cpp,1,0,1
/media/ullmann/HDDGabriel/research/engines/gameplay/gameplay-deps/bullet-2.82-r2704/Extras/CDTestFramework/stdafx.cpp,1,0,1
/media/ullmann/HDDGabriel/research/engines/gameplay/gameplay/src/lua/lua_Slider.cpp,1,0,1
/media/ullmann/HDDGabriel/research/engines/gameplay/gameplay-deps/openal-1.16.0/examples/allatency.c,2,0,2
/media/ullmann/HDDGabriel/research/engines/gameplay/external-deps/include/pnglibconf.h,0,1,1
/media/ullmann/HDDGabriel/research/engines/gameplay/gameplay-deps/bullet-2.82-r2704/Demos/GenericJointDemo/main.cpp,1,0,1
/media/ullmann/HDDGabriel/research/engines/gameplay/gameplay/src/lua/lua_Mesh.cpp,1,0,1
/media/ullmann/HDDGabriel/research/engines/gameplay/gameplay/src/lua/lua_Mesh.h,0,2,2
/media/ullmann/HDDGabriel/research/engines/gameplay/gameplay-deps/bullet-2.82-r2704/Extras/CDTestFramework/Opcode/OPC_SphereTriOverlap.h,0,1,1
/media/ullmann/HDDGabriel/research/engines/gameplay/gameplay-deps/curl-7.39.0/tests/libtest/lib553.c,1,0,1
/media/ullmann/HDDGabriel/research/engines/gameplay/external-deps/include/BulletDynamics/Dynamics/btActionInterface.h,1,0,1
/media/ullmann/HDDGabriel/research/engines/gameplay/gameplay-deps/freetype-2.4.5/src/base/ftmac.c,1,1,2
/media/ullmann/HDDGabriel/research/engines/gameplay/gameplay-deps/freetype-2.4.5/src/base/ftbase.h,0,2,2
/media/ullmann/HDDGabriel/research/engines/gameplay/gameplay-deps/bullet-2.82-r2704/Demos/FractureDemo/btFractureBody.cpp,1,0,1
/media/ullmann/HDDGabriel/research/engines/gameplay/gameplay-deps/freetype-2.4.5/src/type1/t1tokens.h,0,1,1
/media/ullmann/HDDGabriel/research/engines/gameplay/gameplay-deps/bullet-2.82-r2704/src/vectormath/scalar/vec_aos.h,0,1,1
/media/ullmann/HDDGabriel/research/engines/gameplay/gameplay-deps/bullet-2.82-r2704/src/BulletCollision/CollisionDispatch/btConvexConvexAlgorithm.cpp,1,0,1
/media/ullmann/HDDGabriel/research/engines/gameplay/gameplay-deps/libjson-7.6.1/_internal/TestSuite2/JSONValidator/isValidObject.cpp,1,0,1
/media/ullmann/HDDGabriel/research/engines/gameplay/gameplay-deps/libjson-7.6.1/_internal/TestSuite2/JSONValidator/isValidObject.h,0,2,2
/media/ullmann/HDDGabriel/research/engines/gameplay/gameplay-deps/bullet-2.82-r2704/src/BulletSoftBody/btDefaultSoftBodySolver.cpp,1,0,1
/media/ullmann/HDDGabriel/research/engines/gameplay/gameplay-deps/bullet-2.82-r2704/src/BulletCollision/CollisionDispatch/btSimulationIslandManager.cpp,1,0,1
/media/ullmann/HDDGabriel/research/engines/gameplay/gameplay-deps/bullet-2.82-r2704/Demos/GyroscopicDemo/Win32GyroscopicDemo.cpp,1,0,1
/media/ullmann/HDDGabriel/research/engines/gameplay/gameplay-deps/bullet-2.82-r2704/Demos/DX11ClothDemo/DXUT/Optional/SDKsound.h,0,1,1
/media/ullmann/HDDGabriel/research/engines/gameplay/gameplay/src/lua/lua_Properties.cpp,1,0,1
/media/ullmann/HDDGabriel/research/engines/gameplay/gameplay/src/lua/lua_Form.cpp,1,0,1
/media/ullmann/HDDGabriel/research/engines/gameplay/gameplay-deps/bullet-2.82-r2704/Demos/DX11ClothDemo/DXUT/Core/DXUTmisc.h,0,1,1
/media/ullmann/HDDGabriel/research/engines/gameplay/gameplay-deps/png-1.6.15/pngerror.c,1,0,1
/media/ullmann/HDDGabriel/research/engines/gameplay/external-deps/include/BulletCollision/CollisionDispatch/btCollisionConfiguration.h,0,1,1
/media/ullmann/HDDGabriel/research/engines/gameplay/gameplay/src/lua/lua_Theme.cpp,1,0,1
/media/ullmann/HDDGabriel/research/engines/gameplay/external-deps/include/BulletCollision/NarrowPhaseCollision/btMinkowskiPenetrationDepthSolver.h,1,0,1
/media/ullmann/HDDGabriel/research/engines/gameplay/external-deps/include/BulletDynamics/ConstraintSolver/btSequentialImpulseConstraintSolver.h,0,1,1
/media/ullmann/HDDGabriel/research/engines/gameplay/gameplay-deps/zlib-1.2.8/crc32.h,0,1,1
/media/ullmann/HDDGabriel/research/engines/gameplay/gameplay-deps/bullet-2.82-r2704/Demos/DX11ClothDemo/DXUT/Optional/DXUTcamera.h,0,1,1
/media/ullmann/HDDGabriel/research/engines/gameplay/gameplay-deps/bullet-2.82-r2704/src/BulletCollision/CollisionShapes/btMinkowskiSumShape.cpp,1,0,1
/media/ullmann/HDDGabriel/research/engines/gameplay/gameplay-deps/bullet-2.82-r2704/Demos/ConvexDecompositionDemo/ConvexDecompositionDemo.cpp,1,0,1
/media/ullmann/HDDGabriel/research/engines/gameplay/gameplay-deps/curl-7.39.0/tests/libtest/lib1526.c,1,0,1
/media/ullmann/HDDGabriel/research/engines/gameplay/gameplay-deps/bullet-2.82-r2704/Extras/HACD/hacdVector.inl,0,1,1
/media/ullmann/HDDGabriel/research/engines/gameplay/gameplay-deps/bullet-2.82-r2704/Test/Source/Tests/Test_qtnorm.cpp,1,0,1
/media/ullmann/HDDGabriel/research/engines/gameplay/gameplay-deps/bullet-2.82-r2704/Test/Source/Tests/Test_qtnorm.h,0,1,1
/media/ullmann/HDDGabriel/research/engines/gameplay/gameplay-deps/png-1.6.15/contrib/gregbook/rpng-x.c,1,0,1
/media/ullmann/HDDGabriel/research/engines/gameplay/external-deps/include/BulletDynamics/Vehicle/btVehicleRaycaster.h,0,1,1
/media/ullmann/HDDGabriel/research/engines/gameplay/gameplay-deps/bullet-2.82-r2704/src/BulletDynamics/ConstraintSolver/btSliderConstraint.cpp,1,0,1
/media/ullmann/HDDGabriel/research/engines/gameplay/external-deps/include/BulletDynamics/Featherstone/btMultiBodyPoint2Point.h,1,0,1
/media/ullmann/HDDGabriel/research/engines/gameplay/gameplay-deps/bullet-2.82-r2704/Demos/FeatherstoneMultiBodyDemo/FeatherstoneMultiBodyDemo.cpp,1,0,1
/media/ullmann/HDDGabriel/research/engines/gameplay/gameplay-deps/bullet-2.82-r2704/src/BulletCollision/CollisionShapes/btConcaveShape.cpp,1,0,1
/media/ullmann/HDDGabriel/research/engines/gameplay/gameplay-deps/bullet-2.82-r2704/Demos/BspDemo/BspLoader.cpp,1,0,1
/media/ullmann/HDDGabriel/research/engines/gameplay/gameplay-deps/curl-7.39.0/tests/libtest/lib541.c,1,0,1
/media/ullmann/HDDGabriel/research/engines/gameplay/gameplay-deps/bullet-2.82-r2704/Demos/CellSpuDemo/BasicDemo2.cpp,1,0,1
/media/ullmann/HDDGabriel/research/engines/gameplay/gameplay-deps/bullet-2.82-r2704/Demos/CellSpuDemo/BasicDemo2.h,0,1,1
/media/ullmann/HDDGabriel/research/engines/gameplay/gameplay-deps/curl-7.39.0/lib/config-riscos.h,0,1,1
/media/ullmann/HDDGabriel/research/engines/gameplay/gameplay-deps/bullet-2.82-r2704/Demos/VoronoiFractureDemo/main.cpp,1,0,1
/media/ullmann/HDDGabriel/research/engines/gameplay/gameplay-deps/curl-7.39.0/tests/libtest/lib549.c,1,0,1
/media/ullmann/HDDGabriel/research/engines/gameplay/gameplay-deps/bullet-2.82-r2704/src/BulletCollision/BroadphaseCollision/btDbvt.cpp,1,0,1
/media/ullmann/HDDGabriel/research/engines/gameplay/gameplay-deps/bullet-2.82-r2704/src/BulletCollision/BroadphaseCollision/btDbvt.h,0,1,1
/media/ullmann/HDDGabriel/research/engines/gameplay/gameplay-deps/bullet-2.82-r2704/src/LinearMath/btAlignedAllocator.cpp,1,0,1
/media/ullmann/HDDGabriel/research/engines/gameplay/gameplay-deps/bullet-2.82-r2704/src/BulletCollision/CollisionShapes/btTriangleInfoMap.h,0,1,1
/media/ullmann/HDDGabriel/research/engines/gameplay/gameplay/src/lua/lua_Frustum.cpp,1,0,1
/media/ullmann/HDDGabriel/research/engines/gameplay/gameplay-deps/bullet-2.82-r2704/Extras/CDTestFramework/AntTweakBar/src/resource.h,0,1,1
/media/ullmann/HDDGabriel/research/engines/gameplay/gameplay-deps/freetype-2.4.5/src/winfonts/winfnt.h,0,1,1
/media/ullmann/HDDGabriel/research/engines/gameplay/gameplay-deps/zlib-1.2.8/contrib/minizip/ioapi.c,1,0,1
/media/ullmann/HDDGabriel/research/engines/gameplay/gameplay-deps/curl-7.39.0/lib/vtls/polarssl_threadlock.c,1,0,1
/media/ullmann/HDDGabriel/research/engines/gameplay/gameplay-deps/bullet-2.82-r2704/src/BulletDynamics/ConstraintSolver/btHinge2Constraint.cpp,1,0,1
/media/ullmann/HDDGabriel/research/engines/gameplay/gameplay-deps/bullet-2.82-r2704/Test/Source/Tests/Test_v3div.cpp,1,0,1
/media/ullmann/HDDGabriel/research/engines/gameplay/gameplay-deps/bullet-2.82-r2704/Test/Source/Tests/Test_v3div.h,0,1,1
/media/ullmann/HDDGabriel/research/engines/gameplay/gameplay-deps/bullet-2.82-r2704/src/BulletCollision/CollisionShapes/btBoxShape.cpp,1,0,1
/media/ullmann/HDDGabriel/research/engines/gameplay/gameplay-deps/bullet-2.82-r2704/Demos/GjkConvexCastDemo/LinearConvexCastDemo.cpp,1,0,1
/media/ullmann/HDDGabriel/research/engines/gameplay/gameplay-deps/bullet-2.82-r2704/Extras/glui/glui_column.cpp,1,0,1
/media/ullmann/HDDGabriel/research/engines/gameplay/gameplay-deps/curl-7.39.0/tests/libtest/lib1513.c,1,0,1
/media/ullmann/HDDGabriel/research/engines/gameplay/gameplay/src/lua/lua_CameraListener.cpp,1,0,1
/media/ullmann/HDDGabriel/research/engines/gameplay/gameplay-deps/freetype-2.4.5/src/base/ftdbgmem.c,0,1,1
/media/ullmann/HDDGabriel/research/engines/gameplay/gameplay-deps/png-1.6.15/pngwrite.c,1,0,1
/media/ullmann/HDDGabriel/research/engines/gameplay/gameplay-deps/png-1.6.15/pngrutil.c,1,0,1
/media/ullmann/HDDGabriel/research/engines/gameplay/gameplay-deps/freetype-2.4.5/src/pcf/pcf.h,0,2,2
/media/ullmann/HDDGabriel/research/engines/gameplay/gameplay-deps/theora-1.1.1/examples/dump_psnr.c,1,0,1
/media/ullmann/HDDGabriel/research/engines/gameplay/gameplay-deps/freetype-2.4.5/devel/ftoption.h,1,0,1
/media/ullmann/HDDGabriel/research/engines/gameplay/gameplay-deps/freetype-2.4.5/devel/ft2build.h,0,1,1
/media/ullmann/HDDGabriel/research/engines/gameplay/gameplay-deps/openal-1.16.0/OpenAL32/Include/alThunk.h,1,0,1
/media/ullmann/HDDGabriel/research/engines/gameplay/gameplay-deps/bullet-2.82-r2704/Demos/ConcaveDemo/ConcavePhysicsDemo.cpp,1,0,1
/media/ullmann/HDDGabriel/research/engines/gameplay/gameplay-deps/bullet-2.82-r2704/src/BulletCollision/CollisionShapes/btCylinderShape.cpp,1,0,1
/media/ullmann/HDDGabriel/research/engines/gameplay/gameplay-deps/bullet-2.82-r2704/Demos/Raytracer/main.cpp,1,0,1
/media/ullmann/HDDGabriel/research/engines/gameplay/gameplay-deps/bullet-2.82-r2704/src/BulletCollision/CollisionDispatch/btConvexConcaveCollisionAlgorithm.cpp,1,0,1
/media/ullmann/HDDGabriel/research/engines/gameplay/gameplay-deps/bullet-2.82-r2704/Test/Source/Tests/Test_btDbvt.cpp,1,0,1
/media/ullmann/HDDGabriel/research/engines/gameplay/gameplay-deps/bullet-2.82-r2704/Test/Source/Tests/Test_btDbvt.h,0,1,1
/media/ullmann/HDDGabriel/research/engines/gameplay/gameplay/src/lua/lua_Font.cpp,1,0,1
/media/ullmann/HDDGabriel/research/engines/gameplay/gameplay-deps/bullet-2.82-r2704/Test/Source/Tests/Test_qtdot.cpp,1,0,1
/media/ullmann/HDDGabriel/research/engines/gameplay/gameplay-deps/bullet-2.82-r2704/Test/Source/Tests/Test_qtdot.h,0,1,1
/media/ullmann/HDDGabriel/research/engines/gameplay/gameplay-deps/bullet-2.82-r2704/src/BulletDynamics/Dynamics/btActionInterface.h,1,0,1
/media/ullmann/HDDGabriel/research/engines/gameplay/gameplay-deps/libjson-7.6.1/_internal/Source/JSONPreparse.cpp,1,0,1
/media/ullmann/HDDGabriel/research/engines/gameplay/gameplay-deps/bullet-2.82-r2704/Extras/CDTestFramework/Opcode/OPC_PlanesAABBOverlap.h,0,1,1
/media/ullmann/HDDGabriel/research/engines/gameplay/gameplay-deps/bullet-2.82-r2704/src/BulletCollision/NarrowPhaseCollision/btMinkowskiPenetrationDepthSolver.cpp,1,0,1
/media/ullmann/HDDGabriel/research/engines/gameplay/gameplay-deps/bullet-2.82-r2704/src/BulletDynamics/ConstraintSolver/btGeneric6DofSpringConstraint.cpp,1,0,1
/media/ullmann/HDDGabriel/research/engines/gameplay/gameplay-deps/curl-7.39.0/tests/unit/unit1394.c,1,0,1
/media/ullmann/HDDGabriel/research/engines/gameplay/gameplay-deps/bullet-2.82-r2704/Demos/CollisionInterfaceDemo/CollisionInterfaceDemo.cpp,1,0,1
/media/ullmann/HDDGabriel/research/engines/gameplay/gameplay-deps/tinyxml2-2.1.0/xmltest.cpp,1,0,1
/media/ullmann/HDDGabriel/research/engines/gameplay/gameplay/src/lua/lua_PhysicsCollisionShape.cpp,1,0,1
/media/ullmann/HDDGabriel/research/engines/gameplay/gameplay/src/lua/lua_RenderStateStateBlock.cpp,1,0,1
/media/ullmann/HDDGabriel/research/engines/gameplay/gameplay/src/gameplay-main-linux.cpp,1,0,1
/media/ullmann/HDDGabriel/research/engines/gameplay/gameplay-deps/bullet-2.82-r2704/src/BulletCollision/CollisionShapes/btConvexPolyhedron.cpp,1,0,1
/media/ullmann/HDDGabriel/research/engines/gameplay/gameplay-deps/bullet-2.82-r2704/Demos/ConvexDecompositionDemo/Win32ConvexDecompositionDemo.cpp,1,0,1
/media/ullmann/HDDGabriel/research/engines/gameplay/gameplay-deps/vorbis-1.3.4/lib/barkmel.c,1,0,1
