edge,includes,includedby,sum
/media/ullmann/HDDGabriel/research/engines/gameplay/gameplay/src/Image.cpp,3,0,3
/media/ullmann/HDDGabriel/research/engines/gameplay/gameplay/src/Image.h,2,18,20
/media/ullmann/HDDGabriel/research/engines/gameplay/gameplay/src/lua/lua_NodeCloneContext.cpp,22,0,22
/media/ullmann/HDDGabriel/research/engines/gameplay/gameplay/src/ScriptTarget.h,1,41,42
/media/ullmann/HDDGabriel/research/engines/gameplay/gameplay/src/lua/lua_all_bindings.h,133,2,135
/media/ullmann/HDDGabriel/research/engines/gameplay/gameplay/src/lua/lua_Material.h,0,2,2
/media/ullmann/HDDGabriel/research/engines/gameplay/gameplay/src/Material.cpp,8,0,8
/media/ullmann/HDDGabriel/research/engines/gameplay/gameplay/src/Material.h,3,21,24
/media/ullmann/HDDGabriel/research/engines/gameplay/gameplay/src/lua/lua_Layout.cpp,11,0,11
/media/ullmann/HDDGabriel/research/engines/gameplay/gameplay/src/VerticalLayout.h,2,9,11
/media/ullmann/HDDGabriel/research/engines/gameplay/gameplay/src/Vector4.h,1,12,13
/media/ullmann/HDDGabriel/research/engines/gameplay/gameplay/src/Vector4.inl,0,1,1
/media/ullmann/HDDGabriel/research/engines/gameplay/gameplay/src/Transform.cpp,4,0,4
/media/ullmann/HDDGabriel/research/engines/gameplay/gameplay/src/Transform.h,5,31,36
/media/ullmann/HDDGabriel/research/engines/gameplay/gameplay/src/RenderState.cpp,6,0,6
/media/ullmann/HDDGabriel/research/engines/gameplay/gameplay/src/RenderState.h,4,14,18
/media/ullmann/HDDGabriel/research/engines/gameplay/tools/encoder/src/FBXSceneEncoder.h,18,2,20
/media/ullmann/HDDGabriel/research/engines/gameplay/tools/encoder/src/GPBFile.h,12,5,17
/media/ullmann/HDDGabriel/research/engines/gameplay/gameplay/src/Node.h,14,100,114
/media/ullmann/HDDGabriel/research/engines/gameplay/gameplay/src/Form.h,10,36,46
/media/ullmann/HDDGabriel/research/engines/gameplay/gameplay/src/lua/lua_Vector2.cpp,4,0,4
/media/ullmann/HDDGabriel/research/engines/gameplay/gameplay/src/Base.h,2,250,252
/media/ullmann/HDDGabriel/research/engines/gameplay/gameplay/src/lua/lua_Matrix.cpp,7,0,7
/media/ullmann/HDDGabriel/research/engines/gameplay/gameplay/src/Quaternion.h,4,17,21
/media/ullmann/HDDGabriel/research/engines/gameplay/gameplay/src/lua/lua_TransformListener.cpp,18,0,18
/media/ullmann/HDDGabriel/research/engines/gameplay/gameplay/src/MaterialParameter.h,7,34,41
/media/ullmann/HDDGabriel/research/engines/gameplay/gameplay/src/lua/lua_Joint.cpp,24,0,24
/media/ullmann/HDDGabriel/research/engines/gameplay/gameplay/src/Animation.h,3,41,44
/media/ullmann/HDDGabriel/research/engines/gameplay/gameplay/src/lua/lua_PhysicsSocketConstraint.cpp,8,0,8
/media/ullmann/HDDGabriel/research/engines/gameplay/gameplay/src/lua/lua_Texture.cpp,8,0,8
/media/ullmann/HDDGabriel/research/engines/gameplay/gameplay/src/Ref.h,0,93,93
/media/ullmann/HDDGabriel/research/engines/gameplay/gameplay/src/lua/lua_Technique.cpp,11,0,11
/media/ullmann/HDDGabriel/research/engines/gameplay/gameplay/src/lua/lua_AnimationClip.cpp,10,0,10
/media/ullmann/HDDGabriel/research/engines/gameplay/gameplay/src/lua/lua_AnimationClip.h,0,2,2
/media/ullmann/HDDGabriel/research/engines/gameplay/gameplay/src/lua/lua_ScriptTargetEvent.cpp,20,0,20
/media/ullmann/HDDGabriel/research/engines/gameplay/gameplay/src/CheckBox.h,4,17,21
/media/ullmann/HDDGabriel/research/engines/gameplay/gameplay/src/lua/lua_Global.cpp,36,0,36
/media/ullmann/HDDGabriel/research/engines/gameplay/gameplay/src/Mouse.h,0,7,7
/media/ullmann/HDDGabriel/research/engines/gameplay/gameplay/src/lua/lua_RenderTarget.h,0,2,2
/media/ullmann/HDDGabriel/research/engines/gameplay/gameplay/src/lua/lua_Scene.cpp,12,0,12
/media/ullmann/HDDGabriel/research/engines/gameplay/gameplay/src/lua/lua_PhysicsCharacter.cpp,18,0,18
/media/ullmann/HDDGabriel/research/engines/gameplay/gameplay/src/Vector3.h,1,21,22
/media/ullmann/HDDGabriel/research/engines/gameplay/gameplay/src/PhysicsVehicle.cpp,6,0,6
/media/ullmann/HDDGabriel/research/engines/gameplay/gameplay/src/PhysicsVehicle.h,2,17,19
/media/ullmann/HDDGabriel/research/engines/gameplay/gameplay/src/lua/lua_TileSet.cpp,10,0,10
/media/ullmann/HDDGabriel/research/engines/gameplay/gameplay/src/lua/lua_Uniform.h,0,2,2
/media/ullmann/HDDGabriel/research/engines/gameplay/gameplay/src/lua/lua_Ref.cpp,57,0,57
/media/ullmann/HDDGabriel/research/engines/gameplay/gameplay/src/TileSet.h,7,7,14
/media/ullmann/HDDGabriel/research/engines/gameplay/gameplay/src/lua/lua_AIAgentListener.cpp,7,0,7
/media/ullmann/HDDGabriel/research/engines/gameplay/gameplay/src/Form.cpp,11,0,11
/media/ullmann/HDDGabriel/research/engines/gameplay/gameplay/src/Game.h,14,147,161
/media/ullmann/HDDGabriel/research/engines/gameplay/gameplay/src/gameplay.h,98,30,128
/media/ullmann/HDDGabriel/research/engines/gameplay/gameplay/src/Model.h,4,15,19
/media/ullmann/HDDGabriel/research/engines/gameplay/gameplay/src/AIState.cpp,5,0,5
/media/ullmann/HDDGabriel/research/engines/gameplay/gameplay/src/AIState.h,1,6,7
/media/ullmann/HDDGabriel/research/engines/gameplay/gameplay/src/ScriptController.cpp,4,0,4
/media/ullmann/HDDGabriel/research/engines/gameplay/gameplay/src/lua/lua_Frustum.cpp,6,0,6
/media/ullmann/HDDGabriel/research/engines/gameplay/gameplay/src/BoundingBox.h,2,14,16
/media/ullmann/HDDGabriel/research/engines/gameplay/gameplay/src/Ray.h,2,6,8
/media/ullmann/HDDGabriel/research/engines/gameplay/gameplay/src/lua/lua_VertexFormatElement.cpp,4,0,4
/media/ullmann/HDDGabriel/research/engines/gameplay/gameplay/src/Gamepad.cpp,7,0,7
/media/ullmann/HDDGabriel/research/engines/gameplay/gameplay/src/Platform.h,8,13,21
/media/ullmann/HDDGabriel/research/engines/gameplay/gameplay/src/lua/lua_NodeCloneContext.h,0,2,2
/media/ullmann/HDDGabriel/research/engines/gameplay/gameplay/src/lua/lua_JoystickControl.cpp,14,0,14
/media/ullmann/HDDGabriel/research/engines/gameplay/gameplay/src/Control.h,10,31,41
/media/ullmann/HDDGabriel/research/engines/gameplay/gameplay/src/FrameBuffer.h,4,7,11
/media/ullmann/HDDGabriel/research/engines/gameplay/gameplay/src/AnimationValue.cpp,2,0,2
/media/ullmann/HDDGabriel/research/engines/gameplay/gameplay/src/AnimationValue.h,1,4,5
/media/ullmann/HDDGabriel/research/engines/gameplay/gameplay/src/AnimationClip.cpp,7,0,7
/media/ullmann/HDDGabriel/research/engines/gameplay/gameplay/src/Node.cpp,15,0,15
/media/ullmann/HDDGabriel/research/engines/gameplay/gameplay/src/lua/lua_MaterialParameter.cpp,9,0,9
/media/ullmann/HDDGabriel/research/engines/gameplay/gameplay/src/ParticleEmitter.cpp,7,0,7
/media/ullmann/HDDGabriel/research/engines/gameplay/gameplay/src/AbsoluteLayout.h,1,9,10
/media/ullmann/HDDGabriel/research/engines/gameplay/tools/encoder/src/Light.h,1,5,6
/media/ullmann/HDDGabriel/research/engines/gameplay/gameplay/src/ThemeStyle.cpp,1,0,1
/media/ullmann/HDDGabriel/research/engines/gameplay/gameplay/src/ThemeStyle.h,7,8,15
/media/ullmann/HDDGabriel/research/engines/gameplay/gameplay/src/lua/lua_PhysicsCollisionObject.cpp,12,0,12
/media/ullmann/HDDGabriel/research/engines/gameplay/gameplay/src/PhysicsController.h,10,28,38
/media/ullmann/HDDGabriel/research/engines/gameplay/tools/encoder/src/Camera.h,1,4,5
/media/ullmann/HDDGabriel/research/engines/gameplay/gameplay/src/Sprite.h,8,9,17
/media/ullmann/HDDGabriel/research/engines/gameplay/gameplay/src/SpriteBatch.h,7,9,16
/media/ullmann/HDDGabriel/research/engines/gameplay/gameplay/src/lua/lua_AIState.cpp,9,0,9
/media/ullmann/HDDGabriel/research/engines/gameplay/gameplay/src/ScriptController.h,3,144,147
/media/ullmann/HDDGabriel/research/engines/gameplay/gameplay/src/lua/lua_Drawable.cpp,12,0,12
/media/ullmann/HDDGabriel/research/engines/gameplay/gameplay/src/lua/lua_Drawable.h,0,2,2
/media/ullmann/HDDGabriel/research/engines/gameplay/gameplay/src/PhysicsRigidBody.h,6,39,45
/media/ullmann/HDDGabriel/research/engines/gameplay/gameplay/src/Scene.h,5,33,38
/media/ullmann/HDDGabriel/research/engines/gameplay/gameplay/src/Effect.h,6,16,22
/media/ullmann/HDDGabriel/research/engines/gameplay/gameplay/src/lua/lua_CheckBox.cpp,17,0,17
/media/ullmann/HDDGabriel/research/engines/gameplay/gameplay/src/lua/lua_PhysicsGhostObject.cpp,17,0,17
/media/ullmann/HDDGabriel/research/engines/gameplay/gameplay/src/HeightField.h,1,10,11
/media/ullmann/HDDGabriel/research/engines/gameplay/gameplay/src/AudioController.h,0,6,6
/media/ullmann/HDDGabriel/research/engines/gameplay/gameplay/src/Text.h,8,10,18
/media/ullmann/HDDGabriel/research/engines/gameplay/gameplay/src/lua/lua_MathUtil.cpp,4,0,4
/media/ullmann/HDDGabriel/research/engines/gameplay/gameplay/src/MathUtil.h,2,9,11
/media/ullmann/HDDGabriel/research/engines/gameplay/gameplay/src/lua/lua_Container.cpp,27,0,27
/media/ullmann/HDDGabriel/research/engines/gameplay/gameplay/src/Font.h,1,9,10
/media/ullmann/HDDGabriel/research/engines/gameplay/gameplay/src/DepthStencilTarget.cpp,2,0,2
/media/ullmann/HDDGabriel/research/engines/gameplay/gameplay/src/lua/lua_Game.h,0,2,2
/media/ullmann/HDDGabriel/research/engines/gameplay/tools/encoder/src/MeshSubSet.h,3,1,4
/media/ullmann/HDDGabriel/research/engines/gameplay/tools/encoder/src/Vertex.h,4,5,9
/media/ullmann/HDDGabriel/research/engines/gameplay/gameplay/src/lua/lua_SpriteBatch.cpp,6,0,6
/media/ullmann/HDDGabriel/research/engines/gameplay/gameplay/src/lua/lua_SpriteBatch.h,0,2,2
/media/ullmann/HDDGabriel/research/engines/gameplay/gameplay/src/lua/lua_Button.cpp,18,0,18
/media/ullmann/HDDGabriel/research/engines/gameplay/gameplay/src/lua/lua_MeshSkin.cpp,13,0,13
/media/ullmann/HDDGabriel/research/engines/gameplay/gameplay/src/lua/lua_PhysicsRigidBody.cpp,20,0,20
/media/ullmann/HDDGabriel/research/engines/gameplay/tools/encoder/src/Vector2.cpp,2,0,2
/media/ullmann/HDDGabriel/research/engines/gameplay/tools/encoder/src/Base.h,1,48,49
/media/ullmann/HDDGabriel/research/engines/gameplay/gameplay/src/VerticalLayout.cpp,2,0,2
/media/ullmann/HDDGabriel/research/engines/gameplay/gameplay/src/lua/lua_RenderStateStateBlock.cpp,11,0,11
/media/ullmann/HDDGabriel/research/engines/gameplay/gameplay/src/Pass.h,2,12,14
/media/ullmann/HDDGabriel/research/engines/gameplay/samples/browser/src/Audio3DSample.h,3,1,4
/media/ullmann/HDDGabriel/research/engines/gameplay/gameplay/src/Button.h,5,23,28
/media/ullmann/HDDGabriel/research/engines/gameplay/gameplay/src/Properties.h,4,32,36
/media/ullmann/HDDGabriel/research/engines/gameplay/gameplay/src/lua/lua_ScriptController.cpp,4,0,4
/media/ullmann/HDDGabriel/research/engines/gameplay/gameplay/src/lua/lua_PhysicsController.cpp,11,0,11
/media/ullmann/HDDGabriel/research/engines/gameplay/gameplay/src/Vector2.h,1,14,15
/media/ullmann/HDDGabriel/research/engines/gameplay/gameplay/src/lua/lua_Logger.h,0,2,2
/media/ullmann/HDDGabriel/research/engines/gameplay/gameplay/src/lua/lua_MeshSkin.h,0,2,2
/media/ullmann/HDDGabriel/research/engines/gameplay/gameplay/src/lua/lua_Keyboard.cpp,4,0,4
/media/ullmann/HDDGabriel/research/engines/gameplay/gameplay/src/lua/lua_ThemeSideRegions.cpp,8,0,8
/media/ullmann/HDDGabriel/research/engines/gameplay/gameplay/src/Game.cpp,10,0,10
/media/ullmann/HDDGabriel/research/engines/gameplay/gameplay/src/FileSystem.h,1,41,42
/media/ullmann/HDDGabriel/research/engines/gameplay/gameplay/src/Sprite.cpp,3,0,3
/media/ullmann/HDDGabriel/research/engines/gameplay/gameplay/src/Ray.inl,0,1,1
/media/ullmann/HDDGabriel/research/engines/gameplay/gameplay/src/lua/lua_Platform.h,0,2,2
/media/ullmann/HDDGabriel/research/engines/gameplay/gameplay/src/lua/lua_Transform.cpp,18,0,18
/media/ullmann/HDDGabriel/research/engines/gameplay/gameplay/src/lua/lua_ThemeSideRegions.h,0,2,2
/media/ullmann/HDDGabriel/research/engines/gameplay/gameplay/src/Ray.cpp,6,0,6
/media/ullmann/HDDGabriel/research/engines/gameplay/gameplay/src/lua/lua_Slider.cpp,15,0,15
/media/ullmann/HDDGabriel/research/engines/gameplay/gameplay/src/PhysicsConstraint.cpp,5,0,5
/media/ullmann/HDDGabriel/research/engines/gameplay/gameplay/src/AnimationController.cpp,4,0,4
/media/ullmann/HDDGabriel/research/engines/gameplay/gameplay/src/AnimationController.h,4,7,11
/media/ullmann/HDDGabriel/research/engines/gameplay/tools/encoder/src/Matrix.h,5,7,12
/media/ullmann/HDDGabriel/research/engines/gameplay/tools/encoder/src/FileIO.h,3,10,13
/media/ullmann/HDDGabriel/research/engines/gameplay/gameplay/src/lua/lua_RenderState.cpp,11,0,11
/media/ullmann/HDDGabriel/research/engines/gameplay/gameplay/src/Model.cpp,7,0,7
/media/ullmann/HDDGabriel/research/engines/gameplay/gameplay/src/BoundingSphere.h,2,12,14
/media/ullmann/HDDGabriel/research/engines/gameplay/tools/encoder/src/FBXUtil.cpp,4,0,4
/media/ullmann/HDDGabriel/research/engines/gameplay/tools/encoder/src/Vector2.h,1,7,8
/media/ullmann/HDDGabriel/research/engines/gameplay/gameplay/src/Layout.cpp,5,0,5
/media/ullmann/HDDGabriel/research/engines/gameplay/gameplay/src/Container.h,3,23,26
/media/ullmann/HDDGabriel/research/engines/gameplay/gameplay/src/SceneLoader.h,5,5,10
/media/ullmann/HDDGabriel/research/engines/gameplay/gameplay/src/PhysicsHingeConstraint.h,4,5,9
/media/ullmann/HDDGabriel/research/engines/gameplay/gameplay/src/Label.cpp,2,0,2
/media/ullmann/HDDGabriel/research/engines/gameplay/gameplay/src/Effect.cpp,4,0,4
/media/ullmann/HDDGabriel/research/engines/gameplay/gameplay/src/lua/lua_Font.cpp,10,0,10
/media/ullmann/HDDGabriel/research/engines/gameplay/gameplay/src/lua/lua_PhysicsControllerHitFilter.h,0,2,2
/media/ullmann/HDDGabriel/research/engines/gameplay/gameplay/src/PhysicsCollisionShape.cpp,8,0,8
/media/ullmann/HDDGabriel/research/engines/gameplay/gameplay/src/PlatformAndroid.cpp,7,0,7
/media/ullmann/HDDGabriel/research/engines/gameplay/samples/character/src/CharacterGame.cpp,1,0,1
/media/ullmann/HDDGabriel/research/engines/gameplay/samples/character/src/CharacterGame.h,1,1,2
/media/ullmann/HDDGabriel/research/engines/gameplay/gameplay/src/Matrix.h,3,16,19
/media/ullmann/HDDGabriel/research/engines/gameplay/gameplay/src/lua/lua_RadioButton.cpp,17,0,17
/media/ullmann/HDDGabriel/research/engines/gameplay/samples/browser/src/MeshPrimitiveSample.h,2,1,3
/media/ullmann/HDDGabriel/research/engines/gameplay/samples/browser/src/Sample.h,1,21,22
/media/ullmann/HDDGabriel/research/engines/gameplay/samples/browser/src/GamepadSample.h,2,1,3
/media/ullmann/HDDGabriel/research/engines/gameplay/gameplay/src/Gamepad.h,1,14,15
/media/ullmann/HDDGabriel/research/engines/gameplay/gameplay/src/RenderTarget.cpp,2,0,2
/media/ullmann/HDDGabriel/research/engines/gameplay/gameplay/src/JoystickControl.cpp,2,0,2
/media/ullmann/HDDGabriel/research/engines/gameplay/gameplay/src/Mesh.cpp,6,0,6
/media/ullmann/HDDGabriel/research/engines/gameplay/gameplay/src/PlatformLinux.cpp,6,0,6
/media/ullmann/HDDGabriel/research/engines/gameplay/gameplay/src/lua/lua_ImageControl.cpp,14,0,14
/media/ullmann/HDDGabriel/research/engines/gameplay/gameplay/src/Mesh.h,5,17,22
/media/ullmann/HDDGabriel/research/engines/gameplay/gameplay/src/lua/lua_Light.cpp,7,0,7
/media/ullmann/HDDGabriel/research/engines/gameplay/gameplay/src/Light.h,3,8,11
/media/ullmann/HDDGabriel/research/engines/gameplay/gameplay/src/AnimationClip.h,4,12,16
/media/ullmann/HDDGabriel/research/engines/gameplay/gameplay/src/MeshPart.cpp,2,0,2
/media/ullmann/HDDGabriel/research/engines/gameplay/gameplay/src/MeshPart.h,1,19,20
/media/ullmann/HDDGabriel/research/engines/gameplay/gameplay/src/Texture.h,2,15,17
/media/ullmann/HDDGabriel/research/engines/gameplay/gameplay/src/Pass.cpp,5,0,5
/media/ullmann/HDDGabriel/research/engines/gameplay/gameplay/src/PlatformWindows.cpp,7,0,7
/media/ullmann/HDDGabriel/research/engines/gameplay/gameplay/src/lua/lua_AudioSource.cpp,14,0,14
/media/ullmann/HDDGabriel/research/engines/gameplay/tools/encoder/src/Object.cpp,2,0,2
/media/ullmann/HDDGabriel/research/engines/gameplay/gameplay/src/lua/lua_PhysicsControllerListener.cpp,11,0,11
/media/ullmann/HDDGabriel/research/engines/gameplay/gameplay/src/PhysicsCharacter.h,3,23,26
/media/ullmann/HDDGabriel/research/engines/gameplay/gameplay/src/lua/lua_PhysicsCollisionShapeDefinition.cpp,12,0,12
/media/ullmann/HDDGabriel/research/engines/gameplay/tools/encoder/src/TMXSceneEncoder.h,5,2,7
/media/ullmann/HDDGabriel/research/engines/gameplay/tools/encoder/src/Image.h,0,3,3
/media/ullmann/HDDGabriel/research/engines/gameplay/samples/browser/src/SceneLoadSample.cpp,2,0,2
/media/ullmann/HDDGabriel/research/engines/gameplay/samples/browser/src/SamplesGame.h,2,24,26
/media/ullmann/HDDGabriel/research/engines/gameplay/gameplay/src/lua/lua_Form.cpp,29,0,29
/media/ullmann/HDDGabriel/research/engines/gameplay/tools/encoder/src/GPBFile.cpp,6,0,6
/media/ullmann/HDDGabriel/research/engines/gameplay/tools/encoder/src/EncoderArguments.h,2,7,9
/media/ullmann/HDDGabriel/research/engines/gameplay/gameplay/src/lua/lua_ThemeStyle.cpp,4,0,4
/media/ullmann/HDDGabriel/research/engines/gameplay/gameplay/src/lua/lua_ThemeStyle.h,0,2,2
/media/ullmann/HDDGabriel/research/engines/gameplay/gameplay/src/lua/lua_Pass.cpp,11,0,11
/media/ullmann/HDDGabriel/research/engines/gameplay/gameplay/src/AnimationTarget.h,2,42,44
/media/ullmann/HDDGabriel/research/engines/gameplay/samples/browser/src/PhysicsCollisionObjectSample.cpp,2,0,2
/media/ullmann/HDDGabriel/research/engines/gameplay/samples/browser/src/PhysicsCollisionObjectSample.h,2,1,3
/media/ullmann/HDDGabriel/research/engines/gameplay/gameplay/src/lua/lua_PhysicsCollisionShape.cpp,12,0,12
/media/ullmann/HDDGabriel/research/engines/gameplay/gameplay/src/Theme.h,6,32,38
/media/ullmann/HDDGabriel/research/engines/gameplay/gameplay/src/VertexAttributeBinding.cpp,4,0,4
/media/ullmann/HDDGabriel/research/engines/gameplay/gameplay/src/lua/lua_HeightField.cpp,8,0,8
/media/ullmann/HDDGabriel/research/engines/gameplay/tools/encoder/src/Node.cpp,4,0,4
/media/ullmann/HDDGabriel/research/engines/gameplay/gameplay/src/FlowLayout.h,1,9,10
/media/ullmann/HDDGabriel/research/engines/gameplay/gameplay/src/Plane.cpp,6,0,6
/media/ullmann/HDDGabriel/research/engines/gameplay/gameplay/src/Frustum.h,3,10,13
/media/ullmann/HDDGabriel/research/engines/gameplay/gameplay/src/lua/lua_PhysicsVehicle.h,0,2,2
/media/ullmann/HDDGabriel/research/engines/gameplay/gameplay/src/PhysicsGhostObject.cpp,4,0,4
/media/ullmann/HDDGabriel/research/engines/gameplay/gameplay/src/Layout.h,3,15,18
/media/ullmann/HDDGabriel/research/engines/gameplay/gameplay/src/lua/lua_AIAgent.cpp,7,0,7
/media/ullmann/HDDGabriel/research/engines/gameplay/gameplay/src/Terrain.cpp,5,0,5
/media/ullmann/HDDGabriel/research/engines/gameplay/gameplay/src/lua/lua_PhysicsRigidBodyParameters.cpp,20,0,20
/media/ullmann/HDDGabriel/research/engines/gameplay/gameplay/src/PhysicsGhostObject.h,3,19,22
/media/ullmann/HDDGabriel/research/engines/gameplay/gameplay/src/lua/lua_MeshPart.cpp,4,0,4
/media/ullmann/HDDGabriel/research/engines/gameplay/gameplay/src/SpriteBatch.cpp,4,0,4
/media/ullmann/HDDGabriel/research/engines/gameplay/gameplay/src/lua/lua_ScriptTargetEventRegistry.cpp,20,0,20
/media/ullmann/HDDGabriel/research/engines/gameplay/samples/browser/src/FontSample.cpp,2,0,2
/media/ullmann/HDDGabriel/research/engines/gameplay/samples/browser/src/FontSample.h,2,1,3
/media/ullmann/HDDGabriel/research/engines/gameplay/gameplay/src/Image.inl,0,1,1
/media/ullmann/HDDGabriel/research/engines/gameplay/gameplay/src/Terrain.h,8,28,36
/media/ullmann/HDDGabriel/research/engines/gameplay/gameplay/src/Vector3.cpp,3,0,3
/media/ullmann/HDDGabriel/research/engines/gameplay/gameplay/src/FlowLayout.cpp,4,0,4
/media/ullmann/HDDGabriel/research/engines/gameplay/gameplay/src/PhysicsCollisionObject.cpp,11,0,11
/media/ullmann/HDDGabriel/research/engines/gameplay/gameplay/src/PhysicsCollisionShape.h,3,7,10
/media/ullmann/HDDGabriel/research/engines/gameplay/gameplay/src/lua/lua_Effect.cpp,7,0,7
/media/ullmann/HDDGabriel/research/engines/gameplay/gameplay/src/lua/lua_Material.cpp,14,0,14
/media/ullmann/HDDGabriel/research/engines/gameplay/gameplay/src/lua/lua_RenderStateStateBlock.h,0,2,2
/media/ullmann/HDDGabriel/research/engines/gameplay/gameplay/src/lua/lua_PhysicsGenericConstraint.cpp,10,0,10
/media/ullmann/HDDGabriel/research/engines/gameplay/tools/encoder/src/Material.cpp,4,0,4
/media/ullmann/HDDGabriel/research/engines/gameplay/tools/encoder/src/edtaa3func.h,0,2,2
/media/ullmann/HDDGabriel/research/engines/gameplay/gameplay/src/lua/lua_Terrain.cpp,15,0,15
/media/ullmann/HDDGabriel/research/engines/gameplay/gameplay/src/lua/lua_Game.cpp,12,0,12
/media/ullmann/HDDGabriel/research/engines/gameplay/gameplay/src/lua/lua_Sprite.cpp,12,0,12
/media/ullmann/HDDGabriel/research/engines/gameplay/gameplay/src/lua/lua_Ray.cpp,8,0,8
/media/ullmann/HDDGabriel/research/engines/gameplay/gameplay/src/lua/lua_Ray.h,0,2,2
/media/ullmann/HDDGabriel/research/engines/gameplay/gameplay/src/lua/lua_PhysicsCollisionObjectCollisionListener.cpp,12,0,12
/media/ullmann/HDDGabriel/research/engines/gameplay/gameplay/src/Plane.h,2,11,13
/media/ullmann/HDDGabriel/research/engines/gameplay/gameplay/src/PhysicsController.cpp,8,0,8
/media/ullmann/HDDGabriel/research/engines/gameplay/gameplay/src/lua/lua_AIController.cpp,5,0,5
/media/ullmann/HDDGabriel/research/engines/gameplay/gameplay/src/JoystickControl.h,1,16,17
/media/ullmann/HDDGabriel/research/engines/gameplay/gameplay/src/lua/lua_ParticleEmitter.cpp,11,0,11
/media/ullmann/HDDGabriel/research/engines/gameplay/gameplay/src/lua/lua_BoundingBox.cpp,6,0,6
/media/ullmann/HDDGabriel/research/engines/gameplay/gameplay/src/AIController.h,2,4,6
/media/ullmann/HDDGabriel/research/engines/gameplay/gameplay/src/AIMessage.h,0,7,7
/media/ullmann/HDDGabriel/research/engines/gameplay/samples/browser/src/BillboardSample.h,3,1,4
/media/ullmann/HDDGabriel/research/engines/gameplay/samples/browser/src/FirstPersonCamera.h,1,3,4
/media/ullmann/HDDGabriel/research/engines/gameplay/gameplay/src/ImageControl.h,5,14,19
/media/ullmann/HDDGabriel/research/engines/gameplay/gameplay/src/Rectangle.h,0,12,12
/media/ullmann/HDDGabriel/research/engines/gameplay/samples/browser/src/InputSample.cpp,2,0,2
/media/ullmann/HDDGabriel/research/engines/gameplay/gameplay/src/lua/lua_VertexFormat.cpp,4,0,4
/media/ullmann/HDDGabriel/research/engines/gameplay/gameplay/src/VertexFormat.h,0,7,7
/media/ullmann/HDDGabriel/research/engines/gameplay/gameplay/src/AudioController.cpp,5,0,5
/media/ullmann/HDDGabriel/research/engines/gameplay/gameplay/src/AudioBuffer.h,2,8,10
/media/ullmann/HDDGabriel/research/engines/gameplay/gameplay/src/Scene.cpp,8,0,8
/media/ullmann/HDDGabriel/research/engines/gameplay/gameplay/src/AudioListener.h,3,10,13
/media/ullmann/HDDGabriel/research/engines/gameplay/samples/browser/src/Sample.cpp,2,0,2
/media/ullmann/HDDGabriel/research/engines/gameplay/tools/encoder/src/AnimationChannel.h,1,5,6
/media/ullmann/HDDGabriel/research/engines/gameplay/gameplay/src/Curve.h,1,10,11
/media/ullmann/HDDGabriel/research/engines/gameplay/gameplay/src/Touch.h,0,11,11
/media/ullmann/HDDGabriel/research/engines/gameplay/gameplay/src/Container.cpp,17,0,17
/media/ullmann/HDDGabriel/research/engines/gameplay/gameplay/src/RadioButton.h,3,16,19
/media/ullmann/HDDGabriel/research/engines/gameplay/gameplay/src/AnimationTarget.cpp,6,0,6
/media/ullmann/HDDGabriel/research/engines/gameplay/gameplay/src/PhysicsCharacter.cpp,5,0,5
/media/ullmann/HDDGabriel/research/engines/gameplay/gameplay/src/Slider.h,5,15,20
/media/ullmann/HDDGabriel/research/engines/gameplay/gameplay/src/lua/lua_Control.cpp,22,0,22
/media/ullmann/HDDGabriel/research/engines/gameplay/gameplay/src/lua/lua_Control.h,0,2,2
/media/ullmann/HDDGabriel/research/engines/gameplay/gameplay/src/ScriptTarget.cpp,3,0,3
/media/ullmann/HDDGabriel/research/engines/gameplay/gameplay/src/lua/lua_Keyboard.h,0,2,2
/media/ullmann/HDDGabriel/research/engines/gameplay/gameplay/src/lua/lua_VerticalLayout.cpp,9,0,9
/media/ullmann/HDDGabriel/research/engines/gameplay/gameplay/src/lua/lua_Platform.cpp,6,0,6
/media/ullmann/HDDGabriel/research/engines/gameplay/gameplay/src/Technique.h,1,13,14
/media/ullmann/HDDGabriel/research/engines/gameplay/gameplay/src/ParticleEmitter.h,9,8,17
/media/ullmann/HDDGabriel/research/engines/gameplay/gameplay/src/lua/lua_TileSet.h,0,2,2
/media/ullmann/HDDGabriel/research/engines/gameplay/gameplay/src/lua/lua_Logger.cpp,5,0,5
/media/ullmann/HDDGabriel/research/engines/gameplay/gameplay/src/Matrix.cpp,5,0,5
/media/ullmann/HDDGabriel/research/engines/gameplay/gameplay/src/lua/lua_SpriteBatchSpriteVertex.cpp,6,0,6
/media/ullmann/HDDGabriel/research/engines/gameplay/gameplay/src/lua/lua_AudioSource.h,0,2,2
/media/ullmann/HDDGabriel/research/engines/gameplay/tools/encoder/src/MeshPart.cpp,2,0,2
/media/ullmann/HDDGabriel/research/engines/gameplay/tools/encoder/src/MeshPart.h,3,3,6
/media/ullmann/HDDGabriel/research/engines/gameplay/gameplay/src/lua/lua_DepthStencilTarget.cpp,6,0,6
/media/ullmann/HDDGabriel/research/engines/gameplay/gameplay/src/lua/lua_ScriptTarget.cpp,20,0,20
/media/ullmann/HDDGabriel/research/engines/gameplay/samples/browser/src/LightSample.h,4,1,5
/media/ullmann/HDDGabriel/research/engines/gameplay/gameplay/src/lua/lua_Mouse.cpp,4,0,4
/media/ullmann/HDDGabriel/research/engines/gameplay/gameplay/src/lua/lua_Mouse.h,0,2,2
/media/ullmann/HDDGabriel/research/engines/gameplay/samples/browser/src/Audio3DSample.cpp,3,0,3
/media/ullmann/HDDGabriel/research/engines/gameplay/samples/browser/src/Grid.h,1,3,4
/media/ullmann/HDDGabriel/research/engines/gameplay/gameplay/src/lua/lua_ControlListener.cpp,22,0,22
/media/ullmann/HDDGabriel/research/engines/gameplay/gameplay/src/lua/lua_ScreenDisplayer.cpp,4,0,4
/media/ullmann/HDDGabriel/research/engines/gameplay/gameplay/src/lua/lua_PhysicsControllerHitResult.cpp,11,0,11
/media/ullmann/HDDGabriel/research/engines/gameplay/gameplay/src/lua/lua_ThemeUVs.cpp,8,0,8
/media/ullmann/HDDGabriel/research/engines/gameplay/gameplay/src/lua/lua_Touch.h,0,2,2
/media/ullmann/HDDGabriel/research/engines/gameplay/gameplay/src/Matrix.inl,0,1,1
/media/ullmann/HDDGabriel/research/engines/gameplay/gameplay/src/PhysicsVehicleWheel.cpp,4,0,4
/media/ullmann/HDDGabriel/research/engines/gameplay/tools/encoder/src/FBXSceneEncoder.cpp,3,0,3
/media/ullmann/HDDGabriel/research/engines/gameplay/gameplay/src/Bundle.h,5,14,19
/media/ullmann/HDDGabriel/research/engines/gameplay/gameplay/src/lua/lua_ScreenDisplayer.h,0,2,2
/media/ullmann/HDDGabriel/research/engines/gameplay/gameplay/src/lua/lua_AudioListener.cpp,8,0,8
/media/ullmann/HDDGabriel/research/engines/gameplay/gameplay/src/lua/lua_AudioListener.h,0,2,2
/media/ullmann/HDDGabriel/research/engines/gameplay/gameplay/src/MeshBatch.h,2,5,7
/media/ullmann/HDDGabriel/research/engines/gameplay/gameplay/src/Joint.h,1,19,20
/media/ullmann/HDDGabriel/research/engines/gameplay/gameplay/src/Logger.h,0,4,4
/media/ullmann/HDDGabriel/research/engines/gameplay/gameplay/src/Gesture.h,0,5,5
/media/ullmann/HDDGabriel/research/engines/gameplay/gameplay/src/TerrainPatch.h,2,8,10
/media/ullmann/HDDGabriel/research/engines/gameplay/gameplay/src/Camera.h,5,13,18
/media/ullmann/HDDGabriel/research/engines/gameplay/gameplay/src/PhysicsCollisionObject.h,3,18,21
/media/ullmann/HDDGabriel/research/engines/gameplay/gameplay/src/lua/lua_PhysicsController.h,0,2,2
/media/ullmann/HDDGabriel/research/engines/gameplay/gameplay/src/SceneLoader.cpp,11,0,11
/media/ullmann/HDDGabriel/research/engines/gameplay/gameplay/src/AudioSource.h,3,14,17
/media/ullmann/HDDGabriel/research/engines/gameplay/gameplay/src/Bundle.cpp,6,0,6
/media/ullmann/HDDGabriel/research/engines/gameplay/gameplay/src/lua/lua_Node.cpp,22,0,22
/media/ullmann/HDDGabriel/research/engines/gameplay/gameplay/src/Rectangle.cpp,2,0,2
/media/ullmann/HDDGabriel/research/engines/gameplay/gameplay/src/lua/lua_FileSystem.cpp,7,0,7
/media/ullmann/HDDGabriel/research/engines/gameplay/gameplay/src/Stream.h,0,6,6
/media/ullmann/HDDGabriel/research/engines/gameplay/gameplay/src/MeshSkin.cpp,4,0,4
/media/ullmann/HDDGabriel/research/engines/gameplay/tools/encoder/src/Object.h,2,22,24
/media/ullmann/HDDGabriel/research/engines/gameplay/gameplay/src/AudioSource.cpp,6,0,6
/media/ullmann/HDDGabriel/research/engines/gameplay/gameplay/src/lua/lua_TextBox.cpp,15,0,15
/media/ullmann/HDDGabriel/research/engines/gameplay/tools/encoder/src/Model.h,4,4,8
/media/ullmann/HDDGabriel/research/engines/gameplay/gameplay/src/Control.cpp,5,0,5
/media/ullmann/HDDGabriel/research/engines/gameplay/gameplay/src/Button.cpp,3,0,3
/media/ullmann/HDDGabriel/research/engines/gameplay/gameplay/src/lua/lua_PhysicsCollisionShape.h,0,2,2
/media/ullmann/HDDGabriel/research/engines/gameplay/gameplay/src/lua/lua_Global.h,0,2,2
/media/ullmann/HDDGabriel/research/engines/gameplay/gameplay/src/FileSystem.cpp,5,0,5
/media/ullmann/HDDGabriel/research/engines/gameplay/gameplay/src/HeightField.cpp,4,0,4
/media/ullmann/HDDGabriel/research/engines/gameplay/gameplay/src/Texture.cpp,4,0,4
/media/ullmann/HDDGabriel/research/engines/gameplay/tools/encoder/src/Camera.cpp,2,0,2
/media/ullmann/HDDGabriel/research/engines/gameplay/gameplay/src/lua/lua_PhysicsHingeConstraint.cpp,8,0,8
/media/ullmann/HDDGabriel/research/engines/gameplay/gameplay/src/lua/lua_Light.h,0,2,2
/media/ullmann/HDDGabriel/research/engines/gameplay/tools/encoder/src/Mesh.h,5,5,10
/media/ullmann/HDDGabriel/research/engines/gameplay/gameplay/src/TextBox.h,1,16,17
/media/ullmann/HDDGabriel/research/engines/gameplay/gameplay/src/lua/lua_MeshPart.h,0,2,2
/media/ullmann/HDDGabriel/research/engines/gameplay/tools/encoder/src/ReferenceTable.h,3,2,5
/media/ullmann/HDDGabriel/research/engines/gameplay/gameplay/src/RenderTarget.h,2,5,7
/media/ullmann/HDDGabriel/research/engines/gameplay/gameplay/src/lua/lua_PhysicsFixedConstraint.cpp,9,0,9
/media/ullmann/HDDGabriel/research/engines/gameplay/gameplay/src/AbsoluteLayout.cpp,4,0,4
/media/ullmann/HDDGabriel/research/engines/gameplay/gameplay/src/lua/lua_FlowLayout.cpp,9,0,9
/media/ullmann/HDDGabriel/research/engines/gameplay/gameplay/src/lua/lua_Properties.cpp,6,0,6
/media/ullmann/HDDGabriel/research/engines/gameplay/gameplay/src/lua/lua_Properties.h,0,2,2
/media/ullmann/HDDGabriel/research/engines/gameplay/gameplay/src/MeshSkin.h,2,10,12
/media/ullmann/HDDGabriel/research/engines/gameplay/gameplay/src/lua/lua_AnimationValue.cpp,4,0,4
/media/ullmann/HDDGabriel/research/engines/gameplay/gameplay/src/lua/lua_TerrainPatch.cpp,11,0,11
/media/ullmann/HDDGabriel/research/engines/gameplay/gameplay/src/lua/lua_Frustum.h,0,2,2
/media/ullmann/HDDGabriel/research/engines/gameplay/gameplay/src/lua/lua_Bundle.h,0,2,2
/media/ullmann/HDDGabriel/research/engines/gameplay/gameplay/src/Font.cpp,7,0,7
/media/ullmann/HDDGabriel/research/engines/gameplay/gameplay/src/Quaternion.cpp,2,0,2
/media/ullmann/HDDGabriel/research/engines/gameplay/tools/encoder/src/Image.cpp,2,0,2
/media/ullmann/HDDGabriel/research/engines/gameplay/tools/encoder/src/MeshSkin.cpp,10,0,10
/media/ullmann/HDDGabriel/research/engines/gameplay/gameplay/src/lua/lua_Form.h,0,2,2
/media/ullmann/HDDGabriel/research/engines/gameplay/gameplay/src/PhysicsRigidBody.cpp,8,0,8
/media/ullmann/HDDGabriel/research/engines/gameplay/gameplay/src/lua/lua_Uniform.cpp,7,0,7
/media/ullmann/HDDGabriel/research/engines/gameplay/gameplay/src/lua/lua_Terrain.h,0,2,2
/media/ullmann/HDDGabriel/research/engines/gameplay/gameplay/src/lua/lua_AnimationTarget.cpp,23,0,23
/media/ullmann/HDDGabriel/research/engines/gameplay/gameplay/src/lua/lua_PhysicsConstraint.cpp,12,0,12
/media/ullmann/HDDGabriel/research/engines/gameplay/gameplay/src/PhysicsSpringConstraint.h,2,6,8
/media/ullmann/HDDGabriel/research/engines/gameplay/gameplay/src/PhysicsSpringConstraint.cpp,4,0,4
/media/ullmann/HDDGabriel/research/engines/gameplay/gameplay/src/AudioBuffer.cpp,3,0,3
/media/ullmann/HDDGabriel/research/engines/gameplay/gameplay/src/Keyboard.h,0,7,7
/media/ullmann/HDDGabriel/research/engines/gameplay/gameplay/src/lua/lua_PhysicsRigidBodyParameters.h,0,2,2
/media/ullmann/HDDGabriel/research/engines/gameplay/samples/racer/src/RacerGame.h,1,1,2
/media/ullmann/HDDGabriel/research/engines/gameplay/gameplay/src/lua/lua_VertexAttributeBinding.cpp,8,0,8
/media/ullmann/HDDGabriel/research/engines/gameplay/gameplay/src/lua/lua_Touch.cpp,4,0,4
/media/ullmann/HDDGabriel/research/engines/gameplay/gameplay/src/lua/lua_PhysicsCollisionObjectCollisionPair.cpp,12,0,12
/media/ullmann/HDDGabriel/research/engines/gameplay/tools/encoder/src/Vertex.cpp,2,0,2
/media/ullmann/HDDGabriel/research/engines/gameplay/gameplay/src/lua/lua_Plane.cpp,8,0,8
/media/ullmann/HDDGabriel/research/engines/gameplay/gameplay/src/lua/lua_AIState.h,0,2,2
/media/ullmann/HDDGabriel/research/engines/gameplay/gameplay/src/CheckBox.cpp,3,0,3
/media/ullmann/HDDGabriel/research/engines/gameplay/gameplay/src/lua/lua_Slider.h,0,2,2
/media/ullmann/HDDGabriel/research/engines/gameplay/gameplay/src/lua/lua_FrameBuffer.cpp,6,0,6
/media/ullmann/HDDGabriel/research/engines/gameplay/gameplay/src/lua/lua_PhysicsRigidBody.h,0,2,2
/media/ullmann/HDDGabriel/research/engines/gameplay/gameplay/src/ScreenDisplayer.h,2,3,5
/media/ullmann/HDDGabriel/research/engines/gameplay/gameplay/src/lua/lua_ImageControl.h,0,2,2
/media/ullmann/HDDGabriel/research/engines/gameplay/tools/encoder/src/Material.h,3,2,5
/media/ullmann/HDDGabriel/research/engines/gameplay/gameplay/src/lua/lua_AIStateMachine.cpp,7,0,7
/media/ullmann/HDDGabriel/research/engines/gameplay/gameplay/src/lua/lua_ScriptTarget.h,0,2,2
/media/ullmann/HDDGabriel/research/engines/gameplay/gameplay/src/lua/lua_Script.cpp,6,0,6
/media/ullmann/HDDGabriel/research/engines/gameplay/gameplay/src/lua/lua_CameraListener.cpp,15,0,15
/media/ullmann/HDDGabriel/research/engines/gameplay/gameplay/src/lua/lua_PhysicsCharacter.h,0,2,2
/media/ullmann/HDDGabriel/research/engines/gameplay/tools/encoder/src/Effect.cpp,2,0,2
/media/ullmann/HDDGabriel/research/engines/gameplay/tools/encoder/src/Effect.h,1,1,2
/media/ullmann/HDDGabriel/research/engines/gameplay/gameplay/src/lua/lua_RadioButton.h,0,2,2
/media/ullmann/HDDGabriel/research/engines/gameplay/gameplay/src/AIAgent.cpp,3,0,3
/media/ullmann/HDDGabriel/research/engines/gameplay/gameplay/src/AIAgent.h,3,12,15
/media/ullmann/HDDGabriel/research/engines/gameplay/gameplay/src/lua/lua_Technique.h,0,2,2
/media/ullmann/HDDGabriel/research/engines/gameplay/gameplay/src/lua/lua_PhysicsCollisionObject.h,0,2,2
/media/ullmann/HDDGabriel/research/engines/gameplay/samples/browser/src/TriangleSample.cpp,2,0,2
/media/ullmann/HDDGabriel/research/engines/gameplay/samples/browser/src/SceneCreateSample.h,2,1,3
/media/ullmann/HDDGabriel/research/engines/gameplay/gameplay/src/AIStateMachine.cpp,5,0,5
/media/ullmann/HDDGabriel/research/engines/gameplay/gameplay/src/lua/lua_Theme.cpp,8,0,8
/media/ullmann/HDDGabriel/research/engines/gameplay/gameplay/src/lua/lua_Model.cpp,12,0,12
/media/ullmann/HDDGabriel/research/engines/gameplay/gameplay/src/lua/lua_MeshBatch.cpp,5,0,5
/media/ullmann/HDDGabriel/research/engines/gameplay/gameplay/src/BoundingBox.cpp,4,0,4
/media/ullmann/HDDGabriel/research/engines/gameplay/gameplay/src/lua/lua_MeshBatch.h,0,2,2
/media/ullmann/HDDGabriel/research/engines/gameplay/samples/browser/src/SpriteSample.cpp,2,0,2
/media/ullmann/HDDGabriel/research/engines/gameplay/samples/browser/src/SpriteSample.h,2,1,3
/media/ullmann/HDDGabriel/research/engines/gameplay/samples/browser/src/GestureSample.cpp,2,0,2
/media/ullmann/HDDGabriel/research/engines/gameplay/gameplay/src/Label.h,2,22,24
/media/ullmann/HDDGabriel/research/engines/gameplay/gameplay/src/AIMessage.cpp,2,0,2
/media/ullmann/HDDGabriel/research/engines/gameplay/tools/encoder/src/Constants.cpp,1,0,1
/media/ullmann/HDDGabriel/research/engines/gameplay/tools/encoder/src/Constants.h,0,3,3
/media/ullmann/HDDGabriel/research/engines/gameplay/samples/browser/src/MeshPrimitiveSample.cpp,2,0,2
/media/ullmann/HDDGabriel/research/engines/gameplay/tools/encoder/src/VertexElement.h,1,2,3
/media/ullmann/HDDGabriel/research/engines/gameplay/gameplay/src/lua/lua_RenderTarget.cpp,6,0,6
/media/ullmann/HDDGabriel/research/engines/gameplay/samples/spaceship/src/SpaceshipGame.h,1,1,2
/media/ullmann/HDDGabriel/research/engines/gameplay/gameplay/src/Light.cpp,3,0,3
/media/ullmann/HDDGabriel/research/engines/gameplay/gameplay/src/Joint.cpp,4,0,4
/media/ullmann/HDDGabriel/research/engines/gameplay/gameplay/src/lua/lua_Gesture.h,0,2,2
/media/ullmann/HDDGabriel/research/engines/gameplay/gameplay/src/Drawable.h,0,21,21
/media/ullmann/HDDGabriel/research/engines/gameplay/gameplay/src/lua/lua_PhysicsSpringConstraint.cpp,9,0,9
/media/ullmann/HDDGabriel/research/engines/gameplay/gameplay/src/lua/lua_PhysicsSpringConstraint.h,0,2,2
/media/ullmann/HDDGabriel/research/engines/gameplay/gameplay/src/lua/lua_Label.cpp,19,0,19
/media/ullmann/HDDGabriel/research/engines/gameplay/tools/encoder/src/Sampler.h,2,3,5
/media/ullmann/HDDGabriel/research/engines/gameplay/gameplay/src/lua/lua_PhysicsGhostObject.h,0,2,2
/media/ullmann/HDDGabriel/research/engines/gameplay/gameplay/src/ControlFactory.cpp,11,0,11
/media/ullmann/HDDGabriel/research/engines/gameplay/tools/luagen/src/ClassBinding.h,2,2,4
/media/ullmann/HDDGabriel/research/engines/gameplay/tools/luagen/src/Base.h,1,6,7
/media/ullmann/HDDGabriel/research/engines/gameplay/gameplay/src/PhysicsSocketConstraint.h,3,5,8
/media/ullmann/HDDGabriel/research/engines/gameplay/gameplay/src/lua/lua_AbsoluteLayout.cpp,9,0,9
/media/ullmann/HDDGabriel/research/engines/gameplay/gameplay/src/lua/lua_Ref.h,0,2,2
/media/ullmann/HDDGabriel/research/engines/gameplay/gameplay/src/PhysicsGenericConstraint.h,4,9,13
/media/ullmann/HDDGabriel/research/engines/gameplay/gameplay/src/lua/lua_Scene.h,0,2,2
/media/ullmann/HDDGabriel/research/engines/gameplay/gameplay/src/PhysicsHingeConstraint.cpp,3,0,3
/media/ullmann/HDDGabriel/research/engines/gameplay/tools/encoder/src/TMXTypes.cpp,1,0,1
/media/ullmann/HDDGabriel/research/engines/gameplay/tools/encoder/src/TMXTypes.h,1,2,3
/media/ullmann/HDDGabriel/research/engines/gameplay/gameplay/src/lua/lua_TextureSampler.h,0,2,2
/media/ullmann/HDDGabriel/research/engines/gameplay/tools/encoder/src/Animation.h,2,6,8
/media/ullmann/HDDGabriel/research/engines/gameplay/gameplay/src/lua/lua_Font.h,0,2,2
/media/ullmann/HDDGabriel/research/engines/gameplay/gameplay/src/lua/lua_PhysicsVehicle.cpp,13,0,13
/media/ullmann/HDDGabriel/research/engines/gameplay/tools/encoder/src/Reference.cpp,2,0,2
/media/ullmann/HDDGabriel/research/engines/gameplay/tools/encoder/src/NormalMapGenerator.h,1,2,3
/media/ullmann/HDDGabriel/research/engines/gameplay/tools/encoder/src/Vector3.h,1,9,10
/media/ullmann/HDDGabriel/research/engines/gameplay/tools/encoder/src/Node.h,4,6,10
/media/ullmann/HDDGabriel/research/engines/gameplay/tools/encoder/src/Font.h,2,4,6
/media/ullmann/HDDGabriel/research/engines/gameplay/tools/encoder/src/NormalMapGenerator.cpp,3,0,3
/media/ullmann/HDDGabriel/research/engines/gameplay/gameplay/src/TimeListener.h,0,2,2
/media/ullmann/HDDGabriel/research/engines/gameplay/tools/encoder/src/Animation.cpp,2,0,2
/media/ullmann/HDDGabriel/research/engines/gameplay/gameplay/src/lua/lua_PhysicsControllerHitFilter.cpp,11,0,11
/media/ullmann/HDDGabriel/research/engines/gameplay/gameplay/src/VertexAttributeBinding.h,2,5,7
/media/ullmann/HDDGabriel/research/engines/gameplay/gameplay/src/PhysicsConstraint.h,3,13,16
/media/ullmann/HDDGabriel/research/engines/gameplay/samples/browser/src/InputSample.h,2,1,3
/media/ullmann/HDDGabriel/research/engines/gameplay/gameplay/src/lua/lua_Animation.cpp,11,0,11
/media/ullmann/HDDGabriel/research/engines/gameplay/gameplay/src/lua/lua_Vector3.cpp,5,0,5
/media/ullmann/HDDGabriel/research/engines/gameplay/samples/browser/src/TextureSample.h,2,1,3
/media/ullmann/HDDGabriel/research/engines/gameplay/tools/encoder/src/VertexElement.cpp,2,0,2
/media/ullmann/HDDGabriel/research/engines/gameplay/tools/encoder/src/EncoderArguments.cpp,3,0,3
/media/ullmann/HDDGabriel/research/engines/gameplay/tools/encoder/src/StringUtil.h,0,7,7
/media/ullmann/HDDGabriel/research/engines/gameplay/gameplay/src/PhysicsVehicleWheel.h,3,17,20
/media/ullmann/HDDGabriel/research/engines/gameplay/samples/browser/src/SceneLoadSample.h,2,1,3
/media/ullmann/HDDGabriel/research/engines/gameplay/tools/encoder/src/StringUtil.cpp,2,0,2
/media/ullmann/HDDGabriel/research/engines/gameplay/gameplay/src/TerrainPatch.cpp,6,0,6
/media/ullmann/HDDGabriel/research/engines/gameplay/tools/encoder/src/Heightmap.cpp,4,0,4
/media/ullmann/HDDGabriel/research/engines/gameplay/gameplay/src/PhysicsFixedConstraint.h,2,6,8
/media/ullmann/HDDGabriel/research/engines/gameplay/gameplay/src/lua/lua_AIStateListener.cpp,9,0,9
/media/ullmann/HDDGabriel/research/engines/gameplay/samples/browser/src/MeshBatchSample.cpp,2,0,2
/media/ullmann/HDDGabriel/research/engines/gameplay/samples/browser/src/MeshBatchSample.h,2,1,3
/media/ullmann/HDDGabriel/research/engines/gameplay/gameplay/src/lua/lua_Gamepad.cpp,9,0,9
/media/ullmann/HDDGabriel/research/engines/gameplay/gameplay/src/lua/lua_Camera.cpp,15,0,15
/media/ullmann/HDDGabriel/research/engines/gameplay/gameplay/src/lua/lua_AIMessage.cpp,4,0,4
/media/ullmann/HDDGabriel/research/engines/gameplay/gameplay/src/lua/lua_Effect.h,0,2,2
/media/ullmann/HDDGabriel/research/engines/gameplay/gameplay/src/lua/lua_Layout.h,0,2,2
/media/ullmann/HDDGabriel/research/engines/gameplay/gameplay/src/BoundingSphere.inl,0,1,1
/media/ullmann/HDDGabriel/research/engines/gameplay/gameplay/src/lua/lua_Bundle.cpp,10,0,10
/media/ullmann/HDDGabriel/research/engines/gameplay/gameplay/src/Script.cpp,2,0,2
/media/ullmann/HDDGabriel/research/engines/gameplay/gameplay/src/Script.h,2,7,9
/media/ullmann/HDDGabriel/research/engines/gameplay/gameplay/src/lua/lua_VertexFormatElement.h,0,2,2
/media/ullmann/HDDGabriel/research/engines/gameplay/gameplay/src/lua/lua_BoundingBox.h,0,2,2
/media/ullmann/HDDGabriel/research/engines/gameplay/gameplay/src/lua/lua_ScriptController.h,0,2,2
/media/ullmann/HDDGabriel/research/engines/gameplay/gameplay/src/lua/lua_PhysicsControllerListener.h,0,2,2
/media/ullmann/HDDGabriel/research/engines/gameplay/gameplay/src/Vector4.cpp,2,0,2
/media/ullmann/HDDGabriel/research/engines/gameplay/gameplay/src/DepthStencilTarget.h,2,6,8
/media/ullmann/HDDGabriel/research/engines/gameplay/tools/encoder/src/ReferenceTable.cpp,2,0,2
/media/ullmann/HDDGabriel/research/engines/gameplay/gameplay/src/lua/lua_AIAgentListener.h,0,2,2
/media/ullmann/HDDGabriel/research/engines/gameplay/gameplay/src/lua/lua_CameraListener.h,0,2,2
/media/ullmann/HDDGabriel/research/engines/gameplay/gameplay/src/lua/lua_VerticalLayout.h,0,2,2
/media/ullmann/HDDGabriel/research/engines/gameplay/gameplay/src/lua/lua_AnimationValue.h,0,2,2
/media/ullmann/HDDGabriel/research/engines/gameplay/gameplay/src/lua/lua_BoundingSphere.cpp,5,0,5
/media/ullmann/HDDGabriel/research/engines/gameplay/gameplay/src/lua/lua_BoundingSphere.h,0,2,2
/media/ullmann/HDDGabriel/research/engines/gameplay/gameplay/src/PhysicsFixedConstraint.inl,0,1,1
/media/ullmann/HDDGabriel/research/engines/gameplay/gameplay/src/lua/lua_PhysicsVehicleWheel.cpp,12,0,12
/media/ullmann/HDDGabriel/research/engines/gameplay/gameplay/src/lua/lua_AudioController.cpp,7,0,7
/media/ullmann/HDDGabriel/research/engines/gameplay/samples/browser/src/PostProcessSample.cpp,2,0,2
/media/ullmann/HDDGabriel/research/engines/gameplay/tools/encoder/src/Curve.h,1,2,3
/media/ullmann/HDDGabriel/research/engines/gameplay/tools/encoder/src/Curve.inl,0,1,1
/media/ullmann/HDDGabriel/research/engines/gameplay/gameplay/src/PhysicsSocketConstraint.cpp,3,0,3
/media/ullmann/HDDGabriel/research/engines/gameplay/tools/encoder/src/MaterialParameter.cpp,2,0,2
/media/ullmann/HDDGabriel/research/engines/gameplay/gameplay/src/lua/lua_Curve.cpp,7,0,7
/media/ullmann/HDDGabriel/research/engines/gameplay/gameplay/src/lua/lua_Curve.h,0,2,2
/media/ullmann/HDDGabriel/research/engines/gameplay/tools/luagen/src/ClassBinding.cpp,2,0,2
/media/ullmann/HDDGabriel/research/engines/gameplay/tools/luagen/src/Generator.h,5,4,9
/media/ullmann/HDDGabriel/research/engines/gameplay/gameplay/src/Quaternion.inl,0,1,1
/media/ullmann/HDDGabriel/research/engines/gameplay/tools/encoder/src/GPBDecoder.cpp,2,0,2
/media/ullmann/HDDGabriel/research/engines/gameplay/tools/encoder/src/GPBDecoder.h,1,2,3
/media/ullmann/HDDGabriel/research/engines/gameplay/gameplay/src/lua/lua_AnimationController.cpp,6,0,6
/media/ullmann/HDDGabriel/research/engines/gameplay/gameplay/src/Technique.cpp,4,0,4
/media/ullmann/HDDGabriel/research/engines/gameplay/gameplay/src/lua/lua_Node.h,0,2,2
/media/ullmann/HDDGabriel/research/engines/gameplay/gameplay/src/Text.cpp,4,0,4
/media/ullmann/HDDGabriel/research/engines/gameplay/tools/encoder/src/FBXUtil.h,5,2,7
/media/ullmann/HDDGabriel/research/engines/gameplay/gameplay/src/lua/lua_Rectangle.h,0,2,2
/media/ullmann/HDDGabriel/research/engines/gameplay/tools/encoder/src/Transform.h,0,6,6
/media/ullmann/HDDGabriel/research/engines/gameplay/gameplay/src/AIStateMachine.h,1,7,8
/media/ullmann/HDDGabriel/research/engines/gameplay/gameplay/src/lua/lua_ControlListener.h,0,2,2
/media/ullmann/HDDGabriel/research/engines/gameplay/gameplay/src/lua/lua_Mesh.cpp,10,0,10
/media/ullmann/HDDGabriel/research/engines/gameplay/gameplay/src/lua/lua_Model.h,0,2,2
/media/ullmann/HDDGabriel/research/engines/gameplay/samples/browser/src/ParticlesSample.cpp,2,0,2
/media/ullmann/HDDGabriel/research/engines/gameplay/samples/browser/src/ParticlesSample.h,2,1,3
/media/ullmann/HDDGabriel/research/engines/gameplay/samples/browser/src/TerrainSample.h,2,1,3
/media/ullmann/HDDGabriel/research/engines/gameplay/gameplay/src/Properties.cpp,4,0,4
/media/ullmann/HDDGabriel/research/engines/gameplay/tools/encoder/src/Animations.cpp,2,0,2
/media/ullmann/HDDGabriel/research/engines/gameplay/tools/encoder/src/Animations.h,2,3,5
/media/ullmann/HDDGabriel/research/engines/gameplay/gameplay/src/Theme.cpp,5,0,5
/media/ullmann/HDDGabriel/research/engines/gameplay/gameplay/src/lua/lua_ThemeThemeImage.cpp,8,0,8
/media/ullmann/HDDGabriel/research/engines/gameplay/gameplay/src/lua/lua_ThemeThemeImage.h,0,2,2
/media/ullmann/HDDGabriel/research/engines/gameplay/gameplay/src/lua/lua_ParticleEmitter.h,0,2,2
/media/ullmann/HDDGabriel/research/engines/gameplay/gameplay/src/lua/lua_Text.cpp,13,0,13
/media/ullmann/HDDGabriel/research/engines/gameplay/gameplay/src/lua/lua_Text.h,0,2,2
/media/ullmann/HDDGabriel/research/engines/gameplay/gameplay/src/lua/lua_Image.cpp,7,0,7
/media/ullmann/HDDGabriel/research/engines/gameplay/gameplay/src/lua/lua_Quaternion.cpp,4,0,4
/media/ullmann/HDDGabriel/research/engines/gameplay/gameplay/src/lua/lua_Quaternion.h,0,2,2
/media/ullmann/HDDGabriel/research/engines/gameplay/gameplay/src/lua/lua_PhysicsControllerHitResult.h,0,2,2
/media/ullmann/HDDGabriel/research/engines/gameplay/gameplay/src/lua/lua_AIMessage.h,0,2,2
/media/ullmann/HDDGabriel/research/engines/gameplay/gameplay/src/lua/lua_AnimationTarget.h,0,2,2
/media/ullmann/HDDGabriel/research/engines/gameplay/gameplay/src/lua/lua_AIAgent.h,0,2,2
/media/ullmann/HDDGabriel/research/engines/gameplay/samples/browser/src/AudioSample.cpp,1,0,1
/media/ullmann/HDDGabriel/research/engines/gameplay/samples/browser/src/AudioSample.h,1,1,2
/media/ullmann/HDDGabriel/research/engines/gameplay/tools/encoder/src/Scene.cpp,2,0,2
/media/ullmann/HDDGabriel/research/engines/gameplay/samples/browser/src/SceneCreateSample.cpp,2,0,2
/media/ullmann/HDDGabriel/research/engines/gameplay/samples/browser/src/TriangleSample.h,2,1,3
/media/ullmann/HDDGabriel/research/engines/gameplay/gameplay/src/Logger.cpp,3,0,3
/media/ullmann/HDDGabriel/research/engines/gameplay/tools/encoder/src/Glyph.cpp,2,0,2
/media/ullmann/HDDGabriel/research/engines/gameplay/tools/encoder/src/Glyph.h,1,2,3
/media/ullmann/HDDGabriel/research/engines/gameplay/tools/luagen/src/main.cpp,2,0,2
/media/ullmann/HDDGabriel/research/engines/gameplay/tools/encoder/src/Font.cpp,2,0,2
/media/ullmann/HDDGabriel/research/engines/gameplay/gameplay/src/lua/lua_Joint.h,0,2,2
/media/ullmann/HDDGabriel/research/engines/gameplay/gameplay/src/ControlFactory.h,1,7,8
/media/ullmann/HDDGabriel/research/engines/gameplay/gameplay/src/Slider.cpp,2,0,2
/media/ullmann/HDDGabriel/research/engines/gameplay/tools/encoder/src/TMXSceneEncoder.cpp,1,0,1
/media/ullmann/HDDGabriel/research/engines/gameplay/gameplay/src/lua/lua_Matrix.h,0,2,2
/media/ullmann/HDDGabriel/research/engines/gameplay/tools/encoder/src/BoundingVolume.h,2,3,5
/media/ullmann/HDDGabriel/research/engines/gameplay/tools/encoder/src/AnimationChannel.cpp,3,0,3
/media/ullmann/HDDGabriel/research/engines/gameplay/tools/luagen/src/FunctionBinding.h,1,3,4
/media/ullmann/HDDGabriel/research/engines/gameplay/gameplay/src/lua/lua_TerrainPatch.h,0,2,2
/media/ullmann/HDDGabriel/research/engines/gameplay/gameplay/src/lua/lua_Rectangle.cpp,4,0,4
/media/ullmann/HDDGabriel/research/engines/gameplay/gameplay/src/lua/lua_Gesture.cpp,4,0,4
/media/ullmann/HDDGabriel/research/engines/gameplay/gameplay/src/Ref.cpp,3,0,3
/media/ullmann/HDDGabriel/research/engines/gameplay/samples/browser/src/SpriteBatchSample.cpp,2,0,2
/media/ullmann/HDDGabriel/research/engines/gameplay/samples/browser/src/SpriteBatchSample.h,2,1,3
/media/ullmann/HDDGabriel/research/engines/gameplay/tools/encoder/src/Mesh.cpp,3,0,3
/media/ullmann/HDDGabriel/research/engines/gameplay/tools/luagen/src/TypedefBinding.h,0,1,1
/media/ullmann/HDDGabriel/research/engines/gameplay/tools/encoder/src/MeshSubSet.cpp,1,0,1
/media/ullmann/HDDGabriel/research/engines/gameplay/gameplay/src/ImageControl.cpp,2,0,2
/media/ullmann/HDDGabriel/research/engines/gameplay/gameplay/src/lua/lua_SpriteBatchSpriteVertex.h,0,2,2
/media/ullmann/HDDGabriel/research/engines/gameplay/gameplay/src/PhysicsGenericConstraint.cpp,4,0,4
/media/ullmann/HDDGabriel/research/engines/gameplay/gameplay/src/lua/lua_Container.h,0,2,2
/media/ullmann/HDDGabriel/research/engines/gameplay/gameplay/src/MaterialParameter.cpp,3,0,3
/media/ullmann/HDDGabriel/research/engines/gameplay/gameplay/src/lua/lua_FileSystem.h,0,2,2
/media/ullmann/HDDGabriel/research/engines/gameplay/gameplay/src/FrameBuffer.cpp,3,0,3
/media/ullmann/HDDGabriel/research/engines/gameplay/samples/browser/src/LightSample.cpp,2,0,2
/media/ullmann/HDDGabriel/research/engines/gameplay/gameplay/src/lua/lua_AnimationClipListener.cpp,10,0,10
/media/ullmann/HDDGabriel/research/engines/gameplay/gameplay/src/lua/lua_AnimationClipListener.h,0,2,2
/media/ullmann/HDDGabriel/research/engines/gameplay/tools/encoder/src/Scene.h,3,3,6
/media/ullmann/HDDGabriel/research/engines/gameplay/gameplay/src/Frustum.cpp,4,0,4
/media/ullmann/HDDGabriel/research/engines/gameplay/tools/encoder/src/Model.cpp,2,0,2
/media/ullmann/HDDGabriel/research/engines/gameplay/tools/encoder/src/main.cpp,8,0,8
/media/ullmann/HDDGabriel/research/engines/gameplay/gameplay/src/Animation.cpp,8,0,8
/media/ullmann/HDDGabriel/research/engines/gameplay/gameplay/src/lua/lua_ScriptTargetEventRegistry.h,0,2,2
/media/ullmann/HDDGabriel/research/engines/gameplay/tools/encoder/src/Vector3.inl,0,1,1
/media/ullmann/HDDGabriel/research/engines/gameplay/gameplay/src/lua/lua_Plane.h,0,2,2
/media/ullmann/HDDGabriel/research/engines/gameplay/samples/browser/src/FormsSample.cpp,1,0,1
/media/ullmann/HDDGabriel/research/engines/gameplay/samples/browser/src/FormsSample.h,1,1,2
/media/ullmann/HDDGabriel/research/engines/gameplay/tools/encoder/src/Matrix.cpp,2,0,2
/media/ullmann/HDDGabriel/research/engines/gameplay/gameplay/src/lua/lua_Script.h,0,2,2
/media/ullmann/HDDGabriel/research/engines/gameplay/gameplay/src/lua/lua_all_bindings.cpp,2,0,2
/media/ullmann/HDDGabriel/research/engines/gameplay/tools/encoder/src/Quaternion.h,3,3,6
/media/ullmann/HDDGabriel/research/engines/gameplay/tools/encoder/src/Quaternion.inl,0,1,1
/media/ullmann/HDDGabriel/research/engines/gameplay/gameplay/src/lua/lua_CheckBox.h,0,2,2
/media/ullmann/HDDGabriel/research/engines/gameplay/samples/browser/src/WaterSample.cpp,2,0,2
/media/ullmann/HDDGabriel/research/engines/gameplay/samples/browser/src/WaterSample.h,2,1,3
/media/ullmann/HDDGabriel/research/engines/gameplay/gameplay/src/lua/lua_Pass.h,0,2,2
/media/ullmann/HDDGabriel/research/engines/gameplay/gameplay/src/gameplay-main-android.cpp,1,0,1
/media/ullmann/HDDGabriel/research/engines/gameplay/tools/encoder/src/MeshSkin.h,5,3,8
/media/ullmann/HDDGabriel/research/engines/gameplay/gameplay/src/BoundingSphere.cpp,3,0,3
/media/ullmann/HDDGabriel/research/engines/gameplay/tools/encoder/src/Reference.h,1,3,4
/media/ullmann/HDDGabriel/research/engines/gameplay/tools/encoder/src/TTFFontEncoder.cpp,4,0,4
/media/ullmann/HDDGabriel/research/engines/gameplay/gameplay/src/lua/lua_PhysicsHingeConstraint.h,0,2,2
/media/ullmann/HDDGabriel/research/engines/gameplay/samples/browser/src/TerrainSample.cpp,2,0,2
/media/ullmann/HDDGabriel/research/engines/gameplay/tools/encoder/src/MaterialParameter.h,1,1,2
/media/ullmann/HDDGabriel/research/engines/gameplay/tools/encoder/src/Transform.cpp,2,0,2
/media/ullmann/HDDGabriel/research/engines/gameplay/gameplay/src/lua/lua_AIStateListener.h,0,2,2
/media/ullmann/HDDGabriel/research/engines/gameplay/gameplay/src/MeshBatch.cpp,3,0,3
/media/ullmann/HDDGabriel/research/engines/gameplay/gameplay/src/Vector3.inl,0,1,1
/media/ullmann/HDDGabriel/research/engines/gameplay/gameplay/src/RadioButton.cpp,2,0,2
/media/ullmann/HDDGabriel/research/engines/gameplay/gameplay/src/AudioListener.cpp,4,0,4
/media/ullmann/HDDGabriel/research/engines/gameplay/gameplay/src/Camera.cpp,5,0,5
/media/ullmann/HDDGabriel/research/engines/gameplay/tools/encoder/src/TTFFontEncoder.h,1,2,3
/media/ullmann/HDDGabriel/research/engines/gameplay/gameplay/src/AIController.cpp,3,0,3
/media/ullmann/HDDGabriel/research/engines/gameplay/gameplay/src/lua/lua_PhysicsCollisionShapeDefinition.h,0,2,2
/media/ullmann/HDDGabriel/research/engines/gameplay/samples/browser/src/BillboardSample.cpp,3,0,3
/media/ullmann/HDDGabriel/research/engines/gameplay/tools/encoder/src/Vector3.cpp,2,0,2
/media/ullmann/HDDGabriel/research/engines/gameplay/gameplay/src/Platform.cpp,5,0,5
/media/ullmann/HDDGabriel/research/engines/gameplay/gameplay/src/lua/lua_AIStateMachine.h,0,2,2
/media/ullmann/HDDGabriel/research/engines/gameplay/gameplay/src/lua/lua_ThemeUVs.h,0,2,2
/media/ullmann/HDDGabriel/research/engines/gameplay/gameplay/src/lua/lua_TextureSampler.cpp,8,0,8
/media/ullmann/HDDGabriel/research/engines/gameplay/tools/encoder/src/Curve.cpp,2,0,2
/media/ullmann/HDDGabriel/research/engines/gameplay/gameplay/src/lua/lua_DepthStencilTarget.h,0,2,2
/media/ullmann/HDDGabriel/research/engines/gameplay/gameplay/src/Vector2.inl,0,1,1
/media/ullmann/HDDGabriel/research/engines/gameplay/gameplay/src/lua/lua_Vector4.cpp,4,0,4
/media/ullmann/HDDGabriel/research/engines/gameplay/gameplay/src/lua/lua_JoystickControl.h,0,2,2
/media/ullmann/HDDGabriel/research/engines/gameplay/tools/encoder/src/Vector2.inl,0,1,1
/media/ullmann/HDDGabriel/research/engines/gameplay/gameplay/src/PhysicsSpringConstraint.inl,0,1,1
/media/ullmann/HDDGabriel/research/engines/gameplay/gameplay/src/lua/lua_AIController.h,0,2,2
/media/ullmann/HDDGabriel/research/engines/gameplay/tools/encoder/src/FileIO.cpp,2,0,2
/media/ullmann/HDDGabriel/research/engines/gameplay/tools/encoder/src/BoundingVolume.cpp,2,0,2
/media/ullmann/HDDGabriel/research/engines/gameplay/gameplay/src/lua/lua_Theme.h,0,2,2
/media/ullmann/HDDGabriel/research/engines/gameplay/samples/browser/src/GestureSample.h,2,1,3
/media/ullmann/HDDGabriel/research/engines/gameplay/gameplay/src/lua/lua_TransformListener.h,0,2,2
/media/ullmann/HDDGabriel/research/engines/gameplay/gameplay/src/lua/lua_Label.h,0,2,2
/media/ullmann/HDDGabriel/research/engines/gameplay/gameplay/src/lua/lua_Transform.h,0,2,2
/media/ullmann/HDDGabriel/research/engines/gameplay/gameplay/src/lua/lua_Button.h,0,2,2
/media/ullmann/HDDGabriel/research/engines/gameplay/gameplay/src/lua/lua_ScriptTargetEvent.h,0,2,2
/media/ullmann/HDDGabriel/research/engines/gameplay/gameplay/src/BoundingBox.inl,0,1,1
/media/ullmann/HDDGabriel/research/engines/gameplay/gameplay/src/PhysicsConstraint.inl,0,1,1
/media/ullmann/HDDGabriel/research/engines/gameplay/gameplay/src/lua/lua_VertexAttributeBinding.h,0,2,2
/media/ullmann/HDDGabriel/research/engines/gameplay/gameplay/src/VertexFormat.cpp,2,0,2
/media/ullmann/HDDGabriel/research/engines/gameplay/tools/encoder/src/Sampler.cpp,3,0,3
/media/ullmann/HDDGabriel/research/engines/gameplay/gameplay/src/PhysicsGenericConstraint.inl,0,1,1
/media/ullmann/HDDGabriel/research/engines/gameplay/gameplay/src/lua/lua_Vector2.h,0,2,2
/media/ullmann/HDDGabriel/research/engines/gameplay/tools/encoder/src/Quaternion.cpp,2,0,2
/media/ullmann/HDDGabriel/research/engines/gameplay/gameplay/src/PhysicsRigidBody.inl,0,1,1
/media/ullmann/HDDGabriel/research/engines/gameplay/gameplay/src/MathUtil.cpp,2,0,2
/media/ullmann/HDDGabriel/research/engines/gameplay/gameplay/src/lua/lua_Animation.h,0,2,2
/media/ullmann/HDDGabriel/research/engines/gameplay/gameplay/src/ScreenDisplayer.cpp,2,0,2
/media/ullmann/HDDGabriel/research/engines/gameplay/tools/luagen/src/EnumBinding.h,1,1,2
/media/ullmann/HDDGabriel/research/engines/gameplay/samples/racer/src/RacerGame.cpp,1,0,1
/media/ullmann/HDDGabriel/research/engines/gameplay/gameplay/src/lua/lua_PhysicsFixedConstraint.h,0,2,2
/media/ullmann/HDDGabriel/research/engines/gameplay/tools/luagen/src/DebugNew.cpp,1,0,1
/media/ullmann/HDDGabriel/research/engines/gameplay/gameplay/src/TileSet.cpp,4,0,4
/media/ullmann/HDDGabriel/research/engines/gameplay/gameplay/src/lua/lua_AnimationController.h,0,2,2
/media/ullmann/HDDGabriel/research/engines/gameplay/gameplay/src/lua/lua_PhysicsConstraint.h,0,2,2
/media/ullmann/HDDGabriel/research/engines/gameplay/template/src/TemplateGame.h,1,1,2
/media/ullmann/HDDGabriel/research/engines/gameplay/gameplay/src/lua/lua_TextBox.h,0,2,2
/media/ullmann/HDDGabriel/research/engines/gameplay/gameplay/src/lua/lua_AudioBuffer.cpp,7,0,7
/media/ullmann/HDDGabriel/research/engines/gameplay/gameplay/src/lua/lua_Vector3.h,0,2,2
/media/ullmann/HDDGabriel/research/engines/gameplay/tools/encoder/src/Heightmap.h,1,2,3
/media/ullmann/HDDGabriel/research/engines/gameplay/gameplay/src/lua/lua_FlowLayout.h,0,2,2
/media/ullmann/HDDGabriel/research/engines/gameplay/template/src/TemplateGame.cpp,1,0,1
/media/ullmann/HDDGabriel/research/engines/gameplay/tools/luagen/src/FunctionBinding.cpp,2,0,2
/media/ullmann/HDDGabriel/research/engines/gameplay/gameplay/src/lua/lua_FrameBuffer.h,0,2,2
/media/ullmann/HDDGabriel/research/engines/gameplay/tools/luagen/src/DebugNew.h,0,1,1
/media/ullmann/HDDGabriel/research/engines/gameplay/samples/browser/src/PostProcessSample.h,2,1,3
/media/ullmann/HDDGabriel/research/engines/gameplay/gameplay/src/MathUtilNeon.inl,0,1,1
/media/ullmann/HDDGabriel/research/engines/gameplay/gameplay/src/lua/lua_Mesh.h,0,2,2
/media/ullmann/HDDGabriel/research/engines/gameplay/gameplay/src/lua/lua_MaterialParameter.h,0,2,2
/media/ullmann/HDDGabriel/research/engines/gameplay/gameplay/src/lua/lua_HeightField.h,0,2,2
/media/ullmann/HDDGabriel/research/engines/gameplay/tools/encoder/src/Thread.h,0,1,1
/media/ullmann/HDDGabriel/research/engines/gameplay/gameplay/src/MeshBatch.inl,0,1,1
/media/ullmann/HDDGabriel/research/engines/gameplay/gameplay/src/lua/lua_VertexFormat.h,0,2,2
/media/ullmann/HDDGabriel/research/engines/gameplay/gameplay/src/lua/lua_PhysicsCollisionObjectCollisionPair.h,0,2,2
/media/ullmann/HDDGabriel/research/engines/gameplay/gameplay/src/lua/lua_Image.h,0,2,2
/media/ullmann/HDDGabriel/research/engines/gameplay/gameplay/src/lua/lua_Sprite.h,0,2,2
/media/ullmann/HDDGabriel/research/engines/gameplay/gameplay/src/lua/lua_Camera.h,0,2,2
/media/ullmann/HDDGabriel/research/engines/gameplay/gameplay/src/lua/lua_Gamepad.h,0,2,2
/media/ullmann/HDDGabriel/research/engines/gameplay/gameplay/src/lua/lua_PhysicsSocketConstraint.h,0,2,2
/media/ullmann/HDDGabriel/research/engines/gameplay/tools/encoder/src/Vector4.cpp,2,0,2
/media/ullmann/HDDGabriel/research/engines/gameplay/tools/encoder/src/Vector4.h,1,4,5
/media/ullmann/HDDGabriel/research/engines/gameplay/samples/browser/src/GamepadSample.cpp,1,0,1
/media/ullmann/HDDGabriel/research/engines/gameplay/gameplay/src/PhysicsFixedConstraint.cpp,2,0,2
/media/ullmann/HDDGabriel/research/engines/gameplay/gameplay/src/gameplay-main-linux.cpp,1,0,1
/media/ullmann/HDDGabriel/research/engines/gameplay/gameplay/src/lua/lua_AudioController.h,0,2,2
/media/ullmann/HDDGabriel/research/engines/gameplay/gameplay/src/lua/lua_PhysicsVehicleWheel.h,0,2,2
/media/ullmann/HDDGabriel/research/engines/gameplay/gameplay/src/lua/lua_RenderState.h,0,2,2
/media/ullmann/HDDGabriel/research/engines/gameplay/gameplay/src/lua/lua_PhysicsCollisionObjectCollisionListener.h,0,2,2
/media/ullmann/HDDGabriel/research/engines/gameplay/gameplay/src/lua/lua_AbsoluteLayout.h,0,2,2
/media/ullmann/HDDGabriel/research/engines/gameplay/gameplay/src/lua/lua_AudioBuffer.h,0,2,2
/media/ullmann/HDDGabriel/research/engines/gameplay/gameplay/src/DebugNew.h,0,1,1
/media/ullmann/HDDGabriel/research/engines/gameplay/gameplay/src/MathUtil.inl,0,1,1
/media/ullmann/HDDGabriel/research/engines/gameplay/gameplay/src/DebugNew.cpp,1,0,1
/media/ullmann/HDDGabriel/research/engines/gameplay/gameplay/src/lua/lua_Vector4.h,0,2,2
/media/ullmann/HDDGabriel/research/engines/gameplay/gameplay/src/lua/lua_Texture.h,0,2,2
/media/ullmann/HDDGabriel/research/engines/gameplay/gameplay/src/ScriptController.inl,0,1,1
/media/ullmann/HDDGabriel/research/engines/gameplay/samples/browser/src/TextureSample.cpp,2,0,2
/media/ullmann/HDDGabriel/research/engines/gameplay/gameplay/src/Vector2.cpp,2,0,2
/media/ullmann/HDDGabriel/research/engines/gameplay/tools/encoder/src/Light.cpp,2,0,2
/media/ullmann/HDDGabriel/research/engines/gameplay/samples/browser/src/SamplesGame.cpp,1,0,1
/media/ullmann/HDDGabriel/research/engines/gameplay/gameplay/src/lua/lua_MathUtil.h,0,2,2
/media/ullmann/HDDGabriel/research/engines/gameplay/gameplay/src/gameplay-main-windows.cpp,1,0,1
/media/ullmann/HDDGabriel/research/engines/gameplay/gameplay/src/TextBox.cpp,2,0,2
/media/ullmann/HDDGabriel/research/engines/gameplay/gameplay/src/lua/lua_PhysicsGenericConstraint.h,0,2,2
/media/ullmann/HDDGabriel/research/engines/gameplay/gameplay/src/Curve.cpp,2,0,2
/media/ullmann/HDDGabriel/research/engines/gameplay/gameplay/src/Game.inl,0,1,1
/media/ullmann/HDDGabriel/research/engines/gameplay/samples/browser/src/FirstPersonCamera.cpp,1,0,1
/media/ullmann/HDDGabriel/research/engines/gameplay/gameplay/src/Drawable.cpp,3,0,3
/media/ullmann/HDDGabriel/research/engines/gameplay/samples/spaceship/src/SpaceshipGame.cpp,1,0,1
/media/ullmann/HDDGabriel/research/engines/gameplay/samples/browser/src/Grid.cpp,1,0,1
/media/ullmann/HDDGabriel/research/engines/gameplay/tools/encoder/src/Vector4.inl,0,1,1
/media/ullmann/HDDGabriel/research/engines/gameplay/gameplay/src/Plane.inl,0,1,1
/media/ullmann/HDDGabriel/research/engines/gameplay/tools/encoder/src/Base.cpp,1,0,1
/media/ullmann/HDDGabriel/research/engines/gameplay/tools/luagen/src/Generator.cpp,1,0,1
