edge,includes,includedby,sum
/media/ullmann/HDDGabriel/engines/godot/drivers/png/resource_saver_png.cpp,0,5,5
/media/ullmann/HDDGabriel/engines/godot/scene/resources/texture.h,53,10,63
/media/ullmann/HDDGabriel/engines/godot/editor/plugins/script_editor_plugin.h,15,16,31
/media/ullmann/HDDGabriel/engines/godot/scene/resources/text_file.h,3,2,5
/media/ullmann/HDDGabriel/engines/godot/thirdparty/freetype/src/type42/t42objs.c,1,3,4
/media/ullmann/HDDGabriel/engines/godot/thirdparty/freetype/src/type42/t42error.h,3,0,3
/media/ullmann/HDDGabriel/engines/godot/modules/bullet/register_types.cpp,0,4,4
/media/ullmann/HDDGabriel/engines/godot/modules/bullet/register_types.h,2,0,2
/media/ullmann/HDDGabriel/engines/godot/drivers/gles3/rasterizer_scene_gles3.cpp,0,7,7
/media/ullmann/HDDGabriel/engines/godot/servers/camera/camera_feed.h,7,4,11
/media/ullmann/HDDGabriel/engines/godot/thirdparty/opus/celt/cwrs.h,5,4,9
/media/ullmann/HDDGabriel/engines/godot/thirdparty/opus/celt/entdec.h,8,1,9
/media/ullmann/HDDGabriel/engines/godot/scene/3d/audio_stream_player_3d.h,3,6,9
/media/ullmann/HDDGabriel/engines/godot/scene/3d/spatial_velocity_tracker.h,3,1,4
/media/ullmann/HDDGabriel/engines/godot/editor/filesystem_dock.h,9,19,28
/media/ullmann/HDDGabriel/engines/godot/editor/dependency_editor.h,4,4,8
/media/ullmann/HDDGabriel/engines/godot/thirdparty/freetype/src/autofit/aftypes.h,8,5,13
/media/ullmann/HDDGabriel/engines/godot/thirdparty/freetype/src/autofit/afcover.h,2,0,2
/media/ullmann/HDDGabriel/engines/godot/editor/spatial_editor_gizmos.cpp,0,38,38
/media/ullmann/HDDGabriel/engines/godot/scene/resources/ray_shape.h,5,1,6
/media/ullmann/HDDGabriel/engines/godot/scene/register_scene_types.cpp,0,185,185
/media/ullmann/HDDGabriel/engines/godot/scene/resources/convex_polygon_shape_2d.h,7,1,8
/media/ullmann/HDDGabriel/engines/godot/thirdparty/bullet/btBulletCollisionAll.cpp,0,97,97
/media/ullmann/HDDGabriel/engines/godot/thirdparty/bullet/BulletCollision/NarrowPhaseCollision/btPersistentManifold.cpp,1,1,2
/media/ullmann/HDDGabriel/engines/godot/thirdparty/bullet/BulletInverseDynamics/details/MultiBodyTreeImpl.hpp,2,2,4
/media/ullmann/HDDGabriel/engines/godot/thirdparty/bullet/BulletInverseDynamics/MultiBodyTree.hpp,3,2,5
/media/ullmann/HDDGabriel/engines/godot/editor/editor_translation.cpp,0,6,6
/media/ullmann/HDDGabriel/engines/godot/editor/doc_translations.gen.h,1,0,1
/media/ullmann/HDDGabriel/engines/godot/editor/editor_file_dialog.cpp,0,13,13
/media/ullmann/HDDGabriel/engines/godot/core/os/keyboard.h,88,1,89
/media/ullmann/HDDGabriel/engines/godot/thirdparty/embree/common/sys/intrinsics.h,9,2,11
/media/ullmann/HDDGabriel/engines/godot/thirdparty/embree/common/sys/platform.h,22,0,22
/media/ullmann/HDDGabriel/engines/godot/thirdparty/embree/common/simd/simd.h,4,4,8
/media/ullmann/HDDGabriel/engines/godot/thirdparty/embree/common/math/math.h,18,4,22
/media/ullmann/HDDGabriel/engines/godot/editor/plugins/animation_tree_editor_plugin.h,6,8,14
/media/ullmann/HDDGabriel/engines/godot/scene/gui/graph_edit.h,9,8,17
/media/ullmann/HDDGabriel/engines/godot/scene/resources/surface_tool.h,19,2,21
/media/ullmann/HDDGabriel/engines/godot/thirdparty/misc/mikktspace.h,3,0,3
/media/ullmann/HDDGabriel/engines/godot/scene/2d/collision_shape_2d.h,3,2,5
/media/ullmann/HDDGabriel/engines/godot/scene/resources/shape_2d.h,12,1,13
/media/ullmann/HDDGabriel/engines/godot/modules/mono/editor/godotsharp_export.cpp,0,8,8
/media/ullmann/HDDGabriel/engines/godot/modules/mono/editor/godotsharp_export.h,2,4,6
/media/ullmann/HDDGabriel/engines/godot/thirdparty/vhacd/src/VHACD-ASYNC.cpp,0,1,1
/media/ullmann/HDDGabriel/engines/godot/thirdparty/vhacd/public/VHACD.h,3,0,3
/media/ullmann/HDDGabriel/engines/godot/platform/android/java_class_wrapper.cpp,0,3,3
/media/ullmann/HDDGabriel/engines/godot/platform/android/string_android.h,7,2,9
/media/ullmann/HDDGabriel/engines/godot/thirdparty/opus/celt/static_modes_fixed.h,0,3,3
/media/ullmann/HDDGabriel/engines/godot/thirdparty/opus/celt/rate.h,11,2,13
/media/ullmann/HDDGabriel/engines/godot/thirdparty/etc2comp/EtcDifferentialTrys.cpp,0,2,2
/media/ullmann/HDDGabriel/engines/godot/thirdparty/etc2comp/EtcDifferentialTrys.h,3,1,4
/media/ullmann/HDDGabriel/engines/godot/thirdparty/bullet/LinearMath/btModifiedGramSchmidt.h,0,2,2
/media/ullmann/HDDGabriel/engines/godot/thirdparty/bullet/LinearMath/btAlignedObjectArray.h,9,2,11
/media/ullmann/HDDGabriel/engines/godot/thirdparty/embree/kernels/bvh/bvh_collider.cpp,0,2,2
/media/ullmann/HDDGabriel/engines/godot/thirdparty/embree/kernels/geometry/triangle_triangle_intersector.h,1,1,2
/media/ullmann/HDDGabriel/engines/godot/editor/editor_file_dialog.h,10,10,20
/media/ullmann/HDDGabriel/engines/godot/scene/gui/item_list.h,9,2,11
/media/ullmann/HDDGabriel/engines/godot/scene/3d/room_manager.h,7,3,10
/media/ullmann/HDDGabriel/engines/godot/thirdparty/freetype/src/truetype/ttgload.c,1,5,6
/media/ullmann/HDDGabriel/engines/godot/thirdparty/freetype/src/truetype/ttpload.h,5,0,5
/media/ullmann/HDDGabriel/engines/godot/thirdparty/embree/common/algorithms/parallel_partition.h,2,2,4
/media/ullmann/HDDGabriel/engines/godot/thirdparty/embree/common/math/range.h,5,2,7
/media/ullmann/HDDGabriel/engines/godot/core/resource.h,62,6,68
/media/ullmann/HDDGabriel/engines/godot/core/self_list.h,18,2,20
/media/ullmann/HDDGabriel/engines/godot/modules/gridmap/grid_map_editor_plugin.cpp,0,8,8
/media/ullmann/HDDGabriel/engines/godot/modules/gltf/gltf_document.cpp,0,37,37
/media/ullmann/HDDGabriel/engines/godot/modules/gltf/gltf_light.h,4,2,6
/media/ullmann/HDDGabriel/engines/godot/thirdparty/embree/kernels/builders/primrefgen_presplit.h,2,5,7
/media/ullmann/HDDGabriel/engines/godot/thirdparty/embree/kernels/builders/primrefgen.h,7,5,12
/media/ullmann/HDDGabriel/engines/godot/thirdparty/freetype/src/psaux/psread.c,1,3,4
/media/ullmann/HDDGabriel/engines/godot/thirdparty/freetype/src/psaux/pserror.h,9,1,10
/media/ullmann/HDDGabriel/engines/godot/thirdparty/bullet/Bullet3Common/b3Vector3.cpp,0,1,1
/media/ullmann/HDDGabriel/engines/godot/thirdparty/bullet/Bullet3Common/b3Vector3.h,3,3,6
/media/ullmann/HDDGabriel/engines/godot/scene/2d/area_2d.cpp,0,4,4
/media/ullmann/HDDGabriel/engines/godot/servers/audio_server.h,49,5,54
/media/ullmann/HDDGabriel/engines/godot/thirdparty/freetype/src/sfnt/sfnt.c,0,15,15
/media/ullmann/HDDGabriel/engines/godot/thirdparty/freetype/src/sfnt/ttmtx.c,1,2,3
/media/ullmann/HDDGabriel/engines/godot/editor/groups_editor.h,3,9,12
/media/ullmann/HDDGabriel/engines/godot/scene/gui/tool_button.h,24,1,25
/media/ullmann/HDDGabriel/engines/godot/thirdparty/freetype/src/gxvalid/gxvprop.c,1,2,3
/media/ullmann/HDDGabriel/engines/godot/thirdparty/freetype/src/gxvalid/gxvcommn.h,13,1,14
/media/ullmann/HDDGabriel/engines/godot/modules/gltf/gltf_state.h,5,18,23
/media/ullmann/HDDGabriel/engines/godot/modules/gltf/gltf_texture.h,4,2,6
/media/ullmann/HDDGabriel/engines/godot/thirdparty/oidn/mkl-dnn/src/cpu/rnn/cell_gru_lbr.cpp,0,1,1
/media/ullmann/HDDGabriel/engines/godot/thirdparty/oidn/mkl-dnn/src/cpu/rnn/ref_rnn.hpp,7,6,13
/media/ullmann/HDDGabriel/engines/godot/thirdparty/bullet/BulletCollision/CollisionShapes/btShapeHull.cpp,1,1,2
/media/ullmann/HDDGabriel/engines/godot/thirdparty/bullet/BulletCollision/CollisionShapes/btShapeHull.h,1,0,1
/media/ullmann/HDDGabriel/engines/godot/scene/resources/capsule_shape.h,6,1,7
/media/ullmann/HDDGabriel/engines/godot/editor/settings_config_dialog.cpp,0,10,10
/media/ullmann/HDDGabriel/engines/godot/editor/script_editor_debugger.h,11,7,18
/media/ullmann/HDDGabriel/engines/godot/modules/recast/navigation_mesh_generator.cpp,0,19,19
/media/ullmann/HDDGabriel/engines/godot/modules/modules_enabled.gen.h,18,0,18
/media/ullmann/HDDGabriel/engines/godot/thirdparty/oidn/mkl-dnn/src/cpu/jit_uni_dw_convolution.hpp,1,5,6
/media/ullmann/HDDGabriel/engines/godot/thirdparty/oidn/mkl-dnn/src/cpu/cpu_reducer.hpp,6,1,7
/media/ullmann/HDDGabriel/engines/godot/thirdparty/opus/silk/stereo_MS_to_LR.c,0,1,1
/media/ullmann/HDDGabriel/engines/godot/thirdparty/opus/silk/main.h,38,8,46
/media/ullmann/HDDGabriel/engines/godot/editor/plugins/skeleton_editor_plugin.h,2,3,5
/media/ullmann/HDDGabriel/engines/godot/scene/3d/skeleton.h,21,3,24
/media/ullmann/HDDGabriel/engines/godot/thirdparty/oidn/mkl-dnn/src/common/scratchpad.cpp,0,3,3
/media/ullmann/HDDGabriel/engines/godot/thirdparty/oidn/mkl-dnn/src/common/mkldnn_thread.hpp,1,3,4
/media/ullmann/HDDGabriel/engines/godot/editor/plugins/navigation_polygon_editor_plugin.cpp,0,1,1
/media/ullmann/HDDGabriel/engines/godot/editor/plugins/navigation_polygon_editor_plugin.h,2,2,4
/media/ullmann/HDDGabriel/engines/godot/editor/editor_node.cpp,0,140,140
/media/ullmann/HDDGabriel/engines/godot/editor/multi_node_edit.h,5,1,6
/media/ullmann/HDDGabriel/engines/godot/thirdparty/libvorbis/floor0.c,0,9,9
/media/ullmann/HDDGabriel/engines/godot/thirdparty/libvorbis/registry.h,10,0,10
/media/ullmann/HDDGabriel/engines/godot/core/io/pck_packer.cpp,0,4,4
/media/ullmann/HDDGabriel/engines/godot/core/io/pck_packer.h,2,1,3
/media/ullmann/HDDGabriel/engines/godot/scene/main/viewport.h,56,5,61
/media/ullmann/HDDGabriel/engines/godot/servers/visual_server.h,70,7,77
/media/ullmann/HDDGabriel/engines/godot/thirdparty/opus/opus_multistream_decoder.c,0,2,2
/media/ullmann/HDDGabriel/engines/godot/thirdparty/opus/config.h,15,0,15
/media/ullmann/HDDGabriel/engines/godot/modules/opensimplex/register_types.cpp,0,3,3
/media/ullmann/HDDGabriel/engines/godot/modules/opensimplex/register_types.h,2,0,2
/media/ullmann/HDDGabriel/engines/godot/scene/gui/video_player.h,2,4,6
/media/ullmann/HDDGabriel/engines/godot/scene/resources/video_stream.h,5,1,6
/media/ullmann/HDDGabriel/engines/godot/editor/script_create_dialog.h,5,8,13
/media/ullmann/HDDGabriel/engines/godot/scene/gui/check_box.h,16,1,17
/media/ullmann/HDDGabriel/engines/godot/editor/editor_data.cpp,0,8,8
/media/ullmann/HDDGabriel/engines/godot/editor/editor_settings.h,74,6,80
/media/ullmann/HDDGabriel/engines/godot/thirdparty/embree/common/algorithms/parallel_map.h,1,1,2
/media/ullmann/HDDGabriel/engines/godot/thirdparty/embree/common/algorithms/parallel_sort.h,2,2,4
/media/ullmann/HDDGabriel/engines/godot/platform/uwp/app.cpp,0,6,6
/media/ullmann/HDDGabriel/engines/godot/platform/windows/key_mapping_windows.h,3,1,4
/media/ullmann/HDDGabriel/engines/godot/thirdparty/libtheora/idct.c,0,2,2
/media/ullmann/HDDGabriel/engines/godot/thirdparty/libtheora/internal.h,12,5,17
/media/ullmann/HDDGabriel/engines/godot/editor/import_dock.h,3,9,12
/media/ullmann/HDDGabriel/engines/godot/core/io/config_file.h,20,4,24
/media/ullmann/HDDGabriel/engines/godot/scene/register_scene_types.h,2,0,2
/media/ullmann/HDDGabriel/engines/godot/editor/plugins/collision_shape_2d_editor_plugin.h,2,5,7
/media/ullmann/HDDGabriel/engines/godot/editor/editor_plugin.h,60,9,69
/media/ullmann/HDDGabriel/engines/godot/platform/x11/os_x11.cpp,0,10,10
/media/ullmann/HDDGabriel/engines/godot/platform/x11/os_x11.h,2,14,16
/media/ullmann/HDDGabriel/engines/godot/thirdparty/freetype/src/otvalid/otvbase.c,1,2,3
/media/ullmann/HDDGabriel/engines/godot/thirdparty/freetype/src/otvalid/otvcommn.h,8,1,9
/media/ullmann/HDDGabriel/engines/godot/modules/mono/glue/base_object_glue.cpp,0,10,10
/media/ullmann/HDDGabriel/engines/godot/modules/mono/glue/arguments_vector.h,2,1,3
/media/ullmann/HDDGabriel/engines/godot/thirdparty/oidn/mkl-dnn/src/common/concat.cpp,0,5,5
/media/ullmann/HDDGabriel/engines/godot/thirdparty/oidn/mkl-dnn/src/common/concat_pd.hpp,2,5,7
/media/ullmann/HDDGabriel/engines/godot/core/image.cpp,0,8,8
/media/ullmann/HDDGabriel/engines/godot/core/io/image_loader.h,31,5,36
/media/ullmann/HDDGabriel/engines/godot/scene/gui/slider.h,9,1,10
/media/ullmann/HDDGabriel/engines/godot/core/os/input_event.h,6,4,10
/media/ullmann/HDDGabriel/engines/godot/thirdparty/freetype/src/gxvalid/gxvfeat.c,1,3,4
/media/ullmann/HDDGabriel/engines/godot/editor/editor_run_script.h,3,2,5
/media/ullmann/HDDGabriel/engines/godot/core/reference.h,57,4,61
/media/ullmann/HDDGabriel/engines/godot/core/io/file_access_memory.h,5,1,6
/media/ullmann/HDDGabriel/engines/godot/thirdparty/opus/silk/resampler_private_AR2.c,0,2,2
/media/ullmann/HDDGabriel/engines/godot/thirdparty/opus/silk/SigProc_FIX.h,29,10,39
/media/ullmann/HDDGabriel/engines/godot/servers/camera_server.h,7,5,12
/media/ullmann/HDDGabriel/engines/godot/thirdparty/bullet/BulletDynamics/ConstraintSolver/btSolverConstraint.h,1,2,3
/media/ullmann/HDDGabriel/engines/godot/thirdparty/bullet/BulletDynamics/ConstraintSolver/btJacobianEntry.h,10,0,10
/media/ullmann/HDDGabriel/engines/godot/editor/plugins/tile_set_editor_plugin.h,2,5,7
/media/ullmann/HDDGabriel/engines/godot/scene/2d/sprite.h,9,2,11
/media/ullmann/HDDGabriel/engines/godot/thirdparty/oidn/mkl-dnn/src/cpu/jit_transpose_src_utils.cpp,0,3,3
/media/ullmann/HDDGabriel/engines/godot/thirdparty/oidn/mkl-dnn/src/cpu/cpu_barrier.hpp,9,1,10
/media/ullmann/HDDGabriel/engines/godot/core/math/bsp_tree.h,3,7,10
/media/ullmann/HDDGabriel/engines/godot/core/variant.h,65,18,83
/media/ullmann/HDDGabriel/engines/godot/thirdparty/embree/kernels/geometry/primitive.h,21,5,26
/media/ullmann/HDDGabriel/engines/godot/thirdparty/embree/kernels/common/primref.h,8,1,9
/media/ullmann/HDDGabriel/engines/godot/editor/plugins/audio_stream_editor_plugin.cpp,0,7,7
/media/ullmann/HDDGabriel/engines/godot/editor/audio_stream_preview.h,4,4,8
/media/ullmann/HDDGabriel/engines/godot/thirdparty/zstd/common/zstd_common.c,0,3,3
/media/ullmann/HDDGabriel/engines/godot/thirdparty/zstd/common/zstd_deps.h,25,0,25
/media/ullmann/HDDGabriel/engines/godot/thirdparty/opus/silk/tables_other.c,0,3,3
/media/ullmann/HDDGabriel/engines/godot/thirdparty/opus/silk/structs.h,4,3,7
/media/ullmann/HDDGabriel/engines/godot/editor/find_in_files.cpp,0,14,14
/media/ullmann/HDDGabriel/engines/godot/core/os/dir_access.h,57,2,59
/media/ullmann/HDDGabriel/engines/godot/editor/scene_tree_dock.cpp,0,18,18
/media/ullmann/HDDGabriel/engines/godot/thirdparty/miniupnpc/miniupnpc/portlistingparse.c,0,2,2
/media/ullmann/HDDGabriel/engines/godot/thirdparty/miniupnpc/miniupnpc/portlistingparse.h,2,2,4
/media/ullmann/HDDGabriel/engines/godot/editor/editor_settings.cpp,0,17,17
/media/ullmann/HDDGabriel/engines/godot/scene/main/scene_tree.h,19,7,26
/media/ullmann/HDDGabriel/engines/godot/editor/project_export.h,2,21,23
/media/ullmann/HDDGabriel/engines/godot/scene/gui/rich_text_label.h,13,2,15
/media/ullmann/HDDGabriel/engines/godot/modules/fbx/editor_scene_importer_fbx.cpp,0,22,22
/media/ullmann/HDDGabriel/engines/godot/modules/fbx/fbx_parser/FBXImportSettings.h,6,0,6
/media/ullmann/HDDGabriel/engines/godot/thirdparty/mbedtls/library/certs.c,0,1,1
/media/ullmann/HDDGabriel/engines/godot/thirdparty/mbedtls/library/common.h,86,0,86
/media/ullmann/HDDGabriel/engines/godot/platform/osx/joypad_osx.h,2,1,3
/media/ullmann/HDDGabriel/engines/godot/main/input_default.h,20,1,21
/media/ullmann/HDDGabriel/engines/godot/servers/visual/shader_language.cpp,0,4,4
/media/ullmann/HDDGabriel/engines/godot/servers/visual/shader_language.h,13,7,20
/media/ullmann/HDDGabriel/engines/godot/drivers/gles2/rasterizer_storage_gles2.h,5,9,14
/media/ullmann/HDDGabriel/engines/godot/core/pool_vector.h,15,6,21
/media/ullmann/HDDGabriel/engines/godot/thirdparty/bullet/BulletCollision/BroadphaseCollision/btOverlappingPairCache.h,4,3,7
/media/ullmann/HDDGabriel/engines/godot/thirdparty/bullet/BulletCollision/BroadphaseCollision/btOverlappingPairCallback.h,3,0,3
/media/ullmann/HDDGabriel/engines/godot/thirdparty/embree/kernels/geometry/subgrid_mb_intersector.h,1,1,2
/media/ullmann/HDDGabriel/engines/godot/thirdparty/embree/kernels/geometry/subgrid_intersector.h,2,3,5
/media/ullmann/HDDGabriel/engines/godot/modules/gdscript/language_server/gdscript_language_server.h,2,3,5
/media/ullmann/HDDGabriel/engines/godot/servers/physics/joints/pin_joint_sw.cpp,0,1,1
/media/ullmann/HDDGabriel/engines/godot/servers/physics/joints/pin_joint_sw.h,2,2,4
/media/ullmann/HDDGabriel/engines/godot/core/io/file_access_pack.h,9,6,15
/media/ullmann/HDDGabriel/engines/godot/core/list.h,27,3,30
/media/ullmann/HDDGabriel/engines/godot/thirdparty/freetype/src/autofit/afglobal.c,1,7,8
/media/ullmann/HDDGabriel/engines/godot/thirdparty/freetype/src/autofit/afshaper.h,3,0,3
/media/ullmann/HDDGabriel/engines/godot/thirdparty/opus/silk/NSQ_del_dec.c,0,3,3
/media/ullmann/HDDGabriel/engines/godot/thirdparty/miniupnpc/miniupnpc/miniwget.c,0,5,5
/media/ullmann/HDDGabriel/engines/godot/thirdparty/miniupnpc/miniupnpc/receivedata.h,3,1,4
/media/ullmann/HDDGabriel/engines/godot/thirdparty/squish/colourfit.h,4,2,6
/media/ullmann/HDDGabriel/engines/godot/thirdparty/squish/maths.h,8,1,9
/media/ullmann/HDDGabriel/engines/godot/editor/plugins/script_editor_plugin.cpp,0,20,20
/media/ullmann/HDDGabriel/engines/godot/editor/editor_scale.h,100,0,100
/media/ullmann/HDDGabriel/engines/godot/thirdparty/pvrtccompressor/PvrTcEncoder.cpp,0,8,8
/media/ullmann/HDDGabriel/engines/godot/thirdparty/pvrtccompressor/RgbBitmap.h,1,2,3
/media/ullmann/HDDGabriel/engines/godot/editor/node_dock.h,5,2,7
/media/ullmann/HDDGabriel/engines/godot/modules/gdnative/videodecoder/register_types.cpp,0,3,3
/media/ullmann/HDDGabriel/engines/godot/modules/gdnative/videodecoder/register_types.h,2,0,2
/media/ullmann/HDDGabriel/engines/godot/editor/scene_tree_editor.h,10,6,16
/media/ullmann/HDDGabriel/engines/godot/editor/editor_data.h,11,6,17
/media/ullmann/HDDGabriel/engines/godot/editor/plugins/resource_preloader_editor_plugin.cpp,0,5,5
/media/ullmann/HDDGabriel/engines/godot/core/io/resource_loader.h,77,2,79
/media/ullmann/HDDGabriel/engines/godot/thirdparty/bullet/BulletCollision/BroadphaseCollision/btAxisSweep3.h,2,6,8
/media/ullmann/HDDGabriel/engines/godot/thirdparty/zstd/decompress/zstd_decompress_block.c,0,10,10
/media/ullmann/HDDGabriel/engines/godot/thirdparty/zstd/common/compiler.h,9,1,10
/media/ullmann/HDDGabriel/engines/godot/thirdparty/zstd/decompress/zstd_ddict.c,0,7,7
/media/ullmann/HDDGabriel/engines/godot/thirdparty/oidn/mkl-dnn/src/common/primitive_attr.cpp,0,4,4
/media/ullmann/HDDGabriel/engines/godot/thirdparty/oidn/mkl-dnn/src/common/type_helpers.hpp,26,6,32
/media/ullmann/HDDGabriel/engines/godot/thirdparty/freetype/src/autofit/afmodule.c,1,4,5
/media/ullmann/HDDGabriel/engines/godot/thirdparty/freetype/src/autofit/afloader.h,2,3,5
/media/ullmann/HDDGabriel/engines/godot/thirdparty/bullet/BulletCollision/NarrowPhaseCollision/btSimplexSolverInterface.h,6,1,7
/media/ullmann/HDDGabriel/engines/godot/thirdparty/bullet/BulletCollision/NarrowPhaseCollision/btVoronoiSimplexSolver.h,2,1,3
/media/ullmann/HDDGabriel/engines/godot/thirdparty/bullet/BulletCollision/CollisionDispatch/btCollisionDispatcher.cpp,1,1,2
/media/ullmann/HDDGabriel/engines/godot/thirdparty/bullet/BulletCollision/CollisionShapes/btTriangleMesh.cpp,1,1,2
/media/ullmann/HDDGabriel/engines/godot/scene/2d/physics_body_2d.h,6,4,10
/media/ullmann/HDDGabriel/engines/godot/thirdparty/libvorbis/scales.h,12,1,13
/media/ullmann/HDDGabriel/engines/godot/thirdparty/libvorbis/os.h,22,1,23
/media/ullmann/HDDGabriel/engines/godot/scene/3d/portal.h,6,3,9
/media/ullmann/HDDGabriel/engines/godot/scene/3d/spatial.h,40,2,42
/media/ullmann/HDDGabriel/engines/godot/modules/gdscript/register_types.cpp,0,13,13
/media/ullmann/HDDGabriel/engines/godot/thirdparty/libtheora/decinfo.c,0,1,1
/media/ullmann/HDDGabriel/engines/godot/thirdparty/libtheora/decint.h,6,5,11
/media/ullmann/HDDGabriel/engines/godot/core/math/plane.h,14,1,15
/media/ullmann/HDDGabriel/engines/godot/servers/physics/broad_phase_basic.cpp,0,3,3
/media/ullmann/HDDGabriel/engines/godot/servers/physics_2d/physics_2d_server_sw.cpp,0,8,8
/media/ullmann/HDDGabriel/engines/godot/servers/physics_2d/broad_phase_2d_basic.h,2,2,4
/media/ullmann/HDDGabriel/engines/godot/thirdparty/embree/kernels/geometry/spherei_intersector.h,1,3,4
/media/ullmann/HDDGabriel/engines/godot/thirdparty/embree/kernels/geometry/sphere_intersector.h,1,3,4
/media/ullmann/HDDGabriel/engines/godot/scene/3d/portal.cpp,0,8,8
/media/ullmann/HDDGabriel/engines/godot/thirdparty/libpng/pngerror.c,0,1,1
/media/ullmann/HDDGabriel/engines/godot/thirdparty/libpng/pngpriv.h,18,5,23
/media/ullmann/HDDGabriel/engines/godot/modules/cvtt/register_types.cpp,0,2,2
/media/ullmann/HDDGabriel/engines/godot/modules/cvtt/register_types.h,2,0,2
/media/ullmann/HDDGabriel/engines/godot/thirdparty/embree/kernels/geometry/curve_intersector_distance.h,1,2,3
/media/ullmann/HDDGabriel/engines/godot/thirdparty/embree/kernels/geometry/curve_intersector_precalculations.h,12,2,14
/media/ullmann/HDDGabriel/engines/godot/thirdparty/freetype/src/gxvalid/gxvalid.c,0,22,22
/media/ullmann/HDDGabriel/engines/godot/thirdparty/freetype/src/gxvalid/gxvkern.c,1,2,3
/media/ullmann/HDDGabriel/engines/godot/editor/plugins/visual_shader_editor_plugin.h,2,8,10
/media/ullmann/HDDGabriel/engines/godot/thirdparty/freetype/src/raster/ftraster.c,1,3,4
/media/ullmann/HDDGabriel/engines/godot/thirdparty/freetype/src/raster/rasterrs.h,2,0,2
/media/ullmann/HDDGabriel/engines/godot/main/tests/test_oa_hash_map.h,2,1,3
/media/ullmann/HDDGabriel/engines/godot/core/os/main_loop.h,29,3,32
/media/ullmann/HDDGabriel/engines/godot/thirdparty/freetype/src/cid/cidriver.c,1,3,4
/media/ullmann/HDDGabriel/engines/godot/thirdparty/freetype/src/cid/cidgload.h,3,1,4
/media/ullmann/HDDGabriel/engines/godot/thirdparty/embree/kernels/bvh/bvh_intersector1.cpp,1,20,21
/media/ullmann/HDDGabriel/engines/godot/thirdparty/embree/kernels/bvh/bvh_intersector1.h,1,3,4
/media/ullmann/HDDGabriel/engines/godot/scene/resources/shader.cpp,0,6,6
/media/ullmann/HDDGabriel/engines/godot/core/os/file_access.h,120,4,124
/media/ullmann/HDDGabriel/engines/godot/thirdparty/oidn/mkl-dnn/src/common/primitive.hpp,3,4,7
/media/ullmann/HDDGabriel/engines/godot/thirdparty/oidn/mkl-dnn/src/common/primitive_exec_types.hpp,2,3,5
/media/ullmann/HDDGabriel/engines/godot/modules/register_module_types.gen.cpp,0,48,48
/media/ullmann/HDDGabriel/engines/godot/modules/tga/register_types.h,2,0,2
/media/ullmann/HDDGabriel/engines/godot/thirdparty/opus/silk/debug.h,2,1,3
/media/ullmann/HDDGabriel/engines/godot/thirdparty/opus/silk/typedef.h,9,0,9
/media/ullmann/HDDGabriel/engines/godot/modules/gdnative/videodecoder/video_stream_gdnative.h,2,4,6
/media/ullmann/HDDGabriel/engines/godot/thirdparty/opus/celt/celt.c,0,15,15
/media/ullmann/HDDGabriel/engines/godot/thirdparty/opus/celt/entcode.h,9,1,10
/media/ullmann/HDDGabriel/engines/godot/thirdparty/bullet/BulletCollision/CollisionShapes/btPolyhedralConvexShape.h,5,1,6
/media/ullmann/HDDGabriel/engines/godot/thirdparty/bullet/BulletCollision/CollisionShapes/btConvexInternalShape.h,7,1,8
/media/ullmann/HDDGabriel/engines/godot/thirdparty/oidn/mkl-dnn/src/cpu/jit_avx2_conv_kernel_f32.cpp,0,2,2
/media/ullmann/HDDGabriel/engines/godot/thirdparty/oidn/mkl-dnn/src/cpu/jit_avx2_conv_kernel_f32.hpp,2,4,6
/media/ullmann/HDDGabriel/engines/godot/editor/editor_fonts.cpp,0,7,7
/media/ullmann/HDDGabriel/engines/godot/scene/resources/dynamic_font.h,10,6,16
/media/ullmann/HDDGabriel/engines/godot/thirdparty/embree/kernels/geometry/instance_intersector.h,1,3,4
/media/ullmann/HDDGabriel/engines/godot/core/io/file_access_network.cpp,0,5,5
/media/ullmann/HDDGabriel/engines/godot/core/io/file_access_network.h,4,4,8
/media/ullmann/HDDGabriel/engines/godot/editor/editor_help_search.cpp,0,5,5
/media/ullmann/HDDGabriel/engines/godot/editor/editor_feature_profile.h,7,9,16
/media/ullmann/HDDGabriel/engines/godot/scene/gui/popup.h,16,1,17
/media/ullmann/HDDGabriel/engines/godot/modules/gltf/gltf_spec_gloss.h,3,2,5
/media/ullmann/HDDGabriel/engines/godot/modules/gltf/editor_scene_importer_gltf.h,4,18,22
/media/ullmann/HDDGabriel/engines/godot/modules/gridmap/grid_map.h,6,4,10
/media/ullmann/HDDGabriel/engines/godot/thirdparty/etc2comp/EtcBlock4x4Encoding_RGB8A1.h,2,3,5
/media/ullmann/HDDGabriel/engines/godot/thirdparty/etc2comp/EtcBlock4x4EncodingBits.h,14,0,14
/media/ullmann/HDDGabriel/engines/godot/servers/arvr/arvr_positional_tracker.h,7,3,10
/media/ullmann/HDDGabriel/engines/godot/servers/arvr_server.h,6,5,11
/media/ullmann/HDDGabriel/engines/godot/modules/gdnative/nativescript/api_generator.cpp,0,6,6
/media/ullmann/HDDGabriel/engines/godot/core/class_db.h,30,3,33
/media/ullmann/HDDGabriel/engines/godot/modules/pvr/register_types.cpp,0,3,3
/media/ullmann/HDDGabriel/engines/godot/modules/pvr/texture_loader_pvr.h,2,2,4
/media/ullmann/HDDGabriel/engines/godot/thirdparty/embree/kernels/subdiv/subdivpatch1base.h,1,11,12
/media/ullmann/HDDGabriel/engines/godot/thirdparty/embree/kernels/subdiv/tessellation_cache.h,6,1,7
/media/ullmann/HDDGabriel/engines/godot/thirdparty/freetype/src/bdf/bdflib.c,1,2,3
/media/ullmann/HDDGabriel/engines/godot/thirdparty/freetype/src/bdf/bdferror.h,2,0,2
/media/ullmann/HDDGabriel/engines/godot/scene/main/scene_tree.cpp,0,21,21
/media/ullmann/HDDGabriel/engines/godot/core/project_settings.h,173,3,176
/media/ullmann/HDDGabriel/engines/godot/modules/fbx/fbx_parser/FBXTokenizer.h,9,2,11
/media/ullmann/HDDGabriel/engines/godot/core/ustring.h,79,4,83
/media/ullmann/HDDGabriel/engines/godot/scene/resources/packed_scene.cpp,0,9,9
/media/ullmann/HDDGabriel/engines/godot/thirdparty/freetype/src/pcf/pcfdrivr.c,1,5,6
/media/ullmann/HDDGabriel/engines/godot/thirdparty/freetype/src/pcf/pcfdrivr.h,1,0,1
/media/ullmann/HDDGabriel/engines/godot/thirdparty/freetype/src/sfnt/ttkern.c,1,2,3
/media/ullmann/HDDGabriel/engines/godot/thirdparty/freetype/src/sfnt/sferrors.h,10,0,10
/media/ullmann/HDDGabriel/engines/godot/thirdparty/oidn/mkl-dnn/src/cpu/jit_generator.hpp,36,2,38
/media/ullmann/HDDGabriel/engines/godot/thirdparty/bullet/BulletInverseDynamics/details/MultiBodyTreeImpl.cpp,0,1,1
/media/ullmann/HDDGabriel/engines/godot/editor/editor_dir_dialog.h,2,4,6
/media/ullmann/HDDGabriel/engines/godot/scene/gui/tree.h,41,5,46
/media/ullmann/HDDGabriel/engines/godot/thirdparty/bullet/BulletCollision/BroadphaseCollision/btDbvt.cpp,1,1,2
/media/ullmann/HDDGabriel/engines/godot/modules/gltf/editor_scene_importer_gltf.cpp,0,16,16
/media/ullmann/HDDGabriel/engines/godot/scene/3d/mesh_instance.h,33,5,38
/media/ullmann/HDDGabriel/engines/godot/thirdparty/opus/celt/kiss_fft.c,0,5,5
/media/ullmann/HDDGabriel/engines/godot/thirdparty/opus/celt/stack_alloc.h,11,1,12
/media/ullmann/HDDGabriel/engines/godot/platform/x11/power_x11.h,3,3,6
/media/ullmann/HDDGabriel/engines/godot/modules/mono/mono_gc_handle.cpp,0,2,2
/media/ullmann/HDDGabriel/engines/godot/modules/mono/mono_gc_handle.h,5,1,6
/media/ullmann/HDDGabriel/engines/godot/thirdparty/libvorbis/psytune.c,0,13,13
/media/ullmann/HDDGabriel/engines/godot/thirdparty/libvorbis/psy.h,5,3,8
/media/ullmann/HDDGabriel/engines/godot/thirdparty/opus/celt/entdec.c,0,4,4
/media/ullmann/HDDGabriel/engines/godot/editor/plugins/particles_editor_plugin.cpp,0,5,5
/media/ullmann/HDDGabriel/engines/godot/thirdparty/mbedtls/library/mps_trace.h,2,2,4
/media/ullmann/HDDGabriel/engines/godot/thirdparty/mbedtls/library/mps_common.h,4,1,5
/media/ullmann/HDDGabriel/engines/godot/modules/gdscript/language_server/gdscript_language_server.cpp,0,5,5
/media/ullmann/HDDGabriel/engines/godot/editor/editor_node.h,145,8,153
/media/ullmann/HDDGabriel/engines/godot/scene/gui/dialogs.h,38,6,44
/media/ullmann/HDDGabriel/engines/godot/thirdparty/miniupnpc/miniupnpc/minisoap.h,2,1,3
/media/ullmann/HDDGabriel/engines/godot/thirdparty/miniupnpc/miniupnpc/miniupnpc_socketdef.h,5,0,5
/media/ullmann/HDDGabriel/engines/godot/thirdparty/embree/kernels/common/scene_grid_mesh.h,2,2,4
/media/ullmann/HDDGabriel/engines/godot/thirdparty/embree/kernels/common/geometry.h,16,5,21
/media/ullmann/HDDGabriel/engines/godot/editor/plugins/animation_state_machine_editor.cpp,0,12,12
/media/ullmann/HDDGabriel/engines/godot/thirdparty/bullet/Bullet3OpenCL/RigidBody/b3GpuNarrowPhase.cpp,0,2,2
/media/ullmann/HDDGabriel/engines/godot/thirdparty/bullet/Bullet3OpenCL/RigidBody/b3GpuNarrowPhaseInternalData.h,1,0,1
/media/ullmann/HDDGabriel/engines/godot/thirdparty/oidn/common/tensor.cpp,0,2,2
/media/ullmann/HDDGabriel/engines/godot/thirdparty/oidn/common/exception.h,1,1,2
/media/ullmann/HDDGabriel/engines/godot/thirdparty/oidn/mkl-dnn/src/cpu/ref_pooling.hpp,1,2,3
/media/ullmann/HDDGabriel/engines/godot/thirdparty/oidn/mkl-dnn/src/cpu/cpu_primitive.hpp,45,0,45
/media/ullmann/HDDGabriel/engines/godot/thirdparty/zstd/compress/zstd_compress_superblock.c,0,6,6
/media/ullmann/HDDGabriel/engines/godot/thirdparty/zstd/compress/zstd_compress_internal.h,13,3,16
/media/ullmann/HDDGabriel/engines/godot/thirdparty/opus/celt/celt_lpc.h,5,3,8
/media/ullmann/HDDGabriel/engines/godot/thirdparty/opus/celt/cpu_support.h,6,2,8
/media/ullmann/HDDGabriel/engines/godot/scene/animation/animation_tree_player.h,4,4,8
/media/ullmann/HDDGabriel/engines/godot/scene/resources/animation.h,11,1,12
/media/ullmann/HDDGabriel/engines/godot/thirdparty/opus/silk/define.h,6,2,8
/media/ullmann/HDDGabriel/engines/godot/platform/iphone/export/export.cpp,0,16,16
/media/ullmann/HDDGabriel/engines/godot/platform/iphone/logo.gen.h,1,0,1
/media/ullmann/HDDGabriel/engines/godot/thirdparty/freetype/src/cff/cff.c,0,6,6
/media/ullmann/HDDGabriel/engines/godot/thirdparty/freetype/src/cff/cffdrivr.c,1,7,8
/media/ullmann/HDDGabriel/engines/godot/modules/websocket/websocket_multiplayer_peer.h,3,4,7
/media/ullmann/HDDGabriel/engines/godot/core/io/networked_multiplayer_peer.h,7,1,8
/media/ullmann/HDDGabriel/engines/godot/thirdparty/bullet/BulletCollision/CollisionDispatch/btSimulationIslandManager.cpp,1,1,2
/media/ullmann/HDDGabriel/engines/godot/thirdparty/bullet/BulletCollision/CollisionDispatch/btSimulationIslandManager.h,1,2,3
/media/ullmann/HDDGabriel/engines/godot/main/main.cpp,0,46,46
/media/ullmann/HDDGabriel/engines/godot/core/script_debugger_local.cpp,0,3,3
/media/ullmann/HDDGabriel/engines/godot/core/os/os.h,212,7,219
/media/ullmann/HDDGabriel/engines/godot/thirdparty/opus/silk/resampler_rom.h,2,2,4
/media/ullmann/HDDGabriel/engines/godot/thirdparty/opus/silk/resampler_structs.h,3,0,3
/media/ullmann/HDDGabriel/engines/godot/thirdparty/bullet/BulletDynamics/ConstraintSolver/btFixedConstraint.h,2,1,3
/media/ullmann/HDDGabriel/engines/godot/thirdparty/bullet/BulletDynamics/ConstraintSolver/btGeneric6DofSpring2Constraint.h,3,2,5
/media/ullmann/HDDGabriel/engines/godot/thirdparty/oidn/mkl-dnn/src/cpu/jit_uni_pooling.cpp,0,1,1
/media/ullmann/HDDGabriel/engines/godot/thirdparty/oidn/mkl-dnn/src/cpu/jit_uni_pooling.hpp,1,3,4
/media/ullmann/HDDGabriel/engines/godot/editor/plugins/asset_library_editor_plugin.h,3,17,20
/media/ullmann/HDDGabriel/engines/godot/scene/gui/tab_container.h,19,2,21
/media/ullmann/HDDGabriel/engines/godot/editor/plugins/abstract_polygon_2d_editor.h,6,4,10
/media/ullmann/HDDGabriel/engines/godot/thirdparty/oidn/mkl-dnn/src/common/shuffle_pd.hpp,1,2,3
/media/ullmann/HDDGabriel/engines/godot/thirdparty/oidn/mkl-dnn/src/common/c_types_map.hpp,51,0,51
/media/ullmann/HDDGabriel/engines/godot/thirdparty/freetype/src/psaux/psarrst.c,1,4,5
/media/ullmann/HDDGabriel/engines/godot/thirdparty/freetype/src/psaux/psglue.h,8,4,12
/media/ullmann/HDDGabriel/engines/godot/thirdparty/zstd/decompress/huf_decompress.c,0,6,6
/media/ullmann/HDDGabriel/engines/godot/thirdparty/zstd/common/huf.h,8,3,11
/media/ullmann/HDDGabriel/engines/godot/thirdparty/libvpx/vp8/common/reconinter.c,0,3,3
/media/ullmann/HDDGabriel/engines/godot/thirdparty/libvpx/vp8/common/reconinter.h,1,0,1
/media/ullmann/HDDGabriel/engines/godot/editor/plugins/spatial_editor_plugin.cpp,0,23,23
/media/ullmann/HDDGabriel/engines/godot/editor/spatial_editor_gizmos.h,5,2,7
/media/ullmann/HDDGabriel/engines/godot/thirdparty/opus/celt/pitch.h,8,5,13
/media/ullmann/HDDGabriel/engines/godot/thirdparty/opus/celt/modes.h,14,5,19
/media/ullmann/HDDGabriel/engines/godot/core/math/plane.cpp,0,2,2
/media/ullmann/HDDGabriel/engines/godot/editor/project_manager.cpp,0,22,22
/media/ullmann/HDDGabriel/engines/godot/thirdparty/libtheora/x86_vc/mmxfrag.c,0,2,2
/media/ullmann/HDDGabriel/engines/godot/thirdparty/libtheora/x86_vc/mmxfrag.h,2,1,3
/media/ullmann/HDDGabriel/engines/godot/modules/gdnative/gdnative.h,14,5,19
/media/ullmann/HDDGabriel/engines/godot/core/io/resource_saver.h,41,1,42
/media/ullmann/HDDGabriel/engines/godot/thirdparty/embree/kernels/geometry/curve_intersector_virtual.h,2,22,24
/media/ullmann/HDDGabriel/engines/godot/thirdparty/embree/kernels/geometry/curve_intersector_ribbon.h,1,3,4
/media/ullmann/HDDGabriel/engines/godot/thirdparty/freetype/src/autofit/afcjk.c,1,5,6
/media/ullmann/HDDGabriel/engines/godot/thirdparty/freetype/src/autofit/afwarp.h,5,1,6
/media/ullmann/HDDGabriel/engines/godot/thirdparty/freetype/include/freetype/internal/ftcalc.h,0,1,1
/media/ullmann/HDDGabriel/engines/godot/thirdparty/freetype/include/freetype/internal/compiler-macros.h,7,0,7
/media/ullmann/HDDGabriel/engines/godot/thirdparty/libvpx/vp8/decoder/dboolhuff.c,0,1,1
/media/ullmann/HDDGabriel/engines/godot/thirdparty/libvpx/vp8/decoder/dboolhuff.h,3,0,3
/media/ullmann/HDDGabriel/engines/godot/thirdparty/freetype/src/gzip/infcodes.c,1,5,6
/media/ullmann/HDDGabriel/engines/godot/thirdparty/freetype/src/gzip/infutil.h,4,0,4
/media/ullmann/HDDGabriel/engines/godot/modules/mono/editor/bindings_generator.cpp,0,13,13
/media/ullmann/HDDGabriel/engines/godot/core/math/disjoint_set.h,3,2,5
/media/ullmann/HDDGabriel/engines/godot/core/vector.h,39,4,43
/media/ullmann/HDDGabriel/engines/godot/drivers/unix/os_unix.cpp,0,7,7
/media/ullmann/HDDGabriel/engines/godot/drivers/unix/os_unix.h,7,2,9
/media/ullmann/HDDGabriel/engines/godot/thirdparty/embree/common/sys/alloc.cpp,0,5,5
/media/ullmann/HDDGabriel/engines/godot/thirdparty/embree/common/sys/alloc.h,15,1,16
/media/ullmann/HDDGabriel/engines/godot/core/os/thread.h,38,2,40
/media/ullmann/HDDGabriel/engines/godot/thirdparty/embree/kernels/bvh/bvh_builder_twolevel.h,1,5,6
/media/ullmann/HDDGabriel/engines/godot/thirdparty/embree/kernels/bvh/bvh_builder_twolevel_internal.h,1,8,9
/media/ullmann/HDDGabriel/engines/godot/editor/plugins/mesh_library_editor_plugin.cpp,0,10,10
/media/ullmann/HDDGabriel/engines/godot/scene/3d/physics_body.h,16,5,21
/media/ullmann/HDDGabriel/engines/godot/core/message_queue.cpp,0,3,3
/media/ullmann/HDDGabriel/engines/godot/core/message_queue.h,22,2,24
/media/ullmann/HDDGabriel/engines/godot/editor/editor_inspector.cpp,0,8,8
/media/ullmann/HDDGabriel/engines/godot/modules/gdnative/gdnative/transform.cpp,0,2,2
/media/ullmann/HDDGabriel/engines/godot/scene/resources/material.h,23,6,29
/media/ullmann/HDDGabriel/engines/godot/scene/resources/shader.h,6,4,10
/media/ullmann/HDDGabriel/engines/godot/editor/editor_sub_scene.cpp,0,4,4
/media/ullmann/HDDGabriel/engines/godot/scene/gui/margin_container.h,18,1,19
/media/ullmann/HDDGabriel/engines/godot/modules/gdnative/pluginscript/pluginscript_instance.h,2,1,3
/media/ullmann/HDDGabriel/engines/godot/core/script_language.h,40,4,44
/media/ullmann/HDDGabriel/engines/godot/scene/2d/line_builder.h,2,4,6
/media/ullmann/HDDGabriel/engines/godot/core/color.h,10,2,12
/media/ullmann/HDDGabriel/engines/godot/editor/settings_config_dialog.h,2,8,10
/media/ullmann/HDDGabriel/engines/godot/modules/gdnative/gdnative/string.cpp,0,3,3
/media/ullmann/HDDGabriel/engines/godot/modules/bullet/space_bullet.cpp,0,13,13
/media/ullmann/HDDGabriel/engines/godot/modules/bullet/bullet_types_converter.h,13,4,17
/media/ullmann/HDDGabriel/engines/godot/thirdparty/opus/celt/cwrs.c,0,4,4
/media/ullmann/HDDGabriel/engines/godot/thirdparty/opus/celt/arch.h,21,5,26
/media/ullmann/HDDGabriel/engines/godot/drivers/png/image_loader_png.h,2,1,3
/media/ullmann/HDDGabriel/engines/godot/thirdparty/opus/silk/fixed/prefilter_FIX.c,0,2,2
/media/ullmann/HDDGabriel/engines/godot/thirdparty/opus/silk/fixed/mips/prefilter_FIX_mipsr1.h,1,0,1
/media/ullmann/HDDGabriel/engines/godot/modules/visual_script/register_types.cpp,0,11,11
/media/ullmann/HDDGabriel/engines/godot/modules/visual_script/visual_script_yield_nodes.h,2,1,3
/media/ullmann/HDDGabriel/engines/godot/editor/plugins/collision_polygon_editor_plugin.cpp,0,8,8
/media/ullmann/HDDGabriel/engines/godot/core/hash_map.h,11,6,17
/media/ullmann/HDDGabriel/engines/godot/core/io/stream_peer.h,8,1,9
/media/ullmann/HDDGabriel/engines/godot/thirdparty/bullet/btBulletDynamicsCommon.h,0,16,16
/media/ullmann/HDDGabriel/engines/godot/thirdparty/bullet/btBulletCollisionCommon.h,1,32,33
/media/ullmann/HDDGabriel/engines/godot/core/register_core_types.cpp,0,41,41
/media/ullmann/HDDGabriel/engines/godot/core/io/tcp_server.h,7,4,11
/media/ullmann/HDDGabriel/engines/godot/modules/bullet/soft_body_bullet.h,3,4,7
/media/ullmann/HDDGabriel/engines/godot/servers/physics_server.h,36,2,38
/media/ullmann/HDDGabriel/engines/godot/servers/visual/portals/portal_pvs.h,2,1,3
/media/ullmann/HDDGabriel/engines/godot/core/local_vector.h,22,4,26
/media/ullmann/HDDGabriel/engines/godot/editor/plugins/editor_preview_plugins.cpp,0,12,12
/media/ullmann/HDDGabriel/engines/godot/main/tests/test_gdscript.cpp,0,9,9
/media/ullmann/HDDGabriel/engines/godot/modules/gdscript/gdscript_compiler.h,4,3,7
/media/ullmann/HDDGabriel/engines/godot/thirdparty/embree/common/simd/sse.h,12,10,22
/media/ullmann/HDDGabriel/engines/godot/thirdparty/embree/common/simd/vfloat4_sse2.h,1,0,1
/media/ullmann/HDDGabriel/engines/godot/thirdparty/embree/kernels/geometry/primitive4.cpp,0,15,15
/media/ullmann/HDDGabriel/engines/godot/thirdparty/embree/kernels/geometry/trianglev.h,11,1,12
/media/ullmann/HDDGabriel/engines/godot/thirdparty/oidn/mkl-dnn/src/cpu/ref_sum.hpp,0,2,2
/media/ullmann/HDDGabriel/engines/godot/thirdparty/bullet/Bullet3Common/b3Scalar.h,9,1,10
/media/ullmann/HDDGabriel/engines/godot/servers/physics_2d/physics_2d_server_wrap_mt.cpp,0,2,2
/media/ullmann/HDDGabriel/engines/godot/servers/physics_2d/physics_2d_server_wrap_mt.h,2,6,8
/media/ullmann/HDDGabriel/engines/godot/thirdparty/bullet/BulletDynamics/ConstraintSolver/btGeneric6DofSpring2Constraint.cpp,1,1,2
/media/ullmann/HDDGabriel/engines/godot/editor/plugins/spatial_editor_plugin.h,21,7,28
/media/ullmann/HDDGabriel/engines/godot/thirdparty/oidn/mkl-dnn/src/cpu/jit_avx512_core_x8s8s32x_1x1_convolution.hpp,2,4,6
/media/ullmann/HDDGabriel/engines/godot/thirdparty/oidn/mkl-dnn/src/cpu/jit_uni_1x1_conv_utils.hpp,6,1,7
/media/ullmann/HDDGabriel/engines/godot/scene/gui/texture_rect.h,21,1,22
/media/ullmann/HDDGabriel/engines/godot/drivers/png/image_loader_png.cpp,0,4,4
/media/ullmann/HDDGabriel/engines/godot/core/os/thread_safe.h,15,1,16
/media/ullmann/HDDGabriel/engines/godot/core/os/mutex.h,21,2,23
/media/ullmann/HDDGabriel/engines/godot/main/splash.gen.h,4,0,4
/media/ullmann/HDDGabriel/engines/godot/thirdparty/embree/kernels/subdiv/patch_eval.h,0,2,2
/media/ullmann/HDDGabriel/engines/godot/thirdparty/embree/kernels/subdiv/patch.h,7,6,13
/media/ullmann/HDDGabriel/engines/godot/servers/visual/portals/portal_occlusion_culler.cpp,0,3,3
/media/ullmann/HDDGabriel/engines/godot/servers/visual/portals/portal_renderer.h,7,8,15
/media/ullmann/HDDGabriel/engines/godot/thirdparty/opus/silk/API.h,2,3,5
/media/ullmann/HDDGabriel/engines/godot/thirdparty/opus/silk/control.h,4,1,5
/media/ullmann/HDDGabriel/engines/godot/modules/mono/mono_gd/gd_mono_cache.cpp,0,6,6
/media/ullmann/HDDGabriel/engines/godot/modules/mono/mono_gd/gd_mono_utils.h,17,7,24
/media/ullmann/HDDGabriel/engines/godot/thirdparty/opus/opus_multistream_encoder.c,0,2,2
/media/ullmann/HDDGabriel/engines/godot/thirdparty/opus/opus_private.h,8,0,8
/media/ullmann/HDDGabriel/engines/godot/modules/gdnative/videodecoder/video_stream_gdnative.cpp,0,3,3
/media/ullmann/HDDGabriel/engines/godot/core/io/xml_parser.h,5,4,9
/media/ullmann/HDDGabriel/engines/godot/servers/visual/portals/portal_pvs_builder.cpp,0,5,5
/media/ullmann/HDDGabriel/engines/godot/modules/mbedtls/ssl_context_mbedtls.h,4,4,8
/media/ullmann/HDDGabriel/engines/godot/modules/mbedtls/crypto_mbedtls.h,3,2,5
/media/ullmann/HDDGabriel/engines/godot/core/variant.cpp,0,10,10
/media/ullmann/HDDGabriel/engines/godot/core/io/marshalls.h,41,3,44
/media/ullmann/HDDGabriel/engines/godot/editor/editor_themes.cpp,0,8,8
/media/ullmann/HDDGabriel/engines/godot/editor/editor_themes.h,4,2,6
/media/ullmann/HDDGabriel/engines/godot/modules/webrtc/webrtc_peer_connection_js.cpp,0,3,3
/media/ullmann/HDDGabriel/engines/godot/modules/webrtc/webrtc_data_channel_js.h,2,1,3
/media/ullmann/HDDGabriel/engines/godot/modules/gdscript/gdscript.h,13,4,17
/media/ullmann/HDDGabriel/engines/godot/editor/editor_translation.h,3,2,5
/media/ullmann/HDDGabriel/engines/godot/thirdparty/bullet/BulletDynamics/Featherstone/btMultiBody.cpp,1,4,5
/media/ullmann/HDDGabriel/engines/godot/thirdparty/bullet/BulletDynamics/Featherstone/btMultiBodyLinkCollider.h,10,1,11
/media/ullmann/HDDGabriel/engines/godot/core/io/packet_peer_dtls.h,5,2,7
/media/ullmann/HDDGabriel/engines/godot/thirdparty/miniupnpc/miniupnpc/igd_desc_parse.c,0,1,1
/media/ullmann/HDDGabriel/engines/godot/thirdparty/miniupnpc/miniupnpc/igd_desc_parse.h,2,0,2
/media/ullmann/HDDGabriel/engines/godot/platform/windows/os_windows.cpp,0,15,15
/media/ullmann/HDDGabriel/engines/godot/drivers/windows/file_access_windows.h,3,2,5
/media/ullmann/HDDGabriel/engines/godot/modules/gltf/gltf_skeleton.h,4,2,6
/media/ullmann/HDDGabriel/engines/godot/thirdparty/embree/kernels/common/acceln.cpp,0,4,4
/media/ullmann/HDDGabriel/engines/godot/thirdparty/embree/kernels/common/ray.h,33,2,35
/media/ullmann/HDDGabriel/engines/godot/scene/main/instance_placeholder.cpp,0,3,3
/media/ullmann/HDDGabriel/engines/godot/thirdparty/embree/kernels/bvh/bvh_builder_sah_mb.cpp,0,18,18
/media/ullmann/HDDGabriel/engines/godot/thirdparty/embree/kernels/geometry/quadi.h,9,2,11
/media/ullmann/HDDGabriel/engines/godot/thirdparty/embree/common/algorithms/parallel_for.h,7,4,11
/media/ullmann/HDDGabriel/engines/godot/core/math/basis.h,8,2,10
/media/ullmann/HDDGabriel/engines/godot/thirdparty/embree/common/algorithms/parallel_for_for_prefix_sum.h,4,2,6
/media/ullmann/HDDGabriel/engines/godot/modules/mono/mono_gd/support/android_support.cpp,0,11,11
/media/ullmann/HDDGabriel/engines/godot/modules/mono/mono_gd/gd_mono_marshal.h,22,3,25
/media/ullmann/HDDGabriel/engines/godot/thirdparty/pcre2/src/pcre2_study.c,0,2,2
/media/ullmann/HDDGabriel/engines/godot/thirdparty/pcre2/src/config.h,27,0,27
/media/ullmann/HDDGabriel/engines/godot/thirdparty/opus/silk/sum_sqr_shift.c,0,1,1
/media/ullmann/HDDGabriel/engines/godot/thirdparty/freetype/src/pcf/pcfread.h,2,0,2
/media/ullmann/HDDGabriel/engines/godot/thirdparty/embree/kernels/geometry/triangle_intersector_pluecker.h,4,4,8
/media/ullmann/HDDGabriel/engines/godot/thirdparty/embree/kernels/geometry/linei_intersector.h,2,3,5
/media/ullmann/HDDGabriel/engines/godot/thirdparty/embree/kernels/geometry/intersector_epilog.h,10,3,13
/media/ullmann/HDDGabriel/engines/godot/thirdparty/libvpx/vp8/common/findnearmv.h,2,4,6
/media/ullmann/HDDGabriel/engines/godot/thirdparty/libvpx/vp8/common/treecoder.h,6,0,6
/media/ullmann/HDDGabriel/engines/godot/thirdparty/libvpx/vp8/common/entropymv.h,2,1,3
/media/ullmann/HDDGabriel/engines/godot/modules/gdnative/arvr/arvr_interface_gdnative.cpp,0,4,4
/media/ullmann/HDDGabriel/engines/godot/servers/visual/visual_server_globals.h,13,1,14
/media/ullmann/HDDGabriel/engines/godot/thirdparty/embree/kernels/builders/bvh_builder_msmblur.h,3,4,7
/media/ullmann/HDDGabriel/engines/godot/thirdparty/embree/kernels/builders/heuristic_timesplit_array.h,2,2,4
/media/ullmann/HDDGabriel/engines/godot/servers/audio/effects/audio_effect_amplify.cpp,0,1,1
/media/ullmann/HDDGabriel/engines/godot/servers/audio/effects/audio_effect_amplify.h,2,1,3
/media/ullmann/HDDGabriel/engines/godot/editor/plugins/script_text_editor.h,4,4,8
/media/ullmann/HDDGabriel/engines/godot/thirdparty/bullet/BulletDynamics/ConstraintSolver/btNNCGConstraintSolver.h,1,1,2
/media/ullmann/HDDGabriel/engines/godot/thirdparty/bullet/BulletDynamics/ConstraintSolver/btSequentialImpulseConstraintSolver.h,4,0,4
/media/ullmann/HDDGabriel/engines/godot/thirdparty/libtheora/x86/mmxencfrag.c,0,1,1
/media/ullmann/HDDGabriel/engines/godot/thirdparty/libtheora/x86/x86enc.h,5,2,7
/media/ullmann/HDDGabriel/engines/godot/modules/csg/csg_gizmos.cpp,0,1,1
/media/ullmann/HDDGabriel/engines/godot/modules/csg/csg_gizmos.h,2,3,5
/media/ullmann/HDDGabriel/engines/godot/editor/property_editor.cpp,0,28,28
/media/ullmann/HDDGabriel/engines/godot/editor/array_property_edit.h,3,1,4
/media/ullmann/HDDGabriel/engines/godot/platform/osx/power_osx.cpp,0,1,1
/media/ullmann/HDDGabriel/engines/godot/platform/osx/power_osx.h,3,3,6
/media/ullmann/HDDGabriel/engines/godot/scene/3d/visual_instance.cpp,0,4,4
/media/ullmann/HDDGabriel/engines/godot/servers/register_server_types.cpp,0,36,36
/media/ullmann/HDDGabriel/engines/godot/thirdparty/embree/common/lexers/tokenstream.cpp,0,2,2
/media/ullmann/HDDGabriel/engines/godot/modules/mono/utils/macros.h,6,0,6
/media/ullmann/HDDGabriel/engines/godot/servers/physics_2d_server.cpp,0,3,3
/media/ullmann/HDDGabriel/engines/godot/scene/3d/proximity_group.cpp,0,2,2
/media/ullmann/HDDGabriel/engines/godot/core/math/math_funcs.h,49,4,53
/media/ullmann/HDDGabriel/engines/godot/thirdparty/oidn/mkl-dnn/src/cpu/jit_uni_eltwise.hpp,12,3,15
/media/ullmann/HDDGabriel/engines/godot/scene/3d/spatial_velocity_tracker.cpp,0,2,2
/media/ullmann/HDDGabriel/engines/godot/core/engine.h,80,4,84
/media/ullmann/HDDGabriel/engines/godot/scene/gui/rich_text_label.cpp,0,8,8
/media/ullmann/HDDGabriel/engines/godot/editor/plugins/path_2d_editor_plugin.h,2,4,6
/media/ullmann/HDDGabriel/engines/godot/thirdparty/bullet/BulletCollision/BroadphaseCollision/btAxisSweep3Internal.h,1,5,6
/media/ullmann/HDDGabriel/engines/godot/thirdparty/bullet/BulletCollision/BroadphaseCollision/btBroadphaseInterface.h,3,1,4
/media/ullmann/HDDGabriel/engines/godot/thirdparty/zlib/infback.c,0,5,5
/media/ullmann/HDDGabriel/engines/godot/thirdparty/zlib/inffast.h,3,0,3
/media/ullmann/HDDGabriel/engines/godot/editor/create_dialog.h,8,7,15
/media/ullmann/HDDGabriel/engines/godot/thirdparty/miniupnpc/miniupnpc/minisoap.c,0,3,3
/media/ullmann/HDDGabriel/engines/godot/thirdparty/miniupnpc/miniupnpc/miniupnpcstrings.h,2,1,3
/media/ullmann/HDDGabriel/engines/godot/thirdparty/bullet/BulletDynamics/ConstraintSolver/btContactConstraint.cpp,1,3,4
/media/ullmann/HDDGabriel/engines/godot/thirdparty/bullet/BulletDynamics/ConstraintSolver/btContactSolverInfo.h,1,0,1
/media/ullmann/HDDGabriel/engines/godot/servers/physics_2d_server.h,29,3,32
/media/ullmann/HDDGabriel/engines/godot/modules/etc/image_compress_etc.cpp,0,4,4
/media/ullmann/HDDGabriel/engines/godot/core/print_string.h,99,1,100
/media/ullmann/HDDGabriel/engines/godot/editor/plugins/room_manager_editor_plugin.h,2,7,9
/media/ullmann/HDDGabriel/engines/godot/modules/gdnative/gdnative_library_singleton_editor.h,2,2,4
/media/ullmann/HDDGabriel/engines/godot/editor/editor_file_system.h,23,6,29
/media/ullmann/HDDGabriel/engines/godot/modules/register_module_types.h,2,0,2
/media/ullmann/HDDGabriel/engines/godot/platform/android/java_godot_lib_jni.cpp,0,17,17
/media/ullmann/HDDGabriel/engines/godot/platform/android/file_access_android.h,4,1,5
/media/ullmann/HDDGabriel/engines/godot/modules/bullet/godot_collision_dispatcher.h,2,1,3
/media/ullmann/HDDGabriel/engines/godot/core/int_types.h,4,0,4
/media/ullmann/HDDGabriel/engines/godot/thirdparty/bullet/Bullet3Common/b3AlignedAllocator.h,5,1,6
/media/ullmann/HDDGabriel/engines/godot/modules/gdscript/gdscript_parser.h,7,5,12
/media/ullmann/HDDGabriel/engines/godot/core/map.h,31,2,33
/media/ullmann/HDDGabriel/engines/godot/modules/gdnative/net/stream_peer_gdnative.h,2,3,5
/media/ullmann/HDDGabriel/engines/godot/editor/import/resource_importer_layered_texture.h,2,2,4
/media/ullmann/HDDGabriel/engines/godot/core/image.h,26,4,30
/media/ullmann/HDDGabriel/engines/godot/thirdparty/freetype/src/pfr/pfr.c,0,6,6
/media/ullmann/HDDGabriel/engines/godot/thirdparty/freetype/src/pfr/pfrgload.c,1,4,5
/media/ullmann/HDDGabriel/engines/godot/modules/gdscript/gdscript.cpp,0,9,9
/media/ullmann/HDDGabriel/engines/godot/core/ustring.cpp,0,9,9
/media/ullmann/HDDGabriel/engines/godot/thirdparty/libvorbis/registry.c,0,4,4
/media/ullmann/HDDGabriel/engines/godot/thirdparty/libvorbis/misc.h,24,1,25
/media/ullmann/HDDGabriel/engines/godot/scene/2d/canvas_item.cpp,0,12,12
/media/ullmann/HDDGabriel/engines/godot/core/os/input.h,58,3,61
/media/ullmann/HDDGabriel/engines/godot/editor/editor_dir_dialog.cpp,0,6,6
/media/ullmann/HDDGabriel/engines/godot/thirdparty/oidn/mkl-dnn/src/common/softmax_pd.hpp,1,2,3
/media/ullmann/HDDGabriel/engines/godot/thirdparty/oidn/mkl-dnn/src/common/primitive_desc.hpp,19,6,25
/media/ullmann/HDDGabriel/engines/godot/thirdparty/bullet/btBulletDynamicsAll.cpp,0,41,41
/media/ullmann/HDDGabriel/engines/godot/thirdparty/bullet/BulletDynamics/Dynamics/btSimulationIslandManagerMt.cpp,1,1,2
/media/ullmann/HDDGabriel/engines/godot/editor/editor_run.h,2,2,4
/media/ullmann/HDDGabriel/engines/godot/scene/main/node.h,42,7,49
/media/ullmann/HDDGabriel/engines/godot/thirdparty/freetype/src/truetype/truetype.c,0,7,7
/media/ullmann/HDDGabriel/engines/godot/thirdparty/freetype/src/truetype/ttpload.c,1,3,4
/media/ullmann/HDDGabriel/engines/godot/thirdparty/zlib/inflate.c,0,5,5
/media/ullmann/HDDGabriel/engines/godot/thirdparty/zlib/inffixed.h,2,0,2
/media/ullmann/HDDGabriel/engines/godot/scene/2d/collision_polygon_2d.h,6,2,8
/media/ullmann/HDDGabriel/engines/godot/servers/audio/audio_effect.h,19,2,21
/media/ullmann/HDDGabriel/engines/godot/platform/windows/crash_handler_windows.cpp,0,5,5
/media/ullmann/HDDGabriel/engines/godot/drivers/wasapi/audio_driver_wasapi.h,2,3,5
/media/ullmann/HDDGabriel/engines/godot/scene/3d/collision_shape.h,9,2,11
/media/ullmann/HDDGabriel/engines/godot/thirdparty/oidn/mkl-dnn/src/common/primitive_attr.hpp,3,3,6
/media/ullmann/HDDGabriel/engines/godot/thirdparty/oidn/mkl-dnn/src/common/nstl.hpp,14,1,15
/media/ullmann/HDDGabriel/engines/godot/servers/physics_2d/space_2d_sw.h,9,9,18
/media/ullmann/HDDGabriel/engines/godot/servers/physics_2d/area_2d_sw.h,5,3,8
/media/ullmann/HDDGabriel/engines/godot/scene/3d/room_group.h,5,2,7
/media/ullmann/HDDGabriel/engines/godot/core/math/bvh_tree.h,1,17,18
/media/ullmann/HDDGabriel/engines/godot/core/math/bvh_abb.h,1,0,1
/media/ullmann/HDDGabriel/engines/godot/modules/mono/mono_gd/gd_mono_assembly.cpp,0,9,9
/media/ullmann/HDDGabriel/engines/godot/modules/mono/mono_gd/gd_mono_assembly.h,4,4,8
/media/ullmann/HDDGabriel/engines/godot/scene/resources/resource_format_text.cpp,0,5,5
/media/ullmann/HDDGabriel/engines/godot/editor/editor_resource_preview.cpp,0,9,9
/media/ullmann/HDDGabriel/engines/godot/modules/bullet/bullet_physics_server.h,7,8,15
/media/ullmann/HDDGabriel/engines/godot/modules/bullet/shape_bullet.h,4,4,8
/media/ullmann/HDDGabriel/engines/godot/scene/3d/arvr_nodes.h,2,4,6
/media/ullmann/HDDGabriel/engines/godot/thirdparty/freetype/src/autofit/afindic.c,1,6,7
/media/ullmann/HDDGabriel/engines/godot/modules/etc/register_types.cpp,0,3,3
/media/ullmann/HDDGabriel/engines/godot/modules/etc/texture_loader_pkm.h,2,2,4
/media/ullmann/HDDGabriel/engines/godot/thirdparty/libvpx/vp8/common/treecoder.c,0,1,1
/media/ullmann/HDDGabriel/engines/godot/drivers/gles3/rasterizer_canvas_gles3.cpp,0,4,4
/media/ullmann/HDDGabriel/engines/godot/drivers/gles_common/rasterizer_asserts.h,7,0,7
/media/ullmann/HDDGabriel/engines/godot/thirdparty/bullet/LinearMath/btStackAlloc.h,0,2,2
/media/ullmann/HDDGabriel/engines/godot/thirdparty/bullet/LinearMath/btAlignedAllocator.h,6,1,7
/media/ullmann/HDDGabriel/engines/godot/core/os/memory.h,33,2,35
/media/ullmann/HDDGabriel/engines/godot/editor/collada/collada.h,2,4,6
/media/ullmann/HDDGabriel/engines/godot/thirdparty/zstd/compress/zstdmt_compress.h,2,2,4
/media/ullmann/HDDGabriel/engines/godot/thirdparty/embree/kernels/builders/bvh_builder_msmblur_hair.h,0,6,6
/media/ullmann/HDDGabriel/engines/godot/thirdparty/embree/kernels/common/accelset.h,2,5,7
/media/ullmann/HDDGabriel/engines/godot/core/pool_allocator.cpp,0,5,5
/media/ullmann/HDDGabriel/engines/godot/thirdparty/oidn/mkl-dnn/src/cpu/jit_avx2_convolution.hpp,1,3,4
/media/ullmann/HDDGabriel/engines/godot/scene/resources/bit_map.h,9,3,12
/media/ullmann/HDDGabriel/engines/godot/modules/gdscript/language_server/gdscript_extend_parser.h,3,3,6
/media/ullmann/HDDGabriel/engines/godot/modules/gdscript/language_server/lsp.hpp,4,3,7
/media/ullmann/HDDGabriel/engines/godot/thirdparty/embree/common/math/color.h,1,4,5
/media/ullmann/HDDGabriel/engines/godot/thirdparty/embree/common/math/col4.h,1,1,2
/media/ullmann/HDDGabriel/engines/godot/editor/plugins/path_2d_editor_plugin.cpp,0,6,6
/media/ullmann/HDDGabriel/engines/godot/modules/visual_script/visual_script_property_selector.h,2,3,5
/media/ullmann/HDDGabriel/engines/godot/modules/mono/register_types.cpp,0,3,3
/media/ullmann/HDDGabriel/engines/godot/thirdparty/libvpx/vpx/internal/vpx_codec_internal.h,0,2,2
/media/ullmann/HDDGabriel/engines/godot/thirdparty/libvpx/vpx/vpx_encoder.h,1,1,2
/media/ullmann/HDDGabriel/engines/godot/core/variant_call.cpp,0,9,9
/media/ullmann/HDDGabriel/engines/godot/thirdparty/mbedtls/library/ecdh.c,0,1,1
/media/ullmann/HDDGabriel/engines/godot/core/project_settings.cpp,0,11,11
/media/ullmann/HDDGabriel/engines/godot/modules/gdnative/register_types.cpp,0,16,16
/media/ullmann/HDDGabriel/engines/godot/modules/gdnative/arvr/register_types.h,2,0,2
/media/ullmann/HDDGabriel/engines/godot/thirdparty/bullet/BulletCollision/BroadphaseCollision/btSimpleBroadphase.cpp,1,1,2
/media/ullmann/HDDGabriel/engines/godot/thirdparty/bullet/BulletCollision/BroadphaseCollision/btSimpleBroadphase.h,2,1,3
/media/ullmann/HDDGabriel/engines/godot/thirdparty/pcre2/src/pcre2_jit_compile.c,0,6,6
/media/ullmann/HDDGabriel/engines/godot/thirdparty/pcre2/src/sljit/sljitLir.c,1,13,14
/media/ullmann/HDDGabriel/engines/godot/core/ref_ptr.h,4,1,5
/media/ullmann/HDDGabriel/engines/godot/core/rid.h,25,5,30
/media/ullmann/HDDGabriel/engines/godot/platform/windows/os_windows.h,3,15,18
/media/ullmann/HDDGabriel/engines/godot/platform/windows/crash_handler_windows.h,2,0,2
/media/ullmann/HDDGabriel/engines/godot/thirdparty/libpng/png.h,1,2,3
/media/ullmann/HDDGabriel/engines/godot/thirdparty/libpng/pngconf.h,1,0,1
/media/ullmann/HDDGabriel/engines/godot/scene/resources/world.cpp,0,6,6
/media/ullmann/HDDGabriel/engines/godot/scene/3d/camera.h,24,4,28
/media/ullmann/HDDGabriel/engines/godot/thirdparty/oidn/mkl-dnn/src/common/mkldnn_traits.hpp,2,4,6
/media/ullmann/HDDGabriel/engines/godot/modules/mono/mono_gd/managed_type.h,2,1,3
/media/ullmann/HDDGabriel/engines/godot/modules/mono/mono_gd/gd_mono_header.h,11,2,13
/media/ullmann/HDDGabriel/engines/godot/editor/animation_track_editor.h,5,16,21
/media/ullmann/HDDGabriel/engines/godot/scene/gui/scroll_bar.h,10,1,11
/media/ullmann/HDDGabriel/engines/godot/scene/2d/tile_map.h,3,5,8
/media/ullmann/HDDGabriel/engines/godot/scene/2d/node_2d.h,37,1,38
/media/ullmann/HDDGabriel/engines/godot/modules/bullet/rigid_body_bullet.cpp,0,7,7
/media/ullmann/HDDGabriel/engines/godot/modules/bullet/joint_bullet.h,8,2,10
/media/ullmann/HDDGabriel/engines/godot/thirdparty/bullet/Bullet3Common/b3QuadWord.h,1,2,3
/media/ullmann/HDDGabriel/engines/godot/thirdparty/bullet/Bullet3Common/b3MinMax.h,2,1,3
/media/ullmann/HDDGabriel/engines/godot/thirdparty/embree/kernels/common/acceln.h,3,1,4
/media/ullmann/HDDGabriel/engines/godot/thirdparty/embree/kernels/common/accel.h,7,4,11
/media/ullmann/HDDGabriel/engines/godot/modules/mono/glue/glue_header.h,0,20,20
/media/ullmann/HDDGabriel/engines/godot/core/dictionary.h,7,3,10
/media/ullmann/HDDGabriel/engines/godot/thirdparty/bullet/BulletSoftBody/btDeformableMultiBodyDynamicsWorld.h,4,6,10
/media/ullmann/HDDGabriel/engines/godot/thirdparty/bullet/BulletSoftBody/btDeformableLagrangianForce.h,8,1,9
/media/ullmann/HDDGabriel/engines/godot/scene/gui/control.cpp,0,14,14
/media/ullmann/HDDGabriel/engines/godot/modules/websocket/wsl_server.h,3,5,8
/media/ullmann/HDDGabriel/engines/godot/servers/audio/audio_driver_dummy.cpp,0,3,3
/media/ullmann/HDDGabriel/engines/godot/thirdparty/bullet/Bullet3Collision/BroadPhaseCollision/b3OverlappingPairCache.h,1,1,2
/media/ullmann/HDDGabriel/engines/godot/thirdparty/bullet/Bullet3Collision/BroadPhaseCollision/b3OverlappingPair.h,2,0,2
/media/ullmann/HDDGabriel/engines/godot/platform/android/android_keys_utils.h,2,1,3
/media/ullmann/HDDGabriel/engines/godot/thirdparty/bullet/BulletCollision/CollisionShapes/btConeShape.h,3,1,4
/media/ullmann/HDDGabriel/engines/godot/scene/gui/spin_box.cpp,0,3,3
/media/ullmann/HDDGabriel/engines/godot/core/math/expression.h,6,1,7
/media/ullmann/HDDGabriel/engines/godot/core/os/input.cpp,0,5,5
/media/ullmann/HDDGabriel/engines/godot/thirdparty/libvorbis/lpc.c,0,5,5
/media/ullmann/HDDGabriel/engines/godot/platform/x11/context_gl_x11.cpp,0,1,1
/media/ullmann/HDDGabriel/engines/godot/platform/x11/context_gl_x11.h,2,1,3
/media/ullmann/HDDGabriel/engines/godot/thirdparty/bullet/BulletCollision/CollisionDispatch/btBoxBoxCollisionAlgorithm.cpp,1,2,3
/media/ullmann/HDDGabriel/engines/godot/thirdparty/bullet/BulletDynamics/Featherstone/btMultiBodyGearConstraint.cpp,1,3,4
/media/ullmann/HDDGabriel/engines/godot/thirdparty/bullet/BulletDynamics/Featherstone/btMultiBodyGearConstraint.h,1,1,2
/media/ullmann/HDDGabriel/engines/godot/thirdparty/opus/silk/x86/main_sse.h,1,0,1
/media/ullmann/HDDGabriel/engines/godot/core/class_db.cpp,0,4,4
/media/ullmann/HDDGabriel/engines/godot/scene/gui/option_button.h,21,2,23
/media/ullmann/HDDGabriel/engines/godot/thirdparty/freetype/src/gxvalid/gxvmod.c,1,3,4
/media/ullmann/HDDGabriel/engines/godot/scene/resources/material.cpp,0,6,6
/media/ullmann/HDDGabriel/engines/godot/scene/gui/tabs.cpp,0,5,5
/media/ullmann/HDDGabriel/engines/godot/scene/gui/label.h,36,1,37
/media/ullmann/HDDGabriel/engines/godot/scene/resources/circle_shape_2d.cpp,0,3,3
/media/ullmann/HDDGabriel/engines/godot/scene/resources/circle_shape_2d.h,4,1,5
/media/ullmann/HDDGabriel/engines/godot/thirdparty/freetype/src/pfr/pfrdrivr.c,1,3,4
/media/ullmann/HDDGabriel/engines/godot/thirdparty/freetype/src/cff/cffload.h,6,1,7
/media/ullmann/HDDGabriel/engines/godot/thirdparty/embree/kernels/bvh/bvh_builder_sah.cpp,0,17,17
/media/ullmann/HDDGabriel/engines/godot/thirdparty/embree/kernels/geometry/instance.h,10,2,12
/media/ullmann/HDDGabriel/engines/godot/editor/import/editor_import_collada.cpp,0,14,14
/media/ullmann/HDDGabriel/engines/godot/scene/3d/path.h,6,2,8
/media/ullmann/HDDGabriel/engines/godot/thirdparty/embree/kernels/geometry/subgrid_intersector_pluecker.h,1,3,4
/media/ullmann/HDDGabriel/engines/godot/thirdparty/embree/kernels/geometry/quad_intersector_pluecker.h,3,1,4
/media/ullmann/HDDGabriel/engines/godot/modules/fbx/fbx_parser/FBXParser.h,15,5,20
/media/ullmann/HDDGabriel/engines/godot/modules/mono/mono_gd/gd_mono.cpp,0,17,17
/media/ullmann/HDDGabriel/engines/godot/servers/visual/visual_server_raster.h,16,7,23
/media/ullmann/HDDGabriel/engines/godot/servers/visual/visual_server_scene.h,7,10,17
/media/ullmann/HDDGabriel/engines/godot/thirdparty/bullet/BulletCollision/CollisionShapes/btTetrahedronShape.h,2,1,3
/media/ullmann/HDDGabriel/engines/godot/core/io/dtls_server.cpp,0,3,3
/media/ullmann/HDDGabriel/engines/godot/core/io/dtls_server.h,4,2,6
/media/ullmann/HDDGabriel/engines/godot/thirdparty/opus/celt/modes.c,0,7,7
/media/ullmann/HDDGabriel/engines/godot/thirdparty/opus/celt/os_support.h,16,0,16
/media/ullmann/HDDGabriel/engines/godot/thirdparty/bullet/BulletDynamics/ConstraintSolver/btGearConstraint.h,2,0,2
/media/ullmann/HDDGabriel/engines/godot/thirdparty/libvorbis/sharedbook.c,0,5,5
/media/ullmann/HDDGabriel/engines/godot/thirdparty/libvorbis/codebook.h,8,0,8
/media/ullmann/HDDGabriel/engines/godot/modules/gdnative/gdnative/basis.cpp,0,2,2
/media/ullmann/HDDGabriel/engines/godot/thirdparty/embree/common/math/constants.h,5,2,7
/media/ullmann/HDDGabriel/engines/godot/modules/mono/godotsharp_dirs.cpp,0,8,8
/media/ullmann/HDDGabriel/engines/godot/modules/regex/regex.h,7,6,13
/media/ullmann/HDDGabriel/engines/godot/modules/mono/mono_gd/gd_mono_cache.h,16,2,18
/media/ullmann/HDDGabriel/engines/godot/thirdparty/opus/silk/float/solve_LS_FLP.c,0,1,1
/media/ullmann/HDDGabriel/engines/godot/thirdparty/opus/silk/float/main_FLP.h,18,2,20
/media/ullmann/HDDGabriel/engines/godot/thirdparty/oidn/mkl-dnn/src/cpu/gemm_x8s8s32x_convolution.hpp,1,6,7
/media/ullmann/HDDGabriel/engines/godot/thirdparty/oidn/mkl-dnn/src/cpu/gemm_convolution_utils.hpp,3,3,6
/media/ullmann/HDDGabriel/engines/godot/modules/mono/godotsharp_dirs.h,6,1,7
/media/ullmann/HDDGabriel/engines/godot/thirdparty/freetype/src/gxvalid/gxvjust.c,1,2,3
/media/ullmann/HDDGabriel/engines/godot/thirdparty/freetype/src/gxvalid/gxvalid.h,13,1,14
/media/ullmann/HDDGabriel/engines/godot/thirdparty/embree/kernels/common/scene.cpp,0,4,4
/media/ullmann/HDDGabriel/engines/godot/thirdparty/embree/common/algorithms/parallel_reduce.h,6,1,7
/media/ullmann/HDDGabriel/engines/godot/core/hashfuncs.h,3,6,9
/media/ullmann/HDDGabriel/engines/godot/drivers/unix/thread_posix.cpp,0,3,3
/media/ullmann/HDDGabriel/engines/godot/scene/gui/box_container.cpp,0,3,3
/media/ullmann/HDDGabriel/engines/godot/scene/2d/animated_sprite.h,6,2,8
/media/ullmann/HDDGabriel/engines/godot/scene/main/timer.cpp,0,2,2
/media/ullmann/HDDGabriel/engines/godot/scene/main/timer.h,14,1,15
/media/ullmann/HDDGabriel/engines/godot/thirdparty/embree/common/math/vec2.h,6,5,11
/media/ullmann/HDDGabriel/engines/godot/editor/plugins/canvas_item_editor_plugin.cpp,0,24,24
/media/ullmann/HDDGabriel/engines/godot/thirdparty/freetype/src/psnames/psmodule.c,1,3,4
/media/ullmann/HDDGabriel/engines/godot/thirdparty/freetype/src/psnames/psmodule.h,1,0,1
/media/ullmann/HDDGabriel/engines/godot/editor/plugin_config_dialog.h,3,5,8
/media/ullmann/HDDGabriel/engines/godot/editor/plugins/sprite_frames_editor_plugin.cpp,0,11,11
/media/ullmann/HDDGabriel/engines/godot/scene/gui/panel_container.h,16,1,17
/media/ullmann/HDDGabriel/engines/godot/thirdparty/freetype/src/lzw/ftlzw.c,0,2,2
/media/ullmann/HDDGabriel/engines/godot/thirdparty/freetype/src/lzw/ftzopen.h,2,0,2
/media/ullmann/HDDGabriel/engines/godot/modules/webrtc/webrtc_multiplayer.cpp,0,3,3
/media/ullmann/HDDGabriel/engines/godot/editor/plugins/light_occluder_2d_editor_plugin.h,2,2,4
/media/ullmann/HDDGabriel/engines/godot/thirdparty/embree/kernels/builders/bvh_builder_hair.h,0,6,6
/media/ullmann/HDDGabriel/engines/godot/thirdparty/embree/kernels/builders/heuristic_binning_array_unaligned.h,2,1,3
/media/ullmann/HDDGabriel/engines/godot/thirdparty/opus/silk/resampler_down2_3.c,0,2,2
/media/ullmann/HDDGabriel/engines/godot/thirdparty/embree/kernels/geometry/subgrid_intersector_moeller.h,1,2,3
/media/ullmann/HDDGabriel/engines/godot/modules/mono/editor/code_completion.h,2,2,4
/media/ullmann/HDDGabriel/engines/godot/platform/android/export/export_plugin.h,2,20,22
/media/ullmann/HDDGabriel/engines/godot/editor/editor_log.h,9,10,19
/media/ullmann/HDDGabriel/engines/godot/editor/import/resource_importer_obj.cpp,0,7,7
/media/ullmann/HDDGabriel/engines/godot/scene/resources/mesh.h,31,6,37
/media/ullmann/HDDGabriel/engines/godot/thirdparty/embree/kernels/builders/primrefgen.cpp,0,4,4
/media/ullmann/HDDGabriel/engines/godot/thirdparty/embree/common/algorithms/parallel_for_for.h,5,1,6
/media/ullmann/HDDGabriel/engines/godot/thirdparty/freetype/src/gxvalid/gxvmorx.h,6,3,9
/media/ullmann/HDDGabriel/engines/godot/thirdparty/bullet/BulletCollision/Gimpact/btContactProcessing.cpp,1,1,2
/media/ullmann/HDDGabriel/engines/godot/thirdparty/bullet/BulletCollision/Gimpact/btContactProcessing.h,2,2,4
/media/ullmann/HDDGabriel/engines/godot/platform/android/api/api.cpp,0,4,4
/media/ullmann/HDDGabriel/engines/godot/platform/android/api/java_class_wrapper.h,3,1,4
/media/ullmann/HDDGabriel/engines/godot/scene/3d/interpolated_camera.h,2,1,3
/media/ullmann/HDDGabriel/engines/godot/servers/audio/effects/audio_effect_stereo_enhance.h,2,1,3
/media/ullmann/HDDGabriel/engines/godot/thirdparty/pcre2/src/pcre2_find_bracket.c,0,2,2
/media/ullmann/HDDGabriel/engines/godot/editor/plugins/texture_region_editor_plugin.cpp,0,6,6
/media/ullmann/HDDGabriel/engines/godot/core/core_string_names.h,34,1,35
/media/ullmann/HDDGabriel/engines/godot/thirdparty/embree/common/lexers/stringstream.h,2,1,3
/media/ullmann/HDDGabriel/engines/godot/thirdparty/embree/common/lexers/stream.h,3,4,7
/media/ullmann/HDDGabriel/engines/godot/thirdparty/bullet/LinearMath/btPoolAllocator.h,0,3,3
/media/ullmann/HDDGabriel/engines/godot/thirdparty/bullet/LinearMath/btThreads.h,3,1,4
/media/ullmann/HDDGabriel/engines/godot/thirdparty/bullet/Bullet3Collision/BroadPhaseCollision/b3DynamicBvhBroadphase.h,1,1,2
/media/ullmann/HDDGabriel/engines/godot/thirdparty/bullet/Bullet3Collision/BroadPhaseCollision/b3BroadphaseCallback.h,1,0,1
/media/ullmann/HDDGabriel/engines/godot/thirdparty/embree/kernels/builders/splitter.h,4,2,6
/media/ullmann/HDDGabriel/engines/godot/scene/resources/theme.h,9,6,15
/media/ullmann/HDDGabriel/engines/godot/core/math/transform.cpp,0,3,3
/media/ullmann/HDDGabriel/engines/godot/thirdparty/embree/kernels/geometry/grid_soa.h,4,6,10
/media/ullmann/HDDGabriel/engines/godot/thirdparty/embree/kernels/bvh/bvh.h,25,6,31
/media/ullmann/HDDGabriel/engines/godot/servers/register_server_types.h,2,0,2
/media/ullmann/HDDGabriel/engines/godot/modules/mbedtls/register_types.cpp,0,5,5
/media/ullmann/HDDGabriel/engines/godot/modules/mbedtls/register_types.h,2,0,2
/media/ullmann/HDDGabriel/engines/godot/thirdparty/zstd/common/fse_decompress.c,0,6,6
/media/ullmann/HDDGabriel/engines/godot/thirdparty/zstd/common/fse.h,12,2,14
/media/ullmann/HDDGabriel/engines/godot/core/io/json.h,21,1,22
/media/ullmann/HDDGabriel/engines/godot/thirdparty/miniupnpc/miniupnpc/upnpcommands.c,0,4,4
/media/ullmann/HDDGabriel/engines/godot/thirdparty/miniupnpc/miniupnpc/upnpcommands.h,2,2,4
/media/ullmann/HDDGabriel/engines/godot/modules/enet/networked_multiplayer_enet.cpp,0,4,4
/media/ullmann/HDDGabriel/engines/godot/modules/enet/networked_multiplayer_enet.h,2,3,5
/media/ullmann/HDDGabriel/engines/godot/thirdparty/vhacd/inc/btAlignedObjectArray.h,1,2,3
/media/ullmann/HDDGabriel/engines/godot/thirdparty/vhacd/inc/btScalar.h,4,0,4
/media/ullmann/HDDGabriel/engines/godot/thirdparty/freetype/src/cache/ftccback.h,7,5,12
/media/ullmann/HDDGabriel/engines/godot/thirdparty/freetype/src/cache/ftcsbits.h,3,1,4
/media/ullmann/HDDGabriel/engines/godot/thirdparty/zstd/decompress/zstd_decompress_internal.h,4,2,6
/media/ullmann/HDDGabriel/engines/godot/thirdparty/zstd/common/zstd_internal.h,10,8,18
/media/ullmann/HDDGabriel/engines/godot/thirdparty/embree/kernels/bvh/bvh4_factory.cpp,0,17,17
/media/ullmann/HDDGabriel/engines/godot/thirdparty/embree/kernels/geometry/subgrid.h,9,3,12
/media/ullmann/HDDGabriel/engines/godot/platform/android/android_input_handler.cpp,0,3,3
/media/ullmann/HDDGabriel/engines/godot/platform/android/android_input_handler.h,2,1,3
/media/ullmann/HDDGabriel/engines/godot/modules/mono/mono_gd/gd_mono_internals.cpp,0,8,8
/media/ullmann/HDDGabriel/engines/godot/scene/animation/animation_tree.cpp,0,5,5
/media/ullmann/HDDGabriel/engines/godot/scene/resources/skin.cpp,0,1,1
/media/ullmann/HDDGabriel/engines/godot/scene/resources/skin.h,3,1,4
/media/ullmann/HDDGabriel/engines/godot/main/tests/test_main.h,2,3,5
/media/ullmann/HDDGabriel/engines/godot/thirdparty/embree/kernels/subdiv/bspline_curve.h,3,2,5
/media/ullmann/HDDGabriel/engines/godot/scene/resources/shape_2d.cpp,0,4,4
/media/ullmann/HDDGabriel/engines/godot/scene/2d/light_occluder_2d.h,5,1,6
/media/ullmann/HDDGabriel/engines/godot/servers/physics/broad_phase_basic.h,2,2,4
/media/ullmann/HDDGabriel/engines/godot/servers/physics/broad_phase_sw.h,6,2,8
/media/ullmann/HDDGabriel/engines/godot/thirdparty/embree/kernels/subdiv/gregory_patch.h,4,4,8
/media/ullmann/HDDGabriel/engines/godot/thirdparty/embree/kernels/subdiv/catmullclark_patch.h,6,2,8
/media/ullmann/HDDGabriel/engines/godot/main/tests/test_gui.cpp,0,23,23
/media/ullmann/HDDGabriel/engines/godot/main/tests/test_gui.h,2,1,3
/media/ullmann/HDDGabriel/engines/godot/editor/editor_audio_buses.h,2,16,18
/media/ullmann/HDDGabriel/engines/godot/scene/gui/texture_progress.h,4,1,5
/media/ullmann/HDDGabriel/engines/godot/thirdparty/opus/silk/resampler_private_down_FIR.c,0,2,2
/media/ullmann/HDDGabriel/engines/godot/thirdparty/embree/kernels/bvh/bvh_node_aabb_mb.h,2,1,3
/media/ullmann/HDDGabriel/engines/godot/thirdparty/embree/kernels/bvh/bvh_node_base.h,5,1,6
/media/ullmann/HDDGabriel/engines/godot/editor/import/editor_import_plugin.cpp,0,2,2
/media/ullmann/HDDGabriel/engines/godot/editor/import/editor_import_plugin.h,2,1,3
/media/ullmann/HDDGabriel/engines/godot/editor/plugins/visual_shader_editor_plugin.cpp,0,15,15
/media/ullmann/HDDGabriel/engines/godot/scene/animation/animation_player.h,24,4,28
/media/ullmann/HDDGabriel/engines/godot/thirdparty/opus/silk/decode_core.c,0,1,1
/media/ullmann/HDDGabriel/engines/godot/thirdparty/embree/common/sys/regression.h,4,1,5
/media/ullmann/HDDGabriel/engines/godot/core/io/stream_peer.cpp,0,2,2
/media/ullmann/HDDGabriel/engines/godot/thirdparty/libtheora/dequant.h,2,2,4
/media/ullmann/HDDGabriel/engines/godot/core/safe_refcount.h,35,1,36
/media/ullmann/HDDGabriel/engines/godot/drivers/gles2/shaders/cubemap_filter.glsl.gen.h,1,1,2
/media/ullmann/HDDGabriel/engines/godot/drivers/gles2/shader_gles2.h,11,6,17
/media/ullmann/HDDGabriel/engines/godot/thirdparty/bullet/BulletDynamics/Featherstone/btMultiBodyConstraint.cpp,1,2,3
/media/ullmann/HDDGabriel/engines/godot/thirdparty/bullet/BulletDynamics/Featherstone/btMultiBodyPoint2Point.h,2,1,3
/media/ullmann/HDDGabriel/engines/godot/thirdparty/pcre2/src/pcre2_convert.c,0,2,2
/media/ullmann/HDDGabriel/engines/godot/thirdparty/pcre2/src/pcre2_internal.h,27,3,30
/media/ullmann/HDDGabriel/engines/godot/modules/gdnative/nativescript/nativescript.h,5,12,17
/media/ullmann/HDDGabriel/engines/godot/editor/plugins/shader_editor_plugin.cpp,0,10,10
/media/ullmann/HDDGabriel/engines/godot/modules/recast/navigation_mesh_generator.h,2,2,4
/media/ullmann/HDDGabriel/engines/godot/scene/3d/navigation_mesh.h,8,2,10
/media/ullmann/HDDGabriel/engines/godot/thirdparty/opus/celt/kiss_fft.h,3,3,6
/media/ullmann/HDDGabriel/engines/godot/thirdparty/embree/common/tasking/taskschedulerinternal.h,2,10,12
/media/ullmann/HDDGabriel/engines/godot/thirdparty/embree/kernels/common/scene.h,17,16,33
/media/ullmann/HDDGabriel/engines/godot/thirdparty/zlib/inffast.c,0,4,4
/media/ullmann/HDDGabriel/engines/godot/thirdparty/zlib/inflate.h,3,0,3
/media/ullmann/HDDGabriel/engines/godot/modules/bullet/pin_joint_bullet.cpp,0,3,3
/media/ullmann/HDDGabriel/engines/godot/modules/bullet/pin_joint_bullet.h,2,1,3
/media/ullmann/HDDGabriel/engines/godot/thirdparty/embree/kernels/geometry/grid_soa_intersector_packet.h,2,3,5
/media/ullmann/HDDGabriel/engines/godot/editor/plugins/tile_map_editor_plugin.h,2,8,10
/media/ullmann/HDDGabriel/engines/godot/editor/plugins/material_editor_plugin.h,2,8,10
/media/ullmann/HDDGabriel/engines/godot/modules/gdnative/gdnative/gdnative.cpp,0,7,7
/media/ullmann/HDDGabriel/engines/godot/thirdparty/freetype/src/gxvalid/gxvmorx5.c,1,1,2
/media/ullmann/HDDGabriel/engines/godot/modules/minimp3/audio_stream_mp3.cpp,0,2,2
/media/ullmann/HDDGabriel/engines/godot/modules/minimp3/audio_stream_mp3.h,3,2,5
/media/ullmann/HDDGabriel/engines/godot/thirdparty/embree/common/math/obbox.h,1,2,3
/media/ullmann/HDDGabriel/engines/godot/thirdparty/embree/common/math/linearspace3.h,3,2,5
/media/ullmann/HDDGabriel/engines/godot/core/string_builder.h,9,2,11
/media/ullmann/HDDGabriel/engines/godot/thirdparty/libvorbis/info.c,0,8,8
/media/ullmann/HDDGabriel/engines/godot/thirdparty/libvorbis/window.h,5,0,5
/media/ullmann/HDDGabriel/engines/godot/thirdparty/freetype/src/pfr/pfrgload.h,2,1,3
/media/ullmann/HDDGabriel/engines/godot/thirdparty/oidn/mkl-dnn/src/cpu/ref_deconvolution.hpp,1,3,4
/media/ullmann/HDDGabriel/engines/godot/modules/bullet/cone_twist_joint_bullet.cpp,0,4,4
/media/ullmann/HDDGabriel/engines/godot/modules/bullet/cone_twist_joint_bullet.h,2,1,3
/media/ullmann/HDDGabriel/engines/godot/modules/minimp3/resource_importer_mp3.h,2,2,4
/media/ullmann/HDDGabriel/engines/godot/editor/editor_folding.cpp,0,4,4
/media/ullmann/HDDGabriel/engines/godot/editor/editor_folding.h,2,1,3
/media/ullmann/HDDGabriel/engines/godot/scene/gui/shortcut.h,3,2,5
/media/ullmann/HDDGabriel/engines/godot/thirdparty/freetype/src/sfnt/sfwoff.c,1,1,2
/media/ullmann/HDDGabriel/engines/godot/thirdparty/freetype/src/sfnt/sfwoff.h,2,0,2
/media/ullmann/HDDGabriel/engines/godot/editor/import/resource_importer_scene.h,12,4,16
/media/ullmann/HDDGabriel/engines/godot/thirdparty/embree/common/math/vec4.h,4,8,12
/media/ullmann/HDDGabriel/engines/godot/thirdparty/embree/common/math/vec3fa.h,3,3,6
/media/ullmann/HDDGabriel/engines/godot/scene/2d/light_2d.h,3,1,4
/media/ullmann/HDDGabriel/engines/godot/thirdparty/oidn/mkl-dnn/src/cpu/gemm/s8x8s32/jit_avx512_core_gemm_s8u8s32.cpp,0,5,5
/media/ullmann/HDDGabriel/engines/godot/thirdparty/oidn/mkl-dnn/src/cpu/gemm/s8x8s32/common.hpp,12,0,12
/media/ullmann/HDDGabriel/engines/godot/scene/resources/convex_polygon_shape_2d.cpp,0,4,4
/media/ullmann/HDDGabriel/engines/godot/thirdparty/embree/kernels/bvh/bvh_builder_sah_spatial.cpp,0,16,16
/media/ullmann/HDDGabriel/engines/godot/drivers/windows/file_access_windows.cpp,0,3,3
/media/ullmann/HDDGabriel/engines/godot/core/version.h,32,0,32
/media/ullmann/HDDGabriel/engines/godot/thirdparty/libtheora/x86_vc/mmxstate.c,0,3,3
/media/ullmann/HDDGabriel/engines/godot/thirdparty/libtheora/x86_vc/x86int.h,8,1,9
/media/ullmann/HDDGabriel/engines/godot/scene/gui/item_list.cpp,0,3,3
/media/ullmann/HDDGabriel/engines/godot/servers/audio/effects/audio_effect_record.h,2,8,10
/media/ullmann/HDDGabriel/engines/godot/platform/iphone/plugin/godot_plugin_config.h,1,3,4
/media/ullmann/HDDGabriel/engines/godot/thirdparty/enet/godot.cpp,0,7,7
/media/ullmann/HDDGabriel/engines/godot/thirdparty/bullet/BulletSoftBody/btSoftMultiBodyDynamicsWorld.cpp,0,1,1
/media/ullmann/HDDGabriel/engines/godot/thirdparty/bullet/BulletSoftBody/btSoftMultiBodyDynamicsWorld.h,2,0,2
/media/ullmann/HDDGabriel/engines/godot/thirdparty/opus/silk/encode_pulses.c,0,1,1
/media/ullmann/HDDGabriel/engines/godot/thirdparty/oidn/mkl-dnn/src/cpu/cpu_convolution_pd.hpp,19,0,19
/media/ullmann/HDDGabriel/engines/godot/thirdparty/etc2comp/EtcBlock4x4Encoding_R11.h,3,1,4
/media/ullmann/HDDGabriel/engines/godot/thirdparty/etc2comp/EtcBlock4x4Encoding_RGB8.h,7,1,8
/media/ullmann/HDDGabriel/engines/godot/modules/freetype/register_types.cpp,0,1,1
/media/ullmann/HDDGabriel/engines/godot/modules/freetype/register_types.h,2,0,2
/media/ullmann/HDDGabriel/engines/godot/thirdparty/libvpx/vpx_dsp/prob.c,0,1,1
/media/ullmann/HDDGabriel/engines/godot/thirdparty/libvpx/vpx_dsp/prob.h,1,1,2
/media/ullmann/HDDGabriel/engines/godot/editor/plugins/canvas_item_editor_plugin.h,23,8,31
/media/ullmann/HDDGabriel/engines/godot/thirdparty/libvorbis/floor1.c,0,6,6
/media/ullmann/HDDGabriel/engines/godot/servers/arvr/arvr_positional_tracker.cpp,0,2,2
/media/ullmann/HDDGabriel/engines/godot/modules/mbedtls/dtls_server_mbedtls.h,2,2,4
/media/ullmann/HDDGabriel/engines/godot/thirdparty/oidn/mkl-dnn/src/cpu/ref_eltwise.hpp,3,2,5
/media/ullmann/HDDGabriel/engines/godot/thirdparty/oidn/mkl-dnn/src/cpu/cpu_eltwise_pd.hpp,2,0,2
/media/ullmann/HDDGabriel/engines/godot/modules/webrtc/webrtc_multiplayer.h,2,2,4
/media/ullmann/HDDGabriel/engines/godot/modules/gdscript/gdscript_function.cpp,0,4,4
/media/ullmann/HDDGabriel/engines/godot/modules/gdscript/gdscript_function.h,2,7,9
/media/ullmann/HDDGabriel/engines/godot/editor/import/resource_importer_wav.h,3,1,4
/media/ullmann/HDDGabriel/engines/godot/scene/2d/visibility_notifier_2d.cpp,0,8,8
/media/ullmann/HDDGabriel/engines/godot/servers/physics_2d/body_2d_sw.cpp,0,4,4
/media/ullmann/HDDGabriel/engines/godot/modules/csg/register_types.cpp,0,3,3
/media/ullmann/HDDGabriel/engines/godot/modules/csg/csg_shape.h,7,5,12
/media/ullmann/HDDGabriel/engines/godot/thirdparty/bullet/LinearMath/btQuaternion.h,2,2,4
/media/ullmann/HDDGabriel/engines/godot/modules/websocket/wsl_client.h,3,5,8
/media/ullmann/HDDGabriel/engines/godot/core/error_list.h,19,0,19
/media/ullmann/HDDGabriel/engines/godot/thirdparty/opus/celt/celt.h,5,3,8
/media/ullmann/HDDGabriel/engines/godot/thirdparty/embree/kernels/bvh/bvh_builder_morton.cpp,0,14,14
/media/ullmann/HDDGabriel/engines/godot/thirdparty/embree/kernels/geometry/trianglei.h,10,2,12
/media/ullmann/HDDGabriel/engines/godot/scene/resources/environment.cpp,0,4,4
/media/ullmann/HDDGabriel/engines/godot/scene/main/node.cpp,0,10,10
/media/ullmann/HDDGabriel/engines/godot/modules/gdscript/language_server/gdscript_language_protocol.h,5,7,12
/media/ullmann/HDDGabriel/engines/godot/modules/gdscript/language_server/gdscript_text_document.h,2,3,5
/media/ullmann/HDDGabriel/engines/godot/core/math/quat.h,5,4,9
/media/ullmann/HDDGabriel/engines/godot/modules/websocket/websocket_peer.h,6,3,9
/media/ullmann/HDDGabriel/engines/godot/thirdparty/freetype/src/sfnt/ttmtx.h,3,0,3
/media/ullmann/HDDGabriel/engines/godot/thirdparty/opus/celt/mdct.h,5,3,8
/media/ullmann/HDDGabriel/engines/godot/editor/register_exporters.gen.cpp,0,8,8
/media/ullmann/HDDGabriel/engines/godot/platform/osx/export/export.h,2,0,2
/media/ullmann/HDDGabriel/engines/godot/thirdparty/bullet/Bullet3OpenCL/BroadphaseCollision/b3GpuGridBroadphase.h,1,1,2
/media/ullmann/HDDGabriel/engines/godot/thirdparty/bullet/Bullet3OpenCL/BroadphaseCollision/b3GpuBroadphaseInterface.h,2,1,3
/media/ullmann/HDDGabriel/engines/godot/thirdparty/bullet/BulletSoftBody/btDefaultSoftBodySolver.h,2,1,3
/media/ullmann/HDDGabriel/engines/godot/thirdparty/bullet/BulletSoftBody/btSoftBodySolverVertexBuffer.h,1,0,1
/media/ullmann/HDDGabriel/engines/godot/modules/gdnative/pluginscript/register_types.cpp,0,9,9
/media/ullmann/HDDGabriel/engines/godot/modules/websocket/register_types.cpp,0,8,8
/media/ullmann/HDDGabriel/engines/godot/scene/gui/popup.cpp,0,3,3
/media/ullmann/HDDGabriel/engines/godot/thirdparty/opus/celt/quant_bands.c,0,7,7
/media/ullmann/HDDGabriel/engines/godot/thirdparty/opus/celt/laplace.h,2,2,4
/media/ullmann/HDDGabriel/engines/godot/servers/arvr/arvr_interface.h,9,4,13
/media/ullmann/HDDGabriel/engines/godot/scene/resources/mesh_library.h,5,5,10
/media/ullmann/HDDGabriel/engines/godot/scene/3d/baked_lightmap.cpp,0,7,7
/media/ullmann/HDDGabriel/engines/godot/thirdparty/bullet/BulletSoftBody/btSoftBodyInternals.h,5,2,7
/media/ullmann/HDDGabriel/engines/godot/thirdparty/bullet/BulletSoftBody/btSoftBody.h,10,1,11
/media/ullmann/HDDGabriel/engines/godot/editor/filesystem_dock.cpp,0,16,16
/media/ullmann/HDDGabriel/engines/godot/scene/3d/skeleton.cpp,0,5,5
/media/ullmann/HDDGabriel/engines/godot/editor/plugins/animation_state_machine_editor.h,3,9,12
/media/ullmann/HDDGabriel/engines/godot/core/method_bind.h,3,5,8
/media/ullmann/HDDGabriel/engines/godot/modules/gltf/gltf_document.h,10,11,21
/media/ullmann/HDDGabriel/engines/godot/thirdparty/freetype/src/autofit/afloader.c,1,5,6
/media/ullmann/HDDGabriel/engines/godot/thirdparty/freetype/src/autofit/afmodule.h,4,0,4
/media/ullmann/HDDGabriel/engines/godot/editor/fileserver/editor_file_server.cpp,0,3,3
/media/ullmann/HDDGabriel/engines/godot/editor/import/resource_importer_texture.h,3,2,5
/media/ullmann/HDDGabriel/engines/godot/editor/property_editor.h,19,14,33
/media/ullmann/HDDGabriel/engines/godot/scene/gui/check_button.h,10,1,11
/media/ullmann/HDDGabriel/engines/godot/thirdparty/misc/triangulator.h,5,3,8
/media/ullmann/HDDGabriel/engines/godot/core/set.h,8,2,10
/media/ullmann/HDDGabriel/engines/godot/thirdparty/bullet/BulletCollision/CollisionDispatch/btCollisionObject.h,6,0,6
/media/ullmann/HDDGabriel/engines/godot/scene/resources/packed_scene.h,28,2,30
/media/ullmann/HDDGabriel/engines/godot/scene/3d/particles.h,5,3,8
/media/ullmann/HDDGabriel/engines/godot/scene/3d/visual_instance.h,15,4,19
/media/ullmann/HDDGabriel/engines/godot/core/io/udp_server.h,4,2,6
/media/ullmann/HDDGabriel/engines/godot/core/io/packet_peer_udp.h,4,3,7
/media/ullmann/HDDGabriel/engines/godot/thirdparty/freetype/src/gzip/infutil.c,1,5,6
/media/ullmann/HDDGabriel/engines/godot/thirdparty/freetype/src/gzip/inftrees.h,5,0,5
/media/ullmann/HDDGabriel/engines/godot/thirdparty/opus/silk/tables.h,11,2,13
/media/ullmann/HDDGabriel/engines/godot/servers/arvr_server.cpp,0,4,4
/media/ullmann/HDDGabriel/engines/godot/scene/resources/concave_polygon_shape_2d.h,6,1,7
/media/ullmann/HDDGabriel/engines/godot/thirdparty/embree/kernels/geometry/quadv.h,11,1,12
/media/ullmann/HDDGabriel/engines/godot/editor/editor_properties_array_dict.h,2,4,6
/media/ullmann/HDDGabriel/engines/godot/editor/editor_spin_slider.h,6,3,9
/media/ullmann/HDDGabriel/engines/godot/scene/2d/particles_2d.cpp,0,5,5
/media/ullmann/HDDGabriel/engines/godot/editor/editor_inspector.h,17,3,20
/media/ullmann/HDDGabriel/engines/godot/modules/svg/image_loader_svg.h,3,2,5
/media/ullmann/HDDGabriel/engines/godot/thirdparty/bullet/LinearMath/btReducedVector.h,2,3,5
/media/ullmann/HDDGabriel/engines/godot/scene/debugger/script_debugger_remote.h,5,5,10
/media/ullmann/HDDGabriel/engines/godot/main/tests/test_render.cpp,0,8,8
/media/ullmann/HDDGabriel/engines/godot/thirdparty/bullet/BulletCollision/CollisionShapes/btConvexPointCloudShape.cpp,1,1,2
/media/ullmann/HDDGabriel/engines/godot/editor/progress_dialog.cpp,0,5,5
/media/ullmann/HDDGabriel/engines/godot/editor/progress_dialog.h,6,5,11
/media/ullmann/HDDGabriel/engines/godot/editor/plugins/animation_tree_editor_plugin.cpp,0,17,17
/media/ullmann/HDDGabriel/engines/godot/core/math/delaunay.h,5,1,6
/media/ullmann/HDDGabriel/engines/godot/editor/plugins/animation_blend_space_1d_editor.cpp,0,4,4
/media/ullmann/HDDGabriel/engines/godot/scene/animation/animation_blend_tree.h,8,1,9
/media/ullmann/HDDGabriel/engines/godot/core/math/triangle_mesh.h,3,2,5
/media/ullmann/HDDGabriel/engines/godot/thirdparty/embree/kernels/common/default.h,34,38,72
/media/ullmann/HDDGabriel/engines/godot/editor/plugins/tile_map_editor_plugin.cpp,0,8,8
/media/ullmann/HDDGabriel/engines/godot/editor/plugins/animation_blend_space_2d_editor.h,3,9,12
/media/ullmann/HDDGabriel/engines/godot/scene/gui/button.h,35,1,36
/media/ullmann/HDDGabriel/engines/godot/scene/3d/collision_polygon.h,4,2,6
/media/ullmann/HDDGabriel/engines/godot/thirdparty/bullet/Bullet3OpenCL/RigidBody/b3GpuPgsConstraintSolver.h,1,3,4
/media/ullmann/HDDGabriel/engines/godot/thirdparty/bullet/Bullet3OpenCL/RigidBody/b3GpuSolverBody.h,1,0,1
/media/ullmann/HDDGabriel/engines/godot/servers/physics_2d/broad_phase_2d_bvh.h,2,4,6
/media/ullmann/HDDGabriel/engines/godot/core/math/rect2.h,8,1,9
/media/ullmann/HDDGabriel/engines/godot/editor/editor_export.cpp,0,17,17
/media/ullmann/HDDGabriel/engines/godot/scene/resources/convex_polygon_shape.h,7,1,8
/media/ullmann/HDDGabriel/engines/godot/main/tests/test_transform.h,2,1,3
/media/ullmann/HDDGabriel/engines/godot/thirdparty/pcre2/src/sljit/sljitNativeMIPS_common.c,1,2,3
/media/ullmann/HDDGabriel/engines/godot/thirdparty/pcre2/src/sljit/sljitNativeMIPS_64.c,1,0,1
/media/ullmann/HDDGabriel/engines/godot/editor/editor_export.h,17,5,22
/media/ullmann/HDDGabriel/engines/godot/thirdparty/embree/common/tasking/taskschedulertbb.h,1,7,8
/media/ullmann/HDDGabriel/engines/godot/scene/resources/visual_shader.h,4,3,7
/media/ullmann/HDDGabriel/engines/godot/scene/gui/color_picker.h,7,11,18
/media/ullmann/HDDGabriel/engines/godot/core/object.h,45,10,55
/media/ullmann/HDDGabriel/engines/godot/thirdparty/embree/kernels/bvh/bvh_refit.cpp,0,9,9
/media/ullmann/HDDGabriel/engines/godot/modules/mono/mono_gd/gd_mono_method.h,4,3,7
/media/ullmann/HDDGabriel/engines/godot/thirdparty/freetype/src/gxvalid/gxvtrak.c,1,2,3
/media/ullmann/HDDGabriel/engines/godot/thirdparty/opus/opus.c,0,2,2
/media/ullmann/HDDGabriel/engines/godot/core/cowdata.h,3,3,6
/media/ullmann/HDDGabriel/engines/godot/editor/editor_file_system.cpp,0,11,11
/media/ullmann/HDDGabriel/engines/godot/thirdparty/pcre2/src/pcre2_string_utils.c,0,2,2
/media/ullmann/HDDGabriel/engines/godot/thirdparty/zstd/compress/hist.c,0,4,4
/media/ullmann/HDDGabriel/engines/godot/thirdparty/zstd/compress/hist.h,6,1,7
/media/ullmann/HDDGabriel/engines/godot/thirdparty/bullet/BulletSoftBody/btSoftBody.cpp,0,2,2
/media/ullmann/HDDGabriel/engines/godot/modules/gltf/editor_scene_exporter_gltf_plugin.cpp,0,9,9
/media/ullmann/HDDGabriel/engines/godot/scene/gui/menu_button.h,26,2,28
/media/ullmann/HDDGabriel/engines/godot/servers/visual/portals/portal_tracer.cpp,0,4,4
/media/ullmann/HDDGabriel/engines/godot/modules/xatlas_unwrap/register_types.cpp,0,3,3
/media/ullmann/HDDGabriel/engines/godot/core/error_macros.h,32,2,34
/media/ullmann/HDDGabriel/engines/godot/thirdparty/pcre2/src/pcre2_serialize.c,0,2,2
/media/ullmann/HDDGabriel/engines/godot/thirdparty/oidn/mkl-dnn/src/cpu/jit_avx512_core_x8s8s32x_deconvolution.hpp,1,6,7
/media/ullmann/HDDGabriel/engines/godot/thirdparty/oidn/mkl-dnn/src/cpu/cpu_deconvolution_pd.hpp,3,0,3
/media/ullmann/HDDGabriel/engines/godot/thirdparty/zstd/common/cpu.h,4,1,5
/media/ullmann/HDDGabriel/engines/godot/thirdparty/oidn/mkl-dnn/src/cpu/gemm/s8x8s32/jit_avx512_core_gemm_s8u8s32_kern.cpp,0,1,1
/media/ullmann/HDDGabriel/engines/godot/thirdparty/oidn/mkl-dnn/src/cpu/gemm/s8x8s32/jit_avx512_core_gemm_s8u8s32_kern.hpp,2,0,2
/media/ullmann/HDDGabriel/engines/godot/modules/visual_script/visual_script_builtin_funcs.cpp,0,8,8
/media/ullmann/HDDGabriel/engines/godot/thirdparty/freetype/src/autofit/afcjk.h,3,2,5
/media/ullmann/HDDGabriel/engines/godot/thirdparty/freetype/src/autofit/afhints.h,9,1,10
/media/ullmann/HDDGabriel/engines/godot/thirdparty/bullet/BulletCollision/Gimpact/btGImpactQuantizedBvh.h,2,3,5
/media/ullmann/HDDGabriel/engines/godot/thirdparty/bullet/BulletCollision/Gimpact/btQuantization.h,2,0,2
/media/ullmann/HDDGabriel/engines/godot/core/safe_refcount.cpp,0,2,2
/media/ullmann/HDDGabriel/engines/godot/editor/fileserver/editor_file_server.h,2,5,7
/media/ullmann/HDDGabriel/engines/godot/main/tests/test_transform.cpp,0,6,6
/media/ullmann/HDDGabriel/engines/godot/core/math/random_number_generator.h,5,2,7
/media/ullmann/HDDGabriel/engines/godot/thirdparty/zstd/common/mem.h,16,3,19
/media/ullmann/HDDGabriel/engines/godot/scene/resources/tile_set.h,4,7,11
/media/ullmann/HDDGabriel/engines/godot/modules/gdscript/language_server/gdscript_text_document.cpp,0,7,7
/media/ullmann/HDDGabriel/engines/godot/editor/plugins/resource_preloader_editor_plugin.h,2,6,8
/media/ullmann/HDDGabriel/engines/godot/scene/gui/file_dialog.h,13,7,20
/media/ullmann/HDDGabriel/engines/godot/thirdparty/bullet/Bullet3OpenCL/RigidBody/b3Solver.cpp,0,7,7
/media/ullmann/HDDGabriel/engines/godot/thirdparty/bullet/Bullet3OpenCL/RigidBody/kernels/solverSetup.h,2,0,2
/media/ullmann/HDDGabriel/engines/godot/scene/3d/voxel_light_baker.cpp,0,3,3
/media/ullmann/HDDGabriel/engines/godot/scene/3d/area.h,3,2,5
/media/ullmann/HDDGabriel/engines/godot/scene/3d/collision_object.h,9,2,11
/media/ullmann/HDDGabriel/engines/godot/editor/project_settings_editor.cpp,0,11,11
/media/ullmann/HDDGabriel/engines/godot/thirdparty/bullet/Bullet3OpenCL/BroadphaseCollision/b3GpuParallelLinearBvh.cpp,0,1,1
/media/ullmann/HDDGabriel/engines/godot/thirdparty/bullet/Bullet3OpenCL/BroadphaseCollision/b3GpuParallelLinearBvh.h,2,0,2
/media/ullmann/HDDGabriel/engines/godot/editor/plugins/curve_editor_plugin.cpp,0,6,6
/media/ullmann/HDDGabriel/engines/godot/thirdparty/bullet/BulletDynamics/MLCPSolvers/btDantzigSolver.h,0,2,2
/media/ullmann/HDDGabriel/engines/godot/thirdparty/bullet/BulletDynamics/MLCPSolvers/btDantzigLCP.h,2,0,2
/media/ullmann/HDDGabriel/engines/godot/scene/gui/dialogs.cpp,0,7,7
/media/ullmann/HDDGabriel/engines/godot/scene/resources/plane_shape.h,6,1,7
/media/ullmann/HDDGabriel/engines/godot/thirdparty/bullet/BulletCollision/NarrowPhaseCollision/btSubSimplexConvexCast.cpp,1,2,3
/media/ullmann/HDDGabriel/engines/godot/thirdparty/bullet/BulletCollision/NarrowPhaseCollision/btPointCollector.h,3,1,4
/media/ullmann/HDDGabriel/engines/godot/thirdparty/oidn/mkl-dnn/src/cpu/nhwc_pooling.hpp,1,2,3
/media/ullmann/HDDGabriel/engines/godot/core/math/geometry.cpp,0,5,5
/media/ullmann/HDDGabriel/engines/godot/core/math/geometry.h,26,9,35
/media/ullmann/HDDGabriel/engines/godot/thirdparty/enet/protocol.c,0,3,3
/media/ullmann/HDDGabriel/engines/godot/thirdparty/enet/enet/time.h,1,0,1
/media/ullmann/HDDGabriel/engines/godot/editor/editor_log.cpp,0,7,7
/media/ullmann/HDDGabriel/engines/godot/scene/gui/center_container.h,8,1,9
/media/ullmann/HDDGabriel/engines/godot/scene/scene_string_names.h,45,2,47
/media/ullmann/HDDGabriel/engines/godot/scene/3d/cpu_particles.h,5,3,8
/media/ullmann/HDDGabriel/engines/godot/thirdparty/embree/kernels/common/context.h,6,3,9
/media/ullmann/HDDGabriel/engines/godot/thirdparty/embree/kernels/common/rtcore.h,3,1,4
/media/ullmann/HDDGabriel/engines/godot/thirdparty/opus/celt/arm/fixed_arm64.h,1,0,1
/media/ullmann/HDDGabriel/engines/godot/thirdparty/opus/celt/mips/pitch_mipsr1.h,1,0,1
/media/ullmann/HDDGabriel/engines/godot/thirdparty/zstd/decompress/zstd_decompress_block.h,2,4,6
/media/ullmann/HDDGabriel/engines/godot/thirdparty/zstd/zstd.h,7,0,7
/media/ullmann/HDDGabriel/engines/godot/thirdparty/freetype/src/cff/cffcmap.h,3,0,3
/media/ullmann/HDDGabriel/engines/godot/thirdparty/embree/common/math/vec3ia.h,2,3,5
/media/ullmann/HDDGabriel/engines/godot/thirdparty/bullet/BulletCollision/CollisionDispatch/btConvex2dConvex2dAlgorithm.cpp,1,1,2
/media/ullmann/HDDGabriel/engines/godot/thirdparty/bullet/BulletCollision/CollisionDispatch/btConvex2dConvex2dAlgorithm.h,1,0,1
/media/ullmann/HDDGabriel/engines/godot/core/ucaps.h,2,0,2
/media/ullmann/HDDGabriel/engines/godot/thirdparty/zstd/compress/zstd_lazy.c,0,2,2
/media/ullmann/HDDGabriel/engines/godot/scene/3d/room_manager.cpp,0,18,18
/media/ullmann/HDDGabriel/engines/godot/scene/3d/sprite_3d.h,7,2,9
/media/ullmann/HDDGabriel/engines/godot/modules/bullet/btRayShape.cpp,0,2,2
/media/ullmann/HDDGabriel/engines/godot/modules/bullet/btRayShape.h,4,0,4
/media/ullmann/HDDGabriel/engines/godot/thirdparty/zstd/common/debug.h,10,1,11
/media/ullmann/HDDGabriel/engines/godot/core/math/aabb.cpp,0,2,2
/media/ullmann/HDDGabriel/engines/godot/platform/android/plugin/godot_plugin_jni.cpp,0,7,7
/media/ullmann/HDDGabriel/engines/godot/servers/physics_2d/collision_object_2d_sw.h,6,4,10
/media/ullmann/HDDGabriel/engines/godot/servers/physics_2d/shape_2d_sw.h,4,1,5
/media/ullmann/HDDGabriel/engines/godot/scene/gui/separator.h,13,1,14
/media/ullmann/HDDGabriel/engines/godot/scene/3d/bone_attachment.h,6,1,7
/media/ullmann/HDDGabriel/engines/godot/platform/android/export/godot_plugin_config.h,2,4,6
/media/ullmann/HDDGabriel/engines/godot/editor/scene_tree_dock.h,2,19,21
/media/ullmann/HDDGabriel/engines/godot/scene/gui/rich_text_effect.h,3,1,4
/media/ullmann/HDDGabriel/engines/godot/drivers/png/png_driver_common.h,5,2,7
/media/ullmann/HDDGabriel/engines/godot/thirdparty/oidn/mkl-dnn/src/common/primitive_iterator.cpp,0,5,5
/media/ullmann/HDDGabriel/engines/godot/thirdparty/oidn/mkl-dnn/src/cpu/gemm/f32/jit_avx512_common_gemm_f32.cpp,0,3,3
/media/ullmann/HDDGabriel/engines/godot/thirdparty/oidn/mkl-dnn/src/cpu/gemm/f32/gemm_utils_f32.hpp,4,0,4
/media/ullmann/HDDGabriel/engines/godot/thirdparty/freetype/src/psaux/pshints.c,1,5,6
/media/ullmann/HDDGabriel/engines/godot/thirdparty/freetype/src/psaux/psft.h,13,2,15
/media/ullmann/HDDGabriel/engines/godot/editor/plugins/gradient_editor_plugin.cpp,0,4,4
/media/ullmann/HDDGabriel/engines/godot/scene/gui/box_container.h,39,1,40
/media/ullmann/HDDGabriel/engines/godot/thirdparty/freetype/src/otvalid/otvmath.c,1,3,4
/media/ullmann/HDDGabriel/engines/godot/thirdparty/freetype/src/otvalid/otvgpos.h,3,0,3
/media/ullmann/HDDGabriel/engines/godot/servers/physics/space_sw.cpp,0,4,4
/media/ullmann/HDDGabriel/engines/godot/servers/physics/space_sw.h,7,9,16
/media/ullmann/HDDGabriel/engines/godot/thirdparty/zstd/compress/zstd_fast.c,0,2,2
/media/ullmann/HDDGabriel/engines/godot/thirdparty/oidn/mkl-dnn/src/common/stream.cpp,0,4,4
/media/ullmann/HDDGabriel/engines/godot/thirdparty/oidn/mkl-dnn/src/common/engine.hpp,12,3,15
/media/ullmann/HDDGabriel/engines/godot/core/global_constants.h,13,1,14
/media/ullmann/HDDGabriel/engines/godot/thirdparty/opus/info.c,0,2,2
/media/ullmann/HDDGabriel/engines/godot/thirdparty/opus/internal.h,4,0,4
/media/ullmann/HDDGabriel/engines/godot/modules/gdnative/pluginscript/pluginscript_script.cpp,0,3,3
/media/ullmann/HDDGabriel/engines/godot/platform/android/api/jni_singleton.h,3,3,6
/media/ullmann/HDDGabriel/engines/godot/editor/plugins/mesh_instance_editor_plugin.cpp,0,7,7
/media/ullmann/HDDGabriel/engines/godot/editor/editor_about.h,3,12,15
/media/ullmann/HDDGabriel/engines/godot/scene/gui/split_container.h,16,1,17
/media/ullmann/HDDGabriel/engines/godot/thirdparty/libtheora/tokenize.c,0,1,1
/media/ullmann/HDDGabriel/engines/godot/thirdparty/libtheora/encint.h,12,6,18
/media/ullmann/HDDGabriel/engines/godot/thirdparty/oidn/core/upsample.h,1,1,2
/media/ullmann/HDDGabriel/engines/godot/thirdparty/oidn/core/node.h,6,1,7
/media/ullmann/HDDGabriel/engines/godot/main/input_default.cpp,0,6,6
/media/ullmann/HDDGabriel/engines/godot/core/crypto/crypto.h,10,5,15
/media/ullmann/HDDGabriel/engines/godot/main/tests/test_string.cpp,0,6,6
/media/ullmann/HDDGabriel/engines/godot/main/tests/test_string.h,2,2,4
/media/ullmann/HDDGabriel/engines/godot/platform/javascript/os_javascript.cpp,0,11,11
/media/ullmann/HDDGabriel/engines/godot/drivers/gles2/rasterizer_gles2.h,8,4,12
/media/ullmann/HDDGabriel/engines/godot/thirdparty/bullet/LinearMath/btPolarDecomposition.h,1,1,2
/media/ullmann/HDDGabriel/engines/godot/thirdparty/bullet/LinearMath/btMatrix3x3.h,6,2,8
/media/ullmann/HDDGabriel/engines/godot/thirdparty/bullet/BulletCollision/CollisionShapes/btTriangleBuffer.cpp,1,1,2
/media/ullmann/HDDGabriel/engines/godot/thirdparty/oidn/mkl-dnn/src/cpu/nchw_pooling.hpp,1,2,3
/media/ullmann/HDDGabriel/engines/godot/thirdparty/zlib/zutil.h,8,1,9
/media/ullmann/HDDGabriel/engines/godot/modules/gdnative/android/android_gdn.cpp,0,4,4
/media/ullmann/HDDGabriel/engines/godot/platform/android/os_android.h,4,6,10
/media/ullmann/HDDGabriel/engines/godot/thirdparty/pvrtccompressor/Bitmap.h,3,1,4
/media/ullmann/HDDGabriel/engines/godot/scene/3d/reflection_probe.h,3,4,7
/media/ullmann/HDDGabriel/engines/godot/scene/3d/area.cpp,0,4,4
/media/ullmann/HDDGabriel/engines/godot/modules/gdnative/gdnative/pool_arrays.cpp,0,6,6
/media/ullmann/HDDGabriel/engines/godot/core/math/transform.h,21,4,25
/media/ullmann/HDDGabriel/engines/godot/platform/javascript/godot_webgl2.cpp,0,1,1
/media/ullmann/HDDGabriel/engines/godot/platform/javascript/godot_webgl2.h,1,0,1
/media/ullmann/HDDGabriel/engines/godot/main/tests/test_main.cpp,0,17,17
/media/ullmann/HDDGabriel/engines/godot/main/tests/test_astar.h,2,1,3
/media/ullmann/HDDGabriel/engines/godot/thirdparty/opus/repacketizer.c,0,2,2
/media/ullmann/HDDGabriel/engines/godot/core/math/quick_hull.cpp,0,2,2
/media/ullmann/HDDGabriel/engines/godot/scene/3d/audio_stream_player_3d.cpp,0,6,6
/media/ullmann/HDDGabriel/engines/godot/core/object.cpp,0,10,10
/media/ullmann/HDDGabriel/engines/godot/core/object_rc.h,4,2,6
/media/ullmann/HDDGabriel/engines/godot/thirdparty/squish/singlecolourfit.h,2,2,4
/media/ullmann/HDDGabriel/engines/godot/thirdparty/squish/squish.h,8,0,8
/media/ullmann/HDDGabriel/engines/godot/drivers/alsamidi/midi_driver_alsamidi.cpp,0,3,3
/media/ullmann/HDDGabriel/engines/godot/thirdparty/embree/kernels/bvh/bvh_builder_twolevel.cpp,0,6,6
/media/ullmann/HDDGabriel/engines/godot/thirdparty/embree/kernels/common/scene_quad_mesh.h,2,2,4
/media/ullmann/HDDGabriel/engines/godot/thirdparty/embree/common/sys/mutex.h,8,3,11
/media/ullmann/HDDGabriel/engines/godot/scene/gui/spin_box.h,16,3,19
/media/ullmann/HDDGabriel/engines/godot/thirdparty/freetype/src/cache/ftcache.c,0,8,8
/media/ullmann/HDDGabriel/engines/godot/thirdparty/freetype/src/cache/ftcbasic.c,1,5,6
/media/ullmann/HDDGabriel/engines/godot/thirdparty/pcre2/src/sljit/sljitLir.h,1,2,3
/media/ullmann/HDDGabriel/engines/godot/thirdparty/pcre2/src/sljit/sljitConfig.h,1,0,1
/media/ullmann/HDDGabriel/engines/godot/thirdparty/libtheora/x86/mmxfrag.h,2,1,3
/media/ullmann/HDDGabriel/engines/godot/thirdparty/libtheora/x86/x86int.h,8,1,9
/media/ullmann/HDDGabriel/engines/godot/scene/2d/node_2d.cpp,0,5,5
/media/ullmann/HDDGabriel/engines/godot/scene/gui/control.h,38,7,45
/media/ullmann/HDDGabriel/engines/godot/core/io/logger.cpp,0,5,5
/media/ullmann/HDDGabriel/engines/godot/thirdparty/freetype/src/type1/t1driver.c,1,5,6
/media/ullmann/HDDGabriel/engines/godot/thirdparty/freetype/src/type1/t1load.h,3,1,4
/media/ullmann/HDDGabriel/engines/godot/thirdparty/zstd/compress/zstdmt_compress.c,0,7,7
/media/ullmann/HDDGabriel/engines/godot/thirdparty/libpng/arm/arm_init.c,0,1,1
/media/ullmann/HDDGabriel/engines/godot/thirdparty/vhacd/inc/btMinMax.h,1,1,2
/media/ullmann/HDDGabriel/engines/godot/thirdparty/freetype/src/cff/cffobjs.c,1,4,5
/media/ullmann/HDDGabriel/engines/godot/thirdparty/freetype/src/cff/cffobjs.h,2,0,2
/media/ullmann/HDDGabriel/engines/godot/servers/camera_server.cpp,0,3,3
/media/ullmann/HDDGabriel/engines/godot/scene/resources/world.h,3,4,7
/media/ullmann/HDDGabriel/engines/godot/core/io/translation_loader_po.cpp,0,3,3
/media/ullmann/HDDGabriel/engines/godot/core/translation.h,21,1,22
/media/ullmann/HDDGabriel/engines/godot/scene/resources/mesh.cpp,0,8,8
/media/ullmann/HDDGabriel/engines/godot/thirdparty/libtheora/enquant.h,2,1,3
/media/ullmann/HDDGabriel/engines/godot/thirdparty/libtheora/quant.h,4,2,6
/media/ullmann/HDDGabriel/engines/godot/servers/audio_server.cpp,0,8,8
/media/ullmann/HDDGabriel/engines/godot/thirdparty/freetype/src/pfr/pfrsbit.c,1,3,4
/media/ullmann/HDDGabriel/engines/godot/editor/plugins/texture_region_editor_plugin.h,2,8,10
/media/ullmann/HDDGabriel/engines/godot/thirdparty/bullet/BulletCollision/CollisionShapes/btStridingMeshInterface.cpp,1,1,2
/media/ullmann/HDDGabriel/engines/godot/thirdparty/bullet/BulletCollision/CollisionShapes/btStridingMeshInterface.h,5,2,7
/media/ullmann/HDDGabriel/engines/godot/modules/mono/utils/path_utils.h,4,2,6
/media/ullmann/HDDGabriel/engines/godot/thirdparty/oidn/mkl-dnn/src/cpu/gemm/f32/jit_avx_gemm_f32.cpp,0,3,3
/media/ullmann/HDDGabriel/engines/godot/thirdparty/bullet/BulletSoftBody/btSoftRigidDynamicsWorld.cpp,0,5,5
/media/ullmann/HDDGabriel/engines/godot/thirdparty/bullet/BulletSoftBody/btSoftBodyHelpers.h,3,1,4
/media/ullmann/HDDGabriel/engines/godot/core/math/octree.h,4,1,5
/media/ullmann/HDDGabriel/engines/godot/editor/plugins/collision_shape_2d_editor_plugin.cpp,0,9,9
/media/ullmann/HDDGabriel/engines/godot/scene/resources/rectangle_shape_2d.h,5,1,6
/media/ullmann/HDDGabriel/engines/godot/servers/visual/portals/portal_rooms_bsp.cpp,0,6,6
/media/ullmann/HDDGabriel/engines/godot/scene/3d/spatial.cpp,0,7,7
/media/ullmann/HDDGabriel/engines/godot/servers/visual_server_callbacks.h,4,3,7
/media/ullmann/HDDGabriel/engines/godot/modules/gridmap/register_types.cpp,0,4,4
/media/ullmann/HDDGabriel/engines/godot/modules/websocket/wsl_peer.h,3,6,9
/media/ullmann/HDDGabriel/engines/godot/core/io/packet_peer.h,13,3,16
/media/ullmann/HDDGabriel/engines/godot/modules/cvtt/image_compress_cvtt.cpp,0,5,5
/media/ullmann/HDDGabriel/engines/godot/scene/gui/color_picker.cpp,0,7,7
/media/ullmann/HDDGabriel/engines/godot/thirdparty/embree/kernels/bvh/bvh_intersector_hybrid.h,0,4,4
/media/ullmann/HDDGabriel/engines/godot/thirdparty/embree/kernels/bvh/node_intersector_frustum.h,2,1,3
/media/ullmann/HDDGabriel/engines/godot/servers/visual/portals/portal_types.cpp,0,1,1
/media/ullmann/HDDGabriel/engines/godot/servers/visual/portals/portal_types.h,5,8,13
/media/ullmann/HDDGabriel/engines/godot/thirdparty/bullet/Bullet3Dynamics/ConstraintSolver/b3Point2PointConstraint.cpp,0,1,1
/media/ullmann/HDDGabriel/engines/godot/thirdparty/bullet/Bullet3Dynamics/ConstraintSolver/b3Point2PointConstraint.h,1,1,2
/media/ullmann/HDDGabriel/engines/godot/modules/fbx/editor_scene_importer_fbx.h,2,20,22
/media/ullmann/HDDGabriel/engines/godot/editor/project_settings_editor.h,9,8,17
/media/ullmann/HDDGabriel/engines/godot/modules/fbx/data/model_abstraction.h,3,1,4
/media/ullmann/HDDGabriel/engines/godot/modules/fbx/fbx_parser/FBXDocument.h,15,7,22
/media/ullmann/HDDGabriel/engines/godot/drivers/gles3/shader_compiler_gles3.cpp,0,3,3
/media/ullmann/HDDGabriel/engines/godot/editor/plugins/polygon_2d_editor_plugin.cpp,0,8,8
/media/ullmann/HDDGabriel/engines/godot/scene/2d/navigation_2d.h,4,2,6
/media/ullmann/HDDGabriel/engines/godot/thirdparty/freetype/src/gzip/ftgzip.c,0,13,13
/media/ullmann/HDDGabriel/engines/godot/modules/tinyexr/image_loader_tinyexr.cpp,0,4,4
/media/ullmann/HDDGabriel/engines/godot/modules/visual_script/register_types.h,2,0,2
/media/ullmann/HDDGabriel/engines/godot/modules/webrtc/register_types.cpp,0,8,8
/media/ullmann/HDDGabriel/engines/godot/modules/webrtc/register_types.h,2,0,2
/media/ullmann/HDDGabriel/engines/godot/thirdparty/libtheora/huffman.h,3,2,5
/media/ullmann/HDDGabriel/engines/godot/thirdparty/libtheora/ocintrin.h,4,0,4
/media/ullmann/HDDGabriel/engines/godot/main/tests/test_physics_2d.cpp,0,8,8
/media/ullmann/HDDGabriel/engines/godot/core/bind/core_bind.h,8,10,18
/media/ullmann/HDDGabriel/engines/godot/editor/pane_drag.h,4,1,5
/media/ullmann/HDDGabriel/engines/godot/thirdparty/opus/internal.c,0,2,2
/media/ullmann/HDDGabriel/engines/godot/thirdparty/bullet/BulletDynamics/Featherstone/btMultiBodyConstraintSolver.cpp,1,3,4
/media/ullmann/HDDGabriel/engines/godot/thirdparty/freetype/src/sfnt/ttcmap.c,1,5,6
/media/ullmann/HDDGabriel/engines/godot/thirdparty/freetype/src/sfnt/ttcmap.h,3,1,4
/media/ullmann/HDDGabriel/engines/godot/modules/webrtc/webrtc_data_channel_gdnative.cpp,0,3,3
/media/ullmann/HDDGabriel/engines/godot/scene/2d/ray_cast_2d.cpp,0,5,5
/media/ullmann/HDDGabriel/engines/godot/scene/2d/collision_object_2d.cpp,0,3,3
/media/ullmann/HDDGabriel/engines/godot/scene/2d/collision_object_2d.h,8,2,10
/media/ullmann/HDDGabriel/engines/godot/modules/mono/editor/script_class_parser.h,3,3,6
/media/ullmann/HDDGabriel/engines/godot/modules/visual_script/visual_script_property_selector.cpp,0,11,11
/media/ullmann/HDDGabriel/engines/godot/thirdparty/opus/silk/encode_indices.c,0,1,1
/media/ullmann/HDDGabriel/engines/godot/scene/3d/baked_lightmap.h,4,5,9
/media/ullmann/HDDGabriel/engines/godot/scene/resources/multimesh.h,6,2,8
/media/ullmann/HDDGabriel/engines/godot/modules/stb_vorbis/audio_stream_ogg_vorbis.cpp,0,2,2
/media/ullmann/HDDGabriel/engines/godot/thirdparty/embree/kernels/subdiv/bezier_curve.h,10,2,12
/media/ullmann/HDDGabriel/engines/godot/platform/osx/export/export.cpp,0,13,13
/media/ullmann/HDDGabriel/engines/godot/editor/plugin_config_dialog.cpp,0,10,10
/media/ullmann/HDDGabriel/engines/godot/scene/gui/grid_container.h,8,1,9
/media/ullmann/HDDGabriel/engines/godot/thirdparty/bullet/BulletCollision/CollisionDispatch/btGhostObject.cpp,1,2,3
/media/ullmann/HDDGabriel/engines/godot/thirdparty/bullet/BulletCollision/CollisionDispatch/btCollisionWorld.h,4,2,6
/media/ullmann/HDDGabriel/engines/godot/modules/mono/csharp_script.h,9,9,18
/media/ullmann/HDDGabriel/engines/godot/thirdparty/bullet/BulletCollision/CollisionShapes/btBvhTriangleMeshShape.cpp,1,0,1
/media/ullmann/HDDGabriel/engines/godot/thirdparty/bullet/BulletSoftBody/btDeformableContactConstraint.h,2,1,3
/media/ullmann/HDDGabriel/engines/godot/thirdparty/etc2comp/Etc.h,4,4,8
/media/ullmann/HDDGabriel/engines/godot/thirdparty/etc2comp/EtcColor.h,5,0,5
/media/ullmann/HDDGabriel/engines/godot/thirdparty/bullet/BulletDynamics/ConstraintSolver/btSliderConstraint.h,2,2,4
/media/ullmann/HDDGabriel/engines/godot/editor/import/resource_importer_layered_texture.cpp,0,7,7
/media/ullmann/HDDGabriel/engines/godot/editor/plugins/theme_editor_preview.cpp,0,5,5
/media/ullmann/HDDGabriel/engines/godot/thirdparty/bullet/BulletCollision/Gimpact/gim_geom_types.h,1,1,2
/media/ullmann/HDDGabriel/engines/godot/thirdparty/bullet/BulletCollision/Gimpact/gim_math.h,3,0,3
/media/ullmann/HDDGabriel/engines/godot/modules/fbx/fbx_parser/FBXDocumentUtil.cpp,0,6,6
/media/ullmann/HDDGabriel/engines/godot/modules/fbx/fbx_parser/FBXUtil.h,6,1,7
/media/ullmann/HDDGabriel/engines/godot/core/math/expression.cpp,0,8,8
/media/ullmann/HDDGabriel/engines/godot/scene/3d/room.h,7,3,10
/media/ullmann/HDDGabriel/engines/godot/thirdparty/freetype/src/psaux/psstack.c,1,5,6
/media/ullmann/HDDGabriel/engines/godot/thirdparty/freetype/src/psaux/psstack.h,2,0,2
/media/ullmann/HDDGabriel/engines/godot/thirdparty/zstd/common/xxhash.c,1,4,5
/media/ullmann/HDDGabriel/engines/godot/thirdparty/zstd/common/xxhash.h,2,2,4
/media/ullmann/HDDGabriel/engines/godot/core/math/convex_hull.cpp,0,6,6
/media/ullmann/HDDGabriel/engines/godot/core/math/aabb.h,13,3,16
/media/ullmann/HDDGabriel/engines/godot/platform/android/dir_access_jandroid.h,3,2,5
/media/ullmann/HDDGabriel/engines/godot/platform/android/java_godot_lib_jni.h,2,0,2
/media/ullmann/HDDGabriel/engines/godot/drivers/gles3/rasterizer_scene_gles3.h,4,12,16
/media/ullmann/HDDGabriel/engines/godot/drivers/gles3/shaders/exposure.glsl.gen.h,2,1,3
/media/ullmann/HDDGabriel/engines/godot/editor/plugins/multimesh_editor_plugin.cpp,0,4,4
/media/ullmann/HDDGabriel/engines/godot/editor/plugins/multimesh_editor_plugin.h,2,4,6
/media/ullmann/HDDGabriel/engines/godot/editor/plugins/physical_bone_plugin.h,2,1,3
/media/ullmann/HDDGabriel/engines/godot/scene/resources/dynamic_font.cpp,0,4,4
/media/ullmann/HDDGabriel/engines/godot/thirdparty/embree/common/math/vec3ba.h,2,3,5
/media/ullmann/HDDGabriel/engines/godot/thirdparty/embree/kernels/geometry/quadv_intersector.h,1,3,4
/media/ullmann/HDDGabriel/engines/godot/modules/mono/mono_gd/gd_mono_marshal.cpp,0,4,4
/media/ullmann/HDDGabriel/engines/godot/modules/mono/mono_gd/gd_mono.h,13,5,18
/media/ullmann/HDDGabriel/engines/godot/thirdparty/oidn/mkl-dnn/src/common/verbose.cpp,0,15,15
/media/ullmann/HDDGabriel/engines/godot/drivers/unix/ip_unix.cpp,0,2,2
/media/ullmann/HDDGabriel/engines/godot/thirdparty/misc/ifaddrs-android.h,3,0,3
/media/ullmann/HDDGabriel/engines/godot/thirdparty/oidn/core/autoencoder.cpp,0,1,1
/media/ullmann/HDDGabriel/engines/godot/thirdparty/oidn/core/autoencoder.h,2,3,5
/media/ullmann/HDDGabriel/engines/godot/scene/2d/touch_screen_button.h,3,4,7
/media/ullmann/HDDGabriel/engines/godot/editor/plugins/viewport_preview_editor_plugin.h,2,4,6
/media/ullmann/HDDGabriel/engines/godot/thirdparty/oidn/mkl-dnn/src/common/deconvolution_pd.hpp,1,4,5
/media/ullmann/HDDGabriel/engines/godot/scene/2d/sprite.cpp,0,5,5
/media/ullmann/HDDGabriel/engines/godot/thirdparty/freetype/src/cache/ftcmru.c,1,2,3
/media/ullmann/HDDGabriel/engines/godot/thirdparty/freetype/src/cache/ftcerror.h,8,0,8
/media/ullmann/HDDGabriel/engines/godot/modules/gdnative/pluginscript/pluginscript_language.h,5,6,11
/media/ullmann/HDDGabriel/engines/godot/modules/gdnative/pluginscript/pluginscript_loader.h,2,3,5
/media/ullmann/HDDGabriel/engines/godot/core/io/multiplayer_api.h,4,2,6
/media/ullmann/HDDGabriel/engines/godot/thirdparty/opus/silk/CNG.c,0,1,1
/media/ullmann/HDDGabriel/engines/godot/thirdparty/libtheora/decapiwrapper.c,0,3,3
/media/ullmann/HDDGabriel/engines/godot/thirdparty/bullet/BulletDynamics/MLCPSolvers/btMLCPSolverInterface.h,4,0,4
/media/ullmann/HDDGabriel/engines/godot/servers/visual/shader_types.h,7,3,10
/media/ullmann/HDDGabriel/engines/godot/thirdparty/oidn/mkl-dnn/src/cpu/cpu_concat.cpp,0,1,1
/media/ullmann/HDDGabriel/engines/godot/thirdparty/oidn/mkl-dnn/src/cpu/cpu_engine.hpp,7,1,8
/media/ullmann/HDDGabriel/engines/godot/thirdparty/enet/enet/utility.h,1,0,1
/media/ullmann/HDDGabriel/engines/godot/servers/audio/effects/audio_effect_chorus.cpp,0,3,3
/media/ullmann/HDDGabriel/engines/godot/editor/export_template_manager.cpp,0,11,11
/media/ullmann/HDDGabriel/engines/godot/core/command_queue_mt.h,3,5,8
/media/ullmann/HDDGabriel/engines/godot/scene/resources/particles_material.h,10,2,12
/media/ullmann/HDDGabriel/engines/godot/thirdparty/opus/celt/fixed_generic.h,1,1,2
/media/ullmann/HDDGabriel/engines/godot/thirdparty/opus/celt/mips/fixed_generic_mipsr1.h,1,0,1
/media/ullmann/HDDGabriel/engines/godot/thirdparty/zstd/compress/zstd_ldm.c,0,4,4
/media/ullmann/HDDGabriel/engines/godot/thirdparty/zstd/compress/zstd_ldm.h,3,2,5
/media/ullmann/HDDGabriel/engines/godot/thirdparty/embree/common/simd/arm/emulation.h,3,1,4
/media/ullmann/HDDGabriel/engines/godot/scene/resources/box_shape.cpp,0,2,2
/media/ullmann/HDDGabriel/engines/godot/editor/editor_run.cpp,0,5,5
/media/ullmann/HDDGabriel/engines/godot/core/io/resource_format_binary.h,3,3,6
/media/ullmann/HDDGabriel/engines/godot/core/os/os.cpp,0,7,7
/media/ullmann/HDDGabriel/engines/godot/thirdparty/bullet/BulletCollision/CollisionShapes/btMiniSDF.cpp,1,1,2
/media/ullmann/HDDGabriel/engines/godot/thirdparty/oidn/mkl-dnn/src/cpu/ref_convolution.cpp,0,1,1
/media/ullmann/HDDGabriel/engines/godot/thirdparty/oidn/mkl-dnn/src/cpu/ref_convolution.hpp,1,2,3
/media/ullmann/HDDGabriel/engines/godot/scene/resources/visual_shader_nodes.h,3,1,4
/media/ullmann/HDDGabriel/engines/godot/modules/bullet/soft_body_bullet.cpp,0,5,5
/media/ullmann/HDDGabriel/engines/godot/servers/visual/portals/portal_rooms_bsp.h,2,3,5
/media/ullmann/HDDGabriel/engines/godot/thirdparty/oidn/mkl-dnn/src/cpu/gemm/s8x8s32/jit_avx512_core_u8_copy_at_kern.cpp,0,1,1
/media/ullmann/HDDGabriel/engines/godot/thirdparty/libvpx/vp8/common/alloccommon.c,0,6,6
/media/ullmann/HDDGabriel/engines/godot/thirdparty/embree/kernels/common/point_query.h,6,1,7
/media/ullmann/HDDGabriel/engines/godot/thirdparty/bullet/Bullet3OpenCL/RigidBody/b3GpuRigidBodyPipeline.cpp,0,8,8
/media/ullmann/HDDGabriel/engines/godot/thirdparty/bullet/Bullet3OpenCL/RigidBody/b3GpuJacobiContactSolver.h,2,0,2
/media/ullmann/HDDGabriel/engines/godot/thirdparty/misc/hq2x.cpp,0,2,2
/media/ullmann/HDDGabriel/engines/godot/thirdparty/misc/hq2x.h,2,1,3
/media/ullmann/HDDGabriel/engines/godot/scene/2d/light_occluder_2d.cpp,0,2,2
/media/ullmann/HDDGabriel/engines/godot/platform/server/godot_server.cpp,0,2,2
/media/ullmann/HDDGabriel/engines/godot/main/main.h,23,3,26
/media/ullmann/HDDGabriel/engines/godot/modules/webxr/webxr_interface_js.cpp,0,6,6
/media/ullmann/HDDGabriel/engines/godot/thirdparty/oidn/mkl-dnn/src/common/deconvolution.cpp,0,3,3
/media/ullmann/HDDGabriel/engines/godot/thirdparty/bullet/BulletSoftBody/btDeformableBackwardEulerObjective.h,2,10,12
/media/ullmann/HDDGabriel/engines/godot/thirdparty/bullet/BulletSoftBody/btDeformableContactProjection.h,2,3,5
/media/ullmann/HDDGabriel/engines/godot/thirdparty/oidn/mkl-dnn/src/cpu/jit_avx512_common_1x1_conv_kernel.cpp,0,4,4
/media/ullmann/HDDGabriel/engines/godot/thirdparty/oidn/mkl-dnn/src/cpu/cpu_memory.hpp,18,1,19
/media/ullmann/HDDGabriel/engines/godot/editor/editor_plugin_settings.cpp,0,8,8
/media/ullmann/HDDGabriel/engines/godot/editor/editor_plugin_settings.h,4,5,9
/media/ullmann/HDDGabriel/engines/godot/servers/visual_server_callbacks.cpp,0,2,2
/media/ullmann/HDDGabriel/engines/godot/thirdparty/embree/kernels/geometry/trianglev_mb.h,7,1,8
/media/ullmann/HDDGabriel/engines/godot/editor/plugins/animation_player_editor_plugin.h,8,7,15
/media/ullmann/HDDGabriel/engines/godot/thirdparty/embree/kernels/subdiv/gridrange.h,1,1,2
/media/ullmann/HDDGabriel/engines/godot/thirdparty/bullet/BulletCollision/CollisionShapes/btConvexPointCloudShape.h,2,1,3
/media/ullmann/HDDGabriel/engines/godot/thirdparty/freetype/src/psaux/psaux.c,0,16,16
/media/ullmann/HDDGabriel/engines/godot/thirdparty/freetype/src/psaux/t1cmap.c,1,2,3
/media/ullmann/HDDGabriel/engines/godot/modules/bullet/area_bullet.cpp,0,6,6
/media/ullmann/HDDGabriel/engines/godot/modules/bullet/bullet_utilities.h,12,0,12
/media/ullmann/HDDGabriel/engines/godot/main/performance.cpp,0,9,9
/media/ullmann/HDDGabriel/engines/godot/core/math/bsp_tree.cpp,0,3,3
/media/ullmann/HDDGabriel/engines/godot/thirdparty/oidn/common/tensor.h,1,1,2
/media/ullmann/HDDGabriel/engines/godot/thirdparty/oidn/common/platform.h,7,0,7
/media/ullmann/HDDGabriel/engines/godot/editor/import/resource_importer_wav.cpp,0,5,5
/media/ullmann/HDDGabriel/engines/godot/platform/android/logo.gen.h,1,0,1
/media/ullmann/HDDGabriel/engines/godot/core/translation.cpp,0,4,4
/media/ullmann/HDDGabriel/engines/godot/platform/uwp/os_uwp.h,2,12,14
/media/ullmann/HDDGabriel/engines/godot/core/math/transform_2d.h,12,2,14
/media/ullmann/HDDGabriel/engines/godot/thirdparty/freetype/src/gxvalid/gxvmorx2.c,1,1,2
/media/ullmann/HDDGabriel/engines/godot/modules/bullet/bullet_physics_server.cpp,0,11,11
/media/ullmann/HDDGabriel/engines/godot/thirdparty/bullet/BulletCollision/CollisionShapes/btMinkowskiSumShape.h,1,1,2
/media/ullmann/HDDGabriel/engines/godot/thirdparty/freetype/src/sfnt/sfdriver.c,1,12,13
/media/ullmann/HDDGabriel/engines/godot/thirdparty/embree/common/simd/avx.h,5,13,18
/media/ullmann/HDDGabriel/engines/godot/thirdparty/embree/common/simd/vdouble4_avx.h,1,0,1
/media/ullmann/HDDGabriel/engines/godot/servers/visual/visual_server_canvas.cpp,0,4,4
/media/ullmann/HDDGabriel/engines/godot/servers/visual/visual_server_canvas.h,4,2,6
/media/ullmann/HDDGabriel/engines/godot/drivers/wasapi/audio_driver_wasapi.cpp,0,3,3
/media/ullmann/HDDGabriel/engines/godot/thirdparty/etc2comp/EtcFile.cpp,0,6,6
/media/ullmann/HDDGabriel/engines/godot/scene/gui/text_edit.cpp,0,9,9
/media/ullmann/HDDGabriel/engines/godot/core/input_map.h,8,2,10
/media/ullmann/HDDGabriel/engines/godot/thirdparty/freetype/src/otvalid/otvalid.c,0,8,8
/media/ullmann/HDDGabriel/engines/godot/thirdparty/freetype/src/otvalid/otvjstf.c,1,3,4
/media/ullmann/HDDGabriel/engines/godot/scene/resources/concave_polygon_shape.h,8,1,9
/media/ullmann/HDDGabriel/engines/godot/thirdparty/freetype/src/autofit/afwrtsys.h,2,5,7
/media/ullmann/HDDGabriel/engines/godot/thirdparty/freetype/src/autofit/aflatin.h,6,1,7
/media/ullmann/HDDGabriel/engines/godot/thirdparty/bullet/BulletCollision/CollisionShapes/btCapsuleShape.h,3,1,4
/media/ullmann/HDDGabriel/engines/godot/thirdparty/pcre2/src/pcre2_valid_utf.c,0,2,2
/media/ullmann/HDDGabriel/engines/godot/scene/3d/sprite_3d.cpp,0,3,3
/media/ullmann/HDDGabriel/engines/godot/thirdparty/opus/silk/float/find_LTP_FLP.c,0,1,1
/media/ullmann/HDDGabriel/engines/godot/core/math/face3.h,7,4,11
/media/ullmann/HDDGabriel/engines/godot/platform/javascript/api/javascript_tools_editor_plugin.cpp,0,6,6
/media/ullmann/HDDGabriel/engines/godot/thirdparty/etc2comp/EtcBlock4x4Encoding_ETC1.cpp,0,5,5
/media/ullmann/HDDGabriel/engines/godot/thirdparty/oidn/mkl-dnn/src/cpu/jit_avx512_common_conv_winograd_kernel_f32.cpp,0,2,2
/media/ullmann/HDDGabriel/engines/godot/thirdparty/oidn/mkl-dnn/src/cpu/jit_avx512_common_conv_winograd_kernel_f32.hpp,3,3,6
/media/ullmann/HDDGabriel/engines/godot/thirdparty/zstd/common/pool.h,2,2,4
/media/ullmann/HDDGabriel/engines/godot/editor/project_manager.h,2,7,9
/media/ullmann/HDDGabriel/engines/godot/thirdparty/libvpx/vp8/decoder/decodemv.c,0,2,2
/media/ullmann/HDDGabriel/engines/godot/thirdparty/libvpx/vp8/decoder/treereader.h,2,1,3
/media/ullmann/HDDGabriel/engines/godot/servers/physics/physics_server_sw.h,4,5,9
/media/ullmann/HDDGabriel/engines/godot/servers/physics/shape_sw.h,5,4,9
/media/ullmann/HDDGabriel/engines/godot/thirdparty/freetype/src/smooth/ftsmooth.c,1,3,4
/media/ullmann/HDDGabriel/engines/godot/thirdparty/freetype/src/smooth/ftgrays.h,2,0,2
/media/ullmann/HDDGabriel/engines/godot/thirdparty/embree/kernels/bvh/bvh8_factory.h,3,1,4
/media/ullmann/HDDGabriel/engines/godot/thirdparty/embree/kernels/bvh/bvh_factory.h,2,5,7
/media/ullmann/HDDGabriel/engines/godot/scene/gui/graph_edit.cpp,0,6,6
/media/ullmann/HDDGabriel/engines/godot/thirdparty/freetype/src/sfnt/ttcpal.h,2,1,3
/media/ullmann/HDDGabriel/engines/godot/thirdparty/bullet/BulletCollision/Gimpact/btGImpactCollisionAlgorithm.cpp,1,2,3
/media/ullmann/HDDGabriel/engines/godot/thirdparty/bullet/BulletCollision/Gimpact/btGImpactCollisionAlgorithm.h,1,1,2
/media/ullmann/HDDGabriel/engines/godot/thirdparty/oidn/mkl-dnn/src/common/rnn_pd.hpp,1,3,4
/media/ullmann/HDDGabriel/engines/godot/thirdparty/embree/common/sys/barrier.h,4,3,7
/media/ullmann/HDDGabriel/engines/godot/thirdparty/embree/common/sys/atomic.h,5,1,6
/media/ullmann/HDDGabriel/engines/godot/thirdparty/bullet/Bullet3OpenCL/ParallelPrimitives/b3FillCL.cpp,0,4,4
/media/ullmann/HDDGabriel/engines/godot/thirdparty/bullet/Bullet3OpenCL/ParallelPrimitives/b3LauncherCL.h,6,2,8
/media/ullmann/HDDGabriel/engines/godot/editor/connections_dialog.cpp,0,8,8
/media/ullmann/HDDGabriel/engines/godot/thirdparty/embree/kernels/common/device.cpp,0,15,15
/media/ullmann/HDDGabriel/engines/godot/thirdparty/embree/kernels/geometry/cylinder.h,2,1,3
/media/ullmann/HDDGabriel/engines/godot/thirdparty/libvpx/vpx/vp8dx.h,0,1,1
/media/ullmann/HDDGabriel/engines/godot/thirdparty/libvpx/vpx/vp8.h,1,2,3
/media/ullmann/HDDGabriel/engines/godot/scene/3d/ray_cast.cpp,0,5,5
/media/ullmann/HDDGabriel/engines/godot/scene/3d/navigation.h,5,2,7
/media/ullmann/HDDGabriel/engines/godot/thirdparty/embree/kernels/common/stack_item.h,3,1,4
/media/ullmann/HDDGabriel/engines/godot/core/math/a_star.h,3,2,5
/media/ullmann/HDDGabriel/engines/godot/thirdparty/mbedtls/library/mps_trace.c,0,3,3
/media/ullmann/HDDGabriel/engines/godot/editor/plugins/theme_editor_plugin.h,2,8,10
/media/ullmann/HDDGabriel/engines/godot/modules/fbx/data/pivot_transform.h,3,3,6
/media/ullmann/HDDGabriel/engines/godot/thirdparty/zlib/gzread.c,0,1,1
/media/ullmann/HDDGabriel/engines/godot/thirdparty/zlib/gzguts.h,5,1,6
/media/ullmann/HDDGabriel/engines/godot/thirdparty/bullet/BulletCollision/BroadphaseCollision/btOverlappingPairCache.cpp,1,3,4
/media/ullmann/HDDGabriel/engines/godot/thirdparty/bullet/BulletCollision/BroadphaseCollision/btDispatcher.h,3,0,3
/media/ullmann/HDDGabriel/engines/godot/core/io/file_access_encrypted.cpp,0,4,4
/media/ullmann/HDDGabriel/engines/godot/thirdparty/wslay/wslay_event.c,0,4,4
/media/ullmann/HDDGabriel/engines/godot/thirdparty/wslay/wslay_queue.h,2,0,2
/media/ullmann/HDDGabriel/engines/godot/scene/2d/audio_stream_player_2d.h,2,4,6
/media/ullmann/HDDGabriel/engines/godot/thirdparty/freetype/src/gxvalid/gxvmorx4.c,1,1,2
/media/ullmann/HDDGabriel/engines/godot/thirdparty/oidn/mkl-dnn/src/cpu/rnn/cell_lstm.cpp,0,2,2
/media/ullmann/HDDGabriel/engines/godot/scene/2d/parallax_layer.h,3,1,4
/media/ullmann/HDDGabriel/engines/godot/thirdparty/embree/kernels/common/motion_derivative.h,0,2,2
/media/ullmann/HDDGabriel/engines/godot/thirdparty/embree/common/math/affinespace.h,2,5,7
/media/ullmann/HDDGabriel/engines/godot/modules/regex/regex.cpp,0,2,2
/media/ullmann/HDDGabriel/engines/godot/thirdparty/opus/celt/rate.c,0,6,6
/media/ullmann/HDDGabriel/engines/godot/editor/editor_profiler.cpp,0,4,4
/media/ullmann/HDDGabriel/engines/godot/editor/editor_path.cpp,0,3,3
/media/ullmann/HDDGabriel/engines/godot/servers/visual/rasterizer.h,22,3,25
/media/ullmann/HDDGabriel/engines/godot/thirdparty/freetype/src/cid/cidobjs.h,1,0,1
/media/ullmann/HDDGabriel/engines/godot/modules/mono/mono_gd/gd_mono_field.cpp,0,5,5
/media/ullmann/HDDGabriel/engines/godot/modules/gdnative/include/gdnative_api_struct.gen.h,0,7,7
/media/ullmann/HDDGabriel/engines/godot/modules/gdnative/include/arvr/godot_arvr.h,1,0,1
/media/ullmann/HDDGabriel/engines/godot/scene/2d/animated_sprite.cpp,0,3,3
/media/ullmann/HDDGabriel/engines/godot/scene/animation/animation_player.cpp,0,8,8
/media/ullmann/HDDGabriel/engines/godot/thirdparty/bullet/BulletDynamics/Featherstone/btMultiBodyDynamicsWorld.cpp,1,5,6
/media/ullmann/HDDGabriel/engines/godot/thirdparty/bullet/BulletDynamics/Featherstone/btMultiBodyConstraintSolver.h,3,2,5
/media/ullmann/HDDGabriel/engines/godot/thirdparty/bullet/BulletInverseDynamics/IDConfigEigen.hpp,1,1,2
/media/ullmann/HDDGabriel/engines/godot/thirdparty/bullet/BulletInverseDynamics/details/IDEigenInterface.hpp,1,1,2
/media/ullmann/HDDGabriel/engines/godot/modules/mono/glue/string_glue.cpp,0,4,4
/media/ullmann/HDDGabriel/engines/godot/editor/plugins/item_list_editor_plugin.h,2,7,9
/media/ullmann/HDDGabriel/engines/godot/thirdparty/bullet/BulletCollision/Gimpact/gim_linear_math.h,1,2,3
/media/ullmann/HDDGabriel/engines/godot/editor/import/resource_importer_scene.cpp,0,16,16
/media/ullmann/HDDGabriel/engines/godot/servers/physics_2d/broad_phase_2d_basic.cpp,0,1,1
/media/ullmann/HDDGabriel/engines/godot/modules/gdnative/arvr/arvr_interface_gdnative.h,2,2,4
/media/ullmann/HDDGabriel/engines/godot/thirdparty/bullet/Bullet3Serialize/Bullet2FileLoader/b3File.cpp,0,5,5
/media/ullmann/HDDGabriel/engines/godot/thirdparty/bullet/Bullet3Serialize/Bullet2FileLoader/b3Chunk.h,4,0,4
/media/ullmann/HDDGabriel/engines/godot/scene/2d/joints_2d.cpp,0,5,5
/media/ullmann/HDDGabriel/engines/godot/thirdparty/mbedtls/library/ctr_drbg.c,0,1,1
/media/ullmann/HDDGabriel/engines/godot/thirdparty/bullet/BulletDynamics/Dynamics/btSimpleDynamicsWorld.h,2,1,3
/media/ullmann/HDDGabriel/engines/godot/thirdparty/bullet/BulletDynamics/Dynamics/btDynamicsWorld.h,2,0,2
/media/ullmann/HDDGabriel/engines/godot/servers/server_wrap_mt_common.h,2,0,2
/media/ullmann/HDDGabriel/engines/godot/thirdparty/oidn/mkl-dnn/src/cpu/rnn/jit_uni_rnn_postgemm.hpp,1,3,4
/media/ullmann/HDDGabriel/engines/godot/servers/audio/effects/audio_effect_compressor.h,3,1,4
/media/ullmann/HDDGabriel/engines/godot/drivers/gles3/rasterizer_canvas_base_gles3.h,2,4,6
/media/ullmann/HDDGabriel/engines/godot/drivers/gles3/shaders/lens_distorted.glsl.gen.h,1,1,2
/media/ullmann/HDDGabriel/engines/godot/modules/gridmap/grid_map_editor_plugin.h,2,4,6
/media/ullmann/HDDGabriel/engines/godot/editor/import/resource_importer_bitmask.h,2,2,4
/media/ullmann/HDDGabriel/engines/godot/thirdparty/freetype/src/cid/cidload.c,1,3,4
/media/ullmann/HDDGabriel/engines/godot/thirdparty/freetype/src/cid/ciderrs.h,5,0,5
/media/ullmann/HDDGabriel/engines/godot/scene/gui/gradient_edit.cpp,0,3,3
/media/ullmann/HDDGabriel/engines/godot/thirdparty/embree/common/sys/thread.h,7,4,11
/media/ullmann/HDDGabriel/engines/godot/thirdparty/embree/common/sys/vector.h,2,1,3
/media/ullmann/HDDGabriel/engines/godot/modules/csg/csg_shape.cpp,0,1,1
/media/ullmann/HDDGabriel/engines/godot/thirdparty/freetype/src/psaux/psintrp.c,1,9,10
/media/ullmann/HDDGabriel/engines/godot/thirdparty/freetype/src/psaux/pshints.h,4,0,4
/media/ullmann/HDDGabriel/engines/godot/thirdparty/freetype/src/psaux/psconv.c,1,2,3
/media/ullmann/HDDGabriel/engines/godot/scene/3d/listener.cpp,0,2,2
/media/ullmann/HDDGabriel/engines/godot/scene/3d/listener.h,5,2,7
/media/ullmann/HDDGabriel/engines/godot/scene/gui/popup_menu.h,17,1,18
/media/ullmann/HDDGabriel/engines/godot/thirdparty/freetype/src/otvalid/otvalid.h,8,1,9
/media/ullmann/HDDGabriel/engines/godot/thirdparty/bullet/LinearMath/btQuickprof.h,3,2,5
/media/ullmann/HDDGabriel/engines/godot/thirdparty/squish/colourset.cpp,0,1,1
/media/ullmann/HDDGabriel/engines/godot/thirdparty/squish/colourset.h,6,2,8
/media/ullmann/HDDGabriel/engines/godot/thirdparty/bullet/BulletCollision/CollisionShapes/btBoxShape.h,4,2,6
/media/ullmann/HDDGabriel/engines/godot/thirdparty/oidn/mkl-dnn/src/cpu/rnn/cell_rnn.cpp,0,1,1
/media/ullmann/HDDGabriel/engines/godot/thirdparty/freetype/src/truetype/ttinterp.c,1,4,5
/media/ullmann/HDDGabriel/engines/godot/scene/2d/touch_screen_button.cpp,0,4,4
/media/ullmann/HDDGabriel/engines/godot/core/pair.h,17,0,17
/media/ullmann/HDDGabriel/engines/godot/core/io/ip.h,17,2,19
/media/ullmann/HDDGabriel/engines/godot/thirdparty/embree/kernels/bvh/bvh_builder.h,4,3,7
/media/ullmann/HDDGabriel/engines/godot/modules/bullet/shape_bullet.cpp,0,7,7
/media/ullmann/HDDGabriel/engines/godot/editor/editor_help.h,12,11,23
/media/ullmann/HDDGabriel/engines/godot/modules/bullet/area_bullet.h,4,4,8
/media/ullmann/HDDGabriel/engines/godot/thirdparty/bullet/BulletCollision/NarrowPhaseCollision/btGjkPairDetector.h,3,2,5
/media/ullmann/HDDGabriel/engines/godot/thirdparty/bullet/BulletCollision/NarrowPhaseCollision/btDiscreteCollisionDetectorInterface.h,3,0,3
/media/ullmann/HDDGabriel/engines/godot/modules/websocket/emws_server.h,2,3,5
/media/ullmann/HDDGabriel/engines/godot/core/io/image_loader.cpp,0,2,2
/media/ullmann/HDDGabriel/engines/godot/thirdparty/libvpx/vpx_mem/vpx_mem.c,0,2,2
/media/ullmann/HDDGabriel/engines/godot/thirdparty/libvpx/vpx_mem/include/vpx_mem_intrnl.h,1,0,1
/media/ullmann/HDDGabriel/engines/godot/modules/bullet/godot_collision_configuration.cpp,0,2,2
/media/ullmann/HDDGabriel/engines/godot/modules/bullet/godot_collision_configuration.h,2,0,2
/media/ullmann/HDDGabriel/engines/godot/thirdparty/embree/kernels/geometry/subdivpatch1_intersector.h,1,5,6
/media/ullmann/HDDGabriel/engines/godot/thirdparty/embree/kernels/geometry/subdivpatch1.h,5,2,7
/media/ullmann/HDDGabriel/engines/godot/thirdparty/freetype/src/sfnt/ttload.h,9,0,9
/media/ullmann/HDDGabriel/engines/godot/editor/animation_bezier_editor.cpp,0,3,3
/media/ullmann/HDDGabriel/engines/godot/platform/android/net_socket_android.h,3,1,4
/media/ullmann/HDDGabriel/engines/godot/drivers/unix/net_socket_posix.h,5,1,6
/media/ullmann/HDDGabriel/engines/godot/editor/rename_dialog.cpp,0,12,12
/media/ullmann/HDDGabriel/engines/godot/modules/gridmap/grid_map.cpp,0,8,8
/media/ullmann/HDDGabriel/engines/godot/thirdparty/bullet/Bullet3Dynamics/ConstraintSolver/b3TypedConstraint.h,6,1,7
/media/ullmann/HDDGabriel/engines/godot/thirdparty/bullet/Bullet3Dynamics/ConstraintSolver/b3SolverConstraint.h,2,1,3
/media/ullmann/HDDGabriel/engines/godot/platform/android/java_godot_wrapper.h,5,1,6
/media/ullmann/HDDGabriel/engines/godot/thirdparty/embree/kernels/common/scene_instance.h,3,2,5
/media/ullmann/HDDGabriel/engines/godot/core/typedefs.h,47,2,49
/media/ullmann/HDDGabriel/engines/godot/servers/audio/audio_stream.h,15,4,19
/media/ullmann/HDDGabriel/engines/godot/thirdparty/oidn/mkl-dnn/src/common/convolution_pd.hpp,3,3,6
/media/ullmann/HDDGabriel/engines/godot/thirdparty/freetype/src/sfnt/sfobjs.c,1,8,9
/media/ullmann/HDDGabriel/engines/godot/modules/ogg/register_types.cpp,0,1,1
/media/ullmann/HDDGabriel/engines/godot/modules/ogg/register_types.h,2,0,2
/media/ullmann/HDDGabriel/engines/godot/platform/osx/logo.gen.h,1,0,1
/media/ullmann/HDDGabriel/engines/godot/editor/plugins/skeleton_editor_plugin.cpp,0,7,7
/media/ullmann/HDDGabriel/engines/godot/drivers/gles2/shader_gles2.cpp,0,7,7
/media/ullmann/HDDGabriel/engines/godot/scene/3d/ray_cast.h,3,1,4
/media/ullmann/HDDGabriel/engines/godot/modules/denoise/lightmap_denoiser.h,2,2,4
/media/ullmann/HDDGabriel/engines/godot/thirdparty/opus/silk/fixed/main_FIX.h,16,1,17
/media/ullmann/HDDGabriel/engines/godot/core/compressed_translation.cpp,0,3,3
/media/ullmann/HDDGabriel/engines/godot/core/compressed_translation.h,4,1,5
/media/ullmann/HDDGabriel/engines/godot/thirdparty/libvpx/vp8/common/entropymode.c,0,3,3
/media/ullmann/HDDGabriel/engines/godot/thirdparty/libvpx/vp8/common/vp8_entropymodedata.h,1,0,1
/media/ullmann/HDDGabriel/engines/godot/thirdparty/oidn/mkl-dnn/src/common/memory_desc_wrapper.cpp,0,4,4
/media/ullmann/HDDGabriel/engines/godot/thirdparty/zstd/compress/fse_compress.c,0,8,8
/media/ullmann/HDDGabriel/engines/godot/editor/editor_audio_buses.cpp,0,9,9
/media/ullmann/HDDGabriel/engines/godot/thirdparty/embree/kernels/bvh/node_intersector_packet_stream.h,1,1,2
/media/ullmann/HDDGabriel/engines/godot/thirdparty/embree/kernels/bvh/node_intersector.h,4,1,5
/media/ullmann/HDDGabriel/engines/godot/modules/mbedtls/crypto_mbedtls.cpp,0,7,7
/media/ullmann/HDDGabriel/engines/godot/modules/mono/editor/bindings_generator.h,2,5,7
/media/ullmann/HDDGabriel/engines/godot/servers/visual/portals/portal_renderer.cpp,0,4,4
/media/ullmann/HDDGabriel/engines/godot/thirdparty/bullet/BulletDynamics/Dynamics/btDiscreteDynamicsWorldMt.cpp,1,2,3
/media/ullmann/HDDGabriel/engines/godot/thirdparty/bullet/BulletDynamics/Dynamics/btDiscreteDynamicsWorldMt.h,1,2,3
/media/ullmann/HDDGabriel/engines/godot/platform/uwp/os_uwp.cpp,0,14,14
/media/ullmann/HDDGabriel/engines/godot/drivers/unix/ip_unix.h,4,1,5
/media/ullmann/HDDGabriel/engines/godot/thirdparty/bullet/BulletCollision/Gimpact/gim_contact.cpp,1,1,2
/media/ullmann/HDDGabriel/engines/godot/thirdparty/bullet/BulletCollision/Gimpact/gim_contact.h,1,3,4
/media/ullmann/HDDGabriel/engines/godot/modules/visual_script/visual_script_nodes.cpp,0,8,8
/media/ullmann/HDDGabriel/engines/godot/thirdparty/freetype/src/cff/cffgload.c,1,3,4
/media/ullmann/HDDGabriel/engines/godot/thirdparty/freetype/src/cff/cffgload.h,2,0,2
/media/ullmann/HDDGabriel/engines/godot/thirdparty/zstd/compress/zstd_compress_sequences.h,3,2,5
/media/ullmann/HDDGabriel/engines/godot/thirdparty/miniupnpc/miniupnpc/upnpreplyparse.h,2,0,2
/media/ullmann/HDDGabriel/engines/godot/thirdparty/libvpx/vp8/common/findnearmv.c,0,1,1
/media/ullmann/HDDGabriel/engines/godot/thirdparty/bullet/BulletInverseDynamics/details/MultiBodyTreeInitCache.hpp,2,3,5
/media/ullmann/HDDGabriel/engines/godot/thirdparty/bullet/BulletInverseDynamics/IDConfig.hpp,7,4,11
/media/ullmann/HDDGabriel/engines/godot/editor/plugins/animation_player_editor_plugin.cpp,0,13,13
/media/ullmann/HDDGabriel/engines/godot/modules/fbx/data/fbx_node.h,3,3,6
/media/ullmann/HDDGabriel/engines/godot/scene/gui/popup_menu.cpp,0,6,6
/media/ullmann/HDDGabriel/engines/godot/thirdparty/freetype/src/gxvalid/gxvopbd.c,1,2,3
/media/ullmann/HDDGabriel/engines/godot/core/math/vector3.h,21,2,23
/media/ullmann/HDDGabriel/engines/godot/editor/plugins/mesh_editor_plugin.h,2,7,9
/media/ullmann/HDDGabriel/engines/godot/scene/gui/tab_container.cpp,0,5,5
/media/ullmann/HDDGabriel/engines/godot/editor/animation_bezier_editor.h,2,1,3
/media/ullmann/HDDGabriel/engines/godot/thirdparty/libvorbis/vorbisenc.c,0,14,14
/media/ullmann/HDDGabriel/engines/godot/thirdparty/libvorbis/codec_internal.h,16,5,21
/media/ullmann/HDDGabriel/engines/godot/modules/bullet/generic_6dof_joint_bullet.cpp,0,4,4
/media/ullmann/HDDGabriel/engines/godot/modules/bullet/generic_6dof_joint_bullet.h,2,1,3
/media/ullmann/HDDGabriel/engines/godot/thirdparty/libwebp/src/webp/decode.h,1,1,2
/media/ullmann/HDDGabriel/engines/godot/thirdparty/libwebp/src/webp/types.h,3,0,3
/media/ullmann/HDDGabriel/engines/godot/thirdparty/freetype/src/truetype/tterrors.h,6,0,6
/media/ullmann/HDDGabriel/engines/godot/editor/plugins/animation_blend_space_1d_editor.h,3,9,12
/media/ullmann/HDDGabriel/engines/godot/thirdparty/freetype/src/psaux/psauxerr.h,6,0,6
/media/ullmann/HDDGabriel/engines/godot/thirdparty/vhacd/inc/vhacdVHACD.h,0,3,3
/media/ullmann/HDDGabriel/engines/godot/thirdparty/vhacd/inc/vhacdRaycastMesh.h,1,0,1
/media/ullmann/HDDGabriel/engines/godot/scene/3d/immediate_geometry.h,5,2,7
/media/ullmann/HDDGabriel/engines/godot/thirdparty/zstd/decompress/zstd_decompress.c,0,9,9
/media/ullmann/HDDGabriel/engines/godot/scene/3d/soft_body.cpp,0,9,9
/media/ullmann/HDDGabriel/engines/godot/thirdparty/oidn/mkl-dnn/src/common/verbose.hpp,2,3,5
/media/ullmann/HDDGabriel/engines/godot/platform/x11/key_mapping_x11.h,2,1,3
/media/ullmann/HDDGabriel/engines/godot/thirdparty/libvorbis/res0.c,0,6,6
/media/ullmann/HDDGabriel/engines/godot/thirdparty/freetype/src/pfr/pfrobjs.c,1,6,7
/media/ullmann/HDDGabriel/engines/godot/modules/mono/utils/path_utils.cpp,0,5,5
/media/ullmann/HDDGabriel/engines/godot/thirdparty/freetype/src/sfnt/sfdriver.h,1,0,1
/media/ullmann/HDDGabriel/engines/godot/thirdparty/bullet/BulletDynamics/ConstraintSolver/btPoint2PointConstraint.cpp,1,1,2
/media/ullmann/HDDGabriel/engines/godot/modules/mono/csharp_script.cpp,0,23,23
/media/ullmann/HDDGabriel/engines/godot/thirdparty/bullet/BulletCollision/CollisionDispatch/btEmptyCollisionAlgorithm.cpp,1,1,2
/media/ullmann/HDDGabriel/engines/godot/thirdparty/bullet/BulletCollision/CollisionDispatch/btEmptyCollisionAlgorithm.h,1,2,3
/media/ullmann/HDDGabriel/engines/godot/modules/fbx/fbx_parser/FBXDeformer.cpp,0,6,6
/media/ullmann/HDDGabriel/engines/godot/thirdparty/opus/silk/fixed/warped_autocorrelation_FIX.c,0,2,2
/media/ullmann/HDDGabriel/engines/godot/modules/visual_script/visual_script.h,10,2,12
/media/ullmann/HDDGabriel/engines/godot/modules/gdnative/gdnative/rid.cpp,0,3,3
/media/ullmann/HDDGabriel/engines/godot/thirdparty/zstd/compress/zstd_compress_literals.h,3,1,4
/media/ullmann/HDDGabriel/engines/godot/editor/project_export.cpp,0,17,17
/media/ullmann/HDDGabriel/engines/godot/core/io/marshalls.cpp,0,4,4
/media/ullmann/HDDGabriel/engines/godot/thirdparty/oidn/mkl-dnn/src/cpu/jit_avx512_core_u8s8s32x_wino_convolution.cpp,0,2,2
/media/ullmann/HDDGabriel/engines/godot/thirdparty/oidn/mkl-dnn/src/cpu/jit_avx512_core_u8s8s32x_wino_convolution.hpp,1,4,5
/media/ullmann/HDDGabriel/engines/godot/drivers/gles3/rasterizer_gles3.h,8,4,12
/media/ullmann/HDDGabriel/engines/godot/thirdparty/libvpx/vp8/vp8_dx_iface.c,0,5,5
/media/ullmann/HDDGabriel/engines/godot/thirdparty/libvpx/vp8/common/alloccommon.h,2,1,3
/media/ullmann/HDDGabriel/engines/godot/thirdparty/freetype/src/cache/ftcmru.h,4,0,4
/media/ullmann/HDDGabriel/engines/godot/modules/mono/mono_gd/gd_mono_log.h,2,2,4
/media/ullmann/HDDGabriel/engines/godot/thirdparty/opus/silk/float/scale_copy_vector_FLP.c,0,1,1
/media/ullmann/HDDGabriel/engines/godot/thirdparty/opus/silk/float/SigProc_FLP.h,14,0,14
/media/ullmann/HDDGabriel/engines/godot/thirdparty/embree/kernels/geometry/trianglei_intersector.h,1,3,4
/media/ullmann/HDDGabriel/engines/godot/core/io/file_access_pack.cpp,0,2,2
/media/ullmann/HDDGabriel/engines/godot/scene/debugger/script_debugger_remote.cpp,0,12,12
/media/ullmann/HDDGabriel/engines/godot/editor/import_dock.cpp,0,3,3
/media/ullmann/HDDGabriel/engines/godot/editor/editor_resource_preview.h,13,5,18
/media/ullmann/HDDGabriel/engines/godot/thirdparty/bullet/btLinearMathAll.cpp,0,14,14
/media/ullmann/HDDGabriel/engines/godot/thirdparty/bullet/LinearMath/btSerializer64.cpp,1,0,1
/media/ullmann/HDDGabriel/engines/godot/main/tests/test_basis.cpp,0,4,4
/media/ullmann/HDDGabriel/engines/godot/editor/editor_sectioned_inspector.h,4,3,7
/media/ullmann/HDDGabriel/engines/godot/thirdparty/pcre2/src/pcre2_ord2utf.c,0,2,2
/media/ullmann/HDDGabriel/engines/godot/thirdparty/oidn/mkl-dnn/src/common/memory_tracking.hpp,1,2,3
/media/ullmann/HDDGabriel/engines/godot/thirdparty/bullet/BulletCollision/CollisionDispatch/SphereTriangleDetector.cpp,1,1,2
/media/ullmann/HDDGabriel/engines/godot/thirdparty/bullet/BulletCollision/CollisionDispatch/SphereTriangleDetector.h,2,0,2
/media/ullmann/HDDGabriel/engines/godot/editor/script_editor_debugger.cpp,0,28,28
/media/ullmann/HDDGabriel/engines/godot/thirdparty/embree/common/sys/array.h,2,2,4
/media/ullmann/HDDGabriel/engines/godot/scene/2d/canvas_item.h,7,6,13
/media/ullmann/HDDGabriel/engines/godot/editor/editor_properties.h,5,8,13
/media/ullmann/HDDGabriel/engines/godot/scene/gui/line_edit.h,28,2,30
/media/ullmann/HDDGabriel/engines/godot/editor/plugins/baked_lightmap_editor_plugin.h,2,4,6
/media/ullmann/HDDGabriel/engines/godot/thirdparty/embree/kernels/bvh/bvh_node_ref.h,1,7,8
/media/ullmann/HDDGabriel/engines/godot/thirdparty/embree/kernels/common/device.h,8,3,11
/media/ullmann/HDDGabriel/engines/godot/thirdparty/embree/kernels/geometry/coneline_intersector.h,1,2,3
/media/ullmann/HDDGabriel/engines/godot/thirdparty/bullet/BulletSoftBody/btDeformableBodySolver.h,4,5,9
/media/ullmann/HDDGabriel/engines/godot/thirdparty/libvorbis/window.c,0,3,3
/media/ullmann/HDDGabriel/engines/godot/thirdparty/freetype/src/autofit/afranges.h,2,2,4
/media/ullmann/HDDGabriel/engines/godot/modules/camera/register_types.cpp,0,3,3
/media/ullmann/HDDGabriel/engines/godot/modules/camera/camera_osx.h,1,1,2
/media/ullmann/HDDGabriel/engines/godot/core/crypto/crypto_core.h,14,1,15
/media/ullmann/HDDGabriel/engines/godot/thirdparty/oidn/mkl-dnn/src/common/memory_desc_wrapper.hpp,3,4,7
/media/ullmann/HDDGabriel/engines/godot/editor/inspector_dock.h,2,12,14
/media/ullmann/HDDGabriel/engines/godot/thirdparty/vhacd/inc/vhacdMesh.h,1,2,3
/media/ullmann/HDDGabriel/engines/godot/thirdparty/vhacd/inc/vhacdVector.h,4,1,5
/media/ullmann/HDDGabriel/engines/godot/platform/x11/key_mapping_x11.cpp,0,1,1
/media/ullmann/HDDGabriel/engines/godot/thirdparty/freetype/src/truetype/ttgxvar.h,6,1,7
/media/ullmann/HDDGabriel/engines/godot/drivers/coremidi/midi_driver_coremidi.h,2,2,4
/media/ullmann/HDDGabriel/engines/godot/modules/webm/video_stream_webm.cpp,0,6,6
/media/ullmann/HDDGabriel/engines/godot/modules/webm/video_stream_webm.h,2,2,4
/media/ullmann/HDDGabriel/engines/godot/modules/mono/glue/string_glue.h,2,1,3
/media/ullmann/HDDGabriel/engines/godot/modules/webrtc/webrtc_data_channel_gdnative.h,4,2,6
/media/ullmann/HDDGabriel/engines/godot/modules/webrtc/webrtc_data_channel.h,5,1,6
/media/ullmann/HDDGabriel/engines/godot/thirdparty/mbedtls/library/entropy.c,0,1,1
/media/ullmann/HDDGabriel/engines/godot/thirdparty/embree/kernels/common/scene_subdiv_mesh.h,4,8,12
/media/ullmann/HDDGabriel/engines/godot/thirdparty/vhacd/inc/btAlignedAllocator.h,1,1,2
/media/ullmann/HDDGabriel/engines/godot/thirdparty/embree/kernels/bvh/bvh_statistics.h,5,1,6
/media/ullmann/HDDGabriel/engines/godot/core/math/math_funcs.cpp,0,2,2
/media/ullmann/HDDGabriel/engines/godot/thirdparty/bullet/BulletCollision/Gimpact/gim_box_set.cpp,1,1,2
/media/ullmann/HDDGabriel/engines/godot/thirdparty/bullet/BulletCollision/Gimpact/gim_box_set.h,1,5,6
/media/ullmann/HDDGabriel/engines/godot/thirdparty/freetype/src/psaux/t1decode.h,3,0,3
/media/ullmann/HDDGabriel/engines/godot/thirdparty/libvorbis/codebook.c,0,5,5
/media/ullmann/HDDGabriel/engines/godot/scene/main/viewport.cpp,0,23,23
/media/ullmann/HDDGabriel/engines/godot/modules/gdnative/net/multiplayer_peer_gdnative.cpp,0,1,1
/media/ullmann/HDDGabriel/engines/godot/modules/gdnative/net/multiplayer_peer_gdnative.h,2,3,5
/media/ullmann/HDDGabriel/engines/godot/thirdparty/embree/common/math/vec3.h,8,7,15
/media/ullmann/HDDGabriel/engines/godot/thirdparty/embree/common/simd/avx512.h,6,12,18
/media/ullmann/HDDGabriel/engines/godot/thirdparty/etc2comp/EtcBlock4x4Encoding_RGBA8.cpp,0,4,4
/media/ullmann/HDDGabriel/engines/godot/thirdparty/etc2comp/EtcBlock4x4.h,10,5,15
/media/ullmann/HDDGabriel/engines/godot/thirdparty/miniupnpc/miniupnpc/miniupnpc.c,0,10,10
/media/ullmann/HDDGabriel/engines/godot/thirdparty/miniupnpc/miniupnpc/minixml.h,5,0,5
/media/ullmann/HDDGabriel/engines/godot/servers/physics_2d/physics_2d_server_sw.h,5,5,10
/media/ullmann/HDDGabriel/engines/godot/thirdparty/freetype/src/gzip/infblock.h,5,0,5
/media/ullmann/HDDGabriel/engines/godot/editor/plugins/audio_stream_editor_plugin.h,2,5,7
/media/ullmann/HDDGabriel/engines/godot/thirdparty/freetype/src/cff/cffcmap.c,1,3,4
/media/ullmann/HDDGabriel/engines/godot/thirdparty/libvpx/vp8/common/entropymv.c,0,1,1
/media/ullmann/HDDGabriel/engines/godot/modules/mono/glue/gd_glue.cpp,0,9,9
/media/ullmann/HDDGabriel/engines/godot/core/variant_parser.h,13,3,16
/media/ullmann/HDDGabriel/engines/godot/thirdparty/oidn/mkl-dnn/src/cpu/jit_sse42_convolution.hpp,1,4,5
/media/ullmann/HDDGabriel/engines/godot/modules/minimp3/register_types.cpp,0,4,4
/media/ullmann/HDDGabriel/engines/godot/modules/minimp3/register_types.h,2,0,2
/media/ullmann/HDDGabriel/engines/godot/core/io/zip_io.h,13,3,16
/media/ullmann/HDDGabriel/engines/godot/modules/camera/register_types.h,2,0,2
/media/ullmann/HDDGabriel/engines/godot/thirdparty/libpng/pngwutil.c,0,1,1
/media/ullmann/HDDGabriel/engines/godot/scene/gui/container.cpp,0,3,3
/media/ullmann/HDDGabriel/engines/godot/thirdparty/oidn/mkl-dnn/src/cpu/jit_avx512_core_x8s8s32x_1x1_conv_kernel.cpp,0,3,3
/media/ullmann/HDDGabriel/engines/godot/scene/resources/primitive_meshes.h,5,1,6
/media/ullmann/HDDGabriel/engines/godot/thirdparty/embree/kernels/geometry/curve_intersector_sweep.h,2,5,7
/media/ullmann/HDDGabriel/engines/godot/modules/gdscript/gdscript_tokenizer.h,5,6,11
/media/ullmann/HDDGabriel/engines/godot/modules/gdscript/gdscript_functions.h,5,1,6
/media/ullmann/HDDGabriel/engines/godot/thirdparty/embree/kernels/subdiv/bezier_patch.h,3,2,5
/media/ullmann/HDDGabriel/engines/godot/thirdparty/oidn/mkl-dnn/src/cpu/jit_avx512_common_lrn.hpp,1,3,4
/media/ullmann/HDDGabriel/engines/godot/thirdparty/oidn/mkl-dnn/src/cpu/cpu_isa_traits.hpp,8,2,10
/media/ullmann/HDDGabriel/engines/godot/modules/bullet/constraint_bullet.h,3,2,5
/media/ullmann/HDDGabriel/engines/godot/modules/bullet/rid_bullet.h,4,1,5
/media/ullmann/HDDGabriel/engines/godot/thirdparty/bullet/BulletDynamics/Featherstone/btMultiBodyInplaceSolverIslandCallback.h,0,1,1
/media/ullmann/HDDGabriel/engines/godot/editor/rename_dialog.h,2,7,9
/media/ullmann/HDDGabriel/engines/godot/core/undo_redo.h,11,1,12
/media/ullmann/HDDGabriel/engines/godot/thirdparty/oidn/mkl-dnn/src/common/primitive_iterator.hpp,1,4,5
/media/ullmann/HDDGabriel/engines/godot/thirdparty/bullet/Bullet3Serialize/Bullet2FileLoader/b3DNA.h,3,1,4
/media/ullmann/HDDGabriel/engines/godot/thirdparty/embree/common/sys/sysinfo.cpp,0,4,4
/media/ullmann/HDDGabriel/engines/godot/thirdparty/embree/common/sys/sysinfo.h,9,1,10
/media/ullmann/HDDGabriel/engines/godot/editor/plugins/mesh_instance_editor_plugin.h,2,4,6
/media/ullmann/HDDGabriel/engines/godot/thirdparty/freetype/src/gzip/infblock.c,1,5,6
/media/ullmann/HDDGabriel/engines/godot/thirdparty/bullet/BulletCollision/NarrowPhaseCollision/btConvexCast.cpp,1,1,2
/media/ullmann/HDDGabriel/engines/godot/modules/fbx/fbx_parser/FBXProperties.cpp,0,4,4
/media/ullmann/HDDGabriel/engines/godot/thirdparty/bullet/BulletCollision/CollisionShapes/btBox2dShape.cpp,1,1,2
/media/ullmann/HDDGabriel/engines/godot/thirdparty/bullet/BulletCollision/CollisionShapes/btBox2dShape.h,1,0,1
/media/ullmann/HDDGabriel/engines/godot/editor/groups_editor.cpp,0,7,7
/media/ullmann/HDDGabriel/engines/godot/thirdparty/opus/mlp_data.c,0,2,2
/media/ullmann/HDDGabriel/engines/godot/modules/csg/csg.h,2,12,14
/media/ullmann/HDDGabriel/engines/godot/thirdparty/bullet/BulletCollision/CollisionShapes/btUniformScalingShape.h,2,1,3
/media/ullmann/HDDGabriel/engines/godot/thirdparty/bullet/BulletCollision/BroadphaseCollision/btCollisionAlgorithm.cpp,1,2,3
/media/ullmann/HDDGabriel/engines/godot/thirdparty/bullet/BulletCollision/BroadphaseCollision/btCollisionAlgorithm.h,2,0,2
/media/ullmann/HDDGabriel/engines/godot/modules/raycast/register_types.cpp,0,2,2
/media/ullmann/HDDGabriel/engines/godot/modules/raycast/register_types.h,2,0,2
/media/ullmann/HDDGabriel/engines/godot/thirdparty/freetype/src/psaux/cffdecode.c,1,3,4
/media/ullmann/HDDGabriel/engines/godot/thirdparty/freetype/src/psaux/psobjs.h,6,0,6
/media/ullmann/HDDGabriel/engines/godot/thirdparty/embree/common/lexers/parsestream.h,0,6,6
/media/ullmann/HDDGabriel/engines/godot/servers/physics_2d/broad_phase_2d_sw.h,5,2,7
/media/ullmann/HDDGabriel/engines/godot/thirdparty/pcre2/src/pcre2_ucd.c,0,2,2
/media/ullmann/HDDGabriel/engines/godot/scene/3d/proximity_group.h,2,1,3
/media/ullmann/HDDGabriel/engines/godot/thirdparty/bullet/LinearMath/btGeometryUtil.cpp,1,1,2
/media/ullmann/HDDGabriel/engines/godot/editor/plugins/particles_2d_editor_plugin.cpp,0,6,6
/media/ullmann/HDDGabriel/engines/godot/servers/physics/joints/jacobian_entry_sw.h,5,1,6
/media/ullmann/HDDGabriel/engines/godot/thirdparty/bullet/BulletDynamics/Dynamics/btSimulationIslandManagerMt.h,3,0,3
/media/ullmann/HDDGabriel/engines/godot/modules/mono/utils/mono_reg_utils.cpp,0,3,3
/media/ullmann/HDDGabriel/engines/godot/modules/mono/utils/mono_reg_utils.h,2,1,3
/media/ullmann/HDDGabriel/engines/godot/thirdparty/freetype/src/pfr/pfrload.h,4,1,5
/media/ullmann/HDDGabriel/engines/godot/scene/2d/parallax_layer.cpp,0,3,3
/media/ullmann/HDDGabriel/engines/godot/thirdparty/freetype/src/gxvalid/gxvmorx.c,1,1,2
/media/ullmann/HDDGabriel/engines/godot/thirdparty/libtheora/rate.c,0,1,1
/media/ullmann/HDDGabriel/engines/godot/drivers/gles3/shader_compiler_gles3.h,2,4,6
/media/ullmann/HDDGabriel/engines/godot/thirdparty/freetype/src/autofit/autofit.c,0,14,14
/media/ullmann/HDDGabriel/engines/godot/editor/import/resource_importer_bitmask.cpp,0,8,8
/media/ullmann/HDDGabriel/engines/godot/thirdparty/freetype/src/sfnt/ttbdf.h,3,1,4
/media/ullmann/HDDGabriel/engines/godot/thirdparty/mbedtls/library/mps_error.h,2,0,2
/media/ullmann/HDDGabriel/engines/godot/modules/camera/camera_win.h,2,2,4
/media/ullmann/HDDGabriel/engines/godot/thirdparty/embree/common/sys/barrier.cpp,0,4,4
/media/ullmann/HDDGabriel/engines/godot/modules/fbx/data/fbx_mesh_data.h,3,5,8
/media/ullmann/HDDGabriel/engines/godot/modules/fbx/data/import_state.h,5,19,24
/media/ullmann/HDDGabriel/engines/godot/modules/fbx/tools/validation_tools.h,1,6,7
/media/ullmann/HDDGabriel/engines/godot/drivers/gles2/rasterizer_gles2.cpp,0,3,3
/media/ullmann/HDDGabriel/engines/godot/core/crypto/hashing_context.cpp,0,2,2
/media/ullmann/HDDGabriel/engines/godot/editor/plugins/theme_editor_preview.h,2,19,21
/media/ullmann/HDDGabriel/engines/godot/scene/3d/light.h,12,3,15
/media/ullmann/HDDGabriel/engines/godot/thirdparty/bullet/BulletCollision/CollisionShapes/btTriangleCallback.cpp,1,1,2
/media/ullmann/HDDGabriel/engines/godot/modules/mono/glue/collections_glue.cpp,0,4,4
/media/ullmann/HDDGabriel/engines/godot/thirdparty/freetype/src/sfnt/ttload.c,1,2,3
/media/ullmann/HDDGabriel/engines/godot/platform/uwp/power_uwp.h,2,3,5
/media/ullmann/HDDGabriel/engines/godot/thirdparty/embree/common/lexers/stringstream.cpp,0,1,1
/media/ullmann/HDDGabriel/engines/godot/platform/windows/export/export.cpp,0,7,7
/media/ullmann/HDDGabriel/engines/godot/platform/windows/export/export.h,2,0,2
/media/ullmann/HDDGabriel/engines/godot/editor/plugins/path_editor_plugin.cpp,0,4,4
/media/ullmann/HDDGabriel/engines/godot/editor/plugins/root_motion_editor_plugin.cpp,0,3,3
/media/ullmann/HDDGabriel/engines/godot/scene/2d/mesh_instance_2d.h,4,1,5
/media/ullmann/HDDGabriel/engines/godot/scene/resources/resource_format_text.h,5,5,10
/media/ullmann/HDDGabriel/engines/godot/scene/3d/collision_shape.cpp,0,12,12
/media/ullmann/HDDGabriel/engines/godot/core/math/quick_hull.h,3,4,7
/media/ullmann/HDDGabriel/engines/godot/thirdparty/mbedtls/library/ecjpake.c,0,1,1
/media/ullmann/HDDGabriel/engines/godot/modules/gdscript/gdscript_parser.cpp,0,10,10
/media/ullmann/HDDGabriel/engines/godot/thirdparty/oidn/mkl-dnn/src/common/inner_product_pd.cpp,0,2,2
/media/ullmann/HDDGabriel/engines/godot/thirdparty/oidn/mkl-dnn/src/common/inner_product_pd.hpp,2,3,5
/media/ullmann/HDDGabriel/engines/godot/thirdparty/bullet/BulletCollision/Gimpact/gim_memory.cpp,1,1,2
/media/ullmann/HDDGabriel/engines/godot/scene/resources/height_map_shape.h,3,1,4
/media/ullmann/HDDGabriel/engines/godot/modules/fbx/fbx_parser/FBXMaterial.cpp,0,7,7
/media/ullmann/HDDGabriel/engines/godot/scene/animation/animation_blend_space_2d.h,3,1,4
/media/ullmann/HDDGabriel/engines/godot/scene/gui/scroll_container.h,12,2,14
/media/ullmann/HDDGabriel/engines/godot/core/io/translation_loader_po.h,3,3,6
/media/ullmann/HDDGabriel/engines/godot/thirdparty/embree/kernels/geometry/disc_intersector.h,1,3,4
/media/ullmann/HDDGabriel/engines/godot/thirdparty/embree/common/sys/library.cpp,0,3,3
/media/ullmann/HDDGabriel/engines/godot/scene/3d/mesh_instance.cpp,0,9,9
/media/ullmann/HDDGabriel/engines/godot/thirdparty/libtheora/dequant.c,0,2,2
/media/ullmann/HDDGabriel/engines/godot/thirdparty/nanosvg/nanosvg.cc,0,2,2
/media/ullmann/HDDGabriel/engines/godot/thirdparty/nanosvg/nanosvgrast.h,1,0,1
/media/ullmann/HDDGabriel/engines/godot/modules/gdscript/gdscript_editor.cpp,0,7,7
/media/ullmann/HDDGabriel/engines/godot/thirdparty/bullet/Bullet3OpenCL/RigidBody/b3GpuGenericConstraint.cpp,0,1,1
/media/ullmann/HDDGabriel/engines/godot/thirdparty/bullet/Bullet3OpenCL/RigidBody/b3GpuGenericConstraint.h,2,0,2
/media/ullmann/HDDGabriel/engines/godot/modules/mono/editor/script_class_parser.cpp,0,4,4
/media/ullmann/HDDGabriel/engines/godot/modules/visual_script/visual_script_func_nodes.cpp,0,7,7
/media/ullmann/HDDGabriel/engines/godot/modules/visual_script/visual_script_func_nodes.h,4,1,5
/media/ullmann/HDDGabriel/engines/godot/thirdparty/freetype/src/psaux/t1decode.c,1,3,4
/media/ullmann/HDDGabriel/engines/godot/core/math/bvh_refit.inc,1,0,1
/media/ullmann/HDDGabriel/engines/godot/thirdparty/bullet/BulletCollision/CollisionDispatch/btManifoldResult.cpp,1,1,2
/media/ullmann/HDDGabriel/engines/godot/thirdparty/embree/kernels/common/accelinstance.h,2,2,4
/media/ullmann/HDDGabriel/engines/godot/thirdparty/embree/kernels/common/primref_mb.h,5,1,6
/media/ullmann/HDDGabriel/engines/godot/core/os/thread.cpp,0,3,3
/media/ullmann/HDDGabriel/engines/godot/thirdparty/oidn/mkl-dnn/src/common/mkldnn_debug.cpp,0,3,3
/media/ullmann/HDDGabriel/engines/godot/scene/resources/font.h,6,3,9
/media/ullmann/HDDGabriel/engines/godot/thirdparty/bullet/BulletCollision/CollisionDispatch/btConvexPlaneCollisionAlgorithm.cpp,1,1,2
/media/ullmann/HDDGabriel/engines/godot/drivers/windows/dir_access_windows.cpp,0,3,3
/media/ullmann/HDDGabriel/engines/godot/thirdparty/etc2comp/Etc.cpp,0,3,3
/media/ullmann/HDDGabriel/engines/godot/thirdparty/etc2comp/EtcConfig.h,17,0,17
/media/ullmann/HDDGabriel/engines/godot/editor/find_in_files.h,2,2,4
/media/ullmann/HDDGabriel/engines/godot/servers/visual/visual_server_wrap_mt.h,7,5,12
/media/ullmann/HDDGabriel/engines/godot/thirdparty/bullet/BulletCollision/Gimpact/gim_radixsort.h,3,1,4
/media/ullmann/HDDGabriel/engines/godot/thirdparty/bullet/BulletCollision/Gimpact/gim_memory.h,3,1,4
/media/ullmann/HDDGabriel/engines/godot/thirdparty/bullet/BulletDynamics/Featherstone/btMultiBodySphericalJointMotor.cpp,1,3,4
/media/ullmann/HDDGabriel/engines/godot/thirdparty/bullet/BulletDynamics/Featherstone/btMultiBody.h,8,1,9
/media/ullmann/HDDGabriel/engines/godot/thirdparty/freetype/src/gzip/inftrees.c,1,3,4
/media/ullmann/HDDGabriel/engines/godot/thirdparty/zstd/compress/huf_compress.c,0,7,7
/media/ullmann/HDDGabriel/engines/godot/servers/audio/effects/audio_effect_delay.h,2,1,3
/media/ullmann/HDDGabriel/engines/godot/thirdparty/oidn/mkl-dnn/src/common/convolution_pd.cpp,0,2,2
/media/ullmann/HDDGabriel/engines/godot/modules/mono/editor/csharp_project.cpp,0,11,11
/media/ullmann/HDDGabriel/engines/godot/thirdparty/oidn/mkl-dnn/src/common/lrn_pd.hpp,1,2,3
/media/ullmann/HDDGabriel/engines/godot/modules/mono/utils/string_utils.h,7,2,9
/media/ullmann/HDDGabriel/engines/godot/scene/audio/audio_stream_player.h,3,3,6
/media/ullmann/HDDGabriel/engines/godot/modules/visual_script/visual_script_editor.cpp,0,14,14
/media/ullmann/HDDGabriel/engines/godot/thirdparty/opus/celt/_kiss_fft_guts.h,2,5,7
/media/ullmann/HDDGabriel/engines/godot/thirdparty/opus/celt/arm/kiss_fft_armv4.h,1,0,1
/media/ullmann/HDDGabriel/engines/godot/thirdparty/freetype/src/truetype/ttsubpix.c,1,1,2
/media/ullmann/HDDGabriel/engines/godot/thirdparty/freetype/src/truetype/ttsubpix.h,3,2,5
/media/ullmann/HDDGabriel/engines/godot/thirdparty/bullet/BulletCollision/BroadphaseCollision/btBroadphaseProxy.cpp,1,1,2
/media/ullmann/HDDGabriel/engines/godot/thirdparty/bullet/BulletCollision/BroadphaseCollision/btBroadphaseProxy.h,5,0,5
/media/ullmann/HDDGabriel/engines/godot/modules/gdnative/include/gdnative/gdnative.h,1,0,1
/media/ullmann/HDDGabriel/engines/godot/thirdparty/bullet/Bullet3OpenCL/ParallelPrimitives/b3PrefixScanFloat4CL.h,1,2,3
/media/ullmann/HDDGabriel/engines/godot/thirdparty/bullet/Bullet3OpenCL/ParallelPrimitives/b3BufferInfoCL.h,5,1,6
/media/ullmann/HDDGabriel/engines/godot/thirdparty/vhacd/inc/btVector3.h,1,2,3
/media/ullmann/HDDGabriel/engines/godot/core/bind/core_bind.cpp,0,10,10
/media/ullmann/HDDGabriel/engines/godot/core/io/file_access_encrypted.h,7,1,8
/media/ullmann/HDDGabriel/engines/godot/thirdparty/oidn/mkl-dnn/src/common/pooling_pd.hpp,1,3,4
/media/ullmann/HDDGabriel/engines/godot/editor/plugins/texture_editor_plugin.h,3,3,6
/media/ullmann/HDDGabriel/engines/godot/editor/plugins/style_box_editor_plugin.cpp,0,2,2
/media/ullmann/HDDGabriel/engines/godot/editor/plugins/style_box_editor_plugin.h,2,5,7
/media/ullmann/HDDGabriel/engines/godot/scene/2d/remote_transform_2d.cpp,0,2,2
/media/ullmann/HDDGabriel/engines/godot/thirdparty/oidn/mkl-dnn/src/cpu/jit_utils/jitprofiling/jitprofiling.c,0,2,2
/media/ullmann/HDDGabriel/engines/godot/thirdparty/oidn/mkl-dnn/src/cpu/jit_utils/jitprofiling/ittnotify_config.h,1,1,2
/media/ullmann/HDDGabriel/engines/godot/scene/resources/environment.h,4,4,8
/media/ullmann/HDDGabriel/engines/godot/thirdparty/bullet/BulletCollision/BroadphaseCollision/btDbvtBroadphase.h,4,0,4
/media/ullmann/HDDGabriel/engines/godot/modules/mono/editor/editor_internal_calls.cpp,0,15,15
/media/ullmann/HDDGabriel/engines/godot/scene/gui/progress_bar.h,10,1,11
/media/ullmann/HDDGabriel/engines/godot/editor/property_selector.cpp,0,4,4
/media/ullmann/HDDGabriel/engines/godot/thirdparty/oidn/mkl-dnn/src/cpu/simple_concat.hpp,1,2,3
/media/ullmann/HDDGabriel/engines/godot/thirdparty/oidn/mkl-dnn/src/cpu/cpu_concat_pd.hpp,2,0,2
/media/ullmann/HDDGabriel/engines/godot/core/os/keyboard.cpp,0,2,2
/media/ullmann/HDDGabriel/engines/godot/scene/3d/physics_body.cpp,0,8,8
/media/ullmann/HDDGabriel/engines/godot/editor/reparent_dialog.h,2,6,8
/media/ullmann/HDDGabriel/engines/godot/scene/gui/rich_text_effect.cpp,0,2,2
/media/ullmann/HDDGabriel/engines/godot/thirdparty/bullet/LinearMath/btQuickprof.cpp,1,2,3
/media/ullmann/HDDGabriel/engines/godot/thirdparty/freetype/src/autofit/afscript.h,5,0,5
/media/ullmann/HDDGabriel/engines/godot/modules/websocket/emws_peer.h,4,5,9
/media/ullmann/HDDGabriel/engines/godot/thirdparty/bullet/BulletCollision/CollisionShapes/btConeShape.cpp,1,1,2
/media/ullmann/HDDGabriel/engines/godot/thirdparty/freetype/src/sfnt/ttbdf.c,1,2,3
/media/ullmann/HDDGabriel/engines/godot/servers/physics_2d/body_pair_2d_sw.h,2,2,4
/media/ullmann/HDDGabriel/engines/godot/servers/physics_2d/body_2d_sw.h,7,3,10
/media/ullmann/HDDGabriel/engines/godot/thirdparty/freetype/src/psaux/afmparse.c,1,3,4
/media/ullmann/HDDGabriel/engines/godot/thirdparty/freetype/src/psaux/psconv.h,3,0,3
/media/ullmann/HDDGabriel/engines/godot/modules/mobile_vr/register_types.h,2,0,2
/media/ullmann/HDDGabriel/engines/godot/thirdparty/zstd/compress/zstd_fast.h,3,2,5
/media/ullmann/HDDGabriel/engines/godot/thirdparty/libvorbis/smallft.h,5,1,6
/media/ullmann/HDDGabriel/engines/godot/modules/fbx/tools/validation_tools.cpp,0,3,3
/media/ullmann/HDDGabriel/engines/godot/core/func_ref.h,5,1,6
/media/ullmann/HDDGabriel/engines/godot/platform/register_platform_apis.gen.cpp,0,4,4
/media/ullmann/HDDGabriel/engines/godot/platform/javascript/api/api.h,2,0,2
/media/ullmann/HDDGabriel/engines/godot/editor/quick_open.h,4,4,8
/media/ullmann/HDDGabriel/engines/godot/scene/2d/collision_shape_2d.cpp,0,10,10
/media/ullmann/HDDGabriel/engines/godot/servers/audio/effects/audio_effect_filter.h,2,2,4
/media/ullmann/HDDGabriel/engines/godot/scene/main/canvas_layer.h,7,2,9
/media/ullmann/HDDGabriel/engines/godot/scene/resources/world_2d.h,5,3,8
/media/ullmann/HDDGabriel/engines/godot/platform/android/jni_utils.h,4,3,7
/media/ullmann/HDDGabriel/engines/godot/thirdparty/etc2comp/EtcImage.cpp,0,6,6
/media/ullmann/HDDGabriel/engines/godot/thirdparty/embree/kernels/bvh/bvh4_factory.h,3,1,4
/media/ullmann/HDDGabriel/engines/godot/thirdparty/opus/celt/vq.h,5,4,9
/media/ullmann/HDDGabriel/engines/godot/thirdparty/embree/kernels/bvh/bvh8_factory.cpp,0,18,18
/media/ullmann/HDDGabriel/engines/godot/modules/tinyexr/image_saver_tinyexr.cpp,0,3,3
/media/ullmann/HDDGabriel/engines/godot/modules/tinyexr/image_saver_tinyexr.h,2,1,3
/media/ullmann/HDDGabriel/engines/godot/servers/physics/joints/hinge_joint_sw.h,2,2,4
/media/ullmann/HDDGabriel/engines/godot/core/os/file_access.cpp,0,6,6
/media/ullmann/HDDGabriel/engines/godot/thirdparty/freetype/src/pfr/pfrcmap.h,2,1,3
/media/ullmann/HDDGabriel/engines/godot/thirdparty/freetype/src/pfr/pfrtypes.h,3,0,3
/media/ullmann/HDDGabriel/engines/godot/editor/animation_track_editor.cpp,0,10,10
/media/ullmann/HDDGabriel/engines/godot/scene/3d/soft_body.h,4,1,5
/media/ullmann/HDDGabriel/engines/godot/thirdparty/opus/celt/pitch.c,0,6,6
/media/ullmann/HDDGabriel/engines/godot/thirdparty/opus/celt/mathops.h,14,3,17
/media/ullmann/HDDGabriel/engines/godot/thirdparty/cvtt/ConvectionKernels.cpp,0,2,2
/media/ullmann/HDDGabriel/engines/godot/thirdparty/cvtt/ConvectionKernels.h,1,0,1
/media/ullmann/HDDGabriel/engines/godot/scene/2d/line_2d.h,4,1,5
/media/ullmann/HDDGabriel/engines/godot/thirdparty/zstd/compress/zstd_lazy.h,2,1,3
/media/ullmann/HDDGabriel/engines/godot/thirdparty/libvorbis/psy.c,0,9,9
/media/ullmann/HDDGabriel/engines/godot/thirdparty/squish/alpha.h,3,1,4
/media/ullmann/HDDGabriel/engines/godot/scene/2d/multimesh_instance_2d.h,2,2,4
/media/ullmann/HDDGabriel/engines/godot/thirdparty/oidn/mkl-dnn/src/cpu/cpu_reorder.cpp,0,4,4
/media/ullmann/HDDGabriel/engines/godot/scene/2d/physics_body_2d.cpp,0,8,8
/media/ullmann/HDDGabriel/engines/godot/scene/resources/polygon_path_finder.cpp,0,2,2
/media/ullmann/HDDGabriel/engines/godot/scene/resources/polygon_path_finder.h,2,1,3
/media/ullmann/HDDGabriel/engines/godot/main/tests/test_physics.cpp,0,9,9
/media/ullmann/HDDGabriel/engines/godot/thirdparty/opus/celt/arm/fixed_armv5e.h,1,1,2
/media/ullmann/HDDGabriel/engines/godot/editor/editor_network_profiler.h,2,5,7
/media/ullmann/HDDGabriel/engines/godot/thirdparty/opus/celt/laplace.c,0,2,2
/media/ullmann/HDDGabriel/engines/godot/scene/3d/cpu_particles.cpp,0,5,5
/media/ullmann/HDDGabriel/engines/godot/thirdparty/bullet/BulletCollision/NarrowPhaseCollision/btGjkEpa2.cpp,1,1,2
/media/ullmann/HDDGabriel/engines/godot/modules/mobile_vr/mobile_vr_interface.cpp,0,4,4
/media/ullmann/HDDGabriel/engines/godot/modules/gdnative/gdnative/array.cpp,0,5,5
/media/ullmann/HDDGabriel/engines/godot/core/array.h,12,1,13
/media/ullmann/HDDGabriel/engines/godot/editor/plugins/animation_blend_tree_editor_plugin.h,3,9,12
/media/ullmann/HDDGabriel/engines/godot/thirdparty/bullet/Bullet3OpenCL/Initialize/b3OpenCLUtils.h,1,1,2
/media/ullmann/HDDGabriel/engines/godot/thirdparty/bullet/Bullet3OpenCL/Initialize/b3OpenCLInclude.h,1,0,1
/media/ullmann/HDDGabriel/engines/godot/modules/visual_script/visual_script_builtin_funcs.h,4,1,5
/media/ullmann/HDDGabriel/engines/godot/thirdparty/bullet/BulletCollision/CollisionShapes/btSdfCollisionShape.h,1,1,2
/media/ullmann/HDDGabriel/engines/godot/thirdparty/bullet/BulletCollision/CollisionShapes/btConcaveShape.h,7,2,9
/media/ullmann/HDDGabriel/engines/godot/editor/plugins/version_control_editor_plugin.h,2,6,8
/media/ullmann/HDDGabriel/engines/godot/scene/gui/container.h,13,1,14
/media/ullmann/HDDGabriel/engines/godot/thirdparty/mbedtls/library/x509write_csr.c,0,1,1
/media/ullmann/HDDGabriel/engines/godot/scene/3d/physics_joint.h,4,2,6
/media/ullmann/HDDGabriel/engines/godot/thirdparty/freetype/src/pshinter/pshalgo.h,3,2,5
/media/ullmann/HDDGabriel/engines/godot/thirdparty/freetype/src/pshinter/pshglob.h,3,0,3
/media/ullmann/HDDGabriel/engines/godot/thirdparty/bullet/BulletDynamics/ConstraintSolver/btHingeConstraint.cpp,1,2,3
/media/ullmann/HDDGabriel/engines/godot/thirdparty/bullet/BulletDynamics/ConstraintSolver/btHingeConstraint.h,2,2,4
/media/ullmann/HDDGabriel/engines/godot/scene/main/canvas_layer.cpp,0,2,2
/media/ullmann/HDDGabriel/engines/godot/scene/gui/gradient_edit.h,2,4,6
/media/ullmann/HDDGabriel/engines/godot/scene/resources/gradient.h,5,1,6
/media/ullmann/HDDGabriel/engines/godot/modules/bmp/image_loader_bmp.cpp,0,2,2
/media/ullmann/HDDGabriel/engines/godot/modules/bmp/image_loader_bmp.h,2,1,3
/media/ullmann/HDDGabriel/engines/godot/drivers/gles2/rasterizer_canvas_base_gles2.h,2,7,9
/media/ullmann/HDDGabriel/engines/godot/drivers/gles2/shaders/lens_distorted.glsl.gen.h,1,1,2
/media/ullmann/HDDGabriel/engines/godot/thirdparty/oidn/mkl-dnn/src/common/primitive_desc.cpp,0,3,3
/media/ullmann/HDDGabriel/engines/godot/thirdparty/pcre2/src/pcre2_config.c,0,2,2
/media/ullmann/HDDGabriel/engines/godot/editor/import/resource_importer_texture_atlas.cpp,0,8,8
/media/ullmann/HDDGabriel/engines/godot/scene/3d/visibility_notifier.h,5,1,6
/media/ullmann/HDDGabriel/engines/godot/thirdparty/embree/kernels/geometry/object_intersector.h,1,2,3
/media/ullmann/HDDGabriel/engines/godot/core/io/http_client.h,4,5,9
/media/ullmann/HDDGabriel/engines/godot/modules/websocket/wsl_peer.cpp,0,6,6
/media/ullmann/HDDGabriel/engines/godot/modules/dds/texture_loader_dds.cpp,0,2,2
/media/ullmann/HDDGabriel/engines/godot/editor/plugins/animation_blend_tree_editor_plugin.cpp,0,12,12
/media/ullmann/HDDGabriel/engines/godot/main/tests/test_ordered_hash_map.cpp,0,5,5
/media/ullmann/HDDGabriel/engines/godot/thirdparty/opus/silk/NSQ.h,2,2,4
/media/ullmann/HDDGabriel/engines/godot/thirdparty/freetype/src/cid/cidtoken.h,1,0,1
/media/ullmann/HDDGabriel/engines/godot/thirdparty/libtheora/x86/mmxidct.c,0,2,2
/media/ullmann/HDDGabriel/engines/godot/thirdparty/etc2comp/EtcBlock4x4Encoding_RGB8.cpp,0,5,5
/media/ullmann/HDDGabriel/engines/godot/scene/2d/listener_2d.cpp,0,1,1
/media/ullmann/HDDGabriel/engines/godot/scene/2d/listener_2d.h,4,2,6
/media/ullmann/HDDGabriel/engines/godot/core/math/convex_hull.h,9,4,13
/media/ullmann/HDDGabriel/engines/godot/thirdparty/freetype/src/pshinter/pshglob.c,1,1,2
/media/ullmann/HDDGabriel/engines/godot/core/array.cpp,0,5,5
/media/ullmann/HDDGabriel/engines/godot/scene/2d/tile_map.cpp,0,6,6
/media/ullmann/HDDGabriel/engines/godot/modules/opensimplex/open_simplex_noise.h,3,4,7
/media/ullmann/HDDGabriel/engines/godot/thirdparty/misc/open-simplex-noise.h,2,0,2
/media/ullmann/HDDGabriel/engines/godot/thirdparty/embree/kernels/subdiv/catmullclark_ring.h,1,4,5
/media/ullmann/HDDGabriel/engines/godot/thirdparty/freetype/src/base/ftbase.c,0,18,18
/media/ullmann/HDDGabriel/engines/godot/thirdparty/freetype/src/base/ftcolor.c,1,0,1
/media/ullmann/HDDGabriel/engines/godot/core/global_constants.cpp,0,5,5
/media/ullmann/HDDGabriel/engines/godot/thirdparty/oidn/mkl-dnn/src/cpu/jit_sse42_conv_kernel_f32.hpp,2,4,6
/media/ullmann/HDDGabriel/engines/godot/modules/gltf/gltf_texture.cpp,0,1,1
/media/ullmann/HDDGabriel/engines/godot/thirdparty/freetype/src/sfnt/woff2tags.c,1,1,2
/media/ullmann/HDDGabriel/engines/godot/main/tests/test_math.cpp,0,16,16
/media/ullmann/HDDGabriel/engines/godot/core/math/camera_matrix.h,10,2,12
/media/ullmann/HDDGabriel/engines/godot/thirdparty/oidn/mkl-dnn/src/cpu/gemm_x8s8s32x_inner_product.cpp,0,3,3
/media/ullmann/HDDGabriel/engines/godot/thirdparty/oidn/mkl-dnn/src/cpu/gemm_x8s8s32x_inner_product.hpp,1,4,5
/media/ullmann/HDDGabriel/engines/godot/thirdparty/freetype/src/psaux/psarrst.h,2,1,3
/media/ullmann/HDDGabriel/engines/godot/thirdparty/oidn/core/device.h,4,1,5
/media/ullmann/HDDGabriel/engines/godot/thirdparty/oidn/core/common.h,5,1,6
/media/ullmann/HDDGabriel/engines/godot/thirdparty/freetype/src/type42/t42parse.h,2,1,3
/media/ullmann/HDDGabriel/engines/godot/thirdparty/freetype/src/type42/t42objs.h,3,1,4
/media/ullmann/HDDGabriel/engines/godot/thirdparty/freetype/src/cache/ftccmap.c,1,3,4
/media/ullmann/HDDGabriel/engines/godot/thirdparty/freetype/src/autofit/afstyles.h,3,0,3
/media/ullmann/HDDGabriel/engines/godot/modules/recast/navigation_mesh_editor_plugin.cpp,0,5,5
/media/ullmann/HDDGabriel/engines/godot/modules/recast/navigation_mesh_editor_plugin.h,2,3,5
/media/ullmann/HDDGabriel/engines/godot/thirdparty/embree/common/math/constants.cpp,0,1,1
/media/ullmann/HDDGabriel/engines/godot/modules/bullet/hinge_joint_bullet.cpp,0,4,4
/media/ullmann/HDDGabriel/engines/godot/scene/resources/shape.h,17,1,18
/media/ullmann/HDDGabriel/engines/godot/thirdparty/bullet/BulletSoftBody/btDeformableMultiBodyConstraintSolver.cpp,0,1,1
/media/ullmann/HDDGabriel/engines/godot/thirdparty/bullet/BulletSoftBody/btDeformableMultiBodyConstraintSolver.h,2,1,3
/media/ullmann/HDDGabriel/engines/godot/thirdparty/embree/kernels/geometry/object.h,11,1,12
/media/ullmann/HDDGabriel/engines/godot/core/os/threaded_array_processor.h,2,5,7
/media/ullmann/HDDGabriel/engines/godot/main/tests/test_xml_parser.h,2,4,6
/media/ullmann/HDDGabriel/engines/godot/modules/websocket/wsl_client.cpp,0,3,3
/media/ullmann/HDDGabriel/engines/godot/thirdparty/embree/kernels/bvh/bvh_collider.h,1,3,4
/media/ullmann/HDDGabriel/engines/godot/thirdparty/bullet/Bullet3Serialize/Bullet2FileLoader/b3File.h,3,2,5
/media/ullmann/HDDGabriel/engines/godot/scene/gui/texture_button.cpp,0,2,2
/media/ullmann/HDDGabriel/engines/godot/thirdparty/bullet/BulletSoftBody/btDeformableBackwardEulerObjective.cpp,0,2,2
/media/ullmann/HDDGabriel/engines/godot/thirdparty/bullet/BulletSoftBody/btPreconditioner.h,2,0,2
/media/ullmann/HDDGabriel/engines/godot/thirdparty/mbedtls/library/sha256.c,0,1,1
/media/ullmann/HDDGabriel/engines/godot/editor/editor_help_search.h,2,6,8
/media/ullmann/HDDGabriel/engines/godot/thirdparty/bullet/BulletDynamics/MLCPSolvers/btLemkeAlgorithm.cpp,1,1,2
/media/ullmann/HDDGabriel/engines/godot/platform/iphone/api/api.cpp,0,1,1
/media/ullmann/HDDGabriel/engines/godot/platform/iphone/api/api.h,2,0,2
/media/ullmann/HDDGabriel/engines/godot/thirdparty/embree/kernels/geometry/curveNi_intersector.h,3,1,4
/media/ullmann/HDDGabriel/engines/godot/editor/script_create_dialog.cpp,0,10,10
/media/ullmann/HDDGabriel/engines/godot/editor/create_dialog.cpp,0,10,10
/media/ullmann/HDDGabriel/engines/godot/servers/visual/visual_server_viewport.h,4,4,8
/media/ullmann/HDDGabriel/engines/godot/thirdparty/libpng/pngwtran.c,0,1,1
/media/ullmann/HDDGabriel/engines/godot/editor/plugins/shader_editor_plugin.h,3,9,12
/media/ullmann/HDDGabriel/engines/godot/core/io/config_file.cpp,0,4,4
/media/ullmann/HDDGabriel/engines/godot/thirdparty/freetype/src/gxvalid/gxvmort1.c,1,1,2
/media/ullmann/HDDGabriel/engines/godot/editor/plugins/collision_polygon_editor_plugin.h,2,6,8
/media/ullmann/HDDGabriel/engines/godot/core/packed_data_container.h,2,1,3
/media/ullmann/HDDGabriel/engines/godot/servers/physics/physics_server_sw.cpp,0,12,12
/media/ullmann/HDDGabriel/engines/godot/thirdparty/embree/common/sys/condition.h,5,1,6
/media/ullmann/HDDGabriel/engines/godot/platform/server/os_server.cpp,0,6,6
/media/ullmann/HDDGabriel/engines/godot/drivers/dummy/texture_loader_dummy.h,3,2,5
/media/ullmann/HDDGabriel/engines/godot/core/math/bvh_structs.inc,1,0,1
/media/ullmann/HDDGabriel/engines/godot/thirdparty/miniupnpc/miniupnpc/miniupnpc.h,3,3,6
/media/ullmann/HDDGabriel/engines/godot/thirdparty/miniupnpc/miniupnpc/miniupnpc_declspec.h,6,0,6
/media/ullmann/HDDGabriel/engines/godot/thirdparty/embree/common/math/interval.h,2,3,5
/media/ullmann/HDDGabriel/engines/godot/thirdparty/embree/common/math/bbox.h,5,5,10
/media/ullmann/HDDGabriel/engines/godot/editor/plugins/camera_editor_plugin.cpp,0,2,2
/media/ullmann/HDDGabriel/engines/godot/modules/fbx/data/fbx_skeleton.h,3,5,8
/media/ullmann/HDDGabriel/engines/godot/thirdparty/freetype/src/cff/cffparse.c,1,4,5
/media/ullmann/HDDGabriel/engines/godot/scene/gui/button.cpp,0,3,3
/media/ullmann/HDDGabriel/engines/godot/scene/gui/link_button.cpp,0,2,2
/media/ullmann/HDDGabriel/engines/godot/scene/gui/link_button.h,8,2,10
/media/ullmann/HDDGabriel/engines/godot/main/tests/test_shader_lang.cpp,0,8,8
/media/ullmann/HDDGabriel/engines/godot/scene/3d/particles.cpp,0,4,4
/media/ullmann/HDDGabriel/engines/godot/editor/editor_run_native.cpp,0,4,4
/media/ullmann/HDDGabriel/engines/godot/scene/resources/default_theme/default_theme.cpp,0,6,6
/media/ullmann/HDDGabriel/engines/godot/thirdparty/bullet/LinearMath/btSerializer.h,1,2,3
/media/ullmann/HDDGabriel/engines/godot/modules/gdscript/gdscript_functions.cpp,0,10,10
/media/ullmann/HDDGabriel/engines/godot/drivers/pulseaudio/audio_driver_pulseaudio.h,2,4,6
/media/ullmann/HDDGabriel/engines/godot/platform/osx/dir_access_osx.h,1,2,3
/media/ullmann/HDDGabriel/engines/godot/thirdparty/freetype/src/type42/type42.c,0,3,3
/media/ullmann/HDDGabriel/engines/godot/thirdparty/libvorbis/vorbis/vorbisfile.h,1,1,2
/media/ullmann/HDDGabriel/engines/godot/thirdparty/libvorbis/vorbis/codec.h,25,0,25
/media/ullmann/HDDGabriel/engines/godot/modules/fbx/fbx_parser/FBXDocumentUtil.h,9,1,10
/media/ullmann/HDDGabriel/engines/godot/drivers/gles2/rasterizer_scene_gles2.h,5,13,18
/media/ullmann/HDDGabriel/engines/godot/thirdparty/oidn/mkl-dnn/src/common/utils.hpp,42,3,45
/media/ullmann/HDDGabriel/engines/godot/modules/gdnative/net/webrtc_gdnative.cpp,0,4,4
/media/ullmann/HDDGabriel/engines/godot/thirdparty/bullet/BulletCollision/BroadphaseCollision/btAxisSweep3.cpp,1,1,2
/media/ullmann/HDDGabriel/engines/godot/editor/editor_profiler.h,2,8,10
/media/ullmann/HDDGabriel/engines/godot/thirdparty/opus/silk/float/wrappers_FLP.c,0,1,1
/media/ullmann/HDDGabriel/engines/godot/core/ring_buffer.h,7,1,8
/media/ullmann/HDDGabriel/engines/godot/modules/mono/mono_gd/gd_mono_class.h,18,7,25
/media/ullmann/HDDGabriel/engines/godot/core/io/packet_peer_dtls.cpp,0,3,3
/media/ullmann/HDDGabriel/engines/godot/drivers/gles3/shaders/scene.glsl.gen.h,2,1,3
/media/ullmann/HDDGabriel/engines/godot/drivers/gles3/shader_gles3.h,20,4,24
/media/ullmann/HDDGabriel/engines/godot/editor/plugins/polygon_2d_editor_plugin.h,2,2,4
/media/ullmann/HDDGabriel/engines/godot/thirdparty/embree/common/math/transcendental.h,2,1,3
/media/ullmann/HDDGabriel/engines/godot/thirdparty/etc2comp/EtcFileHeader.h,2,1,3
/media/ullmann/HDDGabriel/engines/godot/thirdparty/etc2comp/EtcFile.h,2,3,5
/media/ullmann/HDDGabriel/engines/godot/modules/theora/register_types.h,2,0,2
/media/ullmann/HDDGabriel/engines/godot/thirdparty/pvrtccompressor/PvrTcPacket.h,3,1,4
/media/ullmann/HDDGabriel/engines/godot/thirdparty/mbedtls/library/dhm.c,0,1,1
/media/ullmann/HDDGabriel/engines/godot/editor/import/resource_importer_csv_translation.h,2,1,3
/media/ullmann/HDDGabriel/engines/godot/thirdparty/bullet/BulletCollision/CollisionShapes/btSphereShape.cpp,1,1,2
/media/ullmann/HDDGabriel/engines/godot/scene/resources/capsule_shape_2d.h,4,1,5
/media/ullmann/HDDGabriel/engines/godot/thirdparty/oidn/mkl-dnn/src/cpu/jit_uni_batch_normalization.hpp,1,3,4
/media/ullmann/HDDGabriel/engines/godot/thirdparty/oidn/mkl-dnn/src/cpu/jit_avx512_core_x8s8s32x_conv_kernel.hpp,2,3,5
/media/ullmann/HDDGabriel/engines/godot/thirdparty/oidn/mkl-dnn/src/cpu/jit_primitive_conf.hpp,20,0,20
/media/ullmann/HDDGabriel/engines/godot/core/io/packet_peer_udp.cpp,0,3,3
/media/ullmann/HDDGabriel/engines/godot/thirdparty/embree/kernels/common/rtcore.cpp,0,5,5
/media/ullmann/HDDGabriel/engines/godot/core/io/stream_peer_ssl.h,10,2,12
/media/ullmann/HDDGabriel/engines/godot/thirdparty/oidn/mkl-dnn/src/common/rnn.cpp,0,3,3
/media/ullmann/HDDGabriel/engines/godot/thirdparty/oidn/mkl-dnn/src/cpu/rnn/cpu_rnn_pd.hpp,2,1,3
/media/ullmann/HDDGabriel/engines/godot/thirdparty/oidn/mkl-dnn/src/cpu/rnn/rnn_utils.hpp,4,1,5
/media/ullmann/HDDGabriel/engines/godot/thirdparty/oidn/mkl-dnn/src/cpu/jit_uni_i8i8_pooling.hpp,1,4,5
/media/ullmann/HDDGabriel/engines/godot/thirdparty/pcre2/src/pcre2_intmodedep.h,1,0,1
/media/ullmann/HDDGabriel/engines/godot/thirdparty/opus/celt/entcode.c,0,2,2
/media/ullmann/HDDGabriel/engines/godot/thirdparty/oidn/mkl-dnn/src/cpu/jit_uni_pool_kernel_f32.hpp,2,2,4
/media/ullmann/HDDGabriel/engines/godot/servers/physics_2d/space_2d_sw.cpp,0,5,5
/media/ullmann/HDDGabriel/engines/godot/core/packed_data_container.cpp,0,3,3
/media/ullmann/HDDGabriel/engines/godot/scene/3d/spring_arm.cpp,0,5,5
/media/ullmann/HDDGabriel/engines/godot/thirdparty/bullet/Bullet3Dynamics/b3CpuRigidBodyPipeline.cpp,0,1,1
/media/ullmann/HDDGabriel/engines/godot/thirdparty/bullet/Bullet3Dynamics/b3CpuRigidBodyPipeline.h,1,0,1
/media/ullmann/HDDGabriel/engines/godot/thirdparty/bullet/Bullet3OpenCL/ParallelPrimitives/b3PrefixScanFloat4CL.cpp,0,4,4
/media/ullmann/HDDGabriel/engines/godot/thirdparty/bullet/Bullet3OpenCL/ParallelPrimitives/b3FillCL.h,5,1,6
/media/ullmann/HDDGabriel/engines/godot/thirdparty/embree/kernels/geometry/quad_intersector_moeller.h,5,2,7
/media/ullmann/HDDGabriel/engines/godot/thirdparty/embree/kernels/geometry/triangle_intersector_moeller.h,4,2,6
/media/ullmann/HDDGabriel/engines/godot/thirdparty/bullet/BulletSoftBody/btDeformableMultiBodyDynamicsWorld.cpp,0,4,4
/media/ullmann/HDDGabriel/engines/godot/thirdparty/oidn/mkl-dnn/src/cpu/cpu_sum_pd.hpp,2,0,2
/media/ullmann/HDDGabriel/engines/godot/thirdparty/etc2comp/EtcBlock4x4.cpp,0,11,11
/media/ullmann/HDDGabriel/engines/godot/thirdparty/embree/kernels/common/buffer.h,9,2,11
/media/ullmann/HDDGabriel/engines/godot/thirdparty/libtheora/x86_vc/x86enc.h,3,2,5
/media/ullmann/HDDGabriel/engines/godot/scene/2d/parallax_background.h,3,3,6
/media/ullmann/HDDGabriel/engines/godot/scene/2d/camera_2d.h,4,2,6
/media/ullmann/HDDGabriel/engines/godot/thirdparty/embree/include/embree3/rtcore.h,2,9,11
/media/ullmann/HDDGabriel/engines/godot/thirdparty/embree/include/embree3/rtcore_device.h,3,1,4
/media/ullmann/HDDGabriel/engines/godot/thirdparty/opus/silk/resampler_down2.c,0,2,2
/media/ullmann/HDDGabriel/engines/godot/thirdparty/zstd/common/error_private.h,10,2,12
/media/ullmann/HDDGabriel/engines/godot/editor/plugins/skeleton_2d_editor_plugin.h,2,4,6
/media/ullmann/HDDGabriel/engines/godot/thirdparty/libvorbis/masking.h,2,0,2
/media/ullmann/HDDGabriel/engines/godot/thirdparty/freetype/src/autofit/aflatin2.c,1,5,6
/media/ullmann/HDDGabriel/engines/godot/thirdparty/freetype/src/autofit/aflatin2.h,2,1,3
/media/ullmann/HDDGabriel/engines/godot/modules/vhacd/register_types.h,2,0,2
/media/ullmann/HDDGabriel/engines/godot/thirdparty/libvorbis/block.c,0,7,7
/media/ullmann/HDDGabriel/engines/godot/thirdparty/embree/kernels/geometry/curveNi_mb.h,4,2,6
/media/ullmann/HDDGabriel/engines/godot/scene/resources/line_shape_2d.cpp,0,3,3
/media/ullmann/HDDGabriel/engines/godot/thirdparty/opus/silk/resampler_private.h,7,3,10
/media/ullmann/HDDGabriel/engines/godot/thirdparty/opus/silk/LPC_inv_pred_gain.c,0,1,1
/media/ullmann/HDDGabriel/engines/godot/platform/android/java_godot_io_wrapper.h,3,1,4
/media/ullmann/HDDGabriel/engines/godot/editor/plugins/tile_set_editor_plugin.cpp,0,7,7
/media/ullmann/HDDGabriel/engines/godot/editor/plugins/room_manager_editor_plugin.cpp,0,2,2
/media/ullmann/HDDGabriel/engines/godot/thirdparty/embree/common/simd/vint8_avx.h,1,0,1
/media/ullmann/HDDGabriel/engines/godot/editor/code_editor.h,5,8,13
/media/ullmann/HDDGabriel/engines/godot/core/resource.cpp,0,7,7
/media/ullmann/HDDGabriel/engines/godot/platform/android/audio_driver_opensl.cpp,0,1,1
/media/ullmann/HDDGabriel/engines/godot/platform/android/audio_driver_opensl.h,2,2,4
/media/ullmann/HDDGabriel/engines/godot/modules/bullet/godot_result_callbacks.cpp,0,5,5
/media/ullmann/HDDGabriel/engines/godot/modules/bullet/collision_object_bullet.h,9,5,14
/media/ullmann/HDDGabriel/engines/godot/thirdparty/bullet/BulletCollision/CollisionDispatch/btSphereTriangleCollisionAlgorithm.cpp,1,2,3
/media/ullmann/HDDGabriel/engines/godot/thirdparty/freetype/src/truetype/ttgxvar.c,1,3,4
/media/ullmann/HDDGabriel/engines/godot/thirdparty/oidn/mkl-dnn/src/common/memory.cpp,0,4,4
/media/ullmann/HDDGabriel/engines/godot/editor/editor_plugin.cpp,0,13,13
/media/ullmann/HDDGabriel/engines/godot/thirdparty/freetype/src/psaux/psauxmod.c,1,7,8
/media/ullmann/HDDGabriel/engines/godot/modules/fbx/data/pivot_transform.cpp,0,1,1
/media/ullmann/HDDGabriel/engines/godot/editor/plugins/gradient_editor_plugin.h,2,3,5
/media/ullmann/HDDGabriel/engines/godot/editor/doc/doc_data.h,5,3,8
/media/ullmann/HDDGabriel/engines/godot/editor/plugins/theme_editor_plugin.cpp,0,5,5
/media/ullmann/HDDGabriel/engines/godot/servers/audio/effects/reverb.cpp,0,2,2
/media/ullmann/HDDGabriel/engines/godot/servers/audio/effects/reverb.h,2,3,5
/media/ullmann/HDDGabriel/engines/godot/thirdparty/libtheora/x86_vc/x86state.c,0,2,2
/media/ullmann/HDDGabriel/engines/godot/drivers/gles3/shaders/cube_to_dp.glsl.gen.h,1,1,2
/media/ullmann/HDDGabriel/engines/godot/modules/webrtc/webrtc_peer_connection_gdnative.cpp,0,4,4
/media/ullmann/HDDGabriel/engines/godot/thirdparty/embree/kernels/builders/bvh_builder_sah.h,4,3,7
/media/ullmann/HDDGabriel/engines/godot/scene/gui/split_container.cpp,0,3,3
/media/ullmann/HDDGabriel/engines/godot/thirdparty/libtheora/encapiwrapper.c,0,3,3
/media/ullmann/HDDGabriel/engines/godot/thirdparty/libtheora/theora/theoraenc.h,3,1,4
/media/ullmann/HDDGabriel/engines/godot/thirdparty/freetype/src/pfr/pfrobjs.h,5,1,6
/media/ullmann/HDDGabriel/engines/godot/editor/editor_resource_picker.h,4,6,10
/media/ullmann/HDDGabriel/engines/godot/thirdparty/embree/kernels/geometry/trianglev_mb_intersector.h,1,2,3
/media/ullmann/HDDGabriel/engines/godot/thirdparty/embree/kernels/geometry/triangle.h,15,1,16
/media/ullmann/HDDGabriel/engines/godot/editor/plugins/sprite_editor_plugin.cpp,0,9,9
/media/ullmann/HDDGabriel/engines/godot/thirdparty/opus/silk/macros.h,1,4,5
/media/ullmann/HDDGabriel/engines/godot/thirdparty/opus/silk/mips/macros_mipsr1.h,1,0,1
/media/ullmann/HDDGabriel/engines/godot/thirdparty/oidn/mkl-dnn/src/cpu/ncsp_batch_normalization.cpp,0,3,3
/media/ullmann/HDDGabriel/engines/godot/thirdparty/oidn/mkl-dnn/src/cpu/ncsp_batch_normalization.hpp,1,2,3
/media/ullmann/HDDGabriel/engines/godot/modules/mbedtls/ssl_context_mbedtls.cpp,0,1,1
/media/ullmann/HDDGabriel/engines/godot/thirdparty/embree/common/algorithms/parallel_prefix_sum.h,2,1,3
/media/ullmann/HDDGabriel/engines/godot/modules/mono/signal_awaiter_utils.h,3,2,5
/media/ullmann/HDDGabriel/engines/godot/core/os/midi_driver.cpp,0,3,3
/media/ullmann/HDDGabriel/engines/godot/core/os/midi_driver.h,5,2,7
/media/ullmann/HDDGabriel/engines/godot/thirdparty/etc2comp/EtcMath.h,2,0,2
/media/ullmann/HDDGabriel/engines/godot/thirdparty/oidn/mkl-dnn/src/cpu/jit_avx512_core_x8s8s32x_conv_kernel.cpp,0,2,2
/media/ullmann/HDDGabriel/engines/godot/drivers/gles3/rasterizer_canvas_base_gles3.cpp,0,6,6
/media/ullmann/HDDGabriel/engines/godot/platform/uwp/export/export.cpp,0,15,15
/media/ullmann/HDDGabriel/engines/godot/thirdparty/embree/kernels/builders/bvh_builder_morton.h,3,2,5
/media/ullmann/HDDGabriel/engines/godot/modules/mono/editor/code_completion.cpp,0,6,6
/media/ullmann/HDDGabriel/engines/godot/thirdparty/oidn/mkl-dnn/src/common/primitive.cpp,0,7,7
/media/ullmann/HDDGabriel/engines/godot/scene/animation/root_motion_view.h,2,1,3
/media/ullmann/HDDGabriel/engines/godot/core/string_name.h,12,3,15
/media/ullmann/HDDGabriel/engines/godot/modules/fbx/fbx_parser/FBXModel.cpp,0,4,4
/media/ullmann/HDDGabriel/engines/godot/modules/fbx/fbx_parser/FBXMeshGeometry.h,7,6,13
/media/ullmann/HDDGabriel/engines/godot/scene/3d/gi_probe.h,4,2,6
/media/ullmann/HDDGabriel/engines/godot/scene/resources/style_box.h,5,3,8
/media/ullmann/HDDGabriel/engines/godot/platform/javascript/export/export.cpp,0,11,11
/media/ullmann/HDDGabriel/engines/godot/thirdparty/opus/celt/float_cast.h,3,1,4
/media/ullmann/HDDGabriel/engines/godot/platform/android/api/api.h,2,0,2
/media/ullmann/HDDGabriel/engines/godot/modules/gdnative/gdnative/plane.cpp,0,2,2
/media/ullmann/HDDGabriel/engines/godot/thirdparty/bullet/BulletDynamics/ConstraintSolver/btSliderConstraint.cpp,1,1,2
/media/ullmann/HDDGabriel/engines/godot/modules/websocket/websocket_multiplayer_peer.cpp,0,2,2
/media/ullmann/HDDGabriel/engines/godot/editor/editor_sub_scene.h,2,3,5
/media/ullmann/HDDGabriel/engines/godot/thirdparty/libtheora/apiwrapper.h,4,4,8
/media/ullmann/HDDGabriel/engines/godot/thirdparty/libtheora/theora/theora.h,2,0,2
/media/ullmann/HDDGabriel/engines/godot/platform/javascript/logo.gen.h,1,0,1
/media/ullmann/HDDGabriel/engines/godot/thirdparty/oidn/mkl-dnn/src/cpu/gemm_x8s8s32x_convolution.cpp,0,3,3
/media/ullmann/HDDGabriel/engines/godot/modules/mono/mono_gd/gd_mono_internals.h,4,2,6
/media/ullmann/HDDGabriel/engines/godot/editor/plugins/particles_editor_plugin.h,3,4,7
/media/ullmann/HDDGabriel/engines/godot/thirdparty/bullet/BulletCollision/CollisionDispatch/btActivatingCollisionAlgorithm.cpp,1,3,4
/media/ullmann/HDDGabriel/engines/godot/editor/plugins/animation_tree_player_editor_plugin.cpp,0,9,9
/media/ullmann/HDDGabriel/engines/godot/thirdparty/opus/silk/control_SNR.c,0,2,2
/media/ullmann/HDDGabriel/engines/godot/thirdparty/etc2comp/EtcBlock4x4Encoding_RGB8A1.cpp,0,5,5
/media/ullmann/HDDGabriel/engines/godot/thirdparty/oidn/mkl-dnn/src/common/reorder.cpp,0,5,5
/media/ullmann/HDDGabriel/engines/godot/thirdparty/oidn/mkl-dnn/src/common/reorder_pd.hpp,2,4,6
/media/ullmann/HDDGabriel/engines/godot/thirdparty/embree/common/simd/vfloat8_avx.h,1,0,1
/media/ullmann/HDDGabriel/engines/godot/thirdparty/bullet/BulletCollision/CollisionShapes/btConvexTriangleMeshShape.cpp,1,1,2
/media/ullmann/HDDGabriel/engines/godot/scene/2d/skeleton_2d.cpp,0,1,1
/media/ullmann/HDDGabriel/engines/godot/scene/2d/skeleton_2d.h,7,1,8
/media/ullmann/HDDGabriel/engines/godot/editor/animation_track_editor_plugins.cpp,0,9,9
/media/ullmann/HDDGabriel/engines/godot/scene/3d/lightmapper.h,6,1,7
/media/ullmann/HDDGabriel/engines/godot/thirdparty/freetype/src/gzip/zutil.h,7,1,8
/media/ullmann/HDDGabriel/engines/godot/thirdparty/freetype/src/cache/ftccache.c,1,3,4
/media/ullmann/HDDGabriel/engines/godot/thirdparty/freetype/src/cache/ftcmanag.h,5,2,7
/media/ullmann/HDDGabriel/engines/godot/editor/editor_vcs_interface.h,2,3,5
/media/ullmann/HDDGabriel/engines/godot/thirdparty/oidn/mkl-dnn/src/cpu/jit_uni_pool_kernel_f32.cpp,0,2,2
/media/ullmann/HDDGabriel/engines/godot/thirdparty/bullet/BulletCollision/CollisionDispatch/btSphereSphereCollisionAlgorithm.cpp,1,1,2
/media/ullmann/HDDGabriel/engines/godot/modules/mono/mono_gd/gd_mono_property.h,2,3,5
/media/ullmann/HDDGabriel/engines/godot/thirdparty/libvpx/vp8/common/filter.c,0,1,1
/media/ullmann/HDDGabriel/engines/godot/thirdparty/libvpx/vp8/common/filter.h,1,0,1
/media/ullmann/HDDGabriel/engines/godot/editor/doc/doc_data_class_path.gen.h,1,0,1
/media/ullmann/HDDGabriel/engines/godot/modules/jsonrpc/jsonrpc.cpp,0,2,2
/media/ullmann/HDDGabriel/engines/godot/modules/bullet/rigid_body_bullet.h,10,2,12
/media/ullmann/HDDGabriel/engines/godot/thirdparty/freetype/src/base/ftcalc.c,1,0,1
/media/ullmann/HDDGabriel/engines/godot/platform/uwp/logo.gen.h,1,0,1
/media/ullmann/HDDGabriel/engines/godot/scene/resources/curve.cpp,0,2,2
/media/ullmann/HDDGabriel/engines/godot/modules/gltf/gltf_camera.h,4,1,5
/media/ullmann/HDDGabriel/engines/godot/thirdparty/pcre2/src/pcre2_error.c,0,2,2
/media/ullmann/HDDGabriel/engines/godot/thirdparty/oidn/mkl-dnn/src/cpu/ref_softmax.hpp,1,2,3
/media/ullmann/HDDGabriel/engines/godot/thirdparty/oidn/mkl-dnn/src/cpu/cpu_softmax_pd.hpp,1,0,1
/media/ullmann/HDDGabriel/engines/godot/thirdparty/minimp3/minimp3_ex.h,0,1,1
/media/ullmann/HDDGabriel/engines/godot/thirdparty/minimp3/minimp3.h,1,0,1
/media/ullmann/HDDGabriel/engines/godot/thirdparty/bullet/BulletCollision/CollisionDispatch/btSphereBoxCollisionAlgorithm.h,1,2,3
/media/ullmann/HDDGabriel/engines/godot/thirdparty/bullet/BulletCollision/CollisionDispatch/btCollisionDispatcher.h,11,1,12
/media/ullmann/HDDGabriel/engines/godot/thirdparty/bullet/BulletCollision/CollisionDispatch/btConvexConcaveCollisionAlgorithm.cpp,1,1,2
/media/ullmann/HDDGabriel/engines/godot/scene/gui/panel.h,15,1,16
/media/ullmann/HDDGabriel/engines/godot/main/tests/test_astar.cpp,0,4,4
/media/ullmann/HDDGabriel/engines/godot/thirdparty/bullet/LinearMath/btPolarDecomposition.cpp,1,2,3
/media/ullmann/HDDGabriel/engines/godot/thirdparty/bullet/Bullet3OpenCL/ParallelPrimitives/b3BoundSearchCL.h,1,3,4
/media/ullmann/HDDGabriel/engines/godot/thirdparty/bullet/Bullet3OpenCL/ParallelPrimitives/b3OpenCLArray.h,7,0,7
/media/ullmann/HDDGabriel/engines/godot/thirdparty/bullet/BulletSoftBody/btDeformableGravityForce.h,1,1,2
/media/ullmann/HDDGabriel/engines/godot/thirdparty/bullet/Bullet3OpenCL/RigidBody/kernels/batchingKernelsNew.h,2,0,2
/media/ullmann/HDDGabriel/engines/godot/thirdparty/mbedtls/library/chacha20.c,0,1,1
/media/ullmann/HDDGabriel/engines/godot/modules/visual_script/visual_script.cpp,0,6,6
/media/ullmann/HDDGabriel/engines/godot/scene/2d/polygon_2d.cpp,0,3,3
/media/ullmann/HDDGabriel/engines/godot/drivers/winmidi/midi_driver_winmidi.cpp,0,2,2
/media/ullmann/HDDGabriel/engines/godot/drivers/winmidi/midi_driver_winmidi.h,2,2,4
/media/ullmann/HDDGabriel/engines/godot/scene/3d/lightmapper.cpp,0,1,1
/media/ullmann/HDDGabriel/engines/godot/core/io/file_access_memory.cpp,0,4,4
/media/ullmann/HDDGabriel/engines/godot/thirdparty/embree/kernels/geometry/intersector_iterators.h,1,5,6
/media/ullmann/HDDGabriel/engines/godot/modules/svg/register_types.cpp,0,2,2
/media/ullmann/HDDGabriel/engines/godot/modules/gdnative/net/stream_peer_gdnative.cpp,0,1,1
/media/ullmann/HDDGabriel/engines/godot/thirdparty/opus/silk/enc_API.c,0,6,6
/media/ullmann/HDDGabriel/engines/godot/drivers/gles3/shaders/screen_space_reflection.glsl.gen.h,2,1,3
/media/ullmann/HDDGabriel/engines/godot/thirdparty/squish/squish.cpp,0,8,8
/media/ullmann/HDDGabriel/engines/godot/thirdparty/freetype/src/type1/t1objs.c,1,4,5
/media/ullmann/HDDGabriel/engines/godot/thirdparty/freetype/src/type1/t1errors.h,6,0,6
/media/ullmann/HDDGabriel/engines/godot/core/math/math_defs.h,12,0,12
/media/ullmann/HDDGabriel/engines/godot/thirdparty/zstd/compress/zstd_compress.c,0,15,15
/media/ullmann/HDDGabriel/engines/godot/thirdparty/oidn/mkl-dnn/src/common/z_magic.hpp,5,0,5
/media/ullmann/HDDGabriel/engines/godot/thirdparty/freetype/src/type1/type1.c,0,6,6
/media/ullmann/HDDGabriel/engines/godot/thirdparty/freetype/src/type1/t1parse.c,1,2,3
/media/ullmann/HDDGabriel/engines/godot/servers/physics/collision_object_sw.h,6,4,10
/media/ullmann/HDDGabriel/engines/godot/thirdparty/embree/common/sys/thread.cpp,0,4,4
/media/ullmann/HDDGabriel/engines/godot/thirdparty/embree/common/sys/string.h,6,4,10
/media/ullmann/HDDGabriel/engines/godot/modules/tinyexr/image_loader_tinyexr.h,2,1,3
/media/ullmann/HDDGabriel/engines/godot/thirdparty/freetype/src/cache/ftcmanag.c,1,3,4
/media/ullmann/HDDGabriel/engines/godot/servers/audio/effects/audio_effect_chorus.h,2,1,3
/media/ullmann/HDDGabriel/engines/godot/thirdparty/embree/kernels/common/isa.h,3,2,5
/media/ullmann/HDDGabriel/engines/godot/editor/editor_properties_array_dict.cpp,0,7,7
/media/ullmann/HDDGabriel/engines/godot/thirdparty/bullet/Bullet3Serialize/Bullet2FileLoader/b3DNA.cpp,0,2,2
/media/ullmann/HDDGabriel/engines/godot/thirdparty/oidn/mkl-dnn/src/common/shuffle.cpp,0,3,3
/media/ullmann/HDDGabriel/engines/godot/thirdparty/pcre2/src/pcre2_script_run.c,0,2,2
/media/ullmann/HDDGabriel/engines/godot/thirdparty/embree/kernels/bvh/node_intersector1.h,5,1,6
/media/ullmann/HDDGabriel/engines/godot/scene/gui/tree.cpp,0,9,9
/media/ullmann/HDDGabriel/engines/godot/thirdparty/bullet/BulletCollision/CollisionDispatch/btSphereSphereCollisionAlgorithm.h,2,2,4
/media/ullmann/HDDGabriel/engines/godot/platform/android/dir_access_jandroid.cpp,0,5,5
/media/ullmann/HDDGabriel/engines/godot/platform/windows/power_windows.cpp,0,1,1
/media/ullmann/HDDGabriel/engines/godot/platform/windows/power_windows.h,2,3,5
/media/ullmann/HDDGabriel/engines/godot/thirdparty/libvorbis/bitrate.h,2,3,5
/media/ullmann/HDDGabriel/engines/godot/servers/visual/rasterizer.cpp,0,3,3
/media/ullmann/HDDGabriel/engines/godot/thirdparty/bullet/LinearMath/btConvexHullComputer.cpp,1,4,5
/media/ullmann/HDDGabriel/engines/godot/thirdparty/bullet/LinearMath/btVector3.h,13,3,16
/media/ullmann/HDDGabriel/engines/godot/thirdparty/oidn/mkl-dnn/src/common/memory.hpp,2,2,4
/media/ullmann/HDDGabriel/engines/godot/thirdparty/pcre2/src/sljit/sljitNativePPC_common.c,1,2,3
/media/ullmann/HDDGabriel/engines/godot/thirdparty/pcre2/src/sljit/sljitNativePPC_64.c,1,0,1
/media/ullmann/HDDGabriel/engines/godot/thirdparty/opus/silk/float/process_gains_FLP.c,0,1,1
/media/ullmann/HDDGabriel/engines/godot/thirdparty/libvorbis/mapping0.c,0,13,13
/media/ullmann/HDDGabriel/engines/godot/drivers/gles3/shaders/subsurf_scattering.glsl.gen.h,2,1,3
/media/ullmann/HDDGabriel/engines/godot/modules/websocket/websocket_client.h,3,4,7
/media/ullmann/HDDGabriel/engines/godot/core/math/bvh_split.inc,1,0,1
/media/ullmann/HDDGabriel/engines/godot/scene/3d/navigation_mesh.cpp,0,3,3
/media/ullmann/HDDGabriel/engines/godot/modules/denoise/register_types.h,2,0,2
/media/ullmann/HDDGabriel/engines/godot/thirdparty/mbedtls/library/rsa.c,0,2,2
/media/ullmann/HDDGabriel/engines/godot/thirdparty/embree/kernels/subdiv/catmullclark_coefficients.h,4,1,5
/media/ullmann/HDDGabriel/engines/godot/editor/plugins/editor_preview_plugins.h,2,2,4
/media/ullmann/HDDGabriel/engines/godot/thirdparty/embree/common/math/quaternion.h,2,3,5
/media/ullmann/HDDGabriel/engines/godot/thirdparty/embree/kernels/bvh/bvh_traverser_stream.h,1,3,4
/media/ullmann/HDDGabriel/engines/godot/servers/visual/visual_server_viewport.cpp,0,5,5
/media/ullmann/HDDGabriel/engines/godot/thirdparty/bullet/BulletCollision/Gimpact/gim_array.h,3,1,4
/media/ullmann/HDDGabriel/engines/godot/thirdparty/etc2comp/EtcBlock4x4Encoding_R11.cpp,0,4,4
/media/ullmann/HDDGabriel/engines/godot/thirdparty/embree/kernels/subdiv/catmullrom_curve.h,2,2,4
/media/ullmann/HDDGabriel/engines/godot/modules/cvtt/image_compress_cvtt.h,2,1,3
/media/ullmann/HDDGabriel/engines/godot/thirdparty/bullet/Bullet3Serialize/Bullet2FileLoader/b3BulletFile.h,1,2,3
/media/ullmann/HDDGabriel/engines/godot/thirdparty/bullet/Bullet3Serialize/Bullet2FileLoader/b3Defines.h,4,0,4
/media/ullmann/HDDGabriel/engines/godot/thirdparty/zstd/common/bitstream.h,5,4,9
/media/ullmann/HDDGabriel/engines/godot/thirdparty/oidn/core/weights_reorder.h,1,1,2
/media/ullmann/HDDGabriel/engines/godot/thirdparty/libpng/pngrtran.c,0,1,1
/media/ullmann/HDDGabriel/engines/godot/editor/plugins/text_editor.cpp,0,3,3
/media/ullmann/HDDGabriel/engines/godot/thirdparty/embree/kernels/common/scene_triangle_mesh.h,4,2,6
/media/ullmann/HDDGabriel/engines/godot/thirdparty/bullet/BulletCollision/NarrowPhaseCollision/btContinuousConvexCollision.cpp,1,3,4
/media/ullmann/HDDGabriel/engines/godot/thirdparty/bullet/BulletCollision/NarrowPhaseCollision/btContinuousConvexCollision.h,1,2,3
/media/ullmann/HDDGabriel/engines/godot/thirdparty/bullet/BulletCollision/Gimpact/btContactProcessingStructs.h,1,1,2
/media/ullmann/HDDGabriel/engines/godot/modules/raycast/lightmap_raycaster.h,3,3,6
/media/ullmann/HDDGabriel/engines/godot/thirdparty/opus/celt/celt_decoder.c,0,15,15
/media/ullmann/HDDGabriel/engines/godot/platform/android/export/export.cpp,0,2,2
/media/ullmann/HDDGabriel/engines/godot/platform/android/export/export.h,2,0,2
/media/ullmann/HDDGabriel/engines/godot/thirdparty/freetype/src/base/md5.c,1,1,2
/media/ullmann/HDDGabriel/engines/godot/thirdparty/freetype/src/base/md5.h,1,0,1
/media/ullmann/HDDGabriel/engines/godot/thirdparty/freetype/src/psaux/afmparse.h,2,0,2
/media/ullmann/HDDGabriel/engines/godot/modules/fbx/data/fbx_anim_container.h,1,1,2
/media/ullmann/HDDGabriel/engines/godot/thirdparty/libvpx/vpx_mem/vpx_mem.h,1,0,1
/media/ullmann/HDDGabriel/engines/godot/platform/x11/crash_handler_x11.cpp,0,5,5
/media/ullmann/HDDGabriel/engines/godot/platform/x11/crash_handler_x11.h,3,0,3
/media/ullmann/HDDGabriel/engines/godot/thirdparty/miniupnpc/miniupnpc/upnpreplyparse.c,0,2,2
/media/ullmann/HDDGabriel/engines/godot/thirdparty/etc2comp/EtcImage.h,5,3,8
/media/ullmann/HDDGabriel/engines/godot/thirdparty/bullet/BulletCollision/NarrowPhaseCollision/btRaycastCallback.cpp,1,1,2
/media/ullmann/HDDGabriel/engines/godot/thirdparty/bullet/BulletCollision/NarrowPhaseCollision/btRaycastCallback.h,1,0,1
/media/ullmann/HDDGabriel/engines/godot/thirdparty/freetype/src/pshinter/pshmod.c,1,3,4
/media/ullmann/HDDGabriel/engines/godot/thirdparty/freetype/src/pshinter/pshrec.h,3,1,4
/media/ullmann/HDDGabriel/engines/godot/thirdparty/bullet/Bullet3Common/b3AlignedAllocator.cpp,0,1,1
/media/ullmann/HDDGabriel/engines/godot/thirdparty/opus/celt/bands.c,0,10,10
/media/ullmann/HDDGabriel/engines/godot/core/io/compression.h,10,2,12
/media/ullmann/HDDGabriel/engines/godot/core/pool_allocator.h,2,1,3
/media/ullmann/HDDGabriel/engines/godot/modules/webxr/register_types.cpp,0,3,3
/media/ullmann/HDDGabriel/engines/godot/modules/webxr/webxr_interface_js.h,2,1,3
/media/ullmann/HDDGabriel/engines/godot/core/io/resource_importer.h,18,1,19
/media/ullmann/HDDGabriel/engines/godot/thirdparty/embree/kernels/geometry/quadi_intersector.h,1,3,4
/media/ullmann/HDDGabriel/engines/godot/editor/plugins/curve_editor_plugin.h,2,4,6
/media/ullmann/HDDGabriel/engines/godot/modules/websocket/emws_peer.cpp,0,2,2
/media/ullmann/HDDGabriel/engines/godot/thirdparty/bullet/Bullet3Dynamics/ConstraintSolver/b3PgsJacobiSolver.h,1,4,5
/media/ullmann/HDDGabriel/engines/godot/servers/physics_2d/collision_solver_2d_sw.cpp,0,2,2
/media/ullmann/HDDGabriel/engines/godot/servers/physics_2d/collision_solver_2d_sw.h,6,1,7
/media/ullmann/HDDGabriel/engines/godot/thirdparty/freetype/src/pfr/pfrcmap.c,1,3,4
/media/ullmann/HDDGabriel/engines/godot/thirdparty/oidn/mkl-dnn/src/cpu/jit_avx512_core_fp32_wino_conv_2x3.hpp,1,4,5
/media/ullmann/HDDGabriel/engines/godot/scene/gui/scroll_bar.cpp,0,4,4
/media/ullmann/HDDGabriel/engines/godot/thirdparty/embree/common/sys/mutex.cpp,0,2,2
/media/ullmann/HDDGabriel/engines/godot/editor/plugins/abstract_polygon_2d_editor.cpp,0,4,4
/media/ullmann/HDDGabriel/engines/godot/modules/websocket/emws_client.cpp,0,3,3
/media/ullmann/HDDGabriel/engines/godot/thirdparty/freetype/src/autofit/afglobal.h,8,5,13
/media/ullmann/HDDGabriel/engines/godot/servers/audio/effects/audio_effect_panner.h,2,1,3
/media/ullmann/HDDGabriel/engines/godot/scene/3d/visibility_notifier.cpp,0,8,8
/media/ullmann/HDDGabriel/engines/godot/thirdparty/freetype/src/gxvalid/gxvcommn.c,1,1,2
/media/ullmann/HDDGabriel/engines/godot/thirdparty/etc2comp/EtcColorFloatRGBA.h,7,2,9
/media/ullmann/HDDGabriel/engines/godot/thirdparty/embree/include/embree3/rtcore_common.h,4,1,5
/media/ullmann/HDDGabriel/engines/godot/thirdparty/bullet/Bullet3OpenCL/RigidBody/b3GpuPgsContactSolver.cpp,0,8,8
/media/ullmann/HDDGabriel/engines/godot/thirdparty/bullet/Bullet3OpenCL/RigidBody/b3Solver.h,3,1,4
/media/ullmann/HDDGabriel/engines/godot/thirdparty/freetype/src/psnames/psnames.c,0,1,1
/media/ullmann/HDDGabriel/engines/godot/scene/gui/text_edit.h,13,4,17
/media/ullmann/HDDGabriel/engines/godot/modules/gdnative/nativescript/register_types.cpp,0,5,5
/media/ullmann/HDDGabriel/engines/godot/core/io/file_access_zip.h,2,3,5
/media/ullmann/HDDGabriel/engines/godot/thirdparty/bullet/BulletCollision/CollisionDispatch/btBoxBoxDetector.h,2,0,2
/media/ullmann/HDDGabriel/engines/godot/thirdparty/bullet/Bullet3Serialize/Bullet2FileLoader/b3Common.h,3,0,3
/media/ullmann/HDDGabriel/engines/godot/modules/vorbis/register_types.h,2,0,2
/media/ullmann/HDDGabriel/engines/godot/thirdparty/pcre2/src/sljit/sljitNativeS390X.c,1,0,1
/media/ullmann/HDDGabriel/engines/godot/thirdparty/bullet/BulletDynamics/ConstraintSolver/btHinge2Constraint.cpp,1,1,2
/media/ullmann/HDDGabriel/engines/godot/scene/resources/animation.cpp,0,3,3
/media/ullmann/HDDGabriel/engines/godot/thirdparty/freetype/src/pcf/pcfutil.h,2,0,2
/media/ullmann/HDDGabriel/engines/godot/thirdparty/embree/kernels/hash.h,1,0,1
/media/ullmann/HDDGabriel/engines/godot/scene/resources/font.cpp,0,3,3
/media/ullmann/HDDGabriel/engines/godot/platform/windows/context_gl_windows.h,2,2,4
/media/ullmann/HDDGabriel/engines/godot/thirdparty/bullet/LinearMath/btScalar.h,10,0,10
/media/ullmann/HDDGabriel/engines/godot/thirdparty/bullet/Bullet3OpenCL/RigidBody/kernels/solverSetup2.h,2,0,2
/media/ullmann/HDDGabriel/engines/godot/thirdparty/zstd/compress/zstd_opt.c,0,3,3
/media/ullmann/HDDGabriel/engines/godot/scene/audio/audio_stream_player.cpp,0,2,2
/media/ullmann/HDDGabriel/engines/godot/thirdparty/bullet/BulletSoftBody/btSoftSoftCollisionAlgorithm.cpp,0,2,2
/media/ullmann/HDDGabriel/engines/godot/thirdparty/libtheora/apiwrapper.c,0,1,1
/media/ullmann/HDDGabriel/engines/godot/servers/audio/effects/audio_stream_generator.h,2,2,4
/media/ullmann/HDDGabriel/engines/godot/scene/resources/plane_shape.cpp,0,2,2
/media/ullmann/HDDGabriel/engines/godot/thirdparty/oidn/mkl-dnn/src/cpu/jit_avx512_common_convolution_winograd.hpp,1,3,4
/media/ullmann/HDDGabriel/engines/godot/scene/2d/light_2d.cpp,0,3,3
/media/ullmann/HDDGabriel/engines/godot/scene/gui/viewport_container.cpp,0,3,3
/media/ullmann/HDDGabriel/engines/godot/scene/gui/viewport_container.h,6,1,7
/media/ullmann/HDDGabriel/engines/godot/modules/mono/utils/osx_utils.h,2,1,3
/media/ullmann/HDDGabriel/engines/godot/thirdparty/oidn/mkl-dnn/src/cpu/cpu_reorder_pd.hpp,4,0,4
/media/ullmann/HDDGabriel/engines/godot/thirdparty/libvpx/vp8/decoder/onyxd_if.c,0,3,3
/media/ullmann/HDDGabriel/engines/godot/thirdparty/libvpx/vp8/decoder/onyxd_int.h,8,1,9
/media/ullmann/HDDGabriel/engines/godot/main/tests/test_ordered_hash_map.h,2,1,3
/media/ullmann/HDDGabriel/engines/godot/thirdparty/pvrtccompressor/PvrTcPacket.cpp,0,2,2
/media/ullmann/HDDGabriel/engines/godot/platform/android/thread_jandroid.h,8,0,8
/media/ullmann/HDDGabriel/engines/godot/modules/visual_script/visual_script_flow_control.cpp,0,4,4
/media/ullmann/HDDGabriel/engines/godot/scene/gui/margin_container.cpp,0,1,1
/media/ullmann/HDDGabriel/engines/godot/core/io/logger.h,5,3,8
/media/ullmann/HDDGabriel/engines/godot/editor/editor_fonts.h,2,1,3
/media/ullmann/HDDGabriel/engines/godot/editor/dependency_editor.cpp,0,6,6
/media/ullmann/HDDGabriel/engines/godot/modules/denoise/lightmap_denoiser.cpp,0,2,2
/media/ullmann/HDDGabriel/engines/godot/modules/denoise/denoise_wrapper.h,2,0,2
/media/ullmann/HDDGabriel/engines/godot/thirdparty/oidn/mkl-dnn/src/cpu/gemm_inner_product.hpp,1,3,4
/media/ullmann/HDDGabriel/engines/godot/thirdparty/opus/celt/mfrngcod.h,2,1,3
/media/ullmann/HDDGabriel/engines/godot/scene/3d/multimesh_instance.h,8,2,10
/media/ullmann/HDDGabriel/engines/godot/thirdparty/oidn/mkl-dnn/src/common/batch_normalization.cpp,0,3,3
/media/ullmann/HDDGabriel/engines/godot/scene/2d/position_2d.cpp,0,3,3
/media/ullmann/HDDGabriel/engines/godot/thirdparty/freetype/src/autofit/afdummy.c,1,3,4
/media/ullmann/HDDGabriel/engines/godot/thirdparty/freetype/src/autofit/aferrors.h,9,0,9
/media/ullmann/HDDGabriel/engines/godot/thirdparty/embree/kernels/bvh/bvh_rotate.h,2,1,3
/media/ullmann/HDDGabriel/engines/godot/thirdparty/libvpx/vp8/common/setupintrarecon.c,0,1,1
/media/ullmann/HDDGabriel/engines/godot/thirdparty/libvpx/vp8/common/setupintrarecon.h,1,0,1
/media/ullmann/HDDGabriel/engines/godot/core/math/random_pcg.h,3,2,5
/media/ullmann/HDDGabriel/engines/godot/thirdparty/opus/silk/float/autocorrelation_FLP.c,0,1,1
/media/ullmann/HDDGabriel/engines/godot/modules/fbx/fbx_parser/FBXNodeAttribute.cpp,0,3,3
/media/ullmann/HDDGabriel/engines/godot/thirdparty/squish/rangefit.h,2,3,5
/media/ullmann/HDDGabriel/engines/godot/thirdparty/oidn/mkl-dnn/src/cpu/jit_avx512_common_1x1_convolution.hpp,1,6,7
/media/ullmann/HDDGabriel/engines/godot/thirdparty/embree/kernels/geometry/grid_soa_intersector1.h,2,3,5
/media/ullmann/HDDGabriel/engines/godot/scene/2d/cpu_particles_2d.cpp,0,6,6
/media/ullmann/HDDGabriel/engines/godot/thirdparty/bullet/BulletSoftBody/btDeformableBodySolver.cpp,0,2,2
/media/ullmann/HDDGabriel/engines/godot/scene/2d/path_2d.cpp,0,4,4
/media/ullmann/HDDGabriel/engines/godot/thirdparty/etc2comp/EtcBlock4x4Encoding_RG11.cpp,0,4,4
/media/ullmann/HDDGabriel/engines/godot/servers/audio/audio_filter_sw.cpp,0,1,1
/media/ullmann/HDDGabriel/engines/godot/servers/audio/audio_filter_sw.h,4,1,5
/media/ullmann/HDDGabriel/engines/godot/thirdparty/opus/silk/float/LTP_scale_ctrl_FLP.c,0,1,1
/media/ullmann/HDDGabriel/engines/godot/thirdparty/oidn/mkl-dnn/src/cpu/jit_sse42_1x1_conv_kernel_f32.cpp,0,2,2
/media/ullmann/HDDGabriel/engines/godot/servers/physics_server.cpp,0,3,3
/media/ullmann/HDDGabriel/engines/godot/editor/plugins/animation_blend_space_2d_editor.cpp,0,12,12
/media/ullmann/HDDGabriel/engines/godot/thirdparty/freetype/src/sfnt/sfwoff2.c,1,2,3
/media/ullmann/HDDGabriel/engines/godot/thirdparty/freetype/src/sfnt/sfwoff2.h,2,0,2
/media/ullmann/HDDGabriel/engines/godot/thirdparty/embree/common/lexers/tokenstream.h,2,1,3
/media/ullmann/HDDGabriel/engines/godot/drivers/unix/file_access_unix.h,4,2,6
/media/ullmann/HDDGabriel/engines/godot/thirdparty/opus/stream.c,0,2,2
/media/ullmann/HDDGabriel/engines/godot/main/performance.h,3,1,4
/media/ullmann/HDDGabriel/engines/godot/scene/2d/collision_polygon_2d.cpp,0,6,6
/media/ullmann/HDDGabriel/engines/godot/thirdparty/oidn/mkl-dnn/src/cpu/cpu_sum.cpp,0,1,1
/media/ullmann/HDDGabriel/engines/godot/editor/plugins/physical_bone_plugin.cpp,0,3,3
/media/ullmann/HDDGabriel/engines/godot/thirdparty/libvorbis/envelope.h,4,1,5
/media/ullmann/HDDGabriel/engines/godot/thirdparty/libvorbis/mdct.h,6,1,7
/media/ullmann/HDDGabriel/engines/godot/thirdparty/mbedtls/library/xtea.c,0,1,1
/media/ullmann/HDDGabriel/engines/godot/modules/fbx/fbx_parser/FBXDocument.cpp,0,7,7
/media/ullmann/HDDGabriel/engines/godot/scene/2d/cpu_particles_2d.h,5,3,8
/media/ullmann/HDDGabriel/engines/godot/thirdparty/bullet/BulletSoftBody/btConjugateGradient.h,1,1,2
/media/ullmann/HDDGabriel/engines/godot/modules/gdscript/gdscript_tokenizer.cpp,0,5,5
/media/ullmann/HDDGabriel/engines/godot/editor/plugins/asset_library_editor_plugin.cpp,0,7,7
/media/ullmann/HDDGabriel/engines/godot/thirdparty/freetype/src/psaux/psintrp.h,3,2,5
/media/ullmann/HDDGabriel/engines/godot/modules/minimp3/resource_importer_mp3.cpp,0,4,4
/media/ullmann/HDDGabriel/engines/godot/thirdparty/bullet/BulletCollision/CollisionDispatch/btBox2dBox2dCollisionAlgorithm.cpp,1,1,2
/media/ullmann/HDDGabriel/engines/godot/thirdparty/embree/kernels/subdiv/patch_eval_grid.h,1,2,3
/media/ullmann/HDDGabriel/engines/godot/scene/resources/cylinder_shape.h,4,1,5
/media/ullmann/HDDGabriel/engines/godot/thirdparty/freetype/src/psnames/pstables.h,1,0,1
/media/ullmann/HDDGabriel/engines/godot/thirdparty/bullet/BulletDynamics/MLCPSolvers/btLemkeSolver.h,0,2,2
/media/ullmann/HDDGabriel/engines/godot/thirdparty/bullet/BulletDynamics/MLCPSolvers/btLemkeAlgorithm.h,2,0,2
/media/ullmann/HDDGabriel/engines/godot/thirdparty/freetype/src/sfnt/ttpost.h,3,0,3
/media/ullmann/HDDGabriel/engines/godot/thirdparty/oidn/mkl-dnn/src/cpu/jit_avx512_core_x8s8s32x_1x1_deconvolution.hpp,0,5,5
/media/ullmann/HDDGabriel/engines/godot/thirdparty/libvpx/vp8/common/blockd.h,12,2,14
/media/ullmann/HDDGabriel/engines/godot/thirdparty/libvpx/vp8/common/mv.h,2,0,2
/media/ullmann/HDDGabriel/engines/godot/thirdparty/zlib/inftrees.c,0,2,2
/media/ullmann/HDDGabriel/engines/godot/thirdparty/zlib/inftrees.h,4,0,4
/media/ullmann/HDDGabriel/engines/godot/drivers/alsa/audio_driver_alsa.h,2,4,6
/media/ullmann/HDDGabriel/engines/godot/thirdparty/freetype/src/pfr/pfrdrivr.h,1,0,1
/media/ullmann/HDDGabriel/engines/godot/thirdparty/oidn/mkl-dnn/src/cpu/simple_sum.cpp,0,1,1
/media/ullmann/HDDGabriel/engines/godot/thirdparty/oidn/mkl-dnn/src/cpu/simple_sum.hpp,1,2,3
/media/ullmann/HDDGabriel/engines/godot/thirdparty/etc2comp/EtcErrorMetric.h,5,0,5
/media/ullmann/HDDGabriel/engines/godot/core/bitfield_dynamic.h,4,1,5
/media/ullmann/HDDGabriel/engines/godot/modules/mobile_vr/mobile_vr_interface.h,2,2,4
/media/ullmann/HDDGabriel/engines/godot/thirdparty/opus/celt/vq.c,0,8,8
/media/ullmann/HDDGabriel/engines/godot/thirdparty/opus/celt/bands.h,5,5,10
/media/ullmann/HDDGabriel/engines/godot/scene/animation/skeleton_ik.h,3,2,5
/media/ullmann/HDDGabriel/engines/godot/modules/mono/mono_gd/gd_mono_method.cpp,0,5,5
/media/ullmann/HDDGabriel/engines/godot/thirdparty/oidn/mkl-dnn/src/cpu/cpu_memory.cpp,0,1,1
/media/ullmann/HDDGabriel/engines/godot/scene/resources/sphere_shape.cpp,0,2,2
/media/ullmann/HDDGabriel/engines/godot/core/paged_allocator.h,1,3,4
/media/ullmann/HDDGabriel/engines/godot/thirdparty/bullet/BulletCollision/CollisionDispatch/btSphereBoxCollisionAlgorithm.cpp,1,1,2
/media/ullmann/HDDGabriel/engines/godot/core/math/triangulate.h,2,1,3
/media/ullmann/HDDGabriel/engines/godot/core/math/vector2.h,14,2,16
/media/ullmann/HDDGabriel/engines/godot/thirdparty/bullet/BulletDynamics/Featherstone/btMultiBodySphericalJointMotor.h,1,1,2
/media/ullmann/HDDGabriel/engines/godot/scene/gui/label.cpp,0,4,4
/media/ullmann/HDDGabriel/engines/godot/thirdparty/embree/kernels/geometry/grid_intersector.h,0,4,4
/media/ullmann/HDDGabriel/engines/godot/scene/2d/mesh_instance_2d.cpp,0,1,1
/media/ullmann/HDDGabriel/engines/godot/thirdparty/pcre2/src/sljit/sljitNativePPC_32.c,1,0,1
/media/ullmann/HDDGabriel/engines/godot/drivers/gles2/shaders/copy.glsl.gen.h,1,1,2
/media/ullmann/HDDGabriel/engines/godot/thirdparty/bullet/BulletSoftBody/btCGProjection.h,1,1,2
/media/ullmann/HDDGabriel/engines/godot/thirdparty/embree/common/math/linearspace2.h,2,1,3
/media/ullmann/HDDGabriel/engines/godot/thirdparty/pcre2/src/pcre2_extuni.c,0,2,2
/media/ullmann/HDDGabriel/engines/godot/thirdparty/opus/celt/entenc.h,8,1,9
/media/ullmann/HDDGabriel/engines/godot/modules/gltf/gltf_skin.h,4,2,6
/media/ullmann/HDDGabriel/engines/godot/thirdparty/freetype/src/sfnt/ttcmapc.h,2,0,2
/media/ullmann/HDDGabriel/engines/godot/thirdparty/freetype/src/type42/t42drivr.c,1,3,4
/media/ullmann/HDDGabriel/engines/godot/thirdparty/bullet/Bullet3Geometry/b3ConvexHullComputer.cpp,0,1,1
/media/ullmann/HDDGabriel/engines/godot/thirdparty/bullet/Bullet3Geometry/b3ConvexHullComputer.h,1,0,1
/media/ullmann/HDDGabriel/engines/godot/drivers/gles2/shaders/scene.glsl.gen.h,1,1,2
/media/ullmann/HDDGabriel/engines/godot/thirdparty/oidn/mkl-dnn/src/cpu/ref_concat.hpp,0,2,2
/media/ullmann/HDDGabriel/engines/godot/thirdparty/embree/kernels/geometry/curveNi_mb_intersector.h,2,2,4
/media/ullmann/HDDGabriel/engines/godot/platform/iphone/os_iphone.h,0,9,9
/media/ullmann/HDDGabriel/engines/godot/drivers/dummy/rasterizer_dummy.h,1,5,6
/media/ullmann/HDDGabriel/engines/godot/thirdparty/libtheora/huffenc.h,3,1,4
/media/ullmann/HDDGabriel/engines/godot/thirdparty/bullet/BulletDynamics/Dynamics/btSimpleDynamicsWorld.cpp,1,1,2
/media/ullmann/HDDGabriel/engines/godot/thirdparty/bullet/BulletDynamics/Dynamics/btRigidBody.cpp,1,1,2
/media/ullmann/HDDGabriel/engines/godot/thirdparty/bullet/BulletDynamics/Dynamics/btRigidBody.h,3,0,3
/media/ullmann/HDDGabriel/engines/godot/modules/gdnative/net/register_types.cpp,0,4,4
/media/ullmann/HDDGabriel/engines/godot/modules/gdnative/net/packet_peer_gdnative.h,2,3,5
/media/ullmann/HDDGabriel/engines/godot/thirdparty/etc2comp/EtcBlock4x4Encoding_RG11.h,2,2,4
/media/ullmann/HDDGabriel/engines/godot/scene/resources/concave_polygon_shape.cpp,0,2,2
/media/ullmann/HDDGabriel/engines/godot/thirdparty/libtheora/fdct.c,0,2,2
/media/ullmann/HDDGabriel/engines/godot/thirdparty/libtheora/dct.h,4,0,4
/media/ullmann/HDDGabriel/engines/godot/servers/physics/joints/hinge_joint_sw.cpp,0,1,1
/media/ullmann/HDDGabriel/engines/godot/drivers/unix/dir_access_unix.h,5,1,6
/media/ullmann/HDDGabriel/engines/godot/thirdparty/bullet/LinearMath/btAabbUtil2.h,0,3,3
/media/ullmann/HDDGabriel/engines/godot/thirdparty/bullet/LinearMath/btTransform.h,5,1,6
/media/ullmann/HDDGabriel/engines/godot/thirdparty/libvpx/vp8/decoder/threading.c,0,2,2
/media/ullmann/HDDGabriel/engines/godot/thirdparty/libvpx/vp8/decoder/detokenize.h,4,1,5
/media/ullmann/HDDGabriel/engines/godot/scene/resources/box_shape.h,7,1,8
/media/ullmann/HDDGabriel/engines/godot/modules/fbx/data/fbx_bone.h,3,2,5
/media/ullmann/HDDGabriel/engines/godot/scene/animation/animation_blend_tree.cpp,0,2,2
/media/ullmann/HDDGabriel/engines/godot/thirdparty/embree/kernels/geometry/triangle_intersector.h,1,2,3
/media/ullmann/HDDGabriel/engines/godot/thirdparty/freetype/src/truetype/ttgload.h,3,2,5
/media/ullmann/HDDGabriel/engines/godot/thirdparty/freetype/src/truetype/ttinterp.h,4,1,5
/media/ullmann/HDDGabriel/engines/godot/thirdparty/bullet/BulletCollision/CollisionShapes/btSphereShape.h,3,1,4
/media/ullmann/HDDGabriel/engines/godot/scene/3d/voxel_light_baker.h,3,2,5
/media/ullmann/HDDGabriel/engines/godot/scene/resources/physics_material.h,4,2,6
/media/ullmann/HDDGabriel/engines/godot/thirdparty/bullet/BulletInverseDynamics/IDMath.hpp,4,1,5
/media/ullmann/HDDGabriel/engines/godot/modules/mono/glue/collections_glue.h,2,2,4
/media/ullmann/HDDGabriel/engines/godot/thirdparty/libvpx/vp8/common/onyxc_int.h,9,4,13
/media/ullmann/HDDGabriel/engines/godot/thirdparty/freetype/src/autofit/afshaper.c,1,5,6
/media/ullmann/HDDGabriel/engines/godot/thirdparty/oidn/mkl-dnn/src/common/mkldnn_thread_parallel_nd.hpp,1,0,1
/media/ullmann/HDDGabriel/engines/godot/editor/plugins/item_list_editor_plugin.cpp,0,3,3
/media/ullmann/HDDGabriel/engines/godot/thirdparty/libvorbis/envelope.c,0,7,7
/media/ullmann/HDDGabriel/engines/godot/thirdparty/freetype/src/psaux/psread.h,1,0,1
/media/ullmann/HDDGabriel/engines/godot/thirdparty/freetype/src/pcf/pcf.h,2,0,2
/media/ullmann/HDDGabriel/engines/godot/editor/code_editor.cpp,0,10,10
/media/ullmann/HDDGabriel/engines/godot/thirdparty/embree/kernels/geometry/curveNv.h,4,1,5
/media/ullmann/HDDGabriel/engines/godot/thirdparty/embree/kernels/geometry/pointi.h,2,1,3
/media/ullmann/HDDGabriel/engines/godot/servers/physics/collision_solver_sw.cpp,0,3,3
/media/ullmann/HDDGabriel/engines/godot/servers/physics/gjk_epa.h,3,2,5
/media/ullmann/HDDGabriel/engines/godot/thirdparty/libtheora/x86_vc/mmxidct.c,0,2,2
/media/ullmann/HDDGabriel/engines/godot/thirdparty/miniupnpc/miniupnpc/upnpdev.c,0,1,1
/media/ullmann/HDDGabriel/engines/godot/thirdparty/miniupnpc/miniupnpc/upnpdev.h,3,1,4
/media/ullmann/HDDGabriel/engines/godot/drivers/unix/dir_access_unix.cpp,0,4,4
/media/ullmann/HDDGabriel/engines/godot/thirdparty/freetype/src/cff/cfferrs.h,6,0,6
/media/ullmann/HDDGabriel/engines/godot/servers/visual_server.cpp,0,2,2
/media/ullmann/HDDGabriel/engines/godot/thirdparty/bullet/LinearMath/btConvexHull.h,1,2,3
/media/ullmann/HDDGabriel/engines/godot/thirdparty/bullet/BulletCollision/Gimpact/gim_basic_geometry_operations.h,2,1,3
/media/ullmann/HDDGabriel/engines/godot/scene/resources/cylinder_shape.cpp,0,2,2
/media/ullmann/HDDGabriel/engines/godot/thirdparty/etc2comp/EtcIndividualTrys.h,2,1,3
/media/ullmann/HDDGabriel/engines/godot/thirdparty/bullet/Bullet3OpenCL/NarrowphaseCollision/b3ConvexHullContact.cpp,0,7,7
/media/ullmann/HDDGabriel/engines/godot/thirdparty/bullet/Bullet3OpenCL/NarrowphaseCollision/kernels/satKernels.h,1,0,1
/media/ullmann/HDDGabriel/engines/godot/thirdparty/oidn/mkl-dnn/src/common/stream.hpp,2,2,4
/media/ullmann/HDDGabriel/engines/godot/editor/plugins/sprite_frames_editor_plugin.h,2,8,10
/media/ullmann/HDDGabriel/engines/godot/editor/editor_help.cpp,0,8,8
/media/ullmann/HDDGabriel/engines/godot/scene/3d/camera.cpp,0,6,6
/media/ullmann/HDDGabriel/engines/godot/thirdparty/freetype/src/sfnt/ttsbit.c,1,4,5
/media/ullmann/HDDGabriel/engines/godot/thirdparty/bullet/LinearMath/btQuadWord.h,1,2,3
/media/ullmann/HDDGabriel/engines/godot/thirdparty/freetype/src/psaux/psfont.c,1,5,6
/media/ullmann/HDDGabriel/engines/godot/editor/editor_layouts_dialog.h,2,1,3
/media/ullmann/HDDGabriel/engines/godot/modules/gdnative/pluginscript/pluginscript_script.h,5,2,7
/media/ullmann/HDDGabriel/engines/godot/editor/editor_run_native.h,2,2,4
/media/ullmann/HDDGabriel/engines/godot/core/os/memory.cpp,0,3,3
/media/ullmann/HDDGabriel/engines/godot/platform/javascript/audio_driver_javascript.h,2,4,6
/media/ullmann/HDDGabriel/engines/godot/platform/javascript/godot_audio.h,1,0,1
/media/ullmann/HDDGabriel/engines/godot/thirdparty/embree/kernels/geometry/trianglev_intersector.h,1,4,5
/media/ullmann/HDDGabriel/engines/godot/thirdparty/embree/kernels/geometry/triangle_intersector_woop.h,1,2,3
/media/ullmann/HDDGabriel/engines/godot/thirdparty/squish/colourblock.h,5,2,7
/media/ullmann/HDDGabriel/engines/godot/scene/2d/audio_stream_player_2d.cpp,0,5,5
/media/ullmann/HDDGabriel/engines/godot/modules/gdscript/language_server/gdscript_workspace.h,3,5,8
/media/ullmann/HDDGabriel/engines/godot/thirdparty/freetype/src/sfnt/ttcolr.c,1,1,2
/media/ullmann/HDDGabriel/engines/godot/thirdparty/freetype/src/sfnt/ttcolr.h,2,1,3
/media/ullmann/HDDGabriel/engines/godot/thirdparty/embree/kernels/subdiv/feature_adaptive_eval_grid.h,2,5,7
/media/ullmann/HDDGabriel/engines/godot/thirdparty/embree/kernels/subdiv/bspline_patch.h,3,2,5
/media/ullmann/HDDGabriel/engines/godot/modules/gltf/register_types.cpp,0,17,17
/media/ullmann/HDDGabriel/engines/godot/modules/gdnative/gdnative/node_path.cpp,0,2,2
/media/ullmann/HDDGabriel/engines/godot/core/node_path.h,8,2,10
/media/ullmann/HDDGabriel/engines/godot/thirdparty/libvorbis/modes/setup_8.h,1,2,3
/media/ullmann/HDDGabriel/engines/godot/thirdparty/libvorbis/modes/residue_8.h,1,0,1
/media/ullmann/HDDGabriel/engines/godot/editor/plugins/path_editor_plugin.h,2,2,4
/media/ullmann/HDDGabriel/engines/godot/scene/gui/base_button.cpp,0,4,4
/media/ullmann/HDDGabriel/engines/godot/thirdparty/pvrtccompressor/MortonTable.cpp,0,1,1
/media/ullmann/HDDGabriel/engines/godot/thirdparty/pvrtccompressor/MortonTable.h,3,0,3
/media/ullmann/HDDGabriel/engines/godot/thirdparty/bullet/BulletCollision/NarrowPhaseCollision/btConvexCast.h,4,0,4
/media/ullmann/HDDGabriel/engines/godot/editor/editor_layouts_dialog.cpp,0,7,7
/media/ullmann/HDDGabriel/engines/godot/main/tests/test_shader_lang.h,2,1,3
/media/ullmann/HDDGabriel/engines/godot/thirdparty/bullet/BulletCollision/Gimpact/btGImpactBvh.h,3,3,6
/media/ullmann/HDDGabriel/engines/godot/thirdparty/bullet/BulletCollision/Gimpact/btTriangleShapeEx.h,5,3,8
/media/ullmann/HDDGabriel/engines/godot/core/io/net_socket.h,8,2,10
/media/ullmann/HDDGabriel/engines/godot/thirdparty/libwebp/src/webp/mux.h,0,1,1
/media/ullmann/HDDGabriel/engines/godot/thirdparty/libwebp/src/webp/mux_types.h,2,1,3
/media/ullmann/HDDGabriel/engines/godot/modules/visual_script/visual_script_editor.h,2,6,8
/media/ullmann/HDDGabriel/engines/godot/modules/jsonrpc/register_types.h,2,0,2
/media/ullmann/HDDGabriel/engines/godot/thirdparty/bullet/BulletCollision/CollisionDispatch/btConvexConvexAlgorithm.h,1,3,4
/media/ullmann/HDDGabriel/engines/godot/thirdparty/bullet/BulletCollision/CollisionDispatch/btActivatingCollisionAlgorithm.h,8,0,8
/media/ullmann/HDDGabriel/engines/godot/drivers/alsa/audio_driver_alsa.cpp,0,3,3
/media/ullmann/HDDGabriel/engines/godot/editor/editor_spin_slider.cpp,0,6,6
/media/ullmann/HDDGabriel/engines/godot/modules/gltf/gltf_animation.h,5,1,6
/media/ullmann/HDDGabriel/engines/godot/thirdparty/freetype/src/base/fthash.c,1,0,1
/media/ullmann/HDDGabriel/engines/godot/core/io/resource_format_binary.cpp,0,7,7
/media/ullmann/HDDGabriel/engines/godot/platform/javascript/audio_driver_javascript.cpp,0,2,2
/media/ullmann/HDDGabriel/engines/godot/thirdparty/bullet/Bullet3OpenCL/ParallelPrimitives/b3BoundSearchCL.cpp,0,3,3
/media/ullmann/HDDGabriel/engines/godot/editor/plugins/particles_2d_editor_plugin.h,2,6,8
/media/ullmann/HDDGabriel/engines/godot/thirdparty/freetype/src/gxvalid/gxvfeat.h,2,2,4
/media/ullmann/HDDGabriel/engines/godot/servers/audio/effects/audio_stream_generator.cpp,0,1,1
/media/ullmann/HDDGabriel/engines/godot/core/simple_type.h,1,0,1
/media/ullmann/HDDGabriel/engines/godot/thirdparty/bullet/Bullet3OpenCL/NarrowphaseCollision/b3TriangleIndexVertexArray.cpp,0,1,1
/media/ullmann/HDDGabriel/engines/godot/thirdparty/bullet/Bullet3OpenCL/NarrowphaseCollision/b3TriangleIndexVertexArray.h,1,1,2
/media/ullmann/HDDGabriel/engines/godot/editor/scene_tree_editor.cpp,0,10,10
/media/ullmann/HDDGabriel/engines/godot/modules/lightmapper_cpu/lightmapper_cpu.h,2,4,6
/media/ullmann/HDDGabriel/engines/godot/thirdparty/zlib/compress.c,0,1,1
/media/ullmann/HDDGabriel/engines/godot/thirdparty/zlib/zlib.h,4,1,5
/media/ullmann/HDDGabriel/engines/godot/core/color.cpp,0,5,5
/media/ullmann/HDDGabriel/engines/godot/thirdparty/freetype/src/sfnt/woff2tags.h,2,0,2
/media/ullmann/HDDGabriel/engines/godot/modules/csg/csg.cpp,0,4,4
/media/ullmann/HDDGabriel/engines/godot/modules/bullet/space_bullet.h,9,5,14
/media/ullmann/HDDGabriel/engines/godot/thirdparty/libvpx/vp8/common/loopfilter.h,3,0,3
/media/ullmann/HDDGabriel/engines/godot/editor/plugins/camera_editor_plugin.h,2,3,5
/media/ullmann/HDDGabriel/engines/godot/thirdparty/pcre2/src/pcre2_pattern_info.c,0,2,2
/media/ullmann/HDDGabriel/engines/godot/platform/android/export/godot_plugin_config.cpp,0,1,1
/media/ullmann/HDDGabriel/engines/godot/core/os/dir_access.cpp,0,5,5
/media/ullmann/HDDGabriel/engines/godot/thirdparty/oidn/mkl-dnn/src/cpu/cpu_pooling_pd.hpp,6,0,6
/media/ullmann/HDDGabriel/engines/godot/modules/stb_vorbis/register_types.h,2,0,2
/media/ullmann/HDDGabriel/engines/godot/modules/gdscript/language_server/gdscript_workspace.cpp,0,10,10
/media/ullmann/HDDGabriel/engines/godot/thirdparty/oidn/mkl-dnn/src/cpu/cpu_barrier.cpp,0,1,1
/media/ullmann/HDDGabriel/engines/godot/modules/fbx/fbx_parser/FBXPose.cpp,0,2,2
/media/ullmann/HDDGabriel/engines/godot/editor/editor_atlas_packer.h,2,3,5
/media/ullmann/HDDGabriel/engines/godot/servers/audio/audio_rb_resampler.cpp,0,4,4
/media/ullmann/HDDGabriel/engines/godot/drivers/gles_common/rasterizer_canvas_batcher.h,2,7,9
/media/ullmann/HDDGabriel/engines/godot/drivers/gles_common/rasterizer_storage_common.h,2,0,2
/media/ullmann/HDDGabriel/engines/godot/core/crypto/hashing_context.h,3,1,4
/media/ullmann/HDDGabriel/engines/godot/thirdparty/oidn/mkl-dnn/src/cpu/jit_avx512_common_conv_kernel.cpp,0,2,2
/media/ullmann/HDDGabriel/engines/godot/thirdparty/oidn/mkl-dnn/src/cpu/jit_avx512_common_conv_kernel.hpp,2,3,5
/media/ullmann/HDDGabriel/engines/godot/thirdparty/libvorbis/lookup.c,1,4,5
/media/ullmann/HDDGabriel/engines/godot/thirdparty/bullet/BulletInverseDynamics/details/IDLinearMathInterface.hpp,1,4,5
/media/ullmann/HDDGabriel/engines/godot/thirdparty/bullet/BulletCollision/Gimpact/btTriangleShapeEx.cpp,1,1,2
/media/ullmann/HDDGabriel/engines/godot/editor/editor_feature_profile.cpp,0,6,6
/media/ullmann/HDDGabriel/engines/godot/core/sort_array.h,9,2,11
/media/ullmann/HDDGabriel/engines/godot/thirdparty/bullet/BulletCollision/CollisionShapes/btCylinderShape.cpp,1,1,2
/media/ullmann/HDDGabriel/engines/godot/thirdparty/bullet/BulletCollision/CollisionShapes/btCylinderShape.h,3,1,4
/media/ullmann/HDDGabriel/engines/godot/editor/import/resource_importer_texture.cpp,0,6,6
/media/ullmann/HDDGabriel/engines/godot/thirdparty/mbedtls/library/chachapoly.c,0,1,1
/media/ullmann/HDDGabriel/engines/godot/thirdparty/opus/silk/tables_LTP.c,0,1,1
/media/ullmann/HDDGabriel/engines/godot/thirdparty/oidn/mkl-dnn/src/cpu/rnn/rnn_utils.cpp,0,2,2
/media/ullmann/HDDGabriel/engines/godot/thirdparty/oidn/mkl-dnn/src/cpu/cpu_batch_normalization_pd.hpp,4,0,4
/media/ullmann/HDDGabriel/engines/godot/thirdparty/vhacd/inc/vhacdICHull.h,0,2,2
/media/ullmann/HDDGabriel/engines/godot/thirdparty/freetype/include/ft2build.h,0,1,1
/media/ullmann/HDDGabriel/engines/godot/thirdparty/freetype/include/freetype/config/ftheader.h,1,0,1
/media/ullmann/HDDGabriel/engines/godot/scene/resources/texture.cpp,0,7,7
/media/ullmann/HDDGabriel/engines/godot/scene/animation/animation_cache.h,2,2,4
/media/ullmann/HDDGabriel/engines/godot/scene/gui/video_player.cpp,0,4,4
/media/ullmann/HDDGabriel/engines/godot/thirdparty/oidn/core/device.cpp,0,2,2
/media/ullmann/HDDGabriel/engines/godot/modules/visual_script/visual_script_yield_nodes.cpp,0,5,5
/media/ullmann/HDDGabriel/engines/godot/drivers/xaudio2/audio_driver_xaudio2.h,3,3,6
/media/ullmann/HDDGabriel/engines/godot/servers/audio/effects/audio_effect_compressor.cpp,0,2,2
/media/ullmann/HDDGabriel/engines/godot/editor/animation_track_editor_plugins.h,2,1,3
/media/ullmann/HDDGabriel/engines/godot/thirdparty/bullet/BulletCollision/NarrowPhaseCollision/btPolyhedralContactClipping.cpp,1,1,2
/media/ullmann/HDDGabriel/engines/godot/thirdparty/minizip/zip.c,0,2,2
/media/ullmann/HDDGabriel/engines/godot/thirdparty/minizip/zip.h,3,1,4
/media/ullmann/HDDGabriel/engines/godot/platform/javascript/api/javascript_singleton.h,2,2,4
/media/ullmann/HDDGabriel/engines/godot/thirdparty/freetype/src/type1/t1parse.h,2,0,2
/media/ullmann/HDDGabriel/engines/godot/thirdparty/freetype/src/autofit/afindic.h,2,1,3
/media/ullmann/HDDGabriel/engines/godot/scene/resources/primitive_meshes.cpp,0,2,2
/media/ullmann/HDDGabriel/engines/godot/scene/gui/scroll_container.cpp,0,3,3
/media/ullmann/HDDGabriel/engines/godot/thirdparty/tinyexr/tinyexr.cc,0,1,1
/media/ullmann/HDDGabriel/engines/godot/thirdparty/tinyexr/tinyexr.h,3,0,3
/media/ullmann/HDDGabriel/engines/godot/thirdparty/embree/kernels/bvh/bvh_node_aabb_mb4d.h,1,1,2
/media/ullmann/HDDGabriel/engines/godot/thirdparty/oidn/mkl-dnn/src/cpu/jit_avx512_common_lrn.cpp,0,2,2
/media/ullmann/HDDGabriel/engines/godot/editor/register_exporters.h,2,0,2
/media/ullmann/HDDGabriel/engines/godot/thirdparty/bullet/LinearMath/TaskScheduler/btThreadSupportWin32.cpp,1,1,2
/media/ullmann/HDDGabriel/engines/godot/thirdparty/bullet/LinearMath/TaskScheduler/btThreadSupportInterface.h,3,0,3
/media/ullmann/HDDGabriel/engines/godot/thirdparty/bullet/Bullet3OpenCL/BroadphaseCollision/b3GpuGridBroadphase.cpp,0,3,3
/media/ullmann/HDDGabriel/engines/godot/thirdparty/bullet/Bullet3OpenCL/BroadphaseCollision/kernels/gridBroadphaseKernels.h,1,0,1
/media/ullmann/HDDGabriel/engines/godot/thirdparty/freetype/src/sfnt/ttkern.h,3,0,3
/media/ullmann/HDDGabriel/engines/godot/modules/gdscript/gdscript_compiler.cpp,0,2,2
/media/ullmann/HDDGabriel/engines/godot/thirdparty/libvpx/vp8/common/vp8_loopfilter.c,0,2,2
/media/ullmann/HDDGabriel/engines/godot/modules/mono/mono_gd/gd_mono_field.h,2,3,5
/media/ullmann/HDDGabriel/engines/godot/thirdparty/bullet/BulletDynamics/ConstraintSolver/btHinge2Constraint.h,2,2,4
/media/ullmann/HDDGabriel/engines/godot/scene/resources/shape.cpp,0,5,5
/media/ullmann/HDDGabriel/engines/godot/modules/gdnative/gdnative.cpp,0,8,8
/media/ullmann/HDDGabriel/engines/godot/thirdparty/bullet/LinearMath/btImplicitQRSVD.h,0,1,1
/media/ullmann/HDDGabriel/engines/godot/modules/webrtc/webrtc_peer_connection_gdnative.h,3,2,5
/media/ullmann/HDDGabriel/engines/godot/modules/webrtc/webrtc_peer_connection.h,5,2,7
/media/ullmann/HDDGabriel/engines/godot/modules/mono/mono_gd/gd_mono_utils.cpp,0,13,13
/media/ullmann/HDDGabriel/engines/godot/modules/stb_vorbis/resource_importer_ogg_vorbis.cpp,0,4,4
/media/ullmann/HDDGabriel/engines/godot/modules/stb_vorbis/resource_importer_ogg_vorbis.h,2,2,4
/media/ullmann/HDDGabriel/engines/godot/thirdparty/opus/silk/decode_indices.c,0,1,1
/media/ullmann/HDDGabriel/engines/godot/thirdparty/bullet/BulletDynamics/Featherstone/btMultiBodyJointLimitConstraint.cpp,1,3,4
/media/ullmann/HDDGabriel/engines/godot/thirdparty/zstd/common/entropy_common.c,0,4,4
/media/ullmann/HDDGabriel/engines/godot/modules/svg/register_types.h,2,0,2
/media/ullmann/HDDGabriel/engines/godot/platform/uwp/context_egl_uwp.h,2,2,4
/media/ullmann/HDDGabriel/engines/godot/thirdparty/libvpx/vp8/decoder/decodeframe.c,0,5,5
/media/ullmann/HDDGabriel/engines/godot/thirdparty/libvpx/vp8/decoder/decodemv.h,1,1,2
/media/ullmann/HDDGabriel/engines/godot/modules/gdnative/arvr/register_types.cpp,0,2,2
/media/ullmann/HDDGabriel/engines/godot/thirdparty/mbedtls/library/ssl_srv.c,0,2,2
/media/ullmann/HDDGabriel/engines/godot/thirdparty/mbedtls/library/constant_time_internal.h,6,1,7
/media/ullmann/HDDGabriel/engines/godot/thirdparty/bullet/BulletCollision/NarrowPhaseCollision/btGjkConvexCast.cpp,1,3,4
/media/ullmann/HDDGabriel/engines/godot/thirdparty/bullet/BulletCollision/NarrowPhaseCollision/btGjkConvexCast.h,1,2,3
/media/ullmann/HDDGabriel/engines/godot/thirdparty/freetype/src/autofit/afangles.c,1,1,2
/media/ullmann/HDDGabriel/engines/godot/thirdparty/freetype/src/cid/cidobjs.c,1,3,4
/media/ullmann/HDDGabriel/engines/godot/scene/3d/occluder.h,4,2,6
/media/ullmann/HDDGabriel/engines/godot/core/string_buffer.h,2,1,3
/media/ullmann/HDDGabriel/engines/godot/thirdparty/oidn/mkl-dnn/src/common/primitive_exec_types.cpp,0,3,3
/media/ullmann/HDDGabriel/engines/godot/scene/gui/center_container.cpp,0,1,1
/media/ullmann/HDDGabriel/engines/godot/thirdparty/mbedtls/library/havege.c,0,1,1
/media/ullmann/HDDGabriel/engines/godot/core/io/http_client.cpp,0,3,3
/media/ullmann/HDDGabriel/engines/godot/scene/main/resource_preloader.h,3,1,4
/media/ullmann/HDDGabriel/engines/godot/thirdparty/bullet/Bullet3Collision/NarrowPhaseCollision/b3ConvexUtility.cpp,0,1,1
/media/ullmann/HDDGabriel/engines/godot/thirdparty/bullet/Bullet3Collision/NarrowPhaseCollision/b3ConvexUtility.h,1,0,1
/media/ullmann/HDDGabriel/engines/godot/servers/physics/area_pair_sw.h,2,3,5
/media/ullmann/HDDGabriel/engines/godot/servers/physics/body_sw.h,7,3,10
/media/ullmann/HDDGabriel/engines/godot/scene/3d/world_environment.h,3,1,4
/media/ullmann/HDDGabriel/engines/godot/editor/run_settings_dialog.h,2,4,6
/media/ullmann/HDDGabriel/engines/godot/thirdparty/libpng/pnglibconf.h,2,0,2
/media/ullmann/HDDGabriel/engines/godot/scene/resources/concave_polygon_shape_2d.cpp,0,3,3
/media/ullmann/HDDGabriel/engines/godot/core/string_builder.cpp,0,1,1
/media/ullmann/HDDGabriel/engines/godot/thirdparty/freetype/src/bdf/bdfdrivr.c,1,3,4
/media/ullmann/HDDGabriel/engines/godot/servers/physics_2d/area_pair_2d_sw.cpp,0,2,2
/media/ullmann/HDDGabriel/engines/godot/drivers/gles3/rasterizer_storage_gles3.h,4,11,15
/media/ullmann/HDDGabriel/engines/godot/modules/gdnative/nativescript/nativescript.cpp,0,13,13
/media/ullmann/HDDGabriel/engines/godot/thirdparty/zstd/compress/zstd_compress_superblock.h,2,1,3
/media/ullmann/HDDGabriel/engines/godot/drivers/pulseaudio/pulse-so_wrap.h,1,0,1
/media/ullmann/HDDGabriel/engines/godot/core/math/camera_matrix.cpp,0,3,3
/media/ullmann/HDDGabriel/engines/godot/modules/pvr/image_compress_pvrtc.cpp,0,3,3
/media/ullmann/HDDGabriel/engines/godot/thirdparty/opus/silk/pitch_est_defines.h,3,1,4
/media/ullmann/HDDGabriel/engines/godot/thirdparty/bullet/Bullet3Common/b3TransformUtil.h,0,1,1
/media/ullmann/HDDGabriel/engines/godot/thirdparty/bullet/Bullet3Common/b3Transform.h,1,1,2
/media/ullmann/HDDGabriel/engines/godot/drivers/gles2/rasterizer_canvas_gles2.cpp,0,7,7
/media/ullmann/HDDGabriel/engines/godot/modules/mono/utils/thread_local.h,4,1,5
/media/ullmann/HDDGabriel/engines/godot/modules/gdnative/gdnative/variant.cpp,0,2,2
/media/ullmann/HDDGabriel/engines/godot/core/ordered_hash_map.h,6,3,9
/media/ullmann/HDDGabriel/engines/godot/thirdparty/opus/silk/control_audio_bandwidth.c,0,2,2
/media/ullmann/HDDGabriel/engines/godot/thirdparty/opus/silk/tuning_parameters.h,7,0,7
/media/ullmann/HDDGabriel/engines/godot/thirdparty/oidn/mkl-dnn/src/cpu/gemm/s8x8s32/simple_gemm_s8s8s32.cpp,0,3,3
/media/ullmann/HDDGabriel/engines/godot/thirdparty/oidn/mkl-dnn/src/cpu/gemm/gemm.hpp,9,1,10
/media/ullmann/HDDGabriel/engines/godot/modules/mono/editor/csharp_project.h,2,1,3
/media/ullmann/HDDGabriel/engines/godot/thirdparty/mbedtls/library/hmac_drbg.c,0,1,1
/media/ullmann/HDDGabriel/engines/godot/core/os/mutex.cpp,0,1,1
/media/ullmann/HDDGabriel/engines/godot/thirdparty/embree/kernels/geometry/plane.h,1,1,2
/media/ullmann/HDDGabriel/engines/godot/thirdparty/embree/kernels/geometry/roundline_intersector.h,1,2,3
/media/ullmann/HDDGabriel/engines/godot/thirdparty/opus/silk/decode_frame.c,0,2,2
/media/ullmann/HDDGabriel/engines/godot/thirdparty/opus/silk/PLC.h,3,1,4
/media/ullmann/HDDGabriel/engines/godot/modules/webp/image_loader_webp.cpp,0,5,5
/media/ullmann/HDDGabriel/engines/godot/modules/webp/image_loader_webp.h,2,1,3
/media/ullmann/HDDGabriel/engines/godot/modules/mono/signal_awaiter_utils.cpp,0,6,6
/media/ullmann/HDDGabriel/engines/godot/thirdparty/pvrtccompressor/RgbaBitmap.h,1,2,3
/media/ullmann/HDDGabriel/engines/godot/thirdparty/pvrtccompressor/ColorRgba.h,5,0,5
/media/ullmann/HDDGabriel/engines/godot/thirdparty/vhacd/inc/vhacdMutex.h,1,0,1
/media/ullmann/HDDGabriel/engines/godot/thirdparty/embree/kernels/geometry/linei.h,8,1,9
/media/ullmann/HDDGabriel/engines/godot/thirdparty/freetype/src/sfnt/ttpost.c,1,2,3
/media/ullmann/HDDGabriel/engines/godot/servers/physics_2d/broad_phase_2d_sw.cpp,0,1,1
/media/ullmann/HDDGabriel/engines/godot/thirdparty/embree/kernels/common/geometry.cpp,0,2,2
/media/ullmann/HDDGabriel/engines/godot/scene/animation/tween.cpp,0,1,1
/media/ullmann/HDDGabriel/engines/godot/scene/animation/tween.h,3,1,4
/media/ullmann/HDDGabriel/engines/godot/thirdparty/bullet/BulletDynamics/Vehicle/btRaycastVehicle.h,2,2,4
/media/ullmann/HDDGabriel/engines/godot/thirdparty/libtheora/analyze.c,0,2,2
/media/ullmann/HDDGabriel/engines/godot/scene/2d/polygon_2d.h,5,1,6
/media/ullmann/HDDGabriel/engines/godot/thirdparty/libvorbis/lpc.h,6,1,7
/media/ullmann/HDDGabriel/engines/godot/thirdparty/freetype/src/psaux/psobjs.c,1,4,5
/media/ullmann/HDDGabriel/engines/godot/thirdparty/freetype/src/psaux/psauxmod.h,2,0,2
/media/ullmann/HDDGabriel/engines/godot/thirdparty/zstd/common/error_private.c,0,1,1
/media/ullmann/HDDGabriel/engines/godot/modules/gdnative/nativescript/godot_nativescript.cpp,0,6,6
/media/ullmann/HDDGabriel/engines/godot/thirdparty/freetype/src/cache/ftcglyph.h,5,1,6
/media/ullmann/HDDGabriel/engines/godot/thirdparty/freetype/src/smooth/ftgrays.c,1,2,3
/media/ullmann/HDDGabriel/engines/godot/thirdparty/freetype/src/smooth/ftsmerrs.h,2,0,2
/media/ullmann/HDDGabriel/engines/godot/core/variant_parser.cpp,0,5,5
/media/ullmann/HDDGabriel/engines/godot/modules/fbx/fbx_parser/FBXParser.cpp,0,8,8
/media/ullmann/HDDGabriel/engines/godot/modules/gdnative/pluginscript/pluginscript_language.cpp,0,5,5
/media/ullmann/HDDGabriel/engines/godot/thirdparty/bullet/BulletCollision/CollisionShapes/btConvexHullShape.h,3,1,4
/media/ullmann/HDDGabriel/engines/godot/servers/arvr/arvr_interface.cpp,0,1,1
/media/ullmann/HDDGabriel/engines/godot/thirdparty/pcre2/src/sljit/sljitNativeX86_common.c,1,2,3
/media/ullmann/HDDGabriel/engines/godot/thirdparty/pcre2/src/sljit/sljitNativeX86_64.c,1,0,1
/media/ullmann/HDDGabriel/engines/godot/thirdparty/oidn/mkl-dnn/src/common/scratchpad.hpp,1,1,2
/media/ullmann/HDDGabriel/engines/godot/editor/export_template_manager.h,2,7,9
/media/ullmann/HDDGabriel/engines/godot/thirdparty/bullet/BulletInverseDynamics/MultiBodyTree.cpp,0,4,4
/media/ullmann/HDDGabriel/engines/godot/modules/tga/image_loader_tga.cpp,0,5,5
/media/ullmann/HDDGabriel/engines/godot/editor/connections_dialog.h,4,10,14
/media/ullmann/HDDGabriel/engines/godot/platform/uwp/power_uwp.cpp,0,1,1
/media/ullmann/HDDGabriel/engines/godot/servers/physics/broad_phase_octree.h,2,2,4
/media/ullmann/HDDGabriel/engines/godot/thirdparty/freetype/src/type42/t42drivr.h,1,0,1
/media/ullmann/HDDGabriel/engines/godot/thirdparty/embree/kernels/subdiv/half_edge.h,2,1,3
/media/ullmann/HDDGabriel/engines/godot/thirdparty/embree/kernels/common/scene_curves.h,3,8,11
/media/ullmann/HDDGabriel/engines/godot/thirdparty/embree/kernels/subdiv/linear_bezier_patch.h,3,1,4
/media/ullmann/HDDGabriel/engines/godot/thirdparty/opus/celt/static_modes_float.h,0,3,3
/media/ullmann/HDDGabriel/engines/godot/thirdparty/opus/celt/static_modes_float_arm_ne10.h,1,0,1
/media/ullmann/HDDGabriel/engines/godot/scene/resources/bit_map.cpp,0,2,2
/media/ullmann/HDDGabriel/engines/godot/modules/theora/register_types.cpp,0,2,2
/media/ullmann/HDDGabriel/engines/godot/platform/android/os_android.cpp,0,15,15
/media/ullmann/HDDGabriel/engines/godot/modules/lightmapper_cpu/lightmapper_cpu.cpp,0,7,7
/media/ullmann/HDDGabriel/engines/godot/scene/resources/world_2d.cpp,0,7,7
/media/ullmann/HDDGabriel/engines/godot/thirdparty/pcre2/src/pcre2_xclass.c,0,2,2
/media/ullmann/HDDGabriel/engines/godot/editor/plugins/cpu_particles_editor_plugin.h,2,2,4
/media/ullmann/HDDGabriel/engines/godot/thirdparty/freetype/src/pshinter/pshinter.c,0,4,4
/media/ullmann/HDDGabriel/engines/godot/thirdparty/embree/common/math/lbbox.h,1,2,3
/media/ullmann/HDDGabriel/engines/godot/core/io/xml_parser.cpp,0,2,2
/media/ullmann/HDDGabriel/engines/godot/thirdparty/pcre2/src/pcre2_newline.c,0,2,2
/media/ullmann/HDDGabriel/engines/godot/thirdparty/oidn/mkl-dnn/src/cpu/ref_lrn.hpp,1,2,3
/media/ullmann/HDDGabriel/engines/godot/core/method_ptrcall.h,3,3,6
/media/ullmann/HDDGabriel/engines/godot/thirdparty/freetype/src/psaux/psfixed.h,1,0,1
/media/ullmann/HDDGabriel/engines/godot/thirdparty/freetype/src/gxvalid/gxverror.h,1,0,1
/media/ullmann/HDDGabriel/engines/godot/thirdparty/bullet/BulletCollision/CollisionShapes/btMiniSDF.h,2,0,2
/media/ullmann/HDDGabriel/engines/godot/thirdparty/misc/pcg.h,3,1,4
/media/ullmann/HDDGabriel/engines/godot/thirdparty/bullet/BulletCollision/Gimpact/btGImpactBvhStructs.h,1,3,4
/media/ullmann/HDDGabriel/engines/godot/thirdparty/oidn/mkl-dnn/src/cpu/cpu_engine.cpp,0,2,2
/media/ullmann/HDDGabriel/engines/godot/thirdparty/libtheora/internal.c,0,1,1
/media/ullmann/HDDGabriel/engines/godot/thirdparty/opus/silk/float/residual_energy_FLP.c,0,1,1
/media/ullmann/HDDGabriel/engines/godot/scene/gui/base_button.h,4,1,5
/media/ullmann/HDDGabriel/engines/godot/thirdparty/mbedtls/library/ssl_cookie.c,0,1,1
/media/ullmann/HDDGabriel/engines/godot/modules/denoise/register_types.cpp,0,3,3
/media/ullmann/HDDGabriel/engines/godot/thirdparty/oidn/mkl-dnn/src/cpu/jit_avx512_core_x8s8s32x_1x1_conv_kernel.hpp,2,3,5
/media/ullmann/HDDGabriel/engines/godot/thirdparty/bullet/BulletCollision/CollisionShapes/btCollisionShape.h,5,0,5
/media/ullmann/HDDGabriel/engines/godot/thirdparty/etc2comp/EtcBlock4x4Encoding_ETC1.h,2,4,6
/media/ullmann/HDDGabriel/engines/godot/servers/audio/effects/audio_effect_eq.cpp,0,2,2
/media/ullmann/HDDGabriel/engines/godot/servers/audio/effects/audio_effect_eq.h,2,2,4
/media/ullmann/HDDGabriel/engines/godot/editor/plugins/line_2d_editor_plugin.h,2,2,4
/media/ullmann/HDDGabriel/engines/godot/thirdparty/bullet/Bullet3OpenCL/RigidBody/kernels/solveFriction.h,2,0,2
/media/ullmann/HDDGabriel/engines/godot/thirdparty/freetype/src/cid/type1cid.c,0,5,5
/media/ullmann/HDDGabriel/engines/godot/thirdparty/freetype/src/cid/cidparse.c,1,2,3
/media/ullmann/HDDGabriel/engines/godot/thirdparty/bullet/BulletCollision/BroadphaseCollision/btDispatcher.cpp,1,1,2
/media/ullmann/HDDGabriel/engines/godot/thirdparty/oidn/mkl-dnn/src/cpu/jit_avx2_1x1_convolution.cpp,0,2,2
/media/ullmann/HDDGabriel/engines/godot/thirdparty/bullet/BulletCollision/CollisionShapes/btConvexShape.cpp,1,8,9
/media/ullmann/HDDGabriel/engines/godot/thirdparty/bullet/BulletCollision/CollisionShapes/btConvexShape.h,4,2,6
/media/ullmann/HDDGabriel/engines/godot/drivers/gles2/rasterizer_canvas_gles2.h,4,2,6
/media/ullmann/HDDGabriel/engines/godot/thirdparty/freetype/src/bdf/bdf.c,0,2,2
/media/ullmann/HDDGabriel/engines/godot/thirdparty/embree/include/embree3/rtcore_scene.h,2,1,3
/media/ullmann/HDDGabriel/engines/godot/thirdparty/embree/common/algorithms/parallel_set.h,1,1,2
/media/ullmann/HDDGabriel/engines/godot/thirdparty/bullet/Bullet3Common/b3StackAlloc.h,0,2,2
/media/ullmann/HDDGabriel/engines/godot/editor/editor_asset_installer.cpp,0,6,6
/media/ullmann/HDDGabriel/engines/godot/thirdparty/bullet/BulletCollision/Gimpact/gim_tri_collision.h,3,2,5
/media/ullmann/HDDGabriel/engines/godot/modules/csg/register_types.h,2,0,2
/media/ullmann/HDDGabriel/engines/godot/core/vset.h,8,2,10
/media/ullmann/HDDGabriel/engines/godot/thirdparty/embree/common/sys/ref.h,6,1,7
/media/ullmann/HDDGabriel/engines/godot/core/object_id.h,4,1,5
/media/ullmann/HDDGabriel/engines/godot/thirdparty/bullet/BulletCollision/CollisionDispatch/btCompoundCompoundCollisionAlgorithm.cpp,1,1,2
/media/ullmann/HDDGabriel/engines/godot/thirdparty/bullet/BulletCollision/CollisionDispatch/btCompoundCompoundCollisionAlgorithm.h,1,1,2
/media/ullmann/HDDGabriel/engines/godot/editor/plugins/sprite_editor_plugin.h,2,4,6
/media/ullmann/HDDGabriel/engines/godot/scene/main/instance_placeholder.h,4,1,5
/media/ullmann/HDDGabriel/engines/godot/modules/theora/video_stream_theora.h,2,8,10
/media/ullmann/HDDGabriel/engines/godot/modules/gdnative/pluginscript/pluginscript_instance.cpp,0,5,5
/media/ullmann/HDDGabriel/engines/godot/thirdparty/libvpx/vp8/common/x86/vp8_asm_stubs.c,0,1,1
/media/ullmann/HDDGabriel/engines/godot/thirdparty/libvpx/vp8/common/x86/filter_x86.h,1,0,1
/media/ullmann/HDDGabriel/engines/godot/core/io/stream_peer_ssl.cpp,0,2,2
/media/ullmann/HDDGabriel/engines/godot/thirdparty/embree/kernels/common/scene_points.h,3,3,6
/media/ullmann/HDDGabriel/engines/godot/thirdparty/libtheora/encinfo.c,0,3,3
/media/ullmann/HDDGabriel/engines/godot/editor/doc/doc_data.cpp,0,11,11
/media/ullmann/HDDGabriel/engines/godot/thirdparty/libvpx/vp8/common/entropymode.h,2,2,4
/media/ullmann/HDDGabriel/engines/godot/modules/gdnative/nativescript/api_generator.h,2,2,4
/media/ullmann/HDDGabriel/engines/godot/modules/mono/mono_gd/gd_mono_wasm_m2n.h,2,2,4
/media/ullmann/HDDGabriel/engines/godot/scene/2d/navigation_polygon.h,4,1,5
/media/ullmann/HDDGabriel/engines/godot/editor/editor_asset_installer.h,2,2,4
/media/ullmann/HDDGabriel/engines/godot/platform/server/os_server.h,2,10,12
/media/ullmann/HDDGabriel/engines/godot/thirdparty/misc/triangulator.cpp,0,1,1
/media/ullmann/HDDGabriel/engines/godot/thirdparty/opus/silk/pitch_est_tables.c,0,2,2
/media/ullmann/HDDGabriel/engines/godot/thirdparty/bullet/Bullet3Dynamics/ConstraintSolver/b3PgsJacobiSolver.cpp,0,2,2
/media/ullmann/HDDGabriel/engines/godot/thirdparty/freetype/src/cache/ftcglyph.c,1,3,4
/media/ullmann/HDDGabriel/engines/godot/thirdparty/libvorbis/synthesis.c,0,5,5
/media/ullmann/HDDGabriel/engines/godot/scene/3d/vehicle_body.h,4,1,5
/media/ullmann/HDDGabriel/engines/godot/platform/iphone/ios.h,1,1,2
/media/ullmann/HDDGabriel/engines/godot/thirdparty/bullet/BulletCollision/CollisionShapes/btMinkowskiSumShape.cpp,1,1,2
/media/ullmann/HDDGabriel/engines/godot/modules/jsonrpc/jsonrpc.h,3,2,5
/media/ullmann/HDDGabriel/engines/godot/modules/fbx/data/fbx_material.cpp,0,3,3
/media/ullmann/HDDGabriel/engines/godot/modules/fbx/data/fbx_material.h,2,2,4
/media/ullmann/HDDGabriel/engines/godot/servers/audio/effects/eq.cpp,0,3,3
/media/ullmann/HDDGabriel/engines/godot/thirdparty/embree/common/simd/vuint4_sse2.h,1,1,2
/media/ullmann/HDDGabriel/engines/godot/servers/physics/joints/cone_twist_joint_sw.h,2,2,4
/media/ullmann/HDDGabriel/engines/godot/servers/physics/joints_sw.h,7,2,9
/media/ullmann/HDDGabriel/engines/godot/thirdparty/zlib/zconf.h,1,0,1
/media/ullmann/HDDGabriel/engines/godot/thirdparty/freetype/src/type1/t1driver.h,1,0,1
/media/ullmann/HDDGabriel/engines/godot/thirdparty/oidn/mkl-dnn/src/cpu/ref_softmax.cpp,0,2,2
/media/ullmann/HDDGabriel/engines/godot/thirdparty/oidn/mkl-dnn/src/cpu/gemm/os_blas.hpp,5,0,5
/media/ullmann/HDDGabriel/engines/godot/core/io/zip_io.cpp,0,1,1
/media/ullmann/HDDGabriel/engines/godot/scene/resources/capsule_shape.cpp,0,2,2
/media/ullmann/HDDGabriel/engines/godot/modules/mono/mono_gd/i_mono_class_member.h,3,1,4
/media/ullmann/HDDGabriel/engines/godot/modules/gdnative/gdnative/vector3.cpp,0,2,2
/media/ullmann/HDDGabriel/engines/godot/thirdparty/embree/kernels/bvh/bvh_traverser1.h,1,3,4
/media/ullmann/HDDGabriel/engines/godot/servers/audio/audio_rb_resampler.h,2,4,6
/media/ullmann/HDDGabriel/engines/godot/thirdparty/freetype/src/psaux/psblues.c,1,4,5
/media/ullmann/HDDGabriel/engines/godot/thirdparty/freetype/src/psaux/psblues.h,2,1,3
/media/ullmann/HDDGabriel/engines/godot/editor/import/resource_importer_image.cpp,0,5,5
/media/ullmann/HDDGabriel/engines/godot/thirdparty/mbedtls/library/ssl_tls.c,0,1,1
/media/ullmann/HDDGabriel/engines/godot/thirdparty/oidn/mkl-dnn/src/common/math_utils.hpp,1,3,4
/media/ullmann/HDDGabriel/engines/godot/thirdparty/embree/kernels/subdiv/hermite_curve.h,2,2,4
/media/ullmann/HDDGabriel/engines/godot/scene/main/http_request.h,4,6,10
/media/ullmann/HDDGabriel/engines/godot/drivers/unix/thread_posix.h,2,0,2
/media/ullmann/HDDGabriel/engines/godot/scene/2d/joints_2d.h,2,1,3
/media/ullmann/HDDGabriel/engines/godot/scene/3d/room.cpp,0,5,5
/media/ullmann/HDDGabriel/engines/godot/thirdparty/freetype/src/gzip/infcodes.h,4,0,4
/media/ullmann/HDDGabriel/engines/godot/platform/javascript/dom_keys.inc,1,0,1
/media/ullmann/HDDGabriel/engines/godot/platform/android/android_keys_utils.cpp,0,1,1
/media/ullmann/HDDGabriel/engines/godot/thirdparty/miniupnpc/miniupnpc/minissdpc.h,2,2,4
/media/ullmann/HDDGabriel/engines/godot/thirdparty/pcre2/src/sljit/sljitNativeARM_32.c,1,0,1
/media/ullmann/HDDGabriel/engines/godot/thirdparty/libogg/framing.c,0,2,2
/media/ullmann/HDDGabriel/engines/godot/thirdparty/libogg/ogg/ogg.h,2,0,2
/media/ullmann/HDDGabriel/engines/godot/scene/gui/tabs.h,4,1,5
/media/ullmann/HDDGabriel/engines/godot/platform/javascript/http_client_javascript.cpp,0,1,1
/media/ullmann/HDDGabriel/engines/godot/thirdparty/libvorbis/vorbis/vorbisenc.h,1,1,2
/media/ullmann/HDDGabriel/engines/godot/thirdparty/embree/common/simd/vuint16_avx512.h,1,0,1
/media/ullmann/HDDGabriel/engines/godot/thirdparty/opus/celt/celt_encoder.c,0,15,15
/media/ullmann/HDDGabriel/engines/godot/modules/opensimplex/noise_texture.h,2,6,8
/media/ullmann/HDDGabriel/engines/godot/thirdparty/freetype/src/psaux/psfont.h,6,2,8
/media/ullmann/HDDGabriel/engines/godot/modules/websocket/wsl_server.cpp,0,3,3
/media/ullmann/HDDGabriel/engines/godot/thirdparty/opus/celt/quant_bands.h,6,5,11
/media/ullmann/HDDGabriel/engines/godot/thirdparty/zstd/decompress/zstd_ddict.h,3,2,5
/media/ullmann/HDDGabriel/engines/godot/platform/android/net_socket_android.cpp,0,2,2
/media/ullmann/HDDGabriel/engines/godot/thirdparty/opus/silk/resampler_private_IIR_FIR.c,0,2,2
/media/ullmann/HDDGabriel/engines/godot/thirdparty/xatlas/xatlas.h,2,0,2
/media/ullmann/HDDGabriel/engines/godot/thirdparty/libtheora/x86_vc/mmxencfrag.c,0,1,1
/media/ullmann/HDDGabriel/engines/godot/platform/x11/detect_prime.h,2,0,2
/media/ullmann/HDDGabriel/engines/godot/thirdparty/oidn/mkl-dnn/src/cpu/jit_avx512_core_x8s8s32x_convolution.hpp,1,3,4
/media/ullmann/HDDGabriel/engines/godot/thirdparty/etc2comp/EtcBlock4x4Encoding.cpp,0,4,4
/media/ullmann/HDDGabriel/engines/godot/thirdparty/bullet/BulletCollision/CollisionDispatch/btCollisionWorld.cpp,1,2,3
/media/ullmann/HDDGabriel/engines/godot/thirdparty/etc2comp/EtcBlock4x4Encoding_RGBA8.h,2,1,3
/media/ullmann/HDDGabriel/engines/godot/scene/gui/tool_button.cpp,0,1,1
/media/ullmann/HDDGabriel/engines/godot/thirdparty/bullet/BulletDynamics/Featherstone/btMultiBodyFixedConstraint.cpp,1,2,3
/media/ullmann/HDDGabriel/engines/godot/modules/bullet/bullet_types_converter.cpp,0,1,1
/media/ullmann/HDDGabriel/engines/godot/thirdparty/embree/kernels/common/rtcore_builder.cpp,0,7,7
/media/ullmann/HDDGabriel/engines/godot/thirdparty/opus/silk/float/scale_vector_FLP.c,0,1,1
/media/ullmann/HDDGabriel/engines/godot/modules/upnp/upnp_device.cpp,0,2,2
/media/ullmann/HDDGabriel/engines/godot/modules/upnp/upnp_device.h,3,1,4
/media/ullmann/HDDGabriel/engines/godot/thirdparty/oidn/mkl-dnn/src/cpu/jit_avx2_1x1_convolution.hpp,1,5,6
/media/ullmann/HDDGabriel/engines/godot/thirdparty/oidn/mkl-dnn/src/cpu/jit_avx2_1x1_conv_kernel_f32.hpp,2,4,6
/media/ullmann/HDDGabriel/engines/godot/thirdparty/bullet/BulletDynamics/Featherstone/btMultiBodySolverConstraint.h,2,0,2
/media/ullmann/HDDGabriel/engines/godot/modules/gdscript/editor/gdscript_highlighter.cpp,0,4,4
/media/ullmann/HDDGabriel/engines/godot/modules/gdscript/editor/gdscript_highlighter.h,2,1,3
/media/ullmann/HDDGabriel/engines/godot/scene/gui/aspect_ratio_container.cpp,0,1,1
/media/ullmann/HDDGabriel/engines/godot/scene/gui/aspect_ratio_container.h,2,1,3
/media/ullmann/HDDGabriel/engines/godot/thirdparty/embree/common/simd/vboold4_avx.h,1,0,1
/media/ullmann/HDDGabriel/engines/godot/modules/mono/mono_gd/support/android_support.h,3,1,4
/media/ullmann/HDDGabriel/engines/godot/modules/dds/register_types.cpp,0,2,2
/media/ullmann/HDDGabriel/engines/godot/modules/dds/register_types.h,2,0,2
/media/ullmann/HDDGabriel/engines/godot/modules/upnp/register_types.cpp,0,4,4
/media/ullmann/HDDGabriel/engines/godot/modules/gdnative/include/net/godot_net.h,7,0,7
/media/ullmann/HDDGabriel/engines/godot/modules/mono/glue/gd_glue.h,2,1,3
/media/ullmann/HDDGabriel/engines/godot/editor/plugins/root_motion_editor_plugin.h,2,4,6
/media/ullmann/HDDGabriel/engines/godot/scene/animation/animation_tree.h,10,4,14
/media/ullmann/HDDGabriel/engines/godot/thirdparty/opus/silk/fixed/noise_shape_analysis_FIX.c,0,2,2
/media/ullmann/HDDGabriel/engines/godot/thirdparty/squish/colourfit.cpp,0,2,2
/media/ullmann/HDDGabriel/engines/godot/thirdparty/oidn/mkl-dnn/src/cpu/gemm/f32/jit_avx512_common_gemm_f32.hpp,2,0,2
/media/ullmann/HDDGabriel/engines/godot/drivers/windows/dir_access_windows.h,3,1,4
/media/ullmann/HDDGabriel/engines/godot/thirdparty/oidn/mkl-dnn/src/cpu/jit_avx512_common_convolution.hpp,1,6,7
/media/ullmann/HDDGabriel/engines/godot/modules/mono/utils/string_utils.cpp,0,2,2
/media/ullmann/HDDGabriel/engines/godot/modules/tga/register_types.cpp,0,2,2
/media/ullmann/HDDGabriel/engines/godot/modules/tga/image_loader_tga.h,2,1,3
/media/ullmann/HDDGabriel/engines/godot/modules/gltf/gltf_node.cpp,0,1,1
/media/ullmann/HDDGabriel/engines/godot/modules/gltf/gltf_node.h,4,2,6
/media/ullmann/HDDGabriel/engines/godot/modules/jpg/register_types.cpp,0,2,2
/media/ullmann/HDDGabriel/engines/godot/modules/jpg/image_loader_jpegd.h,2,1,3
/media/ullmann/HDDGabriel/engines/godot/scene/resources/audio_stream_sample.cpp,0,3,3
/media/ullmann/HDDGabriel/engines/godot/thirdparty/bullet/LinearMath/btConvexHull.cpp,1,4,5
/media/ullmann/HDDGabriel/engines/godot/thirdparty/bullet/LinearMath/btMinMax.h,6,1,7
/media/ullmann/HDDGabriel/engines/godot/thirdparty/libtheora/huffenc.c,0,1,1
/media/ullmann/HDDGabriel/engines/godot/thirdparty/bullet/BulletDynamics/Vehicle/btRaycastVehicle.cpp,1,3,4
/media/ullmann/HDDGabriel/engines/godot/thirdparty/bullet/BulletDynamics/Vehicle/btWheelInfo.h,3,0,3
/media/ullmann/HDDGabriel/engines/godot/thirdparty/mbedtls/library/aria.c,0,1,1
/media/ullmann/HDDGabriel/engines/godot/thirdparty/opus/silk/float/regularize_correlations_FLP.c,0,1,1
/media/ullmann/HDDGabriel/engines/godot/scene/gui/range.h,7,1,8
/media/ullmann/HDDGabriel/engines/godot/core/io/stream_peer_tcp.h,10,4,14
/media/ullmann/HDDGabriel/engines/godot/modules/xatlas_unwrap/register_types.h,2,0,2
/media/ullmann/HDDGabriel/engines/godot/thirdparty/oidn/mkl-dnn/src/cpu/gemm/gemm.cpp,0,8,8
/media/ullmann/HDDGabriel/engines/godot/thirdparty/oidn/mkl-dnn/src/cpu/gemm/f32/ref_gemm_f32.hpp,5,0,5
/media/ullmann/HDDGabriel/engines/godot/core/oa_hash_map.h,5,3,8
/media/ullmann/HDDGabriel/engines/godot/editor/plugins/texture_editor_plugin.cpp,0,3,3
/media/ullmann/HDDGabriel/engines/godot/servers/visual/portals/portal_gameplay_monitor.cpp,0,5,5
/media/ullmann/HDDGabriel/engines/godot/thirdparty/embree/common/math/col3.h,2,1,3
/media/ullmann/HDDGabriel/engines/godot/thirdparty/opus/silk/control_codec.c,0,2,2
/media/ullmann/HDDGabriel/engines/godot/thirdparty/oidn/mkl-dnn/src/cpu/jit_avx512_core_fp32_wino_conv_4x3_kernel.hpp,2,3,5
/media/ullmann/HDDGabriel/engines/godot/servers/audio/effects/audio_effect_capture.h,2,7,9
/media/ullmann/HDDGabriel/engines/godot/core/math/audio_frame.h,5,2,7
/media/ullmann/HDDGabriel/engines/godot/scene/animation/animation_tree_player.cpp,0,3,3
/media/ullmann/HDDGabriel/engines/godot/core/io/packet_peer.cpp,0,3,3
/media/ullmann/HDDGabriel/engines/godot/editor/plugins/text_editor.h,3,1,4
/media/ullmann/HDDGabriel/engines/godot/thirdparty/oidn/core/transfer_function.cpp,0,1,1
/media/ullmann/HDDGabriel/engines/godot/thirdparty/oidn/core/transfer_function.h,3,2,5
/media/ullmann/HDDGabriel/engines/godot/thirdparty/bullet/BulletCollision/NarrowPhaseCollision/btGjkEpa3.h,1,1,2
/media/ullmann/HDDGabriel/engines/godot/thirdparty/bullet/BulletCollision/NarrowPhaseCollision/btGjkCollisionDescription.h,2,0,2
/media/ullmann/HDDGabriel/engines/godot/drivers/gles3/shaders/canvas_shadow.glsl.gen.h,1,1,2
/media/ullmann/HDDGabriel/engines/godot/modules/enet/register_types.h,2,0,2
/media/ullmann/HDDGabriel/engines/godot/thirdparty/oidn/mkl-dnn/src/cpu/jit_uni_batch_normalization.cpp,0,4,4
/media/ullmann/HDDGabriel/engines/godot/thirdparty/miniupnpc/miniupnpc/miniwget.h,2,1,3
/media/ullmann/HDDGabriel/engines/godot/platform/x11/detect_prime.cpp,0,3,3
/media/ullmann/HDDGabriel/engines/godot/thirdparty/oidn/mkl-dnn/src/cpu/jit_avx512_core_fp32_wino_conv_4x3.hpp,1,3,4
/media/ullmann/HDDGabriel/engines/godot/drivers/gles2/rasterizer_storage_gles2.cpp,0,6,6
/media/ullmann/HDDGabriel/engines/godot/scene/gui/texture_rect.cpp,0,3,3
/media/ullmann/HDDGabriel/engines/godot/scene/resources/sky.cpp,0,2,2
/media/ullmann/HDDGabriel/engines/godot/scene/3d/physics_joint.cpp,0,2,2
/media/ullmann/HDDGabriel/engines/godot/thirdparty/freetype/include/freetype/internal/ftdebug.h,0,1,1
/media/ullmann/HDDGabriel/engines/godot/servers/physics_2d/broad_phase_2d_bvh.cpp,0,3,3
/media/ullmann/HDDGabriel/engines/godot/drivers/xaudio2/audio_driver_xaudio2.cpp,0,3,3
/media/ullmann/HDDGabriel/engines/godot/thirdparty/freetype/src/gzip/inflate.c,1,2,3
/media/ullmann/HDDGabriel/engines/godot/thirdparty/embree/common/sys/filename.cpp,0,2,2
/media/ullmann/HDDGabriel/engines/godot/thirdparty/embree/common/sys/filename.h,4,1,5
/media/ullmann/HDDGabriel/engines/godot/modules/pvr/register_types.h,2,0,2
/media/ullmann/HDDGabriel/engines/godot/thirdparty/bullet/Bullet3OpenCL/RigidBody/kernels/integrateKernel.h,1,0,1
/media/ullmann/HDDGabriel/engines/godot/modules/webrtc/webrtc_peer_connection_js.h,2,1,3
/media/ullmann/HDDGabriel/engines/godot/editor/editor_resource_picker.cpp,0,8,8
/media/ullmann/HDDGabriel/engines/godot/modules/gdnative/nativescript/register_types.h,2,0,2
/media/ullmann/HDDGabriel/engines/godot/thirdparty/bullet/BulletDynamics/ConstraintSolver/btSolve2LinearConstraint.cpp,1,2,3
/media/ullmann/HDDGabriel/engines/godot/editor/property_selector.h,5,3,8
/media/ullmann/HDDGabriel/engines/godot/thirdparty/bullet/Bullet3OpenCL/RigidBody/kernels/batchingKernels.h,2,0,2
/media/ullmann/HDDGabriel/engines/godot/scene/resources/theme.cpp,0,2,2
/media/ullmann/HDDGabriel/engines/godot/thirdparty/embree/common/algorithms/parallel_filter.h,1,1,2
/media/ullmann/HDDGabriel/engines/godot/main/tests/test_physics_2d.h,2,1,3
/media/ullmann/HDDGabriel/engines/godot/thirdparty/opus/silk/resampler.c,0,1,1
/media/ullmann/HDDGabriel/engines/godot/thirdparty/miniupnpc/miniupnpc/connecthostport.h,3,1,4
/media/ullmann/HDDGabriel/engines/godot/thirdparty/freetype/src/smooth/smooth.c,0,2,2
/media/ullmann/HDDGabriel/engines/godot/servers/physics_2d/broad_phase_2d_hash_grid.cpp,0,3,3
/media/ullmann/HDDGabriel/engines/godot/servers/physics_2d/broad_phase_2d_hash_grid.h,2,2,4
/media/ullmann/HDDGabriel/engines/godot/main/app_icon.gen.h,1,0,1
/media/ullmann/HDDGabriel/engines/godot/thirdparty/bullet/BulletSoftBody/btDeformableCorotatedForce.h,1,1,2
/media/ullmann/HDDGabriel/engines/godot/thirdparty/opus/celt/x86/x86_celt_map.c,0,1,1
/media/ullmann/HDDGabriel/engines/godot/thirdparty/opus/celt/x86/pitch_sse.h,2,0,2
/media/ullmann/HDDGabriel/engines/godot/thirdparty/oidn/mkl-dnn/src/cpu/ref_deconvolution.cpp,0,1,1
/media/ullmann/HDDGabriel/engines/godot/thirdparty/bullet/Bullet3OpenCL/ParallelPrimitives/kernels/PrefixScanKernelsFloat4CL.h,1,0,1
/media/ullmann/HDDGabriel/engines/godot/thirdparty/bullet/BulletCollision/CollisionDispatch/btCompoundCollisionAlgorithm.cpp,1,1,2
/media/ullmann/HDDGabriel/engines/godot/thirdparty/bullet/BulletCollision/CollisionDispatch/btManifoldResult.h,2,0,2
/media/ullmann/HDDGabriel/engines/godot/thirdparty/bullet/BulletDynamics/Featherstone/btMultiBodyJointMotor.cpp,1,3,4
/media/ullmann/HDDGabriel/engines/godot/thirdparty/bullet/BulletSoftBody/btDeformableContactConstraint.cpp,0,1,1
/media/ullmann/HDDGabriel/engines/godot/drivers/gles2/shader_compiler_gles2.cpp,0,5,5
/media/ullmann/HDDGabriel/engines/godot/thirdparty/mbedtls/library/mps_reader.c,0,4,4
/media/ullmann/HDDGabriel/engines/godot/servers/physics/constraint_sw.h,3,1,4
/media/ullmann/HDDGabriel/engines/godot/editor/collada/collada.cpp,0,1,1
/media/ullmann/HDDGabriel/engines/godot/scene/resources/sphere_shape.h,8,1,9
/media/ullmann/HDDGabriel/engines/godot/platform/javascript/api/api.cpp,0,4,4
/media/ullmann/HDDGabriel/engines/godot/thirdparty/mbedtls/library/asn1parse.c,0,1,1
/media/ullmann/HDDGabriel/engines/godot/thirdparty/opus/silk/arm/SigProc_FIX_armv4.h,1,0,1
/media/ullmann/HDDGabriel/engines/godot/thirdparty/oidn/common/timer.h,0,1,1
/media/ullmann/HDDGabriel/engines/godot/thirdparty/mbedtls/library/threading.c,0,1,1
/media/ullmann/HDDGabriel/engines/godot/scene/resources/segment_shape_2d.h,4,1,5
/media/ullmann/HDDGabriel/engines/godot/thirdparty/recastnavigation/Recast/Include/RecastAlloc.h,0,1,1
/media/ullmann/HDDGabriel/engines/godot/thirdparty/recastnavigation/Recast/Include/RecastAssert.h,1,0,1
/media/ullmann/HDDGabriel/engines/godot/modules/upnp/upnp.h,3,2,5
/media/ullmann/HDDGabriel/engines/godot/editor/inspector_dock.cpp,0,4,4
/media/ullmann/HDDGabriel/engines/godot/thirdparty/freetype/src/type1/t1load.c,1,3,4
/media/ullmann/HDDGabriel/engines/godot/scene/resources/convex_polygon_shape.cpp,0,3,3
/media/ullmann/HDDGabriel/engines/godot/thirdparty/embree/kernels/geometry/conelinei_intersector.h,1,2,3
/media/ullmann/HDDGabriel/engines/godot/main/tests/test_math.h,2,1,3
/media/ullmann/HDDGabriel/engines/godot/editor/editor_about.cpp,0,3,3
/media/ullmann/HDDGabriel/engines/godot/thirdparty/bullet/BulletCollision/CollisionShapes/btPolyhedralConvexShape.cpp,1,1,2
/media/ullmann/HDDGabriel/engines/godot/platform/javascript/http_client.h.inc,1,0,1
/media/ullmann/HDDGabriel/engines/godot/scene/resources/default_theme/default_theme.h,3,1,4
/media/ullmann/HDDGabriel/engines/godot/thirdparty/bullet/Bullet3OpenCL/ParallelPrimitives/b3RadixSort32CL.h,2,2,4
/media/ullmann/HDDGabriel/engines/godot/thirdparty/freetype/src/pfr/pfrerror.h,6,0,6
/media/ullmann/HDDGabriel/engines/godot/thirdparty/freetype/src/gxvalid/gxvmort2.c,1,1,2
/media/ullmann/HDDGabriel/engines/godot/thirdparty/mbedtls/library/bignum.c,0,2,2
/media/ullmann/HDDGabriel/engines/godot/modules/enet/register_types.cpp,0,3,3
/media/ullmann/HDDGabriel/engines/godot/thirdparty/freetype/src/gxvalid/gxvmort.h,7,2,9
/media/ullmann/HDDGabriel/engines/godot/scene/resources/sky.h,4,2,6
/media/ullmann/HDDGabriel/engines/godot/thirdparty/oidn/mkl-dnn/src/cpu/jit_sse42_1x1_convolution.hpp,1,3,4
/media/ullmann/HDDGabriel/engines/godot/platform/javascript/javascript_singleton.cpp,0,1,1
/media/ullmann/HDDGabriel/engines/godot/thirdparty/libtheora/modedec.h,1,0,1
/media/ullmann/HDDGabriel/engines/godot/thirdparty/zlib/crc32.c,0,2,2
/media/ullmann/HDDGabriel/engines/godot/thirdparty/zlib/crc32.h,1,0,1
/media/ullmann/HDDGabriel/engines/godot/thirdparty/freetype/src/pfr/pfrload.c,1,2,3
/media/ullmann/HDDGabriel/engines/godot/thirdparty/oidn/core/output_reorder.h,1,2,3
/media/ullmann/HDDGabriel/engines/godot/servers/physics/area_sw.h,5,3,8
/media/ullmann/HDDGabriel/engines/godot/modules/visual_script/visual_script_nodes.h,7,1,8
/media/ullmann/HDDGabriel/engines/godot/main/default_controller_mappings.gen.cpp,0,2,2
/media/ullmann/HDDGabriel/engines/godot/thirdparty/bullet/Bullet3Common/b3Matrix3x3.h,1,2,3
/media/ullmann/HDDGabriel/engines/godot/thirdparty/oidn/core/buffer.h,1,2,3
/media/ullmann/HDDGabriel/engines/godot/thirdparty/freetype/src/psaux/psft.c,1,5,6
/media/ullmann/HDDGabriel/engines/godot/thirdparty/bullet/Bullet3OpenCL/RigidBody/kernels/updateAabbsKernel.h,1,0,1
/media/ullmann/HDDGabriel/engines/godot/thirdparty/oidn/mkl-dnn/src/cpu/rnn/ref_rnn.cpp,0,3,3
/media/ullmann/HDDGabriel/engines/godot/thirdparty/oidn/mkl-dnn/src/cpu/simple_q10n.hpp,7,0,7
/media/ullmann/HDDGabriel/engines/godot/servers/physics_2d/step_2d_sw.cpp,0,2,2
/media/ullmann/HDDGabriel/engines/godot/servers/physics_2d/step_2d_sw.h,2,1,3
/media/ullmann/HDDGabriel/engines/godot/modules/jpg/image_loader_jpegd.cpp,0,3,3
/media/ullmann/HDDGabriel/engines/godot/drivers/gles2/rasterizer_canvas_base_gles2.cpp,0,6,6
/media/ullmann/HDDGabriel/engines/godot/thirdparty/libvorbis/modes/setup_16.h,1,2,3
/media/ullmann/HDDGabriel/engines/godot/thirdparty/libvorbis/modes/residue_16.h,1,0,1
/media/ullmann/HDDGabriel/engines/godot/drivers/gles2/shader_compiler_gles2.h,2,5,7
/media/ullmann/HDDGabriel/engines/godot/modules/mono/mono_gd/gd_mono_log.cpp,0,5,5
/media/ullmann/HDDGabriel/engines/godot/core/variant_op.cpp,0,5,5
/media/ullmann/HDDGabriel/engines/godot/thirdparty/freetype/src/autofit/afwarp.c,1,1,2
/media/ullmann/HDDGabriel/engines/godot/thirdparty/mbedtls/library/md4.c,0,1,1
/media/ullmann/HDDGabriel/engines/godot/thirdparty/bullet/BulletCollision/Gimpact/gim_geometry.h,1,4,5
/media/ullmann/HDDGabriel/engines/godot/core/rid.cpp,0,1,1
/media/ullmann/HDDGabriel/engines/godot/thirdparty/freetype/src/truetype/ttobjs.c,1,5,6
/media/ullmann/HDDGabriel/engines/godot/core/math/triangle_mesh.cpp,0,2,2
/media/ullmann/HDDGabriel/engines/godot/platform/uwp/export/export.h,2,0,2
/media/ullmann/HDDGabriel/engines/godot/thirdparty/bullet/BulletDynamics/ConstraintSolver/btGearConstraint.cpp,1,1,2
/media/ullmann/HDDGabriel/engines/godot/thirdparty/bullet/BulletSoftBody/btDeformableNeoHookeanForce.h,1,1,2
/media/ullmann/HDDGabriel/engines/godot/thirdparty/bullet/BulletDynamics/Featherstone/btMultiBodyConstraint.h,11,2,13
/media/ullmann/HDDGabriel/engines/godot/modules/gdnative/gdnative/vector2.cpp,0,2,2
/media/ullmann/HDDGabriel/engines/godot/thirdparty/freetype/src/otvalid/otvgdef.c,1,2,3
/media/ullmann/HDDGabriel/engines/godot/servers/physics/collision_object_sw.cpp,0,3,3
/media/ullmann/HDDGabriel/engines/godot/thirdparty/bullet/BulletCollision/CollisionDispatch/btBoxBoxDetector.cpp,1,1,2
/media/ullmann/HDDGabriel/engines/godot/thirdparty/oidn/mkl-dnn/src/cpu/jit_utils/jitprofiling/jitprofiling.h,2,0,2
/media/ullmann/HDDGabriel/engines/godot/editor/plugins/cpu_particles_2d_editor_plugin.h,2,6,8
/media/ullmann/HDDGabriel/engines/godot/thirdparty/embree/common/simd/sse.cpp,0,1,1
/media/ullmann/HDDGabriel/engines/godot/thirdparty/bullet/Bullet3OpenCL/NarrowphaseCollision/b3GjkEpa.cpp,0,2,2
/media/ullmann/HDDGabriel/engines/godot/thirdparty/bullet/Bullet3OpenCL/NarrowphaseCollision/b3SupportMappings.h,1,1,2
/media/ullmann/HDDGabriel/engines/godot/modules/fbx/data/fbx_mesh_data.cpp,0,5,5
/media/ullmann/HDDGabriel/engines/godot/thirdparty/libtheora/x86/mmxstate.c,0,3,3
/media/ullmann/HDDGabriel/engines/godot/thirdparty/minizip/unzip.c,0,2,2
/media/ullmann/HDDGabriel/engines/godot/thirdparty/minizip/crypt.h,2,0,2
/media/ullmann/HDDGabriel/engines/godot/editor/dictionary_property_edit.cpp,0,2,2
/media/ullmann/HDDGabriel/engines/godot/servers/physics_2d/joints_2d_sw.h,2,2,4
/media/ullmann/HDDGabriel/engines/godot/servers/physics_2d/constraint_2d_sw.h,3,1,4
/media/ullmann/HDDGabriel/engines/godot/thirdparty/libvpx/vp8/common/blockd.c,0,1,1
/media/ullmann/HDDGabriel/engines/godot/thirdparty/bullet/Bullet3OpenCL/Raycast/b3GpuRaycast.cpp,0,1,1
/media/ullmann/HDDGabriel/engines/godot/thirdparty/bullet/Bullet3OpenCL/Raycast/b3GpuRaycast.h,1,0,1
/media/ullmann/HDDGabriel/engines/godot/thirdparty/bullet/Bullet3OpenCL/RigidBody/b3GpuSolverConstraint.h,1,0,1
/media/ullmann/HDDGabriel/engines/godot/thirdparty/freetype/src/pfr/pfrsbit.h,3,1,4
/media/ullmann/HDDGabriel/engines/godot/scene/gui/texture_button.h,7,2,9
/media/ullmann/HDDGabriel/engines/godot/thirdparty/bullet/Bullet3OpenCL/RigidBody/b3GpuPgsContactSolver.h,2,1,3
/media/ullmann/HDDGabriel/engines/godot/modules/mono/mono_gd/gd_mono_class.cpp,0,4,4
/media/ullmann/HDDGabriel/engines/godot/thirdparty/freetype/src/base/ftobjs.c,1,2,3
/media/ullmann/HDDGabriel/engines/godot/thirdparty/freetype/src/base/ftbase.h,4,0,4
/media/ullmann/HDDGabriel/engines/godot/servers/physics_2d/area_pair_2d_sw.h,2,3,5
/media/ullmann/HDDGabriel/engines/godot/drivers/gles3/shaders/ssao_minify.glsl.gen.h,2,1,3
/media/ullmann/HDDGabriel/engines/godot/thirdparty/bullet/Bullet3OpenCL/NarrowphaseCollision/b3OptimizedBvh.cpp,0,2,2
/media/ullmann/HDDGabriel/engines/godot/thirdparty/bullet/Bullet3OpenCL/NarrowphaseCollision/b3StridingMeshInterface.h,3,1,4
/media/ullmann/HDDGabriel/engines/godot/thirdparty/libtheora/cpu.c,4,1,5
/media/ullmann/HDDGabriel/engines/godot/thirdparty/libtheora/cpu.h,1,1,2
/media/ullmann/HDDGabriel/engines/godot/thirdparty/bullet/BulletCollision/CollisionDispatch/btCompoundCollisionAlgorithm.h,1,2,3
/media/ullmann/HDDGabriel/engines/godot/thirdparty/embree/kernels/builders/heuristic_spatial_array.h,1,2,3
/media/ullmann/HDDGabriel/engines/godot/thirdparty/embree/kernels/builders/heuristic_binning.h,4,3,7
/media/ullmann/HDDGabriel/engines/godot/thirdparty/libvorbis/bitrate.c,0,5,5
/media/ullmann/HDDGabriel/engines/godot/thirdparty/embree/kernels/builders/heuristic_strand_array.h,1,3,4
/media/ullmann/HDDGabriel/engines/godot/thirdparty/oidn/mkl-dnn/src/cpu/ref_batch_normalization.hpp,1,2,3
/media/ullmann/HDDGabriel/engines/godot/editor/plugins/mesh_editor_plugin.cpp,0,2,2
/media/ullmann/HDDGabriel/engines/godot/modules/mono/mono_gd/gd_mono_method_thunk.h,2,5,7
/media/ullmann/HDDGabriel/engines/godot/thirdparty/freetype/src/sfnt/ttsbit.h,2,1,3
/media/ullmann/HDDGabriel/engines/godot/thirdparty/bullet/BulletDynamics/Featherstone/btMultiBodyFixedConstraint.h,1,1,2
/media/ullmann/HDDGabriel/engines/godot/thirdparty/libtheora/mathops.h,2,0,2
/media/ullmann/HDDGabriel/engines/godot/modules/squish/register_types.cpp,0,2,2
/media/ullmann/HDDGabriel/engines/godot/modules/squish/register_types.h,2,0,2
/media/ullmann/HDDGabriel/engines/godot/drivers/gles2/rasterizer_scene_gles2.cpp,0,9,9
/media/ullmann/HDDGabriel/engines/godot/thirdparty/squish/clusterfit.cpp,0,3,3
/media/ullmann/HDDGabriel/engines/godot/thirdparty/squish/clusterfit.h,2,4,6
/media/ullmann/HDDGabriel/engines/godot/platform/osx/os_osx.h,0,12,12
/media/ullmann/HDDGabriel/engines/godot/editor/plugins/script_text_editor.cpp,0,8,8
/media/ullmann/HDDGabriel/engines/godot/thirdparty/etc2comp/EtcMath.cpp,0,2,2
/media/ullmann/HDDGabriel/engines/godot/thirdparty/bullet/BulletCollision/CollisionDispatch/btConvexConvexAlgorithm.cpp,1,1,2
/media/ullmann/HDDGabriel/engines/godot/thirdparty/embree/kernels/common/hit.h,2,3,5
/media/ullmann/HDDGabriel/engines/godot/thirdparty/embree/kernels/common/instance_stack.h,3,1,4
/media/ullmann/HDDGabriel/engines/godot/platform/javascript/os_javascript.h,2,5,7
/media/ullmann/HDDGabriel/engines/godot/modules/mbedtls/stream_peer_mbedtls.cpp,0,3,3
/media/ullmann/HDDGabriel/engines/godot/thirdparty/opus/silk/PLC.c,0,2,2
/media/ullmann/HDDGabriel/engines/godot/drivers/alsamidi/midi_driver_alsamidi.h,2,5,7
/media/ullmann/HDDGabriel/engines/godot/modules/fbx/fbx_parser/FBXProperties.h,6,1,7
/media/ullmann/HDDGabriel/engines/godot/thirdparty/freetype/src/truetype/ttdriver.c,1,5,6
/media/ullmann/HDDGabriel/engines/godot/modules/bullet/slider_joint_bullet.cpp,0,4,4
/media/ullmann/HDDGabriel/engines/godot/thirdparty/opus/silk/shell_coder.c,0,1,1
/media/ullmann/HDDGabriel/engines/godot/modules/gdnative/gdnative/quat.cpp,0,2,2
/media/ullmann/HDDGabriel/engines/godot/servers/physics/shape_sw.cpp,0,5,5
/media/ullmann/HDDGabriel/engines/godot/platform/android/export/gradle_export_util.h,2,5,7
/media/ullmann/HDDGabriel/engines/godot/drivers/unix/file_access_unix.cpp,0,3,3
/media/ullmann/HDDGabriel/engines/godot/scene/animation/animation_node_state_machine.h,3,1,4
/media/ullmann/HDDGabriel/engines/godot/core/math/disjoint_set.cpp,0,1,1
/media/ullmann/HDDGabriel/engines/godot/modules/gdnative/pluginscript/pluginscript_loader.cpp,0,4,4
/media/ullmann/HDDGabriel/engines/godot/modules/mono/glue/rid_glue.h,2,3,5
/media/ullmann/HDDGabriel/engines/godot/servers/visual/visual_server_raster.cpp,0,8,8
/media/ullmann/HDDGabriel/engines/godot/thirdparty/opus/celt/mips/vq_mipsr1.h,1,0,1
/media/ullmann/HDDGabriel/engines/godot/drivers/png/resource_saver_png.h,2,2,4
/media/ullmann/HDDGabriel/engines/godot/thirdparty/bullet/Bullet3OpenCL/RigidBody/b3GpuPgsConstraintSolver.cpp,0,1,1
/media/ullmann/HDDGabriel/engines/godot/thirdparty/oidn/mkl-dnn/src/common/eltwise_pd.hpp,1,2,3
/media/ullmann/HDDGabriel/engines/godot/servers/physics/joints/generic_6dof_joint_sw.cpp,0,1,1
/media/ullmann/HDDGabriel/engines/godot/servers/physics/joints/generic_6dof_joint_sw.h,2,2,4
/media/ullmann/HDDGabriel/engines/godot/thirdparty/bullet/BulletCollision/CollisionShapes/btTriangleMesh.h,2,1,3
/media/ullmann/HDDGabriel/engines/godot/thirdparty/bullet/BulletDynamics/Vehicle/btWheelInfo.cpp,1,1,2
/media/ullmann/HDDGabriel/engines/godot/thirdparty/pcre2/src/sljit/sljitNativeX86_32.c,1,0,1
/media/ullmann/HDDGabriel/engines/godot/thirdparty/embree/common/algorithms/parallel_any_of.h,1,1,2
/media/ullmann/HDDGabriel/engines/godot/editor/import/resource_importer_obj.h,2,1,3
/media/ullmann/HDDGabriel/engines/godot/core/ref_ptr.cpp,0,3,3
/media/ullmann/HDDGabriel/engines/godot/thirdparty/embree/kernels/common/alloc.h,3,4,7
/media/ullmann/HDDGabriel/engines/godot/servers/physics/broad_phase_bvh.h,2,2,4
/media/ullmann/HDDGabriel/engines/godot/core/math/bvh.h,3,2,5
/media/ullmann/HDDGabriel/engines/godot/servers/physics/broad_phase_sw.cpp,0,1,1
/media/ullmann/HDDGabriel/engines/godot/modules/tinyexr/register_types.cpp,0,3,3
/media/ullmann/HDDGabriel/engines/godot/thirdparty/bullet/BulletDynamics/Vehicle/btVehicleRaycaster.h,2,0,2
/media/ullmann/HDDGabriel/engines/godot/thirdparty/bullet/Bullet3Dynamics/ConstraintSolver/b3FixedConstraint.h,1,1,2
/media/ullmann/HDDGabriel/engines/godot/servers/physics/step_sw.h,2,1,3
/media/ullmann/HDDGabriel/engines/godot/thirdparty/bullet/Bullet3OpenCL/RigidBody/b3GpuConstraint4.h,3,0,3
/media/ullmann/HDDGabriel/engines/godot/thirdparty/bullet/Bullet3OpenCL/NarrowphaseCollision/b3ContactCache.cpp,0,1,1
/media/ullmann/HDDGabriel/engines/godot/thirdparty/bullet/Bullet3OpenCL/NarrowphaseCollision/b3ContactCache.h,1,0,1
/media/ullmann/HDDGabriel/engines/godot/servers/physics/body_sw.cpp,0,3,3
/media/ullmann/HDDGabriel/engines/godot/thirdparty/libtheora/encoder_disabled.c,0,2,2
/media/ullmann/HDDGabriel/engines/godot/drivers/gles_common/rasterizer_array.h,2,2,4
/media/ullmann/HDDGabriel/engines/godot/thirdparty/oidn/mkl-dnn/src/cpu/ref_shuffle.hpp,1,2,3
/media/ullmann/HDDGabriel/engines/godot/thirdparty/oidn/mkl-dnn/src/cpu/cpu_shuffle_pd.hpp,1,0,1
/media/ullmann/HDDGabriel/engines/godot/core/io/networked_multiplayer_peer.cpp,0,1,1
/media/ullmann/HDDGabriel/engines/godot/thirdparty/embree/common/simd/vllong4_avx2.h,1,0,1
/media/ullmann/HDDGabriel/engines/godot/thirdparty/embree/kernels/bvh/bvh_builder.cpp,0,1,1
/media/ullmann/HDDGabriel/engines/godot/thirdparty/libtheora/x86/mmxloop.h,1,1,2
/media/ullmann/HDDGabriel/engines/godot/thirdparty/opus/silk/fixed/mips/noise_shape_analysis_FIX_mipsr1.h,1,0,1
/media/ullmann/HDDGabriel/engines/godot/thirdparty/bullet/BulletDynamics/ConstraintSolver/btUniversalConstraint.cpp,1,1,2
/media/ullmann/HDDGabriel/engines/godot/servers/physics/body_pair_sw.h,2,2,4
/media/ullmann/HDDGabriel/engines/godot/thirdparty/oidn/mkl-dnn/src/common/query.cpp,0,4,4
/media/ullmann/HDDGabriel/engines/godot/thirdparty/bullet/Bullet3OpenCL/BroadphaseCollision/b3GpuSapBroadphase.cpp,0,2,2
/media/ullmann/HDDGabriel/engines/godot/thirdparty/bullet/Bullet3OpenCL/BroadphaseCollision/b3GpuSapBroadphase.h,1,2,3
/media/ullmann/HDDGabriel/engines/godot/thirdparty/squish/rangefit.cpp,0,3,3
/media/ullmann/HDDGabriel/engines/godot/modules/mono/class_db_api_json.cpp,0,5,5
/media/ullmann/HDDGabriel/engines/godot/thirdparty/bullet/Bullet3OpenCL/RigidBody/b3GpuRigidBodyPipeline.h,1,0,1
/media/ullmann/HDDGabriel/engines/godot/thirdparty/opus/mlp.h,3,0,3
/media/ullmann/HDDGabriel/engines/godot/thirdparty/bullet/BulletDynamics/ConstraintSolver/btGeneric6DofConstraint.h,4,2,6
/media/ullmann/HDDGabriel/engines/godot/thirdparty/bullet/BulletDynamics/ConstraintSolver/btTypedConstraint.h,11,1,12
/media/ullmann/HDDGabriel/engines/godot/thirdparty/mbedtls/library/hkdf.c,0,1,1
/media/ullmann/HDDGabriel/engines/godot/modules/fbx/fbx_parser/ByteSwapper.h,3,0,3
/media/ullmann/HDDGabriel/engines/godot/thirdparty/bullet/Bullet3Dynamics/ConstraintSolver/b3Generic6DofConstraint.h,1,2,3
/media/ullmann/HDDGabriel/engines/godot/thirdparty/embree/kernels/common/builder.h,4,2,6
/media/ullmann/HDDGabriel/engines/godot/thirdparty/embree/common/simd/vboold8_avx512.h,1,0,1
/media/ullmann/HDDGabriel/engines/godot/core/io/ip_address.h,5,1,6
/media/ullmann/HDDGabriel/engines/godot/servers/physics/step_sw.cpp,0,3,3
/media/ullmann/HDDGabriel/engines/godot/thirdparty/opus/silk/NLSF_VQ_weights_laroia.c,0,2,2
/media/ullmann/HDDGabriel/engines/godot/thirdparty/libvorbis/analysis.c,0,6,6
/media/ullmann/HDDGabriel/engines/godot/thirdparty/embree/kernels/subdiv/bilinear_patch.h,1,2,3
/media/ullmann/HDDGabriel/engines/godot/drivers/register_driver_types.cpp,0,3,3
/media/ullmann/HDDGabriel/engines/godot/thirdparty/freetype/src/autofit/aflatin.c,1,4,5
/media/ullmann/HDDGabriel/engines/godot/core/io/resource_loader.cpp,0,9,9
/media/ullmann/HDDGabriel/engines/godot/thirdparty/squish/maths.cpp,0,2,2
/media/ullmann/HDDGabriel/engines/godot/thirdparty/bullet/BulletCollision/Gimpact/btGImpactQuantizedBvhStructs.h,1,2,3
/media/ullmann/HDDGabriel/engines/godot/thirdparty/bullet/Bullet3Collision/BroadPhaseCollision/b3DynamicBvhBroadphase.cpp,0,2,2
/media/ullmann/HDDGabriel/engines/godot/drivers/gles3/rasterizer_canvas_gles3.h,4,2,6
/media/ullmann/HDDGabriel/engines/godot/modules/bullet/constraint_bullet.cpp,0,3,3
/media/ullmann/HDDGabriel/engines/godot/thirdparty/freetype/src/raster/ftrend1.c,1,3,4
/media/ullmann/HDDGabriel/engines/godot/thirdparty/freetype/src/raster/ftrend1.h,1,0,1
/media/ullmann/HDDGabriel/engines/godot/modules/mbedtls/packet_peer_mbed_dtls.cpp,0,3,3
/media/ullmann/HDDGabriel/engines/godot/scene/3d/collision_polygon.cpp,0,4,4
/media/ullmann/HDDGabriel/engines/godot/thirdparty/libvpx/vp8/common/entropy.c,0,5,5
/media/ullmann/HDDGabriel/engines/godot/thirdparty/libvorbis/lsp.c,0,6,6
/media/ullmann/HDDGabriel/engines/godot/thirdparty/libvorbis/lookup.h,2,0,2
/media/ullmann/HDDGabriel/engines/godot/thirdparty/bullet/Bullet3Geometry/b3GeometryUtil.cpp,0,1,1
/media/ullmann/HDDGabriel/engines/godot/thirdparty/bullet/Bullet3Geometry/b3GeometryUtil.h,1,0,1
/media/ullmann/HDDGabriel/engines/godot/main/main_timer_sync.h,2,1,3
/media/ullmann/HDDGabriel/engines/godot/drivers/gles3/shader_gles3.cpp,0,2,2
/media/ullmann/HDDGabriel/engines/godot/core/math/vector3.cpp,0,2,2
/media/ullmann/HDDGabriel/engines/godot/servers/visual/visual_server_scene.cpp,0,4,4
/media/ullmann/HDDGabriel/engines/godot/thirdparty/bullet/BulletDynamics/ConstraintSolver/btSequentialImpulseConstraintSolverMt.cpp,1,1,2
/media/ullmann/HDDGabriel/engines/godot/thirdparty/bullet/BulletDynamics/ConstraintSolver/btSequentialImpulseConstraintSolverMt.h,1,2,3
/media/ullmann/HDDGabriel/engines/godot/drivers/gles2/shaders/canvas_shadow.glsl.gen.h,1,1,2
/media/ullmann/HDDGabriel/engines/godot/core/io/tcp_server.cpp,0,1,1
/media/ullmann/HDDGabriel/engines/godot/thirdparty/bullet/BulletSoftBody/btSoftBodyHelpers.cpp,0,2,2
/media/ullmann/HDDGabriel/engines/godot/thirdparty/opus/silk/decode_pitch.c,0,2,2
/media/ullmann/HDDGabriel/engines/godot/thirdparty/bullet/BulletDynamics/ConstraintSolver/btGeneric6DofSpringConstraint.cpp,1,1,2
/media/ullmann/HDDGabriel/engines/godot/editor/plugins/material_editor_plugin.cpp,0,4,4
/media/ullmann/HDDGabriel/engines/godot/modules/webxr/webxr_interface.h,3,2,5
/media/ullmann/HDDGabriel/engines/godot/thirdparty/bullet/Bullet3OpenCL/ParallelPrimitives/kernels/FillKernelsCL.h,1,0,1
/media/ullmann/HDDGabriel/engines/godot/thirdparty/bullet/BulletCollision/CollisionShapes/btStaticPlaneShape.cpp,1,1,2
/media/ullmann/HDDGabriel/engines/godot/thirdparty/bullet/BulletCollision/CollisionShapes/btMultimaterialTriangleMeshShape.h,0,2,2
/media/ullmann/HDDGabriel/engines/godot/thirdparty/bullet/BulletCollision/CollisionShapes/btBvhTriangleMeshShape.h,2,3,5
/media/ullmann/HDDGabriel/engines/godot/core/path_remap.h,4,0,4
/media/ullmann/HDDGabriel/engines/godot/core/os/input_event.cpp,0,3,3
/media/ullmann/HDDGabriel/engines/godot/core/string_name.cpp,0,3,3
/media/ullmann/HDDGabriel/engines/godot/thirdparty/bullet/BulletSoftBody/btDefaultSoftBodySolver.cpp,0,1,1
/media/ullmann/HDDGabriel/engines/godot/platform/javascript/export/export.h,2,0,2
/media/ullmann/HDDGabriel/engines/godot/thirdparty/libpng/png.c,0,1,1
/media/ullmann/HDDGabriel/engines/godot/thirdparty/oidn/mkl-dnn/src/cpu/jit_avx512_common_1x1_convolution.cpp,0,2,2
/media/ullmann/HDDGabriel/engines/godot/modules/opensimplex/open_simplex_noise.cpp,0,2,2
/media/ullmann/HDDGabriel/engines/godot/editor/quick_open.cpp,0,2,2
/media/ullmann/HDDGabriel/engines/godot/thirdparty/bullet/BulletCollision/CollisionDispatch/btHashedSimplePairCache.cpp,1,1,2
/media/ullmann/HDDGabriel/engines/godot/platform/windows/joypad_windows.h,2,1,3
/media/ullmann/HDDGabriel/engines/godot/modules/websocket/packet_buffer.h,2,1,3
/media/ullmann/HDDGabriel/engines/godot/thirdparty/bullet/BulletCollision/CollisionDispatch/btCollisionWorldImporter.cpp,1,1,2
/media/ullmann/HDDGabriel/engines/godot/scene/gui/file_dialog.cpp,0,4,4
/media/ullmann/HDDGabriel/engines/godot/thirdparty/libtheora/x86/mmxfrag.c,0,2,2
/media/ullmann/HDDGabriel/engines/godot/thirdparty/etc2comp/EtcSortedBlockList.h,2,0,2
/media/ullmann/HDDGabriel/engines/godot/thirdparty/bullet/BulletDynamics/Featherstone/btMultiBodyDynamicsWorld.h,1,0,1
/media/ullmann/HDDGabriel/engines/godot/core/color_names.inc,2,0,2
/media/ullmann/HDDGabriel/engines/godot/modules/theora/video_stream_theora.cpp,0,4,4
/media/ullmann/HDDGabriel/engines/godot/thirdparty/bullet/BulletDynamics/ConstraintSolver/btGeneric6DofSpringConstraint.h,2,2,4
/media/ullmann/HDDGabriel/engines/godot/platform/register_platform_apis.h,2,0,2
/media/ullmann/HDDGabriel/engines/godot/thirdparty/bullet/Bullet3Serialize/Bullet2FileLoader/b3BulletFile.cpp,0,3,3
/media/ullmann/HDDGabriel/engines/godot/thirdparty/oidn/mkl-dnn/src/cpu/jit_avx512_core_x8s8s32x_deconvolution.cpp,0,1,1
/media/ullmann/HDDGabriel/engines/godot/modules/gdnative/net/register_types.h,2,0,2
/media/ullmann/HDDGabriel/engines/godot/thirdparty/libtheora/decode.c,0,1,1
/media/ullmann/HDDGabriel/engines/godot/thirdparty/oidn/mkl-dnn/src/cpu/jit_avx512_common_1x1_conv_kernel.hpp,2,3,5
/media/ullmann/HDDGabriel/engines/godot/core/os/rw_lock.h,3,1,4
/media/ullmann/HDDGabriel/engines/godot/thirdparty/opus/opus/opusfile.h,0,1,1
/media/ullmann/HDDGabriel/engines/godot/thirdparty/opus/opus/opus_multistream.h,1,1,2
/media/ullmann/HDDGabriel/engines/godot/scene/2d/visibility_notifier_2d.h,3,1,4
/media/ullmann/HDDGabriel/engines/godot/thirdparty/bullet/BulletCollision/CollisionDispatch/btBoxBoxCollisionAlgorithm.h,1,1,2
/media/ullmann/HDDGabriel/engines/godot/thirdparty/freetype/src/psaux/pstypes.h,1,0,1
/media/ullmann/HDDGabriel/engines/godot/thirdparty/oidn/mkl-dnn/src/common/inner_product.cpp,0,3,3
/media/ullmann/HDDGabriel/engines/godot/thirdparty/embree/kernels/common/scene_triangle_mesh.cpp,0,2,2
/media/ullmann/HDDGabriel/engines/godot/core/script_debugger_local.h,2,2,4
/media/ullmann/HDDGabriel/engines/godot/thirdparty/bullet/BulletCollision/NarrowPhaseCollision/btSubSimplexConvexCast.h,1,2,3
/media/ullmann/HDDGabriel/engines/godot/thirdparty/freetype/src/cache/ftcsbits.c,1,3,4
/media/ullmann/HDDGabriel/engines/godot/scene/3d/collision_object.cpp,0,5,5
/media/ullmann/HDDGabriel/engines/godot/thirdparty/mbedtls/library/ecp_curves.c,0,2,2
/media/ullmann/HDDGabriel/engines/godot/thirdparty/mbedtls/library/ecp_invasive.h,2,1,3
/media/ullmann/HDDGabriel/engines/godot/modules/websocket/websocket_server.h,3,4,7
/media/ullmann/HDDGabriel/engines/godot/thirdparty/opus/silk/NLSF_decode.c,0,1,1
/media/ullmann/HDDGabriel/engines/godot/thirdparty/libvpx/vp8/common/default_coef_probs.h,1,0,1
/media/ullmann/HDDGabriel/engines/godot/thirdparty/oidn/mkl-dnn/src/cpu/jit_avx512_common_convolution_winograd.cpp,0,1,1
/media/ullmann/HDDGabriel/engines/godot/editor/multi_node_edit.cpp,0,3,3
/media/ullmann/HDDGabriel/engines/godot/thirdparty/bullet/BulletSoftBody/btSoftBodyConcaveCollisionAlgorithm.cpp,0,1,1
/media/ullmann/HDDGabriel/engines/godot/thirdparty/bullet/BulletSoftBody/btSoftBodyConcaveCollisionAlgorithm.h,2,0,2
/media/ullmann/HDDGabriel/engines/godot/thirdparty/embree/kernels/geometry/curve_intersector_oriented.h,1,4,5
/media/ullmann/HDDGabriel/engines/godot/thirdparty/bullet/BulletCollision/CollisionShapes/btMultiSphereShape.h,2,1,3
/media/ullmann/HDDGabriel/engines/godot/modules/webp/register_types.h,2,0,2
/media/ullmann/HDDGabriel/engines/godot/scene/2d/area_2d.h,4,2,6
/media/ullmann/HDDGabriel/engines/godot/thirdparty/bullet/BulletCollision/CollisionShapes/btMultimaterialTriangleMeshShape.cpp,1,0,1
/media/ullmann/HDDGabriel/engines/godot/thirdparty/oidn/mkl-dnn/src/cpu/xbyak/xbyak.h,2,1,3
/media/ullmann/HDDGabriel/engines/godot/thirdparty/embree/kernels/bvh/bvh_intersector_stream.h,0,3,3
/media/ullmann/HDDGabriel/engines/godot/thirdparty/bullet/clew/clew.c,0,1,1
/media/ullmann/HDDGabriel/engines/godot/thirdparty/bullet/clew/clew.h,1,0,1
/media/ullmann/HDDGabriel/engines/godot/thirdparty/embree/kernels/geometry/line_intersector.h,2,2,4
/media/ullmann/HDDGabriel/engines/godot/editor/editor_properties.cpp,0,7,7
/media/ullmann/HDDGabriel/engines/godot/thirdparty/opus/silk/MacroDebug.h,1,0,1
/media/ullmann/HDDGabriel/engines/godot/thirdparty/freetype/src/sfnt/sfobjs.h,2,0,2
/media/ullmann/HDDGabriel/engines/godot/core/os/main_loop.cpp,0,2,2
/media/ullmann/HDDGabriel/engines/godot/modules/dds/texture_loader_dds.h,2,2,4
/media/ullmann/HDDGabriel/engines/godot/scene/2d/canvas_modulate.h,2,1,3
/media/ullmann/HDDGabriel/engines/godot/core/io/ip.cpp,0,4,4
/media/ullmann/HDDGabriel/engines/godot/core/os/semaphore.h,7,2,9
/media/ullmann/HDDGabriel/engines/godot/thirdparty/oidn/core/network.cpp,0,3,3
/media/ullmann/HDDGabriel/engines/godot/thirdparty/oidn/core/network.h,2,5,7
/media/ullmann/HDDGabriel/engines/godot/scene/gui/line_edit.cpp,0,9,9
/media/ullmann/HDDGabriel/engines/godot/scene/gui/panel.cpp,0,2,2
/media/ullmann/HDDGabriel/engines/godot/thirdparty/bullet/Bullet3OpenCL/ParallelPrimitives/b3RadixSort32CL.cpp,0,5,5
/media/ullmann/HDDGabriel/engines/godot/thirdparty/bullet/Bullet3OpenCL/ParallelPrimitives/b3PrefixScanCL.h,2,2,4
/media/ullmann/HDDGabriel/engines/godot/servers/physics/collision_solver_sw.h,6,1,7
/media/ullmann/HDDGabriel/engines/godot/scene/animation/animation_blend_space_2d.cpp,0,2,2
/media/ullmann/HDDGabriel/engines/godot/thirdparty/pcre2/src/sljit/sljitNativeARM_T2_32.c,1,0,1
/media/ullmann/HDDGabriel/engines/godot/modules/bullet/godot_ray_world_algorithm.cpp,0,3,3
/media/ullmann/HDDGabriel/engines/godot/thirdparty/opus/silk/log2lin.c,0,1,1
/media/ullmann/HDDGabriel/engines/godot/modules/gdscript/language_server/gdscript_language_protocol.cpp,0,5,5
/media/ullmann/HDDGabriel/engines/godot/scene/3d/arvr_nodes.cpp,0,4,4
/media/ullmann/HDDGabriel/engines/godot/thirdparty/freetype/src/cache/ftcimage.c,1,3,4
/media/ullmann/HDDGabriel/engines/godot/thirdparty/freetype/src/cache/ftcimage.h,3,1,4
/media/ullmann/HDDGabriel/engines/godot/editor/dictionary_property_edit.h,3,1,4
/media/ullmann/HDDGabriel/engines/godot/modules/gltf/editor_scene_exporter_gltf_plugin.h,2,2,4
/media/ullmann/HDDGabriel/engines/godot/thirdparty/embree/common/math/vec2fa.h,2,3,5
/media/ullmann/HDDGabriel/engines/godot/thirdparty/oidn/core/image.h,5,2,7
/media/ullmann/HDDGabriel/engines/godot/scene/resources/visual_shader.cpp,0,3,3
/media/ullmann/HDDGabriel/engines/godot/thirdparty/oidn/mkl-dnn/src/common/tag_traits.hpp,0,2,2
/media/ullmann/HDDGabriel/engines/godot/thirdparty/bullet/BulletCollision/CollisionShapes/btTriangleIndexVertexArray.h,4,1,5
/media/ullmann/HDDGabriel/engines/godot/modules/bullet/hinge_joint_bullet.h,2,1,3
/media/ullmann/HDDGabriel/engines/godot/thirdparty/embree/kernels/builders/heuristic_binning_array_aligned.h,4,1,5
/media/ullmann/HDDGabriel/engines/godot/thirdparty/freetype/src/gxvalid/gxvmort0.c,1,1,2
/media/ullmann/HDDGabriel/engines/godot/thirdparty/miniupnpc/miniupnpc/win32_snprintf.h,5,0,5
/media/ullmann/HDDGabriel/engines/godot/modules/jpg/register_types.h,2,0,2
/media/ullmann/HDDGabriel/engines/godot/thirdparty/bullet/BulletCollision/CollisionShapes/btTriangleCallback.h,4,0,4
/media/ullmann/HDDGabriel/engines/godot/thirdparty/libvorbis/modes/setup_11.h,1,1,2
/media/ullmann/HDDGabriel/engines/godot/thirdparty/opus/celt/ecintrin.h,1,1,2
/media/ullmann/HDDGabriel/engines/godot/thirdparty/opus/silk/fixed/process_gains_FIX.c,0,1,1
/media/ullmann/HDDGabriel/engines/godot/main/main_timer_sync.cpp,0,3,3
/media/ullmann/HDDGabriel/engines/godot/scene/gui/reference_rect.h,2,1,3
/media/ullmann/HDDGabriel/engines/godot/core/dictionary.cpp,0,4,4
/media/ullmann/HDDGabriel/engines/godot/thirdparty/mbedtls/library/mps_reader.h,1,2,3
/media/ullmann/HDDGabriel/engines/godot/thirdparty/bullet/BulletCollision/CollisionDispatch/btConvexPlaneCollisionAlgorithm.h,1,1,2
/media/ullmann/HDDGabriel/engines/godot/thirdparty/pcre2/src/sljit/sljitConfigInternal.h,1,0,1
/media/ullmann/HDDGabriel/engines/godot/thirdparty/oidn/mkl-dnn/src/cpu/cpu_inner_product_pd.hpp,3,0,3
/media/ullmann/HDDGabriel/engines/godot/thirdparty/bullet/BulletCollision/NarrowPhaseCollision/btGjkPairDetector.cpp,1,1,2
/media/ullmann/HDDGabriel/engines/godot/thirdparty/opus/silk/A2NLSF.c,0,2,2
/media/ullmann/HDDGabriel/engines/godot/scene/gui/menu_button.cpp,0,3,3
/media/ullmann/HDDGabriel/engines/godot/thirdparty/misc/fastlz.c,0,1,1
/media/ullmann/HDDGabriel/engines/godot/thirdparty/misc/fastlz.h,2,0,2
/media/ullmann/HDDGabriel/engines/godot/core/math/math_fieldwise.h,2,1,3
/media/ullmann/HDDGabriel/engines/godot/thirdparty/wslay/wslay_frame.c,0,2,2
/media/ullmann/HDDGabriel/engines/godot/thirdparty/wslay/wslay_net.h,3,0,3
/media/ullmann/HDDGabriel/engines/godot/thirdparty/bullet/Bullet3OpenCL/NarrowphaseCollision/b3ConvexHullContact.h,1,2,3
/media/ullmann/HDDGabriel/engines/godot/thirdparty/mbedtls/library/net_sockets.c,0,1,1
/media/ullmann/HDDGabriel/engines/godot/editor/import_defaults_editor.h,2,7,9
/media/ullmann/HDDGabriel/engines/godot/thirdparty/bullet/BulletCollision/CollisionShapes/btStaticPlaneShape.h,2,1,3
/media/ullmann/HDDGabriel/engines/godot/thirdparty/minizip/ioapi.h,3,0,3
/media/ullmann/HDDGabriel/engines/godot/thirdparty/freetype/src/pcf/pcfread.c,1,3,4
/media/ullmann/HDDGabriel/engines/godot/thirdparty/miniupnpc/miniupnpc/minissdpc.c,0,6,6
/media/ullmann/HDDGabriel/engines/godot/servers/visual/visual_server_wrap_mt.cpp,0,3,3
/media/ullmann/HDDGabriel/engines/godot/servers/visual/portals/portal_pvs_builder.h,2,3,5
/media/ullmann/HDDGabriel/engines/godot/thirdparty/bullet/BulletDynamics/ConstraintSolver/btTypedConstraint.cpp,1,1,2
/media/ullmann/HDDGabriel/engines/godot/modules/gltf/gltf_buffer_view.h,3,2,5
/media/ullmann/HDDGabriel/engines/godot/modules/gltf/gltf_buffer_view.cpp,0,1,1
/media/ullmann/HDDGabriel/engines/godot/thirdparty/mbedtls/library/pk_wrap.c,0,1,1
/media/ullmann/HDDGabriel/engines/godot/scene/2d/ray_cast_2d.h,2,1,3
/media/ullmann/HDDGabriel/engines/godot/thirdparty/embree/kernels/bvh/bvh_intersector_stream_filters.h,0,3,3
/media/ullmann/HDDGabriel/engines/godot/modules/webrtc/webrtc_data_channel.cpp,0,2,2
/media/ullmann/HDDGabriel/engines/godot/thirdparty/bullet/BulletCollision/CollisionShapes/btOptimizedBvh.h,2,0,2
/media/ullmann/HDDGabriel/engines/godot/thirdparty/opus/silk/bwexpander.c,0,1,1
/media/ullmann/HDDGabriel/engines/godot/servers/audio/effects/audio_effect_limiter.h,2,1,3
/media/ullmann/HDDGabriel/engines/godot/thirdparty/freetype/src/pshinter/pshrec.c,1,3,4
/media/ullmann/HDDGabriel/engines/godot/thirdparty/freetype/src/pshinter/pshnterr.h,2,0,2
/media/ullmann/HDDGabriel/engines/godot/thirdparty/opus/celt/arm/fixed_armv4.h,2,0,2
/media/ullmann/HDDGabriel/engines/godot/drivers/gles3/shaders/particles.glsl.gen.h,1,1,2
/media/ullmann/HDDGabriel/engines/godot/modules/gltf/gltf_state.cpp,0,1,1
/media/ullmann/HDDGabriel/engines/godot/thirdparty/oidn/mkl-dnn/src/common/engine.cpp,0,4,4
/media/ullmann/HDDGabriel/engines/godot/scene/2d/navigation_polygon.cpp,0,5,5
/media/ullmann/HDDGabriel/engines/godot/thirdparty/freetype/src/cff/cffload.c,1,3,4
/media/ullmann/HDDGabriel/engines/godot/thirdparty/freetype/src/cff/cffparse.h,4,0,4
/media/ullmann/HDDGabriel/engines/godot/scene/2d/multimesh_instance_2d.cpp,0,2,2
/media/ullmann/HDDGabriel/engines/godot/thirdparty/oidn/mkl-dnn/src/cpu/jit_uni_reorder.hpp,2,2,4
/media/ullmann/HDDGabriel/engines/godot/thirdparty/pcre2/src/pcre2_substring.c,0,2,2
/media/ullmann/HDDGabriel/engines/godot/modules/fbx/data/fbx_skeleton.cpp,0,2,2
/media/ullmann/HDDGabriel/engines/godot/thirdparty/freetype/src/cff/cffdrivr.h,1,0,1
/media/ullmann/HDDGabriel/engines/godot/thirdparty/libvpx/vp8_rtcd.h,0,1,1
/media/ullmann/HDDGabriel/engines/godot/thirdparty/libvpx/vpx_config.h,3,0,3
/media/ullmann/HDDGabriel/engines/godot/servers/audio/effects/audio_effect_spectrum_analyzer.cpp,0,2,2
/media/ullmann/HDDGabriel/engines/godot/servers/audio/effects/audio_effect_spectrum_analyzer.h,2,1,3
/media/ullmann/HDDGabriel/engines/godot/thirdparty/bullet/BulletDynamics/Featherstone/btMultiBodySliderConstraint.cpp,1,2,3
/media/ullmann/HDDGabriel/engines/godot/thirdparty/bullet/BulletDynamics/Featherstone/btMultiBodySliderConstraint.h,1,1,2
/media/ullmann/HDDGabriel/engines/godot/thirdparty/opus/opus_multistream.c,0,2,2
/media/ullmann/HDDGabriel/engines/godot/thirdparty/oidn/mkl-dnn/src/cpu/jit_avx2_1x1_conv_kernel_f32.cpp,0,2,2
/media/ullmann/HDDGabriel/engines/godot/scene/resources/particles_material.cpp,0,2,2
/media/ullmann/HDDGabriel/engines/godot/thirdparty/embree/kernels/builders/priminfo.h,6,3,9
/media/ullmann/HDDGabriel/engines/godot/thirdparty/freetype/src/otvalid/otvgpos.c,1,3,4
/media/ullmann/HDDGabriel/engines/godot/servers/physics/broad_phase_bvh.cpp,0,3,3
/media/ullmann/HDDGabriel/engines/godot/thirdparty/bullet/BulletCollision/Gimpact/btGImpactBvh.cpp,1,1,2
/media/ullmann/HDDGabriel/engines/godot/thirdparty/embree/common/tasking/taskscheduler.h,3,3,6
/media/ullmann/HDDGabriel/engines/godot/thirdparty/freetype/src/otvalid/otvgsub.c,1,2,3
/media/ullmann/HDDGabriel/engines/godot/servers/physics_2d/collision_object_2d_sw.cpp,0,3,3
/media/ullmann/HDDGabriel/engines/godot/thirdparty/bullet/BulletCollision/CollisionShapes/btConvexTriangleMeshShape.h,2,1,3
/media/ullmann/HDDGabriel/engines/godot/servers/audio/effects/audio_effect_limiter.cpp,0,1,1
/media/ullmann/HDDGabriel/engines/godot/core/math/basis.cpp,0,3,3
/media/ullmann/HDDGabriel/engines/godot/thirdparty/opus/celt/arm/pitch_arm.h,1,1,2
/media/ullmann/HDDGabriel/engines/godot/thirdparty/opus/celt/arm/armcpu.h,3,0,3
/media/ullmann/HDDGabriel/engines/godot/thirdparty/misc/clipper.hpp,4,0,4
/media/ullmann/HDDGabriel/engines/godot/thirdparty/bullet/BulletCollision/CollisionShapes/btHeightfieldTerrainShape.h,1,1,2
/media/ullmann/HDDGabriel/engines/godot/thirdparty/opus/silk/NLSF_VQ.c,0,1,1
/media/ullmann/HDDGabriel/engines/godot/thirdparty/libwebp/src/webp/demux.h,0,2,2
/media/ullmann/HDDGabriel/engines/godot/thirdparty/embree/common/tasking/taskschedulerinternal.cpp,0,3,3
/media/ullmann/HDDGabriel/engines/godot/scene/2d/camera_2d.cpp,0,5,5
/media/ullmann/HDDGabriel/engines/godot/editor/editor_run_script.cpp,0,2,2
/media/ullmann/HDDGabriel/engines/godot/thirdparty/freetype/src/pcf/pcfutil.c,1,1,2
/media/ullmann/HDDGabriel/engines/godot/modules/hdr/image_loader_hdr.cpp,0,3,3
/media/ullmann/HDDGabriel/engines/godot/thirdparty/zlib/zutil.c,0,2,2
/media/ullmann/HDDGabriel/engines/godot/modules/bullet/joint_bullet.cpp,0,2,2
/media/ullmann/HDDGabriel/engines/godot/thirdparty/oidn/mkl-dnn/src/common/lrn.cpp,0,3,3
/media/ullmann/HDDGabriel/engines/godot/core/io/udp_server.cpp,0,1,1
/media/ullmann/HDDGabriel/engines/godot/thirdparty/mbedtls/library/error.c,0,1,1
/media/ullmann/HDDGabriel/engines/godot/thirdparty/libvorbis/modes/setup_44p51.h,1,0,1
/media/ullmann/HDDGabriel/engines/godot/thirdparty/bullet/BulletDynamics/ConstraintSolver/btContactConstraint.h,1,2,3
/media/ullmann/HDDGabriel/engines/godot/platform/windows/godot_windows.cpp,0,2,2
/media/ullmann/HDDGabriel/engines/godot/thirdparty/opus/silk/float/LTP_analysis_filter_FLP.c,0,1,1
/media/ullmann/HDDGabriel/engines/godot/thirdparty/bullet/Bullet3Collision/BroadPhaseCollision/b3DynamicBvh.cpp,0,1,1
/media/ullmann/HDDGabriel/engines/godot/thirdparty/bullet/Bullet3Collision/BroadPhaseCollision/b3DynamicBvh.h,1,0,1
/media/ullmann/HDDGabriel/engines/godot/core/script_encryption_key.gen.cpp,0,1,1
/media/ullmann/HDDGabriel/engines/godot/thirdparty/oidn/mkl-dnn/src/cpu/cpu_batch_normalization_utils.cpp,0,2,2
/media/ullmann/HDDGabriel/engines/godot/thirdparty/oidn/mkl-dnn/src/cpu/cpu_batch_normalization_utils.hpp,4,0,4
/media/ullmann/HDDGabriel/engines/godot/modules/mono/editor/editor_internal_calls.h,2,0,2
/media/ullmann/HDDGabriel/engines/godot/modules/fbx/data/fbx_bone.cpp,0,3,3
/media/ullmann/HDDGabriel/engines/godot/thirdparty/misc/easing_equations.cpp,0,1,1
/media/ullmann/HDDGabriel/engines/godot/thirdparty/libvpx/vp8/common/swapyv12buffer.c,0,1,1
/media/ullmann/HDDGabriel/engines/godot/thirdparty/libvpx/vp8/common/swapyv12buffer.h,1,0,1
/media/ullmann/HDDGabriel/engines/godot/thirdparty/etc2comp/EtcBlock4x4Encoding.h,3,2,5
/media/ullmann/HDDGabriel/engines/godot/drivers/unix/syslog_logger.cpp,0,2,2
/media/ullmann/HDDGabriel/engines/godot/drivers/unix/syslog_logger.h,1,1,2
/media/ullmann/HDDGabriel/engines/godot/thirdparty/embree/common/simd/vboolf8_avx512.h,1,0,1
/media/ullmann/HDDGabriel/engines/godot/thirdparty/bullet/BulletCollision/CollisionDispatch/btCollisionWorldImporter.h,1,0,1
/media/ullmann/HDDGabriel/engines/godot/thirdparty/oidn/mkl-dnn/src/cpu/gemm_convolution_utils.cpp,0,3,3
/media/ullmann/HDDGabriel/engines/godot/core/engine.cpp,0,2,2
/media/ullmann/HDDGabriel/engines/godot/editor/editor_autoload_settings.cpp,0,8,8
/media/ullmann/HDDGabriel/engines/godot/editor/editor_autoload_settings.h,3,2,5
/media/ullmann/HDDGabriel/engines/godot/thirdparty/opus/silk/code_signs.c,0,1,1
/media/ullmann/HDDGabriel/engines/godot/core/io/json.cpp,0,2,2
/media/ullmann/HDDGabriel/engines/godot/editor/plugins/cpu_particles_2d_editor_plugin.cpp,0,6,6
/media/ullmann/HDDGabriel/engines/godot/core/math/random_pcg.cpp,0,2,2
/media/ullmann/HDDGabriel/engines/godot/thirdparty/opus/celt/mdct.c,0,7,7
/media/ullmann/HDDGabriel/engines/godot/thirdparty/mbedtls/library/debug.c,0,1,1
/media/ullmann/HDDGabriel/engines/godot/thirdparty/embree/common/simd/vboolf4_sse2.h,1,0,1
/media/ullmann/HDDGabriel/engines/godot/thirdparty/opus/silk/mips/sigproc_fix_mipsr1.h,1,0,1
/media/ullmann/HDDGabriel/engines/godot/core/math/quat.cpp,0,3,3
/media/ullmann/HDDGabriel/engines/godot/thirdparty/squish/simd.h,2,4,6
/media/ullmann/HDDGabriel/engines/godot/drivers/pulseaudio/audio_driver_pulseaudio.cpp,0,4,4
/media/ullmann/HDDGabriel/engines/godot/thirdparty/embree/common/sys/library.h,1,1,2
/media/ullmann/HDDGabriel/engines/godot/thirdparty/libvorbis/vorbisfile.c,0,4,4
/media/ullmann/HDDGabriel/engines/godot/editor/import/atlas_import_failed.xpm,1,0,1
/media/ullmann/HDDGabriel/engines/godot/thirdparty/embree/common/sys/string.cpp,0,1,1
/media/ullmann/HDDGabriel/engines/godot/drivers/dummy/texture_loader_dummy.cpp,0,3,3
/media/ullmann/HDDGabriel/engines/godot/platform/javascript/api/javascript_tools_editor_plugin.h,2,2,4
/media/ullmann/HDDGabriel/engines/godot/modules/mono/register_types.h,2,0,2
/media/ullmann/HDDGabriel/engines/godot/core/io/stream_peer_tcp.cpp,0,2,2
/media/ullmann/HDDGabriel/engines/godot/thirdparty/opus/silk/fixed/residual_energy16_FIX.c,0,1,1
/media/ullmann/HDDGabriel/engines/godot/scene/gui/shortcut.cpp,0,2,2
/media/ullmann/HDDGabriel/engines/godot/servers/physics/broad_phase_octree.cpp,0,2,2
/media/ullmann/HDDGabriel/engines/godot/thirdparty/opus/silk/NSQ.c,0,2,2
/media/ullmann/HDDGabriel/engines/godot/thirdparty/pcre2/src/sljit/sljitProtExecAllocator.c,1,0,1
/media/ullmann/HDDGabriel/engines/godot/thirdparty/embree/common/simd/vint8_avx2.h,1,0,1
/media/ullmann/HDDGabriel/engines/godot/thirdparty/mbedtls/library/md2.c,0,1,1
/media/ullmann/HDDGabriel/engines/godot/modules/recast/register_types.cpp,0,2,2
/media/ullmann/HDDGabriel/engines/godot/modules/recast/register_types.h,2,0,2
/media/ullmann/HDDGabriel/engines/godot/thirdparty/bullet/BulletCollision/CollisionShapes/btCapsuleShape.cpp,1,1,2
/media/ullmann/HDDGabriel/engines/godot/editor/plugins/skeleton_2d_editor_plugin.cpp,0,5,5
/media/ullmann/HDDGabriel/engines/godot/scene/2d/parallax_background.cpp,0,2,2
/media/ullmann/HDDGabriel/engines/godot/modules/mono/glue/nodepath_glue.cpp,0,2,2
/media/ullmann/HDDGabriel/engines/godot/modules/mono/glue/nodepath_glue.h,2,2,4
/media/ullmann/HDDGabriel/engines/godot/scene/resources/default_theme/theme_data.h,2,0,2
/media/ullmann/HDDGabriel/engines/godot/scene/resources/mesh_data_tool.h,2,1,3
/media/ullmann/HDDGabriel/engines/godot/thirdparty/squish/colourblock.cpp,0,2,2
/media/ullmann/HDDGabriel/engines/godot/modules/mono/glue/base_object_glue.h,2,3,5
/media/ullmann/HDDGabriel/engines/godot/thirdparty/oidn/mkl-dnn/src/common/pooling.cpp,0,3,3
/media/ullmann/HDDGabriel/engines/godot/thirdparty/bullet/LinearMath/btConvexHullComputer.h,1,2,3
/media/ullmann/HDDGabriel/engines/godot/thirdparty/opus/silk/VQ_WMat_EC.c,0,1,1
/media/ullmann/HDDGabriel/engines/godot/drivers/gles3/shaders/copy.glsl.gen.h,1,1,2
/media/ullmann/HDDGabriel/engines/godot/thirdparty/enet/enet/enet.h,8,0,8
/media/ullmann/HDDGabriel/engines/godot/thirdparty/bullet/BulletCollision/CollisionShapes/btTriangleMeshShape.h,3,2,5
/media/ullmann/HDDGabriel/engines/godot/core/io/multiplayer_api.cpp,0,4,4
/media/ullmann/HDDGabriel/engines/godot/thirdparty/freetype/src/type42/t42parse.c,1,2,3
/media/ullmann/HDDGabriel/engines/godot/thirdparty/opus/silk/biquad_alt.c,0,1,1
/media/ullmann/HDDGabriel/engines/godot/thirdparty/libvpx/vp8/common/entropy.h,4,2,6
/media/ullmann/HDDGabriel/engines/godot/editor/plugins/skeleton_ik_editor_plugin.cpp,0,2,2
/media/ullmann/HDDGabriel/engines/godot/editor/plugins/skeleton_ik_editor_plugin.h,2,2,4
/media/ullmann/HDDGabriel/engines/godot/thirdparty/bullet/BulletDynamics/ConstraintSolver/btFixedConstraint.cpp,1,1,2
/media/ullmann/HDDGabriel/engines/godot/thirdparty/oidn/mkl-dnn/src/cpu/jit_utils/jit_utils.cpp,0,1,1
/media/ullmann/HDDGabriel/engines/godot/thirdparty/bullet/Bullet3OpenCL/ParallelPrimitives/b3PrefixScanCL.cpp,0,4,4
/media/ullmann/HDDGabriel/engines/godot/thirdparty/bullet/Bullet3OpenCL/ParallelPrimitives/kernels/PrefixScanKernelsCL.h,1,0,1
/media/ullmann/HDDGabriel/engines/godot/scene/resources/capsule_shape_2d.cpp,0,3,3
/media/ullmann/HDDGabriel/engines/godot/scene/animation/animation_node_state_machine.cpp,0,1,1
/media/ullmann/HDDGabriel/engines/godot/thirdparty/mbedtls/library/sha1.c,0,1,1
/media/ullmann/HDDGabriel/engines/godot/editor/import/resource_importer_csv_translation.cpp,0,5,5
/media/ullmann/HDDGabriel/engines/godot/thirdparty/bullet/BulletCollision/CollisionShapes/btTriangleShape.h,1,2,3
/media/ullmann/HDDGabriel/engines/godot/thirdparty/embree/kernels/common/scene_line_segments.h,2,3,5
/media/ullmann/HDDGabriel/engines/godot/thirdparty/oidn/mkl-dnn/src/cpu/jit_avx512_core_x8s8s32x_1x1_convolution.cpp,0,2,2
/media/ullmann/HDDGabriel/engines/godot/thirdparty/misc/open-simplex-noise.c,0,1,1
/media/ullmann/HDDGabriel/engines/godot/thirdparty/bullet/Bullet3OpenCL/NarrowphaseCollision/b3OptimizedBvh.h,2,1,3
/media/ullmann/HDDGabriel/engines/godot/thirdparty/bullet/Bullet3OpenCL/NarrowphaseCollision/b3QuantizedBvh.h,2,0,2
/media/ullmann/HDDGabriel/engines/godot/thirdparty/oidn/mkl-dnn/src/cpu/gemm/s8x8s32/jit_avx512_core_u8_copy_sum_bn_kern.cpp,0,1,1
/media/ullmann/HDDGabriel/engines/godot/thirdparty/oidn/mkl-dnn/src/common/convolution.cpp,0,3,3
/media/ullmann/HDDGabriel/engines/godot/modules/gdnative/gdnative/aabb.cpp,0,2,2
/media/ullmann/HDDGabriel/engines/godot/thirdparty/freetype/src/bdf/bdfdrivr.h,1,1,2
/media/ullmann/HDDGabriel/engines/godot/thirdparty/freetype/src/bdf/bdf.h,3,0,3
/media/ullmann/HDDGabriel/engines/godot/modules/websocket/emws_client.h,2,3,5
/media/ullmann/HDDGabriel/engines/godot/scene/resources/occluder_shape.cpp,0,5,5
/media/ullmann/HDDGabriel/engines/godot/thirdparty/pcre2/src/pcre2_jit_simd_inc.h,1,1,2
/media/ullmann/HDDGabriel/engines/godot/thirdparty/pcre2/src/pcre2_jit_neon_inc.h,1,0,1
/media/ullmann/HDDGabriel/engines/godot/servers/camera/camera_feed.cpp,0,2,2
/media/ullmann/HDDGabriel/engines/godot/thirdparty/bullet/BulletCollision/Gimpact/btGeometryOperations.h,1,1,2
/media/ullmann/HDDGabriel/engines/godot/scene/gui/option_button.cpp,0,2,2
/media/ullmann/HDDGabriel/engines/godot/thirdparty/embree/kernels/bvh/bvh_node_aabb.h,1,1,2
/media/ullmann/HDDGabriel/engines/godot/thirdparty/libsimplewebm/OpusVorbisDecoder.cpp,0,1,1
/media/ullmann/HDDGabriel/engines/godot/thirdparty/libsimplewebm/OpusVorbisDecoder.hpp,1,1,2
/media/ullmann/HDDGabriel/engines/godot/thirdparty/mbedtls/library/x509write_crt.c,0,1,1
/media/ullmann/HDDGabriel/engines/godot/scene/3d/spring_arm.h,3,1,4
/media/ullmann/HDDGabriel/engines/godot/core/vmap.h,5,2,7
/media/ullmann/HDDGabriel/engines/godot/main/tests/test_crypto.h,1,1,2
/media/ullmann/HDDGabriel/engines/godot/thirdparty/embree/kernels/geometry/roundlinei_intersector.h,1,2,3
/media/ullmann/HDDGabriel/engines/godot/thirdparty/wslay/wslay_frame.h,2,0,2
/media/ullmann/HDDGabriel/engines/godot/thirdparty/embree/kernels/geometry/curveNv_intersector.h,2,2,4
/media/ullmann/HDDGabriel/engines/godot/thirdparty/bullet/BulletCollision/CollisionShapes/btConvexHullShape.cpp,1,2,3
/media/ullmann/HDDGabriel/engines/godot/thirdparty/bullet/BulletCollision/CollisionShapes/btConvexPolyhedron.h,3,0,3
/media/ullmann/HDDGabriel/engines/godot/thirdparty/etc2comp/EtcSortedBlockList.cpp,0,3,3
/media/ullmann/HDDGabriel/engines/godot/thirdparty/bullet/Bullet3Common/b3Quaternion.h,1,2,3
/media/ullmann/HDDGabriel/engines/godot/thirdparty/bullet/BulletSoftBody/btDeformableContactProjection.cpp,0,2,2
/media/ullmann/HDDGabriel/engines/godot/modules/gdnative/include/pluginscript/godot_pluginscript.h,1,0,1
/media/ullmann/HDDGabriel/engines/godot/editor/pane_drag.cpp,0,1,1
/media/ullmann/HDDGabriel/engines/godot/thirdparty/bullet/BulletCollision/CollisionDispatch/btInternalEdgeUtility.cpp,1,1,2
/media/ullmann/HDDGabriel/engines/godot/thirdparty/mbedtls/library/ripemd160.c,0,1,1
/media/ullmann/HDDGabriel/engines/godot/thirdparty/opus/celt/arm/celt_neon_intr.c,0,1,1
/media/ullmann/HDDGabriel/engines/godot/thirdparty/bullet/BulletCollision/CollisionShapes/btEmptyShape.h,2,2,4
/media/ullmann/HDDGabriel/engines/godot/thirdparty/libvpx/vp8/common/systemdependent.h,1,0,1
/media/ullmann/HDDGabriel/engines/godot/thirdparty/libtheora/info.c,0,1,1
/media/ullmann/HDDGabriel/engines/godot/thirdparty/miniupnpc/miniupnpc/receivedata.c,0,1,1
/media/ullmann/HDDGabriel/engines/godot/thirdparty/libvorbis/lookup_data.h,1,0,1
/media/ullmann/HDDGabriel/engines/godot/thirdparty/freetype/src/otvalid/otvmod.c,1,3,4
/media/ullmann/HDDGabriel/engines/godot/thirdparty/miniupnpc/miniupnpc/minixml.c,0,1,1
/media/ullmann/HDDGabriel/engines/godot/modules/fbx/register_types.cpp,0,3,3
/media/ullmann/HDDGabriel/engines/godot/servers/visual/portals/portal_gameplay_monitor.h,2,2,4
/media/ullmann/HDDGabriel/engines/godot/editor/editor_path.h,2,4,6
/media/ullmann/HDDGabriel/engines/godot/core/io/certs_compressed.gen.h,3,0,3
/media/ullmann/HDDGabriel/engines/godot/thirdparty/embree/kernels/bvh/bvh_node_obb_mb.h,1,1,2
/media/ullmann/HDDGabriel/engines/godot/thirdparty/embree/include/embree3/rtcore_ray.h,3,1,4
/media/ullmann/HDDGabriel/engines/godot/core/error_macros.cpp,0,4,4
/media/ullmann/HDDGabriel/engines/godot/thirdparty/bullet/BulletCollision/Gimpact/gim_clip_polygon.h,2,0,2
/media/ullmann/HDDGabriel/engines/godot/thirdparty/bullet/Bullet3OpenCL/NarrowphaseCollision/kernels/satConcaveKernels.h,1,0,1
/media/ullmann/HDDGabriel/engines/godot/thirdparty/squish/singlecolourfit.cpp,0,4,4
/media/ullmann/HDDGabriel/engines/godot/thirdparty/squish/singlecolourlookup.inl,1,0,1
/media/ullmann/HDDGabriel/engines/godot/thirdparty/freetype/src/type1/t1afm.h,3,1,4
/media/ullmann/HDDGabriel/engines/godot/thirdparty/bullet/BulletCollision/NarrowPhaseCollision/btPolyhedralContactClipping.h,1,1,2
/media/ullmann/HDDGabriel/engines/godot/modules/gdnative/gdnative_library_editor_plugin.h,2,2,4
/media/ullmann/HDDGabriel/engines/godot/servers/audio/audio_driver_dummy.h,2,3,5
/media/ullmann/HDDGabriel/engines/godot/modules/stb_vorbis/audio_stream_ogg_vorbis.h,3,3,6
/media/ullmann/HDDGabriel/engines/godot/thirdparty/misc/stb_vorbis.h,1,1,2
/media/ullmann/HDDGabriel/engines/godot/modules/fbx/fbx_parser/FBXAnimation.cpp,0,4,4
/media/ullmann/HDDGabriel/engines/godot/drivers/gles3/shaders/ssao.glsl.gen.h,2,1,3
/media/ullmann/HDDGabriel/engines/godot/modules/mono/mono_gd/gd_mono_property.cpp,0,5,5
/media/ullmann/HDDGabriel/engines/godot/thirdparty/mbedtls/library/base64.c,0,2,2
/media/ullmann/HDDGabriel/engines/godot/thirdparty/freetype/src/gzip/zlib.h,3,1,4
/media/ullmann/HDDGabriel/engines/godot/core/script_language.cpp,0,3,3
/media/ullmann/HDDGabriel/engines/godot/scene/resources/ray_shape.cpp,0,2,2
/media/ullmann/HDDGabriel/engines/godot/thirdparty/oidn/mkl-dnn/src/cpu/jit_sse42_1x1_conv_kernel_f32.hpp,2,4,6
/media/ullmann/HDDGabriel/engines/godot/thirdparty/oidn/mkl-dnn/src/cpu/gemm/s8x8s32/ref_gemm_s8x8s32.cpp,0,1,1
/media/ullmann/HDDGabriel/engines/godot/drivers/png/png_driver_common.cpp,0,2,2
/media/ullmann/HDDGabriel/engines/godot/thirdparty/oidn/mkl-dnn/src/common/batch_normalization_pd.hpp,1,3,4
/media/ullmann/HDDGabriel/engines/godot/thirdparty/oidn/mkl-dnn/src/cpu/ref_batch_normalization.cpp,0,2,2
/media/ullmann/HDDGabriel/engines/godot/thirdparty/bullet/BulletSoftBody/btSoftBodyData.h,1,0,1
/media/ullmann/HDDGabriel/engines/godot/editor/plugins/version_control_editor_plugin.cpp,0,6,6
/media/ullmann/HDDGabriel/engines/godot/thirdparty/opus/silk/gain_quant.c,0,1,1
/media/ullmann/HDDGabriel/engines/godot/thirdparty/bullet/BulletCollision/Gimpact/btClipPolygon.h,1,0,1
/media/ullmann/HDDGabriel/engines/godot/modules/bullet/collision_object_bullet.cpp,0,7,7
/media/ullmann/HDDGabriel/engines/godot/drivers/coremidi/midi_driver_coremidi.cpp,0,2,2
/media/ullmann/HDDGabriel/engines/godot/modules/bullet/slider_joint_bullet.h,2,1,3
/media/ullmann/HDDGabriel/engines/godot/thirdparty/embree/common/lexers/streamfilters.h,1,1,2
/media/ullmann/HDDGabriel/engines/godot/thirdparty/opus/opus_decoder.c,0,2,2
/media/ullmann/HDDGabriel/engines/godot/scene/animation/animation_blend_space_1d.cpp,0,1,1
/media/ullmann/HDDGabriel/engines/godot/scene/animation/animation_blend_space_1d.h,3,1,4
/media/ullmann/HDDGabriel/engines/godot/thirdparty/pcre2/src/pcre2_compile.c,0,2,2
/media/ullmann/HDDGabriel/engines/godot/thirdparty/oidn/core/input_reorder.h,1,2,3
/media/ullmann/HDDGabriel/engines/godot/thirdparty/pcre2/src/sljit/sljitNativeMIPS_32.c,1,0,1
/media/ullmann/HDDGabriel/engines/godot/thirdparty/freetype/src/lzw/ftzopen.c,1,1,2
/media/ullmann/HDDGabriel/engines/godot/thirdparty/bullet/BulletCollision/Gimpact/btBoxCollision.h,4,0,4
/media/ullmann/HDDGabriel/engines/godot/scene/2d/particles_2d.h,6,3,9
/media/ullmann/HDDGabriel/engines/godot/thirdparty/libtheora/x86/mmxfdct.c,0,1,1
/media/ullmann/HDDGabriel/engines/godot/thirdparty/bullet/BulletCollision/CollisionShapes/btCompoundShape.h,2,2,4
/media/ullmann/HDDGabriel/engines/godot/thirdparty/bullet/BulletCollision/CollisionShapes/btCollisionMargin.h,4,0,4
/media/ullmann/HDDGabriel/engines/godot/core/crypto/crypto.cpp,0,4,4
/media/ullmann/HDDGabriel/engines/godot/thirdparty/zstd/compress/zstd_compress_sequences.c,0,1,1
/media/ullmann/HDDGabriel/engines/godot/thirdparty/oidn/mkl-dnn/src/cpu/jit_uni_lrn.cpp,0,2,2
/media/ullmann/HDDGabriel/engines/godot/thirdparty/oidn/mkl-dnn/src/cpu/jit_uni_lrn_kernel_f32.hpp,2,1,3
/media/ullmann/HDDGabriel/engines/godot/core/undo_redo.cpp,0,3,3
/media/ullmann/HDDGabriel/engines/godot/thirdparty/opus/silk/NLSF2A.c,0,2,2
/media/ullmann/HDDGabriel/engines/godot/thirdparty/oidn/mkl-dnn/src/cpu/simple_reorder.hpp,0,4,4
/media/ullmann/HDDGabriel/engines/godot/scene/2d/position_2d.h,2,1,3
/media/ullmann/HDDGabriel/engines/godot/thirdparty/oidn/mkl-dnn/src/cpu/gemm_convolution.hpp,1,4,5
/media/ullmann/HDDGabriel/engines/godot/core/io/resource_saver.cpp,0,5,5
/media/ullmann/HDDGabriel/engines/godot/thirdparty/opus/silk/fixed/encode_frame_FIX.c,0,1,1
/media/ullmann/HDDGabriel/engines/godot/core/io/file_access_compressed.cpp,0,2,2
/media/ullmann/HDDGabriel/engines/godot/servers/audio/effects/eq.h,2,2,4
/media/ullmann/HDDGabriel/engines/godot/modules/hdr/register_types.h,2,0,2
/media/ullmann/HDDGabriel/engines/godot/thirdparty/miniupnpc/miniupnpc/connecthostport.c,0,2,2
/media/ullmann/HDDGabriel/engines/godot/modules/visual_script/visual_script_flow_control.h,4,1,5
/media/ullmann/HDDGabriel/engines/godot/editor/reparent_dialog.cpp,0,4,4
/media/ullmann/HDDGabriel/engines/godot/thirdparty/bullet/BulletCollision/NarrowPhaseCollision/btComputeGjkEpaPenetration.h,0,2,2
/media/ullmann/HDDGabriel/engines/godot/thirdparty/bullet/Bullet3OpenCL/RigidBody/kernels/solveContact.h,2,0,2
/media/ullmann/HDDGabriel/engines/godot/modules/fbx/fbx_parser/FBXBinaryTokenizer.cpp,0,3,3
/media/ullmann/HDDGabriel/engines/godot/thirdparty/oidn/mkl-dnn/src/cpu/ref_inner_product.hpp,1,2,3
/media/ullmann/HDDGabriel/engines/godot/modules/webxr/godot_webxr.h,1,0,1
/media/ullmann/HDDGabriel/engines/godot/thirdparty/embree/kernels/builders/heuristic_openmerge_array.h,1,2,3
/media/ullmann/HDDGabriel/engines/godot/thirdparty/bullet/BulletSoftBody/btDeformableMassSpringForce.h,2,1,3
/media/ullmann/HDDGabriel/engines/godot/thirdparty/freetype/src/autofit/afdummy.h,2,1,3
/media/ullmann/HDDGabriel/engines/godot/thirdparty/embree/kernels/geometry/filter.h,1,4,5
/media/ullmann/HDDGabriel/engines/godot/thirdparty/bullet/Bullet3OpenCL/NarrowphaseCollision/kernels/bvhTraversal.h,1,0,1
/media/ullmann/HDDGabriel/engines/godot/thirdparty/oidn/mkl-dnn/src/common/sum_pd.hpp,2,5,7
/media/ullmann/HDDGabriel/engines/godot/thirdparty/opus/silk/float/prefilter_FLP.c,0,1,1
/media/ullmann/HDDGabriel/engines/godot/thirdparty/zstd/compress/zstd_cwksp.h,1,1,2
/media/ullmann/HDDGabriel/engines/godot/modules/gdscript/register_types.h,2,0,2
/media/ullmann/HDDGabriel/engines/godot/modules/fbx/fbx_parser/FBXMeshGeometry.cpp,0,5,5
/media/ullmann/HDDGabriel/engines/godot/thirdparty/bullet/BulletCollision/CollisionDispatch/btDefaultCollisionConfiguration.h,2,1,3
/media/ullmann/HDDGabriel/engines/godot/thirdparty/bullet/BulletCollision/CollisionDispatch/btCollisionConfiguration.h,1,0,1
/media/ullmann/HDDGabriel/engines/godot/modules/bullet/godot_ray_world_algorithm.h,2,0,2
/media/ullmann/HDDGabriel/engines/godot/thirdparty/freetype/src/raster/ftraster.h,2,0,2
/media/ullmann/HDDGabriel/engines/godot/thirdparty/zstd/common/debug.c,0,1,1
/media/ullmann/HDDGabriel/engines/godot/thirdparty/cvtt/ConvectionKernels_BC7_SingleColor.h,1,0,1
/media/ullmann/HDDGabriel/engines/godot/scene/resources/height_map_shape.cpp,0,2,2
/media/ullmann/HDDGabriel/engines/godot/drivers/gles3/shaders/cubemap_filter.glsl.gen.h,1,1,2
/media/ullmann/HDDGabriel/engines/godot/core/io/file_access_compressed.h,3,2,5
/media/ullmann/HDDGabriel/engines/godot/thirdparty/libtheora/mathops.c,0,1,1
/media/ullmann/HDDGabriel/engines/godot/drivers/gles3/shaders/resolve.glsl.gen.h,2,1,3
/media/ullmann/HDDGabriel/engines/godot/thirdparty/embree/kernels/common/vector.h,1,1,2
/media/ullmann/HDDGabriel/engines/godot/thirdparty/freetype/src/otvalid/otvmod.h,1,0,1
/media/ullmann/HDDGabriel/engines/godot/thirdparty/opus/silk/arm/macros_armv4.h,1,0,1
/media/ullmann/HDDGabriel/engines/godot/thirdparty/libsimplewebm/WebMDemuxer.hpp,3,0,3
/media/ullmann/HDDGabriel/engines/godot/thirdparty/libtheora/huffdec.h,2,2,4
/media/ullmann/HDDGabriel/engines/godot/thirdparty/freetype/include/freetype/internal/ftdrv.h,0,1,1
/media/ullmann/HDDGabriel/engines/godot/thirdparty/bullet/BulletSoftBody/btDeformableLinearElasticityForce.h,1,2,3
/media/ullmann/HDDGabriel/engines/godot/modules/stb_vorbis/register_types.cpp,0,4,4
/media/ullmann/HDDGabriel/engines/godot/thirdparty/freetype/include/freetype/internal/ftserv.h,0,1,1
/media/ullmann/HDDGabriel/engines/godot/thirdparty/bullet/BulletDynamics/Featherstone/btMultiBodyMLCPConstraintSolver.cpp,1,0,1
/media/ullmann/HDDGabriel/engines/godot/modules/squish/image_compress_squish.cpp,0,1,1
/media/ullmann/HDDGabriel/engines/godot/modules/squish/image_compress_squish.h,2,1,3
/media/ullmann/HDDGabriel/engines/godot/thirdparty/embree/common/tasking/taskschedulerppl.h,1,7,8
/media/ullmann/HDDGabriel/engines/godot/drivers/coreaudio/audio_driver_coreaudio.h,3,1,4
/media/ullmann/HDDGabriel/engines/godot/thirdparty/bullet/Bullet3Common/b3Random.h,0,1,1
/media/ullmann/HDDGabriel/engines/godot/scene/gui/graph_node.h,3,1,4
/media/ullmann/HDDGabriel/engines/godot/thirdparty/pcre2/src/sljit/sljitNativeSPARC_common.c,1,1,2
/media/ullmann/HDDGabriel/engines/godot/thirdparty/pcre2/src/sljit/sljitNativeSPARC_32.c,1,0,1
/media/ullmann/HDDGabriel/engines/godot/thirdparty/opus/silk/NLSF_unpack.c,0,1,1
/media/ullmann/HDDGabriel/engines/godot/modules/gltf/gltf_camera.cpp,0,1,1
/media/ullmann/HDDGabriel/engines/godot/thirdparty/bullet/BulletCollision/CollisionDispatch/btConvexConcaveCollisionAlgorithm.h,1,2,3
/media/ullmann/HDDGabriel/engines/godot/thirdparty/bullet/BulletCollision/CollisionDispatch/btCollisionCreateFunc.h,6,0,6
/media/ullmann/HDDGabriel/engines/godot/editor/import/editor_import_collada.h,2,1,3
/media/ullmann/HDDGabriel/engines/godot/editor/node_dock.cpp,0,3,3
/media/ullmann/HDDGabriel/engines/godot/thirdparty/libvpx/vpx_ports/mem_ops.h,0,1,1
/media/ullmann/HDDGabriel/engines/godot/thirdparty/libvpx/vpx_ports/mem_ops_aligned.h,1,0,1
/media/ullmann/HDDGabriel/engines/godot/thirdparty/freetype/src/sfnt/pngshim.h,2,1,3
/media/ullmann/HDDGabriel/engines/godot/platform/android/file_access_android.cpp,0,2,2
/media/ullmann/HDDGabriel/engines/godot/thirdparty/libtheora/state.c,0,3,3
/media/ullmann/HDDGabriel/engines/godot/modules/gltf/gltf_mesh.h,4,3,7
/media/ullmann/HDDGabriel/engines/godot/thirdparty/bullet/Bullet3Common/b3AlignedObjectArray.h,1,2,3
/media/ullmann/HDDGabriel/engines/godot/modules/camera/camera_win.cpp,0,1,1
/media/ullmann/HDDGabriel/engines/godot/modules/lightmapper_cpu/register_types.cpp,0,4,4
/media/ullmann/HDDGabriel/engines/godot/thirdparty/etc2comp/EtcIndividualTrys.cpp,0,2,2
/media/ullmann/HDDGabriel/engines/godot/thirdparty/libvpx/third_party/android/cpu-features.c,0,1,1
/media/ullmann/HDDGabriel/engines/godot/thirdparty/libvpx/third_party/android/cpu-features.h,1,0,1
/media/ullmann/HDDGabriel/engines/godot/thirdparty/oidn/mkl-dnn/src/cpu/jit_uni_dw_conv_kernel_f32.hpp,2,3,5
/media/ullmann/HDDGabriel/engines/godot/editor/plugins/viewport_preview_editor_plugin.cpp,0,1,1
/media/ullmann/HDDGabriel/engines/godot/thirdparty/libvpx/vp8/common/loopfilter_filters.c,0,2,2
/media/ullmann/HDDGabriel/engines/godot/thirdparty/bullet/Bullet3Dynamics/ConstraintSolver/b3TypedConstraint.cpp,0,1,1
/media/ullmann/HDDGabriel/engines/godot/modules/opensimplex/noise_texture.cpp,0,2,2
/media/ullmann/HDDGabriel/engines/godot/editor/plugins/gi_probe_editor_plugin.h,2,4,6
/media/ullmann/HDDGabriel/engines/godot/thirdparty/pcre2/src/pcre2_jit_misc.c,1,0,1
/media/ullmann/HDDGabriel/engines/godot/servers/audio/effects/audio_effect_pitch_shift.cpp,0,3,3
/media/ullmann/HDDGabriel/engines/godot/modules/mbedtls/packet_peer_mbed_dtls.h,3,2,5
/media/ullmann/HDDGabriel/engines/godot/modules/mono/mono_gd/managed_type.cpp,0,3,3
/media/ullmann/HDDGabriel/engines/godot/thirdparty/mbedtls/library/x509_csr.c,0,1,1
/media/ullmann/HDDGabriel/engines/godot/thirdparty/freetype/src/type1/t1tokens.h,1,0,1
/media/ullmann/HDDGabriel/engines/godot/servers/visual/portals/portal_tracer.h,2,4,6
/media/ullmann/HDDGabriel/engines/godot/thirdparty/libpng/pngwio.c,0,1,1
/media/ullmann/HDDGabriel/engines/godot/modules/webrtc/webrtc_data_channel_js.cpp,0,1,1
/media/ullmann/HDDGabriel/engines/godot/thirdparty/embree/kernels/bvh/node_intersector_packet.h,2,1,3
/media/ullmann/HDDGabriel/engines/godot/thirdparty/bullet/BulletDynamics/ConstraintSolver/btSequentialImpulseConstraintSolver.cpp,1,1,2
/media/ullmann/HDDGabriel/engines/godot/thirdparty/embree/kernels/subdiv/tessellation.h,3,0,3
/media/ullmann/HDDGabriel/engines/godot/thirdparty/freetype/src/type1/t1afm.c,1,2,3
/media/ullmann/HDDGabriel/engines/godot/thirdparty/libvorbis/mdct.c,0,4,4
/media/ullmann/HDDGabriel/engines/godot/thirdparty/bullet/BulletCollision/CollisionDispatch/btGhostObject.h,1,2,3
/media/ullmann/HDDGabriel/engines/godot/servers/audio/effects/audio_effect_distortion.h,2,1,3
/media/ullmann/HDDGabriel/engines/godot/servers/audio/effects/audio_effect_phaser.h,2,1,3
/media/ullmann/HDDGabriel/engines/godot/thirdparty/bullet/Bullet3OpenCL/ParallelPrimitives/b3LauncherCL.cpp,0,1,1
/media/ullmann/HDDGabriel/engines/godot/thirdparty/bullet/BulletDynamics/ConstraintSolver/btConeTwistConstraint.cpp,1,1,2
/media/ullmann/HDDGabriel/engines/godot/thirdparty/bullet/BulletDynamics/ConstraintSolver/btConeTwistConstraint.h,2,2,4
/media/ullmann/HDDGabriel/engines/godot/thirdparty/opus/silk/float/schur_FLP.c,0,1,1
/media/ullmann/HDDGabriel/engines/godot/main/tests/test_gdscript.h,2,1,3
/media/ullmann/HDDGabriel/engines/godot/thirdparty/freetype/src/gxvalid/gxvlcar.c,1,2,3
/media/ullmann/HDDGabriel/engines/godot/thirdparty/opus/celt/entenc.c,0,4,4
/media/ullmann/HDDGabriel/engines/godot/modules/bullet/shape_owner_bullet.cpp,0,1,1
/media/ullmann/HDDGabriel/engines/godot/modules/bullet/shape_owner_bullet.h,3,1,4
/media/ullmann/HDDGabriel/engines/godot/thirdparty/opus/silk/tables_gain.c,0,1,1
/media/ullmann/HDDGabriel/engines/godot/platform/windows/key_mapping_windows.cpp,0,1,1
/media/ullmann/HDDGabriel/engines/godot/scene/animation/root_motion_view.cpp,0,3,3
/media/ullmann/HDDGabriel/engines/godot/core/path_remap.cpp,0,1,1
/media/ullmann/HDDGabriel/engines/godot/thirdparty/opus/silk/process_NLSFs.c,0,1,1
/media/ullmann/HDDGabriel/engines/godot/thirdparty/oidn/mkl-dnn/src/common/sum.cpp,0,5,5
/media/ullmann/HDDGabriel/engines/godot/platform/x11/joypad_linux.h,2,3,5
/media/ullmann/HDDGabriel/engines/godot/scene/2d/navigation_2d.cpp,0,1,1
/media/ullmann/HDDGabriel/engines/godot/thirdparty/bullet/BulletCollision/CollisionShapes/btHeightfieldTerrainShape.cpp,1,1,2
/media/ullmann/HDDGabriel/engines/godot/thirdparty/pvrtccompressor/PvrTcDecoder.h,1,2,3
/media/ullmann/HDDGabriel/engines/godot/thirdparty/pvrtccompressor/Point2.h,2,0,2
/media/ullmann/HDDGabriel/engines/godot/thirdparty/bullet/BulletCollision/NarrowPhaseCollision/btMinkowskiPenetrationDepthSolver.cpp,1,1,2
/media/ullmann/HDDGabriel/engines/godot/thirdparty/bullet/BulletCollision/CollisionShapes/btTriangleIndexVertexMaterialArray.cpp,1,1,2
/media/ullmann/HDDGabriel/engines/godot/core/node_path.cpp,0,2,2
/media/ullmann/HDDGabriel/engines/godot/thirdparty/mbedtls/library/platform_util.c,0,1,1
/media/ullmann/HDDGabriel/engines/godot/scene/gui/check_box.cpp,0,2,2
/media/ullmann/HDDGabriel/engines/godot/thirdparty/opus/silk/sort.c,0,1,1
/media/ullmann/HDDGabriel/engines/godot/drivers/alsa/asound-so_wrap.h,3,0,3
/media/ullmann/HDDGabriel/engines/godot/scene/3d/navigation.cpp,0,1,1
/media/ullmann/HDDGabriel/engines/godot/thirdparty/opus/analysis.h,2,1,3
/media/ullmann/HDDGabriel/engines/godot/scene/2d/path_2d.h,3,2,5
/media/ullmann/HDDGabriel/engines/godot/thirdparty/mbedtls/library/ecdsa.c,0,1,1
/media/ullmann/HDDGabriel/engines/godot/thirdparty/bullet/BulletCollision/Gimpact/gim_tri_collision.cpp,1,1,2
/media/ullmann/HDDGabriel/engines/godot/editor/plugins/mesh_library_editor_plugin.h,2,2,4
/media/ullmann/HDDGabriel/engines/godot/thirdparty/minizip/unzip.h,4,1,5
/media/ullmann/HDDGabriel/engines/godot/core/io/file_access_zip.cpp,0,2,2
/media/ullmann/HDDGabriel/engines/godot/thirdparty/opus/silk/table_LSF_cos.c,0,1,1
/media/ullmann/HDDGabriel/engines/godot/modules/fbx/tools/import_utils.h,3,1,4
/media/ullmann/HDDGabriel/engines/godot/platform/x11/joypad_linux.cpp,0,2,2
/media/ullmann/HDDGabriel/engines/godot/platform/x11/libudev-so_wrap.h,1,0,1
/media/ullmann/HDDGabriel/engines/godot/thirdparty/bullet/Bullet3OpenCL/RigidBody/b3GpuNarrowPhase.h,2,0,2
/media/ullmann/HDDGabriel/engines/godot/thirdparty/oidn/mkl-dnn/src/cpu/nspc_batch_normalization.hpp,1,2,3
/media/ullmann/HDDGabriel/engines/godot/scene/resources/gradient.cpp,0,2,2
/media/ullmann/HDDGabriel/engines/godot/core/bitfield_dynamic.cpp,0,2,2
/media/ullmann/HDDGabriel/engines/godot/thirdparty/opus/analysis.c,0,3,3
/media/ullmann/HDDGabriel/engines/godot/thirdparty/oidn/mkl-dnn/src/cpu/jit_transpose_src_utils.hpp,3,2,5
/media/ullmann/HDDGabriel/engines/godot/editor/import/resource_importer_texture_atlas.h,2,2,4
/media/ullmann/HDDGabriel/engines/godot/scene/2d/remote_transform_2d.h,2,1,3
/media/ullmann/HDDGabriel/engines/godot/thirdparty/embree/kernels/common/accelset.cpp,0,2,2
/media/ullmann/HDDGabriel/engines/godot/thirdparty/freetype/src/truetype/ttobjs.h,4,0,4
/media/ullmann/HDDGabriel/engines/godot/thirdparty/freetype/src/gxvalid/gxvmort4.c,1,1,2
/media/ullmann/HDDGabriel/engines/godot/scene/2d/line_2d.cpp,0,3,3
/media/ullmann/HDDGabriel/engines/godot/thirdparty/pvrtccompressor/BitScale.h,2,1,3
/media/ullmann/HDDGabriel/engines/godot/thirdparty/freetype/src/type42/t42types.h,1,0,1
/media/ullmann/HDDGabriel/engines/godot/thirdparty/bullet/LinearMath/btSpatialAlgebra.h,0,1,1
/media/ullmann/HDDGabriel/engines/godot/thirdparty/oidn/mkl-dnn/src/cpu/nspc_batch_normalization.cpp,0,3,3
/media/ullmann/HDDGabriel/engines/godot/thirdparty/opus/celt/celt_lpc.c,0,4,4
/media/ullmann/HDDGabriel/engines/godot/thirdparty/bullet/BulletCollision/BroadphaseCollision/btQuantizedBvh.cpp,1,1,2
/media/ullmann/HDDGabriel/engines/godot/thirdparty/bullet/BulletCollision/BroadphaseCollision/btQuantizedBvh.h,1,0,1
/media/ullmann/HDDGabriel/engines/godot/thirdparty/libpng/pngget.c,0,1,1
/media/ullmann/HDDGabriel/engines/godot/thirdparty/bullet/BulletDynamics/Dynamics/btDiscreteDynamicsWorld.cpp,1,1,2
/media/ullmann/HDDGabriel/engines/godot/thirdparty/bullet/BulletDynamics/Dynamics/btDiscreteDynamicsWorld.h,3,1,4
/media/ullmann/HDDGabriel/engines/godot/thirdparty/opus/silk/init_encoder.c,0,1,1
/media/ullmann/HDDGabriel/engines/godot/thirdparty/embree/kernels/bvh/bvh_rotate.cpp,0,1,1
/media/ullmann/HDDGabriel/engines/godot/core/math/random_number_generator.cpp,0,1,1
/media/ullmann/HDDGabriel/engines/godot/modules/webxr/register_types.h,2,0,2
/media/ullmann/HDDGabriel/engines/godot/thirdparty/oidn/mkl-dnn/src/common/eltwise.cpp,0,3,3
/media/ullmann/HDDGabriel/engines/godot/modules/fbx/register_types.h,2,0,2
/media/ullmann/HDDGabriel/engines/godot/thirdparty/pcre2/src/pcre2_match.c,0,2,2
/media/ullmann/HDDGabriel/engines/godot/thirdparty/mbedtls/library/ssl_ticket.c,0,1,1
/media/ullmann/HDDGabriel/engines/godot/thirdparty/etc2comp/EtcFileHeader.cpp,0,2,2
/media/ullmann/HDDGabriel/engines/godot/thirdparty/oidn/mkl-dnn/src/cpu/jit_uni_lrn.hpp,1,3,4
/media/ullmann/HDDGabriel/engines/godot/thirdparty/opus/silk/float/pitch_analysis_core_FLP.c,0,1,1
/media/ullmann/HDDGabriel/engines/godot/thirdparty/freetype/src/sfnt/ttcpal.c,1,1,2
/media/ullmann/HDDGabriel/engines/godot/thirdparty/bullet/BulletCollision/CollisionShapes/btTriangleIndexVertexArray.cpp,1,1,2
/media/ullmann/HDDGabriel/engines/godot/core/reference.cpp,0,2,2
/media/ullmann/HDDGabriel/engines/godot/modules/fbx/fbx_parser/FBXParseTools.h,2,2,4
/media/ullmann/HDDGabriel/engines/godot/thirdparty/bullet/BulletCollision/NarrowPhaseCollision/btGjkEpaPenetrationDepthSolver.cpp,1,1,2
/media/ullmann/HDDGabriel/engines/godot/thirdparty/libvorbis/modes/psych_8.h,1,0,1
/media/ullmann/HDDGabriel/engines/godot/thirdparty/embree/common/simd/vint4_sse2.h,1,1,2
/media/ullmann/HDDGabriel/engines/godot/thirdparty/pvrtccompressor/AlphaBitmap.h,1,1,2
/media/ullmann/HDDGabriel/engines/godot/scene/resources/occluder_shape.h,4,3,7
/media/ullmann/HDDGabriel/engines/godot/thirdparty/embree/kernels/common/scene_user_geometry.h,2,1,3
/media/ullmann/HDDGabriel/engines/godot/modules/gdscript/language_server/gdscript_extend_parser.cpp,0,5,5
/media/ullmann/HDDGabriel/engines/godot/drivers/gles2/shaders/canvas.glsl.gen.h,1,1,2
/media/ullmann/HDDGabriel/engines/godot/scene/3d/reflection_probe.cpp,0,1,1
/media/ullmann/HDDGabriel/engines/godot/thirdparty/bullet/Bullet3Common/b3PoolAllocator.h,0,2,2
/media/ullmann/HDDGabriel/engines/godot/thirdparty/oidn/mkl-dnn/src/cpu/simple_concat.cpp,0,1,1
/media/ullmann/HDDGabriel/engines/godot/thirdparty/bullet/BulletCollision/CollisionShapes/btUniformScalingShape.cpp,1,1,2
/media/ullmann/HDDGabriel/engines/godot/thirdparty/embree/include/embree3/rtcore_geometry.h,1,2,3
/media/ullmann/HDDGabriel/engines/godot/thirdparty/embree/include/embree3/rtcore_buffer.h,2,1,3
/media/ullmann/HDDGabriel/engines/godot/thirdparty/libsimplewebm/WebMDemuxer.cpp,0,1,1
/media/ullmann/HDDGabriel/engines/godot/modules/webp/register_types.cpp,0,2,2
/media/ullmann/HDDGabriel/engines/godot/thirdparty/freetype/src/type1/t1gload.h,3,1,4
/media/ullmann/HDDGabriel/engines/godot/modules/gdnative/gdnative/dictionary.cpp,0,3,3
/media/ullmann/HDDGabriel/engines/godot/thirdparty/bullet/BulletCollision/BroadphaseCollision/btDbvt.h,1,0,1
/media/ullmann/HDDGabriel/engines/godot/drivers/coreaudio/audio_driver_coreaudio.cpp,0,3,3
/media/ullmann/HDDGabriel/engines/godot/thirdparty/oidn/mkl-dnn/src/cpu/cpu_lrn_pd.hpp,3,0,3
/media/ullmann/HDDGabriel/engines/godot/thirdparty/bullet/BulletSoftBody/btConjugateResidual.h,1,1,2
/media/ullmann/HDDGabriel/engines/godot/modules/visual_script/visual_script_expression.h,3,2,5
/media/ullmann/HDDGabriel/engines/godot/thirdparty/opus/silk/float/energy_FLP.c,0,1,1
/media/ullmann/HDDGabriel/engines/godot/thirdparty/pcre2/src/pcre2_tables.c,0,2,2
/media/ullmann/HDDGabriel/engines/godot/editor/editor_sectioned_inspector.cpp,0,2,2
/media/ullmann/HDDGabriel/engines/godot/thirdparty/libvorbis/modes/setup_32.h,1,0,1
/media/ullmann/HDDGabriel/engines/godot/core/crypto/aes_context.cpp,0,1,1
/media/ullmann/HDDGabriel/engines/godot/core/crypto/aes_context.h,2,2,4
/media/ullmann/HDDGabriel/engines/godot/editor/doc_data_compressed.gen.h,1,0,1
/media/ullmann/HDDGabriel/engines/godot/thirdparty/opus/celt/mips/kiss_fft_mipsr1.h,1,0,1
/media/ullmann/HDDGabriel/engines/godot/modules/webm/register_types.h,2,0,2
/media/ullmann/HDDGabriel/engines/godot/modules/mbedtls/dtls_server_mbedtls.cpp,0,2,2
/media/ullmann/HDDGabriel/engines/godot/thirdparty/freetype/src/cid/cidriver.h,1,0,1
/media/ullmann/HDDGabriel/engines/godot/thirdparty/libtheora/fragment.c,0,1,1
/media/ullmann/HDDGabriel/engines/godot/thirdparty/libvpx/vpx/vpx_codec.h,3,2,5
/media/ullmann/HDDGabriel/engines/godot/thirdparty/libvpx/vpx/vpx_image.h,2,0,2
/media/ullmann/HDDGabriel/engines/godot/thirdparty/embree/kernels/bvh/bvh.cpp,0,2,2
/media/ullmann/HDDGabriel/engines/godot/thirdparty/libvpx/vpx/vpx_decoder.h,1,2,3
/media/ullmann/HDDGabriel/engines/godot/thirdparty/oidn/mkl-dnn/src/cpu/xbyak/xbyak_util.h,1,1,2
/media/ullmann/HDDGabriel/engines/godot/thirdparty/bullet/BulletCollision/NarrowPhaseCollision/btGjkEpa2.h,1,0,1
/media/ullmann/HDDGabriel/engines/godot/thirdparty/libvorbis/highlevel.h,1,0,1
/media/ullmann/HDDGabriel/engines/godot/thirdparty/libtheora/bitpack.h,4,0,4
/media/ullmann/HDDGabriel/engines/godot/modules/regex/register_types.cpp,0,3,3
/media/ullmann/HDDGabriel/engines/godot/thirdparty/opus/silk/NLSF_del_dec_quant.c,0,1,1
/media/ullmann/HDDGabriel/engines/godot/thirdparty/opus/silk/resampler_private_up2_HQ.c,0,2,2
/media/ullmann/HDDGabriel/engines/godot/thirdparty/bullet/BulletDynamics/Featherstone/btMultiBodyJointMotor.h,1,1,2
/media/ullmann/HDDGabriel/engines/godot/thirdparty/opus/silk/tables_NLSF_CB_NB_MB.c,0,1,1
/media/ullmann/HDDGabriel/engines/godot/drivers/gles3/shaders/effect_blur.glsl.gen.h,1,1,2
/media/ullmann/HDDGabriel/engines/godot/thirdparty/mbedtls/library/ssl_ciphersuites.c,0,1,1
/media/ullmann/HDDGabriel/engines/godot/thirdparty/embree/include/embree3/rtcore_quaternion.h,2,1,3
/media/ullmann/HDDGabriel/engines/godot/scene/resources/tile_set.cpp,0,3,3
/media/ullmann/HDDGabriel/engines/godot/thirdparty/zstd/compress/zstd_double_fast.c,0,2,2
/media/ullmann/HDDGabriel/engines/godot/thirdparty/zstd/compress/zstd_double_fast.h,3,2,5
/media/ullmann/HDDGabriel/engines/godot/thirdparty/freetype/src/base/ftutil.c,1,0,1
/media/ullmann/HDDGabriel/engines/godot/thirdparty/opus/silk/arm/macros_arm64.h,1,0,1
/media/ullmann/HDDGabriel/engines/godot/thirdparty/pcre2/src/pcre2_match_data.c,0,2,2
/media/ullmann/HDDGabriel/engines/godot/thirdparty/freetype/src/gxvalid/gxvmorx0.c,1,1,2
/media/ullmann/HDDGabriel/engines/godot/thirdparty/libvpx/vp8/common/debugmodes.c,0,1,1
/media/ullmann/HDDGabriel/engines/godot/thirdparty/opus/silk/float/find_LPC_FLP.c,0,1,1
/media/ullmann/HDDGabriel/engines/godot/thirdparty/zstd/common/pool.c,0,5,5
/media/ullmann/HDDGabriel/engines/godot/platform/android/power_android.cpp,0,2,2
/media/ullmann/HDDGabriel/engines/godot/platform/android/power_android.h,1,1,2
/media/ullmann/HDDGabriel/engines/godot/modules/pvr/image_compress_pvrtc.h,2,0,2
/media/ullmann/HDDGabriel/engines/godot/core/register_core_types.h,2,0,2
/media/ullmann/HDDGabriel/engines/godot/thirdparty/freetype/src/otvalid/otvcommn.c,1,1,2
/media/ullmann/HDDGabriel/engines/godot/scene/resources/multimesh.cpp,0,2,2
/media/ullmann/HDDGabriel/engines/godot/modules/tinyexr/register_types.h,2,0,2
/media/ullmann/HDDGabriel/engines/godot/thirdparty/bullet/BulletDynamics/MLCPSolvers/btPATHSolver.h,0,1,1
/media/ullmann/HDDGabriel/engines/godot/thirdparty/bullet/BulletCollision/CollisionDispatch/btUnionFind.cpp,1,1,2
/media/ullmann/HDDGabriel/engines/godot/main/tests/test_physics.h,2,1,3
/media/ullmann/HDDGabriel/engines/godot/thirdparty/mbedtls/library/des.c,0,1,1
/media/ullmann/HDDGabriel/engines/godot/thirdparty/bullet/Bullet3OpenCL/RigidBody/b3GpuRigidBodyPipelineInternalData.h,1,0,1
/media/ullmann/HDDGabriel/engines/godot/thirdparty/oidn/mkl-dnn/src/cpu/jit_avx512_core_fp32_wino_conv_4x3.cpp,0,1,1
/media/ullmann/HDDGabriel/engines/godot/thirdparty/oidn/mkl-dnn/src/cpu/gemm/s8x8s32/jit_avx512_core_gemm_s8u8s32.hpp,3,0,3
/media/ullmann/HDDGabriel/engines/godot/scene/resources/style_box.cpp,0,2,2
/media/ullmann/HDDGabriel/engines/godot/scene/resources/physics_material.cpp,0,1,1
/media/ullmann/HDDGabriel/engines/godot/platform/javascript/javascript_main.cpp,0,4,4
/media/ullmann/HDDGabriel/engines/godot/thirdparty/opus/silk/fixed/LTP_scale_ctrl_FIX.c,0,1,1
/media/ullmann/HDDGabriel/engines/godot/core/math/bvh_debug.inc,1,0,1
/media/ullmann/HDDGabriel/engines/godot/thirdparty/mbedtls/library/ssl_msg.c,0,2,2
/media/ullmann/HDDGabriel/engines/godot/thirdparty/opus/silk/float/encode_frame_FLP.c,0,1,1
/media/ullmann/HDDGabriel/engines/godot/modules/jsonrpc/register_types.cpp,0,3,3
/media/ullmann/HDDGabriel/engines/godot/thirdparty/freetype/src/base/ftmac.c,1,1,2
/media/ullmann/HDDGabriel/engines/godot/thirdparty/freetype/src/pcf/pcferror.h,2,0,2
/media/ullmann/HDDGabriel/engines/godot/thirdparty/freetype/src/gxvalid/gxvbsln.c,1,2,3
/media/ullmann/HDDGabriel/engines/godot/thirdparty/opus/silk/float/bwexpander_FLP.c,0,1,1
/media/ullmann/HDDGabriel/engines/godot/thirdparty/freetype/src/base/fttrigon.c,1,0,1
/media/ullmann/HDDGabriel/engines/godot/thirdparty/libpng/pngstruct.h,1,0,1
/media/ullmann/HDDGabriel/engines/godot/thirdparty/wslay/wslay_net.c,0,1,1
/media/ullmann/HDDGabriel/engines/godot/main/default_controller_mappings.h,2,0,2
/media/ullmann/HDDGabriel/engines/godot/scene/gui/color_rect.h,4,1,5
/media/ullmann/HDDGabriel/engines/godot/scene/resources/audio_stream_sample.h,5,1,6
/media/ullmann/HDDGabriel/engines/godot/thirdparty/etc2comp/EtcFilter.cpp,0,1,1
/media/ullmann/HDDGabriel/engines/godot/thirdparty/etc2comp/EtcFilter.h,2,0,2
/media/ullmann/HDDGabriel/engines/godot/scene/resources/line_shape_2d.h,4,1,5
/media/ullmann/HDDGabriel/engines/godot/servers/physics/area_pair_sw.cpp,0,2,2
/media/ullmann/HDDGabriel/engines/godot/thirdparty/freetype/src/autofit/afblue.h,1,0,1
/media/ullmann/HDDGabriel/engines/godot/thirdparty/embree/kernels/builders/heuristic_spatial.h,3,2,5
/media/ullmann/HDDGabriel/engines/godot/scene/2d/line_builder.cpp,0,1,1
/media/ullmann/HDDGabriel/engines/godot/modules/mbedtls/stream_peer_mbedtls.h,2,2,4
/media/ullmann/HDDGabriel/engines/godot/thirdparty/libvpx/vp8/common/quant_common.c,0,1,1
/media/ullmann/HDDGabriel/engines/godot/thirdparty/libvpx/vp8/common/quant_common.h,1,2,3
/media/ullmann/HDDGabriel/engines/godot/drivers/gles2/shaders/tonemap.glsl.gen.h,1,1,2
/media/ullmann/HDDGabriel/engines/godot/core/math/bvh_cull.inc,1,0,1
/media/ullmann/HDDGabriel/engines/godot/thirdparty/mbedtls/library/ecp.c,0,2,2
/media/ullmann/HDDGabriel/engines/godot/scene/3d/interpolated_camera.cpp,0,2,2
/media/ullmann/HDDGabriel/engines/godot/thirdparty/vhacd/inc/vhacdVector.inl,1,0,1
/media/ullmann/HDDGabriel/engines/godot/thirdparty/oidn/mkl-dnn/src/cpu/jit_sse42_conv_kernel_f32.cpp,0,2,2
/media/ullmann/HDDGabriel/engines/godot/thirdparty/libtheora/x86_vc/mmxfdct.c,0,1,1
/media/ullmann/HDDGabriel/engines/godot/thirdparty/bullet/BulletDynamics/Featherstone/btMultiBodyJointLimitConstraint.h,1,1,2
/media/ullmann/HDDGabriel/engines/godot/thirdparty/opus/silk/NLSF_stabilize.c,0,1,1
/media/ullmann/HDDGabriel/engines/godot/thirdparty/freetype/src/base/ftadvanc.c,1,0,1
/media/ullmann/HDDGabriel/engines/godot/modules/regex/register_types.h,2,0,2
/media/ullmann/HDDGabriel/engines/godot/thirdparty/bullet/Bullet3OpenCL/BroadphaseCollision/kernels/sapKernels.h,2,0,2
/media/ullmann/HDDGabriel/engines/godot/thirdparty/libtheora/enquant.c,0,1,1
/media/ullmann/HDDGabriel/engines/godot/thirdparty/pvrtccompressor/PvrTcDecoder.cpp,0,3,3
/media/ullmann/HDDGabriel/engines/godot/thirdparty/zlib/deflate.h,2,1,3
/media/ullmann/HDDGabriel/engines/godot/thirdparty/embree/kernels/common/stat.h,2,1,3
/media/ullmann/HDDGabriel/engines/godot/thirdparty/bullet/LinearMath/btVector3.cpp,1,1,2
/media/ullmann/HDDGabriel/engines/godot/core/math/vector2.cpp,0,1,1
/media/ullmann/HDDGabriel/engines/godot/modules/pvr/texture_loader_pvr.cpp,0,2,2
/media/ullmann/HDDGabriel/engines/godot/scene/resources/segment_shape_2d.cpp,0,3,3
/media/ullmann/HDDGabriel/engines/godot/servers/physics_2d/area_2d_sw.cpp,0,3,3
/media/ullmann/HDDGabriel/engines/godot/thirdparty/bullet/BulletCollision/BroadphaseCollision/btDbvtBroadphase.cpp,1,1,2
/media/ullmann/HDDGabriel/engines/godot/core/os/spin_lock.h,1,1,2
/media/ullmann/HDDGabriel/engines/godot/thirdparty/bullet/LinearMath/btMotionState.h,1,1,2
/media/ullmann/HDDGabriel/engines/godot/thirdparty/freetype/src/gzip/inffixed.h,1,0,1
/media/ullmann/HDDGabriel/engines/godot/thirdparty/embree/kernels/bvh/bvh_node_qaabb.h,1,1,2
/media/ullmann/HDDGabriel/engines/godot/thirdparty/opus/silk/stereo_encode_pred.c,0,1,1
/media/ullmann/HDDGabriel/engines/godot/thirdparty/bullet/Bullet3OpenCL/RigidBody/b3GpuJacobiContactSolver.cpp,0,2,2
/media/ullmann/HDDGabriel/engines/godot/thirdparty/nanosvg/nanosvg.h,1,0,1
/media/ullmann/HDDGabriel/engines/godot/thirdparty/oidn/core/filter.h,3,3,6
/media/ullmann/HDDGabriel/engines/godot/thirdparty/opus/silk/float/levinsondurbin_FLP.c,0,1,1
/media/ullmann/HDDGabriel/engines/godot/modules/webrtc/webrtc_peer_connection.cpp,0,1,1
/media/ullmann/HDDGabriel/engines/godot/core/math/math_fieldwise.cpp,0,1,1
/media/ullmann/HDDGabriel/engines/godot/thirdparty/embree/kernels/geometry/curveNi.h,5,2,7
/media/ullmann/HDDGabriel/engines/godot/scene/resources/curve.h,6,1,7
/media/ullmann/HDDGabriel/engines/godot/thirdparty/embree/kernels/geometry/curve_intersector.h,0,4,4
/media/ullmann/HDDGabriel/engines/godot/thirdparty/bullet/BulletCollision/Gimpact/gim_box_collision.h,3,1,4
/media/ullmann/HDDGabriel/engines/godot/thirdparty/mbedtls/library/memory_buffer_alloc.c,0,1,1
/media/ullmann/HDDGabriel/engines/godot/thirdparty/pcre2/src/pcre2_context.c,0,2,2
/media/ullmann/HDDGabriel/engines/godot/thirdparty/zstd/compress/zstd_opt.h,2,1,3
/media/ullmann/HDDGabriel/engines/godot/thirdparty/embree/common/simd/vboolf4_avx512.h,1,0,1
/media/ullmann/HDDGabriel/engines/godot/scene/3d/light.cpp,0,4,4
/media/ullmann/HDDGabriel/engines/godot/thirdparty/embree/common/simd/vint16_avx512.h,1,0,1
/media/ullmann/HDDGabriel/engines/godot/thirdparty/mbedtls/library/cipher_wrap.c,0,1,1
/media/ullmann/HDDGabriel/engines/godot/modules/vorbis/register_types.cpp,0,1,1
/media/ullmann/HDDGabriel/engines/godot/thirdparty/libpng/pngpread.c,0,1,1
/media/ullmann/HDDGabriel/engines/godot/thirdparty/bullet/LinearMath/btGrahamScan2dConvexHull.h,0,2,2
/media/ullmann/HDDGabriel/engines/godot/servers/physics/area_sw.cpp,0,3,3
/media/ullmann/HDDGabriel/engines/godot/thirdparty/mbedtls/library/camellia.c,0,1,1
/media/ullmann/HDDGabriel/engines/godot/thirdparty/bullet/BulletCollision/CollisionShapes/btTriangleIndexVertexMaterialArray.h,1,1,2
/media/ullmann/HDDGabriel/engines/godot/servers/visual/portals/portal_pvs.cpp,0,1,1
/media/ullmann/HDDGabriel/engines/godot/thirdparty/vhacd/inc/vhacdVolume.h,1,2,3
/media/ullmann/HDDGabriel/engines/godot/thirdparty/bullet/LinearMath/btIDebugDraw.h,1,2,3
/media/ullmann/HDDGabriel/engines/godot/thirdparty/oidn/mkl-dnn/src/cpu/jit_uni_reorder.cpp,0,4,4
/media/ullmann/HDDGabriel/engines/godot/scene/3d/cull_instance.h,3,1,4
/media/ullmann/HDDGabriel/engines/godot/thirdparty/opus/silk/ana_filt_bank_1.c,0,1,1
/media/ullmann/HDDGabriel/engines/godot/drivers/gles3/rasterizer_gles3.cpp,0,3,3
/media/ullmann/HDDGabriel/engines/godot/thirdparty/opus/silk/debug.c,0,2,2
/media/ullmann/HDDGabriel/engines/godot/core/io/resource_importer.cpp,0,4,4
/media/ullmann/HDDGabriel/engines/godot/thirdparty/opus/silk/float/find_pitch_lags_FLP.c,0,1,1
/media/ullmann/HDDGabriel/engines/godot/thirdparty/freetype/src/gzip/zutil.c,1,1,2
/media/ullmann/HDDGabriel/engines/godot/editor/array_property_edit.cpp,0,3,3
/media/ullmann/HDDGabriel/engines/godot/thirdparty/freetype/src/cid/cidload.h,3,1,4
/media/ullmann/HDDGabriel/engines/godot/thirdparty/freetype/src/cid/cidparse.h,2,0,2
/media/ullmann/HDDGabriel/engines/godot/scene/3d/remote_transform.cpp,0,1,1
/media/ullmann/HDDGabriel/engines/godot/scene/3d/remote_transform.h,2,1,3
/media/ullmann/HDDGabriel/engines/godot/servers/physics/joints/cone_twist_joint_sw.cpp,0,1,1
/media/ullmann/HDDGabriel/engines/godot/servers/audio/effects/audio_effect_distortion.cpp,0,3,3
/media/ullmann/HDDGabriel/engines/godot/servers/audio/effects/audio_effect_reverb.h,2,2,4
/media/ullmann/HDDGabriel/engines/godot/thirdparty/opus/silk/x86/SigProc_FIX_sse.h,1,0,1
/media/ullmann/HDDGabriel/engines/godot/servers/audio/effects/audio_effect_reverb.cpp,0,2,2
/media/ullmann/HDDGabriel/engines/godot/thirdparty/misc/yuv2rgb.h,2,1,3
/media/ullmann/HDDGabriel/engines/godot/editor/run_settings_dialog.cpp,0,1,1
/media/ullmann/HDDGabriel/engines/godot/modules/mono/glue/rid_glue.cpp,0,2,2
/media/ullmann/HDDGabriel/engines/godot/servers/physics_2d/collision_solver_2d_sat.cpp,0,2,2
/media/ullmann/HDDGabriel/engines/godot/servers/physics_2d/collision_solver_2d_sat.h,2,1,3
/media/ullmann/HDDGabriel/engines/godot/thirdparty/embree/kernels/geometry/disci_intersector.h,1,3,4
/media/ullmann/HDDGabriel/engines/godot/thirdparty/bullet/Bullet3Collision/BroadPhaseCollision/b3OverlappingPairCache.cpp,0,1,1
/media/ullmann/HDDGabriel/engines/godot/thirdparty/opus/mlp.c,0,3,3
/media/ullmann/HDDGabriel/engines/godot/platform/x11/power_x11.cpp,0,2,2
/media/ullmann/HDDGabriel/engines/godot/thirdparty/bullet/BulletSoftBody/DeformableBodyInplaceSolverIslandCallback.h,1,0,1
/media/ullmann/HDDGabriel/engines/godot/platform/osx/crash_handler_osx.h,2,0,2
/media/ullmann/HDDGabriel/engines/godot/thirdparty/embree/kernels/bvh/bvh_statistics.cpp,0,2,2
/media/ullmann/HDDGabriel/engines/godot/modules/gdnative/gdnative/string_name.cpp,0,2,2
/media/ullmann/HDDGabriel/engines/godot/thirdparty/freetype/src/pcf/pcf.c,0,3,3
/media/ullmann/HDDGabriel/engines/godot/editor/plugins/cpu_particles_editor_plugin.cpp,0,2,2
/media/ullmann/HDDGabriel/engines/godot/thirdparty/bullet/LinearMath/btHashMap.h,1,1,2
/media/ullmann/HDDGabriel/engines/godot/thirdparty/bullet/BulletCollision/Gimpact/btGImpactQuantizedBvh.cpp,1,1,2
/media/ullmann/HDDGabriel/engines/godot/servers/audio/effects/audio_effect_filter.cpp,0,2,2
/media/ullmann/HDDGabriel/engines/godot/thirdparty/oidn/mkl-dnn/src/cpu/jit_sse42_1x1_convolution.cpp,0,1,1
/media/ullmann/HDDGabriel/engines/godot/thirdparty/libtheora/theora/codec.h,5,0,5
/media/ullmann/HDDGabriel/engines/godot/thirdparty/bullet/Bullet3OpenCL/NarrowphaseCollision/b3StridingMeshInterface.cpp,0,1,1
/media/ullmann/HDDGabriel/engines/godot/editor/plugins/line_2d_editor_plugin.cpp,0,1,1
/media/ullmann/HDDGabriel/engines/godot/thirdparty/libvpx/vpx/vpx_frame_buffer.h,1,1,2
/media/ullmann/HDDGabriel/engines/godot/thirdparty/opus/silk/fixed/mips/warped_autocorrelation_FIX_mipsr1.h,1,0,1
/media/ullmann/HDDGabriel/engines/godot/thirdparty/misc/ifaddrs-android.cc,0,1,1
/media/ullmann/HDDGabriel/engines/godot/thirdparty/opus/opus/opus.h,1,2,3
/media/ullmann/HDDGabriel/engines/godot/thirdparty/opus/opus/opus_types.h,2,0,2
/media/ullmann/HDDGabriel/engines/godot/thirdparty/opus/opus_encoder.c,0,3,3
/media/ullmann/HDDGabriel/engines/godot/thirdparty/opus/celt/arm/kiss_fft_armv5e.h,1,0,1
/media/ullmann/HDDGabriel/engines/godot/modules/mono/mono_gd/gd_mono_wasm_m2n.cpp,0,2,2
/media/ullmann/HDDGabriel/engines/godot/modules/gridmap/register_types.h,2,0,2
/media/ullmann/HDDGabriel/engines/godot/thirdparty/pcre2/src/pcre2_substitute.c,0,2,2
/media/ullmann/HDDGabriel/engines/godot/servers/audio/audio_stream.cpp,0,3,3
/media/ullmann/HDDGabriel/engines/godot/core/math/transform_2d.cpp,0,1,1
/media/ullmann/HDDGabriel/engines/godot/thirdparty/zstd/common/threading.c,0,2,2
/media/ullmann/HDDGabriel/engines/godot/thirdparty/zstd/common/threading.h,3,1,4
/media/ullmann/HDDGabriel/engines/godot/servers/audio/effects/audio_effect_phaser.cpp,0,3,3
/media/ullmann/HDDGabriel/engines/godot/platform/x11/export/export.cpp,0,5,5
/media/ullmann/HDDGabriel/engines/godot/platform/x11/export/export.h,2,0,2
/media/ullmann/HDDGabriel/engines/godot/platform/javascript/run_icon.gen.h,1,0,1
/media/ullmann/HDDGabriel/engines/godot/modules/mono/utils/thread_local.cpp,0,3,3
/media/ullmann/HDDGabriel/engines/godot/thirdparty/freetype/src/psaux/cffdecode.h,3,0,3
/media/ullmann/HDDGabriel/engines/godot/scene/resources/mesh_library.cpp,0,2,2
/media/ullmann/HDDGabriel/engines/godot/thirdparty/bullet/BulletCollision/CollisionDispatch/btUnionFind.h,1,0,1
/media/ullmann/HDDGabriel/engines/godot/scene/gui/nine_patch_rect.h,4,1,5
/media/ullmann/HDDGabriel/engines/godot/thirdparty/libvorbis/backends.h,1,1,2
/media/ullmann/HDDGabriel/engines/godot/modules/hdr/register_types.cpp,0,2,2
/media/ullmann/HDDGabriel/engines/godot/modules/hdr/image_loader_hdr.h,2,1,3
/media/ullmann/HDDGabriel/engines/godot/thirdparty/bullet/BulletCollision/CollisionDispatch/btBox2dBox2dCollisionAlgorithm.h,1,0,1
/media/ullmann/HDDGabriel/engines/godot/modules/gltf/gltf_skin.cpp,0,1,1
/media/ullmann/HDDGabriel/engines/godot/thirdparty/opus/celt/mips/mdct_mipsr1.h,1,0,1
/media/ullmann/HDDGabriel/engines/godot/drivers/gles3/shaders/canvas.glsl.gen.h,1,1,2
/media/ullmann/HDDGabriel/engines/godot/thirdparty/bullet/BulletCollision/CollisionShapes/btConvex2dShape.cpp,1,1,2
/media/ullmann/HDDGabriel/engines/godot/thirdparty/bullet/Bullet3OpenCL/BroadphaseCollision/b3SapAabb.h,2,0,2
/media/ullmann/HDDGabriel/engines/godot/thirdparty/freetype/src/autofit/afblue.c,1,1,2
/media/ullmann/HDDGabriel/engines/godot/thirdparty/mbedtls/library/pem.c,0,1,1
/media/ullmann/HDDGabriel/engines/godot/thirdparty/bullet/BulletSoftBody/btSoftRigidDynamicsWorld.h,1,1,2
/media/ullmann/HDDGabriel/engines/godot/editor/plugins/animation_tree_player_editor_plugin.h,2,7,9
/media/ullmann/HDDGabriel/engines/godot/thirdparty/libvpx/vpx_dsp/vpx_dsp_common.h,1,0,1
/media/ullmann/HDDGabriel/engines/godot/thirdparty/bullet/BulletCollision/CollisionShapes/btScaledBvhTriangleMeshShape.h,2,0,2
/media/ullmann/HDDGabriel/engines/godot/thirdparty/bullet/BulletCollision/Gimpact/btGImpactShape.h,3,1,4
/media/ullmann/HDDGabriel/engines/godot/thirdparty/oidn/mkl-dnn/src/cpu/gemm/f32/jit_avx_gemm_f32.hpp,2,0,2
/media/ullmann/HDDGabriel/engines/godot/thirdparty/libtheora/x86_vc/x86enc.c,0,2,2
/media/ullmann/HDDGabriel/engines/godot/thirdparty/freetype/src/base/ftlcdfil.c,1,0,1
/media/ullmann/HDDGabriel/engines/godot/core/math/bvh_misc.inc,1,0,1
/media/ullmann/HDDGabriel/engines/godot/thirdparty/bullet/BulletDynamics/Featherstone/btMultiBodyPoint2Point.cpp,1,2,3
/media/ullmann/HDDGabriel/engines/godot/drivers/gles3/rasterizer_storage_gles3.cpp,0,5,5
/media/ullmann/HDDGabriel/engines/godot/thirdparty/libvorbis/smallft.c,0,3,3
/media/ullmann/HDDGabriel/engines/godot/thirdparty/oidn/core/math.h,1,0,1
/media/ullmann/HDDGabriel/engines/godot/platform/android/export/gradle_export_util.cpp,0,1,1
/media/ullmann/HDDGabriel/engines/godot/thirdparty/freetype/src/cff/cfftoken.h,1,0,1
/media/ullmann/HDDGabriel/engines/godot/thirdparty/freetype/src/base/ftoutln.c,1,0,1
/media/ullmann/HDDGabriel/engines/godot/thirdparty/oidn/mkl-dnn/include/mkldnn.hpp,0,1,1
/media/ullmann/HDDGabriel/engines/godot/thirdparty/oidn/mkl-dnn/include/mkldnn.h,1,2,3
/media/ullmann/HDDGabriel/engines/godot/thirdparty/embree/kernels/subdiv/gregory_patch_dense.h,1,1,2
/media/ullmann/HDDGabriel/engines/godot/thirdparty/enet/list.c,0,1,1
/media/ullmann/HDDGabriel/engines/godot/thirdparty/opus/celt/mips/celt_mipsr1.h,1,0,1
/media/ullmann/HDDGabriel/engines/godot/modules/gdnative/gdnative/transform2d.cpp,0,2,2
/media/ullmann/HDDGabriel/engines/godot/thirdparty/pcre2/src/pcre2_maketables.c,0,2,2
/media/ullmann/HDDGabriel/engines/godot/thirdparty/freetype/src/base/ftstream.c,1,0,1
/media/ullmann/HDDGabriel/engines/godot/thirdparty/freetype/src/winfonts/winfnt.c,0,2,2
/media/ullmann/HDDGabriel/engines/godot/thirdparty/freetype/src/winfonts/fnterrs.h,1,0,1
/media/ullmann/HDDGabriel/engines/godot/modules/etc/register_types.h,2,0,2
/media/ullmann/HDDGabriel/engines/godot/thirdparty/oidn/core/api.cpp,0,2,2
/media/ullmann/HDDGabriel/engines/godot/thirdparty/mbedtls/library/ssl_cli.c,0,1,1
/media/ullmann/HDDGabriel/engines/godot/modules/bullet/godot_collision_dispatcher.cpp,0,2,2
/media/ullmann/HDDGabriel/engines/godot/thirdparty/freetype/src/pshinter/pshalgo.c,1,2,3
/media/ullmann/HDDGabriel/engines/godot/thirdparty/bullet/BulletCollision/CollisionShapes/btTriangleMeshShape.cpp,1,2,3
/media/ullmann/HDDGabriel/engines/godot/thirdparty/vhacd/inc/vhacdManifoldMesh.h,1,3,4
/media/ullmann/HDDGabriel/engines/godot/thirdparty/vhacd/inc/vhacdSArray.h,2,0,2
/media/ullmann/HDDGabriel/engines/godot/scene/2d/y_sort.h,2,1,3
/media/ullmann/HDDGabriel/engines/godot/thirdparty/freetype/src/psaux/t1cmap.h,2,0,2
/media/ullmann/HDDGabriel/engines/godot/editor/plugins/collision_polygon_2d_editor_plugin.cpp,0,1,1
/media/ullmann/HDDGabriel/engines/godot/editor/plugins/collision_polygon_2d_editor_plugin.h,2,2,4
/media/ullmann/HDDGabriel/engines/godot/modules/websocket/emws_server.cpp,0,2,2
/media/ullmann/HDDGabriel/engines/godot/thirdparty/bullet/BulletDynamics/Featherstone/btMultiBodyJointFeedback.h,1,0,1
/media/ullmann/HDDGabriel/engines/godot/thirdparty/embree/common/simd/varying.h,2,1,3
/media/ullmann/HDDGabriel/engines/godot/thirdparty/enet/callbacks.c,0,1,1
/media/ullmann/HDDGabriel/engines/godot/thirdparty/opus/silk/decoder_set_fs.c,0,1,1
/media/ullmann/HDDGabriel/engines/godot/servers/audio/effects/audio_effect_pitch_shift.h,2,1,3
/media/ullmann/HDDGabriel/engines/godot/thirdparty/bullet/BulletCollision/CollisionShapes/btConvex2dShape.h,1,0,1
/media/ullmann/HDDGabriel/engines/godot/thirdparty/libvorbis/modes/setup_44.h,1,0,1
/media/ullmann/HDDGabriel/engines/godot/core/method_bind.cpp,0,2,2
/media/ullmann/HDDGabriel/engines/godot/thirdparty/opus/silk/sigm_Q15.c,0,1,1
/media/ullmann/HDDGabriel/engines/godot/thirdparty/libvpx/vp9_rtcd.h,0,1,1
/media/ullmann/HDDGabriel/engines/godot/thirdparty/pcre2/src/sljit/sljitUtils.c,1,0,1
/media/ullmann/HDDGabriel/engines/godot/thirdparty/oidn/mkl-dnn/src/cpu/gemm/f32/ref_gemm_f32.cpp,0,2,2
/media/ullmann/HDDGabriel/engines/godot/thirdparty/oidn/mkl-dnn/src/cpu/gemm/s8x8s32/jit_avx512_core_kernel_gemv_s8u8s32_kern.hpp,2,1,3
/media/ullmann/HDDGabriel/engines/godot/thirdparty/embree/kernels/common/state.h,6,1,7
/media/ullmann/HDDGabriel/engines/godot/core/input_map.cpp,0,4,4
/media/ullmann/HDDGabriel/engines/godot/core/io/net_socket.cpp,0,1,1
/media/ullmann/HDDGabriel/engines/godot/modules/gdnative/pluginscript/register_types.h,2,0,2
/media/ullmann/HDDGabriel/engines/godot/thirdparty/mbedtls/library/md.c,0,1,1
/media/ullmann/HDDGabriel/engines/godot/thirdparty/libpng/pngdebug.h,1,0,1
/media/ullmann/HDDGabriel/engines/godot/thirdparty/libpng/pngmem.c,0,1,1
/media/ullmann/HDDGabriel/engines/godot/scene/3d/world_environment.cpp,0,2,2
/media/ullmann/HDDGabriel/engines/godot/thirdparty/oidn/mkl-dnn/src/common/softmax.cpp,0,3,3
/media/ullmann/HDDGabriel/engines/godot/thirdparty/freetype/src/cid/cidgload.c,1,3,4
/media/ullmann/HDDGabriel/engines/godot/thirdparty/opus/silk/mips/NSQ_del_dec_mipsr1.h,1,0,1
/media/ullmann/HDDGabriel/engines/godot/thirdparty/opus/silk/float/LPC_inv_pred_gain_FLP.c,0,1,1
/media/ullmann/HDDGabriel/engines/godot/thirdparty/libvpx/vp8/common/extend.c,0,1,1
/media/ullmann/HDDGabriel/engines/godot/thirdparty/libvpx/vp8/common/extend.h,1,0,1
/media/ullmann/HDDGabriel/engines/godot/servers/physics/joints/slider_joint_sw.h,2,2,4
/media/ullmann/HDDGabriel/engines/godot/thirdparty/libpng/arm/filter_neon_intrinsics.c,0,1,1
/media/ullmann/HDDGabriel/engines/godot/thirdparty/mbedtls/library/x509_create.c,0,1,1
/media/ullmann/HDDGabriel/engines/godot/thirdparty/freetype/src/base/ftpsprop.c,1,0,1
/media/ullmann/HDDGabriel/engines/godot/modules/gdnative/include/videodecoder/godot_videodecoder.h,1,0,1
/media/ullmann/HDDGabriel/engines/godot/thirdparty/bullet/BulletDynamics/MLCPSolvers/btMLCPSolver.cpp,1,2,3
/media/ullmann/HDDGabriel/engines/godot/thirdparty/embree/common/simd/vboolf16_avx512.h,1,0,1
/media/ullmann/HDDGabriel/engines/godot/thirdparty/freetype/src/psaux/pserror.c,1,2,3
/media/ullmann/HDDGabriel/engines/godot/editor/editor_translations.gen.h,1,0,1
/media/ullmann/HDDGabriel/engines/godot/thirdparty/opus/silk/tables_pitch_lag.c,0,1,1
/media/ullmann/HDDGabriel/engines/godot/thirdparty/pcre2/src/pcre2_jit_match.c,1,0,1
/media/ullmann/HDDGabriel/engines/godot/thirdparty/bullet/LinearMath/btThreads.cpp,1,2,3
/media/ullmann/HDDGabriel/engines/godot/thirdparty/bullet/BulletCollision/CollisionShapes/btConcaveShape.cpp,1,1,2
/media/ullmann/HDDGabriel/engines/godot/scene/gui/panel_container.cpp,0,1,1
/media/ullmann/HDDGabriel/engines/godot/servers/visual/portals/portal_occlusion_culler.h,2,1,3
/media/ullmann/HDDGabriel/engines/godot/thirdparty/freetype/src/autofit/afhints.c,1,2,3
/media/ullmann/HDDGabriel/engines/godot/thirdparty/opus/silk/check_control_input.c,0,3,3
/media/ullmann/HDDGabriel/engines/godot/thirdparty/mbedtls/library/arc4.c,0,1,1
/media/ullmann/HDDGabriel/engines/godot/thirdparty/embree/kernels/common/profile.h,2,1,3
/media/ullmann/HDDGabriel/engines/godot/thirdparty/libvpx/vp8/common/reconintra4x4.c,0,1,1
/media/ullmann/HDDGabriel/engines/godot/modules/mono/godotsharp_defs.h,2,0,2
/media/ullmann/HDDGabriel/engines/godot/scene/gui/slider.cpp,0,2,2
/media/ullmann/HDDGabriel/engines/godot/thirdparty/libvpx/vpx/vpx_integer.h,2,0,2
/media/ullmann/HDDGabriel/engines/godot/thirdparty/mbedtls/library/constant_time_invasive.h,1,1,2
/media/ullmann/HDDGabriel/engines/godot/scene/main/http_request.cpp,0,1,1
/media/ullmann/HDDGabriel/engines/godot/editor/editor_icons.gen.h,1,0,1
/media/ullmann/HDDGabriel/engines/godot/main/tests/test_xml_parser.cpp,0,2,2
/media/ullmann/HDDGabriel/engines/godot/thirdparty/bullet/BulletDynamics/ConstraintSolver/btUniversalConstraint.h,2,2,4
/media/ullmann/HDDGabriel/engines/godot/thirdparty/bullet/Bullet3Common/b3Logging.h,2,0,2
/media/ullmann/HDDGabriel/engines/godot/thirdparty/opus/silk/arm/macros_armv5e.h,1,0,1
/media/ullmann/HDDGabriel/engines/godot/thirdparty/embree/common/simd/vboolf8_avx.h,1,0,1
/media/ullmann/HDDGabriel/engines/godot/thirdparty/bullet/BulletCollision/CollisionShapes/btConvexPolyhedron.cpp,1,1,2
/media/ullmann/HDDGabriel/engines/godot/modules/gltf/gltf_light.cpp,0,1,1
/media/ullmann/HDDGabriel/engines/godot/thirdparty/bullet/BulletDynamics/ConstraintSolver/btSolve2LinearConstraint.h,1,0,1
/media/ullmann/HDDGabriel/engines/godot/thirdparty/mbedtls/library/ssl_cache.c,0,1,1
/media/ullmann/HDDGabriel/engines/godot/thirdparty/embree/kernels/subdiv/patch_eval_simd.h,0,2,2
/media/ullmann/HDDGabriel/engines/godot/thirdparty/embree/kernels/subdiv/feature_adaptive_eval_simd.h,1,1,2
/media/ullmann/HDDGabriel/engines/godot/thirdparty/libtheora/x86_vc/mmxloop.h,1,1,2
/media/ullmann/HDDGabriel/engines/godot/thirdparty/embree/kernels/common/alloc.cpp,0,2,2
/media/ullmann/HDDGabriel/engines/godot/platform/windows/context_gl_windows.cpp,0,1,1
/media/ullmann/HDDGabriel/engines/godot/thirdparty/mbedtls/library/ccm.c,0,1,1
/media/ullmann/HDDGabriel/engines/godot/thirdparty/bullet/BulletDynamics/MLCPSolvers/btSolveProjectedGaussSeidel.h,1,1,2
/media/ullmann/HDDGabriel/engines/godot/thirdparty/misc/clipper.cpp,0,1,1
/media/ullmann/HDDGabriel/engines/godot/scene/3d/path.cpp,0,3,3
/media/ullmann/HDDGabriel/engines/godot/servers/physics/collision_solver_sat.cpp,0,3,3
/media/ullmann/HDDGabriel/engines/godot/thirdparty/opus/opus/opus_defines.h,2,1,3
/media/ullmann/HDDGabriel/engines/godot/core/io/compression.cpp,0,4,4
/media/ullmann/HDDGabriel/engines/godot/servers/physics_2d/shape_2d_sw.cpp,0,3,3
/media/ullmann/HDDGabriel/engines/godot/thirdparty/bullet/Bullet3OpenCL/NarrowphaseCollision/b3TriangleCallback.h,2,0,2
/media/ullmann/HDDGabriel/engines/godot/thirdparty/libvpx/vp8/common/reconintra.c,0,1,1
/media/ullmann/HDDGabriel/engines/godot/thirdparty/bullet/BulletCollision/CollisionShapes/btTetrahedronShape.cpp,1,1,2
/media/ullmann/HDDGabriel/engines/godot/platform/uwp/joypad_uwp.cpp,0,2,2
/media/ullmann/HDDGabriel/engines/godot/platform/uwp/joypad_uwp.h,2,1,3
/media/ullmann/HDDGabriel/engines/godot/core/math/a_star.cpp,0,4,4
/media/ullmann/HDDGabriel/engines/godot/platform/uwp/app.h,1,1,2
/media/ullmann/HDDGabriel/engines/godot/thirdparty/vhacd/inc/vhacdCircularList.h,1,1,2
/media/ullmann/HDDGabriel/engines/godot/thirdparty/bullet/BulletCollision/CollisionShapes/btConvexInternalShape.cpp,1,1,2
/media/ullmann/HDDGabriel/engines/godot/thirdparty/embree/common/simd/vuint8_avx.h,1,0,1
/media/ullmann/HDDGabriel/engines/godot/servers/audio/effects/audio_effect_stereo_enhance.cpp,0,2,2
/media/ullmann/HDDGabriel/engines/godot/thirdparty/oidn/mkl-dnn/src/cpu/jit_utils/jit_utils.hpp,1,0,1
/media/ullmann/HDDGabriel/engines/godot/core/pooled_list.h,2,1,3
/media/ullmann/HDDGabriel/engines/godot/thirdparty/bullet/LinearMath/btReducedVector.cpp,1,1,2
/media/ullmann/HDDGabriel/engines/godot/thirdparty/bullet/LinearMath/TaskScheduler/btTaskScheduler.cpp,1,1,2
/media/ullmann/HDDGabriel/engines/godot/core/print_string.cpp,0,2,2
/media/ullmann/HDDGabriel/engines/godot/thirdparty/oidn/mkl-dnn/src/cpu/ref_inner_product.cpp,0,1,1
/media/ullmann/HDDGabriel/engines/godot/thirdparty/mbedtls/library/oid.c,0,1,1
/media/ullmann/HDDGabriel/engines/godot/thirdparty/pcre2/src/pcre2_auto_possess.c,0,2,2
/media/ullmann/HDDGabriel/engines/godot/thirdparty/libvorbis/modes/setup_44u.h,1,0,1
/media/ullmann/HDDGabriel/engines/godot/thirdparty/oidn/mkl-dnn/src/cpu/gemm/s8x8s32/jit_avx512_core_u8_copy_bn_kern.cpp,0,1,1
/media/ullmann/HDDGabriel/engines/godot/modules/websocket/websocket_server.cpp,0,1,1
/media/ullmann/HDDGabriel/engines/godot/thirdparty/zlib/trees.c,0,2,2
/media/ullmann/HDDGabriel/engines/godot/thirdparty/opus/silk/decode_pulses.c,0,1,1
/media/ullmann/HDDGabriel/engines/godot/editor/import/resource_importer_image.h,2,2,4
/media/ullmann/HDDGabriel/engines/godot/thirdparty/mbedtls/library/ssl_tls13_keys.c,0,2,2
/media/ullmann/HDDGabriel/engines/godot/thirdparty/bullet/LinearMath/btDefaultMotionState.h,1,1,2
/media/ullmann/HDDGabriel/engines/godot/thirdparty/opus/silk/float/corrMatrix_FLP.c,0,1,1
/media/ullmann/HDDGabriel/engines/godot/thirdparty/embree/include/embree3/rtcore_config.h,2,0,2
/media/ullmann/HDDGabriel/engines/godot/thirdparty/libtheora/huffdec.c,0,2,2
/media/ullmann/HDDGabriel/engines/godot/thirdparty/libpng/pngwrite.c,0,1,1
/media/ullmann/HDDGabriel/engines/godot/platform/windows/joypad_windows.cpp,0,1,1
/media/ullmann/HDDGabriel/engines/godot/drivers/register_driver_types.h,2,0,2
/media/ullmann/HDDGabriel/engines/godot/thirdparty/bullet/BulletCollision/CollisionShapes/btCompoundShape.cpp,1,2,3
/media/ullmann/HDDGabriel/engines/godot/thirdparty/mbedtls/library/x509_crt.c,0,1,1
/media/ullmann/HDDGabriel/engines/godot/thirdparty/bullet/BulletCollision/Gimpact/btGImpactShape.cpp,1,2,3
/media/ullmann/HDDGabriel/engines/godot/thirdparty/bullet/BulletCollision/Gimpact/btGImpactMassUtil.h,1,0,1
/media/ullmann/HDDGabriel/engines/godot/thirdparty/opus/celt/x86/celt_lpc_sse.c,0,1,1
/media/ullmann/HDDGabriel/engines/godot/thirdparty/opus/celt/x86/x86cpu.h,4,0,4
/media/ullmann/HDDGabriel/engines/godot/thirdparty/mbedtls/library/version.c,0,1,1
/media/ullmann/HDDGabriel/engines/godot/platform/windows/lang_table.h,1,0,1
/media/ullmann/HDDGabriel/engines/godot/modules/vhacd/register_types.cpp,0,3,3
/media/ullmann/HDDGabriel/engines/godot/thirdparty/bullet/Bullet3Serialize/Bullet2FileLoader/b3Chunk.cpp,0,3,3
/media/ullmann/HDDGabriel/engines/godot/thirdparty/mbedtls/library/constant_time.c,0,3,3
/media/ullmann/HDDGabriel/engines/godot/thirdparty/oidn/mkl-dnn/src/cpu/jit_avx512_common_convolution.cpp,0,1,1
/media/ullmann/HDDGabriel/engines/godot/thirdparty/libvorbis/modes/psych_16.h,1,0,1
/media/ullmann/HDDGabriel/engines/godot/thirdparty/oidn/mkl-dnn/src/cpu/gemm/f32/gemm_utils_f32.cpp,0,1,1
/media/ullmann/HDDGabriel/engines/godot/thirdparty/bullet/LinearMath/btGeometryUtil.h,1,2,3
/media/ullmann/HDDGabriel/engines/godot/scene/2d/canvas_modulate.cpp,0,1,1
/media/ullmann/HDDGabriel/engines/godot/thirdparty/wslay/wslay_queue.c,0,1,1
/media/ullmann/HDDGabriel/engines/godot/thirdparty/oidn/mkl-dnn/src/cpu/gemm/s8x8s32/ref_gemm_s8x8s32.hpp,1,0,1
/media/ullmann/HDDGabriel/engines/godot/modules/gltf/gltf_accessor.h,4,2,6
/media/ullmann/HDDGabriel/engines/godot/scene/gui/texture_progress.cpp,0,2,2
/media/ullmann/HDDGabriel/engines/godot/thirdparty/bullet/BulletSoftBody/btSoftSoftCollisionAlgorithm.h,2,0,2
/media/ullmann/HDDGabriel/engines/godot/thirdparty/bullet/BulletCollision/CollisionShapes/btMaterial.h,1,0,1
/media/ullmann/HDDGabriel/engines/godot/thirdparty/miniupnpc/miniupnpc/addr_is_reserved.h,1,0,1
/media/ullmann/HDDGabriel/engines/godot/thirdparty/pcre2/src/sljit/sljitNativeARM_64.c,1,0,1
/media/ullmann/HDDGabriel/engines/godot/thirdparty/libsimplewebm/VPXDecoder.cpp,0,1,1
/media/ullmann/HDDGabriel/engines/godot/thirdparty/libsimplewebm/VPXDecoder.hpp,1,1,2
/media/ullmann/HDDGabriel/engines/godot/thirdparty/freetype/src/base/ftglyph.c,0,1,1
/media/ullmann/HDDGabriel/engines/godot/thirdparty/freetype/src/pshinter/pshmod.h,1,0,1
/media/ullmann/HDDGabriel/engines/godot/thirdparty/opus/silk/LP_variable_cutoff.c,0,1,1
/media/ullmann/HDDGabriel/engines/godot/thirdparty/libvorbis/barkmel.c,0,1,1
/media/ullmann/HDDGabriel/engines/godot/thirdparty/bullet/Bullet3OpenCL/Initialize/b3OpenCLUtils.cpp,0,1,1
/media/ullmann/HDDGabriel/engines/godot/thirdparty/oidn/mkl-dnn/src/cpu/gemm/s8x8s32/gemv.hpp,2,1,3
/media/ullmann/HDDGabriel/engines/godot/thirdparty/mbedtls/library/pk.c,0,1,1
/media/ullmann/HDDGabriel/engines/godot/drivers/gles3/shaders/tonemap.glsl.gen.h,1,1,2
/media/ullmann/HDDGabriel/engines/godot/thirdparty/embree/include/embree3/rtcore_builder.h,1,1,2
/media/ullmann/HDDGabriel/engines/godot/modules/etc/image_compress_etc.h,2,0,2
/media/ullmann/HDDGabriel/engines/godot/modules/gdnative/gdnative_library_singleton_editor.cpp,0,3,3
/media/ullmann/HDDGabriel/engines/godot/scene/3d/position_3d.h,3,1,4
/media/ullmann/HDDGabriel/engines/godot/thirdparty/bullet/BulletDynamics/ConstraintSolver/btPoint2PointConstraint.h,2,2,4
/media/ullmann/HDDGabriel/engines/godot/thirdparty/enet/packet.c,0,1,1
/media/ullmann/HDDGabriel/engines/godot/thirdparty/minizip/ioapi.c,0,1,1
/media/ullmann/HDDGabriel/engines/godot/platform/android/java_godot_wrapper.cpp,0,1,1
/media/ullmann/HDDGabriel/engines/godot/thirdparty/oidn/mkl-dnn/src/cpu/jit_uni_dw_convolution.cpp,0,1,1
/media/ullmann/HDDGabriel/engines/godot/thirdparty/oidn/mkl-dnn/src/cpu/gemm/s8x8s32/jit_avx512_core_u8_copy_sum_bt_kern.cpp,0,1,1
/media/ullmann/HDDGabriel/engines/godot/thirdparty/bullet/BulletCollision/CollisionShapes/btScaledBvhTriangleMeshShape.cpp,1,1,2
/media/ullmann/HDDGabriel/engines/godot/thirdparty/opus/silk/quant_LTP_gains.c,0,2,2
/media/ullmann/HDDGabriel/engines/godot/thirdparty/opus/silk/fixed/residual_energy_FIX.c,0,1,1
/media/ullmann/HDDGabriel/engines/godot/modules/gltf/register_types.h,2,0,2
/media/ullmann/HDDGabriel/engines/godot/modules/gltf/gltf_spec_gloss.cpp,0,1,1
/media/ullmann/HDDGabriel/engines/godot/thirdparty/freetype/src/gxvalid/gxvmort5.c,1,1,2
/media/ullmann/HDDGabriel/engines/godot/thirdparty/oidn/mkl-dnn/src/cpu/gemm/s8x8s32/jit_avx512_core_gemv_s8u8s32.cpp,0,1,1
/media/ullmann/HDDGabriel/engines/godot/thirdparty/libvpx/vp8/common/header.h,1,0,1
/media/ullmann/HDDGabriel/engines/godot/thirdparty/opus/opusfile.c,0,2,2
/media/ullmann/HDDGabriel/engines/godot/thirdparty/freetype/src/psnames/psnamerr.h,1,0,1
/media/ullmann/HDDGabriel/engines/godot/thirdparty/bullet/BulletCollision/CollisionShapes/btMultiSphereShape.cpp,1,1,2
/media/ullmann/HDDGabriel/engines/godot/thirdparty/miniupnpc/miniupnpc/miniwget_private.h,1,1,2
/media/ullmann/HDDGabriel/engines/godot/thirdparty/bullet/BulletSoftBody/btSoftBodyRigidBodyCollisionConfiguration.cpp,0,4,4
/media/ullmann/HDDGabriel/engines/godot/scene/gui/graph_node.cpp,0,1,1
/media/ullmann/HDDGabriel/engines/godot/thirdparty/bullet/BulletCollision/NarrowPhaseCollision/btGjkEpaPenetrationDepthSolver.h,1,1,2
/media/ullmann/HDDGabriel/engines/godot/thirdparty/pcre2/src/pcre2_dfa_match.c,0,2,2
/media/ullmann/HDDGabriel/engines/godot/servers/physics/joints/slider_joint_sw.cpp,0,1,1
/media/ullmann/HDDGabriel/engines/godot/servers/audio/effects/audio_effect_capture.cpp,0,1,1
/media/ullmann/HDDGabriel/engines/godot/servers/physics/collision_solver_sat.h,2,1,3
/media/ullmann/HDDGabriel/engines/godot/main/tests/test_crypto.cpp,0,2,2
/media/ullmann/HDDGabriel/engines/godot/thirdparty/opus/silk/stereo_decode_pred.c,0,1,1
/media/ullmann/HDDGabriel/engines/godot/thirdparty/bullet/LinearMath/btTransformUtil.h,0,1,1
/media/ullmann/HDDGabriel/engines/godot/modules/gdnative/gdnative/color.cpp,0,2,2
/media/ullmann/HDDGabriel/engines/godot/thirdparty/oidn/mkl-dnn/src/cpu/gemm_inner_product.cpp,0,1,1
/media/ullmann/HDDGabriel/engines/godot/scene/gui/check_button.cpp,0,3,3
/media/ullmann/HDDGabriel/engines/godot/thirdparty/opus/repacketizer_demo.c,0,1,1
/media/ullmann/HDDGabriel/engines/godot/thirdparty/jpeg-compressor/jpgd.cpp,0,2,2
/media/ullmann/HDDGabriel/engines/godot/thirdparty/jpeg-compressor/jpgd.h,1,0,1
/media/ullmann/HDDGabriel/engines/godot/platform/x11/godot_x11.cpp,0,2,2
/media/ullmann/HDDGabriel/engines/godot/core/math/rect2.cpp,0,1,1
/media/ullmann/HDDGabriel/engines/godot/thirdparty/embree/common/sys/condition.cpp,0,1,1
/media/ullmann/HDDGabriel/engines/godot/thirdparty/bullet/BulletDynamics/ConstraintSolver/btNNCGConstraintSolver.cpp,1,1,2
/media/ullmann/HDDGabriel/engines/godot/thirdparty/bullet/BulletCollision/Gimpact/btGenericPoolAllocator.cpp,1,1,2
/media/ullmann/HDDGabriel/engines/godot/thirdparty/wslay/wslay_event.h,1,0,1
/media/ullmann/HDDGabriel/engines/godot/thirdparty/freetype/src/gzip/adler32.c,1,1,2
/media/ullmann/HDDGabriel/engines/godot/thirdparty/mbedtls/library/pkcs12.c,0,1,1
/media/ullmann/HDDGabriel/engines/godot/modules/opus/register_types.h,2,0,2
/media/ullmann/HDDGabriel/engines/godot/scene/gui/progress_bar.cpp,0,1,1
/media/ullmann/HDDGabriel/engines/godot/thirdparty/libwebp/src/webp/encode.h,0,1,1
/media/ullmann/HDDGabriel/engines/godot/editor/plugins/light_occluder_2d_editor_plugin.cpp,0,1,1
/media/ullmann/HDDGabriel/engines/godot/thirdparty/libvorbis/modes/psych_11.h,1,0,1
/media/ullmann/HDDGabriel/engines/godot/thirdparty/bullet/BulletCollision/NarrowPhaseCollision/btConvexPenetrationDepthSolver.h,2,1,3
/media/ullmann/HDDGabriel/engines/godot/thirdparty/mbedtls/library/poly1305.c,0,1,1
/media/ullmann/HDDGabriel/engines/godot/thirdparty/opus/celt/arm/armcpu.c,0,1,1
/media/ullmann/HDDGabriel/engines/godot/thirdparty/oidn/mkl-dnn/include/mkldnn_debug.h,0,1,1
/media/ullmann/HDDGabriel/engines/godot/thirdparty/oidn/mkl-dnn/include/mkldnn_types.h,2,0,2
/media/ullmann/HDDGabriel/engines/godot/thirdparty/opus/silk/MacroCount.h,1,0,1
/media/ullmann/HDDGabriel/engines/godot/thirdparty/oidn/mkl-dnn/src/cpu/nhwc_pooling.cpp,0,1,1
/media/ullmann/HDDGabriel/engines/godot/thirdparty/libpng/pngtrans.c,0,1,1
/media/ullmann/HDDGabriel/engines/godot/thirdparty/mbedtls/library/pkcs5.c,0,1,1
/media/ullmann/HDDGabriel/engines/godot/modules/websocket/websocket_peer.cpp,0,1,1
/media/ullmann/HDDGabriel/engines/godot/thirdparty/zlib/trees.h,1,0,1
/media/ullmann/HDDGabriel/engines/godot/thirdparty/bullet/BulletCollision/CollisionDispatch/btInternalEdgeUtility.h,1,0,1
/media/ullmann/HDDGabriel/engines/godot/thirdparty/oidn/mkl-dnn/src/cpu/jit_uni_reorder_utils.cpp,0,1,1
/media/ullmann/HDDGabriel/engines/godot/scene/3d/occluder.cpp,0,2,2
/media/ullmann/HDDGabriel/engines/godot/thirdparty/libvpx/vp8/common/mbpitch.c,0,1,1
/media/ullmann/HDDGabriel/engines/godot/thirdparty/bullet/BulletDynamics/Character/btKinematicCharacterController.cpp,1,1,2
/media/ullmann/HDDGabriel/engines/godot/thirdparty/bullet/BulletDynamics/Character/btKinematicCharacterController.h,1,1,2
/media/ullmann/HDDGabriel/engines/godot/thirdparty/squish/simd_sse.h,1,0,1
/media/ullmann/HDDGabriel/engines/godot/thirdparty/libvpx/vp8/decoder/detokenize.c,0,2,2
/media/ullmann/HDDGabriel/engines/godot/modules/mobile_vr/register_types.cpp,0,2,2
/media/ullmann/HDDGabriel/engines/godot/modules/opus/register_types.cpp,0,1,1
/media/ullmann/HDDGabriel/engines/godot/thirdparty/bullet/Bullet3Dynamics/ConstraintSolver/b3SolverBody.h,2,0,2
/media/ullmann/HDDGabriel/engines/godot/thirdparty/opus/silk/float/inner_product_FLP.c,0,1,1
/media/ullmann/HDDGabriel/engines/godot/thirdparty/embree/kernels/geometry/quad_intersector.h,1,0,1
/media/ullmann/HDDGabriel/engines/godot/thirdparty/libtheora/theora/theoradec.h,3,1,4
/media/ullmann/HDDGabriel/engines/godot/thirdparty/freetype/include/freetype/internal/ftobjs.h,0,1,1
/media/ullmann/HDDGabriel/engines/godot/thirdparty/vhacd/src/FloatMath.cpp,0,1,1
/media/ullmann/HDDGabriel/engines/godot/thirdparty/vhacd/src/FloatMath.inl,1,0,1
/media/ullmann/HDDGabriel/engines/godot/main/tests/test_oa_hash_map.cpp,0,3,3
/media/ullmann/HDDGabriel/engines/godot/scene/gui/nine_patch_rect.cpp,0,2,2
/media/ullmann/HDDGabriel/engines/godot/thirdparty/freetype/src/gxvalid/gxvmort.c,1,2,3
/media/ullmann/HDDGabriel/engines/godot/thirdparty/oidn/mkl-dnn/src/cpu/gemm/s8x8s32/jit_avx512_core_u8_copy_sum_at_kern.cpp,0,1,1
/media/ullmann/HDDGabriel/engines/godot/thirdparty/libtheora/quant.c,0,2,2
/media/ullmann/HDDGabriel/engines/godot/servers/audio/effects/audio_effect_delay.cpp,0,3,3
/media/ullmann/HDDGabriel/engines/godot/thirdparty/libogg/crctable.h,1,1,2
/media/ullmann/HDDGabriel/engines/godot/modules/gltf/gltf_animation.cpp,0,1,1
/media/ullmann/HDDGabriel/engines/godot/modules/mono/utils/osx_utils.cpp,0,2,2
/media/ullmann/HDDGabriel/engines/godot/thirdparty/opus/silk/fixed/find_LPC_FIX.c,0,1,1
/media/ullmann/HDDGabriel/engines/godot/modules/gltf/gltf_accessor.cpp,0,1,1
/media/ullmann/HDDGabriel/engines/godot/thirdparty/bullet/LinearMath/TaskScheduler/btThreadSupportPosix.cpp,1,1,2
/media/ullmann/HDDGabriel/engines/godot/core/math/face3.cpp,0,2,2
/media/ullmann/HDDGabriel/engines/godot/thirdparty/pcre2/src/pcre2_ucp.h,1,0,1
/media/ullmann/HDDGabriel/engines/godot/thirdparty/libvorbis/lsp.h,4,0,4
/media/ullmann/HDDGabriel/engines/godot/platform/windows/windows_terminal_logger.h,3,1,4
/media/ullmann/HDDGabriel/engines/godot/platform/iphone/joypad_iphone.h,1,0,1
/media/ullmann/HDDGabriel/engines/godot/thirdparty/mbedtls/library/pkparse.c,0,1,1
/media/ullmann/HDDGabriel/engines/godot/thirdparty/freetype/src/raster/raster.c,0,2,2
/media/ullmann/HDDGabriel/engines/godot/drivers/gles2/shaders/effect_blur.glsl.gen.h,1,1,2
/media/ullmann/HDDGabriel/engines/godot/scene/3d/gi_probe.cpp,0,4,4
/media/ullmann/HDDGabriel/engines/godot/thirdparty/pvrtccompressor/BitUtility.h,1,0,1
/media/ullmann/HDDGabriel/engines/godot/thirdparty/mbedtls/library/rsa_internal.c,0,1,1
/media/ullmann/HDDGabriel/engines/godot/core/math/bvh_pair.inc,1,0,1
/media/ullmann/HDDGabriel/engines/godot/thirdparty/squish/simd_float.h,1,0,1
/media/ullmann/HDDGabriel/engines/godot/thirdparty/oidn/include/OpenImageDenoise/oidn.hpp,0,1,1
/media/ullmann/HDDGabriel/engines/godot/thirdparty/oidn/include/OpenImageDenoise/oidn.h,2,1,3
/media/ullmann/HDDGabriel/engines/godot/core/core_string_names.cpp,0,1,1
/media/ullmann/HDDGabriel/engines/godot/modules/websocket/websocket_client.cpp,0,1,1
/media/ullmann/HDDGabriel/engines/godot/thirdparty/mbedtls/library/ssl_tls13_keys.h,1,0,1
/media/ullmann/HDDGabriel/engines/godot/servers/physics_2d/joints_2d_sw.cpp,0,2,2
/media/ullmann/HDDGabriel/engines/godot/thirdparty/oidn/mkl-dnn/src/cpu/gemm_convolution.cpp,0,2,2
/media/ullmann/HDDGabriel/engines/godot/thirdparty/bullet/BulletCollision/CollisionShapes/btSdfCollisionShape.cpp,1,2,3
/media/ullmann/HDDGabriel/engines/godot/thirdparty/freetype/src/base/ftgloadr.c,1,0,1
/media/ullmann/HDDGabriel/engines/godot/thirdparty/bullet/BulletCollision/CollisionDispatch/btSphereTriangleCollisionAlgorithm.h,1,2,3
/media/ullmann/HDDGabriel/engines/godot/thirdparty/zstd/common/zstd_errors.h,1,0,1
/media/ullmann/HDDGabriel/engines/godot/servers/physics/body_pair_sw.cpp,0,4,4
/media/ullmann/HDDGabriel/engines/godot/thirdparty/misc/smaz.h,1,0,1
/media/ullmann/HDDGabriel/engines/godot/modules/raycast/lightmap_raycaster.cpp,0,1,1
/media/ullmann/HDDGabriel/engines/godot/scene/resources/default_theme/font_hidpi.inc,1,0,1
/media/ullmann/HDDGabriel/engines/godot/thirdparty/oidn/mkl-dnn/src/cpu/jit_avx2_convolution.cpp,0,1,1
/media/ullmann/HDDGabriel/engines/godot/thirdparty/stb_rect_pack/stb_rect_pack.h,1,0,1
/media/ullmann/HDDGabriel/engines/godot/scene/gui/separator.cpp,0,1,1
/media/ullmann/HDDGabriel/engines/godot/thirdparty/zlib/adler32.c,0,1,1
/media/ullmann/HDDGabriel/engines/godot/thirdparty/bullet/BulletCollision/CollisionShapes/btEmptyShape.cpp,1,2,3
/media/ullmann/HDDGabriel/engines/godot/drivers/gles3/shaders/ssao_blur.glsl.gen.h,2,1,3
/media/ullmann/HDDGabriel/engines/godot/modules/gdnative/net/packet_peer_gdnative.cpp,0,1,1
/media/ullmann/HDDGabriel/engines/godot/scene/3d/room_group.cpp,0,3,3
/media/ullmann/HDDGabriel/engines/godot/thirdparty/vhacd/inc/btConvexHullComputer.h,0,2,2
/media/ullmann/HDDGabriel/engines/godot/thirdparty/bullet/Bullet3Dynamics/ConstraintSolver/b3JacobianEntry.h,1,0,1
/media/ullmann/HDDGabriel/engines/godot/scene/2d/back_buffer_copy.h,2,1,3
/media/ullmann/HDDGabriel/engines/godot/thirdparty/oidn/mkl-dnn/src/cpu/ref_shuffle.cpp,0,1,1
/media/ullmann/HDDGabriel/engines/godot/thirdparty/oidn/common/barrier.h,0,1,1
/media/ullmann/HDDGabriel/engines/godot/thirdparty/bullet/BulletDynamics/ConstraintSolver/btGeneric6DofConstraint.cpp,1,1,2
/media/ullmann/HDDGabriel/engines/godot/thirdparty/libvpx/vp8/common/common.h,1,0,1
/media/ullmann/HDDGabriel/engines/godot/platform/android/jni_utils.cpp,0,1,1
/media/ullmann/HDDGabriel/engines/godot/thirdparty/oidn/mkl-dnn/src/cpu/gemm/s8x8s32/jit_avx512_core_u8_copy_an_kern.cpp,0,1,1
/media/ullmann/HDDGabriel/engines/godot/main/tests/test_render.h,2,1,3
/media/ullmann/HDDGabriel/engines/godot/thirdparty/bullet/LinearMath/btSerializer.cpp,1,0,1
/media/ullmann/HDDGabriel/engines/godot/thirdparty/oidn/mkl-dnn/src/cpu/gemm/s8x8s32/jit_avx512_core_u8_copy_bt_kern.cpp,0,1,1
/media/ullmann/HDDGabriel/engines/godot/scene/resources/text_file.cpp,0,2,2
/media/ullmann/HDDGabriel/engines/godot/thirdparty/bullet/BulletDynamics/Featherstone/btMultiBodyLink.h,2,0,2
/media/ullmann/HDDGabriel/engines/godot/thirdparty/mbedtls/library/nist_kw.c,0,1,1
/media/ullmann/HDDGabriel/engines/godot/thirdparty/bullet/Bullet3OpenCL/NarrowphaseCollision/kernels/mprKernels.h,1,0,1
/media/ullmann/HDDGabriel/engines/godot/thirdparty/enet/compress.c,0,1,1
/media/ullmann/HDDGabriel/engines/godot/platform/android/export/export_plugin.cpp,0,1,1
/media/ullmann/HDDGabriel/engines/godot/thirdparty/libogg/ogg/os_types.h,1,0,1
/media/ullmann/HDDGabriel/engines/godot/core/math/octree_definition.inc,1,0,1
/media/ullmann/HDDGabriel/engines/godot/thirdparty/bullet/Bullet3Dynamics/ConstraintSolver/b3ContactSolverInfo.h,1,0,1
/media/ullmann/HDDGabriel/engines/godot/thirdparty/mbedtls/library/version_features.c,0,1,1
/media/ullmann/HDDGabriel/engines/godot/scene/gui/color_rect.cpp,0,1,1
/media/ullmann/HDDGabriel/engines/godot/modules/mono/mono_gd/support/ios_support.h,1,1,2
/media/ullmann/HDDGabriel/engines/godot/thirdparty/embree/kernels/bvh/bvh_intersector1_bvh4.cpp,0,1,1
/media/ullmann/HDDGabriel/engines/godot/thirdparty/oidn/mkl-dnn/src/cpu/jit_avx512_core_x8s8s32x_convolution.cpp,0,1,1
/media/ullmann/HDDGabriel/engines/godot/thirdparty/opus/silk/errors.h,3,0,3
/media/ullmann/HDDGabriel/engines/godot/thirdparty/pvrtccompressor/BitScale.cpp,0,1,1
/media/ullmann/HDDGabriel/engines/godot/thirdparty/bullet/BulletInverseDynamics/details/MultiBodyTreeInitCache.cpp,0,1,1
/media/ullmann/HDDGabriel/engines/godot/thirdparty/bullet/BulletDynamics/MLCPSolvers/btDantzigLCP.cpp,1,1,2
/media/ullmann/HDDGabriel/engines/godot/thirdparty/opus/silk/fixed/structs_FIX.h,1,0,1
/media/ullmann/HDDGabriel/engines/godot/core/crypto/crypto_core.cpp,0,1,1
/media/ullmann/HDDGabriel/engines/godot/thirdparty/libvpx/vp8/common/modecont.c,0,1,1
/media/ullmann/HDDGabriel/engines/godot/modules/denoise/denoise_wrapper.cpp,0,3,3
/media/ullmann/HDDGabriel/engines/godot/thirdparty/opus/silk/float/structs_FLP.h,1,0,1
/media/ullmann/HDDGabriel/engines/godot/thirdparty/zlib/gzclose.c,0,1,1
/media/ullmann/HDDGabriel/engines/godot/modules/upnp/register_types.h,2,0,2
/media/ullmann/HDDGabriel/engines/godot/thirdparty/freetype/src/cache/ftccache.h,1,1,2
/media/ullmann/HDDGabriel/engines/godot/modules/gdnative/include/android/godot_android.h,1,0,1
/media/ullmann/HDDGabriel/engines/godot/thirdparty/bullet/BulletCollision/Gimpact/btGenericPoolAllocator.h,1,0,1
/media/ullmann/HDDGabriel/engines/godot/thirdparty/bullet/Bullet3Collision/NarrowPhaseCollision/b3CpuNarrowPhase.cpp,0,1,1
/media/ullmann/HDDGabriel/engines/godot/thirdparty/bullet/Bullet3Collision/NarrowPhaseCollision/b3CpuNarrowPhase.h,1,0,1
/media/ullmann/HDDGabriel/engines/godot/thirdparty/oidn/mkl-dnn/src/cpu/jit_uni_dw_conv_kernel_f32.cpp,0,2,2
/media/ullmann/HDDGabriel/engines/godot/thirdparty/mbedtls/library/aes.c,0,1,1
/media/ullmann/HDDGabriel/engines/godot/scene/3d/position_3d.cpp,0,2,2
/media/ullmann/HDDGabriel/engines/godot/thirdparty/misc/stb_vorbis.c,1,0,1
/media/ullmann/HDDGabriel/engines/godot/modules/gdnative/gdnative_library_editor_plugin.cpp,0,3,3
/media/ullmann/HDDGabriel/engines/godot/thirdparty/zlib/gzwrite.c,0,1,1
/media/ullmann/HDDGabriel/engines/godot/thirdparty/bullet/Bullet3OpenCL/NarrowphaseCollision/kernels/satClipHullContacts.h,1,0,1
/media/ullmann/HDDGabriel/engines/godot/thirdparty/embree/kernels/subdiv/feature_adaptive_eval.h,1,1,2
/media/ullmann/HDDGabriel/engines/godot/thirdparty/bullet/BulletCollision/CollisionDispatch/btDefaultCollisionConfiguration.cpp,1,1,2
/media/ullmann/HDDGabriel/engines/godot/modules/gdnative/register_types.h,2,0,2
/media/ullmann/HDDGabriel/engines/godot/thirdparty/oidn/mkl-dnn/src/common/utils.cpp,0,1,1
/media/ullmann/HDDGabriel/engines/godot/thirdparty/bullet/BulletSoftBody/btSoftRigidCollisionAlgorithm.cpp,0,2,2
/media/ullmann/HDDGabriel/engines/godot/thirdparty/bullet/BulletSoftBody/btSoftRigidCollisionAlgorithm.h,2,0,2
/media/ullmann/HDDGabriel/engines/godot/thirdparty/zstd/compress/zstd_compress_literals.c,0,1,1
/media/ullmann/HDDGabriel/engines/godot/thirdparty/bullet/BulletDynamics/ConstraintSolver/btBatchedConstraints.cpp,1,1,2
/media/ullmann/HDDGabriel/engines/godot/thirdparty/oidn/core/filter.cpp,0,1,1
/media/ullmann/HDDGabriel/engines/godot/thirdparty/freetype/src/type1/t1objs.h,2,0,2
/media/ullmann/HDDGabriel/engines/godot/thirdparty/pcre2/src/sljit/sljitWXExecAllocator.c,1,0,1
/media/ullmann/HDDGabriel/engines/godot/thirdparty/mbedtls/library/gcm.c,0,1,1
/media/ullmann/HDDGabriel/engines/godot/thirdparty/bullet/Bullet3Common/b3Logging.cpp,0,1,1
/media/ullmann/HDDGabriel/engines/godot/thirdparty/oidn/common/thread.h,1,1,2
/media/ullmann/HDDGabriel/engines/godot/thirdparty/opus/celt/mathops.c,0,1,1
/media/ullmann/HDDGabriel/engines/godot/editor/editor_network_profiler.cpp,0,4,4
/media/ullmann/HDDGabriel/engines/godot/servers/visual/visual_server_globals.cpp,0,1,1
/media/ullmann/HDDGabriel/engines/godot/thirdparty/opus/silk/HP_variable_cutoff.c,0,1,1
/media/ullmann/HDDGabriel/engines/godot/thirdparty/freetype/src/base/ftsnames.c,1,0,1
/media/ullmann/HDDGabriel/engines/godot/core/command_queue_mt.cpp,0,3,3
/media/ullmann/HDDGabriel/engines/godot/modules/mono/mono_gd/android_mono_config.h,1,1,2
/media/ullmann/HDDGabriel/engines/godot/core/pool_vector.cpp,0,1,1
/media/ullmann/HDDGabriel/engines/godot/thirdparty/oidn/mkl-dnn/src/cpu/jit_uni_eltwise.cpp,0,1,1
/media/ullmann/HDDGabriel/engines/godot/thirdparty/bullet/BulletCollision/NarrowPhaseCollision/btPersistentManifold.h,1,1,2
/media/ullmann/HDDGabriel/engines/godot/thirdparty/bullet/BulletCollision/NarrowPhaseCollision/btManifoldPoint.h,1,0,1
/media/ullmann/HDDGabriel/engines/godot/drivers/gles3/shaders/blend_shape.glsl.gen.h,1,1,2
/media/ullmann/HDDGabriel/engines/godot/editor/builtin_fonts.gen.h,1,0,1
/media/ullmann/HDDGabriel/engines/godot/modules/gdnative/include/nativescript/godot_nativescript.h,1,0,1
/media/ullmann/HDDGabriel/engines/godot/scene/3d/multimesh_instance.cpp,0,1,1
/media/ullmann/HDDGabriel/engines/godot/thirdparty/bullet/Bullet3OpenCL/NarrowphaseCollision/b3VectorFloat4.h,1,0,1
/media/ullmann/HDDGabriel/engines/godot/modules/gdnative/gdnative/rect2.cpp,0,2,2
/media/ullmann/HDDGabriel/engines/godot/thirdparty/oidn/mkl-dnn/src/cpu/ref_lrn.cpp,0,1,1
/media/ullmann/HDDGabriel/engines/godot/thirdparty/opus/celt/fixed_debug.h,1,0,1
/media/ullmann/HDDGabriel/engines/godot/thirdparty/libtheora/encode.c,0,2,2
/media/ullmann/HDDGabriel/engines/godot/thirdparty/squish/simd_ve.h,1,0,1
/media/ullmann/HDDGabriel/engines/godot/thirdparty/enet/peer.c,0,1,1
/media/ullmann/HDDGabriel/engines/godot/thirdparty/opus/celt/opus_custom_demo.c,0,1,1
/media/ullmann/HDDGabriel/engines/godot/thirdparty/opus/silk/interpolate.c,0,1,1
/media/ullmann/HDDGabriel/engines/godot/core/math/bvh_public.inc,1,0,1
/media/ullmann/HDDGabriel/engines/godot/thirdparty/opus/silk/stereo_LR_to_MS.c,0,1,1
/media/ullmann/HDDGabriel/engines/godot/thirdparty/oidn/mkl-dnn/src/cpu/wino_reorder.hpp,0,1,1
/media/ullmann/HDDGabriel/engines/godot/thirdparty/bullet/BulletSoftBody/btSoftBodyRigidBodyCollisionConfiguration.h,1,0,1
/media/ullmann/HDDGabriel/engines/godot/thirdparty/oidn/mkl-dnn/src/cpu/gemm/s8x8s32/jit_avx512_core_kernel_gemv_s8u8s32_kern.cpp,0,1,1
/media/ullmann/HDDGabriel/engines/godot/thirdparty/opus/silk/arm/SigProc_FIX_armv5e.h,1,0,1
/media/ullmann/HDDGabriel/engines/godot/core/func_ref.cpp,0,1,1
/media/ullmann/HDDGabriel/engines/godot/thirdparty/libtheora/x86/x86state.c,0,2,2
/media/ullmann/HDDGabriel/engines/godot/thirdparty/mbedtls/library/cipher.c,0,1,1
/media/ullmann/HDDGabriel/engines/godot/thirdparty/libtheora/x86/sse2fdct.c,0,1,1
/media/ullmann/HDDGabriel/engines/godot/thirdparty/libvpx/vp8/common/onyxd.h,1,1,2
/media/ullmann/HDDGabriel/engines/godot/thirdparty/oidn/mkl-dnn/src/cpu/jit_avx512_core_fp32_wino_conv_4x3_kernel.cpp,0,1,1
/media/ullmann/HDDGabriel/engines/godot/thirdparty/opus/silk/dec_API.c,0,2,2
/media/ullmann/HDDGabriel/engines/godot/core/math/triangulate.cpp,0,1,1
/media/ullmann/HDDGabriel/engines/godot/thirdparty/bullet/BulletCollision/NarrowPhaseCollision/btMinkowskiPenetrationDepthSolver.h,1,1,2
/media/ullmann/HDDGabriel/engines/godot/thirdparty/squish/alpha.cpp,0,1,1
/media/ullmann/HDDGabriel/engines/godot/thirdparty/bullet/Bullet3OpenCL/NarrowphaseCollision/b3BvhInfo.h,1,0,1
/media/ullmann/HDDGabriel/engines/godot/thirdparty/oidn/mkl-dnn/src/cpu/rnn/rnn_reorders.hpp,0,1,1
/media/ullmann/HDDGabriel/engines/godot/editor/plugins/gi_probe_editor_plugin.cpp,0,1,1
/media/ullmann/HDDGabriel/engines/godot/platform/javascript/godot_js.h,2,0,2
/media/ullmann/HDDGabriel/engines/godot/modules/lightmapper_cpu/register_types.h,2,0,2
/media/ullmann/HDDGabriel/engines/godot/thirdparty/mbedtls/library/aesni.c,0,1,1
/media/ullmann/HDDGabriel/engines/godot/core/io/ip_address.cpp,0,1,1
/media/ullmann/HDDGabriel/engines/godot/thirdparty/freetype/src/gxvalid/gxvmorx1.c,1,1,2
/media/ullmann/HDDGabriel/engines/godot/platform/iphone/export/export.h,2,0,2
/media/ullmann/HDDGabriel/engines/godot/thirdparty/libvpx/vp8/common/ppflags.h,1,0,1
/media/ullmann/HDDGabriel/engines/godot/thirdparty/bullet/Bullet3Common/b3FileUtils.h,0,1,1
/media/ullmann/HDDGabriel/engines/godot/thirdparty/mbedtls/library/x509.c,0,1,1
/media/ullmann/HDDGabriel/engines/godot/thirdparty/bullet/BulletCollision/Gimpact/gim_hash_table.h,0,1,1
/media/ullmann/HDDGabriel/engines/godot/scene/3d/immediate_geometry.cpp,0,1,1
/media/ullmann/HDDGabriel/engines/godot/thirdparty/bullet/BulletSoftBody/btKrylovSolver.h,2,0,2
/media/ullmann/HDDGabriel/engines/godot/thirdparty/libvpx/vp8/common/coefupdateprobs.h,1,0,1
/media/ullmann/HDDGabriel/engines/godot/thirdparty/embree/kernels/common/state.cpp,0,2,2
/media/ullmann/HDDGabriel/engines/godot/thirdparty/wslay/wslay_stack.c,0,1,1
/media/ullmann/HDDGabriel/engines/godot/thirdparty/wslay/wslay_stack.h,1,0,1
/media/ullmann/HDDGabriel/engines/godot/thirdparty/bullet/BulletSoftBody/btSoftBodySolvers.h,2,0,2
/media/ullmann/HDDGabriel/engines/godot/thirdparty/squish/config.h,1,0,1
/media/ullmann/HDDGabriel/engines/godot/thirdparty/bullet/BulletInverseDynamics/details/IDMatVec.hpp,1,1,2
/media/ullmann/HDDGabriel/engines/godot/thirdparty/oidn/mkl-dnn/src/cpu/nchw_pooling.cpp,0,1,1
/media/ullmann/HDDGabriel/engines/godot/modules/webxr/webxr_interface.cpp,0,1,1
/media/ullmann/HDDGabriel/engines/godot/thirdparty/opus/silk/fixed/solve_LS_FIX.c,0,1,1
/media/ullmann/HDDGabriel/engines/godot/thirdparty/opus/celt/x86/pitch_sse4_1.c,0,1,1
/media/ullmann/HDDGabriel/engines/godot/scene/resources/surface_tool.cpp,0,1,1
/media/ullmann/HDDGabriel/engines/godot/scene/gui/grid_container.cpp,0,1,1
/media/ullmann/HDDGabriel/engines/godot/scene/2d/y_sort.cpp,0,1,1
/media/ullmann/HDDGabriel/engines/godot/thirdparty/opus/silk/fixed/find_LTP_FIX.c,0,1,1
/media/ullmann/HDDGabriel/engines/godot/modules/etc/texture_loader_pkm.cpp,0,2,2
/media/ullmann/HDDGabriel/engines/godot/thirdparty/embree/kernels/bvh/bvh_node_obb.h,1,1,2
/media/ullmann/HDDGabriel/engines/godot/thirdparty/libvpx/vp8/decoder/decoderthreading.h,3,0,3
/media/ullmann/HDDGabriel/engines/godot/modules/mono/class_db_api_json.h,2,2,4
/media/ullmann/HDDGabriel/engines/godot/scene/3d/bone_attachment.cpp,0,1,1
/media/ullmann/HDDGabriel/engines/godot/thirdparty/bullet/BulletSoftBody/poly34.h,2,0,2
/media/ullmann/HDDGabriel/engines/godot/thirdparty/opus/silk/VAD.c,0,1,1
/media/ullmann/HDDGabriel/engines/godot/thirdparty/zlib/uncompr.c,0,1,1
/media/ullmann/HDDGabriel/engines/godot/thirdparty/embree/kernels/bvh/bvh_refit.h,1,1,2
/media/ullmann/HDDGabriel/engines/godot/thirdparty/bullet/BulletDynamics/Dynamics/btActionInterface.h,0,1,1
/media/ullmann/HDDGabriel/engines/godot/thirdparty/bullet/BulletDynamics/ConstraintSolver/btSolverBody.h,2,0,2
/media/ullmann/HDDGabriel/engines/godot/thirdparty/bullet/Bullet3OpenCL/ParallelPrimitives/kernels/RadixSort32KernelsCL.h,1,0,1
/media/ullmann/HDDGabriel/engines/godot/servers/physics_2d/body_pair_2d_sw.cpp,0,3,3
/media/ullmann/HDDGabriel/engines/godot/modules/fbx/fbx_parser/FBXCommon.h,2,0,2
/media/ullmann/HDDGabriel/engines/godot/servers/audio/audio_effect.cpp,0,1,1
/media/ullmann/HDDGabriel/engines/godot/thirdparty/bullet/BulletCollision/CollisionShapes/btTriangleBuffer.h,1,1,2
/media/ullmann/HDDGabriel/engines/godot/editor/editor_atlas_packer.cpp,0,1,1
/media/ullmann/HDDGabriel/engines/godot/thirdparty/oidn/mkl-dnn/src/cpu/ref_eltwise.cpp,0,1,1
/media/ullmann/HDDGabriel/engines/godot/thirdparty/bullet/BulletCollision/CollisionShapes/btOptimizedBvh.cpp,1,2,3
/media/ullmann/HDDGabriel/engines/godot/modules/bullet/godot_result_callbacks.h,2,1,3
/media/ullmann/HDDGabriel/engines/godot/modules/bullet/godot_motion_state.h,1,1,2
/media/ullmann/HDDGabriel/engines/godot/thirdparty/opus/silk/fixed/find_pitch_lags_FIX.c,0,1,1
/media/ullmann/HDDGabriel/engines/godot/thirdparty/opus/tansig_table.h,1,0,1
/media/ullmann/HDDGabriel/engines/godot/modules/webm/register_types.cpp,0,2,2
/media/ullmann/HDDGabriel/engines/godot/thirdparty/bullet/BulletCollision/Gimpact/gim_pair.h,2,0,2
/media/ullmann/HDDGabriel/engines/godot/thirdparty/oidn/mkl-dnn/src/cpu/jit_uni_i8i8_pooling.cpp,0,2,2
/media/ullmann/HDDGabriel/engines/godot/thirdparty/freetype/include/freetype/internal/ftvalid.h,0,1,1
/media/ullmann/HDDGabriel/engines/godot/thirdparty/zlib/deflate.c,0,1,1
/media/ullmann/HDDGabriel/engines/godot/thirdparty/embree/common/sys/regression.cpp,0,1,1
/media/ullmann/HDDGabriel/engines/godot/thirdparty/pcre2/src/sljit/sljitExecAllocator.c,1,0,1
/media/ullmann/HDDGabriel/engines/godot/thirdparty/pcre2/src/pcre2_chartables.c,0,2,2
/media/ullmann/HDDGabriel/engines/godot/thirdparty/bullet/BulletCollision/NarrowPhaseCollision/btVoronoiSimplexSolver.cpp,1,1,2
/media/ullmann/HDDGabriel/engines/godot/editor/editor_scale.cpp,0,2,2
/media/ullmann/HDDGabriel/engines/godot/core/math/bvh_logic.inc,1,0,1
/media/ullmann/HDDGabriel/engines/godot/thirdparty/opus/silk/fixed/LTP_analysis_filter_FIX.c,0,1,1
/media/ullmann/HDDGabriel/engines/godot/thirdparty/oidn/mkl-dnn/src/cpu/xbyak/xbyak_mnemonic.h,1,0,1
/media/ullmann/HDDGabriel/engines/godot/thirdparty/oidn/mkl-dnn/include/mkldnn_version.h,1,0,1
/media/ullmann/HDDGabriel/engines/godot/thirdparty/bullet/BulletCollision/CollisionShapes/btBoxShape.cpp,1,1,2
/media/ullmann/HDDGabriel/engines/godot/thirdparty/oidn/mkl-dnn/src/cpu/rnn/cell_common.cpp,0,1,1
/media/ullmann/HDDGabriel/engines/godot/thirdparty/bullet/Bullet3OpenCL/BroadphaseCollision/b3GpuParallelLinearBvhBroadphase.cpp,0,1,1
/media/ullmann/HDDGabriel/engines/godot/thirdparty/bullet/Bullet3OpenCL/BroadphaseCollision/b3GpuParallelLinearBvhBroadphase.h,1,1,2
/media/ullmann/HDDGabriel/engines/godot/thirdparty/bullet/BulletSoftBody/btDeformableMousePickingForce.h,1,1,2
/media/ullmann/HDDGabriel/engines/godot/thirdparty/opus/silk/decode_parameters.c,0,1,1
/media/ullmann/HDDGabriel/engines/godot/scene/3d/cull_instance.cpp,0,1,1
/media/ullmann/HDDGabriel/engines/godot/modules/websocket/register_types.h,2,0,2
/media/ullmann/HDDGabriel/engines/godot/main/tests/test_basis.h,2,1,3
/media/ullmann/HDDGabriel/engines/godot/thirdparty/bullet/LinearMath/btAlignedAllocator.cpp,1,1,2
/media/ullmann/HDDGabriel/engines/godot/editor/plugins/baked_lightmap_editor_plugin.cpp,0,1,1
/media/ullmann/HDDGabriel/engines/godot/thirdparty/bullet/Bullet3OpenCL/NarrowphaseCollision/b3QuantizedBvh.cpp,0,1,1
/media/ullmann/HDDGabriel/engines/godot/thirdparty/libpng/pngrio.c,0,1,1
/media/ullmann/HDDGabriel/engines/godot/thirdparty/bullet/BulletDynamics/MLCPSolvers/btMLCPSolver.h,1,0,1
/media/ullmann/HDDGabriel/engines/godot/thirdparty/opus/silk/Inlines.h,1,0,1
/media/ullmann/HDDGabriel/engines/godot/scene/gui/reference_rect.cpp,0,2,2
/media/ullmann/HDDGabriel/engines/godot/thirdparty/oidn/mkl-dnn/src/cpu/gemm/s8x8s32/jit_avx512_core_u8_copy_sum_an_kern.cpp,0,1,1
/media/ullmann/HDDGabriel/engines/godot/thirdparty/bullet/BulletSoftBody/btSparseSDF.h,1,0,1
/media/ullmann/HDDGabriel/engines/godot/thirdparty/mbedtls/library/timing.c,0,1,1
/media/ullmann/HDDGabriel/engines/godot/thirdparty/pvrtccompressor/PvrTcEncoder.h,1,1,2
/media/ullmann/HDDGabriel/engines/godot/drivers/gles_common/batch_diagnose.inc,1,0,1
/media/ullmann/HDDGabriel/engines/godot/thirdparty/opus/silk/tables_pulses_per_block.c,0,1,1
/media/ullmann/HDDGabriel/engines/godot/scene/resources/rectangle_shape_2d.cpp,0,3,3
/media/ullmann/HDDGabriel/engines/godot/thirdparty/libpng/pnginfo.h,1,0,1
/media/ullmann/HDDGabriel/engines/godot/thirdparty/libpng/arm/palette_neon_intrinsics.c,0,1,1
/media/ullmann/HDDGabriel/engines/godot/thirdparty/misc/pcg.cpp,0,1,1
/media/ullmann/HDDGabriel/engines/godot/thirdparty/libpng/pngread.c,0,1,1
/media/ullmann/HDDGabriel/engines/godot/thirdparty/opus/silk/stereo_find_predictor.c,0,1,1
/media/ullmann/HDDGabriel/engines/godot/thirdparty/embree/kernels/common/stat.cpp,0,1,1
/media/ullmann/HDDGabriel/engines/godot/thirdparty/miniupnpc/miniupnpc/minixmlvalid.c,0,1,1
/media/ullmann/HDDGabriel/engines/godot/thirdparty/freetype/src/base/ftdbgmem.c,1,0,1
/media/ullmann/HDDGabriel/engines/godot/thirdparty/opus/silk/fixed/corrMatrix_FIX.c,0,1,1
/media/ullmann/HDDGabriel/engines/godot/platform/android/thread_jandroid.cpp,0,2,2
/media/ullmann/HDDGabriel/engines/godot/thirdparty/bullet/BulletCollision/CollisionDispatch/btHashedSimplePairCache.h,1,0,1
/media/ullmann/HDDGabriel/engines/godot/thirdparty/libvpx/vp8/common/invtrans.h,0,2,2
/media/ullmann/HDDGabriel/engines/godot/platform/iphone/power_iphone.cpp,0,1,1
/media/ullmann/HDDGabriel/engines/godot/platform/iphone/power_iphone.h,1,0,1
/media/ullmann/HDDGabriel/engines/godot/platform/android/java_godot_io_wrapper.cpp,0,2,2
/media/ullmann/HDDGabriel/engines/godot/scene/animation/animation_cache.cpp,0,1,1
/media/ullmann/HDDGabriel/engines/godot/thirdparty/bullet/BulletCollision/CollisionDispatch/btCollisionDispatcherMt.cpp,1,1,2
/media/ullmann/HDDGabriel/engines/godot/thirdparty/mbedtls/library/padlock.c,0,1,1
/media/ullmann/HDDGabriel/engines/godot/thirdparty/mbedtls/library/asn1write.c,0,1,1
/media/ullmann/HDDGabriel/engines/godot/thirdparty/oidn/common/platform.cpp,0,1,1
/media/ullmann/HDDGabriel/engines/godot/thirdparty/opus/celt/x86/x86cpu.c,0,1,1
/media/ullmann/HDDGabriel/engines/godot/thirdparty/mbedtls/library/blowfish.c,0,1,1
/media/ullmann/HDDGabriel/engines/godot/thirdparty/freetype/src/type1/t1gload.c,1,2,3
/media/ullmann/HDDGabriel/engines/godot/modules/gltf/gltf_skeleton.cpp,0,1,1
/media/ullmann/HDDGabriel/engines/godot/thirdparty/opus/silk/fixed/regularize_correlations_FIX.c,0,1,1
/media/ullmann/HDDGabriel/engines/godot/thirdparty/vhacd/src/VHACD.cpp,0,1,1
/media/ullmann/HDDGabriel/engines/godot/thirdparty/glad/glad.c,0,1,1
/media/ullmann/HDDGabriel/engines/godot/thirdparty/glad/glad/glad.h,1,0,1
/media/ullmann/HDDGabriel/engines/godot/thirdparty/embree/common/simd/arm/sse2neon.h,1,0,1
/media/ullmann/HDDGabriel/engines/godot/modules/upnp/upnp.cpp,0,1,1
/media/ullmann/HDDGabriel/engines/godot/core/math/audio_frame.cpp,0,1,1
/media/ullmann/HDDGabriel/engines/godot/thirdparty/freetype/src/base/ftfntfmt.c,1,0,1
/media/ullmann/HDDGabriel/engines/godot/thirdparty/freetype/src/base/fterrors.c,1,0,1
/media/ullmann/HDDGabriel/engines/godot/thirdparty/mbedtls/library/platform.c,0,1,1
/media/ullmann/HDDGabriel/engines/godot/platform/uwp/context_egl_uwp.cpp,0,1,1
/media/ullmann/HDDGabriel/engines/godot/thirdparty/oidn/mkl-dnn/src/cpu/ref_pooling.cpp,0,1,1
/media/ullmann/HDDGabriel/engines/godot/thirdparty/libtheora/mcenc.c,0,1,1
/media/ullmann/HDDGabriel/engines/godot/thirdparty/enet/host.c,0,1,1
/media/ullmann/HDDGabriel/engines/godot/thirdparty/libtheora/encfrag.c,0,1,1
/media/ullmann/HDDGabriel/engines/godot/thirdparty/bullet/LinearMath/btMatrixX.h,1,0,1
/media/ullmann/HDDGabriel/engines/godot/platform/android/run_icon.gen.h,1,0,1
/media/ullmann/HDDGabriel/engines/godot/thirdparty/libpng/pngrutil.c,0,1,1
/media/ullmann/HDDGabriel/engines/godot/thirdparty/oidn/mkl-dnn/src/cpu/jit_uni_lrn_kernel_f32.cpp,0,1,1
/media/ullmann/HDDGabriel/engines/godot/scene/resources/visual_shader_nodes.cpp,0,1,1
/media/ullmann/HDDGabriel/engines/godot/thirdparty/embree/common/simd/vfloat16_avx512.h,1,0,1
/media/ullmann/HDDGabriel/engines/godot/thirdparty/freetype/src/sfnt/pngshim.c,1,2,3
/media/ullmann/HDDGabriel/engines/godot/modules/fbx/fbx_parser/FBXTokenizer.cpp,0,2,2
/media/ullmann/HDDGabriel/engines/godot/thirdparty/opus/silk/init_decoder.c,0,1,1
/media/ullmann/HDDGabriel/engines/godot/thirdparty/freetype/src/truetype/ttdriver.h,1,0,1
/media/ullmann/HDDGabriel/engines/godot/thirdparty/opus/silk/NLSF_encode.c,0,1,1
/media/ullmann/HDDGabriel/engines/godot/thirdparty/embree/common/simd/vuint8_avx2.h,1,0,1
/media/ullmann/HDDGabriel/engines/godot/thirdparty/opus/silk/float/apply_sine_window_FLP.c,0,1,1
/media/ullmann/HDDGabriel/engines/godot/thirdparty/freetype/src/autofit/afranges.c,1,1,2
/media/ullmann/HDDGabriel/engines/godot/thirdparty/mbedtls/library/md5.c,0,1,1
/media/ullmann/HDDGabriel/engines/godot/thirdparty/bullet/Bullet3OpenCL/NarrowphaseCollision/b3VoronoiSimplexSolver.cpp,0,1,1
/media/ullmann/HDDGabriel/engines/godot/thirdparty/bullet/Bullet3OpenCL/NarrowphaseCollision/b3VoronoiSimplexSolver.h,1,0,1
/media/ullmann/HDDGabriel/engines/godot/thirdparty/misc/mikktspace.c,0,1,1
/media/ullmann/HDDGabriel/engines/godot/thirdparty/bullet/BulletCollision/Gimpact/btCompoundFromGimpact.h,0,1,1
/media/ullmann/HDDGabriel/engines/godot/thirdparty/oidn/include/OpenImageDenoise/version.h,1,0,1
/media/ullmann/HDDGabriel/engines/godot/thirdparty/oidn/mkl-dnn/src/cpu/rnn/cell_gru.cpp,0,1,1
/media/ullmann/HDDGabriel/engines/godot/thirdparty/oidn/mkl-dnn/src/cpu/jit_utils/jitprofiling/ittnotify_types.h,1,0,1
/media/ullmann/HDDGabriel/engines/godot/modules/gltf/gltf_mesh.cpp,0,1,1
/media/ullmann/HDDGabriel/engines/godot/thirdparty/opus/opus/opus_custom.h,0,1,1
/media/ullmann/HDDGabriel/engines/godot/thirdparty/opus/silk/inner_prod_aligned.c,0,1,1
/media/ullmann/HDDGabriel/engines/godot/thirdparty/oidn/common/ref.h,0,1,1
/media/ullmann/HDDGabriel/engines/godot/thirdparty/opus/silk/float/k2a_FLP.c,0,1,1
/media/ullmann/HDDGabriel/engines/godot/platform/windows/logo.gen.h,1,0,1
/media/ullmann/HDDGabriel/engines/godot/drivers/gles2/shaders/cube_to_dp.glsl.gen.h,1,1,2
/media/ullmann/HDDGabriel/engines/godot/thirdparty/bullet/BulletInverseDynamics/IDMath.cpp,0,1,1
/media/ullmann/HDDGabriel/engines/godot/core/math/bvh_integrity.inc,1,0,1
/media/ullmann/HDDGabriel/engines/godot/thirdparty/bullet/BulletCollision/CollisionShapes/btTriangleInfoMap.h,1,0,1
/media/ullmann/HDDGabriel/engines/godot/thirdparty/oidn/mkl-dnn/src/cpu/cpu_reducer.cpp,0,1,1
/media/ullmann/HDDGabriel/engines/godot/thirdparty/vhacd/inc/vhacdCircularList.inl,1,0,1
/media/ullmann/HDDGabriel/engines/godot/scene/resources/default_theme/font_lodpi.inc,1,0,1
/media/ullmann/HDDGabriel/engines/godot/modules/bmp/register_types.cpp,0,2,2
/media/ullmann/HDDGabriel/engines/godot/scene/animation/skeleton_ik.cpp,0,1,1
/media/ullmann/HDDGabriel/engines/godot/thirdparty/mbedtls/library/x509_crl.c,0,1,1
/media/ullmann/HDDGabriel/engines/godot/thirdparty/freetype/include/freetype/internal/ftmemory.h,0,1,1
/media/ullmann/HDDGabriel/engines/godot/scene/resources/mesh_data_tool.cpp,0,1,1
/media/ullmann/HDDGabriel/engines/godot/thirdparty/bullet/BulletCollision/CollisionDispatch/btCollisionObject.cpp,1,1,2
/media/ullmann/HDDGabriel/engines/godot/scene/scene_string_names.cpp,0,1,1
/media/ullmann/HDDGabriel/engines/godot/thirdparty/oidn/mkl-dnn/src/cpu/jit_avx512_core_fp32_wino_conv_2x3.cpp,0,2,2
/media/ullmann/HDDGabriel/engines/godot/thirdparty/opus/silk/float/noise_shape_analysis_FLP.c,0,1,1
/media/ullmann/HDDGabriel/engines/godot/thirdparty/freetype/src/otvalid/otverror.h,1,0,1
/media/ullmann/HDDGabriel/engines/godot/servers/audio/effects/audio_effect_panner.cpp,0,1,1
/media/ullmann/HDDGabriel/engines/godot/thirdparty/libvpx/vpx_dsp/bitreader_buffer.c,0,1,1
/media/ullmann/HDDGabriel/engines/godot/thirdparty/libvpx/vpx_dsp/bitreader_buffer.h,1,0,1
/media/ullmann/HDDGabriel/engines/godot/thirdparty/opus/silk/float/sort_FLP.c,0,1,1
/media/ullmann/HDDGabriel/engines/godot/thirdparty/opus/silk/LPC_analysis_filter.c,0,1,1
/media/ullmann/HDDGabriel/engines/godot/thirdparty/bullet/Bullet3Dynamics/ConstraintSolver/b3FixedConstraint.cpp,0,1,1
/media/ullmann/HDDGabriel/engines/godot/thirdparty/bullet/BulletSoftBody/poly34.cpp,0,1,1
/media/ullmann/HDDGabriel/engines/godot/thirdparty/bullet/BulletInverseDynamics/IDErrorMessages.hpp,1,0,1
/media/ullmann/HDDGabriel/engines/godot/thirdparty/libtheora/bitpack.c,0,1,1
/media/ullmann/HDDGabriel/engines/godot/thirdparty/freetype/src/gzip/ftzconf.h,1,0,1
/media/ullmann/HDDGabriel/engines/godot/thirdparty/opus/silk/float/burg_modified_FLP.c,0,1,1
/media/ullmann/HDDGabriel/engines/godot/thirdparty/opus/silk/arm/NSQ_neon.h,1,0,1
/media/ullmann/HDDGabriel/engines/godot/thirdparty/opus/silk/float/LPC_analysis_filter_FLP.c,0,1,1
/media/ullmann/HDDGabriel/engines/godot/thirdparty/bullet/Bullet3OpenCL/ParallelPrimitives/kernels/BoundSearchKernelsCL.h,1,0,1
/media/ullmann/HDDGabriel/engines/godot/platform/windows/windows_terminal_logger.cpp,0,1,1
/media/ullmann/HDDGabriel/engines/godot/modules/fbx/fbx_parser/FBXUtil.cpp,0,2,2
/media/ullmann/HDDGabriel/engines/godot/thirdparty/oidn/mkl-dnn/src/cpu/jit_sse42_convolution.cpp,0,1,1
/media/ullmann/HDDGabriel/engines/godot/thirdparty/miniupnpc/miniupnpc/miniupnpctypes.h,2,0,2
/media/ullmann/HDDGabriel/engines/godot/thirdparty/bullet/Bullet3OpenCL/NarrowphaseCollision/kernels/primitiveContacts.h,1,0,1
/media/ullmann/HDDGabriel/engines/godot/thirdparty/oidn/common/thread.cpp,0,1,1
/media/ullmann/HDDGabriel/engines/godot/editor/import_defaults_editor.cpp,0,1,1
/media/ullmann/HDDGabriel/engines/godot/thirdparty/bullet/BulletDynamics/Character/btCharacterControllerInterface.h,1,0,1
/media/ullmann/HDDGabriel/engines/godot/thirdparty/pvrtccompressor/Interval.h,1,0,1
/media/ullmann/HDDGabriel/engines/godot/scene/3d/vehicle_body.cpp,0,1,1
/media/ullmann/HDDGabriel/engines/godot/thirdparty/mbedtls/library/sha512.c,0,1,1
/media/ullmann/HDDGabriel/engines/godot/thirdparty/libpng/pngset.c,0,1,1
/media/ullmann/HDDGabriel/engines/godot/modules/fbx/tools/import_utils.cpp,0,1,1
/media/ullmann/HDDGabriel/engines/godot/thirdparty/jpeg-compressor/jpgd_idct.h,1,0,1
/media/ullmann/HDDGabriel/engines/godot/thirdparty/opus/celt/arm/fft_arm.h,1,0,1
/media/ullmann/HDDGabriel/engines/godot/core/type_info.h,1,0,1
/media/ullmann/HDDGabriel/engines/godot/servers/audio/effects/audio_effect_record.cpp,0,1,1
/media/ullmann/HDDGabriel/engines/godot/scene/2d/back_buffer_copy.cpp,0,1,1
/media/ullmann/HDDGabriel/engines/godot/thirdparty/freetype/src/base/ftrfork.c,1,1,2
/media/ullmann/HDDGabriel/engines/godot/thirdparty/bullet/BulletInverseDynamics/IDConfigBuiltin.hpp,1,1,2
/media/ullmann/HDDGabriel/engines/godot/thirdparty/bullet/Bullet3Common/b3HashMap.h,0,1,1
/media/ullmann/HDDGabriel/engines/godot/thirdparty/opus/silk/float/warped_autocorrelation_FLP.c,0,1,1
/media/ullmann/HDDGabriel/engines/godot/thirdparty/opus/celt/arm/mdct_arm.h,1,0,1
/media/ullmann/HDDGabriel/engines/godot/thirdparty/libvpx/vpx_dsp_rtcd.h,0,1,1
/media/ullmann/HDDGabriel/engines/godot/scene/gui/range.cpp,0,1,1
/media/ullmann/HDDGabriel/engines/godot/thirdparty/freetype/src/gxvalid/gxvmod.h,1,0,1
/media/ullmann/HDDGabriel/engines/godot/thirdparty/bullet/BulletCollision/CollisionShapes/btCollisionShape.cpp,1,0,1
/media/ullmann/HDDGabriel/engines/godot/platform/x11/logo.gen.h,1,0,1
/media/ullmann/HDDGabriel/engines/godot/modules/bmp/register_types.h,2,0,2
/media/ullmann/HDDGabriel/engines/godot/thirdparty/embree/common/simd/vboold4_avx512.h,1,0,1
/media/ullmann/HDDGabriel/engines/godot/thirdparty/opus/silk/tables_NLSF_CB_WB.c,0,1,1
/media/ullmann/HDDGabriel/engines/godot/thirdparty/embree/common/simd/vllong8_avx512.h,1,0,1
/media/ullmann/HDDGabriel/engines/godot/thirdparty/opus/silk/stereo_quant_pred.c,0,1,1
/media/ullmann/HDDGabriel/engines/godot/thirdparty/bullet/Bullet3Dynamics/ConstraintSolver/b3Generic6DofConstraint.cpp,0,1,1
/media/ullmann/HDDGabriel/engines/godot/thirdparty/freetype/src/smooth/ftsmooth.h,1,0,1
/media/ullmann/HDDGabriel/engines/godot/thirdparty/bullet/BulletDynamics/ConstraintSolver/btBatchedConstraints.h,2,0,2
/media/ullmann/HDDGabriel/engines/godot/thirdparty/libogg/bitwise.c,0,1,1
/media/ullmann/HDDGabriel/engines/godot/thirdparty/xatlas/xatlas.cpp,0,1,1
/media/ullmann/HDDGabriel/engines/godot/thirdparty/opus/silk/float/find_pred_coefs_FLP.c,0,1,1
/media/ullmann/HDDGabriel/engines/godot/thirdparty/opus/celt/static_modes_fixed_arm_ne10.h,1,0,1
/media/ullmann/HDDGabriel/engines/godot/thirdparty/bullet/BulletCollision/CollisionDispatch/btCollisionDispatcherMt.h,1,0,1
/media/ullmann/HDDGabriel/engines/godot/thirdparty/pcre2/src/pcre2.h,1,0,1
/media/ullmann/HDDGabriel/engines/godot/thirdparty/embree/kernels/config.h,1,0,1
/media/ullmann/HDDGabriel/engines/godot/thirdparty/zlib/gzlib.c,0,1,1
/media/ullmann/HDDGabriel/engines/godot/thirdparty/oidn/mkl-dnn/src/cpu/gemm/s8x8s32/simple_gemm_s8s8s32.hpp,1,0,1
/media/ullmann/HDDGabriel/engines/godot/thirdparty/libvpx/vpx_util/vpx_thread.c,0,1,1
/media/ullmann/HDDGabriel/engines/godot/thirdparty/libvpx/vpx_util/vpx_thread.h,1,0,1
/media/ullmann/HDDGabriel/engines/godot/editor/audio_stream_preview.cpp,0,1,1
/media/ullmann/HDDGabriel/engines/godot/thirdparty/freetype/src/winfonts/winfnt.h,1,0,1
/media/ullmann/HDDGabriel/engines/godot/thirdparty/libtheora/x86/x86enc.c,0,2,2
/media/ullmann/HDDGabriel/engines/godot/thirdparty/bullet/BulletCollision/Gimpact/gim_bitset.h,0,1,1
/media/ullmann/HDDGabriel/engines/godot/thirdparty/embree/common/simd/vdouble8_avx512.h,1,0,1
/media/ullmann/HDDGabriel/engines/godot/thirdparty/miniupnpc/miniupnpc/codelength.h,1,0,1
/media/ullmann/HDDGabriel/engines/godot/modules/websocket/websocket_macros.h,1,0,1
/media/ullmann/HDDGabriel/engines/godot/thirdparty/libvorbis/modes/setup_22.h,1,0,1
/media/ullmann/HDDGabriel/engines/godot/platform/osx/joypad_osx.cpp,0,1,1
/media/ullmann/HDDGabriel/engines/godot/thirdparty/freetype/src/raster/ftmisc.h,1,0,1
/media/ullmann/HDDGabriel/engines/godot/thirdparty/opus/silk/resampler_rom.c,0,1,1
/media/ullmann/HDDGabriel/engines/godot/editor/editor_vcs_interface.cpp,0,1,1
/media/ullmann/HDDGabriel/engines/godot/thirdparty/opus/silk/bwexpander_32.c,0,1,1
/media/ullmann/HDDGabriel/engines/godot/modules/svg/image_loader_svg.cpp,0,1,1
/media/ullmann/HDDGabriel/engines/godot/platform/android/plugin/godot_plugin_jni.h,1,0,1
/media/ullmann/HDDGabriel/engines/godot/modules/visual_script/visual_script_expression.cpp,0,1,1
/media/ullmann/HDDGabriel/engines/godot/thirdparty/mbedtls/library/pkwrite.c,0,1,1
/media/ullmann/HDDGabriel/engines/godot/thirdparty/embree/kernels/geometry/cone.h,0,1,1
/media/ullmann/HDDGabriel/engines/godot/servers/visual/shader_types.cpp,0,1,1
/media/ullmann/HDDGabriel/engines/godot/thirdparty/bullet/Bullet3OpenCL/NarrowphaseCollision/b3GjkEpa.h,1,0,1
/media/ullmann/HDDGabriel/engines/godot/thirdparty/mbedtls/library/entropy_poll.c,0,1,1
/media/ullmann/HDDGabriel/engines/godot/thirdparty/libvpx/vp8/common/modecont.h,1,0,1
/media/ullmann/HDDGabriel/engines/godot/thirdparty/opus/silk/lin2log.c,0,1,1
/media/ullmann/HDDGabriel/engines/godot/thirdparty/opus/celt/x86/celt_lpc_sse.h,1,0,1
/media/ullmann/HDDGabriel/engines/godot/thirdparty/opus/silk/fixed/find_pred_coefs_FIX.c,0,1,1
/media/ullmann/HDDGabriel/engines/godot/drivers/unix/net_socket_posix.cpp,0,1,1
/media/ullmann/HDDGabriel/engines/godot/scene/main/resource_preloader.cpp,0,1,1
/media/ullmann/HDDGabriel/engines/godot/thirdparty/libvorbis/modes/setup_X.h,1,0,1
/media/ullmann/HDDGabriel/engines/godot/thirdparty/mbedtls/library/cmac.c,0,1,1
/media/ullmann/HDDGabriel/engines/godot/servers/physics/gjk_epa.cpp,0,1,1
/media/ullmann/HDDGabriel/engines/godot/thirdparty/bullet/Bullet3OpenCL/NarrowphaseCollision/b3TriangleCallback.cpp,0,1,1
