edge,includes,includedby,sum
/media/ullmann/HDDGabriel/research/engines/o3de/Code/Framework/AzFramework/Tests/Platform/Android/AzFrameworkTests_Traits_Platform.h,1,0,1
/media/ullmann/HDDGabriel/research/engines/o3de/Code/Framework/AzFramework/Tests/Platform/Android/AzFrameworkTests_Traits_Android.h,0,1,1
/media/ullmann/HDDGabriel/research/engines/o3de/Gems/ScriptAutomation/Code/Source/ScriptAutomationScriptBindings.cpp,2,0,2
/media/ullmann/HDDGabriel/research/engines/o3de/Gems/ScriptAutomation/Code/Source/ScriptAutomationSystemComponent.h,0,3,3
/media/ullmann/HDDGabriel/research/engines/o3de/Gems/EMotionFX/Code/EMotionFX/Source/Recorder.cpp,14,0,14
/media/ullmann/HDDGabriel/research/engines/o3de/Gems/EMotionFX/Code/EMotionFX/Source/EventManager.h,10,19,29
/media/ullmann/HDDGabriel/research/engines/o3de/Gems/EMotionFX/Code/EMotionFX/Source/SingleThreadScheduler.cpp,5,0,5
/media/ullmann/HDDGabriel/research/engines/o3de/Gems/EMotionFX/Code/EMotionFX/Source/ActorInstance.h,5,34,39
/media/ullmann/HDDGabriel/research/engines/o3de/Code/Editor/CryEdit.cpp,42,0,42
/media/ullmann/HDDGabriel/research/engines/o3de/Code/Editor/CryEdit.h,2,13,15
/media/ullmann/HDDGabriel/research/engines/o3de/AutomatedTesting/Gem/PythonCoverage/Code/Source/PythonCoverageEditorModule.cpp,2,0,2
/media/ullmann/HDDGabriel/research/engines/o3de/AutomatedTesting/Gem/PythonCoverage/Code/Source/PythonCoverageEditorModule.h,0,1,1
/media/ullmann/HDDGabriel/research/engines/o3de/Code/Tools/TestImpactFramework/Frontend/Console/Common/Code/Include/Static/TestImpactConsoleUtils.h,3,0,3
/media/ullmann/HDDGabriel/research/engines/o3de/Code/Tools/TestImpactFramework/Frontend/Console/Common/Code/Include/Static/TestImpactCommandLineOptionsException.h,0,2,2
/media/ullmann/HDDGabriel/research/engines/o3de/Gems/LyShine/Code/Source/Animation/AnimTrack.h,1,4,5
/media/ullmann/HDDGabriel/research/engines/o3de/Gems/LyShine/Code/Source/Animation/UiAnimSerialize.h,0,5,5
/media/ullmann/HDDGabriel/research/engines/o3de/Gems/EMotionFX/Code/EMotionFX/Source/Parameter/FloatSliderParameter.h,1,1,2
/media/ullmann/HDDGabriel/research/engines/o3de/Gems/EMotionFX/Code/EMotionFX/Source/Parameter/FloatParameter.h,1,3,4
/media/ullmann/HDDGabriel/research/engines/o3de/Gems/WhiteBox/Code/Source/Rendering/Atom/WhiteBoxAtomRenderMesh.cpp,1,0,1
/media/ullmann/HDDGabriel/research/engines/o3de/Gems/WhiteBox/Code/Source/Rendering/Atom/WhiteBoxAtomRenderMesh.h,0,2,2
/media/ullmann/HDDGabriel/research/engines/o3de/Gems/LmbrCentral/Code/Source/Shape/EditorShapeComponentConverters.cpp,7,0,7
/media/ullmann/HDDGabriel/research/engines/o3de/Gems/LmbrCentral/Code/Source/Shape/EditorCapsuleShapeComponent.h,2,3,5
/media/ullmann/HDDGabriel/research/engines/o3de/Gems/AudioSystem/Code/Source/Editor/AudioControlsEditorPlugin.h,3,12,15
/media/ullmann/HDDGabriel/research/engines/o3de/Gems/AudioSystem/Code/Source/Editor/ATLControlsModel.h,1,16,17
/media/ullmann/HDDGabriel/research/engines/o3de/Code/Editor/EditorPreferencesPageViewportGeneral.cpp,5,0,5
/media/ullmann/HDDGabriel/research/engines/o3de/Code/Editor/DisplaySettings.h,0,11,11
/media/ullmann/HDDGabriel/research/engines/o3de/Gems/EMotionFX/Code/EMotionFX/Source/Importer/ChunkProcessors.cpp,25,0,25
/media/ullmann/HDDGabriel/research/engines/o3de/Gems/EMotionFX/Code/EMotionFX/Source/MotionEventTable.h,2,4,6
/media/ullmann/HDDGabriel/research/engines/o3de/Code/Editor/AnimationContext.cpp,7,0,7
/media/ullmann/HDDGabriel/research/engines/o3de/Code/Editor/AnimationContext.h,2,5,7
/media/ullmann/HDDGabriel/research/engines/o3de/Code/Editor/ErrorReport.h,4,5,9
/media/ullmann/HDDGabriel/research/engines/o3de/Code/Editor/Objects/BaseObject.h,3,8,11
/media/ullmann/HDDGabriel/research/engines/o3de/Code/Editor/Objects/ObjectLoader.h,0,2,2
/media/ullmann/HDDGabriel/research/engines/o3de/Code/Editor/UsedResources.h,1,4,5
/media/ullmann/HDDGabriel/research/engines/o3de/Code/Editor/Include/EditorCoreAPI.h,1,7,8
/media/ullmann/HDDGabriel/research/engines/o3de/Code/Editor/MainWindow.cpp,35,0,35
/media/ullmann/HDDGabriel/research/engines/o3de/Code/Editor/Core/QtEditorApplication.h,0,7,7
/media/ullmann/HDDGabriel/research/engines/o3de/Gems/AudioSystem/Code/Source/Engine/ATL.cpp,4,0,4
/media/ullmann/HDDGabriel/research/engines/o3de/Gems/AudioSystem/Code/Source/Engine/ATL.h,3,2,5
/media/ullmann/HDDGabriel/research/engines/o3de/Code/Editor/Plugins/EditorAssetImporter/AssetImporterPlugin.cpp,2,0,2
/media/ullmann/HDDGabriel/research/engines/o3de/Code/Editor/Plugins/EditorAssetImporter/AssetImporterWindow.h,1,2,3
/media/ullmann/HDDGabriel/research/engines/o3de/Code/Editor/Util/FileUtil.cpp,4,0,4
/media/ullmann/HDDGabriel/research/engines/o3de/Code/Editor/Util/FileUtil_Common.h,1,6,7
/media/ullmann/HDDGabriel/research/engines/o3de/Code/Editor/FBXExporterDialog.cpp,2,0,2
/media/ullmann/HDDGabriel/research/engines/o3de/Code/Editor/FBXExporterDialog.h,1,1,2
/media/ullmann/HDDGabriel/research/engines/o3de/Gems/PhysX/Code/Editor/Source/Components/EditorSystemComponent.cpp,1,0,1
/media/ullmann/HDDGabriel/research/engines/o3de/Gems/PhysX/Code/Editor/Source/Components/EditorSystemComponent.h,0,1,1
/media/ullmann/HDDGabriel/research/engines/o3de/Gems/LmbrCentral/Code/Source/Builders/DependencyBuilder/DependencyBuilderComponent.h,1,2,3
/media/ullmann/HDDGabriel/research/engines/o3de/Gems/LmbrCentral/Code/Source/Builders/DependencyBuilder/SeedBuilderWorker/SeedBuilderWorker.h,0,2,2
/media/ullmann/HDDGabriel/research/engines/o3de/Gems/LmbrCentral/Code/Tests/EditorCapsuleShapeComponentTests.cpp,1,0,1
/media/ullmann/HDDGabriel/research/engines/o3de/Gems/LmbrCentral/Code/Tests/LmbrCentralReflectionTest.h,0,7,7
/media/ullmann/HDDGabriel/research/engines/o3de/Code/Editor/Viewport.cpp,10,0,10
/media/ullmann/HDDGabriel/research/engines/o3de/Code/Editor/Settings.h,1,24,25
/media/ullmann/HDDGabriel/research/engines/o3de/Code/Editor/GameEngine.h,2,16,18
/media/ullmann/HDDGabriel/research/engines/o3de/Code/Editor/GameExporter.cpp,9,0,9
/media/ullmann/HDDGabriel/research/engines/o3de/Code/Editor/GameExporter.h,2,3,5
/media/ullmann/HDDGabriel/research/engines/o3de/Gems/EditorPythonBindings/Code/Tests/PythonBindingLibTests.cpp,2,0,2
/media/ullmann/HDDGabriel/research/engines/o3de/Gems/EditorPythonBindings/Code/Tests/PythonTraceMessageSink.h,0,16,16
/media/ullmann/HDDGabriel/research/engines/o3de/Gems/GradientSignal/Code/Source/GradientSignalSystemComponent.cpp,1,0,1
/media/ullmann/HDDGabriel/research/engines/o3de/Gems/GradientSignal/Code/Source/GradientSignalSystemComponent.h,0,2,2
/media/ullmann/HDDGabriel/research/engines/o3de/Gems/EMotionFX/Code/MCore/Source/Attribute.cpp,2,0,2
/media/ullmann/HDDGabriel/research/engines/o3de/Gems/EMotionFX/Code/MCore/Source/AttributeFactory.h,3,3,6
/media/ullmann/HDDGabriel/research/engines/o3de/Code/Tools/TestImpactFramework/Runtime/Native/Code/Source/TestImpactNativeRuntime.cpp,5,0,5
/media/ullmann/HDDGabriel/research/engines/o3de/Code/Tools/TestImpactFramework/Runtime/Native/Code/Source/Target/Native/TestImpactNativeTargetListCompiler.h,0,1,1
/media/ullmann/HDDGabriel/research/engines/o3de/Gems/AtomLyIntegration/CommonFeatures/Code/Source/Module.cpp,65,0,65
/media/ullmann/HDDGabriel/research/engines/o3de/Gems/AtomLyIntegration/CommonFeatures/Code/Source/PostProcess/RadiusWeightModifier/RadiusWeightModifierComponent.h,0,1,1
/media/ullmann/HDDGabriel/research/engines/o3de/Gems/EMotionFX/Code/EMotionFX/Tools/EMotionStudio/Plugins/StandardPlugins/Source/SceneManager/SceneManagerPlugin.cpp,4,0,4
/media/ullmann/HDDGabriel/research/engines/o3de/Gems/EMotionFX/Code/EMotionFX/Tools/EMotionStudio/Plugins/StandardPlugins/Source/SceneManager/SceneManagerPlugin.h,5,4,9
/media/ullmann/HDDGabriel/research/engines/o3de/Gems/AudioSystem/Code/Source/Editor/AudioControl.cpp,5,0,5
/media/ullmann/HDDGabriel/research/engines/o3de/Gems/AudioSystem/Code/Source/Editor/ImplementationManager.h,0,6,6
/media/ullmann/HDDGabriel/research/engines/o3de/Gems/EMotionFX/Code/EMotionFX/Source/SoftSkinDeformer.cpp,9,0,9
/media/ullmann/HDDGabriel/research/engines/o3de/Gems/EMotionFX/Code/EMotionFX/Source/Actor.h,4,29,33
/media/ullmann/HDDGabriel/research/engines/o3de/Code/Editor/CryEditDoc.cpp,17,0,17
/media/ullmann/HDDGabriel/research/engines/o3de/Code/Editor/CheckOutDialog.h,0,3,3
/media/ullmann/HDDGabriel/research/engines/o3de/Code/Framework/AzToolsFramework/AzToolsFramework/UI/PropertyEditor/GrowTextEdit.cpp,2,0,2
/media/ullmann/HDDGabriel/research/engines/o3de/Code/Framework/AzToolsFramework/AzToolsFramework/UI/PropertyEditor/GrowTextEdit.h,0,2,2
/media/ullmann/HDDGabriel/research/engines/o3de/Gems/Maestro/Code/Source/Cinematics/Movie.cpp,14,0,14
/media/ullmann/HDDGabriel/research/engines/o3de/Gems/Maestro/Code/Source/Cinematics/AnimSerializer.h,0,2,2
/media/ullmann/HDDGabriel/research/engines/o3de/Gems/DebugDraw/Code/Source/DebugDrawSystemComponent.cpp,7,0,7
/media/ullmann/HDDGabriel/research/engines/o3de/Gems/DebugDraw/Code/Source/EditorDebugDrawComponentCommon.h,0,7,7
/media/ullmann/HDDGabriel/research/engines/o3de/Gems/LyShine/Code/Source/LyShine.cpp,43,0,43
/media/ullmann/HDDGabriel/research/engines/o3de/Gems/LyShine/Code/Source/UiRenderer.h,0,5,5
/media/ullmann/HDDGabriel/research/engines/o3de/Gems/LyShine/Code/Editor/Animation/UiAnimViewCurveEditor.cpp,5,0,5
/media/ullmann/HDDGabriel/research/engines/o3de/Gems/LyShine/Code/Editor/Animation/UiEditorAnimationBus.h,0,19,19
/media/ullmann/HDDGabriel/research/engines/o3de/Gems/LyShine/Code/Source/UiFaderComponent.h,0,4,4
/media/ullmann/HDDGabriel/research/engines/o3de/Gems/EMotionFX/Code/MCore/Source/AttributeInt32.h,3,5,8
/media/ullmann/HDDGabriel/research/engines/o3de/Gems/EMotionFX/Code/MCore/Source/Attribute.h,4,12,16
/media/ullmann/HDDGabriel/research/engines/o3de/Gems/LmbrCentral/Code/Source/Shape/ShapeComponentConverters.h,1,2,3
/media/ullmann/HDDGabriel/research/engines/o3de/Gems/LmbrCentral/Code/Source/Shape/ShapeComponentConverters.inl,0,1,1
/media/ullmann/HDDGabriel/research/engines/o3de/Gems/ImGui/External/ImGui/v1.82/imgui/imgui_draw.cpp,5,1,6
/media/ullmann/HDDGabriel/research/engines/o3de/Gems/ImGui/External/ImGui/v1.82/imgui/imstb_rectpack.h,0,1,1
/media/ullmann/HDDGabriel/research/engines/o3de/Code/Editor/Objects/TrackGizmo.h,1,1,2
/media/ullmann/HDDGabriel/research/engines/o3de/Code/Editor/Objects/Gizmo.h,1,6,7
/media/ullmann/HDDGabriel/research/engines/o3de/Gems/GradientSignal/Code/Source/GradientSignalEditorModule.cpp,21,0,21
/media/ullmann/HDDGabriel/research/engines/o3de/Gems/GradientSignal/Code/Source/Editor/EditorImageGradientComponent.h,0,2,2
/media/ullmann/HDDGabriel/research/engines/o3de/Gems/EMotionFX/Code/EMotionFX/Tools/EMotionStudio/Plugins/StandardPlugins/Source/SceneManager/ActorPropertiesWindow.h,2,2,4
/media/ullmann/HDDGabriel/research/engines/o3de/Gems/EMotionFX/Code/EMotionFX/Tools/EMotionStudio/EMStudioSDK/Source/NodeSelectionWindow.h,2,3,5
/media/ullmann/HDDGabriel/research/engines/o3de/Code/Tools/LuaIDE/Source/LUA/LUAEditorStyleMessages.cpp,2,0,2
/media/ullmann/HDDGabriel/research/engines/o3de/Code/Tools/LuaIDE/Source/LUA/LUAEditorViewMessages.h,0,4,4
/media/ullmann/HDDGabriel/research/engines/o3de/Code/Framework/AzQtComponents/AzQtComponents/Gallery/ComponentDemoWidget.cpp,34,0,34
/media/ullmann/HDDGabriel/research/engines/o3de/Code/Framework/AzQtComponents/AzQtComponents/Gallery/FilteredSearchWidgetPage.h,0,2,2
/media/ullmann/HDDGabriel/research/engines/o3de/Code/Tools/SerializeContextTools/SliceConverter.cpp,4,0,4
/media/ullmann/HDDGabriel/research/engines/o3de/Code/Tools/SerializeContextTools/Utilities.h,0,4,4
/media/ullmann/HDDGabriel/research/engines/o3de/Gems/AtomTressFX/External/Code/src/TressFX/AMD_TressFX.cpp,3,0,3
/media/ullmann/HDDGabriel/research/engines/o3de/Gems/AtomTressFX/External/Code/src/TressFX/TressFXHairObject.h,6,8,14
/media/ullmann/HDDGabriel/research/engines/o3de/Gems/AudioSystem/Code/Source/Editor/AudioControlsEditorPlugin.cpp,6,0,6
/media/ullmann/HDDGabriel/research/engines/o3de/Gems/AudioSystem/Code/Source/Editor/AudioControlsLoader.h,1,2,3
/media/ullmann/HDDGabriel/research/engines/o3de/Gems/ScriptCanvas/Code/Include/ScriptCanvas/Core/Slot.cpp,5,0,5
/media/ullmann/HDDGabriel/research/engines/o3de/Gems/ScriptCanvas/Code/Include/ScriptCanvas/Core/Contracts.h,12,1,13
/media/ullmann/HDDGabriel/research/engines/o3de/Gems/FastNoise/Code/Source/EditorFastNoiseGradientComponent.h,1,2,3
/media/ullmann/HDDGabriel/research/engines/o3de/Gems/FastNoise/Code/Source/FastNoiseGradientComponent.h,0,3,3
/media/ullmann/HDDGabriel/research/engines/o3de/Gems/LyShine/Code/Source/UiSerialize.cpp,5,0,5
/media/ullmann/HDDGabriel/research/engines/o3de/Gems/LyShine/Code/Source/UiInteractableComponent.h,3,14,17
/media/ullmann/HDDGabriel/research/engines/o3de/Gems/LmbrCentral/Code/Source/LmbrCentralEditor.cpp,35,0,35
/media/ullmann/HDDGabriel/research/engines/o3de/Gems/LmbrCentral/Code/Source/Audio/EditorAudioRtpcComponent.h,1,2,3
/media/ullmann/HDDGabriel/research/engines/o3de/Gems/EMotionFX/Code/EMotionFX/Source/Motion.cpp,10,0,10
/media/ullmann/HDDGabriel/research/engines/o3de/Gems/EMotionFX/Code/EMotionFX/Source/EMotionFXConfig.h,1,155,156
/media/ullmann/HDDGabriel/research/engines/o3de/Gems/EditorPythonBindings/Code/Tests/PythonPairTests.cpp,3,0,3
/media/ullmann/HDDGabriel/research/engines/o3de/Gems/EditorPythonBindings/Code/Tests/PythonTestingUtility.h,0,16,16
/media/ullmann/HDDGabriel/research/engines/o3de/Gems/EMotionFX/Code/EMotionFX/Tools/EMotionStudio/Plugins/StandardPlugins/Source/AnimGraph/AnimGraphPlugin.h,6,6,12
/media/ullmann/HDDGabriel/research/engines/o3de/Gems/EMotionFX/Code/EMotionFX/Tools/EMotionStudio/Plugins/StandardPlugins/Source/AnimGraph/AnimGraphOptions.h,0,2,2
/media/ullmann/HDDGabriel/research/engines/o3de/Gems/AWSCore/Code/Platform/Android/AWSCore_Traits_Platform.h,1,0,1
/media/ullmann/HDDGabriel/research/engines/o3de/Gems/AWSCore/Code/Platform/Android/AWSCore_Traits_Android.h,0,1,1
/media/ullmann/HDDGabriel/research/engines/o3de/Gems/AtomLyIntegration/CommonFeatures/Code/Source/PostProcess/GradientWeightModifier/GradientWeightModifierComponent.h,0,1,1
/media/ullmann/HDDGabriel/research/engines/o3de/Gems/ScriptCanvas/Code/Include/ScriptCanvas/Core/NodeableNode.cpp,1,0,1
/media/ullmann/HDDGabriel/research/engines/o3de/Gems/ScriptCanvas/Code/Include/ScriptCanvas/Core/NodeableNode.h,0,1,1
/media/ullmann/HDDGabriel/research/engines/o3de/Code/Framework/AzToolsFramework/AzToolsFramework/ToolsComponents/EditorComponentAdapter.h,1,0,1
/media/ullmann/HDDGabriel/research/engines/o3de/Code/Framework/AzToolsFramework/AzToolsFramework/ToolsComponents/EditorComponentAdapter.inl,0,1,1
/media/ullmann/HDDGabriel/research/engines/o3de/Gems/ScriptAutomation/Code/Source/ScriptAutomationModule.cpp,1,0,1
/media/ullmann/HDDGabriel/research/engines/o3de/Gems/EMotionFX/Code/MysticQt/Source/KeyboardShortcutManager.h,1,1,2
/media/ullmann/HDDGabriel/research/engines/o3de/Gems/EMotionFX/Code/MysticQt/Source/MysticQtConfig.h,0,4,4
/media/ullmann/HDDGabriel/research/engines/o3de/Gems/WhiteBox/Code/Tests/WhiteBoxEdgeTest.cpp,2,0,2
/media/ullmann/HDDGabriel/research/engines/o3de/Gems/WhiteBox/Code/Tests/WhiteBoxTestUtil.h,0,6,6
/media/ullmann/HDDGabriel/research/engines/o3de/Gems/EMotionFX/Code/EMotionFX/Source/Parameter/FloatSliderParameter.cpp,1,0,1
/media/ullmann/HDDGabriel/research/engines/o3de/Gems/EMotionFX/Code/EMotionFX/Source/AnimGraphObjectFactory.cpp,24,0,24
/media/ullmann/HDDGabriel/research/engines/o3de/Gems/EMotionFX/Code/EMotionFX/Source/AnimGraphFollowerParameterAction.h,0,1,1
/media/ullmann/HDDGabriel/research/engines/o3de/Gems/LmbrCentral/Code/Source/Shape/DiskShapeComponent.h,1,4,5
/media/ullmann/HDDGabriel/research/engines/o3de/Gems/LmbrCentral/Code/Source/Shape/DiskShape.h,0,2,2
/media/ullmann/HDDGabriel/research/engines/o3de/Gems/LmbrCentral/Code/Source/Scripting/EditorSpawnerComponent.cpp,2,0,2
/media/ullmann/HDDGabriel/research/engines/o3de/Gems/LmbrCentral/Code/Source/Scripting/SpawnerComponent.h,0,3,3
/media/ullmann/HDDGabriel/research/engines/o3de/Gems/SceneProcessing/Code/Source/Generation/Components/MeshOptimizer/MeshBuilderVertexAttributeLayers.cpp,1,0,1
/media/ullmann/HDDGabriel/research/engines/o3de/Gems/SceneProcessing/Code/Source/Generation/Components/MeshOptimizer/MeshBuilderVertexAttributeLayers.h,1,5,6
/media/ullmann/HDDGabriel/research/engines/o3de/Gems/LyShine/Code/Editor/EditorCommon.h,48,91,139
/media/ullmann/HDDGabriel/research/engines/o3de/Gems/LyShine/Code/Editor/HierarchyHeader.h,0,1,1
/media/ullmann/HDDGabriel/research/engines/o3de/Gems/PhysX/Code/Tests/PhysXTestEnvironment.cpp,1,0,1
/media/ullmann/HDDGabriel/research/engines/o3de/Gems/PhysX/Code/Tests/PhysXTestEnvironment.h,0,2,2
/media/ullmann/HDDGabriel/research/engines/o3de/Code/Editor/IEditorImpl.cpp,30,0,30
/media/ullmann/HDDGabriel/research/engines/o3de/Gems/ExpressionEvaluation/Code/Source/ExpressionEvaluationSystemComponent.h,2,2,4
/media/ullmann/HDDGabriel/research/engines/o3de/Gems/ExpressionEvaluation/Code/Source/ExpressionEngine/ExpressionPrimitive.h,0,1,1
/media/ullmann/HDDGabriel/research/engines/o3de/Gems/LyShine/Code/Editor/PreviewActionLog.cpp,1,0,1
/media/ullmann/HDDGabriel/research/engines/o3de/Code/Framework/AzToolsFramework/AzToolsFramework/UI/PropertyEditor/EntityPropertyEditor.cpp,1,0,1
/media/ullmann/HDDGabriel/research/engines/o3de/Code/Framework/AzToolsFramework/AzToolsFramework/UI/PropertyEditor/EntityPropertyEditor.hxx,0,1,1
/media/ullmann/HDDGabriel/research/engines/o3de/Gems/Atom/Feature/Common/Code/Source/CommonSystemComponent.cpp,58,0,58
/media/ullmann/HDDGabriel/research/engines/o3de/Gems/Atom/Feature/Common/Code/Source/PostProcessing/SubsurfaceScatteringPass.h,0,1,1
/media/ullmann/HDDGabriel/research/engines/o3de/Gems/EditorPythonBindings/Code/Tests/PythonPairTests.h,2,2,4
/media/ullmann/HDDGabriel/research/engines/o3de/Gems/ScriptCanvas/Code/Include/ScriptCanvas/Core/Nodeable.cpp,1,0,1
/media/ullmann/HDDGabriel/research/engines/o3de/Gems/ScriptCanvas/Code/Include/ScriptCanvas/Core/Nodeable.h,1,2,3
/media/ullmann/HDDGabriel/research/engines/o3de/Code/Editor/EditorPreferencesPageViewportCamera.h,1,3,4
/media/ullmann/HDDGabriel/research/engines/o3de/Code/Editor/Include/IPreferencesPage.h,0,9,9
/media/ullmann/HDDGabriel/research/engines/o3de/Gems/LyShineExamples/Code/Source/LyShineExamplesSystemComponent.cpp,4,0,4
/media/ullmann/HDDGabriel/research/engines/o3de/Gems/LyShineExamples/Code/Source/UiDynamicContentDatabase.h,0,3,3
/media/ullmann/HDDGabriel/research/engines/o3de/Gems/Atom/Asset/ImageProcessingAtom/Code/Source/Platform/Linux/ImageProcessing_Traits_Platform.h,1,0,1
/media/ullmann/HDDGabriel/research/engines/o3de/Gems/Atom/Asset/ImageProcessingAtom/Code/Source/Platform/Linux/ImageProcessing_Traits_Linux.h,0,1,1
/media/ullmann/HDDGabriel/research/engines/o3de/Code/Tools/AssetProcessor/native/utilities/LogPanel.cpp,1,0,1
/media/ullmann/HDDGabriel/research/engines/o3de/Code/Tools/AssetProcessor/native/utilities/LogPanel.h,0,1,1
/media/ullmann/HDDGabriel/research/engines/o3de/Gems/Achievements/Code/Source/AchievementsModule.cpp,1,0,1
/media/ullmann/HDDGabriel/research/engines/o3de/Gems/Achievements/Code/Source/AchievementsSystemComponent.h,0,2,2
/media/ullmann/HDDGabriel/research/engines/o3de/Gems/LyShine/Code/Editor/Animation/UiAVSequenceProps.cpp,4,0,4
/media/ullmann/HDDGabriel/research/engines/o3de/Gems/LyShine/Code/Editor/Animation/UiAVSequenceProps.h,0,2,2
/media/ullmann/HDDGabriel/research/engines/o3de/Gems/EMotionFX/Code/EMotionFX/Tools/EMotionStudio/EMStudioSDK/Source/EMStudioPlugin.h,1,5,6
/media/ullmann/HDDGabriel/research/engines/o3de/Gems/EMotionFX/Code/EMotionFX/Tools/EMotionStudio/EMStudioSDK/Source/EMStudioConfig.h,0,23,23
/media/ullmann/HDDGabriel/research/engines/o3de/Gems/MotionMatching/Code/Source/MotionMatchingData.cpp,8,0,8
/media/ullmann/HDDGabriel/research/engines/o3de/Gems/MotionMatching/Code/Source/FrameDatabase.h,2,8,10
/media/ullmann/HDDGabriel/research/engines/o3de/Gems/EMotionFX/Code/EMotionFX/Tools/EMotionStudio/EMStudioSDK/Source/Commands.cpp,1,0,1
/media/ullmann/HDDGabriel/research/engines/o3de/Gems/EMotionFX/Code/EMotionFX/Tools/EMotionStudio/EMStudioSDK/Source/Commands.h,1,1,2
/media/ullmann/HDDGabriel/research/engines/o3de/Gems/MotionMatching/Code/Source/PoseDataJointVelocities.cpp,3,0,3
/media/ullmann/HDDGabriel/research/engines/o3de/Gems/MotionMatching/Code/Source/PoseDataJointVelocities.h,0,5,5
/media/ullmann/HDDGabriel/research/engines/o3de/Gems/LyShine/Code/Source/UiTextInputComponent.h,1,4,5
/media/ullmann/HDDGabriel/research/engines/o3de/Gems/ScriptCanvas/Code/Include/ScriptCanvas/Core/Contracts/ConnectionLimitContract.cpp,1,0,1
/media/ullmann/HDDGabriel/research/engines/o3de/Gems/ScriptCanvas/Code/Include/ScriptCanvas/Core/Contracts/ConnectionLimitContract.h,0,2,2
/media/ullmann/HDDGabriel/research/engines/o3de/Gems/Atom/Asset/Shader/Code/Source/Editor/ShaderAssetBuilder.cpp,7,0,7
/media/ullmann/HDDGabriel/research/engines/o3de/Gems/Atom/Asset/Shader/Code/Source/Editor/CommonFiles/Preprocessor.h,0,4,4
/media/ullmann/HDDGabriel/research/engines/o3de/Gems/EMotionFX/Code/EMotionFX/Source/AnimGraphPosePool.cpp,2,0,2
/media/ullmann/HDDGabriel/research/engines/o3de/Gems/EMotionFX/Code/EMotionFX/Source/AnimGraphPose.h,2,4,6
/media/ullmann/HDDGabriel/research/engines/o3de/Code/Framework/AzToolsFramework/AzToolsFramework/UI/PropertyEditor/ReflectedPropertyEditor.cpp,2,0,2
/media/ullmann/HDDGabriel/research/engines/o3de/Code/Framework/AzToolsFramework/AzToolsFramework/UI/PropertyEditor/ReflectedPropertyEditor.hxx,1,1,2
/media/ullmann/HDDGabriel/research/engines/o3de/Gems/Stars/Code/Source/StarsAsset.cpp,1,0,1
/media/ullmann/HDDGabriel/research/engines/o3de/Gems/Stars/Code/Source/StarsAsset.h,0,3,3
/media/ullmann/HDDGabriel/research/engines/o3de/Gems/EMotionFX/Code/EMotionFX/Tools/EMotionStudio/Plugins/StandardPlugins/Source/MotionEvents/MotionEventWidget.cpp,2,0,2
/media/ullmann/HDDGabriel/research/engines/o3de/Gems/EMotionFX/Code/EMotionFX/Tools/EMotionStudio/Plugins/StandardPlugins/Source/MotionEvents/MotionEventEditor.h,0,1,1
/media/ullmann/HDDGabriel/research/engines/o3de/Gems/Vegetation/Code/Source/VegetationEditorModule.cpp,23,0,23
/media/ullmann/HDDGabriel/research/engines/o3de/Gems/Vegetation/Code/Source/Editor/EditorDescriptorListCombinerComponent.h,0,2,2
/media/ullmann/HDDGabriel/research/engines/o3de/Gems/FastNoise/Code/Tests/FastNoiseEditorTest.cpp,1,0,1
/media/ullmann/HDDGabriel/research/engines/o3de/Gems/FastNoise/Code/Tests/FastNoiseTest.h,0,3,3
/media/ullmann/HDDGabriel/research/engines/o3de/Gems/Metastream/Code/Source/BaseHttpServer.cpp,2,0,2
/media/ullmann/HDDGabriel/research/engines/o3de/Gems/Metastream/Code/Source/DataCache.h,0,3,3
/media/ullmann/HDDGabriel/research/engines/o3de/Gems/LyShine/Code/Source/LyShineSystemComponent.cpp,39,0,39
/media/ullmann/HDDGabriel/research/engines/o3de/Gems/LyShine/Code/Source/UiLayoutFitterComponent.h,1,4,5
/media/ullmann/HDDGabriel/research/engines/o3de/Code/Framework/AzToolsFramework/AzToolsFramework/Manipulators/RotationManipulators.cpp,1,0,1
/media/ullmann/HDDGabriel/research/engines/o3de/Code/Framework/AzToolsFramework/AzToolsFramework/Manipulators/RotationManipulators.h,0,1,1
/media/ullmann/HDDGabriel/research/engines/o3de/Gems/EMotionFX/Code/EMotionFX/Source/BlendTreeBlend2AdditiveNode.h,3,1,4
/media/ullmann/HDDGabriel/research/engines/o3de/Gems/EMotionFX/Code/EMotionFX/Source/BlendTreeBlend2NodeBase.h,2,4,6
/media/ullmann/HDDGabriel/research/engines/o3de/Gems/LmbrCentral/Code/Source/LmbrCentral.cpp,46,0,46
/media/ullmann/HDDGabriel/research/engines/o3de/Gems/LmbrCentral/Code/Source/Unhandled/Other/AudioAssetTypeInfo.h,0,2,2
/media/ullmann/HDDGabriel/research/engines/o3de/Gems/LandscapeCanvas/Code/Source/Editor/Nodes/Areas/MeshBlockerAreaNode.cpp,1,0,1
/media/ullmann/HDDGabriel/research/engines/o3de/Gems/LandscapeCanvas/Code/Source/Editor/Nodes/Areas/MeshBlockerAreaNode.h,0,2,2
/media/ullmann/HDDGabriel/research/engines/o3de/Gems/ScriptCanvas/Code/Tools/TranslationGeneration.cpp,1,0,1
/media/ullmann/HDDGabriel/research/engines/o3de/Gems/ScriptCanvas/Code/Tools/TranslationGeneration.h,0,1,1
/media/ullmann/HDDGabriel/research/engines/o3de/Gems/ScriptCanvas/Code/Include/ScriptCanvas/Core/EBusHandler.cpp,1,0,1
/media/ullmann/HDDGabriel/research/engines/o3de/Gems/ScriptCanvas/Code/Include/ScriptCanvas/Core/EBusHandler.h,1,1,2
/media/ullmann/HDDGabriel/research/engines/o3de/Gems/ScriptCanvas/Code/Include/ScriptCanvas/Grammar/ParsingUtilities.cpp,3,0,3
/media/ullmann/HDDGabriel/research/engines/o3de/Gems/ScriptCanvas/Code/Include/ScriptCanvas/Grammar/ParsingUtilities.h,2,5,7
/media/ullmann/HDDGabriel/research/engines/o3de/Gems/LyShine/Code/Source/UiDropTargetComponent.h,3,3,6
/media/ullmann/HDDGabriel/research/engines/o3de/Code/Editor/TrackView/TrackViewFindDlg.cpp,2,0,2
/media/ullmann/HDDGabriel/research/engines/o3de/Code/Editor/TrackView/TrackViewFindDlg.h,0,2,2
/media/ullmann/HDDGabriel/research/engines/o3de/Gems/Profiler/Code/Source/ProfilerImGuiSystemComponent.h,2,2,4
/media/ullmann/HDDGabriel/research/engines/o3de/Gems/Profiler/Code/Source/ImGuiCpuProfiler.h,1,2,3
/media/ullmann/HDDGabriel/research/engines/o3de/Code/Framework/AzToolsFramework/AzToolsFramework/UI/Slice/SliceRelationshipWidget.cpp,1,0,1
/media/ullmann/HDDGabriel/research/engines/o3de/Code/Framework/AzToolsFramework/AzToolsFramework/UI/Slice/SliceRelationshipWidget.hxx,0,1,1
/media/ullmann/HDDGabriel/research/engines/o3de/Gems/EMotionFX/Code/EMotionFX/Source/AnimGraphMotionNode.h,4,10,14
/media/ullmann/HDDGabriel/research/engines/o3de/Gems/EMotionFX/Code/EMotionFX/Source/AnimGraphNodeData.h,2,3,5
/media/ullmann/HDDGabriel/research/engines/o3de/Gems/LyShine/Code/Editor/Animation/UiAnimUndo.h,1,3,4
/media/ullmann/HDDGabriel/research/engines/o3de/Gems/LyShine/Code/Editor/Animation/UiAnimUndoManager.h,0,4,4
/media/ullmann/HDDGabriel/research/engines/o3de/Gems/EMotionFX/Code/EMotionFX/Source/AttachmentSkin.cpp,5,0,5
/media/ullmann/HDDGabriel/research/engines/o3de/Gems/LmbrCentral/Code/Source/Audio/EditorAudioSwitchComponent.h,1,2,3
/media/ullmann/HDDGabriel/research/engines/o3de/Gems/Metastream/Code/Source/Platform/iOS/Metastream_Traits_Platform.h,1,0,1
/media/ullmann/HDDGabriel/research/engines/o3de/Gems/Metastream/Code/Source/Platform/iOS/Metastream_Traits_iOS.h,0,1,1
/media/ullmann/HDDGabriel/research/engines/o3de/Gems/EMotionFX/Code/EMotionFX/Tools/EMotionStudio/EMStudioSDK/Source/ToolBarPlugin.cpp,3,0,3
/media/ullmann/HDDGabriel/research/engines/o3de/Gems/EMotionFX/Code/EMotionFX/Tools/EMotionStudio/EMStudioSDK/Source/MainWindow.h,0,17,17
/media/ullmann/HDDGabriel/research/engines/o3de/Gems/Atom/Feature/Common/Code/Source/Platform/Linux/Atom_Feature_Traits_Platform.h,1,0,1
/media/ullmann/HDDGabriel/research/engines/o3de/Gems/Atom/Feature/Common/Code/Source/Platform/Linux/Atom_Feature_Traits_Linux.h,0,1,1
/media/ullmann/HDDGabriel/research/engines/o3de/Gems/StartingPointCamera/Code/Source/StartingPointCameraGem.cpp,10,0,10
/media/ullmann/HDDGabriel/research/engines/o3de/Gems/StartingPointCamera/Code/Source/CameraTransformBehaviors/FollowTargetFromAngle.h,0,2,2
/media/ullmann/HDDGabriel/research/engines/o3de/Gems/LyShine/Code/Editor/Animation/UiAnimViewKeyPropertiesDlg.h,3,3,6
/media/ullmann/HDDGabriel/research/engines/o3de/Gems/LyShine/Code/Editor/Animation/UiAnimViewDopeSheetBase.h,3,4,7
/media/ullmann/HDDGabriel/research/engines/o3de/Code/Framework/AzToolsFramework/AzToolsFramework/ComponentMode/EditorBaseComponentMode.cpp,2,0,2
/media/ullmann/HDDGabriel/research/engines/o3de/Code/Framework/AzToolsFramework/AzToolsFramework/ComponentMode/ComponentModeViewportUiRequestBus.h,0,2,2
/media/ullmann/HDDGabriel/research/engines/o3de/Gems/EMotionFX/Code/EMotionFX/Source/BlendTreeFloatSwitchNode.h,2,1,3
/media/ullmann/HDDGabriel/research/engines/o3de/Gems/ScriptCanvas/Code/Editor/GraphCanvas/DataInterfaces/ScriptCanvasQuaternionDataInterface.h,1,0,1
/media/ullmann/HDDGabriel/research/engines/o3de/Gems/ScriptCanvas/Code/Editor/GraphCanvas/DataInterfaces/ScriptCanvasDataInterface.h,0,9,9
/media/ullmann/HDDGabriel/research/engines/o3de/Gems/LyShine/Code/Editor/Animation/UiAnimViewNode.cpp,3,0,3
/media/ullmann/HDDGabriel/research/engines/o3de/Gems/LyShine/Code/Editor/Animation/UiAnimViewAnimNode.h,2,9,11
/media/ullmann/HDDGabriel/research/engines/o3de/Code/Framework/AzCore/Platform/Common/UnixLike/AzCore/IO/Internal/SystemFileUtils_UnixLike.cpp,1,0,1
/media/ullmann/HDDGabriel/research/engines/o3de/Code/Framework/AzCore/Platform/Common/UnixLike/AzCore/IO/Internal/SystemFileUtils_UnixLike.h,0,1,1
/media/ullmann/HDDGabriel/research/engines/o3de/Gems/EMotionFX/Code/EMotionFX/Source/EMotionFXManager.h,3,19,22
/media/ullmann/HDDGabriel/research/engines/o3de/Gems/AWSMetrics/Code/Source/MetricsManager.h,4,2,6
/media/ullmann/HDDGabriel/research/engines/o3de/Gems/AWSMetrics/Code/Source/AWSMetricsServiceApi.h,1,3,4
/media/ullmann/HDDGabriel/research/engines/o3de/Code/Framework/AzToolsFramework/AzToolsFramework/AssetEditor/AssetEditorHeader.cpp,1,0,1
/media/ullmann/HDDGabriel/research/engines/o3de/Code/Framework/AzToolsFramework/AzToolsFramework/AssetEditor/AssetEditorHeader.h,0,1,1
/media/ullmann/HDDGabriel/research/engines/o3de/Code/Tools/CrashHandler/Tools/Uploader/ToolsCrashUploader.cpp,2,0,2
/media/ullmann/HDDGabriel/research/engines/o3de/Code/Tools/CrashHandler/Tools/Uploader/SendReportDialog.h,0,2,2
/media/ullmann/HDDGabriel/research/engines/o3de/Gems/Maestro/Code/Source/Cinematics/AnimSplineTrack.h,2,6,8
/media/ullmann/HDDGabriel/research/engines/o3de/Gems/Maestro/Code/Source/Cinematics/AnimSplineTrack_Vec2Specialization.h,0,1,1
/media/ullmann/HDDGabriel/research/engines/o3de/Gems/AssetValidation/Code/Tests/AssetValidationTest.cpp,1,0,1
/media/ullmann/HDDGabriel/research/engines/o3de/Gems/AssetValidation/Code/Tests/AssetValidationTestShared.h,0,1,1
/media/ullmann/HDDGabriel/research/engines/o3de/Code/Editor/IconManager.h,2,2,4
/media/ullmann/HDDGabriel/research/engines/o3de/Code/Editor/IEditor.h,2,9,11
/media/ullmann/HDDGabriel/research/engines/o3de/Code/Editor/ErrorRecorder.h,0,2,2
/media/ullmann/HDDGabriel/research/engines/o3de/Gems/Atom/RPI/Code/Tests/Common/ShaderAssetTestUtils.cpp,1,0,1
/media/ullmann/HDDGabriel/research/engines/o3de/Gems/Atom/RPI/Code/Tests/Common/ShaderAssetTestUtils.h,0,1,1
/media/ullmann/HDDGabriel/research/engines/o3de/Code/Tools/LuaIDE/Source/LUA/WatchesPanel.cpp,2,0,2
/media/ullmann/HDDGabriel/research/engines/o3de/Code/Tools/LuaIDE/Source/LUA/LUAEditorDebuggerMessages.h,0,3,3
/media/ullmann/HDDGabriel/research/engines/o3de/Code/Editor/Plugins/ComponentEntityEditorPlugin/UI/AssetCatalogModel.cpp,1,0,1
/media/ullmann/HDDGabriel/research/engines/o3de/Code/Editor/Plugins/ComponentEntityEditorPlugin/UI/AssetCatalogModel.h,0,1,1
/media/ullmann/HDDGabriel/research/engines/o3de/Gems/Terrain/Code/Source/EditorTerrainModule.cpp,11,0,11
/media/ullmann/HDDGabriel/research/engines/o3de/Gems/Terrain/Code/Source/EditorComponents/EditorTerrainSystemComponent.h,0,1,1
/media/ullmann/HDDGabriel/research/engines/o3de/Gems/LyShine/Code/Source/Script/UiElementLuaBus.h,0,2,2
/media/ullmann/HDDGabriel/research/engines/o3de/Gems/EMotionFX/Code/EMotionFX/Source/ActorInstance.cpp,20,0,20
/media/ullmann/HDDGabriel/research/engines/o3de/Gems/EMotionFX/Code/EMotionFX/Source/Mesh.h,5,10,15
/media/ullmann/HDDGabriel/research/engines/o3de/Gems/LyShine/Code/Editor/ViewportMoveGuideInteraction.cpp,4,0,4
/media/ullmann/HDDGabriel/research/engines/o3de/Gems/LyShine/Code/Editor/ViewportMoveGuideInteraction.h,2,2,4
/media/ullmann/HDDGabriel/research/engines/o3de/Gems/EMotionFX/Code/EMotionFX/Tools/EMotionStudio/Plugins/StandardPlugins/Source/TimeView/TimeTrack.h,2,4,6
/media/ullmann/HDDGabriel/research/engines/o3de/Gems/EMotionFX/Code/EMotionFX/Tools/EMotionStudio/Plugins/StandardPlugins/Source/StandardPluginsConfig.h,0,33,33
/media/ullmann/HDDGabriel/research/engines/o3de/Code/Tools/ProjectManager/Source/ScreenFactory.cpp,12,0,12
/media/ullmann/HDDGabriel/research/engines/o3de/Code/Tools/ProjectManager/Source/ScreenFactory.h,1,2,3
/media/ullmann/HDDGabriel/research/engines/o3de/Code/Editor/TrackView/TrackViewTrack.cpp,4,0,4
/media/ullmann/HDDGabriel/research/engines/o3de/Code/Editor/TrackView/TrackViewTrack.h,1,3,4
/media/ullmann/HDDGabriel/research/engines/o3de/Gems/AudioSystem/Code/Source/Editor/QATLControlsTreeModel.h,1,3,4
/media/ullmann/HDDGabriel/research/engines/o3de/Gems/LmbrCentral/Code/Source/Shape/EditorPolygonPrismShapeComponent.h,2,3,5
/media/ullmann/HDDGabriel/research/engines/o3de/Gems/LmbrCentral/Code/Source/Shape/EditorBaseShapeComponent.h,0,11,11
/media/ullmann/HDDGabriel/research/engines/o3de/Gems/AudioEngineWwise/Code/Source/Engine/AudioSystemImplCVars.cpp,1,0,1
/media/ullmann/HDDGabriel/research/engines/o3de/Gems/AudioEngineWwise/Code/Source/Engine/AudioSystemImplCVars.h,0,2,2
/media/ullmann/HDDGabriel/research/engines/o3de/Gems/EMotionFX/Code/MCore/Source/Algorithms.h,3,10,13
/media/ullmann/HDDGabriel/research/engines/o3de/Gems/EMotionFX/Code/MCore/Source/Algorithms.inl,0,1,1
/media/ullmann/HDDGabriel/research/engines/o3de/Gems/WhiteBox/Code/Source/SubComponentModes/EditorWhiteBoxDefaultMode.cpp,2,0,2
/media/ullmann/HDDGabriel/research/engines/o3de/Gems/WhiteBox/Code/Source/SubComponentModes/EditorWhiteBoxDefaultMode.h,0,2,2
/media/ullmann/HDDGabriel/research/engines/o3de/Gems/AWSGameLift/Code/AWSGameLiftServer/Source/GameLiftServerSDKWrapper.cpp,1,0,1
/media/ullmann/HDDGabriel/research/engines/o3de/Gems/AWSGameLift/Code/AWSGameLiftServer/Source/GameLiftServerSDKWrapper.h,0,2,2
/media/ullmann/HDDGabriel/research/engines/o3de/Gems/Atom/RHI/Code/Tests/IndirectBufferTests.cpp,1,0,1
/media/ullmann/HDDGabriel/research/engines/o3de/Gems/Atom/RHI/Code/Tests/RHITestFixture.h,0,18,18
/media/ullmann/HDDGabriel/research/engines/o3de/Gems/LyShine/Code/Editor/NewElementToolbarSection.h,0,1,1
/media/ullmann/HDDGabriel/research/engines/o3de/Code/Legacy/CrySystem/XML/xml.cpp,3,0,3
/media/ullmann/HDDGabriel/research/engines/o3de/Code/Legacy/CrySystem/XML/XMLBinaryReader.h,0,3,3
/media/ullmann/HDDGabriel/research/engines/o3de/Gems/EMotionFX/Code/EMotionFX/Source/AnimGraphHubNode.h,0,1,1
/media/ullmann/HDDGabriel/research/engines/o3de/Gems/VirtualGamepad/Code/Source/VirtualGamepadThumbStickComponent.h,1,2,3
/media/ullmann/HDDGabriel/research/engines/o3de/Gems/VirtualGamepad/Code/Source/VirtualGamepadThumbStickRequestBus.h,0,2,2
/media/ullmann/HDDGabriel/research/engines/o3de/Gems/LyShine/Code/Source/UiElementComponent.cpp,3,0,3
/media/ullmann/HDDGabriel/research/engines/o3de/Gems/LyShine/Code/Source/UiTransform2dComponent.h,1,6,7
/media/ullmann/HDDGabriel/research/engines/o3de/Gems/EMotionFX/Code/EMotionFX/Source/BlendTreeRotationMath2Node.h,2,1,3
/media/ullmann/HDDGabriel/research/engines/o3de/Gems/EMotionFX/Code/EMotionFX/Source/AnimGraphNode.h,6,42,48
/media/ullmann/HDDGabriel/research/engines/o3de/Gems/LyShine/Code/Source/UiInteractableState.cpp,3,0,3
/media/ullmann/HDDGabriel/research/engines/o3de/Gems/LyShine/Code/Source/Sprite.h,0,11,11
/media/ullmann/HDDGabriel/research/engines/o3de/Code/Tools/LuaIDE/Source/LUA/LUAEditorStyleMessages.h,0,9,9
/media/ullmann/HDDGabriel/research/engines/o3de/Code/Legacy/CrySystem/System.cpp,10,0,10
/media/ullmann/HDDGabriel/research/engines/o3de/Code/Legacy/CrySystem/RemoteConsole/RemoteConsole.h,0,2,2
/media/ullmann/HDDGabriel/research/engines/o3de/Code/Editor/MainWindow.h,3,24,27
/media/ullmann/HDDGabriel/research/engines/o3de/Code/Editor/Util/CryMemFile.h,0,1,1
/media/ullmann/HDDGabriel/research/engines/o3de/Gems/LyShine/Code/Editor/EditorMenu.cpp,5,0,5
/media/ullmann/HDDGabriel/research/engines/o3de/Gems/MotionMatching/Code/Source/FeatureAngularVelocity.cpp,6,0,6
/media/ullmann/HDDGabriel/research/engines/o3de/Gems/MotionMatching/Code/Source/MotionMatchingInstance.h,3,8,11
/media/ullmann/HDDGabriel/research/engines/o3de/Gems/Terrain/Code/Tests/TerrainPhysicsColliderTests.cpp,2,0,2
/media/ullmann/HDDGabriel/research/engines/o3de/Gems/Terrain/Code/Tests/MockAxisAlignedBoxShapeComponent.h,0,7,7
/media/ullmann/HDDGabriel/research/engines/o3de/Gems/EMotionFX/Code/EMotionFX/Source/AnimGraphNode.cpp,19,0,19
/media/ullmann/HDDGabriel/research/engines/o3de/Gems/EMotionFX/Code/EMotionFX/Source/AnimGraphSyncTrack.h,2,3,5
/media/ullmann/HDDGabriel/research/engines/o3de/Gems/SceneProcessing/Code/Source/SceneProcessingModule.cpp,8,0,8
/media/ullmann/HDDGabriel/research/engines/o3de/Gems/SceneProcessing/Code/Source/Generation/Components/MeshOptimizer/MeshOptimizerComponent.h,0,1,1
/media/ullmann/HDDGabriel/research/engines/o3de/Code/Tools/AssetProcessor/native/connection/connectionManager.cpp,2,0,2
/media/ullmann/HDDGabriel/research/engines/o3de/Code/Tools/AssetProcessor/native/connection/connection.h,0,3,3
/media/ullmann/HDDGabriel/research/engines/o3de/Gems/AWSMetrics/Code/Source/MetricsAttribute.cpp,1,0,1
/media/ullmann/HDDGabriel/research/engines/o3de/Gems/AWSMetrics/Code/Source/AWSMetricsConstant.h,0,4,4
/media/ullmann/HDDGabriel/research/engines/o3de/Gems/WhiteBox/Code/Tests/WhiteBoxPhysicsTest.cpp,2,0,2
/media/ullmann/HDDGabriel/research/engines/o3de/Gems/WhiteBox/Code/Tests/WhiteBoxTestFixtures.h,0,8,8
/media/ullmann/HDDGabriel/research/engines/o3de/Code/Tools/AssetProcessor/native/unittests/RCcontrollerUnitTests.cpp,1,0,1
/media/ullmann/HDDGabriel/research/engines/o3de/Code/Tools/AssetProcessor/native/unittests/RCcontrollerUnitTests.h,1,1,2
/media/ullmann/HDDGabriel/research/engines/o3de/Gems/LyShine/Code/Source/LyShineModule.cpp,39,0,39
/media/ullmann/HDDGabriel/research/engines/o3de/Gems/LyShine/Code/Source/UiLayoutColumnComponent.h,1,4,5
/media/ullmann/HDDGabriel/research/engines/o3de/Gems/AWSMetrics/Code/Source/MetricsEventBuilder.h,1,2,3
/media/ullmann/HDDGabriel/research/engines/o3de/Gems/AWSMetrics/Code/Source/MetricsEvent.h,0,5,5
/media/ullmann/HDDGabriel/research/engines/o3de/Gems/LyShine/Code/Editor/ViewportElement.cpp,3,0,3
/media/ullmann/HDDGabriel/research/engines/o3de/Gems/LyShine/Code/Editor/ViewportElement.h,1,3,4
/media/ullmann/HDDGabriel/research/engines/o3de/Code/Tools/AssetProcessor/native/unittests/UtilitiesUnitTests.h,1,1,2
/media/ullmann/HDDGabriel/research/engines/o3de/Code/Tools/AssetProcessor/native/unittests/UnitTestRunner.h,0,11,11
/media/ullmann/HDDGabriel/research/engines/o3de/Gems/LmbrCentral/Code/Source/Shape/EditorCylinderShapeComponent.cpp,4,0,4
/media/ullmann/HDDGabriel/research/engines/o3de/Gems/LmbrCentral/Code/Source/Shape/ShapeDisplay.h,0,9,9
/media/ullmann/HDDGabriel/research/engines/o3de/Gems/EMotionFX/Code/EMotionFX/Tools/EMotionStudio/EMStudioSDK/Source/SaveChangedFilesManager.cpp,2,0,2
/media/ullmann/HDDGabriel/research/engines/o3de/Gems/EMotionFX/Code/EMotionFX/Tools/EMotionStudio/EMStudioSDK/Source/EMStudioManager.h,6,40,46
/media/ullmann/HDDGabriel/research/engines/o3de/Gems/LyShine/Code/Editor/Animation/UiAVEventsDialog.cpp,4,0,4
/media/ullmann/HDDGabriel/research/engines/o3de/Gems/LyShine/Code/Editor/Animation/AnimationContext.h,0,11,11
/media/ullmann/HDDGabriel/research/engines/o3de/Gems/AtomTressFX/External/Code/src/TressFX/TressFXBoneSkinning.cpp,3,0,3
/media/ullmann/HDDGabriel/research/engines/o3de/Gems/AtomTressFX/External/Code/src/TressFX/TressFXBoneSkinning.h,4,1,5
/media/ullmann/HDDGabriel/research/engines/o3de/Code/Framework/AzToolsFramework/AzToolsFramework/ToolsComponents/EditorPendingCompositionComponent.cpp,1,0,1
/media/ullmann/HDDGabriel/research/engines/o3de/Code/Framework/AzToolsFramework/AzToolsFramework/ToolsComponents/EditorPendingCompositionComponent.h,2,1,3
/media/ullmann/HDDGabriel/research/engines/o3de/Gems/ScriptEvents/Code/Include/ScriptEvents/ScriptEvent.h,1,4,5
/media/ullmann/HDDGabriel/research/engines/o3de/Gems/ScriptEvents/Code/Include/ScriptEvents/ScriptEventsAsset.h,1,4,5
/media/ullmann/HDDGabriel/research/engines/o3de/Code/Editor/StartupLogoDialog.cpp,2,0,2
/media/ullmann/HDDGabriel/research/engines/o3de/Code/Editor/EditorDefs.h,14,85,99
/media/ullmann/HDDGabriel/research/engines/o3de/Code/Tools/LuaIDE/Source/LUA/LUAEditorView.cpp,8,0,8
/media/ullmann/HDDGabriel/research/engines/o3de/Code/Tools/LuaIDE/Source/LUA/LUABreakpointTrackerMessages.h,0,7,7
/media/ullmann/HDDGabriel/research/engines/o3de/Code/Editor/DisplaySettingsPythonFuncs.cpp,3,0,3
/media/ullmann/HDDGabriel/research/engines/o3de/Gems/StartingPointCamera/Code/Source/CameraTransformBehaviors/OffsetCameraPosition.h,0,2,2
/media/ullmann/HDDGabriel/research/engines/o3de/Gems/BarrierInput/Code/Source/BarrierInputModule.cpp,1,0,1
/media/ullmann/HDDGabriel/research/engines/o3de/Gems/BarrierInput/Code/Source/BarrierInputSystemComponent.h,1,2,3
/media/ullmann/HDDGabriel/research/engines/o3de/Gems/ScriptCanvas/Code/Include/ScriptCanvas/Core/Slot.h,0,3,3
/media/ullmann/HDDGabriel/research/engines/o3de/Code/Framework/AzToolsFramework/AzToolsFramework/UI/LegacyFramework/UIFramework.hxx,1,2,3
/media/ullmann/HDDGabriel/research/engines/o3de/Code/Framework/AzToolsFramework/AzToolsFramework/UI/LegacyFramework/UIFrameworkAPI.h,0,1,1
/media/ullmann/HDDGabriel/research/engines/o3de/Code/Editor/WaitProgress.cpp,5,0,5
/media/ullmann/HDDGabriel/research/engines/o3de/Gems/AWSCore/Code/Source/AWSCoreEditorSystemComponent.cpp,2,0,2
/media/ullmann/HDDGabriel/research/engines/o3de/Gems/AWSCore/Code/Source/Editor/UI/AWSCoreEditorMenu.h,0,1,1
/media/ullmann/HDDGabriel/research/engines/o3de/Gems/LyShine/Code/Source/UiCheckboxComponent.cpp,3,0,3
/media/ullmann/HDDGabriel/research/engines/o3de/Gems/LyShine/Code/Source/UiSerialize.h,0,20,20
/media/ullmann/HDDGabriel/research/engines/o3de/Gems/EMotionFX/Code/EMotionFX/Tools/EMotionStudio/Plugins/StandardPlugins/Source/AnimGraph/ParameterEditor/ParameterEditorFactory.cpp,15,0,15
/media/ullmann/HDDGabriel/research/engines/o3de/Gems/EMotionFX/Code/EMotionFX/Tools/EMotionStudio/Plugins/StandardPlugins/Source/AnimGraph/ParameterEditor/Vector2ParameterEditor.h,1,2,3
/media/ullmann/HDDGabriel/research/engines/o3de/Gems/EMotionFX/Code/EMotionFX/Source/EMotionFXManager.cpp,10,0,10
/media/ullmann/HDDGabriel/research/engines/o3de/Gems/EMotionFX/Code/EMotionFX/Source/SoftSkinManager.h,2,2,4
/media/ullmann/HDDGabriel/research/engines/o3de/Gems/EMotionFX/Code/EMotionFX/Source/MeshDeformerStack.h,3,4,7
/media/ullmann/HDDGabriel/research/engines/o3de/Gems/EMotionFX/Code/MCore/Source/Command.cpp,1,0,1
/media/ullmann/HDDGabriel/research/engines/o3de/Gems/EMotionFX/Code/MCore/Source/Command.h,3,4,7
/media/ullmann/HDDGabriel/research/engines/o3de/Gems/LyShine/Code/Editor/Animation/UiAnimViewSequence.h,1,18,19
/media/ullmann/HDDGabriel/research/engines/o3de/Gems/LmbrCentral/Code/Source/Shape/EditorAxisAlignedBoxShapeComponent.h,3,2,5
/media/ullmann/HDDGabriel/research/engines/o3de/Code/Editor/EditorPreferencesPageExperimentalLighting.cpp,3,0,3
/media/ullmann/HDDGabriel/research/engines/o3de/Gems/ScriptCanvas/Code/Include/ScriptCanvas/Libraries/Deprecated/UnitTesting/ExpectLessThan.cpp,1,0,1
/media/ullmann/HDDGabriel/research/engines/o3de/Gems/ScriptCanvas/Code/Include/ScriptCanvas/Libraries/Deprecated/UnitTesting/ExpectLessThan.h,0,1,1
/media/ullmann/HDDGabriel/research/engines/o3de/Gems/LmbrCentral/Code/Source/Rendering/EntityDebugDisplayComponent.cpp,1,0,1
/media/ullmann/HDDGabriel/research/engines/o3de/Gems/LmbrCentral/Code/Source/Rendering/EntityDebugDisplayComponent.h,0,1,1
/media/ullmann/HDDGabriel/research/engines/o3de/Code/Tools/AWSNativeSDKInit/tests/libs/AWSNativeSDKTestManager.cpp,1,0,1
/media/ullmann/HDDGabriel/research/engines/o3de/Code/Tools/AWSNativeSDKInit/tests/libs/AWSNativeSDKTestManager.h,0,1,1
/media/ullmann/HDDGabriel/research/engines/o3de/Gems/LyShine/Code/Source/Animation/EventNode.cpp,3,0,3
/media/ullmann/HDDGabriel/research/engines/o3de/Gems/LyShine/Code/Source/Animation/TrackEventTrack.h,1,4,5
/media/ullmann/HDDGabriel/research/engines/o3de/Gems/ScriptCanvas/Code/Include/ScriptCanvas/Core/DatumBus.h,1,1,2
/media/ullmann/HDDGabriel/research/engines/o3de/Gems/ScriptCanvas/Code/Include/ScriptCanvas/Core/Core.h,0,10,10
/media/ullmann/HDDGabriel/research/engines/o3de/Gems/ScriptCanvas/Code/Include/ScriptCanvas/Libraries/Logic/LogicLibrary.cpp,5,0,5
/media/ullmann/HDDGabriel/research/engines/o3de/Gems/ScriptCanvas/Code/Include/ScriptCanvas/Libraries/Logic/Or.h,0,1,1
/media/ullmann/HDDGabriel/research/engines/o3de/Gems/ScriptEvents/Code/Include/ScriptEvents/Internal/BehaviorContextBinding/ScriptEventMethod.cpp,2,0,2
/media/ullmann/HDDGabriel/research/engines/o3de/Gems/ScriptEvents/Code/Include/ScriptEvents/Internal/BehaviorContextBinding/ScriptEventsBindingBus.h,0,3,3
/media/ullmann/HDDGabriel/research/engines/o3de/Code/Legacy/CryCommon/Cry_Color.h,2,6,8
/media/ullmann/HDDGabriel/research/engines/o3de/Code/Legacy/CryCommon/platform.h,2,9,11
/media/ullmann/HDDGabriel/research/engines/o3de/Gems/AudioSystem/Code/Source/Editor/AudioControlsEditorUndo.cpp,4,0,4
/media/ullmann/HDDGabriel/research/engines/o3de/Code/Editor/Util/EditorUtils.h,0,4,4
/media/ullmann/HDDGabriel/research/engines/o3de/Gems/LyShine/Code/Editor/CanvasSizeToolbarSection.h,0,2,2
/media/ullmann/HDDGabriel/research/engines/o3de/Gems/LmbrCentral/Code/Source/Shape/EditorSphereShapeComponent.h,2,3,5
/media/ullmann/HDDGabriel/research/engines/o3de/Gems/SurfaceData/Code/Source/SurfaceDataEditorModule.cpp,4,0,4
/media/ullmann/HDDGabriel/research/engines/o3de/Gems/SurfaceData/Code/Source/Editor/EditorSurfaceDataSystemComponent.h,1,2,3
/media/ullmann/HDDGabriel/research/engines/o3de/Code/Framework/AzFramework/Tests/Platform/Common/Xcb/XcbInputDeviceKeyboardTests.cpp,5,0,5
/media/ullmann/HDDGabriel/research/engines/o3de/Code/Framework/AzFramework/Tests/Platform/Common/Xcb/Actions.h,0,2,2
/media/ullmann/HDDGabriel/research/engines/o3de/Code/Tools/ProjectManager/Source/FormLineEditWidget.cpp,1,0,1
/media/ullmann/HDDGabriel/research/engines/o3de/Code/Tools/ProjectManager/Source/FormLineEditWidget.h,0,6,6
/media/ullmann/HDDGabriel/research/engines/o3de/Gems/Maestro/Code/Source/Cinematics/EventTrack.cpp,2,0,2
/media/ullmann/HDDGabriel/research/engines/o3de/Gems/Maestro/Code/Source/Cinematics/EventTrack.h,1,3,4
/media/ullmann/HDDGabriel/research/engines/o3de/Gems/GraphCanvas/Code/Source/GraphCanvasEditorModule.cpp,44,0,44
/media/ullmann/HDDGabriel/research/engines/o3de/Gems/GraphCanvas/Code/Source/Components/Nodes/Wrapper/WrapperNodeLayoutComponent.h,0,2,2
/media/ullmann/HDDGabriel/research/engines/o3de/Code/Framework/AzToolsFramework/AzToolsFramework/Entity/EditorEntitySortComponent.h,1,1,2
/media/ullmann/HDDGabriel/research/engines/o3de/Code/Framework/AzToolsFramework/AzToolsFramework/Entity/EditorEntitySortBus.h,0,4,4
/media/ullmann/HDDGabriel/research/engines/o3de/Gems/GraphCanvas/Code/Source/Components/GeometryComponent.h,0,2,2
/media/ullmann/HDDGabriel/research/engines/o3de/Gems/EMotionFX/Code/Tests/AnimGraphTransitionTests.cpp,1,0,1
/media/ullmann/HDDGabriel/research/engines/o3de/Gems/EMotionFX/Code/Tests/AnimGraphTransitionFixture.h,1,2,3
/media/ullmann/HDDGabriel/research/engines/o3de/Code/Tools/ProjectManager/Source/main.cpp,1,0,1
/media/ullmann/HDDGabriel/research/engines/o3de/Code/Tools/ProjectManager/Source/Application.h,3,2,5
/media/ullmann/HDDGabriel/research/engines/o3de/Gems/Atom/RHI/Metal/Code/Source/Platform/Mac/Metal_Traits_Platform.h,1,0,1
/media/ullmann/HDDGabriel/research/engines/o3de/Gems/Atom/RHI/Metal/Code/Source/Platform/Mac/Metal_Traits_Mac.h,0,1,1
/media/ullmann/HDDGabriel/research/engines/o3de/Gems/LyShine/Code/Editor/Animation/UiAnimViewTrack.cpp,6,0,6
/media/ullmann/HDDGabriel/research/engines/o3de/Gems/LyShine/Code/Editor/Animation/UiAnimViewUndo.h,3,12,15
/media/ullmann/HDDGabriel/research/engines/o3de/Gems/LmbrCentral/Code/Source/Asset/AssetSystemDebugComponent.h,0,2,2
/media/ullmann/HDDGabriel/research/engines/o3de/Gems/DebugDraw/Code/Source/EditorDebugDrawObbComponent.cpp,1,0,1
/media/ullmann/HDDGabriel/research/engines/o3de/Gems/DebugDraw/Code/Source/EditorDebugDrawObbComponent.h,2,3,5
/media/ullmann/HDDGabriel/research/engines/o3de/Gems/Atom/Asset/ImageProcessingAtom/Code/Source/Platform/iOS/ImageProcessing_Traits_Platform.h,1,0,1
/media/ullmann/HDDGabriel/research/engines/o3de/Gems/Atom/Asset/ImageProcessingAtom/Code/Source/Platform/iOS/ImageProcessing_Traits_iOS.h,0,1,1
/media/ullmann/HDDGabriel/research/engines/o3de/Gems/AWSGameLift/Code/AWSGameLiftClient/Source/AWSGameLiftClientManager.cpp,10,0,10
/media/ullmann/HDDGabriel/research/engines/o3de/Gems/AWSGameLift/Code/AWSGameLiftClient/Source/Activity/AWSGameLiftCreateSessionActivity.h,0,1,1
/media/ullmann/HDDGabriel/research/engines/o3de/Gems/LyShine/Code/Source/UiMarkupButtonComponent.h,2,4,6
/media/ullmann/HDDGabriel/research/engines/o3de/Gems/EMotionFX/Code/EMotionFX/Tools/EMotionStudio/Plugins/StandardPlugins/Source/AnimGraph/ParameterEditor/StringParameterEditor.cpp,1,0,1
/media/ullmann/HDDGabriel/research/engines/o3de/Gems/EMotionFX/Code/EMotionFX/Tools/EMotionStudio/Plugins/StandardPlugins/Source/AnimGraph/ParameterEditor/StringParameterEditor.h,1,2,3
/media/ullmann/HDDGabriel/research/engines/o3de/Gems/EMotionFX/Code/EMotionFX/Source/BlendTreeFinalNode.cpp,5,0,5
/media/ullmann/HDDGabriel/research/engines/o3de/Gems/EMotionFX/Code/EMotionFX/Source/BlendTreeFinalNode.h,2,2,4
/media/ullmann/HDDGabriel/research/engines/o3de/Gems/EMotionFX/Code/EMotionFX/CommandSystem/Source/ImporterCommands.cpp,2,0,2
/media/ullmann/HDDGabriel/research/engines/o3de/Gems/EMotionFX/Code/EMotionFX/CommandSystem/Source/ImporterCommands.h,2,1,3
/media/ullmann/HDDGabriel/research/engines/o3de/Gems/LyShine/Code/Source/UiElementComponent.h,1,12,13
/media/ullmann/HDDGabriel/research/engines/o3de/Code/Legacy/CrySystem/CmdLineArg.cpp,2,0,2
/media/ullmann/HDDGabriel/research/engines/o3de/Code/Legacy/CrySystem/CmdLineArg.h,0,2,2
/media/ullmann/HDDGabriel/research/engines/o3de/Gems/EMotionFX/Code/EMotionFX/Tools/EMotionStudio/Plugins/StandardPlugins/Source/TimeView/TrackDataHeaderWidget.cpp,8,0,8
/media/ullmann/HDDGabriel/research/engines/o3de/Gems/EMotionFX/Code/EMotionFX/Tools/EMotionStudio/Plugins/StandardPlugins/Source/MotionEvents/MotionEventsPlugin.h,3,3,6
/media/ullmann/HDDGabriel/research/engines/o3de/Code/Legacy/CrySystem/WindowsErrorReporting.cpp,2,0,2
/media/ullmann/HDDGabriel/research/engines/o3de/Code/Legacy/CrySystem/System.h,1,14,15
/media/ullmann/HDDGabriel/research/engines/o3de/Gems/EMotionFX/Code/EMotionFX/Source/ThreadData.h,4,2,6
/media/ullmann/HDDGabriel/research/engines/o3de/Gems/EMotionFX/Code/EMotionFX/Source/BaseObject.h,0,37,37
/media/ullmann/HDDGabriel/research/engines/o3de/Gems/LyShine/Code/Editor/ViewportMoveInteraction.cpp,2,0,2
/media/ullmann/HDDGabriel/research/engines/o3de/Gems/LyShine/Code/Editor/ViewportMoveInteraction.h,2,2,4
/media/ullmann/HDDGabriel/research/engines/o3de/Gems/EMotionFX/Code/EMotionFX/Source/BlendTreeSmoothingNode.cpp,3,0,3
/media/ullmann/HDDGabriel/research/engines/o3de/Gems/EMotionFX/Code/EMotionFX/Source/AnimGraphStateTransition.cpp,10,0,10
/media/ullmann/HDDGabriel/research/engines/o3de/Gems/LmbrCentral/Code/Source/Shape/EditorTubeShapeComponent.cpp,5,0,5
/media/ullmann/HDDGabriel/research/engines/o3de/Gems/LmbrCentral/Code/Source/Shape/EditorTubeShapeComponentMode.h,0,2,2
/media/ullmann/HDDGabriel/research/engines/o3de/Gems/WhiteBox/Code/Source/Asset/WhiteBoxMeshAssetUndoCommand.cpp,1,0,1
/media/ullmann/HDDGabriel/research/engines/o3de/Gems/WhiteBox/Code/Source/Asset/WhiteBoxMeshAssetUndoCommand.h,1,1,2
/media/ullmann/HDDGabriel/research/engines/o3de/Gems/LyShine/Code/Editor/EditorWindow.cpp,8,0,8
/media/ullmann/HDDGabriel/research/engines/o3de/Gems/LyShine/Code/Editor/PivotPresets.h,0,4,4
/media/ullmann/HDDGabriel/research/engines/o3de/Gems/EMotionFX/Code/EMotionFX/Source/EventManager.cpp,6,0,6
/media/ullmann/HDDGabriel/research/engines/o3de/Gems/EMotionFX/Code/EMotionFX/Source/AnimGraph.h,0,15,15
/media/ullmann/HDDGabriel/research/engines/o3de/Code/Tools/AssetProcessor/native/tests/assetBuilderSDK/AssetBuilderSDKBehaviorTests.cpp,1,0,1
/media/ullmann/HDDGabriel/research/engines/o3de/Code/Tools/AssetProcessor/native/tests/assetBuilderSDK/assetBuilderSDKTest.h,0,3,3
/media/ullmann/HDDGabriel/research/engines/o3de/Gems/MotionMatching/Code/Source/FeatureSchema.cpp,2,0,2
/media/ullmann/HDDGabriel/research/engines/o3de/Gems/MotionMatching/Code/Source/Allocators.h,0,18,18
/media/ullmann/HDDGabriel/research/engines/o3de/Gems/GraphCanvas/Code/Source/Components/Connections/ConnectionComponent.h,0,2,2
/media/ullmann/HDDGabriel/research/engines/o3de/Code/Tools/TestImpactFramework/Frontend/Console/Python/Code/Source/TestImpactConsoleMain.cpp,2,0,2
/media/ullmann/HDDGabriel/research/engines/o3de/Code/Tools/TestImpactFramework/Frontend/Console/Python/Code/Source/TestImpactPythonCommandLineOptions.h,0,1,1
/media/ullmann/HDDGabriel/research/engines/o3de/Gems/Meshlets/Code/Source/Meshlets/MeshletsFeatureProcessor.h,3,3,6
/media/ullmann/HDDGabriel/research/engines/o3de/Gems/Meshlets/Code/Source/Meshlets/MultiDispatchComputePass.h,1,2,3
/media/ullmann/HDDGabriel/research/engines/o3de/Gems/ScriptEvents/Code/Include/ScriptEvents/Internal/BehaviorContextBinding/ScriptEventBroadcast.cpp,2,0,2
/media/ullmann/HDDGabriel/research/engines/o3de/Gems/ScriptEvents/Code/Include/ScriptEvents/Internal/BehaviorContextBinding/ScriptEventBroadcast.h,0,1,1
/media/ullmann/HDDGabriel/research/engines/o3de/Code/Framework/AzFramework/AzFramework/Visibility/EntityVisibilityBoundsUnionSystem.cpp,1,0,1
/media/ullmann/HDDGabriel/research/engines/o3de/Code/Framework/AzFramework/AzFramework/Visibility/EntityVisibilityBoundsUnionSystem.h,0,1,1
/media/ullmann/HDDGabriel/research/engines/o3de/Gems/ScriptCanvas/Code/Include/ScriptCanvas/Libraries/Operators/Math/OperatorLerpNodeableNode.cpp,1,0,1
/media/ullmann/HDDGabriel/research/engines/o3de/Gems/ScriptCanvas/Code/Include/ScriptCanvas/Libraries/Operators/Math/OperatorLerpNodeableNode.h,0,1,1
/media/ullmann/HDDGabriel/research/engines/o3de/Gems/LandscapeCanvas/Code/Source/LandscapeCanvasSystemComponent.cpp,45,0,45
/media/ullmann/HDDGabriel/research/engines/o3de/Gems/LandscapeCanvas/Code/Source/Editor/Nodes/AreaModifiers/RotationModifierNode.h,0,2,2
/media/ullmann/HDDGabriel/research/engines/o3de/Gems/EMotionFX/Code/EMotionFX/Source/BlendTreeBlend2Node.cpp,11,0,11
/media/ullmann/HDDGabriel/research/engines/o3de/Gems/EMotionFX/Code/EMotionFX/Source/AnimGraphInstance.h,0,24,24
/media/ullmann/HDDGabriel/research/engines/o3de/Gems/LyShine/Code/Editor/Animation/UiAnimViewDialog.h,5,9,14
/media/ullmann/HDDGabriel/research/engines/o3de/Gems/LyShine/Code/Editor/ViewportInteraction.h,1,7,8
/media/ullmann/HDDGabriel/research/engines/o3de/Code/Editor/Controls/ConsoleSCB.h,0,7,7
/media/ullmann/HDDGabriel/research/engines/o3de/Code/Tools/ProjectManager/Source/GemsGemRepoScreen.h,1,2,3
/media/ullmann/HDDGabriel/research/engines/o3de/Code/Tools/ProjectManager/Source/ScreenWidget.h,2,8,10
/media/ullmann/HDDGabriel/research/engines/o3de/Gems/LyShine/Code/Source/UiTextComponent.cpp,8,0,8
/media/ullmann/HDDGabriel/research/engines/o3de/Gems/LyShine/Code/Source/UiTextComponent.h,1,5,6
/media/ullmann/HDDGabriel/research/engines/o3de/Gems/ExpressionEvaluation/Code/Source/ExpressionEvaluationModule.cpp,1,0,1
/media/ullmann/HDDGabriel/research/engines/o3de/Code/Editor/EditorPreferencesPageViewportManipulator.cpp,4,0,4
/media/ullmann/HDDGabriel/research/engines/o3de/Gems/Meshlets/Code/Source/Meshlets/MeshletsRenderPass.h,1,2,3
/media/ullmann/HDDGabriel/research/engines/o3de/Gems/Meshlets/Code/Source/Meshlets/MeshletsRenderObject.h,3,4,7
/media/ullmann/HDDGabriel/research/engines/o3de/Gems/EMotionFX/Code/EMotionFX/Tools/EMotionStudio/Plugins/StandardPlugins/Source/AnimGraph/AnimGraphPluginCallbacks.cpp,16,0,16
/media/ullmann/HDDGabriel/research/engines/o3de/Code/Framework/AzToolsFramework/AzToolsFramework/ViewportSelection/EditorVisibleEntityDataCache.cpp,1,0,1
/media/ullmann/HDDGabriel/research/engines/o3de/Code/Framework/AzToolsFramework/AzToolsFramework/ViewportSelection/EditorVisibleEntityDataCache.h,0,1,1
/media/ullmann/HDDGabriel/research/engines/o3de/Code/Tools/ProjectManager/Source/ProjectButtonWidget.h,2,3,5
/media/ullmann/HDDGabriel/research/engines/o3de/Code/Tools/ProjectManager/Source/EngineInfo.h,0,5,5
/media/ullmann/HDDGabriel/research/engines/o3de/Code/Framework/AzToolsFramework/AzToolsFramework/Entity/EditorEntitySortComponent.cpp,3,0,3
/media/ullmann/HDDGabriel/research/engines/o3de/Code/Framework/AzToolsFramework/AzToolsFramework/Entity/EditorEntityInfoBus.h,1,2,3
/media/ullmann/HDDGabriel/research/engines/o3de/Code/Framework/AzQtComponents/AzQtComponents/Gallery/RadioButtonPage.cpp,1,0,1
/media/ullmann/HDDGabriel/research/engines/o3de/Code/Framework/AzQtComponents/AzQtComponents/Gallery/RadioButtonPage.h,0,2,2
/media/ullmann/HDDGabriel/research/engines/o3de/Gems/StartingPointCamera/Code/Source/CameraTransformBehaviors/Rotate.cpp,1,0,1
/media/ullmann/HDDGabriel/research/engines/o3de/Gems/StartingPointCamera/Code/Source/CameraTransformBehaviors/Rotate.h,0,2,2
/media/ullmann/HDDGabriel/research/engines/o3de/Gems/Vegetation/Code/Source/Editor/EditorBlockerComponent.cpp,1,0,1
/media/ullmann/HDDGabriel/research/engines/o3de/Gems/Vegetation/Code/Source/Editor/EditorBlockerComponent.h,0,2,2
/media/ullmann/HDDGabriel/research/engines/o3de/Gems/AWSClientAuth/Code/Source/AWSClientAuthSystemComponent.cpp,7,0,7
/media/ullmann/HDDGabriel/research/engines/o3de/Gems/AWSClientAuth/Code/Source/Authorization/AWSCognitoAuthorizationController.h,0,2,2
/media/ullmann/HDDGabriel/research/engines/o3de/Gems/EMotionFX/Code/EMotionFX/Source/BlendTreeBlend2LegacyNode.cpp,11,0,11
/media/ullmann/HDDGabriel/research/engines/o3de/Gems/EMotionFX/Code/EMotionFX/Source/AnimGraphAttributeTypes.h,5,15,20
/media/ullmann/HDDGabriel/research/engines/o3de/Gems/AudioSystem/Code/Platform/Mac/AudioSystem_Traits_Platform.h,1,0,1
/media/ullmann/HDDGabriel/research/engines/o3de/Gems/AudioSystem/Code/Platform/Mac/AudioSystem_Traits_Mac.h,0,1,1
/media/ullmann/HDDGabriel/research/engines/o3de/Gems/EMotionFX/Code/EMotionFX/Source/RepositioningLayerPass.cpp,8,0,8
/media/ullmann/HDDGabriel/research/engines/o3de/Gems/EMotionFX/Code/EMotionFX/Source/MotionInstance.h,0,15,15
/media/ullmann/HDDGabriel/research/engines/o3de/Gems/LyShine/Code/Source/LyShineDebug.h,0,5,5
/media/ullmann/HDDGabriel/research/engines/o3de/Code/Tools/ProjectManager/Source/NewProjectSettingsScreen.cpp,11,0,11
/media/ullmann/HDDGabriel/research/engines/o3de/Gems/Stars/Code/Source/StarsSystemComponent.cpp,3,0,3
/media/ullmann/HDDGabriel/research/engines/o3de/Gems/EMotionFX/Code/EMotionFX/Source/MorphTargetStandard.cpp,9,0,9
/media/ullmann/HDDGabriel/research/engines/o3de/Gems/EMotionFX/Code/EMotionFX/Source/Node.h,2,22,24
/media/ullmann/HDDGabriel/research/engines/o3de/Gems/Meshlets/Code/Source/MeshletsSystemComponent.cpp,1,0,1
/media/ullmann/HDDGabriel/research/engines/o3de/Gems/Meshlets/Code/Source/MeshletsSystemComponent.h,0,4,4
/media/ullmann/HDDGabriel/research/engines/o3de/Code/Tools/AssetProcessor/native/ui/AssetTreeFilterModel.cpp,2,0,2
/media/ullmann/HDDGabriel/research/engines/o3de/Code/Tools/AssetProcessor/native/ui/AssetTreeItem.h,0,6,6
/media/ullmann/HDDGabriel/research/engines/o3de/Gems/LyShine/Code/Source/UiScrollBoxComponent.h,2,4,6
/media/ullmann/HDDGabriel/research/engines/o3de/Gems/LyShine/Code/Source/UiNavigationHelpers.h,0,10,10
/media/ullmann/HDDGabriel/research/engines/o3de/Gems/PhysX/Code/Tests/PhysXCollisionFilteringTest.cpp,3,0,3
/media/ullmann/HDDGabriel/research/engines/o3de/Gems/PhysX/Code/Tests/PhysXTestFixtures.h,0,5,5
/media/ullmann/HDDGabriel/research/engines/o3de/Gems/EMotionFX/Code/EMotionFX/Tools/EMotionStudio/Plugins/StandardPlugins/Source/SceneManager/ActorPropertiesWindow.cpp,4,0,4
/media/ullmann/HDDGabriel/research/engines/o3de/Code/Editor/Plugins/EditorAssetImporter/AssetImporterDocument.cpp,1,0,1
/media/ullmann/HDDGabriel/research/engines/o3de/Code/Editor/Plugins/EditorAssetImporter/AssetImporterDocument.h,0,2,2
/media/ullmann/HDDGabriel/research/engines/o3de/Gems/EMotionFX/Code/EMotionFX/Tools/EMotionStudio/Plugins/StandardPlugins/Source/AnimGraph/ParameterEditor/TagParameterEditor.cpp,1,0,1
/media/ullmann/HDDGabriel/research/engines/o3de/Gems/EMotionFX/Code/EMotionFX/Tools/EMotionStudio/Plugins/StandardPlugins/Source/AnimGraph/ParameterEditor/TagParameterEditor.h,1,2,3
/media/ullmann/HDDGabriel/research/engines/o3de/Gems/WhiteBox/Code/Source/Rendering/WhiteBoxNullRenderMesh.h,1,2,3
/media/ullmann/HDDGabriel/research/engines/o3de/Gems/WhiteBox/Code/Source/Rendering/WhiteBoxRenderMeshInterface.h,0,4,4
/media/ullmann/HDDGabriel/research/engines/o3de/Gems/EMotionFX/Code/EMotionFX/Source/MotionSystem.cpp,8,0,8
/media/ullmann/HDDGabriel/research/engines/o3de/Gems/EMotionFX/Code/EMotionFX/Source/MotionSystem.h,2,3,5
/media/ullmann/HDDGabriel/research/engines/o3de/Gems/AtomTressFX/External/Code/src/TressFX/TressFXLayouts.cpp,1,0,1
/media/ullmann/HDDGabriel/research/engines/o3de/Gems/AtomTressFX/External/Code/src/TressFX/TressFXLayouts.h,1,8,9
/media/ullmann/HDDGabriel/research/engines/o3de/Gems/LyShine/Code/Source/UiScrollBarComponent.h,1,4,5
/media/ullmann/HDDGabriel/research/engines/o3de/Gems/LmbrCentral/Code/Source/Shape/CylinderShapeComponent.h,1,5,6
/media/ullmann/HDDGabriel/research/engines/o3de/Code/Editor/Dialogs/PythonScriptsDialog.h,0,2,2
/media/ullmann/HDDGabriel/research/engines/o3de/Gems/NvCloth/Code/Tests/TriangleInputHelper.cpp,1,0,1
/media/ullmann/HDDGabriel/research/engines/o3de/Gems/NvCloth/Code/Tests/TriangleInputHelper.h,0,3,3
/media/ullmann/HDDGabriel/research/engines/o3de/Gems/Maestro/Code/Source/Components/SequenceComponent.cpp,1,0,1
/media/ullmann/HDDGabriel/research/engines/o3de/Gems/Maestro/Code/Source/Components/SequenceComponent.h,0,3,3
/media/ullmann/HDDGabriel/research/engines/o3de/Gems/Multiplayer/Code/Tests/ClientHierarchyTests.cpp,2,0,2
/media/ullmann/HDDGabriel/research/engines/o3de/Gems/Multiplayer/Code/Tests/CommonHierarchySetup.h,2,6,8
/media/ullmann/HDDGabriel/research/engines/o3de/Gems/Vegetation/Code/Source/Components/MeshBlockerComponent.cpp,1,0,1
/media/ullmann/HDDGabriel/research/engines/o3de/Gems/Vegetation/Code/Source/Components/MeshBlockerComponent.h,0,2,2
/media/ullmann/HDDGabriel/research/engines/o3de/Gems/Maestro/Code/Source/Cinematics/CommentNode.h,1,3,4
/media/ullmann/HDDGabriel/research/engines/o3de/Gems/Maestro/Code/Source/Cinematics/AnimNode.h,1,15,16
/media/ullmann/HDDGabriel/research/engines/o3de/Gems/EMotionFX/Code/EMotionFX/Source/AnimGraphManager.h,3,20,23
/media/ullmann/HDDGabriel/research/engines/o3de/Code/Editor/TrackView/TrackViewDopeSheetBase.cpp,2,0,2
/media/ullmann/HDDGabriel/research/engines/o3de/Code/Editor/TrackView/TrackViewDopeSheetBase.h,2,4,6
/media/ullmann/HDDGabriel/research/engines/o3de/Gems/LyShine/Code/Source/UiDropdownComponent.h,1,4,5
/media/ullmann/HDDGabriel/research/engines/o3de/Gems/EMotionFX/Code/EMotionFX/Source/AnimGraphObject.h,3,7,10
/media/ullmann/HDDGabriel/research/engines/o3de/Gems/EMotionFX/Code/EMotionFX/Source/Transform.h,1,6,7
/media/ullmann/HDDGabriel/research/engines/o3de/Code/Editor/CustomResolutionDlg.cpp,2,0,2
/media/ullmann/HDDGabriel/research/engines/o3de/Gems/Terrain/Code/Source/EditorComponents/EditorTerrainWorldComponent.h,0,1,1
/media/ullmann/HDDGabriel/research/engines/o3de/Code/Editor/PreferencesStdPages.cpp,10,0,10
/media/ullmann/HDDGabriel/research/engines/o3de/Code/Editor/EditorPreferencesPageGeneral.h,2,4,6
/media/ullmann/HDDGabriel/research/engines/o3de/Code/Framework/AzToolsFramework/AzToolsFramework/UI/PropertyEditor/PropertyIntSliderCtrl.cpp,2,0,2
/media/ullmann/HDDGabriel/research/engines/o3de/Code/Framework/AzToolsFramework/AzToolsFramework/UI/PropertyEditor/PropertyIntSliderCtrl.hxx,0,1,1
/media/ullmann/HDDGabriel/research/engines/o3de/Gems/LyShine/Code/Editor/ViewportDragInteraction.h,0,4,4
/media/ullmann/HDDGabriel/research/engines/o3de/Gems/EMotionFX/Code/EMotionFX/Tools/EMotionStudio/EMStudioSDK/Source/ResetSettingsDialog.h,1,1,2
/media/ullmann/HDDGabriel/research/engines/o3de/Gems/Maestro/Code/Source/Cinematics/AnimSequence.h,1,5,6
/media/ullmann/HDDGabriel/research/engines/o3de/Gems/ScriptEvents/Code/Include/ScriptEvents/ScriptEvent.cpp,3,0,3
/media/ullmann/HDDGabriel/research/engines/o3de/Gems/EMotionFX/Code/EMotionFX/Tools/EMotionStudio/EMStudioSDK/Source/MotionSetSelectionWindow.cpp,2,0,2
/media/ullmann/HDDGabriel/research/engines/o3de/Gems/EMotionFX/Code/EMotionFX/Tools/EMotionStudio/EMStudioSDK/Source/MotionSetSelectionWindow.h,2,1,3
/media/ullmann/HDDGabriel/research/engines/o3de/Gems/Atom/Asset/Shader/Code/Source/Editor/PrecompiledShaderBuilder.cpp,2,0,2
/media/ullmann/HDDGabriel/research/engines/o3de/Gems/Atom/Asset/Shader/Code/Source/Editor/ShaderPlatformInterfaceRequest.h,0,5,5
/media/ullmann/HDDGabriel/research/engines/o3de/Code/Editor/Plugins/ProjectSettingsTool/ProjectSettingsValidator.cpp,2,0,2
/media/ullmann/HDDGabriel/research/engines/o3de/Code/Editor/Plugins/ProjectSettingsTool/ProjectSettingsValidator.h,1,2,3
/media/ullmann/HDDGabriel/research/engines/o3de/Gems/EMotionFX/Code/EMotionFX/Source/EventHandler.h,9,7,16
/media/ullmann/HDDGabriel/research/engines/o3de/Gems/LyShine/Code/Editor/Animation/UiAnimViewDopeSheetBase.cpp,9,0,9
/media/ullmann/HDDGabriel/research/engines/o3de/Gems/AtomLyIntegration/CommonFeatures/Code/Source/OcclusionCullingPlane/OcclusionCullingPlaneComponent.h,0,1,1
/media/ullmann/HDDGabriel/research/engines/o3de/Gems/MotionMatching/Code/Source/FeatureMatrixMinMaxScaler.cpp,2,0,2
/media/ullmann/HDDGabriel/research/engines/o3de/Gems/Atom/Feature/Common/Code/Source/Decals/DecalTextureArrayFeatureProcessor.h,0,1,1
/media/ullmann/HDDGabriel/research/engines/o3de/Code/Legacy/CryCommon/SimpleSerialize.h,3,0,3
/media/ullmann/HDDGabriel/research/engines/o3de/Code/Legacy/CryCommon/ISerialize.h,4,1,5
/media/ullmann/HDDGabriel/research/engines/o3de/Code/Legacy/CrySystem/AZCrySystemInitLogSink.cpp,2,0,2
/media/ullmann/HDDGabriel/research/engines/o3de/Code/Legacy/CrySystem/CrySystem_precompiled.h,0,19,19
/media/ullmann/HDDGabriel/research/engines/o3de/Gems/Maestro/Code/Source/Cinematics/CommentTrack.h,1,3,4
/media/ullmann/HDDGabriel/research/engines/o3de/Gems/Maestro/Code/Source/Cinematics/AnimTrack.h,0,21,21
/media/ullmann/HDDGabriel/research/engines/o3de/Gems/EMotionFX/Code/EMotionFX/Tools/EMotionStudio/EMStudioSDK/Source/LayoutManager.cpp,3,0,3
/media/ullmann/HDDGabriel/research/engines/o3de/Gems/EMotionFX/Code/EMotionFX/Tools/EMotionStudio/EMStudioSDK/Source/LayoutManager.h,1,2,3
/media/ullmann/HDDGabriel/research/engines/o3de/Code/Tools/ProjectManager/Source/UpdateProjectCtrl.cpp,11,0,11
/media/ullmann/HDDGabriel/research/engines/o3de/Code/Tools/ProjectManager/Source/GemRepo/GemRepoScreen.h,0,5,5
/media/ullmann/HDDGabriel/research/engines/o3de/Gems/AudioSystem/Code/Source/Editor/QSimpleAudioControlListWidget.cpp,4,0,4
/media/ullmann/HDDGabriel/research/engines/o3de/Gems/AudioSystem/Code/Source/Editor/QAudioControlEditorIcons.h,1,6,7
/media/ullmann/HDDGabriel/research/engines/o3de/Code/Editor/TrackView/2DBezierKeyUIControls.cpp,2,0,2
/media/ullmann/HDDGabriel/research/engines/o3de/Code/Editor/TrackView/TrackViewKeyPropertiesDlg.h,3,16,19
/media/ullmann/HDDGabriel/research/engines/o3de/Gems/MotionMatching/Code/Source/FeatureMatrixMinMaxScaler.h,2,2,4
/media/ullmann/HDDGabriel/research/engines/o3de/Gems/MotionMatching/Code/Source/FeatureMatrixTransformer.h,2,2,4
/media/ullmann/HDDGabriel/research/engines/o3de/Gems/Maestro/Code/Source/Cinematics/CompoundSplineTrack.cpp,2,0,2
/media/ullmann/HDDGabriel/research/engines/o3de/Gems/Maestro/Code/Source/Cinematics/CompoundSplineTrack.h,0,4,4
/media/ullmann/HDDGabriel/research/engines/o3de/Gems/MotionMatching/Code/Source/TrajectoryQuery.cpp,2,0,2
/media/ullmann/HDDGabriel/research/engines/o3de/Gems/MotionMatching/Code/Source/FeatureTrajectory.h,2,6,8
/media/ullmann/HDDGabriel/research/engines/o3de/Gems/EMotionFX/Code/EMotionFX/Source/MorphTargetStandard.h,5,3,8
/media/ullmann/HDDGabriel/research/engines/o3de/Gems/Profiler/Code/Source/ProfilerImGuiModule.cpp,2,0,2
/media/ullmann/HDDGabriel/research/engines/o3de/Gems/Profiler/Code/Source/ProfilerSystemComponent.h,1,3,4
/media/ullmann/HDDGabriel/research/engines/o3de/Gems/LyShine/Code/Source/Animation/UiAnimationSystem.cpp,5,0,5
/media/ullmann/HDDGabriel/research/engines/o3de/Gems/LyShine/Code/Source/Animation/AnimSplineTrack.h,2,5,7
/media/ullmann/HDDGabriel/research/engines/o3de/Gems/ScriptCanvas/Code/Include/ScriptCanvas/Libraries/UnitTesting/UnitTestBusSender.cpp,1,0,1
/media/ullmann/HDDGabriel/research/engines/o3de/Gems/ScriptCanvas/Code/Include/ScriptCanvas/Libraries/UnitTesting/UnitTestBusSender.h,1,1,2
/media/ullmann/HDDGabriel/research/engines/o3de/Gems/LyShine/Code/Source/UiNavigationHelpers.cpp,1,0,1
/media/ullmann/HDDGabriel/research/engines/o3de/Gems/LmbrCentral/Code/Source/Shape/EditorTubeShapeComponent.h,2,2,4
/media/ullmann/HDDGabriel/research/engines/o3de/Gems/AtomLyIntegration/AtomBridge/Code/Source/AtomDebugDisplayViewportInterface.cpp,1,0,1
/media/ullmann/HDDGabriel/research/engines/o3de/Gems/AtomLyIntegration/AtomBridge/Code/Source/AtomDebugDisplayViewportInterface.h,0,2,2
/media/ullmann/HDDGabriel/research/engines/o3de/Code/Framework/AzToolsFramework/AzToolsFramework/UI/DPEDebugViewer/DPEDebugModel.cpp,1,0,1
/media/ullmann/HDDGabriel/research/engines/o3de/Code/Framework/AzToolsFramework/AzToolsFramework/UI/DPEDebugViewer/DPEDebugModel.h,0,1,1
/media/ullmann/HDDGabriel/research/engines/o3de/Gems/Atom/Feature/Common/Code/Source/PostProcessing/EyeAdaptationPass.h,0,1,1
/media/ullmann/HDDGabriel/research/engines/o3de/Gems/LmbrCentral/Code/Source/Unhandled/Other/CharacterPhysicsAssetTypeInfo.cpp,1,0,1
/media/ullmann/HDDGabriel/research/engines/o3de/Gems/LmbrCentral/Code/Source/Unhandled/Other/CharacterPhysicsAssetTypeInfo.h,0,2,2
/media/ullmann/HDDGabriel/research/engines/o3de/Gems/Atom/RHI/Metal/Code/Include/Platform/Mac/Atom_RHI_Metal_Platform.h,1,0,1
/media/ullmann/HDDGabriel/research/engines/o3de/Gems/Atom/RHI/Metal/Code/Include/Platform/Mac/Atom_RHI_Metal_Mac.h,0,1,1
/media/ullmann/HDDGabriel/research/engines/o3de/Gems/DebugDraw/Code/Source/EditorDebugDrawLineComponent.cpp,1,0,1
/media/ullmann/HDDGabriel/research/engines/o3de/Gems/DebugDraw/Code/Source/EditorDebugDrawLineComponent.h,2,3,5
/media/ullmann/HDDGabriel/research/engines/o3de/Code/Legacy/CryCommon/CryEndian.h,1,2,3
/media/ullmann/HDDGabriel/research/engines/o3de/Code/Legacy/CryCommon/BaseTypes.h,0,10,10
/media/ullmann/HDDGabriel/research/engines/o3de/Gems/EMotionFX/Code/EMotionFX/Tools/EMotionStudio/Plugins/StandardPlugins/Source/AnimGraph/ParameterEditor/ColorParameterEditor.cpp,1,0,1
/media/ullmann/HDDGabriel/research/engines/o3de/Gems/EMotionFX/Code/EMotionFX/Tools/EMotionStudio/Plugins/StandardPlugins/Source/AnimGraph/ParameterEditor/ColorParameterEditor.h,1,2,3
/media/ullmann/HDDGabriel/research/engines/o3de/Gems/Meshlets/Code/Source/Meshlets/MeshletsDispatchItem.cpp,2,0,2
/media/ullmann/HDDGabriel/research/engines/o3de/Gems/Meshlets/Code/Source/Meshlets/MeshletsAssets.h,2,2,4
/media/ullmann/HDDGabriel/research/engines/o3de/Gems/EMotionFX/Code/EMotionFX/Source/Transform.cpp,3,0,3
/media/ullmann/HDDGabriel/research/engines/o3de/Gems/EMotionFX/Code/Source/Editor/PropertyWidgets/BlendNParamWeightsHandler.cpp,1,0,1
/media/ullmann/HDDGabriel/research/engines/o3de/Gems/EMotionFX/Code/Source/Editor/PropertyWidgets/BlendNParamWeightsHandler.h,0,1,1
/media/ullmann/HDDGabriel/research/engines/o3de/Gems/EMotionFX/Code/MCore/Source/MemoryObject.h,2,1,3
/media/ullmann/HDDGabriel/research/engines/o3de/Gems/EMotionFX/Code/MCore/Source/StandardHeaders.h,5,49,54
/media/ullmann/HDDGabriel/research/engines/o3de/Gems/AtomLyIntegration/CommonFeatures/Code/Source/PostProcess/EditorPostFxSystemComponent.h,0,1,1
/media/ullmann/HDDGabriel/research/engines/o3de/Gems/EMotionFX/Code/MCore/Source/DiskFile.h,3,2,5
/media/ullmann/HDDGabriel/research/engines/o3de/Gems/EMotionFX/Code/MCore/Source/MemoryManager.h,3,9,12
/media/ullmann/HDDGabriel/research/engines/o3de/Code/Framework/AzGameFramework/AzGameFramework/Application/GameApplication.cpp,1,0,1
/media/ullmann/HDDGabriel/research/engines/o3de/Code/Framework/AzGameFramework/AzGameFramework/Application/GameApplication.h,0,1,1
/media/ullmann/HDDGabriel/research/engines/o3de/Gems/PhysX/Code/Editor/ColliderComponentMode.cpp,7,0,7
/media/ullmann/HDDGabriel/research/engines/o3de/Gems/PhysX/Code/Editor/ColliderBoxMode.h,0,2,2
/media/ullmann/HDDGabriel/research/engines/o3de/Code/Tools/ProjectManager/Source/EngineScreenCtrl.cpp,3,0,3
/media/ullmann/HDDGabriel/research/engines/o3de/Code/Tools/ProjectManager/Source/EngineSettingsScreen.h,1,3,4
/media/ullmann/HDDGabriel/research/engines/o3de/Code/Editor/TrackView/TrackViewNodeFactories.h,0,3,3
/media/ullmann/HDDGabriel/research/engines/o3de/Gems/Atom/RHI/Code/Source/Module.cpp,2,0,2
/media/ullmann/HDDGabriel/research/engines/o3de/Gems/Atom/RHI/Code/Source/RHI.Private/FactoryManagerSystemComponent.h,0,1,1
/media/ullmann/HDDGabriel/research/engines/o3de/Gems/LyShine/Code/Source/LyShineModule.h,0,1,1
/media/ullmann/HDDGabriel/research/engines/o3de/Gems/HttpRequestor/Code/Include/HttpRequestor/HttpTextRequestParameters.h,1,0,1
/media/ullmann/HDDGabriel/research/engines/o3de/Gems/HttpRequestor/Code/Include/HttpRequestor/HttpTypes.h,0,3,3
/media/ullmann/HDDGabriel/research/engines/o3de/Code/Tools/TestImpactFramework/Runtime/Common/Code/Source/Platform/Windows/Process/TestImpactWin32_Pipe.h,1,2,3
/media/ullmann/HDDGabriel/research/engines/o3de/Code/Tools/TestImpactFramework/Runtime/Common/Code/Source/Platform/Windows/Process/TestImpactWin32_Handle.h,0,2,2
/media/ullmann/HDDGabriel/research/engines/o3de/Code/Tools/ProjectManager/Source/ProjectSettingsScreen.cpp,5,0,5
/media/ullmann/HDDGabriel/research/engines/o3de/Code/Tools/ProjectManager/Source/PathValidator.h,0,4,4
/media/ullmann/HDDGabriel/research/engines/o3de/Gems/GradientSignal/Code/Source/Editor/EditorLevelsGradientComponent.h,0,2,2
/media/ullmann/HDDGabriel/research/engines/o3de/Code/Editor/Plugins/ProjectSettingsTool/ProjectSettingsToolWindow.h,6,2,8
/media/ullmann/HDDGabriel/research/engines/o3de/Code/Editor/Plugins/ProjectSettingsTool/ValidatorBus.h,1,4,5
/media/ullmann/HDDGabriel/research/engines/o3de/Gems/LyShine/Code/Editor/CommandHierarchyItemCreateFromData.h,0,1,1
/media/ullmann/HDDGabriel/research/engines/o3de/Code/Editor/Util/EditorUtils.cpp,1,0,1
/media/ullmann/HDDGabriel/research/engines/o3de/Gems/LandscapeCanvas/Code/Source/Editor/Nodes/Gradients/AltitudeGradientNode.cpp,1,0,1
/media/ullmann/HDDGabriel/research/engines/o3de/Gems/LandscapeCanvas/Code/Source/Editor/Nodes/Gradients/AltitudeGradientNode.h,0,2,2
/media/ullmann/HDDGabriel/research/engines/o3de/Gems/EMotionFX/Code/EMotionFX/Source/NodeGroup.cpp,2,0,2
/media/ullmann/HDDGabriel/research/engines/o3de/Gems/EMotionFX/Code/EMotionFX/Source/NodeGroup.h,2,3,5
/media/ullmann/HDDGabriel/research/engines/o3de/Gems/LyShine/Code/Source/UiLayoutGridComponent.h,1,5,6
/media/ullmann/HDDGabriel/research/engines/o3de/Gems/EMotionFX/Code/EMotionFX/Source/BlendTreeSmoothingNode.h,2,1,3
/media/ullmann/HDDGabriel/research/engines/o3de/Gems/LyShine/Code/Source/Animation/AnimSequence.cpp,4,0,4
/media/ullmann/HDDGabriel/research/engines/o3de/Gems/LyShine/Code/Source/Animation/AzEntityNode.h,1,4,5
/media/ullmann/HDDGabriel/research/engines/o3de/Gems/Stars/Code/Source/EditorStarsSystemComponent.cpp,1,0,1
/media/ullmann/HDDGabriel/research/engines/o3de/Gems/Stars/Code/Source/EditorStarsSystemComponent.h,1,2,3
/media/ullmann/HDDGabriel/research/engines/o3de/Gems/EMotionFX/Code/EMotionFX/Source/AnimGraphTransitionCondition.h,2,5,7
/media/ullmann/HDDGabriel/research/engines/o3de/Gems/LyShine/Code/Editor/Animation/UiAVTrackEventKeyUIControls.cpp,4,0,4
/media/ullmann/HDDGabriel/research/engines/o3de/Gems/LyShine/Code/Editor/Animation/UiAnimViewTrack.h,1,14,15
/media/ullmann/HDDGabriel/research/engines/o3de/Gems/Terrain/Code/Tests/TerrainBulkQueryTests.cpp,1,0,1
/media/ullmann/HDDGabriel/research/engines/o3de/Gems/Terrain/Code/Tests/TerrainTestFixtures.h,0,15,15
/media/ullmann/HDDGabriel/research/engines/o3de/Gems/Gestures/Code/Source/InputChannelGestureDrag.cpp,1,0,1
/media/ullmann/HDDGabriel/research/engines/o3de/Gems/Gestures/Code/Source/InputChannelGestureDrag.h,1,2,3
/media/ullmann/HDDGabriel/research/engines/o3de/Gems/ScriptCanvas/Code/Include/ScriptCanvas/Libraries/Comparison/ComparisonLibrary.cpp,7,0,7
/media/ullmann/HDDGabriel/research/engines/o3de/Gems/ScriptCanvas/Code/Include/ScriptCanvas/Libraries/Comparison/NotEqualTo.h,0,1,1
/media/ullmann/HDDGabriel/research/engines/o3de/Gems/EMotionFX/Code/Tests/ActorFixture.h,1,5,6
/media/ullmann/HDDGabriel/research/engines/o3de/Gems/EMotionFX/Code/Tests/SystemComponentFixture.h,0,12,12
/media/ullmann/HDDGabriel/research/engines/o3de/Gems/LyShine/Code/Editor/Animation/UiAnimViewKeyPropertiesDlg.cpp,7,0,7
/media/ullmann/HDDGabriel/research/engines/o3de/Code/Tools/ProjectManager/Source/ProjectManagerWindow.h,1,2,3
/media/ullmann/HDDGabriel/research/engines/o3de/Code/Tools/ProjectManager/Source/ScreenDefs.h,0,5,5
/media/ullmann/HDDGabriel/research/engines/o3de/Gems/LmbrCentral/Code/Source/Shape/SphereShapeComponent.cpp,1,0,1
/media/ullmann/HDDGabriel/research/engines/o3de/Gems/LmbrCentral/Code/Source/Shape/SphereShapeComponent.h,1,5,6
/media/ullmann/HDDGabriel/research/engines/o3de/Code/Editor/ViewportTitleDlg.cpp,14,0,14
/media/ullmann/HDDGabriel/research/engines/o3de/Gems/EMotionFX/Code/Tests/KeyTrackLinearTests.cpp,1,0,1
/media/ullmann/HDDGabriel/research/engines/o3de/Gems/LyShine/Code/Editor/Animation/AnimationContext.cpp,2,0,2
/media/ullmann/HDDGabriel/research/engines/o3de/Gems/MotionMatching/Code/Source/FeatureSchemaDefault.h,1,3,4
/media/ullmann/HDDGabriel/research/engines/o3de/Gems/MotionMatching/Code/Source/FeatureSchema.h,1,7,8
/media/ullmann/HDDGabriel/research/engines/o3de/Code/Framework/AzQtComponents/AzQtComponents/Gallery/CheckBoxPage.h,0,2,2
/media/ullmann/HDDGabriel/research/engines/o3de/Gems/EMotionFX/Code/MCore/Source/MCoreCommandManager.h,3,2,5
/media/ullmann/HDDGabriel/research/engines/o3de/Gems/EMotionFX/Code/MCore/Source/CommandGroup.h,3,2,5
/media/ullmann/HDDGabriel/research/engines/o3de/Gems/ScriptCanvas/Code/Editor/Nodes/NodeUtils.cpp,1,0,1
/media/ullmann/HDDGabriel/research/engines/o3de/Gems/ScriptCanvas/Code/Editor/Nodes/NodeUtils.h,0,1,1
/media/ullmann/HDDGabriel/research/engines/o3de/Gems/ScriptCanvasDeveloper/Code/Editor/Source/EditorAutomationTestDialog.cpp,7,0,7
/media/ullmann/HDDGabriel/research/engines/o3de/Gems/ScriptCanvasDeveloper/Code/Editor/Source/EditorAutomationTests/InteractionTests.h,0,1,1
/media/ullmann/HDDGabriel/research/engines/o3de/Gems/LmbrCentral/Code/Source/Shape/EditorCylinderShapeComponent.h,2,3,5
/media/ullmann/HDDGabriel/research/engines/o3de/Code/Framework/AzQtComponents/AzQtComponents/Gallery/TypographyPage.h,0,2,2
/media/ullmann/HDDGabriel/research/engines/o3de/Gems/LyShine/Code/Source/UiTooltipComponent.h,0,4,4
/media/ullmann/HDDGabriel/research/engines/o3de/Code/Framework/AzQtComponents/AzQtComponents/Gallery/ButtonPage.cpp,2,0,2
/media/ullmann/HDDGabriel/research/engines/o3de/Code/Framework/AzQtComponents/AzQtComponents/Gallery/FixedStateButton.h,0,2,2
/media/ullmann/HDDGabriel/research/engines/o3de/Code/Framework/AzToolsFramework/AzToolsFramework/ToolsComponents/EditorAssetReference.cpp,1,0,1
/media/ullmann/HDDGabriel/research/engines/o3de/Code/Framework/AzToolsFramework/AzToolsFramework/ToolsComponents/EditorAssetReference.h,0,1,1
/media/ullmann/HDDGabriel/research/engines/o3de/Gems/LyShine/Code/Editor/Animation/UiAnimViewSequenceManager.cpp,4,0,4
/media/ullmann/HDDGabriel/research/engines/o3de/Gems/LyShine/Code/Editor/Animation/UiAnimViewSequenceManager.h,3,9,12
/media/ullmann/HDDGabriel/research/engines/o3de/Code/Framework/AzToolsFramework/AzToolsFramework/Manipulators/SplineSelectionManipulator.cpp,1,0,1
/media/ullmann/HDDGabriel/research/engines/o3de/Code/Framework/AzToolsFramework/AzToolsFramework/Manipulators/SplineSelectionManipulator.h,1,1,2
/media/ullmann/HDDGabriel/research/engines/o3de/Gems/AtomLyIntegration/CommonFeatures/Code/Source/CoreLights/EditorAreaLightComponent.h,0,1,1
/media/ullmann/HDDGabriel/research/engines/o3de/Gems/LyShine/Code/Source/UiTooltipDisplayComponent.h,0,4,4
/media/ullmann/HDDGabriel/research/engines/o3de/Gems/ExpressionEvaluation/Code/Source/ExpressionEvaluationSystemComponent.cpp,6,0,6
/media/ullmann/HDDGabriel/research/engines/o3de/Gems/ExpressionEvaluation/Code/Source/ExpressionEngine/MathOperators/MathExpressionOperators.h,0,1,1
/media/ullmann/HDDGabriel/research/engines/o3de/Gems/Twitch/Code/Source/Platform/Mac/Twitch_Traits_Platform.h,1,0,1
/media/ullmann/HDDGabriel/research/engines/o3de/Gems/Twitch/Code/Source/Platform/Mac/Twitch_Traits_Mac.h,0,1,1
/media/ullmann/HDDGabriel/research/engines/o3de/Code/Framework/AzToolsFramework/AzToolsFramework/Manipulators/ScaleManipulators.cpp,1,0,1
/media/ullmann/HDDGabriel/research/engines/o3de/Code/Framework/AzToolsFramework/AzToolsFramework/Manipulators/ScaleManipulators.h,0,1,1
/media/ullmann/HDDGabriel/research/engines/o3de/Gems/EMotionFX/Code/MCore/Source/ReflectionSerializer.cpp,1,0,1
/media/ullmann/HDDGabriel/research/engines/o3de/Gems/EMotionFX/Code/MCore/Source/ReflectionSerializer.h,0,1,1
/media/ullmann/HDDGabriel/research/engines/o3de/Gems/LyShine/Code/Editor/Animation/UiAnimViewNodes.h,2,2,4
/media/ullmann/HDDGabriel/research/engines/o3de/Gems/ImGui/External/ImGui/v1.82/imgui/misc/freetype/imgui_freetype.h,0,2,2
/media/ullmann/HDDGabriel/research/engines/o3de/Gems/MotionMatching/Code/Source/TrajectoryQuery.h,1,2,3
/media/ullmann/HDDGabriel/research/engines/o3de/Gems/PhysX/Code/Source/Platform/Android/PhysX_Traits_Platform.h,1,0,1
/media/ullmann/HDDGabriel/research/engines/o3de/Gems/PhysX/Code/Source/Platform/Android/PhysX_Traits_Android.h,0,1,1
/media/ullmann/HDDGabriel/research/engines/o3de/Gems/EMotionFX/Code/EMotionFX/Source/BlendTreeVector2ComposeNode.h,2,1,3
/media/ullmann/HDDGabriel/research/engines/o3de/Code/Editor/Settings.cpp,5,0,5
/media/ullmann/HDDGabriel/research/engines/o3de/Code/Editor/EditorViewportSettings.h,0,12,12
/media/ullmann/HDDGabriel/research/engines/o3de/Gems/EMotionFX/Code/EMotionFX/Source/Recorder.h,2,5,7
/media/ullmann/HDDGabriel/research/engines/o3de/Gems/LandscapeCanvas/Code/Source/Editor/Nodes/AreaFilters/DistanceBetweenFilterNode.h,0,2,2
/media/ullmann/HDDGabriel/research/engines/o3de/Gems/MotionMatching/Code/Source/MotionMatchingSystemComponent.cpp,9,0,9
/media/ullmann/HDDGabriel/research/engines/o3de/Gems/Prefab/PrefabBuilder/PrefabGroupTests.cpp,2,0,2
/media/ullmann/HDDGabriel/research/engines/o3de/Gems/Prefab/PrefabBuilder/PrefabGroup/PrefabGroup.h,0,1,1
/media/ullmann/HDDGabriel/research/engines/o3de/Gems/EMotionFX/Code/EMotionFX/Source/MotionEventTrack.cpp,6,0,6
/media/ullmann/HDDGabriel/research/engines/o3de/Gems/EMotionFX/Code/EMotionFX/Source/MotionEvent.h,2,5,7
/media/ullmann/HDDGabriel/research/engines/o3de/Code/Editor/ActionManager.cpp,6,0,6
/media/ullmann/HDDGabriel/research/engines/o3de/Code/Legacy/CrySystem/Huffman.cpp,2,0,2
/media/ullmann/HDDGabriel/research/engines/o3de/Code/Editor/IEditorImpl.h,5,3,8
/media/ullmann/HDDGabriel/research/engines/o3de/Code/Editor/Commands/CommandManager.h,0,4,4
/media/ullmann/HDDGabriel/research/engines/o3de/Gems/AtomLyIntegration/CommonFeatures/Code/Source/OcclusionCullingPlane/EditorOcclusionCullingPlaneComponent.h,0,1,1
/media/ullmann/HDDGabriel/research/engines/o3de/Gems/LyShineExamples/Code/Source/UiTestScrollBoxDataProviderComponent.cpp,3,0,3
/media/ullmann/HDDGabriel/research/engines/o3de/Gems/LyShineExamples/Code/Source/UiTestScrollBoxDataProviderComponent.h,0,2,2
/media/ullmann/HDDGabriel/research/engines/o3de/Gems/EMotionFX/Code/EMotionFX/Source/Parameter/ColorParameter.h,1,1,2
/media/ullmann/HDDGabriel/research/engines/o3de/Gems/EMotionFX/Code/EMotionFX/Source/Parameter/RangedValueParameter.h,1,7,8
/media/ullmann/HDDGabriel/research/engines/o3de/Gems/Atom/Feature/Common/Code/Source/Shadows/ProjectedShadowFeatureProcessor.h,0,1,1
/media/ullmann/HDDGabriel/research/engines/o3de/Gems/MultiplayerCompression/Code/Source/MultiplayerCompressionModule.cpp,1,0,1
/media/ullmann/HDDGabriel/research/engines/o3de/Gems/MultiplayerCompression/Code/Source/MultiplayerCompressionSystemComponent.h,1,2,3
/media/ullmann/HDDGabriel/research/engines/o3de/Gems/LyShine/Code/Editor/CommandHierarchyItemCreate.h,0,1,1
/media/ullmann/HDDGabriel/research/engines/o3de/Gems/ScriptCanvas/Code/Include/ScriptCanvas/Libraries/Math/AABB.cpp,1,0,1
/media/ullmann/HDDGabriel/research/engines/o3de/Gems/ScriptCanvas/Code/Include/ScriptCanvas/Libraries/Math/AABB.h,0,1,1
/media/ullmann/HDDGabriel/research/engines/o3de/Gems/WhiteBox/Code/Source/WhiteBoxEditorModule.cpp,4,0,4
/media/ullmann/HDDGabriel/research/engines/o3de/Gems/WhiteBox/Code/Source/EditorWhiteBoxSystemComponent.h,1,2,3
/media/ullmann/HDDGabriel/research/engines/o3de/Code/Framework/AzQtComponents/AzQtComponents/Gallery/ScrollBarPage.h,0,2,2
/media/ullmann/HDDGabriel/research/engines/o3de/Gems/Terrain/Code/Source/TerrainModule.cpp,12,0,12
/media/ullmann/HDDGabriel/research/engines/o3de/Gems/Terrain/Code/Source/Components/TerrainPhysicsColliderComponent.h,0,1,1
/media/ullmann/HDDGabriel/research/engines/o3de/Gems/EMotionFX/Code/MCore/Source/StringIdPool.h,2,2,4
/media/ullmann/HDDGabriel/research/engines/o3de/Gems/EMotionFX/Code/MCore/Source/MultiThreadManager.h,1,7,8
/media/ullmann/HDDGabriel/research/engines/o3de/Code/Editor/Plugins/EditorCommon/ActionOutput.h,1,1,2
/media/ullmann/HDDGabriel/research/engines/o3de/Code/Editor/Plugins/EditorCommon/EditorCommonAPI.h,0,3,3
/media/ullmann/HDDGabriel/research/engines/o3de/Gems/WhiteBox/Code/Source/WhiteBoxComponent.cpp,4,0,4
/media/ullmann/HDDGabriel/research/engines/o3de/Gems/WhiteBox/Code/Source/Rendering/WhiteBoxMaterial.h,0,4,4
/media/ullmann/HDDGabriel/research/engines/o3de/Code/Editor/CryEditPy.cpp,7,0,7
/media/ullmann/HDDGabriel/research/engines/o3de/Gems/EMotionFX/Code/MCore/Source/MemoryFile.h,2,1,3
/media/ullmann/HDDGabriel/research/engines/o3de/Gems/NvCloth/Code/Tests/ActorHelper.cpp,1,0,1
/media/ullmann/HDDGabriel/research/engines/o3de/Gems/NvCloth/Code/Tests/ActorHelper.h,0,1,1
/media/ullmann/HDDGabriel/research/engines/o3de/Gems/Vegetation/Code/Source/Editor/EditorPositionModifierComponent.h,0,2,2
/media/ullmann/HDDGabriel/research/engines/o3de/Gems/PythonAssetBuilder/Code/Source/PythonAssetBuilderSystemComponent.cpp,1,0,1
/media/ullmann/HDDGabriel/research/engines/o3de/Gems/PythonAssetBuilder/Code/Source/PythonAssetBuilderSystemComponent.h,0,2,2
/media/ullmann/HDDGabriel/research/engines/o3de/Code/Editor/TrackView/TrackViewSequenceManager.h,1,8,9
/media/ullmann/HDDGabriel/research/engines/o3de/Gems/EMotionFX/Code/MCore/Source/MemoryManager.cpp,3,0,3
/media/ullmann/HDDGabriel/research/engines/o3de/Code/Framework/AzToolsFramework/AzToolsFramework/UI/PropertyEditor/PropertyRowWidget.cpp,1,0,1
/media/ullmann/HDDGabriel/research/engines/o3de/Code/Framework/AzToolsFramework/AzToolsFramework/UI/PropertyEditor/PropertyRowWidget.hxx,1,3,4
/media/ullmann/HDDGabriel/research/engines/o3de/Gems/EMotionFX/Code/EMotionFX/Tools/EMotionStudio/EMStudioSDK/Source/PluginManager.cpp,4,0,4
/media/ullmann/HDDGabriel/research/engines/o3de/Gems/EMotionFX/Code/EMotionFX/Tools/EMotionStudio/EMStudioSDK/Source/DockWidgetPlugin.h,2,15,17
/media/ullmann/HDDGabriel/research/engines/o3de/Gems/EMotionFX/Code/EMotionFX/Source/AnimGraphMotionNode.cpp,15,0,15
/media/ullmann/HDDGabriel/research/engines/o3de/Gems/EMotionFX/Code/EMotionFX/Source/Parameter/Vector3Parameter.h,1,2,3
/media/ullmann/HDDGabriel/research/engines/o3de/Gems/Atom/Tools/MaterialEditor/Code/Source/MaterialEditorApplication.cpp,3,0,3
/media/ullmann/HDDGabriel/research/engines/o3de/Gems/Atom/Tools/MaterialEditor/Code/Source/Window/MaterialEditorMainWindow.h,0,2,2
/media/ullmann/HDDGabriel/research/engines/o3de/Gems/Atom/Feature/Common/Code/Source/PostProcessing/BloomParentPass.h,0,1,1
/media/ullmann/HDDGabriel/research/engines/o3de/Gems/EMotionFX/Code/MCore/Source/DualQuaternion.cpp,1,0,1
/media/ullmann/HDDGabriel/research/engines/o3de/Gems/EMotionFX/Code/MCore/Source/DualQuaternion.h,5,1,6
/media/ullmann/HDDGabriel/research/engines/o3de/Code/Framework/AzQtComponents/AzQtComponents/Gallery/BreadCrumbsPage.h,0,2,2
/media/ullmann/HDDGabriel/research/engines/o3de/Gems/DebugDraw/Code/Source/DebugDrawModule.cpp,11,0,11
/media/ullmann/HDDGabriel/research/engines/o3de/Gems/DebugDraw/Code/Source/EditorDebugDrawRayComponent.h,2,3,5
/media/ullmann/HDDGabriel/research/engines/o3de/Code/Framework/AzCore/Tests/AssetManager.cpp,2,0,2
/media/ullmann/HDDGabriel/research/engines/o3de/Code/Framework/AzCore/Tests/AZTestShared/Utils/Utils.h,0,8,8
/media/ullmann/HDDGabriel/research/engines/o3de/Gems/EMotionFX/Code/EMotionFX/CommandSystem/Source/AnimGraphConditionCommands.cpp,2,0,2
/media/ullmann/HDDGabriel/research/engines/o3de/Gems/EMotionFX/Code/EMotionFX/CommandSystem/Source/AnimGraphConnectionCommands.h,2,4,6
/media/ullmann/HDDGabriel/research/engines/o3de/Code/Editor/EditorToolsApplication.cpp,10,0,10
/media/ullmann/HDDGabriel/research/engines/o3de/Code/Editor/Plugins/ProjectSettingsTool/PropertyFuncValLineEdit.cpp,4,0,4
/media/ullmann/HDDGabriel/research/engines/o3de/Code/Editor/Plugins/ProjectSettingsTool/PlatformSettings_common.h,1,9,10
/media/ullmann/HDDGabriel/research/engines/o3de/Code/Framework/AzToolsFramework/AzToolsFramework/UI/UICore/TargetSelectorButton.cpp,1,0,1
/media/ullmann/HDDGabriel/research/engines/o3de/Code/Framework/AzToolsFramework/AzToolsFramework/UI/UICore/TargetSelectorButton.hxx,0,1,1
/media/ullmann/HDDGabriel/research/engines/o3de/Gems/Terrain/Code/Source/EditorTerrainModule.h,1,1,2
/media/ullmann/HDDGabriel/research/engines/o3de/Gems/Terrain/Code/Source/TerrainModule.h,0,2,2
/media/ullmann/HDDGabriel/research/engines/o3de/Code/Editor/ViewportTitleDlg.h,0,2,2
/media/ullmann/HDDGabriel/research/engines/o3de/Gems/AudioSystem/Code/Source/Editor/AudioSystemPanel.h,3,2,5
/media/ullmann/HDDGabriel/research/engines/o3de/Gems/AudioSystem/Code/Source/Editor/AudioControlFilters.h,1,4,5
/media/ullmann/HDDGabriel/research/engines/o3de/Gems/LyShine/Code/Source/EditorPropertyTypes.h,0,6,6
/media/ullmann/HDDGabriel/research/engines/o3de/Gems/AWSMetrics/Code/Source/MetricsQueue.h,1,3,4
/media/ullmann/HDDGabriel/research/engines/o3de/Gems/LyShine/Code/Editor/ViewportAddGuideInteraction.cpp,4,0,4
/media/ullmann/HDDGabriel/research/engines/o3de/Gems/PhysX/Code/Source/Module.cpp,4,0,4
/media/ullmann/HDDGabriel/research/engines/o3de/Gems/PhysX/Code/Source/System/PhysXSystem.h,0,8,8
/media/ullmann/HDDGabriel/research/engines/o3de/Gems/GraphCanvas/Code/Source/GraphCanvas.h,2,2,4
/media/ullmann/HDDGabriel/research/engines/o3de/Gems/LyShine/Code/Editor/HierarchyClipboard.h,0,1,1
/media/ullmann/HDDGabriel/research/engines/o3de/Gems/LmbrCentral/Code/Source/Builders/SliceBuilder/SliceBuilderComponent.h,1,2,3
/media/ullmann/HDDGabriel/research/engines/o3de/Gems/EMotionFX/Code/EMotionFX/Tools/EMotionStudio/Plugins/StandardPlugins/Source/AnimGraph/AnimGraphVisualNode.cpp,3,0,3
/media/ullmann/HDDGabriel/research/engines/o3de/Code/Editor/TrackView/TVSequenceProps.cpp,3,0,3
/media/ullmann/HDDGabriel/research/engines/o3de/Gems/LyShine/Code/Source/Animation/AnimNode.cpp,7,0,7
/media/ullmann/HDDGabriel/research/engines/o3de/Gems/LyShine/Code/Source/Animation/AnimNode.h,1,3,4
/media/ullmann/HDDGabriel/research/engines/o3de/Gems/LandscapeCanvas/Code/Source/Editor/Nodes/AreaFilters/BaseAreaFilterNode.cpp,1,0,1
/media/ullmann/HDDGabriel/research/engines/o3de/Gems/LandscapeCanvas/Code/Source/Editor/Nodes/AreaFilters/BaseAreaFilterNode.h,0,1,1
/media/ullmann/HDDGabriel/research/engines/o3de/Gems/EMotionFX/Code/MCore/Source/MCoreSystem.cpp,10,0,10
/media/ullmann/HDDGabriel/research/engines/o3de/Gems/EMotionFX/Code/MCore/Source/LogManager.h,2,9,11
/media/ullmann/HDDGabriel/research/engines/o3de/Gems/EMotionFX/Code/MCore/Source/AttributeFactory.cpp,13,0,13
/media/ullmann/HDDGabriel/research/engines/o3de/Gems/EMotionFX/Code/MCore/Source/AttributePointer.h,2,2,4
/media/ullmann/HDDGabriel/research/engines/o3de/Gems/ScriptCanvas/Code/Include/ScriptCanvas/Grammar/ASTModifications.h,2,2,4
/media/ullmann/HDDGabriel/research/engines/o3de/Gems/ScriptCanvas/Code/Include/ScriptCanvas/Grammar/PrimitivesExecution.h,1,8,9
/media/ullmann/HDDGabriel/research/engines/o3de/Code/Tools/CrashHandler/Tools/Uploader/ToolsCrashUploader.h,0,1,1
/media/ullmann/HDDGabriel/research/engines/o3de/Gems/EMotionFX/Code/EMotionFX/Source/PlayBackInfo.h,1,4,5
/media/ullmann/HDDGabriel/research/engines/o3de/Code/Tools/AssetProcessor/native/unittests/AssetProcessorManagerUnitTests.h,1,1,2
/media/ullmann/HDDGabriel/research/engines/o3de/Gems/AudioSystem/Code/Tests/AudioSystemTest.cpp,3,0,3
/media/ullmann/HDDGabriel/research/engines/o3de/Gems/AudioSystem/Code/Tests/Mocks/AudioSystemImplementationMock.h,0,1,1
/media/ullmann/HDDGabriel/research/engines/o3de/Gems/EMotionFX/Code/EMotionFX/Tools/EMotionStudio/Plugins/StandardPlugins/Source/AnimGraph/AnimGraphVisualNode.h,2,1,3
/media/ullmann/HDDGabriel/research/engines/o3de/Gems/ScriptEvents/Code/Tests/ScriptEventTestUtilities.cpp,1,0,1
/media/ullmann/HDDGabriel/research/engines/o3de/Gems/ScriptEvents/Code/Tests/ScriptEventTestUtilities.h,0,2,2
/media/ullmann/HDDGabriel/research/engines/o3de/Code/Framework/AzToolsFramework/AzToolsFramework/SQLite/SQLiteQuery.h,1,1,2
/media/ullmann/HDDGabriel/research/engines/o3de/Code/Framework/AzToolsFramework/AzToolsFramework/SQLite/SQLiteConnection.h,0,3,3
/media/ullmann/HDDGabriel/research/engines/o3de/Code/Editor/PluginManager.h,0,6,6
/media/ullmann/HDDGabriel/research/engines/o3de/Gems/Atom/Feature/Common/Code/Source/ReflectionScreenSpace/ReflectionScreenSpaceBlurChildPass.h,0,3,3
/media/ullmann/HDDGabriel/research/engines/o3de/Code/LauncherUnified/Platform/Windows/Launcher_Traits_Platform.h,1,0,1
/media/ullmann/HDDGabriel/research/engines/o3de/Code/LauncherUnified/Platform/Windows/Launcher_Traits_Windows.h,0,1,1
/media/ullmann/HDDGabriel/research/engines/o3de/Gems/PhysX/Code/Tests/PhysXSpecificTest.cpp,2,0,2
/media/ullmann/HDDGabriel/research/engines/o3de/Gems/LyShine/Code/Source/TextMarkup.h,1,3,4
/media/ullmann/HDDGabriel/research/engines/o3de/Gems/LyShine/Code/Source/LyShine.h,1,8,9
/media/ullmann/HDDGabriel/research/engines/o3de/Gems/EMotionFX/Code/EMotionFX/Tools/EMotionStudio/Plugins/StandardPlugins/Source/MotionSetsWindow/MotionSetsWindowPlugin.h,4,2,6
/media/ullmann/HDDGabriel/research/engines/o3de/Gems/EMotionFX/Code/EMotionFX/Tools/EMotionStudio/Plugins/StandardPlugins/Source/MotionSetsWindow/MotionSetWindow.h,2,1,3
/media/ullmann/HDDGabriel/research/engines/o3de/Code/Editor/EditorPreferencesDialog.cpp,18,0,18
/media/ullmann/HDDGabriel/research/engines/o3de/Code/Editor/EditorPreferencesPageFiles.h,1,3,4
/media/ullmann/HDDGabriel/research/engines/o3de/Code/Editor/Util/VariablePropertyType.cpp,2,0,2
/media/ullmann/HDDGabriel/research/engines/o3de/Code/Editor/Util/Variable.h,1,4,5
/media/ullmann/HDDGabriel/research/engines/o3de/Gems/EMotionFX/Code/MCore/Source/DiskFile.cpp,1,0,1
/media/ullmann/HDDGabriel/research/engines/o3de/Gems/GraphCanvas/Code/Source/GraphCanvas.cpp,36,0,36
/media/ullmann/HDDGabriel/research/engines/o3de/Gems/EMotionFX/Code/EMotionFX/Source/AnimGraphManager.cpp,11,0,11
/media/ullmann/HDDGabriel/research/engines/o3de/Gems/AtomTressFX/External/Code/src/TressFX/TressFXAsset.h,0,5,5
/media/ullmann/HDDGabriel/research/engines/o3de/Code/Editor/Objects/DisplayContext.h,0,6,6
/media/ullmann/HDDGabriel/research/engines/o3de/Gems/MotionMatching/Code/Source/FeaturePosition.cpp,5,0,5
/media/ullmann/HDDGabriel/research/engines/o3de/Gems/Atom/Asset/Shader/Code/Source/Editor/ShaderBuildArgumentsManager.cpp,1,0,1
/media/ullmann/HDDGabriel/research/engines/o3de/Gems/Atom/Asset/Shader/Code/Source/Editor/ShaderBuildArgumentsManager.h,1,3,4
/media/ullmann/HDDGabriel/research/engines/o3de/Gems/FastNoise/Code/External/FastNoise/FastNoise.cpp,1,0,1
/media/ullmann/HDDGabriel/research/engines/o3de/Gems/FastNoise/Code/External/FastNoise/FastNoise.h,0,1,1
/media/ullmann/HDDGabriel/research/engines/o3de/Gems/LyShine/Code/Source/UiDynamicLayoutComponent.h,0,4,4
/media/ullmann/HDDGabriel/research/engines/o3de/Gems/Atom/RHI/Metal/Code/Source/Platform/Linux/Metal_Traits_Platform.h,1,0,1
/media/ullmann/HDDGabriel/research/engines/o3de/Gems/Atom/RHI/Metal/Code/Source/Platform/Linux/Metal_Traits_Linux.h,0,1,1
/media/ullmann/HDDGabriel/research/engines/o3de/Gems/ScriptEvents/Code/Tests/ScriptEventsTestFixture.h,2,1,3
/media/ullmann/HDDGabriel/research/engines/o3de/Code/Editor/Plugins/ProjectSettingsTool/PropertyLinked.cpp,3,0,3
/media/ullmann/HDDGabriel/research/engines/o3de/Code/Editor/Plugins/ProjectSettingsTool/ValidationHandler.h,0,7,7
/media/ullmann/HDDGabriel/research/engines/o3de/Code/Legacy/CrySystem/SystemEventDispatcher.h,0,3,3
/media/ullmann/HDDGabriel/research/engines/o3de/Gems/Vegetation/Code/Source/Editor/EditorSurfaceMaskDepthFilterComponent.h,0,2,2
/media/ullmann/HDDGabriel/research/engines/o3de/Code/Tools/ProjectManager/Source/ProjectGemCatalogScreen.cpp,7,0,7
/media/ullmann/HDDGabriel/research/engines/o3de/Code/Tools/ProjectManager/Source/PythonBindingsInterface.h,5,12,17
/media/ullmann/HDDGabriel/research/engines/o3de/Gems/SliceFavorites/Code/Source/SliceFavoritesWidget.cpp,2,0,2
/media/ullmann/HDDGabriel/research/engines/o3de/Gems/SliceFavorites/Code/Source/FavoriteDataModel.h,0,4,4
/media/ullmann/HDDGabriel/research/engines/o3de/Gems/EMotionFX/Code/EMotionFX/Tools/EMotionStudio/Plugins/StandardPlugins/Source/TimeView/TrackDataHeaderWidget.h,2,2,4
/media/ullmann/HDDGabriel/research/engines/o3de/Gems/LyShine/Code/Editor/Animation/UiAnimViewSplineCtrl.cpp,7,0,7
/media/ullmann/HDDGabriel/research/engines/o3de/Gems/AWSClientAuth/Code/Source/AWSClientAuthSystemComponent.h,4,2,6
/media/ullmann/HDDGabriel/research/engines/o3de/Gems/AWSClientAuth/Code/Source/UserManagement/AWSCognitoUserManagementController.h,0,1,1
/media/ullmann/HDDGabriel/research/engines/o3de/Gems/EMotionFX/Code/Tests/EMotionFXBuilderFixture.cpp,1,0,1
/media/ullmann/HDDGabriel/research/engines/o3de/Gems/EMotionFX/Code/Tests/EMotionFXBuilderFixture.h,0,2,2
/media/ullmann/HDDGabriel/research/engines/o3de/Code/Tools/TestImpactFramework/Runtime/Common/Code/Include/Static/TestImpactRuntimeUtils.h,7,1,8
/media/ullmann/HDDGabriel/research/engines/o3de/Code/Tools/TestImpactFramework/Runtime/Common/Code/Include/Static/BuildTarget/Common/TestImpactBuildTarget.h,0,1,1
/media/ullmann/HDDGabriel/research/engines/o3de/Gems/LyShine/Code/Editor/Animation/UiAnimViewDialog.cpp,14,0,14
/media/ullmann/HDDGabriel/research/engines/o3de/Gems/LyShine/Code/Editor/Animation/UiAnimViewFindDlg.h,0,2,2
/media/ullmann/HDDGabriel/research/engines/o3de/Code/Framework/AzFramework/AzFramework/Script/ScriptRemoteDebugging.cpp,3,0,3
/media/ullmann/HDDGabriel/research/engines/o3de/Code/Framework/AzFramework/AzFramework/Script/ScriptDebugMsgReflection.h,0,2,2
/media/ullmann/HDDGabriel/research/engines/o3de/Code/Editor/ViewManager.h,2,16,18
/media/ullmann/HDDGabriel/research/engines/o3de/Code/Editor/Viewport.h,4,7,11
/media/ullmann/HDDGabriel/research/engines/o3de/Code/Tools/ProjectManager/Source/Application.cpp,2,0,2
/media/ullmann/HDDGabriel/research/engines/o3de/Code/Tools/ProjectManager/Source/ProjectUtils.h,3,10,13
/media/ullmann/HDDGabriel/research/engines/o3de/Gems/LandscapeCanvas/Code/Source/Editor/Nodes/AreaModifiers/ScaleModifierNode.cpp,1,0,1
/media/ullmann/HDDGabriel/research/engines/o3de/Gems/LandscapeCanvas/Code/Source/Editor/Nodes/AreaModifiers/ScaleModifierNode.h,0,2,2
/media/ullmann/HDDGabriel/research/engines/o3de/Gems/ImGui/External/ImGui/v1.82/imgui/imgui.h,2,6,8
/media/ullmann/HDDGabriel/research/engines/o3de/Gems/ImGui/External/ImGui/v1.82/imgui/imgui_user.h,0,1,1
/media/ullmann/HDDGabriel/research/engines/o3de/Gems/LyShine/Code/Editor/PropertiesWidget.h,1,1,2
/media/ullmann/HDDGabriel/research/engines/o3de/Code/Framework/AzToolsFramework/AzToolsFramework/UI/PropertyEditor/PropertyEntityIdCtrl.cpp,2,0,2
/media/ullmann/HDDGabriel/research/engines/o3de/Code/Framework/AzToolsFramework/AzToolsFramework/UI/PropertyEditor/PropertyQTConstants.h,0,16,16
/media/ullmann/HDDGabriel/research/engines/o3de/Gems/LmbrCentral/Code/Source/Shape/EditorPolygonPrismShapeComponent.cpp,5,0,5
/media/ullmann/HDDGabriel/research/engines/o3de/Gems/LyShine/Code/Editor/CommandHierarchyItemToggleIsExpanded.h,0,1,1
/media/ullmann/HDDGabriel/research/engines/o3de/Gems/EMotionFX/Code/EMotionFX/Source/BlendTreeVector4ComposeNode.cpp,1,0,1
/media/ullmann/HDDGabriel/research/engines/o3de/Gems/EMotionFX/Code/EMotionFX/Source/BlendTreeVector4ComposeNode.h,2,1,3
/media/ullmann/HDDGabriel/research/engines/o3de/Code/Editor/Util/MemoryBlock.h,1,4,5
/media/ullmann/HDDGabriel/research/engines/o3de/Code/Editor/Util/RefCountBase.h,0,3,3
/media/ullmann/HDDGabriel/research/engines/o3de/Gems/AtomLyIntegration/CommonFeatures/Code/Source/PostProcess/EditorPostFxLayerComponent.h,0,1,1
/media/ullmann/HDDGabriel/research/engines/o3de/Code/Editor/Plugins/PerforcePlugin/PasswordDlg.cpp,2,0,2
/media/ullmann/HDDGabriel/research/engines/o3de/Code/Editor/Plugins/PerforcePlugin/PasswordDlg.h,0,2,2
/media/ullmann/HDDGabriel/research/engines/o3de/Gems/LandscapeCanvas/Code/Source/Editor/Nodes/AreaModifiers/SlopeAlignmentModifierNode.cpp,1,0,1
/media/ullmann/HDDGabriel/research/engines/o3de/Gems/LandscapeCanvas/Code/Source/Editor/Nodes/AreaModifiers/SlopeAlignmentModifierNode.h,0,2,2
/media/ullmann/HDDGabriel/research/engines/o3de/Gems/AWSMetrics/Code/Source/MetricsQueue.cpp,1,0,1
/media/ullmann/HDDGabriel/research/engines/o3de/Gems/AWSCore/Code/Source/AWSCoreEditorModule.cpp,3,0,3
/media/ullmann/HDDGabriel/research/engines/o3de/Gems/AWSCore/Code/Source/AWSCoreEditorSystemComponent.h,1,3,4
/media/ullmann/HDDGabriel/research/engines/o3de/Gems/Atom/Feature/Common/Code/Source/Material/SubsurfaceTransmissionParameterFunctorSourceData.h,1,1,2
/media/ullmann/HDDGabriel/research/engines/o3de/Gems/Atom/Feature/Common/Code/Source/Material/SubsurfaceTransmissionParameterFunctor.h,0,2,2
/media/ullmann/HDDGabriel/research/engines/o3de/Code/Editor/Plugins/ProjectSettingsTool/PlatformSettings.h,3,2,5
/media/ullmann/HDDGabriel/research/engines/o3de/Code/Editor/Plugins/ProjectSettingsTool/ProjectSettingsContainer.cpp,1,0,1
/media/ullmann/HDDGabriel/research/engines/o3de/Code/Editor/Plugins/ProjectSettingsTool/ProjectSettingsContainer.h,2,3,5
/media/ullmann/HDDGabriel/research/engines/o3de/Code/Legacy/CryCommon/IAudioSystem.h,1,1,2
/media/ullmann/HDDGabriel/research/engines/o3de/Code/Legacy/CryCommon/IAudioInterfacesCommonData.h,0,2,2
/media/ullmann/HDDGabriel/research/engines/o3de/Gems/EMotionFX/Code/Tests/AnimGraphTransitionConditionFixture.h,1,2,3
/media/ullmann/HDDGabriel/research/engines/o3de/Gems/LyShine/Code/Source/UiFlipbookAnimationComponent.h,1,4,5
/media/ullmann/HDDGabriel/research/engines/o3de/Code/Editor/GotoPositionDlg.cpp,6,0,6
/media/ullmann/HDDGabriel/research/engines/o3de/Code/Editor/EditorViewportCamera.h,0,4,4
/media/ullmann/HDDGabriel/research/engines/o3de/Gems/Atom/Asset/Shader/Code/Source/Editor/PrecompiledShaderBuilder.h,0,2,2
/media/ullmann/HDDGabriel/research/engines/o3de/Gems/MotionMatching/Code/Source/FeatureSchemaDefault.cpp,4,0,4
/media/ullmann/HDDGabriel/research/engines/o3de/Gems/MotionMatching/Code/Source/FeatureVelocity.h,1,4,5
/media/ullmann/HDDGabriel/research/engines/o3de/Code/Framework/AzToolsFramework/AzToolsFramework/Manipulators/LinearManipulator.h,1,2,3
/media/ullmann/HDDGabriel/research/engines/o3de/Code/Framework/AzToolsFramework/AzToolsFramework/Manipulators/BaseManipulator.h,0,8,8
/media/ullmann/HDDGabriel/research/engines/o3de/Gems/LyShine/Code/Source/UiImageComponent.cpp,5,0,5
/media/ullmann/HDDGabriel/research/engines/o3de/Gems/LyShine/Code/Source/UiImageComponent.h,1,4,5
/media/ullmann/HDDGabriel/research/engines/o3de/Code/Legacy/CrySystem/SystemCFG.cpp,3,0,3
/media/ullmann/HDDGabriel/research/engines/o3de/Code/Tools/LuaIDE/Source/LUA/LUAEditorFindDialog.hxx,1,2,3
/media/ullmann/HDDGabriel/research/engines/o3de/Code/Tools/LuaIDE/Source/LUA/LUAEditorView.hxx,2,5,7
/media/ullmann/HDDGabriel/research/engines/o3de/Code/Framework/AzCore/Platform/Mac/AzCore/Socket/AzSocket_Platform.h,1,0,1
/media/ullmann/HDDGabriel/research/engines/o3de/Code/Framework/AzCore/Platform/Common/UnixLike/AzCore/Socket/AzSocket_UnixLike.h,0,4,4
/media/ullmann/HDDGabriel/research/engines/o3de/Gems/ScriptCanvas/Code/Include/ScriptCanvas/Libraries/Deprecated/UnitTesting/ExpectGreaterThanEqual.cpp,1,0,1
/media/ullmann/HDDGabriel/research/engines/o3de/Gems/ScriptCanvas/Code/Include/ScriptCanvas/Libraries/Deprecated/UnitTesting/ExpectGreaterThanEqual.h,0,1,1
/media/ullmann/HDDGabriel/research/engines/o3de/Code/Editor/Plugins/ComponentEntityEditorPlugin/UI/Outliner/OutlinerListModel.cpp,5,0,5
/media/ullmann/HDDGabriel/research/engines/o3de/Code/Editor/Plugins/ComponentEntityEditorPlugin/UI/Outliner/OutlinerListModel.hxx,1,4,5
/media/ullmann/HDDGabriel/research/engines/o3de/Gems/Maestro/Code/Source/Cinematics/AnimSequence.cpp,15,0,15
/media/ullmann/HDDGabriel/research/engines/o3de/Gems/Maestro/Code/Source/Cinematics/SceneNode.h,3,3,6
/media/ullmann/HDDGabriel/research/engines/o3de/Code/Editor/TrackView/SoundKeyUIControls.cpp,2,0,2
/media/ullmann/HDDGabriel/research/engines/o3de/Code/Editor/TrackView/KeyUIControls.h,1,14,15
/media/ullmann/HDDGabriel/research/engines/o3de/Gems/ScriptCanvas/Code/Include/ScriptCanvas/Translation/TranslationUtilities.cpp,2,0,2
/media/ullmann/HDDGabriel/research/engines/o3de/Gems/ScriptCanvas/Code/Include/ScriptCanvas/Translation/Configuration.h,1,2,3
/media/ullmann/HDDGabriel/research/engines/o3de/Gems/LmbrCentral/Code/Source/Builders/TranslationBuilder/TranslationBuilderComponent.h,0,2,2
/media/ullmann/HDDGabriel/research/engines/o3de/Gems/EMotionFX/Code/EMotionFX/Source/BlendTree.cpp,10,0,10
/media/ullmann/HDDGabriel/research/engines/o3de/Gems/EMotionFX/Code/EMotionFX/Source/BlendTree.h,2,3,5
/media/ullmann/HDDGabriel/research/engines/o3de/Gems/Blast/Code/Source/BlastModule.cpp,6,0,6
/media/ullmann/HDDGabriel/research/engines/o3de/Gems/Blast/Code/Source/Components/BlastFamilyComponent.h,0,1,1
/media/ullmann/HDDGabriel/research/engines/o3de/Gems/EMotionFX/Code/EMotionFX/Tools/EMotionStudio/Plugins/StandardPlugins/Source/TimeView/TimeViewToolBar.h,1,2,3
/media/ullmann/HDDGabriel/research/engines/o3de/Code/Framework/AzFramework/AzFramework/Script/ScriptRemoteDebugging.h,0,1,1
/media/ullmann/HDDGabriel/research/engines/o3de/Code/Editor/EditorViewportWidget.cpp,24,0,24
/media/ullmann/HDDGabriel/research/engines/o3de/Code/Editor/Include/IDisplayViewport.h,0,2,2
/media/ullmann/HDDGabriel/research/engines/o3de/Code/Framework/AzFramework/AzFramework/Asset/AssetCatalog.cpp,1,0,1
/media/ullmann/HDDGabriel/research/engines/o3de/Code/Framework/AzFramework/AzFramework/Asset/AssetCatalog.h,0,1,1
/media/ullmann/HDDGabriel/research/engines/o3de/Gems/EMotionFX/Code/EMotionFX/Tools/EMotionStudio/Plugins/StandardPlugins/Source/AnimGraph/ParameterEditor/IntSpinnerParameterEditor.cpp,1,0,1
/media/ullmann/HDDGabriel/research/engines/o3de/Gems/EMotionFX/Code/EMotionFX/Tools/EMotionStudio/Plugins/StandardPlugins/Source/AnimGraph/ParameterEditor/IntSpinnerParameterEditor.h,1,2,3
/media/ullmann/HDDGabriel/research/engines/o3de/Gems/AudioSystem/Code/Source/Editor/QATLControlsTreeModel.cpp,5,0,5
/media/ullmann/HDDGabriel/research/engines/o3de/Code/Editor/Plugins/ComponentEntityEditorPlugin/UI/Outliner/OutlinerSortFilterProxyModel.cpp,2,0,2
/media/ullmann/HDDGabriel/research/engines/o3de/Gems/GradientSignal/Code/Source/Editor/EditorDitherGradientComponent.cpp,1,0,1
/media/ullmann/HDDGabriel/research/engines/o3de/Gems/GradientSignal/Code/Source/Editor/EditorDitherGradientComponent.h,0,2,2
/media/ullmann/HDDGabriel/research/engines/o3de/Gems/GraphCanvas/Code/Source/Components/Nodes/General/GeneralNodeFrameComponent.h,0,1,1
/media/ullmann/HDDGabriel/research/engines/o3de/Gems/EMotionFX/Code/EMotionFX/Tools/EMotionStudio/Plugins/StandardPlugins/Source/AnimGraph/ParameterEditor/Vector3ParameterEditor.cpp,1,0,1
/media/ullmann/HDDGabriel/research/engines/o3de/Gems/EMotionFX/Code/EMotionFX/Tools/EMotionStudio/Plugins/StandardPlugins/Source/AnimGraph/ParameterEditor/Vector3ParameterEditor.h,1,2,3
/media/ullmann/HDDGabriel/research/engines/o3de/Code/Tools/ProjectManager/Source/ProjectUtils.cpp,3,0,3
/media/ullmann/HDDGabriel/research/engines/o3de/Gems/ScriptCanvas/Code/Include/ScriptCanvas/Libraries/Math/Matrix3x3.cpp,1,0,1
/media/ullmann/HDDGabriel/research/engines/o3de/Gems/ScriptCanvas/Code/Include/ScriptCanvas/Libraries/Math/Matrix3x3.h,0,1,1
/media/ullmann/HDDGabriel/research/engines/o3de/Gems/EMotionFX/Code/EMotionFX/Source/MotionEventTrack.h,3,5,8
/media/ullmann/HDDGabriel/research/engines/o3de/Gems/EMotionFX/Code/MCore/Source/AttributeVector4.h,3,2,5
/media/ullmann/HDDGabriel/research/engines/o3de/Code/Editor/Plugins/ComponentEntityEditorPlugin/UI/Outliner/OutlinerWidget.cpp,4,0,4
/media/ullmann/HDDGabriel/research/engines/o3de/Code/Editor/Plugins/ComponentEntityEditorPlugin/UI/Outliner/OutlinerDisplayOptionsMenu.h,0,3,3
/media/ullmann/HDDGabriel/research/engines/o3de/Code/Legacy/CryCommon/Cry_Vector3.h,1,3,4
/media/ullmann/HDDGabriel/research/engines/o3de/Code/Framework/AzFramework/AzFramework/Entity/GameEntityContextComponent.cpp,1,0,1
/media/ullmann/HDDGabriel/research/engines/o3de/Code/Framework/AzFramework/AzFramework/Entity/GameEntityContextComponent.h,1,1,2
/media/ullmann/HDDGabriel/research/engines/o3de/Gems/EMotionFX/Code/Tests/SimulatedObjectCommandTests.cpp,1,0,1
/media/ullmann/HDDGabriel/research/engines/o3de/Gems/LyShine/Code/Editor/ViewportInteraction.cpp,8,0,8
/media/ullmann/HDDGabriel/research/engines/o3de/Gems/LyShine/Code/Editor/AlignToolbarSection.h,1,4,5
/media/ullmann/HDDGabriel/research/engines/o3de/Code/Editor/RenderHelpers/AxisHelper.cpp,1,0,1
/media/ullmann/HDDGabriel/research/engines/o3de/Code/Editor/RenderHelpers/AxisHelperShared.inl,0,1,1
/media/ullmann/HDDGabriel/research/engines/o3de/Gems/EMotionFX/Code/EMotionFX/Tools/EMotionStudio/Plugins/StandardPlugins/Source/NodeGroups/NodeGroupWidget.h,3,3,6
/media/ullmann/HDDGabriel/research/engines/o3de/Code/Editor/Util/AutoDirectoryRestoreFileDialog.h,0,4,4
/media/ullmann/HDDGabriel/research/engines/o3de/Code/Editor/2DViewport.cpp,10,0,10
/media/ullmann/HDDGabriel/research/engines/o3de/Code/Legacy/CryCommon/IRenderer.h,1,1,2
/media/ullmann/HDDGabriel/research/engines/o3de/Code/Legacy/CryCommon/VertexFormats.h,0,2,2
/media/ullmann/HDDGabriel/research/engines/o3de/Gems/EMotionFX/Code/EMotionFX/CommandSystem/Source/MotionCommands.cpp,2,0,2
/media/ullmann/HDDGabriel/research/engines/o3de/Gems/EMotionFX/Code/EMotionFX/CommandSystem/Source/CommandManager.h,1,20,21
/media/ullmann/HDDGabriel/research/engines/o3de/Code/Framework/AzQtComponents/AzQtComponents/Gallery/ReflectedPropertyEditorPage.cpp,1,0,1
/media/ullmann/HDDGabriel/research/engines/o3de/Code/Framework/AzQtComponents/AzQtComponents/Gallery/ReflectedPropertyEditorPage.h,0,2,2
/media/ullmann/HDDGabriel/research/engines/o3de/Gems/Vegetation/Code/Source/VegetationModule.cpp,26,0,26
/media/ullmann/HDDGabriel/research/engines/o3de/Gems/Vegetation/Code/Source/Components/RotationModifierComponent.h,0,2,2
/media/ullmann/HDDGabriel/research/engines/o3de/Code/Editor/SettingsManagerDialog.cpp,7,0,7
/media/ullmann/HDDGabriel/research/engines/o3de/Gems/EMotionFX/Code/EMotionFX/Source/MotionLayerSystem.h,2,2,4
/media/ullmann/HDDGabriel/research/engines/o3de/Gems/GraphCanvas/Code/StaticLib/GraphCanvas/Widgets/StyledItemDelegates/GenericComboBoxDelegate.cpp,1,0,1
/media/ullmann/HDDGabriel/research/engines/o3de/Gems/GraphCanvas/Code/StaticLib/GraphCanvas/Widgets/StyledItemDelegates/GenericComboBoxDelegate.h,0,1,1
/media/ullmann/HDDGabriel/research/engines/o3de/Gems/Meshlets/Code/Source/Meshlets/MeshletsRenderPass.cpp,3,0,3
/media/ullmann/HDDGabriel/research/engines/o3de/Gems/Meshlets/Code/Source/Meshlets/MeshletsUtilities.h,1,3,4
/media/ullmann/HDDGabriel/research/engines/o3de/Gems/ScriptCanvas/Code/Include/ScriptCanvas/Core/Contracts/TypeContract.h,0,2,2
/media/ullmann/HDDGabriel/research/engines/o3de/Gems/Vegetation/Code/Source/Components/SlopeAlignmentModifierComponent.cpp,1,0,1
/media/ullmann/HDDGabriel/research/engines/o3de/Gems/Vegetation/Code/Source/Components/SlopeAlignmentModifierComponent.h,0,2,2
/media/ullmann/HDDGabriel/research/engines/o3de/Code/Editor/Util/Image.h,1,5,6
/media/ullmann/HDDGabriel/research/engines/o3de/Gems/Atom/RPI/Code/External/MaskedOcclusionCulling/MaskedOcclusionCullingAVX512.cpp,2,0,2
/media/ullmann/HDDGabriel/research/engines/o3de/Gems/Atom/RPI/Code/External/MaskedOcclusionCulling/CompilerSpecific.inl,0,3,3
/media/ullmann/HDDGabriel/research/engines/o3de/Gems/ScriptCanvas/Code/Editor/Assets/ScriptCanvasUndoHelper.cpp,1,0,1
/media/ullmann/HDDGabriel/research/engines/o3de/Gems/ScriptCanvas/Code/Editor/Assets/ScriptCanvasUndoHelper.h,0,1,1
/media/ullmann/HDDGabriel/research/engines/o3de/Code/Tools/LuaIDE/Source/LUA/LUAEditorBreakpointWidget.cpp,3,0,3
/media/ullmann/HDDGabriel/research/engines/o3de/Code/Tools/LuaIDE/Source/LUA/LUAEditorBreakpointWidget.hxx,0,1,1
/media/ullmann/HDDGabriel/research/engines/o3de/Code/Framework/AzToolsFramework/AzToolsFramework/UI/PropertyEditor/PropertyManagerComponent.cpp,1,0,1
/media/ullmann/HDDGabriel/research/engines/o3de/Code/Framework/AzToolsFramework/AzToolsFramework/UI/PropertyEditor/PropertyManagerComponent.h,1,1,2
/media/ullmann/HDDGabriel/research/engines/o3de/Gems/LandscapeCanvas/Code/Source/Editor/Nodes/Shapes/PolygonPrismShapeNode.h,0,2,2
/media/ullmann/HDDGabriel/research/engines/o3de/Gems/Camera/Code/Source/EditorCameraComponent.cpp,2,0,2
/media/ullmann/HDDGabriel/research/engines/o3de/Gems/Camera/Code/Source/ViewportCameraSelectorWindow.h,0,3,3
/media/ullmann/HDDGabriel/research/engines/o3de/Gems/Vegetation/Code/Source/DebugSystemComponent.h,0,2,2
/media/ullmann/HDDGabriel/research/engines/o3de/Code/Editor/ToolbarManager.h,0,5,5
/media/ullmann/HDDGabriel/research/engines/o3de/Code/Tools/AssetProcessor/native/AssetManager/AssetCatalog.h,1,0,1
/media/ullmann/HDDGabriel/research/engines/o3de/Code/Tools/AssetProcessor/native/AssetManager/AssetRequestHandler.h,0,4,4
/media/ullmann/HDDGabriel/research/engines/o3de/Gems/EMotionFX/Code/EMotionFX/Source/Parameter/GroupParameter.h,2,1,3
/media/ullmann/HDDGabriel/research/engines/o3de/Gems/EMotionFX/Code/EMotionFX/Source/Parameter/ValueParameter.h,1,3,4
/media/ullmann/HDDGabriel/research/engines/o3de/Code/Tools/ProjectManager/Source/UpdateProjectSettingsScreen.cpp,6,0,6
/media/ullmann/HDDGabriel/research/engines/o3de/Code/Tools/ProjectManager/Source/FormComboBoxWidget.h,0,2,2
/media/ullmann/HDDGabriel/research/engines/o3de/Gems/AtomLyIntegration/CommonFeatures/Code/Source/Material/EditorMaterialComponent.h,0,1,1
/media/ullmann/HDDGabriel/research/engines/o3de/Code/Legacy/CryCommon/Cry_Math.h,11,9,20
/media/ullmann/HDDGabriel/research/engines/o3de/Gems/Meshlets/Code/Source/Meshlets/MeshletsUtilities.cpp,1,0,1
/media/ullmann/HDDGabriel/research/engines/o3de/Gems/ScriptCanvas/Code/Include/ScriptCanvas/Grammar/ParsingUtilitiesScriptEventExtension.h,2,0,2
/media/ullmann/HDDGabriel/research/engines/o3de/Code/Editor/Controls/ReflectedPropertyControl/ReflectedPropertyCtrl.h,2,3,5
/media/ullmann/HDDGabriel/research/engines/o3de/Code/Editor/Controls/ReflectedPropertyControl/ReflectedVar.h,0,7,7
/media/ullmann/HDDGabriel/research/engines/o3de/Gems/LyShine/Code/Source/UiTransform2dComponent.cpp,5,0,5
/media/ullmann/HDDGabriel/research/engines/o3de/Gems/EMotionFX/Code/EMotionFX/CommandSystem/Source/AnimGraphNodeGroupCommands.cpp,3,0,3
/media/ullmann/HDDGabriel/research/engines/o3de/Gems/ScriptCanvasDeveloper/Code/Editor/Source/EditorAutomationTests/NodeCreationTests.h,0,1,1
/media/ullmann/HDDGabriel/research/engines/o3de/Gems/AudioSystem/Code/Source/Editor/QTreeWidgetFilter.h,0,5,5
/media/ullmann/HDDGabriel/research/engines/o3de/Code/Editor/Objects/LineGizmo.h,2,2,4
/media/ullmann/HDDGabriel/research/engines/o3de/Gems/EMotionFX/Code/EMotionFX/Tools/EMotionStudio/Plugins/StandardPlugins/Source/MotionEvents/MotionEventsPlugin.cpp,4,0,4
/media/ullmann/HDDGabriel/research/engines/o3de/Gems/EMotionFX/Code/EMotionFX/Tools/EMotionStudio/Plugins/StandardPlugins/Source/TimeView/TrackDataWidget.h,2,3,5
/media/ullmann/HDDGabriel/research/engines/o3de/Code/Editor/Objects/DisplayContext.cpp,1,0,1
/media/ullmann/HDDGabriel/research/engines/o3de/Code/Editor/Objects/DisplayContextShared.inl,0,1,1
/media/ullmann/HDDGabriel/research/engines/o3de/Gems/EMotionFX/Code/EMotionFX/Source/Skeleton.cpp,2,0,2
/media/ullmann/HDDGabriel/research/engines/o3de/Gems/EMotionFX/Code/EMotionFX/Source/Skeleton.h,3,4,7
/media/ullmann/HDDGabriel/research/engines/o3de/Gems/EMotionFX/Code/EMotionFX/Source/Attachment.cpp,2,0,2
/media/ullmann/HDDGabriel/research/engines/o3de/Gems/EMotionFX/Code/EMotionFX/Source/Attachment.h,3,6,9
/media/ullmann/HDDGabriel/research/engines/o3de/Gems/SceneProcessing/Code/Source/Generation/Components/MeshOptimizer/MeshBuilderSkinningInfo.cpp,4,0,4
/media/ullmann/HDDGabriel/research/engines/o3de/Gems/SceneProcessing/Code/Source/Generation/Components/MeshOptimizer/MeshBuilder.h,3,3,6
/media/ullmann/HDDGabriel/research/engines/o3de/Code/Editor/Plugins/ProjectSettingsTool/PropertyFileSelect.h,1,3,4
/media/ullmann/HDDGabriel/research/engines/o3de/Code/Editor/Plugins/ProjectSettingsTool/PropertyFuncValBrowseEdit.h,1,3,4
/media/ullmann/HDDGabriel/research/engines/o3de/Gems/EMotionFX/Code/EMotionFX/Source/BlendTreeBlend2AdditiveNode.cpp,11,0,11
/media/ullmann/HDDGabriel/research/engines/o3de/Gems/LyShine/Code/Editor/Animation/UiAnimViewNodes.cpp,6,0,6
/media/ullmann/HDDGabriel/research/engines/o3de/Gems/MotionMatching/Code/Source/FeatureTrajectory.cpp,5,0,5
/media/ullmann/HDDGabriel/research/engines/o3de/Code/Framework/AzCore/AzCore/Statistics/NamedRunningStatistic.h,1,1,2
/media/ullmann/HDDGabriel/research/engines/o3de/Code/Framework/AzCore/AzCore/Statistics/RunningStatistic.h,0,2,2
/media/ullmann/HDDGabriel/research/engines/o3de/Gems/GradientSignal/Code/Source/GradientSignalEditorModule.h,1,1,2
/media/ullmann/HDDGabriel/research/engines/o3de/Code/Editor/TrackView/DirectorNodeAnimator.h,1,2,3
/media/ullmann/HDDGabriel/research/engines/o3de/Code/Editor/TrackView/TrackViewAnimNode.h,2,5,7
/media/ullmann/HDDGabriel/research/engines/o3de/Gems/LmbrCentral/Code/Source/Audio/AudioMultiPositionComponent.cpp,1,0,1
/media/ullmann/HDDGabriel/research/engines/o3de/Gems/LmbrCentral/Code/Source/Audio/AudioMultiPositionComponent.h,0,3,3
/media/ullmann/HDDGabriel/research/engines/o3de/Code/Framework/AzToolsFramework/AzToolsFramework/UI/Logging/StyledTracePrintFLogPanel.cpp,1,0,1
/media/ullmann/HDDGabriel/research/engines/o3de/Code/Framework/AzToolsFramework/AzToolsFramework/UI/Logging/StyledTracePrintFLogPanel.h,2,1,3
/media/ullmann/HDDGabriel/research/engines/o3de/Gems/Atom/Asset/ImageProcessingAtom/Code/Source/Converters/FIR-Weights.cpp,1,0,1
/media/ullmann/HDDGabriel/research/engines/o3de/Gems/Atom/Asset/ImageProcessingAtom/Code/Source/Converters/FIR-Weights.h,1,1,2
/media/ullmann/HDDGabriel/research/engines/o3de/Gems/LyShine/Code/Source/UiTextInputComponent.cpp,6,0,6
/media/ullmann/HDDGabriel/research/engines/o3de/Gems/ScriptEvents/Code/Tests/ScriptEventsTestFixture.cpp,2,0,2
/media/ullmann/HDDGabriel/research/engines/o3de/Code/Tools/AssetProcessor/native/ui/AssetTreeModel.cpp,2,0,2
/media/ullmann/HDDGabriel/research/engines/o3de/Code/Tools/AssetProcessor/native/ui/AssetTreeModel.h,0,3,3
/media/ullmann/HDDGabriel/research/engines/o3de/Gems/Meshlets/Code/Source/Meshlets/MeshletsAssets.cpp,1,0,1
/media/ullmann/HDDGabriel/research/engines/o3de/Gems/Vegetation/Code/Source/Editor/EditorSurfaceAltitudeFilterComponent.h,0,2,2
/media/ullmann/HDDGabriel/research/engines/o3de/Gems/EMotionFX/Code/EMotionFX/Source/AnimGraphExitNode.cpp,7,0,7
/media/ullmann/HDDGabriel/research/engines/o3de/Gems/LyShine/Code/Editor/CommandCanvasSize.cpp,2,0,2
/media/ullmann/HDDGabriel/research/engines/o3de/Gems/LyShine/Code/Editor/CommandCanvasSize.h,0,2,2
/media/ullmann/HDDGabriel/research/engines/o3de/Gems/ScriptCanvas/Code/Include/ScriptCanvas/Core/MethodConfiguration.h,5,1,6
/media/ullmann/HDDGabriel/research/engines/o3de/Gems/ScriptCanvas/Code/Include/ScriptCanvas/Core/SlotConfigurations.h,0,1,1
/media/ullmann/HDDGabriel/research/engines/o3de/Gems/Multiplayer/Code/Source/Debug/MultiplayerDebugByteReporter.cpp,1,0,1
/media/ullmann/HDDGabriel/research/engines/o3de/Gems/Multiplayer/Code/Source/Debug/MultiplayerDebugByteReporter.h,0,2,2
/media/ullmann/HDDGabriel/research/engines/o3de/Gems/MotionMatching/Code/Source/FeaturePosition.h,1,4,5
/media/ullmann/HDDGabriel/research/engines/o3de/Gems/MotionMatching/Code/Source/Feature.h,2,15,17
/media/ullmann/HDDGabriel/research/engines/o3de/Gems/MotionMatching/Code/Source/MotionMatchingInstance.cpp,10,0,10
/media/ullmann/HDDGabriel/research/engines/o3de/Gems/Atom/Asset/ImageProcessingAtom/Code/Source/Compressors/CryTextureSquisher/ColorBlockRGBA4x4s.cpp,1,0,1
/media/ullmann/HDDGabriel/research/engines/o3de/Gems/Atom/Asset/ImageProcessingAtom/Code/Source/Compressors/CryTextureSquisher/ColorBlockRGBA4x4s.h,1,2,3
/media/ullmann/HDDGabriel/research/engines/o3de/Gems/ScriptCanvas/Code/Include/ScriptCanvas/Libraries/Deprecated/Time/Timer.cpp,1,0,1
/media/ullmann/HDDGabriel/research/engines/o3de/Gems/ScriptCanvas/Code/Include/ScriptCanvas/Libraries/Deprecated/Time/Timer.h,0,1,1
/media/ullmann/HDDGabriel/research/engines/o3de/Gems/LyShine/Code/Editor/CanvasHelpers.h,0,10,10
/media/ullmann/HDDGabriel/research/engines/o3de/Gems/ScriptCanvas/Code/Include/ScriptCanvas/Libraries/Core/ReceiveScriptEvent.cpp,1,0,1
/media/ullmann/HDDGabriel/research/engines/o3de/Gems/ScriptCanvas/Code/Include/ScriptCanvas/Libraries/Core/ReceiveScriptEvent.h,0,1,1
/media/ullmann/HDDGabriel/research/engines/o3de/Code/Framework/AzFramework/AzFramework/Components/ComponentAdapter.h,1,0,1
/media/ullmann/HDDGabriel/research/engines/o3de/Code/Framework/AzFramework/AzFramework/Components/ComponentAdapter.inl,0,1,1
/media/ullmann/HDDGabriel/research/engines/o3de/Gems/LmbrCentral/Code/Source/Scripting/RandomTimedSpawnerComponent.cpp,1,0,1
/media/ullmann/HDDGabriel/research/engines/o3de/Gems/LmbrCentral/Code/Source/Scripting/RandomTimedSpawnerComponent.h,0,3,3
/media/ullmann/HDDGabriel/research/engines/o3de/Code/Framework/AzToolsFramework/AzToolsFramework/AssetEditor/AssetEditorBus.cpp,1,0,1
/media/ullmann/HDDGabriel/research/engines/o3de/Code/Framework/AzToolsFramework/AzToolsFramework/AssetEditor/AssetEditorBus.h,0,1,1
/media/ullmann/HDDGabriel/research/engines/o3de/Gems/EMotionFX/Code/MCore/Source/Distance.h,2,1,3
/media/ullmann/HDDGabriel/research/engines/o3de/Gems/EMotionFX/Code/EMotionFX/Tools/EMotionStudio/Plugins/StandardPlugins/Source/TimeView/TimeViewPlugin.h,0,6,6
/media/ullmann/HDDGabriel/research/engines/o3de/Code/Editor/Objects/BaseObject.cpp,2,0,2
/media/ullmann/HDDGabriel/research/engines/o3de/Code/Editor/Objects/GizmoManager.h,0,6,6
/media/ullmann/HDDGabriel/research/engines/o3de/Code/Editor/Undo/UndoVariableChange.h,1,0,1
/media/ullmann/HDDGabriel/research/engines/o3de/Code/Editor/Undo/IUndoObject.h,0,2,2
/media/ullmann/HDDGabriel/research/engines/o3de/Gems/ScriptCanvas/Code/Include/ScriptCanvas/Libraries/Logic/Break.cpp,1,0,1
/media/ullmann/HDDGabriel/research/engines/o3de/Gems/ScriptCanvas/Code/Include/ScriptCanvas/Libraries/Logic/Break.h,0,1,1
/media/ullmann/HDDGabriel/research/engines/o3de/Gems/LyShine/Code/Editor/AnchorPresets.cpp,1,0,1
/media/ullmann/HDDGabriel/research/engines/o3de/Gems/LyShine/Code/Editor/AnchorPresets.h,0,4,4
/media/ullmann/HDDGabriel/research/engines/o3de/Code/Editor/CustomizeKeyboardDialog.cpp,2,0,2
/media/ullmann/HDDGabriel/research/engines/o3de/Gems/EMotionFX/Code/EMotionFX/Tools/EMotionStudio/Plugins/StandardPlugins/Source/AnimGraph/NodeGroupWindow.h,2,3,5
/media/ullmann/HDDGabriel/research/engines/o3de/Gems/Meshlets/Code/Source/Meshlets/SharedBuffer.h,1,4,5
/media/ullmann/HDDGabriel/research/engines/o3de/Gems/ScriptCanvas/Code/Include/ScriptCanvas/Grammar/AbstractCodeModel.cpp,5,0,5
/media/ullmann/HDDGabriel/research/engines/o3de/Gems/ScriptCanvas/Code/Include/ScriptCanvas/Grammar/ExecutionTraversalListeners.h,2,2,4
/media/ullmann/HDDGabriel/research/engines/o3de/Gems/EMotionFX/Code/EMotionFX/Tools/EMotionStudio/Plugins/StandardPlugins/Source/AnimGraph/AttributesWindow.h,0,3,3
/media/ullmann/HDDGabriel/research/engines/o3de/Gems/LyShine/Code/Source/UiRadioButtonGroupComponent.cpp,2,0,2
/media/ullmann/HDDGabriel/research/engines/o3de/Gems/LyShine/Code/Source/UiRadioButtonGroupComponent.h,1,5,6
/media/ullmann/HDDGabriel/research/engines/o3de/Gems/EditorPythonBindings/Code/Source/PythonProxyObject.cpp,1,0,1
/media/ullmann/HDDGabriel/research/engines/o3de/Gems/EditorPythonBindings/Code/Source/PythonProxyObject.h,0,1,1
/media/ullmann/HDDGabriel/research/engines/o3de/Gems/LyShine/Code/Editor/EditorWindow.h,6,3,9
/media/ullmann/HDDGabriel/research/engines/o3de/Gems/GraphCanvas/Code/Source/Components/Nodes/Group/NodeGroupFrameComponent.h,0,2,2
/media/ullmann/HDDGabriel/research/engines/o3de/Gems/ScriptCanvas/Code/Include/ScriptCanvas/Libraries/Core/FunctionCallNode.cpp,2,0,2
/media/ullmann/HDDGabriel/research/engines/o3de/Gems/ScriptCanvas/Code/Include/ScriptCanvas/Libraries/Core/FunctionCallNodeIsOutOfDate.h,0,2,2
/media/ullmann/HDDGabriel/research/engines/o3de/Code/Tools/LuaIDE/Source/LUA/LUAEditorFindResults.cpp,3,0,3
/media/ullmann/HDDGabriel/research/engines/o3de/Code/Tools/ProjectManager/Source/EngineSettingsScreen.cpp,6,0,6
/media/ullmann/HDDGabriel/research/engines/o3de/Code/Tools/ProjectManager/Source/FormFolderBrowseEditWidget.h,1,4,5
/media/ullmann/HDDGabriel/research/engines/o3de/Code/Tools/AssetProcessor/AssetBuilder/AssetBuilderComponent.cpp,4,0,4
/media/ullmann/HDDGabriel/research/engines/o3de/Code/Tools/AssetProcessor/AssetBuilder/AssetBuilderComponent.h,1,3,4
/media/ullmann/HDDGabriel/research/engines/o3de/Gems/LyShine/Code/Source/UiLayoutHelpers.cpp,1,0,1
/media/ullmann/HDDGabriel/research/engines/o3de/Gems/LyShine/Code/Source/UiLayoutHelpers.h,0,9,9
/media/ullmann/HDDGabriel/research/engines/o3de/Code/Tools/CrashHandler/Platform/iOS/CrashHandler_Traits_Platform.h,1,0,1
/media/ullmann/HDDGabriel/research/engines/o3de/Code/Tools/CrashHandler/Platform/iOS/CrashHandler_Traits_iOS.h,0,1,1
/media/ullmann/HDDGabriel/research/engines/o3de/Gems/AtomTressFX/External/Code/src/TressFX/TressFXSDFCollision.cpp,5,0,5
/media/ullmann/HDDGabriel/research/engines/o3de/Gems/AtomTressFX/External/Code/src/TressFX/TressFXSDFCollision.h,3,2,5
/media/ullmann/HDDGabriel/research/engines/o3de/Gems/LyShine/Code/Editor/ModeToolbar.h,0,1,1
/media/ullmann/HDDGabriel/research/engines/o3de/Gems/Atom/RHI/Null/Code/Source/Platform/Mac/Null_Traits_Platform.h,1,0,1
/media/ullmann/HDDGabriel/research/engines/o3de/Gems/Atom/RHI/Null/Code/Source/Platform/Mac/Null_Traits_Mac.h,0,1,1
/media/ullmann/HDDGabriel/research/engines/o3de/Gems/Atom/Tools/MaterialCanvas/Code/Source/MaterialCanvasApplication.cpp,4,0,4
/media/ullmann/HDDGabriel/research/engines/o3de/Gems/Atom/Tools/MaterialCanvas/Code/Source/Window/MaterialCanvasGraphView.h,0,1,1
/media/ullmann/HDDGabriel/research/engines/o3de/Gems/EMotionFX/Code/EMotionFX/Source/BlendSpaceParamEvaluator.cpp,4,0,4
/media/ullmann/HDDGabriel/research/engines/o3de/Gems/Atom/Feature/Common/Code/Source/ColorGrading/LutGenerationPass.h,0,1,1
/media/ullmann/HDDGabriel/research/engines/o3de/Code/Framework/AzToolsFramework/AzToolsFramework/Commands/SelectionCommand.cpp,1,0,1
/media/ullmann/HDDGabriel/research/engines/o3de/Code/Framework/AzToolsFramework/AzToolsFramework/Commands/SelectionCommand.h,0,1,1
/media/ullmann/HDDGabriel/research/engines/o3de/Gems/AWSClientAuth/Code/Source/Authentication/AuthenticationProviderTypes.h,0,1,1
/media/ullmann/HDDGabriel/research/engines/o3de/Gems/StartingPointCamera/Code/Source/CameraTransformBehaviors/OffsetCameraPosition.cpp,1,0,1
/media/ullmann/HDDGabriel/research/engines/o3de/Gems/Atom/Asset/Shader/Code/Source/Editor/ShaderBuilderUtility.cpp,5,0,5
/media/ullmann/HDDGabriel/research/engines/o3de/Gems/Atom/Asset/Shader/Code/Source/Editor/ShaderBuilderUtility.h,1,5,6
/media/ullmann/HDDGabriel/research/engines/o3de/Gems/AudioEngineWwise/Code/Source/Engine/AudioSystemImpl_wwise.h,2,1,3
/media/ullmann/HDDGabriel/research/engines/o3de/Gems/AudioEngineWwise/Code/Source/Engine/ATLEntities_wwise.h,0,1,1
/media/ullmann/HDDGabriel/research/engines/o3de/Templates/CppToolGem/Template/Code/Source/Tools/${Name}Widget.cpp,1,0,1
/media/ullmann/HDDGabriel/research/engines/o3de/Templates/CppToolGem/Template/Code/Source/Tools/${Name}Widget.h,0,2,2
/media/ullmann/HDDGabriel/research/engines/o3de/Code/Framework/AzToolsFramework/AzToolsFramework/UI/UICore/IconButton.cpp,1,0,1
/media/ullmann/HDDGabriel/research/engines/o3de/Code/Framework/AzToolsFramework/AzToolsFramework/UI/UICore/IconButton.hxx,0,1,1
/media/ullmann/HDDGabriel/research/engines/o3de/Gems/WhiteBox/Code/Source/Components/EditorWhiteBoxColliderComponent.cpp,2,0,2
/media/ullmann/HDDGabriel/research/engines/o3de/Gems/WhiteBox/Code/Source/Components/WhiteBoxColliderComponent.h,1,3,4
/media/ullmann/HDDGabriel/research/engines/o3de/Gems/Atom/RHI/Code/Source/Platform/Android/Atom_RHI_Traits_Platform.h,1,0,1
/media/ullmann/HDDGabriel/research/engines/o3de/Gems/Atom/RHI/Code/Source/Platform/Android/Atom_RHI_Traits_Android.h,0,1,1
/media/ullmann/HDDGabriel/research/engines/o3de/Gems/AWSGameLift/Code/AWSGameLiftClient/Source/Request/IAWSGameLiftInternalRequests.h,0,3,3
/media/ullmann/HDDGabriel/research/engines/o3de/Gems/AudioSystem/Code/Source/Editor/QAudioControlTreeWidget.cpp,4,0,4
/media/ullmann/HDDGabriel/research/engines/o3de/Gems/AudioSystem/Code/Source/Editor/QAudioControlTreeWidget.h,1,4,5
/media/ullmann/HDDGabriel/research/engines/o3de/Gems/GraphCanvas/Code/Source/Components/NodePropertyDisplays/VectorNodePropertyDisplay.h,0,1,1
/media/ullmann/HDDGabriel/research/engines/o3de/Code/Framework/AzCore/Tests/AZStd/SmartPtr.cpp,1,0,1
/media/ullmann/HDDGabriel/research/engines/o3de/Code/Framework/AzCore/Tests/AZStd/UserTypes.h,0,34,34
/media/ullmann/HDDGabriel/research/engines/o3de/Gems/EMotionFX/Code/EMotionFX/Source/AnimGraphEntryNode.h,2,3,5
/media/ullmann/HDDGabriel/research/engines/o3de/Code/Tools/AssetProcessor/AssetBuilderSDK/AssetBuilderSDK/AssetBuilderSDK.cpp,2,0,2
/media/ullmann/HDDGabriel/research/engines/o3de/Code/Tools/AssetProcessor/AssetBuilderSDK/AssetBuilderSDK/AssetBuilderSDK.h,1,1,2
/media/ullmann/HDDGabriel/research/engines/o3de/Gems/Maestro/Code/Source/Cinematics/SoundTrack.h,1,3,4
/media/ullmann/HDDGabriel/research/engines/o3de/Gems/Multiplayer/Code/Source/MultiplayerToolsSystemComponent.cpp,2,0,2
/media/ullmann/HDDGabriel/research/engines/o3de/Gems/Multiplayer/Code/Source/Pipeline/NetworkPrefabProcessor.h,0,1,1
/media/ullmann/HDDGabriel/research/engines/o3de/Code/Editor/TrackView/SequenceKeyUIControls.cpp,2,0,2
/media/ullmann/HDDGabriel/research/engines/o3de/Code/Editor/TrackView/TrackViewDialog.h,6,5,11
/media/ullmann/HDDGabriel/research/engines/o3de/Code/Tools/ProjectManager/Source/CreateProjectCtrl.cpp,10,0,10
/media/ullmann/HDDGabriel/research/engines/o3de/Code/Tools/ProjectManager/Source/ScreensCtrl.h,2,5,7
/media/ullmann/HDDGabriel/research/engines/o3de/Code/Editor/Plugins/FFMPEGPlugin/main.cpp,1,0,1
/media/ullmann/HDDGabriel/research/engines/o3de/Code/Editor/Plugins/FFMPEGPlugin/FFMPEGPlugin.h,0,2,2
/media/ullmann/HDDGabriel/research/engines/o3de/Gems/MotionMatching/Code/Source/MotionMatchingSystemComponent.h,0,4,4
/media/ullmann/HDDGabriel/research/engines/o3de/Code/Framework/AzToolsFramework/AzToolsFramework/ViewportSelection/EditorTransformComponentSelection.cpp,1,0,1
/media/ullmann/HDDGabriel/research/engines/o3de/Code/Framework/AzToolsFramework/AzToolsFramework/ViewportSelection/EditorTransformComponentSelection.h,0,1,1
/media/ullmann/HDDGabriel/research/engines/o3de/Gems/ScriptedEntityTweener/Code/Source/ScriptedEntityTweenerSystemComponent.h,1,2,3
/media/ullmann/HDDGabriel/research/engines/o3de/Gems/ScriptedEntityTweener/Code/Source/ScriptedEntityTweenerTask.h,1,2,3
/media/ullmann/HDDGabriel/research/engines/o3de/Code/Legacy/CryCommon/ISystem.h,7,5,12
/media/ullmann/HDDGabriel/research/engines/o3de/Code/Legacy/CryCommon/CryVersion.h,0,1,1
/media/ullmann/HDDGabriel/research/engines/o3de/Gems/Atom/Asset/ImageProcessingAtom/Code/Source/Editor/ImagePopup.cpp,1,0,1
/media/ullmann/HDDGabriel/research/engines/o3de/Gems/Atom/Asset/ImageProcessingAtom/Code/Source/Editor/ImagePopup.h,0,1,1
/media/ullmann/HDDGabriel/research/engines/o3de/Gems/PhysX/Code/Tests/PhysXTestCommon.h,1,3,4
/media/ullmann/HDDGabriel/research/engines/o3de/Gems/PhysX/Code/Tests/PhysXTestCommon.inl,0,1,1
/media/ullmann/HDDGabriel/research/engines/o3de/Gems/ScriptCanvas/Code/Include/ScriptCanvas/Translation/GraphToLuaUtility.h,2,1,3
/media/ullmann/HDDGabriel/research/engines/o3de/Gems/ScriptCanvas/Code/Include/ScriptCanvas/Translation/TranslationUtilities.h,0,5,5
/media/ullmann/HDDGabriel/research/engines/o3de/Gems/AtomLyIntegration/AtomBridge/Code/Source/AtomBridgeSystemComponent.cpp,4,0,4
/media/ullmann/HDDGabriel/research/engines/o3de/Gems/AtomLyIntegration/AtomBridge/Code/Source/FlyCameraInputComponent.h,0,3,3
/media/ullmann/HDDGabriel/research/engines/o3de/Code/Editor/Plugins/ProjectSettingsTool/PropertyLinked.h,1,2,3
/media/ullmann/HDDGabriel/research/engines/o3de/Code/Editor/Plugins/ProjectSettingsTool/PropertyFuncValLineEdit.h,1,3,4
/media/ullmann/HDDGabriel/research/engines/o3de/Gems/Atom/Asset/Shader/Code/Source/Editor/SrgLayoutUtility.h,2,3,5
/media/ullmann/HDDGabriel/research/engines/o3de/Code/Tools/SerializeContextTools/SliceConverter.h,1,2,3
/media/ullmann/HDDGabriel/research/engines/o3de/Gems/LyShine/Code/Editor/PropertyHandlerSprite.cpp,3,0,3
/media/ullmann/HDDGabriel/research/engines/o3de/Gems/LyShine/Code/Editor/PropertyHandlerSprite.h,0,2,2
/media/ullmann/HDDGabriel/research/engines/o3de/Gems/AWSGameLift/Code/AWSGameLiftClient/Source/AWSGameLiftClientSystemComponent.cpp,3,0,3
/media/ullmann/HDDGabriel/research/engines/o3de/Gems/AWSGameLift/Code/AWSGameLiftClient/Source/AWSGameLiftClientManager.h,0,2,2
/media/ullmann/HDDGabriel/research/engines/o3de/Gems/EMotionFX/Code/MCore/Source/Endian.h,5,1,6
/media/ullmann/HDDGabriel/research/engines/o3de/Gems/EMotionFX/Code/MCore/Source/Color.h,3,2,5
/media/ullmann/HDDGabriel/research/engines/o3de/Gems/Maestro/Code/Source/Cinematics/AnimNode.cpp,20,0,20
/media/ullmann/HDDGabriel/research/engines/o3de/Code/Framework/AzQtComponents/AzQtComponents/Gallery/SplitterPage.h,0,2,2
/media/ullmann/HDDGabriel/research/engines/o3de/Gems/EMotionFX/Code/EMotionFX/Source/SimulatedObjectSetup.h,1,0,1
/media/ullmann/HDDGabriel/research/engines/o3de/Gems/EMotionFX/Code/EMotionFX/Source/SimulatedObjectSetup_Interface.inl,0,1,1
/media/ullmann/HDDGabriel/research/engines/o3de/Gems/WhiteBox/Code/Source/Components/WhiteBoxColliderComponent.cpp,1,0,1
/media/ullmann/HDDGabriel/research/engines/o3de/Gems/Atom/Asset/ImageProcessingAtom/External/CubeMapGen/CImageSurface.h,1,2,3
/media/ullmann/HDDGabriel/research/engines/o3de/Gems/Atom/Asset/ImageProcessingAtom/External/CubeMapGen/VectorMacros.h,0,2,2
/media/ullmann/HDDGabriel/research/engines/o3de/Gems/Maestro/Code/Source/Cinematics/TimeRangesTrack.cpp,1,0,1
/media/ullmann/HDDGabriel/research/engines/o3de/Gems/Maestro/Code/Source/Cinematics/TimeRangesTrack.h,1,2,3
/media/ullmann/HDDGabriel/research/engines/o3de/Gems/EMotionFX/Code/EMotionFX/Tools/EMotionStudio/Plugins/StandardPlugins/Source/ActionHistory/ActionHistoryPlugin.cpp,2,0,2
/media/ullmann/HDDGabriel/research/engines/o3de/Gems/EMotionFX/Code/EMotionFX/Tools/EMotionStudio/Plugins/StandardPlugins/Source/ActionHistory/ActionHistoryPlugin.h,2,1,3
/media/ullmann/HDDGabriel/research/engines/o3de/Gems/EMotionFX/Code/EMotionFX/Tools/EMotionStudio/Plugins/StandardPlugins/Source/TimeView/TimeTrackElement.h,1,2,3
/media/ullmann/HDDGabriel/research/engines/o3de/Gems/AtomLyIntegration/CommonFeatures/Code/Source/SkyBox/PhysicalSkyComponent.h,0,1,1
/media/ullmann/HDDGabriel/research/engines/o3de/Code/Framework/AzToolsFramework/AzToolsFramework/Commands/SliceDetachEntityCommand.cpp,1,0,1
/media/ullmann/HDDGabriel/research/engines/o3de/Code/Framework/AzToolsFramework/AzToolsFramework/Commands/SliceDetachEntityCommand.h,0,1,1
/media/ullmann/HDDGabriel/research/engines/o3de/Gems/LyShine/Code/Editor/PropertyHandlers.cpp,12,0,12
/media/ullmann/HDDGabriel/research/engines/o3de/Gems/LyShine/Code/Editor/PropertyHandlerAnchor.h,0,2,2
/media/ullmann/HDDGabriel/research/engines/o3de/Gems/WhiteBox/Code/Source/WhiteBoxEditorModule.h,1,1,2
/media/ullmann/HDDGabriel/research/engines/o3de/Gems/WhiteBox/Code/Source/WhiteBoxModule.h,0,2,2
/media/ullmann/HDDGabriel/research/engines/o3de/Gems/Maestro/Code/Source/Cinematics/CharacterTrackAnimator.cpp,3,0,3
/media/ullmann/HDDGabriel/research/engines/o3de/Code/Tools/AssetProcessor/native/resourcecompiler/rcjob.h,1,2,3
/media/ullmann/HDDGabriel/research/engines/o3de/Code/Tools/AssetProcessor/native/resourcecompiler/RCCommon.h,0,4,4
/media/ullmann/HDDGabriel/research/engines/o3de/Code/Tools/AssetProcessor/native/ui/AssetDetailsPanel.cpp,5,0,5
/media/ullmann/HDDGabriel/research/engines/o3de/Code/Tools/AssetProcessor/native/ui/SourceAssetTreeModel.h,1,4,5
/media/ullmann/HDDGabriel/research/engines/o3de/Gems/EMotionFX/Code/EMotionFX/Source/AnimGraphEntryNode.cpp,6,0,6
/media/ullmann/HDDGabriel/research/engines/o3de/Gems/Terrain/Code/Source/EditorComponents/EditorTerrainLayerSpawnerComponent.h,0,1,1
/media/ullmann/HDDGabriel/research/engines/o3de/Gems/Atom/Feature/Common/Code/Source/PostProcessing/LuminanceHistogramGeneratorPass.h,0,1,1
/media/ullmann/HDDGabriel/research/engines/o3de/Gems/EMotionFX/Code/EMotionFX/Tools/EMotionStudio/Plugins/StandardPlugins/Source/AnimGraph/ParameterEditor/ParameterEditorFactory.h,0,1,1
/media/ullmann/HDDGabriel/research/engines/o3de/Gems/Maestro/Code/Source/Cinematics/AssetBlendTrack.h,1,2,3
/media/ullmann/HDDGabriel/research/engines/o3de/Code/Editor/Include/HitContext.h,0,2,2
/media/ullmann/HDDGabriel/research/engines/o3de/Gems/LmbrCentral/Code/Source/Builders/CopyDependencyBuilder/CopyDependencyBuilderComponent.h,5,2,7
/media/ullmann/HDDGabriel/research/engines/o3de/Gems/LmbrCentral/Code/Source/Builders/CopyDependencyBuilder/EmfxWorkspaceBuilderWorker/EmfxWorkspaceBuilderWorker.h,0,2,2
/media/ullmann/HDDGabriel/research/engines/o3de/Gems/EMotionFX/Code/EMotionFX/Source/MemoryCategories.h,0,7,7
/media/ullmann/HDDGabriel/research/engines/o3de/Code/Tools/ProjectManager/Source/GemCatalog/GemDependenciesDialog.h,0,1,1
/media/ullmann/HDDGabriel/research/engines/o3de/Gems/DebugDraw/Code/Source/DebugDrawSystemComponent.h,5,2,7
/media/ullmann/HDDGabriel/research/engines/o3de/Gems/DebugDraw/Code/Source/DebugDrawRayComponent.h,0,4,4
/media/ullmann/HDDGabriel/research/engines/o3de/Code/Editor/Plugins/ComponentEntityEditorPlugin/SandboxIntegration.cpp,3,0,3
/media/ullmann/HDDGabriel/research/engines/o3de/Code/Editor/Plugins/ComponentEntityEditorPlugin/Objects/ComponentEntityObject.h,0,5,5
/media/ullmann/HDDGabriel/research/engines/o3de/Code/Editor/ShortcutDispatcher.cpp,4,0,4
/media/ullmann/HDDGabriel/research/engines/o3de/Code/Editor/QtViewPaneManager.h,4,9,13
/media/ullmann/HDDGabriel/research/engines/o3de/Gems/ScriptCanvas/Code/Include/ScriptCanvas/Debugger/Logger.h,1,2,3
/media/ullmann/HDDGabriel/research/engines/o3de/Gems/ScriptCanvas/Code/Include/ScriptCanvas/Debugger/APIArguments.h,0,5,5
/media/ullmann/HDDGabriel/research/engines/o3de/Code/Tools/ProjectManager/Source/LinkWidget.cpp,3,0,3
/media/ullmann/HDDGabriel/research/engines/o3de/Code/Tools/ProjectManager/Source/ExternalLinkDialog.h,0,3,3
/media/ullmann/HDDGabriel/research/engines/o3de/Gems/Maestro/Code/Source/Cinematics/ShadowsSetupNode.cpp,1,0,1
/media/ullmann/HDDGabriel/research/engines/o3de/Gems/Maestro/Code/Source/Cinematics/ShadowsSetupNode.h,1,3,4
/media/ullmann/HDDGabriel/research/engines/o3de/Gems/ScriptCanvas/Code/Include/ScriptCanvas/Utils/VersionConverters.cpp,1,0,1
/media/ullmann/HDDGabriel/research/engines/o3de/Gems/ScriptCanvas/Code/Include/ScriptCanvas/Utils/VersionConverters.h,0,1,1
/media/ullmann/HDDGabriel/research/engines/o3de/Gems/DebugDraw/Code/Source/DebugDrawTextComponent.h,0,4,4
/media/ullmann/HDDGabriel/research/engines/o3de/Gems/Atom/Feature/Common/Code/Source/CoreLights/LightCullingPass.h,0,1,1
/media/ullmann/HDDGabriel/research/engines/o3de/Gems/LandscapeCanvas/Code/Source/Editor/Nodes/Areas/AreaBlenderNode.cpp,1,0,1
/media/ullmann/HDDGabriel/research/engines/o3de/Gems/LandscapeCanvas/Code/Source/Editor/Nodes/Areas/AreaBlenderNode.h,0,2,2
/media/ullmann/HDDGabriel/research/engines/o3de/Gems/LyShine/Code/Source/Animation/UiAnimSerialize.cpp,8,0,8
/media/ullmann/HDDGabriel/research/engines/o3de/Gems/LyShine/Code/Source/Animation/UiAnimationSystem.h,0,7,7
/media/ullmann/HDDGabriel/research/engines/o3de/Gems/EMotionFX/Code/EMotionFX/Tools/EMotionStudio/Plugins/StandardPlugins/Source/AnimGraph/NodeGraph.h,0,7,7
/media/ullmann/HDDGabriel/research/engines/o3de/Gems/AtomLyIntegration/EditorModeFeedback/Code/Source/EditorModeFeedbackFeatureProcessor.h,2,2,4
/media/ullmann/HDDGabriel/research/engines/o3de/Gems/AtomLyIntegration/EditorModeFeedback/Code/Source/Pass/EditorStatePassSystem.h,0,1,1
/media/ullmann/HDDGabriel/research/engines/o3de/Code/Framework/AzToolsFramework/AzToolsFramework/UI/PropertyEditor/PropertyEnumComboBoxCtrl.cpp,3,0,3
/media/ullmann/HDDGabriel/research/engines/o3de/Gems/EMotionFX/Code/EMotionFX/Source/MorphMeshDeformer.h,4,3,7
/media/ullmann/HDDGabriel/research/engines/o3de/Gems/Vegetation/Code/Source/Editor/EditorLevelSettingsComponent.cpp,1,0,1
/media/ullmann/HDDGabriel/research/engines/o3de/Gems/Vegetation/Code/Source/Editor/EditorLevelSettingsComponent.h,0,2,2
/media/ullmann/HDDGabriel/research/engines/o3de/Gems/Vegetation/Code/Source/Editor/EditorSurfaceMaskFilterComponent.cpp,1,0,1
/media/ullmann/HDDGabriel/research/engines/o3de/Gems/Vegetation/Code/Source/Editor/EditorSurfaceMaskFilterComponent.h,0,2,2
/media/ullmann/HDDGabriel/research/engines/o3de/Gems/LmbrCentral/Code/Source/Unhandled/UI/UICanvasAssetTypeInfo.h,0,2,2
/media/ullmann/HDDGabriel/research/engines/o3de/Gems/Atom/Feature/Common/Code/Source/CoreLights/LightCullingRemap.h,0,1,1
/media/ullmann/HDDGabriel/research/engines/o3de/Gems/Maestro/Code/Source/Cinematics/ScriptVarNode.cpp,2,0,2
/media/ullmann/HDDGabriel/research/engines/o3de/Code/Framework/AzToolsFramework/AzToolsFramework/ViewportSelection/EditorDefaultSelection.cpp,1,0,1
/media/ullmann/HDDGabriel/research/engines/o3de/Code/Framework/AzToolsFramework/AzToolsFramework/ViewportSelection/EditorDefaultSelection.h,0,1,1
/media/ullmann/HDDGabriel/research/engines/o3de/Gems/EMotionFX/Code/Tests/ActorFixture.cpp,1,0,1
/media/ullmann/HDDGabriel/research/engines/o3de/Code/Tools/ProjectManager/Source/ProjectsScreen.h,3,2,5
/media/ullmann/HDDGabriel/research/engines/o3de/Code/Tools/ProjectManager/Source/ProjectInfo.h,0,14,14
/media/ullmann/HDDGabriel/research/engines/o3de/Gems/ScriptCanvas/Code/Include/ScriptCanvas/Execution/Interpreted/ExecutionInterpretedAPI.cpp,7,0,7
/media/ullmann/HDDGabriel/research/engines/o3de/Gems/ScriptCanvas/Code/Include/ScriptCanvas/Execution/Interpreted/ExecutionInterpretedOut.h,0,5,5
/media/ullmann/HDDGabriel/research/engines/o3de/Code/Framework/AzToolsFramework/AzToolsFramework/ToolsComponents/EditorEntityIdContainer.cpp,1,0,1
/media/ullmann/HDDGabriel/research/engines/o3de/Code/Framework/AzToolsFramework/AzToolsFramework/ToolsComponents/EditorEntityIdContainer.h,0,1,1
/media/ullmann/HDDGabriel/research/engines/o3de/Code/Tools/LuaIDE/Source/LUA/LUAEditorPlainTextEdit.cpp,4,0,4
/media/ullmann/HDDGabriel/research/engines/o3de/Code/Tools/LuaIDE/Source/LUA/LUAEditorBlockState.h,0,6,6
/media/ullmann/HDDGabriel/research/engines/o3de/Code/Tools/ProjectManager/Platform/Linux/ProjectManager_Test_Traits_Platform.h,1,0,1
/media/ullmann/HDDGabriel/research/engines/o3de/Code/Tools/ProjectManager/Platform/Linux/ProjectManager_Test_Traits_Linux.h,0,1,1
/media/ullmann/HDDGabriel/research/engines/o3de/Gems/SurfaceData/Code/Source/Editor/EditorSurfaceTagListAsset.h,0,2,2
/media/ullmann/HDDGabriel/research/engines/o3de/Code/Editor/Plugins/ProjectSettingsTool/PlatformSettings_Android.h,0,2,2
/media/ullmann/HDDGabriel/research/engines/o3de/Code/Editor/ViewPane.h,2,6,8
/media/ullmann/HDDGabriel/research/engines/o3de/Gems/Vegetation/Code/Source/Editor/EditorMeshBlockerComponent.cpp,1,0,1
/media/ullmann/HDDGabriel/research/engines/o3de/Gems/Vegetation/Code/Source/Editor/EditorMeshBlockerComponent.h,0,2,2
/media/ullmann/HDDGabriel/research/engines/o3de/Gems/AtomLyIntegration/CommonFeatures/Code/Source/Animation/EditorAttachmentComponent.cpp,1,0,1
/media/ullmann/HDDGabriel/research/engines/o3de/Gems/AtomLyIntegration/CommonFeatures/Code/Source/Animation/EditorAttachmentComponent.h,1,2,3
/media/ullmann/HDDGabriel/research/engines/o3de/Code/Editor/Undo/Undo.h,2,5,7
/media/ullmann/HDDGabriel/research/engines/o3de/Gems/ScriptCanvas/Code/Include/ScriptCanvas/Libraries/Spawning/SpawningLibrary.cpp,1,0,1
/media/ullmann/HDDGabriel/research/engines/o3de/Gems/ScriptCanvas/Code/Include/ScriptCanvas/Libraries/Spawning/SpawningLibrary.h,0,1,1
/media/ullmann/HDDGabriel/research/engines/o3de/Gems/LandscapeCanvas/Code/Source/Editor/Nodes/AreaFilters/DistanceBetweenFilterNode.cpp,1,0,1
/media/ullmann/HDDGabriel/research/engines/o3de/Gems/Maestro/Code/Source/Cinematics/SceneNode.cpp,11,0,11
/media/ullmann/HDDGabriel/research/engines/o3de/Gems/Maestro/Code/Source/Cinematics/AnimAZEntityNode.h,1,3,4
/media/ullmann/HDDGabriel/research/engines/o3de/Gems/Atom/Asset/Shader/Code/Source/Editor/AzslShaderBuilderSystemComponent.cpp,2,0,2
/media/ullmann/HDDGabriel/research/engines/o3de/Gems/Atom/Asset/Shader/Code/Source/Editor/AzslShaderBuilderSystemComponent.h,4,2,6
/media/ullmann/HDDGabriel/research/engines/o3de/Gems/EMotionFX/Code/MCore/Source/MCoreSystem.h,1,4,5
/media/ullmann/HDDGabriel/research/engines/o3de/Gems/EMotionFX/Code/MCore/Source/Config.h,0,2,2
/media/ullmann/HDDGabriel/research/engines/o3de/Gems/EMotionFX/Code/EMotionFX/Tools/EMotionStudio/Plugins/StandardPlugins/Source/MotionWindow/MotionPropertiesWindow.h,1,0,1
/media/ullmann/HDDGabriel/research/engines/o3de/Code/Editor/Util/VariablePropertyType.h,1,1,2
/media/ullmann/HDDGabriel/research/engines/o3de/Gems/AudioSystem/Code/Source/Editor/InspectorPanel.cpp,3,0,3
/media/ullmann/HDDGabriel/research/engines/o3de/Code/Editor/Controls/ReflectedPropertyControl/PropertyCtrl.cpp,4,0,4
/media/ullmann/HDDGabriel/research/engines/o3de/Code/Editor/Controls/ReflectedPropertyControl/PropertyGenericCtrl.h,1,2,3
/media/ullmann/HDDGabriel/research/engines/o3de/Gems/EditorPythonBindings/Code/Tests/PythonThreadingTests.cpp,2,0,2
/media/ullmann/HDDGabriel/research/engines/o3de/Code/Tools/ProjectManager/Source/Settings.h,1,2,3
/media/ullmann/HDDGabriel/research/engines/o3de/Code/Tools/ProjectManager/Source/SettingsInterface.h,1,7,8
/media/ullmann/HDDGabriel/research/engines/o3de/AutomatedTesting/Gem/PythonCoverage/Code/Source/PythonCoverageEditorSystemComponent.h,0,2,2
/media/ullmann/HDDGabriel/research/engines/o3de/Gems/Atom/Feature/Common/Code/Source/CommonModule.cpp,8,0,8
/media/ullmann/HDDGabriel/research/engines/o3de/Gems/Atom/Feature/Common/Code/Source/CommonSystemComponent.h,0,2,2
/media/ullmann/HDDGabriel/research/engines/o3de/Code/Tools/AssetProcessor/native/utilities/ApplicationManagerBase.cpp,1,0,1
/media/ullmann/HDDGabriel/research/engines/o3de/Code/Tools/AssetProcessor/native/utilities/ApplicationManagerBase.h,0,1,1
/media/ullmann/HDDGabriel/research/engines/o3de/Gems/AtomTressFX/External/Code/src/TressFX/AMD_TressFX.h,0,3,3
/media/ullmann/HDDGabriel/research/engines/o3de/Code/Framework/AzFramework/AzFramework/Viewport/ViewportColors.cpp,1,0,1
/media/ullmann/HDDGabriel/research/engines/o3de/Code/Framework/AzFramework/AzFramework/Viewport/ViewportColors.h,0,1,1
/media/ullmann/HDDGabriel/research/engines/o3de/Code/Editor/PythonEditorFuncs.h,2,2,4
/media/ullmann/HDDGabriel/research/engines/o3de/Gems/EMotionFX/Code/EMotionFX/Source/BlendTreeParameterNode.h,0,1,1
/media/ullmann/HDDGabriel/research/engines/o3de/Code/Framework/AzToolsFramework/AzToolsFramework/Manipulators/ManipulatorDebug.cpp,1,0,1
/media/ullmann/HDDGabriel/research/engines/o3de/Code/Framework/AzToolsFramework/AzToolsFramework/Manipulators/ManipulatorDebug.h,0,1,1
/media/ullmann/HDDGabriel/research/engines/o3de/Gems/EMotionFX/Code/EMotionFX/CommandSystem/Source/MotionSetCommands.h,1,1,2
/media/ullmann/HDDGabriel/research/engines/o3de/Gems/EMotionFX/Code/EMotionFX/CommandSystem/Source/CommandSystemConfig.h,0,15,15
/media/ullmann/HDDGabriel/research/engines/o3de/Gems/LmbrCentral/Code/Source/Shape/EditorSphereShapeComponent.cpp,4,0,4
/media/ullmann/HDDGabriel/research/engines/o3de/Gems/Maestro/Code/Source/Cinematics/BoolTrack.h,1,3,4
/media/ullmann/HDDGabriel/research/engines/o3de/Gems/EMotionFX/Code/EMotionFX/Source/AnimGraphExitNode.h,3,3,6
/media/ullmann/HDDGabriel/research/engines/o3de/Code/Editor/Plugins/ProjectSettingsTool/ValidationHandler.cpp,3,0,3
/media/ullmann/HDDGabriel/research/engines/o3de/Gems/ImGui/External/ImGui/v1.82/imgui/imgui_tables.cpp,2,1,3
/media/ullmann/HDDGabriel/research/engines/o3de/Gems/ScriptEvents/Code/Include/ScriptEvents/ScriptEventDefinition.cpp,2,0,2
/media/ullmann/HDDGabriel/research/engines/o3de/Gems/ScriptEvents/Code/Include/ScriptEvents/ScriptEventsBus.h,1,4,5
/media/ullmann/HDDGabriel/research/engines/o3de/Gems/DebugDraw/Code/Source/DebugDrawTextComponent.cpp,1,0,1
/media/ullmann/HDDGabriel/research/engines/o3de/Code/Tools/LuaIDE/Source/LUA/StackPanel.hxx,1,1,2
/media/ullmann/HDDGabriel/research/engines/o3de/Code/Tools/LuaIDE/Source/LUA/LUAStackTrackerMessages.h,0,2,2
/media/ullmann/HDDGabriel/research/engines/o3de/Gems/ScriptCanvasTesting/Code/Source/Framework/ScriptCanvasTestFixture.cpp,1,0,1
/media/ullmann/HDDGabriel/research/engines/o3de/Gems/ScriptCanvasTesting/Code/Source/Framework/ScriptCanvasTestFixture.h,4,1,5
/media/ullmann/HDDGabriel/research/engines/o3de/Gems/ScriptCanvas/Code/Include/ScriptCanvas/Execution/Interpreted/ExecutionInterpretedEBusAPI.cpp,2,0,2
/media/ullmann/HDDGabriel/research/engines/o3de/Gems/ScriptCanvas/Code/Include/ScriptCanvas/Execution/Interpreted/ExecutionInterpretedAPI.h,0,3,3
/media/ullmann/HDDGabriel/research/engines/o3de/Gems/LyShine/Code/Source/UiCanvasManager.cpp,5,0,5
/media/ullmann/HDDGabriel/research/engines/o3de/Gems/LyShine/Code/Source/UiCanvasFileObject.h,0,4,4
/media/ullmann/HDDGabriel/research/engines/o3de/Code/Framework/AzToolsFramework/AzToolsFramework/UI/Outliner/EntityOutlinerTreeView.cpp,2,0,2
/media/ullmann/HDDGabriel/research/engines/o3de/Code/Framework/AzToolsFramework/AzToolsFramework/UI/Outliner/EntityOutlinerListModel.hxx,0,3,3
/media/ullmann/HDDGabriel/research/engines/o3de/Gems/EMotionFX/Code/EMotionFX/Source/MorphTarget.h,3,5,8
/media/ullmann/HDDGabriel/research/engines/o3de/Gems/LmbrCentral/Code/Source/Shape/EditorSplineComponent.h,1,3,4
/media/ullmann/HDDGabriel/research/engines/o3de/Gems/LmbrCentral/Code/Source/Shape/SplineComponent.h,0,3,3
/media/ullmann/HDDGabriel/research/engines/o3de/Gems/LyShine/Code/Editor/FileHelpers.h,0,2,2
/media/ullmann/HDDGabriel/research/engines/o3de/Gems/ScriptCanvas/Code/Include/ScriptCanvas/Grammar/AbstractCodeModel.h,3,3,6
/media/ullmann/HDDGabriel/research/engines/o3de/Gems/ScriptCanvas/Code/Include/ScriptCanvas/Grammar/DebugMap.h,0,2,2
/media/ullmann/HDDGabriel/research/engines/o3de/Gems/WhiteBox/Code/Source/EditorWhiteBoxComponent.cpp,9,0,9
/media/ullmann/HDDGabriel/research/engines/o3de/Gems/LyShine/Code/Source/UiRadioButtonComponent.cpp,2,0,2
/media/ullmann/HDDGabriel/research/engines/o3de/Gems/Maestro/Code/Source/Cinematics/AnimScreenFaderNode.h,1,3,4
/media/ullmann/HDDGabriel/research/engines/o3de/Gems/EMotionFX/Code/MCore/Source/Distance.cpp,2,0,2
/media/ullmann/HDDGabriel/research/engines/o3de/Gems/LmbrCentral/Code/Tests/CapsuleShapeTest.cpp,1,0,1
/media/ullmann/HDDGabriel/research/engines/o3de/Gems/LmbrCentral/Code/Tests/ShapeThreadsafeTest.h,0,11,11
/media/ullmann/HDDGabriel/research/engines/o3de/Gems/ScriptCanvas/Code/Include/ScriptCanvas/Core/Contracts/ContractRTTI.cpp,1,0,1
/media/ullmann/HDDGabriel/research/engines/o3de/Gems/ScriptCanvas/Code/Include/ScriptCanvas/Core/Contracts/ContractRTTI.h,0,2,2
/media/ullmann/HDDGabriel/research/engines/o3de/Code/Legacy/CrySystem/LevelSystem/LevelSystem.cpp,1,0,1
/media/ullmann/HDDGabriel/research/engines/o3de/Code/Legacy/CrySystem/LevelSystem/LevelSystem.h,0,2,2
/media/ullmann/HDDGabriel/research/engines/o3de/Gems/EMotionFX/Code/EMotionFX/Source/BlendTreePoseSubtractNode.cpp,10,0,10
/media/ullmann/HDDGabriel/research/engines/o3de/Gems/EMotionFX/Code/EMotionFX/Source/AnimGraphRefCountedDataPool.h,2,2,4
/media/ullmann/HDDGabriel/research/engines/o3de/Gems/LyShine/Code/Editor/CanvasSizeToolbarSection.cpp,2,0,2
/media/ullmann/HDDGabriel/research/engines/o3de/Gems/Atom/RPI/Code/External/MaskedOcclusionCulling/MaskedOcclusionCulling.h,0,3,3
/media/ullmann/HDDGabriel/research/engines/o3de/Gems/Vegetation/Code/Tests/VegetationComponentOperationTests.cpp,2,0,2
/media/ullmann/HDDGabriel/research/engines/o3de/Gems/Vegetation/Code/Tests/VegetationMocks.h,0,7,7
/media/ullmann/HDDGabriel/research/engines/o3de/Gems/EMotionFX/Code/Source/Editor/Plugins/SimulatedObject/SimulatedObjectSelectionWidget.cpp,1,0,1
/media/ullmann/HDDGabriel/research/engines/o3de/Gems/EMotionFX/Code/Source/Editor/Plugins/SimulatedObject/SimulatedObjectSelectionWidget.h,0,1,1
/media/ullmann/HDDGabriel/research/engines/o3de/Gems/EMotionFX/Code/MCore/Source/AttributeColor.h,2,2,4
/media/ullmann/HDDGabriel/research/engines/o3de/Gems/EditorPythonBindings/Code/Source/PythonLogSymbolsComponent.cpp,1,0,1
/media/ullmann/HDDGabriel/research/engines/o3de/Gems/EditorPythonBindings/Code/Source/PythonLogSymbolsComponent.h,0,2,2
/media/ullmann/HDDGabriel/research/engines/o3de/Gems/Maestro/Code/Source/Cinematics/MaterialNode.cpp,4,0,4
/media/ullmann/HDDGabriel/research/engines/o3de/Gems/PhysX/Code/Source/EditorShapeColliderComponent.cpp,5,0,5
/media/ullmann/HDDGabriel/research/engines/o3de/Gems/PhysX/Code/Source/EditorShapeColliderComponent.h,0,1,1
/media/ullmann/HDDGabriel/research/engines/o3de/Gems/ScriptCanvas/Code/Include/ScriptCanvas/Core/Contracts/IsReferenceTypeContract.h,0,2,2
/media/ullmann/HDDGabriel/research/engines/o3de/Gems/Maestro/Code/Source/Cinematics/AnimSerializer.cpp,1,0,1
/media/ullmann/HDDGabriel/research/engines/o3de/Gems/Atom/RPI/Code/Tests/Common/AssetManagerTestFixture.cpp,1,0,1
/media/ullmann/HDDGabriel/research/engines/o3de/Gems/Atom/RPI/Code/Tests/Common/AssetManagerTestFixture.h,0,1,1
/media/ullmann/HDDGabriel/research/engines/o3de/Code/Framework/AzCore/Tests/StreamerTests.cpp,1,0,1
/media/ullmann/HDDGabriel/research/engines/o3de/Code/Framework/AzCore/Tests/FileIOBaseTestTypes.h,0,5,5
/media/ullmann/HDDGabriel/research/engines/o3de/Gems/AudioEngineWwise/Code/Platform/Linux/AkPlatformFuncs_Platform.h,1,0,1
/media/ullmann/HDDGabriel/research/engines/o3de/Gems/AudioEngineWwise/Code/Platform/Common/Default/AkPlatformFuncs_Default.h,0,4,4
/media/ullmann/HDDGabriel/research/engines/o3de/Code/Tools/AssetProcessor/AssetBuilder/AssetBuilderApplication.cpp,4,0,4
/media/ullmann/HDDGabriel/research/engines/o3de/Code/Tools/AssetProcessor/AssetBuilder/AssetBuilderStatic.h,0,3,3
/media/ullmann/HDDGabriel/research/engines/o3de/Gems/LyShine/Code/Source/UiLayoutRowComponent.cpp,2,0,2
/media/ullmann/HDDGabriel/research/engines/o3de/Gems/LyShine/Code/Source/UiLayoutRowComponent.h,1,4,5
/media/ullmann/HDDGabriel/research/engines/o3de/Code/Editor/PythonEditorFuncs.cpp,9,0,9
/media/ullmann/HDDGabriel/research/engines/o3de/Gems/Vegetation/Code/Source/Editor/EditorVegetationSystemComponent.cpp,1,0,1
/media/ullmann/HDDGabriel/research/engines/o3de/Gems/Vegetation/Code/Source/Editor/EditorVegetationSystemComponent.h,0,2,2
/media/ullmann/HDDGabriel/research/engines/o3de/Gems/Blast/Code/Source/Editor/EditorSystemComponent.h,0,1,1
/media/ullmann/HDDGabriel/research/engines/o3de/Gems/EMotionFX/Code/MCore/Source/MemoryFile.cpp,3,0,3
/media/ullmann/HDDGabriel/research/engines/o3de/Gems/ScriptCanvasTesting/Code/Source/Framework/ScriptCanvasTestNodes.h,0,2,2
/media/ullmann/HDDGabriel/research/engines/o3de/Gems/EMotionFX/Code/EMotionFX/Source/Mesh.cpp,9,0,9
/media/ullmann/HDDGabriel/research/engines/o3de/Code/Tools/CrashHandler/Platform/Mac/CrashHandler_Traits_Platform.h,1,0,1
/media/ullmann/HDDGabriel/research/engines/o3de/Code/Tools/CrashHandler/Platform/Mac/CrashHandler_Traits_Mac.h,0,1,1
/media/ullmann/HDDGabriel/research/engines/o3de/Gems/ScriptCanvas/Code/Include/ScriptCanvas/Core/SlotConfigurationDefaults.h,0,1,1
/media/ullmann/HDDGabriel/research/engines/o3de/Gems/EMotionFX/Code/MCore/Source/CompressedVector.h,4,0,4
/media/ullmann/HDDGabriel/research/engines/o3de/Code/Framework/AzCore/Tests/Slice.cpp,2,0,2
/media/ullmann/HDDGabriel/research/engines/o3de/Gems/AudioSystem/Code/Source/Editor/ACEEnums.h,0,9,9
/media/ullmann/HDDGabriel/research/engines/o3de/Gems/EMotionFX/Code/MCore/Source/AttributeQuaternion.h,4,2,6
/media/ullmann/HDDGabriel/research/engines/o3de/Gems/EMotionFX/Code/MysticQt/Source/RecentFiles.cpp,2,0,2
/media/ullmann/HDDGabriel/research/engines/o3de/Gems/EMotionFX/Code/MysticQt/Source/MysticQtManager.h,1,3,4
/media/ullmann/HDDGabriel/research/engines/o3de/Gems/Maestro/Code/Source/Cinematics/SelectTrack.h,1,3,4
/media/ullmann/HDDGabriel/research/engines/o3de/Code/Editor/Resource.h,0,4,4
/media/ullmann/HDDGabriel/research/engines/o3de/Gems/LyShine/Code/Source/UiButtonComponent.h,1,4,5
/media/ullmann/HDDGabriel/research/engines/o3de/Gems/AtomLyIntegration/ImguiAtom/Code/Source/ImguiAtomSystemComponent.h,1,2,3
/media/ullmann/HDDGabriel/research/engines/o3de/Gems/AtomLyIntegration/ImguiAtom/Code/Source/DebugConsole.h,0,2,2
/media/ullmann/HDDGabriel/research/engines/o3de/Gems/Vegetation/Code/Source/Editor/EditorAreaBlenderComponent.h,0,2,2
/media/ullmann/HDDGabriel/research/engines/o3de/Code/Editor/LayoutWnd.h,1,6,7
/media/ullmann/HDDGabriel/research/engines/o3de/Gems/LandscapeCanvas/Code/Source/Editor/Nodes/Shapes/AxisAlignedBoxShapeNode.cpp,1,0,1
/media/ullmann/HDDGabriel/research/engines/o3de/Gems/LandscapeCanvas/Code/Source/Editor/Nodes/Shapes/AxisAlignedBoxShapeNode.h,0,2,2
/media/ullmann/HDDGabriel/research/engines/o3de/Code/Editor/AssetImporter/AssetImporterManager/AssetImporterManager.h,0,2,2
/media/ullmann/HDDGabriel/research/engines/o3de/Gems/EMotionFX/Code/MCore/Source/AttributeFloat.cpp,3,0,3
/media/ullmann/HDDGabriel/research/engines/o3de/Code/Legacy/CrySystem/XConsole.cpp,6,0,6
/media/ullmann/HDDGabriel/research/engines/o3de/Code/Legacy/CrySystem/ConsoleBatchFile.h,0,2,2
/media/ullmann/HDDGabriel/research/engines/o3de/Gems/Stars/Code/Source/StarsComponentController.cpp,2,0,2
/media/ullmann/HDDGabriel/research/engines/o3de/Gems/Stars/Code/Source/StarsFeatureProcessor.h,0,4,4
/media/ullmann/HDDGabriel/research/engines/o3de/Code/Legacy/CryCommon/IRenderAuxGeom.h,4,0,4
/media/ullmann/HDDGabriel/research/engines/o3de/Gems/EMotionFX/Code/EMotionFX/Source/TransformData.h,3,15,18
/media/ullmann/HDDGabriel/research/engines/o3de/Gems/EMotionFX/Code/EMotionFX/Source/SubMesh.cpp,3,0,3
/media/ullmann/HDDGabriel/research/engines/o3de/Gems/Gestures/Code/Source/InputChannelGestureSwipe.cpp,1,0,1
/media/ullmann/HDDGabriel/research/engines/o3de/Gems/Gestures/Code/Source/InputChannelGestureSwipe.h,1,2,3
/media/ullmann/HDDGabriel/research/engines/o3de/Gems/AWSGameLift/Code/AWSGameLiftServer/Tests/AWSGameLiftServerSystemComponentTest.cpp,2,0,2
/media/ullmann/HDDGabriel/research/engines/o3de/Gems/AWSGameLift/Code/AWSGameLiftServer/Tests/AWSGameLiftServerFixture.h,0,2,2
/media/ullmann/HDDGabriel/research/engines/o3de/Code/Tools/AssetProcessor/AssetBuilder/TraceMessageHook.cpp,1,0,1
/media/ullmann/HDDGabriel/research/engines/o3de/Code/Tools/AssetProcessor/AssetBuilder/TraceMessageHook.h,0,2,2
/media/ullmann/HDDGabriel/research/engines/o3de/Gems/MotionMatching/Code/Source/FeatureMatrix.cpp,3,0,3
/media/ullmann/HDDGabriel/research/engines/o3de/Gems/ScriptCanvasPhysics/Code/Source/World.cpp,1,0,1
/media/ullmann/HDDGabriel/research/engines/o3de/Gems/ScriptCanvasPhysics/Code/Source/World.h,0,1,1
/media/ullmann/HDDGabriel/research/engines/o3de/Gems/Gestures/Code/Source/InputChannelGesturePinch.cpp,1,0,1
/media/ullmann/HDDGabriel/research/engines/o3de/Gems/Gestures/Code/Source/InputChannelGesturePinch.h,1,2,3
/media/ullmann/HDDGabriel/research/engines/o3de/Code/Tools/TestImpactFramework/Frontend/Console/Native/Code/Source/TestImpactNativeRuntimeConfigurationFactory.cpp,1,0,1
/media/ullmann/HDDGabriel/research/engines/o3de/Code/Tools/TestImpactFramework/Frontend/Console/Native/Code/Source/TestImpactNativeRuntimeConfigurationFactory.h,0,2,2
/media/ullmann/HDDGabriel/research/engines/o3de/Code/Editor/ViewManager.cpp,9,0,9
/media/ullmann/HDDGabriel/research/engines/o3de/Code/Editor/TopRendererWnd.h,2,3,5
/media/ullmann/HDDGabriel/research/engines/o3de/Gems/GradientSignal/Code/Source/Editor/EditorPosterizeGradientComponent.h,0,2,2
/media/ullmann/HDDGabriel/research/engines/o3de/Gems/Multiplayer/Code/Source/MultiplayerGem.cpp,1,0,1
/media/ullmann/HDDGabriel/research/engines/o3de/Gems/Multiplayer/Code/Source/MultiplayerToolsSystemComponent.h,0,2,2
/media/ullmann/HDDGabriel/research/engines/o3de/Code/Editor/EditorPreferencesPageExperimentalLighting.h,1,3,4
/media/ullmann/HDDGabriel/research/engines/o3de/Code/Tools/ProjectManager/Source/ProjectManagerWindow.cpp,3,0,3
/media/ullmann/HDDGabriel/research/engines/o3de/Code/Tools/LuaIDE/Source/LUA/LUAEditorContext.h,9,1,10
/media/ullmann/HDDGabriel/research/engines/o3de/Code/Framework/AzCore/Tests/AZStd/ConcurrentContainers.cpp,1,0,1
/media/ullmann/HDDGabriel/research/engines/o3de/Gems/LmbrCentral/Code/Source/Ai/EditorNavigationAreaComponent.cpp,2,0,2
/media/ullmann/HDDGabriel/research/engines/o3de/Gems/LmbrCentral/Code/Source/Ai/EditorNavigationAreaComponent.h,0,2,2
/media/ullmann/HDDGabriel/research/engines/o3de/Gems/AudioEngineWwise/Code/Source/Engine/FileIOHandler_wwise.cpp,1,0,1
/media/ullmann/HDDGabriel/research/engines/o3de/Gems/AudioEngineWwise/Code/Source/Engine/FileIOHandler_wwise.h,0,3,3
/media/ullmann/HDDGabriel/research/engines/o3de/Gems/AudioSystem/Code/Source/Engine/FileCacheManager.cpp,2,0,2
/media/ullmann/HDDGabriel/research/engines/o3de/Gems/AudioSystem/Code/Source/Engine/FileCacheManager.h,1,3,4
/media/ullmann/HDDGabriel/research/engines/o3de/Code/Editor/EditorEnvironment.cpp,2,0,2
/media/ullmann/HDDGabriel/research/engines/o3de/Gems/Blast/Code/Tests/DamageManagerTest.cpp,1,0,1
/media/ullmann/HDDGabriel/research/engines/o3de/Gems/Blast/Code/Tests/Mocks/BlastMocks.h,0,4,4
/media/ullmann/HDDGabriel/research/engines/o3de/Code/Legacy/CryCommon/MicrophoneBus.h,1,0,1
/media/ullmann/HDDGabriel/research/engines/o3de/Gems/GradientSignal/Code/Source/Editor/EditorReferenceGradientComponent.h,0,2,2
/media/ullmann/HDDGabriel/research/engines/o3de/Gems/EMotionFX/Code/EMotionFX/Tools/EMotionStudio/Plugins/StandardPlugins/Source/MorphTargetsWindow/MorphTargetEditWindow.cpp,2,0,2
/media/ullmann/HDDGabriel/research/engines/o3de/Gems/EMotionFX/Code/EMotionFX/Tools/EMotionStudio/Plugins/StandardPlugins/Source/MorphTargetsWindow/MorphTargetEditWindow.h,2,2,4
/media/ullmann/HDDGabriel/research/engines/o3de/Gems/SurfaceData/Code/Source/SurfaceDataEditorModule.h,1,1,2
/media/ullmann/HDDGabriel/research/engines/o3de/Code/Legacy/CrySystem/SystemInit.cpp,10,0,10
/media/ullmann/HDDGabriel/research/engines/o3de/Code/Legacy/CrySystem/Log.h,0,3,3
/media/ullmann/HDDGabriel/research/engines/o3de/Gems/EMotionFX/Code/EMotionFX/CommandSystem/Source/SelectionCommands.h,3,1,4
/media/ullmann/HDDGabriel/research/engines/o3de/Code/Tools/SerializeContextTools/Utilities.cpp,2,0,2
/media/ullmann/HDDGabriel/research/engines/o3de/Code/Tools/SerializeContextTools/Application.h,0,6,6
/media/ullmann/HDDGabriel/research/engines/o3de/Gems/LyShine/Code/Source/UiCanvasComponent.h,8,9,17
/media/ullmann/HDDGabriel/research/engines/o3de/Gems/EMotionFX/Code/EMotionFX/Source/AnimGraphTriggerAction.cpp,4,0,4
/media/ullmann/HDDGabriel/research/engines/o3de/Gems/PhysX/Code/NumericalMethods/Source/NumericalMethods.cpp,2,0,2
/media/ullmann/HDDGabriel/research/engines/o3de/Gems/PhysX/Code/NumericalMethods/Source/Optimization/SolverBFGS.h,0,1,1
/media/ullmann/HDDGabriel/research/engines/o3de/Gems/ScriptedEntityTweener/Code/Source/ScriptedEntityTweenerTask.cpp,1,0,1
/media/ullmann/HDDGabriel/research/engines/o3de/Code/LauncherUnified/Platform/Linux/Launcher_Traits_Platform.h,1,0,1
/media/ullmann/HDDGabriel/research/engines/o3de/Code/LauncherUnified/Platform/Linux/Launcher_Traits_Linux.h,0,1,1
/media/ullmann/HDDGabriel/research/engines/o3de/Gems/ScriptCanvas/Code/Include/ScriptCanvas/Data/BehaviorContextObjectPtr.cpp,2,0,2
/media/ullmann/HDDGabriel/research/engines/o3de/Gems/ScriptCanvas/Code/Include/ScriptCanvas/Data/BehaviorContextObjectPtr.h,0,2,2
/media/ullmann/HDDGabriel/research/engines/o3de/Gems/EMotionFX/Code/MCore/Source/Vector.h,3,9,12
/media/ullmann/HDDGabriel/research/engines/o3de/Gems/AtomTressFX/External/Code/src/TressFX/TressFXPPLL.h,1,1,2
/media/ullmann/HDDGabriel/research/engines/o3de/Gems/AtomTressFX/External/Code/src/TressFX/TressFXSettings.h,0,3,3
/media/ullmann/HDDGabriel/research/engines/o3de/Code/Framework/AzFramework/Tests/Platform/Common/Xcb/Matchers.h,0,2,2
/media/ullmann/HDDGabriel/research/engines/o3de/Code/Tools/ProjectManager/Platform/Windows/ProjectManager_Test_Traits_Platform.h,1,0,1
/media/ullmann/HDDGabriel/research/engines/o3de/Code/Tools/ProjectManager/Platform/Windows/ProjectManager_Test_Traits_Windows.h,0,1,1
/media/ullmann/HDDGabriel/research/engines/o3de/Code/Editor/TrackViewNewSequenceDialog.cpp,3,0,3
/media/ullmann/HDDGabriel/research/engines/o3de/Code/Framework/AzCore/Tests/Components.cpp,2,0,2
/media/ullmann/HDDGabriel/research/engines/o3de/Code/Editor/Controls/ReflectedPropertyControl/PropertyMotionCtrl.cpp,1,0,1
/media/ullmann/HDDGabriel/research/engines/o3de/Code/Editor/Controls/ReflectedPropertyControl/PropertyMotionCtrl.h,1,2,3
/media/ullmann/HDDGabriel/research/engines/o3de/Gems/Atom/Asset/ImageProcessingAtom/Code/Source/Editor/TexturePresetSelectionWidget.cpp,1,0,1
/media/ullmann/HDDGabriel/research/engines/o3de/Gems/Atom/Asset/ImageProcessingAtom/Code/Source/Editor/TexturePresetSelectionWidget.h,0,1,1
/media/ullmann/HDDGabriel/research/engines/o3de/Gems/ScriptCanvas/Code/Include/ScriptCanvas/Libraries/Core/CoreLibrary.cpp,5,0,5
/media/ullmann/HDDGabriel/research/engines/o3de/Gems/ScriptCanvas/Code/Include/ScriptCanvas/Libraries/Core/MethodOverloaded.h,1,2,3
/media/ullmann/HDDGabriel/research/engines/o3de/Gems/EMotionFX/Code/EMotionFX/Source/BlendTreeBlendNNode.h,2,1,3
/media/ullmann/HDDGabriel/research/engines/o3de/Gems/ScriptCanvas/Code/Include/ScriptCanvas/Libraries/Core/FunctionDefinitionNode.cpp,1,0,1
/media/ullmann/HDDGabriel/research/engines/o3de/Gems/ScriptCanvas/Code/Include/ScriptCanvas/Libraries/Core/FunctionDefinitionNode.h,1,2,3
/media/ullmann/HDDGabriel/research/engines/o3de/Gems/LmbrCentral/Code/Source/Shape/EditorDiskShapeComponent.h,2,2,4
/media/ullmann/HDDGabriel/research/engines/o3de/Gems/AudioSystem/Code/Source/Editor/AudioControlsWriter.h,1,2,3
/media/ullmann/HDDGabriel/research/engines/o3de/Gems/Gestures/Code/Source/InputChannelGestureHold.h,1,2,3
/media/ullmann/HDDGabriel/research/engines/o3de/Gems/Gestures/Code/Source/InputChannelGesture.h,0,8,8
/media/ullmann/HDDGabriel/research/engines/o3de/Gems/LmbrCentral/Code/Source/Unhandled/Other/AudioAssetTypeInfo.cpp,1,0,1
/media/ullmann/HDDGabriel/research/engines/o3de/Code/Editor/ToolsConfigPage.cpp,6,0,6
/media/ullmann/HDDGabriel/research/engines/o3de/Gems/ScriptCanvas/Code/Include/ScriptCanvas/Core/ExecutionNotificationsBus.cpp,2,0,2
/media/ullmann/HDDGabriel/research/engines/o3de/Gems/EMotionFX/Code/EMotionFX/Source/SingleThreadScheduler.h,2,1,3
/media/ullmann/HDDGabriel/research/engines/o3de/Gems/LyShine/Code/Editor/Animation/UiAnimViewSplineCtrl.h,1,2,3
/media/ullmann/HDDGabriel/research/engines/o3de/Gems/LyShine/Code/Editor/SlicerEdit.cpp,1,0,1
/media/ullmann/HDDGabriel/research/engines/o3de/Gems/LyShine/Code/Editor/SpriteBorderEditorCommon.h,5,7,12
/media/ullmann/HDDGabriel/research/engines/o3de/Gems/EMotionFX/Code/EMotionFX/Source/BlendTreeMotionFrameNode.cpp,9,0,9
/media/ullmann/HDDGabriel/research/engines/o3de/Gems/AtomLyIntegration/CommonFeatures/Code/Source/PostProcess/ChromaticAberration/ChromaticAberrationComponent.h,0,1,1
/media/ullmann/HDDGabriel/research/engines/o3de/Code/Tools/LuaIDE/Source/LUA/LUAEditorSettingsDialog.cpp,4,0,4
/media/ullmann/HDDGabriel/research/engines/o3de/Code/Tools/LuaIDE/Source/LUA/LUAEditorMainWindow.hxx,4,5,9
/media/ullmann/HDDGabriel/research/engines/o3de/Code/Framework/AzToolsFramework/AzToolsFramework/UI/Logging/GenericLogPanel.h,2,1,3
/media/ullmann/HDDGabriel/research/engines/o3de/Code/Framework/AzToolsFramework/AzToolsFramework/UI/Logging/LogPanel_Panel.h,0,5,5
/media/ullmann/HDDGabriel/research/engines/o3de/Code/Legacy/CryCommon/IIndexedMesh.h,2,0,2
/media/ullmann/HDDGabriel/research/engines/o3de/Gems/LyShineExamples/Code/Source/LyShineExamplesCppExample.h,0,3,3
/media/ullmann/HDDGabriel/research/engines/o3de/Gems/EMotionFX/Code/EMotionFX/Source/AnimGraphTriggerAction.h,2,3,5
/media/ullmann/HDDGabriel/research/engines/o3de/Code/Editor/Plugins/ComponentEntityEditorPlugin/ComponentEntityEditorPlugin.cpp,7,0,7
/media/ullmann/HDDGabriel/research/engines/o3de/Code/Editor/Plugins/ComponentEntityEditorPlugin/UI/ComponentPalette/ComponentPaletteSettings.h,0,1,1
/media/ullmann/HDDGabriel/research/engines/o3de/Gems/Stars/Code/Source/EditorStarsComponent.cpp,2,0,2
/media/ullmann/HDDGabriel/research/engines/o3de/Code/Framework/AzToolsFramework/AzToolsFramework/ViewportSelection/EditorBoxSelect.cpp,1,0,1
/media/ullmann/HDDGabriel/research/engines/o3de/Code/Framework/AzToolsFramework/AzToolsFramework/ViewportSelection/EditorBoxSelect.h,0,1,1
/media/ullmann/HDDGabriel/research/engines/o3de/Gems/GraphCanvas/Code/Source/Components/GridVisualComponent.h,0,2,2
/media/ullmann/HDDGabriel/research/engines/o3de/Code/Editor/Plugins/PerforcePlugin/PerforcePlugin.cpp,2,0,2
/media/ullmann/HDDGabriel/research/engines/o3de/Code/Editor/Plugins/PerforcePlugin/PerforcePlugin.h,0,3,3
/media/ullmann/HDDGabriel/research/engines/o3de/Gems/AudioSystem/Code/Source/Editor/ATLControlsResourceDialog.cpp,5,0,5
/media/ullmann/HDDGabriel/research/engines/o3de/Code/Editor/AssetImporter/AssetImporterManager/AssetImporterManager.cpp,1,0,1
/media/ullmann/HDDGabriel/research/engines/o3de/Code/Editor/CustomizeKeyboardDialog.h,1,2,3
/media/ullmann/HDDGabriel/research/engines/o3de/Code/Editor/KeyboardCustomizationSettings.h,0,6,6
/media/ullmann/HDDGabriel/research/engines/o3de/Gems/EMotionFX/Code/EMotionFX/Tools/EMotionStudio/Plugins/StandardPlugins/Source/TimeView/TrackDataWidget.cpp,3,0,3
/media/ullmann/HDDGabriel/research/engines/o3de/Gems/EMotionFX/Code/EMotionFX/CommandSystem/Source/SimulatedObjectCommands.h,1,0,1
/media/ullmann/HDDGabriel/research/engines/o3de/Gems/EMotionFX/Code/EMotionFX/CommandSystem/Source/SimulatedObjectCommands_Interface.inl,0,1,1
/media/ullmann/HDDGabriel/research/engines/o3de/Code/Editor/EditorModularViewportCameraComposer.cpp,2,0,2
/media/ullmann/HDDGabriel/research/engines/o3de/Gems/EMotionFX/Code/EMotionFX/Source/MotionQueue.h,3,2,5
/media/ullmann/HDDGabriel/research/engines/o3de/Gems/EMotionFX/Code/EMotionFX/Source/BlendTreeBlend2LegacyNode.h,3,1,4
/media/ullmann/HDDGabriel/research/engines/o3de/Gems/LyShine/Code/Source/World/UiCanvasAssetRefComponent.cpp,1,0,1
/media/ullmann/HDDGabriel/research/engines/o3de/Gems/LyShine/Code/Source/World/UiCanvasAssetRefComponent.h,0,3,3
/media/ullmann/HDDGabriel/research/engines/o3de/Code/Tools/AssetProcessor/native/tests/FileProcessor/FileProcessorTests.cpp,1,0,1
/media/ullmann/HDDGabriel/research/engines/o3de/Code/Tools/AssetProcessor/native/tests/FileProcessor/FileProcessorTests.h,0,1,1
/media/ullmann/HDDGabriel/research/engines/o3de/Code/Tools/AssetProcessor/AssetBuilder/AssetBuilderInfo.cpp,2,0,2
/media/ullmann/HDDGabriel/research/engines/o3de/Code/Tools/AssetProcessor/AssetBuilder/AssetBuilderApplication.h,1,4,5
/media/ullmann/HDDGabriel/research/engines/o3de/Gems/PhysX/Code/Source/EditorHeightfieldColliderComponent.cpp,2,0,2
/media/ullmann/HDDGabriel/research/engines/o3de/Gems/EMotionFX/Code/EMotionFX/Source/AnimGraphNodeGroup.cpp,2,0,2
/media/ullmann/HDDGabriel/research/engines/o3de/Gems/EMotionFX/Code/EMotionFX/Source/AnimGraphNodeGroup.h,0,3,3
/media/ullmann/HDDGabriel/research/engines/o3de/Code/Framework/AzToolsFramework/AzToolsFramework/UI/PropertyEditor/PropertyBoolComboBoxCtrl.hxx,1,1,2
/media/ullmann/HDDGabriel/research/engines/o3de/Code/Framework/AzToolsFramework/AzToolsFramework/UI/PropertyEditor/PropertyEditorAPI.h,2,18,20
/media/ullmann/HDDGabriel/research/engines/o3de/Code/Tools/AssetProcessor/Platform/Mac/AssetProcessor_Traits_Platform.h,1,0,1
/media/ullmann/HDDGabriel/research/engines/o3de/Code/Tools/AssetProcessor/Platform/Mac/AssetProcessor_Traits_Mac.h,0,1,1
/media/ullmann/HDDGabriel/research/engines/o3de/Code/Tools/AssetProcessor/native/connection/connectionworker.cpp,1,0,1
/media/ullmann/HDDGabriel/research/engines/o3de/Code/Tools/AssetProcessor/native/connection/connectionworker.h,0,1,1
/media/ullmann/HDDGabriel/research/engines/o3de/Code/Tools/RemoteConsole/Platform/Linux/RemoteConsole_Traits_Platform.h,1,0,1
/media/ullmann/HDDGabriel/research/engines/o3de/Code/Tools/RemoteConsole/Platform/Linux/RemoteConsole_Traits_Linux.h,0,1,1
/media/ullmann/HDDGabriel/research/engines/o3de/Gems/EMotionFX/Code/EMotionFX/Source/EventData.cpp,1,0,1
/media/ullmann/HDDGabriel/research/engines/o3de/Gems/EMotionFX/Code/EMotionFX/Source/EventData.h,3,2,5
/media/ullmann/HDDGabriel/research/engines/o3de/Code/Editor/QuickAccessBar.cpp,6,0,6
/media/ullmann/HDDGabriel/research/engines/o3de/Gems/LyShine/Code/Editor/PropertyHandlerAnchor.cpp,4,0,4
/media/ullmann/HDDGabriel/research/engines/o3de/Gems/EMotionFX/Code/EMotionFX/Source/AnimGraphObject.cpp,7,0,7
/media/ullmann/HDDGabriel/research/engines/o3de/Gems/Vegetation/Code/Source/Components/PositionModifierComponent.cpp,1,0,1
/media/ullmann/HDDGabriel/research/engines/o3de/Gems/Vegetation/Code/Source/Components/PositionModifierComponent.h,0,2,2
/media/ullmann/HDDGabriel/research/engines/o3de/Gems/ImGui/External/ImGui/v1.82/imgui/imgui_widgets.cpp,3,1,4
/media/ullmann/HDDGabriel/research/engines/o3de/Gems/EMotionFX/Code/EMotionFX/Source/BaseObject.cpp,1,0,1
/media/ullmann/HDDGabriel/research/engines/o3de/Code/Framework/AzToolsFramework/AzToolsFramework/ToolsComponents/EditorEntityIconComponent.h,3,1,4
/media/ullmann/HDDGabriel/research/engines/o3de/Code/Framework/AzToolsFramework/AzToolsFramework/ToolsComponents/EditorComponentBase.h,0,9,9
/media/ullmann/HDDGabriel/research/engines/o3de/Gems/Multiplayer/Code/Source/MultiplayerSystemComponent.cpp,7,0,7
/media/ullmann/HDDGabriel/research/engines/o3de/Gems/Multiplayer/Code/Source/ConnectionData/ServerToClientConnectionData.h,0,1,1
/media/ullmann/HDDGabriel/research/engines/o3de/Code/Tools/ProjectManager/Source/ProjectButtonWidget.cpp,3,0,3
/media/ullmann/HDDGabriel/research/engines/o3de/Code/Tools/ProjectManager/Source/ProjectManagerDefs.h,0,11,11
/media/ullmann/HDDGabriel/research/engines/o3de/Gems/LyShine/Code/Editor/PropertyHandlerOffset.h,1,2,3
/media/ullmann/HDDGabriel/research/engines/o3de/Gems/LyShine/Code/Editor/UIVectorPropertyHandlerBase.h,0,2,2
/media/ullmann/HDDGabriel/research/engines/o3de/Gems/LmbrCentral/Code/Source/Audio/EditorAudioPreloadComponent.h,1,2,3
/media/ullmann/HDDGabriel/research/engines/o3de/Gems/LmbrCentral/Code/Source/Audio/AudioPreloadComponent.h,0,3,3
/media/ullmann/HDDGabriel/research/engines/o3de/Gems/EMotionFX/Code/EMotionFX/Source/BlendTreeMotionFrameNode.h,3,1,4
/media/ullmann/HDDGabriel/research/engines/o3de/Code/Tools/TestImpactFramework/Runtime/Common/Code/Source/Platform/Windows/Process/TestImpactWin32_Process.h,2,2,4
/media/ullmann/HDDGabriel/research/engines/o3de/Gems/GradientSignal/Code/Source/Editor/EditorSmoothStepGradientComponent.h,0,2,2
/media/ullmann/HDDGabriel/research/engines/o3de/Code/Tools/TestImpactFramework/Runtime/Python/Code/Source/TestImpactPythonRuntime.cpp,6,0,6
/media/ullmann/HDDGabriel/research/engines/o3de/Code/Tools/TestImpactFramework/Runtime/Python/Code/Source/Target/Python/TestImpactPythonTargetListCompiler.h,0,1,1
/media/ullmann/HDDGabriel/research/engines/o3de/Code/Framework/AzQtComponents/AzQtComponents/Components/SearchLineEdit.cpp,1,0,1
/media/ullmann/HDDGabriel/research/engines/o3de/Code/Framework/AzQtComponents/AzQtComponents/Components/SearchLineEdit.h,0,1,1
/media/ullmann/HDDGabriel/research/engines/o3de/Gems/LmbrCentral/Code/Source/Builders/CopyDependencyBuilder/EmfxWorkspaceBuilderWorker/EmfxWorkspaceBuilderWorker.cpp,1,0,1
/media/ullmann/HDDGabriel/research/engines/o3de/Gems/SceneProcessing/Code/Source/SceneBuilder/SceneBuilderComponent.h,0,1,1
/media/ullmann/HDDGabriel/research/engines/o3de/Gems/EMotionFX/Code/EMotionFX/Tools/EMotionStudio/Plugins/StandardPlugins/Source/AnimGraph/ParameterEditor/ValueParameterEditor.h,0,13,13
/media/ullmann/HDDGabriel/research/engines/o3de/Gems/LyShine/Code/Source/StringUtfUtils.h,0,3,3
/media/ullmann/HDDGabriel/research/engines/o3de/Gems/LmbrCentral/Code/Source/Ai/EditorNavigationSeedComponent.cpp,2,0,2
/media/ullmann/HDDGabriel/research/engines/o3de/Gems/LmbrCentral/Code/Source/Ai/EditorNavigationUtil.h,0,4,4
/media/ullmann/HDDGabriel/research/engines/o3de/Gems/Gestures/Code/Source/InputChannelGestureRotate.h,1,2,3
/media/ullmann/HDDGabriel/research/engines/o3de/Gems/WhiteBox/Code/Source/Asset/EditorWhiteBoxMeshAsset.h,0,2,2
/media/ullmann/HDDGabriel/research/engines/o3de/Gems/ScriptEvents/Code/Include/ScriptEvents/ScriptEventRegistration.cpp,3,0,3
/media/ullmann/HDDGabriel/research/engines/o3de/Code/Editor/Plugins/ComponentEntityEditorPlugin/dllmain.cpp,1,0,1
/media/ullmann/HDDGabriel/research/engines/o3de/Code/Editor/Plugins/ComponentEntityEditorPlugin/ComponentEntityEditorPlugin.h,0,2,2
/media/ullmann/HDDGabriel/research/engines/o3de/Code/Tools/ProjectManager/Source/FormImageBrowseEditWidget.h,1,2,3
/media/ullmann/HDDGabriel/research/engines/o3de/Gems/LyShine/Code/Source/UiLayoutColumnComponent.cpp,2,0,2
/media/ullmann/HDDGabriel/research/engines/o3de/Gems/AudioSystem/Code/Source/Engine/SoundCVars.h,1,7,8
/media/ullmann/HDDGabriel/research/engines/o3de/Gems/AudioSystem/Code/Source/Engine/ATLUtils.h,0,5,5
/media/ullmann/HDDGabriel/research/engines/o3de/Gems/AtomTressFX/External/Code/src/TressFX/TressFXShortCut.cpp,3,0,3
/media/ullmann/HDDGabriel/research/engines/o3de/Gems/SceneProcessing/Code/Source/Generation/Components/MeshOptimizer/MeshBuilderSubMesh.cpp,4,0,4
/media/ullmann/HDDGabriel/research/engines/o3de/Gems/Atom/RHI/Code/Tests/QueryTests.cpp,1,0,1
/media/ullmann/HDDGabriel/research/engines/o3de/Gems/GraphCanvas/Code/Source/Components/Connections/DataConnections/DataConnectionVisualComponent.h,0,2,2
/media/ullmann/HDDGabriel/research/engines/o3de/Gems/EMotionFX/Code/MCore/Source/AttributeVector2.h,4,2,6
/media/ullmann/HDDGabriel/research/engines/o3de/Gems/AtomLyIntegration/TechnicalArt/DccScriptingInterface/Code/Source/DCCScriptingInterfaceModule.cpp,1,0,1
/media/ullmann/HDDGabriel/research/engines/o3de/Gems/AtomLyIntegration/TechnicalArt/DccScriptingInterface/Code/Source/DCCScriptingInterfaceSystemComponent.h,0,2,2
/media/ullmann/HDDGabriel/research/engines/o3de/Gems/Maestro/Code/Source/Components/EditorSequenceComponent.h,2,2,4
/media/ullmann/HDDGabriel/research/engines/o3de/Gems/EMotionFX/Code/EMotionFX/Tools/EMotionStudio/Plugins/StandardPlugins/Source/TimeView/TimeViewPlugin.cpp,6,0,6
/media/ullmann/HDDGabriel/research/engines/o3de/Gems/MotionMatching/Code/Source/MotionMatchingData.h,5,9,14
/media/ullmann/HDDGabriel/research/engines/o3de/Gems/Atom/Asset/Shader/Code/Source/Editor/AzslCompiler.h,1,4,5
/media/ullmann/HDDGabriel/research/engines/o3de/Gems/ScriptCanvas/Code/Include/ScriptCanvas/Grammar/ASTModifications.cpp,2,0,2
/media/ullmann/HDDGabriel/research/engines/o3de/Gems/ScriptCanvas/Code/Include/ScriptCanvas/Grammar/ParsingMetaData.h,1,3,4
/media/ullmann/HDDGabriel/research/engines/o3de/Gems/LyShine/Code/Editor/GuideHelpers.cpp,3,0,3
/media/ullmann/HDDGabriel/research/engines/o3de/Code/Editor/Objects/ObjectManager.h,3,6,9
/media/ullmann/HDDGabriel/research/engines/o3de/Code/Editor/Include/SandboxAPI.h,0,9,9
/media/ullmann/HDDGabriel/research/engines/o3de/Code/Legacy/CrySystem/LocalizedStringManager.h,1,4,5
/media/ullmann/HDDGabriel/research/engines/o3de/Code/Editor/TrackView/ScreenFaderKeyUIControls.cpp,2,0,2
/media/ullmann/HDDGabriel/research/engines/o3de/Code/Tools/AssetProcessor/native/ui/MainWindow.cpp,15,0,15
/media/ullmann/HDDGabriel/research/engines/o3de/Code/Tools/AssetProcessor/native/ui/SourceAssetTreeItemData.h,1,4,5
/media/ullmann/HDDGabriel/research/engines/o3de/Gems/LmbrCentral/Code/Source/Shape/EditorBaseShapeComponent.cpp,1,0,1
/media/ullmann/HDDGabriel/research/engines/o3de/Code/Editor/AssetEditor/AssetEditorRequestsHandler.cpp,2,0,2
/media/ullmann/HDDGabriel/research/engines/o3de/Code/Editor/AssetEditor/AssetEditorWindow.h,0,3,3
/media/ullmann/HDDGabriel/research/engines/o3de/Gems/LmbrCentral/Code/Source/Shape/CapsuleShape.cpp,1,0,1
/media/ullmann/HDDGabriel/research/engines/o3de/Gems/LmbrCentral/Code/Source/Shape/CapsuleShapeComponent.h,2,5,7
/media/ullmann/HDDGabriel/research/engines/o3de/Gems/Metastream/Code/Source/Platform/Mac/Metastream_Traits_Platform.h,1,0,1
/media/ullmann/HDDGabriel/research/engines/o3de/Gems/Metastream/Code/Source/Platform/Mac/Metastream_Traits_Mac.h,0,1,1
/media/ullmann/HDDGabriel/research/engines/o3de/Gems/LmbrCentral/Code/Source/Audio/EditorAudioTriggerComponent.cpp,1,0,1
/media/ullmann/HDDGabriel/research/engines/o3de/Gems/LmbrCentral/Code/Source/Audio/EditorAudioTriggerComponent.h,1,2,3
/media/ullmann/HDDGabriel/research/engines/o3de/Gems/WhiteBox/Code/Tests/WhiteBoxTest.cpp,2,0,2
/media/ullmann/HDDGabriel/research/engines/o3de/Gems/Atom/Feature/Common/Code/Source/AuxGeom/AuxGeomDrawQueue.cpp,1,0,1
/media/ullmann/HDDGabriel/research/engines/o3de/Gems/Atom/Feature/Common/Code/Source/AuxGeom/AuxGeomDrawQueue.h,1,2,3
/media/ullmann/HDDGabriel/research/engines/o3de/Gems/LyShine/Code/Editor/ViewportIcon.h,0,1,1
/media/ullmann/HDDGabriel/research/engines/o3de/Gems/EMotionFX/Code/MCore/Source/AABB.h,3,2,5
/media/ullmann/HDDGabriel/research/engines/o3de/Gems/Maestro/Code/Source/Cinematics/Movie.h,0,5,5
/media/ullmann/HDDGabriel/research/engines/o3de/Gems/TickBusOrderViewer/Code/Source/TickBusOrderViewerModule.cpp,1,0,1
/media/ullmann/HDDGabriel/research/engines/o3de/Gems/TickBusOrderViewer/Code/Source/TickBusOrderViewerSystemComponent.h,0,2,2
/media/ullmann/HDDGabriel/research/engines/o3de/Gems/EditorPythonBindings/Code/Tests/CustomTypeBindingBusTests.cpp,2,0,2
/media/ullmann/HDDGabriel/research/engines/o3de/Gems/AtomLyIntegration/CommonFeatures/Code/Source/ReflectionProbe/EditorReflectionProbeComponent.h,0,1,1
/media/ullmann/HDDGabriel/research/engines/o3de/Gems/EMotionFX/Code/EMotionFX/Source/MotionInstancePool.cpp,2,0,2
/media/ullmann/HDDGabriel/research/engines/o3de/Code/Legacy/CryCommon/Random.h,2,2,4
/media/ullmann/HDDGabriel/research/engines/o3de/Code/Tools/AssetProcessor/native/ui/SourceAssetDetailsPanel.h,1,1,2
/media/ullmann/HDDGabriel/research/engines/o3de/Code/Tools/AssetProcessor/native/ui/AssetDetailsPanel.h,0,2,2
/media/ullmann/HDDGabriel/research/engines/o3de/Code/Editor/Objects/SelectionGroup.h,0,8,8
/media/ullmann/HDDGabriel/research/engines/o3de/Gems/EMotionFX/Code/EMotionFX/Tools/EMotionStudio/Plugins/StandardPlugins/Source/MorphTargetsWindow/MorphTargetGroupWidget.h,2,2,4
/media/ullmann/HDDGabriel/research/engines/o3de/Gems/Terrain/Code/Tests/TerrainSystemBenchmarks.cpp,2,0,2
/media/ullmann/HDDGabriel/research/engines/o3de/Gems/EMotionFX/Code/EMotionFX/Tools/EMotionStudio/Plugins/StandardPlugins/Source/MorphTargetsWindow/MorphTargetGroupWidget.cpp,1,0,1
/media/ullmann/HDDGabriel/research/engines/o3de/Gems/LyShine/Code/Editor/PropertyHandlerPivot.cpp,4,0,4
/media/ullmann/HDDGabriel/research/engines/o3de/Gems/LyShine/Code/Editor/PivotPresetsWidget.h,0,2,2
/media/ullmann/HDDGabriel/research/engines/o3de/Gems/LyShine/Code/Source/UiLayoutCellComponent.cpp,1,0,1
/media/ullmann/HDDGabriel/research/engines/o3de/Gems/LyShine/Code/Source/UiLayoutCellComponent.h,0,3,3
/media/ullmann/HDDGabriel/research/engines/o3de/Gems/SceneLoggingExample/Code/SceneLoggingExampleModule.cpp,3,0,3
/media/ullmann/HDDGabriel/research/engines/o3de/Gems/SceneLoggingExample/Code/Behaviors/LoggingGroupBehavior.h,0,1,1
/media/ullmann/HDDGabriel/research/engines/o3de/Code/Tools/ProjectManager/Source/GemCatalog/GemRequirementDialog.h,0,1,1
/media/ullmann/HDDGabriel/research/engines/o3de/Gems/LyShine/Code/Editor/ViewportWidget.cpp,9,0,9
/media/ullmann/HDDGabriel/research/engines/o3de/Gems/LyShine/Code/Editor/AssetDropHelpers.h,1,5,6
/media/ullmann/HDDGabriel/research/engines/o3de/Code/Tools/ProjectManager/Platform/Linux/ProjectManager_Traits_Platform.h,1,0,1
/media/ullmann/HDDGabriel/research/engines/o3de/Code/Tools/ProjectManager/Platform/Linux/ProjectManager_Traits_Linux.h,0,1,1
/media/ullmann/HDDGabriel/research/engines/o3de/Gems/LyShine/Code/Source/UiCanvasFileObject.cpp,4,0,4
/media/ullmann/HDDGabriel/research/engines/o3de/Code/Editor/Core/LevelEditorMenuHandler.h,0,2,2
/media/ullmann/HDDGabriel/research/engines/o3de/Gems/Blast/Code/Tests/BlastActorTest.cpp,1,0,1
/media/ullmann/HDDGabriel/research/engines/o3de/Gems/LmbrCentral/Code/Source/Shape/QuadShapeComponent.cpp,1,0,1
/media/ullmann/HDDGabriel/research/engines/o3de/Gems/LmbrCentral/Code/Source/Shape/QuadShapeComponent.h,1,4,5
/media/ullmann/HDDGabriel/research/engines/o3de/Gems/EMotionFX/Code/EMotionFX/Source/MeshDeformer.h,2,5,7
/media/ullmann/HDDGabriel/research/engines/o3de/Code/Framework/AzToolsFramework/AzToolsFramework/UI/PropertyEditor/PropertyCheckBoxCtrl.cpp,2,0,2
/media/ullmann/HDDGabriel/research/engines/o3de/Code/Framework/AzToolsFramework/AzToolsFramework/UI/PropertyEditor/PropertyCheckBoxCtrl.hxx,1,1,2
/media/ullmann/HDDGabriel/research/engines/o3de/Gems/EMotionFX/Code/MCore/Source/CommandSyntax.h,2,3,5
/media/ullmann/HDDGabriel/research/engines/o3de/Gems/Atom/Tools/MaterialCanvas/Code/Source/Document/MaterialCanvasDocument.h,0,1,1
/media/ullmann/HDDGabriel/research/engines/o3de/Gems/LyShine/Code/Source/UiParticleEmitterComponent.cpp,5,0,5
/media/ullmann/HDDGabriel/research/engines/o3de/Gems/EMotionFX/Code/EMotionFX/Source/MotionManager.h,0,4,4
/media/ullmann/HDDGabriel/research/engines/o3de/Gems/ScriptCanvas/Code/Editor/View/Widgets/NodePalette/EBusNodePaletteTreeItemTypes.h,1,1,2
/media/ullmann/HDDGabriel/research/engines/o3de/Gems/ScriptCanvas/Code/Editor/View/Widgets/NodePalette/CreateNodeMimeEvent.h,0,5,5
/media/ullmann/HDDGabriel/research/engines/o3de/Gems/ScriptCanvasPhysics/Code/Source/ScriptCanvasPhysicsSystemComponent.cpp,1,0,1
/media/ullmann/HDDGabriel/research/engines/o3de/Gems/ScriptCanvasPhysics/Code/Source/ScriptCanvasPhysicsSystemComponent.h,0,2,2
/media/ullmann/HDDGabriel/research/engines/o3de/Templates/MinimalProject/Template/Gem/Source/${Name}SystemComponent.cpp,1,0,1
/media/ullmann/HDDGabriel/research/engines/o3de/Templates/MinimalProject/Template/Gem/Source/${Name}SystemComponent.h,0,2,2
/media/ullmann/HDDGabriel/research/engines/o3de/Code/Editor/LevelIndependentFileMan.h,0,4,4
/media/ullmann/HDDGabriel/research/engines/o3de/Gems/EMotionFX/Code/EMotionFX/Tools/EMotionStudio/Plugins/StandardPlugins/Source/TimeView/TimeTrack.cpp,2,0,2
/media/ullmann/HDDGabriel/research/engines/o3de/Gems/ScriptCanvas/Code/Include/ScriptCanvas/Core/ConnectionBus.h,2,1,3
/media/ullmann/HDDGabriel/research/engines/o3de/Gems/ScriptCanvas/Code/Include/ScriptCanvas/Core/Endpoint.h,1,3,4
/media/ullmann/HDDGabriel/research/engines/o3de/Gems/EMotionFX/Code/EMotionFX/Tools/EMotionStudio/EMStudioSDK/Source/NotificationWindowManager.cpp,3,0,3
/media/ullmann/HDDGabriel/research/engines/o3de/Code/Legacy/CryCommon/LCGRandom.h,2,1,3
/media/ullmann/HDDGabriel/research/engines/o3de/Gems/LyShine/Code/Source/Animation/AzEntityNode.cpp,6,0,6
/media/ullmann/HDDGabriel/research/engines/o3de/Gems/LyShine/Code/Source/Animation/CompoundSplineTrack.h,0,4,4
/media/ullmann/HDDGabriel/research/engines/o3de/Gems/MotionMatching/Code/Source/KdTree.cpp,3,0,3
/media/ullmann/HDDGabriel/research/engines/o3de/Gems/MotionMatching/Code/Source/KdTree.h,3,4,7
/media/ullmann/HDDGabriel/research/engines/o3de/Code/Editor/CustomAspectRatioDlg.h,0,2,2
/media/ullmann/HDDGabriel/research/engines/o3de/Gems/AtomLyIntegration/CommonFeatures/Code/Source/SkyBox/HDRiSkyboxComponent.h,0,1,1
/media/ullmann/HDDGabriel/research/engines/o3de/Gems/EMotionFX/Code/EMotionFX/Source/AnimGraphStateMachine.h,0,8,8
/media/ullmann/HDDGabriel/research/engines/o3de/Gems/LyShine/Code/Editor/ViewportHelpers.cpp,2,0,2
/media/ullmann/HDDGabriel/research/engines/o3de/Gems/Gestures/Code/Include/Gestures/GestureRecognizerPinch.h,1,0,1
/media/ullmann/HDDGabriel/research/engines/o3de/Gems/Gestures/Code/Include/Gestures/IGestureRecognizer.h,0,6,6
/media/ullmann/HDDGabriel/research/engines/o3de/Code/Editor/Util/PakFile.h,0,3,3
/media/ullmann/HDDGabriel/research/engines/o3de/Gems/Vegetation/Code/Source/Editor/EditorDistributionFilterComponent.h,0,2,2
/media/ullmann/HDDGabriel/research/engines/o3de/Code/Framework/AzToolsFramework/AzToolsFramework/ToolsComponents/EditorSelectionAccentSystemComponent.cpp,1,0,1
/media/ullmann/HDDGabriel/research/engines/o3de/Code/Framework/AzToolsFramework/AzToolsFramework/ToolsComponents/EditorSelectionAccentSystemComponent.h,1,1,2
/media/ullmann/HDDGabriel/research/engines/o3de/Code/Tools/AssetProcessor/native/ui/MainWindow.h,0,2,2
/media/ullmann/HDDGabriel/research/engines/o3de/Gems/EMotionFX/Code/EMotionFX/CommandSystem/Source/AnimGraphConditionCommands.h,0,1,1
/media/ullmann/HDDGabriel/research/engines/o3de/Gems/MotionMatching/Code/Source/FeatureMatrix.h,0,5,5
/media/ullmann/HDDGabriel/research/engines/o3de/Code/Framework/AzToolsFramework/AzToolsFramework/UI/Outliner/EntityOutlinerSortFilterProxyModel.cpp,2,0,2
/media/ullmann/HDDGabriel/research/engines/o3de/Code/Framework/AzToolsFramework/AzToolsFramework/UI/Outliner/EntityOutlinerSortFilterProxyModel.hxx,0,1,1
/media/ullmann/HDDGabriel/research/engines/o3de/Gems/EMotionFX/Code/EMotionFX/Tools/EMotionStudio/Plugins/StandardPlugins/Source/NodeGroups/NodeGroupManagementWidget.h,3,2,5
/media/ullmann/HDDGabriel/research/engines/o3de/Code/Editor/Plugins/ProjectSettingsTool/PlatformSettings_Android.cpp,3,0,3
/media/ullmann/HDDGabriel/research/engines/o3de/Code/Editor/Plugins/ProjectSettingsTool/Validators.h,2,5,7
/media/ullmann/HDDGabriel/research/engines/o3de/Code/Framework/AzQtComponents/AzQtComponents/Components/ExtendedLabel.cpp,1,0,1
/media/ullmann/HDDGabriel/research/engines/o3de/Code/Framework/AzQtComponents/AzQtComponents/Components/ExtendedLabel.h,0,1,1
/media/ullmann/HDDGabriel/research/engines/o3de/Code/Editor/Plugins/ProjectSettingsTool/DefaultImageValidator.cpp,2,0,2
/media/ullmann/HDDGabriel/research/engines/o3de/Code/Editor/Plugins/ProjectSettingsTool/DefaultImageValidator.h,1,3,4
/media/ullmann/HDDGabriel/research/engines/o3de/Code/Framework/AzManipulatorTestFramework/Tests/ViewportInteractionTest.cpp,1,0,1
/media/ullmann/HDDGabriel/research/engines/o3de/Code/Framework/AzManipulatorTestFramework/Tests/AzManipulatorTestFrameworkTestFixtures.h,0,4,4
/media/ullmann/HDDGabriel/research/engines/o3de/Gems/Atom/Asset/ImageProcessingAtom/Code/Source/ImageProcessingSystemComponent.cpp,9,0,9
/media/ullmann/HDDGabriel/research/engines/o3de/Gems/Atom/Asset/ImageProcessingAtom/Code/Source/Processing/ImageAssetProducer.h,0,2,2
/media/ullmann/HDDGabriel/research/engines/o3de/Code/Tools/AssetProcessor/native/unittests/PlatformConfigurationUnitTests.h,1,1,2
/media/ullmann/HDDGabriel/research/engines/o3de/Gems/Stars/Code/Source/StarsSystemComponent.h,0,3,3
/media/ullmann/HDDGabriel/research/engines/o3de/Gems/LyShine/Code/Source/UiTooltipComponent.cpp,1,0,1
/media/ullmann/HDDGabriel/research/engines/o3de/Gems/Terrain/Code/Source/Components/TerrainHeightGradientListComponent.h,0,1,1
/media/ullmann/HDDGabriel/research/engines/o3de/Gems/Atom/Feature/Common/Code/Source/OcclusionCullingPlane/OcclusionCullingPlaneFeatureProcessor.h,0,1,1
/media/ullmann/HDDGabriel/research/engines/o3de/Code/Editor/Plugins/ProjectSettingsTool/Platforms.h,0,2,2
/media/ullmann/HDDGabriel/research/engines/o3de/Code/Editor/Plugins/ProjectSettingsTool/PropertyImagePreview.cpp,6,0,6
/media/ullmann/HDDGabriel/research/engines/o3de/Gems/AtomLyIntegration/CommonFeatures/Code/Source/PostProcess/ExposureControl/EditorExposureControlComponent.h,0,1,1
/media/ullmann/HDDGabriel/research/engines/o3de/Gems/EMotionFX/Code/MCore/Source/MemoryTracker.cpp,2,0,2
/media/ullmann/HDDGabriel/research/engines/o3de/Gems/EMotionFX/Code/MCore/Source/MemoryTracker.h,3,3,6
/media/ullmann/HDDGabriel/research/engines/o3de/Gems/EMotionFX/Code/EMotionFX/Source/Importer/Importer.h,1,6,7
/media/ullmann/HDDGabriel/research/engines/o3de/Code/Tools/ProjectManager/Source/NewProjectSettingsScreen.h,2,3,5
/media/ullmann/HDDGabriel/research/engines/o3de/Code/Tools/ProjectManager/Source/ProjectTemplateInfo.h,0,3,3
/media/ullmann/HDDGabriel/research/engines/o3de/Gems/Metastream/Code/Source/MetastreamGem.h,2,1,3
/media/ullmann/HDDGabriel/research/engines/o3de/Gems/Metastream/Code/Source/BaseHttpServer.h,0,3,3
/media/ullmann/HDDGabriel/research/engines/o3de/Code/Framework/AzToolsFramework/Tests/Slices.cpp,1,0,1
/media/ullmann/HDDGabriel/research/engines/o3de/Code/Framework/AzToolsFramework/Tests/EntityTestbed.h,0,1,1
/media/ullmann/HDDGabriel/research/engines/o3de/Gems/LyShineExamples/Code/Source/LyShineExamplesSerialize.cpp,1,0,1
/media/ullmann/HDDGabriel/research/engines/o3de/Gems/LyShineExamples/Code/Source/LyShineExamplesSerialize.h,0,2,2
/media/ullmann/HDDGabriel/research/engines/o3de/Code/Tools/TestImpactFramework/Frontend/Console/Python/Code/Source/TestImpactPythonRuntimeConfigurationFactory.cpp,1,0,1
/media/ullmann/HDDGabriel/research/engines/o3de/Code/Tools/TestImpactFramework/Frontend/Console/Python/Code/Source/TestImpactPythonRuntimeConfigurationFactory.h,0,2,2
/media/ullmann/HDDGabriel/research/engines/o3de/Gems/AudioSystem/Code/Source/Engine/ATLComponents.h,4,2,6
/media/ullmann/HDDGabriel/research/engines/o3de/Gems/LandscapeCanvas/Code/Source/Editor/Nodes/Areas/SpawnerAreaNode.cpp,1,0,1
/media/ullmann/HDDGabriel/research/engines/o3de/Gems/LandscapeCanvas/Code/Source/Editor/Nodes/Areas/SpawnerAreaNode.h,0,2,2
/media/ullmann/HDDGabriel/research/engines/o3de/Gems/LmbrCentral/Code/Source/Audio/EditorAudioListenerComponent.cpp,2,0,2
/media/ullmann/HDDGabriel/research/engines/o3de/Gems/LmbrCentral/Code/Source/Audio/EditorAudioListenerComponent.h,0,2,2
/media/ullmann/HDDGabriel/research/engines/o3de/Code/Editor/Plugins/EditorAssetImporter/SceneSerializationHandler.cpp,1,0,1
/media/ullmann/HDDGabriel/research/engines/o3de/Code/Editor/Plugins/EditorAssetImporter/SceneSerializationHandler.h,0,2,2
/media/ullmann/HDDGabriel/research/engines/o3de/Gems/EMotionFX/Code/MCore/Source/AttributeVector3.h,3,2,5
/media/ullmann/HDDGabriel/research/engines/o3de/Code/Legacy/CryCommon/Cry_ValidNumber.h,0,1,1
/media/ullmann/HDDGabriel/research/engines/o3de/Gems/EMotionFX/Code/EMotionFX/Tools/EMotionStudio/EMStudioSDK/Source/Workspace.cpp,4,0,4
/media/ullmann/HDDGabriel/research/engines/o3de/Code/Tools/AssetProcessor/native/tests/assetBuilderSDK/assetBuilderSDKTest.cpp,1,0,1
/media/ullmann/HDDGabriel/research/engines/o3de/Gems/EMotionFX/Code/EMotionFX/Source/ActorManager.h,3,8,11
/media/ullmann/HDDGabriel/research/engines/o3de/Gems/AudioSystem/Code/Source/Editor/QConnectionsWidget.cpp,5,0,5
/media/ullmann/HDDGabriel/research/engines/o3de/Gems/LyShine/Code/Editor/Animation/UiAnimViewCurveEditor.h,3,2,5
/media/ullmann/HDDGabriel/research/engines/o3de/Gems/Atom/Feature/Common/Code/Source/AuxGeom/FixedShapeProcessor.cpp,2,0,2
/media/ullmann/HDDGabriel/research/engines/o3de/Gems/Atom/Feature/Common/Code/Source/AuxGeom/FixedShapeProcessor.h,1,2,3
/media/ullmann/HDDGabriel/research/engines/o3de/Gems/LandscapeCanvas/Code/Source/Editor/Nodes/Shapes/CylinderShapeNode.cpp,1,0,1
/media/ullmann/HDDGabriel/research/engines/o3de/Gems/LandscapeCanvas/Code/Source/Editor/Nodes/Shapes/CylinderShapeNode.h,0,2,2
/media/ullmann/HDDGabriel/research/engines/o3de/Gems/EMotionFX/Code/EMotionFX/Tools/EMotionStudio/Plugins/StandardPlugins/Source/AnimGraph/ParameterEditor/BoolParameterEditor.h,1,2,3
/media/ullmann/HDDGabriel/research/engines/o3de/Gems/LyShine/Code/Source/UiCanvasComponent.cpp,11,0,11
/media/ullmann/HDDGabriel/research/engines/o3de/Gems/EMotionFX/Code/EMotionFX/Tools/EMotionStudio/EMStudioSDK/Source/KeyboardShortcutsWindow.cpp,3,0,3
/media/ullmann/HDDGabriel/research/engines/o3de/Gems/LandscapeCanvas/Code/Source/Editor/MainWindow.cpp,1,0,1
/media/ullmann/HDDGabriel/research/engines/o3de/Gems/LandscapeCanvas/Code/Source/Editor/MainWindow.h,0,2,2
/media/ullmann/HDDGabriel/research/engines/o3de/Code/Tools/ProjectManager/Source/DownloadController.cpp,3,0,3
/media/ullmann/HDDGabriel/research/engines/o3de/Code/Tools/ProjectManager/Source/DownloadController.h,0,4,4
/media/ullmann/HDDGabriel/research/engines/o3de/Gems/DebugDraw/Code/Source/DebugDrawLineComponent.h,0,4,4
/media/ullmann/HDDGabriel/research/engines/o3de/Code/Framework/AzFramework/Tests/Platform/Common/Xcb/MockXcbInterface.h,1,3,4
/media/ullmann/HDDGabriel/research/engines/o3de/Code/Legacy/CryCommon/IPathfinder.h,5,0,5
/media/ullmann/HDDGabriel/research/engines/o3de/Code/Legacy/CryCommon/SerializeFwd.h,0,1,1
/media/ullmann/HDDGabriel/research/engines/o3de/Gems/LmbrCentral/Code/Source/Audio/EditorAudioAreaEnvironmentComponent.cpp,1,0,1
/media/ullmann/HDDGabriel/research/engines/o3de/Gems/LmbrCentral/Code/Source/Audio/EditorAudioAreaEnvironmentComponent.h,1,2,3
/media/ullmann/HDDGabriel/research/engines/o3de/Gems/EMotionFX/Code/EMotionFX/Source/AttachmentNode.cpp,5,0,5
/media/ullmann/HDDGabriel/research/engines/o3de/Gems/ScriptCanvas/Code/Include/ScriptCanvas/Libraries/Operators/OperatorsLibrary.cpp,1,0,1
/media/ullmann/HDDGabriel/research/engines/o3de/Gems/ScriptCanvas/Code/Include/ScriptCanvas/Libraries/Operators/OperatorsLibrary.h,0,1,1
/media/ullmann/HDDGabriel/research/engines/o3de/Gems/DiffuseProbeGrid/Code/Source/DiffuseProbeGridModule.cpp,6,0,6
/media/ullmann/HDDGabriel/research/engines/o3de/Gems/DiffuseProbeGrid/Code/Source/EditorComponents/EditorDiffuseGlobalIlluminationComponent.h,0,1,1
/media/ullmann/HDDGabriel/research/engines/o3de/Code/Editor/AzAssetBrowser/AzAssetBrowserRequestHandler.cpp,1,0,1
/media/ullmann/HDDGabriel/research/engines/o3de/Code/Editor/AzAssetBrowser/AzAssetBrowserRequestHandler.h,0,1,1
/media/ullmann/HDDGabriel/research/engines/o3de/Gems/LyShine/Code/Editor/MainToolbar.h,0,1,1
/media/ullmann/HDDGabriel/research/engines/o3de/Gems/AtomLyIntegration/AtomImGuiTools/Code/Source/AtomImGuiToolsModule.cpp,1,0,1
/media/ullmann/HDDGabriel/research/engines/o3de/Gems/AtomLyIntegration/AtomImGuiTools/Code/Source/AtomImGuiToolsSystemComponent.h,0,2,2
/media/ullmann/HDDGabriel/research/engines/o3de/Code/Editor/EditorViewportSettings.cpp,1,0,1
/media/ullmann/HDDGabriel/research/engines/o3de/Gems/EMotionFX/Code/EMotionFX/Source/BlendTreeBlendNNode.cpp,8,0,8
/media/ullmann/HDDGabriel/research/engines/o3de/Gems/EMotionFX/Code/EMotionFX/Source/MeshDeformerStack.cpp,4,0,4
/media/ullmann/HDDGabriel/research/engines/o3de/Code/Framework/AzToolsFramework/AzToolsFramework/UI/Outliner/EntityOutlinerSearchWidget.cpp,1,0,1
/media/ullmann/HDDGabriel/research/engines/o3de/Code/Framework/AzToolsFramework/AzToolsFramework/UI/Outliner/EntityOutlinerSearchWidget.h,0,1,1
/media/ullmann/HDDGabriel/research/engines/o3de/Gems/RecastNavigation/Code/Source/RecastNavigationModule.cpp,2,0,2
/media/ullmann/HDDGabriel/research/engines/o3de/Gems/RecastNavigation/Code/Source/RecastNavigationModuleInterface.h,4,2,6
/media/ullmann/HDDGabriel/research/engines/o3de/Gems/EMotionFX/Code/EMotionFX/Source/AnimGraphObjectFactory.h,0,3,3
/media/ullmann/HDDGabriel/research/engines/o3de/Gems/SceneProcessing/Code/Source/Generation/Components/TangentGenerator/TangentGenerateComponent.h,0,1,1
/media/ullmann/HDDGabriel/research/engines/o3de/Gems/AtomLyIntegration/CommonFeatures/Code/Source/Material/MaterialComponent.h,0,1,1
/media/ullmann/HDDGabriel/research/engines/o3de/Gems/RecastNavigation/Code/Source/RecastNavigationEditorModule.cpp,5,0,5
/media/ullmann/HDDGabriel/research/engines/o3de/Gems/RecastNavigation/Code/Source/EditorComponents/EditorRecastNavigationPhysXProviderComponent.h,0,2,2
/media/ullmann/HDDGabriel/research/engines/o3de/Code/Editor/MainStatusBar.cpp,4,0,4
/media/ullmann/HDDGabriel/research/engines/o3de/Code/Editor/MainStatusBar.h,0,5,5
/media/ullmann/HDDGabriel/research/engines/o3de/Gems/LyShine/Code/Editor/Animation/UiAnimViewEventNode.h,1,3,4
/media/ullmann/HDDGabriel/research/engines/o3de/Gems/EMotionFX/Code/EMotionFX/Source/AnimGraphMotionCondition.h,0,1,1
/media/ullmann/HDDGabriel/research/engines/o3de/Code/Framework/AzQtComponents/AzQtComponents/Gallery/LineEditPage.cpp,1,0,1
/media/ullmann/HDDGabriel/research/engines/o3de/Code/Framework/AzQtComponents/AzQtComponents/Gallery/LineEditPage.h,0,2,2
/media/ullmann/HDDGabriel/research/engines/o3de/Gems/Atom/Tools/AtomToolsFramework/Code/Source/AtomToolsFrameworkModule.cpp,5,0,5
/media/ullmann/HDDGabriel/research/engines/o3de/Gems/Atom/Tools/AtomToolsFramework/Code/Source/PerformanceMonitor/PerformanceMonitorSystemComponent.h,0,1,1
/media/ullmann/HDDGabriel/research/engines/o3de/Gems/EMotionFX/Code/EMotionFX/Source/Mesh.inl,0,1,1
/media/ullmann/HDDGabriel/research/engines/o3de/Gems/EMotionFX/Code/EMotionFX/Source/BlendTreeMirrorPoseNode.cpp,8,0,8
/media/ullmann/HDDGabriel/research/engines/o3de/Gems/LmbrCentral/Code/Source/Audio/EditorAudioEnvironmentComponent.cpp,1,0,1
/media/ullmann/HDDGabriel/research/engines/o3de/Gems/LmbrCentral/Code/Source/Audio/EditorAudioEnvironmentComponent.h,1,2,3
/media/ullmann/HDDGabriel/research/engines/o3de/Gems/LyShine/Code/Editor/Animation/UiAVCustomizeTrackColorsDlg.cpp,3,0,3
/media/ullmann/HDDGabriel/research/engines/o3de/Gems/LyShine/Code/Editor/Animation/UiAVCustomizeTrackColorsDlg.h,0,3,3
/media/ullmann/HDDGabriel/research/engines/o3de/Gems/Meshlets/Code/Source/MeshletsEditorSystemComponent.h,1,2,3
/media/ullmann/HDDGabriel/research/engines/o3de/Code/Framework/AzCore/Tests/AssetSerializerTests.cpp,1,0,1
/media/ullmann/HDDGabriel/research/engines/o3de/Gems/GradientSignal/Code/Source/Editor/EditorConstantGradientComponent.cpp,1,0,1
/media/ullmann/HDDGabriel/research/engines/o3de/Gems/GradientSignal/Code/Source/Editor/EditorConstantGradientComponent.h,0,2,2
/media/ullmann/HDDGabriel/research/engines/o3de/Code/Legacy/CrySystem/IDebugCallStack.cpp,3,0,3
/media/ullmann/HDDGabriel/research/engines/o3de/Code/Legacy/CrySystem/IDebugCallStack.h,1,3,4
/media/ullmann/HDDGabriel/research/engines/o3de/Gems/PhysX/Code/Source/SystemComponent.cpp,1,0,1
/media/ullmann/HDDGabriel/research/engines/o3de/Gems/Meshlets/Code/Source/Meshlets/MultiDispatchComputePass.cpp,1,0,1
/media/ullmann/HDDGabriel/research/engines/o3de/Code/Editor/Include/IObjectManager.h,1,11,12
/media/ullmann/HDDGabriel/research/engines/o3de/Code/Editor/Include/ObjectEvent.h,0,2,2
/media/ullmann/HDDGabriel/research/engines/o3de/Gems/AtomLyIntegration/CommonFeatures/Code/Source/CommonFeaturesSystemComponent.cpp,1,0,1
/media/ullmann/HDDGabriel/research/engines/o3de/Gems/AtomLyIntegration/CommonFeatures/Code/Source/CommonFeaturesSystemComponent.h,0,2,2
/media/ullmann/HDDGabriel/research/engines/o3de/Gems/AtomLyIntegration/CommonFeatures/Code/Source/CoreLights/AreaLightComponent.h,0,1,1
/media/ullmann/HDDGabriel/research/engines/o3de/Gems/EMotionFX/Code/Tests/BlendTreeTransformNodeTests.cpp,1,0,1
/media/ullmann/HDDGabriel/research/engines/o3de/Gems/EMotionFX/Code/Tests/AnimGraphFixture.h,1,10,11
/media/ullmann/HDDGabriel/research/engines/o3de/Gems/Vegetation/Code/Source/Editor/EditorRotationModifierComponent.cpp,1,0,1
/media/ullmann/HDDGabriel/research/engines/o3de/Gems/Vegetation/Code/Source/Editor/EditorRotationModifierComponent.h,0,2,2
/media/ullmann/HDDGabriel/research/engines/o3de/Code/Tools/AssetProcessor/native/unittests/ConnectionUnitTests.h,1,1,2
/media/ullmann/HDDGabriel/research/engines/o3de/Code/Tools/ProjectManager/Source/FormBrowseEditWidget.cpp,1,0,1
/media/ullmann/HDDGabriel/research/engines/o3de/Code/Tools/ProjectManager/Source/FormBrowseEditWidget.h,1,4,5
/media/ullmann/HDDGabriel/research/engines/o3de/Gems/LyShine/Code/Editor/Animation/UiAnimViewNewSequenceDialog.h,0,2,2
/media/ullmann/HDDGabriel/research/engines/o3de/Gems/LmbrCentral/Code/Source/Scripting/SpawnerComponent.cpp,2,0,2
/media/ullmann/HDDGabriel/research/engines/o3de/Gems/LmbrCentral/Code/Source/Scripting/EditorSpawnerComponent.h,0,3,3
/media/ullmann/HDDGabriel/research/engines/o3de/Code/Editor/Controls/ReflectedPropertyControl/ReflectedVarWrapper.h,1,2,3
/media/ullmann/HDDGabriel/research/engines/o3de/Code/Framework/AzQtComponents/AzQtComponents/Gallery/MenuPage.cpp,1,0,1
/media/ullmann/HDDGabriel/research/engines/o3de/Code/Framework/AzQtComponents/AzQtComponents/Gallery/MenuPage.h,0,2,2
/media/ullmann/HDDGabriel/research/engines/o3de/Gems/ScriptCanvas/Code/Include/ScriptCanvas/Libraries/Core/Nodeling.cpp,1,0,1
/media/ullmann/HDDGabriel/research/engines/o3de/Code/Editor/Plugins/ProjectSettingsTool/FunctorValidator.cpp,1,0,1
/media/ullmann/HDDGabriel/research/engines/o3de/Code/Editor/Plugins/ProjectSettingsTool/FunctorValidator.h,0,7,7
/media/ullmann/HDDGabriel/research/engines/o3de/Code/Framework/AzCore/Tests/AZStd/Lists.cpp,1,0,1
/media/ullmann/HDDGabriel/research/engines/o3de/Gems/MotionMatching/Code/Source/MotionMatchingEditorModule.cpp,2,0,2
/media/ullmann/HDDGabriel/research/engines/o3de/Gems/MotionMatching/Code/Source/MotionMatchingEditorSystemComponent.h,2,2,4
/media/ullmann/HDDGabriel/research/engines/o3de/Code/Framework/AzToolsFramework/AzToolsFramework/ToolsComponents/EditorLockComponent.h,2,1,3
/media/ullmann/HDDGabriel/research/engines/o3de/Code/Tools/AssetProcessor/native/connection/connectionManager.h,0,3,3
/media/ullmann/HDDGabriel/research/engines/o3de/Gems/Gestures/Code/Tests/GestureRecognizerPinchTests.cpp,1,0,1
/media/ullmann/HDDGabriel/research/engines/o3de/Gems/Gestures/Code/Tests/BaseGestureTest.h,0,2,2
/media/ullmann/HDDGabriel/research/engines/o3de/Gems/AtomLyIntegration/CommonFeatures/Code/Source/Animation/AttachmentComponent.h,0,3,3
/media/ullmann/HDDGabriel/research/engines/o3de/Gems/ScriptCanvas/Code/Editor/Utilities/RecentAssetPath.cpp,2,0,2
/media/ullmann/HDDGabriel/research/engines/o3de/Gems/ScriptCanvas/Code/Editor/Utilities/RecentAssetPath.h,0,1,1
/media/ullmann/HDDGabriel/research/engines/o3de/Gems/ScriptCanvas/Code/Include/ScriptCanvas/Debugger/Debugger.cpp,3,0,3
/media/ullmann/HDDGabriel/research/engines/o3de/Gems/ScriptCanvas/Code/Include/ScriptCanvas/Debugger/Debugger.h,4,1,5
/media/ullmann/HDDGabriel/research/engines/o3de/Gems/WhiteBox/Code/Source/Viewport/WhiteBoxModifierUtil.cpp,1,0,1
/media/ullmann/HDDGabriel/research/engines/o3de/Gems/WhiteBox/Code/Source/Viewport/WhiteBoxModifierUtil.h,0,1,1
/media/ullmann/HDDGabriel/research/engines/o3de/Code/Tools/SerializeContextTools/Dumper.cpp,3,0,3
/media/ullmann/HDDGabriel/research/engines/o3de/Code/Framework/AzQtComponents/AzQtComponents/Components/Widgets/SegmentBar.cpp,1,0,1
/media/ullmann/HDDGabriel/research/engines/o3de/Code/Framework/AzQtComponents/AzQtComponents/Components/Widgets/SegmentBar.h,0,2,2
/media/ullmann/HDDGabriel/research/engines/o3de/Code/Tools/ProjectManager/Source/Settings.cpp,1,0,1
/media/ullmann/HDDGabriel/research/engines/o3de/Code/Tools/AssetProcessor/native/utilities/windowscreen.cpp,1,0,1
/media/ullmann/HDDGabriel/research/engines/o3de/Code/Tools/AssetProcessor/native/utilities/windowscreen.h,0,1,1
/media/ullmann/HDDGabriel/research/engines/o3de/Code/Tools/AssetProcessor/native/tests/resourcecompiler/RCControllerTest.cpp,1,0,1
/media/ullmann/HDDGabriel/research/engines/o3de/Code/Tools/AssetProcessor/native/tests/resourcecompiler/RCControllerTest.h,0,1,1
/media/ullmann/HDDGabriel/research/engines/o3de/Code/Editor/LogFile.cpp,5,0,5
/media/ullmann/HDDGabriel/research/engines/o3de/Code/Editor/ProcessInfo.h,0,4,4
/media/ullmann/HDDGabriel/research/engines/o3de/Code/Editor/Objects/EntityObject.h,2,4,6
/media/ullmann/HDDGabriel/research/engines/o3de/Code/Editor/Controls/SplineCtrl.cpp,2,0,2
/media/ullmann/HDDGabriel/research/engines/o3de/Code/Editor/Controls/TimelineCtrl.h,1,3,4
/media/ullmann/HDDGabriel/research/engines/o3de/Code/Framework/AzCore/Tests/AZStd/Invoke.cpp,1,0,1
/media/ullmann/HDDGabriel/research/engines/o3de/Code/Tools/ProjectManager/Source/ExternalLinkDialog.cpp,3,0,3
/media/ullmann/HDDGabriel/research/engines/o3de/Code/Tools/ProjectManager/Source/LinkWidget.h,0,2,2
/media/ullmann/HDDGabriel/research/engines/o3de/Gems/AudioEngineWwise/Code/Platform/iOS/AudioEngineWwise_Traits_Platform.h,1,0,1
/media/ullmann/HDDGabriel/research/engines/o3de/Gems/AudioEngineWwise/Code/Platform/iOS/AudioEngineWwise_Traits_iOS.h,0,1,1
/media/ullmann/HDDGabriel/research/engines/o3de/Gems/LmbrCentral/Code/Source/Shape/TubeShape.h,1,2,3
/media/ullmann/HDDGabriel/research/engines/o3de/Gems/LmbrCentral/Code/Source/Shape/ShapeGeometryUtil.h,0,3,3
/media/ullmann/HDDGabriel/research/engines/o3de/Code/Editor/Controls/SplineCtrlEx.h,0,2,2
/media/ullmann/HDDGabriel/research/engines/o3de/Gems/StartingPointInput/Code/Source/StartingPointInputGem.cpp,3,0,3
/media/ullmann/HDDGabriel/research/engines/o3de/Gems/StartingPointInput/Code/Source/InputEventBindings.h,1,2,3
/media/ullmann/HDDGabriel/research/engines/o3de/Gems/LyShine/Code/Editor/ComponentHelpers.cpp,2,0,2
/media/ullmann/HDDGabriel/research/engines/o3de/Gems/ScriptCanvas/Code/Include/ScriptCanvas/Libraries/Deprecated/String/Replace.cpp,1,0,1
/media/ullmann/HDDGabriel/research/engines/o3de/Gems/ScriptCanvas/Code/Include/ScriptCanvas/Libraries/Deprecated/String/Replace.h,0,1,1
/media/ullmann/HDDGabriel/research/engines/o3de/Code/Editor/TrackView/TrackViewNode.h,0,6,6
/media/ullmann/HDDGabriel/research/engines/o3de/Gems/EMotionFX/Code/EMotionFX/Tools/EMotionStudio/Plugins/StandardPlugins/Source/MotionSetsWindow/MotionSetManagementWindow.h,2,2,4
/media/ullmann/HDDGabriel/research/engines/o3de/Gems/ScriptEvents/Code/Include/ScriptEvents/Internal/BehaviorContextBinding/DefaultEventHandler.cpp,2,0,2
/media/ullmann/HDDGabriel/research/engines/o3de/Code/Framework/AzToolsFramework/AzToolsFramework/UI/Logging/TracePrintFLogPanel.cpp,1,0,1
/media/ullmann/HDDGabriel/research/engines/o3de/Code/Framework/AzToolsFramework/AzToolsFramework/UI/Logging/TracePrintFLogPanel.h,2,1,3
/media/ullmann/HDDGabriel/research/engines/o3de/Code/Legacy/CryCommon/Cry_Matrix44.h,0,1,1
/media/ullmann/HDDGabriel/research/engines/o3de/Code/Editor/ConsoleDialog.cpp,4,0,4
/media/ullmann/HDDGabriel/research/engines/o3de/Code/Editor/LyViewPaneNames.h,0,5,5
/media/ullmann/HDDGabriel/research/engines/o3de/Gems/EMotionFX/Code/MCore/Source/Ray.h,2,1,3
/media/ullmann/HDDGabriel/research/engines/o3de/Gems/Gestures/Code/Include/Gestures/GestureRecognizerSwipe.h,1,0,1
/media/ullmann/HDDGabriel/research/engines/o3de/Code/Tools/AssetProcessor/AssetBuilder/AssetBuilderInfo.h,0,5,5
/media/ullmann/HDDGabriel/research/engines/o3de/Code/Legacy/CryCommon/IMovieSystem.h,3,0,3
/media/ullmann/HDDGabriel/research/engines/o3de/Code/Legacy/CryCommon/Range.h,0,1,1
/media/ullmann/HDDGabriel/research/engines/o3de/Code/Framework/AzToolsFramework/AzToolsFramework/ToolsComponents/EditorLayerComponentBus.h,1,1,2
/media/ullmann/HDDGabriel/research/engines/o3de/Code/Framework/AzToolsFramework/AzToolsFramework/ToolsComponents/LayerResult.h,0,2,2
/media/ullmann/HDDGabriel/research/engines/o3de/Code/Framework/AzManipulatorTestFramework/Tests/DirectCallTest.cpp,1,0,1
/media/ullmann/HDDGabriel/research/engines/o3de/Code/Framework/AzToolsFramework/AzToolsFramework/ToolsComponents/EditorLayerComponent.h,2,1,3
/media/ullmann/HDDGabriel/research/engines/o3de/Gems/EMotionFX/Code/EMotionFX/Source/ActorManager.cpp,4,0,4
/media/ullmann/HDDGabriel/research/engines/o3de/Gems/EMotionFX/Code/EMotionFX/Source/MultiThreadScheduler.h,3,2,5
/media/ullmann/HDDGabriel/research/engines/o3de/Code/Tools/ProjectManager/Source/UpdateProjectSettingsScreen.h,1,3,4
/media/ullmann/HDDGabriel/research/engines/o3de/Code/Tools/ProjectManager/Source/UpdateProjectCtrl.h,2,3,5
/media/ullmann/HDDGabriel/research/engines/o3de/Code/Editor/Plugins/ProjectSettingsTool/PropertyImagePreview.h,1,3,4
/media/ullmann/HDDGabriel/research/engines/o3de/Gems/WhiteBox/Code/Source/WhiteBoxSystemComponent.h,0,3,3
/media/ullmann/HDDGabriel/research/engines/o3de/Gems/LyShine/Code/Source/LyShinePass.cpp,1,0,1
/media/ullmann/HDDGabriel/research/engines/o3de/Gems/LyShine/Code/Source/LyShinePass.h,1,3,4
/media/ullmann/HDDGabriel/research/engines/o3de/Gems/EMotionFX/Code/MCore/Source/Random.cpp,2,0,2
/media/ullmann/HDDGabriel/research/engines/o3de/Code/Framework/AzToolsFramework/AzToolsFramework/UI/UICore/QTreeViewStateSaver.cpp,1,0,1
/media/ullmann/HDDGabriel/research/engines/o3de/Code/Framework/AzToolsFramework/AzToolsFramework/UI/UICore/QTreeViewStateSaver.hxx,0,1,1
/media/ullmann/HDDGabriel/research/engines/o3de/Gems/Atom/Utils/Code/Include/Atom/Utils/ImGuiTransientAttachmentProfiler.h,1,0,1
/media/ullmann/HDDGabriel/research/engines/o3de/Gems/Atom/Utils/Code/Include/Atom/Utils/ImGuiTransientAttachmentProfiler.inl,0,1,1
/media/ullmann/HDDGabriel/research/engines/o3de/Code/Framework/AzToolsFramework/AzToolsFramework/UI/PropertyEditor/PropertyStringLineEditCtrl.hxx,1,1,2
/media/ullmann/HDDGabriel/research/engines/o3de/Gems/ScriptCanvas/Code/Include/ScriptCanvas/Core/Datum.cpp,2,0,2
/media/ullmann/HDDGabriel/research/engines/o3de/Gems/AWSMetrics/Code/Source/AWSMetricsSystemComponent.cpp,2,0,2
/media/ullmann/HDDGabriel/research/engines/o3de/Gems/LyShine/Code/Editor/UiEditorInternalBus.h,0,2,2
/media/ullmann/HDDGabriel/research/engines/o3de/Gems/EMotionFX/Code/EMotionFX/Tools/EMotionStudio/Plugins/StandardPlugins/Source/AnimGraph/NavigateWidget.h,0,2,2
/media/ullmann/HDDGabriel/research/engines/o3de/Gems/AWSMetrics/Code/Tests/AWSMetricsSystemComponentTest.cpp,1,0,1
/media/ullmann/HDDGabriel/research/engines/o3de/Gems/AWSMetrics/Code/Tests/AWSMetricsGemMock.h,0,4,4
/media/ullmann/HDDGabriel/research/engines/o3de/Gems/Atom/RPI/Code/Source/RPI.Public/ColorManagement/TransformColor.cpp,3,0,3
/media/ullmann/HDDGabriel/research/engines/o3de/Gems/Atom/RPI/Code/Source/RPI.Public/ColorManagement/GeneratedTransforms/LinearSrgb_To_AcesCg.inl,0,1,1
/media/ullmann/HDDGabriel/research/engines/o3de/Gems/EMotionFX/Code/EMotionFX/Tools/EMotionStudio/Plugins/StandardPlugins/Source/TimeView/TrackHeaderWidget.cpp,1,0,1
/media/ullmann/HDDGabriel/research/engines/o3de/Gems/EMotionFX/Code/EMotionFX/Source/BlendTreeFloatConditionNode.cpp,2,0,2
/media/ullmann/HDDGabriel/research/engines/o3de/Gems/Meshlets/Code/Source/MeshletsEditorModule.cpp,2,0,2
/media/ullmann/HDDGabriel/research/engines/o3de/Gems/AudioEngineWwise/Code/Platform/Linux/FileIOHandler_wwise_Platform.h,1,0,1
/media/ullmann/HDDGabriel/research/engines/o3de/Gems/AudioEngineWwise/Code/Platform/Common/Default/FileIOHandler_wwise_Default.h,0,5,5
/media/ullmann/HDDGabriel/research/engines/o3de/Gems/EMotionFX/Code/EMotionFX/Source/BlendTreeBoolLogicNode.cpp,2,0,2
/media/ullmann/HDDGabriel/research/engines/o3de/Gems/EMotionFX/Code/EMotionFX/Tools/EMotionStudio/EMStudioSDK/Source/RemovePluginOnCloseDockWidget.cpp,4,0,4
/media/ullmann/HDDGabriel/research/engines/o3de/Gems/PhysX/Code/Source/ShapeColliderComponent.h,1,2,3
/media/ullmann/HDDGabriel/research/engines/o3de/Gems/PhysX/Code/Source/BaseColliderComponent.h,0,4,4
/media/ullmann/HDDGabriel/research/engines/o3de/Gems/LandscapeCanvas/Code/Source/Editor/Nodes/Shapes/CompoundShapeNode.h,0,2,2
/media/ullmann/HDDGabriel/research/engines/o3de/Gems/LmbrCentral/Code/Source/Shape/EditorQuadShapeComponent.h,2,2,4
/media/ullmann/HDDGabriel/research/engines/o3de/Gems/EMotionFX/Code/EMotionFX/Tools/EMotionStudio/Plugins/StandardPlugins/Source/AnimGraph/AnimGraphPlugin.cpp,15,0,15
/media/ullmann/HDDGabriel/research/engines/o3de/Gems/EMotionFX/Code/EMotionFX/Source/BlendTreePoseSwitchNode.cpp,7,0,7
/media/ullmann/HDDGabriel/research/engines/o3de/Gems/AWSClientAuth/Code/Source/UserManagement/UserManagementNotificationBusBehaviorHandler.h,0,1,1
/media/ullmann/HDDGabriel/research/engines/o3de/Gems/Atom/Feature/Common/Code/Source/PostProcessing/FastDepthAwareBlurPasses.h,0,1,1
/media/ullmann/HDDGabriel/research/engines/o3de/Gems/Atom/Asset/ImageProcessingAtom/External/CubeMapGen/CCubeMapProcessor.h,3,1,4
/media/ullmann/HDDGabriel/research/engines/o3de/Gems/EMotionFX/Code/EMotionFX/CommandSystem/Source/SimulatedObjectCommands.cpp,1,0,1
/media/ullmann/HDDGabriel/research/engines/o3de/Gems/EMotionFX/Code/EMotionFX/CommandSystem/Source/SimulatedObjectCommands_Impl.inl,0,1,1
/media/ullmann/HDDGabriel/research/engines/o3de/Code/Editor/TrackView/TrackViewNodes.h,2,2,4
/media/ullmann/HDDGabriel/research/engines/o3de/Code/Legacy/CryCommon/IFont.h,3,0,3
/media/ullmann/HDDGabriel/research/engines/o3de/Gems/Atom/Asset/Shader/Code/Source/Platform/Linux/ShaderBuilder_Traits_Platform.h,1,0,1
/media/ullmann/HDDGabriel/research/engines/o3de/Gems/Atom/Asset/Shader/Code/Source/Platform/Linux/ShaderBuilder_Traits_Linux.h,0,1,1
/media/ullmann/HDDGabriel/research/engines/o3de/Code/Editor/Plugins/ProjectSettingsTool/ProjectSettingsToolWindow.cpp,10,0,10
/media/ullmann/HDDGabriel/research/engines/o3de/Gems/Terrain/Code/Source/EditorComponents/EditorTerrainHeightGradientListComponent.h,0,1,1
/media/ullmann/HDDGabriel/research/engines/o3de/Gems/Atom/Asset/Shader/Code/Source/Editor/ShaderVariantAssetBuilder.h,1,3,4
/media/ullmann/HDDGabriel/research/engines/o3de/Code/Editor/ErrorRecorder.cpp,3,0,3
/media/ullmann/HDDGabriel/research/engines/o3de/Gems/EMotionFX/Code/EMotionFX/Tools/EMotionStudio/Plugins/StandardPlugins/Source/AnimGraph/NodeConnection.cpp,3,0,3
/media/ullmann/HDDGabriel/research/engines/o3de/Gems/EMotionFX/Code/EMotionFX/Tools/EMotionStudio/Plugins/StandardPlugins/Source/AnimGraph/NodeConnection.h,0,2,2
/media/ullmann/HDDGabriel/research/engines/o3de/Code/Editor/AssetImporter/UI/SelectDestinationDialog.cpp,1,0,1
/media/ullmann/HDDGabriel/research/engines/o3de/Code/Editor/AssetImporter/UI/SelectDestinationDialog.h,0,1,1
/media/ullmann/HDDGabriel/research/engines/o3de/Code/Tools/LuaIDE/Source/LUA/LUAEditorMainWindow.cpp,9,0,9
/media/ullmann/HDDGabriel/research/engines/o3de/Code/Editor/CryEditDoc.h,2,10,12
/media/ullmann/HDDGabriel/research/engines/o3de/Gems/SliceFavorites/Code/Source/SliceFavoritesSystemComponent.cpp,2,0,2
/media/ullmann/HDDGabriel/research/engines/o3de/Code/Editor/WindowObserver_mac.h,0,1,1
/media/ullmann/HDDGabriel/research/engines/o3de/Gems/EMotionFX/Code/EMotionFX/CommandSystem/Source/AnimGraphGroupParameterCommands.cpp,3,0,3
/media/ullmann/HDDGabriel/research/engines/o3de/Gems/EMotionFX/Code/EMotionFX/CommandSystem/Source/AnimGraphParameterCommands.h,1,1,2
/media/ullmann/HDDGabriel/research/engines/o3de/Gems/TextureAtlas/Code/Source/Editor/AtlasBuilderComponent.h,1,2,3
/media/ullmann/HDDGabriel/research/engines/o3de/Gems/TextureAtlas/Code/Source/Editor/AtlasBuilderWorker.h,0,2,2
/media/ullmann/HDDGabriel/research/engines/o3de/Gems/ScriptCanvas/Code/Include/ScriptCanvas/Libraries/Comparison/GreaterEqual.h,0,1,1
/media/ullmann/HDDGabriel/research/engines/o3de/Code/Editor/Lib/Tests/test_EditorPythonBindings.cpp,1,0,1
/media/ullmann/HDDGabriel/research/engines/o3de/Code/Editor/Lib/Tests/IEditorMock.h,0,1,1
/media/ullmann/HDDGabriel/research/engines/o3de/Gems/EMotionFX/Code/EMotionFX/Source/AnimGraphBindPoseNode.cpp,6,0,6
/media/ullmann/HDDGabriel/research/engines/o3de/Gems/EMotionFX/Code/EMotionFX/Source/AnimGraphBindPoseNode.h,2,2,4
/media/ullmann/HDDGabriel/research/engines/o3de/Gems/LyShine/Code/Editor/PivotPresetsWidget.cpp,3,0,3
/media/ullmann/HDDGabriel/research/engines/o3de/Gems/ScriptCanvas/Code/Include/ScriptCanvas/Core/SlotExecutionMap.h,1,2,3
/media/ullmann/HDDGabriel/research/engines/o3de/Gems/LmbrCentral/Code/Source/Shape/PolygonPrismShape.h,0,3,3
/media/ullmann/HDDGabriel/research/engines/o3de/Gems/ScriptCanvas/Code/Include/ScriptCanvas/Libraries/Deprecated/UnitTesting/ExpectFalse.cpp,1,0,1
/media/ullmann/HDDGabriel/research/engines/o3de/Gems/ScriptCanvas/Code/Include/ScriptCanvas/Libraries/Deprecated/UnitTesting/ExpectFalse.h,0,1,1
/media/ullmann/HDDGabriel/research/engines/o3de/Gems/EMotionFX/Code/Tests/AnimGraphTransitionConditionFixture.cpp,1,0,1
/media/ullmann/HDDGabriel/research/engines/o3de/Gems/EMotionFX/Code/EMotionFX/Source/BlendTreePoseSwitchNode.h,2,1,3
/media/ullmann/HDDGabriel/research/engines/o3de/Gems/ScriptCanvas/Code/Editor/GraphCanvas/Components/NodeDescriptors/FunctionDefinitionNodeDescriptorComponent.cpp,1,0,1
/media/ullmann/HDDGabriel/research/engines/o3de/Gems/ScriptCanvas/Code/Editor/GraphCanvas/Components/NodeDescriptors/FunctionDefinitionNodeDescriptorComponent.h,1,1,2
/media/ullmann/HDDGabriel/research/engines/o3de/Gems/LyShine/Code/Editor/RecentFiles.h,0,1,1
/media/ullmann/HDDGabriel/research/engines/o3de/Gems/AudioEngineWwise/Code/Platform/iOS/AkPlatformFuncs_Platform.h,1,0,1
/media/ullmann/HDDGabriel/research/engines/o3de/Gems/AudioSystem/Code/Source/Engine/AudioSystem.h,1,1,2
/media/ullmann/HDDGabriel/research/engines/o3de/Gems/EMotionFX/Code/EMotionFX/Source/Parameter/IntParameter.cpp,1,0,1
/media/ullmann/HDDGabriel/research/engines/o3de/Gems/EMotionFX/Code/EMotionFX/Source/Parameter/IntParameter.h,1,3,4
/media/ullmann/HDDGabriel/research/engines/o3de/Code/Legacy/CryCommon/ILevelSystem.h,1,0,1
/media/ullmann/HDDGabriel/research/engines/o3de/Code/Legacy/CryCommon/IXml.h,2,4,6
/media/ullmann/HDDGabriel/research/engines/o3de/Code/Editor/EditorPreferencesPageAWS.h,1,3,4
/media/ullmann/HDDGabriel/research/engines/o3de/Gems/TextureAtlas/Code/Source/TextureAtlasModule.cpp,2,0,2
/media/ullmann/HDDGabriel/research/engines/o3de/Gems/TextureAtlas/Code/Source/TextureAtlasSystemComponent.h,0,2,2
/media/ullmann/HDDGabriel/research/engines/o3de/Gems/Vegetation/Code/Tests/VegetationComponentFilterTests.cpp,2,0,2
/media/ullmann/HDDGabriel/research/engines/o3de/Gems/EMotionFX/Code/EMotionFX/Source/Parameter/DefaultValueParameter.h,1,3,4
/media/ullmann/HDDGabriel/research/engines/o3de/Code/Tools/ProjectManager/Source/PythonBindings.h,1,4,5
/media/ullmann/HDDGabriel/research/engines/o3de/Gems/LyShine/Code/Editor/CommandCanvasSizeToolbarIndex.h,0,1,1
/media/ullmann/HDDGabriel/research/engines/o3de/Gems/PythonAssetBuilder/Code/Source/PythonAssetBuilderModule.cpp,1,0,1
/media/ullmann/HDDGabriel/research/engines/o3de/Gems/ScriptCanvas/Code/Include/ScriptCanvas/Grammar/Primitives.cpp,3,0,3
/media/ullmann/HDDGabriel/research/engines/o3de/Gems/ImGui/Code/Source/LYCommonMenu/ImGuiLYAssetExplorer.cpp,1,0,1
/media/ullmann/HDDGabriel/research/engines/o3de/Gems/ImGui/Code/Source/LYCommonMenu/ImGuiLYAssetExplorer.h,0,2,2
/media/ullmann/HDDGabriel/research/engines/o3de/Gems/EMotionFX/Code/MCore/Source/File.h,2,2,4
/media/ullmann/HDDGabriel/research/engines/o3de/Code/Editor/ConsoleDialog.h,0,2,2
/media/ullmann/HDDGabriel/research/engines/o3de/Gems/Atom/RHI/Code/Tests/DrawPacketTests.cpp,1,0,1
/media/ullmann/HDDGabriel/research/engines/o3de/Gems/Stars/Code/Source/EditorStarsComponent.h,1,2,3
/media/ullmann/HDDGabriel/research/engines/o3de/Gems/LmbrCentral/Code/Source/Builders/CopyDependencyBuilder/SchemaBuilderWorker/SchemaUtils.cpp,1,0,1
/media/ullmann/HDDGabriel/research/engines/o3de/Gems/LmbrCentral/Code/Source/Builders/CopyDependencyBuilder/SchemaBuilderWorker/SchemaUtils.h,0,2,2
/media/ullmann/HDDGabriel/research/engines/o3de/Gems/Profiler/Code/Source/ImGuiCpuProfiler.cpp,2,0,2
/media/ullmann/HDDGabriel/research/engines/o3de/Gems/LmbrCentral/Code/Platform/Windows/LmbrCentral_Traits_Platform.h,1,0,1
/media/ullmann/HDDGabriel/research/engines/o3de/Gems/LmbrCentral/Code/Platform/Windows/LmbrCentral_Traits_Windows.h,0,1,1
/media/ullmann/HDDGabriel/research/engines/o3de/Templates/DefaultGem/Template/Code/Source/Tools/${Name}EditorModule.cpp,1,0,1
/media/ullmann/HDDGabriel/research/engines/o3de/Templates/DefaultGem/Template/Code/Source/Tools/${Name}EditorSystemComponent.h,0,2,2
/media/ullmann/HDDGabriel/research/engines/o3de/Gems/EMotionFX/Code/EMotionFX/Source/DualQuatSkinDeformer.cpp,9,0,9
/media/ullmann/HDDGabriel/research/engines/o3de/Gems/AtomLyIntegration/AtomFont/Code/Source/Module.cpp,1,0,1
/media/ullmann/HDDGabriel/research/engines/o3de/Gems/AtomLyIntegration/AtomFont/Code/Source/AtomFontSystemComponent.h,0,2,2
/media/ullmann/HDDGabriel/research/engines/o3de/Gems/Gestures/Code/Tests/GestureRecognizerClickOrTapTests.cpp,1,0,1
/media/ullmann/HDDGabriel/research/engines/o3de/Gems/Atom/Asset/Shader/Code/Source/Editor/SrgLayoutUtility.cpp,1,0,1
/media/ullmann/HDDGabriel/research/engines/o3de/Gems/Stars/Code/Source/EditorStarsModule.cpp,3,0,3
/media/ullmann/HDDGabriel/research/engines/o3de/Gems/Stars/Code/Source/StarsModule.h,2,2,4
/media/ullmann/HDDGabriel/research/engines/o3de/Gems/Camera/Code/Source/CameraComponent.cpp,1,0,1
/media/ullmann/HDDGabriel/research/engines/o3de/Gems/Camera/Code/Source/CameraComponent.h,1,4,5
/media/ullmann/HDDGabriel/research/engines/o3de/Code/Tools/AssetProcessor/native/resourcecompiler/rccontroller.h,3,2,5
/media/ullmann/HDDGabriel/research/engines/o3de/Code/Tools/AssetProcessor/native/resourcecompiler/rcjoblistmodel.h,2,3,5
/media/ullmann/HDDGabriel/research/engines/o3de/Gems/LyShine/Code/Source/Animation/BoolTrack.h,1,4,5
/media/ullmann/HDDGabriel/research/engines/o3de/Gems/LyShine/Code/Editor/UndoStack.h,0,1,1
/media/ullmann/HDDGabriel/research/engines/o3de/Gems/Meshlets/Code/Source/MeshletsEditorSystemComponent.cpp,1,0,1
/media/ullmann/HDDGabriel/research/engines/o3de/Gems/AudioSystem/Code/Source/Editor/ImplementationManager.cpp,3,0,3
/media/ullmann/HDDGabriel/research/engines/o3de/Gems/ScriptCanvas/Code/Include/ScriptCanvas/Core/Contracts/SupportsMethodContract.cpp,1,0,1
/media/ullmann/HDDGabriel/research/engines/o3de/Gems/ScriptCanvas/Code/Include/ScriptCanvas/Core/Contracts/SupportsMethodContract.h,0,2,2
/media/ullmann/HDDGabriel/research/engines/o3de/Gems/EMotionFX/Code/EMotionFX/Tools/EMotionStudio/EMStudioSDK/Source/NodeHierarchyWidget.cpp,2,0,2
/media/ullmann/HDDGabriel/research/engines/o3de/Gems/EMotionFX/Code/EMotionFX/Tools/EMotionStudio/EMStudioSDK/Source/NodeHierarchyWidget.h,1,2,3
/media/ullmann/HDDGabriel/research/engines/o3de/Code/Editor/TrackView/TrackViewNodes.cpp,1,0,1
/media/ullmann/HDDGabriel/research/engines/o3de/Gems/Gestures/Code/Source/InputChannelGestureClickOrTap.h,1,2,3
/media/ullmann/HDDGabriel/research/engines/o3de/Gems/EMotionFX/Code/EMotionFX/Source/SubMesh.h,2,4,6
/media/ullmann/HDDGabriel/research/engines/o3de/Gems/LyShine/Code/Editor/CommandCanvasPropertiesChange.h,0,1,1
/media/ullmann/HDDGabriel/research/engines/o3de/Code/Legacy/CrySystem/XConsoleVariable.h,0,2,2
/media/ullmann/HDDGabriel/research/engines/o3de/Code/Framework/AzCore/Tests/AZStd/Atomics.cpp,1,0,1
/media/ullmann/HDDGabriel/research/engines/o3de/Gems/Vegetation/Code/Source/Editor/EditorAreaBlenderComponent.cpp,1,0,1
/media/ullmann/HDDGabriel/research/engines/o3de/Code/Editor/UndoDropDown.cpp,3,0,3
/media/ullmann/HDDGabriel/research/engines/o3de/Gems/ScriptEvents/Code/Include/ScriptEvents/Internal/BehaviorContextBinding/ScriptEventMethod.h,0,1,1
/media/ullmann/HDDGabriel/research/engines/o3de/Gems/Atom/RPI/Code/Source/Platform/Linux/Atom_RPI_Traits_Platform.h,1,0,1
/media/ullmann/HDDGabriel/research/engines/o3de/Gems/Atom/RPI/Code/Source/Platform/Linux/Atom_RPI_Traits_Linux.h,0,1,1
/media/ullmann/HDDGabriel/research/engines/o3de/Gems/ScriptCanvas/Code/Include/ScriptCanvas/Libraries/Math/MathExpression.cpp,1,0,1
/media/ullmann/HDDGabriel/research/engines/o3de/Gems/ScriptCanvas/Code/Include/ScriptCanvas/Libraries/Math/MathExpression.h,0,1,1
/media/ullmann/HDDGabriel/research/engines/o3de/Code/Tools/LuaIDE/Source/LUA/LUAEditorFindDialog.cpp,4,0,4
/media/ullmann/HDDGabriel/research/engines/o3de/Code/Editor/ToolbarManager.cpp,7,0,7
/media/ullmann/HDDGabriel/research/engines/o3de/Gems/Maestro/Code/Source/Cinematics/CaptureTrack.h,1,3,4
/media/ullmann/HDDGabriel/research/engines/o3de/Code/Editor/Include/ISourceControl.h,1,1,2
/media/ullmann/HDDGabriel/research/engines/o3de/Code/Editor/Include/IEditorClassFactory.h,1,3,4
/media/ullmann/HDDGabriel/research/engines/o3de/Gems/LyShine/Code/Editor/SlicerView.h,0,1,1
/media/ullmann/HDDGabriel/research/engines/o3de/Code/Tools/ProjectManager/Source/AddRemoteProjectDialog.cpp,4,0,4
/media/ullmann/HDDGabriel/research/engines/o3de/Gems/LyShine/Code/Editor/Animation/UiAnimViewSequence.cpp,8,0,8
/media/ullmann/HDDGabriel/research/engines/o3de/Code/Tools/LuaIDE/Source/LUA/LUABreakpointTrackerMessages.cpp,1,0,1
/media/ullmann/HDDGabriel/research/engines/o3de/Gems/EMotionFX/Code/EMotionFX/Source/MorphMeshDeformer.cpp,8,0,8
/media/ullmann/HDDGabriel/research/engines/o3de/Code/Editor/Plugin.h,2,1,3
/media/ullmann/HDDGabriel/research/engines/o3de/Code/Editor/Util/GuidUtil.h,0,2,2
/media/ullmann/HDDGabriel/research/engines/o3de/Code/Tools/AssetProcessor/native/ui/SourceAssetTreeModel.cpp,2,0,2
/media/ullmann/HDDGabriel/research/engines/o3de/Gems/PhysX/Code/Tests/PhysXColliderComponentModeTests.cpp,1,0,1
/media/ullmann/HDDGabriel/research/engines/o3de/Gems/PhysX/Code/Tests/TestColliderComponent.h,0,2,2
/media/ullmann/HDDGabriel/research/engines/o3de/Code/Legacy/CrySystem/AZCrySystemInitLogSink.h,0,2,2
/media/ullmann/HDDGabriel/research/engines/o3de/Gems/AWSGameLift/Code/AWSGameLiftServer/Source/AWSGameLiftServerSystemComponent.cpp,2,0,2
/media/ullmann/HDDGabriel/research/engines/o3de/Gems/AWSGameLift/Code/AWSGameLiftServer/Source/AWSGameLiftServerSystemComponent.h,0,2,2
/media/ullmann/HDDGabriel/research/engines/o3de/Gems/Terrain/Code/Source/Components/TerrainWorldRendererComponent.h,0,1,1
/media/ullmann/HDDGabriel/research/engines/o3de/Gems/GraphCanvas/Code/Source/Translation/TranslationBuilder.cpp,2,0,2
/media/ullmann/HDDGabriel/research/engines/o3de/Gems/GraphCanvas/Code/Source/Translation/TranslationAsset.h,1,2,3
/media/ullmann/HDDGabriel/research/engines/o3de/Gems/Meshlets/Code/Source/Meshlets/SharedBuffer.cpp,1,0,1
/media/ullmann/HDDGabriel/research/engines/o3de/Gems/LyShine/Code/Editor/ViewportAnchor.cpp,1,0,1
/media/ullmann/HDDGabriel/research/engines/o3de/Gems/EMotionFX/Code/EMotionFX/Source/Constraint.h,1,1,2
/media/ullmann/HDDGabriel/research/engines/o3de/Gems/ScriptCanvas/Code/Include/ScriptCanvas/Libraries/Deprecated/Operators/Containers/OperatorErase.cpp,1,0,1
/media/ullmann/HDDGabriel/research/engines/o3de/Gems/ScriptCanvas/Code/Include/ScriptCanvas/Libraries/Deprecated/Operators/Containers/OperatorErase.h,1,1,2
/media/ullmann/HDDGabriel/research/engines/o3de/Gems/Maestro/Code/Source/MaestroModule.cpp,5,0,5
/media/ullmann/HDDGabriel/research/engines/o3de/Gems/Maestro/Code/Source/Components/SequenceAgentComponent.h,1,3,4
/media/ullmann/HDDGabriel/research/engines/o3de/Code/Framework/AzCore/Platform/Windows/AzCore/Math/Random_Windows.cpp,1,0,1
/media/ullmann/HDDGabriel/research/engines/o3de/Code/Framework/AzCore/Platform/Windows/AzCore/Math/Random_Windows.h,0,1,1
/media/ullmann/HDDGabriel/research/engines/o3de/Gems/LandscapeCanvas/Code/Source/Editor/Nodes/GradientModifiers/ThresholdGradientModifierNode.h,0,2,2
/media/ullmann/HDDGabriel/research/engines/o3de/Code/Framework/AzQtComponents/AzQtComponents/Gallery/ColorLabelPage.cpp,1,0,1
/media/ullmann/HDDGabriel/research/engines/o3de/Code/Framework/AzQtComponents/AzQtComponents/Gallery/ColorLabelPage.h,0,2,2
/media/ullmann/HDDGabriel/research/engines/o3de/Gems/EMotionFX/Code/EMotionFX/Source/MotionInstancePool.h,2,5,7
/media/ullmann/HDDGabriel/research/engines/o3de/Code/Framework/AzManipulatorTestFramework/Tests/GridSnappingTest.cpp,1,0,1
/media/ullmann/HDDGabriel/research/engines/o3de/Gems/Atom/RHI/DX12/Code/Source/RHI/AttachmentImagePool.cpp,3,0,3
/media/ullmann/HDDGabriel/research/engines/o3de/Gems/Atom/RHI/DX12/Code/Source/RHI/Device.h,0,1,1
/media/ullmann/HDDGabriel/research/engines/o3de/Gems/Multiplayer/Code/Tests/MultiplayerSystemTests.cpp,5,0,5
/media/ullmann/HDDGabriel/research/engines/o3de/Gems/Multiplayer/Code/Tests/IMultiplayerConnectionMock.h,0,2,2
/media/ullmann/HDDGabriel/research/engines/o3de/Code/Framework/AzToolsFramework/AzToolsFramework/Slice/SliceDataFlagsCommand.cpp,1,0,1
/media/ullmann/HDDGabriel/research/engines/o3de/Code/Framework/AzToolsFramework/AzToolsFramework/Slice/SliceDataFlagsCommand.h,0,1,1
/media/ullmann/HDDGabriel/research/engines/o3de/Gems/RecastNavigation/Code/Tests/NavigationMeshTest.cpp,1,0,1
/media/ullmann/HDDGabriel/research/engines/o3de/Gems/RecastNavigation/Code/Tests/MockInterfaces.h,0,2,2
/media/ullmann/HDDGabriel/research/engines/o3de/Gems/LyShine/Code/Source/UiDynamicScrollBoxComponent.cpp,4,0,4
/media/ullmann/HDDGabriel/research/engines/o3de/Gems/AtomLyIntegration/CommonFeatures/Code/Source/PostProcess/Ssao/SsaoComponent.h,0,1,1
/media/ullmann/HDDGabriel/research/engines/o3de/Code/Legacy/CrySystem/LocalizedStringManager.cpp,3,0,3
/media/ullmann/HDDGabriel/research/engines/o3de/Gems/EMotionFX/Code/EMotionFX/Tools/EMotionStudio/Plugins/StandardPlugins/Source/SceneManager/MirrorSetupWindow.h,1,2,3
/media/ullmann/HDDGabriel/research/engines/o3de/Code/Legacy/CryCommon/smartptr.h,1,4,5
/media/ullmann/HDDGabriel/research/engines/o3de/Gems/LandscapeCanvas/Code/Source/Editor/Nodes/Gradients/GradientBakerNode.cpp,1,0,1
/media/ullmann/HDDGabriel/research/engines/o3de/Gems/LandscapeCanvas/Code/Source/Editor/Nodes/Gradients/GradientBakerNode.h,0,2,2
/media/ullmann/HDDGabriel/research/engines/o3de/Code/Editor/ErrorReportTableModel.cpp,3,0,3
/media/ullmann/HDDGabriel/research/engines/o3de/Gems/LmbrCentral/Code/Source/Shape/CylinderShapeComponent.cpp,1,0,1
/media/ullmann/HDDGabriel/research/engines/o3de/Gems/EMotionFX/Code/EMotionFX/Source/VertexAttributeLayer.h,2,4,6
/media/ullmann/HDDGabriel/research/engines/o3de/Gems/EMotionFX/Code/EMotionFX/Tools/EMotionStudio/Plugins/StandardPlugins/Source/AnimGraph/GraphNode.cpp,3,0,3
/media/ullmann/HDDGabriel/research/engines/o3de/Gems/EMotionFX/Code/MCore/Source/IDGenerator.h,3,2,5
/media/ullmann/HDDGabriel/research/engines/o3de/Gems/EMotionFX/Code/EMotionFX/Source/BlendTreeVector2DecomposeNode.h,2,1,3
/media/ullmann/HDDGabriel/research/engines/o3de/Gems/LyShine/Code/Editor/FindEntityWidget.cpp,3,0,3
/media/ullmann/HDDGabriel/research/engines/o3de/Gems/LyShine/Code/Editor/FindEntitySortFilterProxyModel.h,0,2,2
/media/ullmann/HDDGabriel/research/engines/o3de/Gems/LyShine/Code/Editor/Animation/Controls/UiTimelineCtrl.h,1,0,1
/media/ullmann/HDDGabriel/research/engines/o3de/Gems/LyShine/Code/Editor/Animation/Controls/UiSplineCtrlEx.h,1,2,3
/media/ullmann/HDDGabriel/research/engines/o3de/Code/Editor/LevelFileDialog.h,0,4,4
/media/ullmann/HDDGabriel/research/engines/o3de/Gems/EMotionFX/Code/EMotionFX/Tools/EMotionStudio/Plugins/StandardPlugins/Source/AnimGraph/NodePaletteWidget.cpp,3,0,3
/media/ullmann/HDDGabriel/research/engines/o3de/Gems/NvCloth/Code/Source/Module.cpp,7,0,7
/media/ullmann/HDDGabriel/research/engines/o3de/Gems/NvCloth/Code/Source/System/FabricCooker.h,0,1,1
/media/ullmann/HDDGabriel/research/engines/o3de/Code/Tools/ProjectManager/Source/TextOverflowWidget.cpp,3,0,3
/media/ullmann/HDDGabriel/research/engines/o3de/Code/Tools/ProjectManager/Source/TextOverflowWidget.h,0,2,2
/media/ullmann/HDDGabriel/research/engines/o3de/Gems/Meshlets/Code/Source/Meshlets/SharedBufferInterface.h,0,1,1
/media/ullmann/HDDGabriel/research/engines/o3de/Gems/Vegetation/Code/Tests/VegetationComponentDescriptorTests.cpp,2,0,2
/media/ullmann/HDDGabriel/research/engines/o3de/Gems/AWSMetrics/Code/Tests/MetricsQueueTest.cpp,1,0,1
/media/ullmann/HDDGabriel/research/engines/o3de/Gems/ScriptCanvas/Code/Include/ScriptCanvas/Core/Contracts/MethodOverloadContract.h,0,2,2
/media/ullmann/HDDGabriel/research/engines/o3de/Code/Tools/LuaIDE/Source/LUA/LUAEditorContext.cpp,6,0,6
/media/ullmann/HDDGabriel/research/engines/o3de/Code/Tools/LuaIDE/Source/LUA/LUAWatchesDebuggerMessages.h,0,3,3
/media/ullmann/HDDGabriel/research/engines/o3de/Code/Framework/AzToolsFramework/AzToolsFramework/UI/Logging/StyledLogPanel.h,3,2,5
/media/ullmann/HDDGabriel/research/engines/o3de/Gems/Terrain/Code/Source/EditorSurfaceTagListProvider.cpp,1,0,1
/media/ullmann/HDDGabriel/research/engines/o3de/Gems/Terrain/Code/Source/EditorSurfaceTagListProvider.h,0,1,1
/media/ullmann/HDDGabriel/research/engines/o3de/Gems/GraphCanvas/Code/Source/Components/PersistentIdComponent.h,0,2,2
/media/ullmann/HDDGabriel/research/engines/o3de/Gems/LyShine/Code/Source/UiCheckboxComponent.h,1,4,5
/media/ullmann/HDDGabriel/research/engines/o3de/Gems/AtomLyIntegration/CommonFeatures/Code/Source/Mesh/EditorMeshSystemComponent.h,0,1,1
/media/ullmann/HDDGabriel/research/engines/o3de/Code/Editor/SettingsManager.h,0,3,3
/media/ullmann/HDDGabriel/research/engines/o3de/Gems/ScriptCanvas/Code/Include/ScriptCanvas/Core/Contracts/DisplayGroupConnectedSlotLimitContract.h,0,2,2
/media/ullmann/HDDGabriel/research/engines/o3de/Code/Editor/Plugins/ProjectSettingsTool/Utils.h,0,4,4
/media/ullmann/HDDGabriel/research/engines/o3de/Gems/AtomLyIntegration/EMotionFXAtom/Code/Source/AtomBackend.cpp,3,0,3
/media/ullmann/HDDGabriel/research/engines/o3de/Gems/AtomLyIntegration/EMotionFXAtom/Code/Source/AtomBackend.h,0,2,2
/media/ullmann/HDDGabriel/research/engines/o3de/Gems/LmbrCentral/Code/Source/Shape/PolygonPrismShape.cpp,1,0,1
/media/ullmann/HDDGabriel/research/engines/o3de/Gems/MotionMatching/Code/Source/BlendTreeMotionMatchNode.h,4,2,6
/media/ullmann/HDDGabriel/research/engines/o3de/Code/Editor/TrackView/TrackViewCurveEditor.h,3,2,5
/media/ullmann/HDDGabriel/research/engines/o3de/Code/Tools/AssetProcessor/AssetBuilder/main.cpp,3,0,3
/media/ullmann/HDDGabriel/research/engines/o3de/Gems/VirtualGamepad/Code/Source/InputDeviceVirtualGamepad.cpp,3,0,3
/media/ullmann/HDDGabriel/research/engines/o3de/Gems/EMotionFX/Code/EMotionFX/Tools/EMotionStudio/EMStudioSDK/Source/MotionEventPresetManager.h,1,1,2
/media/ullmann/HDDGabriel/research/engines/o3de/Code/Framework/AzToolsFramework/Tests/ComponentModeTestFixture.cpp,2,0,2
/media/ullmann/HDDGabriel/research/engines/o3de/Code/Framework/AzToolsFramework/Tests/ComponentModeTestDoubles.h,0,3,3
/media/ullmann/HDDGabriel/research/engines/o3de/Gems/EMotionFX/Code/EMotionFX/Source/ConstraintTransform.h,3,1,4
/media/ullmann/HDDGabriel/research/engines/o3de/Gems/EMotionFX/Code/EMotionFX/Tools/EMotionStudio/EMStudioSDK/Source/PreferencesWindow.cpp,1,0,1
/media/ullmann/HDDGabriel/research/engines/o3de/Gems/EMotionFX/Code/EMotionFX/Tools/EMotionStudio/EMStudioSDK/Source/PreferencesWindow.h,0,1,1
/media/ullmann/HDDGabriel/research/engines/o3de/Gems/AtomTressFX/External/Code/src/SDF.cpp,2,0,2
/media/ullmann/HDDGabriel/research/engines/o3de/Gems/AtomTressFX/External/Code/src/SDF.h,0,3,3
/media/ullmann/HDDGabriel/research/engines/o3de/Code/Tools/ProjectManager/Source/ProjectGemCatalogScreen.h,1,4,5
/media/ullmann/HDDGabriel/research/engines/o3de/Gems/Maestro/Code/Source/Components/EditorSequenceAgentComponent.cpp,2,0,2
/media/ullmann/HDDGabriel/research/engines/o3de/Gems/Maestro/Code/Source/Components/EditorSequenceAgentComponent.h,1,3,4
/media/ullmann/HDDGabriel/research/engines/o3de/Gems/LyShine/Code/Tests/SerializationTest.cpp,1,0,1
/media/ullmann/HDDGabriel/research/engines/o3de/Gems/LyShine/Code/Tests/LyShineTest.h,0,7,7
/media/ullmann/HDDGabriel/research/engines/o3de/Gems/Atom/Asset/ImageProcessingAtom/Code/Source/Processing/ImageToProcess.h,0,2,2
/media/ullmann/HDDGabriel/research/engines/o3de/Code/Editor/ToolBox.h,1,7,8
/media/ullmann/HDDGabriel/research/engines/o3de/Gems/EMotionFX/Code/EMotionFX/Source/Node.cpp,3,0,3
/media/ullmann/HDDGabriel/research/engines/o3de/Code/Editor/Util/XmlArchive.cpp,2,0,2
/media/ullmann/HDDGabriel/research/engines/o3de/Code/Editor/Util/XmlArchive.h,2,3,5
/media/ullmann/HDDGabriel/research/engines/o3de/Code/Framework/AzQtComponents/AzQtComponents/Gallery/TableViewPage.h,0,2,2
/media/ullmann/HDDGabriel/research/engines/o3de/Gems/GradientSignal/Code/Source/Editor/EditorInvertGradientComponent.cpp,1,0,1
/media/ullmann/HDDGabriel/research/engines/o3de/Gems/GradientSignal/Code/Source/Editor/EditorInvertGradientComponent.h,0,2,2
/media/ullmann/HDDGabriel/research/engines/o3de/Gems/LandscapeCanvas/Code/Source/Editor/Nodes/Gradients/SlopeGradientNode.h,0,2,2
/media/ullmann/HDDGabriel/research/engines/o3de/Gems/TestAssetBuilder/Code/Source/TestAssetBuilderModule.cpp,3,0,3
/media/ullmann/HDDGabriel/research/engines/o3de/Gems/TestAssetBuilder/Code/Source/Builder/TestIntermediateAssetBuilderComponent.h,0,1,1
/media/ullmann/HDDGabriel/research/engines/o3de/Gems/Atom/Asset/ImageProcessingAtom/Code/Source/Editor/TexturePreviewWidget.cpp,1,0,1
/media/ullmann/HDDGabriel/research/engines/o3de/Gems/Atom/Asset/ImageProcessingAtom/Code/Source/Editor/TexturePreviewWidget.h,0,1,1
/media/ullmann/HDDGabriel/research/engines/o3de/Code/Framework/AzFramework/Platform/Common/Default/AzFramework/Process/ProcessCommunicator_Default.cpp,1,0,1
/media/ullmann/HDDGabriel/research/engines/o3de/Code/Framework/AzFramework/Platform/Common/Default/AzFramework/Process/ProcessCommon_Default.h,0,1,1
/media/ullmann/HDDGabriel/research/engines/o3de/Code/Tools/LuaIDE/Source/LUA/DebugAttachmentButton.hxx,1,2,3
/media/ullmann/HDDGabriel/research/engines/o3de/Code/Tools/LuaIDE/Source/LUA/LUAContextControlMessages.h,0,2,2
/media/ullmann/HDDGabriel/research/engines/o3de/Gems/ScriptCanvasTesting/Code/Source/ScriptCanvasTestingSystemComponent.cpp,4,0,4
/media/ullmann/HDDGabriel/research/engines/o3de/Gems/ScriptCanvasTesting/Code/Source/ScriptCanvasTestBus.h,0,2,2
/media/ullmann/HDDGabriel/research/engines/o3de/Gems/EMotionFX/Code/EMotionFX/Tools/EMotionStudio/EMStudioSDK/Source/PluginManager.h,2,2,4
/media/ullmann/HDDGabriel/research/engines/o3de/Gems/GradientSignal/Code/Source/UI/GradientPreviewDataWidget.cpp,1,0,1
/media/ullmann/HDDGabriel/research/engines/o3de/Gems/GradientSignal/Code/Source/UI/GradientPreviewDataWidget.h,0,2,2
/media/ullmann/HDDGabriel/research/engines/o3de/Gems/ScriptCanvas/Code/Include/ScriptCanvas/Core/Node.cpp,2,0,2
/media/ullmann/HDDGabriel/research/engines/o3de/Gems/ScriptCanvas/Code/Include/ScriptCanvas/Core/Graph.h,0,2,2
/media/ullmann/HDDGabriel/research/engines/o3de/Code/Framework/AzQtComponents/AzQtComponents/Gallery/SpinBoxPage.h,0,2,2
/media/ullmann/HDDGabriel/research/engines/o3de/Code/Editor/EditorViewportWidget.h,6,3,9
/media/ullmann/HDDGabriel/research/engines/o3de/Code/Editor/MainStatusBarItems.h,1,1,2
/media/ullmann/HDDGabriel/research/engines/o3de/Gems/BarrierInput/Code/Source/BarrierInputMouse.cpp,1,0,1
/media/ullmann/HDDGabriel/research/engines/o3de/Gems/BarrierInput/Code/Source/BarrierInputMouse.h,0,2,2
/media/ullmann/HDDGabriel/research/engines/o3de/Gems/Atom/Asset/Shader/Code/Source/Editor/ShaderVariantAssetBuilder.cpp,9,0,9
/media/ullmann/HDDGabriel/research/engines/o3de/Gems/EMotionFX/Code/EMotionFX/Source/AnimGraphRefCountedDataPool.cpp,1,0,1
/media/ullmann/HDDGabriel/research/engines/o3de/Code/Framework/AzToolsFramework/AzToolsFramework/Commands/DetachSubSliceInstanceCommand.cpp,1,0,1
/media/ullmann/HDDGabriel/research/engines/o3de/Code/Framework/AzToolsFramework/AzToolsFramework/Commands/DetachSubSliceInstanceCommand.h,0,1,1
/media/ullmann/HDDGabriel/research/engines/o3de/Gems/Atom/Asset/Shader/Code/Source/Platform/Windows/ShaderBuilder_Traits_Platform.h,1,0,1
/media/ullmann/HDDGabriel/research/engines/o3de/Gems/Atom/Asset/Shader/Code/Source/Platform/Windows/ShaderBuilder_Traits_Windows.h,0,1,1
/media/ullmann/HDDGabriel/research/engines/o3de/Gems/FastNoise/Code/Source/EditorFastNoiseGradientComponent.cpp,1,0,1
/media/ullmann/HDDGabriel/research/engines/o3de/Gems/AudioSystem/Code/Source/Editor/AudioControlsEditorWindow.cpp,9,0,9
/media/ullmann/HDDGabriel/research/engines/o3de/Code/Tools/ProjectManager/Source/TagWidget.h,0,4,4
/media/ullmann/HDDGabriel/research/engines/o3de/Gems/AtomLyIntegration/CommonFeatures/Code/Source/PostProcess/ShapeWeightModifier/EditorShapeWeightModifierComponent.h,0,1,1
/media/ullmann/HDDGabriel/research/engines/o3de/Gems/EMotionFX/Code/MCore/Source/Random.h,1,1,2
/media/ullmann/HDDGabriel/research/engines/o3de/Gems/Maestro/Code/Source/Cinematics/ConsoleTrack.h,1,3,4
/media/ullmann/HDDGabriel/research/engines/o3de/Gems/LmbrCentral/Code/Source/Builders/CopyDependencyBuilder/CfgBuilderWorker/CfgBuilderWorker.h,0,2,2
/media/ullmann/HDDGabriel/research/engines/o3de/Code/Framework/AzFramework/AzFramework/StreamingInstall/StreamingInstall.h,1,1,2
/media/ullmann/HDDGabriel/research/engines/o3de/Code/Framework/AzFramework/AzFramework/StreamingInstall/StreamingInstallRequests.h,0,1,1
/media/ullmann/HDDGabriel/research/engines/o3de/Gems/LandscapeCanvas/Code/Source/Editor/Nodes/Shapes/CapsuleShapeNode.cpp,1,0,1
/media/ullmann/HDDGabriel/research/engines/o3de/Gems/LandscapeCanvas/Code/Source/Editor/Nodes/Shapes/CapsuleShapeNode.h,0,2,2
/media/ullmann/HDDGabriel/research/engines/o3de/Gems/Atom/Feature/Common/Code/Source/ReflectionScreenSpace/ReflectionScreenSpaceBlurChildPass.cpp,1,0,1
/media/ullmann/HDDGabriel/research/engines/o3de/Code/Editor/GenericSelectItemDialog.cpp,2,0,2
/media/ullmann/HDDGabriel/research/engines/o3de/Gems/LmbrCentral/Code/Source/Ai/NavigationSystemComponent.h,0,2,2
/media/ullmann/HDDGabriel/research/engines/o3de/Gems/Meshlets/Code/Source/Meshlets/MeshletsFeatureProcessor.cpp,2,0,2
/media/ullmann/HDDGabriel/research/engines/o3de/Gems/WhiteBox/Code/Source/WhiteBoxSystemComponent.cpp,3,0,3
/media/ullmann/HDDGabriel/research/engines/o3de/Gems/WhiteBox/Code/Source/Asset/WhiteBoxMeshAssetHandler.h,0,3,3
/media/ullmann/HDDGabriel/research/engines/o3de/Gems/LyShine/Code/Source/UiDropdownComponent.cpp,2,0,2
/media/ullmann/HDDGabriel/research/engines/o3de/Code/Tools/LuaIDE/Source/LUA/WatchesPanel.hxx,3,2,5
/media/ullmann/HDDGabriel/research/engines/o3de/Code/Framework/AzQtComponents/AzQtComponents/Gallery/TypographyPage.cpp,1,0,1
/media/ullmann/HDDGabriel/research/engines/o3de/Gems/Atom/Feature/Common/Code/Source/PostProcessing/SMAABlendingWeightCalculationPass.h,0,1,1
/media/ullmann/HDDGabriel/research/engines/o3de/Code/Editor/ToolbarCustomizationDialog.h,1,2,3
/media/ullmann/HDDGabriel/research/engines/o3de/Gems/Maestro/Code/Source/Cinematics/CommentNode.cpp,3,0,3
/media/ullmann/HDDGabriel/research/engines/o3de/Gems/LyShine/Code/Editor/CommandHierarchyItemCreateFromData.cpp,1,0,1
/media/ullmann/HDDGabriel/research/engines/o3de/Gems/AudioSystem/Code/Source/Engine/AudioSystem.cpp,3,0,3
/media/ullmann/HDDGabriel/research/engines/o3de/Gems/EMotionFX/Code/EMotionFX/Tools/EMotionStudio/Plugins/StandardPlugins/Source/AnimGraph/AnimGraphModel.h,0,1,1
/media/ullmann/HDDGabriel/research/engines/o3de/Code/Tools/ProjectManager/Source/EngineScreenCtrl.h,1,2,3
/media/ullmann/HDDGabriel/research/engines/o3de/Gems/Meshlets/Code/Source/MeshletsModule.cpp,2,0,2
/media/ullmann/HDDGabriel/research/engines/o3de/Gems/Meshlets/Code/Source/MeshletsModuleInterface.h,1,2,3
/media/ullmann/HDDGabriel/research/engines/o3de/Gems/EMotionFX/Code/EMotionFX/Source/MorphSetup.h,3,5,8
/media/ullmann/HDDGabriel/research/engines/o3de/Gems/ScriptCanvas/Code/Include/ScriptCanvas/Data/BehaviorContextObject.h,1,2,3
/media/ullmann/HDDGabriel/research/engines/o3de/Code/Framework/AzCore/Platform/Common/UnixLike/AzCore/Math/Random_UnixLike.cpp,1,0,1
/media/ullmann/HDDGabriel/research/engines/o3de/Code/Framework/AzCore/Platform/Common/UnixLike/AzCore/Math/Random_UnixLike.h,0,1,1
/media/ullmann/HDDGabriel/research/engines/o3de/Gems/AssetValidation/Code/Source/AssetValidationSystemComponent.cpp,2,0,2
/media/ullmann/HDDGabriel/research/engines/o3de/Gems/AssetValidation/Code/Source/AssetValidationSystemComponent.h,1,2,3
/media/ullmann/HDDGabriel/research/engines/o3de/Gems/EMotionFX/Code/MCore/Source/CommandSyntax.cpp,4,0,4
/media/ullmann/HDDGabriel/research/engines/o3de/Gems/ScriptCanvasTesting/Code/Source/Framework/ScriptCanvasTestUtilities.h,0,1,1
/media/ullmann/HDDGabriel/research/engines/o3de/Code/Editor/QtViewPaneManager.cpp,6,0,6
/media/ullmann/HDDGabriel/research/engines/o3de/Code/Tools/AssetProcessor/native/unittests/PlatformConfigurationUnitTests.cpp,1,0,1
/media/ullmann/HDDGabriel/research/engines/o3de/Code/Editor/GenericSelectItemDialog.h,1,4,5
/media/ullmann/HDDGabriel/research/engines/o3de/Gems/Atom/Feature/Common/Code/Source/EditorCommonSystemComponent.cpp,1,0,1
/media/ullmann/HDDGabriel/research/engines/o3de/Gems/Atom/Feature/Common/Code/Source/EditorCommonSystemComponent.h,0,2,2
/media/ullmann/HDDGabriel/research/engines/o3de/Code/Tools/AssetProcessor/native/ui/SourceAssetDetailsPanel.cpp,5,0,5
/media/ullmann/HDDGabriel/research/engines/o3de/Gems/LyShine/Code/Editor/PreviewToolbar.h,1,1,2
/media/ullmann/HDDGabriel/research/engines/o3de/Gems/AudioEngineWwise/Code/Source/AudioEngineWwiseModule.cpp,1,0,1
/media/ullmann/HDDGabriel/research/engines/o3de/Gems/AudioEngineWwise/Code/Source/AudioEngineWwiseGemSystemComponent.h,0,2,2
/media/ullmann/HDDGabriel/research/engines/o3de/Gems/EMotionFX/Code/EMotionFX/Tools/EMotionStudio/Plugins/StandardPlugins/Source/AnimGraph/BlendSpace2DNodeWidget.cpp,1,0,1
/media/ullmann/HDDGabriel/research/engines/o3de/Gems/EMotionFX/Code/EMotionFX/Tools/EMotionStudio/Plugins/StandardPlugins/Source/AnimGraph/BlendSpace2DNodeWidget.h,0,1,1
/media/ullmann/HDDGabriel/research/engines/o3de/Gems/AtomLyIntegration/AtomViewportDisplayInfo/Code/Source/Module.cpp,1,0,1
/media/ullmann/HDDGabriel/research/engines/o3de/Gems/AtomLyIntegration/AtomViewportDisplayInfo/Code/Source/AtomViewportDisplayInfoSystemComponent.h,0,2,2
/media/ullmann/HDDGabriel/research/engines/o3de/Gems/ScriptEvents/Code/Source/ScriptEventsSystemComponent.cpp,1,0,1
/media/ullmann/HDDGabriel/research/engines/o3de/Gems/ScriptEvents/Code/Source/ScriptEventsSystemComponent.h,0,2,2
/media/ullmann/HDDGabriel/research/engines/o3de/Code/Editor/TrackView/TrackViewUndo.h,1,2,3
/media/ullmann/HDDGabriel/research/engines/o3de/Code/Framework/AzQtComponents/AzQtComponents/Gallery/HyperlinkPage.cpp,1,0,1
/media/ullmann/HDDGabriel/research/engines/o3de/Code/Framework/AzQtComponents/AzQtComponents/Gallery/HyperlinkPage.h,0,2,2
/media/ullmann/HDDGabriel/research/engines/o3de/Code/Editor/TrackView/GotoKeyUIControls.cpp,2,0,2
/media/ullmann/HDDGabriel/research/engines/o3de/Code/Framework/AzToolsFramework/AzToolsFramework/UI/Logging/LogTableModel.h,0,1,1
/media/ullmann/HDDGabriel/research/engines/o3de/Code/Framework/AzQtComponents/AzQtComponents/Gallery/GradientSliderPage.cpp,1,0,1
/media/ullmann/HDDGabriel/research/engines/o3de/Code/Framework/AzQtComponents/AzQtComponents/Gallery/GradientSliderPage.h,0,2,2
/media/ullmann/HDDGabriel/research/engines/o3de/Gems/AWSCore/Code/Source/AWSCoreSystemComponent.cpp,4,0,4
/media/ullmann/HDDGabriel/research/engines/o3de/Gems/AWSCore/Code/Source/Configuration/AWSCoreConfiguration.h,0,1,1
/media/ullmann/HDDGabriel/research/engines/o3de/Gems/Multiplayer/Code/Tests/ServerHierarchyTests.cpp,2,0,2
/media/ullmann/HDDGabriel/research/engines/o3de/Gems/Multiplayer/Code/Tests/MockInterfaces.h,0,6,6
/media/ullmann/HDDGabriel/research/engines/o3de/Gems/NvCloth/Code/Source/System/SystemComponent.h,0,1,1
/media/ullmann/HDDGabriel/research/engines/o3de/Code/Tools/ProjectManager/Source/TemplateButtonWidget.cpp,2,0,2
/media/ullmann/HDDGabriel/research/engines/o3de/Gems/LandscapeCanvas/Code/Source/Editor/Nodes/GradientModifiers/LevelsGradientModifierNode.h,0,2,2
/media/ullmann/HDDGabriel/research/engines/o3de/Code/Tools/TestImpactFramework/Runtime/Common/Code/Source/Platform/Windows/Process/TestImpactWin32_ProcessLauncher.cpp,1,0,1
/media/ullmann/HDDGabriel/research/engines/o3de/Gems/WhiteBox/Code/Source/Asset/WhiteBoxMeshAsset.h,0,2,2
/media/ullmann/HDDGabriel/research/engines/o3de/Gems/Atom/RHI/Code/Tests/NameIdReflectionMapTests.cpp,1,0,1
/media/ullmann/HDDGabriel/research/engines/o3de/Gems/EMotionFX/Code/EMotionFX/Tools/EMotionStudio/Plugins/StandardPlugins/Source/AnimGraph/GraphNode.h,1,6,7
/media/ullmann/HDDGabriel/research/engines/o3de/Gems/AudioEngineWwise/Code/Source/Engine/AudioSystemImpl_wwise.cpp,7,0,7
/media/ullmann/HDDGabriel/research/engines/o3de/Gems/AudioEngineWwise/Code/Source/Engine/PluginRegistration_wwise.h,0,1,1
/media/ullmann/HDDGabriel/research/engines/o3de/Code/Framework/AzToolsFramework/AzToolsFramework/UI/PropertyEditor/ComponentEditor.cpp,2,0,2
/media/ullmann/HDDGabriel/research/engines/o3de/Code/Framework/AzToolsFramework/AzToolsFramework/UI/PropertyEditor/ComponentEditorHeader.hxx,0,2,2
/media/ullmann/HDDGabriel/research/engines/o3de/Gems/EMotionFX/Code/Tests/EMotionFXBuilderTests.cpp,1,0,1
/media/ullmann/HDDGabriel/research/engines/o3de/Gems/LyShine/Code/Editor/HierarchyHelpers.h,3,1,4
/media/ullmann/HDDGabriel/research/engines/o3de/Code/LauncherUnified/Platform/iOS/Launcher_Traits_Platform.h,1,0,1
/media/ullmann/HDDGabriel/research/engines/o3de/Code/LauncherUnified/Platform/iOS/Launcher_Traits_iOS.h,0,1,1
/media/ullmann/HDDGabriel/research/engines/o3de/Gems/AudioSystem/Code/Source/Editor/QSimpleAudioControlListWidget.h,2,1,3
/media/ullmann/HDDGabriel/research/engines/o3de/Gems/AudioSystem/Code/Source/Editor/AudioControl.h,0,16,16
/media/ullmann/HDDGabriel/research/engines/o3de/Gems/NvCloth/Code/Source/Components/ClothComponent.h,0,1,1
/media/ullmann/HDDGabriel/research/engines/o3de/Code/Legacy/CrySystem/XML/xml.h,0,5,5
/media/ullmann/HDDGabriel/research/engines/o3de/Code/Editor/TrackView/TrackViewPythonFuncs.cpp,1,0,1
/media/ullmann/HDDGabriel/research/engines/o3de/Code/Editor/TrackView/TrackViewPythonFuncs.h,1,2,3
/media/ullmann/HDDGabriel/research/engines/o3de/Gems/EMotionFX/Code/EMotionFX/Source/AnimGraphObjectData.cpp,4,0,4
/media/ullmann/HDDGabriel/research/engines/o3de/Gems/EMotionFX/Code/EMotionFX/Source/AnimGraphObjectData.h,2,4,6
/media/ullmann/HDDGabriel/research/engines/o3de/Gems/Vegetation/Code/Source/Components/SurfaceSlopeFilterComponent.cpp,1,0,1
/media/ullmann/HDDGabriel/research/engines/o3de/Gems/Vegetation/Code/Source/Components/SurfaceSlopeFilterComponent.h,0,2,2
/media/ullmann/HDDGabriel/research/engines/o3de/Gems/PhysX/Code/Source/Platform/Windows/PhysX_Traits_Platform.h,1,0,1
/media/ullmann/HDDGabriel/research/engines/o3de/Gems/PhysX/Code/Source/Platform/Windows/PhysX_Traits_Windows.h,0,1,1
/media/ullmann/HDDGabriel/research/engines/o3de/Gems/AudioEngineWwise/Code/Platform/Windows/FileIOHandler_wwise_Platform.h,1,0,1
/media/ullmann/HDDGabriel/research/engines/o3de/Gems/LandscapeCanvas/Code/Source/Editor/Nodes/Gradients/PerlinNoiseGradientNode.cpp,1,0,1
/media/ullmann/HDDGabriel/research/engines/o3de/Gems/LandscapeCanvas/Code/Source/Editor/Nodes/Gradients/PerlinNoiseGradientNode.h,0,2,2
/media/ullmann/HDDGabriel/research/engines/o3de/Gems/Atom/RPI/Code/Source/RPI.Builders/Material/MaterialBuilder.cpp,1,0,1
/media/ullmann/HDDGabriel/research/engines/o3de/Gems/Atom/RPI/Code/Source/RPI.Builders/Material/MaterialBuilder.h,0,2,2
/media/ullmann/HDDGabriel/research/engines/o3de/Gems/NvCloth/Code/Tests/UnitTestHelper.cpp,2,0,2
/media/ullmann/HDDGabriel/research/engines/o3de/Gems/NvCloth/Code/Tests/UnitTestHelper.h,0,1,1
/media/ullmann/HDDGabriel/research/engines/o3de/Gems/EMotionFX/Code/EMotionFX/Source/Parameter/IntSliderParameter.cpp,1,0,1
/media/ullmann/HDDGabriel/research/engines/o3de/Gems/EMotionFX/Code/EMotionFX/Source/Parameter/IntSliderParameter.h,1,1,2
/media/ullmann/HDDGabriel/research/engines/o3de/Gems/EMotionFX/Code/EMotionFX/Source/MultiThreadScheduler.cpp,6,0,6
/media/ullmann/HDDGabriel/research/engines/o3de/Gems/Maestro/Code/Source/Components/SequenceAgentComponent.cpp,1,0,1
/media/ullmann/HDDGabriel/research/engines/o3de/Gems/EMotionFX/Code/EMotionFX/Tools/EMotionStudio/Plugins/StandardPlugins/Source/NodeGroups/NodeGroupsPlugin.h,3,1,4
/media/ullmann/HDDGabriel/research/engines/o3de/Gems/EMotionFX/Code/EMotionFX/Source/Motion.h,4,3,7
/media/ullmann/HDDGabriel/research/engines/o3de/Gems/EMotionFX/Code/MCore/Source/CommandLine.h,1,5,6
/media/ullmann/HDDGabriel/research/engines/o3de/Templates/MinimalProject/Template/Gem/Source/${Name}Module.cpp,1,0,1
/media/ullmann/HDDGabriel/research/engines/o3de/Code/Framework/AzToolsFramework/AzToolsFramework/UI/PropertyEditor/PropertyVectorCtrl.cpp,2,0,2
/media/ullmann/HDDGabriel/research/engines/o3de/Gems/LyShine/Code/Editor/PropertyHandlerEntityIdComboBox.h,1,2,3
/media/ullmann/HDDGabriel/research/engines/o3de/Gems/Atom/RHI/DX12/Code/Source/RHI/Image.h,0,1,1
/media/ullmann/HDDGabriel/research/engines/o3de/Gems/LmbrCentral/Code/Source/Shape/TubeShapeComponent.h,1,3,4
/media/ullmann/HDDGabriel/research/engines/o3de/Gems/Vegetation/Code/Source/Components/DescriptorListComponent.cpp,1,0,1
/media/ullmann/HDDGabriel/research/engines/o3de/Gems/Vegetation/Code/Source/Components/DescriptorListComponent.h,0,2,2
/media/ullmann/HDDGabriel/research/engines/o3de/Gems/Atom/Feature/Common/Code/Source/Decals/DecalTextureArray.cpp,1,0,1
/media/ullmann/HDDGabriel/research/engines/o3de/Gems/Atom/Feature/Common/Code/Source/Decals/DecalTextureArray.h,0,1,1
/media/ullmann/HDDGabriel/research/engines/o3de/Gems/EMotionFX/Code/EMotionFX/Source/AttachmentNode.h,2,2,4
/media/ullmann/HDDGabriel/research/engines/o3de/Code/Legacy/CrySystem/CmdLine.cpp,2,0,2
/media/ullmann/HDDGabriel/research/engines/o3de/Code/Legacy/CrySystem/CmdLine.h,1,2,3
/media/ullmann/HDDGabriel/research/engines/o3de/Code/Tools/ProjectManager/Source/ProjectBuilderController.cpp,4,0,4
/media/ullmann/HDDGabriel/research/engines/o3de/Gems/Vegetation/Code/Source/Components/AreaBlenderComponent.h,0,2,2
/media/ullmann/HDDGabriel/research/engines/o3de/Gems/EMotionFX/Code/MCore/Source/FastMath.h,2,7,9
/media/ullmann/HDDGabriel/research/engines/o3de/Gems/LyShine/Code/Editor/Animation/UiAVEventsDialog.h,0,3,3
/media/ullmann/HDDGabriel/research/engines/o3de/Gems/LyShine/Code/Editor/PropertiesContainer.h,1,1,2
/media/ullmann/HDDGabriel/research/engines/o3de/Gems/LyShine/Code/Source/UiRenderer.cpp,2,0,2
/media/ullmann/HDDGabriel/research/engines/o3de/Gems/LyShine/Code/Source/LyShinePassDataBus.h,0,6,6
/media/ullmann/HDDGabriel/research/engines/o3de/Gems/EMotionFX/Code/EMotionFX/CommandSystem/Source/ParameterMixins.cpp,1,0,1
/media/ullmann/HDDGabriel/research/engines/o3de/Gems/EMotionFX/Code/EMotionFX/CommandSystem/Source/ParameterMixins_Impl.inl,0,1,1
/media/ullmann/HDDGabriel/research/engines/o3de/Code/Framework/AzToolsFramework/AzToolsFramework/ComponentModes/BoxComponentMode.cpp,1,0,1
/media/ullmann/HDDGabriel/research/engines/o3de/Code/Framework/AzToolsFramework/AzToolsFramework/ComponentModes/BoxComponentMode.h,0,1,1
/media/ullmann/HDDGabriel/research/engines/o3de/Gems/EMotionFX/Code/EMotionFX/Source/AnimGraphEventBuffer.cpp,3,0,3
/media/ullmann/HDDGabriel/research/engines/o3de/Gems/ImGui/Code/Source/ImGuiColorDefines.h,1,0,1
/media/ullmann/HDDGabriel/research/engines/o3de/Gems/ImGui/Code/Source/ImGuiManager.h,0,3,3
/media/ullmann/HDDGabriel/research/engines/o3de/Gems/EMotionFX/Code/EMotionFX/Source/AnimGraphRefCountedData.h,3,5,8
/media/ullmann/HDDGabriel/research/engines/o3de/Gems/LmbrCentral/Code/Source/Unhandled/Texture/SubstanceAssetTypeInfo.h,0,2,2
/media/ullmann/HDDGabriel/research/engines/o3de/Gems/LyShine/Code/Editor/Animation/UiAnimViewNodeFactories.cpp,4,0,4
/media/ullmann/HDDGabriel/research/engines/o3de/Gems/LyShine/Code/Source/Animation/AnimSequence.h,1,5,6
/media/ullmann/HDDGabriel/research/engines/o3de/Code/Framework/AzToolsFramework/AzToolsFramework/UI/PropertyEditor/PropertyVectorCtrl.hxx,1,1,2
/media/ullmann/HDDGabriel/research/engines/o3de/Code/Tools/AssetProcessor/native/utilities/ThreadHelper.cpp,1,0,1
/media/ullmann/HDDGabriel/research/engines/o3de/Code/Tools/AssetProcessor/native/utilities/ThreadHelper.h,0,1,1
/media/ullmann/HDDGabriel/research/engines/o3de/Code/Editor/TrackView/TrackViewDoubleSpinBox.cpp,1,0,1
/media/ullmann/HDDGabriel/research/engines/o3de/Code/Editor/TrackView/TrackViewDoubleSpinBox.h,0,1,1
/media/ullmann/HDDGabriel/research/engines/o3de/Gems/Atom/Feature/Common/Code/Source/Material/MaterialConverterSystemComponent.h,0,2,2
/media/ullmann/HDDGabriel/research/engines/o3de/Code/Framework/AzQtComponents/AzQtComponents/Gallery/SvgLabelPage.h,0,2,2
/media/ullmann/HDDGabriel/research/engines/o3de/Gems/TestAssetBuilder/Code/Source/Builder/TestDependencyBuilderComponent.h,0,1,1
/media/ullmann/HDDGabriel/research/engines/o3de/Gems/EMotionFX/Code/MCore/Source/AttributeInt32.cpp,3,0,3
/media/ullmann/HDDGabriel/research/engines/o3de/Code/Framework/AzFramework/AzFramework/Script/ScriptDebugMsgReflection.cpp,1,0,1
/media/ullmann/HDDGabriel/research/engines/o3de/Code/Editor/ActionManager.h,0,10,10
/media/ullmann/HDDGabriel/research/engines/o3de/Gems/Vegetation/Code/Source/Components/ShapeIntersectionFilterComponent.cpp,1,0,1
/media/ullmann/HDDGabriel/research/engines/o3de/Gems/Vegetation/Code/Source/Components/ShapeIntersectionFilterComponent.h,0,2,2
/media/ullmann/HDDGabriel/research/engines/o3de/Gems/ScriptCanvas/Code/Include/ScriptCanvas/Core/SlotExecutionMap.cpp,2,0,2
/media/ullmann/HDDGabriel/research/engines/o3de/Gems/LyShine/Code/Editor/UiEditorEntityContext.cpp,2,0,2
/media/ullmann/HDDGabriel/research/engines/o3de/Code/Editor/Util/ModalWindowDismisser.h,0,2,2
/media/ullmann/HDDGabriel/research/engines/o3de/Gems/ScriptCanvas/Code/Include/ScriptCanvas/Libraries/Deprecated/Time/Countdown.cpp,1,0,1
/media/ullmann/HDDGabriel/research/engines/o3de/Gems/ScriptCanvas/Code/Include/ScriptCanvas/Libraries/Deprecated/Time/Countdown.h,0,1,1
/media/ullmann/HDDGabriel/research/engines/o3de/Code/Editor/Plugins/PerforcePlugin/main.cpp,2,0,2
/media/ullmann/HDDGabriel/research/engines/o3de/Code/Framework/AzCore/Tests/AZStd/DequeAndSimilar.cpp,1,0,1
/media/ullmann/HDDGabriel/research/engines/o3de/Gems/EMotionFX/Code/MCore/Source/BoundingSphere.h,2,1,3
/media/ullmann/HDDGabriel/research/engines/o3de/Code/Editor/StartupTraceHandler.cpp,3,0,3
/media/ullmann/HDDGabriel/research/engines/o3de/Code/Legacy/CrySystem/LevelSystem/SpawnableLevelSystem.cpp,1,0,1
/media/ullmann/HDDGabriel/research/engines/o3de/Code/Legacy/CrySystem/LevelSystem/SpawnableLevelSystem.h,0,2,2
/media/ullmann/HDDGabriel/research/engines/o3de/Code/Legacy/CryCommon/Linux32Specific.h,2,0,2
/media/ullmann/HDDGabriel/research/engines/o3de/Gems/EMotionFX/Code/EMotionFX/Source/AnimGraphStateTransition.h,0,4,4
/media/ullmann/HDDGabriel/research/engines/o3de/Gems/LyShine/Code/Source/UiImageSequenceComponent.cpp,3,0,3
/media/ullmann/HDDGabriel/research/engines/o3de/Gems/LyShine/Code/Source/RenderGraph.h,3,8,11
/media/ullmann/HDDGabriel/research/engines/o3de/Code/Framework/AzCore/Tests/AZStd/SetsIntrusive.cpp,1,0,1
/media/ullmann/HDDGabriel/research/engines/o3de/Code/Framework/AzToolsFramework/AzToolsFramework/Manipulators/BaseManipulator.cpp,1,0,1
/media/ullmann/HDDGabriel/research/engines/o3de/Gems/Vegetation/Code/Source/Components/DescriptorWeightSelectorComponent.cpp,1,0,1
/media/ullmann/HDDGabriel/research/engines/o3de/Gems/Vegetation/Code/Source/Components/DescriptorWeightSelectorComponent.h,0,2,2
/media/ullmann/HDDGabriel/research/engines/o3de/Gems/MotionMatching/Code/Source/QueryVector.cpp,2,0,2
/media/ullmann/HDDGabriel/research/engines/o3de/Gems/SurfaceData/Code/Source/Editor/EditorSurfaceDataShapeComponent.cpp,1,0,1
/media/ullmann/HDDGabriel/research/engines/o3de/Gems/SurfaceData/Code/Source/Editor/EditorSurfaceDataShapeComponent.h,0,2,2
/media/ullmann/HDDGabriel/research/engines/o3de/Code/Editor/Plugin.cpp,2,0,2
/media/ullmann/HDDGabriel/research/engines/o3de/Gems/AWSGameLift/Code/AWSGameLiftServer/Source/AWSGameLiftServerManager.cpp,2,0,2
/media/ullmann/HDDGabriel/research/engines/o3de/Gems/AWSGameLift/Code/AWSGameLiftServer/Source/AWSGameLiftServerManager.h,0,2,2
/media/ullmann/HDDGabriel/research/engines/o3de/Gems/AssetValidation/Code/Source/AssetSeedUtil.h,0,2,2
/media/ullmann/HDDGabriel/research/engines/o3de/Code/Tools/CrashHandler/Tools/Uploader/SendReportDialog.cpp,1,0,1
/media/ullmann/HDDGabriel/research/engines/o3de/Gems/LyShine/Code/Editor/HierarchyWidget.h,1,2,3
/media/ullmann/HDDGabriel/research/engines/o3de/Code/Tools/TestImpactFramework/Runtime/Native/Code/Source/Artifact/Factory/TestImpactNativeTestTargetMetaMapFactory.h,0,1,1
/media/ullmann/HDDGabriel/research/engines/o3de/Gems/Atom/Feature/Common/Code/Source/Material/ConvertEmissiveUnitFunctor.cpp,1,0,1
/media/ullmann/HDDGabriel/research/engines/o3de/Gems/Atom/Feature/Common/Code/Source/Material/ConvertEmissiveUnitFunctor.h,0,2,2
/media/ullmann/HDDGabriel/research/engines/o3de/Gems/Atom/Asset/Shader/Code/Source/Editor/CommonFiles/CommonTypes.h,0,4,4
/media/ullmann/HDDGabriel/research/engines/o3de/Gems/EMotionFX/Code/EMotionFX/Source/Pose.h,0,9,9
/media/ullmann/HDDGabriel/research/engines/o3de/Code/Editor/Util/ColumnGroupItemDelegate.cpp,1,0,1
/media/ullmann/HDDGabriel/research/engines/o3de/Code/Editor/Util/ColumnGroupItemDelegate.h,0,1,1
/media/ullmann/HDDGabriel/research/engines/o3de/Code/Framework/AzToolsFramework/AzToolsFramework/UI/PropertyEditor/EntityIdQLabel.cpp,1,0,1
/media/ullmann/HDDGabriel/research/engines/o3de/Code/Framework/AzToolsFramework/AzToolsFramework/UI/PropertyEditor/EntityIdQLabel.hxx,0,1,1
/media/ullmann/HDDGabriel/research/engines/o3de/Gems/LyShine/Code/Editor/HierarchyItem.h,1,1,2
/media/ullmann/HDDGabriel/research/engines/o3de/Gems/AudioSystem/Code/Source/Engine/ATLEntities.h,1,5,6
/media/ullmann/HDDGabriel/research/engines/o3de/Code/Tools/TestImpactFramework/Runtime/Common/Code/Include/Static/TestImpactTestTargetExclusionList.h,0,1,1
/media/ullmann/HDDGabriel/research/engines/o3de/Code/Editor/TrackView/TimeRangeKeyUIControls.cpp,2,0,2
/media/ullmann/HDDGabriel/research/engines/o3de/Gems/AWSMetrics/Code/Source/MetricsEventBuilder.cpp,3,0,3
/media/ullmann/HDDGabriel/research/engines/o3de/Gems/EMotionFX/Code/EMotionFX/Tools/EMotionStudio/Plugins/StandardPlugins/Source/AnimGraph/ParameterWindow.h,0,2,2
/media/ullmann/HDDGabriel/research/engines/o3de/Gems/EMotionFX/Code/MCore/Source/Ray.cpp,6,0,6
/media/ullmann/HDDGabriel/research/engines/o3de/Code/Editor/TrackView/TrackViewAnimNode.cpp,3,0,3
/media/ullmann/HDDGabriel/research/engines/o3de/Code/Editor/TrackView/CommentNodeAnimator.h,1,2,3
/media/ullmann/HDDGabriel/research/engines/o3de/Gems/EMotionFX/Code/EMotionFX/Source/AnimGraphPose.cpp,4,0,4
/media/ullmann/HDDGabriel/research/engines/o3de/Gems/ScriptCanvasTesting/Code/Source/Nodes/Nodeables/ValuePointerReferenceExample.cpp,1,0,1
/media/ullmann/HDDGabriel/research/engines/o3de/Gems/ScriptCanvasTesting/Code/Source/Nodes/Nodeables/ValuePointerReferenceExample.h,0,1,1
/media/ullmann/HDDGabriel/research/engines/o3de/Gems/ScriptCanvas/Code/Include/ScriptCanvas/Libraries/Core/Method.h,0,3,3
/media/ullmann/HDDGabriel/research/engines/o3de/Gems/EMotionFX/Code/EMotionFX/Source/BlendTreeTwoLinkIKNode.h,2,1,3
/media/ullmann/HDDGabriel/research/engines/o3de/Gems/StartingPointCamera/Code/Source/CameraTransformBehaviors/FaceTarget.cpp,1,0,1
/media/ullmann/HDDGabriel/research/engines/o3de/Gems/StartingPointCamera/Code/Source/CameraTransformBehaviors/FaceTarget.h,0,2,2
/media/ullmann/HDDGabriel/research/engines/o3de/Gems/AWSMetrics/Code/Source/AWSMetricsModule.cpp,2,0,2
/media/ullmann/HDDGabriel/research/engines/o3de/Gems/AWSMetrics/Code/Source/AWSMetricsSystemComponent.h,0,2,2
/media/ullmann/HDDGabriel/research/engines/o3de/Code/Framework/AzToolsFramework/AzToolsFramework/UI/PropertyEditor/PropertyDoubleSpinCtrl.cpp,2,0,2
/media/ullmann/HDDGabriel/research/engines/o3de/Gems/GraphCanvas/Code/Source/Translation/TranslationSerializer.h,0,1,1
/media/ullmann/HDDGabriel/research/engines/o3de/Gems/EMotionFX/Code/EMotionFX/Source/Parameter/Vector3Parameter.cpp,1,0,1
/media/ullmann/HDDGabriel/research/engines/o3de/Gems/EMotionFX/Code/EMotionFX/CommandSystem/Source/MotionSetCommands.cpp,2,0,2
/media/ullmann/HDDGabriel/research/engines/o3de/Code/Editor/Plugins/ComponentEntityEditorPlugin/UI/Outliner/OutlinerCacheBus.h,0,2,2
/media/ullmann/HDDGabriel/research/engines/o3de/Code/Legacy/CryCommon/platform_impl.cpp,4,0,4
/media/ullmann/HDDGabriel/research/engines/o3de/Code/Legacy/CryCommon/IConsole.h,0,4,4
/media/ullmann/HDDGabriel/research/engines/o3de/Gems/LmbrCentral/Code/Source/Scripting/LookAtComponent.h,0,3,3
/media/ullmann/HDDGabriel/research/engines/o3de/Gems/EMotionFX/Code/EMotionFX/Source/NodeAttribute.h,2,1,3
/media/ullmann/HDDGabriel/research/engines/o3de/Gems/Vegetation/Code/Source/Editor/EditorSpawnerComponent.h,0,2,2
/media/ullmann/HDDGabriel/research/engines/o3de/Gems/LmbrCentral/Code/Source/Audio/AudioEnvironmentComponent.cpp,1,0,1
/media/ullmann/HDDGabriel/research/engines/o3de/Gems/LmbrCentral/Code/Source/Audio/AudioEnvironmentComponent.h,0,3,3
/media/ullmann/HDDGabriel/research/engines/o3de/Gems/ScriptCanvas/Code/Editor/View/Dialogs/UnsavedChangesDialog.cpp,1,0,1
/media/ullmann/HDDGabriel/research/engines/o3de/Gems/ScriptCanvas/Code/Editor/View/Dialogs/UnsavedChangesDialog.h,0,1,1
/media/ullmann/HDDGabriel/research/engines/o3de/Gems/Vegetation/Code/Source/Components/AreaBlenderComponent.cpp,1,0,1
/media/ullmann/HDDGabriel/research/engines/o3de/Gems/LmbrCentral/Code/Source/Bundling/BundlingSystemComponent.cpp,1,0,1
/media/ullmann/HDDGabriel/research/engines/o3de/Gems/LmbrCentral/Code/Source/Bundling/BundlingSystemComponent.h,0,2,2
/media/ullmann/HDDGabriel/research/engines/o3de/Code/Editor/Util/XmlTemplate.cpp,1,0,1
/media/ullmann/HDDGabriel/research/engines/o3de/Code/Editor/Util/XmlTemplate.h,0,2,2
/media/ullmann/HDDGabriel/research/engines/o3de/Gems/GraphCanvas/Code/Source/Components/Nodes/NodeComponent.h,0,2,2
/media/ullmann/HDDGabriel/research/engines/o3de/Gems/EMotionFX/Code/EMotionFX/CommandSystem/Source/SelectionList.h,1,3,4
/media/ullmann/HDDGabriel/research/engines/o3de/Code/Framework/AzToolsFramework/Tests/TransformComponent.cpp,1,0,1
/media/ullmann/HDDGabriel/research/engines/o3de/Code/Framework/AzToolsFramework/Tests/Prefab/PrefabTestFixture.h,0,1,1
/media/ullmann/HDDGabriel/research/engines/o3de/Gems/ScriptCanvas/Code/Editor/View/Windows/ScriptCanvasContextMenus.cpp,1,0,1
/media/ullmann/HDDGabriel/research/engines/o3de/Gems/ScriptCanvas/Code/Editor/View/Windows/ScriptCanvasContextMenus.h,0,1,1
/media/ullmann/HDDGabriel/research/engines/o3de/Gems/EMotionFX/Code/EMotionFX/CommandSystem/Source/NodeGroupCommands.cpp,2,0,2
/media/ullmann/HDDGabriel/research/engines/o3de/Gems/EMotionFX/Code/EMotionFX/CommandSystem/Source/NodeGroupCommands.h,1,1,2
/media/ullmann/HDDGabriel/research/engines/o3de/Code/Legacy/CryCommon/CryListenerSet.h,2,0,2
/media/ullmann/HDDGabriel/research/engines/o3de/Code/Legacy/CryCommon/StlUtils.h,0,3,3
/media/ullmann/HDDGabriel/research/engines/o3de/Gems/EMotionFX/Code/EMotionFX/Source/MorphSetup.cpp,2,0,2
/media/ullmann/HDDGabriel/research/engines/o3de/Gems/ScriptCanvas/Code/Include/ScriptCanvas/Grammar/Primitives.h,2,9,11
/media/ullmann/HDDGabriel/research/engines/o3de/Code/Editor/EditorPreferencesPageViewportCamera.cpp,5,0,5
/media/ullmann/HDDGabriel/research/engines/o3de/Code/Editor/AssetDatabase/AssetDatabaseLocationListener.cpp,1,0,1
/media/ullmann/HDDGabriel/research/engines/o3de/Code/Editor/AssetDatabase/AssetDatabaseLocationListener.h,0,1,1
/media/ullmann/HDDGabriel/research/engines/o3de/Code/Framework/AzQtComponents/AzQtComponents/Gallery/AssetBrowserFolderPage.h,0,2,2
/media/ullmann/HDDGabriel/research/engines/o3de/Gems/EMotionFX/Code/MCore/Source/Compare.h,2,0,2
/media/ullmann/HDDGabriel/research/engines/o3de/Gems/EMotionFX/Code/MCore/Source/Compare.inl,0,1,1
/media/ullmann/HDDGabriel/research/engines/o3de/Gems/WhiteBox/Code/Tests/WhiteBoxRenderDataTest.cpp,1,0,1
/media/ullmann/HDDGabriel/research/engines/o3de/Gems/LmbrCentral/Code/Source/Shape/EditorBoxShapeComponent.cpp,4,0,4
/media/ullmann/HDDGabriel/research/engines/o3de/Gems/LyShine/Code/Editor/HierarchyMenu.cpp,3,0,3
/media/ullmann/HDDGabriel/research/engines/o3de/Gems/LyShine/Code/Editor/QtHelpers.h,0,6,6
/media/ullmann/HDDGabriel/research/engines/o3de/Gems/EMotionFX/Code/Tests/BlendTreeRotationLimitNodeTests.cpp,1,0,1
/media/ullmann/HDDGabriel/research/engines/o3de/Gems/EMotionFX/Code/EMotionFX/Tools/EMotionStudio/Plugins/StandardPlugins/Source/AnimGraph/ParameterSelectionWindow.h,2,1,3
/media/ullmann/HDDGabriel/research/engines/o3de/Gems/Camera/Code/Source/CameraComponentController.cpp,2,0,2
/media/ullmann/HDDGabriel/research/engines/o3de/Gems/Camera/Code/Source/CameraComponentController.h,0,4,4
/media/ullmann/HDDGabriel/research/engines/o3de/Gems/LyShine/Code/Editor/HierarchyMenu.h,1,1,2
/media/ullmann/HDDGabriel/research/engines/o3de/Gems/Camera/Code/Source/CameraEditorSystemComponent.h,1,2,3
/media/ullmann/HDDGabriel/research/engines/o3de/Gems/Camera/Code/Source/CameraViewRegistrationBus.h,0,2,2
/media/ullmann/HDDGabriel/research/engines/o3de/Code/Legacy/CrySystem/Huffman.h,0,2,2
/media/ullmann/HDDGabriel/research/engines/o3de/Gems/MotionMatching/Code/Source/MotionMatchingModuleInterface.h,1,2,3
/media/ullmann/HDDGabriel/research/engines/o3de/Gems/AWSMetrics/Code/Source/MetricsManager.cpp,7,0,7
/media/ullmann/HDDGabriel/research/engines/o3de/Gems/AWSMetrics/Code/Source/ClientConfiguration.h,0,2,2
/media/ullmann/HDDGabriel/research/engines/o3de/Templates/DefaultGem/Template/Code/Source/${Name}ModuleInterface.h,1,0,1
/media/ullmann/HDDGabriel/research/engines/o3de/Templates/DefaultGem/Template/Code/Source/Clients/${Name}SystemComponent.h,0,3,3
/media/ullmann/HDDGabriel/research/engines/o3de/Code/Framework/AzToolsFramework/AzToolsFramework/UI/PropertyEditor/PropertyColorCtrl.cpp,2,0,2
/media/ullmann/HDDGabriel/research/engines/o3de/Code/Editor/LayoutWnd.cpp,6,0,6
/media/ullmann/HDDGabriel/research/engines/o3de/Gems/Atom/Tools/AtomToolsFramework/Code/Source/Window/AtomToolsMainWindowSystemComponent.h,0,1,1
/media/ullmann/HDDGabriel/research/engines/o3de/Gems/ScriptCanvas/Code/Include/ScriptCanvas/Core/Contracts/DisplayGroupConnectedSlotLimitContract.cpp,1,0,1
/media/ullmann/HDDGabriel/research/engines/o3de/Gems/Vegetation/Code/Source/Debugger/DebugComponent.cpp,1,0,1
/media/ullmann/HDDGabriel/research/engines/o3de/Gems/Vegetation/Code/Source/Debugger/DebugComponent.h,0,3,3
/media/ullmann/HDDGabriel/research/engines/o3de/Gems/Maestro/Code/Source/Cinematics/EventNode.h,1,3,4
/media/ullmann/HDDGabriel/research/engines/o3de/Code/Editor/Plugins/ComponentEntityEditorPlugin/SandboxIntegration.h,1,2,3
/media/ullmann/HDDGabriel/research/engines/o3de/Gems/AudioEngineWwise/Code/Source/Engine/AudioSourceManager.cpp,4,0,4
/media/ullmann/HDDGabriel/research/engines/o3de/Gems/AudioEngineWwise/Code/Source/Engine/AudioSourceManager.h,0,2,2
/media/ullmann/HDDGabriel/research/engines/o3de/Gems/EMotionFX/Code/EMotionFX/Source/BlendTreeBlend2Node.h,2,1,3
/media/ullmann/HDDGabriel/research/engines/o3de/Code/Framework/AzToolsFramework/AzToolsFramework/ToolsComponents/SelectionComponent.cpp,1,0,1
/media/ullmann/HDDGabriel/research/engines/o3de/Code/Framework/AzToolsFramework/AzToolsFramework/ToolsComponents/SelectionComponent.h,0,2,2
/media/ullmann/HDDGabriel/research/engines/o3de/Gems/MotionMatching/Code/Source/FrameDatabase.cpp,7,0,7
/media/ullmann/HDDGabriel/research/engines/o3de/Gems/LmbrCentral/Code/Source/Unhandled/Other/GameTokenAssetTypeInfo.h,0,2,2
/media/ullmann/HDDGabriel/research/engines/o3de/Gems/AtomLyIntegration/CommonFeatures/Code/Source/ReflectionProbe/ReflectionProbeComponent.h,0,1,1
/media/ullmann/HDDGabriel/research/engines/o3de/Gems/AWSCore/Code/Source/Editor/Attribution/AWSCoreAttributionSystemComponent.h,0,1,1
/media/ullmann/HDDGabriel/research/engines/o3de/Code/Tools/AssetProcessor/native/resourcecompiler/RCQueueSortModel.h,0,1,1
/media/ullmann/HDDGabriel/research/engines/o3de/Gems/RemoteTools/Code/Source/RemoteToolsModuleInterface.h,1,1,2
/media/ullmann/HDDGabriel/research/engines/o3de/Gems/RemoteTools/Code/Source/RemoteToolsSystemComponent.h,2,3,5
/media/ullmann/HDDGabriel/research/engines/o3de/Gems/LmbrCentral/Code/Source/Shape/DiskShape.cpp,1,0,1
/media/ullmann/HDDGabriel/research/engines/o3de/Gems/Atom/Feature/Common/Code/Source/PostProcessing/SMAAEdgeDetectionPass.h,0,1,1
/media/ullmann/HDDGabriel/research/engines/o3de/Gems/LandscapeCanvas/Code/Source/Editor/Nodes/Gradients/FastNoiseGradientNode.h,0,2,2
/media/ullmann/HDDGabriel/research/engines/o3de/Gems/LyShine/Code/Source/UiScrollBoxComponent.cpp,3,0,3
/media/ullmann/HDDGabriel/research/engines/o3de/Code/Framework/AzQtComponents/AzQtComponents/Gallery/FixedStateButton.cpp,1,0,1
/media/ullmann/HDDGabriel/research/engines/o3de/Gems/EMotionFX/Code/MCore/Source/AttributeCreateFunctions.cpp,11,0,11
/media/ullmann/HDDGabriel/research/engines/o3de/Code/Tools/LuaIDE/Source/LUA/DebugAttachmentButton.cpp,1,0,1
/media/ullmann/HDDGabriel/research/engines/o3de/Code/Tools/LuaIDE/Source/LUA/LUAEditorContextMessages.h,0,7,7
/media/ullmann/HDDGabriel/research/engines/o3de/Gems/EMotionFX/Code/EMotionFX/Source/SoftSkinDeformer.h,2,3,5
/media/ullmann/HDDGabriel/research/engines/o3de/Code/Editor/EditorPreferencesPageViewportDebug.h,1,3,4
/media/ullmann/HDDGabriel/research/engines/o3de/Gems/Atom/Asset/ImageProcessingAtom/Code/Source/Platform/Android/ImageProcessing_Traits_Platform.h,1,0,1
/media/ullmann/HDDGabriel/research/engines/o3de/Gems/Atom/Asset/ImageProcessingAtom/Code/Source/Platform/Android/ImageProcessing_Traits_Android.h,0,1,1
/media/ullmann/HDDGabriel/research/engines/o3de/Gems/ScriptCanvas/Code/Include/ScriptCanvas/Grammar/ParsingMetaData.cpp,4,0,4
/media/ullmann/HDDGabriel/research/engines/o3de/Code/Tools/AssetProcessor/native/ui/SourceAssetTreeItemData.cpp,1,0,1
/media/ullmann/HDDGabriel/research/engines/o3de/Gems/Maestro/Code/Source/Cinematics/AnimNodeGroup.h,1,2,3
/media/ullmann/HDDGabriel/research/engines/o3de/Gems/EMotionFX/Code/EMotionFX/Source/BlendTreeFloatMath2Node.h,2,1,3
/media/ullmann/HDDGabriel/research/engines/o3de/Gems/MotionMatching/Code/Source/FeatureAngularVelocity.h,1,2,3
/media/ullmann/HDDGabriel/research/engines/o3de/Gems/ScriptCanvas/Code/Include/ScriptCanvas/Core/Contracts/SlotTypeContract.cpp,1,0,1
/media/ullmann/HDDGabriel/research/engines/o3de/Gems/ScriptCanvas/Code/Include/ScriptCanvas/Core/Contracts/SlotTypeContract.h,0,2,2
/media/ullmann/HDDGabriel/research/engines/o3de/Code/Framework/AzTest/AzTest/Utils.cpp,1,0,1
/media/ullmann/HDDGabriel/research/engines/o3de/Code/Framework/AzTest/AzTest/Utils.h,0,2,2
/media/ullmann/HDDGabriel/research/engines/o3de/Gems/Vegetation/Code/Tests/VegetationTest.h,0,7,7
/media/ullmann/HDDGabriel/research/engines/o3de/Gems/AudioSystem/Code/Source/Editor/AudioControlsLoader.cpp,4,0,4
/media/ullmann/HDDGabriel/research/engines/o3de/Gems/LyShine/Code/Editor/RecentFiles.cpp,1,0,1
/media/ullmann/HDDGabriel/research/engines/o3de/Code/Tools/ProjectManager/Source/GemsGemRepoScreen.cpp,4,0,4
/media/ullmann/HDDGabriel/research/engines/o3de/Code/Tools/ProjectManager/Source/ScreenHeaderWidget.h,0,4,4
/media/ullmann/HDDGabriel/research/engines/o3de/Code/Framework/AzToolsFramework/AzToolsFramework/Slice/SliceDependencyBrowserComponent.cpp,1,0,1
/media/ullmann/HDDGabriel/research/engines/o3de/Code/Framework/AzToolsFramework/AzToolsFramework/Slice/SliceDependencyBrowserComponent.h,1,1,2
/media/ullmann/HDDGabriel/research/engines/o3de/Gems/AtomTressFX/External/Code/src/TressFX/TressFXCommon.h,0,5,5
/media/ullmann/HDDGabriel/research/engines/o3de/Gems/Gestures/Code/Source/GesturesSystemComponent.cpp,1,0,1
/media/ullmann/HDDGabriel/research/engines/o3de/Gems/Gestures/Code/Source/GesturesSystemComponent.h,7,2,9
/media/ullmann/HDDGabriel/research/engines/o3de/Code/Editor/LayoutConfigDialog.cpp,2,0,2
/media/ullmann/HDDGabriel/research/engines/o3de/Code/Editor/LayoutConfigDialog.h,1,3,4
/media/ullmann/HDDGabriel/research/engines/o3de/Code/Legacy/CryCommon/AnimKey.h,3,1,4
/media/ullmann/HDDGabriel/research/engines/o3de/Code/Framework/AzFramework/AzFramework/Logging/LoggingComponent.h,1,1,2
/media/ullmann/HDDGabriel/research/engines/o3de/Code/Framework/AzFramework/AzFramework/Logging/LogFile.h,0,3,3
/media/ullmann/HDDGabriel/research/engines/o3de/Code/Editor/Controls/ReflectedPropertyControl/ReflectedPropertyItem.cpp,3,0,3
/media/ullmann/HDDGabriel/research/engines/o3de/Gems/LyShine/Code/Editor/FindEntityItemModel.h,0,3,3
/media/ullmann/HDDGabriel/research/engines/o3de/Gems/Atom/Feature/Common/Code/Source/PostProcess/PostProcessFeatureProcessor.h,0,1,1
/media/ullmann/HDDGabriel/research/engines/o3de/Gems/ScriptEvents/Code/Include/ScriptEvents/ScriptEventSystem.h,2,1,3
/media/ullmann/HDDGabriel/research/engines/o3de/Gems/HttpRequestor/Code/Source/HttpRequestorSystemComponent.h,1,2,3
/media/ullmann/HDDGabriel/research/engines/o3de/Gems/HttpRequestor/Code/Source/HttpRequestManager.h,0,2,2
/media/ullmann/HDDGabriel/research/engines/o3de/Gems/EMotionFX/Code/EMotionFX/Source/BlendTreeVector3DecomposeNode.h,2,1,3
/media/ullmann/HDDGabriel/research/engines/o3de/Gems/EMotionFX/Code/EMotionFX/Source/Parameter/BoolParameter.h,1,2,3
/media/ullmann/HDDGabriel/research/engines/o3de/Gems/EMotionFX/Code/EMotionFX/Tools/EMotionStudio/Plugins/StandardPlugins/Source/MotionEvents/MotionEventPresetsWidget.h,0,1,1
/media/ullmann/HDDGabriel/research/engines/o3de/Gems/ScriptCanvas/Code/Include/ScriptCanvas/Core/Contract.cpp,2,0,2
/media/ullmann/HDDGabriel/research/engines/o3de/Gems/LyShine/Code/Source/UiTooltipDisplayComponent.cpp,1,0,1
/media/ullmann/HDDGabriel/research/engines/o3de/Code/Framework/AzFramework/AzFramework/Terrain/TerrainDataRequestBus.cpp,1,0,1
/media/ullmann/HDDGabriel/research/engines/o3de/Code/Framework/AzFramework/AzFramework/Terrain/TerrainDataRequestBus.h,0,1,1
/media/ullmann/HDDGabriel/research/engines/o3de/Gems/AWSMetrics/Code/Source/IdentityProvider.h,0,2,2
/media/ullmann/HDDGabriel/research/engines/o3de/Code/Editor/CustomAspectRatioDlg.cpp,2,0,2
/media/ullmann/HDDGabriel/research/engines/o3de/Gems/GraphCanvas/Code/Source/Components/Nodes/Group/NodeGroupLayoutComponent.h,0,2,2
/media/ullmann/HDDGabriel/research/engines/o3de/Gems/EMotionFX/Code/EMotionFX/Source/RecorderBus.h,0,1,1
/media/ullmann/HDDGabriel/research/engines/o3de/Gems/LmbrCentral/Code/Source/Shape/BoxShapeComponent.h,1,3,4
/media/ullmann/HDDGabriel/research/engines/o3de/Code/Tools/AssetProcessor/native/unittests/UtilitiesUnitTests.cpp,1,0,1
/media/ullmann/HDDGabriel/research/engines/o3de/Gems/ScriptCanvas/Code/Include/ScriptCanvas/Execution/Interpreted/ExecutionInterpretedCloningAPI.cpp,4,0,4
/media/ullmann/HDDGabriel/research/engines/o3de/Code/Editor/Objects/GizmoManager.cpp,2,0,2
/media/ullmann/HDDGabriel/research/engines/o3de/Gems/Atom/Feature/Common/Code/Source/RayTracing/RayTracingFeatureProcessor.h,0,1,1
/media/ullmann/HDDGabriel/research/engines/o3de/Gems/AtomLyIntegration/CommonFeatures/Code/Source/EditorCommonFeaturesSystemComponent.cpp,3,0,3
/media/ullmann/HDDGabriel/research/engines/o3de/Gems/AtomLyIntegration/CommonFeatures/Code/Source/SharedPreview/SharedThumbnail.h,0,1,1
/media/ullmann/HDDGabriel/research/engines/o3de/Code/Framework/AzToolsFramework/AzToolsFramework/UI/PropertyEditor/PropertyCRCCtrl.cpp,2,0,2
/media/ullmann/HDDGabriel/research/engines/o3de/Code/Framework/AzToolsFramework/AzToolsFramework/UI/PropertyEditor/PropertyCRCCtrl.h,1,1,2
/media/ullmann/HDDGabriel/research/engines/o3de/Gems/AudioSystem/Code/Source/Engine/ATLComponents.cpp,2,0,2
/media/ullmann/HDDGabriel/research/engines/o3de/Gems/LyShine/Code/Editor/Animation/UiAnimViewFindDlg.cpp,3,0,3
/media/ullmann/HDDGabriel/research/engines/o3de/Gems/ScriptCanvasTesting/Code/Source/Framework/ScriptCanvasTestVerify.h,0,1,1
/media/ullmann/HDDGabriel/research/engines/o3de/Gems/SceneLoggingExample/Code/Processors/LoadingTrackingProcessor.h,0,1,1
/media/ullmann/HDDGabriel/research/engines/o3de/Code/Tools/AssetProcessor/native/tests/assetBuilderSDK/JobProductTests.cpp,1,0,1
/media/ullmann/HDDGabriel/research/engines/o3de/Code/Framework/AzToolsFramework/AzToolsFramework/UI/LegacyFramework/MainWindowSavedState.cpp,1,0,1
/media/ullmann/HDDGabriel/research/engines/o3de/Code/Framework/AzToolsFramework/AzToolsFramework/UI/LegacyFramework/MainWindowSavedState.h,0,2,2
/media/ullmann/HDDGabriel/research/engines/o3de/Gems/Microphone/Code/Source/SimpleDownsample.cpp,1,0,1
/media/ullmann/HDDGabriel/research/engines/o3de/Gems/Microphone/Code/Source/SimpleDownsample.h,0,1,1
/media/ullmann/HDDGabriel/research/engines/o3de/Gems/ScriptCanvas/Code/Include/ScriptCanvas/Libraries/Deprecated/Time/Duration.cpp,1,0,1
/media/ullmann/HDDGabriel/research/engines/o3de/Gems/ScriptCanvas/Code/Include/ScriptCanvas/Libraries/Deprecated/Time/Duration.h,0,1,1
/media/ullmann/HDDGabriel/research/engines/o3de/Code/Editor/Plugins/ComponentEntityEditorPlugin/UI/Outliner/OutlinerWidget.hxx,2,1,3
/media/ullmann/HDDGabriel/research/engines/o3de/Code/Editor/Plugins/ProjectSettingsTool/Validators.cpp,1,0,1
/media/ullmann/HDDGabriel/research/engines/o3de/Gems/WhiteBox/Code/Source/Rendering/Atom/WhiteBoxAttributeBuffer.h,1,0,1
/media/ullmann/HDDGabriel/research/engines/o3de/Gems/WhiteBox/Code/Source/Rendering/Atom/WhiteBoxBuffer.h,1,1,2
/media/ullmann/HDDGabriel/research/engines/o3de/Gems/HttpRequestor/Code/Source/HttpRequestorSystemComponent.cpp,1,0,1
/media/ullmann/HDDGabriel/research/engines/o3de/Code/Editor/Util/ColumnSortProxyModel.cpp,1,0,1
/media/ullmann/HDDGabriel/research/engines/o3de/Code/Editor/Util/ColumnSortProxyModel.h,0,1,1
/media/ullmann/HDDGabriel/research/engines/o3de/Gems/EMotionFX/Code/EMotionFX/Tools/EMotionStudio/Plugins/StandardPlugins/Source/AnimGraph/ParameterEditor/BoolParameterEditor.cpp,1,0,1
/media/ullmann/HDDGabriel/research/engines/o3de/Code/Tools/AzTestRunner/src/main.cpp,1,0,1
/media/ullmann/HDDGabriel/research/engines/o3de/Code/Tools/AzTestRunner/src/aztestrunner.h,0,1,1
/media/ullmann/HDDGabriel/research/engines/o3de/Gems/Vegetation/Code/Source/Editor/EditorDescriptorWeightSelectorComponent.cpp,1,0,1
/media/ullmann/HDDGabriel/research/engines/o3de/Gems/Vegetation/Code/Source/Editor/EditorDescriptorWeightSelectorComponent.h,0,2,2
/media/ullmann/HDDGabriel/research/engines/o3de/Gems/AudioEngineWwise/Code/Source/Engine/AudioInput/AudioInputStream.h,0,1,1
/media/ullmann/HDDGabriel/research/engines/o3de/Gems/LmbrCentral/Code/Source/Shape/EditorBoxShapeComponent.h,2,3,5
/media/ullmann/HDDGabriel/research/engines/o3de/Gems/ScriptCanvas/Code/Include/ScriptCanvas/Translation/GraphToLua.h,4,0,4
/media/ullmann/HDDGabriel/research/engines/o3de/Gems/ScriptCanvas/Code/Include/ScriptCanvas/Translation/GraphToX.h,2,3,5
/media/ullmann/HDDGabriel/research/engines/o3de/Gems/EMotionFX/Code/EMotionFX/Tools/EMotionStudio/EMStudioSDK/Source/FileManager.cpp,3,0,3
/media/ullmann/HDDGabriel/research/engines/o3de/Gems/EMotionFX/Code/EMotionFX/Tools/EMotionStudio/EMStudioSDK/Source/FileManager.h,1,5,6
/media/ullmann/HDDGabriel/research/engines/o3de/Gems/EditorPythonBindings/Code/Tests/PythonLogSymbolsComponentTests.cpp,2,0,2
/media/ullmann/HDDGabriel/research/engines/o3de/Gems/LmbrCentral/Code/Source/Audio/AudioRtpcComponent.h,0,3,3
/media/ullmann/HDDGabriel/research/engines/o3de/Gems/WhiteBox/Code/Source/Viewport/WhiteBoxViewportConstants.cpp,1,0,1
/media/ullmann/HDDGabriel/research/engines/o3de/Gems/WhiteBox/Code/Source/Viewport/WhiteBoxViewportConstants.h,0,3,3
/media/ullmann/HDDGabriel/research/engines/o3de/Gems/LyShine/Code/Source/UiGameEntityContext.cpp,1,0,1
/media/ullmann/HDDGabriel/research/engines/o3de/Gems/LyShine/Code/Source/UiGameEntityContext.h,0,3,3
/media/ullmann/HDDGabriel/research/engines/o3de/Code/Editor/Plugins/ComponentEntityEditorPlugin/UI/Outliner/OutlinerTreeView.cpp,2,0,2
/media/ullmann/HDDGabriel/research/engines/o3de/Gems/LyShine/Code/Editor/UiEditorEntityContext.h,1,2,3
/media/ullmann/HDDGabriel/research/engines/o3de/Gems/ScriptCanvas/Code/Editor/Utilities/RecentFiles.cpp,2,0,2
/media/ullmann/HDDGabriel/research/engines/o3de/Gems/ScriptCanvas/Code/Editor/Utilities/CommonSettingsConfigurations.h,0,3,3
/media/ullmann/HDDGabriel/research/engines/o3de/Gems/AudioSystem/Code/Source/Editor/AudioSystemPanel.cpp,5,0,5
/media/ullmann/HDDGabriel/research/engines/o3de/Gems/WhiteBox/Code/Source/Rendering/Atom/TangentSpaceHelper.cpp,1,0,1
/media/ullmann/HDDGabriel/research/engines/o3de/Gems/WhiteBox/Code/Source/Rendering/Atom/TangentSpaceHelper.h,0,2,2
/media/ullmann/HDDGabriel/research/engines/o3de/Code/Editor/StringDlg.h,0,3,3
/media/ullmann/HDDGabriel/research/engines/o3de/Code/Tools/ProjectManager/Source/DownloadWorker.h,0,2,2
/media/ullmann/HDDGabriel/research/engines/o3de/Gems/Atom/Component/DebugCamera/Code/Source/DebugCameraUtils.cpp,1,0,1
/media/ullmann/HDDGabriel/research/engines/o3de/Gems/Atom/Component/DebugCamera/Code/Source/DebugCameraUtils.h,0,3,3
/media/ullmann/HDDGabriel/research/engines/o3de/Gems/LmbrCentral/Code/Tests/ReferenceShapeTests.cpp,1,0,1
/media/ullmann/HDDGabriel/research/engines/o3de/Code/Editor/TrackView/CommentKeyUIControls.cpp,2,0,2
/media/ullmann/HDDGabriel/research/engines/o3de/Gems/EMotionFX/Code/MCore/Source/Array2D.h,1,0,1
/media/ullmann/HDDGabriel/research/engines/o3de/Gems/EMotionFX/Code/MCore/Source/Array2D.inl,0,1,1
/media/ullmann/HDDGabriel/research/engines/o3de/Gems/RecastNavigation/Code/Source/Components/RecastNavigationMeshComponent.cpp,1,0,1
/media/ullmann/HDDGabriel/research/engines/o3de/Gems/RecastNavigation/Code/Source/Components/RecastNavigationMeshComponent.h,0,2,2
/media/ullmann/HDDGabriel/research/engines/o3de/Code/Tools/ProjectManager/Source/EngineInfo.cpp,1,0,1
/media/ullmann/HDDGabriel/research/engines/o3de/Gems/Maestro/Code/Source/Cinematics/AnimPostFXNode.h,1,3,4
/media/ullmann/HDDGabriel/research/engines/o3de/Gems/EMotionFX/Code/Tests/AnimGraphTransitionFixture.cpp,1,0,1
/media/ullmann/HDDGabriel/research/engines/o3de/Gems/AtomLyIntegration/CommonFeatures/Code/Source/Scripting/EditorEntityReferenceComponent.h,0,1,1
/media/ullmann/HDDGabriel/research/engines/o3de/Gems/LyShine/Code/Source/UiParticleEmitterComponent.h,1,4,5
/media/ullmann/HDDGabriel/research/engines/o3de/Code/Framework/AzToolsFramework/AzToolsFramework/UI/Logging/LogControl.h,1,4,5
/media/ullmann/HDDGabriel/research/engines/o3de/Code/Editor/Util/Platform/Windows/FileUtil_Windows.cpp,1,0,1
/media/ullmann/HDDGabriel/research/engines/o3de/Code/Editor/Util/FileUtil.h,3,1,4
/media/ullmann/HDDGabriel/research/engines/o3de/Gems/LyShine/Code/Tests/SpriteTest.cpp,1,0,1
/media/ullmann/HDDGabriel/research/engines/o3de/Gems/Maestro/Code/Source/Cinematics/ScreenFaderTrack.h,1,3,4
/media/ullmann/HDDGabriel/research/engines/o3de/Code/Legacy/CrySystem/XML/SerializeXMLReader.h,1,2,3
/media/ullmann/HDDGabriel/research/engines/o3de/Gems/AudioEngineWwise/Code/Source/Editor/AudioWwiseLoader.h,1,2,3
/media/ullmann/HDDGabriel/research/engines/o3de/Gems/AudioEngineWwise/Code/Source/Editor/AudioSystemControl_wwise.h,0,3,3
/media/ullmann/HDDGabriel/research/engines/o3de/Gems/EMotionFX/Code/Platform/Android/EMotionFX_Traits_Platform.h,1,0,1
/media/ullmann/HDDGabriel/research/engines/o3de/Gems/EMotionFX/Code/Platform/Android/EMotionFX_Traits_Android.h,0,1,1
/media/ullmann/HDDGabriel/research/engines/o3de/Code/Editor/QuickAccessBar.h,0,2,2
/media/ullmann/HDDGabriel/research/engines/o3de/Code/Framework/AzCore/Tests/AZStd/LockTests.cpp,1,0,1
/media/ullmann/HDDGabriel/research/engines/o3de/Gems/MotionMatching/Code/Source/Frame.cpp,2,0,2
/media/ullmann/HDDGabriel/research/engines/o3de/Gems/Maestro/Code/Source/Cinematics/SequenceTrack.h,1,4,5
/media/ullmann/HDDGabriel/research/engines/o3de/Code/Tools/ProjectManager/Source/ProjectsScreen.cpp,9,0,9
/media/ullmann/HDDGabriel/research/engines/o3de/Code/Tools/ProjectManager/Source/ProjectBuilderController.h,1,2,3
/media/ullmann/HDDGabriel/research/engines/o3de/Gems/ScriptCanvas/Code/Include/ScriptCanvas/Core/Datum.h,0,1,1
/media/ullmann/HDDGabriel/research/engines/o3de/Code/Editor/Plugins/EditorAssetImporter/ImporterRootDisplay.cpp,1,0,1
/media/ullmann/HDDGabriel/research/engines/o3de/Code/Editor/Plugins/EditorAssetImporter/ImporterRootDisplay.h,0,2,2
/media/ullmann/HDDGabriel/research/engines/o3de/Code/Editor/Plugins/ProjectSettingsTool/LastPathBus.h,0,2,2
/media/ullmann/HDDGabriel/research/engines/o3de/Gems/AudioSystem/Code/Source/Editor/QTreeWidgetFilter.cpp,1,0,1
/media/ullmann/HDDGabriel/research/engines/o3de/Code/Framework/AzFramework/AzFramework/Viewport/ViewportConstants.cpp,1,0,1
/media/ullmann/HDDGabriel/research/engines/o3de/Code/Framework/AzFramework/AzFramework/Viewport/ViewportConstants.h,0,1,1
/media/ullmann/HDDGabriel/research/engines/o3de/Gems/EMotionFX/Code/EMotionFX/Source/SkinningInfoVertexAttributeLayer.h,2,5,7
/media/ullmann/HDDGabriel/research/engines/o3de/Code/Framework/AzToolsFramework/AzToolsFramework/UI/PropertyEditor/ThumbnailPropertyCtrl.cpp,1,0,1
/media/ullmann/HDDGabriel/research/engines/o3de/Code/Framework/AzToolsFramework/AzToolsFramework/UI/PropertyEditor/ThumbnailPropertyCtrl.h,0,1,1
/media/ullmann/HDDGabriel/research/engines/o3de/Code/Tools/AssetProcessor/native/resourcecompiler/RCQueueSortModel.cpp,1,0,1
/media/ullmann/HDDGabriel/research/engines/o3de/Gems/EMotionFX/Code/EMotionFX/Tools/EMotionStudio/Plugins/StandardPlugins/Source/AnimGraph/ParameterEditor/Vector4ParameterEditor.cpp,1,0,1
/media/ullmann/HDDGabriel/research/engines/o3de/Gems/EMotionFX/Code/EMotionFX/Tools/EMotionStudio/Plugins/StandardPlugins/Source/AnimGraph/ParameterEditor/Vector4ParameterEditor.h,1,2,3
/media/ullmann/HDDGabriel/research/engines/o3de/Gems/LyShine/Code/Editor/AssetTreeEntry.cpp,2,0,2
/media/ullmann/HDDGabriel/research/engines/o3de/Gems/EMotionFX/Code/EMotionFX/CommandSystem/Source/MorphTargetCommands.h,1,1,2
/media/ullmann/HDDGabriel/research/engines/o3de/Code/Editor/Export/ExportManager.h,0,3,3
/media/ullmann/HDDGabriel/research/engines/o3de/Gems/Multiplayer/Code/Source/Debug/MultiplayerDebugAuditTrail.cpp,1,0,1
/media/ullmann/HDDGabriel/research/engines/o3de/Gems/Multiplayer/Code/Source/Debug/MultiplayerDebugAuditTrail.h,0,2,2
/media/ullmann/HDDGabriel/research/engines/o3de/Code/Tools/ProjectManager/Source/FormImageBrowseEditWidget.cpp,1,0,1
/media/ullmann/HDDGabriel/research/engines/o3de/Code/Editor/Util/PathUtil.cpp,1,0,1
/media/ullmann/HDDGabriel/research/engines/o3de/Code/Editor/Util/PathUtil.h,0,2,2
/media/ullmann/HDDGabriel/research/engines/o3de/Code/Editor/Plugins/ProjectSettingsTool/PlistDictionary.cpp,1,0,1
/media/ullmann/HDDGabriel/research/engines/o3de/Code/Editor/Plugins/ProjectSettingsTool/PlistDictionary.h,0,3,3
/media/ullmann/HDDGabriel/research/engines/o3de/Gems/ScriptCanvas/Code/Include/ScriptCanvas/Libraries/Deprecated/UnitTesting/ExpectEqual.cpp,1,0,1
/media/ullmann/HDDGabriel/research/engines/o3de/Gems/ScriptCanvas/Code/Include/ScriptCanvas/Libraries/Deprecated/UnitTesting/ExpectEqual.h,0,1,1
/media/ullmann/HDDGabriel/research/engines/o3de/Code/Editor/Util/ImageUtil.cpp,1,0,1
/media/ullmann/HDDGabriel/research/engines/o3de/Code/Editor/Util/ImageUtil.h,0,2,2
/media/ullmann/HDDGabriel/research/engines/o3de/Code/Tools/RemoteConsole/Platform/Mac/RemoteConsole_Traits_Platform.h,1,0,1
/media/ullmann/HDDGabriel/research/engines/o3de/Code/Tools/RemoteConsole/Platform/Mac/RemoteConsole_Traits_Mac.h,0,1,1
/media/ullmann/HDDGabriel/research/engines/o3de/Code/Editor/LogFile.h,0,4,4
/media/ullmann/HDDGabriel/research/engines/o3de/Gems/EMotionFX/Code/EMotionFX/Tools/EMotionStudio/EMStudioSDK/Source/DockWidgetPlugin.cpp,4,0,4
/media/ullmann/HDDGabriel/research/engines/o3de/Gems/EMotionFX/Code/EMotionFX/Tools/EMotionStudio/EMStudioSDK/Source/RemovePluginOnCloseDockWidget.h,0,2,2
/media/ullmann/HDDGabriel/research/engines/o3de/Code/Tools/TestImpactFramework/Frontend/Console/Native/Code/Source/TestImpactConsoleMain.cpp,2,0,2
/media/ullmann/HDDGabriel/research/engines/o3de/Gems/EMotionFX/Code/EMotionFX/Tools/EMotionStudio/Plugins/StandardPlugins/Source/AnimGraph/StateFilterSelectionWindow.h,1,1,2
/media/ullmann/HDDGabriel/research/engines/o3de/Gems/ScriptCanvas/Code/Include/ScriptCanvas/Core/NodeFunctionGeneric.h,2,0,2
/media/ullmann/HDDGabriel/research/engines/o3de/Gems/ScriptCanvas/Code/Include/ScriptCanvas/Core/Attributes.h,0,3,3
/media/ullmann/HDDGabriel/research/engines/o3de/Gems/DiffuseProbeGrid/Code/Source/Platform/Android/DiffuseProbeGrid_Traits_Platform.h,1,0,1
/media/ullmann/HDDGabriel/research/engines/o3de/Gems/DiffuseProbeGrid/Code/Source/Platform/Android/DiffuseProbeGrid_Traits_Android.h,0,1,1
/media/ullmann/HDDGabriel/research/engines/o3de/Gems/StartingPointCamera/Code/Source/CameraLookAtBehaviors/OffsetPosition.h,0,2,2
/media/ullmann/HDDGabriel/research/engines/o3de/Gems/Vegetation/Code/Source/Editor/EditorSpawnerComponent.cpp,1,0,1
/media/ullmann/HDDGabriel/research/engines/o3de/Code/Editor/Core/EditorActionsHandler.h,0,1,1
/media/ullmann/HDDGabriel/research/engines/o3de/Code/Editor/Util/FileUtil_Common.cpp,1,0,1
/media/ullmann/HDDGabriel/research/engines/o3de/Gems/AWSMetrics/Code/Source/IdentityProvider.cpp,1,0,1
/media/ullmann/HDDGabriel/research/engines/o3de/Gems/AWSMetrics/Code/Source/DefaultClientIdProvider.h,1,3,4
/media/ullmann/HDDGabriel/research/engines/o3de/Gems/PhysX/Code/Editor/ColliderCapsuleMode.cpp,1,0,1
/media/ullmann/HDDGabriel/research/engines/o3de/Gems/PhysX/Code/Editor/ColliderCapsuleMode.h,0,2,2
/media/ullmann/HDDGabriel/research/engines/o3de/Code/Editor/Util/AutoLogTime.cpp,1,0,1
/media/ullmann/HDDGabriel/research/engines/o3de/Code/Editor/Util/AutoLogTime.h,0,2,2
/media/ullmann/HDDGabriel/research/engines/o3de/Gems/LmbrCentral/Code/Source/Builders/LevelBuilder/LevelBuilderComponent.h,1,2,3
/media/ullmann/HDDGabriel/research/engines/o3de/Gems/Atom/Tools/MaterialCanvas/Code/Source/main.cpp,1,0,1
/media/ullmann/HDDGabriel/research/engines/o3de/Gems/Atom/Tools/MaterialCanvas/Code/Source/MaterialCanvasApplication.h,1,2,3
/media/ullmann/HDDGabriel/research/engines/o3de/Code/Editor/Util/Platform/Linux/FileUtil_Linux.cpp,1,0,1
/media/ullmann/HDDGabriel/research/engines/o3de/Gems/ScriptCanvas/Code/Editor/View/Widgets/CanvasWidget.cpp,1,0,1
/media/ullmann/HDDGabriel/research/engines/o3de/Gems/ScriptCanvas/Code/Editor/View/Widgets/CanvasWidget.h,0,1,1
/media/ullmann/HDDGabriel/research/engines/o3de/Gems/Maestro/Code/Source/Cinematics/LayerNode.cpp,1,0,1
/media/ullmann/HDDGabriel/research/engines/o3de/Gems/Maestro/Code/Source/Cinematics/LayerNode.h,1,3,4
/media/ullmann/HDDGabriel/research/engines/o3de/Gems/Atom/Asset/Shader/Code/Source/Editor/AzslShaderBuilderModule.cpp,1,0,1
/media/ullmann/HDDGabriel/research/engines/o3de/Code/Framework/AzQtComponents/AzQtComponents/Gallery/TabWidgetPage.h,0,2,2
/media/ullmann/HDDGabriel/research/engines/o3de/Code/Editor/GotoPositionDlg.h,0,2,2
/media/ullmann/HDDGabriel/research/engines/o3de/Gems/EMotionFX/Code/Tests/Vector2ToVector3CompatibilityTests.cpp,1,0,1
/media/ullmann/HDDGabriel/research/engines/o3de/Code/Editor/Util/AbstractGroupProxyModel.cpp,1,0,1
/media/ullmann/HDDGabriel/research/engines/o3de/Code/Editor/Util/AbstractGroupProxyModel.h,0,2,2
/media/ullmann/HDDGabriel/research/engines/o3de/Gems/SurfaceData/Code/Source/SurfaceDataModule.cpp,1,0,1
/media/ullmann/HDDGabriel/research/engines/o3de/Gems/SurfaceData/Code/Source/SurfaceDataModule.h,0,2,2
/media/ullmann/HDDGabriel/research/engines/o3de/Gems/AtomLyIntegration/CommonFeatures/Code/Source/ImageBasedLights/EditorImageBasedLightComponent.h,0,1,1
/media/ullmann/HDDGabriel/research/engines/o3de/Gems/GradientSignal/Code/Source/Editor/EditorGradientSurfaceDataComponent.h,0,2,2
/media/ullmann/HDDGabriel/research/engines/o3de/Code/Editor/UsedResources.cpp,3,0,3
/media/ullmann/HDDGabriel/research/engines/o3de/AutomatedTesting/Gem/Code/Source/AutomatedTestingModule.cpp,1,0,1
/media/ullmann/HDDGabriel/research/engines/o3de/AutomatedTesting/Gem/Code/Source/AutomatedTestingSystemComponent.h,0,2,2
/media/ullmann/HDDGabriel/research/engines/o3de/Code/Framework/AzFramework/AzFramework/Asset/XmlSchemaAsset.cpp,1,0,1
/media/ullmann/HDDGabriel/research/engines/o3de/Code/Framework/AzFramework/AzFramework/Asset/XmlSchemaAsset.h,0,1,1
/media/ullmann/HDDGabriel/research/engines/o3de/Gems/Profiler/Code/Source/CpuProfiler.h,0,4,4
/media/ullmann/HDDGabriel/research/engines/o3de/Code/Editor/SettingsManager.cpp,6,0,6
/media/ullmann/HDDGabriel/research/engines/o3de/Gems/EMotionFX/Code/MCore/Source/FileSystem.h,1,2,3
/media/ullmann/HDDGabriel/research/engines/o3de/Gems/VirtualGamepad/Code/Source/VirtualGamepadThumbStickComponent.cpp,1,0,1
/media/ullmann/HDDGabriel/research/engines/o3de/Code/Framework/AzFramework/AzFramework/Script/ScriptDebugAgentBus.h,0,1,1
/media/ullmann/HDDGabriel/research/engines/o3de/Code/Editor/AssetImporter/UI/ProcessingAssetsDialog.cpp,1,0,1
/media/ullmann/HDDGabriel/research/engines/o3de/Code/Editor/AssetImporter/UI/ProcessingAssetsDialog.h,0,1,1
/media/ullmann/HDDGabriel/research/engines/o3de/Code/Tools/AssetProcessor/native/AssetManager/assetScannerWorker.h,1,1,2
/media/ullmann/HDDGabriel/research/engines/o3de/Code/Tools/AssetProcessor/native/AssetManager/assetScanFolderInfo.h,0,2,2
/media/ullmann/HDDGabriel/research/engines/o3de/Gems/ScriptEvents/Code/Include/ScriptEvents/ScriptEventRegistration.h,1,3,4
/media/ullmann/HDDGabriel/research/engines/o3de/Gems/EMotionFX/Code/MCore/Source/DelaunayTriangulator.cpp,2,0,2
/media/ullmann/HDDGabriel/research/engines/o3de/Gems/EMotionFX/Code/MCore/Source/DelaunayTriangulator.h,1,1,2
/media/ullmann/HDDGabriel/research/engines/o3de/Gems/GraphCanvas/Code/Source/Translation/TranslationBuilder.h,0,2,2
/media/ullmann/HDDGabriel/research/engines/o3de/Code/Editor/GameResourcesExporter.h,0,2,2
/media/ullmann/HDDGabriel/research/engines/o3de/Gems/EMotionFX/Code/MCore/Source/CompressedFloat.h,3,0,3
/media/ullmann/HDDGabriel/research/engines/o3de/Gems/Multiplayer/Code/Tests/CommonBenchmarkSetup.h,1,2,3
/media/ullmann/HDDGabriel/research/engines/o3de/Gems/AtomTressFX/External/Code/src/TressFX/TressFXSimulation.cpp,4,0,4
/media/ullmann/HDDGabriel/research/engines/o3de/Gems/Maestro/Code/Source/Cinematics/CharacterTrack.h,1,4,5
/media/ullmann/HDDGabriel/research/engines/o3de/Gems/EMotionFX/Code/EMotionFX/Source/Parameter/Vector3GizmoParameter.h,1,1,2
/media/ullmann/HDDGabriel/research/engines/o3de/Gems/ScriptCanvas/Code/Include/ScriptCanvas/Debugger/ClientTransceiver.cpp,3,0,3
/media/ullmann/HDDGabriel/research/engines/o3de/Gems/ScriptCanvas/Code/Include/ScriptCanvas/Debugger/Messages/Request.h,0,3,3
/media/ullmann/HDDGabriel/research/engines/o3de/Gems/LmbrCentral/Code/Tests/TubeShapeTest.cpp,1,0,1
/media/ullmann/HDDGabriel/research/engines/o3de/Gems/Camera/Code/Source/EditorCameraComponent.h,2,4,6
/media/ullmann/HDDGabriel/research/engines/o3de/Gems/CameraFramework/Code/Source/CameraRigComponent.cpp,1,0,1
/media/ullmann/HDDGabriel/research/engines/o3de/Gems/CameraFramework/Code/Source/CameraRigComponent.h,0,2,2
/media/ullmann/HDDGabriel/research/engines/o3de/Gems/EMotionFX/Code/EMotionFX/Tools/EMotionStudio/Plugins/StandardPlugins/Source/AnimGraph/AnimGraphHierarchyWidget.h,1,0,1
/media/ullmann/HDDGabriel/research/engines/o3de/Gems/ExpressionEvaluation/Code/Source/ExpressionEngine/InternalTypes.h,0,1,1
/media/ullmann/HDDGabriel/research/engines/o3de/Gems/LyShine/Code/Source/Script/UiCanvasNotificationLuaBus.h,0,2,2
/media/ullmann/HDDGabriel/research/engines/o3de/Code/Legacy/CryCommon/CryRandomInternal.h,4,1,5
/media/ullmann/HDDGabriel/research/engines/o3de/Code/Legacy/CryCommon/NullAudioSystem.h,1,0,1
/media/ullmann/HDDGabriel/research/engines/o3de/Code/Tools/LuaIDE/Source/LUA/BreakpointPanel.cpp,1,0,1
/media/ullmann/HDDGabriel/research/engines/o3de/Code/Tools/LuaIDE/Source/LUA/BreakpointPanel.hxx,1,1,2
/media/ullmann/HDDGabriel/research/engines/o3de/Gems/WhiteBox/Code/Tests/WhiteBoxComponentTest.cpp,2,0,2
/media/ullmann/HDDGabriel/research/engines/o3de/Gems/AtomLyIntegration/CommonFeatures/Code/Source/PostProcess/DisplayMapper/DisplayMapperComponent.h,0,1,1
/media/ullmann/HDDGabriel/research/engines/o3de/Code/Framework/AzToolsFramework/AzToolsFramework/UI/PropertyEditor/DHQComboBox.cpp,1,0,1
/media/ullmann/HDDGabriel/research/engines/o3de/Code/Framework/AzToolsFramework/AzToolsFramework/UI/PropertyEditor/DHQComboBox.hxx,0,4,4
/media/ullmann/HDDGabriel/research/engines/o3de/Gems/GraphCanvas/Code/Source/Components/Nodes/General/GeneralSlotLayoutComponent.h,0,2,2
/media/ullmann/HDDGabriel/research/engines/o3de/Gems/PhysX/Code/Tests/ShapeGeometryTests.cpp,3,0,3
/media/ullmann/HDDGabriel/research/engines/o3de/Gems/EMotionFX/Code/EMotionFX/Source/RepositioningLayerPass.h,2,1,3
/media/ullmann/HDDGabriel/research/engines/o3de/Code/Editor/DisplaySettingsPythonFuncs.h,0,2,2
/media/ullmann/HDDGabriel/research/engines/o3de/Gems/MotionMatching/Code/Tests/MinMaxScalerTests.cpp,1,0,1
/media/ullmann/HDDGabriel/research/engines/o3de/Gems/MotionMatching/Code/Tests/Fixture.h,0,3,3
/media/ullmann/HDDGabriel/research/engines/o3de/Code/Editor/KeyboardCustomizationSettings.cpp,2,0,2
/media/ullmann/HDDGabriel/research/engines/o3de/Gems/Atom/Asset/ImageProcessingAtom/Code/Source/BuilderSettings/BuilderSettingManager.h,0,3,3
/media/ullmann/HDDGabriel/research/engines/o3de/Gems/LandscapeCanvas/Code/Source/Editor/Nodes/Areas/BlockerAreaNode.h,0,2,2
/media/ullmann/HDDGabriel/research/engines/o3de/Code/Framework/AzFramework/AzFramework/Physics/CollisionBus.cpp,1,0,1
/media/ullmann/HDDGabriel/research/engines/o3de/Code/Framework/AzFramework/AzFramework/Physics/CollisionBus.h,0,1,1
/media/ullmann/HDDGabriel/research/engines/o3de/Gems/EMotionFX/Code/EMotionFX/Source/Parameter/Vector2Parameter.cpp,1,0,1
/media/ullmann/HDDGabriel/research/engines/o3de/Gems/EMotionFX/Code/EMotionFX/Source/Parameter/Vector2Parameter.h,1,1,2
/media/ullmann/HDDGabriel/research/engines/o3de/Gems/ScriptCanvas/Code/Editor/View/Widgets/NodePalette/SpecializedNodePaletteTreeItemTypes.h,1,1,2
/media/ullmann/HDDGabriel/research/engines/o3de/Code/Legacy/CryCommon/CryAssert.h,0,4,4
/media/ullmann/HDDGabriel/research/engines/o3de/Code/Framework/AzCore/AzCore/std/hash.h,2,0,2
/media/ullmann/HDDGabriel/research/engines/o3de/Code/Framework/AzCore/AzCore/std/typetraits/is_abstract.h,0,1,1
/media/ullmann/HDDGabriel/research/engines/o3de/Code/Tools/RemoteConsole/Platform/iOS/RemoteConsole_Traits_Platform.h,1,0,1
/media/ullmann/HDDGabriel/research/engines/o3de/Code/Tools/RemoteConsole/Platform/iOS/RemoteConsole_Traits_iOS.h,0,1,1
/media/ullmann/HDDGabriel/research/engines/o3de/Gems/StartingPointCamera/Code/Source/CameraTargetAcquirers/AcquireByTag.cpp,1,0,1
/media/ullmann/HDDGabriel/research/engines/o3de/Gems/StartingPointCamera/Code/Source/CameraTargetAcquirers/AcquireByTag.h,0,2,2
/media/ullmann/HDDGabriel/research/engines/o3de/Gems/AudioSystem/Code/Source/Editor/InspectorPanel.h,3,2,5
/media/ullmann/HDDGabriel/research/engines/o3de/Gems/ScriptCanvas/Code/Editor/View/Widgets/PropertyGridContextMenu.cpp,1,0,1
/media/ullmann/HDDGabriel/research/engines/o3de/Gems/ScriptCanvas/Code/Editor/View/Widgets/PropertyGrid.h,1,2,3
/media/ullmann/HDDGabriel/research/engines/o3de/Gems/EMotionFX/Code/EMotionFX/Source/AnimGraphEventBuffer.h,2,4,6
/media/ullmann/HDDGabriel/research/engines/o3de/Gems/EMotionFX/Code/EMotionFX/Tools/EMotionStudio/EMStudioSDK/Source/Workspace.h,1,2,3
/media/ullmann/HDDGabriel/research/engines/o3de/Gems/ScriptCanvas/Code/Include/ScriptCanvas/Libraries/Deprecated/Operators/Containers/OperatorBack.cpp,1,0,1
/media/ullmann/HDDGabriel/research/engines/o3de/Gems/ScriptCanvas/Code/Include/ScriptCanvas/Libraries/Deprecated/Operators/Containers/OperatorBack.h,1,1,2
/media/ullmann/HDDGabriel/research/engines/o3de/Gems/EMotionFX/Code/Tests/ColliderCommandTests.cpp,1,0,1
/media/ullmann/HDDGabriel/research/engines/o3de/Gems/EMotionFX/Code/EMotionFX/Tools/EMotionStudio/Plugins/StandardPlugins/Source/SceneManager/ActorsWindow.h,1,2,3
/media/ullmann/HDDGabriel/research/engines/o3de/Gems/Maestro/Code/Source/Cinematics/AnimComponentNode.cpp,2,0,2
/media/ullmann/HDDGabriel/research/engines/o3de/Gems/Maestro/Code/Source/Cinematics/AnimComponentNode.h,2,4,6
/media/ullmann/HDDGabriel/research/engines/o3de/Gems/GraphCanvas/Code/Source/Components/Slots/Extender/ExtenderSlotComponent.h,0,2,2
/media/ullmann/HDDGabriel/research/engines/o3de/Code/Tools/TestImpactFramework/Runtime/Python/Code/Source/Artifact/Static/TestImpactPythonTestTargetMeta.h,0,1,1
/media/ullmann/HDDGabriel/research/engines/o3de/Code/Legacy/CrySystem/DebugCallStack.cpp,3,0,3
/media/ullmann/HDDGabriel/research/engines/o3de/Code/Framework/AzToolsFramework/AzToolsFramework/UI/PropertyEditor/ComponentEditorHeader.cpp,2,0,2
/media/ullmann/HDDGabriel/research/engines/o3de/Code/Editor/ToolBox.cpp,4,0,4
/media/ullmann/HDDGabriel/research/engines/o3de/Gems/LandscapeCanvas/Code/Source/Editor/Nodes/Shapes/CompoundShapeNode.cpp,1,0,1
/media/ullmann/HDDGabriel/research/engines/o3de/Gems/LandscapeCanvas/Code/Source/Editor/Nodes/AreaFilters/DistributionFilterNode.cpp,1,0,1
/media/ullmann/HDDGabriel/research/engines/o3de/Gems/LandscapeCanvas/Code/Source/Editor/Nodes/AreaFilters/DistributionFilterNode.h,0,2,2
/media/ullmann/HDDGabriel/research/engines/o3de/Gems/EMotionFX/Code/MCore/Source/CommandLine.cpp,5,0,5
/media/ullmann/HDDGabriel/research/engines/o3de/Gems/WhiteBox/Code/Source/Viewport/WhiteBoxEdgeScaleModifier.cpp,1,0,1
/media/ullmann/HDDGabriel/research/engines/o3de/Gems/WhiteBox/Code/Source/Viewport/WhiteBoxEdgeScaleModifier.h,0,1,1
/media/ullmann/HDDGabriel/research/engines/o3de/Gems/Meshlets/Code/Source/Meshlets/MeshletsRenderObject.cpp,3,0,3
/media/ullmann/HDDGabriel/research/engines/o3de/Gems/AudioSystem/Code/Source/Editor/QConnectionsWidget.h,1,2,3
/media/ullmann/HDDGabriel/research/engines/o3de/Gems/EMotionFX/Code/MCore/Source/FastMath.cpp,1,0,1
/media/ullmann/HDDGabriel/research/engines/o3de/Gems/DiffuseProbeGrid/Code/Source/DiffuseProbeGridModule.h,0,1,1
/media/ullmann/HDDGabriel/research/engines/o3de/Gems/VirtualGamepad/Code/Source/VirtualGamepadButtonComponent.cpp,1,0,1
/media/ullmann/HDDGabriel/research/engines/o3de/Gems/VirtualGamepad/Code/Source/VirtualGamepadButtonComponent.h,1,2,3
/media/ullmann/HDDGabriel/research/engines/o3de/Gems/Maestro/Code/Source/Cinematics/CVarNode.h,1,3,4
/media/ullmann/HDDGabriel/research/engines/o3de/Code/Editor/ViewPane.cpp,11,0,11
/media/ullmann/HDDGabriel/research/engines/o3de/Gems/LmbrCentral/Code/Source/Shape/EditorPolygonPrismShapeComponentMode.cpp,1,0,1
/media/ullmann/HDDGabriel/research/engines/o3de/Gems/LmbrCentral/Code/Source/Shape/EditorPolygonPrismShapeComponentMode.h,0,2,2
/media/ullmann/HDDGabriel/research/engines/o3de/Code/Editor/AzAssetBrowser/AzAssetBrowserWindow.cpp,1,0,1
/media/ullmann/HDDGabriel/research/engines/o3de/Code/Editor/AzAssetBrowser/AzAssetBrowserWindow.h,0,3,3
/media/ullmann/HDDGabriel/research/engines/o3de/Code/Editor/TrackView/TVCustomizeTrackColorsDlg.cpp,2,0,2
/media/ullmann/HDDGabriel/research/engines/o3de/Code/Editor/TrackView/TVCustomizeTrackColorsDlg.h,0,3,3
/media/ullmann/HDDGabriel/research/engines/o3de/Gems/AWSGameLift/Code/AWSGameLiftClient/Source/Activity/AWSGameLiftAcceptMatchActivity.h,0,1,1
/media/ullmann/HDDGabriel/research/engines/o3de/Gems/LyShine/Code/Editor/PropertiesContainer.cpp,2,0,2
/media/ullmann/HDDGabriel/research/engines/o3de/Gems/ScriptEvents/Code/Source/ScriptEventsGem.cpp,1,0,1
/media/ullmann/HDDGabriel/research/engines/o3de/Gems/ScriptCanvas/Code/Include/ScriptCanvas/Libraries/Deprecated/UnitTesting/ExpectGreaterThan.cpp,1,0,1
/media/ullmann/HDDGabriel/research/engines/o3de/Gems/ScriptCanvas/Code/Include/ScriptCanvas/Libraries/Deprecated/UnitTesting/ExpectGreaterThan.h,0,1,1
/media/ullmann/HDDGabriel/research/engines/o3de/Gems/Atom/Feature/Common/Code/Source/Material/UseTextureFunctorSourceData.cpp,1,0,1
/media/ullmann/HDDGabriel/research/engines/o3de/Gems/Atom/Feature/Common/Code/Source/Material/UseTextureFunctorSourceData.h,1,1,2
/media/ullmann/HDDGabriel/research/engines/o3de/Code/Framework/AzToolsFramework/AzToolsFramework/UI/UICore/AspectRatioAwarePixmapWidget.cpp,1,0,1
/media/ullmann/HDDGabriel/research/engines/o3de/Code/Framework/AzToolsFramework/AzToolsFramework/UI/UICore/AspectRatioAwarePixmapWidget.hxx,0,1,1
/media/ullmann/HDDGabriel/research/engines/o3de/Gems/LmbrCentral/Code/Source/Shape/EditorDiskShapeComponent.cpp,4,0,4
/media/ullmann/HDDGabriel/research/engines/o3de/Gems/EMotionFX/Code/EMotionFX/Source/KeyTrackLinearDynamic.h,5,0,5
/media/ullmann/HDDGabriel/research/engines/o3de/Gems/EMotionFX/Code/EMotionFX/Source/KeyFrameFinder.h,2,1,3
/media/ullmann/HDDGabriel/research/engines/o3de/Gems/ScriptAutomation/Code/Source/ScriptAutomationScriptBindings.h,0,2,2
/media/ullmann/HDDGabriel/research/engines/o3de/Gems/EMotionFX/Code/MCore/Source/AttributeString.h,2,2,4
/media/ullmann/HDDGabriel/research/engines/o3de/Code/Tools/ProjectManager/Source/GemCatalog/GemItemDelegate.h,1,0,1
/media/ullmann/HDDGabriel/research/engines/o3de/Code/Tools/ProjectManager/Source/GemCatalog/GemInfo.h,0,3,3
/media/ullmann/HDDGabriel/research/engines/o3de/Code/Framework/AzToolsFramework/AzToolsFramework/SQLite/SQLiteBoundColumnSet.cpp,1,0,1
/media/ullmann/HDDGabriel/research/engines/o3de/Code/Framework/AzToolsFramework/AzToolsFramework/SQLite/SQLiteBoundColumnSet.h,1,1,2
/media/ullmann/HDDGabriel/research/engines/o3de/Templates/CppToolGem/Template/Code/Source/Clients/${Name}SystemComponent.cpp,1,0,1
/media/ullmann/HDDGabriel/research/engines/o3de/Templates/CppToolGem/Template/Code/Source/Clients/${Name}SystemComponent.h,0,3,3
/media/ullmann/HDDGabriel/research/engines/o3de/Code/Editor/Plugins/EditorAssetImporter/AssetImporterPlugin.h,2,4,6
/media/ullmann/HDDGabriel/research/engines/o3de/Code/Editor/TrackView/TrackViewDialog.cpp,5,0,5
/media/ullmann/HDDGabriel/research/engines/o3de/Code/Editor/TrackView/TVSequenceProps.h,0,2,2
/media/ullmann/HDDGabriel/research/engines/o3de/Gems/Atom/Asset/Shader/Code/Tests/ShaderBuildArgumentsTests.cpp,1,0,1
/media/ullmann/HDDGabriel/research/engines/o3de/Gems/Atom/Asset/Shader/Code/Tests/Common/ShaderBuilderTestFixture.h,0,4,4
/media/ullmann/HDDGabriel/research/engines/o3de/Gems/ImGui/External/ImGui/v1.82/imgui/imgui_internal.h,1,4,5
/media/ullmann/HDDGabriel/research/engines/o3de/Code/Editor/Undo/IUndoManagerListener.h,0,3,3
/media/ullmann/HDDGabriel/research/engines/o3de/Gems/LyShine/Code/Source/Animation/BoolTrack.cpp,2,0,2
/media/ullmann/HDDGabriel/research/engines/o3de/Gems/ScriptCanvas/Code/Include/ScriptCanvas/Core/NodeableNodeOverloaded.cpp,1,0,1
/media/ullmann/HDDGabriel/research/engines/o3de/Gems/ScriptCanvas/Code/Include/ScriptCanvas/Core/NodeableNodeOverloaded.h,0,1,1
/media/ullmann/HDDGabriel/research/engines/o3de/Gems/LmbrCentral/Code/Source/Shape/CompoundShapeComponent.h,0,4,4
/media/ullmann/HDDGabriel/research/engines/o3de/Code/Framework/AzCore/Tests/TestCatalog.cpp,2,0,2
/media/ullmann/HDDGabriel/research/engines/o3de/Code/Framework/AzToolsFramework/AzToolsFramework/ToolsComponents/TransformComponent.h,2,2,4
/media/ullmann/HDDGabriel/research/engines/o3de/Code/LauncherUnified/Platform/Mac/Launcher_Traits_Platform.h,1,0,1
/media/ullmann/HDDGabriel/research/engines/o3de/Code/LauncherUnified/Platform/Mac/Launcher_Traits_Mac.h,0,1,1
/media/ullmann/HDDGabriel/research/engines/o3de/Gems/EMotionFX/Code/EMotionFX/Source/Event.h,1,2,3
/media/ullmann/HDDGabriel/research/engines/o3de/Gems/Gestures/Code/Source/InputChannelGestureRotate.cpp,1,0,1
/media/ullmann/HDDGabriel/research/engines/o3de/Gems/Atom/RPI/Code/Source/Platform/Android/Atom_RPI_Traits_Platform.h,1,0,1
/media/ullmann/HDDGabriel/research/engines/o3de/Gems/Atom/RPI/Code/Source/Platform/Android/Atom_RPI_Traits_Android.h,0,1,1
/media/ullmann/HDDGabriel/research/engines/o3de/Gems/LyShineExamples/Code/Source/LyShineExamplesSystemComponent.h,2,2,4
/media/ullmann/HDDGabriel/research/engines/o3de/Gems/LyShineExamples/Code/Source/LyShineExamplesInternalBus.h,0,2,2
/media/ullmann/HDDGabriel/research/engines/o3de/Code/Legacy/CryCommon/MathConversion.h,3,0,3
/media/ullmann/HDDGabriel/research/engines/o3de/Gems/Terrain/Code/Tests/TerrainWorldRendererComponentTests.cpp,1,0,1
/media/ullmann/HDDGabriel/research/engines/o3de/Code/Legacy/CrySystem/XConsoleVariable.cpp,3,0,3
/media/ullmann/HDDGabriel/research/engines/o3de/Code/Tools/AssetProcessor/native/tests/assetmanager/AssetProcessorManagerTest.cpp,1,0,1
/media/ullmann/HDDGabriel/research/engines/o3de/Code/Tools/AssetProcessor/native/tests/assetmanager/AssetProcessorManagerTest.h,0,1,1
/media/ullmann/HDDGabriel/research/engines/o3de/Code/Editor/GameEngine.cpp,11,0,11
/media/ullmann/HDDGabriel/research/engines/o3de/Code/Editor/EditorFileMonitor.cpp,3,0,3
/media/ullmann/HDDGabriel/research/engines/o3de/Gems/Atom/Feature/Common/Code/Source/ImGui/ImGuiSystemComponent.h,0,1,1
/media/ullmann/HDDGabriel/research/engines/o3de/Code/Framework/AzToolsFramework/AzToolsFramework/UI/PropertyEditor/PropertyFilePathCtrl.cpp,1,0,1
/media/ullmann/HDDGabriel/research/engines/o3de/Code/Framework/AzToolsFramework/AzToolsFramework/UI/PropertyEditor/PropertyFilePathCtrl.h,1,1,2
/media/ullmann/HDDGabriel/research/engines/o3de/Code/Legacy/CryCommon/Vertex.h,0,2,2
/media/ullmann/HDDGabriel/research/engines/o3de/Gems/LyShine/Code/Editor/FindEntityWidget.h,0,2,2
/media/ullmann/HDDGabriel/research/engines/o3de/Gems/WhiteBox/Code/Source/EditorWhiteBoxComponentModeBus.h,0,3,3
/media/ullmann/HDDGabriel/research/engines/o3de/Code/Legacy/CrySystem/ConsoleHelpGen.cpp,3,0,3
/media/ullmann/HDDGabriel/research/engines/o3de/Code/Legacy/CrySystem/ConsoleHelpGen.h,1,2,3
/media/ullmann/HDDGabriel/research/engines/o3de/Gems/AudioEngineWwise/Code/Source/Editor/AudioWwiseLoader.cpp,2,0,2
/media/ullmann/HDDGabriel/research/engines/o3de/Gems/Atom/RPI/Code/Source/RPI.Builders/BuilderModule.cpp,4,0,4
/media/ullmann/HDDGabriel/research/engines/o3de/Gems/Atom/RPI/Code/Source/RPI.Builders/BuilderComponent.h,0,2,2
/media/ullmann/HDDGabriel/research/engines/o3de/Gems/EMotionFX/Code/MCore/Source/CompressedFloat.inl,0,1,1
/media/ullmann/HDDGabriel/research/engines/o3de/Gems/ScriptEvents/Code/Include/ScriptEvents/ScriptEventDefinition.h,0,5,5
/media/ullmann/HDDGabriel/research/engines/o3de/Gems/Atom/Feature/Common/Code/Source/AuxGeom/AuxGeomFeatureProcessor.cpp,3,0,3
/media/ullmann/HDDGabriel/research/engines/o3de/Gems/Atom/Feature/Common/Code/Source/AuxGeom/DynamicPrimitiveProcessor.h,1,2,3
/media/ullmann/HDDGabriel/research/engines/o3de/Gems/Atom/RHI/Code/Source/Platform/Windows/Atom_RHI_Traits_Platform.h,1,0,1
/media/ullmann/HDDGabriel/research/engines/o3de/Gems/Atom/RHI/Code/Source/Platform/Windows/Atom_RHI_Traits_Windows.h,0,1,1
/media/ullmann/HDDGabriel/research/engines/o3de/Gems/LandscapeCanvas/Code/Source/EditorLandscapeCanvasComponent.cpp,1,0,1
/media/ullmann/HDDGabriel/research/engines/o3de/Gems/LandscapeCanvas/Code/Source/EditorLandscapeCanvasComponent.h,0,2,2
/media/ullmann/HDDGabriel/research/engines/o3de/Gems/Atom/RPI/Code/Source/RPI.Builders/BuilderComponent.cpp,5,0,5
/media/ullmann/HDDGabriel/research/engines/o3de/Gems/Atom/RPI/Code/Source/RPI.Builders/Pass/PassBuilder.h,0,1,1
/media/ullmann/HDDGabriel/research/engines/o3de/Code/Editor/TrackView/TrackEventKeyUIControls.cpp,3,0,3
/media/ullmann/HDDGabriel/research/engines/o3de/Code/Editor/TrackView/TVEventsDialog.h,0,2,2
/media/ullmann/HDDGabriel/research/engines/o3de/Gems/ScriptCanvas/Code/Include/ScriptCanvas/Libraries/Core/SetVariable.cpp,1,0,1
/media/ullmann/HDDGabriel/research/engines/o3de/Gems/ScriptCanvas/Code/Include/ScriptCanvas/Libraries/Core/SetVariable.h,0,1,1
/media/ullmann/HDDGabriel/research/engines/o3de/Code/Editor/Util/Image.cpp,1,0,1
/media/ullmann/HDDGabriel/research/engines/o3de/Gems/AWSMetrics/Code/Source/AWSMetricsModule.h,0,1,1
/media/ullmann/HDDGabriel/research/engines/o3de/Code/Editor/PluginManager.cpp,3,0,3
/media/ullmann/HDDGabriel/research/engines/o3de/Code/Editor/Include/IPlugin.h,0,1,1
/media/ullmann/HDDGabriel/research/engines/o3de/Gems/LyShine/Code/Source/Animation/EventNode.h,1,3,4
/media/ullmann/HDDGabriel/research/engines/o3de/Code/Legacy/CryCommon/Linux64Specific.h,2,0,2
/media/ullmann/HDDGabriel/research/engines/o3de/Code/Legacy/CryCommon/LinuxSpecific.h,0,3,3
/media/ullmann/HDDGabriel/research/engines/o3de/Gems/LyShine/Code/Editor/ViewportPivot.h,0,3,3
/media/ullmann/HDDGabriel/research/engines/o3de/Code/Editor/Objects/AxisGizmo.cpp,2,0,2
/media/ullmann/HDDGabriel/research/engines/o3de/Gems/Maestro/Code/Source/Cinematics/ScreenFaderTrack.cpp,1,0,1
/media/ullmann/HDDGabriel/research/engines/o3de/Gems/LmbrCentral/Code/Source/Shape/EditorQuadShapeComponent.cpp,4,0,4
/media/ullmann/HDDGabriel/research/engines/o3de/Gems/AtomLyIntegration/CommonFeatures/Code/Source/ImageBasedLights/ImageBasedLightComponent.h,0,1,1
/media/ullmann/HDDGabriel/research/engines/o3de/Gems/EMotionFX/Code/MCore/Source/AttributeBool.h,3,5,8
/media/ullmann/HDDGabriel/research/engines/o3de/Code/Framework/AzToolsFramework/AzToolsFramework/PythonTerminal/ScriptHelpDialog.cpp,1,0,1
/media/ullmann/HDDGabriel/research/engines/o3de/Code/Framework/AzToolsFramework/AzToolsFramework/PythonTerminal/ScriptHelpDialog.h,0,2,2
/media/ullmann/HDDGabriel/research/engines/o3de/Gems/EMotionFX/Code/EMotionFX/CommandSystem/Source/MotionEventCommands.cpp,2,0,2
/media/ullmann/HDDGabriel/research/engines/o3de/Gems/LmbrCentral/Code/Source/Audio/AudioTriggerComponent.h,0,2,2
/media/ullmann/HDDGabriel/research/engines/o3de/Gems/PhysX/Code/Source/RigidBodyStatic.cpp,1,0,1
/media/ullmann/HDDGabriel/research/engines/o3de/Gems/PhysX/Code/Source/Common/PhysXSceneQueryHelpers.h,0,3,3
/media/ullmann/HDDGabriel/research/engines/o3de/Gems/EMotionFX/Code/EMotionFX/CommandSystem/Source/ActorCommands.cpp,2,0,2
/media/ullmann/HDDGabriel/research/engines/o3de/Gems/EMotionFX/Code/EMotionFX/CommandSystem/Source/ActorCommands.h,2,1,3
/media/ullmann/HDDGabriel/research/engines/o3de/Gems/LmbrCentral/Code/Source/Shape/ShapeGeometryUtil.cpp,1,0,1
/media/ullmann/HDDGabriel/research/engines/o3de/Gems/RecastNavigation/Code/Source/RecastNavigationSystemComponent.h,0,4,4
/media/ullmann/HDDGabriel/research/engines/o3de/Code/Tools/AssetProcessor/native/unittests/AssetRequestHandlerUnitTests.h,1,1,2
/media/ullmann/HDDGabriel/research/engines/o3de/Gems/ScriptCanvas/Code/Include/ScriptCanvas/Debugger/Bus.h,1,1,2
/media/ullmann/HDDGabriel/research/engines/o3de/Gems/LyShine/Code/Editor/ViewportHelpers.h,0,1,1
/media/ullmann/HDDGabriel/research/engines/o3de/Gems/Compression/Code/Include/Compression/CompressionInterfaceAPI.h,1,0,1
/media/ullmann/HDDGabriel/research/engines/o3de/Gems/Compression/Code/Include/Compression/CompressionInterfaceAPI.inl,0,1,1
/media/ullmann/HDDGabriel/research/engines/o3de/Code/Editor/GameResourcesExporter.cpp,6,0,6
/media/ullmann/HDDGabriel/research/engines/o3de/Gems/Terrain/Code/Source/TerrainRenderer/EditorComponents/EditorTerrainSurfaceMaterialsListComponent.h,0,1,1
/media/ullmann/HDDGabriel/research/engines/o3de/Gems/AudioEngineWwise/Code/Platform/iOS/FileIOHandler_wwise_Platform.h,1,0,1
/media/ullmann/HDDGabriel/research/engines/o3de/Code/Legacy/CrySystem/DllMain.cpp,4,0,4
/media/ullmann/HDDGabriel/research/engines/o3de/Gems/AudioSystem/Code/Platform/Android/AudioSystem_Traits_Platform.h,1,0,1
/media/ullmann/HDDGabriel/research/engines/o3de/Gems/AudioSystem/Code/Platform/Android/AudioSystem_Traits_Android.h,0,1,1
/media/ullmann/HDDGabriel/research/engines/o3de/Code/Legacy/CrySystem/XML/XMLBinaryReader.cpp,2,0,2
/media/ullmann/HDDGabriel/research/engines/o3de/Code/Legacy/CrySystem/XML/XMLBinaryNode.h,0,2,2
/media/ullmann/HDDGabriel/research/engines/o3de/Gems/EMotionFX/Code/EMotionFX/Source/NodeMap.h,2,2,4
/media/ullmann/HDDGabriel/research/engines/o3de/Gems/ScriptCanvas/Code/Include/ScriptCanvas/Libraries/Deprecated/Operators/Containers/OperatorInsert.cpp,1,0,1
/media/ullmann/HDDGabriel/research/engines/o3de/Gems/ScriptCanvas/Code/Include/ScriptCanvas/Libraries/Deprecated/Operators/Containers/OperatorInsert.h,1,1,2
/media/ullmann/HDDGabriel/research/engines/o3de/Gems/GraphCanvas/Code/Source/Components/Connections/ConnectionVisualComponent.h,0,2,2
/media/ullmann/HDDGabriel/research/engines/o3de/Gems/ScriptCanvas/Code/Include/ScriptCanvas/Core/ScriptCanvasBus.h,3,0,3
/media/ullmann/HDDGabriel/research/engines/o3de/Code/Editor/FileTypeUtils.cpp,2,0,2
/media/ullmann/HDDGabriel/research/engines/o3de/Code/Editor/FileTypeUtils.h,0,2,2
/media/ullmann/HDDGabriel/research/engines/o3de/Gems/GraphCanvas/Code/Source/Components/NodePropertyDisplays/BooleanNodePropertyDisplay.h,0,1,1
/media/ullmann/HDDGabriel/research/engines/o3de/Code/Framework/AzToolsFramework/AzToolsFramework/UI/LegacyFramework/UIFramework.cpp,2,0,2
/media/ullmann/HDDGabriel/research/engines/o3de/Gems/Terrain/Code/Source/Components/TerrainSurfaceDataSystemComponent.h,0,1,1
/media/ullmann/HDDGabriel/research/engines/o3de/Gems/WhiteBox/Code/Source/EditorWhiteBoxComponentModeTypes.h,1,2,3
/media/ullmann/HDDGabriel/research/engines/o3de/Gems/WhiteBox/Code/Source/Viewport/WhiteBoxManipulatorBounds.h,0,2,2
/media/ullmann/HDDGabriel/research/engines/o3de/Code/Editor/QtViewPane.h,4,1,5
/media/ullmann/HDDGabriel/research/engines/o3de/Code/Editor/Objects/ClassDesc.h,0,3,3
/media/ullmann/HDDGabriel/research/engines/o3de/Code/Tools/AssetProcessor/native/tests/assetmanager/MockFileProcessor.cpp,1,0,1
/media/ullmann/HDDGabriel/research/engines/o3de/Code/Tools/AssetProcessor/native/tests/assetmanager/MockFileProcessor.h,0,2,2
/media/ullmann/HDDGabriel/research/engines/o3de/Gems/ScriptCanvas/Code/Include/ScriptCanvas/Grammar/PrimitivesDeclarations.h,1,4,5
/media/ullmann/HDDGabriel/research/engines/o3de/Gems/ScriptCanvas/Code/Include/ScriptCanvas/Grammar/SymbolNames.h,0,1,1
/media/ullmann/HDDGabriel/research/engines/o3de/Code/Tools/SerializeContextTools/main.cpp,4,0,4
/media/ullmann/HDDGabriel/research/engines/o3de/Gems/LmbrCentral/Code/Source/Shape/BoxShape.h,0,4,4
/media/ullmann/HDDGabriel/research/engines/o3de/Gems/AtomLyIntegration/EMotionFXAtom/Code/Source/AtomActor.cpp,2,0,2
/media/ullmann/HDDGabriel/research/engines/o3de/Gems/AtomLyIntegration/EMotionFXAtom/Code/Source/AtomActor.h,0,4,4
/media/ullmann/HDDGabriel/research/engines/o3de/Gems/EMotionFX/Code/EMotionFX/Source/CompressedKeyFrames.h,2,1,3
/media/ullmann/HDDGabriel/research/engines/o3de/Code/Framework/AzFramework/Tests/Platform/Common/Xcb/XcbInputDeviceMouseTests.cpp,4,0,4
/media/ullmann/HDDGabriel/research/engines/o3de/Gems/Streamer/StreamerProfiler/Code/Source/StreamerProfilerModule.cpp,2,0,2
/media/ullmann/HDDGabriel/research/engines/o3de/Gems/Streamer/StreamerProfiler/Code/Source/StreamerProfilerSystemComponent.h,0,3,3
/media/ullmann/HDDGabriel/research/engines/o3de/Gems/LyShine/Code/Source/UiDropdownOptionComponent.cpp,1,0,1
/media/ullmann/HDDGabriel/research/engines/o3de/Gems/LyShine/Code/Source/UiDropdownOptionComponent.h,1,4,5
/media/ullmann/HDDGabriel/research/engines/o3de/Gems/MotionMatching/Code/Source/MotionMatchingEditorSystemComponent.cpp,1,0,1
/media/ullmann/HDDGabriel/research/engines/o3de/Gems/Vegetation/Code/Tests/VegetationTest.cpp,2,0,2
/media/ullmann/HDDGabriel/research/engines/o3de/Code/Editor/EditorFileMonitor.h,2,2,4
/media/ullmann/HDDGabriel/research/engines/o3de/Gems/EMotionFX/Code/EMotionFX/Tools/EMotionStudio/Plugins/StandardPlugins/Source/TimeView/TimeInfoWidget.cpp,3,0,3
/media/ullmann/HDDGabriel/research/engines/o3de/Gems/EMotionFX/Code/EMotionFX/Tools/EMotionStudio/Plugins/StandardPlugins/Source/TimeView/TimeInfoWidget.h,1,4,5
/media/ullmann/HDDGabriel/research/engines/o3de/Gems/NvCloth/Code/Source/Components/EditorClothComponent.h,0,1,1
/media/ullmann/HDDGabriel/research/engines/o3de/Gems/LyShine/Code/Editor/ViewportAlign.h,0,4,4
/media/ullmann/HDDGabriel/research/engines/o3de/Gems/GraphCanvas/Code/Source/Components/Nodes/Group/NodeGroupLayerControllerComponent.h,0,1,1
/media/ullmann/HDDGabriel/research/engines/o3de/Gems/Atom/Feature/Common/Code/Source/ReflectionScreenSpace/ReflectionCopyFrameBufferPass.cpp,2,0,2
/media/ullmann/HDDGabriel/research/engines/o3de/Gems/Atom/Feature/Common/Code/Source/ReflectionScreenSpace/ReflectionScreenSpaceTracePass.h,0,3,3
/media/ullmann/HDDGabriel/research/engines/o3de/Code/Editor/2DViewport.h,2,3,5
/media/ullmann/HDDGabriel/research/engines/o3de/Gems/LyShine/Code/Editor/EntityHelpers.h,0,1,1
/media/ullmann/HDDGabriel/research/engines/o3de/Gems/GraphCanvas/Code/Source/Components/Nodes/General/GeneralNodeLayoutComponent.h,0,2,2
/media/ullmann/HDDGabriel/research/engines/o3de/Gems/Vegetation/Code/Tests/EmptyInstanceSpawnerTests.cpp,2,0,2
/media/ullmann/HDDGabriel/research/engines/o3de/Code/Tools/AssetProcessor/native/ui/ProductAssetDetailsPanel.cpp,3,0,3
/media/ullmann/HDDGabriel/research/engines/o3de/Code/Tools/AssetProcessor/native/ui/AssetTreeFilterModel.h,0,6,6
/media/ullmann/HDDGabriel/research/engines/o3de/Code/Tools/AssetProcessor/native/unittests/AssetProcessingStateDataUnitTests.cpp,1,0,1
/media/ullmann/HDDGabriel/research/engines/o3de/Code/Tools/AssetProcessor/native/unittests/AssetProcessingStateDataUnitTests.h,1,1,2
/media/ullmann/HDDGabriel/research/engines/o3de/Gems/EMotionFX/Code/MysticQt/Source/MysticQtManager.cpp,1,0,1
/media/ullmann/HDDGabriel/research/engines/o3de/Gems/LyShine/Code/Editor/Animation/UiAVTrackEventKeyUIControls.h,1,2,3
/media/ullmann/HDDGabriel/research/engines/o3de/Code/LauncherUnified/Launcher.cpp,1,0,1
/media/ullmann/HDDGabriel/research/engines/o3de/Code/LauncherUnified/Launcher.h,0,2,2
/media/ullmann/HDDGabriel/research/engines/o3de/Gems/Atom/Feature/Common/Code/Source/ReflectionScreenSpace/ReflectionScreenSpaceCompositePass.cpp,2,0,2
/media/ullmann/HDDGabriel/research/engines/o3de/Gems/Atom/Feature/Common/Code/Source/ReflectionScreenSpace/ReflectionScreenSpaceBlurPass.h,0,3,3
/media/ullmann/HDDGabriel/research/engines/o3de/Gems/ScriptEvents/Code/Include/ScriptEvents/Internal/BehaviorContextBinding/BehaviorContextFactoryMethods.h,1,0,1
/media/ullmann/HDDGabriel/research/engines/o3de/Gems/ScriptEvents/Code/Include/ScriptEvents/Internal/BehaviorContextBinding/DefaultEventHandler.h,0,3,3
/media/ullmann/HDDGabriel/research/engines/o3de/Code/Framework/AzToolsFramework/AzToolsFramework/UI/PropertyEditor/PropertyEditorAPI_Internals_Impl.h,0,1,1
/media/ullmann/HDDGabriel/research/engines/o3de/Gems/EMotionFX/Code/EMotionFX/CommandSystem/Source/ActorInstanceCommands.cpp,2,0,2
/media/ullmann/HDDGabriel/research/engines/o3de/Gems/EMotionFX/Code/EMotionFX/CommandSystem/Source/ActorInstanceCommands.h,2,1,3
/media/ullmann/HDDGabriel/research/engines/o3de/Code/Tools/AssetProcessor/native/unittests/MockApplicationManager.h,1,2,3
/media/ullmann/HDDGabriel/research/engines/o3de/Code/Tools/AssetProcessor/native/utilities/ApplicationManagerAPI.h,0,2,2
/media/ullmann/HDDGabriel/research/engines/o3de/Gems/LocalUser/Code/Source/LocalUserModule.cpp,1,0,1
/media/ullmann/HDDGabriel/research/engines/o3de/Gems/LocalUser/Code/Source/LocalUserSystemComponent.h,0,2,2
/media/ullmann/HDDGabriel/research/engines/o3de/Gems/Compression/Code/Source/Tools/CompressionEditorModule.cpp,2,0,2
/media/ullmann/HDDGabriel/research/engines/o3de/Gems/Compression/Code/Source/Tools/CompressionFactoryImpl.h,0,2,2
/media/ullmann/HDDGabriel/research/engines/o3de/Gems/Vegetation/Code/Source/Components/SurfaceMaskFilterComponent.h,0,2,2
/media/ullmann/HDDGabriel/research/engines/o3de/Gems/EMotionFX/Code/EMotionFX/Source/VertexAttributeLayerAbstractData.h,2,2,4
/media/ullmann/HDDGabriel/research/engines/o3de/Gems/DebugDraw/Code/Source/DebugDrawSphereComponent.h,0,4,4
/media/ullmann/HDDGabriel/research/engines/o3de/Code/Editor/CustomResolutionDlg.h,0,3,3
/media/ullmann/HDDGabriel/research/engines/o3de/Code/Framework/AzToolsFramework/Tests/PropertyIntSpinCtrlTests.cpp,1,0,1
/media/ullmann/HDDGabriel/research/engines/o3de/Code/Framework/AzToolsFramework/Tests/PropertyIntCtrlCommonTests.h,1,2,3
/media/ullmann/HDDGabriel/research/engines/o3de/Code/Editor/Plugins/EditorAssetImporter/AssetBrowserContextProvider.cpp,2,0,2
/media/ullmann/HDDGabriel/research/engines/o3de/Gems/LmbrCentral/Code/Source/Scripting/SimpleStateComponent.cpp,1,0,1
/media/ullmann/HDDGabriel/research/engines/o3de/Gems/LmbrCentral/Code/Source/Scripting/SimpleStateComponent.h,0,2,2
/media/ullmann/HDDGabriel/research/engines/o3de/Gems/LandscapeCanvas/Code/Source/Editor/Nodes/Areas/BlockerAreaNode.cpp,1,0,1
/media/ullmann/HDDGabriel/research/engines/o3de/Code/Framework/AzToolsFramework/AzToolsFramework/Entity/EditorEntityModel.h,2,1,3
/media/ullmann/HDDGabriel/research/engines/o3de/Gems/BarrierInput/Code/Source/BarrierInputSystemComponent.cpp,3,0,3
/media/ullmann/HDDGabriel/research/engines/o3de/Gems/Atom/RHI/Code/Tests/ImagePropertyTests.cpp,1,0,1
/media/ullmann/HDDGabriel/research/engines/o3de/Code/Tools/LuaIDE/Source/LUA/LUAEditorSettingsDialog.hxx,2,2,4
/media/ullmann/HDDGabriel/research/engines/o3de/Code/Editor/TrackView/CommentNodeAnimator.cpp,1,0,1
/media/ullmann/HDDGabriel/research/engines/o3de/Code/Framework/AzQtComponents/AzQtComponents/Gallery/CheckBoxPage.cpp,1,0,1
/media/ullmann/HDDGabriel/research/engines/o3de/Gems/AtomTressFX/External/Code/src/TressFX/TressFXShortCut.h,2,1,3
/media/ullmann/HDDGabriel/research/engines/o3de/Gems/AtomTressFX/External/Code/src/TressFX/TressFXConstantBuffers.h,0,3,3
/media/ullmann/HDDGabriel/research/engines/o3de/Gems/LmbrCentral/Code/Source/Builders/CopyDependencyBuilder/SchemaBuilderWorker/SchemaBuilderWorker.h,0,2,2
/media/ullmann/HDDGabriel/research/engines/o3de/Gems/LmbrCentral/Code/Source/Builders/LevelBuilder/LevelBuilderComponent.cpp,1,0,1
/media/ullmann/HDDGabriel/research/engines/o3de/Code/Framework/AzCore/Platform/Android/AzCore/Socket/AzSocket_Platform.h,1,0,1
/media/ullmann/HDDGabriel/research/engines/o3de/Gems/ScriptedEntityTweener/Code/Source/ScriptedEntityTweenerSubtask.cpp,2,0,2
/media/ullmann/HDDGabriel/research/engines/o3de/Gems/ScriptedEntityTweener/Code/Source/ScriptedEntityTweenerMath.h,0,1,1
/media/ullmann/HDDGabriel/research/engines/o3de/Code/Editor/Plugins/ComponentEntityEditorPlugin/ContextMenuHandlers.h,0,2,2
/media/ullmann/HDDGabriel/research/engines/o3de/Gems/EMotionFX/Code/EMotionFX/Source/BlendTreeVector3ComposeNode.h,2,1,3
/media/ullmann/HDDGabriel/research/engines/o3de/Gems/AtomLyIntegration/AtomViewportDisplayIcons/Code/Source/Module.cpp,1,0,1
/media/ullmann/HDDGabriel/research/engines/o3de/Gems/AtomLyIntegration/AtomViewportDisplayIcons/Code/Source/AtomViewportDisplayIconsSystemComponent.h,0,2,2
/media/ullmann/HDDGabriel/research/engines/o3de/Code/Tools/AssetProcessor/native/ui/ProductAssetTreeItemData.h,1,4,5
/media/ullmann/HDDGabriel/research/engines/o3de/Gems/EMotionFX/Code/EMotionFX/Tools/EMotionStudio/Plugins/StandardPlugins/Source/AnimGraph/ParameterEditor/Vector3GizmoParameterEditor.h,0,1,1
/media/ullmann/HDDGabriel/research/engines/o3de/Gems/LmbrCentral/Code/Source/Unhandled/UI/EntityIconAssetTypeInfo.h,0,2,2
/media/ullmann/HDDGabriel/research/engines/o3de/Code/Framework/AzToolsFramework/AzToolsFramework/Slice/SliceDependencyBrowserBus.h,1,1,2
/media/ullmann/HDDGabriel/research/engines/o3de/Code/Tools/AssetBundler/source/models/AssetBundlerFileTableFilterModel.cpp,1,0,1
/media/ullmann/HDDGabriel/research/engines/o3de/Code/Tools/AssetBundler/source/models/AssetBundlerFileTableFilterModel.h,0,1,1
/media/ullmann/HDDGabriel/research/engines/o3de/Gems/LyShine/Code/Source/UiDynamicScrollBoxComponent.h,0,4,4
/media/ullmann/HDDGabriel/research/engines/o3de/Gems/Terrain/Code/Tests/TerrainTest.cpp,1,0,1
/media/ullmann/HDDGabriel/research/engines/o3de/Gems/WhiteBox/Code/Source/WhiteBoxModule.cpp,4,0,4
/media/ullmann/HDDGabriel/research/engines/o3de/Gems/WhiteBox/Code/Source/WhiteBoxComponent.h,1,3,4
/media/ullmann/HDDGabriel/research/engines/o3de/Code/Editor/Plugins/ProjectSettingsTool/Validators_impl.h,0,1,1
/media/ullmann/HDDGabriel/research/engines/o3de/Gems/LmbrCentral/Code/Source/Builders/TranslationBuilder/TranslationBuilderComponent.cpp,1,0,1
/media/ullmann/HDDGabriel/research/engines/o3de/Gems/Streamer/StreamerProfiler/Code/Source/StreamerProfilerSystemComponent.cpp,1,0,1
/media/ullmann/HDDGabriel/research/engines/o3de/Code/Editor/Export/ExportManager.cpp,3,0,3
/media/ullmann/HDDGabriel/research/engines/o3de/Code/Editor/Export/OBJExporter.h,0,2,2
/media/ullmann/HDDGabriel/research/engines/o3de/Gems/AudioSystem/Code/Source/Editor/AudioControlsEditorUndo.h,2,6,8
/media/ullmann/HDDGabriel/research/engines/o3de/Gems/MultiplayerCompression/Code/Source/MultiplayerCompressionFactory.cpp,2,0,2
/media/ullmann/HDDGabriel/research/engines/o3de/Gems/MultiplayerCompression/Code/Source/LZ4Compressor.h,0,3,3
/media/ullmann/HDDGabriel/research/engines/o3de/Gems/EMotionFX/Code/EMotionFX/Tools/EMotionStudio/Plugins/StandardPlugins/Source/AnimGraph/StateGraphNode.h,0,3,3
/media/ullmann/HDDGabriel/research/engines/o3de/Code/Tools/ProjectManager/Source/AddRemoteProjectDialog.h,1,2,3
/media/ullmann/HDDGabriel/research/engines/o3de/Gems/ScriptCanvas/Code/Include/ScriptCanvas/Libraries/Logic/While.cpp,1,0,1
/media/ullmann/HDDGabriel/research/engines/o3de/Gems/ScriptCanvas/Code/Include/ScriptCanvas/Libraries/Logic/While.h,0,1,1
/media/ullmann/HDDGabriel/research/engines/o3de/Code/Framework/AzQtComponents/AzQtComponents/Gallery/SvgLabelPage.cpp,1,0,1
/media/ullmann/HDDGabriel/research/engines/o3de/Gems/PhysX/Code/Source/Pipeline/HeightFieldAssetHandler.h,0,1,1
/media/ullmann/HDDGabriel/research/engines/o3de/Gems/PhysXDebug/Code/Source/SystemComponent.cpp,1,0,1
/media/ullmann/HDDGabriel/research/engines/o3de/Gems/PhysXDebug/Code/Source/SystemComponent.h,0,2,2
/media/ullmann/HDDGabriel/research/engines/o3de/Code/Legacy/CrySystem/AZCoreLogSink.h,0,2,2
/media/ullmann/HDDGabriel/research/engines/o3de/Code/Editor/Plugins/ProjectSettingsTool/PlatformSettings_Ios.cpp,3,0,3
/media/ullmann/HDDGabriel/research/engines/o3de/Gems/Atom/Asset/Shader/Code/Source/Editor/ShaderAssetBuilder.h,0,3,3
/media/ullmann/HDDGabriel/research/engines/o3de/Gems/LyShine/Code/Editor/CoordinateSystemToolbarSection.h,0,1,1
/media/ullmann/HDDGabriel/research/engines/o3de/Code/Framework/AzToolsFramework/AzToolsFramework/UI/Outliner/EntityOutlinerListModel.cpp,1,0,1
/media/ullmann/HDDGabriel/research/engines/o3de/Code/Framework/AzFramework/AzFramework/StreamingInstall/StreamingInstall.cpp,1,0,1
/media/ullmann/HDDGabriel/research/engines/o3de/Gems/EMotionFX/Code/EMotionFX/Source/TransformData.cpp,5,0,5
/media/ullmann/HDDGabriel/research/engines/o3de/Code/Framework/AzToolsFramework/AzToolsFramework/Manipulators/ManipulatorManager.cpp,2,0,2
/media/ullmann/HDDGabriel/research/engines/o3de/Gems/LmbrCentral/Code/Source/Scripting/LookAtComponent.cpp,1,0,1
/media/ullmann/HDDGabriel/research/engines/o3de/Gems/AWSGameLift/Code/AWSGameLiftClient/Source/AWSGameLiftClientLocalTicketTracker.cpp,2,0,2
/media/ullmann/HDDGabriel/research/engines/o3de/Gems/AWSGameLift/Code/AWSGameLiftClient/Source/AWSGameLiftClientLocalTicketTracker.h,0,2,2
/media/ullmann/HDDGabriel/research/engines/o3de/Gems/LyShine/Code/Source/UiTextComponentOffsetsSelector.h,1,2,3
/media/ullmann/HDDGabriel/research/engines/o3de/Gems/Terrain/Code/Source/Components/TerrainWorldDebuggerComponent.h,0,1,1
/media/ullmann/HDDGabriel/research/engines/o3de/Code/Editor/TrackView/TrackViewKeyPropertiesDlg.cpp,2,0,2
/media/ullmann/HDDGabriel/research/engines/o3de/Gems/LandscapeCanvas/Code/Source/Editor/Nodes/GradientModifiers/GradientMixerNode.cpp,1,0,1
/media/ullmann/HDDGabriel/research/engines/o3de/Gems/LandscapeCanvas/Code/Source/Editor/Nodes/GradientModifiers/GradientMixerNode.h,0,2,2
/media/ullmann/HDDGabriel/research/engines/o3de/Code/Legacy/CryCommon/Cry_Geo.h,1,5,6
/media/ullmann/HDDGabriel/research/engines/o3de/Gems/Maestro/Code/Source/Cinematics/MaterialNode.h,1,3,4
/media/ullmann/HDDGabriel/research/engines/o3de/Gems/Atom/RHI/Code/Source/Platform/iOS/Atom_RHI_Traits_Platform.h,1,0,1
/media/ullmann/HDDGabriel/research/engines/o3de/Gems/Atom/RHI/Code/Source/Platform/iOS/Atom_RHI_Traits_iOS.h,0,1,1
/media/ullmann/HDDGabriel/research/engines/o3de/Code/Tools/AssetProcessor/native/unittests/AssetScannerUnitTests.cpp,1,0,1
/media/ullmann/HDDGabriel/research/engines/o3de/Code/Tools/AssetProcessor/native/unittests/AssetScannerUnitTests.h,0,1,1
/media/ullmann/HDDGabriel/research/engines/o3de/Gems/AtomLyIntegration/CommonFeatures/Code/Source/PostProcess/LookModification/EditorLookModificationComponent.h,0,1,1
/media/ullmann/HDDGabriel/research/engines/o3de/Gems/AudioEngineWwise/Code/Platform/Linux/AudioEngineWwise_Traits_Platform.h,1,0,1
/media/ullmann/HDDGabriel/research/engines/o3de/Gems/AudioEngineWwise/Code/Platform/Linux/AudioEngineWwise_Traits_Linux.h,0,1,1
/media/ullmann/HDDGabriel/research/engines/o3de/Gems/AtomLyIntegration/EditorModeFeedback/Code/Source/EditorModeFeedbackFeatureProcessor.cpp,3,0,3
/media/ullmann/HDDGabriel/research/engines/o3de/Code/Editor/EditorPreferencesPageViewportDebug.cpp,3,0,3
/media/ullmann/HDDGabriel/research/engines/o3de/Code/Framework/AzFramework/Platform/iOS/AzFramework/Utils/SystemUtilsApple.h,1,0,1
/media/ullmann/HDDGabriel/research/engines/o3de/Code/Framework/AzFramework/Platform/Common/Apple/AzFramework/Utils/SystemUtilsApple.h,0,2,2
/media/ullmann/HDDGabriel/research/engines/o3de/Code/Legacy/CryCommon/CryPath.h,3,0,3
/media/ullmann/HDDGabriel/research/engines/o3de/Gems/ScriptCanvas/Code/Editor/GraphCanvas/PropertyInterfaces/ScriptCanvasStringPropertyDataInterface.h,1,0,1
/media/ullmann/HDDGabriel/research/engines/o3de/Gems/ScriptCanvas/Code/Editor/GraphCanvas/PropertyInterfaces/ScriptCanvasPropertyDataInterface.h,0,2,2
/media/ullmann/HDDGabriel/research/engines/o3de/Gems/AtomLyIntegration/CommonFeatures/Code/Source/SkyAtmosphere/EditorSkyAtmosphereComponent.h,0,1,1
/media/ullmann/HDDGabriel/research/engines/o3de/Gems/GraphCanvas/Code/Source/Components/Connections/DataConnections/DataConnectionComponent.h,0,2,2
/media/ullmann/HDDGabriel/research/engines/o3de/Gems/LmbrCentral/Code/Platform/Linux/LmbrCentral_Traits_Platform.h,1,0,1
/media/ullmann/HDDGabriel/research/engines/o3de/Gems/LmbrCentral/Code/Platform/Linux/LmbrCentral_Traits_Linux.h,0,1,1
/media/ullmann/HDDGabriel/research/engines/o3de/Gems/ImGui/Code/Source/LYCommonMenu/ImGuiLYCommonMenu.cpp,1,0,1
/media/ullmann/HDDGabriel/research/engines/o3de/Gems/ImGui/Code/Source/LYCommonMenu/ImGuiLYCommonMenu.h,3,2,5
/media/ullmann/HDDGabriel/research/engines/o3de/Gems/EMotionFX/Code/EMotionFX/CommandSystem/Source/MorphTargetCommands.cpp,2,0,2
/media/ullmann/HDDGabriel/research/engines/o3de/Gems/LmbrCentral/Code/Source/Shape/EditorSplineComponent.cpp,2,0,2
/media/ullmann/HDDGabriel/research/engines/o3de/Gems/LmbrCentral/Code/Source/Shape/EditorSplineComponentMode.h,0,3,3
/media/ullmann/HDDGabriel/research/engines/o3de/Code/Editor/Controls/SplineCtrl.h,0,1,1
/media/ullmann/HDDGabriel/research/engines/o3de/Gems/EMotionFX/Code/Tests/BoolLogicNodeTests.cpp,1,0,1
/media/ullmann/HDDGabriel/research/engines/o3de/Gems/AWSGameLift/Code/AWSGameLiftClient/Source/Activity/AWSGameLiftCreateSessionOnQueueActivity.h,0,1,1
/media/ullmann/HDDGabriel/research/engines/o3de/Gems/AWSGameLift/Code/AWSGameLiftServer/Tests/AWSGameLiftServerManagerTest.cpp,2,0,2
/media/ullmann/HDDGabriel/research/engines/o3de/Gems/LyShine/Code/Source/LyShineLoadScreen.h,0,2,2
/media/ullmann/HDDGabriel/research/engines/o3de/Code/Tools/SerializeContextTools/Application.cpp,2,0,2
/media/ullmann/HDDGabriel/research/engines/o3de/Code/Tools/SerializeContextTools/SliceConverterEditorEntityContextComponent.h,0,2,2
/media/ullmann/HDDGabriel/research/engines/o3de/Code/Framework/AzFramework/Tests/Platform/Windows/AzFrameworkTests_Traits_Platform.h,1,0,1
/media/ullmann/HDDGabriel/research/engines/o3de/Code/Framework/AzFramework/Tests/Platform/Windows/AzFrameworkTests_Traits_Windows.h,0,1,1
/media/ullmann/HDDGabriel/research/engines/o3de/Code/Framework/AzToolsFramework/AzToolsFramework/UnitTest/AzToolsFrameworkTestHelpers.cpp,1,0,1
/media/ullmann/HDDGabriel/research/engines/o3de/Code/Framework/AzToolsFramework/AzToolsFramework/UnitTest/AzToolsFrameworkTestHelpers.h,0,1,1
/media/ullmann/HDDGabriel/research/engines/o3de/Code/Tools/ProjectManager/Source/CreateProjectCtrl.h,2,3,5
/media/ullmann/HDDGabriel/research/engines/o3de/Gems/Vegetation/Code/Include/Vegetation/Editor/EditorVegetationComponentBase.h,1,0,1
/media/ullmann/HDDGabriel/research/engines/o3de/Gems/Vegetation/Code/Include/Vegetation/Editor/EditorVegetationComponentBase.inl,0,1,1
/media/ullmann/HDDGabriel/research/engines/o3de/Gems/LmbrCentral/Code/Tests/EditorCylinderShapeComponentTests.cpp,1,0,1
/media/ullmann/HDDGabriel/research/engines/o3de/Gems/LyShine/Code/Source/World/UiCanvasProxyRefComponent.cpp,1,0,1
/media/ullmann/HDDGabriel/research/engines/o3de/Gems/LyShine/Code/Source/World/UiCanvasProxyRefComponent.h,0,3,3
/media/ullmann/HDDGabriel/research/engines/o3de/Gems/EMotionFX/Code/MCore/Source/PlaneEq.h,3,1,4
/media/ullmann/HDDGabriel/research/engines/o3de/Gems/EMotionFX/Code/EMotionFX/Source/BlendTreeRangeRemapperNode.h,2,1,3
/media/ullmann/HDDGabriel/research/engines/o3de/Gems/AudioSystem/Code/Source/Engine/ATLAudioObject.h,1,3,4
/media/ullmann/HDDGabriel/research/engines/o3de/Gems/AtomLyIntegration/CommonFeatures/Code/Source/PostProcess/PostFxLayerComponent.h,0,1,1
/media/ullmann/HDDGabriel/research/engines/o3de/Gems/Vegetation/Code/Source/Debugger/AreaDebugComponent.h,0,1,1
/media/ullmann/HDDGabriel/research/engines/o3de/Gems/AudioSystem/Code/Source/Editor/AudioResourceSelectors.cpp,3,0,3
/media/ullmann/HDDGabriel/research/engines/o3de/Code/Framework/AzToolsFramework/AzToolsFramework/UI/PropertyEditor/PropertyButtonCtrl.cpp,2,0,2
/media/ullmann/HDDGabriel/research/engines/o3de/Code/Framework/AzToolsFramework/AzToolsFramework/UI/PropertyEditor/PropertyButtonCtrl.hxx,1,1,2
/media/ullmann/HDDGabriel/research/engines/o3de/Gems/LyShine/Code/Editor/GuideHelpers.h,0,6,6
/media/ullmann/HDDGabriel/research/engines/o3de/Gems/LmbrCentral/Code/Source/Unhandled/Other/GroupAssetTypeInfo.h,0,2,2
/media/ullmann/HDDGabriel/research/engines/o3de/Gems/EMotionFX/Code/EMotionFX/Source/BlendTreeRotationLimitNode.cpp,1,0,1
/media/ullmann/HDDGabriel/research/engines/o3de/Gems/EMotionFX/Code/EMotionFX/Source/BlendTreeRotationLimitNode.h,2,1,3
/media/ullmann/HDDGabriel/research/engines/o3de/Gems/Atom/Feature/Common/Code/Source/ReflectionScreenSpace/ReflectionScreenSpaceCompositePass.h,0,2,2
/media/ullmann/HDDGabriel/research/engines/o3de/Gems/FastNoise/Code/Source/FastNoiseSystemComponent.cpp,1,0,1
/media/ullmann/HDDGabriel/research/engines/o3de/Gems/FastNoise/Code/Source/FastNoiseSystemComponent.h,0,3,3
/media/ullmann/HDDGabriel/research/engines/o3de/Code/Framework/AzToolsFramework/AzToolsFramework/ViewportSelection/EditorHelpers.cpp,1,0,1
/media/ullmann/HDDGabriel/research/engines/o3de/Code/Framework/AzToolsFramework/AzToolsFramework/ViewportSelection/EditorHelpers.h,0,1,1
/media/ullmann/HDDGabriel/research/engines/o3de/Code/Framework/AzQtComponents/AzQtComponents/Gallery/ProgressIndicatorPage.cpp,1,0,1
/media/ullmann/HDDGabriel/research/engines/o3de/Code/Framework/AzQtComponents/AzQtComponents/Gallery/ProgressIndicatorPage.h,0,2,2
/media/ullmann/HDDGabriel/research/engines/o3de/Gems/Atom/RHI/Code/Tests/IntervalMapTests.cpp,1,0,1
/media/ullmann/HDDGabriel/research/engines/o3de/Gems/LyShine/Code/Editor/PropertyHandlerDirectory.cpp,2,0,2
/media/ullmann/HDDGabriel/research/engines/o3de/Gems/LyShine/Code/Editor/PropertyHandlerDirectory.h,0,2,2
/media/ullmann/HDDGabriel/research/engines/o3de/Code/LauncherUnified/Tests/LauncherUnifiedTests.cpp,1,0,1
/media/ullmann/HDDGabriel/research/engines/o3de/Gems/LyShine/Code/Source/UiSliderComponent.cpp,4,0,4
/media/ullmann/HDDGabriel/research/engines/o3de/Code/Framework/AzToolsFramework/AzToolsFramework/Viewport/ViewportTypes.cpp,1,0,1
/media/ullmann/HDDGabriel/research/engines/o3de/Code/Framework/AzToolsFramework/AzToolsFramework/Viewport/ViewportTypes.h,0,1,1
/media/ullmann/HDDGabriel/research/engines/o3de/Gems/ScriptCanvas/Code/Include/ScriptCanvas/Libraries/Deprecated/String/Utilities.cpp,1,0,1
/media/ullmann/HDDGabriel/research/engines/o3de/Gems/ScriptCanvas/Code/Include/ScriptCanvas/Libraries/Deprecated/String/Utilities.h,0,1,1
/media/ullmann/HDDGabriel/research/engines/o3de/Code/Framework/AzToolsFramework/AzToolsFramework/Manipulators/PlanarManipulator.h,1,1,2
/media/ullmann/HDDGabriel/research/engines/o3de/Gems/LmbrCentral/Code/Source/Asset/AssetSystemDebugComponent.cpp,1,0,1
/media/ullmann/HDDGabriel/research/engines/o3de/Code/Legacy/CryCommon/Maestro/Bus/EditorSequenceAgentComponentBus.h,1,0,1
/media/ullmann/HDDGabriel/research/engines/o3de/Code/Legacy/CryCommon/Maestro/Bus/SequenceAgentComponentBus.h,0,1,1
/media/ullmann/HDDGabriel/research/engines/o3de/Code/Tools/LuaIDE/Source/LUA/LUAEditorFoldingWidget.cpp,4,0,4
/media/ullmann/HDDGabriel/research/engines/o3de/Code/Editor/TrackView/TrackViewSequence.h,1,8,9
/media/ullmann/HDDGabriel/research/engines/o3de/Gems/TickBusOrderViewer/Code/Source/TickBusOrderViewerSystemComponent.cpp,1,0,1
/media/ullmann/HDDGabriel/research/engines/o3de/Code/Editor/Objects/EntityObject.cpp,2,0,2
/media/ullmann/HDDGabriel/research/engines/o3de/Gems/LmbrCentral/Code/Source/Audio/AudioAreaEnvironmentComponent.cpp,1,0,1
/media/ullmann/HDDGabriel/research/engines/o3de/Gems/LmbrCentral/Code/Source/Audio/AudioAreaEnvironmentComponent.h,0,3,3
/media/ullmann/HDDGabriel/research/engines/o3de/Code/Editor/EditorModularViewportCameraComposer.h,1,2,3
/media/ullmann/HDDGabriel/research/engines/o3de/Gems/PhysXDebug/Code/Source/EditorSystemComponent.cpp,1,0,1
/media/ullmann/HDDGabriel/research/engines/o3de/Gems/PhysXDebug/Code/Source/EditorSystemComponent.h,0,2,2
/media/ullmann/HDDGabriel/research/engines/o3de/Gems/LyShine/Code/Editor/RulerWidget.cpp,5,0,5
/media/ullmann/HDDGabriel/research/engines/o3de/Gems/Atom/Asset/ImageProcessingAtom/Code/Source/Editor/PresetInfoPopup.cpp,1,0,1
/media/ullmann/HDDGabriel/research/engines/o3de/Gems/Atom/Asset/ImageProcessingAtom/Code/Source/Editor/PresetInfoPopup.h,0,1,1
/media/ullmann/HDDGabriel/research/engines/o3de/Gems/AtomLyIntegration/CommonFeatures/Code/Source/SurfaceData/EditorSurfaceDataMeshComponent.cpp,1,0,1
/media/ullmann/HDDGabriel/research/engines/o3de/Gems/AtomLyIntegration/CommonFeatures/Code/Source/SurfaceData/EditorSurfaceDataMeshComponent.h,0,2,2
/media/ullmann/HDDGabriel/research/engines/o3de/Code/Editor/Plugins/EditorAssetImporter/AssetImporterWindow.cpp,3,0,3
/media/ullmann/HDDGabriel/research/engines/o3de/Gems/LandscapeCanvas/Code/Source/Editor/Nodes/GradientModifiers/DitherGradientModifierNode.h,0,2,2
/media/ullmann/HDDGabriel/research/engines/o3de/Gems/LyShine/Code/Editor/HierarchyWidget.cpp,3,0,3
/media/ullmann/HDDGabriel/research/engines/o3de/Gems/Atom/Tools/AtomToolsFramework/Code/Source/Platform/Linux/AtomToolsFramework_Traits_Platform.h,1,0,1
/media/ullmann/HDDGabriel/research/engines/o3de/Gems/Atom/Tools/AtomToolsFramework/Code/Source/Platform/Linux/AtomToolsFramework_Traits_Linux.h,0,1,1
/media/ullmann/HDDGabriel/research/engines/o3de/Code/Framework/AzToolsFramework/AzToolsFramework/UI/Outliner/EntityOutlinerDisplayOptionsMenu.cpp,1,0,1
/media/ullmann/HDDGabriel/research/engines/o3de/Code/Framework/AzToolsFramework/AzToolsFramework/UI/Outliner/EntityOutlinerDisplayOptionsMenu.h,0,1,1
/media/ullmann/HDDGabriel/research/engines/o3de/Code/Framework/AzToolsFramework/AzToolsFramework/ViewportUi/TextField.cpp,1,0,1
/media/ullmann/HDDGabriel/research/engines/o3de/Code/Framework/AzToolsFramework/AzToolsFramework/ViewportUi/TextField.h,0,1,1
/media/ullmann/HDDGabriel/research/engines/o3de/Gems/PhysX/Code/Tests/RagdollTests.cpp,1,0,1
/media/ullmann/HDDGabriel/research/engines/o3de/Gems/PhysX/Code/Tests/RagdollTestData.h,0,1,1
/media/ullmann/HDDGabriel/research/engines/o3de/Gems/Maestro/Code/Source/Cinematics/GotoTrack.cpp,1,0,1
/media/ullmann/HDDGabriel/research/engines/o3de/Gems/Maestro/Code/Source/Cinematics/GotoTrack.h,1,3,4
/media/ullmann/HDDGabriel/research/engines/o3de/Gems/EMotionFX/Code/EMotionFX/Source/AnimGraphPosePool.h,1,3,4
/media/ullmann/HDDGabriel/research/engines/o3de/Gems/Atom/Asset/ImageProcessingAtom/External/CubeMapGen/CBBoxInt32.h,0,2,2
/media/ullmann/HDDGabriel/research/engines/o3de/Gems/AtomTressFX/External/Code/src/EngineInterface.h,1,6,7
/media/ullmann/HDDGabriel/research/engines/o3de/Gems/AtomTressFX/External/Code/src/SceneGLTFImpl.h,0,1,1
/media/ullmann/HDDGabriel/research/engines/o3de/Gems/Atom/Tools/MaterialEditor/Code/Source/Document/MaterialDocument.h,0,1,1
/media/ullmann/HDDGabriel/research/engines/o3de/Gems/LyShine/Code/Editor/SlicerEdit.h,1,1,2
/media/ullmann/HDDGabriel/research/engines/o3de/Gems/WhiteBox/Code/Source/Rendering/Atom/WhiteBoxMeshAtomData.cpp,2,0,2
/media/ullmann/HDDGabriel/research/engines/o3de/Gems/WhiteBox/Code/Source/Rendering/Atom/WhiteBoxMeshAtomData.h,1,1,2
/media/ullmann/HDDGabriel/research/engines/o3de/Gems/AWSMetrics/Code/Include/AWSMetricsBus.h,1,0,1
/media/ullmann/HDDGabriel/research/engines/o3de/Gems/AWSMetrics/Code/Include/MetricsAttribute.h,0,1,1
/media/ullmann/HDDGabriel/research/engines/o3de/Code/Framework/AzToolsFramework/AzToolsFramework/Entity/EditorEntityActionComponent.cpp,2,0,2
/media/ullmann/HDDGabriel/research/engines/o3de/Code/Framework/AzToolsFramework/AzToolsFramework/Entity/EditorEntityActionComponent.h,0,1,1
/media/ullmann/HDDGabriel/research/engines/o3de/Code/Editor/Export/OCMExporter.h,0,2,2
/media/ullmann/HDDGabriel/research/engines/o3de/Gems/Terrain/Code/Source/EditorComponents/EditorTerrainSurfaceGradientListComponent.h,0,1,1
/media/ullmann/HDDGabriel/research/engines/o3de/Code/Tools/SerializeContextTools/Converter.cpp,3,0,3
/media/ullmann/HDDGabriel/research/engines/o3de/Gems/PhysX/Code/NumericalMethods/Source/LinearAlgebra.cpp,1,0,1
/media/ullmann/HDDGabriel/research/engines/o3de/Gems/PhysX/Code/NumericalMethods/Source/LinearAlgebra.h,0,1,1
/media/ullmann/HDDGabriel/research/engines/o3de/Code/Tools/RemoteConsole/Platform/Windows/RemoteConsole_Traits_Platform.h,1,0,1
/media/ullmann/HDDGabriel/research/engines/o3de/Code/Tools/RemoteConsole/Platform/Windows/RemoteConsole_Traits_Windows.h,0,1,1
/media/ullmann/HDDGabriel/research/engines/o3de/Gems/WhiteBox/Code/Source/Viewport/WhiteBoxPolygonScaleModifier.cpp,1,0,1
/media/ullmann/HDDGabriel/research/engines/o3de/Gems/WhiteBox/Code/Source/Viewport/WhiteBoxPolygonScaleModifier.h,0,1,1
/media/ullmann/HDDGabriel/research/engines/o3de/Gems/LyShine/Code/Tests/TextInputComponentTest.cpp,1,0,1
/media/ullmann/HDDGabriel/research/engines/o3de/Gems/PhysXDebug/Code/Source/Module.cpp,2,0,2
/media/ullmann/HDDGabriel/research/engines/o3de/Gems/LyShine/Code/Source/UiDraggableComponent.h,1,3,4
/media/ullmann/HDDGabriel/research/engines/o3de/Gems/Terrain/Code/Tests/TerrainHeightGradientListTests.cpp,2,0,2
/media/ullmann/HDDGabriel/research/engines/o3de/Gems/GraphCanvas/Code/Source/Components/Nodes/Comment/CommentNodeFrameComponent.h,0,1,1
/media/ullmann/HDDGabriel/research/engines/o3de/Gems/AtomLyIntegration/CommonFeatures/Code/Source/SurfaceData/SurfaceDataMeshComponent.h,0,2,2
/media/ullmann/HDDGabriel/research/engines/o3de/Gems/LyShine/Code/Editor/UiSliceManager.h,2,2,4
/media/ullmann/HDDGabriel/research/engines/o3de/Code/Tools/TestImpactFramework/Runtime/Native/Code/Source/Target/Native/TestImpactNativeTestTarget.h,0,1,1
/media/ullmann/HDDGabriel/research/engines/o3de/Code/Editor/Plugins/ProjectSettingsTool/ProjectSettingsSerialization.cpp,2,0,2
/media/ullmann/HDDGabriel/research/engines/o3de/Code/Editor/Plugins/ProjectSettingsTool/ProjectSettingsSerialization.h,1,2,3
/media/ullmann/HDDGabriel/research/engines/o3de/Code/Framework/AzToolsFramework/AzToolsFramework/ComponentMode/ComponentModeViewportUi.cpp,1,0,1
/media/ullmann/HDDGabriel/research/engines/o3de/Code/Framework/AzToolsFramework/AzToolsFramework/ComponentMode/ComponentModeViewportUi.h,1,1,2
/media/ullmann/HDDGabriel/research/engines/o3de/Gems/EMotionFX/Code/Tests/AnimGraphSyncTrackTests.cpp,2,0,2
/media/ullmann/HDDGabriel/research/engines/o3de/Code/Framework/AzCore/AzCore/Serialization/DataPatch.h,1,0,1
/media/ullmann/HDDGabriel/research/engines/o3de/Code/Framework/AzCore/AzCore/Serialization/ObjectStream.h,0,1,1
/media/ullmann/HDDGabriel/research/engines/o3de/Gems/Blast/Code/Source/Components/BlastSystemComponent.h,0,1,1
/media/ullmann/HDDGabriel/research/engines/o3de/Code/Editor/Controls/ReflectedPropertyControl/PropertyMiscCtrl.cpp,1,0,1
/media/ullmann/HDDGabriel/research/engines/o3de/Code/Editor/Controls/ReflectedPropertyControl/PropertyMiscCtrl.h,1,2,3
/media/ullmann/HDDGabriel/research/engines/o3de/Code/Tools/AssetProcessor/native/tests/ApplicationManagerTests.cpp,1,0,1
/media/ullmann/HDDGabriel/research/engines/o3de/Code/Tools/AssetProcessor/native/tests/ApplicationManagerTests.h,2,1,3
/media/ullmann/HDDGabriel/research/engines/o3de/Gems/Atom/Feature/Common/Code/Source/Platform/iOS/Atom_Feature_Traits_Platform.h,1,0,1
/media/ullmann/HDDGabriel/research/engines/o3de/Gems/Atom/Feature/Common/Code/Source/Platform/iOS/Atom_Feature_Traits_iOS.h,0,1,1
/media/ullmann/HDDGabriel/research/engines/o3de/Gems/PhysX/Code/Editor/ColliderSphereMode.h,0,2,2
/media/ullmann/HDDGabriel/research/engines/o3de/Gems/ScriptCanvas/Code/Include/ScriptCanvas/Debugger/Messages/Notify.h,0,3,3
/media/ullmann/HDDGabriel/research/engines/o3de/Gems/Atom/Feature/Common/Code/Source/PostProcessing/ChromaticAberrationPass.h,0,1,1
/media/ullmann/HDDGabriel/research/engines/o3de/Gems/LmbrCentral/Code/Tests/SpawnerComponentTest.cpp,1,0,1
/media/ullmann/HDDGabriel/research/engines/o3de/Gems/GradientSignal/Code/Source/Editor/EditorShapeAreaFalloffGradientComponent.h,0,2,2
/media/ullmann/HDDGabriel/research/engines/o3de/Gems/EMotionFX/Code/EMotionFX/Source/BlendTreeAccumTransformNode.cpp,7,0,7
/media/ullmann/HDDGabriel/research/engines/o3de/Gems/GraphCanvas/Code/Source/Components/Slots/SlotConnectionFilterComponent.h,0,1,1
/media/ullmann/HDDGabriel/research/engines/o3de/Gems/LyShine/Code/Editor/Animation/UiAnimViewUndo.cpp,7,0,7
/media/ullmann/HDDGabriel/research/engines/o3de/Gems/EMotionFX/Code/EMotionFX/Tools/EMotionStudio/Plugins/StandardPlugins/Source/MotionSetsWindow/MotionSetsWindowPlugin.cpp,4,0,4
/media/ullmann/HDDGabriel/research/engines/o3de/Gems/LyShine/Code/Source/UiInteractableState.h,0,4,4
/media/ullmann/HDDGabriel/research/engines/o3de/Code/Editor/QtUI/WaitCursor.cpp,1,0,1
/media/ullmann/HDDGabriel/research/engines/o3de/Code/Editor/QtUI/WaitCursor.h,0,1,1
/media/ullmann/HDDGabriel/research/engines/o3de/Gems/AtomLyIntegration/CommonFeatures/Code/Source/PostProcess/ChromaticAberration/EditorChromaticAberrationComponent.h,0,1,1
/media/ullmann/HDDGabriel/research/engines/o3de/Code/Editor/LogFileImpl.cpp,3,0,3
/media/ullmann/HDDGabriel/research/engines/o3de/Gems/MessagePopup/Code/Source/MessagePopupSystemComponent.cpp,1,0,1
/media/ullmann/HDDGabriel/research/engines/o3de/Gems/MessagePopup/Code/Source/MessagePopupSystemComponent.h,1,2,3
/media/ullmann/HDDGabriel/research/engines/o3de/Gems/Twitch/Code/Source/Platform/iOS/Twitch_Traits_Platform.h,1,0,1
/media/ullmann/HDDGabriel/research/engines/o3de/Gems/Twitch/Code/Source/Platform/iOS/Twitch_Traits_iOS.h,0,1,1
/media/ullmann/HDDGabriel/research/engines/o3de/Gems/Atom/Asset/Shader/Code/Source/Editor/AzslData.h,1,3,4
/media/ullmann/HDDGabriel/research/engines/o3de/Code/Framework/AzToolsFramework/AzToolsFramework/UI/PropertyEditor/PropertyDoubleSliderCtrl.cpp,2,0,2
/media/ullmann/HDDGabriel/research/engines/o3de/Code/Framework/AzToolsFramework/AzToolsFramework/UI/PropertyEditor/PropertyDoubleSliderCtrl.hxx,1,1,2
/media/ullmann/HDDGabriel/research/engines/o3de/Gems/WhiteBox/Code/Source/EditorWhiteBoxSystemComponent.cpp,4,0,4
/media/ullmann/HDDGabriel/research/engines/o3de/Gems/EMotionFX/Code/Tests/BlendTreeFootIKNodeTests.cpp,1,0,1
/media/ullmann/HDDGabriel/research/engines/o3de/Gems/EMotionFX/Code/Tests/JackGraphFixture.h,1,2,3
/media/ullmann/HDDGabriel/research/engines/o3de/Gems/LmbrCentral/Code/Source/Builders/CopyDependencyBuilder/CfgBuilderWorker/CfgBuilderWorker.cpp,1,0,1
/media/ullmann/HDDGabriel/research/engines/o3de/Gems/Stars/Code/Source/StarsComponentController.h,1,2,3
/media/ullmann/HDDGabriel/research/engines/o3de/Gems/Stars/Code/Source/StarsComponentConfig.h,1,1,2
/media/ullmann/HDDGabriel/research/engines/o3de/Code/Editor/Plugins/PerforcePlugin/PerforceSourceControl.h,0,3,3
/media/ullmann/HDDGabriel/research/engines/o3de/Gems/Atom/Tools/ShaderManagementConsole/Code/Source/ShaderManagementConsoleApplication.cpp,4,0,4
/media/ullmann/HDDGabriel/research/engines/o3de/Gems/Atom/Tools/ShaderManagementConsole/Code/Source/Window/ShaderManagementConsoleTableView.h,0,1,1
/media/ullmann/HDDGabriel/research/engines/o3de/Gems/StartingPointInput/Code/Source/InputConfigurationComponent.cpp,1,0,1
/media/ullmann/HDDGabriel/research/engines/o3de/Gems/StartingPointInput/Code/Source/InputConfigurationComponent.h,1,2,3
/media/ullmann/HDDGabriel/research/engines/o3de/Gems/Atom/RPI/Code/Source/RPI.Builders/Common/AnyAssetBuilder.h,0,1,1
/media/ullmann/HDDGabriel/research/engines/o3de/Gems/LyShine/Code/Source/UiFaderComponent.cpp,4,0,4
/media/ullmann/HDDGabriel/research/engines/o3de/Gems/Maestro/Code/Source/Cinematics/TrackEventTrack.h,1,5,6
/media/ullmann/HDDGabriel/research/engines/o3de/Gems/Atom/Tools/AtomToolsFramework/Code/Source/Platform/Windows/AtomToolsFramework_Traits_Platform.h,1,0,1
/media/ullmann/HDDGabriel/research/engines/o3de/Gems/Atom/Tools/AtomToolsFramework/Code/Source/Platform/Windows/AtomToolsFramework_Traits_Windows.h,0,1,1
/media/ullmann/HDDGabriel/research/engines/o3de/Gems/AudioEngineWwise/Code/Platform/Mac/AudioEngineWwise_Traits_Platform.h,1,0,1
/media/ullmann/HDDGabriel/research/engines/o3de/Gems/AudioEngineWwise/Code/Platform/Mac/AudioEngineWwise_Traits_Mac.h,0,1,1
/media/ullmann/HDDGabriel/research/engines/o3de/Code/Editor/Objects/ObjectManager.cpp,5,0,5
/media/ullmann/HDDGabriel/research/engines/o3de/Gems/EMotionFX/Code/Tests/SimulatedObjectSerializeTests.cpp,1,0,1
/media/ullmann/HDDGabriel/research/engines/o3de/Code/Editor/Util/EditorAutoLevelLoadTest.h,0,2,2
/media/ullmann/HDDGabriel/research/engines/o3de/Code/Editor/Plugins/ProjectSettingsTool/PropertyFuncValBrowseEdit.cpp,4,0,4
/media/ullmann/HDDGabriel/research/engines/o3de/Gems/AtomLyIntegration/CommonFeatures/Code/Source/PostProcess/ExposureControl/ExposureControlComponent.h,0,1,1
/media/ullmann/HDDGabriel/research/engines/o3de/Gems/ScriptCanvas/Code/Editor/GraphCanvas/DataInterfaces/ScriptCanvasEntityIdDataInterface.h,1,0,1
/media/ullmann/HDDGabriel/research/engines/o3de/Gems/LyShine/Code/Editor/CommandHierarchyItemDelete.h,0,1,1
/media/ullmann/HDDGabriel/research/engines/o3de/Gems/EMotionFX/Code/Platform/Linux/EMotionFX_Traits_Platform.h,1,0,1
/media/ullmann/HDDGabriel/research/engines/o3de/Gems/EMotionFX/Code/Platform/Linux/EMotionFX_Traits_Linux.h,0,1,1
/media/ullmann/HDDGabriel/research/engines/o3de/Code/Editor/LevelFileDialog.cpp,4,0,4
/media/ullmann/HDDGabriel/research/engines/o3de/Code/Editor/LevelTreeModel.h,0,2,2
/media/ullmann/HDDGabriel/research/engines/o3de/Code/Framework/AzToolsFramework/AzToolsFramework/Manipulators/LinearManipulator.cpp,1,0,1
/media/ullmann/HDDGabriel/research/engines/o3de/Gems/Atom/Asset/Shader/Code/Source/Editor/AzslCompiler.cpp,2,0,2
/media/ullmann/HDDGabriel/research/engines/o3de/Code/Editor/Util/FileEnum.cpp,1,0,1
/media/ullmann/HDDGabriel/research/engines/o3de/Code/Editor/Util/FileEnum.h,0,2,2
/media/ullmann/HDDGabriel/research/engines/o3de/Gems/Atom/Feature/Common/Code/Source/Platform/Windows/Atom_Feature_Traits_Platform.h,1,0,1
/media/ullmann/HDDGabriel/research/engines/o3de/Gems/Atom/Feature/Common/Code/Source/Platform/Windows/Atom_Feature_Traits_Windows.h,0,1,1
/media/ullmann/HDDGabriel/research/engines/o3de/Gems/EMotionFX/Code/EMotionFX/Exporters/ExporterLib/Exporter/SkeletalMotionExport.cpp,1,0,1
/media/ullmann/HDDGabriel/research/engines/o3de/Gems/EMotionFX/Code/EMotionFX/Exporters/ExporterLib/Exporter/Exporter.h,0,8,8
/media/ullmann/HDDGabriel/research/engines/o3de/Gems/WhiteBox/Code/Source/Viewport/WhiteBoxManipulatorViews.cpp,1,0,1
/media/ullmann/HDDGabriel/research/engines/o3de/Gems/WhiteBox/Code/Source/Viewport/WhiteBoxManipulatorViews.h,0,2,2
/media/ullmann/HDDGabriel/research/engines/o3de/Gems/PhysX/Code/Tests/PhysXTestUtil.h,0,4,4
/media/ullmann/HDDGabriel/research/engines/o3de/Gems/LyShine/Code/Editor/ViewportAddGuideInteraction.h,2,2,4
/media/ullmann/HDDGabriel/research/engines/o3de/Gems/Maestro/Code/Source/Cinematics/SequenceTrack.cpp,1,0,1
/media/ullmann/HDDGabriel/research/engines/o3de/Gems/LmbrCentral/Code/Source/Ai/NavigationSystemComponent.cpp,1,0,1
/media/ullmann/HDDGabriel/research/engines/o3de/Gems/LyShine/Code/Source/Particle/UiParticle.h,0,2,2
/media/ullmann/HDDGabriel/research/engines/o3de/Gems/AtomTressFX/External/Code/src/TressFX/TressFXHairObject.cpp,3,0,3
/media/ullmann/HDDGabriel/research/engines/o3de/Gems/EMotionFX/Code/EMotionFX/Tools/EMotionStudio/Plugins/StandardPlugins/Source/MotionSetsWindow/MotionSetWindow.cpp,5,0,5
/media/ullmann/HDDGabriel/research/engines/o3de/Code/Framework/AzQtComponents/AzQtComponents/Gallery/StyledDockWidgetPage.cpp,1,0,1
/media/ullmann/HDDGabriel/research/engines/o3de/Code/Framework/AzQtComponents/AzQtComponents/Gallery/StyledDockWidgetPage.h,0,2,2
/media/ullmann/HDDGabriel/research/engines/o3de/Gems/EMotionFX/Code/EMotionFX/Source/SkinningInfoVertexAttributeLayer.cpp,2,0,2
/media/ullmann/HDDGabriel/research/engines/o3de/Gems/Multiplayer/Code/Source/MultiplayerSystemComponent.h,3,1,4
/media/ullmann/HDDGabriel/research/engines/o3de/Gems/Multiplayer/Code/Source/NetworkTime/NetworkTime.h,0,1,1
/media/ullmann/HDDGabriel/research/engines/o3de/Gems/EMotionFX/Code/EMotionFX/Source/MotionQueue.cpp,6,0,6
/media/ullmann/HDDGabriel/research/engines/o3de/Gems/Prefab/PrefabBuilder/PrefabBuilderModule.cpp,2,0,2
/media/ullmann/HDDGabriel/research/engines/o3de/Gems/Prefab/PrefabBuilder/PrefabGroup/PrefabGroupBehavior.h,0,1,1
/media/ullmann/HDDGabriel/research/engines/o3de/Gems/EMotionFX/Code/EMotionFX/Source/AnimGraphTransitionCondition.cpp,4,0,4
/media/ullmann/HDDGabriel/research/engines/o3de/Gems/EMotionFX/Code/Editor/Platform/iOS/EMotionFX_Traits_Platform.h,1,0,1
/media/ullmann/HDDGabriel/research/engines/o3de/Gems/EMotionFX/Code/Editor/Platform/iOS/EMotionFX_Traits_iOS.h,0,1,1
/media/ullmann/HDDGabriel/research/engines/o3de/Gems/SaveData/Code/Source/SaveDataSystemComponent.cpp,1,0,1
/media/ullmann/HDDGabriel/research/engines/o3de/Gems/SaveData/Code/Source/SaveDataSystemComponent.h,0,2,2
/media/ullmann/HDDGabriel/research/engines/o3de/Gems/Maestro/Code/Source/Cinematics/EventNode.cpp,3,0,3
/media/ullmann/HDDGabriel/research/engines/o3de/Gems/EMotionFX/Code/EMotionFX/Source/Parameter/Vector4Parameter.cpp,1,0,1
/media/ullmann/HDDGabriel/research/engines/o3de/Gems/EMotionFX/Code/EMotionFX/Source/Parameter/Vector4Parameter.h,1,1,2
/media/ullmann/HDDGabriel/research/engines/o3de/Gems/LmbrCentral/Code/Source/Unhandled/Other/PrefabsLibraryAssetTypeInfo.cpp,1,0,1
/media/ullmann/HDDGabriel/research/engines/o3de/Gems/LmbrCentral/Code/Source/Unhandled/Other/PrefabsLibraryAssetTypeInfo.h,0,2,2
/media/ullmann/HDDGabriel/research/engines/o3de/Code/Tools/AssetProcessor/native/AssetManager/PathDependencyManager.cpp,1,0,1
/media/ullmann/HDDGabriel/research/engines/o3de/Code/Tools/AssetProcessor/native/AssetManager/PathDependencyManager.h,0,2,2
/media/ullmann/HDDGabriel/research/engines/o3de/Gems/Atom/Asset/ImageProcessingAtom/Code/Source/Compressors/CryTextureSquisher/ColorBlockRGBA4x4f.h,1,2,3
/media/ullmann/HDDGabriel/research/engines/o3de/Gems/Atom/Asset/ImageProcessingAtom/Code/Source/Compressors/CryTextureSquisher/ColorTypes.h,0,3,3
/media/ullmann/HDDGabriel/research/engines/o3de/Gems/EMotionFX/Code/EMotionFX/Tools/EMotionStudio/EMStudioSDK/Source/NotificationWindowManager.h,2,2,4
/media/ullmann/HDDGabriel/research/engines/o3de/Gems/AudioSystem/Code/Source/Editor/ATLControlsPanel.cpp,6,0,6
/media/ullmann/HDDGabriel/research/engines/o3de/Gems/AudioSystem/Code/Source/Editor/ATLControlsPanel.h,3,2,5
/media/ullmann/HDDGabriel/research/engines/o3de/Gems/SceneLoggingExample/Code/Processors/ExportTrackingProcessor.h,0,1,1
/media/ullmann/HDDGabriel/research/engines/o3de/Gems/AtomLyIntegration/EditorModeFeedback/Code/Source/EditorModeFeedbackSystemComponent.cpp,2,0,2
/media/ullmann/HDDGabriel/research/engines/o3de/Code/Legacy/CryCommon/Cry_Vector2.h,1,2,3
/media/ullmann/HDDGabriel/research/engines/o3de/Code/Legacy/CryCommon/CryLegacyAllocator.h,1,0,1
/media/ullmann/HDDGabriel/research/engines/o3de/Code/Legacy/CryCommon/LegacyAllocator.h,0,2,2
/media/ullmann/HDDGabriel/research/engines/o3de/Gems/AudioSystem/Code/Source/Engine/ATLEntities.cpp,1,0,1
/media/ullmann/HDDGabriel/research/engines/o3de/Gems/ImGui/Code/Source/LYCommonMenu/ImGuiLYEntityOutliner.h,0,2,2
/media/ullmann/HDDGabriel/research/engines/o3de/Gems/SceneProcessing/Code/Source/Generation/Components/MeshOptimizer/MeshBuilderSubMesh.h,1,4,5
/media/ullmann/HDDGabriel/research/engines/o3de/Gems/AudioSystem/Code/Source/Engine/AudioProxy.h,0,3,3
/media/ullmann/HDDGabriel/research/engines/o3de/Gems/AWSCore/Code/Platform/Windows/AWSCore_Traits_Platform.h,1,0,1
/media/ullmann/HDDGabriel/research/engines/o3de/Gems/AWSCore/Code/Platform/Windows/AWSCore_Traits_Windows.h,0,1,1
/media/ullmann/HDDGabriel/research/engines/o3de/Code/Legacy/CryCommon/INavigationSystem.h,2,1,3
/media/ullmann/HDDGabriel/research/engines/o3de/Code/Legacy/CryCommon/IMNM.h,0,2,2
/media/ullmann/HDDGabriel/research/engines/o3de/Code/Editor/ErrorReportDialog.cpp,7,0,7
/media/ullmann/HDDGabriel/research/engines/o3de/Code/Editor/ErrorReportTableModel.h,1,2,3
/media/ullmann/HDDGabriel/research/engines/o3de/Gems/LandscapeCanvas/Code/Source/Editor/Nodes/Gradients/FastNoiseGradientNode.cpp,1,0,1
/media/ullmann/HDDGabriel/research/engines/o3de/Gems/EMotionFX/Code/EMotionFX/Source/Parameter/ColorParameter.cpp,1,0,1
/media/ullmann/HDDGabriel/research/engines/o3de/Gems/GradientSignal/Code/Source/GradientSignalModule.h,0,2,2
/media/ullmann/HDDGabriel/research/engines/o3de/Gems/Atom/Feature/Common/Code/Source/ReflectionScreenSpace/ReflectionCopyFrameBufferPass.h,0,2,2
/media/ullmann/HDDGabriel/research/engines/o3de/Gems/AtomLyIntegration/CommonFeatures/Code/Source/SkyAtmosphere/SkyAtmosphereComponent.h,0,1,1
/media/ullmann/HDDGabriel/research/engines/o3de/Gems/Gestures/Code/Include/Gestures/GestureRecognizerHold.h,1,0,1
/media/ullmann/HDDGabriel/research/engines/o3de/Gems/Atom/RHI/Code/Tests/HashingTests.cpp,1,0,1
/media/ullmann/HDDGabriel/research/engines/o3de/Gems/DebugDraw/Code/Source/EditorDebugDrawRayComponent.cpp,1,0,1
/media/ullmann/HDDGabriel/research/engines/o3de/Code/Framework/AzCore/AzCore/Statistics/StatisticalProfilerProxySystemComponent.h,1,1,2
/media/ullmann/HDDGabriel/research/engines/o3de/Code/Framework/AzCore/AzCore/Statistics/StatisticalProfilerProxy.h,0,1,1
/media/ullmann/HDDGabriel/research/engines/o3de/Gems/VirtualGamepad/Code/Source/VirtualGamepadModule.cpp,3,0,3
/media/ullmann/HDDGabriel/research/engines/o3de/Gems/Vegetation/Code/Source/Debugger/EditorAreaDebugComponent.h,0,2,2
/media/ullmann/HDDGabriel/research/engines/o3de/Gems/LandscapeCanvas/Code/Source/Editor/Nodes/AreaFilters/AltitudeFilterNode.h,0,2,2
/media/ullmann/HDDGabriel/research/engines/o3de/Gems/GraphCanvas/Code/Source/Components/Slots/Data/DataSlotComponent.h,0,2,2
/media/ullmann/HDDGabriel/research/engines/o3de/Gems/LyShine/Code/Editor/Animation/UiAnimViewAnimNode.cpp,8,0,8
/media/ullmann/HDDGabriel/research/engines/o3de/Gems/LyShine/Code/Editor/Animation/UiAnimViewNodeFactories.h,0,4,4
/media/ullmann/HDDGabriel/research/engines/o3de/Gems/ScriptCanvasDeveloper/Code/Editor/Source/EditorAutomationTestDialog.h,0,2,2
/media/ullmann/HDDGabriel/research/engines/o3de/Gems/AudioSystem/Code/Platform/iOS/AudioSystem_Traits_Platform.h,1,0,1
/media/ullmann/HDDGabriel/research/engines/o3de/Gems/AudioSystem/Code/Platform/iOS/AudioSystem_Traits_iOS.h,0,1,1
/media/ullmann/HDDGabriel/research/engines/o3de/Gems/ScriptCanvas/Code/Include/ScriptCanvas/Core/Contracts/DynamicTypeContract.h,0,2,2
/media/ullmann/HDDGabriel/research/engines/o3de/Gems/WhiteBox/Code/Source/Rendering/WhiteBoxRenderData.h,1,4,5
/media/ullmann/HDDGabriel/research/engines/o3de/Gems/EMotionFX/Code/EMotionFX/CommandSystem/Source/AnimGraphNodeCommands.cpp,3,0,3
/media/ullmann/HDDGabriel/research/engines/o3de/Gems/EMotionFX/Code/EMotionFX/CommandSystem/Source/AnimGraphNodeCommands.h,0,2,2
/media/ullmann/HDDGabriel/research/engines/o3de/Gems/EMotionFX/Code/EMotionFX/Source/BlendTreeVector3Math1Node.h,2,1,3
/media/ullmann/HDDGabriel/research/engines/o3de/Gems/LandscapeCanvas/Code/Source/Editor/Nodes/AreaSelectors/AssetWeightSelectorNode.h,0,2,2
/media/ullmann/HDDGabriel/research/engines/o3de/Gems/LyShine/Code/Editor/ViewportCanvasBackground.h,0,1,1
/media/ullmann/HDDGabriel/research/engines/o3de/Gems/Camera/Code/Source/CameraGem.cpp,4,0,4
/media/ullmann/HDDGabriel/research/engines/o3de/Gems/LyShine/Code/Editor/Animation/UiAnimViewEventNode.cpp,2,0,2
/media/ullmann/HDDGabriel/research/engines/o3de/Gems/LandscapeCanvas/Code/Source/Editor/Nodes/Shapes/SphereShapeNode.h,0,2,2
/media/ullmann/HDDGabriel/research/engines/o3de/Code/Framework/AzQtComponents/AzQtComponents/Gallery/FilteredSearchWidgetPage.cpp,1,0,1
/media/ullmann/HDDGabriel/research/engines/o3de/Gems/ScriptCanvas/Code/Include/ScriptCanvas/Debugger/ClientTransceiver.h,2,1,3
/media/ullmann/HDDGabriel/research/engines/o3de/Gems/LyShine/Code/Editor/AnchorPresetsWidget.h,0,2,2
/media/ullmann/HDDGabriel/research/engines/o3de/Gems/EMotionFX/Code/EMotionFX/Source/KeyFrame.h,2,3,5
/media/ullmann/HDDGabriel/research/engines/o3de/Gems/EMotionFX/Code/EMotionFX/Source/KeyFrame.inl,0,1,1
/media/ullmann/HDDGabriel/research/engines/o3de/Gems/LyShine/Code/Source/Script/UiElementLuaBus.cpp,1,0,1
/media/ullmann/HDDGabriel/research/engines/o3de/Code/Tools/LuaIDE/Source/LUA/LUAEditorSyntaxHighlighter.cpp,3,0,3
/media/ullmann/HDDGabriel/research/engines/o3de/Gems/Atom/Tools/ShaderManagementConsole/Code/Source/main.cpp,1,0,1
/media/ullmann/HDDGabriel/research/engines/o3de/Gems/Atom/Tools/ShaderManagementConsole/Code/Source/ShaderManagementConsoleApplication.h,1,2,3
/media/ullmann/HDDGabriel/research/engines/o3de/Code/Tools/ProjectManager/Source/DownloadWorker.cpp,3,0,3
/media/ullmann/HDDGabriel/research/engines/o3de/Code/Editor/TrackView/DirectorNodeAnimator.cpp,1,0,1
/media/ullmann/HDDGabriel/research/engines/o3de/Gems/AtomLyIntegration/EMotionFXAtom/Code/Source/AtomActorInstance.h,1,3,4
/media/ullmann/HDDGabriel/research/engines/o3de/Gems/AWSCore/Code/Platform/Windows/AWSCoreEditor_Traits_Platform.h,1,0,1
/media/ullmann/HDDGabriel/research/engines/o3de/Gems/AWSCore/Code/Platform/Windows/AWSCoreEditor_Traits_Windows.h,0,1,1
/media/ullmann/HDDGabriel/research/engines/o3de/Gems/ScriptCanvas/Code/Include/ScriptCanvas/Data/BehaviorContextObject.cpp,1,0,1
/media/ullmann/HDDGabriel/research/engines/o3de/Code/Editor/Util/ImageHistogram.cpp,1,0,1
/media/ullmann/HDDGabriel/research/engines/o3de/Code/Editor/Util/ImageHistogram.h,0,1,1
/media/ullmann/HDDGabriel/research/engines/o3de/Code/Editor/ErrorReportDialog.h,1,4,5
/media/ullmann/HDDGabriel/research/engines/o3de/Gems/FastNoise/Code/Source/FastNoiseModule.cpp,3,0,3
/media/ullmann/HDDGabriel/research/engines/o3de/Gems/FastNoise/Code/Source/FastNoiseModule.h,0,2,2
/media/ullmann/HDDGabriel/research/engines/o3de/Code/Editor/EditorPreferencesPageFiles.cpp,4,0,4
/media/ullmann/HDDGabriel/research/engines/o3de/Code/Framework/AzFramework/AzFramework/Logging/LogFile.cpp,1,0,1
/media/ullmann/HDDGabriel/research/engines/o3de/Gems/LmbrCentral/Code/Source/Unhandled/Texture/SubstanceAssetTypeInfo.cpp,1,0,1
/media/ullmann/HDDGabriel/research/engines/o3de/Code/Editor/TrackView/AssetBlendKeyUIControls.cpp,2,0,2
/media/ullmann/HDDGabriel/research/engines/o3de/Code/Editor/TrackView/SelectKeyUIControls.cpp,2,0,2
/media/ullmann/HDDGabriel/research/engines/o3de/Code/Framework/AzCore/Platform/Common/UnixLike/AzCore/std/parallel/internal/semaphore_UnixLike.h,1,0,1
/media/ullmann/HDDGabriel/research/engines/o3de/Code/Framework/AzCore/Platform/Common/UnixLike/AzCore/std/parallel/internal/time_UnixLike.h,0,1,1
/media/ullmann/HDDGabriel/research/engines/o3de/Gems/AWSClientAuth/Code/Tests/AWSClientAuthSystemComponentTest.cpp,1,0,1
/media/ullmann/HDDGabriel/research/engines/o3de/Gems/AWSClientAuth/Code/Tests/AWSClientAuthGemMock.h,0,1,1
/media/ullmann/HDDGabriel/research/engines/o3de/Gems/LyShine/Code/Source/UiNavigationSettings.h,0,4,4
/media/ullmann/HDDGabriel/research/engines/o3de/Gems/VirtualGamepad/Code/Source/VirtualGamepadSystemComponent.h,0,2,2
/media/ullmann/HDDGabriel/research/engines/o3de/Gems/Profiler/Code/Source/ImGuiTreemapImpl.h,0,3,3
/media/ullmann/HDDGabriel/research/engines/o3de/Gems/MultiplayerCompression/Code/Source/MultiplayerCompressionFactory.h,0,3,3
/media/ullmann/HDDGabriel/research/engines/o3de/Gems/LyShine/Code/Source/LyShineFeatureProcessor.cpp,1,0,1
/media/ullmann/HDDGabriel/research/engines/o3de/Gems/LyShine/Code/Source/LyShineFeatureProcessor.h,0,2,2
/media/ullmann/HDDGabriel/research/engines/o3de/Code/Tools/ProjectManager/Platform/Mac/ProjectManager_Traits_Platform.h,1,0,1
/media/ullmann/HDDGabriel/research/engines/o3de/Code/Tools/ProjectManager/Platform/Mac/ProjectManager_Traits_Mac.h,0,1,1
/media/ullmann/HDDGabriel/research/engines/o3de/Code/Editor/TrackView/TrackViewSequenceManager.cpp,1,0,1
/media/ullmann/HDDGabriel/research/engines/o3de/Gems/AtomLyIntegration/EditorModeFeedback/Code/Source/EditorModeFeedbackSystemComponent.h,1,2,3
/media/ullmann/HDDGabriel/research/engines/o3de/Gems/AtomLyIntegration/EditorModeFeedback/Code/Source/Draw/DrawableMeshEntity.h,0,1,1
/media/ullmann/HDDGabriel/research/engines/o3de/Gems/LandscapeCanvas/Code/Source/LandscapeCanvasEditorModule.cpp,3,0,3
/media/ullmann/HDDGabriel/research/engines/o3de/Gems/LandscapeCanvas/Code/Source/LandscapeCanvasSystemComponent.h,0,2,2
/media/ullmann/HDDGabriel/research/engines/o3de/Code/Framework/AzCore/AzCore/Statistics/StatisticsManager.h,1,0,1
/media/ullmann/HDDGabriel/research/engines/o3de/Gems/AtomLyIntegration/CommonFeatures/Code/Source/CoreLights/DirectionalLightComponent.h,0,1,1
/media/ullmann/HDDGabriel/research/engines/o3de/Code/Tools/AssetProcessor/native/main_batch.cpp,1,0,1
/media/ullmann/HDDGabriel/research/engines/o3de/Code/Tools/AssetProcessor/native/utilities/BatchApplicationManager.h,0,2,2
/media/ullmann/HDDGabriel/research/engines/o3de/Gems/ScriptCanvas/Code/Include/ScriptCanvas/Libraries/Operators/Math/OperatorSub.h,1,1,2
/media/ullmann/HDDGabriel/research/engines/o3de/Gems/ScriptCanvas/Code/Include/ScriptCanvas/Libraries/Operators/Math/OperatorArithmetic.h,0,5,5
/media/ullmann/HDDGabriel/research/engines/o3de/Gems/LmbrCentral/Code/Source/Unhandled/Other/GameTokenAssetTypeInfo.cpp,1,0,1
/media/ullmann/HDDGabriel/research/engines/o3de/Code/Framework/AzCore/Tests/AZStd/Bitset.cpp,1,0,1
/media/ullmann/HDDGabriel/research/engines/o3de/Code/Tools/ProjectManager/Platform/Windows/ProjectManager_Traits_Platform.h,1,0,1
/media/ullmann/HDDGabriel/research/engines/o3de/Code/Tools/ProjectManager/Platform/Windows/ProjectManager_Traits_Windows.h,0,1,1
/media/ullmann/HDDGabriel/research/engines/o3de/Gems/EMotionFX/Code/EMotionFX/Source/BlendTreeRangeRemapperNode.cpp,1,0,1
/media/ullmann/HDDGabriel/research/engines/o3de/Gems/LyShine/Code/Editor/PreviewToolbar.cpp,1,0,1
/media/ullmann/HDDGabriel/research/engines/o3de/Code/Framework/AzCore/Tests/Patching.cpp,1,0,1
/media/ullmann/HDDGabriel/research/engines/o3de/Gems/ScriptCanvas/Code/Editor/View/Widgets/NodePalette/GeneralNodePaletteTreeItemTypes.h,2,1,3
/media/ullmann/HDDGabriel/research/engines/o3de/Gems/ScriptCanvas/Code/Editor/View/Widgets/NodePalette/NodePaletteModel.h,0,1,1
/media/ullmann/HDDGabriel/research/engines/o3de/Gems/AudioSystem/Code/Source/Editor/AudioControlsEditorWindow.h,1,2,3
/media/ullmann/HDDGabriel/research/engines/o3de/Gems/AtomLyIntegration/EMotionFXAtom/Code/Source/ActorAsset.h,0,3,3
/media/ullmann/HDDGabriel/research/engines/o3de/Gems/EMotionFX/Code/EMotionFX/Exporters/ExporterLib/Exporter/EndianConversion.cpp,1,0,1
/media/ullmann/HDDGabriel/research/engines/o3de/Gems/EMotionFX/Code/EMotionFX/Source/MotionEvent.cpp,5,0,5
/media/ullmann/HDDGabriel/research/engines/o3de/Gems/EMotionFX/Code/EMotionFX/Source/TwoStringEventData.h,0,3,3
/media/ullmann/HDDGabriel/research/engines/o3de/Gems/EMotionFX/Code/EMotionFX/Tools/EMotionStudio/Plugins/StandardPlugins/Source/AnimGraph/NodePaletteWidget.h,1,3,4
/media/ullmann/HDDGabriel/research/engines/o3de/Gems/EMotionFX/Code/EMotionFX/Tools/EMotionStudio/Plugins/StandardPlugins/Source/AnimGraph/ParameterWidget.cpp,2,0,2
/media/ullmann/HDDGabriel/research/engines/o3de/Gems/LyShine/Code/Editor/ViewportAnchor.h,0,1,1
/media/ullmann/HDDGabriel/research/engines/o3de/Gems/EMotionFX/Code/MysticQt/Source/RecentFiles.h,1,1,2
/media/ullmann/HDDGabriel/research/engines/o3de/Code/Editor/StartupLogoDialog.h,1,2,3
/media/ullmann/HDDGabriel/research/engines/o3de/Gems/LyShine/Code/Editor/ViewportNudge.cpp,2,0,2
/media/ullmann/HDDGabriel/research/engines/o3de/Gems/LyShine/Code/Editor/ViewportNudge.h,0,3,3
/media/ullmann/HDDGabriel/research/engines/o3de/Code/Framework/AzToolsFramework/AzToolsFramework/ToolsComponents/EditorEntityIconComponentBus.h,0,1,1
/media/ullmann/HDDGabriel/research/engines/o3de/Gems/LyShine/Code/Source/Draw2d.cpp,2,0,2
/media/ullmann/HDDGabriel/research/engines/o3de/Gems/LyShine/Code/Source/Draw2d.h,0,2,2
/media/ullmann/HDDGabriel/research/engines/o3de/Gems/SurfaceData/Code/Source/Editor/EditorSurfaceTagListAsset.cpp,1,0,1
/media/ullmann/HDDGabriel/research/engines/o3de/Gems/Vegetation/Code/Source/Editor/EditorDescriptorListComponent.h,0,2,2
/media/ullmann/HDDGabriel/research/engines/o3de/Gems/Atom/Feature/Common/Code/Source/PostProcessing/DepthOfFieldWriteFocusDepthFromGpuPass.h,0,1,1
/media/ullmann/HDDGabriel/research/engines/o3de/Gems/EMotionFX/Code/EMotionFX/Tools/EMotionStudio/Plugins/StandardPlugins/Source/ActionHistory/ActionHistoryCallback.cpp,3,0,3
/media/ullmann/HDDGabriel/research/engines/o3de/Gems/LmbrCentral/Code/Source/Builders/SliceBuilder/SliceBuilderWorker.cpp,1,0,1
/media/ullmann/HDDGabriel/research/engines/o3de/Gems/LmbrCentral/Code/Source/Builders/SliceBuilder/SliceBuilderWorker.h,0,2,2
/media/ullmann/HDDGabriel/research/engines/o3de/Gems/LmbrCentral/Code/Source/Shape/EditorShapeComponentConverters.h,0,9,9
/media/ullmann/HDDGabriel/research/engines/o3de/Gems/StartingPointCamera/Code/Source/CameraLookAtBehaviors/RotateCameraLookAt.h,0,2,2
/media/ullmann/HDDGabriel/research/engines/o3de/Gems/EMotionFX/Code/EMotionFX/Source/NodeMap.cpp,5,0,5
/media/ullmann/HDDGabriel/research/engines/o3de/Gems/EMotionFX/Code/EMotionFX/Source/Importer/NodeMapFileFormat.h,1,2,3
/media/ullmann/HDDGabriel/research/engines/o3de/Gems/ScriptCanvas/Code/Editor/View/Widgets/NodePalette/VariableNodePaletteTreeItemTypes.h,1,1,2
/media/ullmann/HDDGabriel/research/engines/o3de/Gems/Atom/RHI/Code/Source/Platform/Mac/Atom_RHI_Traits_Platform.h,1,0,1
/media/ullmann/HDDGabriel/research/engines/o3de/Gems/Atom/RHI/Code/Source/Platform/Mac/Atom_RHI_Traits_Mac.h,0,1,1
/media/ullmann/HDDGabriel/research/engines/o3de/Gems/PhysX/Code/Source/RigidBody.cpp,1,0,1
/media/ullmann/HDDGabriel/research/engines/o3de/Code/Tools/SceneAPI/SceneCore/Utilities/DebugOutput.h,1,1,2
/media/ullmann/HDDGabriel/research/engines/o3de/Code/Tools/SceneAPI/SceneCore/Utilities/DebugOutput.inl,0,1,1
/media/ullmann/HDDGabriel/research/engines/o3de/Gems/EMotionFX/Code/Tests/MotionLayerSystemTests.cpp,2,0,2
/media/ullmann/HDDGabriel/research/engines/o3de/Gems/EMotionFX/Code/Tests/TestAssetCode/SimpleActors.h,0,1,1
/media/ullmann/HDDGabriel/research/engines/o3de/Code/Framework/AzToolsFramework/AzToolsFramework/Manipulators/MultiLinearManipulator.h,2,1,3
/media/ullmann/HDDGabriel/research/engines/o3de/Gems/ScriptCanvas/Code/Include/ScriptCanvas/Grammar/ExecutionTraversalListeners.cpp,3,0,3
/media/ullmann/HDDGabriel/research/engines/o3de/Gems/ImGui/External/ImGui/v1.82/imgui/imstb_truetype.h,0,1,1
/media/ullmann/HDDGabriel/research/engines/o3de/Code/Editor/Objects/AxisGizmo.h,2,3,5
/media/ullmann/HDDGabriel/research/engines/o3de/Gems/GradientSignal/Code/Source/Editor/EditorStreamingImageAssetCtrl.h,0,1,1
/media/ullmann/HDDGabriel/research/engines/o3de/Gems/Vegetation/Code/Source/Components/SurfaceMaskDepthFilterComponent.h,0,2,2
/media/ullmann/HDDGabriel/research/engines/o3de/Gems/EMotionFX/Code/EMotionFX/CommandSystem/Source/MotionCommands.h,1,1,2
/media/ullmann/HDDGabriel/research/engines/o3de/Gems/GraphCanvas/Code/Source/Components/StylingComponent.h,0,2,2
/media/ullmann/HDDGabriel/research/engines/o3de/Code/Editor/Controls/ReflectedPropertyControl/ReflectedVarWrapper.cpp,2,0,2
/media/ullmann/HDDGabriel/research/engines/o3de/Gems/EMotionFX/Code/EMotionFX/Tools/EMotionStudio/Plugins/StandardPlugins/Source/NodeGroups/NodeGroupsPlugin.cpp,2,0,2
/media/ullmann/HDDGabriel/research/engines/o3de/Gems/EMotionFX/Code/EMotionFX/Tools/EMotionStudio/Plugins/StandardPlugins/Source/ActionHistory/ActionHistoryCallback.h,1,2,3
/media/ullmann/HDDGabriel/research/engines/o3de/Code/Tools/ProjectManager/Source/GemsSubWidget.cpp,2,0,2
/media/ullmann/HDDGabriel/research/engines/o3de/Code/Tools/ProjectManager/Source/GemsSubWidget.h,1,1,2
/media/ullmann/HDDGabriel/research/engines/o3de/Gems/EMotionFX/Code/EMotionFX/Source/DebugDraw.h,1,1,2
/media/ullmann/HDDGabriel/research/engines/o3de/Code/Tools/AssetProcessor/native/utilities/ApplicationServer.h,0,1,1
/media/ullmann/HDDGabriel/research/engines/o3de/Code/Tools/AssetProcessor/native/ui/ProductAssetDetailsPanel.h,0,1,1
/media/ullmann/HDDGabriel/research/engines/o3de/Gems/ScriptCanvas/Code/Include/ScriptCanvas/Core/NodeBus.h,1,1,2
/media/ullmann/HDDGabriel/research/engines/o3de/Gems/ExpressionEvaluation/Code/Source/ExpressionEngine/ExpressionVariable.h,0,1,1
/media/ullmann/HDDGabriel/research/engines/o3de/Gems/LyShine/Code/Editor/Animation/UiAnimViewNode.h,0,5,5
/media/ullmann/HDDGabriel/research/engines/o3de/Gems/ScriptCanvas/Code/Include/ScriptCanvas/Libraries/Operators/Math/OperatorSub.cpp,1,0,1
/media/ullmann/HDDGabriel/research/engines/o3de/Gems/Vegetation/Code/Source/Editor/EditorShapeIntersectionFilterComponent.h,0,2,2
/media/ullmann/HDDGabriel/research/engines/o3de/Gems/VirtualGamepad/Code/Source/VirtualGamepadSystemComponent.cpp,2,0,2
/media/ullmann/HDDGabriel/research/engines/o3de/Code/Framework/AzToolsFramework/AzToolsFramework/UI/UICore/ClickableLabel.cpp,1,0,1
/media/ullmann/HDDGabriel/research/engines/o3de/Code/Framework/AzToolsFramework/AzToolsFramework/UI/UICore/ClickableLabel.hxx,0,1,1
/media/ullmann/HDDGabriel/research/engines/o3de/Gems/EMotionFX/Code/EMotionFX/Source/MorphSetupInstance.h,2,4,6
/media/ullmann/HDDGabriel/research/engines/o3de/Gems/LandscapeCanvas/Code/Source/Editor/Nodes/Gradients/BaseGradientNode.cpp,1,0,1
/media/ullmann/HDDGabriel/research/engines/o3de/Gems/LandscapeCanvas/Code/Source/Editor/Nodes/Gradients/BaseGradientNode.h,0,1,1
/media/ullmann/HDDGabriel/research/engines/o3de/Code/Framework/AzToolsFramework/AzToolsFramework/Manipulators/MultiLinearManipulator.cpp,1,0,1
/media/ullmann/HDDGabriel/research/engines/o3de/Gems/MultiplayerCompression/Code/Source/MultiplayerCompressionSystemComponent.cpp,3,0,3
/media/ullmann/HDDGabriel/research/engines/o3de/Code/Framework/AzToolsFramework/AzToolsFramework/ToolsComponents/EditorDisabledCompositionComponent.h,2,1,3
/media/ullmann/HDDGabriel/research/engines/o3de/Gems/LyShine/Code/Editor/SerializeHelpers.h,0,1,1
/media/ullmann/HDDGabriel/research/engines/o3de/Gems/LyShine/Code/Source/UiLayoutFitterComponent.cpp,2,0,2
/media/ullmann/HDDGabriel/research/engines/o3de/Templates/CppToolGem/Template/Code/Source/Tools/${Name}EditorModule.cpp,1,0,1
/media/ullmann/HDDGabriel/research/engines/o3de/Templates/CppToolGem/Template/Code/Source/Tools/${Name}EditorSystemComponent.h,0,2,2
/media/ullmann/HDDGabriel/research/engines/o3de/Gems/Atom/RHI/Null/Code/Source/Platform/Linux/Null_Traits_Platform.h,1,0,1
/media/ullmann/HDDGabriel/research/engines/o3de/Gems/Atom/RHI/Null/Code/Source/Platform/Linux/Null_Traits_Linux.h,0,1,1
/media/ullmann/HDDGabriel/research/engines/o3de/Code/Framework/AzToolsFramework/AzToolsFramework/Archive/ArchiveComponent.cpp,1,0,1
/media/ullmann/HDDGabriel/research/engines/o3de/Code/Framework/AzToolsFramework/AzToolsFramework/Archive/ArchiveComponent.h,0,1,1
/media/ullmann/HDDGabriel/research/engines/o3de/Code/Tools/ProjectManager/Source/ProjectInfo.cpp,2,0,2
/media/ullmann/HDDGabriel/research/engines/o3de/Gems/Atom/Asset/ImageProcessingAtom/Code/Source/Converters/FIR-Windows.h,0,1,1
/media/ullmann/HDDGabriel/research/engines/o3de/Gems/ScriptCanvas/Code/Include/ScriptCanvas/Execution/Interpreted/ExecutionInterpretedComponentAPI.h,0,2,2
/media/ullmann/HDDGabriel/research/engines/o3de/Gems/EMotionFX/Code/MCore/Source/IDGenerator.cpp,2,0,2
/media/ullmann/HDDGabriel/research/engines/o3de/Gems/LyShine/Code/Source/Animation/2DSpline.h,0,1,1
/media/ullmann/HDDGabriel/research/engines/o3de/Gems/EMotionFX/Code/EMotionFX/Source/BlendTreePoseSubtractNode.h,2,1,3
/media/ullmann/HDDGabriel/research/engines/o3de/Code/Framework/AzToolsFramework/Tests/QtWidgetLimitsTests.cpp,1,0,1
/media/ullmann/HDDGabriel/research/engines/o3de/Code/Framework/AzToolsFramework/Tests/IntegerPrimtitiveTestConfig.h,0,2,2
/media/ullmann/HDDGabriel/research/engines/o3de/Code/Framework/AzFramework/AzFramework/IO/FileOperations.cpp,1,0,1
/media/ullmann/HDDGabriel/research/engines/o3de/Code/Framework/AzFramework/AzFramework/IO/FileOperations.h,0,1,1
/media/ullmann/HDDGabriel/research/engines/o3de/Gems/ScriptCanvas/Code/Include/ScriptCanvas/Libraries/Comparison/ComparisonLibrary.h,0,1,1
/media/ullmann/HDDGabriel/research/engines/o3de/Gems/LyShine/Code/Editor/CommandHierarchyItemToggleIsSelectable.h,0,1,1
/media/ullmann/HDDGabriel/research/engines/o3de/Code/Legacy/CrySystem/ConsoleBatchFile.cpp,4,0,4
/media/ullmann/HDDGabriel/research/engines/o3de/Gems/EditorPythonBindings/Code/Tests/PythonAssetTypesTests.cpp,2,0,2
/media/ullmann/HDDGabriel/research/engines/o3de/Gems/EMotionFX/Code/EMotionFX/Source/BlendTreeFloatConditionNode.h,2,1,3
/media/ullmann/HDDGabriel/research/engines/o3de/Code/Framework/AzQtComponents/AzQtComponents/Gallery/ToolBarPage.h,0,2,2
/media/ullmann/HDDGabriel/research/engines/o3de/Gems/LyShine/Code/Editor/ViewportDragInteraction.cpp,1,0,1
/media/ullmann/HDDGabriel/research/engines/o3de/Code/Framework/AzToolsFramework/AzToolsFramework/ToolsComponents/LayerResult.cpp,1,0,1
/media/ullmann/HDDGabriel/research/engines/o3de/Gems/ImGui/External/ImGui/v1.82/imgui/misc/single_file/imgui_single_file.h,6,0,6
/media/ullmann/HDDGabriel/research/engines/o3de/Code/Legacy/CryCommon/ILog.h,1,1,2
/media/ullmann/HDDGabriel/research/engines/o3de/Code/Legacy/CryCommon/IMiniLog.h,0,1,1
/media/ullmann/HDDGabriel/research/engines/o3de/Gems/SliceFavorites/Code/Source/SliceFavoritesWidget.h,0,2,2
/media/ullmann/HDDGabriel/research/engines/o3de/Gems/Maestro/Code/Source/Cinematics/TrackEventTrack.cpp,1,0,1
/media/ullmann/HDDGabriel/research/engines/o3de/Gems/MessagePopup/Code/Source/MessagePopupManager.h,0,2,2
/media/ullmann/HDDGabriel/research/engines/o3de/Code/Tools/LuaIDE/Source/LUA/LUALocalsTrackerMessages.h,0,1,1
/media/ullmann/HDDGabriel/research/engines/o3de/Gems/ScriptCanvas/Code/Include/ScriptCanvas/Libraries/Math/Quaternion.cpp,1,0,1
/media/ullmann/HDDGabriel/research/engines/o3de/Gems/ScriptCanvas/Code/Include/ScriptCanvas/Libraries/Math/Quaternion.h,0,1,1
/media/ullmann/HDDGabriel/research/engines/o3de/Gems/GradientSignal/Code/Source/Editor/EditorPerlinGradientComponent.h,0,2,2
/media/ullmann/HDDGabriel/research/engines/o3de/Gems/LyShine/Code/Editor/PropertyHandlerEntityIdComboBox.cpp,2,0,2
/media/ullmann/HDDGabriel/research/engines/o3de/Gems/EMotionFX/Code/EMotionFX/Tools/EMotionStudio/EMStudioSDK/Source/KeyboardShortcutsWindow.h,1,1,2
/media/ullmann/HDDGabriel/research/engines/o3de/Gems/EMotionFX/Code/EMotionFX/Source/AttachmentSkin.h,2,2,4
/media/ullmann/HDDGabriel/research/engines/o3de/Code/Tools/AssetProcessor/native/tests/AssetProcessorTest.cpp,2,0,2
/media/ullmann/HDDGabriel/research/engines/o3de/Code/Tools/AssetProcessor/native/tests/BaseAssetProcessorTest.h,0,1,1
/media/ullmann/HDDGabriel/research/engines/o3de/Gems/Prefab/PrefabBuilder/PrefabBuilderComponent.h,0,3,3
/media/ullmann/HDDGabriel/research/engines/o3de/Code/Framework/AzToolsFramework/AzToolsFramework/UI/PropertyEditor/PropertyStringComboBoxCtrl.hxx,1,1,2
/media/ullmann/HDDGabriel/research/engines/o3de/Code/Editor/AssetEditor/AssetEditorWindow.cpp,1,0,1
/media/ullmann/HDDGabriel/research/engines/o3de/Code/Editor/Util/Math.h,0,1,1
/media/ullmann/HDDGabriel/research/engines/o3de/Gems/AWSCore/Code/Platform/Linux/AWSCoreEditor_Traits_Platform.h,1,0,1
/media/ullmann/HDDGabriel/research/engines/o3de/Gems/AWSCore/Code/Platform/Linux/AWSCoreEditor_Traits_Linux.h,0,1,1
/media/ullmann/HDDGabriel/research/engines/o3de/Code/Editor/Util/StringHelpers.cpp,2,0,2
/media/ullmann/HDDGabriel/research/engines/o3de/Code/Editor/Util/Util.h,0,1,1
/media/ullmann/HDDGabriel/research/engines/o3de/Gems/PhysX/Code/Source/System/PhysXCookingParams.h,0,1,1
/media/ullmann/HDDGabriel/research/engines/o3de/Code/Framework/AzToolsFramework/Tests/SliceUpgradeTests.cpp,1,0,1
/media/ullmann/HDDGabriel/research/engines/o3de/Code/Framework/AzToolsFramework/Tests/SliceUpgradeTestsData.h,0,1,1
/media/ullmann/HDDGabriel/research/engines/o3de/Gems/Atom/RHI/Code/Tests/BufferPropertyTests.cpp,1,0,1
/media/ullmann/HDDGabriel/research/engines/o3de/Gems/Atom/RHI/Vulkan/Code/Include/Platform/Linux/Atom_RHI_Vulkan_Platform.h,1,0,1
/media/ullmann/HDDGabriel/research/engines/o3de/Gems/Atom/RHI/Vulkan/Code/Include/Platform/Linux/Atom_RHI_Vulkan_Linux.h,0,1,1
/media/ullmann/HDDGabriel/research/engines/o3de/Gems/ScriptCanvas/Code/Include/ScriptCanvas/Libraries/Math/Plane.cpp,1,0,1
/media/ullmann/HDDGabriel/research/engines/o3de/Gems/ScriptCanvas/Code/Include/ScriptCanvas/Libraries/Math/Plane.h,0,1,1
/media/ullmann/HDDGabriel/research/engines/o3de/Gems/LmbrCentral/Code/Source/Shape/SphereShape.cpp,1,0,1
/media/ullmann/HDDGabriel/research/engines/o3de/Code/Editor/Util/ColumnGroupProxyModel.cpp,1,0,1
/media/ullmann/HDDGabriel/research/engines/o3de/Code/Editor/Util/ColumnGroupProxyModel.h,1,1,2
/media/ullmann/HDDGabriel/research/engines/o3de/Gems/EMotionFX/Code/EMotionFX/Tools/EMotionStudio/Plugins/StandardPlugins/Source/SceneManager/ActorsWindow.cpp,4,0,4
/media/ullmann/HDDGabriel/research/engines/o3de/Gems/EMotionFX/Code/EMotionFX/CommandSystem/Source/MiscCommands.cpp,2,0,2
/media/ullmann/HDDGabriel/research/engines/o3de/Gems/EMotionFX/Code/EMotionFX/CommandSystem/Source/MiscCommands.h,1,1,2
/media/ullmann/HDDGabriel/research/engines/o3de/Gems/FastNoise/Code/Source/FastNoiseEditorModule.cpp,3,0,3
/media/ullmann/HDDGabriel/research/engines/o3de/Gems/FastNoise/Code/Source/FastNoiseEditorModule.h,1,1,2
/media/ullmann/HDDGabriel/research/engines/o3de/Code/Legacy/CrySystem/XConsole.h,0,8,8
/media/ullmann/HDDGabriel/research/engines/o3de/Gems/EMotionFX/Code/EMotionFX/Tools/EMotionStudio/Plugins/StandardPlugins/Source/TimeView/TrackHeaderWidget.h,1,3,4
/media/ullmann/HDDGabriel/research/engines/o3de/Gems/AtomTressFX/Code/HairModule.cpp,3,0,3
/media/ullmann/HDDGabriel/research/engines/o3de/Gems/AtomTressFX/Code/Components/HairComponent.h,0,1,1
/media/ullmann/HDDGabriel/research/engines/o3de/Code/Framework/AzToolsFramework/AzToolsFramework/ViewportSelection/EditorTransformComponentSelectionRequestBus.cpp,1,0,1
/media/ullmann/HDDGabriel/research/engines/o3de/Code/Framework/AzToolsFramework/AzToolsFramework/ViewportSelection/EditorTransformComponentSelectionRequestBus.h,0,1,1
/media/ullmann/HDDGabriel/research/engines/o3de/Code/Framework/AzCore/Tests/AZStd/Examples.cpp,1,0,1
/media/ullmann/HDDGabriel/research/engines/o3de/Code/Tools/AssetProcessor/native/utilities/MissingDependencyScanner.cpp,3,0,3
/media/ullmann/HDDGabriel/research/engines/o3de/Code/Tools/AssetProcessor/native/utilities/PotentialDependencies.h,0,2,2
/media/ullmann/HDDGabriel/research/engines/o3de/Code/Framework/AzCore/Tests/TestCatalog.h,0,1,1
/media/ullmann/HDDGabriel/research/engines/o3de/Code/Editor/EditorPreferencesTreeWidgetItem.cpp,2,0,2
/media/ullmann/HDDGabriel/research/engines/o3de/Code/Editor/EditorPreferencesTreeWidgetItem.h,0,2,2
/media/ullmann/HDDGabriel/research/engines/o3de/Code/Editor/Commands/CommandManager.cpp,1,0,1
/media/ullmann/HDDGabriel/research/engines/o3de/Gems/LmbrCentral/Code/Source/Shape/EditorAxisAlignedBoxShapeComponent.cpp,4,0,4
/media/ullmann/HDDGabriel/research/engines/o3de/Code/Editor/Controls/ConsoleSCB.cpp,1,0,1
/media/ullmann/HDDGabriel/research/engines/o3de/Gems/ScriptCanvas/Code/Editor/GraphCanvas/PropertyInterfaces/ScriptCanvasEnumComboBoxPropertyDataInterface.h,1,0,1
/media/ullmann/HDDGabriel/research/engines/o3de/Gems/ScriptCanvas/Code/Include/ScriptCanvas/Libraries/Math/Transform.cpp,1,0,1
/media/ullmann/HDDGabriel/research/engines/o3de/Gems/ScriptCanvas/Code/Include/ScriptCanvas/Libraries/Math/Transform.h,0,1,1
/media/ullmann/HDDGabriel/research/engines/o3de/Code/Legacy/CryCommon/ProjectDefines.h,1,1,2
/media/ullmann/HDDGabriel/research/engines/o3de/Gems/EMotionFX/Code/EMotionFX/Source/Importer/MotionFileFormat.h,1,1,2
/media/ullmann/HDDGabriel/research/engines/o3de/Gems/EMotionFX/Code/EMotionFX/Source/Importer/SharedFileFormatStructs.h,0,4,4
/media/ullmann/HDDGabriel/research/engines/o3de/Gems/Terrain/Code/Tests/TerrainTestFixtures.cpp,2,0,2
/media/ullmann/HDDGabriel/research/engines/o3de/Gems/Maestro/Code/Source/Components/SequenceAgent.cpp,1,0,1
/media/ullmann/HDDGabriel/research/engines/o3de/Gems/Maestro/Code/Source/Components/SequenceAgent.h,0,3,3
/media/ullmann/HDDGabriel/research/engines/o3de/Code/Framework/AzToolsFramework/AzToolsFramework/ToolsComponents/EditorInspectorComponent.h,2,1,3
/media/ullmann/HDDGabriel/research/engines/o3de/Code/Framework/AzToolsFramework/AzToolsFramework/ToolsComponents/EditorInspectorComponentBus.h,0,2,2
/media/ullmann/HDDGabriel/research/engines/o3de/Gems/HttpRequestor/Code/Include/HttpRequestor/HttpRequestParameters.h,1,0,1
/media/ullmann/HDDGabriel/research/engines/o3de/Gems/EditorPythonBindings/Code/Tests/PythonReflectionComponentTests.cpp,2,0,2
/media/ullmann/HDDGabriel/research/engines/o3de/Code/Framework/AzToolsFramework/Tests/ComponentModeTestFixture.h,0,2,2
/media/ullmann/HDDGabriel/research/engines/o3de/Gems/LyShine/Code/Source/UiRadioButtonComponent.h,1,4,5
/media/ullmann/HDDGabriel/research/engines/o3de/Gems/EMotionFX/Code/EMotionFX/Tools/EMotionStudio/Plugins/StandardPlugins/Source/AnimGraph/NodeGroupWindow.cpp,7,0,7
/media/ullmann/HDDGabriel/research/engines/o3de/Gems/EMotionFX/Code/EMotionFX/Tools/EMotionStudio/Plugins/StandardPlugins/Source/AnimGraph/BlendTreeVisualNode.h,0,3,3
/media/ullmann/HDDGabriel/research/engines/o3de/Gems/LyShine/Code/Editor/ViewportHighlight.cpp,1,0,1
/media/ullmann/HDDGabriel/research/engines/o3de/Gems/GraphCanvas/Code/Source/Components/Nodes/Comment/CommentNodeLayoutComponent.h,0,2,2
/media/ullmann/HDDGabriel/research/engines/o3de/Gems/Maestro/Code/Source/Cinematics/LookAtTrack.h,1,2,3
/media/ullmann/HDDGabriel/research/engines/o3de/Gems/AudioEngineWwise/Code/Platform/Android/AudioEngineWwise_Traits_Platform.h,1,0,1
/media/ullmann/HDDGabriel/research/engines/o3de/Gems/AudioEngineWwise/Code/Platform/Android/AudioEngineWwise_Traits_Android.h,0,1,1
/media/ullmann/HDDGabriel/research/engines/o3de/Gems/Vegetation/Code/Source/Components/DescriptorListCombinerComponent.cpp,1,0,1
/media/ullmann/HDDGabriel/research/engines/o3de/Gems/Vegetation/Code/Source/Components/DescriptorListCombinerComponent.h,0,2,2
/media/ullmann/HDDGabriel/research/engines/o3de/Gems/EMotionFX/Code/Tests/InitSceneAPIFixture.h,1,2,3
/media/ullmann/HDDGabriel/research/engines/o3de/Gems/ScriptCanvas/Code/Include/ScriptCanvas/Execution/Interpreted/ExecutionInterpretedOut.cpp,2,0,2
/media/ullmann/HDDGabriel/research/engines/o3de/Code/Tools/AssetProcessor/AssetBuilderSDK/AssetBuilderSDK/AssetBuilderBusses.h,0,2,2
/media/ullmann/HDDGabriel/research/engines/o3de/Gems/EditorPythonBindings/Code/Tests/PythonProxyObjectTests.cpp,2,0,2
/media/ullmann/HDDGabriel/research/engines/o3de/Gems/LmbrCentral/Code/Source/Geometry/GeometrySystemComponent.h,0,2,2
/media/ullmann/HDDGabriel/research/engines/o3de/Gems/LyShine/Code/Source/UiLayoutManager.h,0,2,2
/media/ullmann/HDDGabriel/research/engines/o3de/Code/Legacy/CrySystem/SystemWin32.cpp,6,0,6
/media/ullmann/HDDGabriel/research/engines/o3de/Gems/EMotionFX/Code/EMotionFX/Source/BlendTreeFloatSwitchNode.cpp,2,0,2
/media/ullmann/HDDGabriel/research/engines/o3de/Code/LauncherUnified/Platform/Android/Launcher_Android.cpp,1,0,1
/media/ullmann/HDDGabriel/research/engines/o3de/Code/LauncherUnified/Platform/Common/UnixLike/Launcher_UnixLike.h,0,3,3
/media/ullmann/HDDGabriel/research/engines/o3de/Gems/Atom/Utils/Code/Include/Atom/Utils/ImGuiFrameVisualizer.h,1,0,1
/media/ullmann/HDDGabriel/research/engines/o3de/Gems/Atom/Utils/Code/Include/Atom/Utils/ImGuiFrameVisualizer.inl,0,1,1
/media/ullmann/HDDGabriel/research/engines/o3de/Gems/EMotionFX/Code/EMotionFX/Source/Parameter/ValueParameter.cpp,1,0,1
/media/ullmann/HDDGabriel/research/engines/o3de/Gems/LmbrCentral/Code/Source/Unhandled/Texture/TextureAssetTypeInfo.cpp,1,0,1
/media/ullmann/HDDGabriel/research/engines/o3de/Gems/LmbrCentral/Code/Source/Unhandled/Texture/TextureAssetTypeInfo.h,0,2,2
/media/ullmann/HDDGabriel/research/engines/o3de/Gems/PhysX/Code/Source/NameConstants.cpp,1,0,1
/media/ullmann/HDDGabriel/research/engines/o3de/Gems/PhysX/Code/Source/NameConstants.h,0,1,1
/media/ullmann/HDDGabriel/research/engines/o3de/Code/Framework/AzCore/Platform/Windows/AzCore/IPC/SharedMemory_Windows.cpp,1,0,1
/media/ullmann/HDDGabriel/research/engines/o3de/Code/Framework/AzCore/Platform/Windows/AzCore/IPC/SharedMemory_Windows.h,0,1,1
/media/ullmann/HDDGabriel/research/engines/o3de/Gems/Atom/Feature/Common/Code/Source/PostProcessing/DepthOfFieldParentPass.h,0,1,1
/media/ullmann/HDDGabriel/research/engines/o3de/Gems/ScriptCanvas/Code/Include/ScriptCanvas/Libraries/Math/Vector2.cpp,1,0,1
/media/ullmann/HDDGabriel/research/engines/o3de/Gems/ScriptCanvas/Code/Include/ScriptCanvas/Libraries/Math/Vector2.h,0,1,1
/media/ullmann/HDDGabriel/research/engines/o3de/Gems/ScriptEvents/Code/Include/ScriptEvents/Internal/VersionedProperty.cpp,1,0,1
/media/ullmann/HDDGabriel/research/engines/o3de/Gems/ScriptEvents/Code/Include/ScriptEvents/Internal/VersionedProperty.h,0,1,1
/media/ullmann/HDDGabriel/research/engines/o3de/Gems/PhysX/Code/Source/EditorRigidBodyComponent.h,0,1,1
/media/ullmann/HDDGabriel/research/engines/o3de/Gems/ScriptCanvas/Code/Include/ScriptCanvas/Libraries/Operators/Math/OperatorAdd.cpp,1,0,1
/media/ullmann/HDDGabriel/research/engines/o3de/Gems/ScriptCanvas/Code/Include/ScriptCanvas/Libraries/Operators/Math/OperatorAdd.h,1,1,2
/media/ullmann/HDDGabriel/research/engines/o3de/Gems/LyShine/Code/Source/UiSliderComponent.h,1,4,5
/media/ullmann/HDDGabriel/research/engines/o3de/Gems/Metastream/Code/Source/CivetHttpServer.cpp,1,0,1
/media/ullmann/HDDGabriel/research/engines/o3de/Gems/Metastream/Code/Source/CivetHttpServer.h,1,2,3
/media/ullmann/HDDGabriel/research/engines/o3de/Code/Editor/ViewportManipulatorController.h,0,2,2
/media/ullmann/HDDGabriel/research/engines/o3de/Gems/Atom/RPI/Code/Source/RPI.Public/ColorManagement/GeneratedTransforms/XYZ_To_AcesCg.inl,0,1,1
/media/ullmann/HDDGabriel/research/engines/o3de/Gems/LyShine/Code/Editor/PropertyHandlerChar.cpp,2,0,2
/media/ullmann/HDDGabriel/research/engines/o3de/Gems/LyShine/Code/Editor/PropertyHandlerChar.h,0,2,2
/media/ullmann/HDDGabriel/research/engines/o3de/Gems/EMotionFX/Code/EMotionFX/Tools/EMotionStudio/Plugins/StandardPlugins/Source/MorphTargetsWindow/PhonemeSelectionWindow.cpp,2,0,2
/media/ullmann/HDDGabriel/research/engines/o3de/Gems/EMotionFX/Code/EMotionFX/Tools/EMotionStudio/Plugins/StandardPlugins/Source/MorphTargetsWindow/MorphTargetsWindowPlugin.h,2,2,4
/media/ullmann/HDDGabriel/research/engines/o3de/Gems/Atom/Tools/MaterialCanvas/Code/Source/Window/MaterialCanvasMainWindow.h,0,2,2
/media/ullmann/HDDGabriel/research/engines/o3de/Gems/ScriptCanvas/Code/Include/ScriptCanvas/Execution/Interpreted/ExecutionStateInterpretedPerActivation.h,1,0,1
/media/ullmann/HDDGabriel/research/engines/o3de/Gems/ScriptCanvas/Code/Include/ScriptCanvas/Execution/Interpreted/ExecutionStateInterpreted.h,0,3,3
/media/ullmann/HDDGabriel/research/engines/o3de/Gems/GradientSignal/Code/Source/Editor/EditorPerlinGradientComponent.cpp,1,0,1
/media/ullmann/HDDGabriel/research/engines/o3de/Code/Tools/AssetProcessor/native/utilities/LineByLineDependencyScanner.h,1,2,3
/media/ullmann/HDDGabriel/research/engines/o3de/Code/Tools/AssetProcessor/native/utilities/SpecializedDependencyScanner.h,0,1,1
/media/ullmann/HDDGabriel/research/engines/o3de/Gems/MotionMatching/Code/Source/TrajectoryHistory.h,0,3,3
/media/ullmann/HDDGabriel/research/engines/o3de/Code/Tools/LuaIDE/Source/LUA/TargetContextButton.cpp,1,0,1
/media/ullmann/HDDGabriel/research/engines/o3de/Code/Tools/LuaIDE/Source/LUA/TargetContextButton.hxx,0,1,1
/media/ullmann/HDDGabriel/research/engines/o3de/Gems/LyShine/Code/Source/UiTextComponentOffsetsSelector.cpp,2,0,2
/media/ullmann/HDDGabriel/research/engines/o3de/Code/Editor/Util/3DConnexionDriver.h,0,3,3
/media/ullmann/HDDGabriel/research/engines/o3de/Gems/Atom/Tools/AtomToolsFramework/Code/Source/AtomToolsFrameworkModule.h,0,1,1
/media/ullmann/HDDGabriel/research/engines/o3de/Gems/GradientSignal/Code/Source/Editor/EditorImageGradientComponent.cpp,1,0,1
/media/ullmann/HDDGabriel/research/engines/o3de/Gems/PhysX/Code/Source/ComponentDescriptors.h,0,2,2
/media/ullmann/HDDGabriel/research/engines/o3de/Code/Editor/Controls/ReflectedPropertyControl/ReflectedPropertyCtrl.cpp,1,0,1
/media/ullmann/HDDGabriel/research/engines/o3de/Gems/ScriptCanvas/Code/Include/ScriptCanvas/Libraries/Deprecated/UnitTesting/ExpectLessThanEqual.cpp,1,0,1
/media/ullmann/HDDGabriel/research/engines/o3de/Gems/ScriptCanvas/Code/Include/ScriptCanvas/Libraries/Deprecated/UnitTesting/ExpectLessThanEqual.h,0,1,1
/media/ullmann/HDDGabriel/research/engines/o3de/Gems/EMotionFX/Code/EMotionFX/Tools/EMotionStudio/Plugins/StandardPlugins/Source/TimeView/TimeTrackElement.cpp,3,0,3
/media/ullmann/HDDGabriel/research/engines/o3de/Gems/EMotionFX/Code/EMotionFX/Source/Parameter/Parameter.h,0,3,3
/media/ullmann/HDDGabriel/research/engines/o3de/Gems/ScriptCanvas/Code/Include/ScriptCanvas/Debugger/Logger.cpp,1,0,1
/media/ullmann/HDDGabriel/research/engines/o3de/Gems/LyShine/Code/Editor/HierarchyHeader.cpp,1,0,1
/media/ullmann/HDDGabriel/research/engines/o3de/Code/Framework/AzFramework/AzFramework/Logging/LoggingComponent.cpp,2,0,2
/media/ullmann/HDDGabriel/research/engines/o3de/Code/Editor/EditorPreferencesTreeWidgetItemDelegate.cpp,2,0,2
/media/ullmann/HDDGabriel/research/engines/o3de/Gems/ScriptCanvas/Code/Editor/GraphCanvas/Components/NodeDescriptors/ScriptEventSenderNodeDescriptorComponent.cpp,1,0,1
/media/ullmann/HDDGabriel/research/engines/o3de/Gems/ScriptCanvas/Code/Editor/GraphCanvas/Components/NodeDescriptors/ScriptEventSenderNodeDescriptorComponent.h,0,1,1
/media/ullmann/HDDGabriel/research/engines/o3de/Code/Tools/ProjectManager/Source/ProjectSettingsScreen.h,2,3,5
/media/ullmann/HDDGabriel/research/engines/o3de/Gems/EMotionFX/Code/EMotionFX/Source/BlendTreeVector3Math1Node.cpp,1,0,1
/media/ullmann/HDDGabriel/research/engines/o3de/Gems/Atom/Feature/Common/Code/Source/FrameCaptureSystemComponent.h,0,2,2
/media/ullmann/HDDGabriel/research/engines/o3de/Gems/LyShine/Code/Source/UiMaskComponent.cpp,3,0,3
/media/ullmann/HDDGabriel/research/engines/o3de/Gems/LyShine/Code/Source/RenderToTextureBus.h,0,3,3
/media/ullmann/HDDGabriel/research/engines/o3de/Gems/ImGui/Code/Source/ImGuiManager.cpp,1,0,1
/media/ullmann/HDDGabriel/research/engines/o3de/Gems/Stars/Code/Source/StarsComponent.h,1,3,4
/media/ullmann/HDDGabriel/research/engines/o3de/Gems/WhiteBox/Code/Source/EditorWhiteBoxComponentModeTypes.cpp,1,0,1
/media/ullmann/HDDGabriel/research/engines/o3de/Code/Tools/ProjectManager/Source/TagWidget.cpp,1,0,1
/media/ullmann/HDDGabriel/research/engines/o3de/Gems/LyShine/Code/Source/LyShineSystemComponent.h,1,2,3
/media/ullmann/HDDGabriel/research/engines/o3de/Gems/LyShine/Code/Editor/CommandCanvasPropertiesChange.cpp,1,0,1
/media/ullmann/HDDGabriel/research/engines/o3de/Gems/Atom/Feature/Common/Code/Source/Material/ConvertEmissiveUnitFunctorSourceData.cpp,1,0,1
/media/ullmann/HDDGabriel/research/engines/o3de/Gems/Atom/Feature/Common/Code/Source/Material/ConvertEmissiveUnitFunctorSourceData.h,1,1,2
/media/ullmann/HDDGabriel/research/engines/o3de/Code/Framework/AzCore/Tests/AZStd/ListsFixed.cpp,1,0,1
/media/ullmann/HDDGabriel/research/engines/o3de/Code/Editor/ErrorDialog.cpp,2,0,2
/media/ullmann/HDDGabriel/research/engines/o3de/Code/Editor/ErrorDialog.h,1,2,3
/media/ullmann/HDDGabriel/research/engines/o3de/Code/Legacy/CryCommon/IGem.h,3,0,3
/media/ullmann/HDDGabriel/research/engines/o3de/Code/Legacy/CryCommon/CrySystemBus.h,0,2,2
/media/ullmann/HDDGabriel/research/engines/o3de/Code/Editor/Plugins/ComponentEntityEditorPlugin/UI/QComponentEntityEditorOutlinerWindow.h,0,1,1
/media/ullmann/HDDGabriel/research/engines/o3de/Code/Framework/AzToolsFramework/AzToolsFramework/UI/ComponentPalette/ComponentPaletteWidget.cpp,3,0,3
/media/ullmann/HDDGabriel/research/engines/o3de/Code/Framework/AzToolsFramework/AzToolsFramework/UI/ComponentPalette/ComponentPaletteWidget.hxx,0,1,1
/media/ullmann/HDDGabriel/research/engines/o3de/Gems/ScriptCanvas/Code/Include/ScriptCanvas/Libraries/UnitTesting/UnitTestBus.h,1,1,2
/media/ullmann/HDDGabriel/research/engines/o3de/Gems/LandscapeCanvas/Code/Source/Editor/Nodes/Areas/BaseAreaNode.cpp,1,0,1
/media/ullmann/HDDGabriel/research/engines/o3de/Gems/LandscapeCanvas/Code/Source/Editor/Nodes/Areas/BaseAreaNode.h,0,1,1
/media/ullmann/HDDGabriel/research/engines/o3de/Gems/AtomLyIntegration/CommonFeatures/Code/Source/PostProcess/Ssao/EditorSsaoComponent.h,0,1,1
/media/ullmann/HDDGabriel/research/engines/o3de/Code/Framework/AzQtComponents/AzQtComponents/Gallery/ComboBoxPage.h,0,2,2
/media/ullmann/HDDGabriel/research/engines/o3de/Gems/LyShine/Code/Editor/AssetDropHelpers.cpp,1,0,1
/media/ullmann/HDDGabriel/research/engines/o3de/Code/Legacy/CryCommon/MacSpecific.h,1,0,1
/media/ullmann/HDDGabriel/research/engines/o3de/Code/Legacy/CryCommon/AppleSpecific.h,1,2,3
/media/ullmann/HDDGabriel/research/engines/o3de/Gems/Compression/Code/Include/Compression/DecompressionInterfaceAPI.h,1,0,1
/media/ullmann/HDDGabriel/research/engines/o3de/Gems/Compression/Code/Include/Compression/DecompressionInterfaceAPI.inl,0,1,1
/media/ullmann/HDDGabriel/research/engines/o3de/Gems/Camera/Code/Source/CameraComponentConverter.cpp,3,0,3
/media/ullmann/HDDGabriel/research/engines/o3de/Gems/LmbrCentral/Code/Source/Editor/EditorCommentComponent.cpp,1,0,1
/media/ullmann/HDDGabriel/research/engines/o3de/Gems/LmbrCentral/Code/Source/Editor/EditorCommentComponent.h,0,2,2
/media/ullmann/HDDGabriel/research/engines/o3de/Code/Tools/LuaIDE/Source/LUA/StackPanel.cpp,1,0,1
/media/ullmann/HDDGabriel/research/engines/o3de/Gems/EMotionFX/Code/EMotionFX/CommandSystem/Source/AnimGraphNodeGroupCommands.h,1,1,2
/media/ullmann/HDDGabriel/research/engines/o3de/Code/Framework/AzToolsFramework/AzToolsFramework/Picking/Manipulators/ManipulatorBoundManager.cpp,1,0,1
/media/ullmann/HDDGabriel/research/engines/o3de/Code/Framework/AzToolsFramework/AzToolsFramework/Picking/Manipulators/ManipulatorBoundManager.h,0,1,1
/media/ullmann/HDDGabriel/research/engines/o3de/Code/Legacy/CryCommon/Cry_GeoIntersect.h,1,0,1
/media/ullmann/HDDGabriel/research/engines/o3de/Gems/LmbrCentral/Code/Source/Builders/LuaBuilder/LuaBuilderComponent.cpp,1,0,1
/media/ullmann/HDDGabriel/research/engines/o3de/Gems/LmbrCentral/Code/Source/Builders/LuaBuilder/LuaBuilderComponent.h,1,2,3
/media/ullmann/HDDGabriel/research/engines/o3de/Code/Editor/Controls/ReflectedPropertyControl/PropertyGenericCtrl.cpp,1,0,1
/media/ullmann/HDDGabriel/research/engines/o3de/Gems/LyShine/Code/Editor/SliceMenuHelpers.h,1,1,2
/media/ullmann/HDDGabriel/research/engines/o3de/Gems/Maestro/Code/Source/Cinematics/CommentTrack.cpp,1,0,1
/media/ullmann/HDDGabriel/research/engines/o3de/Code/Framework/AzQtComponents/AzQtComponents/Gallery/StyleSheetPage.h,0,2,2
/media/ullmann/HDDGabriel/research/engines/o3de/Gems/EMotionFX/Code/EMotionFX/Source/Importer/ChunkProcessors.h,8,1,9
/media/ullmann/HDDGabriel/research/engines/o3de/Code/Editor/EditorToolsApplication.h,2,2,4
/media/ullmann/HDDGabriel/research/engines/o3de/Gems/PhysX/Code/Editor/ColliderAssetScaleMode.h,0,2,2
/media/ullmann/HDDGabriel/research/engines/o3de/Code/Tools/AssetProcessor/native/ui/ConnectionEditDialog.cpp,2,0,2
/media/ullmann/HDDGabriel/research/engines/o3de/Code/Editor/Controls/SplineCtrlEx.cpp,2,0,2
/media/ullmann/HDDGabriel/research/engines/o3de/Gems/DebugDraw/Code/Source/EditorDebugDrawSphereComponent.h,2,3,5
/media/ullmann/HDDGabriel/research/engines/o3de/Gems/AWSClientAuth/Code/Source/AWSClientAuthResourceMappingConstants.h,0,1,1
/media/ullmann/HDDGabriel/research/engines/o3de/Gems/AWSCore/Code/Source/AWSCoreSystemComponent.h,0,2,2
/media/ullmann/HDDGabriel/research/engines/o3de/Gems/AWSClientAuth/Code/Source/AWSClientAuthModule.cpp,2,0,2
/media/ullmann/HDDGabriel/research/engines/o3de/Code/Legacy/CryCommon/IShader.h,5,0,5
/media/ullmann/HDDGabriel/research/engines/o3de/Code/Editor/EditorPreferencesDialog.h,0,2,2
/media/ullmann/HDDGabriel/research/engines/o3de/Gems/LyShine/Code/Source/UiMaskComponent.h,0,4,4
/media/ullmann/HDDGabriel/research/engines/o3de/Code/Framework/AzToolsFramework/AzToolsFramework/UI/PropertyEditor/InstanceDataHierarchy.cpp,3,0,3
/media/ullmann/HDDGabriel/research/engines/o3de/Code/Framework/AzToolsFramework/AzToolsFramework/UI/PropertyEditor/ComponentEditor.hxx,0,2,2
/media/ullmann/HDDGabriel/research/engines/o3de/Gems/GraphCanvas/Code/Source/Components/BookmarkAnchor/BookmarkAnchorComponent.h,0,2,2
/media/ullmann/HDDGabriel/research/engines/o3de/Gems/ScriptCanvas/Code/Include/ScriptCanvas/Libraries/Operators/Math/OperatorDiv.h,1,1,2
/media/ullmann/HDDGabriel/research/engines/o3de/Gems/Atom/Asset/ImageProcessingAtom/External/CubeMapGen/CImageSurface.cpp,1,0,1
/media/ullmann/HDDGabriel/research/engines/o3de/Gems/LocalUser/Code/Source/LocalUserSystemComponent.cpp,1,0,1
/media/ullmann/HDDGabriel/research/engines/o3de/Code/Framework/AzCore/AzCore/Statistics/RunningStatistic.cpp,1,0,1
/media/ullmann/HDDGabriel/research/engines/o3de/Code/Framework/AzCore/Tests/AZStd/Any.cpp,1,0,1
/media/ullmann/HDDGabriel/research/engines/o3de/Code/Framework/AzToolsFramework/AzToolsFramework/UI/PropertyEditor/PropertyBoolComboBoxCtrl.cpp,3,0,3
/media/ullmann/HDDGabriel/research/engines/o3de/Gems/Meshlets/Code/Source/Meshlets/MeshletsDispatchItem.h,0,3,3
/media/ullmann/HDDGabriel/research/engines/o3de/Gems/Atom/Asset/ImageProcessingAtom/Code/Source/Editor/TexturePropertyEditor.cpp,1,0,1
/media/ullmann/HDDGabriel/research/engines/o3de/Gems/Atom/Asset/ImageProcessingAtom/Code/Source/Editor/TexturePropertyEditor.h,0,2,2
/media/ullmann/HDDGabriel/research/engines/o3de/Gems/ScriptCanvas/Code/Editor/Components/IconComponent.cpp,1,0,1
/media/ullmann/HDDGabriel/research/engines/o3de/Gems/ScriptCanvas/Code/Editor/Components/IconComponent.h,0,1,1
/media/ullmann/HDDGabriel/research/engines/o3de/Code/Framework/AzQtComponents/AzQtComponents/Gallery/ButtonPage.h,0,2,2
/media/ullmann/HDDGabriel/research/engines/o3de/Gems/ImGui/External/ImGui/v1.82/imgui/imgui.cpp,3,1,4
/media/ullmann/HDDGabriel/research/engines/o3de/Gems/Camera/Code/Source/CameraEditorSystemComponent.cpp,3,0,3
/media/ullmann/HDDGabriel/research/engines/o3de/Code/Framework/AzToolsFramework/AzToolsFramework/UI/PropertyEditor/PropertyEditorAPI_Internals.h,1,1,2
/media/ullmann/HDDGabriel/research/engines/o3de/Code/Editor/Plugins/ComponentEntityEditorPlugin/UI/Outliner/OutlinerSearchWidget.cpp,1,0,1
/media/ullmann/HDDGabriel/research/engines/o3de/Code/Editor/Plugins/ComponentEntityEditorPlugin/UI/Outliner/OutlinerSearchWidget.h,0,3,3
/media/ullmann/HDDGabriel/research/engines/o3de/Code/Framework/AzToolsFramework/AzToolsFramework/UI/UICore/SaveChangesDialog.cpp,1,0,1
/media/ullmann/HDDGabriel/research/engines/o3de/Code/Framework/AzToolsFramework/AzToolsFramework/UI/UICore/SaveChangesDialog.hxx,0,1,1
/media/ullmann/HDDGabriel/research/engines/o3de/Code/Tools/LuaIDE/Source/LUA/ClassReferenceFilter.hxx,0,2,2
/media/ullmann/HDDGabriel/research/engines/o3de/Code/Editor/SettingsManagerDialog.h,0,2,2
/media/ullmann/HDDGabriel/research/engines/o3de/Code/Editor/EditorPreferencesPageViewportGeneral.h,1,3,4
/media/ullmann/HDDGabriel/research/engines/o3de/Gems/Maestro/Code/Source/Cinematics/AnimScreenFaderNode.cpp,2,0,2
/media/ullmann/HDDGabriel/research/engines/o3de/Code/Tools/LuaIDE/Source/LUA/LUAEditorPlainTextEdit.hxx,0,3,3
/media/ullmann/HDDGabriel/research/engines/o3de/Gems/MessagePopup/Code/Source/MessagePopupModule.cpp,2,0,2
/media/ullmann/HDDGabriel/research/engines/o3de/Gems/MessagePopup/Code/Source/LyShineMessagePopup.h,0,2,2
/media/ullmann/HDDGabriel/research/engines/o3de/Gems/BarrierInput/Code/Source/BarrierInputClient.h,0,2,2
/media/ullmann/HDDGabriel/research/engines/o3de/Gems/EMotionFX/Code/EMotionFX/Tools/EMotionStudio/Plugins/StandardPlugins/Source/AnimGraph/BlendGraphWidget.h,0,4,4
/media/ullmann/HDDGabriel/research/engines/o3de/Code/Editor/ToolsConfigPage.h,0,2,2
/media/ullmann/HDDGabriel/research/engines/o3de/Code/Framework/AzToolsFramework/Tests/EntityOwnershipService/SliceEditorEntityOwnershipTests.cpp,1,0,1
/media/ullmann/HDDGabriel/research/engines/o3de/Code/Framework/AzToolsFramework/Tests/EntityOwnershipService/EntityOwnershipServiceTestFixture.h,0,3,3
/media/ullmann/HDDGabriel/research/engines/o3de/Gems/ScriptCanvas/Code/Include/ScriptCanvas/Libraries/Deprecated/Operators/Containers/OperatorAt.cpp,1,0,1
/media/ullmann/HDDGabriel/research/engines/o3de/Gems/ScriptCanvas/Code/Include/ScriptCanvas/Libraries/Deprecated/Operators/Containers/OperatorAt.h,1,1,2
/media/ullmann/HDDGabriel/research/engines/o3de/Code/Tools/LuaIDE/Source/StandaloneToolsApplication.cpp,1,0,1
/media/ullmann/HDDGabriel/research/engines/o3de/Code/Tools/LuaIDE/Source/StandaloneToolsApplication.h,0,1,1
/media/ullmann/HDDGabriel/research/engines/o3de/Gems/EMotionFX/Code/EMotionFX/Tools/EMotionStudio/Plugins/StandardPlugins/Source/LogWindow/LogWindowCallback.h,1,2,3
/media/ullmann/HDDGabriel/research/engines/o3de/Code/Tools/AssetProcessor/native/unittests/AssetProcessorServerUnitTests.cpp,2,0,2
/media/ullmann/HDDGabriel/research/engines/o3de/Code/Tools/AssetProcessor/native/unittests/AssetProcessorServerUnitTests.h,0,1,1
/media/ullmann/HDDGabriel/research/engines/o3de/Code/Framework/AzCore/AzCore/std/utils.h,1,0,1
/media/ullmann/HDDGabriel/research/engines/o3de/Code/Framework/AzCore/AzCore/std/utility,0,1,1
/media/ullmann/HDDGabriel/research/engines/o3de/Gems/ScriptCanvas/Code/Include/ScriptCanvas/Translation/GraphToX.cpp,1,0,1
/media/ullmann/HDDGabriel/research/engines/o3de/Code/Framework/AzToolsFramework/AzToolsFramework/Manipulators/SelectionManipulator.cpp,1,0,1
/media/ullmann/HDDGabriel/research/engines/o3de/Code/Framework/AzToolsFramework/AzToolsFramework/Manipulators/SelectionManipulator.h,0,1,1
/media/ullmann/HDDGabriel/research/engines/o3de/Code/Editor/NewLevelDialog.cpp,2,0,2
/media/ullmann/HDDGabriel/research/engines/o3de/Code/Editor/NewLevelDialog.h,0,2,2
/media/ullmann/HDDGabriel/research/engines/o3de/Gems/EMotionFX/Code/EMotionFX/Source/Parameter/BoolParameter.cpp,1,0,1
/media/ullmann/HDDGabriel/research/engines/o3de/Gems/GraphCanvas/Code/StaticLib/GraphCanvas/Components/NodePropertyDisplay/EntityIdDataInterface.h,1,0,1
/media/ullmann/HDDGabriel/research/engines/o3de/Gems/GraphCanvas/Code/StaticLib/GraphCanvas/Components/NodePropertyDisplay/DataInterface.h,0,5,5
/media/ullmann/HDDGabriel/research/engines/o3de/Gems/GraphCanvas/Code/Source/Components/Nodes/NodeLayerControllerComponent.h,0,1,1
/media/ullmann/HDDGabriel/research/engines/o3de/Gems/Profiler/Code/Source/ProfilerModule.cpp,1,0,1
/media/ullmann/HDDGabriel/research/engines/o3de/Gems/LmbrCentral/Code/Source/Audio/EditorAudioMultiPositionComponent.h,1,2,3
/media/ullmann/HDDGabriel/research/engines/o3de/Gems/SaveData/Code/Source/Platform/Linux/SaveData_Traits_Platform.h,1,0,1
/media/ullmann/HDDGabriel/research/engines/o3de/Gems/SaveData/Code/Source/Platform/Linux/SaveData_Traits_Linux.h,0,1,1
/media/ullmann/HDDGabriel/research/engines/o3de/Code/Editor/AssetEditor/AssetEditorRequestsHandler.h,0,1,1
/media/ullmann/HDDGabriel/research/engines/o3de/Gems/EMotionFX/Code/EMotionFX/Tools/EMotionStudio/EMStudioSDK/Source/ResetSettingsDialog.cpp,1,0,1
/media/ullmann/HDDGabriel/research/engines/o3de/Gems/SliceFavorites/Code/Source/FavoriteDataModel.cpp,2,0,2
/media/ullmann/HDDGabriel/research/engines/o3de/Gems/SliceFavorites/Code/Source/ComponentSliceFavoritesWindow.h,0,2,2
/media/ullmann/HDDGabriel/research/engines/o3de/Gems/LmbrCentral/Code/Source/Scripting/EditorTagComponent.h,1,2,3
/media/ullmann/HDDGabriel/research/engines/o3de/Gems/ScriptCanvas/Code/Include/ScriptCanvas/Asset/AssetDescription.h,1,0,1
/media/ullmann/HDDGabriel/research/engines/o3de/Gems/ScriptCanvas/Code/Include/ScriptCanvas/Asset/AssetRegistryBus.h,0,1,1
/media/ullmann/HDDGabriel/research/engines/o3de/Gems/LmbrCentral/Code/Source/Shape/EditorCompoundShapeComponent.cpp,2,0,2
/media/ullmann/HDDGabriel/research/engines/o3de/Gems/Atom/Feature/Common/Code/Source/Material/UseTextureFunctor.h,0,2,2
/media/ullmann/HDDGabriel/research/engines/o3de/Code/Legacy/CryCommon/Linux_Win32Wrapper.h,1,0,1
/media/ullmann/HDDGabriel/research/engines/o3de/Gems/ScriptCanvas/Code/Include/ScriptCanvas/Libraries/Deprecated/Entity/RotateMethod.cpp,1,0,1
/media/ullmann/HDDGabriel/research/engines/o3de/Gems/ScriptCanvas/Code/Include/ScriptCanvas/Libraries/Deprecated/Entity/RotateMethod.h,0,1,1
/media/ullmann/HDDGabriel/research/engines/o3de/Code/Tools/AssetProcessor/native/utilities/assetUtils.cpp,1,0,1
/media/ullmann/HDDGabriel/research/engines/o3de/Code/Tools/AssetProcessor/native/utilities/assetUtils.h,0,1,1
/media/ullmann/HDDGabriel/research/engines/o3de/Gems/ScriptCanvas/Code/Include/ScriptCanvas/Core/ExecutionNotificationsBus.h,1,1,2
/media/ullmann/HDDGabriel/research/engines/o3de/Code/Framework/AzQtComponents/AzQtComponents/Gallery/SliderPage.h,0,2,2
/media/ullmann/HDDGabriel/research/engines/o3de/Gems/LmbrCentral/Code/Source/Builders/LevelBuilder/LevelBuilderWorker.h,0,2,2
/media/ullmann/HDDGabriel/research/engines/o3de/Gems/Atom/RHI/Null/Code/Source/Platform/Windows/Null_Traits_Platform.h,1,0,1
/media/ullmann/HDDGabriel/research/engines/o3de/Gems/Atom/RHI/Null/Code/Source/Platform/Windows/Null_Traits_Windows.h,0,1,1
/media/ullmann/HDDGabriel/research/engines/o3de/Code/Framework/AzCore/Tests/AZStd/Allocators.cpp,1,0,1
/media/ullmann/HDDGabriel/research/engines/o3de/Gems/LandscapeCanvas/Code/Source/Editor/Nodes/Shapes/PolygonPrismShapeNode.cpp,1,0,1
/media/ullmann/HDDGabriel/research/engines/o3de/Gems/EMotionFX/Code/EMotionFX/Tools/EMotionStudio/EMStudioSDK/Source/SaveChangedFilesManager.h,1,2,3
/media/ullmann/HDDGabriel/research/engines/o3de/Gems/ScriptCanvas/Code/Include/ScriptCanvas/Core/SubgraphInterfaceUtility.h,1,3,4
/media/ullmann/HDDGabriel/research/engines/o3de/Code/Editor/LogFileImpl.h,1,2,3
/media/ullmann/HDDGabriel/research/engines/o3de/Gems/MotionMatching/Code/Source/FeatureVelocity.cpp,6,0,6
/media/ullmann/HDDGabriel/research/engines/o3de/Gems/ScriptCanvas/Code/Include/ScriptCanvas/Utils/BehaviorContextUtils.cpp,1,0,1
/media/ullmann/HDDGabriel/research/engines/o3de/Gems/ScriptCanvas/Code/Include/ScriptCanvas/Utils/BehaviorContextUtils.h,0,1,1
/media/ullmann/HDDGabriel/research/engines/o3de/Code/Editor/Plugins/ProjectSettingsTool/PlatformSettings_Base.cpp,3,0,3
/media/ullmann/HDDGabriel/research/engines/o3de/Gems/EMotionFX/Code/EMotionFX/Source/BlendTreeMaskLegacyNode.h,2,0,2
/media/ullmann/HDDGabriel/research/engines/o3de/Gems/LyShine/Code/Source/UiButtonComponent.cpp,3,0,3
/media/ullmann/HDDGabriel/research/engines/o3de/Templates/CppToolGem/Template/Code/Source/Clients/${Name}Module.cpp,1,0,1
/media/ullmann/HDDGabriel/research/engines/o3de/Gems/GraphCanvas/Code/Source/Components/NodePropertyDisplays/EntityIdNodePropertyDisplay.h,0,1,1
/media/ullmann/HDDGabriel/research/engines/o3de/Gems/RecastNavigation/Code/Source/Components/RecastNavigationPhysXProviderComponent.cpp,1,0,1
/media/ullmann/HDDGabriel/research/engines/o3de/Gems/RecastNavigation/Code/Source/Components/RecastNavigationPhysXProviderComponent.h,0,2,2
/media/ullmann/HDDGabriel/research/engines/o3de/Code/Framework/AzToolsFramework/AzToolsFramework/Entity/EditorEntityHelpers.h,0,3,3
/media/ullmann/HDDGabriel/research/engines/o3de/Gems/Atom/Feature/Common/Code/Source/PostProcessing/LookModificationTransformPass.h,0,1,1
/media/ullmann/HDDGabriel/research/engines/o3de/Gems/Prefab/PrefabBuilder/PrefabBuilderTests.h,1,1,2
/media/ullmann/HDDGabriel/research/engines/o3de/Code/Framework/AzFramework/AzFramework/Entity/EntityContext.cpp,1,0,1
/media/ullmann/HDDGabriel/research/engines/o3de/Code/Framework/AzFramework/AzFramework/Entity/EntityContext.h,0,2,2
/media/ullmann/HDDGabriel/research/engines/o3de/Gems/GraphCanvas/Code/Source/Components/Nodes/Comment/CommentLayerControllerComponent.h,0,1,1
/media/ullmann/HDDGabriel/research/engines/o3de/Gems/Atom/RHI/Vulkan/Code/Source/Platform/Linux/Vulkan_Traits_Platform.h,1,0,1
/media/ullmann/HDDGabriel/research/engines/o3de/Gems/Atom/RHI/Vulkan/Code/Source/Platform/Linux/Vulkan_Traits_Linux.h,0,1,1
/media/ullmann/HDDGabriel/research/engines/o3de/Gems/Multiplayer/Code/Source/ConnectionData/ClientToServerConnectionData.h,0,1,1
/media/ullmann/HDDGabriel/research/engines/o3de/Code/Editor/Undo/Undo.cpp,2,0,2
/media/ullmann/HDDGabriel/research/engines/o3de/Code/Tools/AssetProcessor/native/AssetManager/assetProcessorManager.cpp,1,0,1
/media/ullmann/HDDGabriel/research/engines/o3de/Gems/ScriptCanvas/Code/Include/ScriptCanvas/Libraries/Core/FunctionCallNodeIsOutOfDate.cpp,2,0,2
/media/ullmann/HDDGabriel/research/engines/o3de/Code/Editor/Clipboard.cpp,3,0,3
/media/ullmann/HDDGabriel/research/engines/o3de/Gems/Atom/Asset/ImageProcessingAtom/Code/Source/ImageProcessingModule.cpp,3,0,3
/media/ullmann/HDDGabriel/research/engines/o3de/Gems/Atom/Asset/ImageProcessingAtom/Code/Source/Thumbnail/ImageThumbnailSystemComponent.h,0,1,1
/media/ullmann/HDDGabriel/research/engines/o3de/Gems/GraphCanvas/Code/Source/Components/NodePropertyDisplays/ReadOnlyNodePropertyDisplay.h,0,1,1
/media/ullmann/HDDGabriel/research/engines/o3de/Gems/EMotionFX/Code/EMotionFX/Exporters/ExporterLib/Exporter/MorphTargetExport.cpp,1,0,1
/media/ullmann/HDDGabriel/research/engines/o3de/Gems/StartingPointCamera/Code/Source/CameraLookAtBehaviors/RotateCameraLookAt.cpp,1,0,1
/media/ullmann/HDDGabriel/research/engines/o3de/Gems/EMotionFX/Code/EMotionFX/Tools/EMotionStudio/EMStudioSDK/Source/NodeSelectionWindow.cpp,2,0,2
/media/ullmann/HDDGabriel/research/engines/o3de/Gems/EMotionFX/Code/EMotionFX/CommandSystem/Source/AnimGraphConnectionCommands.cpp,3,0,3
/media/ullmann/HDDGabriel/research/engines/o3de/Gems/PhysX/Code/Source/Platform/iOS/PhysX_Traits_Platform.h,1,0,1
/media/ullmann/HDDGabriel/research/engines/o3de/Gems/PhysX/Code/Source/Platform/iOS/PhysX_Traits_iOS.h,0,1,1
/media/ullmann/HDDGabriel/research/engines/o3de/Code/Framework/AzToolsFramework/AzToolsFramework/UI/Logging/LogPanel_Panel.cpp,4,0,4
/media/ullmann/HDDGabriel/research/engines/o3de/Code/Framework/AzToolsFramework/AzToolsFramework/UI/Logging/NewLogTabDialog.h,0,3,3
/media/ullmann/HDDGabriel/research/engines/o3de/Gems/ScriptCanvas/Code/Include/ScriptCanvas/Debugger/APIArguments.cpp,1,0,1
/media/ullmann/HDDGabriel/research/engines/o3de/Gems/Atom/Feature/Common/Code/Source/Mesh/ModelReloaderSystem.h,0,1,1
/media/ullmann/HDDGabriel/research/engines/o3de/Gems/AtomLyIntegration/CommonFeatures/Code/Source/Decals/DecalComponent.h,0,1,1
/media/ullmann/HDDGabriel/research/engines/o3de/Gems/GraphCanvas/Code/Source/Components/GridComponent.h,0,2,2
/media/ullmann/HDDGabriel/research/engines/o3de/Code/Tools/LuaIDE/Source/LUA/LUAEditorGoToLineDialog.hxx,0,2,2
/media/ullmann/HDDGabriel/research/engines/o3de/Gems/Atom/RHI/Code/Source/Platform/Linux/Atom_RHI_Traits_Platform.h,1,0,1
/media/ullmann/HDDGabriel/research/engines/o3de/Gems/Atom/RHI/Code/Source/Platform/Linux/Atom_RHI_Traits_Linux.h,0,1,1
/media/ullmann/HDDGabriel/research/engines/o3de/Gems/FastNoise/Code/Tests/FastNoiseBenchmarks.cpp,1,0,1
/media/ullmann/HDDGabriel/research/engines/o3de/Code/Tools/AssetProcessor/AssetBuilder/AssetBuilderStatic.cpp,1,0,1
/media/ullmann/HDDGabriel/research/engines/o3de/Gems/GraphCanvas/Code/Source/Components/NodePropertyDisplays/ComboBoxNodePropertyDisplay.h,0,1,1
/media/ullmann/HDDGabriel/research/engines/o3de/Gems/LyShine/Code/Editor/ViewportHighlight.h,0,1,1
/media/ullmann/HDDGabriel/research/engines/o3de/Gems/LmbrCentral/Code/Source/LmbrCentralEditor.h,1,1,2
/media/ullmann/HDDGabriel/research/engines/o3de/Gems/LmbrCentral/Code/Source/LmbrCentral.h,0,2,2
/media/ullmann/HDDGabriel/research/engines/o3de/Gems/EMotionFX/Code/EMotionFX/Tools/EMotionStudio/Plugins/StandardPlugins/Source/LogWindow/LogWindowPlugin.h,2,1,3
/media/ullmann/HDDGabriel/research/engines/o3de/Gems/LmbrCentral/Code/Source/Shape/EditorCapsuleShapeComponent.cpp,4,0,4
/media/ullmann/HDDGabriel/research/engines/o3de/Templates/PythonToolGem/Template/Code/Source/Tools/${Name}EditorSystemComponent.cpp,1,0,1
/media/ullmann/HDDGabriel/research/engines/o3de/Templates/PythonToolGem/Template/Code/Source/Tools/${Name}EditorSystemComponent.h,0,2,2
/media/ullmann/HDDGabriel/research/engines/o3de/Gems/ScriptCanvas/Code/Editor/GraphCanvas/Components/NodeDescriptors/NodelingDescriptorComponent.h,0,2,2
/media/ullmann/HDDGabriel/research/engines/o3de/Code/Editor/SelectSequenceDialog.cpp,2,0,2
/media/ullmann/HDDGabriel/research/engines/o3de/Code/Editor/SelectSequenceDialog.h,1,1,2
/media/ullmann/HDDGabriel/research/engines/o3de/Gems/LyShine/Code/Editor/SlicerView.cpp,1,0,1
/media/ullmann/HDDGabriel/research/engines/o3de/Gems/MultiplayerCompression/Code/Source/LZ4Compressor.cpp,1,0,1
/media/ullmann/HDDGabriel/research/engines/o3de/Gems/LmbrCentral/Code/Source/Scripting/TagComponent.cpp,1,0,1
/media/ullmann/HDDGabriel/research/engines/o3de/Gems/LmbrCentral/Code/Source/Scripting/TagComponent.h,0,3,3
/media/ullmann/HDDGabriel/research/engines/o3de/Gems/EMotionFX/Code/MCore/Source/Endian.inl,0,1,1
/media/ullmann/HDDGabriel/research/engines/o3de/Code/Editor/Util/ModalWindowDismisser.cpp,1,0,1
/media/ullmann/HDDGabriel/research/engines/o3de/Gems/Atom/Asset/ImageProcessingAtom/Code/Source/Processing/ImagePreview.h,0,1,1
/media/ullmann/HDDGabriel/research/engines/o3de/Code/Framework/AzFramework/Tests/Platform/Mac/AzFrameworkTests_Traits_Platform.h,1,0,1
/media/ullmann/HDDGabriel/research/engines/o3de/Code/Framework/AzFramework/Tests/Platform/Mac/AzFrameworkTests_Traits_Mac.h,0,1,1
/media/ullmann/HDDGabriel/research/engines/o3de/Code/Framework/AzCore/AzCore/Statistics/StatisticalProfilerProxySystemComponent.cpp,1,0,1
/media/ullmann/HDDGabriel/research/engines/o3de/Code/Editor/Plugins/ComponentEntityEditorPlugin/UI/Outliner/OutlinerTreeView.hxx,0,2,2
/media/ullmann/HDDGabriel/research/engines/o3de/Code/Editor/Util/FileChangeMonitor.cpp,1,0,1
/media/ullmann/HDDGabriel/research/engines/o3de/Code/Editor/Util/FileChangeMonitor.h,0,2,2
/media/ullmann/HDDGabriel/research/engines/o3de/Gems/AudioSystem/Code/Tests/Mocks/FileCacheManagerMock.h,0,1,1
/media/ullmann/HDDGabriel/research/engines/o3de/Gems/AtomTressFX/External/Code/src/TressFX/TressFXSDFMarchingCubes.cpp,2,0,2
/media/ullmann/HDDGabriel/research/engines/o3de/Gems/AtomTressFX/External/Code/src/TressFX/TressFXSDFMarchingCubes.h,1,1,2
/media/ullmann/HDDGabriel/research/engines/o3de/Gems/LyShine/Code/Editor/ViewportSnap.h,1,3,4
/media/ullmann/HDDGabriel/research/engines/o3de/Gems/LmbrCentral/Code/Source/Shape/EditorSplineComponentMode.cpp,1,0,1
/media/ullmann/HDDGabriel/research/engines/o3de/Gems/LyShine/Code/Editor/SelectionHelpers.cpp,1,0,1
/media/ullmann/HDDGabriel/research/engines/o3de/Code/Framework/AzToolsFramework/AzToolsFramework/Manipulators/TranslationManipulators.cpp,1,0,1
/media/ullmann/HDDGabriel/research/engines/o3de/Code/Framework/AzToolsFramework/AzToolsFramework/Manipulators/TranslationManipulators.h,0,1,1
/media/ullmann/HDDGabriel/research/engines/o3de/Gems/EMotionFX/Code/EMotionFX/Source/MorphSetupInstance.cpp,2,0,2
/media/ullmann/HDDGabriel/research/engines/o3de/Gems/Compression/Code/Source/Clients/CompressionModule.cpp,2,0,2
/media/ullmann/HDDGabriel/research/engines/o3de/Gems/Compression/Code/Source/Clients/DecompressionFactoryImpl.h,0,2,2
/media/ullmann/HDDGabriel/research/engines/o3de/Gems/ScriptCanvas/Code/Include/ScriptCanvas/Libraries/Core/UnaryOperator.cpp,1,0,1
/media/ullmann/HDDGabriel/research/engines/o3de/Gems/ScriptCanvas/Code/Include/ScriptCanvas/Libraries/Core/UnaryOperator.h,0,1,1
/media/ullmann/HDDGabriel/research/engines/o3de/Gems/AtomTressFX/External/Code/src/TressFX/TressFXPPLL.cpp,3,0,3
/media/ullmann/HDDGabriel/research/engines/o3de/Code/Framework/AzToolsFramework/AzToolsFramework/Entity/EditorEntityHelpers.cpp,1,0,1
/media/ullmann/HDDGabriel/research/engines/o3de/Code/Legacy/CryCommon/Maestro/Bus/EditorSequenceComponentBus.h,1,0,1
/media/ullmann/HDDGabriel/research/engines/o3de/Code/Legacy/CryCommon/Maestro/Bus/SequenceComponentBus.h,0,1,1
/media/ullmann/HDDGabriel/research/engines/o3de/Gems/LyShine/Code/Source/Script/UiCanvasLuaBus.cpp,1,0,1
/media/ullmann/HDDGabriel/research/engines/o3de/Gems/LyShine/Code/Source/Script/UiCanvasLuaBus.h,0,2,2
/media/ullmann/HDDGabriel/research/engines/o3de/Gems/AssetValidation/Code/Source/AssetSystemTestCommands.h,0,2,2
/media/ullmann/HDDGabriel/research/engines/o3de/Gems/ScriptCanvas/Code/Include/ScriptCanvas/Libraries/Time/DelayNodeable.cpp,1,0,1
/media/ullmann/HDDGabriel/research/engines/o3de/Gems/ScriptCanvas/Code/Include/ScriptCanvas/Libraries/Time/DelayNodeable.h,0,1,1
/media/ullmann/HDDGabriel/research/engines/o3de/Gems/LandscapeCanvas/Code/Source/Editor/Nodes/AreaFilters/ShapeIntersectionFilterNode.h,0,2,2
/media/ullmann/HDDGabriel/research/engines/o3de/Code/Editor/EditorPreferencesPageViewportManipulator.h,1,3,4
/media/ullmann/HDDGabriel/research/engines/o3de/Gems/ScriptCanvasTesting/Code/Source/Nodes/BehaviorContextObjectTestNode.h,0,1,1
/media/ullmann/HDDGabriel/research/engines/o3de/Gems/ScriptCanvas/Code/Include/ScriptCanvas/Libraries/Math/MathNodeUtilities.cpp,1,0,1
/media/ullmann/HDDGabriel/research/engines/o3de/Gems/ScriptCanvas/Code/Include/ScriptCanvas/Libraries/Math/MathNodeUtilities.h,0,1,1
/media/ullmann/HDDGabriel/research/engines/o3de/Gems/LyShine/Code/Editor/ViewportAlign.cpp,2,0,2
/media/ullmann/HDDGabriel/research/engines/o3de/Code/Editor/TrackView/SequenceBatchRenderDialog.cpp,1,0,1
/media/ullmann/HDDGabriel/research/engines/o3de/Code/Editor/TrackView/SequenceBatchRenderDialog.h,1,2,3
/media/ullmann/HDDGabriel/research/engines/o3de/Gems/Atom/RHI/Metal/Code/Source/Platform/iOS/Metal_Traits_Platform.h,1,0,1
/media/ullmann/HDDGabriel/research/engines/o3de/Gems/Atom/RHI/Metal/Code/Source/Platform/iOS/Metal_Traits_iOS.h,0,1,1
/media/ullmann/HDDGabriel/research/engines/o3de/Code/Tools/LuaIDE/Source/LUA/ClassReferencePanel.cpp,1,0,1
/media/ullmann/HDDGabriel/research/engines/o3de/Code/Tools/LuaIDE/Source/LUA/ClassReferencePanel.hxx,0,2,2
/media/ullmann/HDDGabriel/research/engines/o3de/Code/Framework/AzToolsFramework/AzToolsFramework/SQLite/SQLiteQuery.cpp,1,0,1
/media/ullmann/HDDGabriel/research/engines/o3de/Gems/LyShine/Code/Editor/CommandHierarchyItemReparent.cpp,1,0,1
/media/ullmann/HDDGabriel/research/engines/o3de/Gems/AWSGameLift/Code/AWSGameLiftClient/Tests/AWSGameLiftClientSystemComponentTest.cpp,1,0,1
/media/ullmann/HDDGabriel/research/engines/o3de/Gems/AWSGameLift/Code/AWSGameLiftClient/Tests/AWSGameLiftClientFixture.h,0,3,3
/media/ullmann/HDDGabriel/research/engines/o3de/Gems/LmbrCentral/Code/Source/Audio/AudioProxyComponent.cpp,1,0,1
/media/ullmann/HDDGabriel/research/engines/o3de/Gems/LmbrCentral/Code/Source/Audio/AudioProxyComponent.h,0,2,2
/media/ullmann/HDDGabriel/research/engines/o3de/Code/Tools/ProjectManager/Source/GemCatalog/GemFilterWidget.h,0,1,1
/media/ullmann/HDDGabriel/research/engines/o3de/Gems/SliceFavorites/Code/Source/ComponentSliceFavoritesWindow.cpp,3,0,3
/media/ullmann/HDDGabriel/research/engines/o3de/Gems/SliceFavorites/Code/Source/SliceFavoritesSystemComponentBus.h,0,2,2
/media/ullmann/HDDGabriel/research/engines/o3de/Code/Framework/AzToolsFramework/AzToolsFramework/Commands/CreateSliceCommand.cpp,1,0,1
/media/ullmann/HDDGabriel/research/engines/o3de/Code/Framework/AzToolsFramework/AzToolsFramework/Commands/CreateSliceCommand.h,0,1,1
/media/ullmann/HDDGabriel/research/engines/o3de/Code/Framework/AzToolsFramework/AzToolsFramework/UI/ComponentPalette/ComponentPaletteModel.hxx,0,2,2
/media/ullmann/HDDGabriel/research/engines/o3de/Gems/EMotionFX/Code/EMotionFX/Source/BlendTreeMirrorPoseNode.h,2,1,3
/media/ullmann/HDDGabriel/research/engines/o3de/Gems/Atom/Feature/Common/Code/Source/Material/MaterialConverterSystemComponent.cpp,1,0,1
/media/ullmann/HDDGabriel/research/engines/o3de/Gems/LandscapeCanvas/Code/Source/Editor/Nodes/GradientModifiers/InvertGradientModifierNode.h,0,2,2
/media/ullmann/HDDGabriel/research/engines/o3de/Gems/EMotionFX/Code/MCore/Source/FileSystem.cpp,3,0,3
/media/ullmann/HDDGabriel/research/engines/o3de/Gems/EMotionFX/Code/MCore/Source/StringConversions.h,0,12,12
/media/ullmann/HDDGabriel/research/engines/o3de/Code/Tools/ProjectManager/Source/PythonBindings.cpp,2,0,2
/media/ullmann/HDDGabriel/research/engines/o3de/Gems/EMotionFX/Code/EMotionFX/Source/AnimGraphVector2Condition.h,0,1,1
/media/ullmann/HDDGabriel/research/engines/o3de/Gems/ScriptCanvas/Code/Editor/Model/EntityMimeDataHandler.cpp,1,0,1
/media/ullmann/HDDGabriel/research/engines/o3de/Gems/ScriptCanvas/Code/Editor/Model/EntityMimeDataHandler.h,0,1,1
/media/ullmann/HDDGabriel/research/engines/o3de/Gems/Atom/Asset/ImageProcessingAtom/Code/Source/Editor/MipmapSettingWidget.cpp,1,0,1
/media/ullmann/HDDGabriel/research/engines/o3de/Gems/Atom/Asset/ImageProcessingAtom/Code/Source/Editor/MipmapSettingWidget.h,0,1,1
/media/ullmann/HDDGabriel/research/engines/o3de/Gems/EMotionFX/Code/EMotionFX/Source/AnimGraphTagCondition.h,0,1,1
/media/ullmann/HDDGabriel/research/engines/o3de/Gems/ScriptCanvas/Code/Include/ScriptCanvas/Libraries/Core/CoreLibrary.h,0,1,1
/media/ullmann/HDDGabriel/research/engines/o3de/Gems/EMotionFX/Code/MCore/Source/MemoryCategoriesCore.h,0,3,3
/media/ullmann/HDDGabriel/research/engines/o3de/Code/Tools/RemoteConsole/Platform/Android/RemoteConsole_Traits_Platform.h,1,0,1
/media/ullmann/HDDGabriel/research/engines/o3de/Code/Tools/RemoteConsole/Platform/Android/RemoteConsole_Traits_Android.h,0,1,1
/media/ullmann/HDDGabriel/research/engines/o3de/Gems/Atom/Asset/ImageProcessingAtom/Code/Source/Editor/ResolutionSettingWidget.cpp,1,0,1
/media/ullmann/HDDGabriel/research/engines/o3de/Gems/Atom/Asset/ImageProcessingAtom/Code/Source/Editor/ResolutionSettingWidget.h,0,1,1
/media/ullmann/HDDGabriel/research/engines/o3de/Gems/LandscapeCanvas/Code/Source/Editor/Nodes/Shapes/BoxShapeNode.cpp,1,0,1
/media/ullmann/HDDGabriel/research/engines/o3de/Gems/LandscapeCanvas/Code/Source/Editor/Nodes/Shapes/BoxShapeNode.h,0,2,2
/media/ullmann/HDDGabriel/research/engines/o3de/Gems/GraphCanvas/Code/Source/Components/NodePropertyDisplays/AssetIdNodePropertyDisplay.h,0,1,1
/media/ullmann/HDDGabriel/research/engines/o3de/Gems/PhysX/Code/Source/SystemComponent.h,2,0,2
/media/ullmann/HDDGabriel/research/engines/o3de/Gems/PhysX/Code/Source/DefaultWorldComponent.h,0,2,2
/media/ullmann/HDDGabriel/research/engines/o3de/Gems/Atom/Feature/Common/Code/Source/ScreenSpace/DeferredFogPass.h,0,1,1
/media/ullmann/HDDGabriel/research/engines/o3de/Gems/Atom/Feature/Common/Code/Source/PostProcessing/SMAAFeatureProcessor.h,0,1,1
/media/ullmann/HDDGabriel/research/engines/o3de/Gems/Microphone/Code/Source/MicrophoneModule.cpp,1,0,1
/media/ullmann/HDDGabriel/research/engines/o3de/Gems/Microphone/Code/Source/MicrophoneSystemComponent.h,0,2,2
/media/ullmann/HDDGabriel/research/engines/o3de/Code/Framework/AzToolsFramework/AzToolsFramework/UI/PropertyEditor/PropertyEnumComboBoxCtrl.hxx,1,1,2
/media/ullmann/HDDGabriel/research/engines/o3de/Gems/WhiteBox/Code/Source/Util/WhiteBoxMathUtil.cpp,1,0,1
/media/ullmann/HDDGabriel/research/engines/o3de/Gems/WhiteBox/Code/Source/Util/WhiteBoxMathUtil.h,0,1,1
/media/ullmann/HDDGabriel/research/engines/o3de/Gems/Vegetation/Code/Source/VegetationEditorModule.h,1,1,2
/media/ullmann/HDDGabriel/research/engines/o3de/Gems/Vegetation/Code/Source/VegetationModule.h,0,2,2
/media/ullmann/HDDGabriel/research/engines/o3de/Gems/ScriptCanvasTesting/Code/Source/ScriptCanvasTestingEditorModule.cpp,1,0,1
/media/ullmann/HDDGabriel/research/engines/o3de/Gems/ScriptCanvasTesting/Code/Source/ScriptCanvasTestingSystemComponent.h,0,3,3
/media/ullmann/HDDGabriel/research/engines/o3de/Gems/Vegetation/Code/Source/Editor/EditorSurfaceSlopeFilterComponent.cpp,1,0,1
/media/ullmann/HDDGabriel/research/engines/o3de/Gems/Vegetation/Code/Source/Editor/EditorSurfaceSlopeFilterComponent.h,0,2,2
/media/ullmann/HDDGabriel/research/engines/o3de/Gems/LmbrCentral/Code/Source/Shape/BoxShapeComponent.cpp,1,0,1
/media/ullmann/HDDGabriel/research/engines/o3de/Gems/AtomLyIntegration/CommonFeatures/Code/Source/Debug/RenderDebugEditorComponent.h,0,1,1
/media/ullmann/HDDGabriel/research/engines/o3de/Gems/LmbrCentral/Code/Source/Shape/AxisAlignedBoxShapeComponent.h,1,4,5
/media/ullmann/HDDGabriel/research/engines/o3de/Code/Editor/ShortcutDispatcher.h,0,4,4
/media/ullmann/HDDGabriel/research/engines/o3de/Gems/AtomLyIntegration/AtomBridge/Code/Source/AtomBridgeModule.cpp,1,0,1
/media/ullmann/HDDGabriel/research/engines/o3de/Gems/AtomLyIntegration/AtomBridge/Code/Source/AtomBridgeModule.h,2,2,4
/media/ullmann/HDDGabriel/research/engines/o3de/Gems/GraphCanvas/Code/Source/Components/Nodes/Comment/CommentNodeTextComponent.h,0,1,1
/media/ullmann/HDDGabriel/research/engines/o3de/Gems/Streamer/StreamerProfiler/Code/Source/StreamerProfilerModuleInterface.h,1,1,2
/media/ullmann/HDDGabriel/research/engines/o3de/Code/Editor/Plugins/PerforcePlugin/PerforceSourceControl.cpp,2,0,2
/media/ullmann/HDDGabriel/research/engines/o3de/Gems/EMotionFX/Code/EMotionFX/Source/BlendTreeBlend2NodeBase.cpp,4,0,4
/media/ullmann/HDDGabriel/research/engines/o3de/Code/Framework/AzToolsFramework/AzToolsFramework/Component/EditorLevelComponentAPIBus.h,1,0,1
/media/ullmann/HDDGabriel/research/engines/o3de/Code/Framework/AzToolsFramework/AzToolsFramework/Component/EditorComponentAPIBus.h,0,1,1
/media/ullmann/HDDGabriel/research/engines/o3de/Code/Tools/AssetProcessor/native/utilities/LineByLineDependencyScanner.cpp,2,0,2
/media/ullmann/HDDGabriel/research/engines/o3de/Templates/DefaultGem/Template/Code/Source/Clients/${Name}SystemComponent.cpp,1,0,1
/media/ullmann/HDDGabriel/research/engines/o3de/Gems/EMotionFX/Code/EMotionFX/Source/AnimGraphTimeCondition.h,0,1,1
/media/ullmann/HDDGabriel/research/engines/o3de/Gems/LmbrCentral/Code/Tests/CylinderShapeTest.cpp,1,0,1
/media/ullmann/HDDGabriel/research/engines/o3de/Gems/Atom/Feature/Common/Code/Source/ProfilingCaptureSystemComponent.cpp,1,0,1
/media/ullmann/HDDGabriel/research/engines/o3de/Gems/Atom/Feature/Common/Code/Source/ProfilingCaptureSystemComponent.h,0,2,2
/media/ullmann/HDDGabriel/research/engines/o3de/Gems/EMotionFX/Code/EMotionFX/Tools/EMotionStudio/Plugins/StandardPlugins/Source/AnimGraph/ParameterEditor/FloatSliderParameterEditor.cpp,1,0,1
/media/ullmann/HDDGabriel/research/engines/o3de/Gems/EMotionFX/Code/EMotionFX/Tools/EMotionStudio/Plugins/StandardPlugins/Source/AnimGraph/ParameterEditor/FloatSliderParameterEditor.h,1,2,3
/media/ullmann/HDDGabriel/research/engines/o3de/Gems/Atom/Feature/Common/Code/Source/AuxGeom/DynamicPrimitiveProcessor.cpp,2,0,2
/media/ullmann/HDDGabriel/research/engines/o3de/Gems/Atom/Feature/Common/Code/Source/AuxGeom/AuxGeomDrawProcessorShared.h,1,3,4
/media/ullmann/HDDGabriel/research/engines/o3de/Gems/Atom/Asset/ImageProcessingAtom/Code/Source/ImageBuilderComponent.h,0,2,2
/media/ullmann/HDDGabriel/research/engines/o3de/Gems/EditorPythonBindings/Code/Tests/PythonDictionaryTests.cpp,2,0,2
/media/ullmann/HDDGabriel/research/engines/o3de/Gems/ScriptCanvas/Code/Editor/GraphCanvas/DataInterfaces/ScriptCanvasNumericDataInterface.h,1,0,1
/media/ullmann/HDDGabriel/research/engines/o3de/Gems/AWSCore/Code/Source/Editor/AWSCoreEditorManager.h,0,1,1
/media/ullmann/HDDGabriel/research/engines/o3de/Gems/AWSGameLift/Code/AWSGameLiftClient/Tests/AWSGameLiftClientLocalTicketTrackerTest.cpp,2,0,2
/media/ullmann/HDDGabriel/research/engines/o3de/Code/Editor/Plugins/EditorCommon/DockTitleBarWidget.h,1,1,2
/media/ullmann/HDDGabriel/research/engines/o3de/Gems/Maestro/Code/Source/Cinematics/ScriptVarNode.h,1,3,4
/media/ullmann/HDDGabriel/research/engines/o3de/Code/Framework/AzFramework/Tests/Utils/Utils.cpp,1,0,1
/media/ullmann/HDDGabriel/research/engines/o3de/Code/Framework/AzFramework/Tests/Utils/Utils.h,0,1,1
/media/ullmann/HDDGabriel/research/engines/o3de/Gems/AudioEngineWwise/Code/Platform/Mac/FileIOHandler_wwise_Platform.h,1,0,1
/media/ullmann/HDDGabriel/research/engines/o3de/Gems/DiffuseProbeGrid/Code/Source/Platform/iOS/DiffuseProbeGrid_Traits_Platform.h,1,0,1
/media/ullmann/HDDGabriel/research/engines/o3de/Gems/DiffuseProbeGrid/Code/Source/Platform/iOS/DiffuseProbeGrid_Traits_iOS.h,0,1,1
/media/ullmann/HDDGabriel/research/engines/o3de/Gems/LyShine/Code/Source/RenderGraph.cpp,2,0,2
/media/ullmann/HDDGabriel/research/engines/o3de/Gems/AtomLyIntegration/CommonFeatures/Code/Source/PostProcess/DepthOfField/DepthOfFieldComponent.h,0,1,1
/media/ullmann/HDDGabriel/research/engines/o3de/Code/Framework/AzCore/Platform/Windows/AzCore/Socket/AzSocket_fwd_Windows.h,1,0,1
/media/ullmann/HDDGabriel/research/engines/o3de/Code/Framework/AzCore/Platform/Common/WinAPI/AzCore/Socket/AzSocket_fwd_WinAPI.h,0,1,1
/media/ullmann/HDDGabriel/research/engines/o3de/Gems/LmbrCentral/Code/Source/Audio/AudioPreloadComponent.cpp,1,0,1
/media/ullmann/HDDGabriel/research/engines/o3de/Gems/DebugDraw/Code/Source/EditorDebugDrawTextComponent.h,2,3,5
/media/ullmann/HDDGabriel/research/engines/o3de/Gems/MotionMatching/Code/Source/Frame.h,0,4,4
/media/ullmann/HDDGabriel/research/engines/o3de/Gems/LmbrCentral/Code/Source/Shape/PolygonPrismShapeComponent.cpp,1,0,1
/media/ullmann/HDDGabriel/research/engines/o3de/Gems/LmbrCentral/Code/Source/Shape/PolygonPrismShapeComponent.h,1,3,4
/media/ullmann/HDDGabriel/research/engines/o3de/Gems/GradientSignal/Code/Source/Editor/EditorMixedGradientComponent.h,0,2,2
/media/ullmann/HDDGabriel/research/engines/o3de/Code/Editor/Util/AffineParts.h,0,1,1
/media/ullmann/HDDGabriel/research/engines/o3de/Gems/MotionMatching/Code/Source/CsvSerializers.cpp,2,0,2
/media/ullmann/HDDGabriel/research/engines/o3de/Gems/MotionMatching/Code/Source/CsvSerializers.h,0,1,1
/media/ullmann/HDDGabriel/research/engines/o3de/Gems/EMotionFX/Code/EMotionFX/Tools/EMotionStudio/Plugins/StandardPlugins/Source/AnimGraph/GraphNodeFactory.h,0,2,2
/media/ullmann/HDDGabriel/research/engines/o3de/Gems/LmbrCentral/Code/Source/Builders/DependencyBuilder/DependencyBuilderWorker.cpp,1,0,1
/media/ullmann/HDDGabriel/research/engines/o3de/Gems/LmbrCentral/Code/Source/Builders/DependencyBuilder/DependencyBuilderWorker.h,0,1,1
/media/ullmann/HDDGabriel/research/engines/o3de/Gems/EMotionFX/Code/EMotionFX/Tools/EMotionStudio/EMStudioSDK/Source/GUIOptions.h,1,1,2
/media/ullmann/HDDGabriel/research/engines/o3de/Gems/EMotionFX/Code/EMotionFX/Tools/EMotionStudio/EMStudioSDK/Source/PluginOptions.h,0,2,2
/media/ullmann/HDDGabriel/research/engines/o3de/Gems/AWSGameLift/Code/AWSGameLiftClient/Source/Activity/AWSGameLiftLeaveSessionActivity.h,0,1,1
/media/ullmann/HDDGabriel/research/engines/o3de/Gems/Atom/Feature/Common/Code/Source/CoreLights/LightCullingTilePreparePass.h,0,1,1
/media/ullmann/HDDGabriel/research/engines/o3de/Gems/Atom/Asset/ImageProcessingAtom/Code/Source/ImageBuilderComponent.cpp,8,0,8
/media/ullmann/HDDGabriel/research/engines/o3de/Gems/Atom/Asset/ImageProcessingAtom/Code/Source/Processing/ImageConvert.h,0,2,2
/media/ullmann/HDDGabriel/research/engines/o3de/Gems/AtomLyIntegration/CommonFeatures/Code/Source/CubeMapCapture/EditorCubeMapCaptureComponent.h,0,1,1
/media/ullmann/HDDGabriel/research/engines/o3de/Gems/LmbrCentral/Code/Source/Shape/EditorCompoundShapeComponent.h,2,2,4
/media/ullmann/HDDGabriel/research/engines/o3de/Code/Editor/TrackView/AtomOutputFrameCapture.h,0,2,2
/media/ullmann/HDDGabriel/research/engines/o3de/Gems/EMotionFX/Code/MCore/Source/AttributeFloat.h,3,5,8
/media/ullmann/HDDGabriel/research/engines/o3de/Gems/Atom/RPI/Code/Source/Platform/Windows/Atom_RPI_Traits_Platform.h,1,0,1
/media/ullmann/HDDGabriel/research/engines/o3de/Gems/Atom/RPI/Code/Source/Platform/Windows/Atom_RPI_Traits_Windows.h,0,1,1
/media/ullmann/HDDGabriel/research/engines/o3de/Gems/AWSMetrics/Code/Tests/MetricsManagerTest.cpp,1,0,1
/media/ullmann/HDDGabriel/research/engines/o3de/Code/Framework/AzFramework/AzFramework/Entity/BehaviorEntity.cpp,1,0,1
/media/ullmann/HDDGabriel/research/engines/o3de/Code/Framework/AzFramework/AzFramework/Entity/BehaviorEntity.h,0,1,1
/media/ullmann/HDDGabriel/research/engines/o3de/Gems/LyShine/Code/Editor/CommandHierarchyItemToggleIsVisible.cpp,1,0,1
/media/ullmann/HDDGabriel/research/engines/o3de/Gems/Atom/RHI/Code/Tests/UtilsTests.cpp,1,0,1
/media/ullmann/HDDGabriel/research/engines/o3de/Gems/Atom/RPI/Code/Source/RPI.Builders/Model/MaterialAssetBuilderComponent.h,0,1,1
/media/ullmann/HDDGabriel/research/engines/o3de/Gems/LandscapeCanvas/Code/Source/Editor/Nodes/Gradients/ImageGradientNode.h,0,2,2
/media/ullmann/HDDGabriel/research/engines/o3de/Gems/ScriptCanvas/Code/Include/ScriptCanvas/Execution/Interpreted/ExecutionStateInterpretedSingleton.cpp,1,0,1
/media/ullmann/HDDGabriel/research/engines/o3de/Gems/ScriptCanvas/Code/Include/ScriptCanvas/Execution/Interpreted/ExecutionStateInterpretedSingleton.h,1,1,2
/media/ullmann/HDDGabriel/research/engines/o3de/Code/Framework/AzCore/Tests/AZStd/String.cpp,1,0,1
/media/ullmann/HDDGabriel/research/engines/o3de/Code/Framework/AzQtComponents/AzQtComponents/Components/Widgets/SegmentControl.cpp,2,0,2
/media/ullmann/HDDGabriel/research/engines/o3de/Code/Editor/PreferencesStdPages.h,1,2,3
/media/ullmann/HDDGabriel/research/engines/o3de/Gems/EMotionFX/Code/Tests/AnimGraphFixture.cpp,1,0,1
/media/ullmann/HDDGabriel/research/engines/o3de/Gems/Atom/RPI/Code/Source/Platform/iOS/Atom_RPI_Traits_Platform.h,1,0,1
/media/ullmann/HDDGabriel/research/engines/o3de/Gems/Atom/RPI/Code/Source/Platform/iOS/Atom_RPI_Traits_iOS.h,0,1,1
/media/ullmann/HDDGabriel/research/engines/o3de/Gems/EMotionFX/Code/EMotionFX/Tools/EMotionStudio/Plugins/StandardPlugins/Source/AnimGraph/ParameterEditor/IntSliderParameterEditor.h,1,2,3
/media/ullmann/HDDGabriel/research/engines/o3de/Code/Framework/AzToolsFramework/AzToolsFramework/Editor/RichTextHighlighter.cpp,1,0,1
/media/ullmann/HDDGabriel/research/engines/o3de/Code/Framework/AzToolsFramework/AzToolsFramework/Editor/RichTextHighlighter.h,0,1,1
/media/ullmann/HDDGabriel/research/engines/o3de/Gems/EMotionFX/Code/EMotionFX/Source/BlendTreeBoolLogicNode.h,2,1,3
/media/ullmann/HDDGabriel/research/engines/o3de/Code/Editor/LevelTreeModel.cpp,3,0,3
/media/ullmann/HDDGabriel/research/engines/o3de/Code/Framework/AzQtComponents/AzQtComponents/Gallery/SegmentControlPage.h,0,2,2
/media/ullmann/HDDGabriel/research/engines/o3de/Gems/LyShine/Code/Source/UiCanvasManager.h,1,2,3
/media/ullmann/HDDGabriel/research/engines/o3de/Code/Tools/AssetProcessor/native/unittests/AssetProcessorManagerUnitTests.cpp,2,0,2
/media/ullmann/HDDGabriel/research/engines/o3de/Code/Tools/TestImpactFramework/Runtime/Common/Code/Include/Static/Dependency/TestImpactDynamicDependencyMap.h,0,1,1
/media/ullmann/HDDGabriel/research/engines/o3de/Gems/Atom/Tools/ShaderManagementConsole/Code/Source/Document/ShaderManagementConsoleDocument.h,0,1,1
/media/ullmann/HDDGabriel/research/engines/o3de/Gems/Atom/RHI/DX12/Code/Source/RHI/Conversions.h,0,1,1
/media/ullmann/HDDGabriel/research/engines/o3de/Gems/Blast/Code/Source/Editor/EditorBlastMeshDataComponent.h,0,1,1
/media/ullmann/HDDGabriel/research/engines/o3de/Gems/LmbrCentral/Code/Source/Shape/SphereShape.h,0,1,1
/media/ullmann/HDDGabriel/research/engines/o3de/Gems/Meshlets/ASV_GPU_and_CPU_Demo/SampleComponentManager.cpp,1,0,1
/media/ullmann/HDDGabriel/research/engines/o3de/Gems/Meshlets/ASV_GPU_and_CPU_Demo/MeshletsExampleComponent.h,0,2,2
/media/ullmann/HDDGabriel/research/engines/o3de/Gems/Atom/Asset/Shader/Code/Source/Platform/Mac/ShaderBuilder_Traits_Platform.h,1,0,1
/media/ullmann/HDDGabriel/research/engines/o3de/Gems/Atom/Asset/Shader/Code/Source/Platform/Mac/ShaderBuilder_Traits_Mac.h,0,1,1
/media/ullmann/HDDGabriel/research/engines/o3de/Gems/EditorPythonBindings/Code/Source/PythonProxyBus.cpp,1,0,1
/media/ullmann/HDDGabriel/research/engines/o3de/Gems/EditorPythonBindings/Code/Source/PythonProxyBus.h,0,1,1
/media/ullmann/HDDGabriel/research/engines/o3de/Gems/LmbrCentral/Code/Source/Audio/AudioRtpcComponent.cpp,1,0,1
/media/ullmann/HDDGabriel/research/engines/o3de/Gems/EditorPythonBindings/Code/Tests/EditorPythonBindingsTest.cpp,2,0,2
/media/ullmann/HDDGabriel/research/engines/o3de/Gems/AudioSystem/Code/Source/Engine/ATLAudioObject.cpp,3,0,3
/media/ullmann/HDDGabriel/research/engines/o3de/Code/Framework/AzQtComponents/AzQtComponents/Gallery/BrowseEditPage.cpp,1,0,1
/media/ullmann/HDDGabriel/research/engines/o3de/Code/Framework/AzQtComponents/AzQtComponents/Gallery/BrowseEditPage.h,0,2,2
/media/ullmann/HDDGabriel/research/engines/o3de/Gems/WhiteBox/Code/Source/Viewport/WhiteBoxPolygonTranslationModifier.cpp,1,0,1
/media/ullmann/HDDGabriel/research/engines/o3de/Gems/WhiteBox/Code/Source/Viewport/WhiteBoxPolygonTranslationModifier.h,0,1,1
/media/ullmann/HDDGabriel/research/engines/o3de/Gems/ScriptCanvas/Code/Editor/GraphCanvas/DataInterfaces/ScriptCanvasBoolDataInterface.h,1,0,1
/media/ullmann/HDDGabriel/research/engines/o3de/Gems/Twitch/Code/Source/TwitchReflection.cpp,1,0,1
/media/ullmann/HDDGabriel/research/engines/o3de/Gems/Twitch/Code/Source/TwitchReflection.h,0,2,2
/media/ullmann/HDDGabriel/research/engines/o3de/Gems/Vegetation/Code/Source/InstanceSystemComponent.h,0,2,2
/media/ullmann/HDDGabriel/research/engines/o3de/Gems/Atom/Asset/Shader/Code/Source/Platform/iOS/ShaderBuilder_Traits_Platform.h,1,0,1
/media/ullmann/HDDGabriel/research/engines/o3de/Gems/Atom/Asset/Shader/Code/Source/Platform/iOS/ShaderBuilder_Traits_iOS.h,0,1,1
/media/ullmann/HDDGabriel/research/engines/o3de/Gems/EMotionFX/Code/MysticQt/Source/DialogStack.cpp,2,0,2
/media/ullmann/HDDGabriel/research/engines/o3de/Gems/LyShine/Code/Editor/PropertyHandlerVec.h,0,2,2
/media/ullmann/HDDGabriel/research/engines/o3de/Gems/WhiteBox/Code/Tests/WhiteBoxUVTest.cpp,1,0,1
/media/ullmann/HDDGabriel/research/engines/o3de/Gems/LyShine/Code/Tests/UiTooltipComponentTest.cpp,1,0,1
/media/ullmann/HDDGabriel/research/engines/o3de/Gems/LmbrCentral/Code/Source/Builders/LuaBuilder/LuaBuilderWorker.h,0,2,2
/media/ullmann/HDDGabriel/research/engines/o3de/Code/Legacy/CryCommon/iOSSpecific.h,1,0,1
/media/ullmann/HDDGabriel/research/engines/o3de/Gems/LyShine/Code/Source/UiClipboard.h,0,1,1
/media/ullmann/HDDGabriel/research/engines/o3de/Gems/Atom/Tools/MaterialEditor/Code/Source/main.cpp,1,0,1
/media/ullmann/HDDGabriel/research/engines/o3de/Gems/Atom/Tools/MaterialEditor/Code/Source/MaterialEditorApplication.h,1,2,3
/media/ullmann/HDDGabriel/research/engines/o3de/Code/Framework/AzFramework/Tests/Platform/Linux/AzFrameworkTests_Traits_Platform.h,1,0,1
/media/ullmann/HDDGabriel/research/engines/o3de/Code/Framework/AzFramework/Tests/Platform/Linux/AzFrameworkTests_Traits_Linux.h,0,1,1
/media/ullmann/HDDGabriel/research/engines/o3de/Code/Framework/AzToolsFramework/AzToolsFramework/UI/Logging/LoggingCommon.h,0,3,3
/media/ullmann/HDDGabriel/research/engines/o3de/Gems/Meshlets/Code/Source/Meshlets/MeshletsData.h,0,2,2
/media/ullmann/HDDGabriel/research/engines/o3de/Gems/EMotionFX/Code/EMotionFX/Source/BlendTreeDirectionToWeightNode.cpp,4,0,4
/media/ullmann/HDDGabriel/research/engines/o3de/Gems/LyShine/Code/Source/UiLayoutGridComponent.cpp,2,0,2
/media/ullmann/HDDGabriel/research/engines/o3de/Code/Editor/Plugins/FFMPEGPlugin/FFMPEGPlugin.cpp,1,0,1
/media/ullmann/HDDGabriel/research/engines/o3de/Gems/AtomLyIntegration/CommonFeatures/Code/Source/EditorCommonFeaturesSystemComponent.h,2,2,4
/media/ullmann/HDDGabriel/research/engines/o3de/Gems/AtomLyIntegration/CommonFeatures/Code/Source/SharedPreview/SharedThumbnailRenderer.h,0,1,1
/media/ullmann/HDDGabriel/research/engines/o3de/Code/Tools/AssetProcessor/native/AssetManager/assetScanner.h,2,0,2
/media/ullmann/HDDGabriel/research/engines/o3de/Gems/LyShine/Code/Editor/CommandHierarchyItemRename.h,0,1,1
/media/ullmann/HDDGabriel/research/engines/o3de/Gems/ScriptCanvas/Code/Include/ScriptCanvas/Internal/Nodes/ExpressionNodeBase.cpp,1,0,1
/media/ullmann/HDDGabriel/research/engines/o3de/Gems/ScriptCanvas/Code/Include/ScriptCanvas/Internal/Nodes/ExpressionNodeBase.h,0,1,1
/media/ullmann/HDDGabriel/research/engines/o3de/Code/Framework/AzToolsFramework/AzToolsFramework/UI/PropertyEditor/MultiLineTextEditHandler.h,1,1,2
/media/ullmann/HDDGabriel/research/engines/o3de/Gems/Maestro/Code/Source/Cinematics/CaptureTrack.cpp,1,0,1
/media/ullmann/HDDGabriel/research/engines/o3de/Gems/LmbrCentral/Code/Source/Unhandled/UI/EntityIconAssetTypeInfo.cpp,1,0,1
/media/ullmann/HDDGabriel/research/engines/o3de/Gems/EMotionFX/Code/EMotionFX/Source/TriggerActionSetup.h,1,0,1
/media/ullmann/HDDGabriel/research/engines/o3de/Gems/AWSGameLift/Code/AWSGameLiftClient/Source/Activity/AWSGameLiftStartMatchmakingActivity.h,0,1,1
/media/ullmann/HDDGabriel/research/engines/o3de/Gems/ScriptCanvas/Code/Editor/View/Dialogs/SettingsDialog.cpp,1,0,1
/media/ullmann/HDDGabriel/research/engines/o3de/Gems/ScriptCanvas/Code/Editor/View/Dialogs/SettingsDialog.h,0,1,1
/media/ullmann/HDDGabriel/research/engines/o3de/Gems/AtomLyIntegration/AtomBridge/Code/Source/AtomBridgeEditorModule.cpp,2,0,2
/media/ullmann/HDDGabriel/research/engines/o3de/Gems/AtomLyIntegration/AtomBridge/Code/Source/Editor/AssetCollectionAsyncLoaderTestComponent.h,0,2,2
/media/ullmann/HDDGabriel/research/engines/o3de/Gems/ScriptCanvas/Code/Include/ScriptCanvas/Execution/Interpreted/ExecutionInterpretedComponentAPI.cpp,4,0,4
/media/ullmann/HDDGabriel/research/engines/o3de/Gems/ScriptCanvas/Code/Include/ScriptCanvas/Execution/Interpreted/ExecutionInterpretedDebugAPI.h,0,4,4
/media/ullmann/HDDGabriel/research/engines/o3de/Gems/ScriptCanvas/Code/Editor/Utilities/RecentFiles.h,0,1,1
/media/ullmann/HDDGabriel/research/engines/o3de/Code/Tools/AssetProcessor/native/AssetManager/SourceFileRelocator.cpp,2,0,2
/media/ullmann/HDDGabriel/research/engines/o3de/Code/Tools/AssetProcessor/native/AssetManager/FileStateCache.h,0,2,2
/media/ullmann/HDDGabriel/research/engines/o3de/Gems/Gestures/Code/Source/InputChannelGestureClickOrTap.cpp,1,0,1
/media/ullmann/HDDGabriel/research/engines/o3de/Gems/AudioSystem/Code/Source/Editor/AudioResourceSelectors.h,0,2,2
/media/ullmann/HDDGabriel/research/engines/o3de/Gems/WhiteBox/Code/Tests/WhiteBoxSelectionTest.cpp,1,0,1
/media/ullmann/HDDGabriel/research/engines/o3de/Gems/LyShine/Code/Editor/AnchorPresetsWidget.cpp,3,0,3
/media/ullmann/HDDGabriel/research/engines/o3de/Code/Tools/ProjectManager/Source/TemplateButtonWidget.h,0,2,2
/media/ullmann/HDDGabriel/research/engines/o3de/Gems/AWSCore/Code/Platform/Linux/AWSCore_Traits_Platform.h,1,0,1
/media/ullmann/HDDGabriel/research/engines/o3de/Gems/AWSCore/Code/Platform/Linux/AWSCore_Traits_Linux.h,0,1,1
/media/ullmann/HDDGabriel/research/engines/o3de/Gems/EMotionFX/Code/MCore/Source/CommandManagerCallback.h,2,1,3
/media/ullmann/HDDGabriel/research/engines/o3de/Code/Framework/AzCore/Tests/AZStd/ConcurrentAllocators.cpp,1,0,1
/media/ullmann/HDDGabriel/research/engines/o3de/Code/Tools/ProjectManager/Source/GemCatalog/GemModel.h,0,2,2
/media/ullmann/HDDGabriel/research/engines/o3de/Code/Framework/AzFramework/AzFramework/Physics/HeightfieldProviderBus.cpp,1,0,1
/media/ullmann/HDDGabriel/research/engines/o3de/Code/Framework/AzFramework/AzFramework/Physics/HeightfieldProviderBus.h,0,1,1
/media/ullmann/HDDGabriel/research/engines/o3de/Gems/LandscapeCanvas/Code/Source/Editor/Nodes/AreaFilters/SlopeFilterNode.cpp,1,0,1
/media/ullmann/HDDGabriel/research/engines/o3de/Gems/LandscapeCanvas/Code/Source/Editor/Nodes/AreaFilters/SlopeFilterNode.h,0,2,2
/media/ullmann/HDDGabriel/research/engines/o3de/Gems/EMotionFX/Code/Tests/MotionEventTrackTests.cpp,2,0,2
/media/ullmann/HDDGabriel/research/engines/o3de/Gems/EMotionFX/Code/Tests/TestAssetCode/MotionEvent.h,0,2,2
/media/ullmann/HDDGabriel/research/engines/o3de/Gems/ScriptCanvas/Code/Include/ScriptCanvas/Libraries/Comparison/Greater.h,0,1,1
/media/ullmann/HDDGabriel/research/engines/o3de/Gems/AWSMetrics/Code/Source/DefaultClientIdProvider.cpp,1,0,1
/media/ullmann/HDDGabriel/research/engines/o3de/Gems/ScriptCanvas/Code/Include/ScriptCanvas/Core/SlotMetadata.h,0,1,1
/media/ullmann/HDDGabriel/research/engines/o3de/Code/Editor/IconManager.cpp,5,0,5
/media/ullmann/HDDGabriel/research/engines/o3de/Code/Editor/Plugins/EditorCommon/EditorCommon.cpp,2,0,2
/media/ullmann/HDDGabriel/research/engines/o3de/Gems/EMotionFX/Code/EMotionFX/Tools/EMotionStudio/Plugins/StandardPlugins/Source/AnimGraph/BlendSpaceNodeWidget.cpp,1,0,1
/media/ullmann/HDDGabriel/research/engines/o3de/Gems/EMotionFX/Code/EMotionFX/Tools/EMotionStudio/Plugins/StandardPlugins/Source/AnimGraph/BlendSpaceNodeWidget.h,1,1,2
/media/ullmann/HDDGabriel/research/engines/o3de/Code/Framework/AzToolsFramework/AzToolsFramework/UI/PropertyEditor/PropertyStringComboBoxCtrl.cpp,3,0,3
/media/ullmann/HDDGabriel/research/engines/o3de/Gems/EMotionFX/Code/EMotionFX/Source/BlendTreeVector2DecomposeNode.cpp,1,0,1
/media/ullmann/HDDGabriel/research/engines/o3de/Gems/ScriptCanvas/Code/Include/ScriptCanvas/Asset/RuntimeAsset.cpp,1,0,1
/media/ullmann/HDDGabriel/research/engines/o3de/Gems/ScriptCanvas/Code/Include/ScriptCanvas/Asset/RuntimeAsset.h,0,1,1
/media/ullmann/HDDGabriel/research/engines/o3de/Code/Tools/AssetProcessor/native/utilities/JobDiagnosticTracker.cpp,1,0,1
/media/ullmann/HDDGabriel/research/engines/o3de/Code/Tools/AssetProcessor/native/utilities/JobDiagnosticTracker.h,0,1,1
/media/ullmann/HDDGabriel/research/engines/o3de/Code/Editor/Plugins/EditorCommon/DockTitleBarWidget.cpp,1,0,1
/media/ullmann/HDDGabriel/research/engines/o3de/Gems/Atom/Feature/Common/Code/Source/SkyAtmosphere/SkyAtmosphereFeatureProcessor.h,0,1,1
/media/ullmann/HDDGabriel/research/engines/o3de/Code/Framework/AzToolsFramework/AzToolsFramework/ComponentMode/ComponentModeDelegate.cpp,1,0,1
/media/ullmann/HDDGabriel/research/engines/o3de/Code/Framework/AzToolsFramework/AzToolsFramework/ComponentMode/ComponentModeDelegate.h,0,1,1
/media/ullmann/HDDGabriel/research/engines/o3de/Gems/ImGui/Code/Source/LYCommonMenu/ImGuiLYCameraMonitor.cpp,1,0,1
/media/ullmann/HDDGabriel/research/engines/o3de/Gems/ImGui/Code/Source/LYCommonMenu/ImGuiLYCameraMonitor.h,0,2,2
/media/ullmann/HDDGabriel/research/engines/o3de/Gems/LmbrCentral/Code/Source/Builders/LuaBuilder/LuaHelpers.cpp,2,0,2
/media/ullmann/HDDGabriel/research/engines/o3de/Gems/LmbrCentral/Code/Source/Builders/LuaBuilder/LuaHelpers.h,0,1,1
/media/ullmann/HDDGabriel/research/engines/o3de/Gems/Stars/Code/Source/StarsComponent.cpp,1,0,1
/media/ullmann/HDDGabriel/research/engines/o3de/Gems/MotionMatching/Code/Source/ImGuiMonitor.cpp,2,0,2
/media/ullmann/HDDGabriel/research/engines/o3de/Gems/MotionMatching/Code/Source/ImGuiMonitor.h,1,2,3
/media/ullmann/HDDGabriel/research/engines/o3de/Code/Legacy/CrySystem/DebugCallStack.h,1,2,3
/media/ullmann/HDDGabriel/research/engines/o3de/Code/Tools/AssetProcessor/native/AssetManager/assetProcessorManager.h,2,0,2
/media/ullmann/HDDGabriel/research/engines/o3de/Gems/AtomLyIntegration/EMotionFXAtom/Code/Source/ActorSystemComponent.cpp,2,0,2
/media/ullmann/HDDGabriel/research/engines/o3de/Gems/LyShine/Code/Source/UiFlipbookAnimationComponent.cpp,1,0,1
/media/ullmann/HDDGabriel/research/engines/o3de/Gems/LyShine/Code/Editor/Animation/UiAnimUndoManager.cpp,2,0,2
/media/ullmann/HDDGabriel/research/engines/o3de/Gems/LyShine/Code/Editor/Animation/UiAnimUndoObject.h,0,3,3
/media/ullmann/HDDGabriel/research/engines/o3de/Gems/WhiteBox/Code/Source/Components/WhiteBoxColliderConfiguration.cpp,1,0,1
/media/ullmann/HDDGabriel/research/engines/o3de/Gems/WhiteBox/Code/Source/Components/WhiteBoxColliderConfiguration.h,0,3,3
/media/ullmann/HDDGabriel/research/engines/o3de/Gems/EMotionFX/Code/EMotionFX/Tools/EMotionStudio/EMStudioSDK/Source/MotionSetHierarchyWidget.h,1,2,3
/media/ullmann/HDDGabriel/research/engines/o3de/Gems/WhiteBox/Code/Source/Components/EditorWhiteBoxColliderComponent.h,1,2,3
/media/ullmann/HDDGabriel/research/engines/o3de/Gems/EMotionFX/Code/MCore/Source/Color.cpp,1,0,1
/media/ullmann/HDDGabriel/research/engines/o3de/Gems/EMotionFX/Code/EMotionFX/Source/EventInfo.h,1,2,3
/media/ullmann/HDDGabriel/research/engines/o3de/Gems/GradientSignal/Code/Source/Editor/EditorSurfaceMaskGradientComponent.h,0,2,2
/media/ullmann/HDDGabriel/research/engines/o3de/Gems/WhiteBox/Code/Source/EditorWhiteBoxComponentMode.h,2,2,4
/media/ullmann/HDDGabriel/research/engines/o3de/Gems/ScriptCanvas/Code/Include/ScriptCanvas/Core/Contract.h,0,2,2
/media/ullmann/HDDGabriel/research/engines/o3de/Code/Editor/Util/ImageUtil_impl.h,0,2,2
/media/ullmann/HDDGabriel/research/engines/o3de/Gems/Compression/Code/Source/CompressionModuleInterface.h,1,0,1
/media/ullmann/HDDGabriel/research/engines/o3de/Gems/Compression/Code/Source/Clients/CompressionSystemComponent.h,0,3,3
/media/ullmann/HDDGabriel/research/engines/o3de/Gems/LyShine/Code/Source/World/UiCanvasOnMeshComponent.h,0,3,3
/media/ullmann/HDDGabriel/research/engines/o3de/Code/Framework/AzToolsFramework/Tests/ComponentModeTests.cpp,2,0,2
/media/ullmann/HDDGabriel/research/engines/o3de/Gems/AWSGameLift/Code/AWSGameLiftClient/Source/AWSGameLiftClientSystemComponent.h,1,2,3
/media/ullmann/HDDGabriel/research/engines/o3de/Gems/LandscapeCanvas/Code/Source/Editor/Nodes/Shapes/SphereShapeNode.cpp,1,0,1
/media/ullmann/HDDGabriel/research/engines/o3de/Code/Editor/TrackView/CaptureKeyUIControls.cpp,2,0,2
/media/ullmann/HDDGabriel/research/engines/o3de/Gems/PhysX/Code/Editor/ColliderRotationMode.cpp,1,0,1
/media/ullmann/HDDGabriel/research/engines/o3de/Gems/PhysX/Code/Editor/ColliderRotationMode.h,0,2,2
/media/ullmann/HDDGabriel/research/engines/o3de/Gems/PhysX/Code/Source/WindProvider.cpp,2,0,2
/media/ullmann/HDDGabriel/research/engines/o3de/Gems/GradientSignal/Code/Source/GradientSignalModule.cpp,2,0,2
/media/ullmann/HDDGabriel/research/engines/o3de/Gems/ScriptCanvas/Code/Include/ScriptCanvas/Core/Core.cpp,2,0,2
/media/ullmann/HDDGabriel/research/engines/o3de/Gems/LandscapeCanvas/Code/Source/Editor/Nodes/AreaFilters/SurfaceMaskDepthFilterNode.h,0,2,2
/media/ullmann/HDDGabriel/research/engines/o3de/Code/Framework/AzCore/AzCore/std/typetraits/has_member_function.h,0,1,1
/media/ullmann/HDDGabriel/research/engines/o3de/Gems/AudioSystem/Code/Source/Engine/AudioProxy.cpp,2,0,2
/media/ullmann/HDDGabriel/research/engines/o3de/Code/Tools/AssetProcessor/native/ui/ProductDependencyTreeModel.h,1,0,1
/media/ullmann/HDDGabriel/research/engines/o3de/Code/Framework/AzQtComponents/AzQtComponents/Gallery/AssetBrowserFolderPage.cpp,1,0,1
/media/ullmann/HDDGabriel/research/engines/o3de/Code/Editor/TrackView/TrackViewTimeline.h,0,2,2
/media/ullmann/HDDGabriel/research/engines/o3de/Gems/GraphCanvas/Code/Source/Components/SceneComponent.h,0,2,2
/media/ullmann/HDDGabriel/research/engines/o3de/Gems/Vegetation/Code/Source/Debugger/EditorDebugComponent.cpp,1,0,1
/media/ullmann/HDDGabriel/research/engines/o3de/Gems/Vegetation/Code/Source/Debugger/EditorDebugComponent.h,1,2,3
/media/ullmann/HDDGabriel/research/engines/o3de/Gems/AtomTressFX/External/Code/src/Simulation.cpp,3,0,3
/media/ullmann/HDDGabriel/research/engines/o3de/Code/Editor/Plugins/EditorAssetImporter/Main.cpp,1,0,1
/media/ullmann/HDDGabriel/research/engines/o3de/Gems/LmbrCentral/Code/Source/Shape/SplineComponent.cpp,1,0,1
/media/ullmann/HDDGabriel/research/engines/o3de/Code/Tools/AssetProcessor/native/unittests/FileWatcherUnitTests.cpp,1,0,1
/media/ullmann/HDDGabriel/research/engines/o3de/Code/Tools/AssetProcessor/native/unittests/FileWatcherUnitTests.h,1,1,2
/media/ullmann/HDDGabriel/research/engines/o3de/Code/Editor/WaitProgress.h,0,4,4
/media/ullmann/HDDGabriel/research/engines/o3de/Code/Framework/AzToolsFramework/AzToolsFramework/ViewportUi/ViewportUiWidgetCallbacks.cpp,1,0,1
/media/ullmann/HDDGabriel/research/engines/o3de/Code/Framework/AzToolsFramework/AzToolsFramework/ViewportUi/ViewportUiWidgetCallbacks.h,0,1,1
/media/ullmann/HDDGabriel/research/engines/o3de/Gems/ScriptCanvas/Code/Include/ScriptCanvas/Libraries/Operators/Math/OperatorArithmetic.cpp,1,0,1
/media/ullmann/HDDGabriel/research/engines/o3de/Gems/EMotionFX/Code/MCore/Source/CompressedQuaternion.h,3,1,4
/media/ullmann/HDDGabriel/research/engines/o3de/Gems/VideoPlaybackFramework/Code/Source/VideoPlaybackFrameworkSystemComponent.cpp,1,0,1
/media/ullmann/HDDGabriel/research/engines/o3de/Gems/VideoPlaybackFramework/Code/Source/VideoPlaybackFrameworkSystemComponent.h,0,2,2
/media/ullmann/HDDGabriel/research/engines/o3de/Gems/Atom/RPI/Code/External/MaskedOcclusionCulling/MaskedOcclusionCulling.cpp,2,0,2
/media/ullmann/HDDGabriel/research/engines/o3de/Gems/Atom/Feature/Common/Code/Source/PostProcessing/DepthOfFieldCompositePass.h,0,1,1
/media/ullmann/HDDGabriel/research/engines/o3de/Gems/Twitch/Code/Source/TwitchREST.cpp,1,0,1
/media/ullmann/HDDGabriel/research/engines/o3de/Gems/Twitch/Code/Source/TwitchREST.h,1,1,2
/media/ullmann/HDDGabriel/research/engines/o3de/Gems/AWSGameLift/Code/AWSGameLiftServer/Tests/AWSGameLiftServerMocks.h,0,2,2
/media/ullmann/HDDGabriel/research/engines/o3de/Gems/EditorPythonBindings/Code/Source/EditorPythonBindingsModule.cpp,4,0,4
/media/ullmann/HDDGabriel/research/engines/o3de/Code/Framework/AzToolsFramework/AzToolsFramework/UI/PropertyEditor/PropertyAssetCtrl.cpp,2,0,2
/media/ullmann/HDDGabriel/research/engines/o3de/Code/Tools/TestImpactFramework/Runtime/Common/Code/Include/Static/TestImpactRuntimeUtils.cpp,2,0,2
/media/ullmann/HDDGabriel/research/engines/o3de/Gems/BarrierInput/Code/Source/BarrierInputKeyboard.h,0,2,2
/media/ullmann/HDDGabriel/research/engines/o3de/Code/Editor/Util/ImageTIF.cpp,1,0,1
/media/ullmann/HDDGabriel/research/engines/o3de/Code/Editor/Util/ImageTIF.h,0,1,1
/media/ullmann/HDDGabriel/research/engines/o3de/Gems/LmbrCentral/Code/Source/Audio/AudioListenerComponent.cpp,1,0,1
/media/ullmann/HDDGabriel/research/engines/o3de/Gems/LmbrCentral/Code/Source/Audio/AudioListenerComponent.h,0,3,3
/media/ullmann/HDDGabriel/research/engines/o3de/Gems/EditorPythonBindings/Code/Tests/PythonContainerAnyTests.cpp,2,0,2
/media/ullmann/HDDGabriel/research/engines/o3de/Gems/SceneProcessing/Code/Source/Generation/Components/MeshOptimizer/MeshBuilderSkinningInfo.h,1,4,5
/media/ullmann/HDDGabriel/research/engines/o3de/Gems/PhysX/Code/Source/ForceRegionForces.cpp,1,0,1
/media/ullmann/HDDGabriel/research/engines/o3de/Gems/PhysX/Code/Source/ForceRegionForces.h,0,2,2
/media/ullmann/HDDGabriel/research/engines/o3de/Gems/LyShine/Code/Editor/FileHelpers.cpp,1,0,1
/media/ullmann/HDDGabriel/research/engines/o3de/Code/Tools/AssetProcessor/native/ui/ProductAssetTreeModel.cpp,2,0,2
/media/ullmann/HDDGabriel/research/engines/o3de/Gems/WhiteBox/Code/Source/Asset/EditorWhiteBoxMeshAsset.cpp,1,0,1
/media/ullmann/HDDGabriel/research/engines/o3de/Gems/ScriptCanvas/Code/Include/ScriptCanvas/Core/Node.h,0,5,5
/media/ullmann/HDDGabriel/research/engines/o3de/Gems/Maestro/Code/Source/Cinematics/BoolTrack.cpp,1,0,1
/media/ullmann/HDDGabriel/research/engines/o3de/Code/Framework/AzFramework/AzFramework/Components/ConsoleBus.cpp,1,0,1
/media/ullmann/HDDGabriel/research/engines/o3de/Code/Framework/AzFramework/AzFramework/Components/ConsoleBus.h,0,1,1
/media/ullmann/HDDGabriel/research/engines/o3de/Gems/EMotionFX/Code/EMotionFX/Source/DualQuatSkinDeformer.h,3,1,4
/media/ullmann/HDDGabriel/research/engines/o3de/Code/Editor/TrackViewExportKeyTimeDlg.cpp,2,0,2
/media/ullmann/HDDGabriel/research/engines/o3de/Code/Editor/TrackViewExportKeyTimeDlg.h,0,1,1
/media/ullmann/HDDGabriel/research/engines/o3de/Gems/LyShine/Code/Editor/AssetTreeEntry.h,0,3,3
/media/ullmann/HDDGabriel/research/engines/o3de/Gems/AudioSystem/Code/Source/Editor/AudioControlsWriter.cpp,3,0,3
/media/ullmann/HDDGabriel/research/engines/o3de/Gems/LyShine/Code/Editor/PropertiesWrapper.cpp,2,0,2
/media/ullmann/HDDGabriel/research/engines/o3de/Code/Editor/Util/Platform/Mac/FileUtil_Mac.cpp,1,0,1
/media/ullmann/HDDGabriel/research/engines/o3de/Code/Framework/AzFramework/Tests/Platform/Common/Xcb/XcbTestApplication.h,0,2,2
/media/ullmann/HDDGabriel/research/engines/o3de/Gems/RemoteTools/Code/Source/RemoteToolsModule.cpp,2,0,2
/media/ullmann/HDDGabriel/research/engines/o3de/Gems/EMotionFX/Code/EMotionFX/Source/KeyTrackLinearDynamic.inl,0,1,1
/media/ullmann/HDDGabriel/research/engines/o3de/Gems/LmbrCentral/Code/Source/Shape/DiskShapeComponent.cpp,1,0,1
/media/ullmann/HDDGabriel/research/engines/o3de/Gems/ScriptCanvas/Code/Editor/Translation/TranslationHelper.cpp,1,0,1
/media/ullmann/HDDGabriel/research/engines/o3de/Gems/ScriptCanvas/Code/Editor/Translation/TranslationHelper.h,0,1,1
/media/ullmann/HDDGabriel/research/engines/o3de/Gems/LmbrCentral/Code/Source/Ai/NavigationComponent.h,0,2,2
/media/ullmann/HDDGabriel/research/engines/o3de/Code/Tools/ProjectManager/tests/ApplicationTests.cpp,1,0,1
/media/ullmann/HDDGabriel/research/engines/o3de/Code/Tools/ProjectManager/tests/MockPythonBindings.h,0,1,1
/media/ullmann/HDDGabriel/research/engines/o3de/Code/Tools/LuaIDE/Source/LUA/LUAEditorSyntaxHighlighter.hxx,0,2,2
/media/ullmann/HDDGabriel/research/engines/o3de/Gems/Terrain/Code/Tests/TerrainMacroMaterialTests.cpp,1,0,1
/media/ullmann/HDDGabriel/research/engines/o3de/Gems/LyShineExamples/Code/Source/LyShineExamplesCppExample.cpp,1,0,1
/media/ullmann/HDDGabriel/research/engines/o3de/Gems/AtomTressFX/External/Code/src/TressFX/TressFXSDFInputMeshInterface.h,0,2,2
/media/ullmann/HDDGabriel/research/engines/o3de/Gems/AtomLyIntegration/CommonFeatures/Code/Source/Grid/EditorGridComponent.h,0,1,1
/media/ullmann/HDDGabriel/research/engines/o3de/Gems/AudioEngineWwise/Code/Source/Editor/AudioSystemEditor_wwise.h,1,2,3
/media/ullmann/HDDGabriel/research/engines/o3de/Gems/AWSCore/Code/Platform/Mac/AWSCoreEditor_Traits_Platform.h,1,0,1
/media/ullmann/HDDGabriel/research/engines/o3de/Gems/AWSCore/Code/Platform/Mac/AWSCoreEditor_Traits_Mac.h,0,1,1
/media/ullmann/HDDGabriel/research/engines/o3de/Gems/LmbrCentral/Code/Source/Shape/EditorReferenceShapeComponent.h,0,2,2
/media/ullmann/HDDGabriel/research/engines/o3de/Code/Tools/TestImpactFramework/Frontend/Console/Common/Code/Include/Static/TestImpactCommandLineOptionsUtils.h,2,0,2
/media/ullmann/HDDGabriel/research/engines/o3de/Gems/ScriptCanvas/Code/Editor/View/Widgets/PropertyGridBus.h,0,1,1
/media/ullmann/HDDGabriel/research/engines/o3de/Code/Tools/CrashHandler/Tools/ToolsCrashHandler.cpp,1,0,1
/media/ullmann/HDDGabriel/research/engines/o3de/Code/Tools/CrashHandler/Tools/ToolsCrashHandler.h,0,3,3
/media/ullmann/HDDGabriel/research/engines/o3de/Code/Editor/EditorEnvironment.h,0,1,1
/media/ullmann/HDDGabriel/research/engines/o3de/Code/Legacy/CrySystem/SystemEventDispatcher.cpp,2,0,2
/media/ullmann/HDDGabriel/research/engines/o3de/Gems/Atom/RHI/Code/Tests/BufferTests.cpp,1,0,1
/media/ullmann/HDDGabriel/research/engines/o3de/Gems/Atom/Asset/ImageProcessingAtom/Code/Source/ImageLoader/ImageLoaders.h,0,2,2
/media/ullmann/HDDGabriel/research/engines/o3de/Gems/LmbrCentral/Code/Source/Scripting/EditorRandomTimedSpawnerComponent.h,1,2,3
/media/ullmann/HDDGabriel/research/engines/o3de/Gems/LyShine/Code/Editor/CoordinateSystemToolbarSection.cpp,2,0,2
/media/ullmann/HDDGabriel/research/engines/o3de/Gems/Twitch/Code/Source/Platform/Windows/Twitch_Traits_Platform.h,1,0,1
/media/ullmann/HDDGabriel/research/engines/o3de/Gems/Twitch/Code/Source/Platform/Windows/Twitch_Traits_Windows.h,0,1,1
/media/ullmann/HDDGabriel/research/engines/o3de/Gems/EMotionFX/Code/MysticQt/Source/DialogStack.h,1,1,2
/media/ullmann/HDDGabriel/research/engines/o3de/Code/Legacy/CryCommon/WinBase.cpp,2,0,2
/media/ullmann/HDDGabriel/research/engines/o3de/Code/Tools/CrashHandler/Platform/Windows/CrashHandler_Traits_Platform.h,1,0,1
/media/ullmann/HDDGabriel/research/engines/o3de/Code/Tools/CrashHandler/Platform/Windows/CrashHandler_Traits_Windows.h,0,1,1
/media/ullmann/HDDGabriel/research/engines/o3de/Gems/ScriptCanvas/Code/Include/ScriptCanvas/Core/Contracts/MethodOverloadContract.cpp,1,0,1
/media/ullmann/HDDGabriel/research/engines/o3de/Gems/RemoteTools/Code/Source/RemoteToolsSystemComponent.cpp,1,0,1
/media/ullmann/HDDGabriel/research/engines/o3de/Gems/SliceFavorites/Code/Source/SliceFavoritesTreeView.cpp,2,0,2
/media/ullmann/HDDGabriel/research/engines/o3de/Gems/SliceFavorites/Code/Source/SliceFavoritesTreeView.h,0,1,1
/media/ullmann/HDDGabriel/research/engines/o3de/Gems/DiffuseProbeGrid/Code/Source/Platform/Windows/DiffuseProbeGrid_Traits_Platform.h,1,0,1
/media/ullmann/HDDGabriel/research/engines/o3de/Gems/DiffuseProbeGrid/Code/Source/Platform/Windows/DiffuseProbeGrid_Traits_Windows.h,0,1,1
/media/ullmann/HDDGabriel/research/engines/o3de/Gems/Atom/RHI/Vulkan/Code/Include/Platform/Windows/Atom_RHI_Vulkan_Platform.h,1,0,1
/media/ullmann/HDDGabriel/research/engines/o3de/Gems/Atom/RHI/Vulkan/Code/Include/Platform/Windows/Atom_RHI_Vulkan_Windows.h,0,1,1
/media/ullmann/HDDGabriel/research/engines/o3de/Gems/LyShine/Code/Source/UiInteractableComponent.cpp,1,0,1
/media/ullmann/HDDGabriel/research/engines/o3de/Code/Framework/AzQtComponents/AzQtComponents/Gallery/SliderPage.cpp,1,0,1
/media/ullmann/HDDGabriel/research/engines/o3de/Gems/EMotionFX/Code/MCore/Source/CompressedVector.inl,0,1,1
/media/ullmann/HDDGabriel/research/engines/o3de/Gems/LyShine/Code/Source/UiDropTargetComponent.cpp,1,0,1
/media/ullmann/HDDGabriel/research/engines/o3de/Gems/EMotionFX/Code/EMotionFX/Pipeline/EMotionFXBuilder/EMotionFXBuilderComponent.h,2,0,2
/media/ullmann/HDDGabriel/research/engines/o3de/Gems/EMotionFX/Code/EMotionFX/Pipeline/EMotionFXBuilder/MotionSetBuilderWorker.h,0,2,2
/media/ullmann/HDDGabriel/research/engines/o3de/Gems/Atom/Feature/Common/Code/Source/PostProcessing/LookModificationCompositePass.h,0,1,1
/media/ullmann/HDDGabriel/research/engines/o3de/Gems/GradientSignal/Code/Source/Editor/EditorGradientTransformComponent.cpp,1,0,1
/media/ullmann/HDDGabriel/research/engines/o3de/Gems/GradientSignal/Code/Source/Editor/EditorGradientTransformComponent.h,0,2,2
/media/ullmann/HDDGabriel/research/engines/o3de/Gems/ScriptEvents/Code/Include/ScriptEvents/ScriptEventsAsset.cpp,3,0,3
/media/ullmann/HDDGabriel/research/engines/o3de/Gems/AWSCore/Code/Platform/iOS/AWSCoreEditor_Traits_Platform.h,1,0,1
/media/ullmann/HDDGabriel/research/engines/o3de/Gems/AWSCore/Code/Platform/iOS/AWSCoreEditor_Traits_iOS.h,0,1,1
/media/ullmann/HDDGabriel/research/engines/o3de/Gems/ScriptCanvas/Code/Include/ScriptCanvas/Execution/Interpreted/ExecutionInterpretedDebugAPI.cpp,1,0,1
/media/ullmann/HDDGabriel/research/engines/o3de/Gems/Gestures/Code/Source/InputChannelGesture.cpp,1,0,1
/media/ullmann/HDDGabriel/research/engines/o3de/Gems/AtomTressFX/External/Code/src/TressFXSample.cpp,5,0,5
/media/ullmann/HDDGabriel/research/engines/o3de/Gems/AtomTressFX/External/Code/src/Simulation.h,1,2,3
/media/ullmann/HDDGabriel/research/engines/o3de/Gems/LyShine/Code/Source/UiDynamicLayoutComponent.cpp,2,0,2
/media/ullmann/HDDGabriel/research/engines/o3de/Gems/LyShine/Code/Editor/MainToolbar.cpp,1,0,1
/media/ullmann/HDDGabriel/research/engines/o3de/Gems/SliceFavorites/Code/Source/SliceFavoritesModule.cpp,1,0,1
/media/ullmann/HDDGabriel/research/engines/o3de/Gems/SliceFavorites/Code/Source/SliceFavoritesSystemComponent.h,1,2,3
/media/ullmann/HDDGabriel/research/engines/o3de/Gems/MotionMatching/Code/Source/EventData.h,0,4,4
/media/ullmann/HDDGabriel/research/engines/o3de/Code/Framework/AzCore/Tests/AZStd/VectorAndArray.cpp,1,0,1
/media/ullmann/HDDGabriel/research/engines/o3de/Gems/LmbrCentral/Code/Source/Unhandled/Other/EntityPrototypeLibraryAssetTypeInfo.h,0,2,2
/media/ullmann/HDDGabriel/research/engines/o3de/Gems/RecastNavigation/Code/Source/EditorComponents/EditorRecastNavigationPhysXProviderComponent.cpp,1,0,1
/media/ullmann/HDDGabriel/research/engines/o3de/Gems/LyShine/Code/Editor/Animation/UiAnimViewNewSequenceDialog.cpp,1,0,1
/media/ullmann/HDDGabriel/research/engines/o3de/Gems/LmbrCentral/Code/Source/Shape/ReferenceShapeComponent.cpp,1,0,1
/media/ullmann/HDDGabriel/research/engines/o3de/Gems/LmbrCentral/Code/Source/Shape/ReferenceShapeComponent.h,0,2,2
/media/ullmann/HDDGabriel/research/engines/o3de/Gems/EMotionFX/Code/EMotionFX/Source/ActorUpdateScheduler.h,2,3,5
/media/ullmann/HDDGabriel/research/engines/o3de/Gems/ScriptCanvas/Code/Editor/Framework/ScriptCanvasReporter.h,1,0,1
/media/ullmann/HDDGabriel/research/engines/o3de/Gems/ScriptCanvas/Code/Editor/Framework/ScriptCanvasReporter.inl,0,1,1
/media/ullmann/HDDGabriel/research/engines/o3de/Code/Editor/Util/EditorAutoLevelLoadTest.cpp,1,0,1
/media/ullmann/HDDGabriel/research/engines/o3de/Gems/Atom/RHI/Vulkan/Code/Source/Platform/Android/Vulkan_Traits_Platform.h,1,0,1
/media/ullmann/HDDGabriel/research/engines/o3de/Gems/Atom/RHI/Vulkan/Code/Source/Platform/Android/Vulkan_Traits_Android.h,0,1,1
/media/ullmann/HDDGabriel/research/engines/o3de/Gems/EMotionFX/Code/EMotionFX/Source/MotionEventTable.cpp,5,0,5
/media/ullmann/HDDGabriel/research/engines/o3de/Code/Editor/TrackView/EventKeyUIControls.cpp,2,0,2
/media/ullmann/HDDGabriel/research/engines/o3de/Gems/EMotionFX/Code/EMotionFX/Exporters/ExporterLib/Exporter/NodeExport.cpp,1,0,1
/media/ullmann/HDDGabriel/research/engines/o3de/Gems/ScriptCanvasTesting/Code/Source/Framework/EntityRefTests.h,0,2,2
/media/ullmann/HDDGabriel/research/engines/o3de/Code/Framework/AzToolsFramework/AzToolsFramework/UI/PropertyEditor/PropertyEntityIdCtrl.hxx,1,1,2
/media/ullmann/HDDGabriel/research/engines/o3de/Code/Framework/AzCore/Tests/AZStd/Algorithms.cpp,1,0,1
/media/ullmann/HDDGabriel/research/engines/o3de/Gems/ScriptCanvas/Code/Include/ScriptCanvas/Libraries/Math/Vector4.cpp,1,0,1
/media/ullmann/HDDGabriel/research/engines/o3de/Gems/ScriptCanvas/Code/Include/ScriptCanvas/Libraries/Math/Vector4.h,0,1,1
/media/ullmann/HDDGabriel/research/engines/o3de/Gems/GradientSignal/Code/Source/Editor/EditorMixedGradientComponent.cpp,1,0,1
/media/ullmann/HDDGabriel/research/engines/o3de/Code/Framework/AzToolsFramework/AzToolsFramework/Manipulators/PlanarManipulator.cpp,1,0,1
/media/ullmann/HDDGabriel/research/engines/o3de/Gems/Atom/RHI/Vulkan/Code/Source/Platform/iOS/Vulkan_Traits_Platform.h,1,0,1
/media/ullmann/HDDGabriel/research/engines/o3de/Gems/Atom/RHI/Vulkan/Code/Source/Platform/iOS/Vulkan_Traits_iOS.h,0,1,1
/media/ullmann/HDDGabriel/research/engines/o3de/Gems/ScriptCanvas/Code/Include/ScriptCanvas/Libraries/Core/FunctionCallNode.h,0,2,2
/media/ullmann/HDDGabriel/research/engines/o3de/Gems/PhysX/Code/Source/Platform/Linux/PhysX_Traits_Platform.h,1,0,1
/media/ullmann/HDDGabriel/research/engines/o3de/Gems/PhysX/Code/Source/Platform/Linux/PhysX_Traits_Linux.h,0,1,1
/media/ullmann/HDDGabriel/research/engines/o3de/Code/Framework/AzCore/AzCore/Module/Internal/ModuleManagerSearchPathTool.cpp,1,0,1
/media/ullmann/HDDGabriel/research/engines/o3de/Code/Framework/AzCore/AzCore/Module/Internal/ModuleManagerSearchPathTool.h,0,1,1
/media/ullmann/HDDGabriel/research/engines/o3de/Code/Framework/AzToolsFramework/AzToolsFramework/ToolsComponents/EditorVisibilityComponent.h,2,1,3
/media/ullmann/HDDGabriel/research/engines/o3de/Code/Framework/AzToolsFramework/AzToolsFramework/ToolsComponents/EditorVisibilityBus.h,0,1,1
/media/ullmann/HDDGabriel/research/engines/o3de/Gems/LyShine/Code/Editor/PropertyHandlerUiParticleColorKeyframe.cpp,2,0,2
/media/ullmann/HDDGabriel/research/engines/o3de/Gems/ScriptCanvas/Code/Include/ScriptCanvas/Libraries/Deprecated/String/StringMethods.cpp,1,0,1
/media/ullmann/HDDGabriel/research/engines/o3de/Gems/ScriptCanvas/Code/Include/ScriptCanvas/Libraries/Deprecated/String/StringMethods.h,0,1,1
/media/ullmann/HDDGabriel/research/engines/o3de/Gems/LmbrCentral/Code/Source/Unhandled/Other/EntityPrototypeLibraryAssetTypeInfo.cpp,1,0,1
/media/ullmann/HDDGabriel/research/engines/o3de/Gems/ScriptCanvas/Code/Editor/Settings.cpp,1,0,1
/media/ullmann/HDDGabriel/research/engines/o3de/Gems/ScriptCanvas/Code/Editor/Settings.h,0,1,1
/media/ullmann/HDDGabriel/research/engines/o3de/Code/Framework/AzToolsFramework/AzToolsFramework/ViewportSelection/EditorPickEntitySelection.cpp,1,0,1
/media/ullmann/HDDGabriel/research/engines/o3de/Code/Framework/AzToolsFramework/AzToolsFramework/ViewportSelection/EditorPickEntitySelection.h,0,1,1
/media/ullmann/HDDGabriel/research/engines/o3de/Code/Editor/LevelIndependentFileMan.cpp,2,0,2
/media/ullmann/HDDGabriel/research/engines/o3de/Code/Framework/AzCore/AzCore/Slice/SliceSystemComponent.cpp,2,0,2
/media/ullmann/HDDGabriel/research/engines/o3de/Code/Framework/AzCore/AzCore/Slice/SliceSystemComponent.h,1,1,2
/media/ullmann/HDDGabriel/research/engines/o3de/Gems/Atom/Asset/ImageProcessingAtom/Code/Source/Compressors/CryTextureSquisher/CryTextureSquisher.cpp,4,0,4
/media/ullmann/HDDGabriel/research/engines/o3de/Gems/Atom/Asset/ImageProcessingAtom/Code/Source/Compressors/CryTextureSquisher/CryTextureSquisher.h,0,1,1
/media/ullmann/HDDGabriel/research/engines/o3de/Code/Editor/Objects/ObjectManagerLegacyUndo.h,0,2,2
/media/ullmann/HDDGabriel/research/engines/o3de/Gems/AtomLyIntegration/CommonFeatures/Code/Source/PostProcess/Bloom/BloomComponent.h,0,1,1
/media/ullmann/HDDGabriel/research/engines/o3de/Gems/ScriptCanvas/Code/Include/ScriptCanvas/Libraries/Deprecated/Operators/Containers/Operator.h,0,8,8
/media/ullmann/HDDGabriel/research/engines/o3de/Code/Tools/ProjectManager/Source/ScreensCtrl.cpp,4,0,4
/media/ullmann/HDDGabriel/research/engines/o3de/Code/Legacy/CrySystem/XML/XmlUtils.cpp,6,0,6
/media/ullmann/HDDGabriel/research/engines/o3de/Code/Legacy/CrySystem/SimpleStringPool.h,0,2,2
/media/ullmann/HDDGabriel/research/engines/o3de/Gems/ScriptCanvas/Code/Editor/View/Widgets/LogPanel.cpp,1,0,1
/media/ullmann/HDDGabriel/research/engines/o3de/Gems/ScriptCanvas/Code/Editor/View/Widgets/LogPanel.h,0,1,1
/media/ullmann/HDDGabriel/research/engines/o3de/Gems/Maestro/Code/Source/Cinematics/AnimPostFXNode.cpp,4,0,4
/media/ullmann/HDDGabriel/research/engines/o3de/Code/Editor/Objects/Gizmo.cpp,1,0,1
/media/ullmann/HDDGabriel/research/engines/o3de/Gems/Multiplayer/Code/Source/Debug/MultiplayerDebugSystemComponent.h,3,0,3
/media/ullmann/HDDGabriel/research/engines/o3de/Gems/LmbrCentral/Code/Source/Ai/EditorNavigationUtil.cpp,1,0,1
/media/ullmann/HDDGabriel/research/engines/o3de/Code/Framework/AzToolsFramework/AzToolsFramework/ToolsComponents/EditorComponentBase.cpp,3,0,3
/media/ullmann/HDDGabriel/research/engines/o3de/Gems/EMotionFX/Code/MCore/Source/AttributeBool.cpp,3,0,3
/media/ullmann/HDDGabriel/research/engines/o3de/Gems/WhiteBox/Code/Source/EditorWhiteBoxComponent.h,3,2,5
/media/ullmann/HDDGabriel/research/engines/o3de/Code/Framework/AzToolsFramework/AzToolsFramework/Entity/EditorEntityContextComponent.h,1,0,1
/media/ullmann/HDDGabriel/research/engines/o3de/Code/Framework/AzToolsFramework/AzToolsFramework/Entity/EditorEntityContextBus.h,0,1,1
/media/ullmann/HDDGabriel/research/engines/o3de/Code/Framework/AzQtComponents/AzQtComponents/Gallery/ToggleSwitchPage.h,0,2,2
/media/ullmann/HDDGabriel/research/engines/o3de/Gems/ScriptCanvas/Code/Editor/GraphCanvas/Components/NodeDescriptors/FunctionNodeDescriptorComponent.cpp,1,0,1
/media/ullmann/HDDGabriel/research/engines/o3de/Gems/ScriptCanvas/Code/Editor/GraphCanvas/Components/NodeDescriptors/FunctionNodeDescriptorComponent.h,0,1,1
/media/ullmann/HDDGabriel/research/engines/o3de/Gems/ScriptCanvas/Code/Include/ScriptCanvas/Libraries/Deprecated/Operators/Containers/OperatorPushBack.h,1,1,2
/media/ullmann/HDDGabriel/research/engines/o3de/Gems/Atom/RPI/Code/External/MaskedOcclusionCulling/MaskedOcclusionCullingAVX2.cpp,2,0,2
/media/ullmann/HDDGabriel/research/engines/o3de/Gems/PythonAssetBuilder/Code/Tests/PythonBuilderProcessJobTest.cpp,1,0,1
/media/ullmann/HDDGabriel/research/engines/o3de/Gems/PythonAssetBuilder/Code/Tests/PythonBuilderTestShared.h,0,2,2
/media/ullmann/HDDGabriel/research/engines/o3de/Gems/StartingPointCamera/Code/Source/CameraLookAtBehaviors/SlideAlongAxisBasedOnAngle.h,0,2,2
/media/ullmann/HDDGabriel/research/engines/o3de/Code/Tools/AssetProcessor/native/tests/SourceFileRelocatorTests.cpp,1,0,1
/media/ullmann/HDDGabriel/research/engines/o3de/Code/Tools/AssetProcessor/native/tests/AssetProcessorTest.h,0,2,2
/media/ullmann/HDDGabriel/research/engines/o3de/Gems/EMotionFX/Code/MCore/Source/LogManager.cpp,1,0,1
/media/ullmann/HDDGabriel/research/engines/o3de/Gems/LmbrCentral/Code/Tests/EditorCompoundShapeComponentTests.cpp,1,0,1
/media/ullmann/HDDGabriel/research/engines/o3de/Code/Framework/AzToolsFramework/AzToolsFramework/Manipulators/ManipulatorManager.h,0,1,1
/media/ullmann/HDDGabriel/research/engines/o3de/Code/Legacy/CryCommon/IWindowMessageHandler.h,1,0,1
/media/ullmann/HDDGabriel/research/engines/o3de/Code/Editor/TrackView/TrackViewSequence.cpp,3,0,3
/media/ullmann/HDDGabriel/research/engines/o3de/Gems/LandscapeCanvas/Code/Source/Editor/Nodes/GradientModifiers/PosterizeGradientModifierNode.cpp,1,0,1
/media/ullmann/HDDGabriel/research/engines/o3de/Gems/LandscapeCanvas/Code/Source/Editor/Nodes/GradientModifiers/PosterizeGradientModifierNode.h,0,2,2
/media/ullmann/HDDGabriel/research/engines/o3de/Gems/ScriptCanvasTesting/Code/Source/ScriptCanvasTestBus.cpp,1,0,1
/media/ullmann/HDDGabriel/research/engines/o3de/Gems/EMotionFX/Code/EMotionFX/Tools/EMotionStudio/EMStudioSDK/Source/EMStudioManager.cpp,3,0,3
/media/ullmann/HDDGabriel/research/engines/o3de/Gems/GraphCanvas/Code/Source/Translation/TranslationDatabase.h,0,1,1
/media/ullmann/HDDGabriel/research/engines/o3de/Code/Framework/AzToolsFramework/AzToolsFramework/UI/ComponentPalette/ComponentPaletteModel.cpp,1,0,1
/media/ullmann/HDDGabriel/research/engines/o3de/Gems/LandscapeCanvas/Code/Source/Editor/Nodes/AreaFilters/AltitudeFilterNode.cpp,1,0,1
/media/ullmann/HDDGabriel/research/engines/o3de/Gems/ScriptCanvas/Code/Include/ScriptCanvas/Libraries/Core/ScriptEventBase.h,0,3,3
/media/ullmann/HDDGabriel/research/engines/o3de/Gems/LyShine/Code/Editor/PropertyHandlerLayoutPadding.h,1,2,3
/media/ullmann/HDDGabriel/research/engines/o3de/Gems/Vegetation/Code/Include/Vegetation/Editor/EditorAreaComponentBase.h,1,0,1
/media/ullmann/HDDGabriel/research/engines/o3de/Gems/Vegetation/Code/Include/Vegetation/Editor/EditorAreaComponentBase.inl,0,1,1
/media/ullmann/HDDGabriel/research/engines/o3de/Gems/EMotionFX/Code/EMotionFX/Tools/EMotionStudio/Plugins/StandardPlugins/Source/AnimGraph/StateFilterSelectionWindow.cpp,3,0,3
/media/ullmann/HDDGabriel/research/engines/o3de/Gems/SaveData/Code/Tests/SaveDataTest.cpp,1,0,1
/media/ullmann/HDDGabriel/research/engines/o3de/Gems/SaveData/Code/Tests/SaveDataTest.h,0,1,1
/media/ullmann/HDDGabriel/research/engines/o3de/Code/Editor/Util/PredefinedAspectRatios.cpp,1,0,1
/media/ullmann/HDDGabriel/research/engines/o3de/Code/Editor/Util/PredefinedAspectRatios.h,0,2,2
/media/ullmann/HDDGabriel/research/engines/o3de/Gems/ScriptCanvas/Code/Include/ScriptCanvas/Libraries/Entity/EntityFunctions.cpp,1,0,1
/media/ullmann/HDDGabriel/research/engines/o3de/Gems/ScriptCanvas/Code/Include/ScriptCanvas/Libraries/Entity/EntityFunctions.h,0,1,1
/media/ullmann/HDDGabriel/research/engines/o3de/Gems/Vegetation/Code/Tests/VegetationComponentModifierTests.cpp,2,0,2
/media/ullmann/HDDGabriel/research/engines/o3de/Code/Tools/SerializeContextTools/Converter.h,0,3,3
/media/ullmann/HDDGabriel/research/engines/o3de/Gems/SceneProcessing/Code/Source/Generation/Components/MeshOptimizer/MeshBuilder.cpp,3,0,3
/media/ullmann/HDDGabriel/research/engines/o3de/Gems/EMotionFX/Code/MCore/Source/Stream.h,1,2,3
/media/ullmann/HDDGabriel/research/engines/o3de/Gems/SceneProcessing/Code/Source/Generation/Components/TangentGenerator/TangentPreExportComponent.h,0,1,1
/media/ullmann/HDDGabriel/research/engines/o3de/Code/Editor/Util/UndoUtil.cpp,1,0,1
/media/ullmann/HDDGabriel/research/engines/o3de/Code/Editor/Util/UndoUtil.h,0,2,2
/media/ullmann/HDDGabriel/research/engines/o3de/Gems/ScriptCanvas/Code/Include/ScriptCanvas/Libraries/Logic/TargetedSequencer.cpp,1,0,1
/media/ullmann/HDDGabriel/research/engines/o3de/Gems/ScriptCanvas/Code/Include/ScriptCanvas/Libraries/Logic/TargetedSequencer.h,0,1,1
/media/ullmann/HDDGabriel/research/engines/o3de/Gems/LmbrCentral/Code/Source/Unhandled/Hidden/TextureMipmapAssetTypeInfo.cpp,1,0,1
/media/ullmann/HDDGabriel/research/engines/o3de/Gems/LmbrCentral/Code/Source/Unhandled/Hidden/TextureMipmapAssetTypeInfo.h,0,2,2
/media/ullmann/HDDGabriel/research/engines/o3de/Gems/StartingPointCamera/Code/Source/CameraTransformBehaviors/FollowTargetFromDistance.h,0,2,2
/media/ullmann/HDDGabriel/research/engines/o3de/Gems/Atom/RPI/Code/Source/RPI.Builders/Model/ModelExporterComponent.h,0,1,1
/media/ullmann/HDDGabriel/research/engines/o3de/Gems/LyShine/Code/Editor/SpriteBorderEditor.h,0,1,1
/media/ullmann/HDDGabriel/research/engines/o3de/Gems/LyShine/Code/Editor/AlignToolbarSection.cpp,3,0,3
/media/ullmann/HDDGabriel/research/engines/o3de/Code/Framework/AzQtComponents/AzQtComponents/Gallery/DragAndDropPage.h,0,2,2
/media/ullmann/HDDGabriel/research/engines/o3de/Code/Framework/AzQtComponents/AzQtComponents/Gallery/SegmentControlPage.cpp,1,0,1
/media/ullmann/HDDGabriel/research/engines/o3de/Code/Tools/ProjectManager/Source/ProjectBuilderWorker.cpp,4,0,4
/media/ullmann/HDDGabriel/research/engines/o3de/Gems/ScriptCanvas/Code/Include/ScriptCanvas/Libraries/Libraries.cpp,1,0,1
/media/ullmann/HDDGabriel/research/engines/o3de/Gems/ScriptCanvas/Code/Include/ScriptCanvas/Libraries/Libraries.h,0,1,1
/media/ullmann/HDDGabriel/research/engines/o3de/Gems/Atom/Feature/Common/Code/Source/PostProcessing/BlendColorGradingLutsPass.h,0,1,1
/media/ullmann/HDDGabriel/research/engines/o3de/Code/Tools/TestImpactFramework/Runtime/Native/Code/Source/TestEngine/Native/TestImpactNativeTestEngine.h,0,1,1
/media/ullmann/HDDGabriel/research/engines/o3de/AutomatedTesting/Gem/PythonCoverage/Code/Source/PythonCoverageEditorSystemComponent.cpp,1,0,1
/media/ullmann/HDDGabriel/research/engines/o3de/Gems/AtomLyIntegration/EditorModeFeedback/Code/Source/EditorModeFeedbackModule.cpp,2,0,2
/media/ullmann/HDDGabriel/research/engines/o3de/Code/Tools/AssetProcessor/native/unittests/MockApplicationManager.cpp,1,0,1
/media/ullmann/HDDGabriel/research/engines/o3de/Code/Editor/Plugins/EditorCommon/EditorCommon.h,0,1,1
/media/ullmann/HDDGabriel/research/engines/o3de/Code/Framework/AzToolsFramework/AzToolsFramework/UI/UICore/QWidgetSavedState.cpp,1,0,1
/media/ullmann/HDDGabriel/research/engines/o3de/Code/Framework/AzToolsFramework/AzToolsFramework/UI/UICore/QWidgetSavedState.h,0,1,1
/media/ullmann/HDDGabriel/research/engines/o3de/Gems/LmbrCentral/Code/Source/Shape/CapsuleShapeComponent.cpp,1,0,1
/media/ullmann/HDDGabriel/research/engines/o3de/Gems/ScriptCanvas/Code/Editor/View/Widgets/PropertyGrid.cpp,1,0,1
/media/ullmann/HDDGabriel/research/engines/o3de/Gems/Maestro/Code/Source/Cinematics/SelectTrack.cpp,1,0,1
/media/ullmann/HDDGabriel/research/engines/o3de/Gems/LandscapeCanvas/Code/Source/Editor/Nodes/Shapes/DiskShapeNode.cpp,1,0,1
/media/ullmann/HDDGabriel/research/engines/o3de/Gems/LandscapeCanvas/Code/Source/Editor/Nodes/Shapes/DiskShapeNode.h,0,2,2
/media/ullmann/HDDGabriel/research/engines/o3de/Gems/AudioSystem/Code/Include/Editor/IAudioConnection.h,1,0,1
/media/ullmann/HDDGabriel/research/engines/o3de/Gems/AudioSystem/Code/Include/Editor/ACETypes.h,0,3,3
/media/ullmann/HDDGabriel/research/engines/o3de/Code/Editor/Util/GeometryUtil.cpp,1,0,1
/media/ullmann/HDDGabriel/research/engines/o3de/Code/Editor/Util/GeometryUtil.h,0,1,1
/media/ullmann/HDDGabriel/research/engines/o3de/Code/Editor/EditorModularViewportCameraComposerBus.h,0,2,2
/media/ullmann/HDDGabriel/research/engines/o3de/Gems/StartingPointInput/Code/Source/InputHandlerNodeable.cpp,1,0,1
/media/ullmann/HDDGabriel/research/engines/o3de/Gems/StartingPointInput/Code/Source/InputHandlerNodeable.h,0,1,1
/media/ullmann/HDDGabriel/research/engines/o3de/Gems/PhysX/Code/Source/HeightfieldColliderComponent.cpp,1,0,1
/media/ullmann/HDDGabriel/research/engines/o3de/Gems/PhysX/Code/Source/Scene/PhysXScene.h,0,2,2
/media/ullmann/HDDGabriel/research/engines/o3de/Code/Framework/AzToolsFramework/AzToolsFramework/Slice/SliceRelationshipNode.cpp,1,0,1
/media/ullmann/HDDGabriel/research/engines/o3de/Code/Framework/AzToolsFramework/AzToolsFramework/Slice/SliceRelationshipNode.h,0,2,2
/media/ullmann/HDDGabriel/research/engines/o3de/Code/Editor/ToolbarCustomizationDialog.cpp,3,0,3
/media/ullmann/HDDGabriel/research/engines/o3de/Gems/Atom/Feature/Common/Code/Source/PostProcessing/BloomBlurPass.h,0,1,1
/media/ullmann/HDDGabriel/research/engines/o3de/Code/Framework/AzToolsFramework/AzToolsFramework/UI/PropertyEditor/PropertyStringLineEditCtrl.cpp,2,0,2
/media/ullmann/HDDGabriel/research/engines/o3de/Gems/GradientSignal/Code/Source/Editor/EditorLevelsGradientComponent.cpp,1,0,1
/media/ullmann/HDDGabriel/research/engines/o3de/Gems/StartingPointCamera/Code/Source/CameraTargetAcquirers/AcquireByEntityId.cpp,1,0,1
/media/ullmann/HDDGabriel/research/engines/o3de/Gems/StartingPointCamera/Code/Source/CameraTargetAcquirers/AcquireByEntityId.h,0,2,2
/media/ullmann/HDDGabriel/research/engines/o3de/Code/Tools/AssetProcessor/native/ui/JobTreeViewItemDelegate.cpp,1,0,1
/media/ullmann/HDDGabriel/research/engines/o3de/Code/Tools/AssetProcessor/native/ui/JobTreeViewItemDelegate.h,0,1,1
/media/ullmann/HDDGabriel/research/engines/o3de/Gems/LmbrCentral/Code/Source/Shape/QuadShape.cpp,1,0,1
/media/ullmann/HDDGabriel/research/engines/o3de/Gems/LmbrCentral/Code/Source/Shape/QuadShape.h,0,2,2
/media/ullmann/HDDGabriel/research/engines/o3de/Gems/DiffuseProbeGrid/Code/Source/Components/DiffuseProbeGridSystemComponent.h,0,1,1
/media/ullmann/HDDGabriel/research/engines/o3de/Gems/Atom/Component/DebugCamera/Code/Source/ArcBallControllerComponent.cpp,1,0,1
/media/ullmann/HDDGabriel/research/engines/o3de/Gems/GraphCanvas/Code/Source/Components/NodePropertyDisplays/StringNodePropertyDisplay.h,0,1,1
/media/ullmann/HDDGabriel/research/engines/o3de/Gems/WhiteBox/Code/Source/SubComponentModes/EditorWhiteBoxEdgeRestoreMode.cpp,2,0,2
/media/ullmann/HDDGabriel/research/engines/o3de/Gems/WhiteBox/Code/Source/SubComponentModes/EditorWhiteBoxEdgeRestoreMode.h,0,2,2
/media/ullmann/HDDGabriel/research/engines/o3de/Code/Tools/AssetProcessor/native/ui/ProductAssetTreeModel.h,1,3,4
/media/ullmann/HDDGabriel/research/engines/o3de/Gems/EMotionFX/Code/EMotionFX/Source/LayerPass.h,2,1,3
/media/ullmann/HDDGabriel/research/engines/o3de/Code/Editor/AssetImporter/AssetImporterManager/AssetImporterDragAndDropHandler.cpp,1,0,1
/media/ullmann/HDDGabriel/research/engines/o3de/Code/Editor/AssetImporter/AssetImporterManager/AssetImporterDragAndDropHandler.h,0,2,2
/media/ullmann/HDDGabriel/research/engines/o3de/Gems/LandscapeCanvas/Code/Source/Editor/Nodes/GradientModifiers/ThresholdGradientModifierNode.cpp,1,0,1
/media/ullmann/HDDGabriel/research/engines/o3de/Code/Framework/AzToolsFramework/AzToolsFramework/Manipulators/SurfaceManipulator.h,1,1,2
/media/ullmann/HDDGabriel/research/engines/o3de/Code/Framework/AzToolsFramework/AzToolsFramework/UI/PropertyEditor/PropertyIntSpinCtrl.cpp,2,0,2
/media/ullmann/HDDGabriel/research/engines/o3de/Gems/EMotionFX/Code/EMotionFX/Source/BlendTreeFloatMath1Node.cpp,2,0,2
/media/ullmann/HDDGabriel/research/engines/o3de/Gems/LyShine/Code/Source/Animation/CompoundSplineTrack.cpp,2,0,2
/media/ullmann/HDDGabriel/research/engines/o3de/Gems/EMotionFX/Code/EMotionFX/Tools/EMotionStudio/Plugins/StandardPlugins/Source/NodeGroups/NodeGroupManagementWidget.cpp,2,0,2
/media/ullmann/HDDGabriel/research/engines/o3de/Gems/ScriptCanvasDeveloper/Code/Editor/Source/EditorAutomationTests/GraphCreationTests.h,0,1,1
/media/ullmann/HDDGabriel/research/engines/o3de/Gems/LmbrCentral/Code/Source/Unhandled/Other/GroupAssetTypeInfo.cpp,1,0,1
/media/ullmann/HDDGabriel/research/engines/o3de/Gems/Vegetation/Code/Source/Components/ScaleModifierComponent.h,0,2,2
/media/ullmann/HDDGabriel/research/engines/o3de/Gems/LyShine/Code/Editor/SlicerManipulator.cpp,1,0,1
/media/ullmann/HDDGabriel/research/engines/o3de/Gems/ScriptedEntityTweener/Code/Source/ScriptedEntityTweenerSubtask.h,0,2,2
/media/ullmann/HDDGabriel/research/engines/o3de/Gems/Vegetation/Code/Source/VegetationSystemComponent.h,0,2,2
/media/ullmann/HDDGabriel/research/engines/o3de/Gems/GraphCanvas/Code/StaticLib/GraphCanvas/Components/NodePropertyDisplay/NumericDataInterface.h,1,0,1
/media/ullmann/HDDGabriel/research/engines/o3de/Code/Editor/Util/ImageUtil_impl.cpp,1,0,1
/media/ullmann/HDDGabriel/research/engines/o3de/Gems/TextureAtlas/Code/Source/TextureAtlasSystemComponent.cpp,2,0,2
/media/ullmann/HDDGabriel/research/engines/o3de/Gems/AtomLyIntegration/CommonFeatures/Code/Source/PostProcess/DisplayMapper/EditorDisplayMapperComponent.h,0,1,1
/media/ullmann/HDDGabriel/research/engines/o3de/Code/Tools/SerializeContextTools/Dumper.h,0,2,2
/media/ullmann/HDDGabriel/research/engines/o3de/Gems/LyShine/Code/Editor/Animation/UiAnimUndo.cpp,2,0,2
/media/ullmann/HDDGabriel/research/engines/o3de/Gems/ScriptCanvas/Code/Include/ScriptCanvas/Libraries/UnitTesting/UnitTestingLibrary.cpp,1,0,1
/media/ullmann/HDDGabriel/research/engines/o3de/Gems/ScriptCanvas/Code/Include/ScriptCanvas/Libraries/UnitTesting/UnitTestingLibrary.h,0,1,1
/media/ullmann/HDDGabriel/research/engines/o3de/Gems/LyShine/Code/Editor/ModeToolbar.cpp,2,0,2
/media/ullmann/HDDGabriel/research/engines/o3de/Gems/EditorPythonBindings/Code/Tests/PythonTupleTests.cpp,3,0,3
/media/ullmann/HDDGabriel/research/engines/o3de/Gems/AWSGameLift/Code/AWSGameLiftClient/Source/Activity/AWSGameLiftSearchSessionsActivity.h,0,1,1
/media/ullmann/HDDGabriel/research/engines/o3de/Gems/LyShine/Code/Source/UiDraggableComponent.cpp,2,0,2
/media/ullmann/HDDGabriel/research/engines/o3de/Gems/ScriptCanvas/Code/Include/ScriptCanvas/Execution/Interpreted/ExecutionInterpretedCloningAPI.h,0,2,2
/media/ullmann/HDDGabriel/research/engines/o3de/Gems/EMotionFX/Code/EMotionFX/Source/BlendTreeFloatMath1Node.h,2,1,3
/media/ullmann/HDDGabriel/research/engines/o3de/Gems/Maestro/Code/Source/Cinematics/ConsoleTrack.cpp,1,0,1
/media/ullmann/HDDGabriel/research/engines/o3de/Gems/LyShine/Code/Editor/RulerWidget.h,1,2,3
/media/ullmann/HDDGabriel/research/engines/o3de/Gems/EMotionFX/Code/EMotionFX/Tools/EMotionStudio/Plugins/StandardPlugins/Source/AnimGraph/ParameterEditor/FloatSpinnerParameterEditor.h,1,2,3
/media/ullmann/HDDGabriel/research/engines/o3de/Gems/SaveData/Code/Source/Platform/Android/SaveData_Traits_Platform.h,1,0,1
/media/ullmann/HDDGabriel/research/engines/o3de/Gems/SaveData/Code/Source/Platform/Android/SaveData_Traits_Android.h,0,1,1
/media/ullmann/HDDGabriel/research/engines/o3de/Gems/EMotionFX/Code/EMotionFX/Tools/EMotionStudio/EMStudioSDK/Source/RenderPlugin/RenderOptions.h,3,0,3
/media/ullmann/HDDGabriel/research/engines/o3de/Code/Framework/AzFramework/Tests/Platform/Common/Xcb/Printers.cpp,1,0,1
/media/ullmann/HDDGabriel/research/engines/o3de/Code/Framework/AzFramework/Tests/Platform/Common/Xcb/Printers.h,0,2,2
/media/ullmann/HDDGabriel/research/engines/o3de/Code/Framework/AzToolsFramework/AzToolsFramework/ViewportSelection/EditorInteractionSystemComponent.cpp,1,0,1
/media/ullmann/HDDGabriel/research/engines/o3de/Code/Framework/AzToolsFramework/AzToolsFramework/ViewportSelection/EditorInteractionSystemComponent.h,0,1,1
/media/ullmann/HDDGabriel/research/engines/o3de/Gems/ScriptCanvas/Code/Include/ScriptCanvas/Libraries/Operators/Math/OperatorLerpNodeable.cpp,1,0,1
/media/ullmann/HDDGabriel/research/engines/o3de/Gems/ScriptCanvas/Code/Include/ScriptCanvas/Libraries/Operators/Math/OperatorLerpNodeable.h,0,1,1
/media/ullmann/HDDGabriel/research/engines/o3de/Gems/Atom/Feature/Common/Code/Source/Material/DrawListFunctor.cpp,1,0,1
/media/ullmann/HDDGabriel/research/engines/o3de/Gems/Atom/Feature/Common/Code/Source/Material/DrawListFunctor.h,0,2,2
/media/ullmann/HDDGabriel/research/engines/o3de/Gems/GradientSignal/Code/Source/Editor/EditorPosterizeGradientComponent.cpp,1,0,1
/media/ullmann/HDDGabriel/research/engines/o3de/Gems/AWSMetrics/Code/Source/ClientConfiguration.cpp,1,0,1
/media/ullmann/HDDGabriel/research/engines/o3de/Gems/EMotionFX/Code/EMotionFX/Tools/EMotionStudio/Plugins/StandardPlugins/Source/AnimGraph/ParameterWidget.h,1,2,3
/media/ullmann/HDDGabriel/research/engines/o3de/Gems/LmbrCentral/Code/Tests/ShapeThreadsafeTest.cpp,1,0,1
/media/ullmann/HDDGabriel/research/engines/o3de/Gems/AudioEngineWwise/Code/Source/Editor/AudioSystemControl_wwise.cpp,1,0,1
/media/ullmann/HDDGabriel/research/engines/o3de/Gems/SaveData/Code/Source/Platform/Mac/SaveData_Traits_Platform.h,1,0,1
/media/ullmann/HDDGabriel/research/engines/o3de/Gems/SaveData/Code/Source/Platform/Mac/SaveData_Traits_Mac.h,0,1,1
/media/ullmann/HDDGabriel/research/engines/o3de/Gems/ScriptEvents/Code/Builder/ScriptEventsBuilderComponent.h,1,0,1
/media/ullmann/HDDGabriel/research/engines/o3de/Gems/ScriptEvents/Code/Builder/ScriptEventsBuilderWorker.h,0,1,1
/media/ullmann/HDDGabriel/research/engines/o3de/Gems/ScriptCanvas/Code/Include/ScriptCanvas/Libraries/Core/MethodOverloaded.cpp,1,0,1
/media/ullmann/HDDGabriel/research/engines/o3de/Gems/EditorPythonBindings/Code/Tests/PythonProxyBusTests.cpp,2,0,2
/media/ullmann/HDDGabriel/research/engines/o3de/Gems/WhiteBox/Code/Source/EditorWhiteBoxComponentMode.cpp,5,0,5
/media/ullmann/HDDGabriel/research/engines/o3de/Gems/TextureAtlas/Code/Source/TextureAtlasImpl.h,0,2,2
/media/ullmann/HDDGabriel/research/engines/o3de/Gems/EMotionFX/Code/EMotionFX/Tools/EMotionStudio/EMStudioSDK/Source/PluginOptionsBus.h,0,2,2
/media/ullmann/HDDGabriel/research/engines/o3de/Code/Editor/EditorPreferencesTreeWidgetItemDelegate.h,0,2,2
/media/ullmann/HDDGabriel/research/engines/o3de/Gems/LmbrCentral/Code/Source/Shape/CylinderShape.h,0,1,1
/media/ullmann/HDDGabriel/research/engines/o3de/Code/Tools/AssetProcessor/native/AssetManager/SourceFileRelocator.h,0,2,2
/media/ullmann/HDDGabriel/research/engines/o3de/Code/Tools/LuaIDE/Source/LUA/LUADebuggerComponent.h,1,1,2
/media/ullmann/HDDGabriel/research/engines/o3de/Gems/EMotionFX/Code/MCore/Source/CommandGroup.cpp,1,0,1
/media/ullmann/HDDGabriel/research/engines/o3de/Code/Editor/ProcessInfo.cpp,2,0,2
/media/ullmann/HDDGabriel/research/engines/o3de/Code/Framework/AzToolsFramework/AzToolsFramework/Manipulators/SplineHoverSelection.cpp,1,0,1
/media/ullmann/HDDGabriel/research/engines/o3de/Code/Framework/AzToolsFramework/AzToolsFramework/Manipulators/SplineHoverSelection.h,0,1,1
/media/ullmann/HDDGabriel/research/engines/o3de/Code/Editor/Plugins/ComponentEntityEditorPlugin/UI/Outliner/OutlinerDisplayOptionsMenu.cpp,1,0,1
/media/ullmann/HDDGabriel/research/engines/o3de/Gems/Atom/Tools/AtomToolsFramework/Code/Source/AtomToolsFrameworkSystemComponent.h,0,2,2
/media/ullmann/HDDGabriel/research/engines/o3de/Code/Editor/Plugins/ComponentEntityEditorPlugin/Objects/ComponentEntityObject.cpp,1,0,1
/media/ullmann/HDDGabriel/research/engines/o3de/Gems/Multiplayer/Code/Tests/NetworkInputTests.cpp,2,0,2
/media/ullmann/HDDGabriel/research/engines/o3de/Gems/LyShine/Code/Editor/PropertyHandlerVec.cpp,2,0,2
/media/ullmann/HDDGabriel/research/engines/o3de/Code/Framework/AzCore/Tests/AZStd/Hashed.cpp,1,0,1
/media/ullmann/HDDGabriel/research/engines/o3de/Gems/GraphCanvas/Code/Source/Components/Nodes/General/GeneralNodeTitleComponent.h,0,1,1
/media/ullmann/HDDGabriel/research/engines/o3de/Gems/EMotionFX/Code/EMotionFX/Tools/EMotionStudio/Plugins/StandardPlugins/Source/AnimGraph/BlendSpace1DNodeWidget.cpp,1,0,1
/media/ullmann/HDDGabriel/research/engines/o3de/Gems/EMotionFX/Code/EMotionFX/Tools/EMotionStudio/Plugins/StandardPlugins/Source/AnimGraph/BlendSpace1DNodeWidget.h,0,1,1
/media/ullmann/HDDGabriel/research/engines/o3de/Code/Tools/AssetProcessor/native/tests/FileStateCache/FileStateCacheTests.cpp,1,0,1
/media/ullmann/HDDGabriel/research/engines/o3de/Code/Tools/AssetProcessor/native/tests/FileStateCache/FileStateCacheTests.h,0,1,1
/media/ullmann/HDDGabriel/research/engines/o3de/Code/Legacy/CryCommon/Cry_Vector4.h,0,2,2
/media/ullmann/HDDGabriel/research/engines/o3de/Gems/ScriptCanvas/Code/Include/ScriptCanvas/Libraries/Deprecated/Operators/Containers/Operator.cpp,1,0,1
/media/ullmann/HDDGabriel/research/engines/o3de/Gems/PhysX/Code/Source/DefaultWorldComponent.cpp,1,0,1
/media/ullmann/HDDGabriel/research/engines/o3de/Gems/RemoteTools/Code/Source/Utilities/RemoteToolsJoinThread.h,0,2,2
/media/ullmann/HDDGabriel/research/engines/o3de/Code/Editor/TopRendererWnd.cpp,5,0,5
/media/ullmann/HDDGabriel/research/engines/o3de/Gems/LyShine/Code/Editor/Animation/Controls/UiSplineCtrlEx.cpp,1,0,1
/media/ullmann/HDDGabriel/research/engines/o3de/Code/Framework/AzQtComponents/AzQtComponents/Gallery/TableViewPage.cpp,1,0,1
/media/ullmann/HDDGabriel/research/engines/o3de/Gems/Maestro/Code/Source/Cinematics/LookAtTrack.cpp,1,0,1
/media/ullmann/HDDGabriel/research/engines/o3de/Code/Editor/Plugins/ComponentEntityEditorPlugin/ContextMenuHandlers.cpp,1,0,1
/media/ullmann/HDDGabriel/research/engines/o3de/Gems/ScriptCanvas/Code/Include/ScriptCanvas/Libraries/Core/EventHandlerTranslationUtility.cpp,1,0,1
/media/ullmann/HDDGabriel/research/engines/o3de/Gems/ScriptCanvas/Code/Include/ScriptCanvas/Libraries/Core/EventHandlerTranslationUtility.h,0,1,1
/media/ullmann/HDDGabriel/research/engines/o3de/Code/Tools/AssetProcessor/native/ui/ProductDependencyTreeItemData.h,0,1,1
/media/ullmann/HDDGabriel/research/engines/o3de/Gems/EMotionFX/Code/EMotionFX/Tools/EMotionStudio/Plugins/StandardPlugins/Source/MorphTargetsWindow/MorphTargetsWindowPlugin.cpp,2,0,2
/media/ullmann/HDDGabriel/research/engines/o3de/Code/Framework/AzTest/AzTest/Platform/iOS/AzTest_Traits_Platform.h,1,0,1
/media/ullmann/HDDGabriel/research/engines/o3de/Code/Framework/AzTest/AzTest/Platform/iOS/AzTest_Traits_iOS.h,0,1,1
/media/ullmann/HDDGabriel/research/engines/o3de/Gems/ScriptCanvas/Code/Editor/GraphCanvas/DataInterfaces/ScriptCanvasCRCDataInterface.h,1,0,1
/media/ullmann/HDDGabriel/research/engines/o3de/Code/Framework/AzToolsFramework/AzToolsFramework/ViewportSelection/EditorSelectionUtil.cpp,1,0,1
/media/ullmann/HDDGabriel/research/engines/o3de/Code/Framework/AzToolsFramework/AzToolsFramework/ViewportSelection/EditorSelectionUtil.h,0,1,1
/media/ullmann/HDDGabriel/research/engines/o3de/Code/Legacy/CrySystem/XML/XmlUtils.h,0,3,3
/media/ullmann/HDDGabriel/research/engines/o3de/Code/Legacy/CrySystem/XML/SerializeXMLReader.cpp,1,0,1
/media/ullmann/HDDGabriel/research/engines/o3de/Gems/LyShine/Code/Editor/PreviewAnimationList.h,0,1,1
/media/ullmann/HDDGabriel/research/engines/o3de/Gems/InAppPurchases/Code/Source/Platform/Android/InAppPurchasesAndroid.cpp,1,0,1
/media/ullmann/HDDGabriel/research/engines/o3de/Gems/InAppPurchases/Code/Source/Platform/Android/InAppPurchasesAndroid.h,0,1,1
/media/ullmann/HDDGabriel/research/engines/o3de/Gems/LmbrCentral/Code/Source/Builders/CopyDependencyBuilder/XmlFormattedAssetBuilderWorker.cpp,1,0,1
/media/ullmann/HDDGabriel/research/engines/o3de/Gems/LmbrCentral/Code/Source/Builders/CopyDependencyBuilder/XmlFormattedAssetBuilderWorker.h,1,1,2
/media/ullmann/HDDGabriel/research/engines/o3de/Code/Framework/AzToolsFramework/AzToolsFramework/UI/Logging/StyledLogPanel.cpp,2,0,2
/media/ullmann/HDDGabriel/research/engines/o3de/Gems/ScriptCanvas/Code/Include/ScriptCanvas/Libraries/Time/DurationNodeable.cpp,1,0,1
/media/ullmann/HDDGabriel/research/engines/o3de/Gems/ScriptCanvas/Code/Include/ScriptCanvas/Libraries/Time/DurationNodeable.h,0,1,1
/media/ullmann/HDDGabriel/research/engines/o3de/Code/Tools/TestImpactFramework/Runtime/Python/Code/Source/Artifact/Factory/TestImpactPythonTestTargetMetaMapFactory.h,0,1,1
/media/ullmann/HDDGabriel/research/engines/o3de/Gems/ScriptEvents/Code/Include/ScriptEvents/ScriptEventSystem.cpp,4,0,4
/media/ullmann/HDDGabriel/research/engines/o3de/Code/Framework/AzToolsFramework/AzToolsFramework/Viewport/VertexContainerDisplay.cpp,1,0,1
/media/ullmann/HDDGabriel/research/engines/o3de/Code/Framework/AzToolsFramework/AzToolsFramework/Viewport/VertexContainerDisplay.h,0,1,1
/media/ullmann/HDDGabriel/research/engines/o3de/Code/Editor/DocMultiArchive.h,1,1,2
/media/ullmann/HDDGabriel/research/engines/o3de/Gems/AudioSystem/Code/Source/Editor/AudioControlFilters.cpp,2,0,2
/media/ullmann/HDDGabriel/research/engines/o3de/Gems/AtomLyIntegration/CommonFeatures/Code/Source/SkyBox/EditorPhysicalSkyComponent.h,0,1,1
/media/ullmann/HDDGabriel/research/engines/o3de/Code/Framework/AzFramework/Platform/Android/AzFramework/Thermal/ThermalInfo_Android.cpp,1,0,1
/media/ullmann/HDDGabriel/research/engines/o3de/Code/Framework/AzFramework/Platform/Android/AzFramework/Thermal/ThermalInfo_Android.h,0,1,1
/media/ullmann/HDDGabriel/research/engines/o3de/Gems/DebugDraw/Code/Source/DebugDrawObbComponent.h,0,4,4
/media/ullmann/HDDGabriel/research/engines/o3de/Gems/LyShine/Code/Editor/PresetButton.h,0,3,3
/media/ullmann/HDDGabriel/research/engines/o3de/Gems/Multiplayer/Code/Source/ReplicationWindows/NullReplicationWindow.h,0,1,1
/media/ullmann/HDDGabriel/research/engines/o3de/Code/Framework/AzFramework/Tests/AssetProcessorConnection.cpp,1,0,1
/media/ullmann/HDDGabriel/research/engines/o3de/Code/Framework/AzFramework/Tests/FrameworkApplicationFixture.h,0,3,3
/media/ullmann/HDDGabriel/research/engines/o3de/Gems/AtomLyIntegration/CommonFeatures/Code/Source/Grid/GridComponent.h,0,1,1
/media/ullmann/HDDGabriel/research/engines/o3de/Gems/EMotionFX/Code/EMotionFX/Source/Parameter/StringParameter.h,1,1,2
/media/ullmann/HDDGabriel/research/engines/o3de/Gems/ScriptCanvas/Code/Include/ScriptCanvas/Execution/ExecutionPerformanceTimer.cpp,1,0,1
/media/ullmann/HDDGabriel/research/engines/o3de/Gems/ScriptCanvas/Code/Include/ScriptCanvas/Execution/ExecutionPerformanceTimer.h,0,1,1
/media/ullmann/HDDGabriel/research/engines/o3de/Gems/LmbrCentral/Code/Source/Builders/DependencyBuilder/SeedBuilderWorker/SeedBuilderWorker.cpp,1,0,1
/media/ullmann/HDDGabriel/research/engines/o3de/Gems/EMotionFX/Code/EMotionFX/Tools/EMotionStudio/EMStudioSDK/Source/GUIOptions.cpp,2,0,2
/media/ullmann/HDDGabriel/research/engines/o3de/Code/Legacy/CryCommon/PNoise3.h,1,0,1
/media/ullmann/HDDGabriel/research/engines/o3de/Gems/LyShine/Code/Editor/PropertyHandlerUiParticleFloatKeyframe.cpp,2,0,2
/media/ullmann/HDDGabriel/research/engines/o3de/Gems/LyShine/Code/Editor/PropertyHandlerUiParticleFloatKeyframe.h,0,2,2
/media/ullmann/HDDGabriel/research/engines/o3de/Code/Framework/AzQtComponents/AzQtComponents/Gallery/ColorPickerPage.h,0,2,2
/media/ullmann/HDDGabriel/research/engines/o3de/Gems/ScriptAutomation/Code/Tests/ScriptAutomationTests.cpp,1,0,1
/media/ullmann/HDDGabriel/research/engines/o3de/Gems/ScriptAutomation/Code/Tests/ScriptAutomationApplicationFixture.h,0,2,2
/media/ullmann/HDDGabriel/research/engines/o3de/Code/Tools/TestImpactFramework/Frontend/Console/Common/Code/Include/Static/TestImpactConsoleTestSequenceEventHandler.h,0,1,1
/media/ullmann/HDDGabriel/research/engines/o3de/Code/Tools/TestImpactFramework/Runtime/Common/Code/Source/Platform/Windows/Process/TestImpactWin32_Process.cpp,1,0,1
/media/ullmann/HDDGabriel/research/engines/o3de/Code/Editor/Plugins/ProjectSettingsTool/PropertyFileSelect.cpp,3,0,3
/media/ullmann/HDDGabriel/research/engines/o3de/Gems/ScriptCanvasTesting/Code/Source/Framework/ScriptCanvasTestNodes.cpp,1,0,1
/media/ullmann/HDDGabriel/research/engines/o3de/Gems/PhysX/Code/Tests/ColliderScalingTests.cpp,1,0,1
/media/ullmann/HDDGabriel/research/engines/o3de/Gems/PhysX/Code/Tests/EditorTestUtilities.h,0,3,3
/media/ullmann/HDDGabriel/research/engines/o3de/Gems/LmbrCentral/Code/Source/Audio/EditorAudioPreloadComponent.cpp,1,0,1
/media/ullmann/HDDGabriel/research/engines/o3de/Gems/EMotionFX/Code/EMotionFX/Tools/EMotionStudio/Plugins/StandardPlugins/Source/AnimGraph/ParameterEditor/Vector2ParameterEditor.cpp,1,0,1
/media/ullmann/HDDGabriel/research/engines/o3de/Gems/MotionMatching/Code/Source/EventData.cpp,2,0,2
/media/ullmann/HDDGabriel/research/engines/o3de/Gems/PhysX/Code/Source/EditorJointComponent.cpp,1,0,1
/media/ullmann/HDDGabriel/research/engines/o3de/Gems/EMotionFX/Code/Tests/RagdollCommandTests.cpp,1,0,1
/media/ullmann/HDDGabriel/research/engines/o3de/Gems/ScriptCanvas/Code/Include/ScriptCanvas/Libraries/Comparison/EqualTo.h,0,1,1
/media/ullmann/HDDGabriel/research/engines/o3de/Code/Editor/Plugins/ProjectSettingsTool/PlatformSettings_Ios.h,0,2,2
/media/ullmann/HDDGabriel/research/engines/o3de/Gems/ImGui/Code/Source/ImGuiGem.cpp,1,0,1
/media/ullmann/HDDGabriel/research/engines/o3de/Gems/ImGui/Code/Source/ImGuiGem.h,2,1,3
/media/ullmann/HDDGabriel/research/engines/o3de/Gems/Atom/RHI/Code/Tests/FrameSchedulerTests.cpp,1,0,1
/media/ullmann/HDDGabriel/research/engines/o3de/Gems/GradientSignal/Code/Source/Editor/EditorSurfaceMaskGradientComponent.cpp,1,0,1
/media/ullmann/HDDGabriel/research/engines/o3de/Gems/ScriptCanvas/Code/Include/ScriptCanvas/Libraries/Logic/Any.cpp,1,0,1
/media/ullmann/HDDGabriel/research/engines/o3de/Gems/ScriptCanvas/Code/Include/ScriptCanvas/Libraries/Logic/Any.h,0,1,1
/media/ullmann/HDDGabriel/research/engines/o3de/Code/Tools/TestImpactFramework/Runtime/Python/Code/Source/TestEngine/Python/TestImpactPythonTestEngine.h,0,1,1
/media/ullmann/HDDGabriel/research/engines/o3de/Gems/ImGui/External/ImGui/v1.82/imgui/imstb_textedit.h,0,2,2
/media/ullmann/HDDGabriel/research/engines/o3de/Code/Tools/AssetProcessor/native/ui/ProductAssetTreeItemData.cpp,1,0,1
/media/ullmann/HDDGabriel/research/engines/o3de/Code/Editor/StringDlg.cpp,2,0,2
/media/ullmann/HDDGabriel/research/engines/o3de/Gems/Maestro/Code/Source/Components/EditorSequenceComponent.cpp,2,0,2
/media/ullmann/HDDGabriel/research/engines/o3de/Gems/AtomLyIntegration/CommonFeatures/Code/Source/Mesh/EditorMeshComponent.h,0,1,1
/media/ullmann/HDDGabriel/research/engines/o3de/Gems/StartingPointCamera/Code/Source/CameraTransformBehaviors/FollowTargetFromAngle.cpp,1,0,1
/media/ullmann/HDDGabriel/research/engines/o3de/Code/Framework/AzToolsFramework/AzToolsFramework/UI/PropertyEditor/PropertyIntSpinCtrl.hxx,0,1,1
/media/ullmann/HDDGabriel/research/engines/o3de/Code/Tools/LuaIDE/Source/LUA/LUAEditorContextInterface.h,0,5,5
/media/ullmann/HDDGabriel/research/engines/o3de/Gems/LmbrCentral/Code/Source/Shape/EditorReferenceShapeComponent.cpp,1,0,1
/media/ullmann/HDDGabriel/research/engines/o3de/Gems/Vegetation/Code/Source/Editor/EditorScaleModifierComponent.cpp,1,0,1
/media/ullmann/HDDGabriel/research/engines/o3de/Gems/Vegetation/Code/Source/Editor/EditorScaleModifierComponent.h,0,2,2
/media/ullmann/HDDGabriel/research/engines/o3de/Gems/LyShine/Code/Editor/ComponentHelpers.h,1,1,2
/media/ullmann/HDDGabriel/research/engines/o3de/Gems/GraphCanvas/Code/Source/Components/Slots/Execution/ExecutionSlotComponent.h,0,2,2
/media/ullmann/HDDGabriel/research/engines/o3de/Code/Editor/Platform/Linux/Editor/Core/QtEditorApplication_linux.cpp,1,0,1
/media/ullmann/HDDGabriel/research/engines/o3de/Code/Editor/Platform/Linux/Editor/Core/QtEditorApplication_linux.h,0,1,1
/media/ullmann/HDDGabriel/research/engines/o3de/Gems/ScriptCanvas/Code/Include/ScriptCanvas/Libraries/Logic/Not.h,0,1,1
/media/ullmann/HDDGabriel/research/engines/o3de/Gems/AtomLyIntegration/CommonFeatures/Code/Source/Scripting/EntityReferenceComponent.h,0,1,1
/media/ullmann/HDDGabriel/research/engines/o3de/Gems/TextureAtlas/Code/Source/Editor/AtlasBuilderWorker.cpp,1,0,1
/media/ullmann/HDDGabriel/research/engines/o3de/Gems/Camera/Code/Source/ViewportCameraSelectorWindow.cpp,2,0,2
/media/ullmann/HDDGabriel/research/engines/o3de/Code/Editor/EditorPreferencesPageGeneral.cpp,4,0,4
/media/ullmann/HDDGabriel/research/engines/o3de/Code/Tools/AssetProcessor/native/ui/AssetTreeItem.cpp,1,0,1
/media/ullmann/HDDGabriel/research/engines/o3de/Code/Framework/AzQtComponents/AzQtComponents/Gallery/SliderComboPage.h,0,2,2
/media/ullmann/HDDGabriel/research/engines/o3de/Code/Editor/Include/ITransformManipulator.h,0,1,1
/media/ullmann/HDDGabriel/research/engines/o3de/Gems/LandscapeCanvas/Code/Source/Editor/Nodes/BaseNode.cpp,1,0,1
/media/ullmann/HDDGabriel/research/engines/o3de/Gems/LandscapeCanvas/Code/Source/Editor/Nodes/BaseNode.h,0,1,1
/media/ullmann/HDDGabriel/research/engines/o3de/Code/Editor/Include/IEditorFileMonitor.h,0,1,1
/media/ullmann/HDDGabriel/research/engines/o3de/Gems/Atom/Feature/Common/Code/Source/PostProcessing/NewDepthOfFieldPasses.h,0,1,1
/media/ullmann/HDDGabriel/research/engines/o3de/Code/Framework/AzToolsFramework/AzToolsFramework/UI/PropertyEditor/PropertyAudioCtrl.h,1,0,1
/media/ullmann/HDDGabriel/research/engines/o3de/Code/Framework/AzToolsFramework/AzToolsFramework/UI/PropertyEditor/PropertyAudioCtrlTypes.h,0,1,1
/media/ullmann/HDDGabriel/research/engines/o3de/Code/Framework/AzCore/AzCore/Math/Color.cpp,1,0,1
/media/ullmann/HDDGabriel/research/engines/o3de/Code/Framework/AzCore/AzCore/Math/Color.h,0,1,1
/media/ullmann/HDDGabriel/research/engines/o3de/Code/Framework/AzTest/AzTest/Platform/Mac/AzTest_Traits_Platform.h,1,0,1
/media/ullmann/HDDGabriel/research/engines/o3de/Code/Framework/AzTest/AzTest/Platform/Mac/AzTest_Traits_Mac.h,0,1,1
/media/ullmann/HDDGabriel/research/engines/o3de/Code/Editor/EditorPreferencesPageAWS.cpp,2,0,2
/media/ullmann/HDDGabriel/research/engines/o3de/Code/Editor/Controls/TimelineCtrl.cpp,1,0,1
/media/ullmann/HDDGabriel/research/engines/o3de/Gems/EMotionFX/Code/Tests/AnimGraphFuzzTests.cpp,1,0,1
/media/ullmann/HDDGabriel/research/engines/o3de/Gems/Metastream/Code/Source/DataCache.cpp,1,0,1
/media/ullmann/HDDGabriel/research/engines/o3de/Gems/GraphCanvas/Code/Source/Components/NodePropertyDisplays/NumericNodePropertyDisplay.h,0,1,1
/media/ullmann/HDDGabriel/research/engines/o3de/Gems/LyShine/Code/Source/UiImageSequenceComponent.h,1,3,4
/media/ullmann/HDDGabriel/research/engines/o3de/Gems/Gestures/Code/Source/InputDeviceGestures.h,1,2,3
/media/ullmann/HDDGabriel/research/engines/o3de/Gems/MotionMatching/Code/Source/Feature.cpp,3,0,3
/media/ullmann/HDDGabriel/research/engines/o3de/Code/Framework/AzToolsFramework/AzToolsFramework/ToolsFileUtils/ToolsFileUtils_generic.cpp,1,0,1
/media/ullmann/HDDGabriel/research/engines/o3de/Code/Framework/AzToolsFramework/AzToolsFramework/ToolsFileUtils/ToolsFileUtils.h,0,2,2
/media/ullmann/HDDGabriel/research/engines/o3de/Gems/ScriptCanvas/Code/Include/ScriptCanvas/Core/Contracts/RestrictedNodeContract.h,0,2,2
/media/ullmann/HDDGabriel/research/engines/o3de/Gems/AtomLyIntegration/ImguiAtom/Code/Source/ImguiAtomModule.cpp,1,0,1
/media/ullmann/HDDGabriel/research/engines/o3de/Gems/LyShine/Code/Editor/UiSliceManager.cpp,1,0,1
/media/ullmann/HDDGabriel/research/engines/o3de/Gems/LandscapeCanvas/Code/Source/Editor/Nodes/Shapes/TubeShapeNode.cpp,1,0,1
/media/ullmann/HDDGabriel/research/engines/o3de/Gems/LandscapeCanvas/Code/Source/Editor/Nodes/Shapes/TubeShapeNode.h,0,2,2
/media/ullmann/HDDGabriel/research/engines/o3de/Gems/EditorPythonBindings/Code/Source/PythonSystemComponent.h,0,2,2
/media/ullmann/HDDGabriel/research/engines/o3de/Gems/LandscapeCanvas/Code/Source/LandscapeCanvasEditorModule.h,0,1,1
/media/ullmann/HDDGabriel/research/engines/o3de/Gems/LyShine/Code/Editor/UndoStackExecutionScope.h,0,1,1
/media/ullmann/HDDGabriel/research/engines/o3de/Gems/Compression/Code/Source/Clients/CompressionSystemComponent.cpp,1,0,1
/media/ullmann/HDDGabriel/research/engines/o3de/Code/Editor/TrackView/TrackViewEventNode.cpp,1,0,1
/media/ullmann/HDDGabriel/research/engines/o3de/Code/Editor/TrackView/TrackViewEventNode.h,1,2,3
/media/ullmann/HDDGabriel/research/engines/o3de/Gems/EMotionFX/Code/EMotionFX/Source/EMotionFXAllocatorInitializer.cpp,1,0,1
/media/ullmann/HDDGabriel/research/engines/o3de/Gems/EMotionFX/Code/EMotionFX/Source/EMotionFXAllocatorInitializer.h,0,1,1
/media/ullmann/HDDGabriel/research/engines/o3de/Gems/AtomLyIntegration/CommonFeatures/Code/Source/ScreenSpace/EditorDeferredFogComponent.h,0,1,1
/media/ullmann/HDDGabriel/research/engines/o3de/Gems/AtomLyIntegration/CommonFeatures/Code/Source/ScreenSpace/DeferredFogComponent.h,0,1,1
/media/ullmann/HDDGabriel/research/engines/o3de/Gems/WhiteBox/Code/Source/Viewport/WhiteBoxEdgeTranslationModifier.cpp,2,0,2
/media/ullmann/HDDGabriel/research/engines/o3de/Gems/WhiteBox/Code/Source/Viewport/WhiteBoxEdgeTranslationModifier.h,0,1,1
/media/ullmann/HDDGabriel/research/engines/o3de/Gems/EMotionFX/Code/Editor/Platform/Linux/EMotionFX_Traits_Platform.h,1,0,1
/media/ullmann/HDDGabriel/research/engines/o3de/Gems/EMotionFX/Code/Editor/Platform/Linux/EMotionFX_Traits_Linux.h,0,1,1
/media/ullmann/HDDGabriel/research/engines/o3de/Gems/EMotionFX/Code/EMotionFX/Source/Parameter/TagParameter.cpp,1,0,1
/media/ullmann/HDDGabriel/research/engines/o3de/Gems/EMotionFX/Code/EMotionFX/Source/Parameter/TagParameter.h,1,1,2
/media/ullmann/HDDGabriel/research/engines/o3de/Code/Editor/Plugins/ComponentEntityEditorPlugin/UI/Outliner/OutlinerSortFilterProxyModel.hxx,0,3,3
/media/ullmann/HDDGabriel/research/engines/o3de/Code/Framework/AzCore/Tests/Serialization.cpp,2,0,2
/media/ullmann/HDDGabriel/research/engines/o3de/Code/Editor/Objects/TrackGizmo.cpp,2,0,2
/media/ullmann/HDDGabriel/research/engines/o3de/Code/Framework/AzFramework/Tests/Platform/Common/Xcb/XcbBaseTestFixture.h,1,3,4
/media/ullmann/HDDGabriel/research/engines/o3de/Gems/Vegetation/Code/Source/Components/LevelSettingsComponent.cpp,1,0,1
/media/ullmann/HDDGabriel/research/engines/o3de/Gems/Vegetation/Code/Source/Components/LevelSettingsComponent.h,0,2,2
/media/ullmann/HDDGabriel/research/engines/o3de/Gems/LmbrCentral/Code/Source/Builders/CopyDependencyBuilder/SchemaBuilderWorker/SchemaBuilderWorker.cpp,2,0,2
/media/ullmann/HDDGabriel/research/engines/o3de/Code/Framework/AzToolsFramework/AzToolsFramework/ToolsComponents/EditorAssetMimeDataContainer.cpp,1,0,1
/media/ullmann/HDDGabriel/research/engines/o3de/Code/Framework/AzToolsFramework/AzToolsFramework/ToolsComponents/EditorAssetMimeDataContainer.h,0,1,1
/media/ullmann/HDDGabriel/research/engines/o3de/Gems/Blast/Code/Tests/BlastFamilyTest.cpp,1,0,1
/media/ullmann/HDDGabriel/research/engines/o3de/Gems/PhysX/Code/Source/RigidBodyStatic.h,0,1,1
/media/ullmann/HDDGabriel/research/engines/o3de/Templates/DefaultProject/Template/Gem/Source/${Name}Module.cpp,1,0,1
/media/ullmann/HDDGabriel/research/engines/o3de/Templates/DefaultProject/Template/Gem/Source/${Name}SystemComponent.h,0,2,2
/media/ullmann/HDDGabriel/research/engines/o3de/Code/Editor/CheckOutDialog.cpp,2,0,2
/media/ullmann/HDDGabriel/research/engines/o3de/Gems/Atom/Feature/Common/Code/Source/PostProcessing/TaaPass.h,0,1,1
/media/ullmann/HDDGabriel/research/engines/o3de/Gems/AWSCore/Code/Platform/Android/AWSCoreEditor_Traits_Platform.h,1,0,1
/media/ullmann/HDDGabriel/research/engines/o3de/Gems/AWSCore/Code/Platform/Android/AWSCoreEditor_Traits_Android.h,0,1,1
/media/ullmann/HDDGabriel/research/engines/o3de/Gems/EMotionFX/Code/EMotionFX/Source/BlendTreeTwoLinkIKNode.cpp,6,0,6
/media/ullmann/HDDGabriel/research/engines/o3de/Gems/ScriptCanvas/Code/Include/ScriptCanvas/Translation/TranslationContext.h,1,2,3
/media/ullmann/HDDGabriel/research/engines/o3de/Gems/LyShine/Code/Editor/LyShineEditorSystemComponent.cpp,3,0,3
/media/ullmann/HDDGabriel/research/engines/o3de/Code/Legacy/CryCommon/Win64specific.h,1,0,1
/media/ullmann/HDDGabriel/research/engines/o3de/Code/Legacy/CryCommon/ISplines.h,1,1,2
/media/ullmann/HDDGabriel/research/engines/o3de/Gems/LandscapeCanvas/Code/Source/Editor/Nodes/Gradients/RandomNoiseGradientNode.h,0,2,2
/media/ullmann/HDDGabriel/research/engines/o3de/Code/Framework/AzToolsFramework/AzToolsFramework/UI/DocumentPropertyEditor/DocumentPropertyEditor.cpp,1,0,1
/media/ullmann/HDDGabriel/research/engines/o3de/Code/Framework/AzToolsFramework/AzToolsFramework/UI/DocumentPropertyEditor/DocumentPropertyEditor.h,0,1,1
/media/ullmann/HDDGabriel/research/engines/o3de/Gems/EMotionFX/Code/MCore/Source/FastMath.inl,0,1,1
/media/ullmann/HDDGabriel/research/engines/o3de/Gems/ScriptCanvas/Code/Include/ScriptCanvas/Core/SubgraphInterface.h,0,3,3
/media/ullmann/HDDGabriel/research/engines/o3de/Gems/GradientSignal/Code/Source/Editor/EditorRandomGradientComponent.cpp,1,0,1
/media/ullmann/HDDGabriel/research/engines/o3de/Gems/GradientSignal/Code/Source/Editor/EditorRandomGradientComponent.h,0,2,2
/media/ullmann/HDDGabriel/research/engines/o3de/Gems/LyShine/Code/Editor/CommandHierarchyItemDelete.cpp,2,0,2
/media/ullmann/HDDGabriel/research/engines/o3de/Gems/AWSMetrics/Code/Tests/ClientIdProviderTest.cpp,1,0,1
/media/ullmann/HDDGabriel/research/engines/o3de/Gems/LyShine/Code/Editor/PropertyHandlerUiParticleColorKeyframe.h,0,2,2
/media/ullmann/HDDGabriel/research/engines/o3de/Gems/ScriptCanvas/Code/Include/ScriptCanvas/Grammar/PrimitivesExecution.cpp,2,0,2
/media/ullmann/HDDGabriel/research/engines/o3de/Gems/LmbrCentral/Code/Source/Shape/CylinderShape.cpp,1,0,1
/media/ullmann/HDDGabriel/research/engines/o3de/Gems/LmbrCentral/Code/Source/Shape/TubeShape.cpp,1,0,1
/media/ullmann/HDDGabriel/research/engines/o3de/Templates/DefaultGem/Template/Code/Source/Clients/${Name}Module.cpp,1,0,1
/media/ullmann/HDDGabriel/research/engines/o3de/Code/Framework/AzToolsFramework/AzToolsFramework/ToolsComponents/ComponentAssetMimeDataContainer.cpp,1,0,1
/media/ullmann/HDDGabriel/research/engines/o3de/Code/Framework/AzToolsFramework/AzToolsFramework/ToolsComponents/ComponentAssetMimeDataContainer.h,0,1,1
/media/ullmann/HDDGabriel/research/engines/o3de/Code/Editor/RenderHelpers/AxisHelper.h,0,1,1
/media/ullmann/HDDGabriel/research/engines/o3de/Code/Tools/ProjectManager/Source/GemCatalog/GemCatalogScreen.h,0,3,3
/media/ullmann/HDDGabriel/research/engines/o3de/Code/Editor/Export/OBJExporter.cpp,1,0,1
/media/ullmann/HDDGabriel/research/engines/o3de/Code/Framework/AzFramework/AzFramework/Asset/CustomAssetTypeComponent.cpp,1,0,1
/media/ullmann/HDDGabriel/research/engines/o3de/Code/Framework/AzFramework/AzFramework/Asset/CustomAssetTypeComponent.h,0,1,1
/media/ullmann/HDDGabriel/research/engines/o3de/Gems/Atom/Utils/Code/Include/Atom/Utils/ImGuiCullingDebug.h,1,0,1
/media/ullmann/HDDGabriel/research/engines/o3de/Gems/Atom/Utils/Code/Include/Atom/Utils/ImGuiCullingDebug.inl,0,1,1
/media/ullmann/HDDGabriel/research/engines/o3de/Code/Framework/AzCore/Tests/AZStd/FunctorsBind.cpp,1,0,1
/media/ullmann/HDDGabriel/research/engines/o3de/Gems/Terrain/Code/Source/EditorComponents/EditorTerrainWorldDebuggerComponent.h,0,1,1
/media/ullmann/HDDGabriel/research/engines/o3de/Gems/ScriptCanvas/Code/Include/ScriptCanvas/Core/Connection.cpp,4,0,4
/media/ullmann/HDDGabriel/research/engines/o3de/Gems/ScriptCanvas/Code/Include/ScriptCanvas/Core/Connection.h,3,1,4
/media/ullmann/HDDGabriel/research/engines/o3de/Gems/Atom/Feature/Common/Code/Source/AuxGeom/AuxGeomBase.h,0,4,4
/media/ullmann/HDDGabriel/research/engines/o3de/Gems/EMotionFX/Code/Tests/TestAssetCode/ActorFactory.h,0,1,1
/media/ullmann/HDDGabriel/research/engines/o3de/Gems/DebugDraw/Code/Source/EditorDebugDrawTextComponent.cpp,1,0,1
/media/ullmann/HDDGabriel/research/engines/o3de/Gems/LyShine/Code/Source/TextMarkup.cpp,2,0,2
/media/ullmann/HDDGabriel/research/engines/o3de/Gems/LyShine/Code/Editor/CommandHierarchyItemToggleIsExpanded.cpp,1,0,1
/media/ullmann/HDDGabriel/research/engines/o3de/Gems/EMotionFX/Code/Tests/ActorBuilderTests.cpp,1,0,1
/media/ullmann/HDDGabriel/research/engines/o3de/Code/Framework/AzCore/Platform/Windows/AzCore/Socket/AzSocket_Platform.h,1,0,1
/media/ullmann/HDDGabriel/research/engines/o3de/Code/Framework/AzCore/Platform/Common/WinAPI/AzCore/Socket/AzSocket_WinAPI.h,0,1,1
/media/ullmann/HDDGabriel/research/engines/o3de/Gems/LyShine/Code/Editor/ViewportIcon.cpp,1,0,1
/media/ullmann/HDDGabriel/research/engines/o3de/Gems/Atom/Feature/Common/Code/Source/PostProcessing/DepthOfFieldReadBackFocusDepthPass.h,0,1,1
/media/ullmann/HDDGabriel/research/engines/o3de/Gems/EMotionFX/Code/EMotionFX/Source/SimulatedObjectSetup.cpp,1,0,1
/media/ullmann/HDDGabriel/research/engines/o3de/Gems/EMotionFX/Code/EMotionFX/Source/SimulatedObjectSetup_Impl.inl,0,1,1
/media/ullmann/HDDGabriel/research/engines/o3de/Gems/ScriptCanvas/Code/Editor/GraphCanvas/DataInterfaces/ScriptCanvasStringDataInterface.h,1,0,1
/media/ullmann/HDDGabriel/research/engines/o3de/Gems/EMotionFX/Code/EMotionFX/Pipeline/EMotionFXBuilder/MotionSetBuilderWorker.cpp,1,0,1
/media/ullmann/HDDGabriel/research/engines/o3de/Gems/AudioEngineWwise/Code/Source/Editor/AudioSystemEditor_wwise.cpp,2,0,2
/media/ullmann/HDDGabriel/research/engines/o3de/Gems/MotionMatching/Code/Source/QueryVector.h,0,2,2
/media/ullmann/HDDGabriel/research/engines/o3de/Code/Framework/AzToolsFramework/AzToolsFramework/Manipulators/AngularManipulator.cpp,1,0,1
/media/ullmann/HDDGabriel/research/engines/o3de/Code/Framework/AzToolsFramework/AzToolsFramework/Manipulators/AngularManipulator.h,1,1,2
/media/ullmann/HDDGabriel/research/engines/o3de/Code/Editor/Plugins/EditorAssetImporter/AssetBrowserContextProvider.h,0,2,2
/media/ullmann/HDDGabriel/research/engines/o3de/Gems/RecastNavigation/Code/Source/RecastNavigationEditorSystemComponent.h,1,2,3
/media/ullmann/HDDGabriel/research/engines/o3de/Code/Framework/AzQtComponents/AzQtComponents/Gallery/DragAndDropPage.cpp,1,0,1
/media/ullmann/HDDGabriel/research/engines/o3de/Gems/Prefab/PrefabBuilder/PrefabGroup/IPrefabGroup.h,0,1,1
/media/ullmann/HDDGabriel/research/engines/o3de/Gems/Atom/Tools/AtomToolsFramework/Code/Source/AtomToolsFrameworkSystemComponent.cpp,1,0,1
/media/ullmann/HDDGabriel/research/engines/o3de/Code/Editor/WelcomeScreen/WelcomeScreenDialog.cpp,1,0,1
/media/ullmann/HDDGabriel/research/engines/o3de/Code/Editor/WelcomeScreen/WelcomeScreenDialog.h,0,2,2
/media/ullmann/HDDGabriel/research/engines/o3de/Gems/ScriptCanvas/Code/Include/ScriptCanvas/Libraries/UnitTesting/UnitTestBusMacros.h,0,1,1
/media/ullmann/HDDGabriel/research/engines/o3de/Gems/EMotionFX/Code/EMotionFX/Source/BlendTreeVector4DecomposeNode.h,2,1,3
/media/ullmann/HDDGabriel/research/engines/o3de/Gems/LmbrCentral/Code/Source/Scripting/EditorRandomTimedSpawnerComponent.cpp,1,0,1
/media/ullmann/HDDGabriel/research/engines/o3de/Gems/ScriptCanvas/Code/Editor/GraphCanvas/Components/NodeDescriptors/NodelingDescriptorComponent.cpp,1,0,1
/media/ullmann/HDDGabriel/research/engines/o3de/Gems/LyShine/Code/Editor/ComponentButton.h,1,1,2
/media/ullmann/HDDGabriel/research/engines/o3de/Gems/ScriptCanvasDeveloper/Code/Editor/Source/EditorAutomationTests/EditorAutomationTests.h,0,1,1
/media/ullmann/HDDGabriel/research/engines/o3de/Gems/StartingPointCamera/Code/Source/CameraLookAtBehaviors/OffsetPosition.cpp,1,0,1
/media/ullmann/HDDGabriel/research/engines/o3de/Gems/LyShine/Code/Source/Animation/AnimSplineTrack_Vec2Specialization.h,0,1,1
/media/ullmann/HDDGabriel/research/engines/o3de/Gems/LyShine/Code/Editor/PresetButton.cpp,1,0,1
/media/ullmann/HDDGabriel/research/engines/o3de/Gems/Atom/Feature/Common/Code/Source/PostProcessing/DepthUpsamplePass.h,0,1,1
/media/ullmann/HDDGabriel/research/engines/o3de/Gems/GraphCanvas/Code/Source/Components/SceneMemberComponent.h,0,2,2
/media/ullmann/HDDGabriel/research/engines/o3de/Code/Legacy/CryCommon/ILocalizationManager.h,1,0,1
/media/ullmann/HDDGabriel/research/engines/o3de/Code/Legacy/CryCommon/LocalizationManagerBus.h,1,1,2
/media/ullmann/HDDGabriel/research/engines/o3de/Gems/Vegetation/Code/Source/Editor/EditorSlopeAlignmentModifierComponent.h,0,2,2
/media/ullmann/HDDGabriel/research/engines/o3de/Gems/Atom/RHI/Null/Code/Source/Platform/iOS/Null_Traits_Platform.h,1,0,1
/media/ullmann/HDDGabriel/research/engines/o3de/Gems/Atom/RHI/Null/Code/Source/Platform/iOS/Null_Traits_iOS.h,0,1,1
/media/ullmann/HDDGabriel/research/engines/o3de/Code/Tools/AssetProcessor/native/resourcecompiler/RCCommon.cpp,1,0,1
/media/ullmann/HDDGabriel/research/engines/o3de/Code/Framework/AzToolsFramework/AzToolsFramework/ViewportUi/ViewportUiTextField.cpp,1,0,1
/media/ullmann/HDDGabriel/research/engines/o3de/Code/Framework/AzToolsFramework/AzToolsFramework/ViewportUi/ViewportUiTextField.h,0,1,1
/media/ullmann/HDDGabriel/research/engines/o3de/Code/Framework/AzToolsFramework/AzToolsFramework/ToolsComponents/EditorLockComponent.cpp,1,0,1
/media/ullmann/HDDGabriel/research/engines/o3de/Code/Tools/AssetProcessor/native/unittests/UnitTestRunner.cpp,1,0,1
/media/ullmann/HDDGabriel/research/engines/o3de/Gems/AtomTressFX/External/Code/src/TressFX/TressFXSimulation.h,1,1,2
/media/ullmann/HDDGabriel/research/engines/o3de/Code/Editor/TrackView/TrackViewUndo.cpp,1,0,1
/media/ullmann/HDDGabriel/research/engines/o3de/Code/Framework/AzCore/Platform/Mac/AzCore/IPC/SharedMemory_Mac.cpp,1,0,1
/media/ullmann/HDDGabriel/research/engines/o3de/Code/Framework/AzCore/Platform/Mac/AzCore/IPC/SharedMemory_Mac.h,0,1,1
/media/ullmann/HDDGabriel/research/engines/o3de/Gems/ScriptCanvas/Code/Include/ScriptCanvas/Core/GraphBus.h,2,1,3
/media/ullmann/HDDGabriel/research/engines/o3de/Code/Editor/TrackView/EditorTrackViewEventsBus.h,0,1,1
/media/ullmann/HDDGabriel/research/engines/o3de/Code/Framework/AzToolsFramework/AzToolsFramework/PythonTerminal/ScriptTermDialog.cpp,2,0,2
/media/ullmann/HDDGabriel/research/engines/o3de/Code/Framework/AzToolsFramework/AzToolsFramework/PythonTerminal/ScriptTermDialog.h,0,1,1
/media/ullmann/HDDGabriel/research/engines/o3de/Gems/DiffuseProbeGrid/Code/Source/Platform/Mac/DiffuseProbeGrid_Traits_Platform.h,1,0,1
/media/ullmann/HDDGabriel/research/engines/o3de/Gems/DiffuseProbeGrid/Code/Source/Platform/Mac/DiffuseProbeGrid_Traits_Mac.h,0,1,1
/media/ullmann/HDDGabriel/research/engines/o3de/Gems/LyShine/Code/Source/UiStateActionManager.h,1,3,4
/media/ullmann/HDDGabriel/research/engines/o3de/Gems/Atom/Asset/ImageProcessingAtom/External/CubeMapGen/CBBoxInt32.cpp,1,0,1
/media/ullmann/HDDGabriel/research/engines/o3de/Gems/LandscapeCanvas/Code/Source/Editor/Nodes/AreaFilters/ShapeIntersectionFilterNode.cpp,1,0,1
/media/ullmann/HDDGabriel/research/engines/o3de/Gems/LandscapeCanvas/Code/Source/Editor/Nodes/Gradients/RandomNoiseGradientNode.cpp,1,0,1
/media/ullmann/HDDGabriel/research/engines/o3de/Code/Framework/AzCore/Platform/Linux/AzCore/Socket/AzSocket_Platform.h,1,0,1
/media/ullmann/HDDGabriel/research/engines/o3de/Gems/PythonAssetBuilder/Code/Source/PythonBuilderNotificationHandler.cpp,1,0,1
/media/ullmann/HDDGabriel/research/engines/o3de/Gems/PythonAssetBuilder/Code/Source/PythonBuilderNotificationHandler.h,0,1,1
/media/ullmann/HDDGabriel/research/engines/o3de/Gems/WhiteBox/Code/Tests/WhiteBoxTestRailsAutomation.cpp,2,0,2
/media/ullmann/HDDGabriel/research/engines/o3de/Gems/Atom/Feature/Common/Code/Source/ReflectionScreenSpace/ReflectionScreenSpaceTracePass.cpp,1,0,1
/media/ullmann/HDDGabriel/research/engines/o3de/Gems/ScriptCanvas/Code/Include/ScriptCanvas/Execution/Interpreted/ExecutionInterpretedEBusAPI.h,0,3,3
/media/ullmann/HDDGabriel/research/engines/o3de/Gems/ScriptCanvas/Code/Include/ScriptCanvas/Core/NodeableOut.h,0,1,1
/media/ullmann/HDDGabriel/research/engines/o3de/Gems/Atom/RHI/Code/Tests/AllocatorTests.cpp,1,0,1
/media/ullmann/HDDGabriel/research/engines/o3de/Gems/LmbrCentral/Code/Source/Unhandled/UI/FontAssetTypeInfo.cpp,1,0,1
/media/ullmann/HDDGabriel/research/engines/o3de/Gems/LmbrCentral/Code/Source/Unhandled/UI/FontAssetTypeInfo.h,0,2,2
/media/ullmann/HDDGabriel/research/engines/o3de/Gems/EMotionFX/Code/Platform/Mac/EMotionFX_Traits_Platform.h,1,0,1
/media/ullmann/HDDGabriel/research/engines/o3de/Gems/EMotionFX/Code/Platform/Mac/EMotionFX_Traits_Mac.h,0,1,1
/media/ullmann/HDDGabriel/research/engines/o3de/Gems/LmbrCentral/Code/Tests/QuadShapeTest.cpp,1,0,1
/media/ullmann/HDDGabriel/research/engines/o3de/Code/Framework/AzTest/AzTest/Platform/Android/AzTest_Traits_Platform.h,1,0,1
/media/ullmann/HDDGabriel/research/engines/o3de/Code/Framework/AzTest/AzTest/Platform/Android/AzTest_Traits_Android.h,0,1,1
/media/ullmann/HDDGabriel/research/engines/o3de/Code/Framework/AzFramework/AzFramework/Viewport/ViewportScreen.cpp,1,0,1
/media/ullmann/HDDGabriel/research/engines/o3de/Code/Framework/AzFramework/AzFramework/Viewport/ViewportScreen.h,0,1,1
/media/ullmann/HDDGabriel/research/engines/o3de/Gems/GraphCanvas/Code/Source/Components/Slots/Default/DefaultSlotLayoutComponent.h,0,1,1
/media/ullmann/HDDGabriel/research/engines/o3de/Gems/Multiplayer/Code/Tests/NetworkTransformTests.cpp,2,0,2
/media/ullmann/HDDGabriel/research/engines/o3de/Gems/Vegetation/Code/Source/Components/BlockerComponent.h,0,2,2
/media/ullmann/HDDGabriel/research/engines/o3de/Code/Editor/Include/IErrorReport.h,0,3,3
/media/ullmann/HDDGabriel/research/engines/o3de/Gems/Atom/Feature/Common/Code/Source/PostProcessing/BloomDownsamplePass.h,0,1,1
/media/ullmann/HDDGabriel/research/engines/o3de/Gems/EMotionFX/Code/EMotionFX/Tools/EMotionStudio/Plugins/StandardPlugins/Source/MorphTargetsWindow/PhonemeSelectionWindow.h,1,2,3
/media/ullmann/HDDGabriel/research/engines/o3de/Gems/WhiteBox/Code/Source/SubComponentModes/EditorWhiteBoxTransformMode.cpp,2,0,2
/media/ullmann/HDDGabriel/research/engines/o3de/Gems/WhiteBox/Code/Source/SubComponentModes/EditorWhiteBoxTransformMode.h,0,2,2
/media/ullmann/HDDGabriel/research/engines/o3de/Gems/AudioSystem/Code/Platform/Windows/AudioSystem_Traits_Platform.h,1,0,1
/media/ullmann/HDDGabriel/research/engines/o3de/Gems/AudioSystem/Code/Platform/Windows/AudioSystem_Traits_Windows.h,0,1,1
/media/ullmann/HDDGabriel/research/engines/o3de/Code/Framework/AzFramework/AzFramework/Visibility/EntityVisibilityQuery.cpp,1,0,1
/media/ullmann/HDDGabriel/research/engines/o3de/Code/Framework/AzFramework/AzFramework/Visibility/EntityVisibilityQuery.h,0,1,1
/media/ullmann/HDDGabriel/research/engines/o3de/Gems/InAppPurchases/Code/Source/InAppPurchasesModule.cpp,2,0,2
/media/ullmann/HDDGabriel/research/engines/o3de/Gems/InAppPurchases/Code/Source/InAppPurchasesSystemComponent.h,0,2,2
/media/ullmann/HDDGabriel/research/engines/o3de/Code/Tools/AssetProcessor/native/ui/GoToButton.cpp,1,0,1
/media/ullmann/HDDGabriel/research/engines/o3de/Code/Tools/AssetProcessor/native/ui/GoToButton.h,0,2,2
/media/ullmann/HDDGabriel/research/engines/o3de/Gems/EMotionFX/Code/EMotionFX/Source/Parameter/IntSpinnerParameter.cpp,1,0,1
/media/ullmann/HDDGabriel/research/engines/o3de/Gems/EMotionFX/Code/EMotionFX/Source/Parameter/IntSpinnerParameter.h,1,1,2
/media/ullmann/HDDGabriel/research/engines/o3de/Code/Framework/AzToolsFramework/AzToolsFramework/ComponentMode/ComponentModeCollection.cpp,1,0,1
/media/ullmann/HDDGabriel/research/engines/o3de/Code/Framework/AzToolsFramework/AzToolsFramework/ComponentMode/ComponentModeCollection.h,0,1,1
/media/ullmann/HDDGabriel/research/engines/o3de/Code/Framework/AzTest/AzTest/Platform.h,1,0,1
/media/ullmann/HDDGabriel/research/engines/o3de/Gems/EMotionFX/Code/EMotionFX/Source/BlendTreeFloatMath2Node.cpp,2,0,2
/media/ullmann/HDDGabriel/research/engines/o3de/Gems/EMotionFX/Code/EMotionFX/Exporters/ExporterLib/Exporter/FileHeaderExport.cpp,1,0,1
/media/ullmann/HDDGabriel/research/engines/o3de/Code/Editor/Clipboard.h,1,1,2
/media/ullmann/HDDGabriel/research/engines/o3de/Gems/Vegetation/Code/Tests/PrefabInstanceSpawnerTests.cpp,2,0,2
/media/ullmann/HDDGabriel/research/engines/o3de/Gems/EMotionFX/Code/EMotionFX/Tools/EMotionStudio/Plugins/StandardPlugins/Source/AnimGraph/ParameterEditor/IntSliderParameterEditor.cpp,1,0,1
/media/ullmann/HDDGabriel/research/engines/o3de/Gems/PhysX/Code/Tests/PhysXTestFixtures.cpp,2,0,2
/media/ullmann/HDDGabriel/research/engines/o3de/Gems/Atom/Feature/Common/Code/Source/Material/Transform2DFunctor.cpp,1,0,1
/media/ullmann/HDDGabriel/research/engines/o3de/Gems/Atom/Feature/Common/Code/Source/Material/Transform2DFunctor.h,0,2,2
/media/ullmann/HDDGabriel/research/engines/o3de/Gems/Terrain/Code/Tests/LayerSpawnerTests.cpp,1,0,1
/media/ullmann/HDDGabriel/research/engines/o3de/Gems/EMotionFX/Code/EMotionFX/Tools/EMotionStudio/Plugins/StandardPlugins/Source/AnimGraph/ParameterEditor/RotationParameterEditor.h,0,1,1
/media/ullmann/HDDGabriel/research/engines/o3de/Gems/LmbrCentral/Code/Source/Audio/EditorAudioSwitchComponent.cpp,1,0,1
/media/ullmann/HDDGabriel/research/engines/o3de/Gems/ScriptCanvas/Code/Include/ScriptCanvas/Libraries/Math/Color.cpp,1,0,1
/media/ullmann/HDDGabriel/research/engines/o3de/Gems/ScriptCanvas/Code/Include/ScriptCanvas/Libraries/Math/Color.h,0,1,1
/media/ullmann/HDDGabriel/research/engines/o3de/Gems/LandscapeCanvas/Code/Source/Editor/Nodes/GradientModifiers/BaseGradientModifierNode.cpp,1,0,1
/media/ullmann/HDDGabriel/research/engines/o3de/Gems/LandscapeCanvas/Code/Source/Editor/Nodes/GradientModifiers/BaseGradientModifierNode.h,0,1,1
/media/ullmann/HDDGabriel/research/engines/o3de/Code/Tools/TestImpactFramework/Runtime/Python/Code/Source/Target/Python/TestImpactPythonTestTarget.h,0,1,1
/media/ullmann/HDDGabriel/research/engines/o3de/Code/Editor/TrackViewFBXImportPreviewDialog.cpp,2,0,2
/media/ullmann/HDDGabriel/research/engines/o3de/Code/Editor/TrackViewFBXImportPreviewDialog.h,0,1,1
/media/ullmann/HDDGabriel/research/engines/o3de/Code/Editor/Util/3DConnexionDriver.cpp,1,0,1
/media/ullmann/HDDGabriel/research/engines/o3de/Code/Framework/AzFramework/AzFramework/Process/ProcessCommunicatorTracePrinter.cpp,1,0,1
/media/ullmann/HDDGabriel/research/engines/o3de/Code/Framework/AzFramework/AzFramework/Process/ProcessCommunicatorTracePrinter.h,0,1,1
/media/ullmann/HDDGabriel/research/engines/o3de/Code/Framework/AzToolsFramework/AzToolsFramework/UI/Logging/NewLogTabDialog.cpp,1,0,1
/media/ullmann/HDDGabriel/research/engines/o3de/Gems/ScriptCanvas/Code/Include/ScriptCanvas/Core/Contracts/DynamicTypeContract.cpp,1,0,1
/media/ullmann/HDDGabriel/research/engines/o3de/Code/Tools/ProjectManager/Source/GemCatalog/GemCatalogHeaderWidget.h,0,1,1
/media/ullmann/HDDGabriel/research/engines/o3de/Gems/LmbrCentral/Code/Source/Builders/CopyDependencyBuilder/FontBuilderWorker/FontBuilderWorker.cpp,1,0,1
/media/ullmann/HDDGabriel/research/engines/o3de/Gems/LmbrCentral/Code/Source/Builders/CopyDependencyBuilder/FontBuilderWorker/FontBuilderWorker.h,0,2,2
/media/ullmann/HDDGabriel/research/engines/o3de/Code/Editor/DisplaySettings.cpp,3,0,3
/media/ullmann/HDDGabriel/research/engines/o3de/Gems/ScriptCanvas/Code/Include/ScriptCanvas/Core/Endpoint.cpp,1,0,1
/media/ullmann/HDDGabriel/research/engines/o3de/Gems/LmbrCentral/Code/include/LmbrCentral/Shape/SplineAttribute.h,1,0,1
/media/ullmann/HDDGabriel/research/engines/o3de/Gems/LmbrCentral/Code/include/LmbrCentral/Shape/SplineAttribute.inl,0,1,1
/media/ullmann/HDDGabriel/research/engines/o3de/Gems/LyShine/Code/Editor/PropertiesWidget.cpp,2,0,2
/media/ullmann/HDDGabriel/research/engines/o3de/Code/Framework/AzToolsFramework/Tests/EntityOwnershipService/EntityOwnershipServiceTestFixture.cpp,1,0,1
/media/ullmann/HDDGabriel/research/engines/o3de/Gems/Atom/Tools/AtomToolsFramework/Code/Source/PreviewRenderer/PreviewRendererSystemComponent.h,0,1,1
/media/ullmann/HDDGabriel/research/engines/o3de/Code/Legacy/CrySystem/Log.cpp,3,0,3
/media/ullmann/HDDGabriel/research/engines/o3de/Gems/Atom/Asset/ImageProcessingAtom/Code/Source/Platform/Mac/ImageProcessing_Traits_Platform.h,1,0,1
/media/ullmann/HDDGabriel/research/engines/o3de/Gems/Atom/Asset/ImageProcessingAtom/Code/Source/Platform/Mac/ImageProcessing_Traits_Mac.h,0,1,1
/media/ullmann/HDDGabriel/research/engines/o3de/Code/Framework/AzToolsFramework/AzToolsFramework/ToolsComponents/EditorLayerComponent.cpp,1,0,1
/media/ullmann/HDDGabriel/research/engines/o3de/Gems/LandscapeCanvas/Code/Source/Editor/Nodes/AreaSelectors/AssetWeightSelectorNode.cpp,1,0,1
/media/ullmann/HDDGabriel/research/engines/o3de/Code/Framework/AzToolsFramework/AzToolsFramework/UI/PropertyEditor/PropertyAssetCtrl.hxx,1,1,2
/media/ullmann/HDDGabriel/research/engines/o3de/Gems/EMotionFX/Code/Tests/JackGraphFixture.cpp,1,0,1
/media/ullmann/HDDGabriel/research/engines/o3de/Gems/ScriptCanvas/Code/Include/ScriptCanvas/Libraries/Core/Nodeling.h,0,1,1
/media/ullmann/HDDGabriel/research/engines/o3de/Gems/Vegetation/Code/Source/Components/DistanceBetweenFilterComponent.cpp,1,0,1
/media/ullmann/HDDGabriel/research/engines/o3de/Gems/Vegetation/Code/Source/Components/DistanceBetweenFilterComponent.h,0,2,2
/media/ullmann/HDDGabriel/research/engines/o3de/Code/Framework/AzFramework/Tests/Application.cpp,1,0,1
/media/ullmann/HDDGabriel/research/engines/o3de/Code/Framework/AzToolsFramework/AzToolsFramework/Manipulators/AngularManipulatorCircleViewFeedback.cpp,1,0,1
/media/ullmann/HDDGabriel/research/engines/o3de/Code/Framework/AzToolsFramework/AzToolsFramework/Manipulators/AngularManipulatorCircleViewFeedback.h,0,1,1
/media/ullmann/HDDGabriel/research/engines/o3de/Gems/Vegetation/Code/Source/AreaSystemComponent.cpp,2,0,2
/media/ullmann/HDDGabriel/research/engines/o3de/Gems/Vegetation/Code/Source/AreaSystemComponent.h,0,2,2
/media/ullmann/HDDGabriel/research/engines/o3de/Gems/VideoPlaybackFramework/Code/Source/VideoPlaybackFrameworkModule.cpp,2,0,2
/media/ullmann/HDDGabriel/research/engines/o3de/Gems/VideoPlaybackFramework/Code/Source/VideoPlaybackFrameworkModule.h,0,1,1
/media/ullmann/HDDGabriel/research/engines/o3de/Gems/EMotionFX/Code/EMotionFX/Source/MorphTarget.cpp,3,0,3
/media/ullmann/HDDGabriel/research/engines/o3de/Gems/Atom/Feature/Common/Code/Include/Atom/Feature/SphericalHarmonics/SphericalHarmonicsUtility.h,1,0,1
/media/ullmann/HDDGabriel/research/engines/o3de/Gems/Atom/Feature/Common/Code/Include/Atom/Feature/SphericalHarmonics/SphericalHarmonicsUtility.inl,0,1,1
/media/ullmann/HDDGabriel/research/engines/o3de/Gems/EMotionFX/Code/EMotionFX/Tools/EMotionStudio/EMStudioSDK/Source/ToolBarPlugin.h,2,1,3
/media/ullmann/HDDGabriel/research/engines/o3de/Gems/AudioSystem/Code/Include/Editor/IAudioSystemControl.h,1,0,1
/media/ullmann/HDDGabriel/research/engines/o3de/Gems/AtomLyIntegration/ImguiAtom/Code/Source/ImguiAtomSystemComponent.cpp,1,0,1
/media/ullmann/HDDGabriel/research/engines/o3de/Gems/EMotionFX/Code/EMotionFX/Source/SoftSkinManager.cpp,2,0,2
/media/ullmann/HDDGabriel/research/engines/o3de/Code/Editor/Include/IFileUtil.h,1,2,3
/media/ullmann/HDDGabriel/research/engines/o3de/Gems/EMotionFX/Code/Tests/SystemComponentTests.cpp,1,0,1
/media/ullmann/HDDGabriel/research/engines/o3de/Gems/Atom/Feature/Common/Code/Source/Material/DrawListFunctorSourceData.cpp,1,0,1
/media/ullmann/HDDGabriel/research/engines/o3de/Gems/Atom/Feature/Common/Code/Source/Material/DrawListFunctorSourceData.h,1,1,2
/media/ullmann/HDDGabriel/research/engines/o3de/Gems/Vegetation/Code/Source/InstanceSystemComponent.cpp,2,0,2
/media/ullmann/HDDGabriel/research/engines/o3de/Code/Framework/AzToolsFramework/AzToolsFramework/UI/Logging/LogControl.cpp,3,0,3
/media/ullmann/HDDGabriel/research/engines/o3de/Gems/EMotionFX/Code/MCore/Source/MemoryObject.cpp,1,0,1
/media/ullmann/HDDGabriel/research/engines/o3de/Code/Editor/TrackView/TrackViewSplineCtrl.cpp,1,0,1
/media/ullmann/HDDGabriel/research/engines/o3de/Code/Editor/TrackView/TrackViewSplineCtrl.h,0,2,2
/media/ullmann/HDDGabriel/research/engines/o3de/Gems/Terrain/Code/Tests/TerrainSystemSettingsTests.cpp,2,0,2
/media/ullmann/HDDGabriel/research/engines/o3de/Code/Framework/AzCore/Platform/Common/Default/AzCore/IO/Streamer/StreamerContext_Default.cpp,1,0,1
/media/ullmann/HDDGabriel/research/engines/o3de/Code/Framework/AzCore/Platform/Common/Default/AzCore/IO/Streamer/StreamerContext_Default.h,0,1,1
/media/ullmann/HDDGabriel/research/engines/o3de/Gems/EditorPythonBindings/Code/Source/PythonSystemComponent.cpp,1,0,1
/media/ullmann/HDDGabriel/research/engines/o3de/Gems/LmbrCentral/Code/Platform/iOS/LmbrCentral_Traits_Platform.h,1,0,1
/media/ullmann/HDDGabriel/research/engines/o3de/Gems/LmbrCentral/Code/Platform/iOS/LmbrCentral_Traits_iOS.h,0,1,1
/media/ullmann/HDDGabriel/research/engines/o3de/Gems/VirtualGamepad/Code/Source/VirtualGamepadButtonRequestBus.h,0,2,2
/media/ullmann/HDDGabriel/research/engines/o3de/Gems/EMotionFX/Code/MCore/Source/MCoreCommandManager.cpp,4,0,4
/media/ullmann/HDDGabriel/research/engines/o3de/Gems/LyShine/Code/Editor/ViewportWidget.h,1,1,2
/media/ullmann/HDDGabriel/research/engines/o3de/Gems/ScriptCanvasTesting/Code/Source/Nodes/TestAutoGenFunctions.cpp,1,0,1
/media/ullmann/HDDGabriel/research/engines/o3de/Gems/ScriptCanvasTesting/Code/Source/Nodes/TestAutoGenFunctions.h,0,1,1
/media/ullmann/HDDGabriel/research/engines/o3de/Gems/LyShine/Code/Source/World/UiCanvasOnMeshComponent.cpp,1,0,1
/media/ullmann/HDDGabriel/research/engines/o3de/Gems/LyShine/Code/Editor/PropertyHandlerLayoutPadding.cpp,2,0,2
/media/ullmann/HDDGabriel/research/engines/o3de/Code/Tools/AssetProcessor/Platform/Linux/AssetProcessor_Traits_Platform.h,1,0,1
/media/ullmann/HDDGabriel/research/engines/o3de/Code/Tools/AssetProcessor/Platform/Linux/AssetProcessor_Traits_Linux.h,0,1,1
/media/ullmann/HDDGabriel/research/engines/o3de/Gems/AtomLyIntegration/EMotionFXAtom/Code/Source/ActorSystemComponent.h,0,2,2
/media/ullmann/HDDGabriel/research/engines/o3de/Gems/EMotionFX/Code/EMotionFX/Tools/EMotionStudio/Plugins/StandardPlugins/Source/NodeGroups/NodeGroupWidget.cpp,2,0,2
/media/ullmann/HDDGabriel/research/engines/o3de/Gems/AtomLyIntegration/CommonFeatures/Code/Source/PostProcess/ColorGrading/HDRColorGradingComponent.h,0,1,1
/media/ullmann/HDDGabriel/research/engines/o3de/Gems/LmbrCentral/Code/Source/Geometry/GeometrySystemComponent.cpp,1,0,1
/media/ullmann/HDDGabriel/research/engines/o3de/Code/Tools/CrashHandler/Platform/Linux/CrashHandler_Traits_Platform.h,1,0,1
/media/ullmann/HDDGabriel/research/engines/o3de/Code/Tools/CrashHandler/Platform/Linux/CrashHandler_Traits_Linux.h,0,1,1
/media/ullmann/HDDGabriel/research/engines/o3de/Gems/PhysX/Code/Source/BaseColliderComponent.cpp,1,0,1
/media/ullmann/HDDGabriel/research/engines/o3de/Code/Editor/Util/StringHelpers.h,0,2,2
/media/ullmann/HDDGabriel/research/engines/o3de/Gems/PhysX/Code/Source/ShapeColliderComponent.cpp,1,0,1
/media/ullmann/HDDGabriel/research/engines/o3de/Code/Framework/AzCore/Tests/AZStd/ListsIntrusive.cpp,1,0,1
/media/ullmann/HDDGabriel/research/engines/o3de/Gems/QtForPython/Code/Source/QtForPythonSystemComponent.cpp,1,0,1
/media/ullmann/HDDGabriel/research/engines/o3de/Gems/QtForPython/Code/Source/QtForPythonSystemComponent.h,0,2,2
/media/ullmann/HDDGabriel/research/engines/o3de/Code/Tools/TestImpactFramework/Frontend/Console/Native/Code/Source/TestImpactNativeCommandLineOptions.cpp,1,0,1
/media/ullmann/HDDGabriel/research/engines/o3de/Code/Tools/TestImpactFramework/Frontend/Console/Native/Code/Source/TestImpactNativeCommandLineOptions.h,0,2,2
/media/ullmann/HDDGabriel/research/engines/o3de/Gems/Atom/RHI/Vulkan/Code/Source/Platform/Mac/Vulkan_Traits_Platform.h,1,0,1
/media/ullmann/HDDGabriel/research/engines/o3de/Gems/Atom/RHI/Vulkan/Code/Source/Platform/Mac/Vulkan_Traits_Mac.h,0,1,1
/media/ullmann/HDDGabriel/research/engines/o3de/Gems/EMotionFX/Code/EMotionFX/Pipeline/EMotionFXBuilder/AnimGraphBuilderWorker.h,0,2,2
/media/ullmann/HDDGabriel/research/engines/o3de/Gems/EMotionFX/Code/EMotionFX/Source/Allocators.h,0,3,3
/media/ullmann/HDDGabriel/research/engines/o3de/Gems/AudioEngineWwise/Code/Platform/Android/AkPlatformFuncs_Platform.h,1,0,1
/media/ullmann/HDDGabriel/research/engines/o3de/Gems/Terrain/Code/Source/Components/TerrainLayerSpawnerComponent.h,0,1,1
/media/ullmann/HDDGabriel/research/engines/o3de/Gems/RecastNavigation/Code/Source/EditorComponents/EditorRecastNavigationMeshComponent.h,0,2,2
/media/ullmann/HDDGabriel/research/engines/o3de/Gems/ScriptCanvas/Code/Include/ScriptCanvas/Internal/Nodes/StringFormatted.cpp,1,0,1
/media/ullmann/HDDGabriel/research/engines/o3de/Gems/ScriptCanvas/Code/Include/ScriptCanvas/Internal/Nodes/StringFormatted.h,0,1,1
/media/ullmann/HDDGabriel/research/engines/o3de/Code/Tools/ProjectManager/Platform/Mac/ProjectManager_Test_Traits_Platform.h,1,0,1
/media/ullmann/HDDGabriel/research/engines/o3de/Code/Tools/ProjectManager/Platform/Mac/ProjectManager_Test_Traits_Mac.h,0,1,1
/media/ullmann/HDDGabriel/research/engines/o3de/Gems/EMotionFX/Code/EMotionFX/Source/Event.cpp,2,0,2
/media/ullmann/HDDGabriel/research/engines/o3de/Code/Framework/AzToolsFramework/AzToolsFramework/Commands/EntityStateCommand.cpp,2,0,2
/media/ullmann/HDDGabriel/research/engines/o3de/Code/Framework/AzToolsFramework/AzToolsFramework/Commands/EntityStateCommand.h,0,1,1
/media/ullmann/HDDGabriel/research/engines/o3de/Code/Editor/Plugins/ComponentEntityEditorPlugin/UI/QComponentEntityEditorMainWindow.h,0,2,2
/media/ullmann/HDDGabriel/research/engines/o3de/Gems/Twitch/Code/Source/Platform/Android/Twitch_Traits_Platform.h,1,0,1
/media/ullmann/HDDGabriel/research/engines/o3de/Gems/Twitch/Code/Source/Platform/Android/Twitch_Traits_Android.h,0,1,1
/media/ullmann/HDDGabriel/research/engines/o3de/Code/Legacy/CryCommon/TimeValue.h,0,1,1
/media/ullmann/HDDGabriel/research/engines/o3de/Gems/EMotionFX/Code/EMotionFX/Tools/EMotionStudio/EMStudioSDK/Source/MorphTargetSelectionWindow.cpp,2,0,2
/media/ullmann/HDDGabriel/research/engines/o3de/Gems/EMotionFX/Code/EMotionFX/Tools/EMotionStudio/EMStudioSDK/Source/MorphTargetSelectionWindow.h,1,1,2
/media/ullmann/HDDGabriel/research/engines/o3de/Gems/EMotionFX/Code/EMotionFX/Source/Parameter/FloatParameter.cpp,1,0,1
/media/ullmann/HDDGabriel/research/engines/o3de/Gems/AtomTressFX/Code/HairModule.h,0,1,1
/media/ullmann/HDDGabriel/research/engines/o3de/Code/Framework/AzToolsFramework/AzToolsFramework/UI/ComponentPalette/ComponentPaletteUtil.hxx,0,2,2
/media/ullmann/HDDGabriel/research/engines/o3de/Gems/Atom/Feature/Common/Code/Source/Material/Transform2DFunctorSourceData.cpp,1,0,1
/media/ullmann/HDDGabriel/research/engines/o3de/Gems/Atom/Feature/Common/Code/Source/Material/Transform2DFunctorSourceData.h,1,1,2
/media/ullmann/HDDGabriel/research/engines/o3de/Gems/Atom/RHI/Metal/Code/Source/Platform/Windows/Metal_Traits_Platform.h,1,0,1
/media/ullmann/HDDGabriel/research/engines/o3de/Gems/Atom/RHI/Metal/Code/Source/Platform/Windows/Metal_Traits_Windows.h,0,1,1
/media/ullmann/HDDGabriel/research/engines/o3de/Gems/WhiteBox/Code/Source/SubComponentModes/EditorWhiteBoxComponentModeCommon.h,0,4,4
/media/ullmann/HDDGabriel/research/engines/o3de/Gems/AWSGameLift/Code/AWSGameLiftClient/Source/Activity/AWSGameLiftJoinSessionActivity.h,0,1,1
/media/ullmann/HDDGabriel/research/engines/o3de/Gems/LmbrCentral/Code/Source/Builders/CopyDependencyBuilder/CopyDependencyBuilderComponent.cpp,1,0,1
/media/ullmann/HDDGabriel/research/engines/o3de/Gems/PhysX/Code/Editor/ColliderComponentMode.h,1,1,2
/media/ullmann/HDDGabriel/research/engines/o3de/Gems/ScriptCanvas/Code/Include/ScriptCanvas/Libraries/Comparison/LessEqual.h,0,1,1
/media/ullmann/HDDGabriel/research/engines/o3de/Gems/LyShineExamples/Code/Source/LyShineExamplesModule.cpp,3,0,3
/media/ullmann/HDDGabriel/research/engines/o3de/Gems/LyShineExamples/Code/Source/UiCustomImageComponent.h,0,2,2
/media/ullmann/HDDGabriel/research/engines/o3de/Gems/LmbrCentral/Code/Source/Audio/EditorAudioMultiPositionComponent.cpp,1,0,1
/media/ullmann/HDDGabriel/research/engines/o3de/Gems/AWSMetrics/Code/Source/MetricsEvent.cpp,2,0,2
/media/ullmann/HDDGabriel/research/engines/o3de/Code/Framework/AzToolsFramework/AzToolsFramework/Manipulators/ManipulatorView.cpp,1,0,1
/media/ullmann/HDDGabriel/research/engines/o3de/Code/Framework/AzToolsFramework/AzToolsFramework/Manipulators/ManipulatorView.h,0,1,1
/media/ullmann/HDDGabriel/research/engines/o3de/Gems/LmbrCentral/Code/Source/Builders/SliceBuilder/SliceBuilderComponent.cpp,1,0,1
/media/ullmann/HDDGabriel/research/engines/o3de/Code/Tools/AssetProcessor/native/ui/ConnectionEditDialog.h,0,2,2
/media/ullmann/HDDGabriel/research/engines/o3de/Gems/EMotionFX/Code/EMotionFX/CommandSystem/Source/AnimGraphCommands.cpp,2,0,2
/media/ullmann/HDDGabriel/research/engines/o3de/Gems/EMotionFX/Code/EMotionFX/CommandSystem/Source/AnimGraphCommands.h,2,1,3
/media/ullmann/HDDGabriel/research/engines/o3de/Gems/PhysX/Code/Source/HeightfieldCollider.cpp,1,0,1
/media/ullmann/HDDGabriel/research/engines/o3de/Gems/HttpRequestor/Code/Source/HttpRequestManager.cpp,1,0,1
/media/ullmann/HDDGabriel/research/engines/o3de/Gems/ScriptCanvasDeveloper/Code/Editor/Source/ScriptCanvasDeveloperEditorComponent.cpp,1,0,1
/media/ullmann/HDDGabriel/research/engines/o3de/Gems/Metastream/Code/Source/Platform/Android/Metastream_Traits_Platform.h,1,0,1
/media/ullmann/HDDGabriel/research/engines/o3de/Gems/Metastream/Code/Source/Platform/Android/Metastream_Traits_Android.h,0,1,1
/media/ullmann/HDDGabriel/research/engines/o3de/Gems/EMotionFX/Code/Tests/MorphTargetRuntimeTests.cpp,1,0,1
/media/ullmann/HDDGabriel/research/engines/o3de/Gems/LyShine/Code/Editor/FindEntitySortFilterProxyModel.cpp,2,0,2
/media/ullmann/HDDGabriel/research/engines/o3de/Gems/GraphCanvas/Code/Source/Components/BookmarkAnchor/BookmarkAnchorVisualComponent.h,0,2,2
/media/ullmann/HDDGabriel/research/engines/o3de/Gems/EMotionFX/Code/EMotionFX/Tools/EMotionStudio/EMStudioSDK/Source/Allocators.cpp,1,0,1
/media/ullmann/HDDGabriel/research/engines/o3de/Gems/EMotionFX/Code/EMotionFX/Tools/EMotionStudio/EMStudioSDK/Source/Allocators.h,0,1,1
/media/ullmann/HDDGabriel/research/engines/o3de/Code/Framework/AzFramework/AzFramework/Viewport/ViewportBus.cpp,1,0,1
/media/ullmann/HDDGabriel/research/engines/o3de/Code/Framework/AzFramework/AzFramework/Viewport/ViewportBus.h,0,1,1
/media/ullmann/HDDGabriel/research/engines/o3de/Code/Framework/AzToolsFramework/AzToolsFramework/Manipulators/EditorVertexSelection.cpp,1,0,1
/media/ullmann/HDDGabriel/research/engines/o3de/Code/Framework/AzToolsFramework/AzToolsFramework/Manipulators/EditorVertexSelection.h,0,1,1
/media/ullmann/HDDGabriel/research/engines/o3de/Gems/StartingPointInput/Code/Source/InputEventMap.cpp,1,0,1
/media/ullmann/HDDGabriel/research/engines/o3de/Gems/StartingPointInput/Code/Source/InputEventMap.h,0,3,3
/media/ullmann/HDDGabriel/research/engines/o3de/Code/Framework/AzCore/Tests/AZStd/Parallel.cpp,1,0,1
/media/ullmann/HDDGabriel/research/engines/o3de/Code/Framework/AzToolsFramework/AzToolsFramework/AssetBrowser/Search/SearchParametersWidget.cpp,1,0,1
/media/ullmann/HDDGabriel/research/engines/o3de/Code/Framework/AzToolsFramework/AzToolsFramework/AssetBrowser/Search/SearchParametersWidget.h,0,1,1
/media/ullmann/HDDGabriel/research/engines/o3de/Gems/NvCloth/Code/Source/Pipeline/SceneAPIExt/ClothRuleBehavior.h,0,1,1
/media/ullmann/HDDGabriel/research/engines/o3de/Gems/LmbrCentral/Code/Tests/BoxShapeTest.cpp,1,0,1
/media/ullmann/HDDGabriel/research/engines/o3de/Gems/AtomLyIntegration/AtomFont/Code/Source/AtomFontSystemComponent.cpp,1,0,1
/media/ullmann/HDDGabriel/research/engines/o3de/Gems/Camera/Code/Source/CameraSystemComponent.h,0,2,2
/media/ullmann/HDDGabriel/research/engines/o3de/Gems/EMotionFX/Code/EMotionFX/Tools/EMotionStudio/Plugins/StandardPlugins/Source/AnimGraph/AnimGraphNodeWidget.h,0,1,1
/media/ullmann/HDDGabriel/research/engines/o3de/Gems/EditorPythonBindings/Code/Tests/PythonGlobalsTests.cpp,2,0,2
/media/ullmann/HDDGabriel/research/engines/o3de/Code/Framework/AzQtComponents/AzQtComponents/Gallery/ComboBoxPage.cpp,1,0,1
/media/ullmann/HDDGabriel/research/engines/o3de/Gems/LyShine/Code/Editor/PropertyHandlerPivot.h,0,2,2
/media/ullmann/HDDGabriel/research/engines/o3de/Gems/WhiteBox/Code/Source/Rendering/WhiteBoxNullRenderMesh.cpp,1,0,1
/media/ullmann/HDDGabriel/research/engines/o3de/Gems/ScriptCanvas/Code/Include/ScriptCanvas/Libraries/Deprecated/Operators/Containers/OperatorClear.h,1,1,2
/media/ullmann/HDDGabriel/research/engines/o3de/Code/Framework/AzToolsFramework/AzToolsFramework/ToolsComponents/TransformComponentBus.h,0,1,1
/media/ullmann/HDDGabriel/research/engines/o3de/Code/Editor/Objects/SelectionGroup.cpp,1,0,1
/media/ullmann/HDDGabriel/research/engines/o3de/Gems/AtomLyIntegration/CommonFeatures/Code/Source/SharedPreview/SharedPreviewerFactory.h,0,1,1
/media/ullmann/HDDGabriel/research/engines/o3de/Code/Framework/AzFramework/AzFramework/Viewport/CameraState.cpp,1,0,1
/media/ullmann/HDDGabriel/research/engines/o3de/Code/Framework/AzFramework/AzFramework/Viewport/CameraState.h,0,1,1
/media/ullmann/HDDGabriel/research/engines/o3de/Gems/AtomLyIntegration/AtomBridge/Code/Source/Editor/AssetCollectionAsyncLoaderTestComponent.cpp,1,0,1
/media/ullmann/HDDGabriel/research/engines/o3de/Gems/AudioSystem/Code/Platform/Linux/AudioSystem_Traits_Platform.h,1,0,1
/media/ullmann/HDDGabriel/research/engines/o3de/Gems/AudioSystem/Code/Platform/Linux/AudioSystem_Traits_Linux.h,0,1,1
/media/ullmann/HDDGabriel/research/engines/o3de/Gems/Atom/RHI/Vulkan/Code/Source/RHI/Conversion.cpp,1,0,1
/media/ullmann/HDDGabriel/research/engines/o3de/Gems/Atom/RHI/Vulkan/Code/Source/RHI/Formats.inl,0,1,1
/media/ullmann/HDDGabriel/research/engines/o3de/Gems/ScriptCanvas/Code/Include/ScriptCanvas/Execution/Interpreted/ExecutionInterpretedClassAPI.h,0,1,1
/media/ullmann/HDDGabriel/research/engines/o3de/Code/Framework/AzCore/Tests/AZStd/Variant.cpp,1,0,1
/media/ullmann/HDDGabriel/research/engines/o3de/Gems/LmbrCentral/Code/include/LmbrCentral/Component/EditorWrappedComponentBase.h,1,0,1
/media/ullmann/HDDGabriel/research/engines/o3de/Gems/LmbrCentral/Code/include/LmbrCentral/Component/EditorWrappedComponentBase.inl,0,1,1
/media/ullmann/HDDGabriel/research/engines/o3de/Gems/EditorPythonBindings/Code/Source/PythonReflectionComponent.h,0,2,2
/media/ullmann/HDDGabriel/research/engines/o3de/Gems/Atom/RHI/Code/Tests/RenderAttachmentLayoutBuilderTests.cpp,1,0,1
/media/ullmann/HDDGabriel/research/engines/o3de/Gems/SceneProcessing/Code/Source/Config/Components/SoftNameBehavior.h,0,1,1
/media/ullmann/HDDGabriel/research/engines/o3de/Gems/EMotionFX/Code/Tests/MorphTargetPipelineTests.cpp,1,0,1
/media/ullmann/HDDGabriel/research/engines/o3de/Code/Framework/AzCore/Platform/Android/AzCore/Socket/AzSocket_fwd_Platform.h,1,0,1
/media/ullmann/HDDGabriel/research/engines/o3de/Code/Framework/AzCore/Platform/Common/UnixLike/AzCore/Socket/AzSocket_fwd_UnixLike.h,0,4,4
/media/ullmann/HDDGabriel/research/engines/o3de/Code/Editor/Util/NamedData.h,1,2,3
/media/ullmann/HDDGabriel/research/engines/o3de/Code/Tools/ProjectManager/Source/FormFolderBrowseEditWidget.cpp,1,0,1
/media/ullmann/HDDGabriel/research/engines/o3de/AutomatedTesting/Gem/Code/Source/AutomatedTestingSystemComponent.cpp,1,0,1
/media/ullmann/HDDGabriel/research/engines/o3de/Code/Editor/Util/Mailer.h,0,1,1
/media/ullmann/HDDGabriel/research/engines/o3de/Code/Tools/TestImpactFramework/Runtime/Native/Code/Source/Target/Native/TestImpactNativeProductionTarget.h,0,1,1
/media/ullmann/HDDGabriel/research/engines/o3de/Gems/Multiplayer/Code/Source/EntityDomains/NullEntityDomain.h,0,1,1
/media/ullmann/HDDGabriel/research/engines/o3de/Code/Framework/AzToolsFramework/AzToolsFramework/UI/PropertyEditor/PropertyDoubleSpinCtrl.hxx,1,1,2
/media/ullmann/HDDGabriel/research/engines/o3de/Gems/ScriptCanvas/Code/Include/ScriptCanvas/Libraries/Operators/Math/OperatorMul.h,1,1,2
/media/ullmann/HDDGabriel/research/engines/o3de/Gems/LyShine/Code/Source/EditorPropertyTypes.cpp,1,0,1
/media/ullmann/HDDGabriel/research/engines/o3de/Gems/LyShine/Code/Source/Particle/UiParticle.cpp,1,0,1
/media/ullmann/HDDGabriel/research/engines/o3de/Gems/ImGui/Code/Source/LYCommonMenu/ImGuiLYEntityOutliner.cpp,1,0,1
/media/ullmann/HDDGabriel/research/engines/o3de/Code/Framework/AzTest/AzTest/Platform/Windows/AzTest_Traits_Platform.h,1,0,1
/media/ullmann/HDDGabriel/research/engines/o3de/Code/Framework/AzTest/AzTest/Platform/Windows/AzTest_Traits_Windows.h,0,1,1
/media/ullmann/HDDGabriel/research/engines/o3de/Gems/RecastNavigation/Code/Source/Misc/RecastNavigationMeshComponentController.cpp,1,0,1
/media/ullmann/HDDGabriel/research/engines/o3de/Gems/RecastNavigation/Code/Source/Misc/RecastProcessing.h,0,1,1
/media/ullmann/HDDGabriel/research/engines/o3de/Gems/EMotionFX/Code/EMotionFX/Tools/EMotionStudio/EMStudioSDK/Source/NotificationWindow.cpp,2,0,2
/media/ullmann/HDDGabriel/research/engines/o3de/Gems/EMotionFX/Code/EMotionFX/Tools/EMotionStudio/EMStudioSDK/Source/NotificationWindow.h,1,2,3
/media/ullmann/HDDGabriel/research/engines/o3de/Gems/AWSClientAuth/Code/Source/AWSClientAuthModule.h,0,1,1
/media/ullmann/HDDGabriel/research/engines/o3de/Code/Framework/AzCore/Tests/Streamer/IStreamerMock.h,0,1,1
/media/ullmann/HDDGabriel/research/engines/o3de/Gems/NvCloth/Code/Source/System/TangentSpaceHelper.h,0,1,1
/media/ullmann/HDDGabriel/research/engines/o3de/Gems/HttpRequestor/Code/Include/HttpRequestor/HttpRequestorBus.h,1,0,1
/media/ullmann/HDDGabriel/research/engines/o3de/Gems/EMotionFX/Code/Tests/BlendTreeBlendNNodeTests.cpp,1,0,1
/media/ullmann/HDDGabriel/research/engines/o3de/Gems/AudioEngineWwise/Code/Platform/Mac/AkPlatformFuncs_Platform.h,1,0,1
/media/ullmann/HDDGabriel/research/engines/o3de/Code/Editor/Include/ILogFile.h,0,1,1
/media/ullmann/HDDGabriel/research/engines/o3de/Gems/RemoteTools/Code/Source/Utilities/RemoteToolsOutboxThread.cpp,1,0,1
/media/ullmann/HDDGabriel/research/engines/o3de/Gems/RemoteTools/Code/Source/Utilities/RemoteToolsOutboxThread.h,0,2,2
/media/ullmann/HDDGabriel/research/engines/o3de/Code/Framework/AzToolsFramework/AzToolsFramework/UI/LegacyFramework/CustomMenus/CustomMenusComponent.cpp,1,0,1
/media/ullmann/HDDGabriel/research/engines/o3de/Code/Framework/AzToolsFramework/AzToolsFramework/UI/LegacyFramework/CustomMenus/CustomMenusAPI.h,0,1,1
/media/ullmann/HDDGabriel/research/engines/o3de/Gems/Presence/Code/Source/PresenceSystemComponent.cpp,1,0,1
/media/ullmann/HDDGabriel/research/engines/o3de/Gems/Presence/Code/Source/PresenceSystemComponent.h,0,2,2
/media/ullmann/HDDGabriel/research/engines/o3de/Gems/AWSGameLift/Code/AWSGameLiftServer/Source/AWSGameLiftServerModule.cpp,1,0,1
/media/ullmann/HDDGabriel/research/engines/o3de/Gems/Atom/Feature/Common/Code/Source/Material/SubsurfaceTransmissionParameterFunctor.cpp,1,0,1
/media/ullmann/HDDGabriel/research/engines/o3de/Code/Framework/AzQtComponents/AzQtComponents/Gallery/ComponentDemoWidget.h,0,2,2
/media/ullmann/HDDGabriel/research/engines/o3de/Gems/Atom/Feature/Common/Code/Source/SkinnedMesh/SkinnedMeshSystemComponent.h,0,1,1
/media/ullmann/HDDGabriel/research/engines/o3de/Gems/WhiteBox/Code/Source/Viewport/WhiteBoxManipulatorBounds.cpp,1,0,1
/media/ullmann/HDDGabriel/research/engines/o3de/Code/Tools/TestImpactFramework/Runtime/Common/Code/Include/Static/Artifact/TestImpactArtifactException.h,0,1,1
/media/ullmann/HDDGabriel/research/engines/o3de/Gems/LmbrCentral/Code/Tests/DiskShapeTest.cpp,1,0,1
/media/ullmann/HDDGabriel/research/engines/o3de/Gems/ImGui/External/ImGui/v1.82/imgui/imconfig.h,0,1,1
/media/ullmann/HDDGabriel/research/engines/o3de/Gems/MotionMatching/Code/Source/ImGuiMonitorBus.h,0,2,2
/media/ullmann/HDDGabriel/research/engines/o3de/Gems/Atom/Bootstrap/Code/Source/BootstrapModule.cpp,1,0,1
/media/ullmann/HDDGabriel/research/engines/o3de/Gems/Atom/Bootstrap/Code/Source/BootstrapSystemComponent.h,0,2,2
/media/ullmann/HDDGabriel/research/engines/o3de/Code/Tools/LuaIDE/Source/LUA/LUAEditorGoToLineDialog.cpp,1,0,1
/media/ullmann/HDDGabriel/research/engines/o3de/Code/Framework/AzQtComponents/AzQtComponents/Gallery/SpinBoxPage.cpp,1,0,1
/media/ullmann/HDDGabriel/research/engines/o3de/Gems/Profiler/Code/Source/CpuProfiler.cpp,1,0,1
/media/ullmann/HDDGabriel/research/engines/o3de/Gems/AudioEngineWwise/Code/Source/Engine/Common_wwise.h,0,2,2
/media/ullmann/HDDGabriel/research/engines/o3de/Gems/WhiteBox/Code/Source/Rendering/Atom/PackedFloat2.h,0,2,2
/media/ullmann/HDDGabriel/research/engines/o3de/Gems/GradientSignal/Code/Source/Editor/EditorSurfaceAltitudeGradientComponent.h,0,2,2
/media/ullmann/HDDGabriel/research/engines/o3de/Gems/GraphCanvas/Code/StaticLib/GraphCanvas/Components/NodePropertyDisplay/VectorDataInterface.h,1,0,1
/media/ullmann/HDDGabriel/research/engines/o3de/Gems/LmbrCentral/Code/Tests/SphereShapeTest.cpp,1,0,1
/media/ullmann/HDDGabriel/research/engines/o3de/Code/Framework/AzFramework/AzFramework/Viewport/ScreenGeometry.cpp,1,0,1
/media/ullmann/HDDGabriel/research/engines/o3de/Code/Framework/AzFramework/AzFramework/Viewport/ScreenGeometry.h,0,1,1
/media/ullmann/HDDGabriel/research/engines/o3de/Gems/EMotionFX/Code/EMotionFX/Source/ConstraintTransformRotationAngles.h,2,0,2
/media/ullmann/HDDGabriel/research/engines/o3de/Gems/ImGui/External/ImGui/v1.82/imgui/imgui_demo.cpp,1,1,2
/media/ullmann/HDDGabriel/research/engines/o3de/Gems/Atom/RPI/Code/Source/Platform/Mac/Atom_RPI_Traits_Platform.h,1,0,1
/media/ullmann/HDDGabriel/research/engines/o3de/Gems/Atom/RPI/Code/Source/Platform/Mac/Atom_RPI_Traits_Mac.h,0,1,1
/media/ullmann/HDDGabriel/research/engines/o3de/Gems/ScriptCanvas/Code/Include/ScriptCanvas/Libraries/UnitTesting/Auxiliary/Auxiliary.cpp,1,0,1
/media/ullmann/HDDGabriel/research/engines/o3de/Gems/ScriptCanvas/Code/Include/ScriptCanvas/Libraries/UnitTesting/Auxiliary/Auxiliary.h,0,1,1
/media/ullmann/HDDGabriel/research/engines/o3de/Code/Framework/AzQtComponents/AzQtComponents/Gallery/ToggleSwitchPage.cpp,1,0,1
/media/ullmann/HDDGabriel/research/engines/o3de/Code/Framework/AzCore/Tests/AZStd/ScopedLockTests.cpp,1,0,1
/media/ullmann/HDDGabriel/research/engines/o3de/Gems/EMotionFX/Code/EMotionFX/CommandSystem/Source/AnimGraphParameterCommands_Interface.inl,0,1,1
/media/ullmann/HDDGabriel/research/engines/o3de/Gems/EMotionFX/Code/EMotionFX/Source/BlendTreeVector4DecomposeNode.cpp,1,0,1
/media/ullmann/HDDGabriel/research/engines/o3de/Gems/AssetValidation/Code/Source/AssetSystemTestCommands.cpp,1,0,1
/media/ullmann/HDDGabriel/research/engines/o3de/Gems/LyShine/Code/Editor/UndoStack.cpp,1,0,1
/media/ullmann/HDDGabriel/research/engines/o3de/Gems/LyShine/Code/Editor/CommandPropertiesChange.h,0,1,1
/media/ullmann/HDDGabriel/research/engines/o3de/Gems/LmbrCentral/Code/Source/Scripting/EditorTagComponent.cpp,1,0,1
/media/ullmann/HDDGabriel/research/engines/o3de/Gems/EMotionFX/Code/Tests/AnimGraphTransitionConditionTests.cpp,1,0,1
/media/ullmann/HDDGabriel/research/engines/o3de/Gems/GraphCanvas/Code/Source/Components/BookmarkManagerComponent.h,0,2,2
/media/ullmann/HDDGabriel/research/engines/o3de/Gems/LyShine/Code/Editor/SliceMenuHelpers.cpp,2,0,2
/media/ullmann/HDDGabriel/research/engines/o3de/Gems/EMotionFX/Code/EMotionFX/Source/KeyFrameFinder.inl,0,1,1
/media/ullmann/HDDGabriel/research/engines/o3de/Gems/SceneProcessing/Code/Source/Config/Widgets/GraphTypeSelector.h,0,1,1
/media/ullmann/HDDGabriel/research/engines/o3de/Code/Tools/AssetProcessor/native/utilities/BuilderManager.cpp,1,0,1
/media/ullmann/HDDGabriel/research/engines/o3de/Code/Tools/AssetProcessor/native/utilities/BuilderManager.h,0,1,1
/media/ullmann/HDDGabriel/research/engines/o3de/Code/Framework/AzCore/Tests/AZStd/Iterators.cpp,1,0,1
/media/ullmann/HDDGabriel/research/engines/o3de/Gems/PhysX/Code/Source/Platform/Mac/PhysX_Traits_Platform.h,1,0,1
/media/ullmann/HDDGabriel/research/engines/o3de/Gems/PhysX/Code/Source/Platform/Mac/PhysX_Traits_Mac.h,0,1,1
/media/ullmann/HDDGabriel/research/engines/o3de/Gems/Atom/Feature/Common/Code/Source/SkyAtmosphere/SkyAtmosphereParentPass.h,0,1,1
/media/ullmann/HDDGabriel/research/engines/o3de/Gems/RecastNavigation/Code/Source/RecastNavigationEditorSystemComponent.cpp,1,0,1
/media/ullmann/HDDGabriel/research/engines/o3de/Gems/LyShine/Code/Source/UiSpawnerComponent.cpp,1,0,1
/media/ullmann/HDDGabriel/research/engines/o3de/Gems/LyShine/Code/Source/UiSpawnerComponent.h,0,2,2
/media/ullmann/HDDGabriel/research/engines/o3de/Gems/Atom/RHI/Null/Code/Source/Platform/Android/Null_Traits_Platform.h,1,0,1
/media/ullmann/HDDGabriel/research/engines/o3de/Gems/Atom/RHI/Null/Code/Source/Platform/Android/Null_Traits_Android.h,0,1,1
/media/ullmann/HDDGabriel/research/engines/o3de/Code/Framework/AzToolsFramework/Tests/PropertyIntSliderCtrlTests.cpp,1,0,1
/media/ullmann/HDDGabriel/research/engines/o3de/Gems/ExpressionEvaluation/Code/Source/ElementInformationSerializer.inl,0,1,1
/media/ullmann/HDDGabriel/research/engines/o3de/Gems/ScriptCanvas/Code/Editor/GraphCanvas/Components/NodeDescriptors/UserDefinedNodeDescriptorComponent.cpp,1,0,1
/media/ullmann/HDDGabriel/research/engines/o3de/Gems/ScriptCanvas/Code/Editor/GraphCanvas/Components/NodeDescriptors/UserDefinedNodeDescriptorComponent.h,0,1,1
/media/ullmann/HDDGabriel/research/engines/o3de/Gems/AWSCore/Code/Platform/Mac/AWSCore_Traits_Platform.h,1,0,1
/media/ullmann/HDDGabriel/research/engines/o3de/Gems/AWSCore/Code/Platform/Mac/AWSCore_Traits_Mac.h,0,1,1
/media/ullmann/HDDGabriel/research/engines/o3de/Gems/InAppPurchases/Code/Source/Platform/Common/Apple/InAppPurchasesApple.h,1,0,1
/media/ullmann/HDDGabriel/research/engines/o3de/Gems/InAppPurchases/Code/Source/Platform/Common/Apple/InAppPurchasesDelegate.h,0,1,1
/media/ullmann/HDDGabriel/research/engines/o3de/Gems/GradientSignal/Code/Include/GradientSignal/Editor/EditorGradientComponentBase.h,1,0,1
/media/ullmann/HDDGabriel/research/engines/o3de/Gems/GradientSignal/Code/Include/GradientSignal/Editor/EditorGradientComponentBase.inl,0,1,1
/media/ullmann/HDDGabriel/research/engines/o3de/Gems/Gestures/Code/Include/Gestures/GestureRecognizerDrag.h,1,0,1
/media/ullmann/HDDGabriel/research/engines/o3de/Gems/AudioEngineWwise/Code/Platform/Windows/AudioEngineWwise_Traits_Platform.h,1,0,1
/media/ullmann/HDDGabriel/research/engines/o3de/Gems/AudioEngineWwise/Code/Platform/Windows/AudioEngineWwise_Traits_Windows.h,0,1,1
/media/ullmann/HDDGabriel/research/engines/o3de/Gems/LmbrCentral/Code/Source/Shape/AxisAlignedBoxShape.cpp,1,0,1
/media/ullmann/HDDGabriel/research/engines/o3de/Gems/LmbrCentral/Code/Source/Shape/AxisAlignedBoxShape.h,1,3,4
/media/ullmann/HDDGabriel/research/engines/o3de/Gems/ScriptCanvas/Code/Include/ScriptCanvas/Libraries/Core/GetVariable.cpp,1,0,1
/media/ullmann/HDDGabriel/research/engines/o3de/Gems/ScriptCanvas/Code/Include/ScriptCanvas/Libraries/Core/GetVariable.h,0,1,1
/media/ullmann/HDDGabriel/research/engines/o3de/Gems/ScriptCanvas/Code/Include/ScriptCanvas/Libraries/Deprecated/Operators/Math/OperatorDivideByNumber.cpp,1,0,1
/media/ullmann/HDDGabriel/research/engines/o3de/Gems/ScriptCanvas/Code/Include/ScriptCanvas/Libraries/Deprecated/Operators/Math/OperatorDivideByNumber.h,0,1,1
/media/ullmann/HDDGabriel/research/engines/o3de/Gems/Blast/Code/Source/Components/BlastMeshDataComponent.h,0,1,1
/media/ullmann/HDDGabriel/research/engines/o3de/Gems/AtomLyIntegration/TechnicalArt/DccScriptingInterface/Code/Source/DCCScriptingInterfaceSystemComponent.cpp,1,0,1
/media/ullmann/HDDGabriel/research/engines/o3de/Gems/EMotionFX/Code/EMotionFX/Source/AnimGraphStateCondition.h,0,1,1
/media/ullmann/HDDGabriel/research/engines/o3de/Gems/Atom/Asset/ImageProcessingAtom/Code/Source/Compressors/CryTextureSquisher/ColorBlockRGBA4x4c.h,1,2,3
/media/ullmann/HDDGabriel/research/engines/o3de/Gems/ScriptCanvas/Code/Include/ScriptCanvas/Libraries/ScriptCanvasNodeRegistry.cpp,1,0,1
/media/ullmann/HDDGabriel/research/engines/o3de/Gems/ScriptCanvas/Code/Include/ScriptCanvas/Libraries/ScriptCanvasNodeRegistry.h,0,1,1
/media/ullmann/HDDGabriel/research/engines/o3de/Gems/AudioSystem/Code/Source/Editor/ATLControlsResourceDialog.h,2,2,4
/media/ullmann/HDDGabriel/research/engines/o3de/Gems/LyShine/Code/Editor/NewElementToolbarSection.cpp,1,0,1
/media/ullmann/HDDGabriel/research/engines/o3de/Gems/ScriptCanvas/Code/Include/ScriptCanvas/Libraries/Core/SendScriptEvent.cpp,1,0,1
/media/ullmann/HDDGabriel/research/engines/o3de/Gems/ScriptCanvas/Code/Include/ScriptCanvas/Libraries/Core/SendScriptEvent.h,1,1,2
/media/ullmann/HDDGabriel/research/engines/o3de/Gems/EMotionFX/Code/EMotionFX/Tools/EMotionStudio/Plugins/StandardPlugins/Source/AnimGraph/AnimGraphOptions.cpp,1,0,1
/media/ullmann/HDDGabriel/research/engines/o3de/Gems/Twitch/Code/Source/TwitchSystemComponent.cpp,2,0,2
/media/ullmann/HDDGabriel/research/engines/o3de/Gems/Twitch/Code/Source/TwitchSystemComponent.h,1,2,3
/media/ullmann/HDDGabriel/research/engines/o3de/Gems/LmbrCentral/Code/Platform/Mac/LmbrCentral_Traits_Platform.h,1,0,1
/media/ullmann/HDDGabriel/research/engines/o3de/Gems/LmbrCentral/Code/Platform/Mac/LmbrCentral_Traits_Mac.h,0,1,1
/media/ullmann/HDDGabriel/research/engines/o3de/Code/Framework/AzCore/Tests/Math/Matrix3x4Tests.cpp,1,0,1
/media/ullmann/HDDGabriel/research/engines/o3de/Code/Framework/AzCore/Tests/Math/MathTestData.h,0,2,2
/media/ullmann/HDDGabriel/research/engines/o3de/Gems/EMotionFX/Code/EMotionFX/Source/BlendSpaceNode.h,1,0,1
/media/ullmann/HDDGabriel/research/engines/o3de/Gems/LyShine/Code/Source/Animation/TrackEventTrack.cpp,1,0,1
/media/ullmann/HDDGabriel/research/engines/o3de/Gems/EMotionFX/Code/MCore/Source/Macros.h,0,1,1
/media/ullmann/HDDGabriel/research/engines/o3de/Gems/ScriptCanvas/Code/Editor/GraphCanvas/Components/NodeDescriptors/EBusSenderNodeDescriptorComponent.cpp,1,0,1
/media/ullmann/HDDGabriel/research/engines/o3de/Gems/ScriptCanvas/Code/Editor/GraphCanvas/Components/NodeDescriptors/EBusSenderNodeDescriptorComponent.h,0,1,1
/media/ullmann/HDDGabriel/research/engines/o3de/Gems/VirtualGamepad/Code/Source/InputDeviceVirtualGamepad.h,0,2,2
/media/ullmann/HDDGabriel/research/engines/o3de/Gems/Multiplayer/Code/Source/Debug/MultiplayerDebugHierarchyReporter.cpp,1,0,1
/media/ullmann/HDDGabriel/research/engines/o3de/Gems/Multiplayer/Code/Source/Debug/MultiplayerDebugHierarchyReporter.h,0,2,2
/media/ullmann/HDDGabriel/research/engines/o3de/Gems/ScriptCanvas/Code/Include/ScriptCanvas/Libraries/Deprecated/Logic/Sequencer.cpp,1,0,1
/media/ullmann/HDDGabriel/research/engines/o3de/Gems/ScriptCanvas/Code/Include/ScriptCanvas/Libraries/Deprecated/Logic/Sequencer.h,0,1,1
/media/ullmann/HDDGabriel/research/engines/o3de/Gems/ScriptCanvas/Code/Include/ScriptCanvas/Libraries/Deprecated/Operators/Containers/OperatorFront.h,1,1,2
/media/ullmann/HDDGabriel/research/engines/o3de/Gems/EMotionFX/Code/EMotionFX/Tools/EMotionStudio/Plugins/StandardPlugins/Source/AnimGraph/ParameterSelectionWindow.cpp,1,0,1
/media/ullmann/HDDGabriel/research/engines/o3de/Gems/EditorPythonBindings/Code/Tests/PythonAssociativeTests.cpp,2,0,2
/media/ullmann/HDDGabriel/research/engines/o3de/Gems/Vegetation/Code/Source/Components/DistributionFilterComponent.cpp,1,0,1
/media/ullmann/HDDGabriel/research/engines/o3de/Gems/Vegetation/Code/Source/Components/DistributionFilterComponent.h,0,2,2
/media/ullmann/HDDGabriel/research/engines/o3de/Gems/LyShine/Code/Source/UiLayoutManager.cpp,1,0,1
/media/ullmann/HDDGabriel/research/engines/o3de/Code/Tools/TestImpactFramework/Frontend/Console/Common/Code/Include/Static/TestImpactCommandLineOptions.h,0,2,2
/media/ullmann/HDDGabriel/research/engines/o3de/Code/Tools/ProjectManager/Source/ScreenHeaderWidget.cpp,1,0,1
/media/ullmann/HDDGabriel/research/engines/o3de/Gems/AssetValidation/Code/Source/AssetValidationModule.cpp,1,0,1
/media/ullmann/HDDGabriel/research/engines/o3de/Code/Framework/AzToolsFramework/AzToolsFramework/Commands/BaseSliceCommand.cpp,1,0,1
/media/ullmann/HDDGabriel/research/engines/o3de/Code/Framework/AzToolsFramework/AzToolsFramework/Commands/BaseSliceCommand.h,0,1,1
/media/ullmann/HDDGabriel/research/engines/o3de/Gems/EMotionFX/Code/Tests/EventManagerTests.cpp,1,0,1
/media/ullmann/HDDGabriel/research/engines/o3de/Gems/Multiplayer/Code/Source/Debug/MultiplayerConnectionViewportMessageSystemComponent.cpp,1,0,1
/media/ullmann/HDDGabriel/research/engines/o3de/Gems/Multiplayer/Code/Source/Debug/MultiplayerConnectionViewportMessageSystemComponent.h,0,1,1
/media/ullmann/HDDGabriel/research/engines/o3de/Gems/Multiplayer/Code/Source/Debug/MultiplayerDebugPerEntityReporter.h,1,2,3
/media/ullmann/HDDGabriel/research/engines/o3de/Code/Framework/AzToolsFramework/AzToolsFramework/UI/ComponentPalette/ComponentPaletteUtil.cpp,1,0,1
/media/ullmann/HDDGabriel/research/engines/o3de/Gems/AtomLyIntegration/EditorModeFeedback/Code/Source/EditorModeFeedbackModule.h,0,1,1
/media/ullmann/HDDGabriel/research/engines/o3de/Gems/LyShine/Code/Source/UiScrollBarComponent.cpp,2,0,2
/media/ullmann/HDDGabriel/research/engines/o3de/Code/Tools/ProjectManager/Source/GemCatalog/GemInfo.cpp,1,0,1
/media/ullmann/HDDGabriel/research/engines/o3de/Gems/Maestro/Code/Source/Cinematics/CVarNode.cpp,2,0,2
/media/ullmann/HDDGabriel/research/engines/o3de/Gems/Maestro/Code/Source/Cinematics/AnimAZEntityNode.cpp,2,0,2
/media/ullmann/HDDGabriel/research/engines/o3de/Gems/CameraFramework/Code/Source/CameraFrameworkGem.cpp,1,0,1
/media/ullmann/HDDGabriel/research/engines/o3de/Gems/EMotionFX/Code/Platform/iOS/EMotionFX_Traits_Platform.h,1,0,1
/media/ullmann/HDDGabriel/research/engines/o3de/Gems/EMotionFX/Code/Platform/iOS/EMotionFX_Traits_iOS.h,0,1,1
/media/ullmann/HDDGabriel/research/engines/o3de/Gems/ScriptCanvas/Code/Include/ScriptCanvas/Libraries/Deprecated/Operators/Containers/OperatorPushBack.cpp,1,0,1
/media/ullmann/HDDGabriel/research/engines/o3de/Gems/Metastream/Code/Source/MetastreamGem.cpp,2,0,2
/media/ullmann/HDDGabriel/research/engines/o3de/Gems/Vegetation/Code/Source/Components/SurfaceAltitudeFilterComponent.cpp,1,0,1
/media/ullmann/HDDGabriel/research/engines/o3de/Gems/Vegetation/Code/Source/Components/SurfaceAltitudeFilterComponent.h,0,2,2
/media/ullmann/HDDGabriel/research/engines/o3de/Code/Framework/AzCore/Tests/AZStd/FunctionalBasic.cpp,1,0,1
/media/ullmann/HDDGabriel/research/engines/o3de/Code/Tools/AssetProcessor/native/resourcecompiler/rcjob.cpp,1,0,1
/media/ullmann/HDDGabriel/research/engines/o3de/Gems/ScriptCanvas/Code/Include/ScriptCanvas/Libraries/Core/ScriptEventBase.cpp,1,0,1
/media/ullmann/HDDGabriel/research/engines/o3de/Gems/EMotionFX/Code/EMotionFX/Source/AnimGraphSymbolicFollowerParameterAction.h,0,1,1
/media/ullmann/HDDGabriel/research/engines/o3de/Gems/LyShine/Code/Editor/PropertiesWrapper.h,0,1,1
/media/ullmann/HDDGabriel/research/engines/o3de/Code/Tools/AssetProcessor/native/resourcecompiler/RCBuilder.h,1,1,2
/media/ullmann/HDDGabriel/research/engines/o3de/Gems/AtomTressFX/External/Code/src/TressFXSample.h,1,1,2
/media/ullmann/HDDGabriel/research/engines/o3de/Gems/PythonAssetBuilder/Code/Tests/PythonBuilderCreateJobsTest.cpp,1,0,1
/media/ullmann/HDDGabriel/research/engines/o3de/Gems/EMotionFX/Code/EMotionFX/Exporters/ExporterLib/Exporter/MotionEventExport.cpp,1,0,1
/media/ullmann/HDDGabriel/research/engines/o3de/Code/Framework/AzCore/AzCore/std/algorithm.h,1,0,1
/media/ullmann/HDDGabriel/research/engines/o3de/Code/Framework/AzCore/AzCore/std/math.h,0,1,1
/media/ullmann/HDDGabriel/research/engines/o3de/Gems/Atom/RPI/Code/Tests/Common/ErrorMessageFinder.cpp,1,0,1
/media/ullmann/HDDGabriel/research/engines/o3de/Gems/Atom/RPI/Code/Tests/Common/ErrorMessageFinder.h,0,1,1
/media/ullmann/HDDGabriel/research/engines/o3de/Gems/Vegetation/Code/Source/Editor/EditorDescriptorListCombinerComponent.cpp,1,0,1
/media/ullmann/HDDGabriel/research/engines/o3de/Gems/Vegetation/Code/Source/Editor/EditorDistributionFilterComponent.cpp,1,0,1
/media/ullmann/HDDGabriel/research/engines/o3de/Gems/ScriptCanvas/Code/Include/ScriptCanvas/Libraries/Math/MathFunctions.cpp,1,0,1
/media/ullmann/HDDGabriel/research/engines/o3de/Gems/ScriptCanvas/Code/Include/ScriptCanvas/Libraries/Math/MathFunctions.h,0,1,1
/media/ullmann/HDDGabriel/research/engines/o3de/Gems/AWSCore/Code/Source/AWSCoreEditorModule.h,0,1,1
/media/ullmann/HDDGabriel/research/engines/o3de/Gems/Meshlets/ASV_GPU_and_CPU_Demo/MeshletsExampleComponent.cpp,1,0,1
/media/ullmann/HDDGabriel/research/engines/o3de/Gems/EMotionFX/Code/MCore/Source/CompressedQuaternion.inl,0,1,1
/media/ullmann/HDDGabriel/research/engines/o3de/Code/Framework/AzCore/Tests/AZStd/Optional.cpp,1,0,1
/media/ullmann/HDDGabriel/research/engines/o3de/Gems/ScriptCanvas/Code/Editor/View/Widgets/NodePalette/EBusNodePaletteTreeItemTypes.cpp,1,0,1
/media/ullmann/HDDGabriel/research/engines/o3de/Gems/GraphCanvas/Code/Source/Components/BookmarkAnchor/BookmarkAnchorLayerControllerComponent.h,0,2,2
/media/ullmann/HDDGabriel/research/engines/o3de/Gems/LyShine/Code/Editor/SpriteBorderEditorCommon.cpp,1,0,1
/media/ullmann/HDDGabriel/research/engines/o3de/Gems/AtomTressFX/External/Code/src/HairStrands.cpp,2,0,2
/media/ullmann/HDDGabriel/research/engines/o3de/Gems/AtomTressFX/External/Code/src/HairStrands.h,0,3,3
/media/ullmann/HDDGabriel/research/engines/o3de/Code/Tools/LuaIDE/Source/LuaIDEApplication.cpp,1,0,1
/media/ullmann/HDDGabriel/research/engines/o3de/Code/Tools/LuaIDE/Source/LuaIDEApplication.h,0,1,1
/media/ullmann/HDDGabriel/research/engines/o3de/Code/Legacy/CryCommon/Cry_Matrix33.h,0,1,1
/media/ullmann/HDDGabriel/research/engines/o3de/Gems/ScriptAutomation/Code/Tests/ScriptAutomationApplicationFixture.cpp,1,0,1
/media/ullmann/HDDGabriel/research/engines/o3de/Gems/LyShine/Code/Editor/SlicerManipulator.h,0,1,1
/media/ullmann/HDDGabriel/research/engines/o3de/Gems/LandscapeCanvas/Code/Source/Editor/Nodes/Gradients/SurfaceMaskGradientNode.cpp,1,0,1
/media/ullmann/HDDGabriel/research/engines/o3de/Gems/LandscapeCanvas/Code/Source/Editor/Nodes/Gradients/SurfaceMaskGradientNode.h,0,2,2
/media/ullmann/HDDGabriel/research/engines/o3de/Gems/LmbrCentral/Code/Source/Shape/BoxShape.cpp,1,0,1
/media/ullmann/HDDGabriel/research/engines/o3de/Code/Legacy/CrySystem/XML/XMLBinaryNode.cpp,1,0,1
/media/ullmann/HDDGabriel/research/engines/o3de/Code/Framework/AzToolsFramework/AzToolsFramework/UI/UICore/PlainTextEdit.cpp,1,0,1
/media/ullmann/HDDGabriel/research/engines/o3de/Code/Framework/AzToolsFramework/AzToolsFramework/UI/UICore/PlainTextEdit.hxx,0,1,1
/media/ullmann/HDDGabriel/research/engines/o3de/Code/Editor/Plugins/ProjectSettingsTool/Utils.cpp,2,0,2
/media/ullmann/HDDGabriel/research/engines/o3de/Gems/Achievements/Code/Source/AchievementsSystemComponent.cpp,1,0,1
/media/ullmann/HDDGabriel/research/engines/o3de/Gems/ScriptEvents/Code/Tests/ScriptEventsTestApplication.h,0,2,2
/media/ullmann/HDDGabriel/research/engines/o3de/Gems/ScriptCanvas/Code/Include/ScriptCanvas/Libraries/Core/BinaryOperator.cpp,1,0,1
/media/ullmann/HDDGabriel/research/engines/o3de/Gems/ScriptCanvas/Code/Include/ScriptCanvas/Libraries/Core/BinaryOperator.h,0,1,1
/media/ullmann/HDDGabriel/research/engines/o3de/Gems/LmbrCentral/Code/Source/Ai/EditorNavigationSeedComponent.h,0,2,2
/media/ullmann/HDDGabriel/research/engines/o3de/Gems/ScriptCanvas/Code/Include/ScriptCanvas/Libraries/Deprecated/Time/HeartBeat.cpp,1,0,1
/media/ullmann/HDDGabriel/research/engines/o3de/Gems/ScriptCanvas/Code/Include/ScriptCanvas/Libraries/Deprecated/Time/HeartBeat.h,0,1,1
/media/ullmann/HDDGabriel/research/engines/o3de/Code/Editor/Objects/ClassDesc.cpp,1,0,1
/media/ullmann/HDDGabriel/research/engines/o3de/Gems/LyShine/Code/Tests/UiDynamicScrollBoxComponentTest.cpp,2,0,2
/media/ullmann/HDDGabriel/research/engines/o3de/Gems/EMotionFX/Code/EMotionFX/Pipeline/EMotionFXBuilder/AnimGraphBuilderWorker.cpp,1,0,1
/media/ullmann/HDDGabriel/research/engines/o3de/Code/Tools/LuaIDE/Source/LUA/LUAEditorFoldingWidget.hxx,0,1,1
/media/ullmann/HDDGabriel/research/engines/o3de/Code/Legacy/CryCommon/Cry_GeoDistance.h,1,0,1
/media/ullmann/HDDGabriel/research/engines/o3de/Code/Editor/Util/FileUtil_impl.h,0,2,2
/media/ullmann/HDDGabriel/research/engines/o3de/Code/Editor/Util/fastlib.h,0,1,1
/media/ullmann/HDDGabriel/research/engines/o3de/Gems/RecastNavigation/Code/Source/EditorComponents/EditorDetourNavigationComponent.cpp,1,0,1
/media/ullmann/HDDGabriel/research/engines/o3de/Gems/RecastNavigation/Code/Source/EditorComponents/EditorDetourNavigationComponent.h,0,2,2
/media/ullmann/HDDGabriel/research/engines/o3de/Code/Framework/AzQtComponents/AzQtComponents/Gallery/TreeViewPage.cpp,1,0,1
/media/ullmann/HDDGabriel/research/engines/o3de/Code/Framework/AzQtComponents/AzQtComponents/Gallery/TreeViewPage.h,0,2,2
/media/ullmann/HDDGabriel/research/engines/o3de/Code/Editor/ErrorReport.cpp,3,0,3
/media/ullmann/HDDGabriel/research/engines/o3de/Gems/Atom/Bootstrap/Code/Source/BootstrapSystemComponent.cpp,1,0,1
/media/ullmann/HDDGabriel/research/engines/o3de/Gems/EMotionFX/Code/EMotionFX/CommandSystem/Source/AnimGraphParameterCommands.cpp,1,0,1
/media/ullmann/HDDGabriel/research/engines/o3de/Gems/EMotionFX/Code/EMotionFX/CommandSystem/Source/AnimGraphParameterCommands_Impl.inl,0,1,1
/media/ullmann/HDDGabriel/research/engines/o3de/Gems/DebugDraw/Code/Source/EditorDebugDrawSphereComponent.cpp,1,0,1
/media/ullmann/HDDGabriel/research/engines/o3de/Gems/Vegetation/Code/Source/Components/SpawnerComponent.cpp,1,0,1
/media/ullmann/HDDGabriel/research/engines/o3de/Gems/Vegetation/Code/Source/Components/SpawnerComponent.h,0,2,2
/media/ullmann/HDDGabriel/research/engines/o3de/Gems/ScriptCanvas/Code/Include/ScriptCanvas/Libraries/Math/OBB.cpp,1,0,1
/media/ullmann/HDDGabriel/research/engines/o3de/Gems/ScriptCanvas/Code/Include/ScriptCanvas/Libraries/Math/OBB.h,0,1,1
/media/ullmann/HDDGabriel/research/engines/o3de/Gems/EditorPythonBindings/Code/Source/PythonReflectionComponent.cpp,1,0,1
/media/ullmann/HDDGabriel/research/engines/o3de/Gems/SceneProcessing/Code/Source/Generation/Components/MeshOptimizer/MeshBuilderInvalidIndex.h,0,2,2
/media/ullmann/HDDGabriel/research/engines/o3de/Gems/PhysX/Code/Source/EditorColliderComponent.h,1,0,1
/media/ullmann/HDDGabriel/research/engines/o3de/Gems/MotionMatching/Code/Source/BlendTreeMotionMatchNode.cpp,3,0,3
/media/ullmann/HDDGabriel/research/engines/o3de/Gems/GraphCanvas/Code/Source/GraphCanvasGameModule.cpp,1,0,1
/media/ullmann/HDDGabriel/research/engines/o3de/Gems/GraphCanvas/Code/Source/GraphCanvasModule.h,0,2,2
/media/ullmann/HDDGabriel/research/engines/o3de/Code/Framework/AzCore/AzCore/Slice/SliceAsset.h,0,1,1
/media/ullmann/HDDGabriel/research/engines/o3de/Gems/LyShine/Code/Editor/UndoStackExecutionScope.cpp,1,0,1
/media/ullmann/HDDGabriel/research/engines/o3de/Code/Legacy/CryCommon/CryHalf.inl,0,1,1
/media/ullmann/HDDGabriel/research/engines/o3de/Gems/DiffuseProbeGrid/Code/Source/Components/DiffuseGlobalIlluminationComponent.h,0,1,1
/media/ullmann/HDDGabriel/research/engines/o3de/Gems/GraphCanvas/Code/Source/Components/Slots/SlotComponent.h,0,1,1
/media/ullmann/HDDGabriel/research/engines/o3de/Gems/EMotionFX/Code/EMotionFX/Tools/EMotionStudio/Plugins/StandardPlugins/Source/LogWindow/LogWindowCallback.cpp,1,0,1
/media/ullmann/HDDGabriel/research/engines/o3de/Code/Tools/CrashHandler/Platform/Android/CrashHandler_Traits_Platform.h,1,0,1
/media/ullmann/HDDGabriel/research/engines/o3de/Code/Tools/CrashHandler/Platform/Android/CrashHandler_Traits_Android.h,0,1,1
/media/ullmann/HDDGabriel/research/engines/o3de/Gems/Twitch/Code/Include/Twitch/RESTTypes.h,1,0,1
/media/ullmann/HDDGabriel/research/engines/o3de/Gems/Twitch/Code/Include/Twitch/BaseTypes.h,0,1,1
/media/ullmann/HDDGabriel/research/engines/o3de/Gems/PhysX/Code/Tests/PhysXTestUtil.cpp,1,0,1
/media/ullmann/HDDGabriel/research/engines/o3de/Code/Framework/AzToolsFramework/AzToolsFramework/Slice/SliceMetadataEntityContextComponent.cpp,1,0,1
/media/ullmann/HDDGabriel/research/engines/o3de/Code/Framework/AzToolsFramework/AzToolsFramework/Slice/SliceMetadataEntityContextComponent.h,0,1,1
/media/ullmann/HDDGabriel/research/engines/o3de/Gems/EMotionFX/Code/EMotionFX/Tools/EMotionStudio/EMStudioSDK/Source/LoadActorSettingsWindow.cpp,2,0,2
/media/ullmann/HDDGabriel/research/engines/o3de/Gems/EMotionFX/Code/EMotionFX/Tools/EMotionStudio/EMStudioSDK/Source/LoadActorSettingsWindow.h,1,1,2
/media/ullmann/HDDGabriel/research/engines/o3de/Gems/AWSCore/Code/Source/AWSCoreModule.cpp,2,0,2
/media/ullmann/HDDGabriel/research/engines/o3de/Gems/AWSCore/Code/Source/AWSCoreModule.h,0,1,1
/media/ullmann/HDDGabriel/research/engines/o3de/Gems/LandscapeCanvas/Code/Source/Editor/Nodes/Gradients/ConstantGradientNode.cpp,1,0,1
/media/ullmann/HDDGabriel/research/engines/o3de/Gems/LandscapeCanvas/Code/Source/Editor/Nodes/Gradients/ConstantGradientNode.h,0,2,2
/media/ullmann/HDDGabriel/research/engines/o3de/Gems/SceneProcessing/Code/Source/Config/Components/SceneProcessingConfigSystemComponent.h,0,1,1
/media/ullmann/HDDGabriel/research/engines/o3de/Code/Tools/ProjectManager/Source/PathValidator.cpp,1,0,1
/media/ullmann/HDDGabriel/research/engines/o3de/Gems/MotionMatching/Code/Source/MotionMatchingModule.cpp,2,0,2
/media/ullmann/HDDGabriel/research/engines/o3de/Code/Framework/AzCore/Platform/iOS/AzCore/Socket/AzSocket_fwd_Platform.h,1,0,1
/media/ullmann/HDDGabriel/research/engines/o3de/Gems/Atom/Feature/Common/Code/Source/ReflectionProbe/ReflectionProbeFeatureProcessor.h,0,1,1
/media/ullmann/HDDGabriel/research/engines/o3de/Code/Framework/AzToolsFramework/AzToolsFramework/Commands/PreemptiveUndoCache.cpp,1,0,1
/media/ullmann/HDDGabriel/research/engines/o3de/Code/Framework/AzToolsFramework/AzToolsFramework/Commands/PreemptiveUndoCache.h,0,2,2
/media/ullmann/HDDGabriel/research/engines/o3de/Gems/LandscapeCanvas/Code/Source/Editor/Nodes/GradientModifiers/DitherGradientModifierNode.cpp,1,0,1
/media/ullmann/HDDGabriel/research/engines/o3de/Code/Framework/AzToolsFramework/AzToolsFramework/Entity/EditorEntityModelComponent.cpp,1,0,1
/media/ullmann/HDDGabriel/research/engines/o3de/Code/Framework/AzToolsFramework/AzToolsFramework/Entity/EditorEntityModelComponent.h,0,1,1
/media/ullmann/HDDGabriel/research/engines/o3de/Gems/Atom/RHI/Vulkan/Code/Include/Platform/Mac/Atom_RHI_Vulkan_Platform.h,1,0,1
/media/ullmann/HDDGabriel/research/engines/o3de/Gems/Atom/RHI/Vulkan/Code/Include/Platform/Mac/Atom_RHI_Vulkan_Mac.h,0,1,1
/media/ullmann/HDDGabriel/research/engines/o3de/Gems/Vegetation/Code/Source/Components/ScaleModifierComponent.cpp,1,0,1
/media/ullmann/HDDGabriel/research/engines/o3de/Code/Editor/Objects/LineGizmo.cpp,3,0,3
/media/ullmann/HDDGabriel/research/engines/o3de/Code/Framework/AzCore/AzCore/std/smart_ptr/intrusive_base.h,1,0,1
/media/ullmann/HDDGabriel/research/engines/o3de/Code/Framework/AzCore/AzCore/std/smart_ptr/intrusive_refcount.h,0,1,1
/media/ullmann/HDDGabriel/research/engines/o3de/Code/Framework/AzCore/AzCore/Memory/HeapSchema.cpp,1,0,1
/media/ullmann/HDDGabriel/research/engines/o3de/Code/Framework/AzCore/AzCore/Memory/dlmalloc.inl,0,1,1
/media/ullmann/HDDGabriel/research/engines/o3de/Gems/LyShine/Code/Editor/CommandHierarchyItemCreate.cpp,1,0,1
/media/ullmann/HDDGabriel/research/engines/o3de/Code/Framework/AzToolsFramework/AzToolsFramework/UI/PropertyEditor/MultiLineTextEditHandler.cpp,1,0,1
/media/ullmann/HDDGabriel/research/engines/o3de/Gems/PhysX/Code/Source/Configuration/PhysXSettingsRegistryManager.h,0,2,2
/media/ullmann/HDDGabriel/research/engines/o3de/Gems/Atom/Asset/ImageProcessingAtom/Code/Source/BuilderSettings/BuilderSettingManager.cpp,1,0,1
/media/ullmann/HDDGabriel/research/engines/o3de/Code/Framework/AzQtComponents/AzQtComponents/Gallery/ToolBarPage.cpp,1,0,1
/media/ullmann/HDDGabriel/research/engines/o3de/Code/Tools/TestImpactFramework/Runtime/Common/Code/Include/Static/TestRunner/Common/Enumeration/TestImpactTestEnumeration.h,0,1,1
/media/ullmann/HDDGabriel/research/engines/o3de/Gems/Atom/Feature/Common/Code/Source/PostProcessing/DepthOfFieldBokehBlurPass.h,0,1,1
/media/ullmann/HDDGabriel/research/engines/o3de/Code/Editor/Dialogs/ErrorsDlg.h,0,2,2
/media/ullmann/HDDGabriel/research/engines/o3de/Code/Legacy/CryCommon/IMaterial.h,1,0,1
/media/ullmann/HDDGabriel/research/engines/o3de/Gems/ScriptCanvas/Code/Include/ScriptCanvas/Libraries/Math/Vector3.cpp,1,0,1
/media/ullmann/HDDGabriel/research/engines/o3de/Gems/ScriptCanvas/Code/Include/ScriptCanvas/Libraries/Math/Vector3.h,0,1,1
/media/ullmann/HDDGabriel/research/engines/o3de/Gems/Compression/Code/Source/Tools/CompressionEditorSystemComponent.h,0,2,2
/media/ullmann/HDDGabriel/research/engines/o3de/Gems/LmbrCentral/Code/Tests/EditorBoxShapeComponentTests.cpp,1,0,1
/media/ullmann/HDDGabriel/research/engines/o3de/Gems/EMotionFX/Code/EMotionFX/Source/Parameter/GroupParameter.cpp,1,0,1
/media/ullmann/HDDGabriel/research/engines/o3de/Gems/InAppPurchases/Code/Source/InAppPurchasesModule.h,0,1,1
/media/ullmann/HDDGabriel/research/engines/o3de/Gems/GraphCanvas/Code/Source/Components/Slots/Property/PropertySlotComponent.h,0,2,2
/media/ullmann/HDDGabriel/research/engines/o3de/Gems/Atom/Asset/ImageProcessingAtom/Code/Source/Compressors/CryTextureSquisher/ColorBlockRGBA4x4f.cpp,1,0,1
/media/ullmann/HDDGabriel/research/engines/o3de/Gems/LandscapeCanvas/Code/Source/Editor/Nodes/AreaModifiers/BaseAreaModifierNode.cpp,1,0,1
/media/ullmann/HDDGabriel/research/engines/o3de/Gems/LandscapeCanvas/Code/Source/Editor/Nodes/AreaModifiers/BaseAreaModifierNode.h,0,1,1
/media/ullmann/HDDGabriel/research/engines/o3de/Gems/PhysX/Code/Source/CapsuleColliderComponent.h,1,0,1
/media/ullmann/HDDGabriel/research/engines/o3de/Code/Framework/AzToolsFramework/AzToolsFramework/ToolsComponents/EditorVisibilityComponent.cpp,1,0,1
/media/ullmann/HDDGabriel/research/engines/o3de/Gems/AtomLyIntegration/CommonFeatures/Code/Source/PostProcess/ColorGrading/EditorHDRColorGradingComponent.h,0,1,1
/media/ullmann/HDDGabriel/research/engines/o3de/Code/Framework/AzToolsFramework/AzToolsFramework/UI/LegacyFramework/Core/IPCComponent.cpp,1,0,1
/media/ullmann/HDDGabriel/research/engines/o3de/Code/Framework/AzToolsFramework/AzToolsFramework/UI/LegacyFramework/Core/IPCComponent.h,1,1,2
/media/ullmann/HDDGabriel/research/engines/o3de/Code/Editor/QtUI/PixmapLabelPreview.cpp,1,0,1
/media/ullmann/HDDGabriel/research/engines/o3de/Code/Editor/QtUI/PixmapLabelPreview.h,0,1,1
/media/ullmann/HDDGabriel/research/engines/o3de/Code/Framework/AzCore/Tests/SystemFile.cpp,1,0,1
/media/ullmann/HDDGabriel/research/engines/o3de/Gems/Blast/Code/Tests/ActorRenderManagerTest.cpp,1,0,1
/media/ullmann/HDDGabriel/research/engines/o3de/Gems/ScriptCanvas/Code/Include/ScriptCanvas/Core/ModifiableDatumView.h,0,1,1
/media/ullmann/HDDGabriel/research/engines/o3de/Gems/EMotionFX/Code/EMotionFX/Source/Parameter/RotationParameter.h,1,1,2
/media/ullmann/HDDGabriel/research/engines/o3de/Gems/LyShine/Code/Editor/EntityHelpers.cpp,2,0,2
/media/ullmann/HDDGabriel/research/engines/o3de/Gems/AtomLyIntegration/CommonFeatures/Code/Source/Animation/AttachmentComponent.cpp,1,0,1
/media/ullmann/HDDGabriel/research/engines/o3de/Code/Framework/AzCore/AzCore/PlatformDef.h,1,0,1
/media/ullmann/HDDGabriel/research/engines/o3de/Code/Framework/AzCore/AzCore/PlatformRestrictedFileDef.h,0,1,1
/media/ullmann/HDDGabriel/research/engines/o3de/Gems/EMotionFX/Code/EMotionFX/Tools/EMotionStudio/Plugins/StandardPlugins/Source/LogWindow/LogWindowPlugin.cpp,2,0,2
/media/ullmann/HDDGabriel/research/engines/o3de/Code/Framework/AzCore/AzCore/Slice/SliceAssetHandler.h,0,1,1
/media/ullmann/HDDGabriel/research/engines/o3de/Gems/AWSGameLift/Code/AWSGameLiftClient/Source/Activity/AWSGameLiftStopMatchmakingActivity.h,0,1,1
/media/ullmann/HDDGabriel/research/engines/o3de/Gems/Atom/Asset/ImageProcessingAtom/External/CubeMapGen/CCubeMapProcessor.cpp,1,0,1
/media/ullmann/HDDGabriel/research/engines/o3de/Gems/SurfaceData/Code/Source/Editor/EditorSurfaceDataColliderComponent.h,0,2,2
/media/ullmann/HDDGabriel/research/engines/o3de/Gems/ScriptCanvas/Code/Include/ScriptCanvas/Execution/Interpreted/ExecutionStateInterpretedPure.cpp,1,0,1
/media/ullmann/HDDGabriel/research/engines/o3de/Gems/ScriptCanvas/Code/Include/ScriptCanvas/Execution/Interpreted/ExecutionStateInterpretedPure.h,1,1,2
/media/ullmann/HDDGabriel/research/engines/o3de/Gems/GradientSignal/Code/Source/Editor/EditorSurfaceSlopeGradientComponent.cpp,1,0,1
/media/ullmann/HDDGabriel/research/engines/o3de/Gems/GradientSignal/Code/Source/Editor/EditorSurfaceSlopeGradientComponent.h,0,2,2
/media/ullmann/HDDGabriel/research/engines/o3de/Gems/AtomLyIntegration/CommonFeatures/Code/Source/PostProcess/Bloom/EditorBloomComponent.h,0,1,1
/media/ullmann/HDDGabriel/research/engines/o3de/Code/Tools/AssetProcessor/native/resourcecompiler/rccontroller.cpp,1,0,1
/media/ullmann/HDDGabriel/research/engines/o3de/Gems/Maestro/Code/Source/MaestroSystemComponent.cpp,2,0,2
/media/ullmann/HDDGabriel/research/engines/o3de/Gems/Maestro/Code/Source/MaestroSystemComponent.h,1,2,3
/media/ullmann/HDDGabriel/research/engines/o3de/Gems/AtomLyIntegration/EMotionFXAtom/Code/Source/AtomActorDebugDraw.cpp,1,0,1
/media/ullmann/HDDGabriel/research/engines/o3de/Gems/AtomLyIntegration/EMotionFXAtom/Code/Source/AtomActorDebugDraw.h,0,2,2
/media/ullmann/HDDGabriel/research/engines/o3de/Code/Framework/AzToolsFramework/AzToolsFramework/Manipulators/SurfaceManipulator.cpp,1,0,1
/media/ullmann/HDDGabriel/research/engines/o3de/Gems/ScriptCanvas/Code/Editor/View/Widgets/NodePalette/SpecializedNodePaletteTreeItemTypes.cpp,1,0,1
/media/ullmann/HDDGabriel/research/engines/o3de/Gems/AtomLyIntegration/AtomBridge/Code/Source/PerViewportDynamicDrawManager.cpp,1,0,1
/media/ullmann/HDDGabriel/research/engines/o3de/Gems/AtomLyIntegration/AtomBridge/Code/Source/PerViewportDynamicDrawManager.h,0,2,2
/media/ullmann/HDDGabriel/research/engines/o3de/Code/Framework/AzCore/Tests/Math/TransformTests.cpp,1,0,1
/media/ullmann/HDDGabriel/research/engines/o3de/Gems/PhysX/Code/Tests/PhysXWindTest.cpp,1,0,1
/media/ullmann/HDDGabriel/research/engines/o3de/Gems/GraphCanvas/Code/StaticLib/GraphCanvas/Components/NodePropertyDisplay/ReadOnlyDataInterface.h,1,0,1
/media/ullmann/HDDGabriel/research/engines/o3de/Gems/ScriptCanvasTesting/Code/Source/Nodes/Nodeables/SharedDataSlotExample.cpp,1,0,1
/media/ullmann/HDDGabriel/research/engines/o3de/Gems/ScriptCanvasTesting/Code/Source/Nodes/Nodeables/SharedDataSlotExample.h,0,1,1
/media/ullmann/HDDGabriel/research/engines/o3de/Code/Tools/TestImpactFramework/Runtime/Common/Code/Source/Platform/Windows/Process/TestImpactWin32_Pipe.cpp,1,0,1
/media/ullmann/HDDGabriel/research/engines/o3de/Code/Framework/AzToolsFramework/AzToolsFramework/UI/PropertyEditor/PropertyColorCtrl.hxx,0,1,1
/media/ullmann/HDDGabriel/research/engines/o3de/Gems/ScriptCanvas/Code/Editor/GraphCanvas/Components/NodeDescriptors/ClassMethodNodeDescriptorComponent.cpp,1,0,1
/media/ullmann/HDDGabriel/research/engines/o3de/Gems/ScriptCanvas/Code/Editor/GraphCanvas/Components/NodeDescriptors/ClassMethodNodeDescriptorComponent.h,0,1,1
/media/ullmann/HDDGabriel/research/engines/o3de/Gems/LmbrCentral/Code/Platform/Android/LmbrCentral_Traits_Platform.h,1,0,1
/media/ullmann/HDDGabriel/research/engines/o3de/Gems/LmbrCentral/Code/Platform/Android/LmbrCentral_Traits_Android.h,0,1,1
/media/ullmann/HDDGabriel/research/engines/o3de/Gems/LyShine/Code/Editor/UiEditorEntityContextBus.h,0,2,2
/media/ullmann/HDDGabriel/research/engines/o3de/Code/Editor/Util/AbstractSortModel.cpp,1,0,1
/media/ullmann/HDDGabriel/research/engines/o3de/Code/Editor/Util/AbstractSortModel.h,0,2,2
/media/ullmann/HDDGabriel/research/engines/o3de/Code/Tools/ProjectManager/Source/FormComboBoxWidget.cpp,1,0,1
/media/ullmann/HDDGabriel/research/engines/o3de/Code/Framework/AzToolsFramework/AzToolsFramework/UI/UICore/OverwritePromptDialog.cpp,1,0,1
/media/ullmann/HDDGabriel/research/engines/o3de/Code/Framework/AzToolsFramework/AzToolsFramework/UI/UICore/OverwritePromptDialog.hxx,0,1,1
/media/ullmann/HDDGabriel/research/engines/o3de/Gems/PhysX/Code/Tests/PhysXEditorTest.cpp,1,0,1
/media/ullmann/HDDGabriel/research/engines/o3de/Gems/AudioSystem/Code/Source/Editor/ATLControlsModel.cpp,2,0,2
/media/ullmann/HDDGabriel/research/engines/o3de/Code/Tools/CrashHandler/Tools/ToolsCrashHandler_win.cpp,1,0,1
/media/ullmann/HDDGabriel/research/engines/o3de/Gems/LmbrCentral/Code/Source/Builders/DependencyBuilder/DependencyBuilderComponent.cpp,1,0,1
/media/ullmann/HDDGabriel/research/engines/o3de/Gems/LyShine/Code/Editor/ViewportCanvasBackground.cpp,1,0,1
/media/ullmann/HDDGabriel/research/engines/o3de/Code/Framework/AzToolsFramework/AzToolsFramework/UI/LegacyFramework/UIFrameworkPreferences.cpp,1,0,1
/media/ullmann/HDDGabriel/research/engines/o3de/Gems/EMotionFX/Code/EMotionFX/Tools/EMotionStudio/EMStudioSDK/Source/MotionSetHierarchyWidget.cpp,2,0,2
/media/ullmann/HDDGabriel/research/engines/o3de/Gems/WhiteBox/Code/Source/Util/WhiteBoxEditorUtil.h,0,1,1
/media/ullmann/HDDGabriel/research/engines/o3de/Code/Framework/AzQtComponents/AzQtComponents/Gallery/BreadCrumbsPage.cpp,1,0,1
/media/ullmann/HDDGabriel/research/engines/o3de/Code/Editor/Core/LevelEditorMenuHandler.cpp,1,0,1
/media/ullmann/HDDGabriel/research/engines/o3de/Templates/CppToolGem/Template/Code/Source/${Name}ModuleInterface.h,1,0,1
/media/ullmann/HDDGabriel/research/engines/o3de/Code/Framework/AzToolsFramework/AzToolsFramework/AssetEditor/AssetEditorWidget.cpp,1,0,1
/media/ullmann/HDDGabriel/research/engines/o3de/Code/Framework/AzToolsFramework/AzToolsFramework/AssetEditor/AssetEditorWidget.h,0,1,1
/media/ullmann/HDDGabriel/research/engines/o3de/Code/Editor/Controls/ReflectedPropertyControl/ReflectedVar.cpp,1,0,1
/media/ullmann/HDDGabriel/research/engines/o3de/Gems/AtomLyIntegration/AtomViewportDisplayInfo/Code/Source/AtomViewportDisplayInfoSystemComponent.cpp,1,0,1
/media/ullmann/HDDGabriel/research/engines/o3de/Gems/Vegetation/Code/Source/Components/RotationModifierComponent.cpp,1,0,1
/media/ullmann/HDDGabriel/research/engines/o3de/Gems/Vegetation/Code/Source/VegetationProfiler.h,0,2,2
/media/ullmann/HDDGabriel/research/engines/o3de/Code/Framework/AzCore/Tests/GenericStreamTests.cpp,1,0,1
/media/ullmann/HDDGabriel/research/engines/o3de/Code/Editor/Controls/ReflectedPropertyControl/PropertyCtrl.h,0,2,2
/media/ullmann/HDDGabriel/research/engines/o3de/Gems/Atom/RHI/Code/Tests/PipelineStateTests.cpp,1,0,1
/media/ullmann/HDDGabriel/research/engines/o3de/Gems/LyShine/Code/Editor/CommandHierarchyItemToggleIsVisible.h,0,1,1
/media/ullmann/HDDGabriel/research/engines/o3de/Gems/StartingPointCamera/Code/Source/CameraTransformBehaviors/FollowTargetFromDistance.cpp,1,0,1
/media/ullmann/HDDGabriel/research/engines/o3de/Code/Editor/SelectLightAnimationDialog.cpp,2,0,2
/media/ullmann/HDDGabriel/research/engines/o3de/Code/Editor/SelectLightAnimationDialog.h,1,1,2
/media/ullmann/HDDGabriel/research/engines/o3de/Gems/ScriptCanvas/Code/Include/ScriptCanvas/Libraries/Comparison/Less.h,0,1,1
/media/ullmann/HDDGabriel/research/engines/o3de/Gems/EMotionFX/Code/EMotionFX/Source/AnimGraphParameterAction.h,0,1,1
/media/ullmann/HDDGabriel/research/engines/o3de/Gems/ImGui/External/ImGui/v1.82/imgui/imgui_user.inl,0,1,1
/media/ullmann/HDDGabriel/research/engines/o3de/Gems/ScriptCanvas/Code/Include/ScriptCanvas/Libraries/Math/CRC.cpp,1,0,1
/media/ullmann/HDDGabriel/research/engines/o3de/Gems/ScriptCanvas/Code/Include/ScriptCanvas/Libraries/Math/CRC.h,0,1,1
/media/ullmann/HDDGabriel/research/engines/o3de/Gems/Maestro/Code/Source/Cinematics/2DSpline.h,0,1,1
/media/ullmann/HDDGabriel/research/engines/o3de/Gems/AtomLyIntegration/EMotionFXAtom/Code/Source/ActorAsset.cpp,2,0,2
/media/ullmann/HDDGabriel/research/engines/o3de/Code/Editor/Core/EditorMetricsPlainTextNameRegistration.h,0,2,2
/media/ullmann/HDDGabriel/research/engines/o3de/Gems/Atom/RHI/Code/Tests/InputStreamLayoutBuilderTests.cpp,1,0,1
/media/ullmann/HDDGabriel/research/engines/o3de/Code/Framework/AzFramework/Platform/Mac/AzFramework/Utils/SystemUtilsApple.h,1,0,1
/media/ullmann/HDDGabriel/research/engines/o3de/Gems/EMotionFX/Code/MCore/Source/StringIdPool.cpp,2,0,2
/media/ullmann/HDDGabriel/research/engines/o3de/Gems/EMotionFX/Code/EMotionFX/Source/BlendTreeVector3DecomposeNode.cpp,1,0,1
/media/ullmann/HDDGabriel/research/engines/o3de/Gems/LyShine/Code/Source/Tests/internal/test_TextMarkup.cpp,0,1,1
/media/ullmann/HDDGabriel/research/engines/o3de/Gems/StartingPointInput/Code/Source/InputEventGroup.h,1,1,2
/media/ullmann/HDDGabriel/research/engines/o3de/Code/Legacy/CryCommon/Cry_Quat.h,0,1,1
/media/ullmann/HDDGabriel/research/engines/o3de/Gems/EMotionFX/Code/Source/Editor/PropertyWidgets/MotionDataHandler.cpp,1,0,1
/media/ullmann/HDDGabriel/research/engines/o3de/Gems/EMotionFX/Code/Source/Editor/PropertyWidgets/MotionDataHandler.h,0,1,1
/media/ullmann/HDDGabriel/research/engines/o3de/Gems/Atom/Feature/Common/Code/Source/CoreLights/CoreLightsSystemComponent.h,0,1,1
/media/ullmann/HDDGabriel/research/engines/o3de/Gems/SurfaceData/Code/Source/Editor/EditorSurfaceDataColliderComponent.cpp,1,0,1
/media/ullmann/HDDGabriel/research/engines/o3de/Code/Framework/AzCore/AzCore/Script/ScriptPropertyTable.cpp,1,0,1
/media/ullmann/HDDGabriel/research/engines/o3de/Code/Framework/AzCore/AzCore/Script/ScriptPropertyTable.h,0,1,1
/media/ullmann/HDDGabriel/research/engines/o3de/Gems/EMotionFX/Code/EMotionFX/Source/BlendTreeVector3Math2Node.h,2,1,3
/media/ullmann/HDDGabriel/research/engines/o3de/Gems/LmbrCentral/Code/Source/Builders/CopyDependencyBuilder/XmlBuilderWorker/XmlBuilderWorker.h,0,2,2
/media/ullmann/HDDGabriel/research/engines/o3de/Code/Framework/AzTest/AzTest/Platform/Linux/AzTest_Traits_Platform.h,1,0,1
/media/ullmann/HDDGabriel/research/engines/o3de/Code/Framework/AzTest/AzTest/Platform/Linux/AzTest_Traits_Linux.h,0,1,1
/media/ullmann/HDDGabriel/research/engines/o3de/Gems/Atom/Feature/Common/Code/Source/Shadows/FullscreenShadowPass.h,0,1,1
/media/ullmann/HDDGabriel/research/engines/o3de/Gems/ScriptCanvas/Code/Include/ScriptCanvas/Libraries/Math/Matrix4x4.cpp,1,0,1
/media/ullmann/HDDGabriel/research/engines/o3de/Gems/ScriptCanvas/Code/Include/ScriptCanvas/Libraries/Math/Matrix4x4.h,0,1,1
/media/ullmann/HDDGabriel/research/engines/o3de/Gems/ScriptCanvas/Code/Include/ScriptCanvas/Asset/ExecutionLogAsset.cpp,1,0,1
/media/ullmann/HDDGabriel/research/engines/o3de/Gems/ScriptCanvas/Code/Include/ScriptCanvas/Asset/ExecutionLogAsset.h,0,1,1
/media/ullmann/HDDGabriel/research/engines/o3de/Code/Editor/Util/NamedData.cpp,1,0,1
/media/ullmann/HDDGabriel/research/engines/o3de/Gems/ScriptCanvasPhysics/Code/Source/ScriptCanvasPhysicsModule.cpp,1,0,1
/media/ullmann/HDDGabriel/research/engines/o3de/Gems/Atom/Feature/Common/Code/Source/Debug/RenderDebugFeatureProcessor.h,0,1,1
/media/ullmann/HDDGabriel/research/engines/o3de/Gems/LmbrCentral/Code/Source/Shape/TubeShapeComponent.cpp,1,0,1
/media/ullmann/HDDGabriel/research/engines/o3de/Code/Editor/Plugins/ProjectSettingsTool/PlatformSettings_Base.h,0,2,2
/media/ullmann/HDDGabriel/research/engines/o3de/Gems/LyShine/Code/Source/UiNavigationSettings.cpp,1,0,1
/media/ullmann/HDDGabriel/research/engines/o3de/Code/Tools/AssetProcessor/native/tests/assetmanager/MockAssetProcessorManager.h,0,1,1
/media/ullmann/HDDGabriel/research/engines/o3de/Gems/AtomLyIntegration/CommonFeatures/Code/Source/Mesh/MeshComponent.h,0,1,1
/media/ullmann/HDDGabriel/research/engines/o3de/Gems/PhysX/Code/Source/ComponentDescriptors.cpp,1,0,1
/media/ullmann/HDDGabriel/research/engines/o3de/Code/Tools/RemoteConsole/Core/RemoteConsoleCore.cpp,1,0,1
/media/ullmann/HDDGabriel/research/engines/o3de/Code/Tools/RemoteConsole/Core/RemoteConsoleCore.h,0,1,1
/media/ullmann/HDDGabriel/research/engines/o3de/Gems/Terrain/Code/Source/TerrainRenderer/TerrainMacroMaterialBus.cpp,1,0,1
/media/ullmann/HDDGabriel/research/engines/o3de/Gems/Terrain/Code/Source/TerrainRenderer/TerrainMacroMaterialBus.h,0,1,1
/media/ullmann/HDDGabriel/research/engines/o3de/Gems/Microphone/Code/Source/MicrophoneSystemComponent.cpp,1,0,1
/media/ullmann/HDDGabriel/research/engines/o3de/Gems/AtomLyIntegration/AtomImGuiTools/Code/Source/AtomImGuiToolsSystemComponent.cpp,1,0,1
/media/ullmann/HDDGabriel/research/engines/o3de/Code/Tools/LuaIDE/Source/LUA/LUAEditorFindResults.hxx,0,1,1
/media/ullmann/HDDGabriel/research/engines/o3de/Code/Tools/AssetProcessor/native/unittests/ConnectionManagerUnitTests.cpp,1,0,1
/media/ullmann/HDDGabriel/research/engines/o3de/Code/Tools/AssetProcessor/native/unittests/ConnectionManagerUnitTests.h,1,1,2
/media/ullmann/HDDGabriel/research/engines/o3de/Gems/Atom/RHI/Code/Source/RHI.Private/FactoryRegistrationFinalizerSystemComponent.h,0,1,1
/media/ullmann/HDDGabriel/research/engines/o3de/Code/Framework/AzCore/Platform/Mac/AzCore/Socket/AzSocket_fwd_Platform.h,1,0,1
/media/ullmann/HDDGabriel/research/engines/o3de/Gems/DiffuseProbeGrid/Code/Source/Platform/Linux/DiffuseProbeGrid_Traits_Platform.h,1,0,1
/media/ullmann/HDDGabriel/research/engines/o3de/Gems/DiffuseProbeGrid/Code/Source/Platform/Linux/DiffuseProbeGrid_Traits_Linux.h,0,1,1
/media/ullmann/HDDGabriel/research/engines/o3de/Code/Editor/Objects/ObjectLoader.cpp,1,0,1
/media/ullmann/HDDGabriel/research/engines/o3de/Gems/EMotionFX/Code/EMotionFX/Source/VertexAttributeLayer.cpp,1,0,1
/media/ullmann/HDDGabriel/research/engines/o3de/Gems/Metastream/Code/Source/Platform/Windows/Metastream_Traits_Platform.h,1,0,1
/media/ullmann/HDDGabriel/research/engines/o3de/Gems/Metastream/Code/Source/Platform/Windows/Metastream_Traits_Windows.h,0,1,1
/media/ullmann/HDDGabriel/research/engines/o3de/Gems/Terrain/Code/Source/EditorComponents/EditorTerrainWorldRendererComponent.h,0,1,1
/media/ullmann/HDDGabriel/research/engines/o3de/Gems/LmbrCentral/Code/Tests/EditorSphereShapeComponentTests.cpp,1,0,1
/media/ullmann/HDDGabriel/research/engines/o3de/Gems/ScriptCanvas/Code/Asset/EditorAssetSystemComponent.h,1,0,1
/media/ullmann/HDDGabriel/research/engines/o3de/Gems/ScriptCanvas/Code/Asset/EditorAssetConversionBus.h,0,1,1
/media/ullmann/HDDGabriel/research/engines/o3de/Gems/ScriptCanvas/Code/Include/ScriptCanvas/Core/Contracts/DisallowReentrantExecutionContract.h,0,2,2
/media/ullmann/HDDGabriel/research/engines/o3de/Gems/DiffuseProbeGrid/Code/Source/Components/DiffuseProbeGridComponent.h,0,1,1
/media/ullmann/HDDGabriel/research/engines/o3de/Gems/AtomLyIntegration/EditorModeFeedback/Code/Source/Pass/State/FocusedEntityState.h,0,1,1
/media/ullmann/HDDGabriel/research/engines/o3de/Gems/AWSCore/Code/Source/ResourceMapping/AWSResourceMappingManager.h,0,1,1
/media/ullmann/HDDGabriel/research/engines/o3de/Gems/Gestures/Code/Include/Gestures/GestureRecognizerClickOrTap.h,1,0,1
/media/ullmann/HDDGabriel/research/engines/o3de/Code/Tools/LuaIDE/Source/LUA/LUADebuggerComponent.cpp,2,0,2
/media/ullmann/HDDGabriel/research/engines/o3de/Code/Framework/AzFramework/AzFramework/FileTag/FileTagComponent.cpp,1,0,1
/media/ullmann/HDDGabriel/research/engines/o3de/Code/Framework/AzFramework/AzFramework/FileTag/FileTagComponent.h,0,1,1
/media/ullmann/HDDGabriel/research/engines/o3de/Code/Editor/Util/ColumnGroupTreeView.cpp,1,0,1
/media/ullmann/HDDGabriel/research/engines/o3de/Code/Editor/Util/ColumnGroupTreeView.h,0,1,1
/media/ullmann/HDDGabriel/research/engines/o3de/Code/Framework/AzCore/Tests/AZStd/CreateDestroy.cpp,1,0,1
/media/ullmann/HDDGabriel/research/engines/o3de/Gems/ExpressionEvaluation/Code/Source/ExpressionPrimitivesSerializers.inl,0,1,1
/media/ullmann/HDDGabriel/research/engines/o3de/Code/Tools/AssetProcessor/native/AssetDatabase/AssetDatabase.cpp,1,0,1
/media/ullmann/HDDGabriel/research/engines/o3de/Code/Tools/AssetProcessor/native/AssetDatabase/AssetDatabase.h,0,1,1
/media/ullmann/HDDGabriel/research/engines/o3de/Gems/NvCloth/Code/Source/Editor/EditorSystemComponent.h,0,1,1
/media/ullmann/HDDGabriel/research/engines/o3de/Gems/AtomLyIntegration/AtomViewportDisplayIcons/Code/Source/AtomViewportDisplayIconsSystemComponent.cpp,1,0,1
/media/ullmann/HDDGabriel/research/engines/o3de/Gems/LmbrCentral/Code/Source/Scripting/EditorLookAtComponent.h,0,2,2
/media/ullmann/HDDGabriel/research/engines/o3de/Code/Tools/ProjectManager/Source/AdjustableHeaderWidget.cpp,1,0,1
/media/ullmann/HDDGabriel/research/engines/o3de/Code/Tools/ProjectManager/Source/AdjustableHeaderWidget.h,0,1,1
/media/ullmann/HDDGabriel/research/engines/o3de/Gems/ScriptCanvas/Code/Include/ScriptCanvas/Libraries/Time/TimerNodeable.cpp,1,0,1
/media/ullmann/HDDGabriel/research/engines/o3de/Gems/ScriptCanvas/Code/Include/ScriptCanvas/Libraries/Time/TimerNodeable.h,0,1,1
/media/ullmann/HDDGabriel/research/engines/o3de/Gems/EMotionFX/Code/EMotionFX/Source/AnimGraphReferenceNode.h,0,1,1
/media/ullmann/HDDGabriel/research/engines/o3de/Gems/AWSGameLift/Code/AWSGameLiftClient/Tests/AWSGameLiftClientManagerTest.cpp,2,0,2
/media/ullmann/HDDGabriel/research/engines/o3de/Templates/DefaultProject/Template/Gem/Source/${Name}SystemComponent.cpp,1,0,1
/media/ullmann/HDDGabriel/research/engines/o3de/Code/Editor/Plugins/EditorCommon/ActionOutput.cpp,1,0,1
/media/ullmann/HDDGabriel/research/engines/o3de/Gems/NvCloth/Code/Tests/NvClothTest.cpp,1,0,1
/media/ullmann/HDDGabriel/research/engines/o3de/Code/Framework/AzToolsFramework/AzToolsFramework/UI/Layer/AddToLayerMenu.cpp,1,0,1
/media/ullmann/HDDGabriel/research/engines/o3de/Code/Framework/AzToolsFramework/AzToolsFramework/UI/Layer/AddToLayerMenu.h,0,1,1
/media/ullmann/HDDGabriel/research/engines/o3de/Gems/LyShine/Code/Tests/Mocks/UiDynamicScrollBoxDataBusHandlerMock.h,0,1,1
/media/ullmann/HDDGabriel/research/engines/o3de/Code/Editor/TrackView/TrackViewNode.cpp,1,0,1
/media/ullmann/HDDGabriel/research/engines/o3de/Gems/Multiplayer/Code/Source/NetworkEntity/NetworkEntityManager.h,0,1,1
/media/ullmann/HDDGabriel/research/engines/o3de/Gems/AWSMetrics/Code/Source/GlobalStatistics.h,0,1,1
/media/ullmann/HDDGabriel/research/engines/o3de/Gems/RecastNavigation/Code/Source/Components/DetourNavigationComponent.h,0,1,1
/media/ullmann/HDDGabriel/research/engines/o3de/Code/Framework/AzQtComponents/AzQtComponents/Gallery/TabWidgetPage.cpp,1,0,1
/media/ullmann/HDDGabriel/research/engines/o3de/Gems/EMotionFX/Code/EMotionFX/Tools/EMotionStudio/Plugins/StandardPlugins/Source/MotionEvents/MotionEventWidget.h,1,1,2
/media/ullmann/HDDGabriel/research/engines/o3de/Code/Tools/TestImpactFramework/Runtime/Common/Code/Include/Static/Artifact/Factory/TestImpactTargetDescriptorFactory.h,0,1,1
/media/ullmann/HDDGabriel/research/engines/o3de/Gems/LyShine/Code/Editor/PropertyHandlerOffset.cpp,2,0,2
/media/ullmann/HDDGabriel/research/engines/o3de/Gems/DiffuseProbeGrid/Code/Source/Render/DiffuseProbeGridDownsamplePass.cpp,1,0,1
/media/ullmann/HDDGabriel/research/engines/o3de/Gems/DiffuseProbeGrid/Code/Source/Render/DiffuseProbeGridDownsamplePass.h,0,1,1
/media/ullmann/HDDGabriel/research/engines/o3de/Gems/Atom/RPI/Code/Source/RPI.Builders/Model/ModelAssetBuilderComponent.h,0,1,1
/media/ullmann/HDDGabriel/research/engines/o3de/Gems/DebugDraw/Code/Source/DebugDrawLineComponent.cpp,1,0,1
/media/ullmann/HDDGabriel/research/engines/o3de/Code/Framework/AzToolsFramework/AzToolsFramework/Undo/UndoSystem.cpp,1,0,1
/media/ullmann/HDDGabriel/research/engines/o3de/Code/Framework/AzToolsFramework/AzToolsFramework/Undo/UndoSystem.h,0,1,1
/media/ullmann/HDDGabriel/research/engines/o3de/Gems/ScriptCanvas/Code/Include/ScriptCanvas/Libraries/Operators/Math/OperatorDiv.cpp,1,0,1
/media/ullmann/HDDGabriel/research/engines/o3de/Code/Tools/AssetProcessor/native/tests/BuilderManagerTests.cpp,1,0,1
/media/ullmann/HDDGabriel/research/engines/o3de/Code/Tools/AssetProcessor/native/tests/BuilderManagerTests.h,0,1,1
/media/ullmann/HDDGabriel/research/engines/o3de/Gems/Terrain/Code/Source/Components/TerrainSystemComponent.h,0,1,1
/media/ullmann/HDDGabriel/research/engines/o3de/Gems/ScriptEvents/Code/Include/ScriptEvents/Internal/BehaviorContextBinding/ScriptEventBinding.cpp,1,0,1
/media/ullmann/HDDGabriel/research/engines/o3de/Gems/Vegetation/Code/Source/Editor/EditorDescriptorListComponent.cpp,1,0,1
/media/ullmann/HDDGabriel/research/engines/o3de/Gems/DebugDraw/Code/Source/DebugDrawSphereComponent.cpp,1,0,1
/media/ullmann/HDDGabriel/research/engines/o3de/Gems/LyShine/Code/Editor/CommandHierarchyItemReparent.h,0,1,1
/media/ullmann/HDDGabriel/research/engines/o3de/Gems/LandscapeCanvas/Code/Source/Editor/Nodes/AreaFilters/SurfaceMaskFilterNode.h,0,2,2
/media/ullmann/HDDGabriel/research/engines/o3de/Code/Framework/AzToolsFramework/AzToolsFramework/UI/Layer/NameConflictWarning.cpp,1,0,1
/media/ullmann/HDDGabriel/research/engines/o3de/Code/Framework/AzToolsFramework/AzToolsFramework/UI/Layer/NameConflictWarning.hxx,0,1,1
/media/ullmann/HDDGabriel/research/engines/o3de/Gems/ScriptCanvas/Code/Include/ScriptCanvas/Libraries/Deprecated/Operators/Containers/OperatorEmpty.cpp,1,0,1
/media/ullmann/HDDGabriel/research/engines/o3de/Gems/ScriptCanvas/Code/Include/ScriptCanvas/Libraries/Deprecated/Operators/Containers/OperatorEmpty.h,0,1,1
/media/ullmann/HDDGabriel/research/engines/o3de/Code/Tools/AssetProcessor/native/resourcecompiler/RCBuilder.cpp,1,0,1
/media/ullmann/HDDGabriel/research/engines/o3de/Code/Framework/AzToolsFramework/AzToolsFramework/UI/LegacyFramework/Core/EditorFrameworkAPI.h,0,3,3
/media/ullmann/HDDGabriel/research/engines/o3de/Gems/StartingPointCamera/Code/Source/CameraLookAtBehaviors/SlideAlongAxisBasedOnAngle.cpp,1,0,1
/media/ullmann/HDDGabriel/research/engines/o3de/Gems/TextureAtlas/Code/Source/Editor/AtlasBuilderComponent.cpp,1,0,1
/media/ullmann/HDDGabriel/research/engines/o3de/Templates/DefaultGem/Template/Code/Source/Tools/${Name}EditorSystemComponent.cpp,1,0,1
/media/ullmann/HDDGabriel/research/engines/o3de/Gems/Atom/RHI/Code/Tests/FrameGraphTests.cpp,1,0,1
/media/ullmann/HDDGabriel/research/engines/o3de/Gems/Prefab/PrefabBuilder/PrefabBuilderTests.cpp,1,0,1
/media/ullmann/HDDGabriel/research/engines/o3de/Gems/PhysX/Code/Tests/DebugDrawTests.cpp,1,0,1
/media/ullmann/HDDGabriel/research/engines/o3de/Gems/EMotionFX/Code/MysticQt/Source/KeyboardShortcutManager.cpp,1,0,1
/media/ullmann/HDDGabriel/research/engines/o3de/Code/Framework/AzToolsFramework/AzToolsFramework/UI/LegacyFramework/Core/EditorFrameworkAPI.cpp,1,0,1
/media/ullmann/HDDGabriel/research/engines/o3de/Gems/PhysX/Code/Source/BoxColliderComponent.h,1,0,1
/media/ullmann/HDDGabriel/research/engines/o3de/Gems/LandscapeCanvas/Code/Source/Editor/Nodes/AreaModifiers/RotationModifierNode.cpp,1,0,1
/media/ullmann/HDDGabriel/research/engines/o3de/Gems/PhysX/Code/Tests/Benchmarks/PhysXBenchmarksCommon.h,0,1,1
/media/ullmann/HDDGabriel/research/engines/o3de/Gems/ScriptCanvas/Code/Include/ScriptCanvas/Libraries/Deprecated/Operators/Math/OperatorLength.cpp,1,0,1
/media/ullmann/HDDGabriel/research/engines/o3de/Gems/ScriptCanvas/Code/Include/ScriptCanvas/Libraries/Deprecated/Operators/Math/OperatorLength.h,0,1,1
/media/ullmann/HDDGabriel/research/engines/o3de/Gems/Profiler/Code/Source/ProfilerImGuiSystemComponent.cpp,2,0,2
/media/ullmann/HDDGabriel/research/engines/o3de/Code/Framework/AzToolsFramework/AzToolsFramework/UI/PropertyEditor/ExeSelectPropertyHandler.cpp,1,0,1
/media/ullmann/HDDGabriel/research/engines/o3de/Code/Framework/AzToolsFramework/AzToolsFramework/UI/PropertyEditor/ExeSelectPropertyHandler.h,0,1,1
/media/ullmann/HDDGabriel/research/engines/o3de/Code/Framework/AzFramework/Tests/Utils/Printers.cpp,1,0,1
/media/ullmann/HDDGabriel/research/engines/o3de/Code/Framework/AzFramework/Tests/Utils/Printers.h,0,1,1
/media/ullmann/HDDGabriel/research/engines/o3de/Gems/LmbrCentral/Code/Source/Shape/CapsuleShape.h,0,1,1
/media/ullmann/HDDGabriel/research/engines/o3de/Gems/TestAssetBuilder/Code/Source/Builder/TestAssetBuilderComponent.h,0,1,1
/media/ullmann/HDDGabriel/research/engines/o3de/Code/Editor/UndoDropDown.h,1,2,3
/media/ullmann/HDDGabriel/research/engines/o3de/Gems/Vegetation/Code/Source/Editor/EditorDistanceBetweenFilterComponent.h,0,2,2
/media/ullmann/HDDGabriel/research/engines/o3de/Gems/ScriptCanvas/Code/Builder/ScriptCanvasBuilderComponent.h,1,0,1
/media/ullmann/HDDGabriel/research/engines/o3de/Gems/ScriptCanvas/Code/Builder/ScriptCanvasBuilderWorker.h,0,1,1
/media/ullmann/HDDGabriel/research/engines/o3de/Code/Framework/AzToolsFramework/AzToolsFramework/Manipulators/LineHoverSelection.cpp,1,0,1
/media/ullmann/HDDGabriel/research/engines/o3de/Code/Framework/AzToolsFramework/AzToolsFramework/Manipulators/LineHoverSelection.h,0,1,1
/media/ullmann/HDDGabriel/research/engines/o3de/Gems/LandscapeCanvas/Code/Source/Editor/Nodes/Gradients/ShapeAreaFalloffGradientNode.cpp,1,0,1
/media/ullmann/HDDGabriel/research/engines/o3de/Gems/LandscapeCanvas/Code/Source/Editor/Nodes/Gradients/ShapeAreaFalloffGradientNode.h,0,2,2
/media/ullmann/HDDGabriel/research/engines/o3de/Gems/EMotionFX/Code/EMotionFX/Tools/EMotionStudio/Plugins/StandardPlugins/Source/CommandBar/CommandBarPlugin.cpp,2,0,2
/media/ullmann/HDDGabriel/research/engines/o3de/Code/Editor/TrackView/TrackViewTimeline.cpp,1,0,1
/media/ullmann/HDDGabriel/research/engines/o3de/Code/Tools/ProjectManager/Source/ProjectBuilderWorker.h,1,2,3
/media/ullmann/HDDGabriel/research/engines/o3de/Gems/PhysX/Code/Editor/ColliderOffsetMode.h,0,2,2
/media/ullmann/HDDGabriel/research/engines/o3de/Code/Framework/AzToolsFramework/AzToolsFramework/Manipulators/LineSegmentSelectionManipulator.cpp,1,0,1
/media/ullmann/HDDGabriel/research/engines/o3de/Code/Framework/AzToolsFramework/AzToolsFramework/Manipulators/LineSegmentSelectionManipulator.h,0,1,1
/media/ullmann/HDDGabriel/research/engines/o3de/Gems/WhiteBox/Code/Source/WhiteBoxToolApiReflection.cpp,2,0,2
/media/ullmann/HDDGabriel/research/engines/o3de/Gems/WhiteBox/Code/Source/WhiteBoxToolApiReflection.h,0,2,2
/media/ullmann/HDDGabriel/research/engines/o3de/Gems/LyShineExamples/Code/Source/UiCustomImageComponent.cpp,1,0,1
/media/ullmann/HDDGabriel/research/engines/o3de/Code/Tools/ProjectManager/Source/GemRepo/GemRepoInfo.h,0,1,1
/media/ullmann/HDDGabriel/research/engines/o3de/Code/Framework/AzToolsFramework/AzToolsFramework/Manipulators/ManipulatorSpace.cpp,1,0,1
/media/ullmann/HDDGabriel/research/engines/o3de/Code/Framework/AzToolsFramework/AzToolsFramework/Manipulators/ManipulatorSpace.h,0,1,1
/media/ullmann/HDDGabriel/research/engines/o3de/Gems/LmbrCentral/Code/Source/Unhandled/UI/UICanvasAssetTypeInfo.cpp,1,0,1
/media/ullmann/HDDGabriel/research/engines/o3de/Gems/EMotionFX/Code/EMotionFX/CommandSystem/Source/MotionEventCommands.h,1,1,2
/media/ullmann/HDDGabriel/research/engines/o3de/Gems/Atom/Feature/Common/Code/Source/PostProcessing/DepthOfFieldMaskPass.h,0,1,1
/media/ullmann/HDDGabriel/research/engines/o3de/Code/Tools/AssetProcessor/native/utilities/BuilderConfigurationManager.cpp,1,0,1
/media/ullmann/HDDGabriel/research/engines/o3de/Code/Tools/AssetProcessor/native/utilities/BuilderConfigurationManager.h,0,1,1
/media/ullmann/HDDGabriel/research/engines/o3de/Gems/Prefab/PrefabBuilder/PrefabBuilderComponent.cpp,1,0,1
/media/ullmann/HDDGabriel/research/engines/o3de/Code/Framework/AzToolsFramework/AzToolsFramework/Commands/PushToSliceCommand.cpp,1,0,1
/media/ullmann/HDDGabriel/research/engines/o3de/Code/Framework/AzToolsFramework/AzToolsFramework/Commands/PushToSliceCommand.h,0,1,1
/media/ullmann/HDDGabriel/research/engines/o3de/Gems/SaveData/Code/Source/Platform/iOS/SaveData_Traits_Platform.h,1,0,1
/media/ullmann/HDDGabriel/research/engines/o3de/Gems/SaveData/Code/Source/Platform/iOS/SaveData_Traits_iOS.h,0,1,1
/media/ullmann/HDDGabriel/research/engines/o3de/Gems/LyShine/Code/Tests/UiScrollBarComponentTest.cpp,1,0,1
/media/ullmann/HDDGabriel/research/engines/o3de/Gems/Metastream/Code/Source/Platform/Linux/Metastream_Traits_Platform.h,1,0,1
/media/ullmann/HDDGabriel/research/engines/o3de/Gems/Metastream/Code/Source/Platform/Linux/Metastream_Traits_Linux.h,0,1,1
/media/ullmann/HDDGabriel/research/engines/o3de/Gems/LyShine/Code/Editor/EditorCommon.cpp,1,0,1
/media/ullmann/HDDGabriel/research/engines/o3de/Gems/SurfaceData/Code/Source/Editor/EditorSurfaceDataSystemComponent.cpp,1,0,1
/media/ullmann/HDDGabriel/research/engines/o3de/Code/Editor/Objects/ObjectManagerLegacyUndo.cpp,1,0,1
/media/ullmann/HDDGabriel/research/engines/o3de/Gems/Atom/Asset/ImageProcessingAtom/Code/Source/Processing/Utils.h,0,1,1
/media/ullmann/HDDGabriel/research/engines/o3de/Gems/Atom/Feature/Common/Code/Source/CubeMapCapture/CubeMapCaptureFeatureProcessor.h,0,1,1
/media/ullmann/HDDGabriel/research/engines/o3de/Gems/Multiplayer/Code/Source/Editor/MultiplayerEditorConnection.h,0,1,1
/media/ullmann/HDDGabriel/research/engines/o3de/Code/Editor/Dialogs/Generic/UserOptions.cpp,1,0,1
/media/ullmann/HDDGabriel/research/engines/o3de/Code/Editor/Dialogs/Generic/UserOptions.h,0,1,1
/media/ullmann/HDDGabriel/research/engines/o3de/Gems/LandscapeCanvas/Code/Source/Editor/Nodes/AreaModifiers/PositionModifierNode.cpp,1,0,1
/media/ullmann/HDDGabriel/research/engines/o3de/Gems/LandscapeCanvas/Code/Source/Editor/Nodes/AreaModifiers/PositionModifierNode.h,0,2,2
/media/ullmann/HDDGabriel/research/engines/o3de/Gems/HttpRequestor/Code/Source/HttpRequestorModule.cpp,1,0,1
/media/ullmann/HDDGabriel/research/engines/o3de/Gems/AWSClientAuth/Code/Source/AWSClientAuthBus.h,0,1,1
/media/ullmann/HDDGabriel/research/engines/o3de/Gems/Atom/Asset/ImageProcessingAtom/Code/Source/Editor/ResolutionSettingItemWidget.cpp,1,0,1
/media/ullmann/HDDGabriel/research/engines/o3de/Gems/Atom/Asset/ImageProcessingAtom/Code/Source/Editor/ResolutionSettingItemWidget.h,0,1,1
/media/ullmann/HDDGabriel/research/engines/o3de/Gems/EMotionFX/Code/EMotionFX/Source/AnimGraphParameterCondition.h,0,1,1
/media/ullmann/HDDGabriel/research/engines/o3de/Code/Editor/Include/ICommandManager.h,1,0,1
/media/ullmann/HDDGabriel/research/engines/o3de/Code/Editor/Include/Command.h,0,2,2
/media/ullmann/HDDGabriel/research/engines/o3de/Code/Framework/AzToolsFramework/AzToolsFramework/Entity/EditorEntityModel.cpp,2,0,2
/media/ullmann/HDDGabriel/research/engines/o3de/Gems/ScriptCanvas/Code/Editor/GraphCanvas/DataInterfaces/ScriptCanvasVectorDataInterface.h,1,0,1
/media/ullmann/HDDGabriel/research/engines/o3de/Gems/PhysX/Code/Editor/ColliderOffsetMode.cpp,1,0,1
/media/ullmann/HDDGabriel/research/engines/o3de/Gems/GradientSignal/Code/Source/Editor/EditorSmoothStepGradientComponent.cpp,1,0,1
/media/ullmann/HDDGabriel/research/engines/o3de/Code/Framework/AzQtComponents/AzQtComponents/Gallery/StyleSheetPage.cpp,1,0,1
/media/ullmann/HDDGabriel/research/engines/o3de/Gems/PhysX/Code/Tests/PhysXScriptTest.cpp,3,0,3
/media/ullmann/HDDGabriel/research/engines/o3de/Code/Editor/ViewportManipulatorController.cpp,1,0,1
/media/ullmann/HDDGabriel/research/engines/o3de/Gems/ScriptCanvas/Code/Editor/GraphCanvas/DataInterfaces/ScriptCanvasVariableDataInterface.h,1,0,1
/media/ullmann/HDDGabriel/research/engines/o3de/Gems/Multiplayer/Code/Source/EntityDomains/FullOwnershipEntityDomain.h,0,1,1
/media/ullmann/HDDGabriel/research/engines/o3de/Gems/ScriptCanvas/Code/Editor/Utilities/CommonSettingsConfigurations.cpp,1,0,1
/media/ullmann/HDDGabriel/research/engines/o3de/Gems/Atom/Feature/Common/Code/Source/PostProcessing/BloomCompositePass.h,0,1,1
/media/ullmann/HDDGabriel/research/engines/o3de/Gems/LyShine/Code/Source/Script/UiCanvasNotificationLuaBus.cpp,1,0,1
/media/ullmann/HDDGabriel/research/engines/o3de/Gems/Maestro/Code/Source/Cinematics/CharacterTrackAnimator.h,0,2,2
/media/ullmann/HDDGabriel/research/engines/o3de/Gems/ScriptCanvas/Code/Include/ScriptCanvas/Translation/Translation.cpp,1,0,1
/media/ullmann/HDDGabriel/research/engines/o3de/Gems/ScriptCanvas/Code/Include/ScriptCanvas/Translation/Translation.h,1,2,3
/media/ullmann/HDDGabriel/research/engines/o3de/Gems/Atom/Asset/Shader/Code/Source/Platform/Android/ShaderBuilder_Traits_Platform.h,1,0,1
/media/ullmann/HDDGabriel/research/engines/o3de/Gems/Atom/Asset/Shader/Code/Source/Platform/Android/ShaderBuilder_Traits_Android.h,0,1,1
/media/ullmann/HDDGabriel/research/engines/o3de/Gems/AtomLyIntegration/EditorModeFeedback/Code/Source/Draw/EditorStateMaskRenderer.h,0,1,1
/media/ullmann/HDDGabriel/research/engines/o3de/Code/Legacy/CryCommon/LocalizationManagerBus.inl,0,1,1
/media/ullmann/HDDGabriel/research/engines/o3de/Code/Framework/AzToolsFramework/AzToolsFramework/UI/Slice/SliceOverridesNotificationWindowManager.hxx,1,0,1
/media/ullmann/HDDGabriel/research/engines/o3de/Code/Framework/AzToolsFramework/AzToolsFramework/UI/Slice/SliceOverridesNotificationWindow.hxx,0,1,1
/media/ullmann/HDDGabriel/research/engines/o3de/Gems/PhysX/Code/Editor/ColliderComponentModeBus.h,0,1,1
/media/ullmann/HDDGabriel/research/engines/o3de/Code/Editor/Export/OCMExporter.cpp,1,0,1
/media/ullmann/HDDGabriel/research/engines/o3de/Gems/Terrain/Code/Source/TerrainRenderer/Components/TerrainMacroMaterialComponent.h,0,1,1
/media/ullmann/HDDGabriel/research/engines/o3de/Gems/Atom/Tools/AtomToolsFramework/Code/Source/Platform/Mac/AtomToolsFramework_Traits_Platform.h,1,0,1
/media/ullmann/HDDGabriel/research/engines/o3de/Gems/Atom/Tools/AtomToolsFramework/Code/Source/Platform/Mac/AtomToolsFramework_Traits_Mac.h,0,1,1
/media/ullmann/HDDGabriel/research/engines/o3de/Gems/EMotionFX/Code/EMotionFX/Source/BlendTreeDirectionToWeightNode.h,2,1,3
/media/ullmann/HDDGabriel/research/engines/o3de/Gems/GradientSignal/Code/Source/Editor/EditorGradientSurfaceDataComponent.cpp,1,0,1
/media/ullmann/HDDGabriel/research/engines/o3de/Gems/LyShine/Code/Editor/ViewportSnap.cpp,2,0,2
/media/ullmann/HDDGabriel/research/engines/o3de/Gems/Atom/Asset/ImageProcessingAtom/Code/Source/BuilderSettings/CubemapSettings.h,0,1,1
/media/ullmann/HDDGabriel/research/engines/o3de/Gems/AtomLyIntegration/CommonFeatures/Code/Source/PostProcess/ShapeWeightModifier/ShapeWeightModifierComponent.h,0,1,1
/media/ullmann/HDDGabriel/research/engines/o3de/Gems/ScriptCanvas/Code/Include/ScriptCanvas/Libraries/Logic/WeightedRandomSequencer.h,0,2,2
/media/ullmann/HDDGabriel/research/engines/o3de/Gems/ScriptCanvas/Code/Editor/View/Widgets/NodePalette/CreateNodeMimeEvent.cpp,1,0,1
/media/ullmann/HDDGabriel/research/engines/o3de/Gems/EMotionFX/Code/Editor/Platform/Android/EMotionFX_Traits_Platform.h,1,0,1
/media/ullmann/HDDGabriel/research/engines/o3de/Gems/EMotionFX/Code/Editor/Platform/Android/EMotionFX_Traits_Android.h,0,1,1
/media/ullmann/HDDGabriel/research/engines/o3de/Gems/EMotionFX/Code/EMotionFX/Source/TwoStringEventData.cpp,2,0,2
/media/ullmann/HDDGabriel/research/engines/o3de/Gems/RecastNavigation/Code/Tests/EditorNavigationMeshTest.cpp,1,0,1
/media/ullmann/HDDGabriel/research/engines/o3de/Gems/Gestures/Code/Source/GesturesModule.cpp,1,0,1
/media/ullmann/HDDGabriel/research/engines/o3de/Gems/LyShine/Code/Source/UiStateActionManager.cpp,1,0,1
/media/ullmann/HDDGabriel/research/engines/o3de/Gems/AWSCore/Code/Platform/iOS/AWSCore_Traits_Platform.h,1,0,1
/media/ullmann/HDDGabriel/research/engines/o3de/Gems/AWSCore/Code/Platform/iOS/AWSCore_Traits_iOS.h,0,1,1
/media/ullmann/HDDGabriel/research/engines/o3de/Gems/AudioSystem/Code/Include/Editor/IAudioSystemEditor.h,1,0,1
/media/ullmann/HDDGabriel/research/engines/o3de/Gems/LmbrCentral/Code/Tests/AxisAlignedBoxShapeTest.cpp,1,0,1
/media/ullmann/HDDGabriel/research/engines/o3de/Gems/EMotionFX/Code/EMotionFX/Tools/EMotionStudio/Plugins/StandardPlugins/Source/AnimGraph/ParameterEditor/FloatSpinnerParameterEditor.cpp,1,0,1
/media/ullmann/HDDGabriel/research/engines/o3de/Gems/Vegetation/Code/Source/Debugger/EditorAreaDebugComponent.cpp,1,0,1
/media/ullmann/HDDGabriel/research/engines/o3de/Gems/EMotionFX/Code/EMotionFX/Source/BlendSpaceManager.h,0,1,1
/media/ullmann/HDDGabriel/research/engines/o3de/Code/Editor/Plugins/ComponentEntityEditorPlugin/UI/QComponentLevelEntityEditorMainWindow.h,0,1,1
/media/ullmann/HDDGabriel/research/engines/o3de/Gems/LyShine/Code/Editor/PreviewAnimationList.cpp,1,0,1
/media/ullmann/HDDGabriel/research/engines/o3de/Code/Framework/AzCore/Tests/AZStd/TypeTraits.cpp,1,0,1
/media/ullmann/HDDGabriel/research/engines/o3de/Gems/ScriptCanvas/Code/Include/ScriptCanvas/Libraries/Deprecated/String/Contains.cpp,1,0,1
/media/ullmann/HDDGabriel/research/engines/o3de/Gems/ScriptCanvas/Code/Include/ScriptCanvas/Libraries/Deprecated/String/Contains.h,0,1,1
/media/ullmann/HDDGabriel/research/engines/o3de/Gems/ScriptCanvas/Code/Include/ScriptCanvas/Libraries/Logic/Cycle.cpp,1,0,1
/media/ullmann/HDDGabriel/research/engines/o3de/Gems/ScriptCanvas/Code/Include/ScriptCanvas/Libraries/Logic/Cycle.h,0,1,1
/media/ullmann/HDDGabriel/research/engines/o3de/Gems/EMotionFX/Code/MCore/Source/DualQuaternion.inl,0,1,1
/media/ullmann/HDDGabriel/research/engines/o3de/Code/Editor/EditorToolsApplicationAPI.h,0,1,1
/media/ullmann/HDDGabriel/research/engines/o3de/Code/Framework/AzQtComponents/AzQtComponents/Gallery/ScrollBarPage.cpp,1,0,1
/media/ullmann/HDDGabriel/research/engines/o3de/Gems/AtomLyIntegration/AtomBridge/Code/Source/AtomBridgeSystemComponent.h,0,2,2
/media/ullmann/HDDGabriel/research/engines/o3de/Gems/Terrain/Code/Source/Components/TerrainSurfaceGradientListComponent.h,0,1,1
/media/ullmann/HDDGabriel/research/engines/o3de/Gems/PhysX/Code/Source/SphereColliderComponent.h,1,0,1
/media/ullmann/HDDGabriel/research/engines/o3de/Code/Framework/AzToolsFramework/AzToolsFramework/ToolsComponents/EditorDisabledCompositionBus.h,0,1,1
/media/ullmann/HDDGabriel/research/engines/o3de/Gems/ScriptCanvas/Code/Include/ScriptCanvas/Debugger/API.cpp,1,0,1
/media/ullmann/HDDGabriel/research/engines/o3de/Gems/ScriptCanvas/Code/Include/ScriptCanvas/Debugger/API.h,0,1,1
/media/ullmann/HDDGabriel/research/engines/o3de/Code/Framework/AzToolsFramework/AzToolsFramework/ToolsComponents/EditorDisabledCompositionComponent.cpp,1,0,1
/media/ullmann/HDDGabriel/research/engines/o3de/Gems/AudioSystem/Code/Source/AudioSystemModule.cpp,1,0,1
/media/ullmann/HDDGabriel/research/engines/o3de/Gems/AudioSystem/Code/Source/AudioSystemGemSystemComponent.h,0,2,2
/media/ullmann/HDDGabriel/research/engines/o3de/Gems/ScriptedEntityTweener/Code/Source/ScriptedEntityTweenerModule.cpp,1,0,1
/media/ullmann/HDDGabriel/research/engines/o3de/Gems/Atom/RHI/Metal/Code/Source/Platform/Android/Metal_Traits_Platform.h,1,0,1
/media/ullmann/HDDGabriel/research/engines/o3de/Gems/Atom/RHI/Metal/Code/Source/Platform/Android/Metal_Traits_Android.h,0,1,1
/media/ullmann/HDDGabriel/research/engines/o3de/Code/Tools/AssetProcessor/native/utilities/BatchApplicationManager.cpp,1,0,1
/media/ullmann/HDDGabriel/research/engines/o3de/Gems/LmbrCentral/Code/Source/Builders/LevelBuilder/LevelBuilderWorker.cpp,1,0,1
/media/ullmann/HDDGabriel/research/engines/o3de/Gems/LandscapeCanvas/Code/Source/Editor/Nodes/Shapes/BaseShapeNode.cpp,1,0,1
/media/ullmann/HDDGabriel/research/engines/o3de/Gems/LandscapeCanvas/Code/Source/Editor/Nodes/Shapes/BaseShapeNode.h,0,1,1
/media/ullmann/HDDGabriel/research/engines/o3de/Gems/Atom/Feature/Common/Code/Source/RayTracing/RayTracingPassData.h,0,1,1
/media/ullmann/HDDGabriel/research/engines/o3de/Gems/LyShine/Code/Source/Sprite.cpp,1,0,1
/media/ullmann/HDDGabriel/research/engines/o3de/Code/Editor/TrackView/AtomOutputFrameCapture.cpp,1,0,1
/media/ullmann/HDDGabriel/research/engines/o3de/Gems/GraphCanvas/Code/Source/Components/Slots/Extender/ExtenderSlotLayoutComponent.h,0,1,1
/media/ullmann/HDDGabriel/research/engines/o3de/Code/Framework/AzFramework/Tests/Platform/iOS/AzFrameworkTests_Traits_Platform.h,1,0,1
/media/ullmann/HDDGabriel/research/engines/o3de/Code/Framework/AzFramework/Tests/Platform/iOS/AzFrameworkTests_Traits_iOS.h,0,1,1
/media/ullmann/HDDGabriel/research/engines/o3de/Gems/ScriptCanvas/Code/Include/ScriptCanvas/Core/SubgraphInterface.cpp,2,0,2
/media/ullmann/HDDGabriel/research/engines/o3de/Gems/LyShine/Code/Source/LyShineDebug.cpp,1,0,1
/media/ullmann/HDDGabriel/research/engines/o3de/Code/Framework/AzToolsFramework/AzToolsFramework/ToolsComponents/ComponentMimeData.cpp,1,0,1
/media/ullmann/HDDGabriel/research/engines/o3de/Code/Framework/AzToolsFramework/AzToolsFramework/ToolsComponents/ComponentMimeData.h,0,1,1
/media/ullmann/HDDGabriel/research/engines/o3de/Gems/ScriptCanvas/Code/Include/ScriptCanvas/Libraries/Core/Method.cpp,1,0,1
/media/ullmann/HDDGabriel/research/engines/o3de/Gems/LyShine/Code/Editor/HierarchyHelpers.cpp,1,0,1
/media/ullmann/HDDGabriel/research/engines/o3de/Gems/EMotionFX/Code/EMotionFX/Tools/EMotionStudio/Plugins/StandardPlugins/Source/AnimGraph/BlendGraphViewWidget.h,0,2,2
/media/ullmann/HDDGabriel/research/engines/o3de/Gems/AudioEngineWwise/Code/Source/Engine/Config_wwise.h,0,2,2
/media/ullmann/HDDGabriel/research/engines/o3de/Gems/RemoteTools/Code/Source/Utilities/RemoteToolsJoinThread.cpp,1,0,1
/media/ullmann/HDDGabriel/research/engines/o3de/Gems/Atom/Feature/Common/Code/Source/Platform/Android/Atom_Feature_Traits_Platform.h,1,0,1
/media/ullmann/HDDGabriel/research/engines/o3de/Gems/Atom/Feature/Common/Code/Source/Platform/Android/Atom_Feature_Traits_Android.h,0,1,1
/media/ullmann/HDDGabriel/research/engines/o3de/Code/Editor/Include/EditorCoreAPI.cpp,1,0,1
/media/ullmann/HDDGabriel/research/engines/o3de/Gems/EMotionFX/Code/EMotionFX/Source/Parameter/Parameter.cpp,1,0,1
/media/ullmann/HDDGabriel/research/engines/o3de/Code/Tools/AssetProcessor/native/AssetManager/AssetCatalog.cpp,1,0,1
/media/ullmann/HDDGabriel/research/engines/o3de/Gems/Atom/Utils/Code/Include/Atom/Utils/ImGuiShaderMetrics.h,1,0,1
/media/ullmann/HDDGabriel/research/engines/o3de/Gems/Atom/Utils/Code/Include/Atom/Utils/ImGuiShaderMetrics.inl,0,1,1
/media/ullmann/HDDGabriel/research/engines/o3de/Gems/DebugDraw/Code/Source/DebugDrawRayComponent.cpp,1,0,1
/media/ullmann/HDDGabriel/research/engines/o3de/Gems/WhiteBox/Code/Source/Util/WhiteBoxTextureUtil.cpp,1,0,1
/media/ullmann/HDDGabriel/research/engines/o3de/Gems/WhiteBox/Code/Source/Util/WhiteBoxTextureUtil.h,0,1,1
/media/ullmann/HDDGabriel/research/engines/o3de/Gems/Atom/Asset/Shader/Code/Tests/ShaderBuilderUtilityTests.cpp,1,0,1
/media/ullmann/HDDGabriel/research/engines/o3de/Code/Framework/AzCore/Tests/AZStd/LockFreeStacks.cpp,1,0,1
/media/ullmann/HDDGabriel/research/engines/o3de/Gems/PhysX/Code/Editor/ColliderBoxMode.cpp,1,0,1
/media/ullmann/HDDGabriel/research/engines/o3de/Gems/PhysX/Code/Source/EditorPhysXJointInterface.cpp,2,0,2
/media/ullmann/HDDGabriel/research/engines/o3de/Gems/PhysX/Code/Source/EditorPhysXJointInterface.h,0,1,1
/media/ullmann/HDDGabriel/research/engines/o3de/Code/Framework/AzCore/Tests/AZTestShared/Math/MathTestHelpers.cpp,1,0,1
/media/ullmann/HDDGabriel/research/engines/o3de/Code/Framework/AzCore/Tests/AZTestShared/Math/MathTestHelpers.h,0,1,1
/media/ullmann/HDDGabriel/research/engines/o3de/Gems/Atom/Tools/ShaderManagementConsole/Code/Source/Window/ShaderManagementConsoleWindow.h,0,2,2
/media/ullmann/HDDGabriel/research/engines/o3de/Gems/Twitch/Code/Source/ITwitchREST.h,0,2,2
/media/ullmann/HDDGabriel/research/engines/o3de/Gems/ScriptCanvas/Code/Include/ScriptCanvas/Libraries/String/StringFunctions.cpp,1,0,1
/media/ullmann/HDDGabriel/research/engines/o3de/Gems/ScriptCanvas/Code/Include/ScriptCanvas/Libraries/String/StringFunctions.h,0,1,1
/media/ullmann/HDDGabriel/research/engines/o3de/Gems/AtomLyIntegration/AtomFont/Code/Source/FFontXML.cpp,1,0,1
/media/ullmann/HDDGabriel/research/engines/o3de/Gems/AtomLyIntegration/AtomFont/Code/Source/FFontXML_Internal.h,0,1,1
/media/ullmann/HDDGabriel/research/engines/o3de/Gems/AtomLyIntegration/EMotionFXAtom/Code/Source/ActorModule.cpp,2,0,2
/media/ullmann/HDDGabriel/research/engines/o3de/Gems/GraphCanvas/Code/Source/Components/Slots/Property/PropertySlotLayoutComponent.h,0,1,1
/media/ullmann/HDDGabriel/research/engines/o3de/Gems/Terrain/Code/Source/TerrainRenderer/Components/TerrainSurfaceMaterialsListComponent.h,0,1,1
/media/ullmann/HDDGabriel/research/engines/o3de/Code/Framework/AzCore/Tests/AZStd/Pair.cpp,1,0,1
/media/ullmann/HDDGabriel/research/engines/o3de/Code/Framework/AzToolsFramework/AzToolsFramework/UI/PropertyEditor/PropertyEditorApi.cpp,1,0,1
/media/ullmann/HDDGabriel/research/engines/o3de/Code/Framework/AzFramework/AzFramework/UnitTest/TestDebugDisplayRequests.cpp,1,0,1
/media/ullmann/HDDGabriel/research/engines/o3de/Code/Framework/AzFramework/AzFramework/UnitTest/TestDebugDisplayRequests.h,0,1,1
/media/ullmann/HDDGabriel/research/engines/o3de/Gems/RecastNavigation/Code/Source/EditorComponents/EditorRecastNavigationMeshComponent.cpp,1,0,1
/media/ullmann/HDDGabriel/research/engines/o3de/Gems/LyShine/Code/Tests/AnimationTest.cpp,1,0,1
/media/ullmann/HDDGabriel/research/engines/o3de/Gems/AtomLyIntegration/CommonFeatures/Code/Source/PostProcess/DepthOfField/EditorDepthOfFieldComponent.h,0,1,1
/media/ullmann/HDDGabriel/research/engines/o3de/Gems/AWSCore/Code/Source/Credential/AWSCredentialManager.h,0,1,1
/media/ullmann/HDDGabriel/research/engines/o3de/Code/Tools/CrashHandler/Shared/CrashHandler.cpp,1,0,1
/media/ullmann/HDDGabriel/research/engines/o3de/Code/Tools/CrashHandler/Shared/CrashHandler.h,0,1,1
/media/ullmann/HDDGabriel/research/engines/o3de/Gems/AtomLyIntegration/AtomBridge/Code/Source/FlyCameraInputComponent.cpp,1,0,1
/media/ullmann/HDDGabriel/research/engines/o3de/Gems/Profiler/Code/Source/ProfilerSystemComponent.cpp,1,0,1
/media/ullmann/HDDGabriel/research/engines/o3de/Gems/ScriptAutomation/Code/Source/ScriptAutomationSystemComponent.cpp,2,0,2
/media/ullmann/HDDGabriel/research/engines/o3de/Gems/MotionMatching/Code/Source/TrajectoryHistory.cpp,1,0,1
/media/ullmann/HDDGabriel/research/engines/o3de/Gems/EMotionFX/Code/Editor/Platform/Mac/EMotionFX_Traits_Platform.h,1,0,1
/media/ullmann/HDDGabriel/research/engines/o3de/Gems/EMotionFX/Code/Editor/Platform/Mac/EMotionFX_Traits_Mac.h,0,1,1
/media/ullmann/HDDGabriel/research/engines/o3de/Gems/PhysX/Code/Editor/ColliderAssetScaleMode.cpp,1,0,1
/media/ullmann/HDDGabriel/research/engines/o3de/Code/Editor/TrackView/TrackViewNodeFactories.cpp,2,0,2
/media/ullmann/HDDGabriel/research/engines/o3de/Gems/AtomLyIntegration/EMotionFXAtom/Code/Source/AtomActorInstance.cpp,4,0,4
/media/ullmann/HDDGabriel/research/engines/o3de/Gems/Terrain/Code/Tests/SurfaceMaterialsListTest.cpp,2,0,2
/media/ullmann/HDDGabriel/research/engines/o3de/Gems/RecastNavigation/Code/Source/RecastNavigationSystemComponent.cpp,1,0,1
/media/ullmann/HDDGabriel/research/engines/o3de/Code/Editor/Util/GuidUtil.cpp,1,0,1
/media/ullmann/HDDGabriel/research/engines/o3de/Gems/Compression/Code/Source/Tools/CompressionFactoryImpl.cpp,1,0,1
/media/ullmann/HDDGabriel/research/engines/o3de/Gems/GraphCanvas/Code/Source/Components/Slots/Data/DataSlotLayoutComponent.h,0,1,1
/media/ullmann/HDDGabriel/research/engines/o3de/Gems/Multiplayer/Code/Tests/ServerHierarchyBenchmarks.cpp,1,0,1
/media/ullmann/HDDGabriel/research/engines/o3de/Gems/EMotionFX/Code/EMotionFX/Source/BlendTreeRotationMath2Node.cpp,1,0,1
/media/ullmann/HDDGabriel/research/engines/o3de/Code/Framework/AzCore/Tests/AZStd/Ordered.cpp,1,0,1
/media/ullmann/HDDGabriel/research/engines/o3de/Gems/ScriptCanvas/Code/Include/ScriptCanvas/Libraries/Time/TimeDelayNodeable.cpp,1,0,1
/media/ullmann/HDDGabriel/research/engines/o3de/Gems/ScriptCanvas/Code/Include/ScriptCanvas/Libraries/Time/TimeDelayNodeable.h,0,1,1
/media/ullmann/HDDGabriel/research/engines/o3de/Gems/Vegetation/Code/Source/Components/SurfaceMaskFilterComponent.cpp,1,0,1
/media/ullmann/HDDGabriel/research/engines/o3de/Gems/AudioEngineWwise/Code/Source/AudioEngineWwiseGemSystemComponent.cpp,1,0,1
/media/ullmann/HDDGabriel/research/engines/o3de/Gems/InAppPurchases/Code/Source/InAppPurchasesSystemComponent.cpp,1,0,1
/media/ullmann/HDDGabriel/research/engines/o3de/Gems/AudioSystem/Code/Tests/Mocks/ATLEntitiesMock.h,0,1,1
/media/ullmann/HDDGabriel/research/engines/o3de/Code/Editor/Objects/ObjectManagerEventBus.h,0,1,1
/media/ullmann/HDDGabriel/research/engines/o3de/Code/Framework/AzCore/AzCore/Debug/Budget.cpp,1,0,1
/media/ullmann/HDDGabriel/research/engines/o3de/Code/Framework/AzCore/AzCore/Debug/Budget.h,0,1,1
/media/ullmann/HDDGabriel/research/engines/o3de/Gems/LmbrCentral/Code/Source/Audio/AudioSwitchComponent.h,0,3,3
/media/ullmann/HDDGabriel/research/engines/o3de/Gems/EMotionFX/Code/EMotionFX/CommandSystem/Source/AnimGraphGroupParameterCommands.h,1,1,2
/media/ullmann/HDDGabriel/research/engines/o3de/Gems/GradientSignal/Code/Source/Editor/EditorShapeAreaFalloffGradientComponent.cpp,1,0,1
/media/ullmann/HDDGabriel/research/engines/o3de/Gems/AtomLyIntegration/CommonFeatures/Code/Source/PostProcess/RadiusWeightModifier/EditorRadiusWeightModifierComponent.h,0,1,1
/media/ullmann/HDDGabriel/research/engines/o3de/Gems/AudioEngineWwise/Code/Platform/Android/FileIOHandler_wwise_Platform.h,1,0,1
/media/ullmann/HDDGabriel/research/engines/o3de/Gems/AtomLyIntegration/CommonFeatures/Code/Source/SkinnedMesh/SkinnedMeshDebugDisplay.h,0,1,1
/media/ullmann/HDDGabriel/research/engines/o3de/Gems/LandscapeCanvas/Code/Source/Editor/Nodes/GradientModifiers/SmoothStepGradientModifierNode.h,0,2,2
/media/ullmann/HDDGabriel/research/engines/o3de/Code/Framework/AzFramework/AzFramework/Visibility/VisibilityDebug.cpp,1,0,1
/media/ullmann/HDDGabriel/research/engines/o3de/Code/Framework/AzFramework/AzFramework/Visibility/VisibilityDebug.h,0,1,1
/media/ullmann/HDDGabriel/research/engines/o3de/Code/Editor/TrackViewNewSequenceDialog.h,0,1,1
/media/ullmann/HDDGabriel/research/engines/o3de/Gems/ScriptCanvasDeveloper/Code/Editor/Source/EditorAutomationTests/VariableTests.h,0,1,1
/media/ullmann/HDDGabriel/research/engines/o3de/Gems/AWSGameLift/Code/AWSGameLiftClient/Tests/AWSGameLiftClientMocks.h,0,2,2
/media/ullmann/HDDGabriel/research/engines/o3de/Code/Tools/TestImpactFramework/Runtime/Python/Code/Source/Target/Python/TestImpactPythonProductionTarget.h,0,1,1
/media/ullmann/HDDGabriel/research/engines/o3de/Gems/Multiplayer/Code/Source/ReplicationWindows/ServerToClientReplicationWindow.h,0,1,1
/media/ullmann/HDDGabriel/research/engines/o3de/Gems/GraphCanvas/Code/StaticLib/GraphCanvas/Components/NodePropertyDisplay/StringDataInterface.h,1,0,1
/media/ullmann/HDDGabriel/research/engines/o3de/Gems/LyShine/Code/Editor/FindEntityItemModel.cpp,1,0,1
/media/ullmann/HDDGabriel/research/engines/o3de/Gems/ScriptCanvas/Code/Include/ScriptCanvas/Core/Contracts/RestrictedNodeContract.cpp,1,0,1
/media/ullmann/HDDGabriel/research/engines/o3de/Gems/Atom/Feature/Common/Code/Source/FrameCaptureSystemComponent.cpp,1,0,1
/media/ullmann/HDDGabriel/research/engines/o3de/Gems/PhysX/Code/Source/EditorJointOptimizer.h,0,2,2
/media/ullmann/HDDGabriel/research/engines/o3de/Gems/Gestures/Code/Include/Gestures/GestureRecognizerRotate.h,1,0,1
/media/ullmann/HDDGabriel/research/engines/o3de/Gems/TextureAtlas/Code/Source/TextureAtlasImpl.cpp,1,0,1
/media/ullmann/HDDGabriel/research/engines/o3de/Gems/LyShine/Code/Editor/SerializeHelpers.cpp,1,0,1
/media/ullmann/HDDGabriel/research/engines/o3de/Gems/AWSCore/Code/Tests/AWSCoreSystemComponentTest.cpp,1,0,1
/media/ullmann/HDDGabriel/research/engines/o3de/Gems/AWSCore/Code/Tests/TestFramework/AWSCoreFixture.h,0,1,1
/media/ullmann/HDDGabriel/research/engines/o3de/Code/Framework/AzToolsFramework/AzToolsFramework/AzToolsFrameworkModule.cpp,1,0,1
/media/ullmann/HDDGabriel/research/engines/o3de/Code/Framework/AzToolsFramework/AzToolsFramework/Prefab/ProceduralPrefabSystemComponent.h,0,1,1
/media/ullmann/HDDGabriel/research/engines/o3de/Gems/EMotionFX/Code/EMotionFX/Exporters/ExporterLib/Exporter/StringExport.cpp,1,0,1
/media/ullmann/HDDGabriel/research/engines/o3de/Gems/LmbrCentral/Code/Source/Builders/CopyDependencyBuilder/XmlBuilderWorker/XmlBuilderWorker.cpp,1,0,1
/media/ullmann/HDDGabriel/research/engines/o3de/Code/Legacy/CrySystem/XML/SerializeXMLWriter.cpp,1,0,1
/media/ullmann/HDDGabriel/research/engines/o3de/Code/Legacy/CrySystem/XML/SerializeXMLWriter.h,0,2,2
/media/ullmann/HDDGabriel/research/engines/o3de/Code/Framework/AzQtComponents/AzQtComponents/Utilities/QtViewPaneEffects.cpp,1,0,1
/media/ullmann/HDDGabriel/research/engines/o3de/Code/Framework/AzQtComponents/AzQtComponents/Utilities/QtViewPaneEffects.h,0,1,1
/media/ullmann/HDDGabriel/research/engines/o3de/Gems/AtomTressFX/External/Code/src/TressFX/AMD_Types.h,0,2,2
/media/ullmann/HDDGabriel/research/engines/o3de/Gems/Maestro/Code/Source/Cinematics/SoundTrack.cpp,1,0,1
/media/ullmann/HDDGabriel/research/engines/o3de/Gems/ScriptCanvas/Code/Include/ScriptCanvas/Core/Contracts/MathOperatorContract.h,0,2,2
/media/ullmann/HDDGabriel/research/engines/o3de/Gems/ScriptCanvas/Code/Editor/View/Widgets/NodePalette/VariableNodePaletteTreeItemTypes.cpp,1,0,1
/media/ullmann/HDDGabriel/research/engines/o3de/Gems/LmbrCentral/Code/Source/Scripting/EditorLookAtComponent.cpp,2,0,2
/media/ullmann/HDDGabriel/research/engines/o3de/Gems/ScriptCanvas/Code/Include/ScriptCanvas/Translation/TranslationResult.h,0,3,3
/media/ullmann/HDDGabriel/research/engines/o3de/Gems/ScriptCanvas/Code/Include/ScriptCanvas/Translation/TranslationResult.cpp,1,0,1
/media/ullmann/HDDGabriel/research/engines/o3de/Code/Framework/AzToolsFramework/AzToolsFramework/UI/LegacyFramework/Core/EditorFrameworkApplication.cpp,1,0,1
/media/ullmann/HDDGabriel/research/engines/o3de/Code/Framework/AzToolsFramework/AzToolsFramework/UI/LegacyFramework/Core/EditorFrameworkApplication.h,1,1,2
/media/ullmann/HDDGabriel/research/engines/o3de/Gems/LyShine/Code/Editor/HierarchyClipboard.cpp,1,0,1
/media/ullmann/HDDGabriel/research/engines/o3de/Gems/AudioEngineWwise/Code/Source/Engine/AudioInput/AudioInputMicrophone.h,0,1,1
/media/ullmann/HDDGabriel/research/engines/o3de/Gems/EMotionFX/Code/EMotionFX/Tools/EMotionStudio/Plugins/StandardPlugins/Source/MotionEvents/MotionEventPresetCreateDialog.cpp,1,0,1
/media/ullmann/HDDGabriel/research/engines/o3de/Gems/EMotionFX/Code/EMotionFX/Tools/EMotionStudio/Plugins/StandardPlugins/Source/MotionEvents/MotionEventPresetCreateDialog.h,0,1,1
/media/ullmann/HDDGabriel/research/engines/o3de/Gems/Twitch/Code/Source/Platform/Linux/Twitch_Traits_Platform.h,1,0,1
/media/ullmann/HDDGabriel/research/engines/o3de/Gems/Twitch/Code/Source/Platform/Linux/Twitch_Traits_Linux.h,0,1,1
/media/ullmann/HDDGabriel/research/engines/o3de/Code/Tools/CrashHandler/Tools/ToolsCrashHandler_mac.cpp,1,0,1
/media/ullmann/HDDGabriel/research/engines/o3de/Code/Framework/AzQtComponents/AzQtComponents/Gallery/CardPage.cpp,1,0,1
/media/ullmann/HDDGabriel/research/engines/o3de/Code/Framework/AzQtComponents/AzQtComponents/Gallery/CardPage.h,0,2,2
/media/ullmann/HDDGabriel/research/engines/o3de/Gems/ScriptCanvas/Code/Include/ScriptCanvas/Internal/Nodeables/BaseTimer.cpp,1,0,1
/media/ullmann/HDDGabriel/research/engines/o3de/Gems/ScriptCanvas/Code/Include/ScriptCanvas/Internal/Nodeables/BaseTimer.h,0,1,1
/media/ullmann/HDDGabriel/research/engines/o3de/Gems/LmbrCentral/Code/Source/Shape/EditorTubeShapeComponentMode.cpp,1,0,1
/media/ullmann/HDDGabriel/research/engines/o3de/Gems/MessagePopup/Code/Source/LyShineMessagePopup.cpp,1,0,1
/media/ullmann/HDDGabriel/research/engines/o3de/Code/Framework/AzFramework/AzFramework/Viewport/CameraInput.cpp,1,0,1
/media/ullmann/HDDGabriel/research/engines/o3de/Code/Framework/AzFramework/AzFramework/Viewport/CameraInput.h,0,1,1
/media/ullmann/HDDGabriel/research/engines/o3de/Gems/ScriptCanvas/Code/Include/ScriptCanvas/Core/Contracts/TypeContract.cpp,1,0,1
/media/ullmann/HDDGabriel/research/engines/o3de/Gems/Terrain/Code/Tests/TerrainSurfaceGradientListTests.cpp,1,0,1
/media/ullmann/HDDGabriel/research/engines/o3de/Gems/PhysX/Code/Source/WindProvider.h,0,1,1
/media/ullmann/HDDGabriel/research/engines/o3de/Code/Framework/AzQtComponents/AzQtComponents/Components/Widgets/SegmentControl.h,0,1,1
/media/ullmann/HDDGabriel/research/engines/o3de/Gems/LyShine/Code/Editor/CommandHierarchyItemToggleIsSelectable.cpp,1,0,1
/media/ullmann/HDDGabriel/research/engines/o3de/Gems/ScriptCanvas/Code/Include/ScriptCanvas/Libraries/Deprecated/UnitTesting/ExpectNotEqual.cpp,1,0,1
/media/ullmann/HDDGabriel/research/engines/o3de/Gems/ScriptCanvas/Code/Include/ScriptCanvas/Libraries/Deprecated/UnitTesting/ExpectNotEqual.h,0,1,1
/media/ullmann/HDDGabriel/research/engines/o3de/Gems/AudioSystem/Code/Source/Engine/SoundCVars.cpp,1,0,1
/media/ullmann/HDDGabriel/research/engines/o3de/Code/Framework/AzToolsFramework/AzToolsFramework/ToolsComponents/EditorInspectorComponent.cpp,1,0,1
/media/ullmann/HDDGabriel/research/engines/o3de/Gems/EMotionFX/Code/EMotionFX/Source/MeshDeformer.cpp,1,0,1
/media/ullmann/HDDGabriel/research/engines/o3de/Gems/ScriptCanvas/Code/Editor/View/Widgets/NodePalette/GeneralNodePaletteTreeItemTypes.cpp,1,0,1
/media/ullmann/HDDGabriel/research/engines/o3de/Gems/SaveData/Code/Source/Platform/Windows/SaveData_Traits_Platform.h,1,0,1
/media/ullmann/HDDGabriel/research/engines/o3de/Gems/SaveData/Code/Source/Platform/Windows/SaveData_Traits_Windows.h,0,1,1
/media/ullmann/HDDGabriel/research/engines/o3de/Gems/LyShine/Code/Editor/LyShineEditorSystemComponent.h,0,1,1
/media/ullmann/HDDGabriel/research/engines/o3de/Gems/AtomLyIntegration/CommonFeatures/Code/Source/PostProcess/GradientWeightModifier/EditorGradientWeightModifierComponent.h,0,1,1
/media/ullmann/HDDGabriel/research/engines/o3de/Gems/EMotionFX/Code/EMotionFX/Tools/EMotionStudio/Plugins/StandardPlugins/Source/CommandBar/CommandBarPlugin.h,0,1,1
/media/ullmann/HDDGabriel/research/engines/o3de/Gems/Terrain/Code/Source/Components/TerrainWorldComponent.h,0,1,1
/media/ullmann/HDDGabriel/research/engines/o3de/Code/Editor/TrackView/ConsoleKeyUIControls.cpp,2,0,2
/media/ullmann/HDDGabriel/research/engines/o3de/Code/Framework/AzToolsFramework/AzToolsFramework/Manipulators/ManipulatorSnapping.cpp,1,0,1
/media/ullmann/HDDGabriel/research/engines/o3de/Code/Framework/AzToolsFramework/AzToolsFramework/Manipulators/ManipulatorSnapping.h,0,1,1
/media/ullmann/HDDGabriel/research/engines/o3de/Gems/WhiteBox/Code/Source/Rendering/WhiteBoxRenderMeshInterface.cpp,1,0,1
/media/ullmann/HDDGabriel/research/engines/o3de/Code/Framework/AzManipulatorTestFramework/Tests/BusCallTest.cpp,1,0,1
/media/ullmann/HDDGabriel/research/engines/o3de/Code/Tools/LuaIDE/Source/AssetDatabaseLocationListener.cpp,1,0,1
/media/ullmann/HDDGabriel/research/engines/o3de/Code/Tools/LuaIDE/Source/AssetDatabaseLocationListener.h,0,1,1
/media/ullmann/HDDGabriel/research/engines/o3de/Gems/Terrain/Code/Tests/TerrainWorldDebuggerComponentTests.cpp,1,0,1
/media/ullmann/HDDGabriel/research/engines/o3de/Code/Framework/AzFramework/Tests/BehaviorEntityTests.cpp,1,0,1
/media/ullmann/HDDGabriel/research/engines/o3de/Code/Tools/AssetProcessor/native/unittests/ConnectionUnitTests.cpp,1,0,1
/media/ullmann/HDDGabriel/research/engines/o3de/Gems/ScriptCanvas/Code/Include/ScriptCanvas/Libraries/Logic/And.h,0,1,1
/media/ullmann/HDDGabriel/research/engines/o3de/Code/Framework/AzToolsFramework/AzToolsFramework/UI/Logging/LogLine.h,0,1,1
/media/ullmann/HDDGabriel/research/engines/o3de/Gems/EMotionFX/Code/EMotionFX/Source/Parameter/FloatSpinnerParameter.cpp,1,0,1
/media/ullmann/HDDGabriel/research/engines/o3de/Gems/EMotionFX/Code/EMotionFX/Source/Parameter/FloatSpinnerParameter.h,1,1,2
/media/ullmann/HDDGabriel/research/engines/o3de/Gems/Vegetation/Code/Source/Editor/EditorSurfaceMaskDepthFilterComponent.cpp,1,0,1
/media/ullmann/HDDGabriel/research/engines/o3de/Code/Editor/StartupTraceHandler.h,0,2,2
/media/ullmann/HDDGabriel/research/engines/o3de/Gems/LyShine/Code/Source/UiMarkupButtonComponent.cpp,2,0,2
/media/ullmann/HDDGabriel/research/engines/o3de/Gems/PythonAssetBuilder/Code/Source/PythonBuilderWorker.cpp,1,0,1
/media/ullmann/HDDGabriel/research/engines/o3de/Gems/PythonAssetBuilder/Code/Source/PythonBuilderWorker.h,0,1,1
/media/ullmann/HDDGabriel/research/engines/o3de/Gems/LyShine/Code/Editor/ComponentButton.cpp,1,0,1
/media/ullmann/HDDGabriel/research/engines/o3de/Gems/LyShine/Code/Editor/CommandCanvasSizeToolbarIndex.cpp,1,0,1
/media/ullmann/HDDGabriel/research/engines/o3de/Code/Framework/AzCore/AzCore/Component/ComponentBus.cpp,1,0,1
/media/ullmann/HDDGabriel/research/engines/o3de/Code/Framework/AzCore/AzCore/Component/ComponentBus.h,0,1,1
/media/ullmann/HDDGabriel/research/engines/o3de/Gems/BarrierInput/Code/Source/BarrierInputKeyboard.cpp,1,0,1
/media/ullmann/HDDGabriel/research/engines/o3de/Gems/ScriptCanvas/Code/Include/ScriptCanvas/Libraries/Deprecated/UnitTesting/UnitTesting.cpp,1,0,1
/media/ullmann/HDDGabriel/research/engines/o3de/Gems/ScriptCanvas/Code/Include/ScriptCanvas/Libraries/Deprecated/UnitTesting/UnitTesting.h,0,1,1
/media/ullmann/HDDGabriel/research/engines/o3de/Gems/ScriptCanvas/Code/Editor/GraphCanvas/DataInterfaces/ScriptCanvasColorDataInterface.h,1,0,1
/media/ullmann/HDDGabriel/research/engines/o3de/Gems/EMotionFX/Code/EMotionFX/Source/EventHandler.cpp,1,0,1
/media/ullmann/HDDGabriel/research/engines/o3de/Gems/ScriptCanvas/Code/Include/ScriptCanvas/Utils/VersioningUtils.cpp,1,0,1
/media/ullmann/HDDGabriel/research/engines/o3de/Gems/ScriptCanvas/Code/Include/ScriptCanvas/Utils/VersioningUtils.h,0,1,1
/media/ullmann/HDDGabriel/research/engines/o3de/Gems/EMotionFX/Code/EMotionFX/Source/ThreadData.cpp,1,0,1
/media/ullmann/HDDGabriel/research/engines/o3de/Code/Legacy/CryCommon/AndroidSpecific.h,2,0,2
/media/ullmann/HDDGabriel/research/engines/o3de/Code/Framework/AzCore/Tests/AZStd/ChronoTests.cpp,1,0,1
/media/ullmann/HDDGabriel/research/engines/o3de/Gems/GraphCanvas/Code/Source/Components/Slots/Execution/ExecutionSlotLayoutComponent.h,0,1,1
/media/ullmann/HDDGabriel/research/engines/o3de/Gems/ScriptCanvas/Code/Include/ScriptCanvas/Libraries/Time/HeartBeatNodeable.cpp,1,0,1
/media/ullmann/HDDGabriel/research/engines/o3de/Gems/ScriptCanvas/Code/Include/ScriptCanvas/Libraries/Time/HeartBeatNodeable.h,0,1,1
/media/ullmann/HDDGabriel/research/engines/o3de/Gems/Vegetation/Code/Source/Editor/EditorPositionModifierComponent.cpp,1,0,1
/media/ullmann/HDDGabriel/research/engines/o3de/Code/Editor/IPostRenderer.h,0,1,1
/media/ullmann/HDDGabriel/research/engines/o3de/Gems/LyShine/Code/Editor/CommandPropertiesChange.cpp,1,0,1
/media/ullmann/HDDGabriel/research/engines/o3de/Gems/Atom/RHI/Vulkan/Code/Source/Platform/Windows/Vulkan_Traits_Platform.h,1,0,1
/media/ullmann/HDDGabriel/research/engines/o3de/Gems/Atom/RHI/Vulkan/Code/Source/Platform/Windows/Vulkan_Traits_Windows.h,0,1,1
/media/ullmann/HDDGabriel/research/engines/o3de/Code/Tools/TestImpactFramework/Runtime/Common/Code/Include/Static/TestEngine/Common/Run/TestImpactTestEngineInstrumentedRun.h,0,1,1
/media/ullmann/HDDGabriel/research/engines/o3de/Gems/GameState/Code/Source/GameStateModule.cpp,1,0,1
/media/ullmann/HDDGabriel/research/engines/o3de/Gems/GameState/Code/Source/GameStateSystemComponent.h,0,2,2
/media/ullmann/HDDGabriel/research/engines/o3de/Code/Legacy/CryCommon/SerializationTypes.h,0,2,2
/media/ullmann/HDDGabriel/research/engines/o3de/Gems/ScriptCanvas/Code/Include/ScriptCanvas/Libraries/Logic/WeightedRandomSequencer.cpp,1,0,1
/media/ullmann/HDDGabriel/research/engines/o3de/Gems/Vegetation/Code/Source/Editor/EditorSurfaceAltitudeFilterComponent.cpp,1,0,1
/media/ullmann/HDDGabriel/research/engines/o3de/Code/Tools/AssetProcessor/native/main_gui.cpp,1,0,1
/media/ullmann/HDDGabriel/research/engines/o3de/Code/Tools/AssetProcessor/native/utilities/GUIApplicationManager.h,0,2,2
/media/ullmann/HDDGabriel/research/engines/o3de/Gems/Blast/Code/Source/Editor/EditorBlastFamilyComponent.h,0,1,1
/media/ullmann/HDDGabriel/research/engines/o3de/Gems/Terrain/Code/Tests/TerrainSystemTest.cpp,2,0,2
/media/ullmann/HDDGabriel/research/engines/o3de/Gems/AtomLyIntegration/CommonFeatures/Code/Source/SurfaceData/SurfaceDataMeshComponent.cpp,1,0,1
/media/ullmann/HDDGabriel/research/engines/o3de/Gems/Atom/RPI/Code/Source/RPI.Public/ColorManagement/GeneratedTransforms/AcesCg_To_LinearSrgb.inl,0,1,1
/media/ullmann/HDDGabriel/research/engines/o3de/Gems/Atom/Asset/ImageProcessingAtom/Code/Source/Compressors/CryTextureSquisher/ColorBlockRGBA4x4c.cpp,1,0,1
/media/ullmann/HDDGabriel/research/engines/o3de/Code/Legacy/CryCommon/MultiThread_Containers.h,1,0,1
/media/ullmann/HDDGabriel/research/engines/o3de/Gems/GradientSignal/Code/Source/Editor/EditorThresholdGradientComponent.h,0,2,2
/media/ullmann/HDDGabriel/research/engines/o3de/Gems/EMotionFX/Code/Tests/PhysicsSetupUtils.cpp,1,0,1
/media/ullmann/HDDGabriel/research/engines/o3de/Gems/EMotionFX/Code/Tests/PhysicsSetupUtils.h,0,1,1
/media/ullmann/HDDGabriel/research/engines/o3de/Gems/GraphModel/Code/Source/GraphModelModule.cpp,1,0,1
/media/ullmann/HDDGabriel/research/engines/o3de/Gems/GraphModel/Code/Source/GraphModelSystemComponent.h,0,2,2
/media/ullmann/HDDGabriel/research/engines/o3de/Gems/Vegetation/Code/Source/Components/BlockerComponent.cpp,1,0,1
/media/ullmann/HDDGabriel/research/engines/o3de/Code/Editor/Include/IIconManager.h,0,1,1
/media/ullmann/HDDGabriel/research/engines/o3de/Code/Framework/AzQtComponents/AzQtComponents/Gallery/SplitterPage.cpp,1,0,1
/media/ullmann/HDDGabriel/research/engines/o3de/Code/Framework/AzToolsFramework/AzToolsFramework/Script/LuaSymbolsReporterSystemComponent.cpp,1,0,1
/media/ullmann/HDDGabriel/research/engines/o3de/Code/Framework/AzToolsFramework/AzToolsFramework/Script/LuaSymbolsReporterSystemComponent.h,0,1,1
/media/ullmann/HDDGabriel/research/engines/o3de/Gems/AWSClientAuth/Code/Source/Authentication/AuthenticationNotificationBusBehaviorHandler.h,0,1,1
/media/ullmann/HDDGabriel/research/engines/o3de/Code/Editor/Util/FileUtil_impl.cpp,1,0,1
/media/ullmann/HDDGabriel/research/engines/o3de/Gems/Atom/Feature/Common/Code/Source/Platform/Mac/Atom_Feature_Traits_Platform.h,1,0,1
/media/ullmann/HDDGabriel/research/engines/o3de/Gems/Atom/Feature/Common/Code/Source/Platform/Mac/Atom_Feature_Traits_Mac.h,0,1,1
/media/ullmann/HDDGabriel/research/engines/o3de/Gems/LandscapeCanvas/Code/Source/Editor/Nodes/AreaFilters/SurfaceMaskDepthFilterNode.cpp,1,0,1
/media/ullmann/HDDGabriel/research/engines/o3de/Gems/AtomLyIntegration/EditorModeFeedback/Code/Source/Pass/State/SelectedEntityState.h,0,1,1
/media/ullmann/HDDGabriel/research/engines/o3de/Gems/LandscapeCanvas/Code/Source/Editor/Nodes/GradientModifiers/LevelsGradientModifierNode.cpp,1,0,1
/media/ullmann/HDDGabriel/research/engines/o3de/Code/Editor/TrackView/CharacterKeyUIControls.cpp,1,0,1
/media/ullmann/HDDGabriel/research/engines/o3de/Gems/Vegetation/Code/Source/Components/SurfaceMaskDepthFilterComponent.cpp,1,0,1
/media/ullmann/HDDGabriel/research/engines/o3de/Gems/LmbrCentral/Code/Source/Builders/BenchmarkAssetBuilder/BenchmarkAssetBuilderComponent.h,0,1,1
/media/ullmann/HDDGabriel/research/engines/o3de/Gems/GraphCanvas/Code/Source/Components/Connections/ConnectionLayerControllerComponent.h,0,1,1
/media/ullmann/HDDGabriel/research/engines/o3de/Gems/EMotionFX/Code/EMotionFX/CommandSystem/Source/SelectionCommands.cpp,1,0,1
/media/ullmann/HDDGabriel/research/engines/o3de/Gems/ScriptEvents/Code/Source/Editor/ScriptEventsSystemEditorComponent.cpp,1,0,1
/media/ullmann/HDDGabriel/research/engines/o3de/Gems/ScriptEvents/Code/Source/Editor/ScriptEventsSystemEditorComponent.h,0,1,1
/media/ullmann/HDDGabriel/research/engines/o3de/Gems/LyShine/Code/Editor/ComponentAssetHelpers.h,0,2,2
/media/ullmann/HDDGabriel/research/engines/o3de/Gems/AWSGameLift/Code/AWSGameLiftClient/Source/AWSGameLiftClientModule.cpp,1,0,1
/media/ullmann/HDDGabriel/research/engines/o3de/Gems/Atom/Feature/Common/Code/Source/ImGui/ImGuiPass.h,0,1,1
/media/ullmann/HDDGabriel/research/engines/o3de/Code/Legacy/CryCommon/Cry_Matrix34.h,0,1,1
/media/ullmann/HDDGabriel/research/engines/o3de/Gems/EMotionFX/Code/EMotionFX/Exporters/ExporterLib/Exporter/ExporterActor.cpp,1,0,1
/media/ullmann/HDDGabriel/research/engines/o3de/Gems/LyShine/Code/Editor/ViewportPivot.cpp,2,0,2
/media/ullmann/HDDGabriel/research/engines/o3de/Gems/Profiler/Code/Source/ImGuiTreemap.cpp,1,0,1
/media/ullmann/HDDGabriel/research/engines/o3de/Gems/LmbrCentral/Code/Source/Audio/AudioSystemComponent.h,0,1,1
/media/ullmann/HDDGabriel/research/engines/o3de/Gems/Gestures/Code/Source/InputDeviceGestures.cpp,1,0,1
/media/ullmann/HDDGabriel/research/engines/o3de/Gems/LyShine/Code/Editor/PreviewActionLog.h,0,1,1
/media/ullmann/HDDGabriel/research/engines/o3de/Gems/ScriptCanvas/Code/Include/ScriptCanvas/Libraries/Operators/Math/OperatorMul.cpp,1,0,1
/media/ullmann/HDDGabriel/research/engines/o3de/Gems/LandscapeCanvas/Code/Source/Editor/Nodes/GradientModifiers/InvertGradientModifierNode.cpp,1,0,1
/media/ullmann/HDDGabriel/research/engines/o3de/Code/Editor/AssetImporter/UI/FilesAlreadyExistDialog.cpp,1,0,1
/media/ullmann/HDDGabriel/research/engines/o3de/Code/Editor/AssetImporter/UI/FilesAlreadyExistDialog.h,0,1,1
/media/ullmann/HDDGabriel/research/engines/o3de/Code/Framework/AzFramework/AzFramework/Viewport/SingleViewportController.cpp,1,0,1
/media/ullmann/HDDGabriel/research/engines/o3de/Code/Framework/AzFramework/AzFramework/Viewport/SingleViewportController.h,0,1,1
/media/ullmann/HDDGabriel/research/engines/o3de/Gems/LmbrCentral/Code/Source/Events/ReflectScriptableEvents.h,0,1,1
/media/ullmann/HDDGabriel/research/engines/o3de/Gems/LyShine/Code/Source/Tests/internal/test_UiTextComponent.cpp,0,1,1
/media/ullmann/HDDGabriel/research/engines/o3de/Gems/Atom/Feature/Common/Code/Source/ReflectionScreenSpace/ReflectionScreenSpaceBlurPass.cpp,2,0,2
/media/ullmann/HDDGabriel/research/engines/o3de/Code/Framework/AzToolsFramework/AzToolsFramework/UI/Logging/GenericLogPanel.cpp,1,0,1
/media/ullmann/HDDGabriel/research/engines/o3de/Gems/AtomLyIntegration/ImguiAtom/Code/Source/DebugConsole.cpp,1,0,1
/media/ullmann/HDDGabriel/research/engines/o3de/Gems/AudioSystem/Code/Source/Engine/ATLUtils.cpp,1,0,1
/media/ullmann/HDDGabriel/research/engines/o3de/Gems/GradientSignal/Code/Source/Editor/EditorThresholdGradientComponent.cpp,1,0,1
/media/ullmann/HDDGabriel/research/engines/o3de/Gems/ScriptCanvas/Code/Include/ScriptCanvas/Libraries/Logic/OrderedSequencer.cpp,1,0,1
/media/ullmann/HDDGabriel/research/engines/o3de/Gems/ScriptCanvas/Code/Include/ScriptCanvas/Libraries/Logic/OrderedSequencer.h,0,1,1
/media/ullmann/HDDGabriel/research/engines/o3de/Code/Tools/AssetProcessor/native/connection/connection.cpp,1,0,1
/media/ullmann/HDDGabriel/research/engines/o3de/Code/Tools/ProjectManager/Source/ProjectTemplateInfo.cpp,1,0,1
/media/ullmann/HDDGabriel/research/engines/o3de/Code/Tools/AssetProcessor/native/utilities/MissingDependencyScanner.h,0,1,1
/media/ullmann/HDDGabriel/research/engines/o3de/Gems/AtomLyIntegration/EMotionFXAtom/Code/Source/Editor/EditorSystemComponent.h,0,1,1
/media/ullmann/HDDGabriel/research/engines/o3de/Code/Framework/AzToolsFramework/AzToolsFramework/ToolsFileUtils/ToolsFileUtils_win.cpp,1,0,1
/media/ullmann/HDDGabriel/research/engines/o3de/Code/Tools/SceneAPI/SceneCore/Utilities/DebugOutput.cpp,1,0,1
/media/ullmann/HDDGabriel/research/engines/o3de/Code/Editor/Controls/ImageHistogramCtrl.cpp,1,0,1
/media/ullmann/HDDGabriel/research/engines/o3de/Code/Editor/Controls/ImageHistogramCtrl.h,0,1,1
/media/ullmann/HDDGabriel/research/engines/o3de/Code/LauncherUnified/Platform/Linux/Launcher_Linux.cpp,1,0,1
/media/ullmann/HDDGabriel/research/engines/o3de/Code/Editor/Platform/Windows/Editor/Core/QtEditorApplication_windows.cpp,1,0,1
/media/ullmann/HDDGabriel/research/engines/o3de/Code/Editor/Platform/Windows/Editor/Core/QtEditorApplication_windows.h,0,1,1
/media/ullmann/HDDGabriel/research/engines/o3de/Gems/EMotionFX/Code/Editor/Platform/Windows/EMotionFX_Traits_Platform.h,1,0,1
/media/ullmann/HDDGabriel/research/engines/o3de/Gems/EMotionFX/Code/Editor/Platform/Windows/EMotionFX_Traits_Windows.h,0,1,1
/media/ullmann/HDDGabriel/research/engines/o3de/Gems/GradientSignal/Code/Source/Editor/EditorReferenceGradientComponent.cpp,1,0,1
/media/ullmann/HDDGabriel/research/engines/o3de/Code/Editor/Util/ImageGif.cpp,1,0,1
/media/ullmann/HDDGabriel/research/engines/o3de/Code/Editor/Util/ImageGif.h,0,1,1
/media/ullmann/HDDGabriel/research/engines/o3de/Gems/ScriptCanvasTesting/Code/Source/Framework/ScriptCanvasTestApplication.h,1,1,2
/media/ullmann/HDDGabriel/research/engines/o3de/Gems/ScriptCanvas/Code/Include/ScriptCanvas/Core/MethodConfiguration.cpp,1,0,1
/media/ullmann/HDDGabriel/research/engines/o3de/Gems/Atom/Feature/Common/Code/Source/AuxGeom/AuxGeomDrawProcessorShared.cpp,1,0,1
/media/ullmann/HDDGabriel/research/engines/o3de/Code/Framework/AzToolsFramework/AzToolsFramework/UI/Outliner/EntityOutlinerTreeView.hxx,0,1,1
/media/ullmann/HDDGabriel/research/engines/o3de/Gems/EMotionFX/Code/EMotionFX/Source/Parameter/RotationParameter.cpp,1,0,1
/media/ullmann/HDDGabriel/research/engines/o3de/Gems/EditorPythonBindings/Code/Source/PythonMarshalComponent.h,0,1,1
/media/ullmann/HDDGabriel/research/engines/o3de/Gems/Vegetation/Code/Source/Editor/EditorSlopeAlignmentModifierComponent.cpp,1,0,1
/media/ullmann/HDDGabriel/research/engines/o3de/Gems/EMotionFX/Code/EMotionFX/Tools/EMotionStudio/EMStudioSDK/Source/RecoverFilesWindow.h,1,2,3
/media/ullmann/HDDGabriel/research/engines/o3de/Gems/AWSClientAuth/Code/Source/Authentication/AuthenticationProviderManager.h,0,1,1
/media/ullmann/HDDGabriel/research/engines/o3de/Gems/AtomLyIntegration/CommonFeatures/Code/Source/Material/EditorMaterialSystemComponent.h,0,1,1
/media/ullmann/HDDGabriel/research/engines/o3de/Code/Framework/AzToolsFramework/AzToolsFramework/UI/PropertyEditor/InstanceDataHierarchy.h,0,2,2
/media/ullmann/HDDGabriel/research/engines/o3de/Gems/AtomLyIntegration/AtomFont/Code/Include/AtomLyIntegration/AtomFont/FFont.h,1,0,1
/media/ullmann/HDDGabriel/research/engines/o3de/Gems/AtomLyIntegration/AtomFont/Code/Include/AtomLyIntegration/AtomFont/AtomFont.h,0,1,1
/media/ullmann/HDDGabriel/research/engines/o3de/Gems/LandscapeCanvas/Code/Source/Editor/Nodes/Gradients/SlopeGradientNode.cpp,1,0,1
/media/ullmann/HDDGabriel/research/engines/o3de/Gems/LandscapeCanvas/Code/Source/Editor/Nodes/AreaFilters/SurfaceMaskFilterNode.cpp,1,0,1
/media/ullmann/HDDGabriel/research/engines/o3de/Gems/Terrain/Code/Tests/TerrainWorldComponentTests.cpp,1,0,1
/media/ullmann/HDDGabriel/research/engines/o3de/Gems/WhiteBox/Code/Source/Rendering/WhiteBoxRenderData.cpp,1,0,1
/media/ullmann/HDDGabriel/research/engines/o3de/Gems/LmbrCentral/Code/Source/Shape/ShapeComponentConverters.cpp,1,0,1
/media/ullmann/HDDGabriel/research/engines/o3de/Gems/PythonAssetBuilder/Code/Source/PythonBuilderMessageSink.cpp,1,0,1
/media/ullmann/HDDGabriel/research/engines/o3de/Gems/PythonAssetBuilder/Code/Source/PythonBuilderMessageSink.h,0,1,1
/media/ullmann/HDDGabriel/research/engines/o3de/Code/Framework/AzFramework/AzFramework/Visibility/BoundsBus.cpp,1,0,1
/media/ullmann/HDDGabriel/research/engines/o3de/Code/Framework/AzFramework/AzFramework/Visibility/BoundsBus.h,0,1,1
/media/ullmann/HDDGabriel/research/engines/o3de/Gems/Atom/Asset/Shader/Code/Tests/McppBinderTests.cpp,1,0,1
/media/ullmann/HDDGabriel/research/engines/o3de/Code/Editor/Util/MemoryBlock.cpp,1,0,1
/media/ullmann/HDDGabriel/research/engines/o3de/Gems/LyShine/Code/Editor/EnterPreviewToolbar.cpp,1,0,1
/media/ullmann/HDDGabriel/research/engines/o3de/Code/LauncherUnified/Platform/Android/Launcher_Traits_Platform.h,1,0,1
/media/ullmann/HDDGabriel/research/engines/o3de/Code/LauncherUnified/Platform/Android/Launcher_Traits_Android.h,0,1,1
/media/ullmann/HDDGabriel/research/engines/o3de/Gems/Terrain/Code/Source/TerrainRenderer/EditorComponents/EditorTerrainMacroMaterialComponent.h,0,1,1
/media/ullmann/HDDGabriel/research/engines/o3de/Gems/EMotionFX/Code/EMotionFX/Source/Importer/ActorFileFormat.h,1,1,2
/media/ullmann/HDDGabriel/research/engines/o3de/Gems/Atom/Feature/Common/Code/Source/RayTracing/RayTracingPass.h,0,1,1
/media/ullmann/HDDGabriel/research/engines/o3de/Code/Framework/AzToolsFramework/AzToolsFramework/Commands/EntityManipulatorCommand.cpp,1,0,1
/media/ullmann/HDDGabriel/research/engines/o3de/Code/Framework/AzToolsFramework/AzToolsFramework/Commands/EntityManipulatorCommand.h,0,1,1
/media/ullmann/HDDGabriel/research/engines/o3de/Code/Tools/AssetProcessor/native/unittests/AssetRequestHandlerUnitTests.cpp,1,0,1
/media/ullmann/HDDGabriel/research/engines/o3de/Gems/PhysX/Code/Source/RigidBody.h,1,0,1
/media/ullmann/HDDGabriel/research/engines/o3de/Gems/PhysX/Code/Source/Utils.h,0,1,1
/media/ullmann/HDDGabriel/research/engines/o3de/Gems/Camera/Code/Source/ViewportCameraSelectorWindow_Internals.h,0,1,1
/media/ullmann/HDDGabriel/research/engines/o3de/Gems/MessagePopup/Code/Source/MessagePopupManager.cpp,1,0,1
/media/ullmann/HDDGabriel/research/engines/o3de/Gems/Atom/RHI/Metal/Code/Include/Platform/iOS/Atom_RHI_Metal_Platform.h,1,0,1
/media/ullmann/HDDGabriel/research/engines/o3de/Gems/Atom/RHI/Metal/Code/Include/Platform/iOS/Atom_RHI_Metal_iOS.h,0,1,1
/media/ullmann/HDDGabriel/research/engines/o3de/Gems/Vegetation/Code/Source/VegetationSystemComponent.cpp,1,0,1
/media/ullmann/HDDGabriel/research/engines/o3de/Code/Editor/Dialogs/PythonScriptsDialog.cpp,1,0,1
/media/ullmann/HDDGabriel/research/engines/o3de/Gems/ScriptCanvas/Code/Include/ScriptCanvas/Translation/TranslationContext.cpp,2,0,2
/media/ullmann/HDDGabriel/research/engines/o3de/Code/Framework/AzCore/Tests/AZStd/LockFreeQueues.cpp,1,0,1
/media/ullmann/HDDGabriel/research/engines/o3de/Code/Framework/AzToolsFramework/AzToolsFramework/ToolsComponents/EditorSelectionAccentingBus.h,0,1,1
/media/ullmann/HDDGabriel/research/engines/o3de/Code/Framework/AzToolsFramework/AzToolsFramework/ToolsComponents/EditorEntityIconComponent.cpp,1,0,1
/media/ullmann/HDDGabriel/research/engines/o3de/Code/Tools/LuaIDE/Source/LUA/LUATargetContextTrackerMessages.h,0,1,1
/media/ullmann/HDDGabriel/research/engines/o3de/Gems/AtomLyIntegration/CommonFeatures/Code/Source/SkyBox/EditorHDRiSkyboxComponent.h,0,1,1
/media/ullmann/HDDGabriel/research/engines/o3de/Gems/WhiteBox/Code/Source/Rendering/WhiteBoxMaterial.cpp,1,0,1
/media/ullmann/HDDGabriel/research/engines/o3de/Code/Tools/AssetProcessor/Platform/Windows/AssetProcessor_Traits_Platform.h,1,0,1
/media/ullmann/HDDGabriel/research/engines/o3de/Code/Tools/AssetProcessor/Platform/Windows/AssetProcessor_Traits_Windows.h,0,1,1
/media/ullmann/HDDGabriel/research/engines/o3de/Gems/Atom/Feature/Common/Code/Source/SkyBox/SkyBoxFeatureProcessor.h,0,1,1
/media/ullmann/HDDGabriel/research/engines/o3de/Gems/ScriptCanvas/Code/Include/ScriptCanvas/Libraries/Deprecated/DeprecatedNodeLibrary.cpp,1,0,1
/media/ullmann/HDDGabriel/research/engines/o3de/Gems/ScriptCanvas/Code/Include/ScriptCanvas/Libraries/Deprecated/DeprecatedNodeLibrary.h,0,1,1
/media/ullmann/HDDGabriel/research/engines/o3de/Gems/Atom/Asset/ImageProcessingAtom/Code/Source/Processing/PixelFormatInfo.h,0,1,1
/media/ullmann/HDDGabriel/research/engines/o3de/Code/Framework/AzToolsFramework/AzToolsFramework/ComponentMode/EditorBaseComponentMode.h,0,1,1
/media/ullmann/HDDGabriel/research/engines/o3de/Gems/EMotionFX/Code/EMotionFX/Tools/EMotionStudio/Plugins/StandardPlugins/Source/SceneManager/MirrorSetupWindow.cpp,2,0,2
/media/ullmann/HDDGabriel/research/engines/o3de/Gems/Vegetation/Code/Source/DebugSystemComponent.cpp,1,0,1
/media/ullmann/HDDGabriel/research/engines/o3de/Gems/Atom/Feature/Common/Code/Source/RayTracing/RayTracingAccelerationStructurePass.h,0,1,1
/media/ullmann/HDDGabriel/research/engines/o3de/Code/Editor/Controls/FolderTreeCtrl.cpp,1,0,1
/media/ullmann/HDDGabriel/research/engines/o3de/Code/Editor/Controls/FolderTreeCtrl.h,0,1,1
/media/ullmann/HDDGabriel/research/engines/o3de/Gems/Multiplayer/Code/Tests/IMultiplayerSpawnerMock.h,0,1,1
/media/ullmann/HDDGabriel/research/engines/o3de/Gems/Atom/Utils/Code/Include/Atom/Utils/ImGuiPassTree.h,1,0,1
/media/ullmann/HDDGabriel/research/engines/o3de/Gems/Atom/Utils/Code/Include/Atom/Utils/ImGuiPassTree.inl,0,1,1
/media/ullmann/HDDGabriel/research/engines/o3de/Code/Legacy/CrySystem/RemoteConsole/RemoteConsole.cpp,1,0,1
/media/ullmann/HDDGabriel/research/engines/o3de/Gems/ScriptCanvas/Code/Include/ScriptCanvas/Core/Contracts/DisallowReentrantExecutionContract.cpp,1,0,1
/media/ullmann/HDDGabriel/research/engines/o3de/Code/Framework/AzCore/Tests/Module.cpp,1,0,1
/media/ullmann/HDDGabriel/research/engines/o3de/Code/Framework/AzCore/Tests/ModuleTestBus.h,0,2,2
/media/ullmann/HDDGabriel/research/engines/o3de/Code/Editor/TrackView/TVEventsDialog.cpp,1,0,1
/media/ullmann/HDDGabriel/research/engines/o3de/Gems/PhysX/Code/Source/ForceRegion.h,1,0,1
/media/ullmann/HDDGabriel/research/engines/o3de/Gems/ImGui/External/ImGui/v1.82/imgui/misc/cpp/imgui_stdlib.cpp,1,0,1
/media/ullmann/HDDGabriel/research/engines/o3de/Gems/ImGui/External/ImGui/v1.82/imgui/misc/cpp/imgui_stdlib.h,0,1,1
/media/ullmann/HDDGabriel/research/engines/o3de/Code/Tools/AssetProcessor/native/resourcecompiler/rcjoblistmodel.cpp,1,0,1
/media/ullmann/HDDGabriel/research/engines/o3de/Gems/LandscapeCanvas/Code/Source/Editor/Nodes/GradientModifiers/SmoothStepGradientModifierNode.cpp,1,0,1
/media/ullmann/HDDGabriel/research/engines/o3de/Gems/GameState/Code/Source/GameStateSystemComponent.cpp,1,0,1
/media/ullmann/HDDGabriel/research/engines/o3de/Gems/EMotionFX/Code/EMotionFX/Source/BlendTreeAccumTransformNode.h,2,0,2
/media/ullmann/HDDGabriel/research/engines/o3de/Gems/Atom/Asset/Shader/Code/Tests/Common/ShaderBuilderTestFixture.cpp,1,0,1
/media/ullmann/HDDGabriel/research/engines/o3de/Gems/DebugDraw/Code/Source/EditorDebugDrawComponentCommon.cpp,1,0,1
/media/ullmann/HDDGabriel/research/engines/o3de/Code/Framework/AzToolsFramework/AzToolsFramework/Application/Ticker.cpp,1,0,1
/media/ullmann/HDDGabriel/research/engines/o3de/Code/Framework/AzToolsFramework/AzToolsFramework/Application/Ticker.h,0,1,1
/media/ullmann/HDDGabriel/research/engines/o3de/Code/Editor/Dialogs/ErrorsDlg.cpp,1,0,1
/media/ullmann/HDDGabriel/research/engines/o3de/Code/LauncherUnified/Platform/Common/UnixLike/Launcher_UnixLike.cpp,1,0,1
/media/ullmann/HDDGabriel/research/engines/o3de/Gems/LyShine/Code/Editor/QtHelpers.cpp,1,0,1
/media/ullmann/HDDGabriel/research/engines/o3de/Code/Editor/QtUI/ColorButton.cpp,1,0,1
/media/ullmann/HDDGabriel/research/engines/o3de/Code/Editor/QtUI/ColorButton.h,0,1,1
/media/ullmann/HDDGabriel/research/engines/o3de/Gems/EMotionFX/Code/EMotionFX/Tools/EMotionStudio/Plugins/StandardPlugins/Source/AnimGraph/ParameterEditor/ValueParameterEditor.cpp,1,0,1
/media/ullmann/HDDGabriel/research/engines/o3de/Code/Framework/AzFramework/AzFramework/Application/Application.cpp,1,0,1
/media/ullmann/HDDGabriel/research/engines/o3de/Code/Framework/AzFramework/AzFramework/Application/Application.h,0,1,1
/media/ullmann/HDDGabriel/research/engines/o3de/Gems/ScriptCanvas/Code/Include/ScriptCanvas/Libraries/Core/EBusEventHandler.cpp,1,0,1
/media/ullmann/HDDGabriel/research/engines/o3de/Gems/ScriptCanvas/Code/Include/ScriptCanvas/Libraries/Core/EBusEventHandler.h,0,2,2
/media/ullmann/HDDGabriel/research/engines/o3de/Gems/LmbrCentral/Code/Source/Audio/AudioSwitchComponent.cpp,1,0,1
/media/ullmann/HDDGabriel/research/engines/o3de/Code/Tools/AssetProcessor/native/resourcecompiler/RCJobSortFilterProxyModel.h,0,1,1
/media/ullmann/HDDGabriel/research/engines/o3de/Gems/Atom/RHI/Code/Tests/ImageTests.cpp,1,0,1
/media/ullmann/HDDGabriel/research/engines/o3de/Gems/ScriptCanvas/Code/Include/ScriptCanvas/Libraries/Time/RepeaterNodeable.cpp,1,0,1
/media/ullmann/HDDGabriel/research/engines/o3de/Gems/ScriptCanvas/Code/Include/ScriptCanvas/Libraries/Time/RepeaterNodeable.h,0,1,1
/media/ullmann/HDDGabriel/research/engines/o3de/Gems/GraphCanvas/Code/Source/Components/Nodes/Group/CollapsedNodeGroupComponent.h,0,2,2
/media/ullmann/HDDGabriel/research/engines/o3de/Gems/Stars/Code/Source/StarsFeatureProcessor.cpp,1,0,1
/media/ullmann/HDDGabriel/research/engines/o3de/Code/Editor/EditorViewportCamera.cpp,1,0,1
/media/ullmann/HDDGabriel/research/engines/o3de/Code/Framework/AzCore/Platform/Common/Apple/AzCore/std/parallel/internal/semaphore_Apple.h,1,0,1
/media/ullmann/HDDGabriel/research/engines/o3de/Code/Framework/AzCore/Platform/Common/Apple/AzCore/std/parallel/internal/time_Apple.h,0,1,1
/media/ullmann/HDDGabriel/research/engines/o3de/Gems/ScriptCanvas/Code/Include/ScriptCanvas/Grammar/PrimitivesDeclarations.cpp,1,0,1
/media/ullmann/HDDGabriel/research/engines/o3de/Gems/PhysX/Code/NumericalMethods/Source/Eigenanalysis/Solver3x3.h,0,1,1
/media/ullmann/HDDGabriel/research/engines/o3de/Gems/Vegetation/Code/Source/Editor/EditorDistanceBetweenFilterComponent.cpp,1,0,1
/media/ullmann/HDDGabriel/research/engines/o3de/Code/Editor/Util/ColumnGroupHeaderView.cpp,1,0,1
/media/ullmann/HDDGabriel/research/engines/o3de/Code/Editor/Util/ColumnGroupHeaderView.h,0,1,1
/media/ullmann/HDDGabriel/research/engines/o3de/Gems/AtomLyIntegration/CommonFeatures/Code/Source/CubeMapCapture/CubeMapCaptureComponent.h,0,1,1
/media/ullmann/HDDGabriel/research/engines/o3de/Gems/LmbrCentral/Code/Tests/EditorPolygonPrismShapeComponentTests.cpp,1,0,1
/media/ullmann/HDDGabriel/research/engines/o3de/Gems/ScriptedEntityTweener/Code/Source/ScriptedEntityTweenerSystemComponent.cpp,1,0,1
/media/ullmann/HDDGabriel/research/engines/o3de/Code/Framework/AzToolsFramework/AzToolsFramework/ToolsComponents/TransformComponent.cpp,1,0,1
/media/ullmann/HDDGabriel/research/engines/o3de/Gems/Atom/RHI/Code/Tests/ShaderResourceGroupTests.cpp,1,0,1
/media/ullmann/HDDGabriel/research/engines/o3de/Gems/ImGui/External/ImGui/v1.82/imgui/misc/freetype/imgui_freetype.cpp,1,0,1
/media/ullmann/HDDGabriel/research/engines/o3de/Gems/AudioSystem/Code/Source/AudioSystemGemSystemComponent.cpp,1,0,1
/media/ullmann/HDDGabriel/research/engines/o3de/Code/Editor/PythonEditorEventsBus.h,0,1,1
/media/ullmann/HDDGabriel/research/engines/o3de/Code/Framework/AzFramework/AzFramework/Asset/AssetCatalogComponent.cpp,1,0,1
/media/ullmann/HDDGabriel/research/engines/o3de/Code/Framework/AzFramework/AzFramework/Asset/AssetCatalogComponent.h,0,1,1
/media/ullmann/HDDGabriel/research/engines/o3de/Gems/EMotionFX/Code/EMotionFX/Source/BlendTreeVector2ComposeNode.cpp,1,0,1
/media/ullmann/HDDGabriel/research/engines/o3de/Gems/Vegetation/Code/Source/Editor/EditorShapeIntersectionFilterComponent.cpp,1,0,1
/media/ullmann/HDDGabriel/research/engines/o3de/Gems/LyShine/Code/Source/Tests/internal/test_UiMarkupButtonComponent.cpp,0,1,1
/media/ullmann/HDDGabriel/research/engines/o3de/Code/Framework/AzToolsFramework/AzToolsFramework/API/EditorCameraBus.cpp,1,0,1
/media/ullmann/HDDGabriel/research/engines/o3de/Code/Framework/AzToolsFramework/AzToolsFramework/API/EditorCameraBus.h,0,1,1
/media/ullmann/HDDGabriel/research/engines/o3de/Code/Editor/Core/QtEditorApplication.cpp,1,0,1
/media/ullmann/HDDGabriel/research/engines/o3de/Gems/ScriptCanvas/Code/Include/ScriptCanvas/Core/Contracts/IsReferenceTypeContract.cpp,1,0,1
/media/ullmann/HDDGabriel/research/engines/o3de/Code/Editor/QtUtilWin.h,1,0,1
/media/ullmann/HDDGabriel/research/engines/o3de/Code/Framework/AzToolsFramework/AzToolsFramework/ToolsComponents/EditorLockComponentBus.h,0,1,1
/media/ullmann/HDDGabriel/research/engines/o3de/Gems/Atom/Feature/Common/Code/Source/SkyBox/SkyBoxFogSettings.h,0,1,1
/media/ullmann/HDDGabriel/research/engines/o3de/Gems/EMotionFX/Code/EMotionFX/Source/MotionSet.h,0,2,2
/media/ullmann/HDDGabriel/research/engines/o3de/Gems/PhysX/Code/Editor/ColliderSphereMode.cpp,1,0,1
/media/ullmann/HDDGabriel/research/engines/o3de/Gems/Atom/Feature/Common/Code/Source/PostProcessing/SMAANeighborhoodBlendingPass.h,0,1,1
/media/ullmann/HDDGabriel/research/engines/o3de/Gems/ScriptCanvas/Code/Include/ScriptCanvas/Execution/ExecutionObjectCloning.cpp,1,0,1
/media/ullmann/HDDGabriel/research/engines/o3de/Gems/ScriptCanvas/Code/Include/ScriptCanvas/Execution/ExecutionObjectCloning.h,0,1,1
/media/ullmann/HDDGabriel/research/engines/o3de/Gems/Atom/Feature/Common/Code/Source/Checkerboard/CheckerboardPass.h,0,1,1
/media/ullmann/HDDGabriel/research/engines/o3de/Gems/LmbrCentral/Code/Source/Ai/NavigationComponent.cpp,2,0,2
/media/ullmann/HDDGabriel/research/engines/o3de/Code/Editor/Core/EditorMetricsPlainTextNameRegistration.cpp,1,0,1
/media/ullmann/HDDGabriel/research/engines/o3de/Code/Framework/AzToolsFramework/AzToolsFramework/UI/Logging/LogTableItemDelegate.h,0,1,1
/media/ullmann/HDDGabriel/research/engines/o3de/Gems/LmbrCentral/Code/Source/Shape/AxisAlignedBoxShapeComponent.cpp,1,0,1
/media/ullmann/HDDGabriel/research/engines/o3de/Code/Framework/AzFramework/Tests/Platform/Common/Xcb/XcbBaseTestFixture.cpp,1,0,1
/media/ullmann/HDDGabriel/research/engines/o3de/Gems/Maestro/Code/Source/Cinematics/CharacterTrack.cpp,1,0,1
/media/ullmann/HDDGabriel/research/engines/o3de/Code/Framework/AzToolsFramework/AzToolsFramework/ToolsComponents/EditorPendingCompositionBus.h,0,1,1
/media/ullmann/HDDGabriel/research/engines/o3de/Gems/ScriptCanvas/Code/Include/ScriptCanvas/Libraries/Deprecated/UnitTesting/ExpectTrue.cpp,1,0,1
/media/ullmann/HDDGabriel/research/engines/o3de/Gems/ScriptCanvas/Code/Include/ScriptCanvas/Libraries/Deprecated/UnitTesting/ExpectTrue.h,0,1,1
/media/ullmann/HDDGabriel/research/engines/o3de/Code/Tools/AssetProcessor/native/FileServer/fileServer.cpp,1,0,1
/media/ullmann/HDDGabriel/research/engines/o3de/Code/Tools/AssetProcessor/native/FileServer/fileServer.h,0,1,1
/media/ullmann/HDDGabriel/research/engines/o3de/Gems/FastNoise/Code/Tests/FastNoiseTest.cpp,1,0,1
/media/ullmann/HDDGabriel/research/engines/o3de/Gems/QtForPython/Code/Source/QtForPythonModule.cpp,1,0,1
/media/ullmann/HDDGabriel/research/engines/o3de/Gems/AudioEngineWwise/Code/Source/Engine/Common_wwise.cpp,1,0,1
/media/ullmann/HDDGabriel/research/engines/o3de/Gems/ScriptCanvas/Code/Include/ScriptCanvas/Libraries/Deprecated/Operators/Containers/OperatorFront.cpp,1,0,1
/media/ullmann/HDDGabriel/research/engines/o3de/Code/Tools/AssetProcessor/native/FileWatcher/FileWatcher.cpp,1,0,1
/media/ullmann/HDDGabriel/research/engines/o3de/Code/Tools/AssetProcessor/native/FileWatcher/FileWatcher.h,0,1,1
/media/ullmann/HDDGabriel/research/engines/o3de/Gems/EMotionFX/Code/EMotionFX/CommandSystem/Source/SelectionList.cpp,1,0,1
/media/ullmann/HDDGabriel/research/engines/o3de/Code/Framework/AzCore/AzCore/std/iterator.h,1,0,1
/media/ullmann/HDDGabriel/research/engines/o3de/Code/Framework/AzCore/AzCore/std/iterator,0,1,1
/media/ullmann/HDDGabriel/research/engines/o3de/Gems/Atom/Asset/ImageProcessingAtom/Code/Source/ImageProcessingSystemComponent.h,0,2,2
/media/ullmann/HDDGabriel/research/engines/o3de/Gems/ScriptCanvas/Code/Editor/View/Widgets/CommandLine.cpp,1,0,1
/media/ullmann/HDDGabriel/research/engines/o3de/Gems/ScriptCanvas/Code/Editor/View/Widgets/CommandLine.h,0,1,1
/media/ullmann/HDDGabriel/research/engines/o3de/Code/Editor/Controls/ReflectedPropertyControl/ReflectedPropertyItem.h,0,2,2
/media/ullmann/HDDGabriel/research/engines/o3de/Code/Framework/AzToolsFramework/Tests/EntityOwnershipService/SliceEntityOwnershipTests.cpp,1,0,1
/media/ullmann/HDDGabriel/research/engines/o3de/Gems/ScriptCanvas/Code/Include/ScriptCanvas/Data/Data.cpp,1,0,1
/media/ullmann/HDDGabriel/research/engines/o3de/Gems/ScriptCanvas/Code/Include/ScriptCanvas/Data/Data.h,0,1,1
/media/ullmann/HDDGabriel/research/engines/o3de/Gems/ScriptCanvasDeveloper/Code/Editor/Source/EditorAutomationTests/GroupTests.h,0,1,1
/media/ullmann/HDDGabriel/research/engines/o3de/Gems/ScriptCanvas/Code/Include/ScriptCanvas/Utils/ReplacementUtils.cpp,1,0,1
/media/ullmann/HDDGabriel/research/engines/o3de/Gems/ScriptCanvas/Code/Include/ScriptCanvas/Utils/ReplacementUtils.h,0,1,1
/media/ullmann/HDDGabriel/research/engines/o3de/Gems/Atom/RPI/Code/Source/RPI.Builders/ResourcePool/ResourcePoolBuilder.h,0,1,1
/media/ullmann/HDDGabriel/research/engines/o3de/Code/Framework/AzCore/Tests/AZStd/Tuple.cpp,1,0,1
/media/ullmann/HDDGabriel/research/engines/o3de/Gems/LyShine/Code/Editor/EnterPreviewToolbar.h,0,1,1
/media/ullmann/HDDGabriel/research/engines/o3de/Gems/EMotionFX/Code/EMotionFX/CommandSystem/Source/ParameterMixins.h,1,0,1
/media/ullmann/HDDGabriel/research/engines/o3de/Gems/EMotionFX/Code/EMotionFX/CommandSystem/Source/ParameterMixins_Interface.inl,0,1,1
/media/ullmann/HDDGabriel/research/engines/o3de/Code/Framework/AzCore/Tests/ScriptMath.cpp,1,0,1
/media/ullmann/HDDGabriel/research/engines/o3de/Code/Framework/AzCore/Tests/Math/MathTest.h,0,1,1
/media/ullmann/HDDGabriel/research/engines/o3de/Gems/EMotionFX/Code/EMotionFX/Source/BlendTreeConnection.h,0,1,1
/media/ullmann/HDDGabriel/research/engines/o3de/Gems/EMotionFX/Code/Tests/RandomMotionSelectionTests.cpp,1,0,1
/media/ullmann/HDDGabriel/research/engines/o3de/Code/Framework/AzCore/Platform/Linux/AzCore/Socket/AzSocket_fwd_Platform.h,1,0,1
/media/ullmann/HDDGabriel/research/engines/o3de/Gems/Twitch/Code/Source/TwitchModule.cpp,1,0,1
/media/ullmann/HDDGabriel/research/engines/o3de/Gems/EMotionFX/Code/EMotionFX/Source/Parameter/StringParameter.cpp,1,0,1
/media/ullmann/HDDGabriel/research/engines/o3de/Gems/Stars/Code/Source/StarsModule.cpp,1,0,1
/media/ullmann/HDDGabriel/research/engines/o3de/Gems/AtomLyIntegration/CommonFeatures/Code/Source/CoreLights/EditorDirectionalLightComponent.h,0,1,1
/media/ullmann/HDDGabriel/research/engines/o3de/Code/Editor/Plugins/ProjectSettingsTool/main.cpp,1,0,1
/media/ullmann/HDDGabriel/research/engines/o3de/Gems/CertificateManager/Code/Source/CertificateManagerGem.cpp,1,0,1
/media/ullmann/HDDGabriel/research/engines/o3de/Gems/CertificateManager/Code/Source/CertificateManagerGem.h,0,1,1
/media/ullmann/HDDGabriel/research/engines/o3de/Code/Framework/AzQtComponents/AzQtComponents/Gallery/main.cpp,1,0,1
/media/ullmann/HDDGabriel/research/engines/o3de/Gems/SceneProcessing/Code/Source/SceneBuilder/SceneSerializationHandler.h,0,1,1
/media/ullmann/HDDGabriel/research/engines/o3de/Gems/Atom/Asset/ImageProcessingAtom/Code/Source/Platform/Windows/ImageProcessing_Traits_Platform.h,1,0,1
/media/ullmann/HDDGabriel/research/engines/o3de/Gems/Atom/Asset/ImageProcessingAtom/Code/Source/Platform/Windows/ImageProcessing_Traits_Windows.h,0,1,1
/media/ullmann/HDDGabriel/research/engines/o3de/Gems/Atom/Feature/Common/Code/Source/PostProcessing/HDRColorGradingPass.h,0,1,1
/media/ullmann/HDDGabriel/research/engines/o3de/Gems/AudioEngineWwise/Code/Source/Engine/Config_wwise.cpp,1,0,1
/media/ullmann/HDDGabriel/research/engines/o3de/Gems/Camera/Code/Source/CameraSystemComponent.cpp,1,0,1
/media/ullmann/HDDGabriel/research/engines/o3de/Code/Tools/LuaIDE/Source/LUA/CodeCompletion/LUACompletionModel.cpp,1,0,1
/media/ullmann/HDDGabriel/research/engines/o3de/Code/Tools/LuaIDE/Source/LUA/CodeCompletion/LUACompletionModel.hxx,0,1,1
/media/ullmann/HDDGabriel/research/engines/o3de/Code/Framework/AzCore/Tests/DLLMainTest.cpp,1,0,1
/media/ullmann/HDDGabriel/research/engines/o3de/Gems/LmbrCentral/Code/Source/Builders/CopyDependencyBuilder/CopyDependencyBuilderWorker.cpp,1,0,1
/media/ullmann/HDDGabriel/research/engines/o3de/Gems/LmbrCentral/Code/Source/Builders/CopyDependencyBuilder/CopyDependencyBuilderWorker.h,0,2,2
/media/ullmann/HDDGabriel/research/engines/o3de/Gems/ScriptCanvas/Code/Include/ScriptCanvas/Core/Contracts/MathOperatorContract.cpp,1,0,1
/media/ullmann/HDDGabriel/research/engines/o3de/Gems/LyShine/Code/Editor/CommandHierarchyItemRename.cpp,1,0,1
/media/ullmann/HDDGabriel/research/engines/o3de/Gems/Atom/Feature/Common/Code/Source/Material/UseTextureFunctor.cpp,1,0,1
/media/ullmann/HDDGabriel/research/engines/o3de/Gems/LyShine/Code/Source/LyShineLoadScreen.cpp,1,0,1
/media/ullmann/HDDGabriel/research/engines/o3de/Code/Editor/Util/PakFile.cpp,1,0,1
/media/ullmann/HDDGabriel/research/engines/o3de/Gems/LyShine/Code/Source/Tests/internal/test_UiTransform2dComponent.cpp,0,1,1
/media/ullmann/HDDGabriel/research/engines/o3de/Code/Tools/AssetProcessor/native/AssetManager/FileStateCache.cpp,1,0,1
/media/ullmann/HDDGabriel/research/engines/o3de/Gems/AssetValidation/Code/Source/AssetSeedUtil.cpp,1,0,1
/media/ullmann/HDDGabriel/research/engines/o3de/Gems/WhiteBox/Code/Source/Viewport/WhiteBoxVertexTranslationModifier.cpp,1,0,1
/media/ullmann/HDDGabriel/research/engines/o3de/Gems/WhiteBox/Code/Source/Viewport/WhiteBoxVertexTranslationModifier.h,0,1,1
/media/ullmann/HDDGabriel/research/engines/o3de/Gems/AudioEngineWwise/Code/Source/Engine/AudioInput/AudioInputFile.h,0,1,1
/media/ullmann/HDDGabriel/research/engines/o3de/Code/Framework/AzQtComponents/AzQtComponents/Gallery/SliderComboPage.cpp,1,0,1
/media/ullmann/HDDGabriel/research/engines/o3de/Gems/LyShine/Code/Editor/HierarchyItem.cpp,1,0,1
/media/ullmann/HDDGabriel/research/engines/o3de/Code/Editor/TrackView/TrackViewCurveEditor.cpp,1,0,1
/media/ullmann/HDDGabriel/research/engines/o3de/Gems/GraphCanvas/Code/Source/Translation/TranslationBus.h,1,0,1
/media/ullmann/HDDGabriel/research/engines/o3de/Gems/Maestro/Code/Source/Cinematics/AnimNodeGroup.cpp,1,0,1
/media/ullmann/HDDGabriel/research/engines/o3de/Gems/SaveData/Code/Source/SaveDataModule.cpp,1,0,1
/media/ullmann/HDDGabriel/research/engines/o3de/Gems/ScriptCanvas/Code/Include/ScriptCanvas/Libraries/Deprecated/Operators/Math/OperatorLerp.cpp,1,0,1
/media/ullmann/HDDGabriel/research/engines/o3de/Gems/ScriptCanvas/Code/Include/ScriptCanvas/Libraries/Deprecated/Operators/Math/OperatorLerp.h,0,1,1
/media/ullmann/HDDGabriel/research/engines/o3de/Gems/DebugDraw/Code/Source/DebugDrawObbComponent.cpp,1,0,1
/media/ullmann/HDDGabriel/research/engines/o3de/Gems/AtomLyIntegration/CommonFeatures/Code/Source/Debug/RenderDebugComponent.h,0,1,1
/media/ullmann/HDDGabriel/research/engines/o3de/Gems/Compression/Code/Source/Clients/DecompressionFactoryImpl.cpp,1,0,1
/media/ullmann/HDDGabriel/research/engines/o3de/Gems/LmbrCentral/Code/Source/Shape/CompoundShapeComponent.cpp,1,0,1
/media/ullmann/HDDGabriel/research/engines/o3de/Gems/PhysX/Code/Source/Shape.cpp,1,0,1
/media/ullmann/HDDGabriel/research/engines/o3de/Code/Tools/LuaIDE/Source/LUA/CodeCompletion/LUACompleter.cpp,1,0,1
/media/ullmann/HDDGabriel/research/engines/o3de/Code/Tools/LuaIDE/Source/LUA/CodeCompletion/LUACompleter.hxx,0,1,1
/media/ullmann/HDDGabriel/research/engines/o3de/Gems/Atom/RHI/Vulkan/Code/Include/Platform/Android/Atom_RHI_Vulkan_Platform.h,1,0,1
/media/ullmann/HDDGabriel/research/engines/o3de/Gems/Atom/RHI/Vulkan/Code/Include/Platform/Android/Atom_RHI_Vulkan_Android.h,0,1,1
/media/ullmann/HDDGabriel/research/engines/o3de/Gems/LyShine/Code/Editor/SpriteBorderEditor.cpp,1,0,1
/media/ullmann/HDDGabriel/research/engines/o3de/Gems/ScriptCanvas/Code/Include/ScriptCanvas/Libraries/Deprecated/Time/Repeater.cpp,1,0,1
/media/ullmann/HDDGabriel/research/engines/o3de/Gems/ScriptCanvas/Code/Include/ScriptCanvas/Libraries/Deprecated/Time/Repeater.h,0,1,1
/media/ullmann/HDDGabriel/research/engines/o3de/Gems/AWSMetrics/Code/Source/AWSMetricsServiceApi.cpp,1,0,1
/media/ullmann/HDDGabriel/research/engines/o3de/Gems/Atom/Feature/Common/Code/Source/Checkerboard/CheckerboardColorResolvePass.h,0,1,1
/media/ullmann/HDDGabriel/research/engines/o3de/Code/Tools/TestImpactFramework/Runtime/Common/Code/Include/Static/Dependency/TestImpactSourceCoveringTestsList.h,0,1,1
/media/ullmann/HDDGabriel/research/engines/o3de/Gems/AtomTressFX/External/Code/src/SceneGLTFImpl.cpp,1,0,1
/media/ullmann/HDDGabriel/research/engines/o3de/Code/Framework/AzCore/Platform/iOS/AzCore/Socket/AzSocket_Platform.h,1,0,1
/media/ullmann/HDDGabriel/research/engines/o3de/Gems/AWSClientAuth/Code/Source/Authorization/AWSCognitoAuthorizationNotificationBusBehaviorHandler.h,0,1,1
/media/ullmann/HDDGabriel/research/engines/o3de/Gems/GraphModel/Code/Source/GraphModelSystemComponent.cpp,1,0,1
/media/ullmann/HDDGabriel/research/engines/o3de/Code/Editor/Util/Variable.cpp,1,0,1
/media/ullmann/HDDGabriel/research/engines/o3de/Gems/DiffuseProbeGrid/Code/Source/EditorComponents/EditorDiffuseProbeGridComponent.h,0,1,1
/media/ullmann/HDDGabriel/research/engines/o3de/Gems/EMotionFX/Code/Platform/Windows/EMotionFX_Traits_Platform.h,1,0,1
/media/ullmann/HDDGabriel/research/engines/o3de/Gems/EMotionFX/Code/Platform/Windows/EMotionFX_Traits_Windows.h,0,1,1
/media/ullmann/HDDGabriel/research/engines/o3de/Gems/EMotionFX/Code/Source/Editor/PropertyWidgets/MotionSetNameHandler.cpp,1,0,1
/media/ullmann/HDDGabriel/research/engines/o3de/Gems/EMotionFX/Code/Source/Editor/PropertyWidgets/MotionSetNameHandler.h,0,1,1
/media/ullmann/HDDGabriel/research/engines/o3de/Gems/ScriptCanvas/Code/Include/ScriptCanvas/Libraries/Deprecated/Operators/Containers/OperatorSize.cpp,1,0,1
/media/ullmann/HDDGabriel/research/engines/o3de/Gems/ScriptCanvas/Code/Include/ScriptCanvas/Libraries/Deprecated/Operators/Containers/OperatorSize.h,0,1,1
/media/ullmann/HDDGabriel/research/engines/o3de/Gems/EMotionFX/Code/EMotionFX/Source/BlendSpaceParamEvaluator.h,1,1,2
/media/ullmann/HDDGabriel/research/engines/o3de/Code/Tools/AssetProcessor/native/AssetManager/AssetRequestHandler.cpp,1,0,1
/media/ullmann/HDDGabriel/research/engines/o3de/Gems/GradientSignal/Code/Source/Editor/EditorSurfaceAltitudeGradientComponent.cpp,1,0,1
/media/ullmann/HDDGabriel/research/engines/o3de/Gems/LyShine/Code/Editor/PivotPresets.cpp,1,0,1
/media/ullmann/HDDGabriel/research/engines/o3de/Gems/EMotionFX/Code/EMotionFX/Source/BlendTreeVector3ComposeNode.cpp,1,0,1
/media/ullmann/HDDGabriel/research/engines/o3de/Templates/PythonToolGem/Template/Code/Source/Tools/${Name}EditorModule.cpp,1,0,1
/media/ullmann/HDDGabriel/research/engines/o3de/Gems/ScriptCanvas/Code/Include/ScriptCanvas/Libraries/Deprecated/Operators/Containers/OperatorClear.cpp,1,0,1
/media/ullmann/HDDGabriel/research/engines/o3de/Gems/ScriptCanvas/Code/Include/ScriptCanvas/AutoGen/ScriptCanvasAutoGenRegistry.cpp,1,0,1
/media/ullmann/HDDGabriel/research/engines/o3de/Gems/ScriptCanvas/Code/Include/ScriptCanvas/AutoGen/ScriptCanvasAutoGenRegistry.h,0,1,1
/media/ullmann/HDDGabriel/research/engines/o3de/Gems/WhiteBox/Code/Source/SubComponentModes/EditorWhiteBoxComponentModeCommon.cpp,1,0,1
/media/ullmann/HDDGabriel/research/engines/o3de/Gems/LyShineExamples/Code/Source/UiDynamicContentDatabase.cpp,1,0,1
/media/ullmann/HDDGabriel/research/engines/o3de/Gems/ScriptCanvasTesting/Code/Source/ScriptCanvasTestingModule.cpp,1,0,1
/media/ullmann/HDDGabriel/research/engines/o3de/Gems/MotionMatching/Code/Tests/FeatureSchemaTests.cpp,1,0,1
/media/ullmann/HDDGabriel/research/engines/o3de/Gems/EMotionFX/Code/EMotionFX/Source/BlendTreeVector3Math2Node.cpp,1,0,1
/media/ullmann/HDDGabriel/research/engines/o3de/Gems/Terrain/Code/Source/EditorComponents/EditorTerrainPhysicsColliderComponent.h,0,1,1
/media/ullmann/HDDGabriel/research/engines/o3de/Gems/Gestures/Code/Source/InputChannelGestureHold.cpp,1,0,1
/media/ullmann/HDDGabriel/research/engines/o3de/Gems/Atom/Feature/Common/Code/Source/PostProcessing/SsaoPasses.h,0,1,1
/media/ullmann/HDDGabriel/research/engines/o3de/Code/Framework/AzToolsFramework/AzToolsFramework/UI/PropertyEditor/EntityIdQLineEdit.cpp,1,0,1
/media/ullmann/HDDGabriel/research/engines/o3de/Code/Framework/AzToolsFramework/AzToolsFramework/UI/PropertyEditor/EntityIdQLineEdit.h,0,1,1
/media/ullmann/HDDGabriel/research/engines/o3de/Gems/WhiteBox/Code/Tests/WhiteBoxTestUtil.cpp,1,0,1
/media/ullmann/HDDGabriel/research/engines/o3de/Gems/AtomLyIntegration/CommonFeatures/Code/Source/PostProcess/LookModification/LookModificationComponent.h,0,1,1
/media/ullmann/HDDGabriel/research/engines/o3de/Gems/AtomLyIntegration/CommonFeatures/Code/Source/Decals/EditorDecalComponent.h,0,1,1
/media/ullmann/HDDGabriel/research/engines/o3de/Code/Framework/AzFramework/Tests/Platform/Common/Xcb/MockXcbInterface.cpp,1,0,1
/media/ullmann/HDDGabriel/research/engines/o3de/Gems/BarrierInput/Code/Source/BarrierInputClient.cpp,1,0,1
/media/ullmann/HDDGabriel/research/engines/o3de/Gems/EMotionFX/Code/EMotionFX/Source/VertexAttributeLayerAbstractData.cpp,1,0,1
/media/ullmann/HDDGabriel/research/engines/o3de/Gems/PhysX/Code/Source/EditorJointOptimizer.cpp,1,0,1
/media/ullmann/HDDGabriel/research/engines/o3de/Code/Framework/AzCore/Tests/AttributeDomInteropTests.cpp,1,0,1
/media/ullmann/HDDGabriel/research/engines/o3de/Code/Framework/AzCore/Tests/DOM/DomFixtures.h,0,1,1
/media/ullmann/HDDGabriel/research/engines/o3de/Gems/EMotionFX/Code/Tests/BlendTreeRotationMath2NodeTests.cpp,1,0,1
/media/ullmann/HDDGabriel/research/engines/o3de/Gems/ExpressionEvaluation/Code/Source/ExpressionEngine/Utils.h,0,1,1
/media/ullmann/HDDGabriel/research/engines/o3de/Gems/ScriptCanvas/Code/Include/ScriptCanvas/Core/SubgraphInterfaceUtility.cpp,1,0,1
/media/ullmann/HDDGabriel/research/engines/o3de/Templates/CppToolGem/Template/Code/Source/Tools/${Name}EditorSystemComponent.cpp,2,0,2
/media/ullmann/HDDGabriel/research/engines/o3de/Gems/AWSCore/Code/Source/AWSCoreResourceMappingToolModule.cpp,1,0,1
/media/ullmann/HDDGabriel/research/engines/o3de/Code/Framework/AzToolsFramework/AzToolsFramework/Commands/ComponentModeCommand.cpp,1,0,1
/media/ullmann/HDDGabriel/research/engines/o3de/Code/Framework/AzToolsFramework/AzToolsFramework/Commands/ComponentModeCommand.h,0,1,1
/media/ullmann/HDDGabriel/research/engines/o3de/Gems/MotionMatching/Code/Tests/FeatureMatrixTests.cpp,1,0,1
/media/ullmann/HDDGabriel/research/engines/o3de/Gems/EMotionFX/Code/EMotionFX/Tools/EMotionStudio/EMStudioSDK/Source/RecoverFilesWindow.cpp,1,0,1
/media/ullmann/HDDGabriel/research/engines/o3de/Gems/Atom/Feature/Common/Code/Source/Material/SubsurfaceTransmissionParameterFunctorSourceData.cpp,1,0,1
/media/ullmann/HDDGabriel/research/engines/o3de/Gems/EMotionFX/Code/EMotionFX/Source/AnimGraphPlayTimeCondition.h,0,1,1
/media/ullmann/HDDGabriel/research/engines/o3de/Gems/LyShine/Code/Editor/SelectionHelpers.h,0,1,1
/media/ullmann/HDDGabriel/research/engines/o3de/Gems/AudioSystem/Code/Include/Engine/IAudioSystemImplementation.h,1,0,1
/media/ullmann/HDDGabriel/research/engines/o3de/Gems/AudioSystem/Code/Include/Engine/ATLEntityData.h,0,1,1
/media/ullmann/HDDGabriel/research/engines/o3de/Gems/Multiplayer/Code/Source/Debug/MultiplayerDebugPerEntityReporter.cpp,1,0,1
/media/ullmann/HDDGabriel/research/engines/o3de/Gems/LandscapeCanvas/Code/Source/Editor/Nodes/Gradients/ImageGradientNode.cpp,1,0,1
/media/ullmann/HDDGabriel/research/engines/o3de/Gems/LyShine/Code/Editor/PropertyHandlers.h,0,1,1
/media/ullmann/HDDGabriel/research/engines/o3de/Gems/AtomTressFX/Code/Components/HairSystemComponent.h,0,1,1
/media/ullmann/HDDGabriel/research/engines/o3de/Gems/LandscapeCanvas/Code/Source/Editor/Core/GraphContext.h,0,1,1
/media/ullmann/HDDGabriel/research/engines/o3de/Gems/AudioEngineWwise/Code/Platform/Windows/AkPlatformFuncs_Platform.h,1,0,1
/media/ullmann/HDDGabriel/research/engines/o3de/Gems/AudioEngineWwise/Code/Platform/Common/MSVC/AkPlatformFuncs_Default.h,0,1,1
/media/ullmann/HDDGabriel/research/engines/o3de/Code/Framework/AzQtComponents/AzQtComponents/Utilities/MouseHider_linux.cpp,1,0,1
/media/ullmann/HDDGabriel/research/engines/o3de/Code/Framework/AzQtComponents/AzQtComponents/Utilities/MouseHider.h,0,1,1
/media/ullmann/HDDGabriel/research/engines/o3de/Gems/ScriptCanvas/Code/Include/ScriptCanvas/Libraries/Logic/LogicLibrary.h,0,1,1
/media/ullmann/HDDGabriel/research/engines/o3de/Gems/EMotionFX/Code/Tests/AnimGraphReferenceNodeTests.cpp,1,0,1
/media/ullmann/HDDGabriel/research/engines/o3de/Gems/Maestro/Code/Source/Cinematics/AssetBlendTrack.cpp,1,0,1
/media/ullmann/HDDGabriel/research/engines/o3de/Code/Framework/AzCore/Tests/Math/CrcTests.cpp,1,0,1
/media/ullmann/HDDGabriel/research/engines/o3de/Code/Framework/AzCore/Tests/Math/CrcTestsCompileTimeLiterals.h,0,1,1
/media/ullmann/HDDGabriel/research/engines/o3de/Gems/Compression/Code/Source/Tools/CompressionEditorSystemComponent.cpp,1,0,1
/media/ullmann/HDDGabriel/research/engines/o3de/Gems/FastNoise/Code/Source/FastNoiseGradientComponent.cpp,1,0,1
/media/ullmann/HDDGabriel/research/engines/o3de/Code/Tools/LuaIDE/Source/LUA/ClassReferenceFilter.cpp,1,0,1
/media/ullmann/HDDGabriel/research/engines/o3de/Code/Framework/AzToolsFramework/AzToolsFramework/SQLite/SQLiteConnection.cpp,1,0,1
/media/ullmann/HDDGabriel/research/engines/o3de/Code/Framework/AzQtComponents/AzQtComponents/Gallery/ColorPickerPage.cpp,1,0,1
/media/ullmann/HDDGabriel/research/engines/o3de/Gems/Atom/Component/DebugCamera/Code/Source/NoClipControllerComponent.cpp,1,0,1
/media/ullmann/HDDGabriel/research/engines/o3de/Gems/LmbrCentral/Code/Tests/PolygonPrismShapeTest.cpp,1,0,1
/media/ullmann/HDDGabriel/research/engines/o3de/Gems/EMotionFX/Code/EMotionFX/Source/Parameter/Vector3GizmoParameter.cpp,1,0,1
/media/ullmann/HDDGabriel/research/engines/o3de/Code/Editor/Util/AutoDirectoryRestoreFileDialog.cpp,1,0,1
/media/ullmann/HDDGabriel/research/engines/o3de/Gems/Presence/Code/Source/PresenceModule.cpp,1,0,1
/media/ullmann/HDDGabriel/research/engines/o3de/Code/Framework/AzToolsFramework/Tests/ComponentModeTestDoubles.cpp,1,0,1
/media/ullmann/HDDGabriel/research/engines/o3de/Gems/LmbrCentral/Code/Source/Audio/EditorAudioRtpcComponent.cpp,1,0,1
/media/ullmann/HDDGabriel/research/engines/o3de/Gems/LyShine/Code/Editor/CanvasHelpers.cpp,1,0,1
/media/ullmann/HDDGabriel/research/engines/o3de/Gems/ScriptCanvas/Code/Editor/View/Widgets/GraphTabBar.cpp,1,0,1
/media/ullmann/HDDGabriel/research/engines/o3de/Gems/ScriptCanvas/Code/Editor/View/Widgets/GraphTabBar.h,0,1,1
