edge,includes,includedby,sum
/media/ullmann/HDDGabriel/engines/o3de/Code/Framework/AzManipulatorTestFramework/Tests/ViewportInteractionTest.cpp,0,1,1
/media/ullmann/HDDGabriel/engines/o3de/Code/Framework/AzManipulatorTestFramework/Tests/AzManipulatorTestFrameworkTestFixtures.h,4,0,4
/media/ullmann/HDDGabriel/engines/o3de/Gems/LyShine/Code/Source/LyShineModule.cpp,0,39,39
/media/ullmann/HDDGabriel/engines/o3de/Gems/LyShine/Code/Source/World/UiCanvasAssetRefComponent.h,3,0,3
/media/ullmann/HDDGabriel/engines/o3de/Code/Editor/TrackView/KeyUIControls.h,14,1,15
/media/ullmann/HDDGabriel/engines/o3de/Code/Editor/TrackView/TrackViewKeyPropertiesDlg.h,16,3,19
/media/ullmann/HDDGabriel/engines/o3de/Gems/EMotionFX/Code/EMotionFX/Source/MotionQueue.h,2,3,5
/media/ullmann/HDDGabriel/engines/o3de/Gems/EMotionFX/Code/EMotionFX/Source/PlayBackInfo.h,4,1,5
/media/ullmann/HDDGabriel/engines/o3de/Gems/Metastream/Code/Source/MetastreamGem.h,1,2,3
/media/ullmann/HDDGabriel/engines/o3de/Gems/Metastream/Code/Source/BaseHttpServer.h,3,0,3
/media/ullmann/HDDGabriel/engines/o3de/Gems/GraphCanvas/Code/Source/GraphCanvas.cpp,0,36,36
/media/ullmann/HDDGabriel/engines/o3de/Gems/GraphCanvas/Code/Source/Components/BookmarkAnchor/BookmarkAnchorVisualComponent.h,2,0,2
/media/ullmann/HDDGabriel/engines/o3de/Code/Tools/ProjectManager/Source/NewProjectSettingsScreen.cpp,0,11,11
/media/ullmann/HDDGabriel/engines/o3de/Code/Tools/ProjectManager/Source/TagWidget.h,4,0,4
/media/ullmann/HDDGabriel/engines/o3de/Gems/EMotionFX/Code/EMotionFX/Tools/EMotionStudio/Plugins/StandardPlugins/Source/AnimGraph/ParameterEditor/ColorParameterEditor.h,2,1,3
/media/ullmann/HDDGabriel/engines/o3de/Gems/EMotionFX/Code/EMotionFX/Tools/EMotionStudio/Plugins/StandardPlugins/Source/AnimGraph/ParameterEditor/ValueParameterEditor.h,13,0,13
/media/ullmann/HDDGabriel/engines/o3de/Gems/ScriptCanvas/Code/Editor/GraphCanvas/DataInterfaces/ScriptCanvasVectorDataInterface.h,0,1,1
/media/ullmann/HDDGabriel/engines/o3de/Gems/ScriptCanvas/Code/Editor/GraphCanvas/DataInterfaces/ScriptCanvasDataInterface.h,9,0,9
/media/ullmann/HDDGabriel/engines/o3de/Gems/MotionMatching/Code/Source/FeatureVelocity.cpp,0,6,6
/media/ullmann/HDDGabriel/engines/o3de/Gems/MotionMatching/Code/Source/PoseDataJointVelocities.h,5,0,5
/media/ullmann/HDDGabriel/engines/o3de/Gems/LmbrCentral/Code/Source/LmbrCentral.cpp,0,46,46
/media/ullmann/HDDGabriel/engines/o3de/Gems/LmbrCentral/Code/Source/Audio/AudioRtpcComponent.h,3,0,3
/media/ullmann/HDDGabriel/engines/o3de/Gems/EMotionFX/Code/EMotionFX/Source/BlendTreePoseSubtractNode.cpp,0,10,10
/media/ullmann/HDDGabriel/engines/o3de/Gems/EMotionFX/Code/EMotionFX/Source/BlendTreePoseSubtractNode.h,1,2,3
/media/ullmann/HDDGabriel/engines/o3de/Gems/EMotionFX/Code/EMotionFX/Source/AnimGraphTransitionCondition.cpp,0,4,4
/media/ullmann/HDDGabriel/engines/o3de/Gems/EMotionFX/Code/EMotionFX/Source/EventManager.h,19,10,29
/media/ullmann/HDDGabriel/engines/o3de/Gems/EMotionFX/Code/EMotionFX/Source/Transform.cpp,0,3,3
/media/ullmann/HDDGabriel/engines/o3de/Gems/EMotionFX/Code/EMotionFX/Source/Transform.h,6,1,7
/media/ullmann/HDDGabriel/engines/o3de/Gems/LmbrCentral/Code/Source/Shape/EditorPolygonPrismShapeComponent.h,3,2,5
/media/ullmann/HDDGabriel/engines/o3de/Gems/LmbrCentral/Code/Source/Shape/EditorBaseShapeComponent.h,11,0,11
/media/ullmann/HDDGabriel/engines/o3de/Gems/Vegetation/Code/Source/Components/SurfaceSlopeFilterComponent.cpp,0,1,1
/media/ullmann/HDDGabriel/engines/o3de/Gems/Vegetation/Code/Source/Components/SurfaceSlopeFilterComponent.h,2,0,2
/media/ullmann/HDDGabriel/engines/o3de/Gems/MotionMatching/Code/Source/MotionMatchingData.h,9,5,14
/media/ullmann/HDDGabriel/engines/o3de/Gems/MotionMatching/Code/Source/Feature.h,15,2,17
/media/ullmann/HDDGabriel/engines/o3de/Gems/LyShine/Code/Editor/CommandHierarchyItemToggleIsSelectable.cpp,0,1,1
/media/ullmann/HDDGabriel/engines/o3de/Gems/LyShine/Code/Editor/EditorCommon.h,91,48,139
/media/ullmann/HDDGabriel/engines/o3de/Gems/GraphCanvas/Code/Source/Components/GridVisualComponent.h,2,0,2
/media/ullmann/HDDGabriel/engines/o3de/Code/Framework/AzQtComponents/AzQtComponents/Gallery/ComponentDemoWidget.cpp,0,34,34
/media/ullmann/HDDGabriel/engines/o3de/Code/Framework/AzQtComponents/AzQtComponents/Gallery/SvgLabelPage.h,2,0,2
/media/ullmann/HDDGabriel/engines/o3de/Gems/MotionMatching/Code/Source/FeatureMatrix.cpp,0,3,3
/media/ullmann/HDDGabriel/engines/o3de/Gems/MotionMatching/Code/Source/FeatureMatrix.h,5,0,5
/media/ullmann/HDDGabriel/engines/o3de/Gems/EMotionFX/Code/EMotionFX/Source/MotionSystem.cpp,0,8,8
/media/ullmann/HDDGabriel/engines/o3de/Gems/LmbrCentral/Code/Source/Shape/EditorDiskShapeComponent.cpp,0,4,4
/media/ullmann/HDDGabriel/engines/o3de/Gems/LmbrCentral/Code/Source/Shape/EditorShapeComponentConverters.h,9,0,9
/media/ullmann/HDDGabriel/engines/o3de/Gems/Multiplayer/Code/Source/Debug/MultiplayerDebugPerEntityReporter.h,2,1,3
/media/ullmann/HDDGabriel/engines/o3de/Gems/Multiplayer/Code/Source/Debug/MultiplayerDebugByteReporter.h,2,0,2
/media/ullmann/HDDGabriel/engines/o3de/Gems/LmbrCentral/Code/Source/Shape/ShapeComponentConverters.h,2,1,3
/media/ullmann/HDDGabriel/engines/o3de/Gems/LmbrCentral/Code/Source/Shape/ShapeComponentConverters.inl,1,0,1
/media/ullmann/HDDGabriel/engines/o3de/Gems/AudioSystem/Code/Source/Editor/AudioControlsEditorPlugin.cpp,0,6,6
/media/ullmann/HDDGabriel/engines/o3de/Gems/AudioSystem/Code/Source/Editor/AudioControlsWriter.h,2,1,3
/media/ullmann/HDDGabriel/engines/o3de/Gems/AtomLyIntegration/CommonFeatures/Code/Source/Module.cpp,0,65,65
/media/ullmann/HDDGabriel/engines/o3de/Gems/AtomLyIntegration/CommonFeatures/Code/Source/SkyBox/HDRiSkyboxComponent.h,1,0,1
/media/ullmann/HDDGabriel/engines/o3de/Code/Legacy/CryCommon/ISystem.h,5,7,12
/media/ullmann/HDDGabriel/engines/o3de/Code/Legacy/CryCommon/CryAssert.h,4,0,4
/media/ullmann/HDDGabriel/engines/o3de/Code/Framework/AzCore/Platform/Android/AzCore/Socket/AzSocket_Platform.h,0,1,1
/media/ullmann/HDDGabriel/engines/o3de/Code/Framework/AzCore/Platform/Common/UnixLike/AzCore/Socket/AzSocket_UnixLike.h,4,0,4
/media/ullmann/HDDGabriel/engines/o3de/Gems/Atom/Feature/Common/Code/Source/Material/SubsurfaceTransmissionParameterFunctorSourceData.h,1,1,2
/media/ullmann/HDDGabriel/engines/o3de/Gems/Atom/Feature/Common/Code/Source/Material/SubsurfaceTransmissionParameterFunctor.h,2,0,2
/media/ullmann/HDDGabriel/engines/o3de/Code/Framework/AzQtComponents/AzQtComponents/Gallery/ColorPickerPage.cpp,0,1,1
/media/ullmann/HDDGabriel/engines/o3de/Code/Framework/AzQtComponents/AzQtComponents/Gallery/ColorPickerPage.h,2,0,2
/media/ullmann/HDDGabriel/engines/o3de/Gems/MotionMatching/Code/Source/MotionMatchingInstance.cpp,0,10,10
/media/ullmann/HDDGabriel/engines/o3de/Gems/MotionMatching/Code/Source/KdTree.h,4,3,7
/media/ullmann/HDDGabriel/engines/o3de/Code/Legacy/CryCommon/AnimKey.h,1,3,4
/media/ullmann/HDDGabriel/engines/o3de/Gems/ScriptCanvas/Code/Include/ScriptCanvas/Libraries/Deprecated/Operators/Containers/OperatorClear.cpp,0,1,1
/media/ullmann/HDDGabriel/engines/o3de/Gems/ScriptCanvas/Code/Include/ScriptCanvas/Libraries/Deprecated/Operators/Containers/OperatorClear.h,1,1,2
/media/ullmann/HDDGabriel/engines/o3de/Gems/AtomLyIntegration/AtomViewportDisplayInfo/Code/Source/Module.cpp,0,1,1
/media/ullmann/HDDGabriel/engines/o3de/Gems/AtomLyIntegration/AtomViewportDisplayInfo/Code/Source/AtomViewportDisplayInfoSystemComponent.h,2,0,2
/media/ullmann/HDDGabriel/engines/o3de/Gems/GraphCanvas/Code/Source/Translation/TranslationBuilder.cpp,0,2,2
/media/ullmann/HDDGabriel/engines/o3de/Gems/GraphCanvas/Code/Source/Translation/TranslationAsset.h,2,1,3
/media/ullmann/HDDGabriel/engines/o3de/Code/Editor/ConsoleDialog.cpp,0,4,4
/media/ullmann/HDDGabriel/engines/o3de/Code/Editor/Controls/ConsoleSCB.h,7,0,7
/media/ullmann/HDDGabriel/engines/o3de/Code/Tools/SerializeContextTools/Converter.cpp,0,3,3
/media/ullmann/HDDGabriel/engines/o3de/Code/Tools/SerializeContextTools/Converter.h,3,0,3
/media/ullmann/HDDGabriel/engines/o3de/Gems/LyShine/Code/Source/UiImageComponent.cpp,0,5,5
/media/ullmann/HDDGabriel/engines/o3de/Gems/LyShine/Code/Source/UiLayoutHelpers.h,9,0,9
/media/ullmann/HDDGabriel/engines/o3de/Code/Editor/MainWindow.cpp,0,35,35
/media/ullmann/HDDGabriel/engines/o3de/Code/Editor/Commands/CommandManager.h,4,0,4
/media/ullmann/HDDGabriel/engines/o3de/Gems/LmbrCentral/Code/Source/LmbrCentralEditor.cpp,0,35,35
/media/ullmann/HDDGabriel/engines/o3de/Gems/LmbrCentral/Code/Source/Builders/DependencyBuilder/DependencyBuilderComponent.h,2,1,3
/media/ullmann/HDDGabriel/engines/o3de/Gems/EMotionFX/Code/EMotionFX/Tools/EMotionStudio/Plugins/StandardPlugins/Source/MotionEvents/MotionEventWidget.cpp,0,2,2
/media/ullmann/HDDGabriel/engines/o3de/Gems/EMotionFX/Code/EMotionFX/Tools/EMotionStudio/Plugins/StandardPlugins/Source/MotionEvents/MotionEventEditor.h,1,0,1
/media/ullmann/HDDGabriel/engines/o3de/Code/Framework/AzToolsFramework/AzToolsFramework/UI/Logging/StyledTracePrintFLogPanel.h,1,2,3
/media/ullmann/HDDGabriel/engines/o3de/Code/Framework/AzToolsFramework/AzToolsFramework/UI/Logging/LogLine.h,1,0,1
/media/ullmann/HDDGabriel/engines/o3de/Gems/PhysX/Code/Source/EditorJointComponent.cpp,0,1,1
/media/ullmann/HDDGabriel/engines/o3de/Gems/PhysX/Code/Source/System/PhysXSystem.h,8,0,8
/media/ullmann/HDDGabriel/engines/o3de/Gems/Atom/RHI/Code/Source/Platform/Android/Atom_RHI_Traits_Platform.h,0,1,1
/media/ullmann/HDDGabriel/engines/o3de/Gems/Atom/RHI/Code/Source/Platform/Android/Atom_RHI_Traits_Android.h,1,0,1
/media/ullmann/HDDGabriel/engines/o3de/Code/Legacy/CrySystem/SystemCFG.cpp,0,3,3
/media/ullmann/HDDGabriel/engines/o3de/Code/Legacy/CrySystem/System.h,14,1,15
/media/ullmann/HDDGabriel/engines/o3de/Gems/LmbrCentral/Code/Source/Scripting/EditorTagComponent.h,2,1,3
/media/ullmann/HDDGabriel/engines/o3de/Gems/LmbrCentral/Code/Source/Scripting/TagComponent.h,3,0,3
/media/ullmann/HDDGabriel/engines/o3de/Gems/LmbrCentral/Code/Source/Ai/EditorNavigationAreaComponent.cpp,0,2,2
/media/ullmann/HDDGabriel/engines/o3de/Gems/LmbrCentral/Code/Source/Ai/EditorNavigationAreaComponent.h,2,0,2
/media/ullmann/HDDGabriel/engines/o3de/Gems/EMotionFX/Code/EMotionFX/Source/AnimGraphTriggerAction.cpp,0,4,4
/media/ullmann/HDDGabriel/engines/o3de/Gems/EMotionFX/Code/EMotionFX/Source/AnimGraphTriggerAction.h,3,2,5
/media/ullmann/HDDGabriel/engines/o3de/Gems/Atom/Asset/Shader/Code/Source/Editor/ShaderVariantAssetBuilder.cpp,0,9,9
/media/ullmann/HDDGabriel/engines/o3de/Gems/Atom/Asset/Shader/Code/Source/Editor/AzslCompiler.h,4,1,5
/media/ullmann/HDDGabriel/engines/o3de/Gems/LyShine/Code/Source/LyShine.cpp,0,43,43
/media/ullmann/HDDGabriel/engines/o3de/Gems/LyShine/Code/Source/TextMarkup.h,3,1,4
/media/ullmann/HDDGabriel/engines/o3de/Code/Legacy/CryCommon/ISerialize.h,1,4,5
/media/ullmann/HDDGabriel/engines/o3de/Code/Legacy/CryCommon/IXml.h,4,2,6
/media/ullmann/HDDGabriel/engines/o3de/Gems/EMotionFX/Code/EMotionFX/Source/MorphMeshDeformer.cpp,0,8,8
/media/ullmann/HDDGabriel/engines/o3de/Gems/EMotionFX/Code/EMotionFX/Source/Node.h,22,2,24
/media/ullmann/HDDGabriel/engines/o3de/Gems/Maestro/Code/Source/Cinematics/ScreenFaderTrack.cpp,0,1,1
/media/ullmann/HDDGabriel/engines/o3de/Gems/Maestro/Code/Source/Cinematics/ScreenFaderTrack.h,3,1,4
/media/ullmann/HDDGabriel/engines/o3de/Code/Tools/TestImpactFramework/Frontend/Console/Common/Code/Include/Static/TestImpactConsoleUtils.h,0,3,3
/media/ullmann/HDDGabriel/engines/o3de/Code/Tools/TestImpactFramework/Frontend/Console/Common/Code/Include/Static/TestImpactCommandLineOptions.h,2,0,2
/media/ullmann/HDDGabriel/engines/o3de/Gems/WhiteBox/Code/Source/WhiteBoxSystemComponent.cpp,0,3,3
/media/ullmann/HDDGabriel/engines/o3de/Gems/WhiteBox/Code/Source/WhiteBoxSystemComponent.h,3,0,3
/media/ullmann/HDDGabriel/engines/o3de/Code/Tools/LuaIDE/Source/LUA/LUAEditorFindDialog.cpp,0,4,4
/media/ullmann/HDDGabriel/engines/o3de/Code/Tools/LuaIDE/Source/LUA/LUAEditorMainWindow.hxx,5,4,9
/media/ullmann/HDDGabriel/engines/o3de/Gems/EMotionFX/Code/MCore/Source/AttributeVector3.h,2,3,5
/media/ullmann/HDDGabriel/engines/o3de/Gems/EMotionFX/Code/MCore/Source/StandardHeaders.h,49,5,54
/media/ullmann/HDDGabriel/engines/o3de/Gems/EMotionFX/Code/EMotionFX/Tools/EMotionStudio/EMStudioSDK/Source/PluginManager.h,2,2,4
/media/ullmann/HDDGabriel/engines/o3de/Gems/EMotionFX/Code/EMotionFX/Tools/EMotionStudio/EMStudioSDK/Source/EMStudioPlugin.h,5,1,6
/media/ullmann/HDDGabriel/engines/o3de/Gems/LmbrCentral/Code/Source/Shape/DiskShape.cpp,0,1,1
/media/ullmann/HDDGabriel/engines/o3de/Gems/LmbrCentral/Code/Source/Shape/DiskShape.h,2,0,2
/media/ullmann/HDDGabriel/engines/o3de/Code/Editor/Plugins/ProjectSettingsTool/ProjectSettingsToolWindow.cpp,0,10,10
/media/ullmann/HDDGabriel/engines/o3de/Code/Editor/Plugins/ProjectSettingsTool/ProjectSettingsContainer.h,3,2,5
/media/ullmann/HDDGabriel/engines/o3de/Gems/EMotionFX/Code/MCore/Source/AttributeVector2.h,2,4,6
/media/ullmann/HDDGabriel/engines/o3de/Gems/EMotionFX/Code/MCore/Source/Attribute.h,12,4,16
/media/ullmann/HDDGabriel/engines/o3de/Code/Framework/AzToolsFramework/AzToolsFramework/ToolsComponents/EditorLayerComponent.h,1,2,3
/media/ullmann/HDDGabriel/engines/o3de/Code/Framework/AzToolsFramework/AzToolsFramework/ToolsComponents/EditorComponentBase.h,9,0,9
/media/ullmann/HDDGabriel/engines/o3de/Code/Legacy/CryCommon/NullAudioSystem.h,0,1,1
/media/ullmann/HDDGabriel/engines/o3de/Code/Legacy/CryCommon/IAudioSystem.h,1,1,2
/media/ullmann/HDDGabriel/engines/o3de/Gems/EMotionFX/Code/EMotionFX/Source/BlendTreeBlend2AdditiveNode.cpp,0,11,11
/media/ullmann/HDDGabriel/engines/o3de/Gems/EMotionFX/Code/EMotionFX/Source/EMotionFXConfig.h,155,1,156
/media/ullmann/HDDGabriel/engines/o3de/Gems/EMotionFX/Code/EMotionFX/Source/BlendTreeBlend2Node.cpp,0,11,11
/media/ullmann/HDDGabriel/engines/o3de/Gems/EMotionFX/Code/EMotionFX/Source/ActorInstance.h,34,5,39
/media/ullmann/HDDGabriel/engines/o3de/Code/Editor/ViewManager.h,16,2,18
/media/ullmann/HDDGabriel/engines/o3de/Code/Editor/Viewport.h,7,4,11
/media/ullmann/HDDGabriel/engines/o3de/Code/Framework/AzCore/Platform/Windows/AzCore/IPC/SharedMemory_Windows.cpp,0,1,1
/media/ullmann/HDDGabriel/engines/o3de/Code/Framework/AzCore/Platform/Windows/AzCore/IPC/SharedMemory_Windows.h,1,0,1
/media/ullmann/HDDGabriel/engines/o3de/Gems/LmbrCentral/Code/Source/Audio/EditorAudioListenerComponent.cpp,0,2,2
/media/ullmann/HDDGabriel/engines/o3de/Gems/LmbrCentral/Code/Source/Audio/EditorAudioListenerComponent.h,2,0,2
/media/ullmann/HDDGabriel/engines/o3de/Gems/EMotionFX/Code/EMotionFX/Source/AnimGraphExitNode.cpp,0,7,7
/media/ullmann/HDDGabriel/engines/o3de/Gems/EMotionFX/Code/EMotionFX/Source/AnimGraphExitNode.h,3,3,6
/media/ullmann/HDDGabriel/engines/o3de/Gems/EMotionFX/Code/EMotionFX/Tools/EMotionStudio/EMStudioSDK/Source/LoadActorSettingsWindow.cpp,0,2,2
/media/ullmann/HDDGabriel/engines/o3de/Gems/EMotionFX/Code/EMotionFX/Tools/EMotionStudio/EMStudioSDK/Source/LoadActorSettingsWindow.h,1,1,2
/media/ullmann/HDDGabriel/engines/o3de/Gems/SceneProcessing/Code/Source/Generation/Components/MeshOptimizer/MeshBuilderSubMesh.cpp,0,4,4
/media/ullmann/HDDGabriel/engines/o3de/Gems/SceneProcessing/Code/Source/Generation/Components/MeshOptimizer/MeshBuilder.h,3,3,6
/media/ullmann/HDDGabriel/engines/o3de/Code/Editor/ErrorReportDialog.cpp,0,7,7
/media/ullmann/HDDGabriel/engines/o3de/Code/Editor/GameEngine.h,16,2,18
/media/ullmann/HDDGabriel/engines/o3de/Gems/StartingPointCamera/Code/Source/CameraTransformBehaviors/FaceTarget.cpp,0,1,1
/media/ullmann/HDDGabriel/engines/o3de/Gems/StartingPointCamera/Code/Source/CameraTransformBehaviors/FaceTarget.h,2,0,2
/media/ullmann/HDDGabriel/engines/o3de/Gems/EMotionFX/Code/EMotionFX/Source/BlendTreeVector2ComposeNode.cpp,0,1,1
/media/ullmann/HDDGabriel/engines/o3de/Gems/EMotionFX/Code/EMotionFX/Source/BlendTreeVector2ComposeNode.h,1,2,3
/media/ullmann/HDDGabriel/engines/o3de/Gems/Atom/Feature/Common/Code/Source/ReflectionScreenSpace/ReflectionScreenSpaceCompositePass.cpp,0,2,2
/media/ullmann/HDDGabriel/engines/o3de/Gems/Atom/Feature/Common/Code/Source/ReflectionScreenSpace/ReflectionScreenSpaceCompositePass.h,2,0,2
/media/ullmann/HDDGabriel/engines/o3de/Gems/AudioSystem/Code/Source/Engine/FileCacheManager.cpp,0,2,2
/media/ullmann/HDDGabriel/engines/o3de/Gems/AudioSystem/Code/Source/Engine/SoundCVars.h,7,1,8
/media/ullmann/HDDGabriel/engines/o3de/Gems/Atom/RPI/Code/External/MaskedOcclusionCulling/MaskedOcclusionCullingAVX512.cpp,0,2,2
/media/ullmann/HDDGabriel/engines/o3de/Gems/Atom/RPI/Code/External/MaskedOcclusionCulling/CompilerSpecific.inl,3,0,3
/media/ullmann/HDDGabriel/engines/o3de/Gems/EMotionFX/Code/EMotionFX/Source/BlendTreeMirrorPoseNode.h,1,2,3
/media/ullmann/HDDGabriel/engines/o3de/Gems/EMotionFX/Code/EMotionFX/Source/AnimGraphNode.h,42,6,48
/media/ullmann/HDDGabriel/engines/o3de/Gems/AtomTressFX/External/Code/src/TressFXSample.cpp,0,5,5
/media/ullmann/HDDGabriel/engines/o3de/Gems/AtomTressFX/External/Code/src/SDF.h,3,0,3
/media/ullmann/HDDGabriel/engines/o3de/Code/Editor/IEditorImpl.cpp,0,30,30
/media/ullmann/HDDGabriel/engines/o3de/Code/Editor/PluginManager.h,6,0,6
/media/ullmann/HDDGabriel/engines/o3de/Gems/Atom/Feature/Common/Code/Source/ReflectionScreenSpace/ReflectionScreenSpaceBlurPass.cpp,0,2,2
/media/ullmann/HDDGabriel/engines/o3de/Gems/Atom/Feature/Common/Code/Source/ReflectionScreenSpace/ReflectionScreenSpaceBlurPass.h,3,0,3
/media/ullmann/HDDGabriel/engines/o3de/Code/Framework/AzToolsFramework/AzToolsFramework/UI/PropertyEditor/InstanceDataHierarchy.cpp,0,3,3
/media/ullmann/HDDGabriel/engines/o3de/Code/Framework/AzToolsFramework/AzToolsFramework/UI/PropertyEditor/ComponentEditor.hxx,2,0,2
/media/ullmann/HDDGabriel/engines/o3de/Code/Editor/Plugins/ComponentEntityEditorPlugin/UI/Outliner/OutlinerWidget.hxx,1,2,3
/media/ullmann/HDDGabriel/engines/o3de/Code/Editor/Plugins/ComponentEntityEditorPlugin/UI/Outliner/OutlinerSearchWidget.h,3,0,3
/media/ullmann/HDDGabriel/engines/o3de/Code/Editor/EditorPreferencesPageViewportCamera.cpp,0,5,5
/media/ullmann/HDDGabriel/engines/o3de/Code/Editor/EditorViewportSettings.h,12,0,12
/media/ullmann/HDDGabriel/engines/o3de/Code/Framework/AzQtComponents/AzQtComponents/Gallery/ButtonPage.cpp,0,2,2
/media/ullmann/HDDGabriel/engines/o3de/Code/Framework/AzQtComponents/AzQtComponents/Gallery/ButtonPage.h,2,0,2
/media/ullmann/HDDGabriel/engines/o3de/Gems/ScriptCanvas/Code/Include/ScriptCanvas/Libraries/Core/ScriptEventBase.cpp,0,1,1
/media/ullmann/HDDGabriel/engines/o3de/Gems/ScriptCanvas/Code/Include/ScriptCanvas/Libraries/Core/ScriptEventBase.h,3,0,3
/media/ullmann/HDDGabriel/engines/o3de/Gems/LyShine/Code/Editor/ViewportInteraction.cpp,0,8,8
/media/ullmann/HDDGabriel/engines/o3de/Gems/EMotionFX/Code/EMotionFX/Tools/EMotionStudio/Plugins/StandardPlugins/Source/SceneManager/ActorPropertiesWindow.cpp,0,4,4
/media/ullmann/HDDGabriel/engines/o3de/Gems/EMotionFX/Code/EMotionFX/Tools/EMotionStudio/Plugins/StandardPlugins/Source/SceneManager/ActorPropertiesWindow.h,2,2,4
/media/ullmann/HDDGabriel/engines/o3de/Gems/WhiteBox/Code/Source/SubComponentModes/EditorWhiteBoxDefaultMode.cpp,0,2,2
/media/ullmann/HDDGabriel/engines/o3de/Gems/WhiteBox/Code/Source/SubComponentModes/EditorWhiteBoxDefaultMode.h,2,0,2
/media/ullmann/HDDGabriel/engines/o3de/Gems/LyShine/Code/Source/Animation/AnimNode.cpp,0,7,7
/media/ullmann/HDDGabriel/engines/o3de/Gems/LyShine/Code/Source/Animation/BoolTrack.h,4,1,5
/media/ullmann/HDDGabriel/engines/o3de/Code/Tools/ProjectManager/Source/DownloadWorker.cpp,0,3,3
/media/ullmann/HDDGabriel/engines/o3de/Code/Tools/ProjectManager/Source/PythonBindings.h,4,1,5
/media/ullmann/HDDGabriel/engines/o3de/Gems/EMotionFX/Code/EMotionFX/Source/BlendTreeSmoothingNode.cpp,0,3,3
/media/ullmann/HDDGabriel/engines/o3de/Gems/EMotionFX/Code/EMotionFX/Source/AnimGraphManager.h,20,3,23
/media/ullmann/HDDGabriel/engines/o3de/Code/Tools/AssetProcessor/Platform/Windows/AssetProcessor_Traits_Platform.h,0,1,1
/media/ullmann/HDDGabriel/engines/o3de/Code/Tools/AssetProcessor/Platform/Windows/AssetProcessor_Traits_Windows.h,1,0,1
/media/ullmann/HDDGabriel/engines/o3de/Gems/EMotionFX/Code/EMotionFX/Tools/EMotionStudio/Plugins/StandardPlugins/Source/TimeView/TrackDataWidget.cpp,0,3,3
/media/ullmann/HDDGabriel/engines/o3de/Gems/EMotionFX/Code/EMotionFX/Tools/EMotionStudio/EMStudioSDK/Source/MainWindow.h,17,0,17
/media/ullmann/HDDGabriel/engines/o3de/Gems/DiffuseProbeGrid/Code/Source/DiffuseProbeGridModule.cpp,0,6,6
/media/ullmann/HDDGabriel/engines/o3de/Gems/DiffuseProbeGrid/Code/Source/Components/DiffuseProbeGridSystemComponent.h,1,0,1
/media/ullmann/HDDGabriel/engines/o3de/Gems/EMotionFX/Code/EMotionFX/Source/AnimGraphObjectData.cpp,0,4,4
/media/ullmann/HDDGabriel/engines/o3de/Gems/EMotionFX/Code/EMotionFX/Tools/EMotionStudio/Plugins/StandardPlugins/Source/ActionHistory/ActionHistoryCallback.cpp,0,3,3
/media/ullmann/HDDGabriel/engines/o3de/Gems/LmbrCentral/Code/Source/Builders/CopyDependencyBuilder/CopyDependencyBuilderComponent.h,2,5,7
/media/ullmann/HDDGabriel/engines/o3de/Gems/LmbrCentral/Code/Source/Builders/CopyDependencyBuilder/FontBuilderWorker/FontBuilderWorker.h,2,0,2
/media/ullmann/HDDGabriel/engines/o3de/Gems/Maestro/Code/Source/Cinematics/SceneNode.cpp,0,11,11
/media/ullmann/HDDGabriel/engines/o3de/Gems/Maestro/Code/Source/Cinematics/AnimSequence.h,5,1,6
/media/ullmann/HDDGabriel/engines/o3de/Code/Framework/AzToolsFramework/AzToolsFramework/AssetEditor/AssetEditorWidget.cpp,0,1,1
/media/ullmann/HDDGabriel/engines/o3de/Code/Framework/AzToolsFramework/AzToolsFramework/AssetEditor/AssetEditorWidget.h,1,0,1
/media/ullmann/HDDGabriel/engines/o3de/Code/Tools/AssetProcessor/native/resourcecompiler/rcjoblistmodel.cpp,0,1,1
/media/ullmann/HDDGabriel/engines/o3de/Code/Tools/AssetProcessor/native/resourcecompiler/rcjoblistmodel.h,3,2,5
/media/ullmann/HDDGabriel/engines/o3de/Gems/AWSClientAuth/Code/Source/AWSClientAuthSystemComponent.cpp,0,7,7
/media/ullmann/HDDGabriel/engines/o3de/Gems/AWSClientAuth/Code/Source/UserManagement/UserManagementNotificationBusBehaviorHandler.h,1,0,1
/media/ullmann/HDDGabriel/engines/o3de/Gems/EMotionFX/Code/EMotionFX/Source/VertexAttributeLayerAbstractData.h,2,2,4
/media/ullmann/HDDGabriel/engines/o3de/Gems/EMotionFX/Code/EMotionFX/Source/AnimGraphSyncTrack.h,3,2,5
/media/ullmann/HDDGabriel/engines/o3de/Gems/EMotionFX/Code/EMotionFX/Source/MotionEventTrack.h,5,3,8
/media/ullmann/HDDGabriel/engines/o3de/Code/Legacy/CryCommon/ILog.h,1,1,2
/media/ullmann/HDDGabriel/engines/o3de/Code/Legacy/CryCommon/IMiniLog.h,1,0,1
/media/ullmann/HDDGabriel/engines/o3de/Code/Framework/AzToolsFramework/AzToolsFramework/UI/PropertyEditor/PropertyStringLineEditCtrl.cpp,0,2,2
/media/ullmann/HDDGabriel/engines/o3de/Code/Framework/AzToolsFramework/AzToolsFramework/UI/PropertyEditor/PropertyStringLineEditCtrl.hxx,1,1,2
/media/ullmann/HDDGabriel/engines/o3de/Code/Editor/Dialogs/PythonScriptsDialog.h,2,0,2
/media/ullmann/HDDGabriel/engines/o3de/Code/Tools/LuaIDE/Source/LUA/LUAEditorContext.cpp,0,6,6
/media/ullmann/HDDGabriel/engines/o3de/Code/Tools/LuaIDE/Source/LUA/LUAContextControlMessages.h,2,0,2
/media/ullmann/HDDGabriel/engines/o3de/Gems/EMotionFX/Code/EMotionFX/Source/BlendTree.cpp,0,10,10
/media/ullmann/HDDGabriel/engines/o3de/Code/Tools/ProjectManager/Source/ScreenFactory.cpp,0,12,12
/media/ullmann/HDDGabriel/engines/o3de/Code/Tools/ProjectManager/Source/GemRepo/GemRepoScreen.h,5,0,5
/media/ullmann/HDDGabriel/engines/o3de/Gems/EMotionFX/Code/EMotionFX/Tools/EMotionStudio/Plugins/StandardPlugins/Source/TimeView/TimeTrack.cpp,0,2,2
/media/ullmann/HDDGabriel/engines/o3de/Gems/EMotionFX/Code/EMotionFX/Tools/EMotionStudio/Plugins/StandardPlugins/Source/TimeView/TimeTrack.h,4,2,6
/media/ullmann/HDDGabriel/engines/o3de/Gems/AudioSystem/Code/Source/Editor/QATLControlsTreeModel.h,3,1,4
/media/ullmann/HDDGabriel/engines/o3de/Gems/AudioSystem/Code/Source/Editor/ATLControlsModel.h,16,1,17
/media/ullmann/HDDGabriel/engines/o3de/Gems/LyShine/Code/Editor/HierarchyItem.h,1,1,2
/media/ullmann/HDDGabriel/engines/o3de/Code/Editor/PreferencesStdPages.cpp,0,10,10
/media/ullmann/HDDGabriel/engines/o3de/Code/Editor/EditorDefs.h,85,14,99
/media/ullmann/HDDGabriel/engines/o3de/Code/Legacy/CrySystem/WindowsErrorReporting.cpp,0,2,2
/media/ullmann/HDDGabriel/engines/o3de/Gems/ScriptCanvas/Code/Include/ScriptCanvas/Internal/Nodes/ExpressionNodeBase.cpp,0,1,1
/media/ullmann/HDDGabriel/engines/o3de/Gems/ScriptCanvas/Code/Include/ScriptCanvas/Internal/Nodes/ExpressionNodeBase.h,1,0,1
/media/ullmann/HDDGabriel/engines/o3de/Gems/AWSMetrics/Code/Source/AWSMetricsServiceApi.h,3,1,4
/media/ullmann/HDDGabriel/engines/o3de/Gems/AWSMetrics/Code/Source/MetricsQueue.h,3,1,4
/media/ullmann/HDDGabriel/engines/o3de/Gems/AudioEngineWwise/Code/Source/Engine/Config_wwise.cpp,0,1,1
/media/ullmann/HDDGabriel/engines/o3de/Gems/AudioEngineWwise/Code/Source/Engine/Config_wwise.h,2,0,2
/media/ullmann/HDDGabriel/engines/o3de/Gems/EMotionFX/Code/EMotionFX/Tools/EMotionStudio/Plugins/StandardPlugins/Source/AnimGraph/AnimGraphPluginCallbacks.cpp,0,16,16
/media/ullmann/HDDGabriel/engines/o3de/Gems/EMotionFX/Code/EMotionFX/Tools/EMotionStudio/Plugins/StandardPlugins/Source/AnimGraph/AttributesWindow.h,3,0,3
/media/ullmann/HDDGabriel/engines/o3de/Gems/Maestro/Code/Source/Cinematics/EventNode.h,3,1,4
/media/ullmann/HDDGabriel/engines/o3de/Gems/Maestro/Code/Source/Cinematics/AnimNode.h,15,1,16
/media/ullmann/HDDGabriel/engines/o3de/Gems/EMotionFX/Code/EMotionFX/Source/BlendTreeFloatMath2Node.cpp,0,2,2
/media/ullmann/HDDGabriel/engines/o3de/Code/Framework/AzCore/Platform/Common/Apple/AzCore/std/parallel/internal/semaphore_Apple.h,0,1,1
/media/ullmann/HDDGabriel/engines/o3de/Code/Framework/AzCore/Platform/Common/Apple/AzCore/std/parallel/internal/time_Apple.h,1,0,1
/media/ullmann/HDDGabriel/engines/o3de/Gems/Twitch/Code/Source/TwitchSystemComponent.cpp,0,2,2
/media/ullmann/HDDGabriel/engines/o3de/Gems/Twitch/Code/Source/TwitchSystemComponent.h,2,1,3
/media/ullmann/HDDGabriel/engines/o3de/Gems/MotionMatching/Code/Source/FeatureSchemaDefault.cpp,0,4,4
/media/ullmann/HDDGabriel/engines/o3de/Gems/MotionMatching/Code/Source/FeatureVelocity.h,4,1,5
/media/ullmann/HDDGabriel/engines/o3de/Code/Editor/TrackView/ScreenFaderKeyUIControls.cpp,0,2,2
/media/ullmann/HDDGabriel/engines/o3de/Gems/EMotionFX/Code/EMotionFX/Source/BlendSpaceParamEvaluator.cpp,0,4,4
/media/ullmann/HDDGabriel/engines/o3de/Gems/LyShine/Code/Source/LyShineSystemComponent.cpp,0,39,39
/media/ullmann/HDDGabriel/engines/o3de/Gems/LyShine/Code/Source/UiScrollBarComponent.h,4,1,5
/media/ullmann/HDDGabriel/engines/o3de/Gems/Atom/Asset/ImageProcessingAtom/Code/Source/ImageProcessingSystemComponent.cpp,0,9,9
/media/ullmann/HDDGabriel/engines/o3de/Gems/Atom/Asset/ImageProcessingAtom/Code/Source/ImageProcessingSystemComponent.h,2,0,2
/media/ullmann/HDDGabriel/engines/o3de/Gems/Maestro/Code/Source/Cinematics/AnimSequence.cpp,0,15,15
/media/ullmann/HDDGabriel/engines/o3de/Gems/Maestro/Code/Source/Cinematics/AnimPostFXNode.h,3,1,4
/media/ullmann/HDDGabriel/engines/o3de/Gems/AWSMetrics/Code/Source/MetricsManager.cpp,0,7,7
/media/ullmann/HDDGabriel/engines/o3de/Gems/AWSMetrics/Code/Source/ClientConfiguration.h,2,0,2
/media/ullmann/HDDGabriel/engines/o3de/Gems/AtomLyIntegration/CommonFeatures/Code/Source/Scripting/EntityReferenceComponent.h,1,0,1
/media/ullmann/HDDGabriel/engines/o3de/Gems/PhysX/Code/Source/ForceRegion.h,0,1,1
/media/ullmann/HDDGabriel/engines/o3de/Gems/PhysX/Code/Source/ForceRegionForces.h,2,0,2
/media/ullmann/HDDGabriel/engines/o3de/Gems/Metastream/Code/Source/Platform/Android/Metastream_Traits_Platform.h,0,1,1
/media/ullmann/HDDGabriel/engines/o3de/Gems/Metastream/Code/Source/Platform/Android/Metastream_Traits_Android.h,1,0,1
/media/ullmann/HDDGabriel/engines/o3de/Gems/Terrain/Code/Tests/TerrainSystemTest.cpp,0,2,2
/media/ullmann/HDDGabriel/engines/o3de/Gems/Terrain/Code/Tests/MockAxisAlignedBoxShapeComponent.h,7,0,7
/media/ullmann/HDDGabriel/engines/o3de/Code/Editor/EditorToolsApplication.cpp,0,10,10
/media/ullmann/HDDGabriel/engines/o3de/Code/Editor/PythonEditorFuncs.h,2,2,4
/media/ullmann/HDDGabriel/engines/o3de/Gems/LyShine/Code/Editor/PropertiesContainer.cpp,0,2,2
/media/ullmann/HDDGabriel/engines/o3de/Gems/EMotionFX/Code/EMotionFX/Source/AnimGraphMotionNode.cpp,0,15,15
/media/ullmann/HDDGabriel/engines/o3de/Gems/EMotionFX/Code/EMotionFX/Source/MotionManager.h,4,0,4
/media/ullmann/HDDGabriel/engines/o3de/Code/Framework/AzQtComponents/AzQtComponents/Gallery/TabWidgetPage.h,2,0,2
/media/ullmann/HDDGabriel/engines/o3de/Gems/ImGui/Code/Source/LYCommonMenu/ImGuiLYAssetExplorer.cpp,0,1,1
/media/ullmann/HDDGabriel/engines/o3de/Gems/ImGui/Code/Source/LYCommonMenu/ImGuiLYAssetExplorer.h,2,0,2
/media/ullmann/HDDGabriel/engines/o3de/Code/Framework/AzToolsFramework/AzToolsFramework/ViewportSelection/EditorDefaultSelection.cpp,0,1,1
/media/ullmann/HDDGabriel/engines/o3de/Code/Framework/AzToolsFramework/AzToolsFramework/ViewportSelection/EditorDefaultSelection.h,1,0,1
/media/ullmann/HDDGabriel/engines/o3de/Gems/ScriptCanvas/Code/Include/ScriptCanvas/Translation/GraphToX.h,3,2,5
/media/ullmann/HDDGabriel/engines/o3de/Gems/ScriptCanvas/Code/Include/ScriptCanvas/Translation/TranslationUtilities.h,5,0,5
/media/ullmann/HDDGabriel/engines/o3de/Gems/Atom/Feature/Common/Code/Source/Material/UseTextureFunctor.cpp,0,1,1
/media/ullmann/HDDGabriel/engines/o3de/Gems/Atom/Feature/Common/Code/Source/Material/UseTextureFunctor.h,2,0,2
/media/ullmann/HDDGabriel/engines/o3de/Gems/ScriptCanvas/Code/Include/ScriptCanvas/Libraries/Deprecated/UnitTesting/ExpectNotEqual.cpp,0,1,1
/media/ullmann/HDDGabriel/engines/o3de/Gems/ScriptCanvas/Code/Include/ScriptCanvas/Libraries/Deprecated/UnitTesting/ExpectNotEqual.h,1,0,1
/media/ullmann/HDDGabriel/engines/o3de/Code/Editor/SelectLightAnimationDialog.cpp,0,2,2
/media/ullmann/HDDGabriel/engines/o3de/Code/Editor/SelectLightAnimationDialog.h,1,1,2
/media/ullmann/HDDGabriel/engines/o3de/Code/Editor/Objects/BaseObject.h,8,3,11
/media/ullmann/HDDGabriel/engines/o3de/Code/Editor/Objects/ClassDesc.h,3,0,3
/media/ullmann/HDDGabriel/engines/o3de/Code/Editor/Plugins/ComponentEntityEditorPlugin/UI/AssetCatalogModel.cpp,0,1,1
/media/ullmann/HDDGabriel/engines/o3de/Code/Editor/Plugins/ComponentEntityEditorPlugin/UI/AssetCatalogModel.h,1,0,1
/media/ullmann/HDDGabriel/engines/o3de/Gems/ScriptedEntityTweener/Code/Source/ScriptedEntityTweenerSystemComponent.cpp,0,1,1
/media/ullmann/HDDGabriel/engines/o3de/Gems/ScriptedEntityTweener/Code/Source/ScriptedEntityTweenerSystemComponent.h,2,1,3
/media/ullmann/HDDGabriel/engines/o3de/Code/Editor/Objects/ObjectManager.cpp,0,5,5
/media/ullmann/HDDGabriel/engines/o3de/Code/Editor/Objects/ObjectManager.h,6,3,9
/media/ullmann/HDDGabriel/engines/o3de/Gems/Atom/Tools/ShaderManagementConsole/Code/Source/ShaderManagementConsoleApplication.cpp,0,4,4
/media/ullmann/HDDGabriel/engines/o3de/Gems/Atom/Tools/ShaderManagementConsole/Code/Source/Window/ShaderManagementConsoleWindow.h,2,0,2
/media/ullmann/HDDGabriel/engines/o3de/Gems/AtomTressFX/External/Code/src/TressFX/TressFXSDFMarchingCubes.cpp,0,2,2
/media/ullmann/HDDGabriel/engines/o3de/Gems/AtomTressFX/External/Code/src/TressFX/TressFXSDFMarchingCubes.h,1,1,2
/media/ullmann/HDDGabriel/engines/o3de/Gems/Atom/Utils/Code/Include/Atom/Utils/ImGuiFrameVisualizer.h,0,1,1
/media/ullmann/HDDGabriel/engines/o3de/Gems/Atom/Utils/Code/Include/Atom/Utils/ImGuiFrameVisualizer.inl,1,0,1
/media/ullmann/HDDGabriel/engines/o3de/Code/Editor/LevelIndependentFileMan.h,4,0,4
/media/ullmann/HDDGabriel/engines/o3de/Code/Editor/EditorPreferencesPageGeneral.h,4,2,6
/media/ullmann/HDDGabriel/engines/o3de/Code/Editor/Settings.h,24,1,25
/media/ullmann/HDDGabriel/engines/o3de/Gems/WhiteBox/Code/Source/EditorWhiteBoxComponent.h,2,3,5
/media/ullmann/HDDGabriel/engines/o3de/Gems/WhiteBox/Code/Source/Rendering/WhiteBoxMaterial.h,4,0,4
/media/ullmann/HDDGabriel/engines/o3de/Gems/ScriptCanvas/Code/Include/ScriptCanvas/Libraries/Core/SendScriptEvent.cpp,0,1,1
/media/ullmann/HDDGabriel/engines/o3de/Gems/ScriptCanvas/Code/Include/ScriptCanvas/Libraries/Core/SendScriptEvent.h,1,1,2
/media/ullmann/HDDGabriel/engines/o3de/Gems/EMotionFX/Code/Tests/AnimGraphReferenceNodeTests.cpp,0,1,1
/media/ullmann/HDDGabriel/engines/o3de/Gems/EMotionFX/Code/Tests/AnimGraphFixture.h,10,1,11
/media/ullmann/HDDGabriel/engines/o3de/AutomatedTesting/Gem/PythonCoverage/Code/Source/PythonCoverageEditorModule.cpp,0,2,2
/media/ullmann/HDDGabriel/engines/o3de/AutomatedTesting/Gem/PythonCoverage/Code/Source/PythonCoverageEditorModule.h,1,0,1
/media/ullmann/HDDGabriel/engines/o3de/Code/Framework/AzCore/AzCore/Slice/SliceSystemComponent.cpp,0,2,2
/media/ullmann/HDDGabriel/engines/o3de/Code/Framework/AzCore/AzCore/Slice/SliceAsset.h,1,0,1
/media/ullmann/HDDGabriel/engines/o3de/Gems/EMotionFX/Code/EMotionFX/Source/MultiThreadScheduler.cpp,0,6,6
/media/ullmann/HDDGabriel/engines/o3de/Gems/EMotionFX/Code/EMotionFX/Source/Attachment.h,6,3,9
/media/ullmann/HDDGabriel/engines/o3de/Code/Framework/AzCore/AzCore/Debug/Budget.cpp,0,1,1
/media/ullmann/HDDGabriel/engines/o3de/Code/Framework/AzCore/AzCore/Debug/Budget.h,1,0,1
/media/ullmann/HDDGabriel/engines/o3de/Gems/EMotionFX/Code/EMotionFX/Source/BlendTreeParameterNode.h,1,0,1
/media/ullmann/HDDGabriel/engines/o3de/Gems/LmbrCentral/Code/Source/Shape/EditorPolygonPrismShapeComponent.cpp,0,5,5
/media/ullmann/HDDGabriel/engines/o3de/Gems/LmbrCentral/Code/Source/Shape/EditorPolygonPrismShapeComponentMode.h,2,0,2
/media/ullmann/HDDGabriel/engines/o3de/Gems/EMotionFX/Code/EMotionFX/Source/BlendTreeFloatSwitchNode.h,1,2,3
/media/ullmann/HDDGabriel/engines/o3de/Gems/EMotionFX/Code/EMotionFX/Source/AnimGraphObject.h,7,3,10
/media/ullmann/HDDGabriel/engines/o3de/Gems/Gestures/Code/Include/Gestures/GestureRecognizerHold.h,0,1,1
/media/ullmann/HDDGabriel/engines/o3de/Gems/Gestures/Code/Include/Gestures/IGestureRecognizer.h,6,0,6
/media/ullmann/HDDGabriel/engines/o3de/Gems/EMotionFX/Code/EMotionFX/Tools/EMotionStudio/Plugins/StandardPlugins/Source/AnimGraph/NodeGroupWindow.h,3,2,5
/media/ullmann/HDDGabriel/engines/o3de/Code/Editor/TrackView/CharacterKeyUIControls.cpp,0,1,1
/media/ullmann/HDDGabriel/engines/o3de/Code/Tools/AssetProcessor/native/ui/ProductAssetTreeItemData.h,4,1,5
/media/ullmann/HDDGabriel/engines/o3de/Code/Tools/AssetProcessor/native/ui/AssetTreeItem.h,6,0,6
/media/ullmann/HDDGabriel/engines/o3de/Code/Editor/SelectSequenceDialog.cpp,0,2,2
/media/ullmann/HDDGabriel/engines/o3de/Gems/DebugDraw/Code/Source/EditorDebugDrawTextComponent.h,3,2,5
/media/ullmann/HDDGabriel/engines/o3de/Gems/DebugDraw/Code/Source/EditorDebugDrawComponentCommon.h,7,0,7
/media/ullmann/HDDGabriel/engines/o3de/Gems/LmbrCentral/Code/Source/Unhandled/UI/EntityIconAssetTypeInfo.h,2,0,2
/media/ullmann/HDDGabriel/engines/o3de/Gems/EditorPythonBindings/Code/Source/EditorPythonBindingsModule.cpp,0,4,4
/media/ullmann/HDDGabriel/engines/o3de/Gems/EditorPythonBindings/Code/Source/PythonMarshalComponent.h,1,0,1
/media/ullmann/HDDGabriel/engines/o3de/Code/Editor/Export/ExportManager.h,3,0,3
/media/ullmann/HDDGabriel/engines/o3de/Gems/AWSGameLift/Code/AWSGameLiftServer/Tests/AWSGameLiftServerSystemComponentTest.cpp,0,2,2
/media/ullmann/HDDGabriel/engines/o3de/Gems/AWSGameLift/Code/AWSGameLiftServer/Tests/AWSGameLiftServerFixture.h,2,0,2
/media/ullmann/HDDGabriel/engines/o3de/Gems/AtomTressFX/External/Code/src/HairStrands.h,3,0,3
/media/ullmann/HDDGabriel/engines/o3de/Gems/LyShine/Code/Editor/SliceMenuHelpers.cpp,0,2,2
/media/ullmann/HDDGabriel/engines/o3de/Code/Tools/ProjectManager/Source/UpdateProjectCtrl.h,3,2,5
/media/ullmann/HDDGabriel/engines/o3de/Code/Tools/ProjectManager/Source/ScreenWidget.h,8,2,10
/media/ullmann/HDDGabriel/engines/o3de/Gems/LyShine/Code/Source/UiCanvasComponent.h,9,8,17
/media/ullmann/HDDGabriel/engines/o3de/Gems/LyShine/Code/Source/UiElementComponent.h,12,1,13
/media/ullmann/HDDGabriel/engines/o3de/Code/Tools/AssetProcessor/native/unittests/AssetProcessorServerUnitTests.cpp,0,2,2
/media/ullmann/HDDGabriel/engines/o3de/Code/Tools/AssetProcessor/native/unittests/UnitTestRunner.h,11,0,11
/media/ullmann/HDDGabriel/engines/o3de/Code/Framework/AzToolsFramework/AzToolsFramework/ToolsComponents/EditorEntityIconComponent.h,1,3,4
/media/ullmann/HDDGabriel/engines/o3de/Code/Framework/AzToolsFramework/AzToolsFramework/ToolsComponents/EditorInspectorComponentBus.h,2,0,2
/media/ullmann/HDDGabriel/engines/o3de/Gems/AtomTressFX/External/Code/src/Simulation.h,2,1,3
/media/ullmann/HDDGabriel/engines/o3de/Code/Editor/GameExporter.cpp,0,9,9
/media/ullmann/HDDGabriel/engines/o3de/Code/Editor/Util/CryMemFile.h,1,0,1
/media/ullmann/HDDGabriel/engines/o3de/Gems/AssetValidation/Code/Source/AssetValidationSystemComponent.cpp,0,2,2
/media/ullmann/HDDGabriel/engines/o3de/Gems/AssetValidation/Code/Source/AssetValidationSystemComponent.h,2,1,3
/media/ullmann/HDDGabriel/engines/o3de/Gems/PhysXDebug/Code/Source/EditorSystemComponent.cpp,0,1,1
/media/ullmann/HDDGabriel/engines/o3de/Gems/PhysXDebug/Code/Source/EditorSystemComponent.h,2,0,2
/media/ullmann/HDDGabriel/engines/o3de/Code/Editor/EditorViewportWidget.h,3,6,9
/media/ullmann/HDDGabriel/engines/o3de/Code/Editor/Util/PredefinedAspectRatios.h,2,0,2
/media/ullmann/HDDGabriel/engines/o3de/Gems/LmbrCentral/Code/Source/Shape/EditorQuadShapeComponent.cpp,0,4,4
/media/ullmann/HDDGabriel/engines/o3de/Gems/LmbrCentral/Code/Source/Shape/EditorQuadShapeComponent.h,2,2,4
/media/ullmann/HDDGabriel/engines/o3de/Gems/Profiler/Code/Source/ProfilerModule.cpp,0,1,1
/media/ullmann/HDDGabriel/engines/o3de/Gems/Profiler/Code/Source/ProfilerSystemComponent.h,3,1,4
/media/ullmann/HDDGabriel/engines/o3de/Code/Editor/SettingsManagerDialog.cpp,0,7,7
/media/ullmann/HDDGabriel/engines/o3de/Code/Editor/SettingsManagerDialog.h,2,0,2
/media/ullmann/HDDGabriel/engines/o3de/Gems/Maestro/Code/Source/Cinematics/EventTrack.h,3,1,4
/media/ullmann/HDDGabriel/engines/o3de/Gems/Maestro/Code/Source/Cinematics/AnimTrack.h,21,0,21
/media/ullmann/HDDGabriel/engines/o3de/Gems/Presence/Code/Source/PresenceModule.cpp,0,1,1
/media/ullmann/HDDGabriel/engines/o3de/Gems/Presence/Code/Source/PresenceSystemComponent.h,2,0,2
/media/ullmann/HDDGabriel/engines/o3de/Gems/ScriptCanvas/Code/Include/ScriptCanvas/Grammar/AbstractCodeModel.cpp,0,5,5
/media/ullmann/HDDGabriel/engines/o3de/Gems/ScriptCanvas/Code/Include/ScriptCanvas/Grammar/Primitives.h,9,2,11
/media/ullmann/HDDGabriel/engines/o3de/Gems/AudioEngineWwise/Code/Source/Engine/AudioSystemImplCVars.cpp,0,1,1
/media/ullmann/HDDGabriel/engines/o3de/Gems/AudioEngineWwise/Code/Source/Engine/AudioSystemImplCVars.h,2,0,2
/media/ullmann/HDDGabriel/engines/o3de/Code/Editor/ToolbarCustomizationDialog.h,2,1,3
/media/ullmann/HDDGabriel/engines/o3de/Code/Editor/ToolbarManager.h,5,0,5
/media/ullmann/HDDGabriel/engines/o3de/Gems/EMotionFX/Code/EMotionFX/Tools/EMotionStudio/Plugins/StandardPlugins/Source/TimeView/TrackDataHeaderWidget.cpp,0,8,8
/media/ullmann/HDDGabriel/engines/o3de/Gems/EMotionFX/Code/EMotionFX/Tools/EMotionStudio/Plugins/StandardPlugins/Source/MotionEvents/MotionEventsPlugin.h,3,3,6
/media/ullmann/HDDGabriel/engines/o3de/Gems/ScriptCanvas/Code/Include/ScriptCanvas/Libraries/Core/GetVariable.cpp,0,1,1
/media/ullmann/HDDGabriel/engines/o3de/Gems/ScriptCanvas/Code/Include/ScriptCanvas/Libraries/Core/GetVariable.h,1,0,1
/media/ullmann/HDDGabriel/engines/o3de/Gems/GradientSignal/Code/Source/GradientSignalEditorModule.cpp,0,21,21
/media/ullmann/HDDGabriel/engines/o3de/Gems/GradientSignal/Code/Source/Editor/EditorSmoothStepGradientComponent.h,2,0,2
/media/ullmann/HDDGabriel/engines/o3de/Code/Editor/Controls/ReflectedPropertyControl/ReflectedVarWrapper.cpp,0,2,2
/media/ullmann/HDDGabriel/engines/o3de/Code/Editor/Controls/ReflectedPropertyControl/ReflectedVarWrapper.h,2,1,3
/media/ullmann/HDDGabriel/engines/o3de/Gems/Vegetation/Code/Source/VegetationEditorModule.cpp,0,23,23
/media/ullmann/HDDGabriel/engines/o3de/Gems/Vegetation/Code/Source/Editor/EditorSurfaceSlopeFilterComponent.h,2,0,2
/media/ullmann/HDDGabriel/engines/o3de/Gems/AudioSystem/Code/Source/Editor/AudioControlsLoader.cpp,0,4,4
/media/ullmann/HDDGabriel/engines/o3de/Gems/AudioSystem/Code/Source/Editor/ACEEnums.h,9,0,9
/media/ullmann/HDDGabriel/engines/o3de/Gems/LyShine/Code/Source/UiTransform2dComponent.cpp,0,5,5
/media/ullmann/HDDGabriel/engines/o3de/Gems/EMotionFX/Code/MCore/Source/AttributeCreateFunctions.cpp,0,11,11
/media/ullmann/HDDGabriel/engines/o3de/Gems/AudioEngineWwise/Code/Source/Editor/AudioSystemEditor_wwise.cpp,0,2,2
/media/ullmann/HDDGabriel/engines/o3de/Gems/AudioEngineWwise/Code/Source/Editor/AudioSystemEditor_wwise.h,2,1,3
/media/ullmann/HDDGabriel/engines/o3de/Code/Editor/ToolbarManager.cpp,0,7,7
/media/ullmann/HDDGabriel/engines/o3de/Gems/EditorPythonBindings/Code/Source/PythonReflectionComponent.cpp,0,1,1
/media/ullmann/HDDGabriel/engines/o3de/Gems/EditorPythonBindings/Code/Source/PythonReflectionComponent.h,2,0,2
/media/ullmann/HDDGabriel/engines/o3de/Gems/EMotionFX/Code/Tests/AnimGraphTransitionFixture.cpp,0,1,1
/media/ullmann/HDDGabriel/engines/o3de/Gems/EMotionFX/Code/Tests/AnimGraphTransitionFixture.h,2,1,3
/media/ullmann/HDDGabriel/engines/o3de/Gems/EMotionFX/Code/EMotionFX/Source/MorphSetupInstance.h,4,2,6
/media/ullmann/HDDGabriel/engines/o3de/Gems/EMotionFX/Code/EMotionFX/Source/BaseObject.h,37,0,37
/media/ullmann/HDDGabriel/engines/o3de/Code/Legacy/CryCommon/IAudioInterfacesCommonData.h,2,0,2
/media/ullmann/HDDGabriel/engines/o3de/Code/Editor/TrackView/GotoKeyUIControls.cpp,0,2,2
/media/ullmann/HDDGabriel/engines/o3de/Gems/EMotionFX/Code/EMotionFX/Source/Motion.cpp,0,10,10
/media/ullmann/HDDGabriel/engines/o3de/Gems/EMotionFX/Code/EMotionFX/Source/MotionInstance.h,15,0,15
/media/ullmann/HDDGabriel/engines/o3de/Gems/EMotionFX/Code/EMotionFX/CommandSystem/Source/MotionSetCommands.cpp,0,2,2
/media/ullmann/HDDGabriel/engines/o3de/Gems/EMotionFX/Code/EMotionFX/CommandSystem/Source/CommandManager.h,20,1,21
/media/ullmann/HDDGabriel/engines/o3de/Gems/Atom/Feature/Common/Code/Source/CommonSystemComponent.cpp,0,58,58
/media/ullmann/HDDGabriel/engines/o3de/Gems/Atom/Feature/Common/Code/Source/SkyBox/SkyBoxFeatureProcessor.h,1,0,1
/media/ullmann/HDDGabriel/engines/o3de/Gems/EMotionFX/Code/EMotionFX/Tools/EMotionStudio/EMStudioSDK/Source/NodeHierarchyWidget.cpp,0,2,2
/media/ullmann/HDDGabriel/engines/o3de/Gems/EMotionFX/Code/EMotionFX/Tools/EMotionStudio/EMStudioSDK/Source/NodeHierarchyWidget.h,2,1,3
/media/ullmann/HDDGabriel/engines/o3de/Gems/EMotionFX/Code/EMotionFX/Source/AnimGraphObjectFactory.cpp,0,24,24
/media/ullmann/HDDGabriel/engines/o3de/Gems/EMotionFX/Code/EMotionFX/Source/AnimGraphFollowerParameterAction.h,1,0,1
/media/ullmann/HDDGabriel/engines/o3de/Gems/EMotionFX/Code/EMotionFX/Source/RepositioningLayerPass.cpp,0,8,8
/media/ullmann/HDDGabriel/engines/o3de/Gems/EMotionFX/Code/EMotionFX/Source/MotionLayerSystem.h,2,2,4
/media/ullmann/HDDGabriel/engines/o3de/Gems/LmbrCentral/Code/Source/Shape/CapsuleShapeComponent.h,5,2,7
/media/ullmann/HDDGabriel/engines/o3de/Gems/LmbrCentral/Code/Source/Shape/ShapeGeometryUtil.h,3,0,3
/media/ullmann/HDDGabriel/engines/o3de/Gems/EMotionFX/Code/EMotionFX/Tools/EMotionStudio/Plugins/StandardPlugins/Source/TimeView/TimeInfoWidget.cpp,0,3,3
/media/ullmann/HDDGabriel/engines/o3de/Gems/EMotionFX/Code/EMotionFX/Tools/EMotionStudio/Plugins/StandardPlugins/Source/TimeView/TrackDataWidget.h,3,2,5
/media/ullmann/HDDGabriel/engines/o3de/Code/Editor/GameEngine.cpp,0,11,11
/media/ullmann/HDDGabriel/engines/o3de/Gems/ExpressionEvaluation/Code/Source/ExpressionEvaluationSystemComponent.cpp,0,6,6
/media/ullmann/HDDGabriel/engines/o3de/Gems/ExpressionEvaluation/Code/Source/ExpressionEngine/Utils.h,1,0,1
/media/ullmann/HDDGabriel/engines/o3de/Code/Tools/LuaIDE/Source/LUA/WatchesPanel.cpp,0,2,2
/media/ullmann/HDDGabriel/engines/o3de/Code/Tools/LuaIDE/Source/LUA/LUAEditorDebuggerMessages.h,3,0,3
/media/ullmann/HDDGabriel/engines/o3de/Code/Editor/ViewPane.cpp,0,11,11
/media/ullmann/HDDGabriel/engines/o3de/Code/Editor/LayoutConfigDialog.h,3,1,4
/media/ullmann/HDDGabriel/engines/o3de/Gems/AudioSystem/Code/Source/Engine/AudioSystem.cpp,0,3,3
/media/ullmann/HDDGabriel/engines/o3de/Gems/AudioSystem/Code/Source/Engine/AudioProxy.h,3,0,3
/media/ullmann/HDDGabriel/engines/o3de/Gems/Atom/Feature/Common/Code/Source/Platform/Mac/Atom_Feature_Traits_Platform.h,0,1,1
/media/ullmann/HDDGabriel/engines/o3de/Gems/Atom/Feature/Common/Code/Source/Platform/Mac/Atom_Feature_Traits_Mac.h,1,0,1
/media/ullmann/HDDGabriel/engines/o3de/Gems/EMotionFX/Code/MysticQt/Source/DialogStack.cpp,0,2,2
/media/ullmann/HDDGabriel/engines/o3de/Gems/EMotionFX/Code/MysticQt/Source/MysticQtManager.h,3,1,4
/media/ullmann/HDDGabriel/engines/o3de/Gems/AudioSystem/Code/Source/Editor/ATLControlsPanel.h,2,3,5
/media/ullmann/HDDGabriel/engines/o3de/Gems/AudioSystem/Code/Source/Editor/QTreeWidgetFilter.h,5,0,5
/media/ullmann/HDDGabriel/engines/o3de/Gems/FastNoise/Code/Source/FastNoiseEditorModule.cpp,0,3,3
/media/ullmann/HDDGabriel/engines/o3de/Gems/FastNoise/Code/Source/FastNoiseEditorModule.h,1,1,2
/media/ullmann/HDDGabriel/engines/o3de/Gems/GradientSignal/Code/Source/Editor/EditorSurfaceAltitudeGradientComponent.h,2,0,2
/media/ullmann/HDDGabriel/engines/o3de/Code/Tools/LuaIDE/Source/LUA/LUAEditorContext.h,1,9,10
/media/ullmann/HDDGabriel/engines/o3de/Code/Tools/LuaIDE/Source/LUA/ClassReferencePanel.hxx,2,0,2
/media/ullmann/HDDGabriel/engines/o3de/Code/Editor/Util/GuidUtil.cpp,0,1,1
/media/ullmann/HDDGabriel/engines/o3de/Code/Editor/Util/GuidUtil.h,2,0,2
/media/ullmann/HDDGabriel/engines/o3de/Gems/RemoteTools/Code/Source/RemoteToolsModule.cpp,0,2,2
/media/ullmann/HDDGabriel/engines/o3de/Gems/RemoteTools/Code/Source/RemoteToolsSystemComponent.h,3,2,5
/media/ullmann/HDDGabriel/engines/o3de/Gems/EMotionFX/Code/EMotionFX/Source/BlendTreeConnection.h,1,0,1
/media/ullmann/HDDGabriel/engines/o3de/Code/Framework/AzToolsFramework/AzToolsFramework/ToolsComponents/EditorComponentBase.cpp,0,3,3
/media/ullmann/HDDGabriel/engines/o3de/Code/Framework/AzToolsFramework/AzToolsFramework/ToolsComponents/TransformComponent.h,2,2,4
/media/ullmann/HDDGabriel/engines/o3de/Code/Framework/AzToolsFramework/AzToolsFramework/UI/PropertyEditor/ComponentEditor.cpp,0,2,2
/media/ullmann/HDDGabriel/engines/o3de/Code/Framework/AzToolsFramework/AzToolsFramework/UI/PropertyEditor/ComponentEditorHeader.hxx,2,0,2
/media/ullmann/HDDGabriel/engines/o3de/Code/Editor/Plugins/ProjectSettingsTool/DefaultImageValidator.cpp,0,2,2
/media/ullmann/HDDGabriel/engines/o3de/Code/Editor/Plugins/ProjectSettingsTool/DefaultImageValidator.h,3,1,4
/media/ullmann/HDDGabriel/engines/o3de/Gems/Meshlets/Code/Source/Meshlets/MeshletsAssets.h,2,2,4
/media/ullmann/HDDGabriel/engines/o3de/Gems/Meshlets/Code/Source/Meshlets/MeshletsDispatchItem.h,3,0,3
/media/ullmann/HDDGabriel/engines/o3de/Code/Editor/ViewManager.cpp,0,9,9
/media/ullmann/HDDGabriel/engines/o3de/Gems/EMotionFX/Code/EMotionFX/Source/AnimGraphTransitionCondition.h,5,2,7
/media/ullmann/HDDGabriel/engines/o3de/Gems/Atom/Asset/Shader/Code/Source/Editor/PrecompiledShaderBuilder.cpp,0,2,2
/media/ullmann/HDDGabriel/engines/o3de/Gems/Atom/Asset/Shader/Code/Source/Editor/PrecompiledShaderBuilder.h,2,0,2
/media/ullmann/HDDGabriel/engines/o3de/Gems/ScriptCanvas/Code/Include/ScriptCanvas/Core/GraphBus.h,1,2,3
/media/ullmann/HDDGabriel/engines/o3de/Gems/ScriptCanvas/Code/Include/ScriptCanvas/Core/Core.h,10,0,10
/media/ullmann/HDDGabriel/engines/o3de/Gems/LmbrCentral/Code/Source/Unhandled/Other/CharacterPhysicsAssetTypeInfo.h,2,0,2
/media/ullmann/HDDGabriel/engines/o3de/Gems/Gestures/Code/Include/Gestures/GestureRecognizerPinch.h,0,1,1
/media/ullmann/HDDGabriel/engines/o3de/Code/Editor/Objects/GizmoManager.h,6,0,6
/media/ullmann/HDDGabriel/engines/o3de/Code/Framework/AzToolsFramework/AzToolsFramework/PythonTerminal/ScriptTermDialog.cpp,0,2,2
/media/ullmann/HDDGabriel/engines/o3de/Code/Framework/AzToolsFramework/AzToolsFramework/PythonTerminal/ScriptTermDialog.h,1,0,1
/media/ullmann/HDDGabriel/engines/o3de/Code/Editor/CryEdit.h,13,2,15
/media/ullmann/HDDGabriel/engines/o3de/Gems/EMotionFX/Code/EMotionFX/Source/Mesh.cpp,0,9,9
/media/ullmann/HDDGabriel/engines/o3de/Gems/Atom/Feature/Common/Code/Source/Material/ConvertEmissiveUnitFunctorSourceData.h,1,1,2
/media/ullmann/HDDGabriel/engines/o3de/Gems/Atom/Feature/Common/Code/Source/Material/ConvertEmissiveUnitFunctor.h,2,0,2
/media/ullmann/HDDGabriel/engines/o3de/Gems/LyShine/Code/Source/UiTextComponent.cpp,0,8,8
/media/ullmann/HDDGabriel/engines/o3de/Code/Tools/ProjectManager/Source/ProjectsScreen.h,2,3,5
/media/ullmann/HDDGabriel/engines/o3de/Gems/LyShine/Code/Source/UiTooltipComponent.h,4,0,4
/media/ullmann/HDDGabriel/engines/o3de/Gems/Terrain/Code/Source/EditorSurfaceTagListProvider.cpp,0,1,1
/media/ullmann/HDDGabriel/engines/o3de/Gems/Terrain/Code/Source/EditorSurfaceTagListProvider.h,1,0,1
/media/ullmann/HDDGabriel/engines/o3de/Gems/AWSMetrics/Code/Source/MetricsEventBuilder.h,2,1,3
/media/ullmann/HDDGabriel/engines/o3de/Gems/AWSMetrics/Code/Source/MetricsEvent.h,5,0,5
/media/ullmann/HDDGabriel/engines/o3de/Gems/EMotionFX/Code/MCore/Source/AttributePointer.h,2,2,4
/media/ullmann/HDDGabriel/engines/o3de/Gems/LyShine/Code/Source/UiSerialize.h,20,0,20
/media/ullmann/HDDGabriel/engines/o3de/Code/Framework/AzToolsFramework/AzToolsFramework/Manipulators/ManipulatorManager.cpp,0,2,2
/media/ullmann/HDDGabriel/engines/o3de/Code/Framework/AzToolsFramework/AzToolsFramework/Manipulators/BaseManipulator.h,8,0,8
/media/ullmann/HDDGabriel/engines/o3de/Gems/WhiteBox/Code/Source/EditorWhiteBoxSystemComponent.cpp,0,4,4
/media/ullmann/HDDGabriel/engines/o3de/Gems/WhiteBox/Code/Source/EditorWhiteBoxSystemComponent.h,2,1,3
/media/ullmann/HDDGabriel/engines/o3de/Code/Editor/2DViewport.cpp,0,10,10
/media/ullmann/HDDGabriel/engines/o3de/Code/Editor/Include/HitContext.h,2,0,2
/media/ullmann/HDDGabriel/engines/o3de/Gems/LyShine/Code/Editor/Animation/UiAnimViewSequenceManager.h,9,3,12
/media/ullmann/HDDGabriel/engines/o3de/Gems/LyShine/Code/Editor/Animation/UiEditorAnimationBus.h,19,0,19
/media/ullmann/HDDGabriel/engines/o3de/Gems/EMotionFX/Code/EMotionFX/Source/ActorInstance.cpp,0,20,20
/media/ullmann/HDDGabriel/engines/o3de/Gems/Multiplayer/Code/Source/Debug/MultiplayerDebugSystemComponent.h,0,3,3
/media/ullmann/HDDGabriel/engines/o3de/Gems/EMotionFX/Code/MCore/Source/Endian.h,1,5,6
/media/ullmann/HDDGabriel/engines/o3de/Gems/EMotionFX/Code/MCore/Source/Endian.inl,1,0,1
/media/ullmann/HDDGabriel/engines/o3de/Gems/AtomTressFX/External/Code/src/TressFX/TressFXShortCut.h,1,2,3
/media/ullmann/HDDGabriel/engines/o3de/Gems/AtomTressFX/External/Code/src/TressFX/TressFXConstantBuffers.h,3,0,3
/media/ullmann/HDDGabriel/engines/o3de/Gems/LyShine/Code/Editor/LyShineEditorSystemComponent.cpp,0,3,3
/media/ullmann/HDDGabriel/engines/o3de/Code/Editor/ToolsConfigPage.cpp,0,6,6
/media/ullmann/HDDGabriel/engines/o3de/Code/Editor/ToolBox.h,7,1,8
/media/ullmann/HDDGabriel/engines/o3de/Gems/RemoteTools/Code/Source/Utilities/RemoteToolsOutboxThread.cpp,0,1,1
/media/ullmann/HDDGabriel/engines/o3de/Gems/RemoteTools/Code/Source/Utilities/RemoteToolsOutboxThread.h,2,0,2
/media/ullmann/HDDGabriel/engines/o3de/Gems/EMotionFX/Code/EMotionFX/Tools/EMotionStudio/EMStudioSDK/Source/DockWidgetPlugin.cpp,0,4,4
/media/ullmann/HDDGabriel/engines/o3de/Gems/EMotionFX/Code/EMotionFX/Tools/EMotionStudio/EMStudioSDK/Source/DockWidgetPlugin.h,15,2,17
/media/ullmann/HDDGabriel/engines/o3de/Gems/EMotionFX/Code/EMotionFX/Source/MorphTargetStandard.cpp,0,9,9
/media/ullmann/HDDGabriel/engines/o3de/Gems/AudioSystem/Code/Source/Editor/AudioControlsEditorWindow.cpp,0,9,9
/media/ullmann/HDDGabriel/engines/o3de/Gems/AudioSystem/Code/Source/Editor/AudioControlsEditorUndo.h,6,2,8
/media/ullmann/HDDGabriel/engines/o3de/Gems/EMotionFX/Code/EMotionFX/Tools/EMotionStudio/Plugins/StandardPlugins/Source/AnimGraph/StateFilterSelectionWindow.cpp,0,3,3
/media/ullmann/HDDGabriel/engines/o3de/Gems/EMotionFX/Code/EMotionFX/Tools/EMotionStudio/Plugins/StandardPlugins/Source/AnimGraph/StateFilterSelectionWindow.h,1,1,2
/media/ullmann/HDDGabriel/engines/o3de/Gems/Atom/Feature/Common/Code/Source/OcclusionCullingPlane/OcclusionCullingPlaneFeatureProcessor.h,1,0,1
/media/ullmann/HDDGabriel/engines/o3de/Gems/LyShine/Code/Source/Draw2d.cpp,0,2,2
/media/ullmann/HDDGabriel/engines/o3de/Gems/LyShine/Code/Source/Draw2d.h,2,0,2
/media/ullmann/HDDGabriel/engines/o3de/Gems/LandscapeCanvas/Code/Source/LandscapeCanvasEditorModule.cpp,0,3,3
/media/ullmann/HDDGabriel/engines/o3de/Gems/LandscapeCanvas/Code/Source/EditorLandscapeCanvasComponent.h,2,0,2
/media/ullmann/HDDGabriel/engines/o3de/Gems/EMotionFX/Code/MCore/Source/FastMath.h,7,2,9
/media/ullmann/HDDGabriel/engines/o3de/Gems/EMotionFX/Code/MCore/Source/FastMath.inl,1,0,1
/media/ullmann/HDDGabriel/engines/o3de/Gems/WhiteBox/Code/Source/Viewport/WhiteBoxPolygonTranslationModifier.cpp,0,1,1
/media/ullmann/HDDGabriel/engines/o3de/Gems/WhiteBox/Code/Source/Viewport/WhiteBoxPolygonTranslationModifier.h,1,0,1
/media/ullmann/HDDGabriel/engines/o3de/Code/Tools/ProjectManager/Source/ProjectButtonWidget.h,3,2,5
/media/ullmann/HDDGabriel/engines/o3de/Code/Tools/ProjectManager/Source/ProjectInfo.h,14,0,14
/media/ullmann/HDDGabriel/engines/o3de/Gems/EMotionFX/Code/Tests/AnimGraphFuzzTests.cpp,0,1,1
/media/ullmann/HDDGabriel/engines/o3de/Gems/EMotionFX/Code/EMotionFX/Source/BlendTreeVector4DecomposeNode.cpp,0,1,1
/media/ullmann/HDDGabriel/engines/o3de/Gems/EMotionFX/Code/EMotionFX/Source/BlendTreeVector4DecomposeNode.h,1,2,3
/media/ullmann/HDDGabriel/engines/o3de/Gems/DebugDraw/Code/Source/DebugDrawModule.cpp,0,11,11
/media/ullmann/HDDGabriel/engines/o3de/Gems/DebugDraw/Code/Source/DebugDrawObbComponent.h,4,0,4
/media/ullmann/HDDGabriel/engines/o3de/Gems/ExpressionEvaluation/Code/Source/ExpressionPrimitivesSerializers.inl,1,0,1
/media/ullmann/HDDGabriel/engines/o3de/Gems/Atom/RHI/Metal/Code/Source/Platform/Windows/Metal_Traits_Platform.h,0,1,1
/media/ullmann/HDDGabriel/engines/o3de/Gems/Atom/RHI/Metal/Code/Source/Platform/Windows/Metal_Traits_Windows.h,1,0,1
/media/ullmann/HDDGabriel/engines/o3de/Gems/Terrain/Code/Source/EditorTerrainModule.cpp,0,11,11
/media/ullmann/HDDGabriel/engines/o3de/Gems/Terrain/Code/Source/TerrainRenderer/EditorComponents/EditorTerrainSurfaceMaterialsListComponent.h,1,0,1
/media/ullmann/HDDGabriel/engines/o3de/Gems/ScriptCanvasPhysics/Code/Source/ScriptCanvasPhysicsModule.cpp,0,1,1
/media/ullmann/HDDGabriel/engines/o3de/Gems/ScriptCanvasPhysics/Code/Source/ScriptCanvasPhysicsSystemComponent.h,2,0,2
/media/ullmann/HDDGabriel/engines/o3de/Gems/PhysX/Code/Editor/ColliderOffsetMode.cpp,0,1,1
/media/ullmann/HDDGabriel/engines/o3de/Gems/PhysX/Code/Editor/ColliderOffsetMode.h,2,0,2
/media/ullmann/HDDGabriel/engines/o3de/Gems/EMotionFX/Code/EMotionFX/Source/BlendTreeRangeRemapperNode.h,1,2,3
/media/ullmann/HDDGabriel/engines/o3de/Gems/ScriptEvents/Code/Include/ScriptEvents/ScriptEvent.cpp,0,3,3
/media/ullmann/HDDGabriel/engines/o3de/Gems/ScriptEvents/Code/Include/ScriptEvents/ScriptEvent.h,4,1,5
/media/ullmann/HDDGabriel/engines/o3de/Gems/EMotionFX/Code/MCore/Source/AttributeQuaternion.h,2,4,6
/media/ullmann/HDDGabriel/engines/o3de/Gems/EMotionFX/Code/MCore/Source/Vector.h,9,3,12
/media/ullmann/HDDGabriel/engines/o3de/Code/Framework/AzFramework/AzFramework/UnitTest/TestDebugDisplayRequests.cpp,0,1,1
/media/ullmann/HDDGabriel/engines/o3de/Code/Framework/AzFramework/AzFramework/UnitTest/TestDebugDisplayRequests.h,1,0,1
/media/ullmann/HDDGabriel/engines/o3de/Code/Editor/TrackView/TrackViewNodeFactories.cpp,0,2,2
/media/ullmann/HDDGabriel/engines/o3de/Code/Editor/TrackView/TrackViewNodeFactories.h,3,0,3
/media/ullmann/HDDGabriel/engines/o3de/Gems/Microphone/Code/Source/MicrophoneSystemComponent.cpp,0,1,1
/media/ullmann/HDDGabriel/engines/o3de/Gems/Microphone/Code/Source/MicrophoneSystemComponent.h,2,0,2
/media/ullmann/HDDGabriel/engines/o3de/Gems/LmbrCentral/Code/Tests/SpawnerComponentTest.cpp,0,1,1
/media/ullmann/HDDGabriel/engines/o3de/Gems/LmbrCentral/Code/Tests/LmbrCentralReflectionTest.h,7,0,7
/media/ullmann/HDDGabriel/engines/o3de/Gems/Vegetation/Code/Source/VegetationModule.cpp,0,26,26
/media/ullmann/HDDGabriel/engines/o3de/Gems/Vegetation/Code/Source/Components/PositionModifierComponent.h,2,0,2
/media/ullmann/HDDGabriel/engines/o3de/Gems/ScriptCanvas/Code/Include/ScriptCanvas/Libraries/Deprecated/UnitTesting/UnitTesting.cpp,0,1,1
/media/ullmann/HDDGabriel/engines/o3de/Gems/ScriptCanvas/Code/Include/ScriptCanvas/Libraries/Deprecated/UnitTesting/UnitTesting.h,1,0,1
/media/ullmann/HDDGabriel/engines/o3de/Gems/Atom/RHI/Vulkan/Code/Source/Platform/Android/Vulkan_Traits_Platform.h,0,1,1
/media/ullmann/HDDGabriel/engines/o3de/Gems/Atom/RHI/Vulkan/Code/Source/Platform/Android/Vulkan_Traits_Android.h,1,0,1
/media/ullmann/HDDGabriel/engines/o3de/Gems/ImGui/External/ImGui/v1.82/imgui/misc/single_file/imgui_single_file.h,0,6,6
/media/ullmann/HDDGabriel/engines/o3de/Gems/ImGui/External/ImGui/v1.82/imgui/imgui_draw.cpp,1,5,6
/media/ullmann/HDDGabriel/engines/o3de/Gems/LmbrCentral/Code/Source/Builders/CopyDependencyBuilder/FontBuilderWorker/FontBuilderWorker.cpp,0,1,1
/media/ullmann/HDDGabriel/engines/o3de/Gems/AudioSystem/Code/Source/Editor/AudioControlsEditorPlugin.h,12,3,15
/media/ullmann/HDDGabriel/engines/o3de/Code/Editor/Controls/TimelineCtrl.cpp,0,1,1
/media/ullmann/HDDGabriel/engines/o3de/Code/Editor/Controls/TimelineCtrl.h,3,1,4
/media/ullmann/HDDGabriel/engines/o3de/Gems/EMotionFX/Code/EMotionFX/Source/Actor.h,29,4,33
/media/ullmann/HDDGabriel/engines/o3de/Gems/ScriptCanvas/Code/Editor/View/Widgets/PropertyGrid.cpp,0,1,1
/media/ullmann/HDDGabriel/engines/o3de/Gems/ScriptCanvas/Code/Editor/View/Widgets/PropertyGrid.h,2,1,3
/media/ullmann/HDDGabriel/engines/o3de/Code/Legacy/CryCommon/Cry_Color.h,6,2,8
/media/ullmann/HDDGabriel/engines/o3de/Code/Editor/EditorViewportWidget.cpp,0,24,24
/media/ullmann/HDDGabriel/engines/o3de/Gems/ScriptCanvas/Code/Include/ScriptCanvas/Core/Connection.cpp,0,4,4
/media/ullmann/HDDGabriel/engines/o3de/Gems/ScriptCanvas/Code/Include/ScriptCanvas/Core/Connection.h,1,3,4
/media/ullmann/HDDGabriel/engines/o3de/Gems/EMotionFX/Code/EMotionFX/Source/AnimGraphInstance.h,24,0,24
/media/ullmann/HDDGabriel/engines/o3de/Gems/LyShine/Code/Editor/CanvasSizeToolbarSection.cpp,0,2,2
/media/ullmann/HDDGabriel/engines/o3de/Gems/LyShine/Code/Editor/CommandCanvasSize.h,2,0,2
/media/ullmann/HDDGabriel/engines/o3de/Gems/EMotionFX/Code/EMotionFX/Source/Importer/ChunkProcessors.cpp,0,25,25
/media/ullmann/HDDGabriel/engines/o3de/Gems/EMotionFX/Code/EMotionFX/Source/Importer/Importer.h,6,1,7
/media/ullmann/HDDGabriel/engines/o3de/Code/Tools/LuaIDE/Source/LUA/LUAEditorMainWindow.cpp,0,9,9
/media/ullmann/HDDGabriel/engines/o3de/Code/Tools/LuaIDE/Source/LUA/WatchesPanel.hxx,2,3,5
/media/ullmann/HDDGabriel/engines/o3de/Code/Editor/LayoutWnd.h,6,1,7
/media/ullmann/HDDGabriel/engines/o3de/Gems/EMotionFX/Code/EMotionFX/Source/BlendTreeFloatConditionNode.cpp,0,2,2
/media/ullmann/HDDGabriel/engines/o3de/Gems/EMotionFX/Code/EMotionFX/Source/BlendTreeFloatConditionNode.h,1,2,3
/media/ullmann/HDDGabriel/engines/o3de/Gems/LyShine/Code/Editor/Animation/UiAnimUndoManager.h,4,0,4
/media/ullmann/HDDGabriel/engines/o3de/Gems/EMotionFX/Code/EMotionFX/Tools/EMotionStudio/Plugins/StandardPlugins/Source/AnimGraph/NodePaletteWidget.cpp,0,3,3
/media/ullmann/HDDGabriel/engines/o3de/Gems/EMotionFX/Code/EMotionFX/Tools/EMotionStudio/EMStudioSDK/Source/EMStudioManager.h,40,6,46
/media/ullmann/HDDGabriel/engines/o3de/Gems/ScriptCanvas/Code/Include/ScriptCanvas/Core/Contract.cpp,0,2,2
/media/ullmann/HDDGabriel/engines/o3de/Gems/ScriptCanvas/Code/Include/ScriptCanvas/Core/Contract.h,2,0,2
/media/ullmann/HDDGabriel/engines/o3de/Gems/LyShine/Code/Source/UiCanvasComponent.cpp,0,11,11
/media/ullmann/HDDGabriel/engines/o3de/Gems/LyShine/Code/Source/UiTransform2dComponent.h,6,1,7
/media/ullmann/HDDGabriel/engines/o3de/Gems/AudioSystem/Code/Source/Editor/QConnectionsWidget.cpp,0,5,5
/media/ullmann/HDDGabriel/engines/o3de/Gems/AudioSystem/Code/Source/Editor/ImplementationManager.h,6,0,6
/media/ullmann/HDDGabriel/engines/o3de/Gems/Atom/RHI/Metal/Code/Source/Platform/Android/Metal_Traits_Platform.h,0,1,1
/media/ullmann/HDDGabriel/engines/o3de/Gems/Atom/RHI/Metal/Code/Source/Platform/Android/Metal_Traits_Android.h,1,0,1
/media/ullmann/HDDGabriel/engines/o3de/Code/Editor/IEditorImpl.h,3,5,8
/media/ullmann/HDDGabriel/engines/o3de/Gems/AssetValidation/Code/Source/AssetSeedUtil.h,2,0,2
/media/ullmann/HDDGabriel/engines/o3de/Gems/EMotionFX/Code/EMotionFX/Source/AnimGraphPose.cpp,0,4,4
/media/ullmann/HDDGabriel/engines/o3de/Code/Framework/AzCore/Tests/AZStd/Hashed.cpp,0,1,1
/media/ullmann/HDDGabriel/engines/o3de/Code/Framework/AzCore/Tests/AZStd/UserTypes.h,34,0,34
/media/ullmann/HDDGabriel/engines/o3de/Gems/EMotionFX/Code/MCore/Source/StringIdPool.cpp,0,2,2
/media/ullmann/HDDGabriel/engines/o3de/Gems/EMotionFX/Code/MCore/Source/LogManager.h,9,2,11
/media/ullmann/HDDGabriel/engines/o3de/Gems/DebugDraw/Code/Source/EditorDebugDrawLineComponent.h,3,2,5
/media/ullmann/HDDGabriel/engines/o3de/Gems/DebugDraw/Code/Source/DebugDrawLineComponent.h,4,0,4
/media/ullmann/HDDGabriel/engines/o3de/Gems/ScriptCanvasDeveloper/Code/Editor/Source/EditorAutomationTestDialog.cpp,0,7,7
/media/ullmann/HDDGabriel/engines/o3de/Gems/ScriptCanvasDeveloper/Code/Editor/Source/EditorAutomationTests/InteractionTests.h,1,0,1
/media/ullmann/HDDGabriel/engines/o3de/Gems/Gestures/Code/Source/InputChannelGestureDrag.cpp,0,1,1
/media/ullmann/HDDGabriel/engines/o3de/Gems/Gestures/Code/Source/InputChannelGestureDrag.h,2,1,3
/media/ullmann/HDDGabriel/engines/o3de/Gems/Vegetation/Code/Source/Editor/EditorLevelSettingsComponent.cpp,0,1,1
/media/ullmann/HDDGabriel/engines/o3de/Gems/Vegetation/Code/Source/Editor/EditorLevelSettingsComponent.h,2,0,2
/media/ullmann/HDDGabriel/engines/o3de/Gems/LyShine/Code/Editor/EditorWindow.h,3,6,9
/media/ullmann/HDDGabriel/engines/o3de/Gems/LyShine/Code/Editor/UiSliceManager.h,2,2,4
/media/ullmann/HDDGabriel/engines/o3de/Gems/EMotionFX/Code/MCore/Source/CommandGroup.h,2,3,5
/media/ullmann/HDDGabriel/engines/o3de/Gems/EMotionFX/Code/MCore/Source/Command.h,4,3,7
/media/ullmann/HDDGabriel/engines/o3de/Gems/EMotionFX/Code/Tests/ActorBuilderTests.cpp,0,1,1
/media/ullmann/HDDGabriel/engines/o3de/Gems/EMotionFX/Code/Tests/InitSceneAPIFixture.h,2,1,3
/media/ullmann/HDDGabriel/engines/o3de/Code/Legacy/CrySystem/SystemWin32.cpp,0,6,6
/media/ullmann/HDDGabriel/engines/o3de/Code/Legacy/CrySystem/IDebugCallStack.h,3,1,4
/media/ullmann/HDDGabriel/engines/o3de/Code/Editor/Plugins/ComponentEntityEditorPlugin/ComponentEntityEditorPlugin.cpp,0,7,7
/media/ullmann/HDDGabriel/engines/o3de/Code/Editor/Plugins/ComponentEntityEditorPlugin/UI/QComponentEntityEditorOutlinerWindow.h,1,0,1
/media/ullmann/HDDGabriel/engines/o3de/Gems/EMotionFX/Code/EMotionFX/Source/Recorder.cpp,0,14,14
/media/ullmann/HDDGabriel/engines/o3de/Gems/EMotionFX/Code/EMotionFX/Source/TransformData.h,15,3,18
/media/ullmann/HDDGabriel/engines/o3de/Code/Framework/AzQtComponents/AzQtComponents/Gallery/TableViewPage.cpp,0,1,1
/media/ullmann/HDDGabriel/engines/o3de/Code/Framework/AzQtComponents/AzQtComponents/Gallery/TableViewPage.h,2,0,2
/media/ullmann/HDDGabriel/engines/o3de/Code/Editor/Controls/ReflectedPropertyControl/ReflectedPropertyCtrl.cpp,0,1,1
/media/ullmann/HDDGabriel/engines/o3de/Code/Editor/Controls/ReflectedPropertyControl/ReflectedPropertyCtrl.h,3,2,5
/media/ullmann/HDDGabriel/engines/o3de/Gems/LyShine/Code/Source/Animation/EventNode.h,3,1,4
/media/ullmann/HDDGabriel/engines/o3de/Gems/LyShine/Code/Source/Animation/AnimNode.h,3,1,4
/media/ullmann/HDDGabriel/engines/o3de/Gems/LmbrCentral/Code/Source/Shape/ShapeComponentConverters.cpp,0,1,1
/media/ullmann/HDDGabriel/engines/o3de/Gems/PhysX/Code/Editor/ColliderComponentMode.cpp,0,7,7
/media/ullmann/HDDGabriel/engines/o3de/Gems/PhysX/Code/Editor/ColliderBoxMode.h,2,0,2
/media/ullmann/HDDGabriel/engines/o3de/Gems/Vegetation/Code/Source/Editor/EditorShapeIntersectionFilterComponent.cpp,0,1,1
/media/ullmann/HDDGabriel/engines/o3de/Gems/Vegetation/Code/Source/Editor/EditorShapeIntersectionFilterComponent.h,2,0,2
/media/ullmann/HDDGabriel/engines/o3de/Gems/Maestro/Code/Source/Cinematics/CompoundSplineTrack.cpp,0,2,2
/media/ullmann/HDDGabriel/engines/o3de/Gems/Maestro/Code/Source/Cinematics/AnimSplineTrack.h,6,2,8
/media/ullmann/HDDGabriel/engines/o3de/Code/Framework/AzQtComponents/AzQtComponents/Gallery/ScrollBarPage.cpp,0,1,1
/media/ullmann/HDDGabriel/engines/o3de/Code/Framework/AzQtComponents/AzQtComponents/Gallery/ScrollBarPage.h,2,0,2
/media/ullmann/HDDGabriel/engines/o3de/Code/Editor/DisplaySettings.h,11,0,11
/media/ullmann/HDDGabriel/engines/o3de/Gems/LyShine/Code/Source/Animation/UiAnimSerialize.cpp,0,8,8
/media/ullmann/HDDGabriel/engines/o3de/Gems/LyShine/Code/Source/Animation/UiAnimationSystem.h,7,0,7
/media/ullmann/HDDGabriel/engines/o3de/Code/Legacy/CryCommon/SimpleSerialize.h,0,3,3
/media/ullmann/HDDGabriel/engines/o3de/Code/Legacy/CryCommon/SerializationTypes.h,2,0,2
/media/ullmann/HDDGabriel/engines/o3de/Gems/LmbrCentral/Code/Source/Shape/DiskShapeComponent.h,4,1,5
/media/ullmann/HDDGabriel/engines/o3de/Code/Editor/EditorPreferencesDialog.cpp,0,18,18
/media/ullmann/HDDGabriel/engines/o3de/Code/Editor/CryEditDoc.h,10,2,12
/media/ullmann/HDDGabriel/engines/o3de/Gems/Multiplayer/Code/Source/MultiplayerSystemComponent.cpp,0,7,7
/media/ullmann/HDDGabriel/engines/o3de/Gems/Multiplayer/Code/Source/ConnectionData/ServerToClientConnectionData.h,1,0,1
/media/ullmann/HDDGabriel/engines/o3de/Code/Framework/AzToolsFramework/AzToolsFramework/Manipulators/ManipulatorSpace.cpp,0,1,1
/media/ullmann/HDDGabriel/engines/o3de/Code/Framework/AzToolsFramework/AzToolsFramework/Manipulators/ManipulatorSpace.h,1,0,1
/media/ullmann/HDDGabriel/engines/o3de/Gems/ImGui/Code/Source/LYCommonMenu/ImGuiLYEntityOutliner.cpp,0,1,1
/media/ullmann/HDDGabriel/engines/o3de/Gems/ImGui/Code/Source/LYCommonMenu/ImGuiLYEntityOutliner.h,2,0,2
/media/ullmann/HDDGabriel/engines/o3de/Code/Editor/ViewportTitleDlg.cpp,0,14,14
/media/ullmann/HDDGabriel/engines/o3de/Gems/PhysX/Code/Tests/PhysXTestUtil.cpp,0,1,1
/media/ullmann/HDDGabriel/engines/o3de/Gems/PhysX/Code/Tests/PhysXTestUtil.h,4,0,4
/media/ullmann/HDDGabriel/engines/o3de/Code/Framework/AzToolsFramework/AzToolsFramework/Manipulators/AngularManipulatorCircleViewFeedback.cpp,0,1,1
/media/ullmann/HDDGabriel/engines/o3de/Code/Framework/AzToolsFramework/AzToolsFramework/Manipulators/AngularManipulatorCircleViewFeedback.h,1,0,1
/media/ullmann/HDDGabriel/engines/o3de/Code/Tools/ProjectManager/Source/UpdateProjectCtrl.cpp,0,11,11
/media/ullmann/HDDGabriel/engines/o3de/Code/Tools/ProjectManager/Source/SettingsInterface.h,7,1,8
/media/ullmann/HDDGabriel/engines/o3de/Gems/EMotionFX/Code/MCore/Source/CompressedFloat.h,0,3,3
/media/ullmann/HDDGabriel/engines/o3de/Gems/EMotionFX/Code/MCore/Source/CompressedFloat.inl,1,0,1
/media/ullmann/HDDGabriel/engines/o3de/Gems/GraphCanvas/Code/Source/Components/Nodes/Group/CollapsedNodeGroupComponent.h,2,0,2
/media/ullmann/HDDGabriel/engines/o3de/Gems/EMotionFX/Code/MCore/Source/AttributeString.h,2,2,4
/media/ullmann/HDDGabriel/engines/o3de/Code/Editor/CryEdit.cpp,0,42,42
/media/ullmann/HDDGabriel/engines/o3de/Gems/LyShine/Code/Source/RenderGraph.h,8,3,11
/media/ullmann/HDDGabriel/engines/o3de/Gems/LyShine/Code/Source/UiGameEntityContext.cpp,0,1,1
/media/ullmann/HDDGabriel/engines/o3de/Gems/LyShine/Code/Source/UiGameEntityContext.h,3,0,3
/media/ullmann/HDDGabriel/engines/o3de/Gems/WhiteBox/Code/Source/WhiteBoxComponent.cpp,0,4,4
/media/ullmann/HDDGabriel/engines/o3de/Gems/Atom/Tools/AtomToolsFramework/Code/Source/Platform/Linux/AtomToolsFramework_Traits_Platform.h,0,1,1
/media/ullmann/HDDGabriel/engines/o3de/Gems/Atom/Tools/AtomToolsFramework/Code/Source/Platform/Linux/AtomToolsFramework_Traits_Linux.h,1,0,1
/media/ullmann/HDDGabriel/engines/o3de/Gems/Vegetation/Code/Source/Editor/EditorSurfaceAltitudeFilterComponent.cpp,0,1,1
/media/ullmann/HDDGabriel/engines/o3de/Gems/Vegetation/Code/Source/Editor/EditorSurfaceAltitudeFilterComponent.h,2,0,2
/media/ullmann/HDDGabriel/engines/o3de/Code/Editor/ActionManager.cpp,0,6,6
/media/ullmann/HDDGabriel/engines/o3de/Code/Editor/ActionManager.h,10,0,10
/media/ullmann/HDDGabriel/engines/o3de/Code/Tools/ProjectManager/Source/ProjectSettingsScreen.cpp,0,5,5
/media/ullmann/HDDGabriel/engines/o3de/Code/Tools/ProjectManager/Source/FormFolderBrowseEditWidget.h,4,1,5
/media/ullmann/HDDGabriel/engines/o3de/Gems/EditorPythonBindings/Code/Tests/PythonProxyObjectTests.cpp,0,2,2
/media/ullmann/HDDGabriel/engines/o3de/Gems/EditorPythonBindings/Code/Tests/PythonTraceMessageSink.h,16,0,16
/media/ullmann/HDDGabriel/engines/o3de/Code/Framework/AzQtComponents/AzQtComponents/Gallery/TabWidgetPage.cpp,0,1,1
/media/ullmann/HDDGabriel/engines/o3de/Gems/MultiplayerCompression/Code/Source/MultiplayerCompressionFactory.cpp,0,2,2
/media/ullmann/HDDGabriel/engines/o3de/Gems/MultiplayerCompression/Code/Source/LZ4Compressor.h,3,0,3
/media/ullmann/HDDGabriel/engines/o3de/Gems/EMotionFX/Code/EMotionFX/Source/EventHandler.h,7,9,16
/media/ullmann/HDDGabriel/engines/o3de/Gems/ScriptCanvas/Code/Include/ScriptCanvas/Translation/GraphToX.cpp,0,1,1
/media/ullmann/HDDGabriel/engines/o3de/Gems/LyShine/Code/Source/UiLayoutManager.cpp,0,1,1
/media/ullmann/HDDGabriel/engines/o3de/Gems/LyShine/Code/Source/UiLayoutManager.h,2,0,2
/media/ullmann/HDDGabriel/engines/o3de/Gems/RecastNavigation/Code/Source/RecastNavigationModuleInterface.h,2,4,6
/media/ullmann/HDDGabriel/engines/o3de/Gems/RecastNavigation/Code/Source/Components/RecastNavigationPhysXProviderComponent.h,2,0,2
/media/ullmann/HDDGabriel/engines/o3de/Code/Tools/AssetProcessor/native/unittests/FileWatcherUnitTests.cpp,0,1,1
/media/ullmann/HDDGabriel/engines/o3de/Code/Tools/AssetProcessor/native/unittests/FileWatcherUnitTests.h,1,1,2
/media/ullmann/HDDGabriel/engines/o3de/Code/Editor/Plugins/ProjectSettingsTool/ValidationHandler.h,7,0,7
/media/ullmann/HDDGabriel/engines/o3de/Code/Tools/SerializeContextTools/SliceConverter.cpp,0,4,4
/media/ullmann/HDDGabriel/engines/o3de/Code/Tools/SerializeContextTools/Application.h,6,0,6
/media/ullmann/HDDGabriel/engines/o3de/Code/Framework/AzToolsFramework/AzToolsFramework/UI/LegacyFramework/Core/EditorFrameworkAPI.cpp,0,1,1
/media/ullmann/HDDGabriel/engines/o3de/Code/Framework/AzToolsFramework/AzToolsFramework/UI/LegacyFramework/Core/EditorFrameworkAPI.h,3,0,3
/media/ullmann/HDDGabriel/engines/o3de/Gems/LyShine/Code/Editor/Animation/UiAVEventsDialog.cpp,0,4,4
/media/ullmann/HDDGabriel/engines/o3de/Gems/LyShine/Code/Editor/Animation/UiAVEventsDialog.h,3,0,3
/media/ullmann/HDDGabriel/engines/o3de/Gems/LyShine/Code/Editor/ViewportAddGuideInteraction.h,2,2,4
/media/ullmann/HDDGabriel/engines/o3de/Gems/LyShine/Code/Editor/ViewportDragInteraction.h,4,0,4
/media/ullmann/HDDGabriel/engines/o3de/Code/Editor/Viewport.cpp,0,10,10
/media/ullmann/HDDGabriel/engines/o3de/Gems/ScriptCanvas/Code/Include/ScriptCanvas/Core/Datum.cpp,0,2,2
/media/ullmann/HDDGabriel/engines/o3de/Gems/ScriptCanvas/Code/Include/ScriptCanvas/Core/Datum.h,1,0,1
/media/ullmann/HDDGabriel/engines/o3de/Gems/EMotionFX/Code/EMotionFX/Source/BlendTreeVector3ComposeNode.h,1,2,3
/media/ullmann/HDDGabriel/engines/o3de/Code/Editor/WaitProgress.cpp,0,5,5
/media/ullmann/HDDGabriel/engines/o3de/Gems/LmbrCentral/Code/Source/LmbrCentralEditor.h,1,1,2
/media/ullmann/HDDGabriel/engines/o3de/Gems/LmbrCentral/Code/Source/LmbrCentral.h,2,0,2
/media/ullmann/HDDGabriel/engines/o3de/Gems/Atom/Feature/Common/Code/Source/Debug/RenderDebugFeatureProcessor.h,1,0,1
/media/ullmann/HDDGabriel/engines/o3de/Gems/EMotionFX/Code/EMotionFX/Source/BlendTreeFloatSwitchNode.cpp,0,2,2
/media/ullmann/HDDGabriel/engines/o3de/Gems/Maestro/Code/Source/MaestroModule.cpp,0,5,5
/media/ullmann/HDDGabriel/engines/o3de/Gems/Maestro/Code/Source/Components/EditorSequenceComponent.h,2,2,4
/media/ullmann/HDDGabriel/engines/o3de/Code/Tools/AssetProcessor/native/unittests/AssetScannerUnitTests.cpp,0,1,1
/media/ullmann/HDDGabriel/engines/o3de/Code/Tools/AssetProcessor/native/unittests/AssetScannerUnitTests.h,1,0,1
/media/ullmann/HDDGabriel/engines/o3de/Gems/LyShine/Code/Editor/ViewportWidget.cpp,0,9,9
/media/ullmann/HDDGabriel/engines/o3de/Gems/LyShine/Code/Editor/CanvasHelpers.h,10,0,10
/media/ullmann/HDDGabriel/engines/o3de/Gems/LyShine/Code/Editor/ModeToolbar.cpp,0,2,2
/media/ullmann/HDDGabriel/engines/o3de/Gems/LmbrCentral/Code/Source/Shape/EditorTubeShapeComponent.cpp,0,5,5
/media/ullmann/HDDGabriel/engines/o3de/Gems/LmbrCentral/Code/Source/Shape/ShapeDisplay.h,9,0,9
/media/ullmann/HDDGabriel/engines/o3de/Code/Tools/ProjectManager/Source/UpdateProjectSettingsScreen.h,3,1,4
/media/ullmann/HDDGabriel/engines/o3de/Code/Tools/ProjectManager/Source/ProjectSettingsScreen.h,3,2,5
/media/ullmann/HDDGabriel/engines/o3de/Gems/AudioEngineWwise/Code/Platform/Linux/FileIOHandler_wwise_Platform.h,0,1,1
/media/ullmann/HDDGabriel/engines/o3de/Gems/AudioEngineWwise/Code/Platform/Common/Default/FileIOHandler_wwise_Default.h,5,0,5
/media/ullmann/HDDGabriel/engines/o3de/Gems/MotionMatching/Code/Source/MotionMatchingEditorModule.cpp,0,2,2
/media/ullmann/HDDGabriel/engines/o3de/Gems/MotionMatching/Code/Source/MotionMatchingModuleInterface.h,2,1,3
/media/ullmann/HDDGabriel/engines/o3de/Code/Tools/LuaIDE/Source/LUA/BreakpointPanel.hxx,1,1,2
/media/ullmann/HDDGabriel/engines/o3de/Code/Tools/LuaIDE/Source/LUA/LUABreakpointTrackerMessages.h,7,0,7
/media/ullmann/HDDGabriel/engines/o3de/Gems/EMotionFX/Code/EMotionFX/Source/Motion.h,3,4,7
/media/ullmann/HDDGabriel/engines/o3de/Gems/EMotionFX/Code/EMotionFX/Source/EMotionFXManager.h,19,3,22
/media/ullmann/HDDGabriel/engines/o3de/Gems/EMotionFX/Code/EMotionFX/Source/SingleThreadScheduler.cpp,0,5,5
/media/ullmann/HDDGabriel/engines/o3de/Gems/EMotionFX/Code/EMotionFX/Source/ActorManager.h,8,3,11
/media/ullmann/HDDGabriel/engines/o3de/Gems/Atom/Feature/Common/Code/Source/Platform/Android/Atom_Feature_Traits_Platform.h,0,1,1
/media/ullmann/HDDGabriel/engines/o3de/Gems/Atom/Feature/Common/Code/Source/Platform/Android/Atom_Feature_Traits_Android.h,1,0,1
/media/ullmann/HDDGabriel/engines/o3de/Code/Editor/MainStatusBar.cpp,0,4,4
/media/ullmann/HDDGabriel/engines/o3de/Code/Editor/ProcessInfo.h,4,0,4
/media/ullmann/HDDGabriel/engines/o3de/Code/Legacy/CrySystem/System.cpp,0,10,10
/media/ullmann/HDDGabriel/engines/o3de/Code/Legacy/CrySystem/RemoteConsole/RemoteConsole.h,2,0,2
/media/ullmann/HDDGabriel/engines/o3de/Code/Editor/LayoutWnd.cpp,0,6,6
/media/ullmann/HDDGabriel/engines/o3de/Code/Editor/QtViewPaneManager.h,9,4,13
/media/ullmann/HDDGabriel/engines/o3de/Gems/ImGui/External/ImGui/v1.82/imgui/imgui.cpp,1,3,4
/media/ullmann/HDDGabriel/engines/o3de/Gems/ImGui/External/ImGui/v1.82/imgui/imgui_internal.h,4,1,5
/media/ullmann/HDDGabriel/engines/o3de/Code/Editor/NewLevelDialog.h,2,0,2
/media/ullmann/HDDGabriel/engines/o3de/Code/Framework/AzToolsFramework/AzToolsFramework/UI/LegacyFramework/Core/EditorFrameworkApplication.cpp,0,1,1
/media/ullmann/HDDGabriel/engines/o3de/Code/Framework/AzToolsFramework/AzToolsFramework/UI/LegacyFramework/Core/EditorFrameworkApplication.h,1,1,2
/media/ullmann/HDDGabriel/engines/o3de/Gems/Maestro/Code/Source/Cinematics/ConsoleTrack.cpp,0,1,1
/media/ullmann/HDDGabriel/engines/o3de/Gems/Maestro/Code/Source/Cinematics/ConsoleTrack.h,3,1,4
/media/ullmann/HDDGabriel/engines/o3de/Gems/Vegetation/Code/Source/Editor/EditorSpawnerComponent.h,2,0,2
/media/ullmann/HDDGabriel/engines/o3de/Gems/GraphCanvas/Code/Source/GraphCanvasEditorModule.cpp,0,44,44
/media/ullmann/HDDGabriel/engines/o3de/Code/Editor/GameExporter.h,3,2,5
/media/ullmann/HDDGabriel/engines/o3de/Code/Editor/Util/PakFile.h,3,0,3
/media/ullmann/HDDGabriel/engines/o3de/Gems/EMotionFX/Code/MCore/Source/StringConversions.h,12,0,12
/media/ullmann/HDDGabriel/engines/o3de/Code/Editor/Settings.cpp,0,5,5
/media/ullmann/HDDGabriel/engines/o3de/Gems/AudioSystem/Code/Source/Engine/ATL.h,2,3,5
/media/ullmann/HDDGabriel/engines/o3de/Gems/AudioSystem/Code/Source/Engine/FileCacheManager.h,3,1,4
/media/ullmann/HDDGabriel/engines/o3de/Gems/ScriptCanvas/Code/Include/ScriptCanvas/Execution/Interpreted/ExecutionInterpretedAPI.cpp,0,7,7
/media/ullmann/HDDGabriel/engines/o3de/Gems/ScriptCanvas/Code/Include/ScriptCanvas/Execution/Interpreted/ExecutionInterpretedComponentAPI.h,2,0,2
/media/ullmann/HDDGabriel/engines/o3de/Code/Editor/ToolBox.cpp,0,4,4
/media/ullmann/HDDGabriel/engines/o3de/Code/Editor/GenericSelectItemDialog.cpp,0,2,2
/media/ullmann/HDDGabriel/engines/o3de/Code/Editor/GenericSelectItemDialog.h,4,1,5
/media/ullmann/HDDGabriel/engines/o3de/Gems/LmbrCentral/Code/Tests/QuadShapeTest.cpp,0,1,1
/media/ullmann/HDDGabriel/engines/o3de/Gems/LmbrCentral/Code/Tests/ShapeThreadsafeTest.h,11,0,11
/media/ullmann/HDDGabriel/engines/o3de/Gems/WhiteBox/Code/Tests/WhiteBoxRenderDataTest.cpp,0,1,1
/media/ullmann/HDDGabriel/engines/o3de/Gems/WhiteBox/Code/Tests/WhiteBoxTestFixtures.h,8,0,8
/media/ullmann/HDDGabriel/engines/o3de/Gems/Meshlets/Code/Source/Meshlets/SharedBuffer.cpp,0,1,1
/media/ullmann/HDDGabriel/engines/o3de/Gems/Meshlets/Code/Source/Meshlets/SharedBuffer.h,4,1,5
/media/ullmann/HDDGabriel/engines/o3de/Gems/RecastNavigation/Code/Source/RecastNavigationSystemComponent.cpp,0,1,1
/media/ullmann/HDDGabriel/engines/o3de/Gems/RecastNavigation/Code/Source/RecastNavigationSystemComponent.h,4,0,4
/media/ullmann/HDDGabriel/engines/o3de/Gems/LyShineExamples/Code/Source/LyShineExamplesSystemComponent.cpp,0,4,4
/media/ullmann/HDDGabriel/engines/o3de/Gems/LyShineExamples/Code/Source/UiDynamicContentDatabase.h,3,0,3
/media/ullmann/HDDGabriel/engines/o3de/Code/Framework/AzToolsFramework/AzToolsFramework/AssetEditor/AssetEditorHeader.cpp,0,1,1
/media/ullmann/HDDGabriel/engines/o3de/Code/Framework/AzToolsFramework/AzToolsFramework/AssetEditor/AssetEditorHeader.h,1,0,1
/media/ullmann/HDDGabriel/engines/o3de/Gems/EMotionFX/Code/EMotionFX/Tools/EMotionStudio/Plugins/StandardPlugins/Source/SceneManager/MirrorSetupWindow.h,2,1,3
/media/ullmann/HDDGabriel/engines/o3de/Gems/EMotionFX/Code/EMotionFX/Tools/EMotionStudio/Plugins/StandardPlugins/Source/StandardPluginsConfig.h,33,0,33
/media/ullmann/HDDGabriel/engines/o3de/Code/Framework/AzToolsFramework/AzToolsFramework/Commands/CreateSliceCommand.cpp,0,1,1
/media/ullmann/HDDGabriel/engines/o3de/Code/Framework/AzToolsFramework/AzToolsFramework/Commands/CreateSliceCommand.h,1,0,1
/media/ullmann/HDDGabriel/engines/o3de/Gems/EditorPythonBindings/Code/Tests/PythonDictionaryTests.cpp,0,2,2
/media/ullmann/HDDGabriel/engines/o3de/Gems/EditorPythonBindings/Code/Tests/PythonTestingUtility.h,16,0,16
/media/ullmann/HDDGabriel/engines/o3de/Gems/Vegetation/Code/Source/Components/SurfaceMaskDepthFilterComponent.h,2,0,2
/media/ullmann/HDDGabriel/engines/o3de/Gems/LyShine/Code/Editor/GuideHelpers.cpp,0,3,3
/media/ullmann/HDDGabriel/engines/o3de/Gems/LyShine/Code/Editor/GuideHelpers.h,6,0,6
/media/ullmann/HDDGabriel/engines/o3de/Gems/LandscapeCanvas/Code/Source/Editor/Nodes/Shapes/PolygonPrismShapeNode.cpp,0,1,1
/media/ullmann/HDDGabriel/engines/o3de/Gems/LandscapeCanvas/Code/Source/Editor/Nodes/Shapes/PolygonPrismShapeNode.h,2,0,2
/media/ullmann/HDDGabriel/engines/o3de/Gems/LmbrCentral/Code/Source/Shape/SphereShapeComponent.h,5,1,6
/media/ullmann/HDDGabriel/engines/o3de/Code/Editor/Plugins/ProjectSettingsTool/PropertyFuncValLineEdit.cpp,0,4,4
/media/ullmann/HDDGabriel/engines/o3de/Code/Editor/Plugins/ProjectSettingsTool/PropertyFuncValLineEdit.h,3,1,4
/media/ullmann/HDDGabriel/engines/o3de/Gems/WhiteBox/Code/Source/EditorWhiteBoxComponentMode.cpp,0,5,5
/media/ullmann/HDDGabriel/engines/o3de/Gems/WhiteBox/Code/Source/Viewport/WhiteBoxViewportConstants.h,3,0,3
/media/ullmann/HDDGabriel/engines/o3de/Code/Tools/ProjectManager/Source/GemsGemRepoScreen.h,2,1,3
/media/ullmann/HDDGabriel/engines/o3de/Code/Framework/AzCore/Platform/Mac/AzCore/Socket/AzSocket_Platform.h,0,1,1
/media/ullmann/HDDGabriel/engines/o3de/Code/Editor/Plugins/ProjectSettingsTool/ProjectSettingsValidator.h,2,1,3
/media/ullmann/HDDGabriel/engines/o3de/Code/Editor/CustomizeKeyboardDialog.cpp,0,2,2
/media/ullmann/HDDGabriel/engines/o3de/Code/Editor/CustomizeKeyboardDialog.h,2,1,3
/media/ullmann/HDDGabriel/engines/o3de/Code/Editor/Controls/FolderTreeCtrl.cpp,0,1,1
/media/ullmann/HDDGabriel/engines/o3de/Code/Editor/Controls/FolderTreeCtrl.h,1,0,1
/media/ullmann/HDDGabriel/engines/o3de/Gems/ScriptedEntityTweener/Code/Source/ScriptedEntityTweenerModule.cpp,0,1,1
/media/ullmann/HDDGabriel/engines/o3de/Gems/Stars/Code/Source/StarsModule.h,2,2,4
/media/ullmann/HDDGabriel/engines/o3de/Gems/Stars/Code/Source/StarsSystemComponent.h,3,0,3
/media/ullmann/HDDGabriel/engines/o3de/Code/Editor/Util/AbstractGroupProxyModel.cpp,0,1,1
/media/ullmann/HDDGabriel/engines/o3de/Code/Editor/Util/AbstractGroupProxyModel.h,2,0,2
/media/ullmann/HDDGabriel/engines/o3de/Code/Legacy/CryCommon/AndroidSpecific.h,0,2,2
/media/ullmann/HDDGabriel/engines/o3de/Code/Legacy/CryCommon/LinuxSpecific.h,3,0,3
/media/ullmann/HDDGabriel/engines/o3de/Code/Framework/AzToolsFramework/AzToolsFramework/Slice/SliceDependencyBrowserBus.h,1,1,2
/media/ullmann/HDDGabriel/engines/o3de/Code/Framework/AzToolsFramework/AzToolsFramework/Slice/SliceRelationshipNode.h,2,0,2
/media/ullmann/HDDGabriel/engines/o3de/Gems/EMotionFX/Code/MCore/Source/MCoreCommandManager.h,2,3,5
/media/ullmann/HDDGabriel/engines/o3de/Templates/CppToolGem/Template/Code/Source/Tools/${Name}Widget.cpp,0,1,1
/media/ullmann/HDDGabriel/engines/o3de/Templates/CppToolGem/Template/Code/Source/Tools/${Name}Widget.h,2,0,2
/media/ullmann/HDDGabriel/engines/o3de/Gems/ScriptCanvasTesting/Code/Source/Framework/ScriptCanvasTestFixture.h,1,4,5
/media/ullmann/HDDGabriel/engines/o3de/Gems/ScriptCanvasTesting/Code/Source/Framework/EntityRefTests.h,2,0,2
/media/ullmann/HDDGabriel/engines/o3de/Gems/ScriptCanvas/Code/Include/ScriptCanvas/Grammar/ParsingUtilities.cpp,0,3,3
/media/ullmann/HDDGabriel/engines/o3de/Gems/ScriptCanvas/Code/Include/ScriptCanvas/Grammar/ParsingUtilities.h,5,2,7
/media/ullmann/HDDGabriel/engines/o3de/Code/Tools/AssetProcessor/native/ui/SourceAssetDetailsPanel.cpp,0,5,5
/media/ullmann/HDDGabriel/engines/o3de/Code/Tools/AssetProcessor/native/ui/SourceAssetTreeItemData.h,4,1,5
/media/ullmann/HDDGabriel/engines/o3de/Gems/EMotionFX/Code/EMotionFX/Source/ConstraintTransform.h,1,3,4
/media/ullmann/HDDGabriel/engines/o3de/Code/Editor/Objects/DisplayContext.h,6,0,6
/media/ullmann/HDDGabriel/engines/o3de/Gems/Vegetation/Code/Tests/VegetationComponentModifierTests.cpp,0,2,2
/media/ullmann/HDDGabriel/engines/o3de/Gems/Vegetation/Code/Tests/VegetationMocks.h,7,0,7
/media/ullmann/HDDGabriel/engines/o3de/Code/Editor/PythonEditorFuncs.cpp,0,9,9
/media/ullmann/HDDGabriel/engines/o3de/Gems/AWSGameLift/Code/AWSGameLiftClient/Source/AWSGameLiftClientLocalTicketTracker.cpp,0,2,2
/media/ullmann/HDDGabriel/engines/o3de/Gems/AWSGameLift/Code/AWSGameLiftClient/Source/Request/IAWSGameLiftInternalRequests.h,3,0,3
/media/ullmann/HDDGabriel/engines/o3de/Code/Editor/MainWindow.h,24,3,27
/media/ullmann/HDDGabriel/engines/o3de/Gems/Maestro/Code/Source/Cinematics/CVarNode.cpp,0,2,2
/media/ullmann/HDDGabriel/engines/o3de/Gems/Maestro/Code/Source/Cinematics/CVarNode.h,3,1,4
/media/ullmann/HDDGabriel/engines/o3de/Gems/MessagePopup/Code/Source/MessagePopupSystemComponent.h,2,1,3
/media/ullmann/HDDGabriel/engines/o3de/Gems/MessagePopup/Code/Source/MessagePopupManager.h,2,0,2
/media/ullmann/HDDGabriel/engines/o3de/Gems/LyShine/Code/Editor/ViewportAddGuideInteraction.cpp,0,4,4
/media/ullmann/HDDGabriel/engines/o3de/Gems/Vegetation/Code/Tests/VegetationComponentFilterTests.cpp,0,2,2
/media/ullmann/HDDGabriel/engines/o3de/Code/Tools/ProjectManager/Source/EngineInfo.cpp,0,1,1
/media/ullmann/HDDGabriel/engines/o3de/Code/Tools/ProjectManager/Source/EngineInfo.h,5,0,5
/media/ullmann/HDDGabriel/engines/o3de/Gems/LyShine/Code/Source/UiNavigationSettings.h,4,0,4
/media/ullmann/HDDGabriel/engines/o3de/Gems/LyShine/Code/Editor/PropertyHandlerLayoutPadding.cpp,0,2,2
/media/ullmann/HDDGabriel/engines/o3de/Gems/LyShine/Code/Editor/PropertyHandlerLayoutPadding.h,2,1,3
/media/ullmann/HDDGabriel/engines/o3de/Code/Tools/AssetProcessor/native/AssetManager/assetScanner.h,0,2,2
/media/ullmann/HDDGabriel/engines/o3de/Code/Tools/AssetProcessor/native/AssetManager/assetScannerWorker.h,1,1,2
/media/ullmann/HDDGabriel/engines/o3de/Gems/LyShine/Code/Editor/AnchorPresets.cpp,0,1,1
/media/ullmann/HDDGabriel/engines/o3de/Gems/LyShine/Code/Editor/AnchorPresets.h,4,0,4
/media/ullmann/HDDGabriel/engines/o3de/Gems/GraphCanvas/Code/Source/Translation/TranslationBus.h,0,1,1
/media/ullmann/HDDGabriel/engines/o3de/Gems/EMotionFX/Code/MCore/Source/IDGenerator.cpp,0,2,2
/media/ullmann/HDDGabriel/engines/o3de/Gems/AudioSystem/Code/Source/Editor/QAudioControlTreeWidget.cpp,0,4,4
/media/ullmann/HDDGabriel/engines/o3de/Code/Tools/ProjectManager/Source/TextOverflowWidget.cpp,0,3,3
/media/ullmann/HDDGabriel/engines/o3de/Code/Tools/ProjectManager/Source/ExternalLinkDialog.h,3,0,3
/media/ullmann/HDDGabriel/engines/o3de/Code/Editor/LevelIndependentFileMan.cpp,0,2,2
/media/ullmann/HDDGabriel/engines/o3de/Gems/DebugDraw/Code/Source/EditorDebugDrawSphereComponent.cpp,0,1,1
/media/ullmann/HDDGabriel/engines/o3de/Gems/DebugDraw/Code/Source/EditorDebugDrawSphereComponent.h,3,2,5
/media/ullmann/HDDGabriel/engines/o3de/Code/Tools/ProjectManager/Source/DownloadController.h,4,0,4
/media/ullmann/HDDGabriel/engines/o3de/Gems/EMotionFX/Code/EMotionFX/Source/Parameter/IntSliderParameter.cpp,0,1,1
/media/ullmann/HDDGabriel/engines/o3de/Gems/EMotionFX/Code/EMotionFX/Source/Parameter/IntSliderParameter.h,1,1,2
/media/ullmann/HDDGabriel/engines/o3de/Gems/AWSCore/Code/Source/AWSCoreSystemComponent.cpp,0,4,4
/media/ullmann/HDDGabriel/engines/o3de/Gems/AWSCore/Code/Source/ResourceMapping/AWSResourceMappingManager.h,1,0,1
/media/ullmann/HDDGabriel/engines/o3de/Gems/LyShine/Code/Editor/Animation/UiAnimViewDopeSheetBase.cpp,0,9,9
/media/ullmann/HDDGabriel/engines/o3de/Gems/LyShine/Code/Editor/Animation/UiAnimViewTrack.h,14,1,15
/media/ullmann/HDDGabriel/engines/o3de/Code/Editor/ErrorReport.h,5,4,9
/media/ullmann/HDDGabriel/engines/o3de/Gems/LmbrCentral/Code/Source/Shape/BoxShapeComponent.h,3,1,4
/media/ullmann/HDDGabriel/engines/o3de/Gems/AWSMetrics/Code/Source/MetricsEventBuilder.cpp,0,3,3
/media/ullmann/HDDGabriel/engines/o3de/Gems/AWSMetrics/Code/Source/AWSMetricsConstant.h,4,0,4
/media/ullmann/HDDGabriel/engines/o3de/Code/Tools/ProjectManager/Source/EngineSettingsScreen.cpp,0,6,6
/media/ullmann/HDDGabriel/engines/o3de/Code/Tools/ProjectManager/Source/PathValidator.h,4,0,4
/media/ullmann/HDDGabriel/engines/o3de/Gems/Vegetation/Code/Source/Editor/EditorSlopeAlignmentModifierComponent.h,2,0,2
/media/ullmann/HDDGabriel/engines/o3de/Code/Framework/AzToolsFramework/AzToolsFramework/Manipulators/AngularManipulator.h,1,1,2
/media/ullmann/HDDGabriel/engines/o3de/Gems/FastNoise/Code/Tests/FastNoiseTest.cpp,0,1,1
/media/ullmann/HDDGabriel/engines/o3de/Gems/FastNoise/Code/Tests/FastNoiseTest.h,3,0,3
/media/ullmann/HDDGabriel/engines/o3de/Gems/AudioSystem/Code/Source/Editor/AudioControlFilters.cpp,0,2,2
/media/ullmann/HDDGabriel/engines/o3de/Gems/AudioSystem/Code/Source/Editor/AudioControlFilters.h,4,1,5
/media/ullmann/HDDGabriel/engines/o3de/Code/Framework/AzQtComponents/AzQtComponents/Gallery/SplitterPage.cpp,0,1,1
/media/ullmann/HDDGabriel/engines/o3de/Code/Framework/AzQtComponents/AzQtComponents/Gallery/SplitterPage.h,2,0,2
/media/ullmann/HDDGabriel/engines/o3de/Gems/Vegetation/Code/Source/Editor/EditorPositionModifierComponent.cpp,0,1,1
/media/ullmann/HDDGabriel/engines/o3de/Gems/Vegetation/Code/Source/Editor/EditorPositionModifierComponent.h,2,0,2
/media/ullmann/HDDGabriel/engines/o3de/Gems/LyShine/Code/Source/UiSerialize.cpp,0,5,5
/media/ullmann/HDDGabriel/engines/o3de/Gems/EMotionFX/Code/EMotionFX/Source/BlendTree.h,3,2,5
/media/ullmann/HDDGabriel/engines/o3de/Gems/EMotionFX/Code/EMotionFX/Source/BlendTreeFinalNode.h,2,2,4
/media/ullmann/HDDGabriel/engines/o3de/Code/Framework/AzToolsFramework/AzToolsFramework/Manipulators/AngularManipulator.cpp,0,1,1
/media/ullmann/HDDGabriel/engines/o3de/Gems/LyShine/Code/Editor/Animation/UiAnimViewUndo.h,12,3,15
/media/ullmann/HDDGabriel/engines/o3de/Gems/Meshlets/Code/Source/Meshlets/MeshletsAssets.cpp,0,1,1
/media/ullmann/HDDGabriel/engines/o3de/Gems/Atom/Feature/Common/Code/Source/RayTracing/RayTracingAccelerationStructurePass.h,1,0,1
/media/ullmann/HDDGabriel/engines/o3de/Code/Editor/TopRendererWnd.cpp,0,5,5
/media/ullmann/HDDGabriel/engines/o3de/Code/Editor/TopRendererWnd.h,3,2,5
/media/ullmann/HDDGabriel/engines/o3de/Gems/LyShine/Code/Source/Animation/AnimSplineTrack.h,5,2,7
/media/ullmann/HDDGabriel/engines/o3de/Gems/LyShine/Code/Source/Animation/2DSpline.h,1,0,1
/media/ullmann/HDDGabriel/engines/o3de/Code/Framework/AzToolsFramework/AzToolsFramework/UI/Logging/TracePrintFLogPanel.h,1,2,3
/media/ullmann/HDDGabriel/engines/o3de/Code/Framework/AzToolsFramework/AzToolsFramework/UI/Logging/LogControl.h,4,1,5
/media/ullmann/HDDGabriel/engines/o3de/Gems/Compression/Code/Source/Tools/CompressionEditorModule.cpp,0,2,2
/media/ullmann/HDDGabriel/engines/o3de/Gems/Compression/Code/Source/Tools/CompressionFactoryImpl.h,2,0,2
/media/ullmann/HDDGabriel/engines/o3de/Code/Editor/QtUI/PixmapLabelPreview.cpp,0,1,1
/media/ullmann/HDDGabriel/engines/o3de/Code/Editor/QtUI/PixmapLabelPreview.h,1,0,1
/media/ullmann/HDDGabriel/engines/o3de/Code/Editor/Util/RefCountBase.h,3,0,3
/media/ullmann/HDDGabriel/engines/o3de/Gems/EMotionFX/Code/EMotionFX/Tools/EMotionStudio/Plugins/StandardPlugins/Source/MotionSetsWindow/MotionSetsWindowPlugin.cpp,0,4,4
/media/ullmann/HDDGabriel/engines/o3de/Gems/EMotionFX/Code/EMotionFX/Tools/EMotionStudio/EMStudioSDK/Source/FileManager.h,5,1,6
/media/ullmann/HDDGabriel/engines/o3de/Gems/EMotionFX/Code/EMotionFX/Tools/EMotionStudio/Plugins/StandardPlugins/Source/SceneManager/SceneManagerPlugin.h,4,5,9
/media/ullmann/HDDGabriel/engines/o3de/Gems/EMotionFX/Code/EMotionFX/Tools/EMotionStudio/EMStudioSDK/Source/SaveChangedFilesManager.h,2,1,3
/media/ullmann/HDDGabriel/engines/o3de/Code/Editor/CustomResolutionDlg.cpp,0,2,2
/media/ullmann/HDDGabriel/engines/o3de/Code/Editor/CustomResolutionDlg.h,3,0,3
/media/ullmann/HDDGabriel/engines/o3de/Gems/DebugDraw/Code/Source/DebugDrawSystemComponent.h,2,5,7
/media/ullmann/HDDGabriel/engines/o3de/Gems/DebugDraw/Code/Source/DebugDrawRayComponent.h,4,0,4
/media/ullmann/HDDGabriel/engines/o3de/Gems/AWSCore/Code/Platform/Linux/AWSCore_Traits_Platform.h,0,1,1
/media/ullmann/HDDGabriel/engines/o3de/Gems/AWSCore/Code/Platform/Linux/AWSCore_Traits_Linux.h,1,0,1
/media/ullmann/HDDGabriel/engines/o3de/Gems/EMotionFX/Code/EMotionFX/Source/AnimGraphEventBuffer.h,4,2,6
/media/ullmann/HDDGabriel/engines/o3de/Gems/EMotionFX/Code/EMotionFX/Source/EventInfo.h,2,1,3
/media/ullmann/HDDGabriel/engines/o3de/Gems/EMotionFX/Code/EMotionFX/Source/BlendTreeVector3Math2Node.h,1,2,3
/media/ullmann/HDDGabriel/engines/o3de/Gems/EMotionFX/Code/EMotionFX/Source/Importer/ChunkProcessors.h,1,8,9
/media/ullmann/HDDGabriel/engines/o3de/Gems/EMotionFX/Code/EMotionFX/Source/Importer/SharedFileFormatStructs.h,4,0,4
/media/ullmann/HDDGabriel/engines/o3de/Gems/WhiteBox/Code/Source/Components/WhiteBoxColliderConfiguration.cpp,0,1,1
/media/ullmann/HDDGabriel/engines/o3de/Gems/WhiteBox/Code/Source/Components/WhiteBoxColliderConfiguration.h,3,0,3
/media/ullmann/HDDGabriel/engines/o3de/Gems/LyShine/Code/Editor/PropertyHandlerUiParticleColorKeyframe.cpp,0,2,2
/media/ullmann/HDDGabriel/engines/o3de/Gems/LyShine/Code/Editor/PropertyHandlerUiParticleColorKeyframe.h,2,0,2
/media/ullmann/HDDGabriel/engines/o3de/Gems/EMotionFX/Code/MCore/Source/CommandSyntax.cpp,0,4,4
/media/ullmann/HDDGabriel/engines/o3de/Code/Framework/AzToolsFramework/Tests/ComponentModeTestFixture.cpp,0,2,2
/media/ullmann/HDDGabriel/engines/o3de/Code/Framework/AzToolsFramework/Tests/ComponentModeTestFixture.h,2,0,2
/media/ullmann/HDDGabriel/engines/o3de/Gems/CameraFramework/Code/Source/CameraRigComponent.cpp,0,1,1
/media/ullmann/HDDGabriel/engines/o3de/Gems/CameraFramework/Code/Source/CameraRigComponent.h,2,0,2
/media/ullmann/HDDGabriel/engines/o3de/Gems/Atom/Asset/ImageProcessingAtom/Code/Source/Editor/ResolutionSettingWidget.cpp,0,1,1
/media/ullmann/HDDGabriel/engines/o3de/Gems/Atom/Asset/ImageProcessingAtom/Code/Source/Editor/ResolutionSettingWidget.h,1,0,1
/media/ullmann/HDDGabriel/engines/o3de/Code/Editor/Util/3DConnexionDriver.cpp,0,1,1
/media/ullmann/HDDGabriel/engines/o3de/Code/Editor/Util/3DConnexionDriver.h,3,0,3
/media/ullmann/HDDGabriel/engines/o3de/Gems/LyShine/Code/Source/Animation/AnimSequence.cpp,0,4,4
/media/ullmann/HDDGabriel/engines/o3de/Gems/LyShine/Code/Source/Animation/AzEntityNode.h,4,1,5
/media/ullmann/HDDGabriel/engines/o3de/Gems/EMotionFX/Code/EMotionFX/Tools/EMotionStudio/EMStudioSDK/Source/ToolBarPlugin.h,1,2,3
/media/ullmann/HDDGabriel/engines/o3de/Gems/EMotionFX/Code/EMotionFX/Tools/EMotionStudio/EMStudioSDK/Source/EMStudioConfig.h,23,0,23
/media/ullmann/HDDGabriel/engines/o3de/Gems/EMotionFX/Code/EMotionFX/Tools/EMotionStudio/EMStudioSDK/Source/NotificationWindowManager.h,2,2,4
/media/ullmann/HDDGabriel/engines/o3de/Gems/EMotionFX/Code/EMotionFX/Source/MorphSetup.h,5,3,8
/media/ullmann/HDDGabriel/engines/o3de/Gems/AudioEngineWwise/Code/Source/Engine/AudioSourceManager.cpp,0,4,4
/media/ullmann/HDDGabriel/engines/o3de/Gems/AudioEngineWwise/Code/Source/Engine/AudioInput/AudioInputMicrophone.h,1,0,1
/media/ullmann/HDDGabriel/engines/o3de/Code/Framework/AzToolsFramework/AzToolsFramework/UI/PropertyEditor/PropertyColorCtrl.cpp,0,2,2
/media/ullmann/HDDGabriel/engines/o3de/Code/Framework/AzToolsFramework/AzToolsFramework/UI/PropertyEditor/PropertyQTConstants.h,16,0,16
/media/ullmann/HDDGabriel/engines/o3de/Code/Tools/AssetProcessor/AssetBuilder/AssetBuilderApplication.cpp,0,4,4
/media/ullmann/HDDGabriel/engines/o3de/Code/Tools/AssetProcessor/AssetBuilder/AssetBuilderApplication.h,4,1,5
/media/ullmann/HDDGabriel/engines/o3de/Code/Framework/AzCore/AzCore/Statistics/NamedRunningStatistic.h,1,1,2
/media/ullmann/HDDGabriel/engines/o3de/Code/Framework/AzCore/AzCore/Statistics/RunningStatistic.h,2,0,2
/media/ullmann/HDDGabriel/engines/o3de/Gems/LyShine/Code/Editor/HierarchyHelpers.h,1,3,4
/media/ullmann/HDDGabriel/engines/o3de/Gems/LyShine/Code/Editor/HierarchyWidget.h,2,1,3
/media/ullmann/HDDGabriel/engines/o3de/Code/Legacy/CrySystem/XConsole.cpp,0,6,6
/media/ullmann/HDDGabriel/engines/o3de/Code/Legacy/CrySystem/ConsoleHelpGen.h,2,1,3
/media/ullmann/HDDGabriel/engines/o3de/Gems/EMotionFX/Code/EMotionFX/Source/MotionEventTrack.cpp,0,6,6
/media/ullmann/HDDGabriel/engines/o3de/Gems/SceneProcessing/Code/Source/SceneProcessingModule.cpp,0,8,8
/media/ullmann/HDDGabriel/engines/o3de/Gems/SceneProcessing/Code/Source/SceneBuilder/SceneSerializationHandler.h,1,0,1
/media/ullmann/HDDGabriel/engines/o3de/Code/Editor/TrackViewFBXImportPreviewDialog.cpp,0,2,2
/media/ullmann/HDDGabriel/engines/o3de/Code/Legacy/CryCommon/CrySystemBus.h,2,0,2
/media/ullmann/HDDGabriel/engines/o3de/Gems/MotionMatching/Code/Source/FeatureAngularVelocity.cpp,0,6,6
/media/ullmann/HDDGabriel/engines/o3de/Gems/MotionMatching/Code/Source/Allocators.h,18,0,18
/media/ullmann/HDDGabriel/engines/o3de/Code/Editor/EditorPreferencesPageViewportGeneral.cpp,0,5,5
/media/ullmann/HDDGabriel/engines/o3de/Code/Editor/Util/VariablePropertyType.cpp,0,2,2
/media/ullmann/HDDGabriel/engines/o3de/Code/Editor/Util/VariablePropertyType.h,1,1,2
/media/ullmann/HDDGabriel/engines/o3de/Gems/EMotionFX/Code/EMotionFX/Source/BlendTreeRotationMath2Node.h,1,2,3
/media/ullmann/HDDGabriel/engines/o3de/Gems/LyShine/Code/Editor/EditorWindow.cpp,0,8,8
/media/ullmann/HDDGabriel/engines/o3de/Gems/LyShine/Code/Editor/PivotPresets.h,4,0,4
/media/ullmann/HDDGabriel/engines/o3de/Gems/AudioSystem/Code/Source/Editor/InspectorPanel.cpp,0,3,3
/media/ullmann/HDDGabriel/engines/o3de/Gems/EMotionFX/Code/EMotionFX/Source/EMotionFXManager.cpp,0,10,10
/media/ullmann/HDDGabriel/engines/o3de/Gems/LandscapeCanvas/Code/Source/Editor/Nodes/GradientModifiers/LevelsGradientModifierNode.cpp,0,1,1
/media/ullmann/HDDGabriel/engines/o3de/Gems/LandscapeCanvas/Code/Source/Editor/Nodes/GradientModifiers/LevelsGradientModifierNode.h,2,0,2
/media/ullmann/HDDGabriel/engines/o3de/Gems/WhiteBox/Code/Tests/WhiteBoxTestRailsAutomation.cpp,0,2,2
/media/ullmann/HDDGabriel/engines/o3de/Gems/WhiteBox/Code/Tests/WhiteBoxTestUtil.h,6,0,6
/media/ullmann/HDDGabriel/engines/o3de/Gems/LmbrCentral/Code/Source/Builders/CopyDependencyBuilder/SchemaBuilderWorker/SchemaBuilderWorker.h,2,0,2
/media/ullmann/HDDGabriel/engines/o3de/Code/Framework/AzCore/Tests/AZStd/TypeTraits.cpp,0,1,1
/media/ullmann/HDDGabriel/engines/o3de/Gems/WhiteBox/Code/Source/WhiteBoxToolApiReflection.cpp,0,2,2
/media/ullmann/HDDGabriel/engines/o3de/Gems/WhiteBox/Code/Source/WhiteBoxToolApiReflection.h,2,0,2
/media/ullmann/HDDGabriel/engines/o3de/Gems/Profiler/Code/Source/ProfilerImGuiSystemComponent.cpp,0,2,2
/media/ullmann/HDDGabriel/engines/o3de/Gems/Profiler/Code/Source/ProfilerImGuiSystemComponent.h,2,2,4
/media/ullmann/HDDGabriel/engines/o3de/Code/Editor/TrackView/TrackViewEventNode.h,2,1,3
/media/ullmann/HDDGabriel/engines/o3de/Gems/LyShine/Code/Editor/ViewportPivot.cpp,0,2,2
/media/ullmann/HDDGabriel/engines/o3de/Gems/EMotionFX/Code/EMotionFX/Source/AnimGraphAttributeTypes.h,15,5,20
/media/ullmann/HDDGabriel/engines/o3de/Gems/EMotionFX/Code/EMotionFX/Source/AnimGraphPose.h,4,2,6
/media/ullmann/HDDGabriel/engines/o3de/Code/Legacy/CrySystem/SystemInit.cpp,0,10,10
/media/ullmann/HDDGabriel/engines/o3de/Code/Legacy/CrySystem/SystemEventDispatcher.h,3,0,3
/media/ullmann/HDDGabriel/engines/o3de/Gems/ScriptCanvas/Code/Include/ScriptCanvas/Core/Nodeable.h,2,1,3
/media/ullmann/HDDGabriel/engines/o3de/Gems/ScriptCanvas/Code/Include/ScriptCanvas/Core/NodeableOut.h,1,0,1
/media/ullmann/HDDGabriel/engines/o3de/Gems/Vegetation/Code/Source/Components/BlockerComponent.h,2,0,2
/media/ullmann/HDDGabriel/engines/o3de/Gems/ScriptCanvas/Code/Include/ScriptCanvas/Grammar/ASTModifications.h,2,2,4
/media/ullmann/HDDGabriel/engines/o3de/Gems/ScriptCanvas/Code/Include/ScriptCanvas/Grammar/PrimitivesExecution.h,8,1,9
/media/ullmann/HDDGabriel/engines/o3de/Gems/EMotionFX/Code/EMotionFX/Source/BlendTreeAccumTransformNode.cpp,0,7,7
/media/ullmann/HDDGabriel/engines/o3de/Gems/AudioSystem/Code/Source/Editor/AudioSystemPanel.h,2,3,5
/media/ullmann/HDDGabriel/engines/o3de/Gems/AudioSystem/Code/Source/Editor/AudioControl.h,16,0,16
/media/ullmann/HDDGabriel/engines/o3de/Code/Framework/AzCore/Tests/Serialization.cpp,0,2,2
/media/ullmann/HDDGabriel/engines/o3de/Code/Framework/AzCore/Tests/AZTestShared/Utils/Utils.h,8,0,8
/media/ullmann/HDDGabriel/engines/o3de/Gems/DebugDraw/Code/Source/EditorDebugDrawRayComponent.h,3,2,5
/media/ullmann/HDDGabriel/engines/o3de/Gems/GraphCanvas/Code/Source/Components/Nodes/NodeComponent.h,2,0,2
/media/ullmann/HDDGabriel/engines/o3de/Gems/EMotionFX/Code/EMotionFX/Tools/EMotionStudio/EMStudioSDK/Source/FileManager.cpp,0,3,3
/media/ullmann/HDDGabriel/engines/o3de/Gems/Atom/Feature/Common/Code/Source/PostProcessing/BloomCompositePass.h,1,0,1
/media/ullmann/HDDGabriel/engines/o3de/Code/Tools/LuaIDE/Source/LUA/LUADebuggerComponent.cpp,0,2,2
/media/ullmann/HDDGabriel/engines/o3de/Code/Tools/LuaIDE/Source/LUA/LUAEditorContextMessages.h,7,0,7
/media/ullmann/HDDGabriel/engines/o3de/Gems/Vegetation/Code/Source/InstanceSystemComponent.cpp,0,2,2
/media/ullmann/HDDGabriel/engines/o3de/Gems/Vegetation/Code/Source/VegetationProfiler.h,2,0,2
/media/ullmann/HDDGabriel/engines/o3de/Gems/PhysX/Code/Source/EditorShapeColliderComponent.cpp,0,5,5
/media/ullmann/HDDGabriel/engines/o3de/Gems/PhysX/Code/Source/RigidBodyStatic.h,1,0,1
/media/ullmann/HDDGabriel/engines/o3de/Code/Editor/EditorPreferencesPageViewportGeneral.h,3,1,4
/media/ullmann/HDDGabriel/engines/o3de/Gems/WhiteBox/Code/Source/Rendering/WhiteBoxRenderData.h,4,1,5
/media/ullmann/HDDGabriel/engines/o3de/Gems/Atom/RHI/Code/Tests/HashingTests.cpp,0,1,1
/media/ullmann/HDDGabriel/engines/o3de/Gems/Atom/RHI/Code/Tests/RHITestFixture.h,18,0,18
/media/ullmann/HDDGabriel/engines/o3de/Gems/EMotionFX/Code/EMotionFX/Source/Parameter/IntSpinnerParameter.cpp,0,1,1
/media/ullmann/HDDGabriel/engines/o3de/Gems/EMotionFX/Code/EMotionFX/Source/Parameter/IntSpinnerParameter.h,1,1,2
/media/ullmann/HDDGabriel/engines/o3de/Gems/EMotionFX/Code/EMotionFX/Source/BlendTreeBlend2Node.h,1,2,3
/media/ullmann/HDDGabriel/engines/o3de/Gems/ScriptCanvas/Code/Include/ScriptCanvas/Core/Contracts/ConnectionLimitContract.cpp,0,1,1
/media/ullmann/HDDGabriel/engines/o3de/Gems/ScriptCanvas/Code/Include/ScriptCanvas/Core/Contracts/ConnectionLimitContract.h,2,0,2
/media/ullmann/HDDGabriel/engines/o3de/Code/Tools/ProjectManager/Source/ExternalLinkDialog.cpp,0,3,3
/media/ullmann/HDDGabriel/engines/o3de/Code/Tools/ProjectManager/Source/LinkWidget.h,2,0,2
/media/ullmann/HDDGabriel/engines/o3de/Gems/Atom/RHI/Null/Code/Source/Platform/Windows/Null_Traits_Platform.h,0,1,1
/media/ullmann/HDDGabriel/engines/o3de/Gems/Atom/RHI/Null/Code/Source/Platform/Windows/Null_Traits_Windows.h,1,0,1
/media/ullmann/HDDGabriel/engines/o3de/Gems/Streamer/StreamerProfiler/Code/Source/StreamerProfilerModuleInterface.h,1,1,2
/media/ullmann/HDDGabriel/engines/o3de/Gems/Streamer/StreamerProfiler/Code/Source/StreamerProfilerSystemComponent.h,3,0,3
/media/ullmann/HDDGabriel/engines/o3de/Gems/Multiplayer/Code/Tests/MultiplayerSystemTests.cpp,0,5,5
/media/ullmann/HDDGabriel/engines/o3de/Gems/Multiplayer/Code/Tests/CommonHierarchySetup.h,6,2,8
/media/ullmann/HDDGabriel/engines/o3de/Code/Editor/Controls/ReflectedPropertyControl/PropertyMiscCtrl.h,2,1,3
/media/ullmann/HDDGabriel/engines/o3de/Code/Editor/Controls/ReflectedPropertyControl/ReflectedVar.h,7,0,7
/media/ullmann/HDDGabriel/engines/o3de/Gems/ScriptCanvas/Code/Include/ScriptCanvas/Core/Contracts.h,1,12,13
/media/ullmann/HDDGabriel/engines/o3de/Gems/ScriptCanvas/Code/Include/ScriptCanvas/Core/Contracts/SupportsMethodContract.h,2,0,2
/media/ullmann/HDDGabriel/engines/o3de/Gems/EMotionFX/Code/EMotionFX/Tools/EMotionStudio/Plugins/StandardPlugins/Source/MotionSetsWindow/MotionSetWindow.h,1,2,3
/media/ullmann/HDDGabriel/engines/o3de/Gems/EMotionFX/Code/EMotionFX/CommandSystem/Source/MorphTargetCommands.cpp,0,2,2
/media/ullmann/HDDGabriel/engines/o3de/Gems/EMotionFX/Code/EMotionFX/CommandSystem/Source/MorphTargetCommands.h,1,1,2
/media/ullmann/HDDGabriel/engines/o3de/Gems/LyShine/Code/Source/UiRadioButtonComponent.cpp,0,2,2
/media/ullmann/HDDGabriel/engines/o3de/Gems/LyShine/Code/Source/UiRadioButtonGroupComponent.h,5,1,6
/media/ullmann/HDDGabriel/engines/o3de/Gems/PhysXDebug/Code/Source/Module.cpp,0,2,2
/media/ullmann/HDDGabriel/engines/o3de/Gems/PhysXDebug/Code/Source/SystemComponent.h,2,0,2
/media/ullmann/HDDGabriel/engines/o3de/Gems/Maestro/Code/Source/Cinematics/Movie.cpp,0,14,14
/media/ullmann/HDDGabriel/engines/o3de/Gems/Maestro/Code/Source/Cinematics/Movie.h,5,0,5
/media/ullmann/HDDGabriel/engines/o3de/Gems/LyShine/Code/Editor/AssetTreeEntry.h,3,0,3
/media/ullmann/HDDGabriel/engines/o3de/Gems/LandscapeCanvas/Code/Source/LandscapeCanvasSystemComponent.cpp,0,45,45
/media/ullmann/HDDGabriel/engines/o3de/Gems/LandscapeCanvas/Code/Source/Editor/Nodes/GradientModifiers/DitherGradientModifierNode.h,2,0,2
/media/ullmann/HDDGabriel/engines/o3de/Gems/Stars/Code/Source/StarsComponent.cpp,0,1,1
/media/ullmann/HDDGabriel/engines/o3de/Gems/Stars/Code/Source/StarsComponent.h,3,1,4
/media/ullmann/HDDGabriel/engines/o3de/Gems/Vegetation/Code/Source/Components/PositionModifierComponent.cpp,0,1,1
/media/ullmann/HDDGabriel/engines/o3de/Code/Editor/ErrorDialog.cpp,0,2,2
/media/ullmann/HDDGabriel/engines/o3de/Gems/LmbrCentral/Code/Source/Shape/EditorTubeShapeComponentMode.cpp,0,1,1
/media/ullmann/HDDGabriel/engines/o3de/Gems/LmbrCentral/Code/Source/Shape/EditorTubeShapeComponentMode.h,2,0,2
/media/ullmann/HDDGabriel/engines/o3de/Gems/ScriptCanvas/Code/Include/ScriptCanvas/Libraries/Time/HeartBeatNodeable.cpp,0,1,1
/media/ullmann/HDDGabriel/engines/o3de/Gems/ScriptCanvas/Code/Include/ScriptCanvas/Libraries/Time/HeartBeatNodeable.h,1,0,1
/media/ullmann/HDDGabriel/engines/o3de/Gems/EMotionFX/Code/EMotionFX/Source/BlendSpaceParamEvaluator.h,1,1,2
/media/ullmann/HDDGabriel/engines/o3de/Gems/LyShine/Code/Source/UiElementComponent.cpp,0,3,3
/media/ullmann/HDDGabriel/engines/o3de/Code/Framework/AzToolsFramework/AzToolsFramework/UI/PropertyEditor/PropertyAudioCtrl.h,0,1,1
/media/ullmann/HDDGabriel/engines/o3de/Code/Framework/AzToolsFramework/AzToolsFramework/UI/PropertyEditor/PropertyAudioCtrlTypes.h,1,0,1
/media/ullmann/HDDGabriel/engines/o3de/Gems/Metastream/Code/Source/Platform/Linux/Metastream_Traits_Platform.h,0,1,1
/media/ullmann/HDDGabriel/engines/o3de/Gems/Metastream/Code/Source/Platform/Linux/Metastream_Traits_Linux.h,1,0,1
/media/ullmann/HDDGabriel/engines/o3de/Code/Tools/LuaIDE/Source/LUA/LUAEditorBreakpointWidget.cpp,0,3,3
/media/ullmann/HDDGabriel/engines/o3de/Code/Tools/LuaIDE/Source/LUA/LUAEditorStyleMessages.h,9,0,9
/media/ullmann/HDDGabriel/engines/o3de/Gems/ScriptCanvas/Code/Include/ScriptCanvas/Libraries/Core/EventHandlerTranslationUtility.cpp,0,1,1
/media/ullmann/HDDGabriel/engines/o3de/Gems/ScriptCanvas/Code/Include/ScriptCanvas/Libraries/Core/EventHandlerTranslationUtility.h,1,0,1
/media/ullmann/HDDGabriel/engines/o3de/Code/Editor/SelectSequenceDialog.h,1,1,2
/media/ullmann/HDDGabriel/engines/o3de/Gems/EMotionFX/Code/MCore/Source/Distance.h,1,2,3
/media/ullmann/HDDGabriel/engines/o3de/Gems/EMotionFX/Code/MCore/Source/MemoryManager.h,9,3,12
/media/ullmann/HDDGabriel/engines/o3de/Gems/EMotionFX/Code/EMotionFX/Source/MotionInstancePool.h,5,2,7
/media/ullmann/HDDGabriel/engines/o3de/Gems/GradientSignal/Code/Source/Editor/EditorShapeAreaFalloffGradientComponent.cpp,0,1,1
/media/ullmann/HDDGabriel/engines/o3de/Gems/GradientSignal/Code/Source/Editor/EditorShapeAreaFalloffGradientComponent.h,2,0,2
/media/ullmann/HDDGabriel/engines/o3de/Gems/EMotionFX/Code/EMotionFX/Tools/EMotionStudio/EMStudioSDK/Source/ResetSettingsDialog.h,1,1,2
/media/ullmann/HDDGabriel/engines/o3de/Code/Editor/TrackView/TrackViewDialog.h,5,6,11
/media/ullmann/HDDGabriel/engines/o3de/Code/Editor/TrackView/TrackViewNodes.h,2,2,4
/media/ullmann/HDDGabriel/engines/o3de/Gems/LyShine/Code/Editor/AlignToolbarSection.cpp,0,3,3
/media/ullmann/HDDGabriel/engines/o3de/Gems/LyShine/Code/Editor/AlignToolbarSection.h,4,1,5
/media/ullmann/HDDGabriel/engines/o3de/Gems/Vegetation/Code/Tests/VegetationComponentDescriptorTests.cpp,0,2,2
/media/ullmann/HDDGabriel/engines/o3de/Gems/EMotionFX/Code/MCore/Source/MemoryTracker.h,3,3,6
/media/ullmann/HDDGabriel/engines/o3de/Gems/EMotionFX/Code/MCore/Source/MultiThreadManager.h,7,1,8
/media/ullmann/HDDGabriel/engines/o3de/Code/Framework/AzToolsFramework/AzToolsFramework/Manipulators/TranslationManipulators.cpp,0,1,1
/media/ullmann/HDDGabriel/engines/o3de/Code/Framework/AzToolsFramework/AzToolsFramework/Manipulators/TranslationManipulators.h,1,0,1
/media/ullmann/HDDGabriel/engines/o3de/Gems/EMotionFX/Code/EMotionFX/Tools/EMotionStudio/Plugins/StandardPlugins/Source/NodeGroups/NodeGroupsPlugin.cpp,0,2,2
/media/ullmann/HDDGabriel/engines/o3de/Gems/EMotionFX/Code/EMotionFX/Tools/EMotionStudio/Plugins/StandardPlugins/Source/NodeGroups/NodeGroupsPlugin.h,1,3,4
/media/ullmann/HDDGabriel/engines/o3de/Gems/Maestro/Code/Source/Cinematics/CharacterTrackAnimator.cpp,0,3,3
/media/ullmann/HDDGabriel/engines/o3de/Gems/Maestro/Code/Source/Cinematics/CharacterTrack.h,4,1,5
/media/ullmann/HDDGabriel/engines/o3de/Gems/Gestures/Code/Source/InputChannelGestureSwipe.h,2,1,3
/media/ullmann/HDDGabriel/engines/o3de/Gems/Gestures/Code/Source/InputChannelGesture.h,8,0,8
/media/ullmann/HDDGabriel/engines/o3de/Code/Legacy/CrySystem/XML/SerializeXMLReader.cpp,0,1,1
/media/ullmann/HDDGabriel/engines/o3de/Code/Legacy/CrySystem/XML/SerializeXMLReader.h,2,1,3
/media/ullmann/HDDGabriel/engines/o3de/Gems/LmbrCentral/Code/Source/Audio/AudioPreloadComponent.cpp,0,1,1
/media/ullmann/HDDGabriel/engines/o3de/Gems/LmbrCentral/Code/Source/Audio/AudioPreloadComponent.h,3,0,3
/media/ullmann/HDDGabriel/engines/o3de/Gems/AudioSystem/Code/Source/Editor/AudioControl.cpp,0,5,5
/media/ullmann/HDDGabriel/engines/o3de/Gems/EMotionFX/Code/EMotionFX/Tools/EMotionStudio/Plugins/StandardPlugins/Source/AnimGraph/ParameterWidget.h,2,1,3
/media/ullmann/HDDGabriel/engines/o3de/Gems/EMotionFX/Code/EMotionFX/Source/AttachmentNode.cpp,0,5,5
/media/ullmann/HDDGabriel/engines/o3de/Gems/LyShine/Code/Source/UiTextComponent.h,5,1,6
/media/ullmann/HDDGabriel/engines/o3de/Gems/LyShine/Code/Source/LyShine.h,8,1,9
/media/ullmann/HDDGabriel/engines/o3de/Code/Tools/AssetProcessor/native/utilities/BuilderConfigurationManager.cpp,0,1,1
/media/ullmann/HDDGabriel/engines/o3de/Code/Tools/AssetProcessor/native/utilities/BuilderConfigurationManager.h,1,0,1
/media/ullmann/HDDGabriel/engines/o3de/Gems/LmbrCentral/Code/Tests/BoxShapeTest.cpp,0,1,1
/media/ullmann/HDDGabriel/engines/o3de/Gems/ScriptCanvas/Code/Include/ScriptCanvas/Libraries/Deprecated/String/Replace.cpp,0,1,1
/media/ullmann/HDDGabriel/engines/o3de/Gems/ScriptCanvas/Code/Include/ScriptCanvas/Libraries/Deprecated/String/Replace.h,1,0,1
/media/ullmann/HDDGabriel/engines/o3de/Gems/MotionMatching/Code/Source/CsvSerializers.cpp,0,2,2
/media/ullmann/HDDGabriel/engines/o3de/Gems/MotionMatching/Code/Source/CsvSerializers.h,1,0,1
/media/ullmann/HDDGabriel/engines/o3de/Gems/SaveData/Code/Source/Platform/Windows/SaveData_Traits_Platform.h,0,1,1
/media/ullmann/HDDGabriel/engines/o3de/Gems/SaveData/Code/Source/Platform/Windows/SaveData_Traits_Windows.h,1,0,1
/media/ullmann/HDDGabriel/engines/o3de/Gems/DebugDraw/Code/Source/DebugDrawSphereComponent.h,4,0,4
/media/ullmann/HDDGabriel/engines/o3de/Code/Editor/Util/FileEnum.cpp,0,1,1
/media/ullmann/HDDGabriel/engines/o3de/Code/Editor/Util/FileEnum.h,2,0,2
/media/ullmann/HDDGabriel/engines/o3de/Code/Legacy/CryCommon/Cry_Math.h,9,11,20
/media/ullmann/HDDGabriel/engines/o3de/Code/Legacy/CryCommon/Cry_Matrix44.h,1,0,1
/media/ullmann/HDDGabriel/engines/o3de/Gems/Gestures/Code/Tests/GestureRecognizerClickOrTapTests.cpp,0,1,1
/media/ullmann/HDDGabriel/engines/o3de/Gems/Gestures/Code/Tests/BaseGestureTest.h,2,0,2
/media/ullmann/HDDGabriel/engines/o3de/Gems/GraphCanvas/Code/Source/Components/GridComponent.h,2,0,2
/media/ullmann/HDDGabriel/engines/o3de/Code/Tools/LuaIDE/Source/LUA/LUAEditorSyntaxHighlighter.cpp,0,3,3
/media/ullmann/HDDGabriel/engines/o3de/Code/Legacy/CryCommon/platform.h,9,2,11
/media/ullmann/HDDGabriel/engines/o3de/Gems/LmbrCentral/Code/Source/Shape/QuadShape.cpp,0,1,1
/media/ullmann/HDDGabriel/engines/o3de/Gems/LmbrCentral/Code/Source/Shape/QuadShape.h,2,0,2
/media/ullmann/HDDGabriel/engines/o3de/Code/Editor/Plugins/EditorCommon/EditorCommon.cpp,0,2,2
/media/ullmann/HDDGabriel/engines/o3de/Code/Editor/Plugins/EditorCommon/EditorCommon.h,1,0,1
/media/ullmann/HDDGabriel/engines/o3de/Gems/EMotionFX/Code/MCore/Source/AttributeVector4.h,2,3,5
/media/ullmann/HDDGabriel/engines/o3de/Gems/LyShine/Code/Editor/CommandCanvasSize.cpp,0,2,2
/media/ullmann/HDDGabriel/engines/o3de/Gems/Camera/Code/Source/CameraEditorSystemComponent.cpp,0,3,3
/media/ullmann/HDDGabriel/engines/o3de/Gems/Camera/Code/Source/EditorCameraComponent.h,4,2,6
/media/ullmann/HDDGabriel/engines/o3de/Gems/ScriptCanvas/Code/Editor/GraphCanvas/DataInterfaces/ScriptCanvasBoolDataInterface.h,0,1,1
/media/ullmann/HDDGabriel/engines/o3de/Gems/EMotionFX/Code/EMotionFX/Source/BlendTreeBlend2LegacyNode.cpp,0,11,11
/media/ullmann/HDDGabriel/engines/o3de/Gems/EMotionFX/Code/EMotionFX/Source/AnimGraph.h,15,0,15
/media/ullmann/HDDGabriel/engines/o3de/Gems/EMotionFX/Code/EMotionFX/Tools/EMotionStudio/Plugins/StandardPlugins/Source/MorphTargetsWindow/MorphTargetEditWindow.cpp,0,2,2
/media/ullmann/HDDGabriel/engines/o3de/Gems/EMotionFX/Code/EMotionFX/Tools/EMotionStudio/Plugins/StandardPlugins/Source/MorphTargetsWindow/MorphTargetEditWindow.h,2,2,4
/media/ullmann/HDDGabriel/engines/o3de/Gems/EMotionFX/Code/EMotionFX/Source/Parameter/GroupParameter.cpp,0,1,1
/media/ullmann/HDDGabriel/engines/o3de/Gems/EMotionFX/Code/EMotionFX/Source/Parameter/GroupParameter.h,1,2,3
/media/ullmann/HDDGabriel/engines/o3de/Gems/EditorPythonBindings/Code/Tests/PythonPairTests.cpp,0,3,3
/media/ullmann/HDDGabriel/engines/o3de/Gems/Meshlets/Code/Source/MeshletsSystemComponent.cpp,0,1,1
/media/ullmann/HDDGabriel/engines/o3de/Gems/Meshlets/Code/Source/MeshletsSystemComponent.h,4,0,4
/media/ullmann/HDDGabriel/engines/o3de/Gems/EMotionFX/Code/EMotionFX/Source/MotionEventTable.h,4,2,6
/media/ullmann/HDDGabriel/engines/o3de/Gems/AtomLyIntegration/CommonFeatures/Code/Source/PostProcess/ShapeWeightModifier/EditorShapeWeightModifierComponent.h,1,0,1
/media/ullmann/HDDGabriel/engines/o3de/Gems/LmbrCentral/Code/Source/Audio/EditorAudioTriggerComponent.h,2,1,3
/media/ullmann/HDDGabriel/engines/o3de/Gems/LmbrCentral/Code/Source/Audio/AudioTriggerComponent.h,2,0,2
/media/ullmann/HDDGabriel/engines/o3de/Code/Editor/TrackView/SelectKeyUIControls.cpp,0,2,2
/media/ullmann/HDDGabriel/engines/o3de/Gems/LmbrCentral/Code/Source/Scripting/LookAtComponent.h,3,0,3
/media/ullmann/HDDGabriel/engines/o3de/Gems/PhysX/Code/Source/HeightfieldColliderComponent.cpp,0,1,1
/media/ullmann/HDDGabriel/engines/o3de/Gems/PhysX/Code/Source/Scene/PhysXScene.h,2,0,2
/media/ullmann/HDDGabriel/engines/o3de/Gems/ScriptCanvas/Code/Editor/Components/IconComponent.cpp,0,1,1
/media/ullmann/HDDGabriel/engines/o3de/Gems/ScriptCanvas/Code/Editor/Components/IconComponent.h,1,0,1
/media/ullmann/HDDGabriel/engines/o3de/Gems/AudioSystem/Code/Tests/AudioSystemTest.cpp,0,3,3
/media/ullmann/HDDGabriel/engines/o3de/Gems/AudioSystem/Code/Tests/Mocks/FileCacheManagerMock.h,1,0,1
/media/ullmann/HDDGabriel/engines/o3de/Gems/NvCloth/Code/Source/Module.cpp,0,7,7
/media/ullmann/HDDGabriel/engines/o3de/Gems/NvCloth/Code/Source/Components/EditorClothComponent.h,1,0,1
/media/ullmann/HDDGabriel/engines/o3de/Code/Editor/Plugins/ComponentEntityEditorPlugin/SandboxIntegration.h,2,1,3
/media/ullmann/HDDGabriel/engines/o3de/Code/Editor/Plugins/ComponentEntityEditorPlugin/ContextMenuHandlers.h,2,0,2
/media/ullmann/HDDGabriel/engines/o3de/Gems/EMotionFX/Code/EMotionFX/Tools/EMotionStudio/Plugins/StandardPlugins/Source/AnimGraph/AnimGraphPlugin.cpp,0,15,15
/media/ullmann/HDDGabriel/engines/o3de/Gems/EMotionFX/Code/EMotionFX/Tools/EMotionStudio/Plugins/StandardPlugins/Source/AnimGraph/AnimGraphPlugin.h,6,6,12
/media/ullmann/HDDGabriel/engines/o3de/Code/Tools/AssetProcessor/native/ui/SourceAssetTreeModel.cpp,0,2,2
/media/ullmann/HDDGabriel/engines/o3de/Code/Tools/AssetProcessor/native/ui/SourceAssetTreeModel.h,4,1,5
/media/ullmann/HDDGabriel/engines/o3de/Code/Editor/Util/MemoryBlock.h,4,1,5
/media/ullmann/HDDGabriel/engines/o3de/Gems/EMotionFX/Code/EMotionFX/Source/Pose.h,9,0,9
/media/ullmann/HDDGabriel/engines/o3de/Gems/ScriptAutomation/Code/Source/ScriptAutomationModule.cpp,0,1,1
/media/ullmann/HDDGabriel/engines/o3de/Gems/ScriptAutomation/Code/Source/ScriptAutomationSystemComponent.h,3,0,3
/media/ullmann/HDDGabriel/engines/o3de/Code/Framework/AzCore/Tests/Math/CrcTests.cpp,0,1,1
/media/ullmann/HDDGabriel/engines/o3de/Code/Framework/AzCore/Tests/Math/CrcTestsCompileTimeLiterals.h,1,0,1
/media/ullmann/HDDGabriel/engines/o3de/Code/Tools/AssetProcessor/AssetBuilderSDK/AssetBuilderSDK/AssetBuilderSDK.h,1,1,2
/media/ullmann/HDDGabriel/engines/o3de/Code/Tools/AssetProcessor/AssetBuilderSDK/AssetBuilderSDK/AssetBuilderBusses.h,2,0,2
/media/ullmann/HDDGabriel/engines/o3de/Code/Editor/Util/PakFile.cpp,0,1,1
/media/ullmann/HDDGabriel/engines/o3de/Code/Editor/Plugins/ProjectSettingsTool/FunctorValidator.h,7,0,7
/media/ullmann/HDDGabriel/engines/o3de/Gems/AtomLyIntegration/CommonFeatures/Code/Source/PostProcess/LookModification/EditorLookModificationComponent.h,1,0,1
/media/ullmann/HDDGabriel/engines/o3de/Gems/AudioSystem/Code/Source/Editor/AudioControlsEditorUndo.cpp,0,4,4
/media/ullmann/HDDGabriel/engines/o3de/Gems/Atom/Asset/Shader/Code/Source/Editor/ShaderVariantAssetBuilder.h,3,1,4
/media/ullmann/HDDGabriel/engines/o3de/Gems/LyShine/Code/Editor/HierarchyClipboard.cpp,0,1,1
/media/ullmann/HDDGabriel/engines/o3de/Gems/AudioSystem/Code/Source/Editor/QSimpleAudioControlListWidget.cpp,0,4,4
/media/ullmann/HDDGabriel/engines/o3de/Gems/AudioSystem/Code/Source/Editor/QAudioControlEditorIcons.h,6,1,7
/media/ullmann/HDDGabriel/engines/o3de/Gems/AtomLyIntegration/CommonFeatures/Code/Source/CommonFeaturesSystemComponent.cpp,0,1,1
/media/ullmann/HDDGabriel/engines/o3de/Gems/AtomLyIntegration/CommonFeatures/Code/Source/CommonFeaturesSystemComponent.h,2,0,2
/media/ullmann/HDDGabriel/engines/o3de/Gems/ScriptCanvas/Code/Include/ScriptCanvas/Core/ScriptCanvasBus.h,0,3,3
/media/ullmann/HDDGabriel/engines/o3de/Code/Framework/AzCore/AzCore/Slice/SliceSystemComponent.h,1,1,2
/media/ullmann/HDDGabriel/engines/o3de/Gems/EMotionFX/Code/EMotionFX/Pipeline/EMotionFXBuilder/EMotionFXBuilderComponent.h,0,2,2
/media/ullmann/HDDGabriel/engines/o3de/Gems/EMotionFX/Code/EMotionFX/Pipeline/EMotionFXBuilder/MotionSetBuilderWorker.h,2,0,2
/media/ullmann/HDDGabriel/engines/o3de/Gems/LyShine/Code/Source/UiMarkupButtonComponent.h,4,2,6
/media/ullmann/HDDGabriel/engines/o3de/Gems/LyShine/Code/Source/UiInteractableComponent.h,14,3,17
/media/ullmann/HDDGabriel/engines/o3de/Gems/StartingPointCamera/Code/Source/CameraTransformBehaviors/Rotate.cpp,0,1,1
/media/ullmann/HDDGabriel/engines/o3de/Gems/StartingPointCamera/Code/Source/CameraTransformBehaviors/Rotate.h,2,0,2
/media/ullmann/HDDGabriel/engines/o3de/Gems/EMotionFX/Code/MCore/Source/MCoreSystem.cpp,0,10,10
/media/ullmann/HDDGabriel/engines/o3de/Gems/EMotionFX/Code/MCore/Source/MemoryCategoriesCore.h,3,0,3
/media/ullmann/HDDGabriel/engines/o3de/Gems/EMotionFX/Code/EMotionFX/Source/BlendTreePoseSwitchNode.cpp,0,7,7
/media/ullmann/HDDGabriel/engines/o3de/Gems/PhysX/Code/Source/Module.cpp,0,4,4
/media/ullmann/HDDGabriel/engines/o3de/Gems/PhysX/Code/Source/System/PhysXCookingParams.h,1,0,1
/media/ullmann/HDDGabriel/engines/o3de/Code/Tools/ProjectManager/Source/FormFolderBrowseEditWidget.cpp,0,1,1
/media/ullmann/HDDGabriel/engines/o3de/Code/Tools/ProjectManager/Source/ProjectBuilderWorker.cpp,0,4,4
/media/ullmann/HDDGabriel/engines/o3de/Code/Tools/ProjectManager/Source/PythonBindingsInterface.h,12,5,17
/media/ullmann/HDDGabriel/engines/o3de/Gems/DebugDraw/Code/Source/DebugDrawObbComponent.cpp,0,1,1
/media/ullmann/HDDGabriel/engines/o3de/Code/Framework/AzToolsFramework/Tests/ComponentModeTestDoubles.h,3,0,3
/media/ullmann/HDDGabriel/engines/o3de/Gems/EMotionFX/Code/Tests/ColliderCommandTests.cpp,0,1,1
/media/ullmann/HDDGabriel/engines/o3de/Gems/EMotionFX/Code/Tests/ActorFixture.h,5,1,6
/media/ullmann/HDDGabriel/engines/o3de/Code/Framework/AzToolsFramework/AzToolsFramework/UI/PropertyEditor/ComponentEditorHeader.cpp,0,2,2
/media/ullmann/HDDGabriel/engines/o3de/Code/Framework/AzToolsFramework/AzToolsFramework/UI/PropertyEditor/PropertyRowWidget.hxx,3,1,4
/media/ullmann/HDDGabriel/engines/o3de/Gems/Atom/Feature/Common/Code/Source/FrameCaptureSystemComponent.cpp,0,1,1
/media/ullmann/HDDGabriel/engines/o3de/Gems/Atom/Feature/Common/Code/Source/FrameCaptureSystemComponent.h,2,0,2
/media/ullmann/HDDGabriel/engines/o3de/Gems/EMotionFX/Code/EMotionFX/Source/TransformData.cpp,0,5,5
/media/ullmann/HDDGabriel/engines/o3de/Gems/ScriptCanvas/Code/Include/ScriptCanvas/Libraries/Deprecated/Operators/Containers/OperatorEmpty.cpp,0,1,1
/media/ullmann/HDDGabriel/engines/o3de/Gems/ScriptCanvas/Code/Include/ScriptCanvas/Libraries/Deprecated/Operators/Containers/OperatorEmpty.h,1,0,1
/media/ullmann/HDDGabriel/engines/o3de/Gems/LyShine/Code/Source/UiImageSequenceComponent.h,3,1,4
/media/ullmann/HDDGabriel/engines/o3de/Gems/LyShine/Code/Source/EditorPropertyTypes.h,6,0,6
/media/ullmann/HDDGabriel/engines/o3de/Gems/LandscapeCanvas/Code/Source/Editor/Nodes/AreaModifiers/ScaleModifierNode.cpp,0,1,1
/media/ullmann/HDDGabriel/engines/o3de/Gems/LandscapeCanvas/Code/Source/Editor/Nodes/AreaModifiers/ScaleModifierNode.h,2,0,2
/media/ullmann/HDDGabriel/engines/o3de/Gems/EMotionFX/Code/MCore/Source/StringIdPool.h,2,2,4
/media/ullmann/HDDGabriel/engines/o3de/Gems/WhiteBox/Code/Tests/WhiteBoxPhysicsTest.cpp,0,2,2
/media/ullmann/HDDGabriel/engines/o3de/Gems/ScriptCanvas/Code/Include/ScriptCanvas/Libraries/Core/ReceiveScriptEvent.cpp,0,1,1
/media/ullmann/HDDGabriel/engines/o3de/Gems/ScriptCanvas/Code/Include/ScriptCanvas/Libraries/Core/ReceiveScriptEvent.h,1,0,1
/media/ullmann/HDDGabriel/engines/o3de/Gems/DebugDraw/Code/Source/DebugDrawTextComponent.h,4,0,4
/media/ullmann/HDDGabriel/engines/o3de/Code/Tools/ProjectManager/Source/EngineSettingsScreen.h,3,1,4
/media/ullmann/HDDGabriel/engines/o3de/Gems/EMotionFX/Code/MCore/Source/Attribute.cpp,0,2,2
/media/ullmann/HDDGabriel/engines/o3de/Gems/EMotionFX/Code/MCore/Source/AttributeFactory.h,3,3,6
/media/ullmann/HDDGabriel/engines/o3de/Gems/ScriptCanvas/Code/Include/ScriptCanvas/Grammar/AbstractCodeModel.h,3,3,6
/media/ullmann/HDDGabriel/engines/o3de/Gems/ScriptCanvas/Code/Include/ScriptCanvas/Grammar/DebugMap.h,2,0,2
/media/ullmann/HDDGabriel/engines/o3de/Gems/EMotionFX/Code/EMotionFX/Source/AnimGraphEntryNode.cpp,0,6,6
/media/ullmann/HDDGabriel/engines/o3de/Gems/LyShine/Code/Editor/PropertyHandlerDirectory.cpp,0,2,2
/media/ullmann/HDDGabriel/engines/o3de/Gems/LyShine/Code/Editor/PropertyHandlerDirectory.h,2,0,2
/media/ullmann/HDDGabriel/engines/o3de/Gems/EMotionFX/Code/EMotionFX/Tools/EMotionStudio/Plugins/StandardPlugins/Source/AnimGraph/ParameterSelectionWindow.h,1,2,3
/media/ullmann/HDDGabriel/engines/o3de/Gems/Maestro/Code/Source/Cinematics/AnimNode.cpp,0,20,20
/media/ullmann/HDDGabriel/engines/o3de/Code/Framework/AzQtComponents/AzQtComponents/Gallery/ProgressIndicatorPage.h,2,0,2
/media/ullmann/HDDGabriel/engines/o3de/Code/Editor/EditorPreferencesPageViewportManipulator.h,3,1,4
/media/ullmann/HDDGabriel/engines/o3de/Gems/Multiplayer/Code/Source/Debug/MultiplayerDebugAuditTrail.h,2,0,2
/media/ullmann/HDDGabriel/engines/o3de/Gems/AWSMetrics/Code/Source/AWSMetricsModule.cpp,0,2,2
/media/ullmann/HDDGabriel/engines/o3de/Gems/AWSMetrics/Code/Source/AWSMetricsModule.h,1,0,1
/media/ullmann/HDDGabriel/engines/o3de/Gems/Maestro/Code/Source/Cinematics/SceneNode.h,3,3,6
/media/ullmann/HDDGabriel/engines/o3de/Gems/Maestro/Code/Source/Cinematics/SelectTrack.h,3,1,4
/media/ullmann/HDDGabriel/engines/o3de/Gems/MotionMatching/Code/Source/Frame.cpp,0,2,2
/media/ullmann/HDDGabriel/engines/o3de/Gems/MotionMatching/Code/Source/Frame.h,4,0,4
/media/ullmann/HDDGabriel/engines/o3de/Gems/LmbrCentral/Code/Platform/Linux/LmbrCentral_Traits_Platform.h,0,1,1
/media/ullmann/HDDGabriel/engines/o3de/Gems/LmbrCentral/Code/Platform/Linux/LmbrCentral_Traits_Linux.h,1,0,1
/media/ullmann/HDDGabriel/engines/o3de/Gems/Atom/Feature/Common/Code/Source/PostProcess/PostProcessFeatureProcessor.h,1,0,1
/media/ullmann/HDDGabriel/engines/o3de/Gems/ScriptCanvasDeveloper/Code/Editor/Source/EditorAutomationTestDialog.h,2,0,2
/media/ullmann/HDDGabriel/engines/o3de/Gems/ScriptCanvas/Code/Include/ScriptCanvas/Execution/ExecutionObjectCloning.cpp,0,1,1
/media/ullmann/HDDGabriel/engines/o3de/Gems/ScriptCanvas/Code/Include/ScriptCanvas/Execution/ExecutionObjectCloning.h,1,0,1
/media/ullmann/HDDGabriel/engines/o3de/Gems/LyShine/Code/Source/Animation/UiAnimSerialize.h,5,0,5
/media/ullmann/HDDGabriel/engines/o3de/Gems/AWSCore/Code/Source/Configuration/AWSCoreConfiguration.h,1,0,1
/media/ullmann/HDDGabriel/engines/o3de/Gems/LyShine/Code/Editor/Animation/UiAnimViewDialog.cpp,0,14,14
/media/ullmann/HDDGabriel/engines/o3de/Gems/LyShine/Code/Editor/Animation/UiAVSequenceProps.h,2,0,2
/media/ullmann/HDDGabriel/engines/o3de/Gems/WhiteBox/Code/Source/Asset/WhiteBoxMeshAssetUndoCommand.cpp,0,1,1
/media/ullmann/HDDGabriel/engines/o3de/Gems/WhiteBox/Code/Source/Asset/WhiteBoxMeshAssetUndoCommand.h,1,1,2
/media/ullmann/HDDGabriel/engines/o3de/Gems/ScriptCanvas/Code/Include/ScriptCanvas/Libraries/Core/FunctionDefinitionNode.cpp,0,1,1
/media/ullmann/HDDGabriel/engines/o3de/Gems/ScriptCanvas/Code/Include/ScriptCanvas/Libraries/Core/FunctionDefinitionNode.h,2,1,3
/media/ullmann/HDDGabriel/engines/o3de/Gems/LyShine/Code/Editor/Animation/UiAnimViewNodes.cpp,0,6,6
/media/ullmann/HDDGabriel/engines/o3de/Gems/Terrain/Code/Source/EditorTerrainModule.h,1,1,2
/media/ullmann/HDDGabriel/engines/o3de/Gems/Terrain/Code/Source/TerrainModule.h,2,0,2
/media/ullmann/HDDGabriel/engines/o3de/Gems/Atom/Asset/ImageProcessingAtom/Code/Source/Compressors/CryTextureSquisher/ColorBlockRGBA4x4s.h,2,1,3
/media/ullmann/HDDGabriel/engines/o3de/Gems/Atom/Asset/ImageProcessingAtom/Code/Source/Compressors/CryTextureSquisher/ColorTypes.h,3,0,3
/media/ullmann/HDDGabriel/engines/o3de/Gems/LyShine/Code/Editor/Animation/UiAnimViewDialog.h,9,5,14
/media/ullmann/HDDGabriel/engines/o3de/Gems/LyShine/Code/Editor/Animation/UiAnimViewAnimNode.cpp,0,8,8
/media/ullmann/HDDGabriel/engines/o3de/Gems/EMotionFX/Code/EMotionFX/Source/BaseObject.cpp,0,1,1
/media/ullmann/HDDGabriel/engines/o3de/Gems/ScriptCanvas/Code/Editor/GraphCanvas/PropertyInterfaces/ScriptCanvasEnumComboBoxPropertyDataInterface.h,0,1,1
/media/ullmann/HDDGabriel/engines/o3de/Gems/ScriptCanvas/Code/Editor/GraphCanvas/PropertyInterfaces/ScriptCanvasPropertyDataInterface.h,2,0,2
/media/ullmann/HDDGabriel/engines/o3de/Code/Editor/WelcomeScreen/WelcomeScreenDialog.cpp,0,1,1
/media/ullmann/HDDGabriel/engines/o3de/Code/Editor/WelcomeScreen/WelcomeScreenDialog.h,2,0,2
/media/ullmann/HDDGabriel/engines/o3de/Gems/LyShine/Code/Editor/PropertyHandlers.cpp,0,12,12
/media/ullmann/HDDGabriel/engines/o3de/Gems/LyShine/Code/Editor/PropertyHandlerAnchor.h,2,0,2
/media/ullmann/HDDGabriel/engines/o3de/Gems/AudioEngineWwise/Code/Source/Editor/AudioWwiseLoader.h,2,1,3
/media/ullmann/HDDGabriel/engines/o3de/Gems/AudioEngineWwise/Code/Source/Editor/AudioSystemControl_wwise.h,3,0,3
/media/ullmann/HDDGabriel/engines/o3de/Gems/Atom/Asset/ImageProcessingAtom/External/CubeMapGen/CCubeMapProcessor.h,1,3,4
/media/ullmann/HDDGabriel/engines/o3de/Gems/Atom/Asset/ImageProcessingAtom/External/CubeMapGen/VectorMacros.h,2,0,2
/media/ullmann/HDDGabriel/engines/o3de/Gems/LyShine/Code/Editor/CommandCanvasSizeToolbarIndex.h,1,0,1
/media/ullmann/HDDGabriel/engines/o3de/Gems/LmbrCentral/Code/Source/Audio/EditorAudioSwitchComponent.h,2,1,3
/media/ullmann/HDDGabriel/engines/o3de/Gems/LmbrCentral/Code/Source/Audio/AudioSwitchComponent.h,3,0,3
/media/ullmann/HDDGabriel/engines/o3de/Gems/AudioSystem/Code/Source/Editor/QAudioControlTreeWidget.h,4,1,5
/media/ullmann/HDDGabriel/engines/o3de/Gems/LyShine/Code/Editor/Animation/UiAnimViewSequence.h,18,1,19
/media/ullmann/HDDGabriel/engines/o3de/Gems/GradientSignal/Code/Source/Editor/EditorPosterizeGradientComponent.cpp,0,1,1
/media/ullmann/HDDGabriel/engines/o3de/Gems/GradientSignal/Code/Source/Editor/EditorPosterizeGradientComponent.h,2,0,2
/media/ullmann/HDDGabriel/engines/o3de/Code/Framework/AzQtComponents/AzQtComponents/Gallery/BrowseEditPage.h,2,0,2
/media/ullmann/HDDGabriel/engines/o3de/Code/Tools/AWSNativeSDKInit/tests/libs/AWSNativeSDKTestManager.cpp,0,1,1
/media/ullmann/HDDGabriel/engines/o3de/Code/Tools/AWSNativeSDKInit/tests/libs/AWSNativeSDKTestManager.h,1,0,1
/media/ullmann/HDDGabriel/engines/o3de/Gems/Atom/Tools/AtomToolsFramework/Code/Source/AtomToolsFrameworkModule.cpp,0,5,5
/media/ullmann/HDDGabriel/engines/o3de/Gems/Atom/Tools/AtomToolsFramework/Code/Source/PerformanceMonitor/PerformanceMonitorSystemComponent.h,1,0,1
/media/ullmann/HDDGabriel/engines/o3de/Gems/Atom/Asset/Shader/Code/Source/Editor/ShaderAssetBuilder.h,3,0,3
/media/ullmann/HDDGabriel/engines/o3de/Code/Framework/AzQtComponents/AzQtComponents/Gallery/TreeViewPage.h,2,0,2
/media/ullmann/HDDGabriel/engines/o3de/Code/Legacy/CrySystem/LocalizedStringManager.h,4,1,5
/media/ullmann/HDDGabriel/engines/o3de/Code/Legacy/CrySystem/XConsole.h,8,0,8
/media/ullmann/HDDGabriel/engines/o3de/Code/Editor/Plugins/ProjectSettingsTool/PropertyImagePreview.cpp,0,6,6
/media/ullmann/HDDGabriel/engines/o3de/Code/Editor/Plugins/ProjectSettingsTool/Utils.h,4,0,4
/media/ullmann/HDDGabriel/engines/o3de/Gems/ScriptCanvas/Code/Include/ScriptCanvas/Libraries/Core/MethodOverloaded.h,2,1,3
/media/ullmann/HDDGabriel/engines/o3de/Gems/ScriptCanvas/Code/Include/ScriptCanvas/Libraries/Core/Method.h,3,0,3
/media/ullmann/HDDGabriel/engines/o3de/Gems/LmbrCentral/Code/Source/Bundling/BundlingSystemComponent.cpp,0,1,1
/media/ullmann/HDDGabriel/engines/o3de/Gems/LmbrCentral/Code/Source/Bundling/BundlingSystemComponent.h,2,0,2
/media/ullmann/HDDGabriel/engines/o3de/Gems/EditorPythonBindings/Code/Tests/PythonPairTests.h,2,2,4
/media/ullmann/HDDGabriel/engines/o3de/Gems/LyShine/Code/Source/UiLayoutColumnComponent.cpp,0,2,2
/media/ullmann/HDDGabriel/engines/o3de/Gems/Maestro/Code/Source/MaestroSystemComponent.cpp,0,2,2
/media/ullmann/HDDGabriel/engines/o3de/Gems/EMotionFX/Code/EMotionFX/Tools/EMotionStudio/EMStudioSDK/Source/LayoutManager.h,2,1,3
/media/ullmann/HDDGabriel/engines/o3de/Code/Tools/ProjectManager/Source/CreateProjectCtrl.cpp,0,10,10
/media/ullmann/HDDGabriel/engines/o3de/Code/Tools/ProjectManager/Source/NewProjectSettingsScreen.h,3,2,5
/media/ullmann/HDDGabriel/engines/o3de/Gems/LandscapeCanvas/Code/Source/Editor/Nodes/Gradients/RandomNoiseGradientNode.cpp,0,1,1
/media/ullmann/HDDGabriel/engines/o3de/Gems/LandscapeCanvas/Code/Source/Editor/Nodes/Gradients/RandomNoiseGradientNode.h,2,0,2
/media/ullmann/HDDGabriel/engines/o3de/Gems/EMotionFX/Code/EMotionFX/Tools/EMotionStudio/Plugins/StandardPlugins/Source/MotionSetsWindow/MotionSetsWindowPlugin.h,2,4,6
/media/ullmann/HDDGabriel/engines/o3de/Gems/EMotionFX/Code/EMotionFX/Source/KeyTrackLinearDynamic.h,0,5,5
/media/ullmann/HDDGabriel/engines/o3de/Gems/GraphCanvas/Code/Source/Components/BookmarkManagerComponent.h,2,0,2
/media/ullmann/HDDGabriel/engines/o3de/Gems/MotionMatching/Code/Source/BlendTreeMotionMatchNode.h,2,4,6
/media/ullmann/HDDGabriel/engines/o3de/Gems/SceneProcessing/Code/Source/Config/Components/SoftNameBehavior.h,1,0,1
/media/ullmann/HDDGabriel/engines/o3de/Gems/EMotionFX/Code/EMotionFX/CommandSystem/Source/AnimGraphGroupParameterCommands.h,1,1,2
/media/ullmann/HDDGabriel/engines/o3de/Gems/EMotionFX/Code/EMotionFX/CommandSystem/Source/CommandSystemConfig.h,15,0,15
/media/ullmann/HDDGabriel/engines/o3de/Gems/LyShine/Code/Editor/FindEntityWidget.cpp,0,3,3
/media/ullmann/HDDGabriel/engines/o3de/Gems/LyShine/Code/Editor/FindEntityItemModel.h,3,0,3
/media/ullmann/HDDGabriel/engines/o3de/Gems/SliceFavorites/Code/Source/FavoriteDataModel.cpp,0,2,2
/media/ullmann/HDDGabriel/engines/o3de/Gems/SliceFavorites/Code/Source/ComponentSliceFavoritesWindow.h,2,0,2
/media/ullmann/HDDGabriel/engines/o3de/Gems/LmbrCentral/Code/Source/Scripting/RandomTimedSpawnerComponent.h,3,0,3
/media/ullmann/HDDGabriel/engines/o3de/Gems/LyShine/Code/Editor/EditorMenu.cpp,0,5,5
/media/ullmann/HDDGabriel/engines/o3de/Gems/MotionMatching/Code/Source/FeatureTrajectory.h,6,2,8
/media/ullmann/HDDGabriel/engines/o3de/Code/Editor/EditorPreferencesPageGeneral.cpp,0,4,4
/media/ullmann/HDDGabriel/engines/o3de/Code/Editor/Core/QtEditorApplication.h,7,0,7
/media/ullmann/HDDGabriel/engines/o3de/Gems/AWSGameLift/Code/AWSGameLiftServer/Source/AWSGameLiftServerManager.cpp,0,2,2
/media/ullmann/HDDGabriel/engines/o3de/Gems/AWSGameLift/Code/AWSGameLiftServer/Source/AWSGameLiftServerManager.h,2,0,2
/media/ullmann/HDDGabriel/engines/o3de/Code/Framework/AzToolsFramework/Tests/PropertyIntCtrlCommonTests.h,2,1,3
/media/ullmann/HDDGabriel/engines/o3de/Code/Framework/AzToolsFramework/Tests/IntegerPrimtitiveTestConfig.h,2,0,2
/media/ullmann/HDDGabriel/engines/o3de/Code/Framework/AzCore/Tests/AttributeDomInteropTests.cpp,0,1,1
/media/ullmann/HDDGabriel/engines/o3de/Code/Framework/AzCore/Tests/DOM/DomFixtures.h,1,0,1
/media/ullmann/HDDGabriel/engines/o3de/Gems/EMotionFX/Code/MCore/Source/Distance.cpp,0,2,2
/media/ullmann/HDDGabriel/engines/o3de/Gems/AudioSystem/Code/Source/Engine/ATLComponents.cpp,0,2,2
/media/ullmann/HDDGabriel/engines/o3de/Gems/AudioSystem/Code/Source/Engine/ATLComponents.h,2,4,6
/media/ullmann/HDDGabriel/engines/o3de/Gems/ScriptCanvas/Code/Include/ScriptCanvas/Libraries/Deprecated/Operators/Containers/OperatorErase.cpp,0,1,1
/media/ullmann/HDDGabriel/engines/o3de/Gems/ScriptCanvas/Code/Include/ScriptCanvas/Libraries/Deprecated/Operators/Containers/OperatorErase.h,1,1,2
/media/ullmann/HDDGabriel/engines/o3de/Gems/EMotionFX/Code/EMotionFX/Source/NodeMap.h,2,2,4
/media/ullmann/HDDGabriel/engines/o3de/Gems/AtomLyIntegration/CommonFeatures/Code/Source/PostProcess/DepthOfField/EditorDepthOfFieldComponent.h,1,0,1
/media/ullmann/HDDGabriel/engines/o3de/Code/Framework/AzFramework/AzFramework/FileTag/FileTagComponent.cpp,0,1,1
/media/ullmann/HDDGabriel/engines/o3de/Code/Framework/AzFramework/AzFramework/FileTag/FileTagComponent.h,1,0,1
/media/ullmann/HDDGabriel/engines/o3de/Code/Tools/ProjectManager/Source/ProjectUtils.h,10,3,13
/media/ullmann/HDDGabriel/engines/o3de/Gems/LmbrCentral/Code/Source/Shape/EditorSphereShapeComponent.h,3,2,5
/media/ullmann/HDDGabriel/engines/o3de/Code/Editor/Util/Image.h,5,1,6
/media/ullmann/HDDGabriel/engines/o3de/Gems/ScriptCanvasTesting/Code/Source/Framework/ScriptCanvasTestApplication.h,1,1,2
/media/ullmann/HDDGabriel/engines/o3de/Gems/LyShine/Code/Source/EditorPropertyTypes.cpp,0,1,1
/media/ullmann/HDDGabriel/engines/o3de/Gems/LyShine/Code/Source/UiDynamicScrollBoxComponent.cpp,0,4,4
/media/ullmann/HDDGabriel/engines/o3de/Gems/LyShine/Code/Source/UiNavigationHelpers.h,10,0,10
/media/ullmann/HDDGabriel/engines/o3de/Gems/EMotionFX/Code/MCore/Source/IDGenerator.h,2,3,5
/media/ullmann/HDDGabriel/engines/o3de/Gems/EditorPythonBindings/Code/Tests/PythonReflectionComponentTests.cpp,0,2,2
/media/ullmann/HDDGabriel/engines/o3de/Gems/LandscapeCanvas/Code/Source/Editor/MainWindow.cpp,0,1,1
/media/ullmann/HDDGabriel/engines/o3de/Gems/LandscapeCanvas/Code/Source/Editor/MainWindow.h,2,0,2
/media/ullmann/HDDGabriel/engines/o3de/Gems/AudioEngineWwise/Code/Source/Engine/AudioSystemImpl_wwise.cpp,0,7,7
/media/ullmann/HDDGabriel/engines/o3de/Gems/AudioEngineWwise/Code/Source/Engine/AudioSourceManager.h,2,0,2
/media/ullmann/HDDGabriel/engines/o3de/Gems/LyShine/Code/Source/UiLayoutGridComponent.cpp,0,2,2
/media/ullmann/HDDGabriel/engines/o3de/Code/Framework/AzToolsFramework/AzToolsFramework/UI/PropertyEditor/PropertyStringComboBoxCtrl.hxx,1,1,2
/media/ullmann/HDDGabriel/engines/o3de/Code/Framework/AzToolsFramework/AzToolsFramework/UI/PropertyEditor/PropertyEditorAPI.h,18,2,20
/media/ullmann/HDDGabriel/engines/o3de/Gems/Atom/RHI/Code/Tests/FrameSchedulerTests.cpp,0,1,1
/media/ullmann/HDDGabriel/engines/o3de/Gems/LandscapeCanvas/Code/Source/Editor/Nodes/GradientModifiers/PosterizeGradientModifierNode.cpp,0,1,1
/media/ullmann/HDDGabriel/engines/o3de/Gems/LandscapeCanvas/Code/Source/Editor/Nodes/GradientModifiers/PosterizeGradientModifierNode.h,2,0,2
/media/ullmann/HDDGabriel/engines/o3de/Code/Tools/ProjectManager/Source/EngineScreenCtrl.h,2,1,3
/media/ullmann/HDDGabriel/engines/o3de/Code/Legacy/CryCommon/IPathfinder.h,0,5,5
/media/ullmann/HDDGabriel/engines/o3de/Code/Legacy/CryCommon/LegacyAllocator.h,2,0,2
/media/ullmann/HDDGabriel/engines/o3de/Gems/Maestro/Code/Source/Cinematics/ShadowsSetupNode.h,3,1,4
/media/ullmann/HDDGabriel/engines/o3de/Gems/ScriptCanvas/Code/Include/ScriptCanvas/Data/BehaviorContextObjectPtr.cpp,0,2,2
/media/ullmann/HDDGabriel/engines/o3de/Gems/ScriptCanvas/Code/Include/ScriptCanvas/Data/BehaviorContextObjectPtr.h,2,0,2
/media/ullmann/HDDGabriel/engines/o3de/Code/Legacy/CrySystem/SystemEventDispatcher.cpp,0,2,2
/media/ullmann/HDDGabriel/engines/o3de/Code/Legacy/CrySystem/CrySystem_precompiled.h,19,0,19
/media/ullmann/HDDGabriel/engines/o3de/Code/Legacy/CrySystem/XML/XmlUtils.cpp,0,6,6
/media/ullmann/HDDGabriel/engines/o3de/Code/Legacy/CrySystem/XML/xml.h,5,0,5
/media/ullmann/HDDGabriel/engines/o3de/Gems/AtomLyIntegration/EMotionFXAtom/Code/Source/AtomBackend.cpp,0,3,3
/media/ullmann/HDDGabriel/engines/o3de/Gems/AtomLyIntegration/EMotionFXAtom/Code/Source/AtomActor.h,4,0,4
/media/ullmann/HDDGabriel/engines/o3de/Gems/EMotionFX/Code/EMotionFX/Tools/EMotionStudio/EMStudioSDK/Source/NotificationWindow.cpp,0,2,2
/media/ullmann/HDDGabriel/engines/o3de/Gems/EMotionFX/Code/EMotionFX/Tools/EMotionStudio/EMStudioSDK/Source/NotificationWindow.h,2,1,3
/media/ullmann/HDDGabriel/engines/o3de/Gems/Metastream/Code/Source/MetastreamGem.cpp,0,2,2
/media/ullmann/HDDGabriel/engines/o3de/Gems/Metastream/Code/Source/CivetHttpServer.h,2,1,3
/media/ullmann/HDDGabriel/engines/o3de/Code/Editor/Objects/ObjectLoader.h,2,0,2
/media/ullmann/HDDGabriel/engines/o3de/Gems/ScriptEvents/Code/Include/ScriptEvents/Internal/BehaviorContextBinding/ScriptEventMethod.cpp,0,2,2
/media/ullmann/HDDGabriel/engines/o3de/Gems/ScriptEvents/Code/Include/ScriptEvents/Internal/BehaviorContextBinding/ScriptEventMethod.h,1,0,1
/media/ullmann/HDDGabriel/engines/o3de/Gems/EMotionFX/Code/EMotionFX/Source/ConstraintTransformRotationAngles.h,0,2,2
/media/ullmann/HDDGabriel/engines/o3de/Gems/EMotionFX/Code/EMotionFX/Tools/EMotionStudio/Plugins/StandardPlugins/Source/AnimGraph/ParameterEditor/FloatSpinnerParameterEditor.h,2,1,3
/media/ullmann/HDDGabriel/engines/o3de/Code/Editor/UndoDropDown.cpp,0,3,3
/media/ullmann/HDDGabriel/engines/o3de/Code/Editor/UndoDropDown.h,2,1,3
/media/ullmann/HDDGabriel/engines/o3de/Code/Editor/LogFile.cpp,0,5,5
/media/ullmann/HDDGabriel/engines/o3de/Gems/LyShineExamples/Code/Source/LyShineExamplesCppExample.h,3,0,3
/media/ullmann/HDDGabriel/engines/o3de/Gems/AtomLyIntegration/EMotionFXAtom/Code/Source/ActorSystemComponent.cpp,0,2,2
/media/ullmann/HDDGabriel/engines/o3de/Gems/AtomLyIntegration/EMotionFXAtom/Code/Source/ActorSystemComponent.h,2,0,2
/media/ullmann/HDDGabriel/engines/o3de/Code/Framework/AzToolsFramework/AzToolsFramework/ToolsFileUtils/ToolsFileUtils_win.cpp,0,1,1
/media/ullmann/HDDGabriel/engines/o3de/Code/Framework/AzToolsFramework/AzToolsFramework/ToolsFileUtils/ToolsFileUtils.h,2,0,2
/media/ullmann/HDDGabriel/engines/o3de/Gems/EMotionFX/Code/MCore/Source/AttributeInt32.h,5,3,8
/media/ullmann/HDDGabriel/engines/o3de/Gems/Atom/Tools/MaterialCanvas/Code/Source/MaterialCanvasApplication.cpp,0,4,4
/media/ullmann/HDDGabriel/engines/o3de/Gems/Atom/Tools/MaterialCanvas/Code/Source/MaterialCanvasApplication.h,2,1,3
/media/ullmann/HDDGabriel/engines/o3de/Gems/EMotionFX/Code/EMotionFX/Source/EventData.h,2,3,5
/media/ullmann/HDDGabriel/engines/o3de/Code/Editor/Plugins/ComponentEntityEditorPlugin/UI/ComponentPalette/ComponentPaletteSettings.h,1,0,1
/media/ullmann/HDDGabriel/engines/o3de/Gems/EMotionFX/Code/EMotionFX/Source/EventManager.cpp,0,6,6
/media/ullmann/HDDGabriel/engines/o3de/Gems/AudioSystem/Code/Source/Engine/ATLEntities.h,5,1,6
/media/ullmann/HDDGabriel/engines/o3de/Gems/AudioSystem/Code/Source/Engine/ATLUtils.h,5,0,5
/media/ullmann/HDDGabriel/engines/o3de/Gems/LmbrCentral/Code/Source/Builders/SliceBuilder/SliceBuilderComponent.h,2,1,3
/media/ullmann/HDDGabriel/engines/o3de/Gems/AtomTressFX/External/Code/src/TressFX/TressFXBoneSkinning.cpp,0,3,3
/media/ullmann/HDDGabriel/engines/o3de/Gems/AtomTressFX/External/Code/src/TressFX/TressFXHairObject.h,8,6,14
/media/ullmann/HDDGabriel/engines/o3de/Gems/AssetValidation/Code/Source/AssetValidationModule.cpp,0,1,1
/media/ullmann/HDDGabriel/engines/o3de/Gems/LyShine/Code/Source/UiTooltipDisplayComponent.h,4,0,4
/media/ullmann/HDDGabriel/engines/o3de/Gems/MotionMatching/Code/Source/FrameDatabase.cpp,0,7,7
/media/ullmann/HDDGabriel/engines/o3de/Gems/MotionMatching/Code/Source/FrameDatabase.h,8,2,10
/media/ullmann/HDDGabriel/engines/o3de/Gems/ScriptCanvas/Code/Include/ScriptCanvas/Libraries/UnitTesting/UnitTestBusSender.h,1,1,2
/media/ullmann/HDDGabriel/engines/o3de/Gems/ScriptCanvas/Code/Include/ScriptCanvas/Libraries/UnitTesting/UnitTestBus.h,1,1,2
/media/ullmann/HDDGabriel/engines/o3de/Code/Editor/LogFileImpl.h,2,1,3
/media/ullmann/HDDGabriel/engines/o3de/Code/Editor/Include/ILogFile.h,1,0,1
/media/ullmann/HDDGabriel/engines/o3de/Gems/DebugDraw/Code/Source/DebugDrawSystemComponent.cpp,0,7,7
/media/ullmann/HDDGabriel/engines/o3de/Gems/EMotionFX/Code/EMotionFX/Source/DualQuatSkinDeformer.cpp,0,9,9
/media/ullmann/HDDGabriel/engines/o3de/Gems/EMotionFX/Code/EMotionFX/Source/DualQuatSkinDeformer.h,1,3,4
/media/ullmann/HDDGabriel/engines/o3de/Code/Framework/AzCore/Tests/AZStd/FunctionalBasic.cpp,0,1,1
/media/ullmann/HDDGabriel/engines/o3de/Gems/EMotionFX/Code/EMotionFX/Source/BlendTreeVector3ComposeNode.cpp,0,1,1
/media/ullmann/HDDGabriel/engines/o3de/Gems/Atom/RHI/DX12/Code/Source/RHI/AttachmentImagePool.cpp,0,3,3
/media/ullmann/HDDGabriel/engines/o3de/Gems/Atom/RHI/DX12/Code/Source/RHI/Conversions.h,1,0,1
/media/ullmann/HDDGabriel/engines/o3de/Gems/LyShine/Code/Editor/PreviewActionLog.h,1,0,1
/media/ullmann/HDDGabriel/engines/o3de/Code/Editor/QtViewPane.h,1,4,5
/media/ullmann/HDDGabriel/engines/o3de/Code/Editor/Include/ObjectEvent.h,2,0,2
/media/ullmann/HDDGabriel/engines/o3de/Gems/AtomTressFX/External/Code/src/TressFX/TressFXSDFCollision.h,2,3,5
/media/ullmann/HDDGabriel/engines/o3de/Gems/EMotionFX/Code/EMotionFX/Source/AttachmentSkin.h,2,2,4
/media/ullmann/HDDGabriel/engines/o3de/Gems/EMotionFX/Code/EMotionFX/Source/AnimGraphEventBuffer.cpp,0,3,3
/media/ullmann/HDDGabriel/engines/o3de/Gems/LmbrCentral/Code/Source/Unhandled/Other/GroupAssetTypeInfo.cpp,0,1,1
/media/ullmann/HDDGabriel/engines/o3de/Gems/LmbrCentral/Code/Source/Unhandled/Other/GroupAssetTypeInfo.h,2,0,2
/media/ullmann/HDDGabriel/engines/o3de/Code/Tools/LuaIDE/Source/LUA/LUAEditorView.cpp,0,8,8
/media/ullmann/HDDGabriel/engines/o3de/Code/Tools/LuaIDE/Source/LUA/LUAEditorSyntaxHighlighter.hxx,2,0,2
/media/ullmann/HDDGabriel/engines/o3de/Gems/EMotionFX/Code/EMotionFX/Source/MorphSetupInstance.cpp,0,2,2
/media/ullmann/HDDGabriel/engines/o3de/Code/Framework/AzFramework/AzFramework/Visibility/BoundsBus.cpp,0,1,1
/media/ullmann/HDDGabriel/engines/o3de/Code/Framework/AzFramework/AzFramework/Visibility/BoundsBus.h,1,0,1
/media/ullmann/HDDGabriel/engines/o3de/Gems/AtomLyIntegration/EMotionFXAtom/Code/Source/AtomActorInstance.cpp,0,4,4
/media/ullmann/HDDGabriel/engines/o3de/Gems/AtomLyIntegration/EMotionFXAtom/Code/Source/AtomActorInstance.h,3,1,4
/media/ullmann/HDDGabriel/engines/o3de/Gems/LyShine/Code/Source/LyShineModule.h,1,0,1
/media/ullmann/HDDGabriel/engines/o3de/Gems/Terrain/Code/Source/EditorComponents/EditorTerrainSystemComponent.h,1,0,1
/media/ullmann/HDDGabriel/engines/o3de/Code/Framework/AzToolsFramework/AzToolsFramework/Manipulators/MultiLinearManipulator.h,1,2,3
/media/ullmann/HDDGabriel/engines/o3de/Code/Framework/AzToolsFramework/AzToolsFramework/Manipulators/LinearManipulator.h,2,1,3
/media/ullmann/HDDGabriel/engines/o3de/Code/Editor/ErrorReport.cpp,0,3,3
/media/ullmann/HDDGabriel/engines/o3de/Code/Editor/ErrorReportDialog.h,4,1,5
/media/ullmann/HDDGabriel/engines/o3de/Code/Tools/TestImpactFramework/Runtime/Python/Code/Source/TestImpactPythonRuntime.cpp,0,6,6
/media/ullmann/HDDGabriel/engines/o3de/Code/Tools/TestImpactFramework/Runtime/Python/Code/Source/Target/Python/TestImpactPythonProductionTarget.h,1,0,1
/media/ullmann/HDDGabriel/engines/o3de/Code/Legacy/CrySystem/CmdLine.h,2,1,3
/media/ullmann/HDDGabriel/engines/o3de/Gems/LyShine/Code/Editor/Animation/UiAVSequenceProps.cpp,0,4,4
/media/ullmann/HDDGabriel/engines/o3de/Gems/EMotionFX/Code/EMotionFX/Source/Parameter/Vector3Parameter.h,2,1,3
/media/ullmann/HDDGabriel/engines/o3de/Gems/EMotionFX/Code/EMotionFX/Source/Parameter/RangedValueParameter.h,7,1,8
/media/ullmann/HDDGabriel/engines/o3de/Gems/LmbrCentral/Code/Source/Shape/EditorSplineComponentMode.h,3,0,3
/media/ullmann/HDDGabriel/engines/o3de/Gems/AtomLyIntegration/CommonFeatures/Code/Source/CoreLights/EditorAreaLightComponent.h,1,0,1
/media/ullmann/HDDGabriel/engines/o3de/Code/Legacy/CryCommon/WinBase.cpp,0,2,2
/media/ullmann/HDDGabriel/engines/o3de/Gems/PythonAssetBuilder/Code/Source/PythonBuilderNotificationHandler.cpp,0,1,1
/media/ullmann/HDDGabriel/engines/o3de/Gems/PythonAssetBuilder/Code/Source/PythonBuilderNotificationHandler.h,1,0,1
/media/ullmann/HDDGabriel/engines/o3de/Code/Tools/ProjectManager/Source/GemCatalog/GemInfo.h,3,0,3
/media/ullmann/HDDGabriel/engines/o3de/Gems/LyShine/Code/Source/UiParticleEmitterComponent.h,4,1,5
/media/ullmann/HDDGabriel/engines/o3de/Gems/ScriptCanvas/Code/Include/ScriptCanvas/Core/Slot.h,3,0,3
/media/ullmann/HDDGabriel/engines/o3de/Gems/EMotionFX/Code/MCore/Source/MemoryFile.h,1,2,3
/media/ullmann/HDDGabriel/engines/o3de/Gems/EMotionFX/Code/MCore/Source/File.h,2,2,4
/media/ullmann/HDDGabriel/engines/o3de/Code/Tools/AssetProcessor/native/ui/AssetTreeModel.cpp,0,2,2
/media/ullmann/HDDGabriel/engines/o3de/Code/Tools/AssetProcessor/native/ui/AssetTreeModel.h,3,0,3
/media/ullmann/HDDGabriel/engines/o3de/Gems/EMotionFX/Code/EMotionFX/Source/BlendTreeFloatMath2Node.h,1,2,3
/media/ullmann/HDDGabriel/engines/o3de/Code/Tools/AssetProcessor/AssetBuilderSDK/AssetBuilderSDK/AssetBuilderSDK.cpp,0,2,2
/media/ullmann/HDDGabriel/engines/o3de/Gems/LmbrCentral/Code/Source/Shape/EditorShapeComponentConverters.cpp,0,7,7
/media/ullmann/HDDGabriel/engines/o3de/Code/Editor/IconManager.cpp,0,5,5
/media/ullmann/HDDGabriel/engines/o3de/Code/Tools/AssetProcessor/AssetBuilder/AssetBuilderInfo.h,5,0,5
/media/ullmann/HDDGabriel/engines/o3de/Code/Tools/RemoteConsole/Platform/iOS/RemoteConsole_Traits_Platform.h,0,1,1
/media/ullmann/HDDGabriel/engines/o3de/Code/Tools/RemoteConsole/Platform/iOS/RemoteConsole_Traits_iOS.h,1,0,1
/media/ullmann/HDDGabriel/engines/o3de/Gems/ScriptCanvas/Code/Include/ScriptCanvas/Data/BehaviorContextObject.h,2,1,3
/media/ullmann/HDDGabriel/engines/o3de/Code/Tools/CrashHandler/Tools/Uploader/ToolsCrashUploader.cpp,0,2,2
/media/ullmann/HDDGabriel/engines/o3de/Code/Tools/CrashHandler/Tools/Uploader/ToolsCrashUploader.h,1,0,1
/media/ullmann/HDDGabriel/engines/o3de/Gems/SceneProcessing/Code/Source/Generation/Components/MeshOptimizer/MeshBuilder.cpp,0,3,3
/media/ullmann/HDDGabriel/engines/o3de/Code/Framework/AzToolsFramework/AzToolsFramework/SQLite/SQLiteQuery.h,1,1,2
/media/ullmann/HDDGabriel/engines/o3de/Code/Framework/AzToolsFramework/AzToolsFramework/SQLite/SQLiteConnection.h,3,0,3
/media/ullmann/HDDGabriel/engines/o3de/Gems/EMotionFX/Code/Tests/RandomMotionSelectionTests.cpp,0,1,1
/media/ullmann/HDDGabriel/engines/o3de/Gems/Multiplayer/Code/Tests/CommonBenchmarkSetup.h,2,1,3
/media/ullmann/HDDGabriel/engines/o3de/Gems/EMotionFX/Code/EMotionFX/Source/AttachmentSkin.cpp,0,5,5
/media/ullmann/HDDGabriel/engines/o3de/Gems/LmbrCentral/Code/Platform/Mac/LmbrCentral_Traits_Platform.h,0,1,1
/media/ullmann/HDDGabriel/engines/o3de/Gems/LmbrCentral/Code/Platform/Mac/LmbrCentral_Traits_Mac.h,1,0,1
/media/ullmann/HDDGabriel/engines/o3de/Gems/EMotionFX/Code/Tests/BlendTreeFootIKNodeTests.cpp,0,1,1
/media/ullmann/HDDGabriel/engines/o3de/Gems/EMotionFX/Code/Tests/JackGraphFixture.h,2,1,3
/media/ullmann/HDDGabriel/engines/o3de/Code/Framework/AzToolsFramework/AzToolsFramework/ToolsComponents/EditorEntityIconComponent.cpp,0,1,1
/media/ullmann/HDDGabriel/engines/o3de/Code/Editor/TrackView/TVEventsDialog.cpp,0,1,1
/media/ullmann/HDDGabriel/engines/o3de/Code/Editor/TrackView/TVEventsDialog.h,2,0,2
/media/ullmann/HDDGabriel/engines/o3de/Gems/Prefab/PrefabBuilder/PrefabBuilderTests.h,1,1,2
/media/ullmann/HDDGabriel/engines/o3de/Gems/Prefab/PrefabBuilder/PrefabBuilderComponent.h,3,0,3
/media/ullmann/HDDGabriel/engines/o3de/Code/Editor/TrackView/SoundKeyUIControls.cpp,0,2,2
/media/ullmann/HDDGabriel/engines/o3de/Gems/AtomLyIntegration/CommonFeatures/Code/Source/Animation/EditorAttachmentComponent.cpp,0,1,1
/media/ullmann/HDDGabriel/engines/o3de/Gems/AtomLyIntegration/CommonFeatures/Code/Source/Animation/EditorAttachmentComponent.h,2,1,3
/media/ullmann/HDDGabriel/engines/o3de/Gems/ImGui/External/ImGui/v1.82/imgui/misc/cpp/imgui_stdlib.cpp,0,1,1
/media/ullmann/HDDGabriel/engines/o3de/Gems/ImGui/External/ImGui/v1.82/imgui/misc/cpp/imgui_stdlib.h,1,0,1
/media/ullmann/HDDGabriel/engines/o3de/Gems/Atom/Asset/Shader/Code/Source/Platform/Linux/ShaderBuilder_Traits_Platform.h,0,1,1
/media/ullmann/HDDGabriel/engines/o3de/Gems/Atom/Asset/Shader/Code/Source/Platform/Linux/ShaderBuilder_Traits_Linux.h,1,0,1
/media/ullmann/HDDGabriel/engines/o3de/Gems/MotionMatching/Code/Source/MotionMatchingEditorSystemComponent.cpp,0,1,1
/media/ullmann/HDDGabriel/engines/o3de/Gems/MotionMatching/Code/Source/MotionMatchingEditorSystemComponent.h,2,2,4
/media/ullmann/HDDGabriel/engines/o3de/Gems/Terrain/Code/Source/TerrainModule.cpp,0,12,12
/media/ullmann/HDDGabriel/engines/o3de/Gems/Terrain/Code/Source/Components/TerrainSurfaceDataSystemComponent.h,1,0,1
/media/ullmann/HDDGabriel/engines/o3de/Gems/EMotionFX/Code/EMotionFX/Source/Parameter/IntParameter.h,3,1,4
/media/ullmann/HDDGabriel/engines/o3de/Code/Framework/AzCore/Tests/AZStd/ScopedLockTests.cpp,0,1,1
/media/ullmann/HDDGabriel/engines/o3de/Code/Framework/AzToolsFramework/AzToolsFramework/Commands/SliceDetachEntityCommand.cpp,0,1,1
/media/ullmann/HDDGabriel/engines/o3de/Code/Framework/AzToolsFramework/AzToolsFramework/Commands/SliceDetachEntityCommand.h,1,0,1
/media/ullmann/HDDGabriel/engines/o3de/Code/Editor/Plugins/ProjectSettingsTool/PlatformSettings_Base.cpp,0,3,3
/media/ullmann/HDDGabriel/engines/o3de/Code/Editor/Plugins/ProjectSettingsTool/PlatformSettings_Base.h,2,0,2
/media/ullmann/HDDGabriel/engines/o3de/Gems/ScriptCanvas/Code/Include/ScriptCanvas/Libraries/Core/CoreLibrary.cpp,0,5,5
/media/ullmann/HDDGabriel/engines/o3de/Gems/ScriptCanvas/Code/Include/ScriptCanvas/Libraries/Core/CoreLibrary.h,1,0,1
/media/ullmann/HDDGabriel/engines/o3de/Gems/WhiteBox/Code/Source/EditorWhiteBoxComponentModeBus.h,3,0,3
/media/ullmann/HDDGabriel/engines/o3de/Code/Framework/AzToolsFramework/AzToolsFramework/Entity/EditorEntityModel.h,1,2,3
/media/ullmann/HDDGabriel/engines/o3de/Code/Framework/AzToolsFramework/AzToolsFramework/Entity/EditorEntitySortBus.h,4,0,4
/media/ullmann/HDDGabriel/engines/o3de/Code/Legacy/CrySystem/CmdLineArg.cpp,0,2,2
/media/ullmann/HDDGabriel/engines/o3de/Code/Legacy/CrySystem/CmdLineArg.h,2,0,2
/media/ullmann/HDDGabriel/engines/o3de/Gems/EditorPythonBindings/Code/Tests/PythonGlobalsTests.cpp,0,2,2
/media/ullmann/HDDGabriel/engines/o3de/Gems/Atom/RPI/Code/Tests/Common/ErrorMessageFinder.cpp,0,1,1
/media/ullmann/HDDGabriel/engines/o3de/Gems/Atom/RPI/Code/Tests/Common/ErrorMessageFinder.h,1,0,1
/media/ullmann/HDDGabriel/engines/o3de/Code/Legacy/CryCommon/IMaterial.h,0,1,1
/media/ullmann/HDDGabriel/engines/o3de/Code/Legacy/CryCommon/smartptr.h,4,1,5
/media/ullmann/HDDGabriel/engines/o3de/Code/Editor/Util/ColumnGroupItemDelegate.cpp,0,1,1
/media/ullmann/HDDGabriel/engines/o3de/Code/Editor/Util/ColumnGroupItemDelegate.h,1,0,1
/media/ullmann/HDDGabriel/engines/o3de/Gems/Atom/Feature/Common/Code/Source/SkyAtmosphere/SkyAtmosphereFeatureProcessor.h,1,0,1
/media/ullmann/HDDGabriel/engines/o3de/Gems/ScriptCanvas/Code/Editor/View/Widgets/PropertyGridBus.h,1,0,1
/media/ullmann/HDDGabriel/engines/o3de/Gems/WhiteBox/Code/Source/Rendering/Atom/WhiteBoxMeshAtomData.h,1,1,2
/media/ullmann/HDDGabriel/engines/o3de/Gems/WhiteBox/Code/Source/Rendering/Atom/PackedFloat2.h,2,0,2
/media/ullmann/HDDGabriel/engines/o3de/Gems/Stars/Code/Source/EditorStarsSystemComponent.h,2,1,3
/media/ullmann/HDDGabriel/engines/o3de/Templates/CppToolGem/Template/Code/Source/Clients/${Name}Module.cpp,0,1,1
/media/ullmann/HDDGabriel/engines/o3de/Templates/CppToolGem/Template/Code/Source/Clients/${Name}SystemComponent.h,3,0,3
/media/ullmann/HDDGabriel/engines/o3de/Gems/LyShine/Code/Source/Animation/AnimSequence.h,5,1,6
/media/ullmann/HDDGabriel/engines/o3de/Gems/LyShine/Code/Source/Animation/TrackEventTrack.h,4,1,5
/media/ullmann/HDDGabriel/engines/o3de/Gems/WhiteBox/Code/Source/WhiteBoxEditorModule.h,1,1,2
/media/ullmann/HDDGabriel/engines/o3de/Gems/WhiteBox/Code/Source/WhiteBoxModule.h,2,0,2
/media/ullmann/HDDGabriel/engines/o3de/Code/Editor/LyViewPaneNames.h,5,0,5
/media/ullmann/HDDGabriel/engines/o3de/Code/Editor/Plugins/ProjectSettingsTool/PropertyFuncValBrowseEdit.cpp,0,4,4
/media/ullmann/HDDGabriel/engines/o3de/Code/Editor/Plugins/ProjectSettingsTool/ValidatorBus.h,4,1,5
/media/ullmann/HDDGabriel/engines/o3de/Gems/SceneProcessing/Code/Source/Generation/Components/MeshOptimizer/MeshBuilderSkinningInfo.cpp,0,4,4
/media/ullmann/HDDGabriel/engines/o3de/Gems/SceneProcessing/Code/Source/Generation/Components/MeshOptimizer/MeshBuilderSkinningInfo.h,4,1,5
/media/ullmann/HDDGabriel/engines/o3de/Gems/MotionMatching/Code/Source/MotionMatchingSystemComponent.cpp,0,9,9
/media/ullmann/HDDGabriel/engines/o3de/Code/Editor/Objects/AxisGizmo.cpp,0,2,2
/media/ullmann/HDDGabriel/engines/o3de/Code/Editor/Plugins/ProjectSettingsTool/Utils.cpp,0,2,2
/media/ullmann/HDDGabriel/engines/o3de/Code/Editor/Plugins/ProjectSettingsTool/LastPathBus.h,2,0,2
/media/ullmann/HDDGabriel/engines/o3de/Gems/EMotionFX/Code/EMotionFX/Source/AnimGraphObjectData.h,4,2,6
/media/ullmann/HDDGabriel/engines/o3de/Code/Editor/Plugins/ProjectSettingsTool/PlistDictionary.h,3,0,3
/media/ullmann/HDDGabriel/engines/o3de/Gems/EMotionFX/Code/EMotionFX/Source/BlendTreeMotionFrameNode.cpp,0,9,9
/media/ullmann/HDDGabriel/engines/o3de/Gems/EMotionFX/Code/EMotionFX/Source/Event.cpp,0,2,2
/media/ullmann/HDDGabriel/engines/o3de/Gems/EMotionFX/Code/EMotionFX/Source/Event.h,2,1,3
/media/ullmann/HDDGabriel/engines/o3de/Gems/EMotionFX/Code/Tests/SystemComponentFixture.h,12,0,12
/media/ullmann/HDDGabriel/engines/o3de/Gems/Gestures/Code/Source/InputChannelGesturePinch.cpp,0,1,1
/media/ullmann/HDDGabriel/engines/o3de/Gems/Gestures/Code/Source/InputChannelGesturePinch.h,2,1,3
/media/ullmann/HDDGabriel/engines/o3de/Gems/Terrain/Code/Source/TerrainRenderer/Components/TerrainSurfaceMaterialsListComponent.h,1,0,1
/media/ullmann/HDDGabriel/engines/o3de/Gems/LandscapeCanvas/Code/Source/Editor/Nodes/Shapes/AxisAlignedBoxShapeNode.cpp,0,1,1
/media/ullmann/HDDGabriel/engines/o3de/Gems/LandscapeCanvas/Code/Source/Editor/Nodes/Shapes/AxisAlignedBoxShapeNode.h,2,0,2
/media/ullmann/HDDGabriel/engines/o3de/Code/Framework/AzToolsFramework/AzToolsFramework/UI/PropertyEditor/PropertyButtonCtrl.hxx,1,1,2
/media/ullmann/HDDGabriel/engines/o3de/Code/Tools/ProjectManager/Source/ScreenFactory.h,2,1,3
/media/ullmann/HDDGabriel/engines/o3de/Code/Tools/ProjectManager/Source/ScreenDefs.h,5,0,5
/media/ullmann/HDDGabriel/engines/o3de/Code/Editor/Util/ImageUtil.h,2,0,2
/media/ullmann/HDDGabriel/engines/o3de/Gems/LyShine/Code/Editor/ViewportMoveGuideInteraction.cpp,0,4,4
/media/ullmann/HDDGabriel/engines/o3de/Code/Framework/AzTest/AzTest/Platform.h,0,1,1
/media/ullmann/HDDGabriel/engines/o3de/Code/Framework/AzTest/AzTest/Utils.h,2,0,2
/media/ullmann/HDDGabriel/engines/o3de/Gems/Multiplayer/Code/Source/MultiplayerToolsSystemComponent.cpp,0,2,2
/media/ullmann/HDDGabriel/engines/o3de/Gems/Multiplayer/Code/Source/Pipeline/NetworkPrefabProcessor.h,1,0,1
/media/ullmann/HDDGabriel/engines/o3de/Code/LauncherUnified/Platform/Android/Launcher_Traits_Platform.h,0,1,1
/media/ullmann/HDDGabriel/engines/o3de/Code/LauncherUnified/Platform/Android/Launcher_Traits_Android.h,1,0,1
/media/ullmann/HDDGabriel/engines/o3de/Gems/Atom/Feature/Common/Code/Source/CommonModule.cpp,0,8,8
/media/ullmann/HDDGabriel/engines/o3de/Gems/Atom/Feature/Common/Code/Source/ImGui/ImGuiSystemComponent.h,1,0,1
/media/ullmann/HDDGabriel/engines/o3de/Gems/Stars/Code/Source/StarsSystemComponent.cpp,0,3,3
/media/ullmann/HDDGabriel/engines/o3de/Gems/Stars/Code/Source/StarsAsset.h,3,0,3
/media/ullmann/HDDGabriel/engines/o3de/Code/Framework/AzToolsFramework/AzToolsFramework/Manipulators/PlanarManipulator.cpp,0,1,1
/media/ullmann/HDDGabriel/engines/o3de/Code/Framework/AzToolsFramework/AzToolsFramework/Manipulators/PlanarManipulator.h,1,1,2
/media/ullmann/HDDGabriel/engines/o3de/Code/Framework/AzToolsFramework/AzToolsFramework/Commands/SelectionCommand.cpp,0,1,1
/media/ullmann/HDDGabriel/engines/o3de/Code/Framework/AzToolsFramework/AzToolsFramework/Commands/SelectionCommand.h,1,0,1
/media/ullmann/HDDGabriel/engines/o3de/Code/Editor/AnimationContext.cpp,0,7,7
/media/ullmann/HDDGabriel/engines/o3de/Gems/Maestro/Code/Source/Components/EditorSequenceAgentComponent.cpp,0,2,2
/media/ullmann/HDDGabriel/engines/o3de/Gems/Maestro/Code/Source/Components/EditorSequenceAgentComponent.h,3,1,4
/media/ullmann/HDDGabriel/engines/o3de/Gems/Vegetation/Code/Source/Editor/EditorSurfaceMaskFilterComponent.h,2,0,2
/media/ullmann/HDDGabriel/engines/o3de/Gems/AtomLyIntegration/CommonFeatures/Code/Source/Decals/EditorDecalComponent.h,1,0,1
/media/ullmann/HDDGabriel/engines/o3de/Gems/EMotionFX/Code/EMotionFX/Tools/EMotionStudio/Plugins/StandardPlugins/Source/AnimGraph/StateGraphNode.h,3,0,3
/media/ullmann/HDDGabriel/engines/o3de/Gems/LmbrCentral/Code/Source/Builders/LuaBuilder/LuaBuilderComponent.h,2,1,3
/media/ullmann/HDDGabriel/engines/o3de/Gems/LmbrCentral/Code/Source/Builders/LuaBuilder/LuaBuilderWorker.h,2,0,2
/media/ullmann/HDDGabriel/engines/o3de/Gems/AWSMetrics/Code/Source/AWSMetricsSystemComponent.cpp,0,2,2
/media/ullmann/HDDGabriel/engines/o3de/Gems/AWSMetrics/Code/Source/AWSMetricsSystemComponent.h,2,0,2
/media/ullmann/HDDGabriel/engines/o3de/Gems/LmbrCentral/Code/Source/Shape/EditorBoxShapeComponent.h,3,2,5
/media/ullmann/HDDGabriel/engines/o3de/Gems/EMotionFX/Code/EMotionFX/Tools/EMotionStudio/EMStudioSDK/Source/EMStudioManager.cpp,0,3,3
/media/ullmann/HDDGabriel/engines/o3de/Gems/EMotionFX/Code/EMotionFX/Tools/EMotionStudio/EMStudioSDK/Source/RecoverFilesWindow.h,2,1,3
/media/ullmann/HDDGabriel/engines/o3de/Templates/DefaultGem/Template/Code/Source/Tools/${Name}EditorSystemComponent.cpp,0,1,1
/media/ullmann/HDDGabriel/engines/o3de/Templates/DefaultGem/Template/Code/Source/Tools/${Name}EditorSystemComponent.h,2,0,2
/media/ullmann/HDDGabriel/engines/o3de/Gems/PhysX/Code/NumericalMethods/Source/LinearAlgebra.cpp,0,1,1
/media/ullmann/HDDGabriel/engines/o3de/Gems/PhysX/Code/NumericalMethods/Source/LinearAlgebra.h,1,0,1
/media/ullmann/HDDGabriel/engines/o3de/Gems/Atom/Asset/ImageProcessingAtom/Code/Source/ImageProcessingModule.cpp,0,3,3
/media/ullmann/HDDGabriel/engines/o3de/Gems/Atom/Asset/Shader/Code/Source/Editor/AzslShaderBuilderSystemComponent.h,2,4,6
/media/ullmann/HDDGabriel/engines/o3de/Gems/Atom/RHI/Code/Tests/FrameGraphTests.cpp,0,1,1
/media/ullmann/HDDGabriel/engines/o3de/Gems/EMotionFX/Code/EMotionFX/Tools/EMotionStudio/Plugins/StandardPlugins/Source/AnimGraph/ParameterEditor/BoolParameterEditor.h,2,1,3
/media/ullmann/HDDGabriel/engines/o3de/Code/Editor/Util/FileUtil.h,1,3,4
/media/ullmann/HDDGabriel/engines/o3de/Code/Editor/Util/FileUtil_Common.h,6,1,7
/media/ullmann/HDDGabriel/engines/o3de/Code/Framework/AzToolsFramework/Tests/ComponentModeTests.cpp,0,2,2
/media/ullmann/HDDGabriel/engines/o3de/Gems/Multiplayer/Code/Source/MultiplayerSystemComponent.h,1,3,4
/media/ullmann/HDDGabriel/engines/o3de/Gems/Multiplayer/Code/Source/NetworkTime/NetworkTime.h,1,0,1
/media/ullmann/HDDGabriel/engines/o3de/Code/Editor/Plugins/ProjectSettingsTool/ProjectSettingsToolWindow.h,2,6,8
/media/ullmann/HDDGabriel/engines/o3de/Code/Framework/AzToolsFramework/AzToolsFramework/UI/Logging/LogPanel_Panel.cpp,0,4,4
/media/ullmann/HDDGabriel/engines/o3de/Code/Framework/AzToolsFramework/AzToolsFramework/UI/Logging/LoggingCommon.h,3,0,3
/media/ullmann/HDDGabriel/engines/o3de/Code/Tools/ProjectManager/Source/GemsGemRepoScreen.cpp,0,4,4
/media/ullmann/HDDGabriel/engines/o3de/Code/Editor/Undo/Undo.h,5,2,7
/media/ullmann/HDDGabriel/engines/o3de/Code/Editor/Undo/IUndoObject.h,2,0,2
/media/ullmann/HDDGabriel/engines/o3de/Gems/EMotionFX/Code/MCore/Source/CommandLine.cpp,0,5,5
/media/ullmann/HDDGabriel/engines/o3de/Gems/LyShine/Code/Editor/Animation/UiAnimViewNodeFactories.cpp,0,4,4
/media/ullmann/HDDGabriel/engines/o3de/Gems/LyShine/Code/Editor/Animation/UiAnimViewNodeFactories.h,4,0,4
/media/ullmann/HDDGabriel/engines/o3de/Gems/Maestro/Code/Source/Cinematics/AnimComponentNode.cpp,0,2,2
/media/ullmann/HDDGabriel/engines/o3de/Gems/Maestro/Code/Source/Cinematics/AnimComponentNode.h,4,2,6
/media/ullmann/HDDGabriel/engines/o3de/Code/Tools/AssetProcessor/native/unittests/AssetProcessingStateDataUnitTests.cpp,0,1,1
/media/ullmann/HDDGabriel/engines/o3de/Code/Tools/AssetProcessor/native/unittests/AssetProcessingStateDataUnitTests.h,1,1,2
/media/ullmann/HDDGabriel/engines/o3de/Code/Editor/Objects/AxisGizmo.h,3,2,5
/media/ullmann/HDDGabriel/engines/o3de/Gems/LandscapeCanvas/Code/Source/Editor/Nodes/Gradients/SlopeGradientNode.h,2,0,2
/media/ullmann/HDDGabriel/engines/o3de/Gems/EMotionFX/Code/EMotionFX/Tools/EMotionStudio/Plugins/StandardPlugins/Source/MorphTargetsWindow/MorphTargetsWindowPlugin.cpp,0,2,2
/media/ullmann/HDDGabriel/engines/o3de/Gems/LyShineExamples/Code/Source/LyShineExamplesModule.cpp,0,3,3
/media/ullmann/HDDGabriel/engines/o3de/Gems/LyShineExamples/Code/Source/UiCustomImageComponent.h,2,0,2
/media/ullmann/HDDGabriel/engines/o3de/Gems/ScriptCanvas/Code/Editor/View/Widgets/NodePalette/GeneralNodePaletteTreeItemTypes.h,1,2,3
/media/ullmann/HDDGabriel/engines/o3de/Gems/ScriptCanvas/Code/Editor/View/Widgets/NodePalette/NodePaletteModel.h,1,0,1
/media/ullmann/HDDGabriel/engines/o3de/Gems/LyShine/Code/Editor/ViewportIcon.cpp,0,1,1
/media/ullmann/HDDGabriel/engines/o3de/Code/Editor/Include/IObjectManager.h,11,1,12
/media/ullmann/HDDGabriel/engines/o3de/Gems/EMotionFX/Code/EMotionFX/Source/BlendTreeFinalNode.cpp,0,5,5
/media/ullmann/HDDGabriel/engines/o3de/Gems/GradientSignal/Code/Source/Editor/EditorConstantGradientComponent.cpp,0,1,1
/media/ullmann/HDDGabriel/engines/o3de/Gems/GradientSignal/Code/Source/Editor/EditorConstantGradientComponent.h,2,0,2
/media/ullmann/HDDGabriel/engines/o3de/Gems/LyShine/Code/Source/Animation/UiAnimationSystem.cpp,0,5,5
/media/ullmann/HDDGabriel/engines/o3de/Gems/GraphCanvas/Code/Source/Components/Slots/SlotComponent.h,1,0,1
/media/ullmann/HDDGabriel/engines/o3de/Gems/EMotionFX/Code/MCore/Source/ReflectionSerializer.cpp,0,1,1
/media/ullmann/HDDGabriel/engines/o3de/Gems/EMotionFX/Code/MCore/Source/ReflectionSerializer.h,1,0,1
/media/ullmann/HDDGabriel/engines/o3de/Gems/EMotionFX/Code/EMotionFX/Source/NodeMap.cpp,0,5,5
/media/ullmann/HDDGabriel/engines/o3de/Gems/EMotionFX/Code/EMotionFX/Source/MorphTarget.h,5,3,8
/media/ullmann/HDDGabriel/engines/o3de/Code/Editor/Objects/ObjectManagerLegacyUndo.h,2,0,2
/media/ullmann/HDDGabriel/engines/o3de/Gems/EMotionFX/Code/EMotionFX/Source/KeyFrame.h,3,2,5
/media/ullmann/HDDGabriel/engines/o3de/Gems/EMotionFX/Code/EMotionFX/Source/MorphTarget.cpp,0,3,3
/media/ullmann/HDDGabriel/engines/o3de/Gems/EMotionFX/Code/MCore/Source/MemoryFile.cpp,0,3,3
/media/ullmann/HDDGabriel/engines/o3de/Gems/EMotionFX/Code/EMotionFX/Source/ThreadData.h,2,4,6
/media/ullmann/HDDGabriel/engines/o3de/Gems/EMotionFX/Code/EMotionFX/Source/AnimGraphPosePool.h,3,1,4
/media/ullmann/HDDGabriel/engines/o3de/Gems/DiffuseProbeGrid/Code/Source/EditorComponents/EditorDiffuseGlobalIlluminationComponent.h,1,0,1
/media/ullmann/HDDGabriel/engines/o3de/Gems/EMotionFX/Code/MysticQt/Source/MysticQtManager.cpp,0,1,1
/media/ullmann/HDDGabriel/engines/o3de/Gems/AWSCore/Code/Source/AWSCoreModule.cpp,0,2,2
/media/ullmann/HDDGabriel/engines/o3de/Gems/AWSCore/Code/Source/AWSCoreModule.h,1,0,1
/media/ullmann/HDDGabriel/engines/o3de/Gems/AtomTressFX/External/Code/src/EngineInterface.h,6,1,7
/media/ullmann/HDDGabriel/engines/o3de/Gems/LandscapeCanvas/Code/Source/Editor/Nodes/AreaFilters/DistributionFilterNode.h,2,0,2
/media/ullmann/HDDGabriel/engines/o3de/Code/Legacy/CrySystem/XML/xml.cpp,0,3,3
/media/ullmann/HDDGabriel/engines/o3de/Code/Legacy/CrySystem/SimpleStringPool.h,2,0,2
/media/ullmann/HDDGabriel/engines/o3de/Code/Tools/SerializeContextTools/Utilities.h,4,0,4
/media/ullmann/HDDGabriel/engines/o3de/Gems/ScriptCanvas/Code/Include/ScriptCanvas/Libraries/Deprecated/Operators/Containers/OperatorPushBack.h,1,1,2
/media/ullmann/HDDGabriel/engines/o3de/Gems/ScriptCanvas/Code/Include/ScriptCanvas/Libraries/Deprecated/Operators/Containers/Operator.h,8,0,8
/media/ullmann/HDDGabriel/engines/o3de/Gems/EMotionFX/Code/Editor/Platform/Windows/EMotionFX_Traits_Platform.h,0,1,1
/media/ullmann/HDDGabriel/engines/o3de/Gems/EMotionFX/Code/Editor/Platform/Windows/EMotionFX_Traits_Windows.h,1,0,1
/media/ullmann/HDDGabriel/engines/o3de/Gems/EditorPythonBindings/Code/Tests/PythonThreadingTests.cpp,0,2,2
/media/ullmann/HDDGabriel/engines/o3de/Gems/SaveData/Code/Source/Platform/iOS/SaveData_Traits_Platform.h,0,1,1
/media/ullmann/HDDGabriel/engines/o3de/Gems/SaveData/Code/Source/Platform/iOS/SaveData_Traits_iOS.h,1,0,1
/media/ullmann/HDDGabriel/engines/o3de/Code/Tools/ProjectManager/Source/TemplateButtonWidget.cpp,0,2,2
/media/ullmann/HDDGabriel/engines/o3de/Code/Tools/ProjectManager/Source/TemplateButtonWidget.h,2,0,2
/media/ullmann/HDDGabriel/engines/o3de/Code/Editor/Plugins/ProjectSettingsTool/PropertyFuncValBrowseEdit.h,3,1,4
/media/ullmann/HDDGabriel/engines/o3de/Gems/Atom/RHI/Vulkan/Code/Include/Platform/Mac/Atom_RHI_Vulkan_Platform.h,0,1,1
/media/ullmann/HDDGabriel/engines/o3de/Gems/Atom/RHI/Vulkan/Code/Include/Platform/Mac/Atom_RHI_Vulkan_Mac.h,1,0,1
/media/ullmann/HDDGabriel/engines/o3de/Gems/AWSCore/Code/Platform/Android/AWSCoreEditor_Traits_Platform.h,0,1,1
/media/ullmann/HDDGabriel/engines/o3de/Gems/AWSCore/Code/Platform/Android/AWSCoreEditor_Traits_Android.h,1,0,1
/media/ullmann/HDDGabriel/engines/o3de/Gems/LmbrCentral/Code/Tests/EditorBoxShapeComponentTests.cpp,0,1,1
/media/ullmann/HDDGabriel/engines/o3de/Code/Framework/AzCore/Tests/Slice.cpp,0,2,2
/media/ullmann/HDDGabriel/engines/o3de/Code/Framework/AzCore/Tests/AZStd/FunctorsBind.cpp,0,1,1
/media/ullmann/HDDGabriel/engines/o3de/Gems/ImGui/External/ImGui/v1.82/imgui/misc/freetype/imgui_freetype.h,2,0,2
/media/ullmann/HDDGabriel/engines/o3de/Gems/EMotionFX/Code/EMotionFX/Source/Importer/ActorFileFormat.h,1,1,2
/media/ullmann/HDDGabriel/engines/o3de/Code/Tools/AssetProcessor/native/tests/assetmanager/MockFileProcessor.cpp,0,1,1
/media/ullmann/HDDGabriel/engines/o3de/Code/Tools/AssetProcessor/native/tests/assetmanager/MockFileProcessor.h,2,0,2
/media/ullmann/HDDGabriel/engines/o3de/Gems/EMotionFX/Code/EMotionFX/Source/AnimGraphManager.cpp,0,11,11
/media/ullmann/HDDGabriel/engines/o3de/Code/Editor/Plugins/ComponentEntityEditorPlugin/UI/Outliner/OutlinerSearchWidget.cpp,0,1,1
/media/ullmann/HDDGabriel/engines/o3de/Gems/LmbrCentral/Code/Source/Builders/DependencyBuilder/DependencyBuilderWorker.cpp,0,1,1
/media/ullmann/HDDGabriel/engines/o3de/Gems/LmbrCentral/Code/Source/Builders/DependencyBuilder/DependencyBuilderWorker.h,1,0,1
/media/ullmann/HDDGabriel/engines/o3de/Gems/WhiteBox/Code/Source/Components/WhiteBoxColliderComponent.h,3,1,4
/media/ullmann/HDDGabriel/engines/o3de/Code/Editor/Plugins/ComponentEntityEditorPlugin/SandboxIntegration.cpp,0,3,3
/media/ullmann/HDDGabriel/engines/o3de/Gems/AudioEngineWwise/Code/Source/Engine/AudioInput/AudioInputFile.h,1,0,1
/media/ullmann/HDDGabriel/engines/o3de/Code/Framework/AzToolsFramework/AzToolsFramework/ComponentMode/ComponentModeDelegate.cpp,0,1,1
/media/ullmann/HDDGabriel/engines/o3de/Code/Framework/AzToolsFramework/AzToolsFramework/ComponentMode/ComponentModeDelegate.h,1,0,1
/media/ullmann/HDDGabriel/engines/o3de/Code/Framework/AzCore/Tests/SystemFile.cpp,0,1,1
/media/ullmann/HDDGabriel/engines/o3de/Gems/EMotionFX/Code/EMotionFX/Exporters/ExporterLib/Exporter/MorphTargetExport.cpp,0,1,1
/media/ullmann/HDDGabriel/engines/o3de/Gems/EMotionFX/Code/EMotionFX/Exporters/ExporterLib/Exporter/Exporter.h,8,0,8
/media/ullmann/HDDGabriel/engines/o3de/Gems/Atom/Feature/Common/Code/Source/ProfilingCaptureSystemComponent.h,2,0,2
/media/ullmann/HDDGabriel/engines/o3de/Gems/LyShine/Code/Editor/Animation/UiAVCustomizeTrackColorsDlg.cpp,0,3,3
/media/ullmann/HDDGabriel/engines/o3de/Gems/LyShine/Code/Editor/Animation/UiAVCustomizeTrackColorsDlg.h,3,0,3
/media/ullmann/HDDGabriel/engines/o3de/Code/Editor/AssetImporter/AssetImporterManager/AssetImporterManager.cpp,0,1,1
/media/ullmann/HDDGabriel/engines/o3de/Code/Editor/AssetImporter/AssetImporterManager/AssetImporterManager.h,2,0,2
/media/ullmann/HDDGabriel/engines/o3de/Code/Tools/AssetProcessor/Platform/Linux/AssetProcessor_Traits_Platform.h,0,1,1
/media/ullmann/HDDGabriel/engines/o3de/Code/Tools/AssetProcessor/Platform/Linux/AssetProcessor_Traits_Linux.h,1,0,1
/media/ullmann/HDDGabriel/engines/o3de/Code/Editor/TrackView/TrackViewAnimNode.h,5,2,7
/media/ullmann/HDDGabriel/engines/o3de/Code/Editor/TrackView/TrackViewNode.h,6,0,6
/media/ullmann/HDDGabriel/engines/o3de/Gems/HttpRequestor/Code/Include/HttpRequestor/HttpTextRequestParameters.h,0,1,1
/media/ullmann/HDDGabriel/engines/o3de/Gems/HttpRequestor/Code/Include/HttpRequestor/HttpTypes.h,3,0,3
/media/ullmann/HDDGabriel/engines/o3de/Code/Framework/AzToolsFramework/AzToolsFramework/ToolsComponents/SelectionComponent.cpp,0,1,1
/media/ullmann/HDDGabriel/engines/o3de/Code/Framework/AzToolsFramework/AzToolsFramework/ToolsComponents/SelectionComponent.h,2,0,2
/media/ullmann/HDDGabriel/engines/o3de/Gems/Vegetation/Code/Source/Components/SpawnerComponent.cpp,0,1,1
/media/ullmann/HDDGabriel/engines/o3de/Gems/Vegetation/Code/Source/Components/SpawnerComponent.h,2,0,2
/media/ullmann/HDDGabriel/engines/o3de/Code/Editor/TrackView/TrackViewSequence.cpp,0,3,3
/media/ullmann/HDDGabriel/engines/o3de/Gems/EMotionFX/Code/EMotionFX/Tools/EMotionStudio/Plugins/StandardPlugins/Source/MotionEvents/MotionEventsPlugin.cpp,0,4,4
/media/ullmann/HDDGabriel/engines/o3de/Gems/Terrain/Code/Tests/TerrainPhysicsColliderTests.cpp,0,2,2
/media/ullmann/HDDGabriel/engines/o3de/Gems/Terrain/Code/Tests/TerrainTestFixtures.h,15,0,15
/media/ullmann/HDDGabriel/engines/o3de/Gems/MotionMatching/Code/Source/ImGuiMonitor.cpp,0,2,2
/media/ullmann/HDDGabriel/engines/o3de/Gems/MotionMatching/Code/Source/ImGuiMonitor.h,2,1,3
/media/ullmann/HDDGabriel/engines/o3de/Gems/LyShine/Code/Source/UiCheckboxComponent.h,4,1,5
/media/ullmann/HDDGabriel/engines/o3de/Gems/ScriptCanvas/Code/Editor/GraphCanvas/Components/NodeDescriptors/UserDefinedNodeDescriptorComponent.cpp,0,1,1
/media/ullmann/HDDGabriel/engines/o3de/Gems/ScriptCanvas/Code/Editor/GraphCanvas/Components/NodeDescriptors/UserDefinedNodeDescriptorComponent.h,1,0,1
/media/ullmann/HDDGabriel/engines/o3de/Code/Editor/AzAssetBrowser/AzAssetBrowserRequestHandler.cpp,0,1,1
/media/ullmann/HDDGabriel/engines/o3de/Code/Editor/AzAssetBrowser/AzAssetBrowserRequestHandler.h,1,0,1
/media/ullmann/HDDGabriel/engines/o3de/Gems/AtomTressFX/External/Code/src/TressFX/TressFXShortCut.cpp,0,3,3
/media/ullmann/HDDGabriel/engines/o3de/Gems/AtomTressFX/External/Code/src/TressFX/TressFXLayouts.h,8,1,9
/media/ullmann/HDDGabriel/engines/o3de/Gems/Compression/Code/Source/CompressionModuleInterface.h,0,1,1
/media/ullmann/HDDGabriel/engines/o3de/Gems/Compression/Code/Source/Clients/CompressionSystemComponent.h,3,0,3
/media/ullmann/HDDGabriel/engines/o3de/Gems/LyShine/Code/Editor/ViewportHelpers.cpp,0,2,2
/media/ullmann/HDDGabriel/engines/o3de/Code/Tools/ProjectManager/Source/DownloadWorker.h,2,0,2
/media/ullmann/HDDGabriel/engines/o3de/Gems/Vegetation/Code/Source/Editor/EditorBlockerComponent.cpp,0,1,1
/media/ullmann/HDDGabriel/engines/o3de/Gems/Vegetation/Code/Source/Editor/EditorBlockerComponent.h,2,0,2
/media/ullmann/HDDGabriel/engines/o3de/Gems/EMotionFX/Code/EMotionFX/Source/AnimGraphMotionNode.h,10,4,14
/media/ullmann/HDDGabriel/engines/o3de/Code/Legacy/CryCommon/SerializeFwd.h,1,0,1
/media/ullmann/HDDGabriel/engines/o3de/Gems/EMotionFX/Code/EMotionFX/Tools/EMotionStudio/Plugins/StandardPlugins/Source/NodeGroups/NodeGroupWidget.h,3,3,6
/media/ullmann/HDDGabriel/engines/o3de/Gems/EMotionFX/Code/EMotionFX/Source/ThreadData.cpp,0,1,1
/media/ullmann/HDDGabriel/engines/o3de/Code/Tools/AssetProcessor/native/resourcecompiler/RCCommon.cpp,0,1,1
/media/ullmann/HDDGabriel/engines/o3de/Code/Tools/AssetProcessor/native/resourcecompiler/RCCommon.h,4,0,4
/media/ullmann/HDDGabriel/engines/o3de/Gems/Atom/Feature/Common/Code/Source/Material/Transform2DFunctorSourceData.cpp,0,1,1
/media/ullmann/HDDGabriel/engines/o3de/Gems/Atom/Feature/Common/Code/Source/Material/Transform2DFunctorSourceData.h,1,1,2
/media/ullmann/HDDGabriel/engines/o3de/Gems/Atom/Tools/MaterialEditor/Code/Source/MaterialEditorApplication.cpp,0,3,3
/media/ullmann/HDDGabriel/engines/o3de/Gems/Atom/Tools/MaterialEditor/Code/Source/Document/MaterialDocument.h,1,0,1
/media/ullmann/HDDGabriel/engines/o3de/Gems/AtomLyIntegration/EMotionFXAtom/Code/Source/AtomActor.cpp,0,2,2
/media/ullmann/HDDGabriel/engines/o3de/Gems/AtomLyIntegration/EMotionFXAtom/Code/Source/ActorAsset.h,3,0,3
/media/ullmann/HDDGabriel/engines/o3de/Code/Tools/AssetProcessor/native/ui/ProductAssetTreeItemData.cpp,0,1,1
/media/ullmann/HDDGabriel/engines/o3de/Gems/LyShine/Code/Source/Animation/AnimTrack.h,4,1,5
/media/ullmann/HDDGabriel/engines/o3de/Code/Legacy/CryCommon/Linux32Specific.h,0,2,2
/media/ullmann/HDDGabriel/engines/o3de/Code/Editor/Controls/SplineCtrlEx.cpp,0,2,2
/media/ullmann/HDDGabriel/engines/o3de/Gems/ScriptCanvas/Code/Editor/View/Widgets/NodePalette/CreateNodeMimeEvent.h,5,0,5
/media/ullmann/HDDGabriel/engines/o3de/Gems/EMotionFX/Code/EMotionFX/Tools/EMotionStudio/Plugins/StandardPlugins/Source/SceneManager/ActorsWindow.cpp,0,4,4
/media/ullmann/HDDGabriel/engines/o3de/Gems/EMotionFX/Code/EMotionFX/Tools/EMotionStudio/EMStudioSDK/Source/SaveChangedFilesManager.cpp,0,2,2
/media/ullmann/HDDGabriel/engines/o3de/Gems/ScriptEvents/Code/Builder/ScriptEventsBuilderComponent.h,0,1,1
/media/ullmann/HDDGabriel/engines/o3de/Gems/ScriptEvents/Code/Builder/ScriptEventsBuilderWorker.h,1,0,1
/media/ullmann/HDDGabriel/engines/o3de/Gems/LmbrCentral/Code/Source/Audio/EditorAudioEnvironmentComponent.h,2,1,3
/media/ullmann/HDDGabriel/engines/o3de/Gems/LmbrCentral/Code/Source/Audio/AudioEnvironmentComponent.h,3,0,3
/media/ullmann/HDDGabriel/engines/o3de/Code/Editor/Util/ModalWindowDismisser.cpp,0,1,1
/media/ullmann/HDDGabriel/engines/o3de/Code/Editor/Util/ModalWindowDismisser.h,2,0,2
/media/ullmann/HDDGabriel/engines/o3de/Code/Tools/AssetProcessor/native/utilities/ThreadHelper.cpp,0,1,1
/media/ullmann/HDDGabriel/engines/o3de/Code/Tools/AssetProcessor/native/utilities/ThreadHelper.h,1,0,1
/media/ullmann/HDDGabriel/engines/o3de/Code/Editor/Plugins/ComponentEntityEditorPlugin/UI/QComponentLevelEntityEditorMainWindow.h,1,0,1
/media/ullmann/HDDGabriel/engines/o3de/Gems/GradientSignal/Code/Source/Editor/EditorLevelsGradientComponent.h,2,0,2
/media/ullmann/HDDGabriel/engines/o3de/Gems/WhiteBox/Code/Source/WhiteBoxEditorModule.cpp,0,4,4
/media/ullmann/HDDGabriel/engines/o3de/Gems/AWSGameLift/Code/AWSGameLiftClient/Source/AWSGameLiftClientLocalTicketTracker.h,2,0,2
/media/ullmann/HDDGabriel/engines/o3de/Gems/EMotionFX/Code/EMotionFX/Tools/EMotionStudio/Plugins/StandardPlugins/Source/AnimGraph/ParameterWidget.cpp,0,2,2
/media/ullmann/HDDGabriel/engines/o3de/Gems/EMotionFX/Code/MCore/Source/Compare.h,0,2,2
/media/ullmann/HDDGabriel/engines/o3de/Gems/LyShine/Code/Source/UiScrollBoxComponent.cpp,0,3,3
/media/ullmann/HDDGabriel/engines/o3de/Gems/EMotionFX/Code/EMotionFX/Source/VertexAttributeLayer.cpp,0,1,1
/media/ullmann/HDDGabriel/engines/o3de/Gems/EMotionFX/Code/EMotionFX/Source/VertexAttributeLayer.h,4,2,6
/media/ullmann/HDDGabriel/engines/o3de/Code/Editor/TrackView/CommentNodeAnimator.h,2,1,3
/media/ullmann/HDDGabriel/engines/o3de/Gems/EditorPythonBindings/Code/Source/PythonSystemComponent.cpp,0,1,1
/media/ullmann/HDDGabriel/engines/o3de/Gems/EditorPythonBindings/Code/Source/PythonSystemComponent.h,2,0,2
/media/ullmann/HDDGabriel/engines/o3de/Gems/EMotionFX/Code/EMotionFX/Tools/EMotionStudio/Plugins/StandardPlugins/Source/LogWindow/LogWindowCallback.cpp,0,1,1
/media/ullmann/HDDGabriel/engines/o3de/Gems/EMotionFX/Code/EMotionFX/Tools/EMotionStudio/Plugins/StandardPlugins/Source/LogWindow/LogWindowCallback.h,2,1,3
/media/ullmann/HDDGabriel/engines/o3de/Gems/SceneProcessing/Code/Source/Generation/Components/MeshOptimizer/MeshBuilderVertexAttributeLayers.h,5,1,6
/media/ullmann/HDDGabriel/engines/o3de/Code/Editor/TrackView/TrackViewSequence.h,8,1,9
/media/ullmann/HDDGabriel/engines/o3de/Gems/GraphCanvas/Code/Source/Components/NodePropertyDisplays/VectorNodePropertyDisplay.h,1,0,1
/media/ullmann/HDDGabriel/engines/o3de/Code/Editor/LevelTreeModel.cpp,0,3,3
/media/ullmann/HDDGabriel/engines/o3de/Code/Editor/LevelFileDialog.h,4,0,4
/media/ullmann/HDDGabriel/engines/o3de/Gems/Prefab/PrefabBuilder/PrefabGroupTests.cpp,0,2,2
/media/ullmann/HDDGabriel/engines/o3de/Gems/Prefab/PrefabBuilder/PrefabGroup/PrefabGroup.h,1,0,1
/media/ullmann/HDDGabriel/engines/o3de/Gems/AudioSystem/Code/Source/Editor/InspectorPanel.h,2,3,5
/media/ullmann/HDDGabriel/engines/o3de/Gems/LandscapeCanvas/Code/Source/Editor/Nodes/Shapes/BoxShapeNode.cpp,0,1,1
/media/ullmann/HDDGabriel/engines/o3de/Gems/LandscapeCanvas/Code/Source/Editor/Nodes/Shapes/BoxShapeNode.h,2,0,2
/media/ullmann/HDDGabriel/engines/o3de/Gems/LandscapeCanvas/Code/Source/Editor/Nodes/BaseNode.cpp,0,1,1
/media/ullmann/HDDGabriel/engines/o3de/Gems/LandscapeCanvas/Code/Source/Editor/Nodes/BaseNode.h,1,0,1
/media/ullmann/HDDGabriel/engines/o3de/Code/Editor/WaitProgress.h,4,0,4
/media/ullmann/HDDGabriel/engines/o3de/Gems/LmbrCentral/Code/Source/Builders/TranslationBuilder/TranslationBuilderComponent.h,2,0,2
/media/ullmann/HDDGabriel/engines/o3de/Gems/Vegetation/Code/Source/Editor/EditorSlopeAlignmentModifierComponent.cpp,0,1,1
/media/ullmann/HDDGabriel/engines/o3de/Gems/Achievements/Code/Source/AchievementsModule.cpp,0,1,1
/media/ullmann/HDDGabriel/engines/o3de/Gems/Achievements/Code/Source/AchievementsSystemComponent.h,2,0,2
/media/ullmann/HDDGabriel/engines/o3de/Gems/PythonAssetBuilder/Code/Source/PythonAssetBuilderSystemComponent.cpp,0,1,1
/media/ullmann/HDDGabriel/engines/o3de/Gems/PythonAssetBuilder/Code/Source/PythonAssetBuilderSystemComponent.h,2,0,2
/media/ullmann/HDDGabriel/engines/o3de/Gems/ImGui/Code/Source/ImGuiColorDefines.h,0,1,1
/media/ullmann/HDDGabriel/engines/o3de/Gems/ImGui/Code/Source/ImGuiManager.h,3,0,3
/media/ullmann/HDDGabriel/engines/o3de/Gems/EMotionFX/Code/EMotionFX/Source/Parameter/Vector4Parameter.cpp,0,1,1
/media/ullmann/HDDGabriel/engines/o3de/Gems/EMotionFX/Code/EMotionFX/Source/Parameter/Vector4Parameter.h,1,1,2
/media/ullmann/HDDGabriel/engines/o3de/Gems/Camera/Code/Source/CameraComponentController.cpp,0,2,2
/media/ullmann/HDDGabriel/engines/o3de/Gems/Camera/Code/Source/CameraComponentController.h,4,0,4
/media/ullmann/HDDGabriel/engines/o3de/Code/Framework/AzToolsFramework/AzToolsFramework/UI/PropertyEditor/PropertyIntSpinCtrl.cpp,0,2,2
/media/ullmann/HDDGabriel/engines/o3de/Gems/LyShine/Code/Source/UiRadioButtonComponent.h,4,1,5
/media/ullmann/HDDGabriel/engines/o3de/Gems/EMotionFX/Code/EMotionFX/Source/Importer/NodeMapFileFormat.h,2,1,3
/media/ullmann/HDDGabriel/engines/o3de/Gems/EMotionFX/Code/EMotionFX/Tools/EMotionStudio/Plugins/StandardPlugins/Source/AnimGraph/ParameterEditor/ParameterEditorFactory.cpp,0,15,15
/media/ullmann/HDDGabriel/engines/o3de/Gems/EMotionFX/Code/EMotionFX/Tools/EMotionStudio/Plugins/StandardPlugins/Source/AnimGraph/ParameterEditor/IntSliderParameterEditor.h,2,1,3
/media/ullmann/HDDGabriel/engines/o3de/Code/Editor/Include/IPreferencesPage.h,9,0,9
/media/ullmann/HDDGabriel/engines/o3de/Gems/EMotionFX/Code/EMotionFX/Source/AnimGraphStateTransition.cpp,0,10,10
/media/ullmann/HDDGabriel/engines/o3de/Gems/EMotionFX/Code/EMotionFX/Source/MotionEvent.h,5,2,7
/media/ullmann/HDDGabriel/engines/o3de/Code/Editor/Objects/SelectionGroup.h,8,0,8
/media/ullmann/HDDGabriel/engines/o3de/Gems/MotionMatching/Code/Source/PoseDataJointVelocities.cpp,0,3,3
/media/ullmann/HDDGabriel/engines/o3de/Gems/SceneLoggingExample/Code/SceneLoggingExampleModule.cpp,0,3,3
/media/ullmann/HDDGabriel/engines/o3de/Gems/SceneLoggingExample/Code/Processors/ExportTrackingProcessor.h,1,0,1
/media/ullmann/HDDGabriel/engines/o3de/Gems/Atom/Asset/ImageProcessingAtom/Code/Source/Compressors/CryTextureSquisher/CryTextureSquisher.cpp,0,4,4
/media/ullmann/HDDGabriel/engines/o3de/Gems/Atom/Asset/ImageProcessingAtom/Code/Source/Compressors/CryTextureSquisher/CryTextureSquisher.h,1,0,1
/media/ullmann/HDDGabriel/engines/o3de/Gems/LyShine/Code/Editor/PropertyHandlerAnchor.cpp,0,4,4
/media/ullmann/HDDGabriel/engines/o3de/Gems/EMotionFX/Code/EMotionFX/Source/MorphTargetStandard.h,3,5,8
/media/ullmann/HDDGabriel/engines/o3de/Gems/AWSMetrics/Code/Source/MetricsQueue.cpp,0,1,1
/media/ullmann/HDDGabriel/engines/o3de/Code/Framework/AzFramework/AzFramework/Asset/XmlSchemaAsset.cpp,0,1,1
/media/ullmann/HDDGabriel/engines/o3de/Code/Framework/AzFramework/AzFramework/Asset/XmlSchemaAsset.h,1,0,1
/media/ullmann/HDDGabriel/engines/o3de/Code/Tools/LuaIDE/Source/LUA/LUAEditorView.hxx,5,2,7
/media/ullmann/HDDGabriel/engines/o3de/Gems/EMotionFX/Code/MCore/Source/Color.h,2,3,5
/media/ullmann/HDDGabriel/engines/o3de/Gems/ScriptCanvas/Code/Include/ScriptCanvas/Asset/AssetDescription.h,0,1,1
/media/ullmann/HDDGabriel/engines/o3de/Gems/ScriptCanvas/Code/Include/ScriptCanvas/Asset/AssetRegistryBus.h,1,0,1
/media/ullmann/HDDGabriel/engines/o3de/Gems/ScriptCanvas/Code/Include/ScriptCanvas/Debugger/APIArguments.cpp,0,1,1
/media/ullmann/HDDGabriel/engines/o3de/Gems/ScriptCanvas/Code/Include/ScriptCanvas/Debugger/APIArguments.h,5,0,5
/media/ullmann/HDDGabriel/engines/o3de/Gems/EMotionFX/Code/EMotionFX/CommandSystem/Source/AnimGraphGroupParameterCommands.cpp,0,3,3
/media/ullmann/HDDGabriel/engines/o3de/Gems/Maestro/Code/Source/Cinematics/SequenceTrack.h,4,1,5
/media/ullmann/HDDGabriel/engines/o3de/Code/Tools/TestImpactFramework/Runtime/Common/Code/Include/Static/TestImpactRuntimeUtils.h,1,7,8
/media/ullmann/HDDGabriel/engines/o3de/Code/Tools/TestImpactFramework/Runtime/Common/Code/Include/Static/Dependency/TestImpactDynamicDependencyMap.h,1,0,1
/media/ullmann/HDDGabriel/engines/o3de/Gems/AtomLyIntegration/CommonFeatures/Code/Source/OcclusionCullingPlane/OcclusionCullingPlaneComponent.h,1,0,1
/media/ullmann/HDDGabriel/engines/o3de/Code/LauncherUnified/Platform/Mac/Launcher_Traits_Platform.h,0,1,1
/media/ullmann/HDDGabriel/engines/o3de/Code/LauncherUnified/Platform/Mac/Launcher_Traits_Mac.h,1,0,1
/media/ullmann/HDDGabriel/engines/o3de/Code/Framework/AzCore/AzCore/std/utils.h,0,1,1
/media/ullmann/HDDGabriel/engines/o3de/Code/Framework/AzCore/AzCore/std/utility,1,0,1
/media/ullmann/HDDGabriel/engines/o3de/Code/Tools/AssetProcessor/native/utilities/MissingDependencyScanner.cpp,0,3,3
/media/ullmann/HDDGabriel/engines/o3de/Code/Tools/AssetProcessor/native/utilities/LineByLineDependencyScanner.h,2,1,3
/media/ullmann/HDDGabriel/engines/o3de/Gems/AudioEngineWwise/Code/Source/Engine/PluginRegistration_wwise.h,1,0,1
/media/ullmann/HDDGabriel/engines/o3de/Code/Tools/AssetProcessor/AssetBuilder/AssetBuilderComponent.cpp,0,4,4
/media/ullmann/HDDGabriel/engines/o3de/Code/Legacy/CryCommon/IFont.h,0,3,3
/media/ullmann/HDDGabriel/engines/o3de/Gems/ScriptCanvas/Code/Include/ScriptCanvas/Core/Contracts/MethodOverloadContract.h,2,0,2
/media/ullmann/HDDGabriel/engines/o3de/Gems/LyShine/Code/Editor/PropertiesWidget.h,1,1,2
/media/ullmann/HDDGabriel/engines/o3de/Gems/LyShine/Code/Editor/FindEntitySortFilterProxyModel.h,2,0,2
/media/ullmann/HDDGabriel/engines/o3de/Gems/LyShine/Code/Editor/Animation/UiAnimUndoManager.cpp,0,2,2
/media/ullmann/HDDGabriel/engines/o3de/Gems/LyShine/Code/Editor/Animation/UiAnimUndoObject.h,3,0,3
/media/ullmann/HDDGabriel/engines/o3de/Code/Editor/Objects/EntityObject.cpp,0,2,2
/media/ullmann/HDDGabriel/engines/o3de/Code/Editor/Objects/LineGizmo.h,2,2,4
/media/ullmann/HDDGabriel/engines/o3de/Gems/InAppPurchases/Code/Source/InAppPurchasesModule.cpp,0,2,2
/media/ullmann/HDDGabriel/engines/o3de/Gems/InAppPurchases/Code/Source/InAppPurchasesSystemComponent.h,2,0,2
/media/ullmann/HDDGabriel/engines/o3de/Code/Editor/TrackView/TimeRangeKeyUIControls.cpp,0,2,2
/media/ullmann/HDDGabriel/engines/o3de/Gems/GraphCanvas/Code/Source/Components/Nodes/General/GeneralNodeFrameComponent.h,1,0,1
/media/ullmann/HDDGabriel/engines/o3de/Gems/EMotionFX/Code/EMotionFX/CommandSystem/Source/AnimGraphNodeCommands.cpp,0,3,3
/media/ullmann/HDDGabriel/engines/o3de/Gems/LandscapeCanvas/Code/Source/Editor/Nodes/Gradients/GradientBakerNode.cpp,0,1,1
/media/ullmann/HDDGabriel/engines/o3de/Gems/LandscapeCanvas/Code/Source/Editor/Nodes/Gradients/GradientBakerNode.h,2,0,2
/media/ullmann/HDDGabriel/engines/o3de/Gems/AWSMetrics/Code/Source/MetricsAttribute.cpp,0,1,1
/media/ullmann/HDDGabriel/engines/o3de/Gems/ScriptCanvas/Code/Include/ScriptCanvas/Libraries/Deprecated/Operators/Containers/OperatorPushBack.cpp,0,1,1
/media/ullmann/HDDGabriel/engines/o3de/Code/Editor/EditorPreferencesPageViewportDebug.cpp,0,3,3
/media/ullmann/HDDGabriel/engines/o3de/Gems/EMotionFX/Code/EMotionFX/Tools/EMotionStudio/Plugins/StandardPlugins/Source/SceneManager/ActorsWindow.h,2,1,3
/media/ullmann/HDDGabriel/engines/o3de/Code/Framework/AzFramework/AzFramework/StreamingInstall/StreamingInstall.h,1,1,2
/media/ullmann/HDDGabriel/engines/o3de/Code/Framework/AzFramework/AzFramework/StreamingInstall/StreamingInstallRequests.h,1,0,1
/media/ullmann/HDDGabriel/engines/o3de/Code/Framework/AzToolsFramework/AzToolsFramework/ToolsComponents/EditorDisabledCompositionComponent.h,1,2,3
/media/ullmann/HDDGabriel/engines/o3de/Code/Framework/AzToolsFramework/AzToolsFramework/ToolsComponents/EditorDisabledCompositionBus.h,1,0,1
/media/ullmann/HDDGabriel/engines/o3de/Code/Editor/EditorFileMonitor.h,2,2,4
/media/ullmann/HDDGabriel/engines/o3de/Code/Editor/Util/FileChangeMonitor.h,2,0,2
/media/ullmann/HDDGabriel/engines/o3de/Gems/Terrain/Code/Source/Components/TerrainSurfaceGradientListComponent.h,1,0,1
/media/ullmann/HDDGabriel/engines/o3de/Gems/Terrain/Code/Tests/SurfaceMaterialsListTest.cpp,0,2,2
/media/ullmann/HDDGabriel/engines/o3de/Gems/ImGui/External/ImGui/v1.82/imgui/imgui_demo.cpp,1,1,2
/media/ullmann/HDDGabriel/engines/o3de/Gems/ImGui/External/ImGui/v1.82/imgui/imgui.h,6,2,8
/media/ullmann/HDDGabriel/engines/o3de/Code/Editor/Plugin.cpp,0,2,2
/media/ullmann/HDDGabriel/engines/o3de/Code/Editor/Plugin.h,1,2,3
/media/ullmann/HDDGabriel/engines/o3de/Code/Editor/Util/EditorUtils.h,4,0,4
/media/ullmann/HDDGabriel/engines/o3de/Gems/AudioEngineWwise/Code/Platform/Mac/FileIOHandler_wwise_Platform.h,0,1,1
/media/ullmann/HDDGabriel/engines/o3de/Gems/EMotionFX/Code/EMotionFX/Tools/EMotionStudio/Plugins/StandardPlugins/Source/AnimGraph/ParameterEditor/IntSpinnerParameterEditor.h,2,1,3
/media/ullmann/HDDGabriel/engines/o3de/Gems/LmbrCentral/Code/Source/Unhandled/Other/PrefabsLibraryAssetTypeInfo.h,2,0,2
/media/ullmann/HDDGabriel/engines/o3de/Gems/LmbrCentral/Code/Source/Audio/EditorAudioTriggerComponent.cpp,0,1,1
/media/ullmann/HDDGabriel/engines/o3de/Gems/AtomTressFX/External/Code/src/Simulation.cpp,0,3,3
/media/ullmann/HDDGabriel/engines/o3de/Gems/GraphCanvas/Code/Source/Components/Slots/Default/DefaultSlotLayoutComponent.h,1,0,1
/media/ullmann/HDDGabriel/engines/o3de/Gems/EMotionFX/Code/EMotionFX/Source/BlendTreeMotionFrameNode.h,1,3,4
/media/ullmann/HDDGabriel/engines/o3de/Gems/EMotionFX/Code/EMotionFX/Source/AnimGraphNodeData.h,3,2,5
/media/ullmann/HDDGabriel/engines/o3de/Code/Editor/EditorPreferencesPageViewportManipulator.cpp,0,4,4
/media/ullmann/HDDGabriel/engines/o3de/Gems/LmbrCentral/Code/Source/Ai/EditorNavigationSeedComponent.cpp,0,2,2
/media/ullmann/HDDGabriel/engines/o3de/Gems/LmbrCentral/Code/Source/Ai/EditorNavigationSeedComponent.h,2,0,2
/media/ullmann/HDDGabriel/engines/o3de/Gems/LyShine/Code/Source/UiSliderComponent.cpp,0,4,4
/media/ullmann/HDDGabriel/engines/o3de/Gems/LyShine/Code/Source/UiSliderComponent.h,4,1,5
/media/ullmann/HDDGabriel/engines/o3de/Gems/LyShine/Code/Editor/ViewportElement.cpp,0,3,3
/media/ullmann/HDDGabriel/engines/o3de/Gems/DebugDraw/Code/Source/DebugDrawTextComponent.cpp,0,1,1
/media/ullmann/HDDGabriel/engines/o3de/Gems/ScriptCanvasTesting/Code/Source/ScriptCanvasTestingSystemComponent.cpp,0,4,4
/media/ullmann/HDDGabriel/engines/o3de/Gems/ScriptCanvasTesting/Code/Source/Nodes/BehaviorContextObjectTestNode.h,1,0,1
/media/ullmann/HDDGabriel/engines/o3de/Code/Framework/AzToolsFramework/AzToolsFramework/ToolsComponents/EditorInspectorComponent.h,1,2,3
/media/ullmann/HDDGabriel/engines/o3de/Code/Editor/MainStatusBarItems.h,1,1,2
/media/ullmann/HDDGabriel/engines/o3de/Gems/EMotionFX/Code/EMotionFX/Tools/EMotionStudio/Plugins/StandardPlugins/Source/AnimGraph/NodeGroupWindow.cpp,0,7,7
/media/ullmann/HDDGabriel/engines/o3de/Gems/Atom/Asset/ImageProcessingAtom/External/CubeMapGen/CImageSurface.cpp,0,1,1
/media/ullmann/HDDGabriel/engines/o3de/Gems/Atom/Asset/ImageProcessingAtom/External/CubeMapGen/CImageSurface.h,2,1,3
/media/ullmann/HDDGabriel/engines/o3de/Gems/LmbrCentral/Code/Source/Shape/EditorSphereShapeComponent.cpp,0,4,4
/media/ullmann/HDDGabriel/engines/o3de/Gems/LyShine/Code/Source/UiLayoutFitterComponent.cpp,0,2,2
/media/ullmann/HDDGabriel/engines/o3de/Gems/WhiteBox/Code/Source/EditorWhiteBoxComponent.cpp,0,9,9
/media/ullmann/HDDGabriel/engines/o3de/Gems/WhiteBox/Code/Source/EditorWhiteBoxComponentMode.h,2,2,4
/media/ullmann/HDDGabriel/engines/o3de/Gems/LyShine/Code/Editor/PropertyHandlerPivot.cpp,0,4,4
/media/ullmann/HDDGabriel/engines/o3de/Gems/LyShine/Code/Editor/PropertyHandlerPivot.h,2,0,2
/media/ullmann/HDDGabriel/engines/o3de/Gems/Gestures/Code/Source/InputChannelGestureRotate.h,2,1,3
/media/ullmann/HDDGabriel/engines/o3de/Code/Editor/Plugins/ComponentEntityEditorPlugin/UI/Outliner/OutlinerTreeView.cpp,0,2,2
/media/ullmann/HDDGabriel/engines/o3de/Code/Editor/Plugins/ComponentEntityEditorPlugin/UI/Outliner/OutlinerListModel.hxx,4,1,5
/media/ullmann/HDDGabriel/engines/o3de/Gems/EMotionFX/Code/EMotionFX/Source/BlendTreeMirrorPoseNode.cpp,0,8,8
/media/ullmann/HDDGabriel/engines/o3de/Gems/ScriptCanvas/Code/Include/ScriptCanvas/Grammar/ParsingMetaData.cpp,0,4,4
/media/ullmann/HDDGabriel/engines/o3de/Gems/Metastream/Code/Source/CivetHttpServer.cpp,0,1,1
/media/ullmann/HDDGabriel/engines/o3de/Gems/LyShine/Code/Editor/Animation/UiAnimViewAnimNode.h,9,2,11
/media/ullmann/HDDGabriel/engines/o3de/Code/Framework/AzFramework/Tests/Platform/Common/Xcb/XcbBaseTestFixture.cpp,0,1,1
/media/ullmann/HDDGabriel/engines/o3de/Code/Framework/AzFramework/Tests/Platform/Common/Xcb/XcbBaseTestFixture.h,3,1,4
/media/ullmann/HDDGabriel/engines/o3de/Gems/ScriptAutomation/Code/Source/ScriptAutomationSystemComponent.cpp,0,2,2
/media/ullmann/HDDGabriel/engines/o3de/Gems/Meshlets/Code/Source/Meshlets/MeshletsRenderPass.cpp,0,3,3
/media/ullmann/HDDGabriel/engines/o3de/Gems/Meshlets/Code/Source/Meshlets/MeshletsFeatureProcessor.h,3,3,6
/media/ullmann/HDDGabriel/engines/o3de/Code/Tools/ProjectManager/Source/ProjectBuilderController.cpp,0,4,4
/media/ullmann/HDDGabriel/engines/o3de/Code/Tools/ProjectManager/Source/ProjectBuilderWorker.h,2,1,3
/media/ullmann/HDDGabriel/engines/o3de/Code/Framework/AzToolsFramework/AzToolsFramework/UI/PropertyEditor/PropertyButtonCtrl.cpp,0,2,2
/media/ullmann/HDDGabriel/engines/o3de/Gems/ScriptEvents/Code/Include/ScriptEvents/Internal/BehaviorContextBinding/ScriptEventBroadcast.cpp,0,2,2
/media/ullmann/HDDGabriel/engines/o3de/Gems/ScriptEvents/Code/Include/ScriptEvents/Internal/BehaviorContextBinding/ScriptEventsBindingBus.h,3,0,3
/media/ullmann/HDDGabriel/engines/o3de/Code/Tools/AssetProcessor/AssetBuilder/AssetBuilderInfo.cpp,0,2,2
/media/ullmann/HDDGabriel/engines/o3de/Gems/LyShine/Code/Source/UiInteractableComponent.cpp,0,1,1
/media/ullmann/HDDGabriel/engines/o3de/Gems/EMotionFX/Code/EMotionFX/CommandSystem/Source/ParameterMixins.cpp,0,1,1
/media/ullmann/HDDGabriel/engines/o3de/Gems/EMotionFX/Code/EMotionFX/CommandSystem/Source/ParameterMixins_Impl.inl,1,0,1
/media/ullmann/HDDGabriel/engines/o3de/Gems/ScriptCanvas/Code/Editor/View/Dialogs/UnsavedChangesDialog.cpp,0,1,1
/media/ullmann/HDDGabriel/engines/o3de/Gems/ScriptCanvas/Code/Editor/View/Dialogs/UnsavedChangesDialog.h,1,0,1
/media/ullmann/HDDGabriel/engines/o3de/Gems/EMotionFX/Code/EMotionFX/Source/AnimGraphNode.cpp,0,19,19
/media/ullmann/HDDGabriel/engines/o3de/Gems/EMotionFX/Code/EMotionFX/Source/Recorder.h,5,2,7
/media/ullmann/HDDGabriel/engines/o3de/Gems/ImGui/External/ImGui/v1.82/imgui/imgui_widgets.cpp,1,3,4
/media/ullmann/HDDGabriel/engines/o3de/Code/Legacy/CryCommon/TimeValue.h,1,0,1
/media/ullmann/HDDGabriel/engines/o3de/Gems/ScriptCanvas/Code/Include/ScriptCanvas/Translation/GraphToLua.h,0,4,4
/media/ullmann/HDDGabriel/engines/o3de/Gems/ScriptCanvas/Code/Include/ScriptCanvas/Translation/TranslationResult.h,3,0,3
/media/ullmann/HDDGabriel/engines/o3de/Gems/Terrain/Code/Source/TerrainRenderer/EditorComponents/EditorTerrainMacroMaterialComponent.h,1,0,1
/media/ullmann/HDDGabriel/engines/o3de/Gems/AtomLyIntegration/CommonFeatures/Code/Source/Mesh/EditorMeshSystemComponent.h,1,0,1
/media/ullmann/HDDGabriel/engines/o3de/Gems/ScriptCanvas/Code/Include/ScriptCanvas/Libraries/Comparison/ComparisonLibrary.cpp,0,7,7
/media/ullmann/HDDGabriel/engines/o3de/Gems/ScriptCanvas/Code/Include/ScriptCanvas/Libraries/Comparison/GreaterEqual.h,1,0,1
/media/ullmann/HDDGabriel/engines/o3de/Gems/LyShine/Code/Source/UiLayoutGridComponent.h,5,1,6
/media/ullmann/HDDGabriel/engines/o3de/Code/Framework/AzToolsFramework/AzToolsFramework/UI/LegacyFramework/CustomMenus/CustomMenusComponent.cpp,0,1,1
/media/ullmann/HDDGabriel/engines/o3de/Code/Framework/AzToolsFramework/AzToolsFramework/UI/LegacyFramework/CustomMenus/CustomMenusAPI.h,1,0,1
/media/ullmann/HDDGabriel/engines/o3de/Gems/LandscapeCanvas/Code/Source/Editor/Nodes/AreaSelectors/AssetWeightSelectorNode.cpp,0,1,1
/media/ullmann/HDDGabriel/engines/o3de/Gems/LandscapeCanvas/Code/Source/Editor/Nodes/AreaSelectors/AssetWeightSelectorNode.h,2,0,2
/media/ullmann/HDDGabriel/engines/o3de/Code/Framework/AzFramework/Tests/Platform/Common/Xcb/MockXcbInterface.h,3,1,4
/media/ullmann/HDDGabriel/engines/o3de/Code/Framework/AzFramework/Tests/Platform/Common/Xcb/Printers.h,2,0,2
/media/ullmann/HDDGabriel/engines/o3de/Code/Editor/NewLevelDialog.cpp,0,2,2
/media/ullmann/HDDGabriel/engines/o3de/Gems/EMotionFX/Code/EMotionFX/Source/SkinningInfoVertexAttributeLayer.cpp,0,2,2
/media/ullmann/HDDGabriel/engines/o3de/Gems/GraphCanvas/Code/Source/Components/Slots/Data/DataSlotLayoutComponent.h,1,0,1
/media/ullmann/HDDGabriel/engines/o3de/Gems/EditorPythonBindings/Code/Tests/PythonAssetTypesTests.cpp,0,2,2
/media/ullmann/HDDGabriel/engines/o3de/Gems/LyShine/Code/Source/UiTextComponentOffsetsSelector.cpp,0,2,2
/media/ullmann/HDDGabriel/engines/o3de/Gems/LyShine/Code/Source/StringUtfUtils.h,3,0,3
/media/ullmann/HDDGabriel/engines/o3de/Code/Editor/CryEditDoc.cpp,0,17,17
/media/ullmann/HDDGabriel/engines/o3de/Gems/LmbrCentral/Code/Source/Shape/QuadShapeComponent.h,4,1,5
/media/ullmann/HDDGabriel/engines/o3de/Code/Framework/AzFramework/AzFramework/Script/ScriptRemoteDebugging.cpp,0,3,3
/media/ullmann/HDDGabriel/engines/o3de/Code/Framework/AzFramework/AzFramework/Script/ScriptDebugAgentBus.h,1,0,1
/media/ullmann/HDDGabriel/engines/o3de/Gems/Gestures/Code/Source/InputChannelGestureSwipe.cpp,0,1,1
/media/ullmann/HDDGabriel/engines/o3de/Gems/AtomTressFX/External/Code/src/TressFX/TressFXSettings.h,3,0,3
/media/ullmann/HDDGabriel/engines/o3de/Gems/ScriptCanvas/Code/Include/ScriptCanvas/Libraries/Math/Color.cpp,0,1,1
/media/ullmann/HDDGabriel/engines/o3de/Gems/ScriptCanvas/Code/Include/ScriptCanvas/Libraries/Math/Color.h,1,0,1
/media/ullmann/HDDGabriel/engines/o3de/Gems/ScriptCanvas/Code/Include/ScriptCanvas/Libraries/Deprecated/Operators/Math/OperatorDivideByNumber.cpp,0,1,1
/media/ullmann/HDDGabriel/engines/o3de/Gems/ScriptCanvas/Code/Include/ScriptCanvas/Libraries/Deprecated/Operators/Math/OperatorDivideByNumber.h,1,0,1
/media/ullmann/HDDGabriel/engines/o3de/Gems/AudioEngineWwise/Code/Platform/Android/AkPlatformFuncs_Platform.h,0,1,1
/media/ullmann/HDDGabriel/engines/o3de/Gems/AudioEngineWwise/Code/Platform/Common/Default/AkPlatformFuncs_Default.h,4,0,4
/media/ullmann/HDDGabriel/engines/o3de/Code/Legacy/CryCommon/Win64specific.h,0,1,1
/media/ullmann/HDDGabriel/engines/o3de/Code/Legacy/CryCommon/BaseTypes.h,10,0,10
/media/ullmann/HDDGabriel/engines/o3de/Gems/WhiteBox/Code/Source/WhiteBoxModule.cpp,0,4,4
/media/ullmann/HDDGabriel/engines/o3de/Gems/WhiteBox/Code/Source/WhiteBoxComponent.h,3,1,4
/media/ullmann/HDDGabriel/engines/o3de/Code/Framework/AzToolsFramework/AzToolsFramework/UI/PropertyEditor/ReflectedPropertyEditor.hxx,1,1,2
/media/ullmann/HDDGabriel/engines/o3de/Code/Editor/AssetImporter/UI/ProcessingAssetsDialog.cpp,0,1,1
/media/ullmann/HDDGabriel/engines/o3de/Code/Editor/AssetImporter/UI/ProcessingAssetsDialog.h,1,0,1
/media/ullmann/HDDGabriel/engines/o3de/Code/Editor/AzAssetBrowser/AzAssetBrowserWindow.cpp,0,1,1
/media/ullmann/HDDGabriel/engines/o3de/Code/Editor/AzAssetBrowser/AzAssetBrowserWindow.h,3,0,3
/media/ullmann/HDDGabriel/engines/o3de/Gems/Meshlets/Code/Source/Meshlets/MeshletsUtilities.h,3,1,4
/media/ullmann/HDDGabriel/engines/o3de/Code/Framework/AzToolsFramework/AzToolsFramework/UI/PropertyEditor/PropertyBoolComboBoxCtrl.hxx,1,1,2
/media/ullmann/HDDGabriel/engines/o3de/Code/Legacy/CryCommon/Linux_Win32Wrapper.h,0,1,1
/media/ullmann/HDDGabriel/engines/o3de/Gems/PhysX/Code/Editor/Source/Components/EditorSystemComponent.cpp,0,1,1
/media/ullmann/HDDGabriel/engines/o3de/Gems/PhysX/Code/Editor/Source/Components/EditorSystemComponent.h,1,0,1
/media/ullmann/HDDGabriel/engines/o3de/Code/Tools/TestImpactFramework/Runtime/Common/Code/Include/Static/TestImpactRuntimeUtils.cpp,0,2,2
/media/ullmann/HDDGabriel/engines/o3de/Code/Tools/TestImpactFramework/Runtime/Common/Code/Include/Static/Artifact/Factory/TestImpactTargetDescriptorFactory.h,1,0,1
/media/ullmann/HDDGabriel/engines/o3de/Gems/EMotionFX/Code/EMotionFX/Tools/EMotionStudio/Plugins/StandardPlugins/Source/AnimGraph/NodeGraph.h,7,0,7
/media/ullmann/HDDGabriel/engines/o3de/Gems/LmbrCentral/Code/Source/Scripting/EditorSpawnerComponent.h,3,0,3
/media/ullmann/HDDGabriel/engines/o3de/Gems/LmbrCentral/Code/Tests/CapsuleShapeTest.cpp,0,1,1
/media/ullmann/HDDGabriel/engines/o3de/Gems/LyShine/Code/Editor/PivotPresetsWidget.h,2,0,2
/media/ullmann/HDDGabriel/engines/o3de/Code/Editor/Plugins/ProjectSettingsTool/Platforms.h,2,0,2
/media/ullmann/HDDGabriel/engines/o3de/Gems/ScriptCanvas/Code/Include/ScriptCanvas/Libraries/Core/UnaryOperator.cpp,0,1,1
/media/ullmann/HDDGabriel/engines/o3de/Gems/ScriptCanvas/Code/Include/ScriptCanvas/Libraries/Core/UnaryOperator.h,1,0,1
/media/ullmann/HDDGabriel/engines/o3de/Code/Editor/Include/IErrorReport.h,3,0,3
/media/ullmann/HDDGabriel/engines/o3de/Gems/Atom/Feature/Common/Code/Source/CommonSystemComponent.h,2,0,2
/media/ullmann/HDDGabriel/engines/o3de/Gems/LmbrCentral/Code/Source/Shape/EditorSplineComponent.h,3,1,4
/media/ullmann/HDDGabriel/engines/o3de/Gems/LandscapeCanvas/Code/Source/Editor/Nodes/GradientModifiers/GradientMixerNode.h,2,0,2
/media/ullmann/HDDGabriel/engines/o3de/Gems/EMotionFX/Code/EMotionFX/Source/BlendTreeBlend2AdditiveNode.h,1,3,4
/media/ullmann/HDDGabriel/engines/o3de/Gems/Atom/Feature/Common/Code/Source/PostProcessing/BloomParentPass.h,1,0,1
/media/ullmann/HDDGabriel/engines/o3de/Code/Tools/ProjectManager/Source/ProjectGemCatalogScreen.cpp,0,7,7
/media/ullmann/HDDGabriel/engines/o3de/Code/Tools/ProjectManager/Source/GemCatalog/GemModel.h,2,0,2
/media/ullmann/HDDGabriel/engines/o3de/Gems/GradientSignal/Code/Source/GradientSignalModule.cpp,0,2,2
/media/ullmann/HDDGabriel/engines/o3de/Gems/GradientSignal/Code/Source/GradientSignalModule.h,2,0,2
/media/ullmann/HDDGabriel/engines/o3de/Gems/EMotionFX/Code/EMotionFX/Tools/EMotionStudio/Plugins/StandardPlugins/Source/AnimGraph/BlendTreeVisualNode.h,3,0,3
/media/ullmann/HDDGabriel/engines/o3de/Gems/EditorPythonBindings/Code/Tests/PythonProxyBusTests.cpp,0,2,2
/media/ullmann/HDDGabriel/engines/o3de/Code/Editor/Include/IDisplayViewport.h,2,0,2
/media/ullmann/HDDGabriel/engines/o3de/Gems/GradientSignal/Code/Source/UI/GradientPreviewDataWidget.cpp,0,1,1
/media/ullmann/HDDGabriel/engines/o3de/Gems/GradientSignal/Code/Source/UI/GradientPreviewDataWidget.h,2,0,2
/media/ullmann/HDDGabriel/engines/o3de/Gems/LyShine/Code/Source/UiTooltipDisplayComponent.cpp,0,1,1
/media/ullmann/HDDGabriel/engines/o3de/Code/Editor/Include/EditorCoreAPI.h,7,1,8
/media/ullmann/HDDGabriel/engines/o3de/Gems/EMotionFX/Code/EMotionFX/Source/Mesh.h,10,5,15
/media/ullmann/HDDGabriel/engines/o3de/Gems/EMotionFX/Code/EMotionFX/Source/Mesh.inl,1,0,1
/media/ullmann/HDDGabriel/engines/o3de/Gems/EMotionFX/Code/EMotionFX/Source/MotionEventTable.cpp,0,5,5
/media/ullmann/HDDGabriel/engines/o3de/Gems/LmbrCentral/Code/Source/Scripting/SpawnerComponent.h,3,0,3
/media/ullmann/HDDGabriel/engines/o3de/Gems/RecastNavigation/Code/Source/EditorComponents/EditorRecastNavigationPhysXProviderComponent.cpp,0,1,1
/media/ullmann/HDDGabriel/engines/o3de/Gems/RecastNavigation/Code/Source/EditorComponents/EditorRecastNavigationPhysXProviderComponent.h,2,0,2
/media/ullmann/HDDGabriel/engines/o3de/Gems/LyShine/Code/Editor/PropertyHandlerEntityIdComboBox.cpp,0,2,2
/media/ullmann/HDDGabriel/engines/o3de/Gems/LyShine/Code/Editor/PropertyHandlerEntityIdComboBox.h,2,1,3
/media/ullmann/HDDGabriel/engines/o3de/Gems/Blast/Code/Tests/BlastFamilyTest.cpp,0,1,1
/media/ullmann/HDDGabriel/engines/o3de/Gems/Blast/Code/Tests/Mocks/BlastMocks.h,4,0,4
/media/ullmann/HDDGabriel/engines/o3de/Gems/EMotionFX/Code/EMotionFX/Tools/EMotionStudio/Plugins/StandardPlugins/Source/NodeGroups/NodeGroupWidget.cpp,0,2,2
/media/ullmann/HDDGabriel/engines/o3de/Gems/ScriptCanvas/Code/Include/ScriptCanvas/Grammar/ParsingMetaData.h,3,1,4
/media/ullmann/HDDGabriel/engines/o3de/Gems/LmbrCentral/Code/Source/Builders/LuaBuilder/LuaHelpers.cpp,0,2,2
/media/ullmann/HDDGabriel/engines/o3de/Code/Tools/ProjectManager/Source/ProjectButtonWidget.cpp,0,3,3
/media/ullmann/HDDGabriel/engines/o3de/Code/Tools/AssetProcessor/native/ui/ConnectionEditDialog.cpp,0,2,2
/media/ullmann/HDDGabriel/engines/o3de/Code/Tools/AssetProcessor/native/connection/connectionManager.h,3,0,3
/media/ullmann/HDDGabriel/engines/o3de/Code/Tools/LuaIDE/Source/LUA/LUAEditorPlainTextEdit.cpp,0,4,4
/media/ullmann/HDDGabriel/engines/o3de/Code/Tools/LuaIDE/Source/LUA/LUAEditorPlainTextEdit.hxx,3,0,3
/media/ullmann/HDDGabriel/engines/o3de/Gems/EMotionFX/Code/EMotionFX/Tools/EMotionStudio/EMStudioSDK/Source/ToolBarPlugin.cpp,0,3,3
/media/ullmann/HDDGabriel/engines/o3de/Gems/LyShine/Code/Source/Animation/AzEntityNode.cpp,0,6,6
/media/ullmann/HDDGabriel/engines/o3de/Gems/EMotionFX/Code/EMotionFX/Source/SimulatedObjectSetup.cpp,0,1,1
/media/ullmann/HDDGabriel/engines/o3de/Gems/EMotionFX/Code/EMotionFX/Source/SimulatedObjectSetup_Impl.inl,1,0,1
/media/ullmann/HDDGabriel/engines/o3de/Gems/ScriptCanvas/Code/Include/ScriptCanvas/Libraries/Deprecated/Operators/Math/OperatorLength.cpp,0,1,1
/media/ullmann/HDDGabriel/engines/o3de/Gems/ScriptCanvas/Code/Include/ScriptCanvas/Libraries/Deprecated/Operators/Math/OperatorLength.h,1,0,1
/media/ullmann/HDDGabriel/engines/o3de/Gems/AWSMetrics/Code/Source/MetricsManager.h,2,4,6
/media/ullmann/HDDGabriel/engines/o3de/Gems/AWSMetrics/Code/Source/IdentityProvider.h,2,0,2
/media/ullmann/HDDGabriel/engines/o3de/Gems/LyShine/Code/Source/UiLayoutCellComponent.cpp,0,1,1
/media/ullmann/HDDGabriel/engines/o3de/Gems/LyShine/Code/Source/UiLayoutCellComponent.h,3,0,3
/media/ullmann/HDDGabriel/engines/o3de/Code/Tools/ProjectManager/Source/ProjectGemCatalogScreen.h,4,1,5
/media/ullmann/HDDGabriel/engines/o3de/Gems/Meshlets/Code/Source/Meshlets/MeshletsRenderPass.h,2,1,3
/media/ullmann/HDDGabriel/engines/o3de/Gems/GraphCanvas/Code/Source/Components/NodePropertyDisplays/ReadOnlyNodePropertyDisplay.h,1,0,1
/media/ullmann/HDDGabriel/engines/o3de/Gems/LyShine/Code/Source/UiLayoutColumnComponent.h,4,1,5
/media/ullmann/HDDGabriel/engines/o3de/Code/Tools/ProjectManager/Source/ScreenHeaderWidget.h,4,0,4
/media/ullmann/HDDGabriel/engines/o3de/Code/Editor/Plugins/ProjectSettingsTool/PlatformSettings_common.h,9,1,10
/media/ullmann/HDDGabriel/engines/o3de/Code/Editor/StartupTraceHandler.cpp,0,3,3
/media/ullmann/HDDGabriel/engines/o3de/Code/Editor/ErrorDialog.h,2,1,3
/media/ullmann/HDDGabriel/engines/o3de/Gems/ScriptCanvas/Code/Include/ScriptCanvas/Core/Node.cpp,0,2,2
/media/ullmann/HDDGabriel/engines/o3de/Gems/ScriptCanvas/Code/Include/ScriptCanvas/Core/Graph.h,2,0,2
/media/ullmann/HDDGabriel/engines/o3de/Code/Framework/AzToolsFramework/AzToolsFramework/ViewportUi/ViewportUiTextField.cpp,0,1,1
/media/ullmann/HDDGabriel/engines/o3de/Code/Framework/AzToolsFramework/AzToolsFramework/ViewportUi/ViewportUiTextField.h,1,0,1
/media/ullmann/HDDGabriel/engines/o3de/Gems/LyShine/Code/Editor/FileHelpers.cpp,0,1,1
/media/ullmann/HDDGabriel/engines/o3de/Code/Editor/Plugins/PerforcePlugin/PerforcePlugin.cpp,0,2,2
/media/ullmann/HDDGabriel/engines/o3de/Code/Editor/Plugins/PerforcePlugin/PerforcePlugin.h,3,0,3
/media/ullmann/HDDGabriel/engines/o3de/Code/Editor/CheckOutDialog.cpp,0,2,2
/media/ullmann/HDDGabriel/engines/o3de/Code/Editor/CheckOutDialog.h,3,0,3
/media/ullmann/HDDGabriel/engines/o3de/Gems/AtomLyIntegration/CommonFeatures/Code/Source/EditorCommonFeaturesSystemComponent.h,2,2,4
/media/ullmann/HDDGabriel/engines/o3de/Gems/AtomLyIntegration/CommonFeatures/Code/Source/SharedPreview/SharedThumbnailRenderer.h,1,0,1
/media/ullmann/HDDGabriel/engines/o3de/Code/Editor/QtViewPaneManager.cpp,0,6,6
/media/ullmann/HDDGabriel/engines/o3de/Gems/LmbrCentral/Code/Source/Audio/AudioMultiPositionComponent.cpp,0,1,1
/media/ullmann/HDDGabriel/engines/o3de/Gems/LmbrCentral/Code/Source/Audio/AudioMultiPositionComponent.h,3,0,3
/media/ullmann/HDDGabriel/engines/o3de/Gems/EMotionFX/Code/MCore/Source/PlaneEq.h,1,3,4
/media/ullmann/HDDGabriel/engines/o3de/Code/Editor/SettingsManager.cpp,0,6,6
/media/ullmann/HDDGabriel/engines/o3de/Gems/PhysX/Code/Source/ComponentDescriptors.h,2,0,2
/media/ullmann/HDDGabriel/engines/o3de/Gems/LyShine/Code/Source/UiButtonComponent.cpp,0,3,3
/media/ullmann/HDDGabriel/engines/o3de/Gems/LyShine/Code/Source/Sprite.h,11,0,11
/media/ullmann/HDDGabriel/engines/o3de/Gems/EMotionFX/Code/EMotionFX/Source/MemoryCategories.h,7,0,7
/media/ullmann/HDDGabriel/engines/o3de/Gems/LyShine/Code/Source/Animation/AnimSplineTrack_Vec2Specialization.h,1,0,1
/media/ullmann/HDDGabriel/engines/o3de/Gems/LmbrCentral/Code/Source/Builders/SliceBuilder/SliceBuilderWorker.h,2,0,2
/media/ullmann/HDDGabriel/engines/o3de/Code/Framework/AzQtComponents/AzQtComponents/Gallery/SpinBoxPage.h,2,0,2
/media/ullmann/HDDGabriel/engines/o3de/Code/Framework/AzCore/AzCore/Memory/HeapSchema.cpp,0,1,1
/media/ullmann/HDDGabriel/engines/o3de/Code/Framework/AzCore/AzCore/Memory/dlmalloc.inl,1,0,1
/media/ullmann/HDDGabriel/engines/o3de/Gems/LmbrCentral/Code/Source/Shape/EditorAxisAlignedBoxShapeComponent.cpp,0,4,4
/media/ullmann/HDDGabriel/engines/o3de/Gems/LmbrCentral/Code/Source/Shape/EditorAxisAlignedBoxShapeComponent.h,2,3,5
/media/ullmann/HDDGabriel/engines/o3de/Gems/WhiteBox/Code/Source/Viewport/WhiteBoxViewportConstants.cpp,0,1,1
/media/ullmann/HDDGabriel/engines/o3de/Gems/Terrain/Code/Tests/TerrainWorldComponentTests.cpp,0,1,1
/media/ullmann/HDDGabriel/engines/o3de/Code/Legacy/CryCommon/IMovieSystem.h,0,3,3
/media/ullmann/HDDGabriel/engines/o3de/Gems/DebugDraw/Code/Source/EditorDebugDrawObbComponent.h,3,2,5
/media/ullmann/HDDGabriel/engines/o3de/Gems/ScriptCanvas/Code/Include/ScriptCanvas/Libraries/Comparison/Less.h,1,0,1
/media/ullmann/HDDGabriel/engines/o3de/Code/Editor/Util/XmlTemplate.h,2,0,2
/media/ullmann/HDDGabriel/engines/o3de/Gems/Maestro/Code/Source/Cinematics/MaterialNode.cpp,0,4,4
/media/ullmann/HDDGabriel/engines/o3de/Gems/Maestro/Code/Source/Cinematics/CompoundSplineTrack.h,4,0,4
/media/ullmann/HDDGabriel/engines/o3de/Gems/LandscapeCanvas/Code/Source/Editor/Nodes/Areas/MeshBlockerAreaNode.cpp,0,1,1
/media/ullmann/HDDGabriel/engines/o3de/Gems/LandscapeCanvas/Code/Source/Editor/Nodes/Areas/MeshBlockerAreaNode.h,2,0,2
/media/ullmann/HDDGabriel/engines/o3de/Gems/LmbrCentral/Code/Source/Shape/CompoundShapeComponent.cpp,0,1,1
/media/ullmann/HDDGabriel/engines/o3de/Gems/LmbrCentral/Code/Source/Shape/CompoundShapeComponent.h,4,0,4
/media/ullmann/HDDGabriel/engines/o3de/Gems/Maestro/Code/Source/Components/SequenceAgent.h,3,0,3
/media/ullmann/HDDGabriel/engines/o3de/Gems/Atom/Bootstrap/Code/Source/BootstrapSystemComponent.cpp,0,1,1
/media/ullmann/HDDGabriel/engines/o3de/Gems/Atom/Bootstrap/Code/Source/BootstrapSystemComponent.h,2,0,2
/media/ullmann/HDDGabriel/engines/o3de/Code/Framework/AzToolsFramework/AzToolsFramework/Entity/EditorEntityInfoBus.h,2,1,3
/media/ullmann/HDDGabriel/engines/o3de/Code/Framework/AzToolsFramework/AzToolsFramework/ComponentMode/EditorBaseComponentMode.cpp,0,2,2
/media/ullmann/HDDGabriel/engines/o3de/Code/Framework/AzToolsFramework/AzToolsFramework/ComponentMode/ComponentModeViewportUiRequestBus.h,2,0,2
/media/ullmann/HDDGabriel/engines/o3de/Gems/GraphCanvas/Code/StaticLib/GraphCanvas/Components/NodePropertyDisplay/VectorDataInterface.h,0,1,1
/media/ullmann/HDDGabriel/engines/o3de/Gems/GraphCanvas/Code/StaticLib/GraphCanvas/Components/NodePropertyDisplay/DataInterface.h,5,0,5
/media/ullmann/HDDGabriel/engines/o3de/Gems/LyShine/Code/Source/LyShineLoadScreen.h,2,0,2
/media/ullmann/HDDGabriel/engines/o3de/Gems/LyShine/Code/Editor/ViewportAlign.h,4,0,4
/media/ullmann/HDDGabriel/engines/o3de/Code/Framework/AzManipulatorTestFramework/Tests/BusCallTest.cpp,0,1,1
/media/ullmann/HDDGabriel/engines/o3de/Gems/LyShine/Code/Source/UiRadioButtonGroupComponent.cpp,0,2,2
/media/ullmann/HDDGabriel/engines/o3de/Code/Framework/AzFramework/Tests/Utils/Printers.cpp,0,1,1
/media/ullmann/HDDGabriel/engines/o3de/Code/Framework/AzFramework/Tests/Utils/Printers.h,1,0,1
/media/ullmann/HDDGabriel/engines/o3de/Code/Tools/TestImpactFramework/Frontend/Console/Common/Code/Include/Static/TestImpactCommandLineOptionsException.h,2,0,2
/media/ullmann/HDDGabriel/engines/o3de/Gems/ScriptCanvas/Code/Include/ScriptCanvas/Libraries/Core/SetVariable.cpp,0,1,1
/media/ullmann/HDDGabriel/engines/o3de/Gems/ScriptCanvas/Code/Include/ScriptCanvas/Libraries/Core/SetVariable.h,1,0,1
/media/ullmann/HDDGabriel/engines/o3de/Gems/EMotionFX/Code/EMotionFX/Source/BlendTreeTwoLinkIKNode.cpp,0,6,6
/media/ullmann/HDDGabriel/engines/o3de/Gems/GradientSignal/Code/Source/Editor/EditorPerlinGradientComponent.h,2,0,2
/media/ullmann/HDDGabriel/engines/o3de/Gems/NvCloth/Code/Source/Pipeline/SceneAPIExt/ClothRuleBehavior.h,1,0,1
/media/ullmann/HDDGabriel/engines/o3de/Code/Editor/Plugins/EditorAssetImporter/AssetImporterPlugin.h,4,2,6
/media/ullmann/HDDGabriel/engines/o3de/Code/Editor/Plugins/EditorAssetImporter/AssetBrowserContextProvider.h,2,0,2
/media/ullmann/HDDGabriel/engines/o3de/Gems/ScriptCanvas/Code/Include/ScriptCanvas/Translation/TranslationUtilities.cpp,0,2,2
/media/ullmann/HDDGabriel/engines/o3de/Code/Editor/TrackView/ConsoleKeyUIControls.cpp,0,2,2
/media/ullmann/HDDGabriel/engines/o3de/Gems/LyShine/Code/Editor/Animation/Controls/UiTimelineCtrl.h,0,1,1
/media/ullmann/HDDGabriel/engines/o3de/Gems/LyShine/Code/Editor/Animation/Controls/UiSplineCtrlEx.h,2,1,3
/media/ullmann/HDDGabriel/engines/o3de/Gems/LyShine/Code/Editor/CommandHierarchyItemCreateFromData.h,1,0,1
/media/ullmann/HDDGabriel/engines/o3de/Gems/ScriptCanvas/Code/Include/ScriptCanvas/Core/Contracts/TypeContract.cpp,0,1,1
/media/ullmann/HDDGabriel/engines/o3de/Gems/ScriptCanvas/Code/Include/ScriptCanvas/Core/Contracts/TypeContract.h,2,0,2
/media/ullmann/HDDGabriel/engines/o3de/Gems/GradientSignal/Code/Source/Editor/EditorLevelsGradientComponent.cpp,0,1,1
/media/ullmann/HDDGabriel/engines/o3de/Code/Framework/AzQtComponents/AzQtComponents/Gallery/BreadCrumbsPage.h,2,0,2
/media/ullmann/HDDGabriel/engines/o3de/Code/Tools/ProjectManager/Source/ProjectManagerDefs.h,11,0,11
/media/ullmann/HDDGabriel/engines/o3de/Code/Legacy/CryCommon/IMNM.h,2,0,2
/media/ullmann/HDDGabriel/engines/o3de/Gems/LyShine/Code/Source/UiCanvasFileObject.cpp,0,4,4
/media/ullmann/HDDGabriel/engines/o3de/Gems/EMotionFX/Code/Source/Editor/Plugins/SimulatedObject/SimulatedObjectSelectionWidget.cpp,0,1,1
/media/ullmann/HDDGabriel/engines/o3de/Gems/EMotionFX/Code/Source/Editor/Plugins/SimulatedObject/SimulatedObjectSelectionWidget.h,1,0,1
/media/ullmann/HDDGabriel/engines/o3de/Gems/LandscapeCanvas/Code/Source/Editor/Nodes/Gradients/SlopeGradientNode.cpp,0,1,1
/media/ullmann/HDDGabriel/engines/o3de/Gems/GradientSignal/Code/Source/Editor/EditorThresholdGradientComponent.h,2,0,2
/media/ullmann/HDDGabriel/engines/o3de/Gems/SaveData/Code/Tests/SaveDataTest.cpp,0,1,1
/media/ullmann/HDDGabriel/engines/o3de/Gems/SaveData/Code/Tests/SaveDataTest.h,1,0,1
/media/ullmann/HDDGabriel/engines/o3de/Gems/MotionMatching/Code/Source/FeaturePosition.cpp,0,5,5
/media/ullmann/HDDGabriel/engines/o3de/Gems/Multiplayer/Code/Tests/NetworkTransformTests.cpp,0,2,2
/media/ullmann/HDDGabriel/engines/o3de/Code/Framework/AzFramework/Tests/Platform/Common/Xcb/XcbInputDeviceKeyboardTests.cpp,0,5,5
/media/ullmann/HDDGabriel/engines/o3de/Code/Framework/AzFramework/Tests/Platform/Common/Xcb/Actions.h,2,0,2
/media/ullmann/HDDGabriel/engines/o3de/Gems/ExpressionEvaluation/Code/Source/ExpressionEngine/MathOperators/MathExpressionOperators.h,1,0,1
/media/ullmann/HDDGabriel/engines/o3de/Gems/EMotionFX/Code/EMotionFX/Source/SoftSkinDeformer.cpp,0,9,9
/media/ullmann/HDDGabriel/engines/o3de/Code/Editor/StringDlg.cpp,0,2,2
/media/ullmann/HDDGabriel/engines/o3de/Code/Editor/StringDlg.h,3,0,3
/media/ullmann/HDDGabriel/engines/o3de/Gems/EMotionFX/Code/EMotionFX/Source/BlendTreeTwoLinkIKNode.h,1,2,3
/media/ullmann/HDDGabriel/engines/o3de/Gems/MotionMatching/Code/Source/MotionMatchingInstance.h,8,3,11
/media/ullmann/HDDGabriel/engines/o3de/Code/Tools/CrashHandler/Platform/Linux/CrashHandler_Traits_Platform.h,0,1,1
/media/ullmann/HDDGabriel/engines/o3de/Code/Tools/CrashHandler/Platform/Linux/CrashHandler_Traits_Linux.h,1,0,1
/media/ullmann/HDDGabriel/engines/o3de/Code/Editor/Plugins/EditorCommon/DockTitleBarWidget.h,1,1,2
/media/ullmann/HDDGabriel/engines/o3de/Code/Editor/Plugins/EditorCommon/EditorCommonAPI.h,3,0,3
/media/ullmann/HDDGabriel/engines/o3de/Code/Editor/Plugins/EditorCommon/ActionOutput.cpp,0,1,1
/media/ullmann/HDDGabriel/engines/o3de/Code/Editor/Plugins/EditorCommon/ActionOutput.h,1,1,2
/media/ullmann/HDDGabriel/engines/o3de/Gems/EMotionFX/Code/EMotionFX/Source/BlendTreeBlend2LegacyNode.h,1,3,4
/media/ullmann/HDDGabriel/engines/o3de/Gems/AWSGameLift/Code/AWSGameLiftClient/Source/AWSGameLiftClientManager.cpp,0,10,10
/media/ullmann/HDDGabriel/engines/o3de/Gems/AWSGameLift/Code/AWSGameLiftClient/Source/Activity/AWSGameLiftStartMatchmakingActivity.h,1,0,1
/media/ullmann/HDDGabriel/engines/o3de/Gems/AudioEngineWwise/Code/Platform/Mac/AudioEngineWwise_Traits_Platform.h,0,1,1
/media/ullmann/HDDGabriel/engines/o3de/Gems/AudioEngineWwise/Code/Platform/Mac/AudioEngineWwise_Traits_Mac.h,1,0,1
/media/ullmann/HDDGabriel/engines/o3de/Code/Framework/AzCore/Tests/TestCatalog.cpp,0,2,2
/media/ullmann/HDDGabriel/engines/o3de/Gems/Atom/Feature/Common/Code/Source/PostProcessing/BloomDownsamplePass.h,1,0,1
/media/ullmann/HDDGabriel/engines/o3de/Code/Editor/TrackViewExportKeyTimeDlg.cpp,0,2,2
/media/ullmann/HDDGabriel/engines/o3de/Gems/ScriptCanvas/Code/Include/ScriptCanvas/Libraries/Deprecated/UnitTesting/ExpectFalse.cpp,0,1,1
/media/ullmann/HDDGabriel/engines/o3de/Gems/ScriptCanvas/Code/Include/ScriptCanvas/Libraries/Deprecated/UnitTesting/ExpectFalse.h,1,0,1
/media/ullmann/HDDGabriel/engines/o3de/Code/Editor/TrackView/CaptureKeyUIControls.cpp,0,2,2
/media/ullmann/HDDGabriel/engines/o3de/Code/Editor/Util/NamedData.cpp,0,1,1
/media/ullmann/HDDGabriel/engines/o3de/Code/Editor/Util/NamedData.h,2,1,3
/media/ullmann/HDDGabriel/engines/o3de/Code/Legacy/CryCommon/CryListenerSet.h,0,2,2
/media/ullmann/HDDGabriel/engines/o3de/Code/Legacy/CryCommon/StlUtils.h,3,0,3
/media/ullmann/HDDGabriel/engines/o3de/Gems/ExpressionEvaluation/Code/Source/ExpressionEvaluationSystemComponent.h,2,2,4
/media/ullmann/HDDGabriel/engines/o3de/Code/Framework/AzToolsFramework/AzToolsFramework/ComponentMode/ComponentModeCollection.cpp,0,1,1
/media/ullmann/HDDGabriel/engines/o3de/Code/Framework/AzToolsFramework/AzToolsFramework/ComponentMode/ComponentModeCollection.h,1,0,1
/media/ullmann/HDDGabriel/engines/o3de/Gems/LandscapeCanvas/Code/Source/Editor/Nodes/GradientModifiers/BaseGradientModifierNode.cpp,0,1,1
/media/ullmann/HDDGabriel/engines/o3de/Gems/LandscapeCanvas/Code/Source/Editor/Nodes/GradientModifiers/BaseGradientModifierNode.h,1,0,1
/media/ullmann/HDDGabriel/engines/o3de/Gems/EMotionFX/Code/EMotionFX/Tools/EMotionStudio/Plugins/StandardPlugins/Source/AnimGraph/ParameterEditor/BoolParameterEditor.cpp,0,1,1
/media/ullmann/HDDGabriel/engines/o3de/Gems/Maestro/Code/Source/MaestroSystemComponent.h,2,1,3
/media/ullmann/HDDGabriel/engines/o3de/Gems/ScriptCanvas/Code/Editor/GraphCanvas/Components/NodeDescriptors/FunctionDefinitionNodeDescriptorComponent.cpp,0,1,1
/media/ullmann/HDDGabriel/engines/o3de/Gems/ScriptCanvas/Code/Editor/GraphCanvas/Components/NodeDescriptors/FunctionDefinitionNodeDescriptorComponent.h,1,1,2
/media/ullmann/HDDGabriel/engines/o3de/Gems/MotionMatching/Code/Source/FeatureAngularVelocity.h,2,1,3
/media/ullmann/HDDGabriel/engines/o3de/Gems/LmbrCentral/Code/Source/Scripting/TagComponent.cpp,0,1,1
/media/ullmann/HDDGabriel/engines/o3de/Gems/EMotionFX/Code/EMotionFX/Tools/EMotionStudio/Plugins/StandardPlugins/Source/AnimGraph/ParameterEditor/Vector3ParameterEditor.h,2,1,3
/media/ullmann/HDDGabriel/engines/o3de/Gems/EMotionFX/Code/MCore/Source/MemoryManager.cpp,0,3,3
/media/ullmann/HDDGabriel/engines/o3de/Gems/EMotionFX/Code/EMotionFX/Tools/EMotionStudio/Plugins/StandardPlugins/Source/LogWindow/LogWindowPlugin.cpp,0,2,2
/media/ullmann/HDDGabriel/engines/o3de/Gems/EMotionFX/Code/EMotionFX/Tools/EMotionStudio/Plugins/StandardPlugins/Source/LogWindow/LogWindowPlugin.h,1,2,3
/media/ullmann/HDDGabriel/engines/o3de/Code/Framework/AzToolsFramework/AzToolsFramework/UI/PropertyEditor/GrowTextEdit.cpp,0,2,2
/media/ullmann/HDDGabriel/engines/o3de/Code/Framework/AzToolsFramework/AzToolsFramework/UI/PropertyEditor/GrowTextEdit.h,2,0,2
/media/ullmann/HDDGabriel/engines/o3de/Gems/Maestro/Code/Source/Cinematics/AnimNodeGroup.h,2,1,3
/media/ullmann/HDDGabriel/engines/o3de/Code/Tools/TestImpactFramework/Runtime/Common/Code/Include/Static/TestRunner/Common/Enumeration/TestImpactTestEnumeration.h,1,0,1
/media/ullmann/HDDGabriel/engines/o3de/Gems/LyShine/Code/Source/UiDraggableComponent.h,3,1,4
/media/ullmann/HDDGabriel/engines/o3de/Code/Legacy/CryCommon/platform_impl.cpp,0,4,4
/media/ullmann/HDDGabriel/engines/o3de/Code/Tools/LuaIDE/Source/LuaIDEApplication.cpp,0,1,1
/media/ullmann/HDDGabriel/engines/o3de/Code/Tools/LuaIDE/Source/LuaIDEApplication.h,1,0,1
/media/ullmann/HDDGabriel/engines/o3de/Gems/Vegetation/Code/Source/Components/DescriptorListComponent.cpp,0,1,1
/media/ullmann/HDDGabriel/engines/o3de/Gems/Vegetation/Code/Source/Components/DescriptorListComponent.h,2,0,2
/media/ullmann/HDDGabriel/engines/o3de/Gems/EMotionFX/Code/EMotionFX/Tools/EMotionStudio/Plugins/StandardPlugins/Source/TimeView/TimeViewPlugin.h,6,0,6
/media/ullmann/HDDGabriel/engines/o3de/Gems/PhysX/Code/Editor/ColliderRotationMode.cpp,0,1,1
/media/ullmann/HDDGabriel/engines/o3de/Gems/PhysX/Code/Editor/ColliderRotationMode.h,2,0,2
/media/ullmann/HDDGabriel/engines/o3de/Gems/WhiteBox/Code/Source/Components/EditorWhiteBoxColliderComponent.cpp,0,2,2
/media/ullmann/HDDGabriel/engines/o3de/Gems/WhiteBox/Code/Source/Components/EditorWhiteBoxColliderComponent.h,2,1,3
/media/ullmann/HDDGabriel/engines/o3de/Gems/LyShine/Code/Editor/UndoStackExecutionScope.h,1,0,1
/media/ullmann/HDDGabriel/engines/o3de/Code/Editor/GameResourcesExporter.cpp,0,6,6
/media/ullmann/HDDGabriel/engines/o3de/Code/Editor/Dialogs/ErrorsDlg.cpp,0,1,1
/media/ullmann/HDDGabriel/engines/o3de/Code/Editor/Dialogs/ErrorsDlg.h,2,0,2
/media/ullmann/HDDGabriel/engines/o3de/Code/Editor/StartupLogoDialog.h,2,1,3
/media/ullmann/HDDGabriel/engines/o3de/Code/Editor/IEditor.h,9,2,11
/media/ullmann/HDDGabriel/engines/o3de/Gems/NvCloth/Code/Source/System/TangentSpaceHelper.h,1,0,1
/media/ullmann/HDDGabriel/engines/o3de/Gems/GraphCanvas/Code/Source/Components/Slots/Data/DataSlotComponent.h,2,0,2
/media/ullmann/HDDGabriel/engines/o3de/Code/Editor/Controls/ReflectedPropertyControl/PropertyCtrl.cpp,0,4,4
/media/ullmann/HDDGabriel/engines/o3de/Code/Editor/Controls/ReflectedPropertyControl/PropertyMotionCtrl.h,2,1,3
/media/ullmann/HDDGabriel/engines/o3de/Gems/LyShine/Code/Editor/ComponentButton.h,1,1,2
/media/ullmann/HDDGabriel/engines/o3de/Code/Tools/ProjectManager/Platform/Linux/ProjectManager_Traits_Platform.h,0,1,1
/media/ullmann/HDDGabriel/engines/o3de/Code/Tools/ProjectManager/Platform/Linux/ProjectManager_Traits_Linux.h,1,0,1
/media/ullmann/HDDGabriel/engines/o3de/Gems/EditorPythonBindings/Code/Tests/PythonBindingLibTests.cpp,0,2,2
/media/ullmann/HDDGabriel/engines/o3de/Code/Framework/AzToolsFramework/AzToolsFramework/Undo/UndoSystem.cpp,0,1,1
/media/ullmann/HDDGabriel/engines/o3de/Code/Framework/AzToolsFramework/AzToolsFramework/Undo/UndoSystem.h,1,0,1
/media/ullmann/HDDGabriel/engines/o3de/Gems/LyShine/Code/Editor/Animation/UiAnimViewSequence.cpp,0,8,8
/media/ullmann/HDDGabriel/engines/o3de/Gems/EMotionFX/Code/EMotionFX/Tools/EMotionStudio/EMStudioSDK/Source/RenderPlugin/RenderOptions.h,0,3,3
/media/ullmann/HDDGabriel/engines/o3de/Gems/EMotionFX/Code/EMotionFX/Tools/EMotionStudio/EMStudioSDK/Source/PluginOptionsBus.h,2,0,2
/media/ullmann/HDDGabriel/engines/o3de/Code/Editor/ShortcutDispatcher.cpp,0,4,4
/media/ullmann/HDDGabriel/engines/o3de/Code/Editor/ShortcutDispatcher.h,4,0,4
/media/ullmann/HDDGabriel/engines/o3de/Gems/AtomLyIntegration/EditorModeFeedback/Code/Source/EditorModeFeedbackFeatureProcessor.cpp,0,3,3
/media/ullmann/HDDGabriel/engines/o3de/Gems/AtomLyIntegration/EditorModeFeedback/Code/Source/Pass/State/SelectedEntityState.h,1,0,1
/media/ullmann/HDDGabriel/engines/o3de/Code/Editor/MainStatusBar.h,5,0,5
/media/ullmann/HDDGabriel/engines/o3de/Gems/LyShineExamples/Code/Source/LyShineExamplesSystemComponent.h,2,2,4
/media/ullmann/HDDGabriel/engines/o3de/Code/Framework/AzToolsFramework/AzToolsFramework/UI/PropertyEditor/PropertyDoubleSpinCtrl.cpp,0,2,2
/media/ullmann/HDDGabriel/engines/o3de/Code/Framework/AzToolsFramework/AzToolsFramework/Manipulators/ManipulatorDebug.cpp,0,1,1
/media/ullmann/HDDGabriel/engines/o3de/Code/Framework/AzToolsFramework/AzToolsFramework/Manipulators/ManipulatorDebug.h,1,0,1
/media/ullmann/HDDGabriel/engines/o3de/Gems/EMotionFX/Code/Tests/MorphTargetRuntimeTests.cpp,0,1,1
/media/ullmann/HDDGabriel/engines/o3de/Gems/Maestro/Code/Source/Components/SequenceAgentComponent.h,3,1,4
/media/ullmann/HDDGabriel/engines/o3de/Gems/AtomTressFX/External/Code/src/HairStrands.cpp,0,2,2
/media/ullmann/HDDGabriel/engines/o3de/Gems/WhiteBox/Code/Source/Asset/WhiteBoxMeshAsset.h,2,0,2
/media/ullmann/HDDGabriel/engines/o3de/Gems/VirtualGamepad/Code/Source/VirtualGamepadSystemComponent.cpp,0,2,2
/media/ullmann/HDDGabriel/engines/o3de/Gems/VirtualGamepad/Code/Source/InputDeviceVirtualGamepad.h,2,0,2
/media/ullmann/HDDGabriel/engines/o3de/Code/Editor/Util/Variable.h,4,1,5
/media/ullmann/HDDGabriel/engines/o3de/Gems/ScriptEvents/Code/Include/ScriptEvents/ScriptEventRegistration.h,3,1,4
/media/ullmann/HDDGabriel/engines/o3de/Gems/ScriptEvents/Code/Include/ScriptEvents/ScriptEventsAsset.h,4,1,5
/media/ullmann/HDDGabriel/engines/o3de/Code/Framework/AzToolsFramework/AzToolsFramework/UI/PropertyEditor/PropertyDoubleSliderCtrl.cpp,0,2,2
/media/ullmann/HDDGabriel/engines/o3de/Gems/ScriptCanvas/Code/Include/ScriptCanvas/Libraries/ScriptCanvasNodeRegistry.cpp,0,1,1
/media/ullmann/HDDGabriel/engines/o3de/Gems/ScriptCanvas/Code/Include/ScriptCanvas/Libraries/ScriptCanvasNodeRegistry.h,1,0,1
/media/ullmann/HDDGabriel/engines/o3de/Gems/AudioSystem/Code/Source/Editor/AudioControlsLoader.h,2,1,3
/media/ullmann/HDDGabriel/engines/o3de/Gems/AudioSystem/Code/Platform/Android/AudioSystem_Traits_Platform.h,0,1,1
/media/ullmann/HDDGabriel/engines/o3de/Gems/AudioSystem/Code/Platform/Android/AudioSystem_Traits_Android.h,1,0,1
/media/ullmann/HDDGabriel/engines/o3de/Gems/AudioEngineWwise/Code/Platform/iOS/AkPlatformFuncs_Platform.h,0,1,1
/media/ullmann/HDDGabriel/engines/o3de/Gems/Atom/Tools/ShaderManagementConsole/Code/Source/Document/ShaderManagementConsoleDocument.h,1,0,1
/media/ullmann/HDDGabriel/engines/o3de/Gems/AWSGameLift/Code/AWSGameLiftClient/Source/Activity/AWSGameLiftStopMatchmakingActivity.h,1,0,1
/media/ullmann/HDDGabriel/engines/o3de/Gems/GradientSignal/Code/Source/Editor/EditorSurfaceSlopeGradientComponent.h,2,0,2
/media/ullmann/HDDGabriel/engines/o3de/Code/Editor/EditorModularViewportCameraComposer.h,2,1,3
/media/ullmann/HDDGabriel/engines/o3de/Code/Editor/EditorModularViewportCameraComposerBus.h,2,0,2
/media/ullmann/HDDGabriel/engines/o3de/Gems/Camera/Code/Source/CameraEditorSystemComponent.h,2,1,3
/media/ullmann/HDDGabriel/engines/o3de/Gems/QtForPython/Code/Source/QtForPythonModule.cpp,0,1,1
/media/ullmann/HDDGabriel/engines/o3de/Gems/QtForPython/Code/Source/QtForPythonSystemComponent.h,2,0,2
/media/ullmann/HDDGabriel/engines/o3de/Gems/ScriptCanvas/Code/Editor/GraphCanvas/DataInterfaces/ScriptCanvasCRCDataInterface.h,0,1,1
/media/ullmann/HDDGabriel/engines/o3de/Code/Legacy/CryCommon/IConsole.h,4,0,4
/media/ullmann/HDDGabriel/engines/o3de/Gems/EMotionFX/Code/EMotionFX/Pipeline/EMotionFXBuilder/AnimGraphBuilderWorker.h,2,0,2
/media/ullmann/HDDGabriel/engines/o3de/Code/Legacy/CryCommon/IShader.h,0,5,5
/media/ullmann/HDDGabriel/engines/o3de/Code/Legacy/CryCommon/Vertex.h,2,0,2
/media/ullmann/HDDGabriel/engines/o3de/Gems/EMotionFX/Code/EMotionFX/Source/Parameter/FloatSpinnerParameter.h,1,1,2
/media/ullmann/HDDGabriel/engines/o3de/Gems/EMotionFX/Code/EMotionFX/Source/Parameter/FloatParameter.h,3,1,4
/media/ullmann/HDDGabriel/engines/o3de/Gems/EMotionFX/Code/EMotionFX/Tools/EMotionStudio/Plugins/StandardPlugins/Source/AnimGraph/BlendSpace1DNodeWidget.cpp,0,1,1
/media/ullmann/HDDGabriel/engines/o3de/Gems/EMotionFX/Code/EMotionFX/Tools/EMotionStudio/Plugins/StandardPlugins/Source/AnimGraph/BlendSpace1DNodeWidget.h,1,0,1
/media/ullmann/HDDGabriel/engines/o3de/Gems/Atom/Feature/Common/Code/Source/PostProcessing/DepthOfFieldCompositePass.h,1,0,1
/media/ullmann/HDDGabriel/engines/o3de/Gems/ScriptCanvas/Code/Tools/TranslationGeneration.cpp,0,1,1
/media/ullmann/HDDGabriel/engines/o3de/Gems/ScriptCanvas/Code/Tools/TranslationGeneration.h,1,0,1
/media/ullmann/HDDGabriel/engines/o3de/Code/Tools/AssetProcessor/native/utilities/ApplicationManagerBase.cpp,0,1,1
/media/ullmann/HDDGabriel/engines/o3de/Code/Tools/AssetProcessor/native/utilities/ApplicationManagerBase.h,1,0,1
/media/ullmann/HDDGabriel/engines/o3de/Gems/EMotionFX/Code/EMotionFX/Source/BlendTreeFloatMath1Node.h,1,2,3
/media/ullmann/HDDGabriel/engines/o3de/Gems/LmbrCentral/Code/Source/Shape/PolygonPrismShape.h,3,0,3
/media/ullmann/HDDGabriel/engines/o3de/Code/Editor/LayoutConfigDialog.cpp,0,2,2
/media/ullmann/HDDGabriel/engines/o3de/Gems/SceneProcessing/Code/Source/Config/Widgets/GraphTypeSelector.h,1,0,1
/media/ullmann/HDDGabriel/engines/o3de/Gems/AtomLyIntegration/EditorModeFeedback/Code/Source/EditorModeFeedbackSystemComponent.h,2,1,3
/media/ullmann/HDDGabriel/engines/o3de/Gems/AtomLyIntegration/EditorModeFeedback/Code/Source/Draw/DrawableMeshEntity.h,1,0,1
/media/ullmann/HDDGabriel/engines/o3de/Gems/LyShine/Code/Source/RenderGraph.cpp,0,2,2
/media/ullmann/HDDGabriel/engines/o3de/Gems/LyShine/Code/Source/UiMaskComponent.h,4,0,4
/media/ullmann/HDDGabriel/engines/o3de/Code/Tools/TestImpactFramework/Frontend/Console/Python/Code/Source/TestImpactConsoleMain.cpp,0,2,2
/media/ullmann/HDDGabriel/engines/o3de/Code/Tools/TestImpactFramework/Frontend/Console/Python/Code/Source/TestImpactPythonCommandLineOptions.h,1,0,1
/media/ullmann/HDDGabriel/engines/o3de/Code/Framework/AzToolsFramework/AzToolsFramework/ToolsComponents/EditorComponentAdapter.h,0,1,1
/media/ullmann/HDDGabriel/engines/o3de/Code/Framework/AzToolsFramework/AzToolsFramework/ToolsComponents/EditorComponentAdapter.inl,1,0,1
/media/ullmann/HDDGabriel/engines/o3de/Gems/LyShine/Code/Source/LyShinePass.h,3,1,4
/media/ullmann/HDDGabriel/engines/o3de/Gems/LyShine/Code/Source/LyShinePassDataBus.h,6,0,6
/media/ullmann/HDDGabriel/engines/o3de/Gems/AtomLyIntegration/CommonFeatures/Code/Source/ImageBasedLights/EditorImageBasedLightComponent.h,1,0,1
/media/ullmann/HDDGabriel/engines/o3de/Code/Framework/AzToolsFramework/AzToolsFramework/UI/PropertyEditor/ReflectedPropertyEditor.cpp,0,2,2
/media/ullmann/HDDGabriel/engines/o3de/Code/Editor/Include/IEditorClassFactory.h,3,1,4
/media/ullmann/HDDGabriel/engines/o3de/Code/Editor/Include/SandboxAPI.h,9,0,9
/media/ullmann/HDDGabriel/engines/o3de/Code/Framework/AzQtComponents/AzQtComponents/Components/Widgets/SegmentControl.cpp,0,2,2
/media/ullmann/HDDGabriel/engines/o3de/Code/Framework/AzQtComponents/AzQtComponents/Components/Widgets/SegmentControl.h,1,0,1
/media/ullmann/HDDGabriel/engines/o3de/Gems/LyShine/Code/Editor/EntityHelpers.cpp,0,2,2
/media/ullmann/HDDGabriel/engines/o3de/Gems/LyShine/Code/Editor/QtHelpers.h,6,0,6
/media/ullmann/HDDGabriel/engines/o3de/Gems/ScriptCanvas/Code/Include/ScriptCanvas/Libraries/Time/RepeaterNodeable.cpp,0,1,1
/media/ullmann/HDDGabriel/engines/o3de/Gems/ScriptCanvas/Code/Include/ScriptCanvas/Libraries/Time/RepeaterNodeable.h,1,0,1
/media/ullmann/HDDGabriel/engines/o3de/Gems/LyShine/Code/Source/UiParticleEmitterComponent.cpp,0,5,5
/media/ullmann/HDDGabriel/engines/o3de/Gems/EMotionFX/Code/EMotionFX/Source/Allocators.h,3,0,3
/media/ullmann/HDDGabriel/engines/o3de/Gems/Terrain/Code/Source/EditorComponents/EditorTerrainWorldRendererComponent.h,1,0,1
/media/ullmann/HDDGabriel/engines/o3de/Code/Editor/Plugins/EditorAssetImporter/AssetImporterPlugin.cpp,0,2,2
/media/ullmann/HDDGabriel/engines/o3de/Gems/EMotionFX/Code/MCore/Source/AttributeFactory.cpp,0,13,13
/media/ullmann/HDDGabriel/engines/o3de/Gems/SaveData/Code/Source/Platform/Mac/SaveData_Traits_Platform.h,0,1,1
/media/ullmann/HDDGabriel/engines/o3de/Gems/SaveData/Code/Source/Platform/Mac/SaveData_Traits_Mac.h,1,0,1
/media/ullmann/HDDGabriel/engines/o3de/Gems/LyShine/Code/Editor/Animation/AnimationContext.h,11,0,11
/media/ullmann/HDDGabriel/engines/o3de/Code/Tools/AssetProcessor/native/AssetDatabase/AssetDatabase.cpp,0,1,1
/media/ullmann/HDDGabriel/engines/o3de/Code/Tools/AssetProcessor/native/AssetDatabase/AssetDatabase.h,1,0,1
/media/ullmann/HDDGabriel/engines/o3de/Gems/Vegetation/Code/Source/Components/ScaleModifierComponent.h,2,0,2
/media/ullmann/HDDGabriel/engines/o3de/Gems/LyShine/Code/Source/UiCanvasManager.h,2,1,3
/media/ullmann/HDDGabriel/engines/o3de/Gems/EMotionFX/Code/EMotionFX/Tools/EMotionStudio/EMStudioSDK/Source/KeyboardShortcutsWindow.cpp,0,3,3
/media/ullmann/HDDGabriel/engines/o3de/Gems/LandscapeCanvas/Code/Source/Editor/Nodes/GradientModifiers/ThresholdGradientModifierNode.h,2,0,2
/media/ullmann/HDDGabriel/engines/o3de/Gems/EMotionFX/Code/EMotionFX/Tools/EMotionStudio/Plugins/StandardPlugins/Source/MotionEvents/MotionEventWidget.h,1,1,2
/media/ullmann/HDDGabriel/engines/o3de/Gems/EMotionFX/Code/Tests/BlendTreeRotationLimitNodeTests.cpp,0,1,1
/media/ullmann/HDDGabriel/engines/o3de/Code/Framework/AzToolsFramework/AzToolsFramework/UI/ComponentPalette/ComponentPaletteWidget.cpp,0,3,3
/media/ullmann/HDDGabriel/engines/o3de/Code/Framework/AzToolsFramework/AzToolsFramework/UI/ComponentPalette/ComponentPaletteWidget.hxx,1,0,1
/media/ullmann/HDDGabriel/engines/o3de/Code/Framework/AzToolsFramework/AzToolsFramework/UI/ComponentPalette/ComponentPaletteModel.cpp,0,1,1
/media/ullmann/HDDGabriel/engines/o3de/Code/Framework/AzToolsFramework/AzToolsFramework/UI/ComponentPalette/ComponentPaletteModel.hxx,2,0,2
/media/ullmann/HDDGabriel/engines/o3de/Code/Editor/KeyboardCustomizationSettings.h,6,0,6
/media/ullmann/HDDGabriel/engines/o3de/Gems/LyShine/Code/Editor/FindEntityWidget.h,2,0,2
/media/ullmann/HDDGabriel/engines/o3de/Gems/ScriptCanvas/Code/Editor/Framework/ScriptCanvasReporter.h,0,1,1
/media/ullmann/HDDGabriel/engines/o3de/Gems/ScriptCanvas/Code/Editor/Framework/ScriptCanvasReporter.inl,1,0,1
/media/ullmann/HDDGabriel/engines/o3de/Gems/Atom/Asset/Shader/Code/Source/Editor/AzslShaderBuilderModule.cpp,0,1,1
/media/ullmann/HDDGabriel/engines/o3de/Gems/LyShine/Code/Source/UiTextComponentOffsetsSelector.h,2,1,3
/media/ullmann/HDDGabriel/engines/o3de/Gems/EditorPythonBindings/Code/Source/PythonLogSymbolsComponent.h,2,0,2
/media/ullmann/HDDGabriel/engines/o3de/Gems/LyShine/Code/Source/LyShineSystemComponent.h,2,1,3
/media/ullmann/HDDGabriel/engines/o3de/Gems/PhysX/Code/Source/Platform/iOS/PhysX_Traits_Platform.h,0,1,1
/media/ullmann/HDDGabriel/engines/o3de/Gems/PhysX/Code/Source/Platform/iOS/PhysX_Traits_iOS.h,1,0,1
/media/ullmann/HDDGabriel/engines/o3de/Gems/Gestures/Code/Source/InputDeviceGestures.h,2,1,3
/media/ullmann/HDDGabriel/engines/o3de/Code/Legacy/CryCommon/MicrophoneBus.h,0,1,1
/media/ullmann/HDDGabriel/engines/o3de/Gems/ScriptCanvas/Code/Editor/Assets/ScriptCanvasUndoHelper.cpp,0,1,1
/media/ullmann/HDDGabriel/engines/o3de/Gems/ScriptCanvas/Code/Editor/Assets/ScriptCanvasUndoHelper.h,1,0,1
/media/ullmann/HDDGabriel/engines/o3de/Gems/Atom/Feature/Common/Code/Source/ReflectionScreenSpace/ReflectionScreenSpaceBlurChildPass.cpp,0,1,1
/media/ullmann/HDDGabriel/engines/o3de/Gems/Atom/Feature/Common/Code/Source/ReflectionScreenSpace/ReflectionScreenSpaceBlurChildPass.h,3,0,3
/media/ullmann/HDDGabriel/engines/o3de/Gems/ScriptCanvas/Code/Include/ScriptCanvas/Utils/VersionConverters.cpp,0,1,1
/media/ullmann/HDDGabriel/engines/o3de/Gems/ScriptCanvas/Code/Include/ScriptCanvas/Utils/VersionConverters.h,1,0,1
/media/ullmann/HDDGabriel/engines/o3de/Gems/ScriptCanvasTesting/Code/Source/ScriptCanvasTestBus.cpp,0,1,1
/media/ullmann/HDDGabriel/engines/o3de/Gems/ScriptCanvasTesting/Code/Source/ScriptCanvasTestBus.h,2,0,2
/media/ullmann/HDDGabriel/engines/o3de/Gems/StartingPointCamera/Code/Source/CameraTransformBehaviors/FollowTargetFromAngle.cpp,0,1,1
/media/ullmann/HDDGabriel/engines/o3de/Gems/StartingPointCamera/Code/Source/CameraTransformBehaviors/FollowTargetFromAngle.h,2,0,2
/media/ullmann/HDDGabriel/engines/o3de/Gems/Atom/Asset/ImageProcessingAtom/External/CubeMapGen/CCubeMapProcessor.cpp,0,1,1
/media/ullmann/HDDGabriel/engines/o3de/Gems/LyShine/Code/Editor/Animation/UiAnimViewEventNode.h,3,1,4
/media/ullmann/HDDGabriel/engines/o3de/Gems/AudioSystem/Code/Include/Editor/IAudioSystemEditor.h,0,1,1
/media/ullmann/HDDGabriel/engines/o3de/Gems/AudioSystem/Code/Include/Editor/ACETypes.h,3,0,3
/media/ullmann/HDDGabriel/engines/o3de/Gems/EMotionFX/Code/Tests/SimulatedObjectSerializeTests.cpp,0,1,1
/media/ullmann/HDDGabriel/engines/o3de/Gems/Atom/RPI/Code/Tests/Common/ShaderAssetTestUtils.cpp,0,1,1
/media/ullmann/HDDGabriel/engines/o3de/Gems/Atom/RPI/Code/Tests/Common/ShaderAssetTestUtils.h,1,0,1
/media/ullmann/HDDGabriel/engines/o3de/Code/Framework/AzToolsFramework/AzToolsFramework/ToolsComponents/EditorLockComponent.cpp,0,1,1
/media/ullmann/HDDGabriel/engines/o3de/Code/Framework/AzToolsFramework/AzToolsFramework/ToolsComponents/EditorLockComponent.h,1,2,3
/media/ullmann/HDDGabriel/engines/o3de/Gems/LyShine/Code/Editor/ViewportPivot.h,3,0,3
/media/ullmann/HDDGabriel/engines/o3de/Gems/EMotionFX/Code/EMotionFX/Source/BlendTreeBlendNNode.cpp,0,8,8
/media/ullmann/HDDGabriel/engines/o3de/Gems/EMotionFX/Code/EMotionFX/Tools/EMotionStudio/EMStudioSDK/Source/KeyboardShortcutsWindow.h,1,1,2
/media/ullmann/HDDGabriel/engines/o3de/Gems/Maestro/Code/Source/Cinematics/EventTrack.cpp,0,2,2
/media/ullmann/HDDGabriel/engines/o3de/Code/Framework/AzFramework/Tests/Utils/Utils.cpp,0,1,1
/media/ullmann/HDDGabriel/engines/o3de/Code/Framework/AzFramework/Tests/Utils/Utils.h,1,0,1
/media/ullmann/HDDGabriel/engines/o3de/Gems/LandscapeCanvas/Code/Source/Editor/Nodes/AreaFilters/DistributionFilterNode.cpp,0,1,1
/media/ullmann/HDDGabriel/engines/o3de/Gems/EMotionFX/Code/EMotionFX/Tools/EMotionStudio/Plugins/StandardPlugins/Source/SceneManager/SceneManagerPlugin.cpp,0,4,4
/media/ullmann/HDDGabriel/engines/o3de/Code/Editor/Controls/ReflectedPropertyControl/ReflectedPropertyItem.cpp,0,3,3
/media/ullmann/HDDGabriel/engines/o3de/Code/Tools/SerializeContextTools/SliceConverter.h,2,1,3
/media/ullmann/HDDGabriel/engines/o3de/Gems/EMotionFX/Code/EMotionFX/Source/NodeGroup.h,3,2,5
/media/ullmann/HDDGabriel/engines/o3de/Gems/Maestro/Code/Source/Cinematics/CommentNode.cpp,0,3,3
/media/ullmann/HDDGabriel/engines/o3de/Gems/Maestro/Code/Source/Cinematics/CommentNode.h,3,1,4
/media/ullmann/HDDGabriel/engines/o3de/Gems/AtomLyIntegration/TechnicalArt/DccScriptingInterface/Code/Source/DCCScriptingInterfaceModule.cpp,0,1,1
/media/ullmann/HDDGabriel/engines/o3de/Gems/AtomLyIntegration/TechnicalArt/DccScriptingInterface/Code/Source/DCCScriptingInterfaceSystemComponent.h,2,0,2
/media/ullmann/HDDGabriel/engines/o3de/Code/Editor/Objects/EntityObject.h,4,2,6
/media/ullmann/HDDGabriel/engines/o3de/Gems/ScriptCanvas/Code/Include/ScriptCanvas/Libraries/Deprecated/Operators/Containers/Operator.cpp,0,1,1
/media/ullmann/HDDGabriel/engines/o3de/Gems/ImGui/Code/Source/LYCommonMenu/ImGuiLYCommonMenu.h,2,3,5
/media/ullmann/HDDGabriel/engines/o3de/Gems/ImGui/Code/Source/LYCommonMenu/ImGuiLYCameraMonitor.h,2,0,2
/media/ullmann/HDDGabriel/engines/o3de/Gems/LmbrCentral/Code/Source/Unhandled/Texture/SubstanceAssetTypeInfo.h,2,0,2
/media/ullmann/HDDGabriel/engines/o3de/Code/Editor/Include/IFileUtil.h,2,1,3
/media/ullmann/HDDGabriel/engines/o3de/Gems/LyShine/Code/Editor/ViewportInteraction.h,7,1,8
/media/ullmann/HDDGabriel/engines/o3de/Gems/EMotionFX/Code/EMotionFX/Tools/EMotionStudio/Plugins/StandardPlugins/Source/ActionHistory/ActionHistoryCallback.h,2,1,3
/media/ullmann/HDDGabriel/engines/o3de/Gems/PhysX/Code/Source/Platform/Linux/PhysX_Traits_Platform.h,0,1,1
/media/ullmann/HDDGabriel/engines/o3de/Gems/PhysX/Code/Source/Platform/Linux/PhysX_Traits_Linux.h,1,0,1
/media/ullmann/HDDGabriel/engines/o3de/Gems/AudioEngineWwise/Code/Source/Editor/AudioSystemControl_wwise.cpp,0,1,1
/media/ullmann/HDDGabriel/engines/o3de/Gems/ScriptCanvas/Code/Include/ScriptCanvas/Libraries/Math/Quaternion.cpp,0,1,1
/media/ullmann/HDDGabriel/engines/o3de/Gems/ScriptCanvas/Code/Include/ScriptCanvas/Libraries/Math/Quaternion.h,1,0,1
/media/ullmann/HDDGabriel/engines/o3de/Code/Editor/Objects/SelectionGroup.cpp,0,1,1
/media/ullmann/HDDGabriel/engines/o3de/Gems/AtomTressFX/External/Code/src/TressFX/AMD_TressFX.cpp,0,3,3
/media/ullmann/HDDGabriel/engines/o3de/Gems/LyShine/Code/Source/UiFaderComponent.h,4,0,4
/media/ullmann/HDDGabriel/engines/o3de/Gems/WhiteBox/Code/Tests/WhiteBoxEdgeTest.cpp,0,2,2
/media/ullmann/HDDGabriel/engines/o3de/Gems/AtomTressFX/External/Code/src/TressFX/TressFXAsset.h,5,0,5
/media/ullmann/HDDGabriel/engines/o3de/Gems/DebugDraw/Code/Source/DebugDrawRayComponent.cpp,0,1,1
/media/ullmann/HDDGabriel/engines/o3de/Gems/LmbrCentral/Code/Source/Unhandled/Other/AudioAssetTypeInfo.h,2,0,2
/media/ullmann/HDDGabriel/engines/o3de/Gems/MotionMatching/Code/Source/EventData.h,4,0,4
/media/ullmann/HDDGabriel/engines/o3de/Code/Editor/EditorPreferencesPageViewportCamera.h,3,1,4
/media/ullmann/HDDGabriel/engines/o3de/Gems/Atom/RHI/Code/Source/Module.cpp,0,2,2
/media/ullmann/HDDGabriel/engines/o3de/Gems/Atom/RHI/Code/Source/RHI.Private/FactoryManagerSystemComponent.h,1,0,1
/media/ullmann/HDDGabriel/engines/o3de/Gems/Atom/Asset/ImageProcessingAtom/Code/Source/Thumbnail/ImageThumbnailSystemComponent.h,1,0,1
/media/ullmann/HDDGabriel/engines/o3de/Gems/EMotionFX/Code/MCore/Source/MCoreSystem.h,4,1,5
/media/ullmann/HDDGabriel/engines/o3de/Gems/EMotionFX/Code/MCore/Source/Config.h,2,0,2
/media/ullmann/HDDGabriel/engines/o3de/Code/Legacy/CryCommon/Cry_Vector2.h,2,1,3
/media/ullmann/HDDGabriel/engines/o3de/Gems/AWSGameLift/Code/AWSGameLiftServer/Source/AWSGameLiftServerSystemComponent.cpp,0,2,2
/media/ullmann/HDDGabriel/engines/o3de/Gems/AWSGameLift/Code/AWSGameLiftServer/Source/AWSGameLiftServerSystemComponent.h,2,0,2
/media/ullmann/HDDGabriel/engines/o3de/Gems/EMotionFX/Code/MCore/Source/Stream.h,2,1,3
/media/ullmann/HDDGabriel/engines/o3de/Gems/LandscapeCanvas/Code/Source/Editor/Nodes/AreaFilters/SurfaceMaskDepthFilterNode.cpp,0,1,1
/media/ullmann/HDDGabriel/engines/o3de/Gems/LandscapeCanvas/Code/Source/Editor/Nodes/AreaFilters/SurfaceMaskDepthFilterNode.h,2,0,2
/media/ullmann/HDDGabriel/engines/o3de/Gems/EMotionFX/Code/EMotionFX/Source/MeshDeformer.h,5,2,7
/media/ullmann/HDDGabriel/engines/o3de/Gems/Maestro/Code/Source/Cinematics/AnimSerializer.cpp,0,1,1
/media/ullmann/HDDGabriel/engines/o3de/Gems/Maestro/Code/Source/Cinematics/AnimSerializer.h,2,0,2
/media/ullmann/HDDGabriel/engines/o3de/Gems/EMotionFX/Code/MCore/Source/CommandManagerCallback.h,1,2,3
/media/ullmann/HDDGabriel/engines/o3de/Gems/EMotionFX/Code/MCore/Source/CommandLine.h,5,1,6
/media/ullmann/HDDGabriel/engines/o3de/Code/Editor/ToolsConfigPage.h,2,0,2
/media/ullmann/HDDGabriel/engines/o3de/Gems/AtomTressFX/External/Code/src/TressFX/TressFXPPLL.cpp,0,3,3
/media/ullmann/HDDGabriel/engines/o3de/Gems/LyShine/Code/Source/LyShineDebug.h,5,0,5
/media/ullmann/HDDGabriel/engines/o3de/Code/Framework/AzToolsFramework/AzToolsFramework/Manipulators/ManipulatorManager.h,1,0,1
/media/ullmann/HDDGabriel/engines/o3de/Gems/Maestro/Code/Source/Cinematics/ScriptVarNode.h,3,1,4
/media/ullmann/HDDGabriel/engines/o3de/Gems/LyShine/Code/Editor/PropertyHandlerOffset.h,2,1,3
/media/ullmann/HDDGabriel/engines/o3de/Gems/LyShine/Code/Editor/UIVectorPropertyHandlerBase.h,2,0,2
/media/ullmann/HDDGabriel/engines/o3de/Gems/EMotionFX/Code/MCore/Source/Compare.inl,1,0,1
/media/ullmann/HDDGabriel/engines/o3de/Code/Editor/EditorPreferencesTreeWidgetItemDelegate.cpp,0,2,2
/media/ullmann/HDDGabriel/engines/o3de/Gems/EMotionFX/Code/Tests/BlendTreeRotationMath2NodeTests.cpp,0,1,1
/media/ullmann/HDDGabriel/engines/o3de/Gems/Atom/Feature/Common/Code/Source/Material/ConvertEmissiveUnitFunctor.cpp,0,1,1
/media/ullmann/HDDGabriel/engines/o3de/Gems/SurfaceData/Code/Source/Editor/EditorSurfaceDataSystemComponent.h,2,1,3
/media/ullmann/HDDGabriel/engines/o3de/Gems/SurfaceData/Code/Source/Editor/EditorSurfaceTagListAsset.h,2,0,2
/media/ullmann/HDDGabriel/engines/o3de/Code/Tools/AssetProcessor/native/utilities/assetUtils.cpp,0,1,1
/media/ullmann/HDDGabriel/engines/o3de/Code/Tools/AssetProcessor/native/utilities/assetUtils.h,1,0,1
/media/ullmann/HDDGabriel/engines/o3de/Code/Tools/ProjectManager/Source/ProjectManagerWindow.h,2,1,3
/media/ullmann/HDDGabriel/engines/o3de/Gems/WhiteBox/Code/Source/Viewport/WhiteBoxEdgeTranslationModifier.cpp,0,2,2
/media/ullmann/HDDGabriel/engines/o3de/Gems/WhiteBox/Code/Source/Viewport/WhiteBoxManipulatorViews.h,2,0,2
/media/ullmann/HDDGabriel/engines/o3de/Gems/GraphCanvas/Code/Source/Components/Connections/ConnectionLayerControllerComponent.h,1,0,1
/media/ullmann/HDDGabriel/engines/o3de/Code/Tools/AssetProcessor/native/AssetManager/assetProcessorManager.cpp,0,1,1
/media/ullmann/HDDGabriel/engines/o3de/Code/Tools/AssetProcessor/native/AssetManager/AssetRequestHandler.h,4,0,4
/media/ullmann/HDDGabriel/engines/o3de/Gems/AtomLyIntegration/AtomBridge/Code/Source/FlyCameraInputComponent.cpp,0,1,1
/media/ullmann/HDDGabriel/engines/o3de/Gems/AtomLyIntegration/AtomBridge/Code/Source/FlyCameraInputComponent.h,3,0,3
/media/ullmann/HDDGabriel/engines/o3de/Gems/LyShine/Code/Editor/Animation/UiAnimViewSplineCtrl.cpp,0,7,7
/media/ullmann/HDDGabriel/engines/o3de/Gems/ScriptCanvas/Code/Include/ScriptCanvas/Core/Nodeable.cpp,0,1,1
/media/ullmann/HDDGabriel/engines/o3de/Gems/EMotionFX/Code/EMotionFX/Source/BlendTreeBlend2NodeBase.cpp,0,4,4
/media/ullmann/HDDGabriel/engines/o3de/Code/Tools/AssetProcessor/native/resourcecompiler/rcjob.cpp,0,1,1
/media/ullmann/HDDGabriel/engines/o3de/Code/Tools/AssetProcessor/native/resourcecompiler/rcjob.h,2,1,3
/media/ullmann/HDDGabriel/engines/o3de/Gems/Atom/Asset/ImageProcessingAtom/Code/Source/Processing/ImageAssetProducer.h,2,0,2
/media/ullmann/HDDGabriel/engines/o3de/Gems/LyShine/Code/Editor/CanvasHelpers.cpp,0,1,1
/media/ullmann/HDDGabriel/engines/o3de/Gems/GradientSignal/Code/Source/Editor/EditorInvertGradientComponent.cpp,0,1,1
/media/ullmann/HDDGabriel/engines/o3de/Gems/GradientSignal/Code/Source/Editor/EditorInvertGradientComponent.h,2,0,2
/media/ullmann/HDDGabriel/engines/o3de/Code/Editor/TrackView/TrackViewPythonFuncs.h,2,1,3
/media/ullmann/HDDGabriel/engines/o3de/Gems/Terrain/Code/Tests/TerrainSystemBenchmarks.cpp,0,2,2
/media/ullmann/HDDGabriel/engines/o3de/Gems/LandscapeCanvas/Code/Source/Editor/Nodes/Shapes/CylinderShapeNode.h,2,0,2
/media/ullmann/HDDGabriel/engines/o3de/Gems/Terrain/Code/Source/EditorComponents/EditorTerrainWorldDebuggerComponent.h,1,0,1
/media/ullmann/HDDGabriel/engines/o3de/Gems/MotionMatching/Code/Source/Feature.cpp,0,3,3
/media/ullmann/HDDGabriel/engines/o3de/Gems/AtomLyIntegration/CommonFeatures/Code/Source/ReflectionProbe/ReflectionProbeComponent.h,1,0,1
/media/ullmann/HDDGabriel/engines/o3de/Gems/LmbrCentral/Code/Source/Builders/DependencyBuilder/SeedBuilderWorker/SeedBuilderWorker.cpp,0,1,1
/media/ullmann/HDDGabriel/engines/o3de/Gems/LmbrCentral/Code/Source/Builders/DependencyBuilder/SeedBuilderWorker/SeedBuilderWorker.h,2,0,2
/media/ullmann/HDDGabriel/engines/o3de/Gems/LmbrCentral/Code/Source/Shape/EditorDiskShapeComponent.h,2,2,4
/media/ullmann/HDDGabriel/engines/o3de/Gems/AWSGameLift/Code/AWSGameLiftServer/Source/GameLiftServerSDKWrapper.h,2,0,2
/media/ullmann/HDDGabriel/engines/o3de/Gems/LyShine/Code/Editor/CommandCanvasPropertiesChange.cpp,0,1,1
/media/ullmann/HDDGabriel/engines/o3de/Gems/EMotionFX/Code/EMotionFX/CommandSystem/Source/AnimGraphNodeGroupCommands.cpp,0,3,3
/media/ullmann/HDDGabriel/engines/o3de/Gems/EMotionFX/Code/EMotionFX/CommandSystem/Source/AnimGraphNodeGroupCommands.h,1,1,2
/media/ullmann/HDDGabriel/engines/o3de/Code/Editor/Plugins/ProjectSettingsTool/Validators.h,5,2,7
/media/ullmann/HDDGabriel/engines/o3de/Gems/EMotionFX/Code/Platform/Mac/EMotionFX_Traits_Platform.h,0,1,1
/media/ullmann/HDDGabriel/engines/o3de/Gems/EMotionFX/Code/Platform/Mac/EMotionFX_Traits_Mac.h,1,0,1
/media/ullmann/HDDGabriel/engines/o3de/Gems/EMotionFX/Code/EMotionFX/Source/BlendTreePoseSwitchNode.h,1,2,3
/media/ullmann/HDDGabriel/engines/o3de/Code/Legacy/CrySystem/DllMain.cpp,0,4,4
/media/ullmann/HDDGabriel/engines/o3de/Code/Editor/Controls/ReflectedPropertyControl/PropertyGenericCtrl.h,2,1,3
/media/ullmann/HDDGabriel/engines/o3de/Gems/EMotionFX/Code/MCore/Source/Algorithms.h,10,3,13
/media/ullmann/HDDGabriel/engines/o3de/Gems/GradientSignal/Code/Source/Editor/EditorImageGradientComponent.cpp,0,1,1
/media/ullmann/HDDGabriel/engines/o3de/Gems/GradientSignal/Code/Source/Editor/EditorImageGradientComponent.h,2,0,2
/media/ullmann/HDDGabriel/engines/o3de/Code/Tools/ProjectManager/Source/FormLineEditWidget.h,6,0,6
/media/ullmann/HDDGabriel/engines/o3de/Gems/Atom/Asset/Shader/Code/Source/Editor/CommonFiles/Preprocessor.h,4,0,4
/media/ullmann/HDDGabriel/engines/o3de/Gems/Atom/Feature/Common/Code/Source/Material/SubsurfaceTransmissionParameterFunctorSourceData.cpp,0,1,1
/media/ullmann/HDDGabriel/engines/o3de/Code/Tools/ProjectManager/Source/EngineScreenCtrl.cpp,0,3,3
/media/ullmann/HDDGabriel/engines/o3de/Code/Editor/Plugins/EditorAssetImporter/AssetBrowserContextProvider.cpp,0,2,2
/media/ullmann/HDDGabriel/engines/o3de/Gems/Twitch/Code/Source/Platform/Linux/Twitch_Traits_Platform.h,0,1,1
/media/ullmann/HDDGabriel/engines/o3de/Gems/Twitch/Code/Source/Platform/Linux/Twitch_Traits_Linux.h,1,0,1
/media/ullmann/HDDGabriel/engines/o3de/Gems/LmbrCentral/Code/Source/Ai/EditorNavigationUtil.h,4,0,4
/media/ullmann/HDDGabriel/engines/o3de/Gems/EMotionFX/Code/EMotionFX/Source/Skeleton.h,4,3,7
/media/ullmann/HDDGabriel/engines/o3de/Code/Framework/AzFramework/AzFramework/Script/ScriptRemoteDebugging.h,1,0,1
/media/ullmann/HDDGabriel/engines/o3de/Gems/LandscapeCanvas/Code/Source/Editor/Nodes/AreaModifiers/BaseAreaModifierNode.cpp,0,1,1
/media/ullmann/HDDGabriel/engines/o3de/Gems/LandscapeCanvas/Code/Source/Editor/Nodes/AreaModifiers/BaseAreaModifierNode.h,1,0,1
/media/ullmann/HDDGabriel/engines/o3de/Gems/EMotionFX/Code/EMotionFX/Source/BlendTreeBlend2NodeBase.h,4,2,6
/media/ullmann/HDDGabriel/engines/o3de/Gems/EMotionFX/Code/MCore/Source/AttributeInt32.cpp,0,3,3
/media/ullmann/HDDGabriel/engines/o3de/Gems/EMotionFX/Code/MCore/Source/AttributeFloat.h,5,3,8
/media/ullmann/HDDGabriel/engines/o3de/Code/Tools/ProjectManager/Source/ProjectsScreen.cpp,0,9,9
/media/ullmann/HDDGabriel/engines/o3de/Gems/LyShine/Code/Editor/ComponentHelpers.h,1,1,2
/media/ullmann/HDDGabriel/engines/o3de/Gems/LyShine/Code/Editor/ComponentAssetHelpers.h,2,0,2
/media/ullmann/HDDGabriel/engines/o3de/Gems/LyShine/Code/Editor/Animation/UiAnimViewKeyPropertiesDlg.cpp,0,7,7
/media/ullmann/HDDGabriel/engines/o3de/Gems/LyShine/Code/Editor/ViewportMoveInteraction.cpp,0,2,2
/media/ullmann/HDDGabriel/engines/o3de/Gems/AtomLyIntegration/AtomBridge/Code/Source/AtomBridgeModule.cpp,0,1,1
/media/ullmann/HDDGabriel/engines/o3de/Gems/AtomLyIntegration/AtomBridge/Code/Source/AtomBridgeModule.h,2,2,4
/media/ullmann/HDDGabriel/engines/o3de/Gems/LmbrCentral/Code/Source/Scripting/EditorSpawnerComponent.cpp,0,2,2
/media/ullmann/HDDGabriel/engines/o3de/Gems/EMotionFX/Code/MCore/Source/AttributeFloat.cpp,0,3,3
/media/ullmann/HDDGabriel/engines/o3de/Gems/EMotionFX/Code/MCore/Source/AttributeBool.h,5,3,8
/media/ullmann/HDDGabriel/engines/o3de/Gems/LyShine/Code/Editor/PropertyHandlerOffset.cpp,0,2,2
/media/ullmann/HDDGabriel/engines/o3de/Gems/LmbrCentral/Code/Source/Scripting/EditorLookAtComponent.cpp,0,2,2
/media/ullmann/HDDGabriel/engines/o3de/Gems/MotionMatching/Code/Source/MotionMatchingModule.cpp,0,2,2
/media/ullmann/HDDGabriel/engines/o3de/Gems/MotionMatching/Code/Source/MotionMatchingSystemComponent.h,4,0,4
/media/ullmann/HDDGabriel/engines/o3de/Gems/EMotionFX/Code/EMotionFX/Source/BlendTreeFloatMath1Node.cpp,0,2,2
/media/ullmann/HDDGabriel/engines/o3de/Gems/Atom/Asset/Shader/Code/Source/Editor/ShaderBuilderUtility.cpp,0,5,5
/media/ullmann/HDDGabriel/engines/o3de/Gems/Atom/Asset/Shader/Code/Source/Editor/ShaderPlatformInterfaceRequest.h,5,0,5
/media/ullmann/HDDGabriel/engines/o3de/Gems/EMotionFX/Code/EMotionFX/Source/AnimGraphTagCondition.h,1,0,1
/media/ullmann/HDDGabriel/engines/o3de/Gems/Vegetation/Code/Source/Editor/EditorAreaBlenderComponent.h,2,0,2
/media/ullmann/HDDGabriel/engines/o3de/Code/Editor/IconManager.h,2,2,4
/media/ullmann/HDDGabriel/engines/o3de/Code/Framework/AzToolsFramework/AzToolsFramework/Archive/ArchiveComponent.cpp,0,1,1
/media/ullmann/HDDGabriel/engines/o3de/Code/Framework/AzToolsFramework/AzToolsFramework/Archive/ArchiveComponent.h,1,0,1
/media/ullmann/HDDGabriel/engines/o3de/Code/Tools/ProjectManager/Source/GemCatalog/GemCatalogScreen.h,3,0,3
/media/ullmann/HDDGabriel/engines/o3de/Gems/WhiteBox/Code/Source/Util/WhiteBoxTextureUtil.cpp,0,1,1
/media/ullmann/HDDGabriel/engines/o3de/Gems/WhiteBox/Code/Source/Util/WhiteBoxTextureUtil.h,1,0,1
/media/ullmann/HDDGabriel/engines/o3de/Code/Tools/ProjectManager/Source/ProjectInfo.cpp,0,2,2
/media/ullmann/HDDGabriel/engines/o3de/Gems/AudioSystem/Code/Source/Editor/ATLControlsResourceDialog.cpp,0,5,5
/media/ullmann/HDDGabriel/engines/o3de/Code/Tools/LuaIDE/Source/LUA/LUAEditorBlockState.h,6,0,6
/media/ullmann/HDDGabriel/engines/o3de/Code/Tools/ProjectManager/Source/FormBrowseEditWidget.cpp,0,1,1
/media/ullmann/HDDGabriel/engines/o3de/Code/Tools/ProjectManager/Source/FormBrowseEditWidget.h,4,1,5
/media/ullmann/HDDGabriel/engines/o3de/Code/Framework/AzCore/Tests/AZStd/Pair.cpp,0,1,1
/media/ullmann/HDDGabriel/engines/o3de/Gems/ScriptCanvasTesting/Code/Source/ScriptCanvasTestingSystemComponent.h,3,0,3
/media/ullmann/HDDGabriel/engines/o3de/Code/Tools/SceneAPI/SceneCore/Utilities/DebugOutput.h,1,1,2
/media/ullmann/HDDGabriel/engines/o3de/Code/Tools/SceneAPI/SceneCore/Utilities/DebugOutput.inl,1,0,1
/media/ullmann/HDDGabriel/engines/o3de/Code/Framework/AzFramework/AzFramework/Entity/EntityContext.cpp,0,1,1
/media/ullmann/HDDGabriel/engines/o3de/Code/Framework/AzFramework/AzFramework/Entity/EntityContext.h,2,0,2
/media/ullmann/HDDGabriel/engines/o3de/Code/Framework/AzToolsFramework/Tests/PropertyIntSliderCtrlTests.cpp,0,1,1
/media/ullmann/HDDGabriel/engines/o3de/Code/Editor/EditorPreferencesTreeWidgetItem.cpp,0,2,2
/media/ullmann/HDDGabriel/engines/o3de/Code/Framework/AzToolsFramework/AzToolsFramework/Viewport/ViewportTypes.cpp,0,1,1
/media/ullmann/HDDGabriel/engines/o3de/Code/Framework/AzToolsFramework/AzToolsFramework/Viewport/ViewportTypes.h,1,0,1
/media/ullmann/HDDGabriel/engines/o3de/Gems/Maestro/Code/Source/Cinematics/TrackEventTrack.cpp,0,1,1
/media/ullmann/HDDGabriel/engines/o3de/Gems/Maestro/Code/Source/Cinematics/TrackEventTrack.h,5,1,6
/media/ullmann/HDDGabriel/engines/o3de/Gems/LyShine/Code/Source/UiSpawnerComponent.h,2,0,2
/media/ullmann/HDDGabriel/engines/o3de/Gems/EMotionFX/Code/EMotionFX/CommandSystem/Source/AnimGraphCommands.cpp,0,2,2
/media/ullmann/HDDGabriel/engines/o3de/Gems/EMotionFX/Code/EMotionFX/CommandSystem/Source/AnimGraphCommands.h,1,2,3
/media/ullmann/HDDGabriel/engines/o3de/Gems/AWSGameLift/Code/AWSGameLiftClient/Source/AWSGameLiftClientSystemComponent.cpp,0,3,3
/media/ullmann/HDDGabriel/engines/o3de/Gems/AWSGameLift/Code/AWSGameLiftClient/Source/AWSGameLiftClientManager.h,2,0,2
/media/ullmann/HDDGabriel/engines/o3de/Code/Framework/AzToolsFramework/Tests/Slices.cpp,0,1,1
/media/ullmann/HDDGabriel/engines/o3de/Code/Framework/AzToolsFramework/Tests/EntityTestbed.h,1,0,1
/media/ullmann/HDDGabriel/engines/o3de/Gems/ScriptCanvas/Code/Include/ScriptCanvas/Core/EBusHandler.cpp,0,1,1
/media/ullmann/HDDGabriel/engines/o3de/Gems/ScriptCanvas/Code/Include/ScriptCanvas/Core/EBusHandler.h,1,1,2
/media/ullmann/HDDGabriel/engines/o3de/Code/Framework/AzFramework/Tests/Platform/Common/Xcb/XcbInputDeviceMouseTests.cpp,0,4,4
/media/ullmann/HDDGabriel/engines/o3de/Gems/Atom/Tools/AtomToolsFramework/Code/Source/AtomToolsFrameworkSystemComponent.h,2,0,2
/media/ullmann/HDDGabriel/engines/o3de/Gems/VirtualGamepad/Code/Source/VirtualGamepadModule.cpp,0,3,3
/media/ullmann/HDDGabriel/engines/o3de/Gems/VirtualGamepad/Code/Source/VirtualGamepadButtonComponent.h,2,1,3
/media/ullmann/HDDGabriel/engines/o3de/Gems/Stars/Code/Source/StarsComponentController.h,2,1,3
/media/ullmann/HDDGabriel/engines/o3de/Code/Framework/AzQtComponents/AzQtComponents/Gallery/DragAndDropPage.cpp,0,1,1
/media/ullmann/HDDGabriel/engines/o3de/Code/Framework/AzQtComponents/AzQtComponents/Gallery/DragAndDropPage.h,2,0,2
/media/ullmann/HDDGabriel/engines/o3de/Gems/Maestro/Code/Source/Cinematics/AssetBlendTrack.h,2,1,3
/media/ullmann/HDDGabriel/engines/o3de/Gems/EMotionFX/Code/EMotionFX/CommandSystem/Source/MotionCommands.cpp,0,2,2
/media/ullmann/HDDGabriel/engines/o3de/Gems/EMotionFX/Code/EMotionFX/CommandSystem/Source/MotionCommands.h,1,1,2
/media/ullmann/HDDGabriel/engines/o3de/Gems/MotionMatching/Code/Source/FeatureMatrixMinMaxScaler.h,2,2,4
/media/ullmann/HDDGabriel/engines/o3de/Code/Framework/AzToolsFramework/AzToolsFramework/ToolsComponents/EditorSelectionAccentSystemComponent.h,1,1,2
/media/ullmann/HDDGabriel/engines/o3de/Code/Framework/AzToolsFramework/AzToolsFramework/ToolsComponents/EditorSelectionAccentingBus.h,1,0,1
/media/ullmann/HDDGabriel/engines/o3de/Code/Framework/AzToolsFramework/Tests/SliceUpgradeTests.cpp,0,1,1
/media/ullmann/HDDGabriel/engines/o3de/Code/Framework/AzToolsFramework/Tests/SliceUpgradeTestsData.h,1,0,1
/media/ullmann/HDDGabriel/engines/o3de/Code/Tools/ProjectManager/Source/ScreensCtrl.cpp,0,4,4
/media/ullmann/HDDGabriel/engines/o3de/Code/Tools/ProjectManager/Source/ScreensCtrl.h,5,2,7
/media/ullmann/HDDGabriel/engines/o3de/Gems/Maestro/Code/Source/Cinematics/SequenceTrack.cpp,0,1,1
/media/ullmann/HDDGabriel/engines/o3de/Code/Legacy/CryCommon/Cry_GeoDistance.h,0,1,1
/media/ullmann/HDDGabriel/engines/o3de/Code/Legacy/CryCommon/Cry_Geo.h,5,1,6
/media/ullmann/HDDGabriel/engines/o3de/Gems/Terrain/Code/Source/EditorComponents/EditorTerrainSurfaceGradientListComponent.h,1,0,1
/media/ullmann/HDDGabriel/engines/o3de/Gems/EMotionFX/Code/EMotionFX/CommandSystem/Source/ActorInstanceCommands.h,1,2,3
/media/ullmann/HDDGabriel/engines/o3de/Gems/Multiplayer/Code/Source/Debug/MultiplayerDebugByteReporter.cpp,0,1,1
/media/ullmann/HDDGabriel/engines/o3de/Gems/InAppPurchases/Code/Source/Platform/Android/InAppPurchasesAndroid.cpp,0,1,1
/media/ullmann/HDDGabriel/engines/o3de/Gems/InAppPurchases/Code/Source/Platform/Android/InAppPurchasesAndroid.h,1,0,1
/media/ullmann/HDDGabriel/engines/o3de/Code/Tools/ProjectManager/Source/AddRemoteProjectDialog.cpp,0,4,4
/media/ullmann/HDDGabriel/engines/o3de/Code/Tools/ProjectManager/Source/TextOverflowWidget.h,2,0,2
/media/ullmann/HDDGabriel/engines/o3de/Code/Editor/Controls/SplineCtrl.cpp,0,2,2
/media/ullmann/HDDGabriel/engines/o3de/Code/Editor/Controls/SplineCtrl.h,1,0,1
/media/ullmann/HDDGabriel/engines/o3de/Gems/Gestures/Code/Source/GesturesSystemComponent.h,2,7,9
/media/ullmann/HDDGabriel/engines/o3de/Code/Editor/Commands/CommandManager.cpp,0,1,1
/media/ullmann/HDDGabriel/engines/o3de/Code/Editor/EditorModularViewportCameraComposer.cpp,0,2,2
/media/ullmann/HDDGabriel/engines/o3de/Gems/LmbrCentral/Code/Source/Shape/CylinderShape.cpp,0,1,1
/media/ullmann/HDDGabriel/engines/o3de/Gems/LmbrCentral/Code/Source/Shape/CylinderShapeComponent.h,5,1,6
/media/ullmann/HDDGabriel/engines/o3de/Gems/EMotionFX/Code/EMotionFX/Source/BlendTreeMaskLegacyNode.h,0,2,2
/media/ullmann/HDDGabriel/engines/o3de/Gems/EMotionFX/Code/EMotionFX/Pipeline/EMotionFXBuilder/AnimGraphBuilderWorker.cpp,0,1,1
/media/ullmann/HDDGabriel/engines/o3de/Gems/TestAssetBuilder/Code/Source/TestAssetBuilderModule.cpp,0,3,3
/media/ullmann/HDDGabriel/engines/o3de/Gems/TestAssetBuilder/Code/Source/Builder/TestDependencyBuilderComponent.h,1,0,1
/media/ullmann/HDDGabriel/engines/o3de/Code/Legacy/CrySystem/LevelSystem/SpawnableLevelSystem.h,2,0,2
/media/ullmann/HDDGabriel/engines/o3de/Code/Framework/AzCore/AzCore/Statistics/RunningStatistic.cpp,0,1,1
/media/ullmann/HDDGabriel/engines/o3de/Gems/MotionMatching/Code/Source/FeatureMatrixTransformer.h,2,2,4
/media/ullmann/HDDGabriel/engines/o3de/Gems/Atom/Asset/Shader/Code/Source/Editor/ShaderAssetBuilder.cpp,0,7,7
/media/ullmann/HDDGabriel/engines/o3de/Gems/Atom/Asset/Shader/Code/Source/Editor/ShaderBuilderUtility.h,5,1,6
/media/ullmann/HDDGabriel/engines/o3de/Gems/EMotionFX/Code/EMotionFX/Source/MeshDeformerStack.h,4,3,7
/media/ullmann/HDDGabriel/engines/o3de/Code/Editor/ErrorRecorder.h,2,0,2
/media/ullmann/HDDGabriel/engines/o3de/Gems/ScriptCanvas/Code/Include/ScriptCanvas/Libraries/Math/CRC.cpp,0,1,1
/media/ullmann/HDDGabriel/engines/o3de/Gems/ScriptCanvas/Code/Include/ScriptCanvas/Libraries/Math/CRC.h,1,0,1
/media/ullmann/HDDGabriel/engines/o3de/Code/Editor/FileTypeUtils.h,2,0,2
/media/ullmann/HDDGabriel/engines/o3de/Gems/LyShine/Code/Source/UiDropTargetComponent.h,3,3,6
/media/ullmann/HDDGabriel/engines/o3de/Gems/LyShine/Code/Source/UiStateActionManager.h,3,1,4
/media/ullmann/HDDGabriel/engines/o3de/Gems/EMotionFX/Code/EMotionFX/Source/Parameter/ColorParameter.h,1,1,2
/media/ullmann/HDDGabriel/engines/o3de/Gems/EMotionFX/Code/EMotionFX/Source/KeyFrameFinder.h,1,2,3
/media/ullmann/HDDGabriel/engines/o3de/Gems/EMotionFX/Code/EMotionFX/Source/BlendTreeRotationLimitNode.h,1,2,3
/media/ullmann/HDDGabriel/engines/o3de/Gems/Compression/Code/Source/Tools/CompressionEditorSystemComponent.h,2,0,2
/media/ullmann/HDDGabriel/engines/o3de/Gems/EMotionFX/Code/EMotionFX/Source/Parameter/DefaultValueParameter.h,3,1,4
/media/ullmann/HDDGabriel/engines/o3de/Gems/EMotionFX/Code/EMotionFX/Source/Parameter/ValueParameter.h,3,1,4
/media/ullmann/HDDGabriel/engines/o3de/Code/Tools/AssetProcessor/native/ui/JobTreeViewItemDelegate.cpp,0,1,1
/media/ullmann/HDDGabriel/engines/o3de/Code/Tools/AssetProcessor/native/ui/JobTreeViewItemDelegate.h,1,0,1
/media/ullmann/HDDGabriel/engines/o3de/Gems/LmbrCentral/Code/Source/Shape/TubeShapeComponent.h,3,1,4
/media/ullmann/HDDGabriel/engines/o3de/Gems/LmbrCentral/Code/Source/Shape/TubeShape.h,2,1,3
/media/ullmann/HDDGabriel/engines/o3de/Code/Legacy/CrySystem/XConsoleVariable.h,2,0,2
/media/ullmann/HDDGabriel/engines/o3de/Gems/LmbrCentral/Code/Source/Shape/EditorTubeShapeComponent.h,2,2,4
/media/ullmann/HDDGabriel/engines/o3de/Gems/LocalUser/Code/Source/LocalUserSystemComponent.cpp,0,1,1
/media/ullmann/HDDGabriel/engines/o3de/Gems/LocalUser/Code/Source/LocalUserSystemComponent.h,2,0,2
/media/ullmann/HDDGabriel/engines/o3de/Gems/LyShine/Code/Editor/ViewportAnchor.h,1,0,1
/media/ullmann/HDDGabriel/engines/o3de/Gems/AWSMetrics/Code/Include/AWSMetricsBus.h,0,1,1
/media/ullmann/HDDGabriel/engines/o3de/Gems/AWSMetrics/Code/Include/MetricsAttribute.h,1,0,1
/media/ullmann/HDDGabriel/engines/o3de/Gems/ScriptEvents/Code/Include/ScriptEvents/ScriptEventsAsset.cpp,0,3,3
/media/ullmann/HDDGabriel/engines/o3de/Gems/ScriptEvents/Code/Include/ScriptEvents/ScriptEventDefinition.h,5,0,5
/media/ullmann/HDDGabriel/engines/o3de/Gems/Atom/Asset/ImageProcessingAtom/Code/Source/Platform/Windows/ImageProcessing_Traits_Platform.h,0,1,1
/media/ullmann/HDDGabriel/engines/o3de/Gems/Atom/Asset/ImageProcessingAtom/Code/Source/Platform/Windows/ImageProcessing_Traits_Windows.h,1,0,1
/media/ullmann/HDDGabriel/engines/o3de/Gems/LyShine/Code/Editor/Animation/UiAnimViewNode.cpp,0,3,3
/media/ullmann/HDDGabriel/engines/o3de/Gems/GraphCanvas/Code/Source/Components/Nodes/Group/NodeGroupFrameComponent.h,2,0,2
/media/ullmann/HDDGabriel/engines/o3de/Gems/EMotionFX/Code/MCore/Source/CommandSyntax.h,3,2,5
/media/ullmann/HDDGabriel/engines/o3de/Gems/WhiteBox/Code/Source/Rendering/WhiteBoxRenderMeshInterface.cpp,0,1,1
/media/ullmann/HDDGabriel/engines/o3de/Gems/WhiteBox/Code/Source/Rendering/WhiteBoxRenderMeshInterface.h,4,0,4
/media/ullmann/HDDGabriel/engines/o3de/Gems/LyShine/Code/Source/UiDynamicLayoutComponent.h,4,0,4
/media/ullmann/HDDGabriel/engines/o3de/Gems/ScriptCanvas/Code/Include/ScriptCanvas/Libraries/Logic/TargetedSequencer.cpp,0,1,1
/media/ullmann/HDDGabriel/engines/o3de/Gems/ScriptCanvas/Code/Include/ScriptCanvas/Libraries/Logic/TargetedSequencer.h,1,0,1
/media/ullmann/HDDGabriel/engines/o3de/Gems/LyShine/Code/Source/LyShineDebug.cpp,0,1,1
/media/ullmann/HDDGabriel/engines/o3de/Gems/EMotionFX/Code/EMotionFX/Source/SubMesh.h,4,2,6
/media/ullmann/HDDGabriel/engines/o3de/Code/Legacy/CryCommon/CryRandomInternal.h,1,4,5
/media/ullmann/HDDGabriel/engines/o3de/Code/Framework/AzToolsFramework/AzToolsFramework/Entity/EditorEntitySortComponent.h,1,1,2
/media/ullmann/HDDGabriel/engines/o3de/Gems/GraphCanvas/Code/Source/Components/Connections/DataConnections/DataConnectionComponent.h,2,0,2
/media/ullmann/HDDGabriel/engines/o3de/Code/Framework/AzQtComponents/AzQtComponents/Gallery/StyleSheetPage.h,2,0,2
/media/ullmann/HDDGabriel/engines/o3de/Gems/NvCloth/Code/Source/System/SystemComponent.h,1,0,1
/media/ullmann/HDDGabriel/engines/o3de/Gems/LmbrCentral/Code/Source/Shape/EditorSplineComponent.cpp,0,2,2
/media/ullmann/HDDGabriel/engines/o3de/Code/Tools/SerializeContextTools/Application.cpp,0,2,2
/media/ullmann/HDDGabriel/engines/o3de/Code/Tools/SerializeContextTools/SliceConverterEditorEntityContextComponent.h,2,0,2
/media/ullmann/HDDGabriel/engines/o3de/Code/Tools/LuaIDE/Source/LUA/LUAWatchesDebuggerMessages.h,3,0,3
/media/ullmann/HDDGabriel/engines/o3de/Code/Editor/ViewPane.h,6,2,8
/media/ullmann/HDDGabriel/engines/o3de/Gems/LyShine/Code/Editor/AssetTreeEntry.cpp,0,2,2
/media/ullmann/HDDGabriel/engines/o3de/Code/Framework/AzToolsFramework/AzToolsFramework/Slice/SliceDataFlagsCommand.cpp,0,1,1
/media/ullmann/HDDGabriel/engines/o3de/Code/Framework/AzToolsFramework/AzToolsFramework/Slice/SliceDataFlagsCommand.h,1,0,1
/media/ullmann/HDDGabriel/engines/o3de/Gems/Vegetation/Code/Source/Editor/EditorSurfaceSlopeFilterComponent.cpp,0,1,1
/media/ullmann/HDDGabriel/engines/o3de/Gems/EMotionFX/Code/EMotionFX/Source/MeshDeformerStack.cpp,0,4,4
/media/ullmann/HDDGabriel/engines/o3de/Gems/LmbrCentral/Code/Source/Audio/EditorAudioAreaEnvironmentComponent.h,2,1,3
/media/ullmann/HDDGabriel/engines/o3de/Gems/LmbrCentral/Code/Source/Audio/AudioAreaEnvironmentComponent.h,3,0,3
/media/ullmann/HDDGabriel/engines/o3de/Gems/EMotionFX/Code/EMotionFX/Tools/EMotionStudio/Plugins/StandardPlugins/Source/AnimGraph/ParameterEditor/StringParameterEditor.cpp,0,1,1
/media/ullmann/HDDGabriel/engines/o3de/Gems/EMotionFX/Code/EMotionFX/Tools/EMotionStudio/Plugins/StandardPlugins/Source/AnimGraph/ParameterEditor/StringParameterEditor.h,2,1,3
/media/ullmann/HDDGabriel/engines/o3de/Gems/LandscapeCanvas/Code/Source/Editor/Nodes/Areas/BaseAreaNode.cpp,0,1,1
/media/ullmann/HDDGabriel/engines/o3de/Gems/LandscapeCanvas/Code/Source/Editor/Nodes/Areas/BaseAreaNode.h,1,0,1
/media/ullmann/HDDGabriel/engines/o3de/Gems/FastNoise/Code/External/FastNoise/FastNoise.cpp,0,1,1
/media/ullmann/HDDGabriel/engines/o3de/Gems/FastNoise/Code/External/FastNoise/FastNoise.h,1,0,1
/media/ullmann/HDDGabriel/engines/o3de/Gems/LyShine/Code/Source/UiScrollBoxComponent.h,4,2,6
/media/ullmann/HDDGabriel/engines/o3de/Code/Framework/AzToolsFramework/AzToolsFramework/UI/PropertyEditor/PropertyCheckBoxCtrl.cpp,0,2,2
/media/ullmann/HDDGabriel/engines/o3de/Code/Framework/AzCore/AzCore/Statistics/StatisticalProfilerProxySystemComponent.cpp,0,1,1
/media/ullmann/HDDGabriel/engines/o3de/Code/Framework/AzCore/AzCore/Statistics/StatisticalProfilerProxySystemComponent.h,1,1,2
/media/ullmann/HDDGabriel/engines/o3de/Gems/EMotionFX/Code/Editor/Platform/Android/EMotionFX_Traits_Platform.h,0,1,1
/media/ullmann/HDDGabriel/engines/o3de/Gems/EMotionFX/Code/Editor/Platform/Android/EMotionFX_Traits_Android.h,1,0,1
/media/ullmann/HDDGabriel/engines/o3de/Gems/LmbrCentral/Code/Source/Rendering/EntityDebugDisplayComponent.cpp,0,1,1
/media/ullmann/HDDGabriel/engines/o3de/Gems/LmbrCentral/Code/Source/Rendering/EntityDebugDisplayComponent.h,1,0,1
/media/ullmann/HDDGabriel/engines/o3de/Gems/AudioSystem/Code/Source/Editor/ImplementationManager.cpp,0,3,3
/media/ullmann/HDDGabriel/engines/o3de/Gems/WhiteBox/Code/Source/Rendering/Atom/WhiteBoxAtomRenderMesh.h,2,0,2
/media/ullmann/HDDGabriel/engines/o3de/Code/Framework/AzCore/Tests/AZStd/Examples.cpp,0,1,1
/media/ullmann/HDDGabriel/engines/o3de/Gems/AWSMetrics/Code/Source/MetricsEvent.cpp,0,2,2
/media/ullmann/HDDGabriel/engines/o3de/Gems/WhiteBox/Code/Source/Rendering/WhiteBoxRenderData.cpp,0,1,1
/media/ullmann/HDDGabriel/engines/o3de/Gems/LyShine/Code/Source/UiLayoutRowComponent.h,4,1,5
/media/ullmann/HDDGabriel/engines/o3de/Gems/AtomLyIntegration/CommonFeatures/Code/Source/SkyBox/PhysicalSkyComponent.h,1,0,1
/media/ullmann/HDDGabriel/engines/o3de/Gems/LyShine/Code/Editor/Animation/UiAnimUndo.h,3,1,4
/media/ullmann/HDDGabriel/engines/o3de/Gems/Atom/Tools/MaterialEditor/Code/Source/Window/MaterialEditorMainWindow.h,2,0,2
/media/ullmann/HDDGabriel/engines/o3de/Gems/ScriptCanvas/Code/Include/ScriptCanvas/Grammar/ExecutionTraversalListeners.cpp,0,3,3
/media/ullmann/HDDGabriel/engines/o3de/Gems/LyShine/Code/Source/UiButtonComponent.h,4,1,5
/media/ullmann/HDDGabriel/engines/o3de/Code/Editor/Util/MemoryBlock.cpp,0,1,1
/media/ullmann/HDDGabriel/engines/o3de/Gems/LyShine/Code/Source/Animation/CompoundSplineTrack.cpp,0,2,2
/media/ullmann/HDDGabriel/engines/o3de/Gems/PythonAssetBuilder/Code/Tests/PythonBuilderProcessJobTest.cpp,0,1,1
/media/ullmann/HDDGabriel/engines/o3de/Gems/PythonAssetBuilder/Code/Tests/PythonBuilderTestShared.h,2,0,2
/media/ullmann/HDDGabriel/engines/o3de/Code/Editor/Objects/GizmoManager.cpp,0,2,2
/media/ullmann/HDDGabriel/engines/o3de/Code/Editor/Objects/Gizmo.h,6,1,7
/media/ullmann/HDDGabriel/engines/o3de/Gems/EMotionFX/Code/MCore/Source/AABB.h,2,3,5
/media/ullmann/HDDGabriel/engines/o3de/Gems/LyShine/Code/Editor/CommandHierarchyItemCreate.h,1,0,1
/media/ullmann/HDDGabriel/engines/o3de/Gems/ScriptCanvas/Code/Include/ScriptCanvas/Libraries/Time/TimeDelayNodeable.cpp,0,1,1
/media/ullmann/HDDGabriel/engines/o3de/Gems/ScriptCanvas/Code/Include/ScriptCanvas/Libraries/Time/TimeDelayNodeable.h,1,0,1
/media/ullmann/HDDGabriel/engines/o3de/Gems/ScriptCanvas/Code/Include/ScriptCanvas/Core/MethodConfiguration.h,1,5,6
/media/ullmann/HDDGabriel/engines/o3de/Gems/ScriptCanvas/Code/Include/ScriptCanvas/Core/SlotConfigurationDefaults.h,1,0,1
/media/ullmann/HDDGabriel/engines/o3de/Gems/AudioEngineWwise/Code/Source/Editor/AudioWwiseLoader.cpp,0,2,2
/media/ullmann/HDDGabriel/engines/o3de/Gems/EMotionFX/Code/MCore/Source/DiskFile.h,2,3,5
/media/ullmann/HDDGabriel/engines/o3de/Gems/LyShine/Code/Editor/AssetDropHelpers.cpp,0,1,1
/media/ullmann/HDDGabriel/engines/o3de/Gems/LyShine/Code/Editor/AssetDropHelpers.h,5,1,6
/media/ullmann/HDDGabriel/engines/o3de/Code/Framework/AzToolsFramework/AzToolsFramework/UI/PropertyEditor/PropertyCRCCtrl.cpp,0,2,2
/media/ullmann/HDDGabriel/engines/o3de/Code/Editor/Util/FileUtil_impl.h,2,0,2
/media/ullmann/HDDGabriel/engines/o3de/Templates/CppToolGem/Template/Code/Source/Tools/${Name}EditorSystemComponent.cpp,0,2,2
/media/ullmann/HDDGabriel/engines/o3de/Templates/CppToolGem/Template/Code/Source/Tools/${Name}EditorSystemComponent.h,2,0,2
/media/ullmann/HDDGabriel/engines/o3de/Code/Editor/Util/ImageUtil.cpp,0,1,1
/media/ullmann/HDDGabriel/engines/o3de/Gems/EMotionFX/Code/EMotionFX/Source/BlendTreeDirectionToWeightNode.h,1,2,3
/media/ullmann/HDDGabriel/engines/o3de/Gems/ScriptCanvas/Code/Include/ScriptCanvas/Libraries/Deprecated/Entity/RotateMethod.cpp,0,1,1
/media/ullmann/HDDGabriel/engines/o3de/Gems/ScriptCanvas/Code/Include/ScriptCanvas/Libraries/Deprecated/Entity/RotateMethod.h,1,0,1
/media/ullmann/HDDGabriel/engines/o3de/Gems/PhysX/Code/Tests/ShapeGeometryTests.cpp,0,3,3
/media/ullmann/HDDGabriel/engines/o3de/Gems/PhysX/Code/Tests/PhysXTestCommon.h,3,1,4
/media/ullmann/HDDGabriel/engines/o3de/Gems/LyShine/Code/Editor/Animation/UiAnimViewCurveEditor.h,2,3,5
/media/ullmann/HDDGabriel/engines/o3de/Gems/LyShine/Code/Editor/Animation/UiAnimViewSplineCtrl.h,2,1,3
/media/ullmann/HDDGabriel/engines/o3de/Gems/ScriptedEntityTweener/Code/Source/ScriptedEntityTweenerTask.h,2,1,3
/media/ullmann/HDDGabriel/engines/o3de/Gems/Atom/RHI/Code/Tests/NameIdReflectionMapTests.cpp,0,1,1
/media/ullmann/HDDGabriel/engines/o3de/Gems/LmbrCentral/Code/include/LmbrCentral/Shape/SplineAttribute.h,0,1,1
/media/ullmann/HDDGabriel/engines/o3de/Gems/LmbrCentral/Code/include/LmbrCentral/Shape/SplineAttribute.inl,1,0,1
/media/ullmann/HDDGabriel/engines/o3de/Gems/GraphModel/Code/Source/GraphModelSystemComponent.cpp,0,1,1
/media/ullmann/HDDGabriel/engines/o3de/Gems/GraphModel/Code/Source/GraphModelSystemComponent.h,2,0,2
/media/ullmann/HDDGabriel/engines/o3de/Code/Framework/AzQtComponents/AzQtComponents/Gallery/MenuPage.h,2,0,2
/media/ullmann/HDDGabriel/engines/o3de/Gems/EditorPythonBindings/Code/Tests/PythonLogSymbolsComponentTests.cpp,0,2,2
/media/ullmann/HDDGabriel/engines/o3de/Code/Editor/Plugins/ProjectSettingsTool/ValidationHandler.cpp,0,3,3
/media/ullmann/HDDGabriel/engines/o3de/Code/Legacy/CrySystem/AZCoreLogSink.h,2,0,2
/media/ullmann/HDDGabriel/engines/o3de/Gems/LmbrCentral/Code/Source/Audio/AudioProxyComponent.cpp,0,1,1
/media/ullmann/HDDGabriel/engines/o3de/Gems/LmbrCentral/Code/Source/Audio/AudioProxyComponent.h,2,0,2
/media/ullmann/HDDGabriel/engines/o3de/Code/Editor/UsedResources.h,4,1,5
/media/ullmann/HDDGabriel/engines/o3de/Gems/LyShine/Code/Editor/MainToolbar.h,1,0,1
/media/ullmann/HDDGabriel/engines/o3de/Code/Tools/TestImpactFramework/Frontend/Console/Native/Code/Source/TestImpactConsoleMain.cpp,0,2,2
/media/ullmann/HDDGabriel/engines/o3de/Code/Tools/TestImpactFramework/Frontend/Console/Native/Code/Source/TestImpactNativeCommandLineOptions.h,2,0,2
/media/ullmann/HDDGabriel/engines/o3de/Gems/FastNoise/Code/Source/FastNoiseGradientComponent.cpp,0,1,1
/media/ullmann/HDDGabriel/engines/o3de/Gems/FastNoise/Code/Source/FastNoiseGradientComponent.h,3,0,3
/media/ullmann/HDDGabriel/engines/o3de/Gems/EMotionFX/Code/Tests/MotionLayerSystemTests.cpp,0,2,2
/media/ullmann/HDDGabriel/engines/o3de/Gems/EMotionFX/Code/Tests/TestAssetCode/SimpleActors.h,1,0,1
/media/ullmann/HDDGabriel/engines/o3de/Gems/LyShine/Code/Editor/SerializeHelpers.h,1,0,1
/media/ullmann/HDDGabriel/engines/o3de/Gems/EMotionFX/Code/EMotionFX/Tools/EMotionStudio/Plugins/StandardPlugins/Source/AnimGraph/ParameterEditor/Vector4ParameterEditor.h,2,1,3
/media/ullmann/HDDGabriel/engines/o3de/Gems/EMotionFX/Code/EMotionFX/Tools/EMotionStudio/Plugins/StandardPlugins/Source/AnimGraph/NodePaletteWidget.h,3,1,4
/media/ullmann/HDDGabriel/engines/o3de/Gems/Atom/RPI/Code/Source/RPI.Builders/BuilderModule.cpp,0,4,4
/media/ullmann/HDDGabriel/engines/o3de/Gems/Atom/RPI/Code/Source/RPI.Builders/BuilderComponent.h,2,0,2
/media/ullmann/HDDGabriel/engines/o3de/Code/Legacy/CrySystem/Log.cpp,0,3,3
/media/ullmann/HDDGabriel/engines/o3de/Code/Legacy/CrySystem/Log.h,3,0,3
/media/ullmann/HDDGabriel/engines/o3de/Gems/Atom/RPI/Code/Tests/Common/AssetManagerTestFixture.cpp,0,1,1
/media/ullmann/HDDGabriel/engines/o3de/Gems/Atom/RPI/Code/Tests/Common/AssetManagerTestFixture.h,1,0,1
/media/ullmann/HDDGabriel/engines/o3de/Gems/ScriptCanvas/Code/Include/ScriptCanvas/Core/Endpoint.cpp,0,1,1
/media/ullmann/HDDGabriel/engines/o3de/Gems/ScriptCanvas/Code/Include/ScriptCanvas/Core/Endpoint.h,3,1,4
/media/ullmann/HDDGabriel/engines/o3de/Gems/ScriptCanvas/Code/Include/ScriptCanvas/Libraries/Math/MathExpression.cpp,0,1,1
/media/ullmann/HDDGabriel/engines/o3de/Gems/ScriptCanvas/Code/Include/ScriptCanvas/Libraries/Math/MathExpression.h,1,0,1
/media/ullmann/HDDGabriel/engines/o3de/Gems/Compression/Code/Source/Tools/CompressionFactoryImpl.cpp,0,1,1
/media/ullmann/HDDGabriel/engines/o3de/Gems/Gestures/Code/Tests/GestureRecognizerPinchTests.cpp,0,1,1
/media/ullmann/HDDGabriel/engines/o3de/Code/Tools/AssetProcessor/native/utilities/LineByLineDependencyScanner.cpp,0,2,2
/media/ullmann/HDDGabriel/engines/o3de/Code/Tools/AssetProcessor/native/utilities/PotentialDependencies.h,2,0,2
/media/ullmann/HDDGabriel/engines/o3de/Gems/LmbrCentral/Code/Source/Shape/EditorCapsuleShapeComponent.h,3,2,5
/media/ullmann/HDDGabriel/engines/o3de/Gems/Maestro/Code/Source/Cinematics/TimeRangesTrack.h,2,1,3
/media/ullmann/HDDGabriel/engines/o3de/Gems/LyShine/Code/Editor/Animation/UiAnimViewTrack.cpp,0,6,6
/media/ullmann/HDDGabriel/engines/o3de/Gems/ScriptCanvas/Code/Include/ScriptCanvas/Libraries/Logic/Cycle.cpp,0,1,1
/media/ullmann/HDDGabriel/engines/o3de/Gems/ScriptCanvas/Code/Include/ScriptCanvas/Libraries/Logic/Cycle.h,1,0,1
/media/ullmann/HDDGabriel/engines/o3de/Gems/AtomLyIntegration/CommonFeatures/Code/Source/SkyBox/EditorHDRiSkyboxComponent.h,1,0,1
/media/ullmann/HDDGabriel/engines/o3de/Gems/LmbrCentral/Code/Tests/EditorCompoundShapeComponentTests.cpp,0,1,1
/media/ullmann/HDDGabriel/engines/o3de/Code/Tools/TestImpactFramework/Runtime/Native/Code/Source/TestImpactNativeRuntime.cpp,0,5,5
/media/ullmann/HDDGabriel/engines/o3de/Code/Tools/TestImpactFramework/Runtime/Native/Code/Source/TestEngine/Native/TestImpactNativeTestEngine.h,1,0,1
/media/ullmann/HDDGabriel/engines/o3de/Gems/EMotionFX/Code/Tests/TestAssetCode/ActorFactory.h,1,0,1
/media/ullmann/HDDGabriel/engines/o3de/Gems/Maestro/Code/Source/Cinematics/MaterialNode.h,3,1,4
/media/ullmann/HDDGabriel/engines/o3de/Code/Editor/ErrorReportTableModel.cpp,0,3,3
/media/ullmann/HDDGabriel/engines/o3de/Code/Editor/ErrorReportTableModel.h,2,1,3
/media/ullmann/HDDGabriel/engines/o3de/Gems/ScriptEvents/Code/Include/ScriptEvents/ScriptEventSystem.cpp,0,4,4
/media/ullmann/HDDGabriel/engines/o3de/Gems/EMotionFX/Code/EMotionFX/Source/AnimGraphStateTransition.h,4,0,4
/media/ullmann/HDDGabriel/engines/o3de/Gems/Vegetation/Code/Source/Components/DescriptorWeightSelectorComponent.h,2,0,2
/media/ullmann/HDDGabriel/engines/o3de/Gems/RecastNavigation/Code/Source/RecastNavigationEditorModule.cpp,0,5,5
/media/ullmann/HDDGabriel/engines/o3de/Gems/RecastNavigation/Code/Source/RecastNavigationEditorSystemComponent.h,2,1,3
/media/ullmann/HDDGabriel/engines/o3de/Gems/LyShine/Code/Editor/HierarchyWidget.cpp,0,3,3
/media/ullmann/HDDGabriel/engines/o3de/Gems/Atom/Asset/ImageProcessingAtom/Code/Source/Platform/Android/ImageProcessing_Traits_Platform.h,0,1,1
/media/ullmann/HDDGabriel/engines/o3de/Gems/Atom/Asset/ImageProcessingAtom/Code/Source/Platform/Android/ImageProcessing_Traits_Android.h,1,0,1
/media/ullmann/HDDGabriel/engines/o3de/Code/Editor/Export/ExportManager.cpp,0,3,3
/media/ullmann/HDDGabriel/engines/o3de/Code/Framework/AzToolsFramework/AzToolsFramework/Manipulators/RotationManipulators.cpp,0,1,1
/media/ullmann/HDDGabriel/engines/o3de/Code/Framework/AzToolsFramework/AzToolsFramework/Manipulators/RotationManipulators.h,1,0,1
/media/ullmann/HDDGabriel/engines/o3de/Gems/EMotionFX/Code/Tests/EventManagerTests.cpp,0,1,1
/media/ullmann/HDDGabriel/engines/o3de/Gems/DebugDraw/Code/Source/EditorDebugDrawTextComponent.cpp,0,1,1
/media/ullmann/HDDGabriel/engines/o3de/Gems/Terrain/Code/Tests/TerrainHeightGradientListTests.cpp,0,2,2
/media/ullmann/HDDGabriel/engines/o3de/Gems/EMotionFX/Code/EMotionFX/Tools/EMotionStudio/Plugins/StandardPlugins/Source/TimeView/TimeTrackElement.cpp,0,3,3
/media/ullmann/HDDGabriel/engines/o3de/Gems/EMotionFX/Code/EMotionFX/Tools/EMotionStudio/Plugins/StandardPlugins/Source/TimeView/TimeTrackElement.h,2,1,3
/media/ullmann/HDDGabriel/engines/o3de/Gems/LmbrCentral/Code/Source/Unhandled/Texture/SubstanceAssetTypeInfo.cpp,0,1,1
/media/ullmann/HDDGabriel/engines/o3de/Gems/LmbrCentral/Code/Source/Shape/EditorCompoundShapeComponent.h,2,2,4
/media/ullmann/HDDGabriel/engines/o3de/Gems/Atom/Feature/Common/Code/Source/AuxGeom/FixedShapeProcessor.cpp,0,2,2
/media/ullmann/HDDGabriel/engines/o3de/Gems/Atom/Feature/Common/Code/Source/AuxGeom/FixedShapeProcessor.h,2,1,3
/media/ullmann/HDDGabriel/engines/o3de/Gems/AudioSystem/Code/Source/Engine/AudioProxy.cpp,0,2,2
/media/ullmann/HDDGabriel/engines/o3de/Gems/LmbrCentral/Code/Source/Shape/EditorCylinderShapeComponent.cpp,0,4,4
/media/ullmann/HDDGabriel/engines/o3de/Code/Tools/ProjectManager/Source/FormLineEditWidget.cpp,0,1,1
/media/ullmann/HDDGabriel/engines/o3de/Gems/LandscapeCanvas/Code/Source/Editor/Nodes/Shapes/CompoundShapeNode.h,2,0,2
/media/ullmann/HDDGabriel/engines/o3de/Code/Editor/EditorPreferencesPageFiles.cpp,0,4,4
/media/ullmann/HDDGabriel/engines/o3de/Code/Editor/EditorPreferencesPageFiles.h,3,1,4
/media/ullmann/HDDGabriel/engines/o3de/Gems/AudioSystem/Code/Source/Editor/QConnectionsWidget.h,2,1,3
/media/ullmann/HDDGabriel/engines/o3de/Gems/Atom/RHI/Vulkan/Code/Source/Platform/Windows/Vulkan_Traits_Platform.h,0,1,1
/media/ullmann/HDDGabriel/engines/o3de/Gems/Atom/RHI/Vulkan/Code/Source/Platform/Windows/Vulkan_Traits_Windows.h,1,0,1
/media/ullmann/HDDGabriel/engines/o3de/Gems/Maestro/Code/Source/Cinematics/BoolTrack.h,3,1,4
/media/ullmann/HDDGabriel/engines/o3de/Gems/EMotionFX/Code/EMotionFX/Tools/EMotionStudio/Plugins/StandardPlugins/Source/TimeView/TimeViewToolBar.h,2,1,3
/media/ullmann/HDDGabriel/engines/o3de/Gems/ScriptCanvas/Code/Include/ScriptCanvas/Core/Contracts/SlotTypeContract.h,2,0,2
/media/ullmann/HDDGabriel/engines/o3de/Gems/ScriptCanvas/Code/Include/ScriptCanvas/Core/Core.cpp,0,2,2
/media/ullmann/HDDGabriel/engines/o3de/Code/Editor/Clipboard.cpp,0,3,3
/media/ullmann/HDDGabriel/engines/o3de/Gems/Meshlets/Code/Source/Meshlets/MeshletsDispatchItem.cpp,0,2,2
/media/ullmann/HDDGabriel/engines/o3de/Code/Editor/Util/PathUtil.h,2,0,2
/media/ullmann/HDDGabriel/engines/o3de/Gems/GraphCanvas/Code/Source/Components/Nodes/General/GeneralNodeLayoutComponent.h,2,0,2
/media/ullmann/HDDGabriel/engines/o3de/Gems/WhiteBox/Code/Source/SubComponentModes/EditorWhiteBoxTransformMode.cpp,0,2,2
/media/ullmann/HDDGabriel/engines/o3de/Gems/WhiteBox/Code/Source/SubComponentModes/EditorWhiteBoxTransformMode.h,2,0,2
/media/ullmann/HDDGabriel/engines/o3de/Gems/EMotionFX/Code/EMotionFX/Tools/EMotionStudio/Plugins/StandardPlugins/Source/MotionSetsWindow/MotionSetManagementWindow.h,2,2,4
/media/ullmann/HDDGabriel/engines/o3de/Gems/AtomTressFX/External/Code/src/TressFX/TressFXPPLL.h,1,1,2
/media/ullmann/HDDGabriel/engines/o3de/Gems/SurfaceData/Code/Source/Editor/EditorSurfaceDataColliderComponent.cpp,0,1,1
/media/ullmann/HDDGabriel/engines/o3de/Gems/SurfaceData/Code/Source/Editor/EditorSurfaceDataColliderComponent.h,2,0,2
/media/ullmann/HDDGabriel/engines/o3de/Gems/AtomLyIntegration/AtomBridge/Code/Source/Editor/AssetCollectionAsyncLoaderTestComponent.cpp,0,1,1
/media/ullmann/HDDGabriel/engines/o3de/Gems/AtomLyIntegration/AtomBridge/Code/Source/Editor/AssetCollectionAsyncLoaderTestComponent.h,2,0,2
/media/ullmann/HDDGabriel/engines/o3de/Gems/PhysX/Code/Source/EditorColliderComponent.h,0,1,1
/media/ullmann/HDDGabriel/engines/o3de/Gems/AWSGameLift/Code/AWSGameLiftServer/Tests/AWSGameLiftServerMocks.h,2,0,2
/media/ullmann/HDDGabriel/engines/o3de/Gems/PhysX/Code/Source/SystemComponent.h,0,2,2
/media/ullmann/HDDGabriel/engines/o3de/Gems/PhysX/Code/Source/Configuration/PhysXSettingsRegistryManager.h,2,0,2
/media/ullmann/HDDGabriel/engines/o3de/Code/Tools/ProjectManager/Source/ProjectBuilderController.h,2,1,3
/media/ullmann/HDDGabriel/engines/o3de/Gems/BarrierInput/Code/Source/BarrierInputModule.cpp,0,1,1
/media/ullmann/HDDGabriel/engines/o3de/Gems/BarrierInput/Code/Source/BarrierInputSystemComponent.h,2,1,3
/media/ullmann/HDDGabriel/engines/o3de/Code/Framework/AzFramework/Tests/Application.cpp,0,1,1
/media/ullmann/HDDGabriel/engines/o3de/Code/Framework/AzFramework/Tests/FrameworkApplicationFixture.h,3,0,3
/media/ullmann/HDDGabriel/engines/o3de/Gems/RecastNavigation/Code/Source/EditorComponents/EditorRecastNavigationMeshComponent.cpp,0,1,1
/media/ullmann/HDDGabriel/engines/o3de/Gems/RecastNavigation/Code/Source/EditorComponents/EditorRecastNavigationMeshComponent.h,2,0,2
/media/ullmann/HDDGabriel/engines/o3de/Gems/LyShine/Code/Editor/ViewportAlign.cpp,0,2,2
/media/ullmann/HDDGabriel/engines/o3de/Code/Legacy/CryCommon/Random.h,2,2,4
/media/ullmann/HDDGabriel/engines/o3de/Code/Legacy/CryCommon/LCGRandom.h,1,2,3
/media/ullmann/HDDGabriel/engines/o3de/Code/Framework/AzToolsFramework/AzToolsFramework/UI/PropertyEditor/ThumbnailPropertyCtrl.cpp,0,1,1
/media/ullmann/HDDGabriel/engines/o3de/Code/Framework/AzToolsFramework/AzToolsFramework/UI/PropertyEditor/ThumbnailPropertyCtrl.h,1,0,1
/media/ullmann/HDDGabriel/engines/o3de/Gems/LmbrCentral/Code/Source/Shape/EditorCylinderShapeComponent.h,3,2,5
/media/ullmann/HDDGabriel/engines/o3de/Gems/LyShineExamples/Code/Source/UiCustomImageComponent.cpp,0,1,1
/media/ullmann/HDDGabriel/engines/o3de/Gems/EMotionFX/Code/EMotionFX/Tools/EMotionStudio/Plugins/StandardPlugins/Source/AnimGraph/AnimGraphOptions.h,2,0,2
/media/ullmann/HDDGabriel/engines/o3de/Gems/Atom/Feature/Common/Code/Source/ReflectionScreenSpace/ReflectionCopyFrameBufferPass.cpp,0,2,2
/media/ullmann/HDDGabriel/engines/o3de/Gems/Atom/Feature/Common/Code/Source/ReflectionScreenSpace/ReflectionCopyFrameBufferPass.h,2,0,2
/media/ullmann/HDDGabriel/engines/o3de/Code/Legacy/CryCommon/CryPath.h,0,3,3
/media/ullmann/HDDGabriel/engines/o3de/Gems/Atom/Tools/MaterialCanvas/Code/Source/main.cpp,0,1,1
/media/ullmann/HDDGabriel/engines/o3de/Code/Tools/AssetProcessor/native/ui/ProductAssetTreeModel.cpp,0,2,2
/media/ullmann/HDDGabriel/engines/o3de/Code/Tools/AssetProcessor/native/ui/ProductAssetTreeModel.h,3,1,4
/media/ullmann/HDDGabriel/engines/o3de/Gems/EMotionFX/Code/EMotionFX/Source/BlendTreeVector3Math1Node.h,1,2,3
/media/ullmann/HDDGabriel/engines/o3de/Gems/LmbrCentral/Code/Tests/ReferenceShapeTests.cpp,0,1,1
/media/ullmann/HDDGabriel/engines/o3de/Code/Editor/Util/AutoDirectoryRestoreFileDialog.h,4,0,4
/media/ullmann/HDDGabriel/engines/o3de/Code/Editor/Controls/ReflectedPropertyControl/ReflectedVar.cpp,0,1,1
/media/ullmann/HDDGabriel/engines/o3de/Gems/Vegetation/Code/Source/Editor/EditorDistanceBetweenFilterComponent.h,2,0,2
/media/ullmann/HDDGabriel/engines/o3de/Code/Editor/EditorPreferencesPageExperimentalLighting.h,3,1,4
/media/ullmann/HDDGabriel/engines/o3de/Gems/PhysX/Code/Tests/PhysXScriptTest.cpp,0,3,3
/media/ullmann/HDDGabriel/engines/o3de/Code/Tools/LuaIDE/Source/LUA/LUAEditorContextInterface.h,5,0,5
/media/ullmann/HDDGabriel/engines/o3de/Gems/ScriptCanvas/Code/Include/ScriptCanvas/Grammar/PrimitivesExecution.cpp,0,2,2
/media/ullmann/HDDGabriel/engines/o3de/Gems/EMotionFX/Code/EMotionFX/Tools/EMotionStudio/Plugins/StandardPlugins/Source/ActionHistory/ActionHistoryPlugin.h,1,2,3
/media/ullmann/HDDGabriel/engines/o3de/Gems/AtomTressFX/External/Code/src/TressFX/TressFXSimulation.h,1,1,2
/media/ullmann/HDDGabriel/engines/o3de/Gems/AtomTressFX/External/Code/src/TressFX/TressFXCommon.h,5,0,5
/media/ullmann/HDDGabriel/engines/o3de/Code/Editor/Util/EditorUtils.cpp,0,1,1
/media/ullmann/HDDGabriel/engines/o3de/Code/Framework/AzCore/Tests/AZStd/String.cpp,0,1,1
/media/ullmann/HDDGabriel/engines/o3de/Code/Editor/Plugins/EditorAssetImporter/AssetImporterWindow.h,2,1,3
/media/ullmann/HDDGabriel/engines/o3de/Gems/ScriptCanvas/Code/Include/ScriptCanvas/Utils/BehaviorContextUtils.cpp,0,1,1
/media/ullmann/HDDGabriel/engines/o3de/Gems/ScriptCanvas/Code/Include/ScriptCanvas/Utils/BehaviorContextUtils.h,1,0,1
/media/ullmann/HDDGabriel/engines/o3de/Code/Framework/AzToolsFramework/AzToolsFramework/UI/UICore/SaveChangesDialog.cpp,0,1,1
/media/ullmann/HDDGabriel/engines/o3de/Code/Framework/AzToolsFramework/AzToolsFramework/UI/UICore/SaveChangesDialog.hxx,1,0,1
/media/ullmann/HDDGabriel/engines/o3de/Code/Editor/TrackView/TVSequenceProps.cpp,0,3,3
/media/ullmann/HDDGabriel/engines/o3de/Code/Editor/TrackView/TrackViewSequenceManager.h,8,1,9
/media/ullmann/HDDGabriel/engines/o3de/Gems/ScriptCanvas/Code/Include/ScriptCanvas/Debugger/Debugger.h,1,4,5
/media/ullmann/HDDGabriel/engines/o3de/Gems/ScriptCanvas/Code/Include/ScriptCanvas/Debugger/Messages/Notify.h,3,0,3
/media/ullmann/HDDGabriel/engines/o3de/Gems/Atom/Asset/ImageProcessingAtom/Code/Source/ImageBuilderComponent.cpp,0,8,8
/media/ullmann/HDDGabriel/engines/o3de/Gems/Atom/Asset/ImageProcessingAtom/Code/Source/BuilderSettings/BuilderSettingManager.h,3,0,3
/media/ullmann/HDDGabriel/engines/o3de/Gems/Multiplayer/Code/Source/Debug/MultiplayerDebugHierarchyReporter.h,2,0,2
/media/ullmann/HDDGabriel/engines/o3de/Code/Tools/ProjectManager/Source/PythonBindings.cpp,0,2,2
/media/ullmann/HDDGabriel/engines/o3de/Code/Tools/ProjectManager/Source/GemCatalog/GemFilterWidget.h,1,0,1
/media/ullmann/HDDGabriel/engines/o3de/Code/Framework/AzToolsFramework/AzToolsFramework/ToolsComponents/EditorAssetReference.cpp,0,1,1
/media/ullmann/HDDGabriel/engines/o3de/Code/Framework/AzToolsFramework/AzToolsFramework/ToolsComponents/EditorAssetReference.h,1,0,1
/media/ullmann/HDDGabriel/engines/o3de/Code/Editor/LogFile.h,4,0,4
/media/ullmann/HDDGabriel/engines/o3de/Gems/FastNoise/Code/Source/FastNoiseSystemComponent.cpp,0,1,1
/media/ullmann/HDDGabriel/engines/o3de/Gems/FastNoise/Code/Source/FastNoiseSystemComponent.h,3,0,3
/media/ullmann/HDDGabriel/engines/o3de/Code/Editor/SettingsManager.h,3,0,3
/media/ullmann/HDDGabriel/engines/o3de/Gems/EMotionFX/Code/EMotionFX/CommandSystem/Source/ImporterCommands.cpp,0,2,2
/media/ullmann/HDDGabriel/engines/o3de/Code/Framework/AzQtComponents/AzQtComponents/Gallery/LineEditPage.cpp,0,1,1
/media/ullmann/HDDGabriel/engines/o3de/Code/Framework/AzQtComponents/AzQtComponents/Gallery/LineEditPage.h,2,0,2
/media/ullmann/HDDGabriel/engines/o3de/Gems/AtomLyIntegration/EditorModeFeedback/Code/Source/EditorModeFeedbackFeatureProcessor.h,2,2,4
/media/ullmann/HDDGabriel/engines/o3de/Gems/AtomLyIntegration/EditorModeFeedback/Code/Source/Draw/EditorStateMaskRenderer.h,1,0,1
/media/ullmann/HDDGabriel/engines/o3de/Code/Framework/AzQtComponents/AzQtComponents/Gallery/TypographyPage.h,2,0,2
/media/ullmann/HDDGabriel/engines/o3de/Gems/ScriptCanvas/Code/Include/ScriptCanvas/Libraries/Operators/Math/OperatorMul.cpp,0,1,1
/media/ullmann/HDDGabriel/engines/o3de/Gems/ScriptCanvas/Code/Include/ScriptCanvas/Libraries/Operators/Math/OperatorMul.h,1,1,2
/media/ullmann/HDDGabriel/engines/o3de/Gems/Atom/Feature/Common/Code/Source/PostProcessing/DepthOfFieldBokehBlurPass.h,1,0,1
/media/ullmann/HDDGabriel/engines/o3de/Code/Tools/LuaIDE/Source/LUA/LUAEditorSettingsDialog.cpp,0,4,4
/media/ullmann/HDDGabriel/engines/o3de/Gems/AtomLyIntegration/CommonFeatures/Code/Source/Material/EditorMaterialComponent.h,1,0,1
/media/ullmann/HDDGabriel/engines/o3de/Gems/Atom/Feature/Common/Code/Source/Platform/iOS/Atom_Feature_Traits_Platform.h,0,1,1
/media/ullmann/HDDGabriel/engines/o3de/Gems/Atom/Feature/Common/Code/Source/Platform/iOS/Atom_Feature_Traits_iOS.h,1,0,1
/media/ullmann/HDDGabriel/engines/o3de/Code/Tools/CrashHandler/Tools/ToolsCrashHandler_win.cpp,0,1,1
/media/ullmann/HDDGabriel/engines/o3de/Code/Tools/CrashHandler/Tools/ToolsCrashHandler.h,3,0,3
/media/ullmann/HDDGabriel/engines/o3de/Gems/LyShine/Code/Source/UiRenderer.h,5,0,5
/media/ullmann/HDDGabriel/engines/o3de/Gems/AudioEngineWwise/Code/Source/Engine/AudioSystemImpl_wwise.h,1,2,3
/media/ullmann/HDDGabriel/engines/o3de/Gems/AudioEngineWwise/Code/Source/Engine/FileIOHandler_wwise.h,3,0,3
/media/ullmann/HDDGabriel/engines/o3de/Code/Editor/Objects/LineGizmo.cpp,0,3,3
/media/ullmann/HDDGabriel/engines/o3de/Gems/AtomTressFX/External/Code/src/TressFX/TressFXLayouts.cpp,0,1,1
/media/ullmann/HDDGabriel/engines/o3de/Gems/SliceFavorites/Code/Source/SliceFavoritesSystemComponent.cpp,0,2,2
/media/ullmann/HDDGabriel/engines/o3de/Gems/SliceFavorites/Code/Source/SliceFavoritesSystemComponent.h,2,1,3
/media/ullmann/HDDGabriel/engines/o3de/Gems/LyShine/Code/Editor/PropertyHandlerSprite.cpp,0,3,3
/media/ullmann/HDDGabriel/engines/o3de/Code/Legacy/CryCommon/PNoise3.h,0,1,1
/media/ullmann/HDDGabriel/engines/o3de/Code/Tools/SerializeContextTools/Dumper.cpp,0,3,3
/media/ullmann/HDDGabriel/engines/o3de/Code/Tools/SerializeContextTools/Dumper.h,2,0,2
/media/ullmann/HDDGabriel/engines/o3de/Gems/EMotionFX/Code/EMotionFX/CommandSystem/Source/SelectionCommands.h,1,3,4
/media/ullmann/HDDGabriel/engines/o3de/Code/Framework/AzFramework/Tests/AssetProcessorConnection.cpp,0,1,1
/media/ullmann/HDDGabriel/engines/o3de/Code/Tools/AssetProcessor/native/AssetManager/assetScanFolderInfo.h,2,0,2
/media/ullmann/HDDGabriel/engines/o3de/Gems/EMotionFX/Code/EMotionFX/Source/BlendTreeRangeRemapperNode.cpp,0,1,1
/media/ullmann/HDDGabriel/engines/o3de/Gems/Compression/Code/Source/Clients/CompressionModule.cpp,0,2,2
/media/ullmann/HDDGabriel/engines/o3de/Gems/ImGui/Code/Source/ImGuiGem.h,1,2,3
/media/ullmann/HDDGabriel/engines/o3de/Code/Framework/AzQtComponents/AzQtComponents/Gallery/SpinBoxPage.cpp,0,1,1
/media/ullmann/HDDGabriel/engines/o3de/Gems/ScriptCanvas/Code/Include/ScriptCanvas/Translation/Configuration.h,2,1,3
/media/ullmann/HDDGabriel/engines/o3de/Code/Editor/Export/OBJExporter.cpp,0,1,1
/media/ullmann/HDDGabriel/engines/o3de/Code/Editor/Export/OBJExporter.h,2,0,2
/media/ullmann/HDDGabriel/engines/o3de/Code/Editor/EditorPreferencesPageExperimentalLighting.cpp,0,3,3
/media/ullmann/HDDGabriel/engines/o3de/Code/Framework/AzCore/Tests/ScriptMath.cpp,0,1,1
/media/ullmann/HDDGabriel/engines/o3de/Code/Framework/AzCore/Tests/Math/MathTest.h,1,0,1
/media/ullmann/HDDGabriel/engines/o3de/Gems/LyShine/Code/Source/World/UiCanvasOnMeshComponent.cpp,0,1,1
/media/ullmann/HDDGabriel/engines/o3de/Gems/LyShine/Code/Source/World/UiCanvasOnMeshComponent.h,3,0,3
/media/ullmann/HDDGabriel/engines/o3de/Gems/ScriptCanvas/Code/Include/ScriptCanvas/Translation/GraphToLuaUtility.h,1,2,3
/media/ullmann/HDDGabriel/engines/o3de/Code/Legacy/CryCommon/IRenderAuxGeom.h,0,4,4
/media/ullmann/HDDGabriel/engines/o3de/Gems/Maestro/Code/Source/Cinematics/SoundTrack.cpp,0,1,1
/media/ullmann/HDDGabriel/engines/o3de/Gems/Maestro/Code/Source/Cinematics/SoundTrack.h,3,1,4
/media/ullmann/HDDGabriel/engines/o3de/Code/Framework/AzToolsFramework/AzToolsFramework/API/EditorCameraBus.cpp,0,1,1
/media/ullmann/HDDGabriel/engines/o3de/Code/Framework/AzToolsFramework/AzToolsFramework/API/EditorCameraBus.h,1,0,1
/media/ullmann/HDDGabriel/engines/o3de/Code/Legacy/CrySystem/XML/XMLBinaryNode.cpp,0,1,1
/media/ullmann/HDDGabriel/engines/o3de/Code/Legacy/CrySystem/XML/XMLBinaryNode.h,2,0,2
/media/ullmann/HDDGabriel/engines/o3de/Gems/LmbrCentral/Code/Tests/AxisAlignedBoxShapeTest.cpp,0,1,1
/media/ullmann/HDDGabriel/engines/o3de/Gems/LocalUser/Code/Source/LocalUserModule.cpp,0,1,1
/media/ullmann/HDDGabriel/engines/o3de/Gems/Atom/Asset/ImageProcessingAtom/Code/Source/Editor/MipmapSettingWidget.cpp,0,1,1
/media/ullmann/HDDGabriel/engines/o3de/Gems/Atom/Asset/ImageProcessingAtom/Code/Source/Editor/MipmapSettingWidget.h,1,0,1
/media/ullmann/HDDGabriel/engines/o3de/Gems/RecastNavigation/Code/Source/EditorComponents/EditorDetourNavigationComponent.h,2,0,2
/media/ullmann/HDDGabriel/engines/o3de/Gems/EMotionFX/Code/EMotionFX/CommandSystem/Source/SelectionList.h,3,1,4
/media/ullmann/HDDGabriel/engines/o3de/Code/Editor/QuickAccessBar.h,2,0,2
/media/ullmann/HDDGabriel/engines/o3de/Code/Editor/Plugins/ComponentEntityEditorPlugin/UI/Outliner/OutlinerWidget.cpp,0,4,4
/media/ullmann/HDDGabriel/engines/o3de/Gems/Maestro/Code/Source/Cinematics/LookAtTrack.h,2,1,3
/media/ullmann/HDDGabriel/engines/o3de/Code/Tools/ProjectManager/Source/GemCatalog/GemDependenciesDialog.h,1,0,1
/media/ullmann/HDDGabriel/engines/o3de/Gems/LyShine/Code/Editor/HierarchyHeader.h,1,0,1
/media/ullmann/HDDGabriel/engines/o3de/Gems/Maestro/Code/Source/Cinematics/AssetBlendTrack.cpp,0,1,1
/media/ullmann/HDDGabriel/engines/o3de/Gems/ScriptCanvas/Code/Editor/View/Widgets/NodePalette/EBusNodePaletteTreeItemTypes.cpp,0,1,1
/media/ullmann/HDDGabriel/engines/o3de/Gems/ScriptCanvas/Code/Editor/View/Widgets/NodePalette/EBusNodePaletteTreeItemTypes.h,1,1,2
/media/ullmann/HDDGabriel/engines/o3de/Gems/RemoteTools/Code/Source/RemoteToolsModuleInterface.h,1,1,2
/media/ullmann/HDDGabriel/engines/o3de/Code/Editor/PreferencesStdPages.h,2,1,3
/media/ullmann/HDDGabriel/engines/o3de/Gems/LyShine/Code/Editor/CommandHierarchyItemRename.h,1,0,1
/media/ullmann/HDDGabriel/engines/o3de/Gems/GradientSignal/Code/Source/Editor/EditorGradientSurfaceDataComponent.cpp,0,1,1
/media/ullmann/HDDGabriel/engines/o3de/Gems/GradientSignal/Code/Source/Editor/EditorGradientSurfaceDataComponent.h,2,0,2
/media/ullmann/HDDGabriel/engines/o3de/Code/Tools/AssetProcessor/native/ui/MainWindow.cpp,0,15,15
/media/ullmann/HDDGabriel/engines/o3de/Code/Tools/AssetProcessor/native/resourcecompiler/RCJobSortFilterProxyModel.h,1,0,1
/media/ullmann/HDDGabriel/engines/o3de/Code/Framework/AzFramework/AzFramework/Viewport/CameraInput.cpp,0,1,1
/media/ullmann/HDDGabriel/engines/o3de/Code/Framework/AzFramework/AzFramework/Viewport/CameraInput.h,1,0,1
/media/ullmann/HDDGabriel/engines/o3de/Code/Framework/AzCore/AzCore/Statistics/StatisticsManager.h,0,1,1
/media/ullmann/HDDGabriel/engines/o3de/Gems/AudioSystem/Code/Source/Editor/QATLControlsTreeModel.cpp,0,5,5
/media/ullmann/HDDGabriel/engines/o3de/Code/Framework/AzQtComponents/AzQtComponents/Gallery/ToolBarPage.cpp,0,1,1
/media/ullmann/HDDGabriel/engines/o3de/Code/Framework/AzQtComponents/AzQtComponents/Gallery/ToolBarPage.h,2,0,2
/media/ullmann/HDDGabriel/engines/o3de/Gems/AtomLyIntegration/CommonFeatures/Code/Source/Material/MaterialComponent.h,1,0,1
/media/ullmann/HDDGabriel/engines/o3de/Gems/EMotionFX/Code/EMotionFX/Source/SoftSkinDeformer.h,3,2,5
/media/ullmann/HDDGabriel/engines/o3de/Gems/EMotionFX/Code/MCore/Source/BoundingSphere.h,1,2,3
/media/ullmann/HDDGabriel/engines/o3de/Gems/ScriptCanvas/Code/Include/ScriptCanvas/Debugger/API.cpp,0,1,1
/media/ullmann/HDDGabriel/engines/o3de/Gems/ScriptCanvas/Code/Include/ScriptCanvas/Debugger/API.h,1,0,1
/media/ullmann/HDDGabriel/engines/o3de/Gems/ScriptCanvas/Code/Editor/View/Widgets/NodePalette/VariableNodePaletteTreeItemTypes.h,1,1,2
/media/ullmann/HDDGabriel/engines/o3de/Code/Tools/ProjectManager/Source/ProjectUtils.cpp,0,3,3
/media/ullmann/HDDGabriel/engines/o3de/Gems/EMotionFX/Code/EMotionFX/Tools/EMotionStudio/Plugins/StandardPlugins/Source/TimeView/TimeInfoWidget.h,4,1,5
/media/ullmann/HDDGabriel/engines/o3de/Gems/ScriptCanvas/Code/Include/ScriptCanvas/Core/SubgraphInterfaceUtility.cpp,0,1,1
/media/ullmann/HDDGabriel/engines/o3de/Gems/ScriptCanvas/Code/Include/ScriptCanvas/Core/SubgraphInterfaceUtility.h,3,1,4
/media/ullmann/HDDGabriel/engines/o3de/Code/Framework/AzToolsFramework/AzToolsFramework/ViewportSelection/EditorTransformComponentSelection.cpp,0,1,1
/media/ullmann/HDDGabriel/engines/o3de/Code/Framework/AzToolsFramework/AzToolsFramework/ViewportSelection/EditorTransformComponentSelection.h,1,0,1
/media/ullmann/HDDGabriel/engines/o3de/Gems/LyShine/Code/Editor/ViewportNudge.h,3,0,3
/media/ullmann/HDDGabriel/engines/o3de/Code/Editor/EditorPreferencesPageAWS.cpp,0,2,2
/media/ullmann/HDDGabriel/engines/o3de/Gems/LyShine/Code/Tests/UiDynamicScrollBoxComponentTest.cpp,0,2,2
/media/ullmann/HDDGabriel/engines/o3de/Gems/LyShine/Code/Tests/LyShineTest.h,7,0,7
/media/ullmann/HDDGabriel/engines/o3de/Gems/Meshlets/Code/Source/MeshletsEditorSystemComponent.cpp,0,1,1
/media/ullmann/HDDGabriel/engines/o3de/Gems/Meshlets/Code/Source/MeshletsEditorSystemComponent.h,2,1,3
/media/ullmann/HDDGabriel/engines/o3de/Gems/EMotionFX/Code/EMotionFX/Source/EventData.cpp,0,1,1
/media/ullmann/HDDGabriel/engines/o3de/Gems/ScriptCanvas/Code/Include/ScriptCanvas/Libraries/Math/Matrix4x4.cpp,0,1,1
/media/ullmann/HDDGabriel/engines/o3de/Gems/ScriptCanvas/Code/Include/ScriptCanvas/Libraries/Math/Matrix4x4.h,1,0,1
/media/ullmann/HDDGabriel/engines/o3de/Gems/LyShine/Code/Editor/Animation/UiAnimViewNodes.h,2,2,4
/media/ullmann/HDDGabriel/engines/o3de/Code/Legacy/CryCommon/Cry_Vector3.h,3,1,4
/media/ullmann/HDDGabriel/engines/o3de/Gems/LyShine/Code/Editor/UiEditorEntityContext.h,2,1,3
/media/ullmann/HDDGabriel/engines/o3de/Gems/LyShine/Code/Source/Script/UiCanvasLuaBus.h,2,0,2
/media/ullmann/HDDGabriel/engines/o3de/Code/Tools/AssetProcessor/native/resourcecompiler/RCQueueSortModel.cpp,0,1,1
/media/ullmann/HDDGabriel/engines/o3de/Gems/EMotionFX/Code/EMotionFX/Source/BlendTreeVector3Math2Node.cpp,0,1,1
/media/ullmann/HDDGabriel/engines/o3de/Gems/AWSGameLift/Code/AWSGameLiftClient/Tests/AWSGameLiftClientLocalTicketTrackerTest.cpp,0,2,2
/media/ullmann/HDDGabriel/engines/o3de/Gems/AWSGameLift/Code/AWSGameLiftClient/Tests/AWSGameLiftClientMocks.h,2,0,2
/media/ullmann/HDDGabriel/engines/o3de/Gems/MessagePopup/Code/Source/MessagePopupModule.cpp,0,2,2
/media/ullmann/HDDGabriel/engines/o3de/Code/Editor/TrackViewNewSequenceDialog.cpp,0,3,3
/media/ullmann/HDDGabriel/engines/o3de/Gems/LyShine/Code/Source/UiTextInputComponent.h,4,1,5
/media/ullmann/HDDGabriel/engines/o3de/Gems/AtomLyIntegration/CommonFeatures/Code/Source/CubeMapCapture/CubeMapCaptureComponent.h,1,0,1
/media/ullmann/HDDGabriel/engines/o3de/Gems/AudioSystem/Code/Source/Editor/QSimpleAudioControlListWidget.h,1,2,3
/media/ullmann/HDDGabriel/engines/o3de/Code/Editor/DisplaySettingsPythonFuncs.cpp,0,3,3
/media/ullmann/HDDGabriel/engines/o3de/Code/Editor/DisplaySettingsPythonFuncs.h,2,0,2
/media/ullmann/HDDGabriel/engines/o3de/Gems/AtomLyIntegration/CommonFeatures/Code/Source/Animation/AttachmentComponent.h,3,0,3
/media/ullmann/HDDGabriel/engines/o3de/Gems/ScriptCanvas/Code/Include/ScriptCanvas/Libraries/Operators/Math/OperatorDiv.cpp,0,1,1
/media/ullmann/HDDGabriel/engines/o3de/Gems/ScriptCanvas/Code/Include/ScriptCanvas/Libraries/Operators/Math/OperatorDiv.h,1,1,2
/media/ullmann/HDDGabriel/engines/o3de/Code/Legacy/CryCommon/IRenderer.h,1,1,2
/media/ullmann/HDDGabriel/engines/o3de/Code/Legacy/CrySystem/LocalizedStringManager.cpp,0,3,3
/media/ullmann/HDDGabriel/engines/o3de/Gems/LmbrCentral/Code/Source/Audio/AudioSystemComponent.h,1,0,1
/media/ullmann/HDDGabriel/engines/o3de/Gems/EMotionFX/Code/Editor/Platform/Mac/EMotionFX_Traits_Platform.h,0,1,1
/media/ullmann/HDDGabriel/engines/o3de/Gems/EMotionFX/Code/Editor/Platform/Mac/EMotionFX_Traits_Mac.h,1,0,1
/media/ullmann/HDDGabriel/engines/o3de/Code/Tools/AssetProcessor/native/ui/ProductDependencyTreeItemData.h,1,0,1
/media/ullmann/HDDGabriel/engines/o3de/Gems/LyShine/Code/Source/UiFlipbookAnimationComponent.h,4,1,5
/media/ullmann/HDDGabriel/engines/o3de/Gems/WhiteBox/Code/Source/Asset/EditorWhiteBoxMeshAsset.h,2,0,2
/media/ullmann/HDDGabriel/engines/o3de/Gems/LyShine/Code/Editor/PropertyHandlerUiParticleFloatKeyframe.cpp,0,2,2
/media/ullmann/HDDGabriel/engines/o3de/Code/Tools/TestImpactFramework/Runtime/Common/Code/Source/Platform/Windows/Process/TestImpactWin32_Pipe.cpp,0,1,1
/media/ullmann/HDDGabriel/engines/o3de/Code/Tools/TestImpactFramework/Runtime/Common/Code/Source/Platform/Windows/Process/TestImpactWin32_Pipe.h,2,1,3
/media/ullmann/HDDGabriel/engines/o3de/Gems/EMotionFX/Code/MCore/Source/MemoryObject.h,1,2,3
/media/ullmann/HDDGabriel/engines/o3de/Gems/AtomLyIntegration/CommonFeatures/Code/Source/PostProcess/EditorPostFxSystemComponent.h,1,0,1
/media/ullmann/HDDGabriel/engines/o3de/Gems/LmbrCentral/Code/Source/Shape/EditorCompoundShapeComponent.cpp,0,2,2
/media/ullmann/HDDGabriel/engines/o3de/Gems/EMotionFX/Code/EMotionFX/Source/AnimGraphPlayTimeCondition.h,1,0,1
/media/ullmann/HDDGabriel/engines/o3de/Code/Editor/TrackView/TrackViewSplineCtrl.cpp,0,1,1
/media/ullmann/HDDGabriel/engines/o3de/Code/Editor/TrackView/TrackViewSplineCtrl.h,2,0,2
/media/ullmann/HDDGabriel/engines/o3de/Code/Legacy/CryCommon/IGem.h,0,3,3
/media/ullmann/HDDGabriel/engines/o3de/Gems/AudioSystem/Code/Platform/Mac/AudioSystem_Traits_Platform.h,0,1,1
/media/ullmann/HDDGabriel/engines/o3de/Gems/AudioSystem/Code/Platform/Mac/AudioSystem_Traits_Mac.h,1,0,1
/media/ullmann/HDDGabriel/engines/o3de/Code/Tools/ProjectManager/Source/Application.h,2,3,5
/media/ullmann/HDDGabriel/engines/o3de/Code/Framework/AzQtComponents/AzQtComponents/Gallery/ComboBoxPage.cpp,0,1,1
/media/ullmann/HDDGabriel/engines/o3de/Code/Framework/AzQtComponents/AzQtComponents/Gallery/ComboBoxPage.h,2,0,2
/media/ullmann/HDDGabriel/engines/o3de/Gems/Compression/Code/Source/Clients/DecompressionFactoryImpl.cpp,0,1,1
/media/ullmann/HDDGabriel/engines/o3de/Gems/Compression/Code/Source/Clients/DecompressionFactoryImpl.h,2,0,2
/media/ullmann/HDDGabriel/engines/o3de/Gems/GraphCanvas/Code/Source/Components/NodePropertyDisplays/StringNodePropertyDisplay.h,1,0,1
/media/ullmann/HDDGabriel/engines/o3de/Gems/LyShine/Code/Source/UiTextInputComponent.cpp,0,6,6
/media/ullmann/HDDGabriel/engines/o3de/Gems/EMotionFX/Code/EMotionFX/Tools/EMotionStudio/Plugins/StandardPlugins/Source/MorphTargetsWindow/MorphTargetGroupWidget.cpp,0,1,1
/media/ullmann/HDDGabriel/engines/o3de/Gems/EMotionFX/Code/EMotionFX/Tools/EMotionStudio/Plugins/StandardPlugins/Source/MorphTargetsWindow/MorphTargetGroupWidget.h,2,2,4
/media/ullmann/HDDGabriel/engines/o3de/Gems/StartingPointCamera/Code/Source/StartingPointCameraGem.cpp,0,10,10
/media/ullmann/HDDGabriel/engines/o3de/Gems/SaveData/Code/Source/SaveDataSystemComponent.cpp,0,1,1
/media/ullmann/HDDGabriel/engines/o3de/Gems/SaveData/Code/Source/SaveDataSystemComponent.h,2,0,2
/media/ullmann/HDDGabriel/engines/o3de/Code/Framework/AzCore/Tests/AZStd/Invoke.cpp,0,1,1
/media/ullmann/HDDGabriel/engines/o3de/Code/Editor/ToolbarCustomizationDialog.cpp,0,3,3
/media/ullmann/HDDGabriel/engines/o3de/Gems/AtomLyIntegration/EditorModeFeedback/Code/Source/Pass/EditorStatePassSystem.h,1,0,1
/media/ullmann/HDDGabriel/engines/o3de/Code/Editor/Util/AbstractSortModel.h,2,0,2
/media/ullmann/HDDGabriel/engines/o3de/Gems/Blast/Code/Tests/ActorRenderManagerTest.cpp,0,1,1
/media/ullmann/HDDGabriel/engines/o3de/Gems/EMotionFX/Code/EMotionFX/Source/AttachmentNode.h,2,2,4
/media/ullmann/HDDGabriel/engines/o3de/Gems/Terrain/Code/Tests/TerrainMacroMaterialTests.cpp,0,1,1
/media/ullmann/HDDGabriel/engines/o3de/Code/Framework/AzToolsFramework/AzToolsFramework/UI/PropertyEditor/PropertyStringComboBoxCtrl.cpp,0,3,3
/media/ullmann/HDDGabriel/engines/o3de/Code/Framework/AzToolsFramework/AzToolsFramework/UI/PropertyEditor/DHQComboBox.hxx,4,0,4
/media/ullmann/HDDGabriel/engines/o3de/Gems/LmbrCentral/Code/Tests/DiskShapeTest.cpp,0,1,1
/media/ullmann/HDDGabriel/engines/o3de/Code/Editor/LevelFileDialog.cpp,0,4,4
/media/ullmann/HDDGabriel/engines/o3de/Code/Tools/AssetProcessor/AssetBuilder/AssetBuilderComponent.h,3,1,4
/media/ullmann/HDDGabriel/engines/o3de/Gems/StartingPointCamera/Code/Source/CameraTransformBehaviors/FollowTargetFromDistance.cpp,0,1,1
/media/ullmann/HDDGabriel/engines/o3de/Gems/StartingPointCamera/Code/Source/CameraTransformBehaviors/FollowTargetFromDistance.h,2,0,2
/media/ullmann/HDDGabriel/engines/o3de/Gems/LmbrCentral/Code/Source/Unhandled/UI/UICanvasAssetTypeInfo.cpp,0,1,1
/media/ullmann/HDDGabriel/engines/o3de/Gems/LmbrCentral/Code/Source/Unhandled/UI/UICanvasAssetTypeInfo.h,2,0,2
/media/ullmann/HDDGabriel/engines/o3de/Gems/RecastNavigation/Code/Source/Components/RecastNavigationMeshComponent.cpp,0,1,1
/media/ullmann/HDDGabriel/engines/o3de/Gems/RecastNavigation/Code/Source/Components/RecastNavigationMeshComponent.h,2,0,2
/media/ullmann/HDDGabriel/engines/o3de/Code/Editor/Plugins/ComponentEntityEditorPlugin/UI/QComponentEntityEditorMainWindow.h,2,0,2
/media/ullmann/HDDGabriel/engines/o3de/Gems/Camera/Code/Source/CameraComponent.h,4,1,5
/media/ullmann/HDDGabriel/engines/o3de/Gems/LyShine/Code/Editor/Animation/UiAnimViewDopeSheetBase.h,4,3,7
/media/ullmann/HDDGabriel/engines/o3de/Gems/LyShine/Code/Source/UiLayoutRowComponent.cpp,0,2,2
/media/ullmann/HDDGabriel/engines/o3de/Gems/LyShine/Code/Source/UiNavigationSettings.cpp,0,1,1
/media/ullmann/HDDGabriel/engines/o3de/Gems/Atom/Feature/Common/Code/Source/AuxGeom/AuxGeomFeatureProcessor.cpp,0,3,3
/media/ullmann/HDDGabriel/engines/o3de/Gems/LyShine/Code/Editor/Animation/Controls/UiSplineCtrlEx.cpp,0,1,1
/media/ullmann/HDDGabriel/engines/o3de/Gems/EMotionFX/Code/EMotionFX/Source/KeyFrame.inl,1,0,1
/media/ullmann/HDDGabriel/engines/o3de/Gems/Vegetation/Code/Source/InstanceSystemComponent.h,2,0,2
/media/ullmann/HDDGabriel/engines/o3de/Gems/EMotionFX/Code/EMotionFX/Source/AnimGraphRefCountedDataPool.cpp,0,1,1
/media/ullmann/HDDGabriel/engines/o3de/Gems/EMotionFX/Code/EMotionFX/Source/AnimGraphRefCountedDataPool.h,2,2,4
/media/ullmann/HDDGabriel/engines/o3de/Gems/LyShine/Code/Editor/ViewportMoveGuideInteraction.h,2,2,4
/media/ullmann/HDDGabriel/engines/o3de/Gems/LyShine/Code/Editor/PivotPresets.cpp,0,1,1
/media/ullmann/HDDGabriel/engines/o3de/Gems/LandscapeCanvas/Code/Source/Editor/Nodes/Areas/AreaBlenderNode.cpp,0,1,1
/media/ullmann/HDDGabriel/engines/o3de/Gems/LandscapeCanvas/Code/Source/Editor/Nodes/Areas/AreaBlenderNode.h,2,0,2
/media/ullmann/HDDGabriel/engines/o3de/Code/Editor/TrackView/TrackViewUndo.h,2,1,3
/media/ullmann/HDDGabriel/engines/o3de/Code/Editor/TrackView/TrackViewTrack.h,3,1,4
/media/ullmann/HDDGabriel/engines/o3de/Code/Tools/AssetProcessor/native/unittests/AssetProcessorManagerUnitTests.cpp,0,2,2
/media/ullmann/HDDGabriel/engines/o3de/Code/Tools/AssetProcessor/native/unittests/AssetProcessorManagerUnitTests.h,1,1,2
/media/ullmann/HDDGabriel/engines/o3de/Code/Framework/AzToolsFramework/AzToolsFramework/UI/PropertyEditor/PropertyDoubleSliderCtrl.hxx,1,1,2
/media/ullmann/HDDGabriel/engines/o3de/Gems/LyShine/Code/Editor/HierarchyHelpers.cpp,0,1,1
/media/ullmann/HDDGabriel/engines/o3de/Code/Tools/LuaIDE/Source/LUA/LUAEditorStyleMessages.cpp,0,2,2
/media/ullmann/HDDGabriel/engines/o3de/Code/Tools/LuaIDE/Source/LUA/LUAEditorViewMessages.h,4,0,4
/media/ullmann/HDDGabriel/engines/o3de/Gems/EMotionFX/Code/Source/Editor/PropertyWidgets/BlendNParamWeightsHandler.cpp,0,1,1
/media/ullmann/HDDGabriel/engines/o3de/Gems/EMotionFX/Code/Source/Editor/PropertyWidgets/BlendNParamWeightsHandler.h,1,0,1
/media/ullmann/HDDGabriel/engines/o3de/Gems/Maestro/Code/Source/Cinematics/AnimSplineTrack_Vec2Specialization.h,1,0,1
/media/ullmann/HDDGabriel/engines/o3de/Gems/GraphCanvas/Code/Source/GraphCanvas.h,2,2,4
/media/ullmann/HDDGabriel/engines/o3de/Gems/GraphCanvas/Code/Source/Translation/TranslationDatabase.h,1,0,1
/media/ullmann/HDDGabriel/engines/o3de/Gems/LyShine/Code/Editor/Animation/UiAnimViewFindDlg.h,2,0,2
/media/ullmann/HDDGabriel/engines/o3de/Gems/Maestro/Code/Source/Cinematics/AnimPostFXNode.cpp,0,4,4
/media/ullmann/HDDGabriel/engines/o3de/Gems/StartingPointCamera/Code/Source/CameraLookAtBehaviors/RotateCameraLookAt.cpp,0,1,1
/media/ullmann/HDDGabriel/engines/o3de/Gems/StartingPointCamera/Code/Source/CameraLookAtBehaviors/RotateCameraLookAt.h,2,0,2
/media/ullmann/HDDGabriel/engines/o3de/Code/Tools/TestImpactFramework/Frontend/Console/Python/Code/Source/TestImpactPythonRuntimeConfigurationFactory.h,2,0,2
/media/ullmann/HDDGabriel/engines/o3de/Gems/ScriptCanvas/Code/Include/ScriptCanvas/Libraries/Core/FunctionCallNodeIsOutOfDate.cpp,0,2,2
/media/ullmann/HDDGabriel/engines/o3de/Gems/ScriptCanvas/Code/Include/ScriptCanvas/Libraries/Core/FunctionCallNodeIsOutOfDate.h,2,0,2
/media/ullmann/HDDGabriel/engines/o3de/Code/Editor/QtUtilWin.h,0,1,1
/media/ullmann/HDDGabriel/engines/o3de/Gems/Stars/Code/Source/StarsFeatureProcessor.cpp,0,1,1
/media/ullmann/HDDGabriel/engines/o3de/Gems/Stars/Code/Source/StarsFeatureProcessor.h,4,0,4
/media/ullmann/HDDGabriel/engines/o3de/Gems/DiffuseProbeGrid/Code/Source/Platform/Android/DiffuseProbeGrid_Traits_Platform.h,0,1,1
/media/ullmann/HDDGabriel/engines/o3de/Gems/DiffuseProbeGrid/Code/Source/Platform/Android/DiffuseProbeGrid_Traits_Android.h,1,0,1
/media/ullmann/HDDGabriel/engines/o3de/Gems/GradientSignal/Code/Source/Editor/EditorSurfaceMaskGradientComponent.cpp,0,1,1
/media/ullmann/HDDGabriel/engines/o3de/Gems/GradientSignal/Code/Source/Editor/EditorSurfaceMaskGradientComponent.h,2,0,2
/media/ullmann/HDDGabriel/engines/o3de/Gems/PhysX/Code/Source/Platform/Mac/PhysX_Traits_Platform.h,0,1,1
/media/ullmann/HDDGabriel/engines/o3de/Gems/PhysX/Code/Source/Platform/Mac/PhysX_Traits_Mac.h,1,0,1
/media/ullmann/HDDGabriel/engines/o3de/Gems/ScriptCanvas/Code/Include/ScriptCanvas/Debugger/ClientTransceiver.h,1,2,3
/media/ullmann/HDDGabriel/engines/o3de/Gems/ScriptCanvas/Code/Include/ScriptCanvas/Debugger/Logger.h,2,1,3
/media/ullmann/HDDGabriel/engines/o3de/Gems/Terrain/Code/Tests/TerrainTest.cpp,0,1,1
/media/ullmann/HDDGabriel/engines/o3de/Gems/LmbrCentral/Code/Source/Shape/EditorBoxShapeComponent.cpp,0,4,4
/media/ullmann/HDDGabriel/engines/o3de/Gems/Atom/Asset/ImageProcessingAtom/Code/Source/Processing/ImagePreview.h,1,0,1
/media/ullmann/HDDGabriel/engines/o3de/Gems/EMotionFX/Code/MCore/Source/DiskFile.cpp,0,1,1
/media/ullmann/HDDGabriel/engines/o3de/Code/Tools/AssetProcessor/native/connection/connectionManager.cpp,0,2,2
/media/ullmann/HDDGabriel/engines/o3de/Code/Tools/AssetProcessor/native/connection/connection.h,3,0,3
/media/ullmann/HDDGabriel/engines/o3de/Gems/LandscapeCanvas/Code/Source/Editor/Nodes/AreaFilters/ShapeIntersectionFilterNode.h,2,0,2
/media/ullmann/HDDGabriel/engines/o3de/Gems/LyShine/Code/Editor/Animation/UiAnimUndo.cpp,0,2,2
/media/ullmann/HDDGabriel/engines/o3de/Code/Editor/Objects/Gizmo.cpp,0,1,1
/media/ullmann/HDDGabriel/engines/o3de/Gems/Microphone/Code/Source/SimpleDownsample.cpp,0,1,1
/media/ullmann/HDDGabriel/engines/o3de/Gems/Microphone/Code/Source/SimpleDownsample.h,1,0,1
/media/ullmann/HDDGabriel/engines/o3de/Gems/EMotionFX/Code/EMotionFX/CommandSystem/Source/AnimGraphConnectionCommands.h,4,2,6
/media/ullmann/HDDGabriel/engines/o3de/Gems/EMotionFX/Code/EMotionFX/Tools/EMotionStudio/Plugins/StandardPlugins/Source/MotionSetsWindow/MotionSetWindow.cpp,0,5,5
/media/ullmann/HDDGabriel/engines/o3de/Gems/ScriptCanvas/Code/Editor/View/Windows/ScriptCanvasContextMenus.cpp,0,1,1
/media/ullmann/HDDGabriel/engines/o3de/Gems/ScriptCanvas/Code/Editor/View/Windows/ScriptCanvasContextMenus.h,1,0,1
/media/ullmann/HDDGabriel/engines/o3de/Code/Framework/AzToolsFramework/AzToolsFramework/ToolsComponents/EditorLayerComponent.cpp,0,1,1
/media/ullmann/HDDGabriel/engines/o3de/Gems/Atom/Feature/Common/Code/Source/Material/MaterialConverterSystemComponent.cpp,0,1,1
/media/ullmann/HDDGabriel/engines/o3de/Gems/Atom/Feature/Common/Code/Source/Material/MaterialConverterSystemComponent.h,2,0,2
/media/ullmann/HDDGabriel/engines/o3de/Code/Editor/CryEditPy.cpp,0,7,7
/media/ullmann/HDDGabriel/engines/o3de/Gems/Atom/Asset/ImageProcessingAtom/External/CubeMapGen/CBBoxInt32.h,2,0,2
/media/ullmann/HDDGabriel/engines/o3de/Gems/MotionMatching/Code/Source/FeatureSchemaDefault.h,3,1,4
/media/ullmann/HDDGabriel/engines/o3de/Gems/AtomLyIntegration/CommonFeatures/Code/Source/Material/EditorMaterialSystemComponent.h,1,0,1
/media/ullmann/HDDGabriel/engines/o3de/Gems/ScriptCanvas/Code/Include/ScriptCanvas/Grammar/ExecutionTraversalListeners.h,2,2,4
/media/ullmann/HDDGabriel/engines/o3de/Code/Editor/TrackView/CommentNodeAnimator.cpp,0,1,1
/media/ullmann/HDDGabriel/engines/o3de/Gems/Maestro/Code/Source/Cinematics/AnimAZEntityNode.cpp,0,2,2
/media/ullmann/HDDGabriel/engines/o3de/Code/Framework/AzCore/Tests/AZStd/Bitset.cpp,0,1,1
/media/ullmann/HDDGabriel/engines/o3de/Gems/ScriptCanvasDeveloper/Code/Editor/Source/EditorAutomationTests/VariableTests.h,1,0,1
/media/ullmann/HDDGabriel/engines/o3de/Gems/LmbrCentral/Code/Source/Builders/LuaBuilder/LuaBuilderComponent.cpp,0,1,1
/media/ullmann/HDDGabriel/engines/o3de/Code/Editor/Controls/ReflectedPropertyControl/PropertyCtrl.h,2,0,2
/media/ullmann/HDDGabriel/engines/o3de/Code/Editor/Util/FileUtil.cpp,0,4,4
/media/ullmann/HDDGabriel/engines/o3de/Code/Framework/AzQtComponents/AzQtComponents/Gallery/GradientSliderPage.cpp,0,1,1
/media/ullmann/HDDGabriel/engines/o3de/Code/Framework/AzQtComponents/AzQtComponents/Gallery/GradientSliderPage.h,2,0,2
/media/ullmann/HDDGabriel/engines/o3de/Gems/Atom/Asset/ImageProcessingAtom/Code/Source/Editor/TexturePresetSelectionWidget.cpp,0,1,1
/media/ullmann/HDDGabriel/engines/o3de/Gems/Atom/Asset/ImageProcessingAtom/Code/Source/Editor/TexturePresetSelectionWidget.h,1,0,1
/media/ullmann/HDDGabriel/engines/o3de/Code/Editor/EditorViewportSettings.cpp,0,1,1
/media/ullmann/HDDGabriel/engines/o3de/Gems/AWSClientAuth/Code/Source/AWSClientAuthResourceMappingConstants.h,1,0,1
/media/ullmann/HDDGabriel/engines/o3de/Gems/NvCloth/Code/Tests/TriangleInputHelper.cpp,0,1,1
/media/ullmann/HDDGabriel/engines/o3de/Gems/NvCloth/Code/Tests/TriangleInputHelper.h,3,0,3
/media/ullmann/HDDGabriel/engines/o3de/Gems/LyShine/Code/Source/UiCanvasManager.cpp,0,5,5
/media/ullmann/HDDGabriel/engines/o3de/Gems/VirtualGamepad/Code/Source/VirtualGamepadButtonRequestBus.h,2,0,2
/media/ullmann/HDDGabriel/engines/o3de/Gems/EMotionFX/Code/EMotionFX/Source/AnimGraphBindPoseNode.cpp,0,6,6
/media/ullmann/HDDGabriel/engines/o3de/Gems/ScriptCanvas/Code/Editor/Utilities/RecentAssetPath.cpp,0,2,2
/media/ullmann/HDDGabriel/engines/o3de/Gems/ScriptCanvas/Code/Editor/Utilities/RecentAssetPath.h,1,0,1
/media/ullmann/HDDGabriel/engines/o3de/Code/Editor/Plugins/EditorAssetImporter/SceneSerializationHandler.cpp,0,1,1
/media/ullmann/HDDGabriel/engines/o3de/Code/Editor/Plugins/EditorAssetImporter/SceneSerializationHandler.h,2,0,2
/media/ullmann/HDDGabriel/engines/o3de/Gems/LmbrCentral/Code/Source/Unhandled/Other/EntityPrototypeLibraryAssetTypeInfo.cpp,0,1,1
/media/ullmann/HDDGabriel/engines/o3de/Gems/LmbrCentral/Code/Source/Unhandled/Other/EntityPrototypeLibraryAssetTypeInfo.h,2,0,2
/media/ullmann/HDDGabriel/engines/o3de/Gems/AudioSystem/Code/Source/AudioSystemGemSystemComponent.cpp,0,1,1
/media/ullmann/HDDGabriel/engines/o3de/Gems/AudioSystem/Code/Source/AudioSystemGemSystemComponent.h,2,0,2
/media/ullmann/HDDGabriel/engines/o3de/Gems/EMotionFX/Code/EMotionFX/Tools/EMotionStudio/EMStudioSDK/Source/NotificationWindowManager.cpp,0,3,3
/media/ullmann/HDDGabriel/engines/o3de/Gems/EMotionFX/Code/EMotionFX/Source/MeshDeformer.cpp,0,1,1
/media/ullmann/HDDGabriel/engines/o3de/Gems/ScriptCanvas/Code/Include/ScriptCanvas/Core/NodeFunctionGeneric.h,0,2,2
/media/ullmann/HDDGabriel/engines/o3de/Gems/ScriptCanvas/Code/Include/ScriptCanvas/Core/Attributes.h,3,0,3
/media/ullmann/HDDGabriel/engines/o3de/Code/Framework/AzToolsFramework/AzToolsFramework/UI/Logging/StyledLogPanel.h,2,3,5
/media/ullmann/HDDGabriel/engines/o3de/Code/Framework/AzToolsFramework/AzToolsFramework/UI/Logging/LogPanel_Panel.h,5,0,5
/media/ullmann/HDDGabriel/engines/o3de/Gems/LandscapeCanvas/Code/Source/Editor/Nodes/Gradients/ConstantGradientNode.cpp,0,1,1
/media/ullmann/HDDGabriel/engines/o3de/Gems/LandscapeCanvas/Code/Source/Editor/Nodes/Gradients/ConstantGradientNode.h,2,0,2
/media/ullmann/HDDGabriel/engines/o3de/Gems/BarrierInput/Code/Source/BarrierInputMouse.cpp,0,1,1
/media/ullmann/HDDGabriel/engines/o3de/Gems/BarrierInput/Code/Source/BarrierInputMouse.h,2,0,2
/media/ullmann/HDDGabriel/engines/o3de/Gems/LandscapeCanvas/Code/Source/Editor/Nodes/AreaFilters/SlopeFilterNode.h,2,0,2
/media/ullmann/HDDGabriel/engines/o3de/Code/Tools/ProjectManager/Source/LinkWidget.cpp,0,3,3
/media/ullmann/HDDGabriel/engines/o3de/Gems/AWSGameLift/Code/AWSGameLiftServer/Tests/AWSGameLiftServerManagerTest.cpp,0,2,2
/media/ullmann/HDDGabriel/engines/o3de/Gems/LyShine/Code/Editor/EnterPreviewToolbar.h,1,0,1
/media/ullmann/HDDGabriel/engines/o3de/Gems/WhiteBox/Code/Source/Rendering/Atom/WhiteBoxAtomRenderMesh.cpp,0,1,1
/media/ullmann/HDDGabriel/engines/o3de/Gems/Atom/RPI/Code/Source/RPI.Builders/BuilderComponent.cpp,0,5,5
/media/ullmann/HDDGabriel/engines/o3de/Gems/Atom/RPI/Code/Source/RPI.Builders/Common/AnyAssetBuilder.h,1,0,1
/media/ullmann/HDDGabriel/engines/o3de/Code/Framework/AzToolsFramework/AzToolsFramework/UI/UICore/OverwritePromptDialog.cpp,0,1,1
/media/ullmann/HDDGabriel/engines/o3de/Code/Framework/AzToolsFramework/AzToolsFramework/UI/UICore/OverwritePromptDialog.hxx,1,0,1
/media/ullmann/HDDGabriel/engines/o3de/Code/Editor/EditorPreferencesPageAWS.h,3,1,4
/media/ullmann/HDDGabriel/engines/o3de/Gems/ScriptEvents/Code/Include/ScriptEvents/ScriptEventRegistration.cpp,0,3,3
/media/ullmann/HDDGabriel/engines/o3de/Code/Framework/AzToolsFramework/AzToolsFramework/UI/Logging/NewLogTabDialog.cpp,0,1,1
/media/ullmann/HDDGabriel/engines/o3de/Code/Framework/AzToolsFramework/AzToolsFramework/UI/Logging/NewLogTabDialog.h,3,0,3
/media/ullmann/HDDGabriel/engines/o3de/Code/Framework/AzQtComponents/AzQtComponents/Gallery/BreadCrumbsPage.cpp,0,1,1
/media/ullmann/HDDGabriel/engines/o3de/Gems/Atom/Feature/Common/Code/Include/Atom/Feature/SphericalHarmonics/SphericalHarmonicsUtility.h,0,1,1
/media/ullmann/HDDGabriel/engines/o3de/Gems/Atom/Feature/Common/Code/Include/Atom/Feature/SphericalHarmonics/SphericalHarmonicsUtility.inl,1,0,1
/media/ullmann/HDDGabriel/engines/o3de/Code/Editor/QuickAccessBar.cpp,0,6,6
/media/ullmann/HDDGabriel/engines/o3de/Code/Editor/Plugins/ProjectSettingsTool/PlatformSettings.h,2,3,5
/media/ullmann/HDDGabriel/engines/o3de/Gems/EMotionFX/Code/EMotionFX/Source/VertexAttributeLayerAbstractData.cpp,0,1,1
/media/ullmann/HDDGabriel/engines/o3de/Gems/EMotionFX/Code/EMotionFX/Tools/EMotionStudio/Plugins/StandardPlugins/Source/AnimGraph/ParameterEditor/ParameterEditorFactory.h,1,0,1
/media/ullmann/HDDGabriel/engines/o3de/Gems/PhysX/Code/Source/RigidBody.h,0,1,1
/media/ullmann/HDDGabriel/engines/o3de/Gems/PhysX/Code/Source/Utils.h,1,0,1
/media/ullmann/HDDGabriel/engines/o3de/Code/Framework/AzFramework/AzFramework/Asset/CustomAssetTypeComponent.cpp,0,1,1
/media/ullmann/HDDGabriel/engines/o3de/Code/Framework/AzFramework/AzFramework/Asset/CustomAssetTypeComponent.h,1,0,1
/media/ullmann/HDDGabriel/engines/o3de/Gems/PhysX/Code/Source/ShapeColliderComponent.h,2,1,3
/media/ullmann/HDDGabriel/engines/o3de/Gems/PhysX/Code/Source/BaseColliderComponent.h,4,0,4
/media/ullmann/HDDGabriel/engines/o3de/Code/Editor/EditorPreferencesTreeWidgetItemDelegate.h,2,0,2
/media/ullmann/HDDGabriel/engines/o3de/Gems/ScriptCanvas/Code/Include/ScriptCanvas/Execution/Interpreted/ExecutionInterpretedComponentAPI.cpp,0,4,4
/media/ullmann/HDDGabriel/engines/o3de/Gems/GradientSignal/Code/Source/Editor/EditorSurfaceSlopeGradientComponent.cpp,0,1,1
/media/ullmann/HDDGabriel/engines/o3de/Code/Tools/AssetProcessor/native/ui/SourceAssetDetailsPanel.h,1,1,2
/media/ullmann/HDDGabriel/engines/o3de/Gems/LyShine/Code/Editor/HierarchyMenu.h,1,1,2
/media/ullmann/HDDGabriel/engines/o3de/Gems/Terrain/Code/Tests/TerrainWorldRendererComponentTests.cpp,0,1,1
/media/ullmann/HDDGabriel/engines/o3de/Gems/Camera/Code/Source/CameraComponentConverter.cpp,0,3,3
/media/ullmann/HDDGabriel/engines/o3de/Gems/SliceFavorites/Code/Source/SliceFavoritesWidget.cpp,0,2,2
/media/ullmann/HDDGabriel/engines/o3de/Gems/SliceFavorites/Code/Source/FavoriteDataModel.h,4,0,4
/media/ullmann/HDDGabriel/engines/o3de/Gems/SurfaceData/Code/Source/Editor/EditorSurfaceDataSystemComponent.cpp,0,1,1
/media/ullmann/HDDGabriel/engines/o3de/Code/Legacy/CrySystem/XConsoleVariable.cpp,0,3,3
/media/ullmann/HDDGabriel/engines/o3de/Code/Framework/AzCore/Platform/Linux/AzCore/Socket/AzSocket_Platform.h,0,1,1
/media/ullmann/HDDGabriel/engines/o3de/Gems/Atom/Asset/Shader/Code/Tests/ShaderBuilderUtilityTests.cpp,0,1,1
/media/ullmann/HDDGabriel/engines/o3de/Gems/Atom/Asset/Shader/Code/Tests/Common/ShaderBuilderTestFixture.h,4,0,4
/media/ullmann/HDDGabriel/engines/o3de/Code/Framework/AzToolsFramework/AzToolsFramework/UI/Layer/AddToLayerMenu.cpp,0,1,1
/media/ullmann/HDDGabriel/engines/o3de/Code/Framework/AzToolsFramework/AzToolsFramework/UI/Layer/AddToLayerMenu.h,1,0,1
/media/ullmann/HDDGabriel/engines/o3de/Gems/Atom/Feature/Common/Code/Source/Decals/DecalTextureArrayFeatureProcessor.h,1,0,1
/media/ullmann/HDDGabriel/engines/o3de/Gems/AudioSystem/Code/Source/Editor/ATLControlsPanel.cpp,0,6,6
/media/ullmann/HDDGabriel/engines/o3de/Code/Tools/RemoteConsole/Platform/Windows/RemoteConsole_Traits_Platform.h,0,1,1
/media/ullmann/HDDGabriel/engines/o3de/Code/Tools/RemoteConsole/Platform/Windows/RemoteConsole_Traits_Windows.h,1,0,1
/media/ullmann/HDDGabriel/engines/o3de/Gems/Gestures/Code/Source/GesturesModule.cpp,0,1,1
/media/ullmann/HDDGabriel/engines/o3de/Gems/Atom/Feature/Common/Code/Source/PostProcessing/HDRColorGradingPass.h,1,0,1
/media/ullmann/HDDGabriel/engines/o3de/Gems/Gestures/Code/Source/InputDeviceGestures.cpp,0,1,1
/media/ullmann/HDDGabriel/engines/o3de/Code/Framework/AzCore/Tests/AZStd/ConcurrentAllocators.cpp,0,1,1
/media/ullmann/HDDGabriel/engines/o3de/Gems/LmbrCentral/Code/Source/Shape/CapsuleShape.cpp,0,1,1
/media/ullmann/HDDGabriel/engines/o3de/Gems/LyShine/Code/Source/UiDropTargetComponent.cpp,0,1,1
/media/ullmann/HDDGabriel/engines/o3de/Gems/CertificateManager/Code/Source/CertificateManagerGem.cpp,0,1,1
/media/ullmann/HDDGabriel/engines/o3de/Gems/CertificateManager/Code/Source/CertificateManagerGem.h,1,0,1
/media/ullmann/HDDGabriel/engines/o3de/Gems/EMotionFX/Code/EMotionFX/Source/AnimGraphStateMachine.h,8,0,8
/media/ullmann/HDDGabriel/engines/o3de/Code/Legacy/CrySystem/LevelSystem/LevelSystem.h,2,0,2
/media/ullmann/HDDGabriel/engines/o3de/Gems/Profiler/Code/Source/ImGuiTreemap.cpp,0,1,1
/media/ullmann/HDDGabriel/engines/o3de/Gems/Profiler/Code/Source/ImGuiTreemapImpl.h,3,0,3
/media/ullmann/HDDGabriel/engines/o3de/Gems/AWSCore/Code/Platform/Mac/AWSCoreEditor_Traits_Platform.h,0,1,1
/media/ullmann/HDDGabriel/engines/o3de/Gems/AWSCore/Code/Platform/Mac/AWSCoreEditor_Traits_Mac.h,1,0,1
/media/ullmann/HDDGabriel/engines/o3de/Code/Framework/AzToolsFramework/AzToolsFramework/UI/Outliner/EntityOutlinerListModel.cpp,0,1,1
/media/ullmann/HDDGabriel/engines/o3de/Code/Framework/AzToolsFramework/AzToolsFramework/UI/Outliner/EntityOutlinerListModel.hxx,3,0,3
/media/ullmann/HDDGabriel/engines/o3de/Gems/Atom/RHI/DX12/Code/Source/RHI/Image.h,1,0,1
/media/ullmann/HDDGabriel/engines/o3de/Gems/AtomLyIntegration/CommonFeatures/Code/Source/ReflectionProbe/EditorReflectionProbeComponent.h,1,0,1
/media/ullmann/HDDGabriel/engines/o3de/Gems/ScriptCanvasTesting/Code/Source/Framework/ScriptCanvasTestNodes.cpp,0,1,1
/media/ullmann/HDDGabriel/engines/o3de/Gems/ScriptCanvasTesting/Code/Source/Framework/ScriptCanvasTestNodes.h,2,0,2
/media/ullmann/HDDGabriel/engines/o3de/Gems/EMotionFX/Code/EMotionFX/Source/MotionSet.h,2,0,2
/media/ullmann/HDDGabriel/engines/o3de/Code/Editor/Objects/TrackGizmo.h,1,1,2
/media/ullmann/HDDGabriel/engines/o3de/Gems/EMotionFX/Code/EMotionFX/Tools/EMotionStudio/EMStudioSDK/Source/MotionSetSelectionWindow.h,1,2,3
/media/ullmann/HDDGabriel/engines/o3de/Gems/EMotionFX/Code/EMotionFX/Tools/EMotionStudio/EMStudioSDK/Source/MotionSetHierarchyWidget.h,2,1,3
/media/ullmann/HDDGabriel/engines/o3de/Code/Framework/AzCore/Tests/FileIOBaseTestTypes.h,5,0,5
/media/ullmann/HDDGabriel/engines/o3de/Gems/EMotionFX/Code/EMotionFX/Tools/EMotionStudio/Plugins/StandardPlugins/Source/AnimGraph/ParameterEditor/Vector2ParameterEditor.cpp,0,1,1
/media/ullmann/HDDGabriel/engines/o3de/Gems/EMotionFX/Code/EMotionFX/Tools/EMotionStudio/Plugins/StandardPlugins/Source/AnimGraph/ParameterEditor/Vector2ParameterEditor.h,2,1,3
/media/ullmann/HDDGabriel/engines/o3de/Gems/AtomLyIntegration/AtomViewportDisplayIcons/Code/Source/Module.cpp,0,1,1
/media/ullmann/HDDGabriel/engines/o3de/Gems/AtomLyIntegration/AtomViewportDisplayIcons/Code/Source/AtomViewportDisplayIconsSystemComponent.h,2,0,2
/media/ullmann/HDDGabriel/engines/o3de/Code/Tools/AssetProcessor/native/main_gui.cpp,0,1,1
/media/ullmann/HDDGabriel/engines/o3de/Code/Tools/AssetProcessor/native/utilities/GUIApplicationManager.h,2,0,2
/media/ullmann/HDDGabriel/engines/o3de/Gems/ScriptCanvas/Code/Include/ScriptCanvas/Libraries/Deprecated/Operators/Containers/OperatorAt.h,1,1,2
/media/ullmann/HDDGabriel/engines/o3de/Code/Editor/EditorEnvironment.cpp,0,2,2
/media/ullmann/HDDGabriel/engines/o3de/Code/Framework/AzToolsFramework/AzToolsFramework/UI/PropertyEditor/PropertyEditorAPI_Internals.h,1,1,2
/media/ullmann/HDDGabriel/engines/o3de/Code/Framework/AzToolsFramework/AzToolsFramework/UI/PropertyEditor/InstanceDataHierarchy.h,2,0,2
/media/ullmann/HDDGabriel/engines/o3de/Gems/LandscapeCanvas/Code/Source/Editor/Nodes/Areas/SpawnerAreaNode.cpp,0,1,1
/media/ullmann/HDDGabriel/engines/o3de/Gems/LandscapeCanvas/Code/Source/Editor/Nodes/Areas/SpawnerAreaNode.h,2,0,2
/media/ullmann/HDDGabriel/engines/o3de/Gems/ScriptCanvas/Code/Editor/GraphCanvas/Components/NodeDescriptors/NodelingDescriptorComponent.h,2,0,2
/media/ullmann/HDDGabriel/engines/o3de/Code/Framework/AzToolsFramework/AzToolsFramework/UI/Logging/StyledLogPanel.cpp,0,2,2
/media/ullmann/HDDGabriel/engines/o3de/Gems/ScriptCanvas/Code/Include/ScriptCanvas/Libraries/UnitTesting/UnitTestBusMacros.h,1,0,1
/media/ullmann/HDDGabriel/engines/o3de/Gems/AWSClientAuth/Code/Source/AWSClientAuthSystemComponent.h,2,4,6
/media/ullmann/HDDGabriel/engines/o3de/Gems/AWSClientAuth/Code/Source/Authorization/AWSCognitoAuthorizationController.h,2,0,2
/media/ullmann/HDDGabriel/engines/o3de/Gems/GraphCanvas/Code/Source/Components/Nodes/Wrapper/WrapperNodeLayoutComponent.h,2,0,2
/media/ullmann/HDDGabriel/engines/o3de/Gems/Maestro/Code/Source/Cinematics/AnimAZEntityNode.h,3,1,4
/media/ullmann/HDDGabriel/engines/o3de/Code/Legacy/CryCommon/CryEndian.h,2,1,3
/media/ullmann/HDDGabriel/engines/o3de/Gems/Multiplayer/Code/Tests/ClientHierarchyTests.cpp,0,2,2
/media/ullmann/HDDGabriel/engines/o3de/Gems/LmbrCentral/Code/Tests/EditorCylinderShapeComponentTests.cpp,0,1,1
/media/ullmann/HDDGabriel/engines/o3de/Gems/ScriptCanvas/Code/Include/ScriptCanvas/Grammar/ASTModifications.cpp,0,2,2
/media/ullmann/HDDGabriel/engines/o3de/Gems/EMotionFX/Code/MCore/Source/Ray.cpp,0,6,6
/media/ullmann/HDDGabriel/engines/o3de/Gems/EMotionFX/Code/MCore/Source/Ray.h,1,2,3
/media/ullmann/HDDGabriel/engines/o3de/Gems/MotionMatching/Code/Source/TrajectoryHistory.h,3,0,3
/media/ullmann/HDDGabriel/engines/o3de/Gems/ScriptCanvas/Code/Include/ScriptCanvas/Libraries/Deprecated/String/StringMethods.cpp,0,1,1
/media/ullmann/HDDGabriel/engines/o3de/Gems/ScriptCanvas/Code/Include/ScriptCanvas/Libraries/Deprecated/String/StringMethods.h,1,0,1
/media/ullmann/HDDGabriel/engines/o3de/Gems/AudioSystem/Code/Platform/Linux/AudioSystem_Traits_Platform.h,0,1,1
/media/ullmann/HDDGabriel/engines/o3de/Gems/AudioSystem/Code/Platform/Linux/AudioSystem_Traits_Linux.h,1,0,1
/media/ullmann/HDDGabriel/engines/o3de/Code/Framework/AzToolsFramework/AzToolsFramework/UI/PropertyEditor/PropertyFilePathCtrl.h,1,1,2
/media/ullmann/HDDGabriel/engines/o3de/Code/Editor/DisplaySettings.cpp,0,3,3
/media/ullmann/HDDGabriel/engines/o3de/Gems/ScriptAutomation/Code/Source/ScriptAutomationScriptBindings.cpp,0,2,2
/media/ullmann/HDDGabriel/engines/o3de/Gems/GraphCanvas/Code/Source/Components/Nodes/General/GeneralSlotLayoutComponent.h,2,0,2
/media/ullmann/HDDGabriel/engines/o3de/Gems/Vegetation/Code/Source/VegetationEditorModule.h,1,1,2
/media/ullmann/HDDGabriel/engines/o3de/Gems/Vegetation/Code/Source/VegetationModule.h,2,0,2
/media/ullmann/HDDGabriel/engines/o3de/Gems/LandscapeCanvas/Code/Source/Editor/Nodes/AreaFilters/BaseAreaFilterNode.cpp,0,1,1
/media/ullmann/HDDGabriel/engines/o3de/Gems/LandscapeCanvas/Code/Source/Editor/Nodes/AreaFilters/BaseAreaFilterNode.h,1,0,1
/media/ullmann/HDDGabriel/engines/o3de/Code/Legacy/CryCommon/Cry_Matrix34.h,1,0,1
/media/ullmann/HDDGabriel/engines/o3de/Code/Tools/AssetProcessor/native/utilities/windowscreen.cpp,0,1,1
/media/ullmann/HDDGabriel/engines/o3de/Code/Tools/AssetProcessor/native/utilities/windowscreen.h,1,0,1
/media/ullmann/HDDGabriel/engines/o3de/Gems/LyShine/Code/Editor/Animation/UiAnimViewKeyPropertiesDlg.h,3,3,6
/media/ullmann/HDDGabriel/engines/o3de/Gems/Atom/Asset/ImageProcessingAtom/Code/Source/Converters/FIR-Weights.cpp,0,1,1
/media/ullmann/HDDGabriel/engines/o3de/Gems/Atom/Asset/ImageProcessingAtom/Code/Source/Converters/FIR-Weights.h,1,1,2
/media/ullmann/HDDGabriel/engines/o3de/Code/Editor/ViewportTitleDlg.h,2,0,2
/media/ullmann/HDDGabriel/engines/o3de/Gems/MotionMatching/Code/Source/MotionMatchingData.cpp,0,8,8
/media/ullmann/HDDGabriel/engines/o3de/Gems/DiffuseProbeGrid/Code/Source/Platform/iOS/DiffuseProbeGrid_Traits_Platform.h,0,1,1
/media/ullmann/HDDGabriel/engines/o3de/Gems/DiffuseProbeGrid/Code/Source/Platform/iOS/DiffuseProbeGrid_Traits_iOS.h,1,0,1
/media/ullmann/HDDGabriel/engines/o3de/Code/Framework/AzToolsFramework/AzToolsFramework/Slice/SliceDependencyBrowserComponent.h,1,1,2
/media/ullmann/HDDGabriel/engines/o3de/Code/Tools/SerializeContextTools/main.cpp,0,4,4
/media/ullmann/HDDGabriel/engines/o3de/Gems/SceneProcessing/Code/Source/Generation/Components/MeshOptimizer/MeshBuilderInvalidIndex.h,2,0,2
/media/ullmann/HDDGabriel/engines/o3de/Gems/LyShine/Code/Editor/PreviewToolbar.h,1,1,2
/media/ullmann/HDDGabriel/engines/o3de/Code/Editor/Plugins/PerforcePlugin/main.cpp,0,2,2
/media/ullmann/HDDGabriel/engines/o3de/Code/Editor/Plugins/PerforcePlugin/PerforceSourceControl.h,3,0,3
/media/ullmann/HDDGabriel/engines/o3de/Gems/EMotionFX/Code/EMotionFX/Tools/EMotionStudio/Plugins/StandardPlugins/Source/MorphTargetsWindow/MorphTargetsWindowPlugin.h,2,2,4
/media/ullmann/HDDGabriel/engines/o3de/Gems/LandscapeCanvas/Code/Source/Editor/Nodes/Shapes/CylinderShapeNode.cpp,0,1,1
/media/ullmann/HDDGabriel/engines/o3de/Gems/ScriptCanvasTesting/Code/Source/Framework/ScriptCanvasTestUtilities.h,1,0,1
/media/ullmann/HDDGabriel/engines/o3de/Code/Editor/Plugins/PerforcePlugin/PerforceSourceControl.cpp,0,2,2
/media/ullmann/HDDGabriel/engines/o3de/Code/Editor/Plugins/PerforcePlugin/PasswordDlg.h,2,0,2
/media/ullmann/HDDGabriel/engines/o3de/Gems/ScriptCanvas/Code/Include/ScriptCanvas/Libraries/Deprecated/UnitTesting/ExpectLessThan.cpp,0,1,1
/media/ullmann/HDDGabriel/engines/o3de/Gems/ScriptCanvas/Code/Include/ScriptCanvas/Libraries/Deprecated/UnitTesting/ExpectLessThan.h,1,0,1
/media/ullmann/HDDGabriel/engines/o3de/Gems/ScriptAutomation/Code/Source/ScriptAutomationScriptBindings.h,2,0,2
/media/ullmann/HDDGabriel/engines/o3de/Gems/LmbrCentral/Code/Source/Scripting/EditorTagComponent.cpp,0,1,1
/media/ullmann/HDDGabriel/engines/o3de/Gems/AtomLyIntegration/EMotionFXAtom/Code/Source/AtomActorDebugDraw.cpp,0,1,1
/media/ullmann/HDDGabriel/engines/o3de/Gems/AtomLyIntegration/EMotionFXAtom/Code/Source/AtomActorDebugDraw.h,2,0,2
/media/ullmann/HDDGabriel/engines/o3de/Gems/LyShine/Code/Source/LyShineFeatureProcessor.h,2,0,2
/media/ullmann/HDDGabriel/engines/o3de/Gems/ScriptCanvasPhysics/Code/Source/ScriptCanvasPhysicsSystemComponent.cpp,0,1,1
/media/ullmann/HDDGabriel/engines/o3de/Gems/LmbrCentral/Code/Source/Audio/EditorAudioRtpcComponent.h,2,1,3
/media/ullmann/HDDGabriel/engines/o3de/Code/Framework/AzTest/AzTest/Utils.cpp,0,1,1
/media/ullmann/HDDGabriel/engines/o3de/Code/Editor/EditorPreferencesPageViewportDebug.h,3,1,4
/media/ullmann/HDDGabriel/engines/o3de/Gems/ScriptCanvas/Code/Include/ScriptCanvas/Libraries/Math/MathNodeUtilities.cpp,0,1,1
/media/ullmann/HDDGabriel/engines/o3de/Gems/ScriptCanvas/Code/Include/ScriptCanvas/Libraries/Math/MathNodeUtilities.h,1,0,1
/media/ullmann/HDDGabriel/engines/o3de/Gems/LyShine/Code/Source/Script/UiElementLuaBus.h,2,0,2
/media/ullmann/HDDGabriel/engines/o3de/Code/Editor/Objects/BaseObject.cpp,0,2,2
/media/ullmann/HDDGabriel/engines/o3de/Code/Tools/LuaIDE/Source/LUA/LUAEditorFoldingWidget.cpp,0,4,4
/media/ullmann/HDDGabriel/engines/o3de/Gems/Vegetation/Code/Tests/PrefabInstanceSpawnerTests.cpp,0,2,2
/media/ullmann/HDDGabriel/engines/o3de/Gems/Vegetation/Code/Tests/VegetationTest.h,7,0,7
/media/ullmann/HDDGabriel/engines/o3de/Gems/ScriptCanvas/Code/Include/ScriptCanvas/Execution/Interpreted/ExecutionInterpretedCloningAPI.cpp,0,4,4
/media/ullmann/HDDGabriel/engines/o3de/Gems/ScriptCanvas/Code/Include/ScriptCanvas/Execution/Interpreted/ExecutionInterpretedEBusAPI.h,3,0,3
/media/ullmann/HDDGabriel/engines/o3de/Gems/ScriptCanvas/Code/Include/ScriptCanvas/Core/NodeableNodeOverloaded.cpp,0,1,1
/media/ullmann/HDDGabriel/engines/o3de/Gems/ScriptCanvas/Code/Include/ScriptCanvas/Core/NodeableNodeOverloaded.h,1,0,1
/media/ullmann/HDDGabriel/engines/o3de/Gems/Atom/Asset/ImageProcessingAtom/Code/Source/Editor/ImagePopup.cpp,0,1,1
/media/ullmann/HDDGabriel/engines/o3de/Gems/Atom/Asset/ImageProcessingAtom/Code/Source/Editor/ImagePopup.h,1,0,1
/media/ullmann/HDDGabriel/engines/o3de/Gems/LandscapeCanvas/Code/Source/Editor/Nodes/AreaFilters/SlopeFilterNode.cpp,0,1,1
/media/ullmann/HDDGabriel/engines/o3de/Gems/EMotionFX/Code/EMotionFX/Tools/EMotionStudio/Plugins/StandardPlugins/Source/AnimGraph/ParameterEditor/FloatSpinnerParameterEditor.cpp,0,1,1
/media/ullmann/HDDGabriel/engines/o3de/Gems/RecastNavigation/Code/Tests/EditorNavigationMeshTest.cpp,0,1,1
/media/ullmann/HDDGabriel/engines/o3de/Gems/RecastNavigation/Code/Tests/MockInterfaces.h,2,0,2
/media/ullmann/HDDGabriel/engines/o3de/Gems/EMotionFX/Code/EMotionFX/Tools/EMotionStudio/Plugins/StandardPlugins/Source/AnimGraph/GraphNodeFactory.h,2,0,2
/media/ullmann/HDDGabriel/engines/o3de/Gems/ScriptCanvas/Code/Include/ScriptCanvas/Execution/Interpreted/ExecutionInterpretedAPI.h,3,0,3
/media/ullmann/HDDGabriel/engines/o3de/Gems/EMotionFX/Code/EMotionFX/Source/BlendTreeSmoothingNode.h,1,2,3
/media/ullmann/HDDGabriel/engines/o3de/Gems/ScriptCanvas/Code/Include/ScriptCanvas/Core/Contracts/DisallowReentrantExecutionContract.cpp,0,1,1
/media/ullmann/HDDGabriel/engines/o3de/Gems/ScriptCanvas/Code/Include/ScriptCanvas/Core/Contracts/DisallowReentrantExecutionContract.h,2,0,2
/media/ullmann/HDDGabriel/engines/o3de/Code/Framework/AzToolsFramework/AzToolsFramework/Manipulators/BaseManipulator.cpp,0,1,1
/media/ullmann/HDDGabriel/engines/o3de/Gems/EMotionFX/Code/EMotionFX/Source/AnimGraphBindPoseNode.h,2,2,4
/media/ullmann/HDDGabriel/engines/o3de/Gems/AWSCore/Code/Tests/AWSCoreSystemComponentTest.cpp,0,1,1
/media/ullmann/HDDGabriel/engines/o3de/Gems/AWSCore/Code/Tests/TestFramework/AWSCoreFixture.h,1,0,1
/media/ullmann/HDDGabriel/engines/o3de/Gems/EMotionFX/Code/EMotionFX/Source/AnimGraphEntryNode.h,3,2,5
/media/ullmann/HDDGabriel/engines/o3de/Gems/WhiteBox/Code/Source/Rendering/Atom/WhiteBoxAttributeBuffer.h,0,1,1
/media/ullmann/HDDGabriel/engines/o3de/Gems/WhiteBox/Code/Source/Rendering/Atom/WhiteBoxBuffer.h,1,1,2
/media/ullmann/HDDGabriel/engines/o3de/Gems/SliceFavorites/Code/Source/SliceFavoritesTreeView.cpp,0,2,2
/media/ullmann/HDDGabriel/engines/o3de/Gems/ScriptCanvas/Code/Include/ScriptCanvas/Libraries/Operators/Math/OperatorSub.h,1,1,2
/media/ullmann/HDDGabriel/engines/o3de/Gems/ScriptCanvas/Code/Include/ScriptCanvas/Libraries/Operators/Math/OperatorArithmetic.h,5,0,5
/media/ullmann/HDDGabriel/engines/o3de/Code/Editor/PluginManager.cpp,0,3,3
/media/ullmann/HDDGabriel/engines/o3de/Code/Tools/LuaIDE/Source/LUA/LUAEditorSettingsDialog.hxx,2,2,4
/media/ullmann/HDDGabriel/engines/o3de/Code/Tools/ProjectManager/Source/PathValidator.cpp,0,1,1
/media/ullmann/HDDGabriel/engines/o3de/Gems/PhysX/Code/Tests/PhysXSpecificTest.cpp,0,2,2
/media/ullmann/HDDGabriel/engines/o3de/Gems/LyShine/Code/Editor/Animation/UiAnimViewNode.h,5,0,5
/media/ullmann/HDDGabriel/engines/o3de/Gems/LyShine/Code/Editor/ViewportNudge.cpp,0,2,2
/media/ullmann/HDDGabriel/engines/o3de/Code/Framework/AzFramework/Tests/Platform/Windows/AzFrameworkTests_Traits_Platform.h,0,1,1
/media/ullmann/HDDGabriel/engines/o3de/Code/Framework/AzFramework/Tests/Platform/Windows/AzFrameworkTests_Traits_Windows.h,1,0,1
/media/ullmann/HDDGabriel/engines/o3de/Gems/Vegetation/Code/Source/Editor/EditorMeshBlockerComponent.cpp,0,1,1
/media/ullmann/HDDGabriel/engines/o3de/Gems/Vegetation/Code/Source/Editor/EditorMeshBlockerComponent.h,2,0,2
/media/ullmann/HDDGabriel/engines/o3de/Gems/EMotionFX/Code/EMotionFX/Tools/EMotionStudio/Plugins/StandardPlugins/Source/TimeView/TimeViewPlugin.cpp,0,6,6
/media/ullmann/HDDGabriel/engines/o3de/Code/Editor/CustomAspectRatioDlg.cpp,0,2,2
/media/ullmann/HDDGabriel/engines/o3de/Code/Editor/CustomAspectRatioDlg.h,2,0,2
/media/ullmann/HDDGabriel/engines/o3de/Code/Framework/AzCore/AzCore/std/algorithm.h,0,1,1
/media/ullmann/HDDGabriel/engines/o3de/Code/Framework/AzCore/AzCore/std/math.h,1,0,1
/media/ullmann/HDDGabriel/engines/o3de/Gems/LmbrCentral/Code/Source/Audio/EditorAudioMultiPositionComponent.h,2,1,3
/media/ullmann/HDDGabriel/engines/o3de/Gems/EMotionFX/Code/EMotionFX/Source/ActorManager.cpp,0,4,4
/media/ullmann/HDDGabriel/engines/o3de/Code/Framework/AzToolsFramework/AzToolsFramework/Manipulators/LineSegmentSelectionManipulator.cpp,0,1,1
/media/ullmann/HDDGabriel/engines/o3de/Code/Framework/AzToolsFramework/AzToolsFramework/Manipulators/LineSegmentSelectionManipulator.h,1,0,1
/media/ullmann/HDDGabriel/engines/o3de/Gems/EMotionFX/Code/EMotionFX/Source/BlendTreeBlendNNode.h,1,2,3
/media/ullmann/HDDGabriel/engines/o3de/Gems/GradientSignal/Code/Source/Editor/EditorReferenceGradientComponent.h,2,0,2
/media/ullmann/HDDGabriel/engines/o3de/Gems/LyShine/Code/Editor/ViewportSnap.cpp,0,2,2
/media/ullmann/HDDGabriel/engines/o3de/Gems/LyShine/Code/Editor/ViewportSnap.h,3,1,4
/media/ullmann/HDDGabriel/engines/o3de/Gems/Maestro/Code/Source/Cinematics/CaptureTrack.h,3,1,4
/media/ullmann/HDDGabriel/engines/o3de/Gems/EMotionFX/Code/MCore/Source/DelaunayTriangulator.cpp,0,2,2
/media/ullmann/HDDGabriel/engines/o3de/Gems/LyShine/Code/Source/UiDynamicLayoutComponent.cpp,0,2,2
/media/ullmann/HDDGabriel/engines/o3de/Gems/LmbrCentral/Code/Source/Scripting/SpawnerComponent.cpp,0,2,2
/media/ullmann/HDDGabriel/engines/o3de/Gems/LyShine/Code/Source/UiDynamicScrollBoxComponent.h,4,0,4
/media/ullmann/HDDGabriel/engines/o3de/Gems/Meshlets/Code/Source/MeshletsModuleInterface.h,2,1,3
/media/ullmann/HDDGabriel/engines/o3de/Code/Framework/AzCore/Tests/GenericStreamTests.cpp,0,1,1
/media/ullmann/HDDGabriel/engines/o3de/Gems/WhiteBox/Code/Tests/WhiteBoxComponentTest.cpp,0,2,2
/media/ullmann/HDDGabriel/engines/o3de/Code/Framework/AzQtComponents/AzQtComponents/Gallery/main.cpp,0,1,1
/media/ullmann/HDDGabriel/engines/o3de/Code/Framework/AzQtComponents/AzQtComponents/Gallery/ComponentDemoWidget.h,2,0,2
/media/ullmann/HDDGabriel/engines/o3de/Gems/LyShine/Code/Editor/PreviewActionLog.cpp,0,1,1
/media/ullmann/HDDGabriel/engines/o3de/Code/Editor/TrackView/TrackViewDialog.cpp,0,5,5
/media/ullmann/HDDGabriel/engines/o3de/Code/Editor/TrackView/SequenceBatchRenderDialog.h,2,1,3
/media/ullmann/HDDGabriel/engines/o3de/Gems/MotionMatching/Code/Source/BlendTreeMotionMatchNode.cpp,0,3,3
/media/ullmann/HDDGabriel/engines/o3de/Code/Tools/TestImpactFramework/Runtime/Native/Code/Source/Target/Native/TestImpactNativeTestTarget.h,1,0,1
/media/ullmann/HDDGabriel/engines/o3de/Code/Tools/AssetProcessor/native/unittests/MockApplicationManager.h,2,1,3
/media/ullmann/HDDGabriel/engines/o3de/Gems/LmbrCentral/Code/Source/Builders/CopyDependencyBuilder/CfgBuilderWorker/CfgBuilderWorker.cpp,0,1,1
/media/ullmann/HDDGabriel/engines/o3de/Gems/LmbrCentral/Code/Source/Builders/CopyDependencyBuilder/CfgBuilderWorker/CfgBuilderWorker.h,2,0,2
/media/ullmann/HDDGabriel/engines/o3de/Code/Tools/AssetProcessor/AssetBuilder/AssetBuilderStatic.h,3,0,3
/media/ullmann/HDDGabriel/engines/o3de/Code/Framework/AzToolsFramework/AzToolsFramework/UI/Logging/TracePrintFLogPanel.cpp,0,1,1
/media/ullmann/HDDGabriel/engines/o3de/Gems/LmbrCentral/Code/Source/Shape/QuadShapeComponent.cpp,0,1,1
/media/ullmann/HDDGabriel/engines/o3de/Gems/ScriptCanvas/Code/Include/ScriptCanvas/Core/SubgraphInterface.cpp,0,2,2
/media/ullmann/HDDGabriel/engines/o3de/Gems/Multiplayer/Code/Source/MultiplayerToolsSystemComponent.h,2,0,2
/media/ullmann/HDDGabriel/engines/o3de/Gems/LyShine/Code/Source/World/UiCanvasProxyRefComponent.h,3,0,3
/media/ullmann/HDDGabriel/engines/o3de/Code/Framework/AzToolsFramework/Tests/ComponentModeTestDoubles.cpp,0,1,1
/media/ullmann/HDDGabriel/engines/o3de/Gems/Vegetation/Code/Source/Editor/EditorDescriptorListComponent.h,2,0,2
/media/ullmann/HDDGabriel/engines/o3de/Code/Editor/Util/Math.h,1,0,1
/media/ullmann/HDDGabriel/engines/o3de/Gems/WhiteBox/Code/Tests/WhiteBoxUVTest.cpp,0,1,1
/media/ullmann/HDDGabriel/engines/o3de/Gems/LandscapeCanvas/Code/Source/Editor/Nodes/AreaFilters/SurfaceMaskFilterNode.cpp,0,1,1
/media/ullmann/HDDGabriel/engines/o3de/Gems/LandscapeCanvas/Code/Source/Editor/Nodes/AreaFilters/SurfaceMaskFilterNode.h,2,0,2
/media/ullmann/HDDGabriel/engines/o3de/Gems/AudioSystem/Code/Platform/iOS/AudioSystem_Traits_Platform.h,0,1,1
/media/ullmann/HDDGabriel/engines/o3de/Gems/AudioSystem/Code/Platform/iOS/AudioSystem_Traits_iOS.h,1,0,1
/media/ullmann/HDDGabriel/engines/o3de/Gems/EMotionFX/Code/EMotionFX/Source/AnimGraphParameterCondition.h,1,0,1
/media/ullmann/HDDGabriel/engines/o3de/Code/Framework/AzFramework/Platform/iOS/AzFramework/Utils/SystemUtilsApple.h,0,1,1
/media/ullmann/HDDGabriel/engines/o3de/Code/Framework/AzFramework/Platform/Common/Apple/AzFramework/Utils/SystemUtilsApple.h,2,0,2
/media/ullmann/HDDGabriel/engines/o3de/Gems/Vegetation/Code/Source/DebugSystemComponent.cpp,0,1,1
/media/ullmann/HDDGabriel/engines/o3de/Gems/Vegetation/Code/Source/DebugSystemComponent.h,2,0,2
/media/ullmann/HDDGabriel/engines/o3de/Code/Editor/TrackView/EditorTrackViewEventsBus.h,1,0,1
/media/ullmann/HDDGabriel/engines/o3de/Gems/GradientSignal/Code/Source/GradientSignalEditorModule.h,1,1,2
/media/ullmann/HDDGabriel/engines/o3de/Code/Editor/Util/ImageGif.cpp,0,1,1
/media/ullmann/HDDGabriel/engines/o3de/Code/Editor/Util/ImageGif.h,1,0,1
/media/ullmann/HDDGabriel/engines/o3de/Gems/LandscapeCanvas/Code/Source/LandscapeCanvasSystemComponent.h,2,0,2
/media/ullmann/HDDGabriel/engines/o3de/Gems/LyShine/Code/Editor/RulerWidget.h,2,1,3
/media/ullmann/HDDGabriel/engines/o3de/Gems/LyShine/Code/Editor/FindEntitySortFilterProxyModel.cpp,0,2,2
/media/ullmann/HDDGabriel/engines/o3de/Gems/AtomLyIntegration/CommonFeatures/Code/Source/ScreenSpace/EditorDeferredFogComponent.h,1,0,1
/media/ullmann/HDDGabriel/engines/o3de/Gems/EMotionFX/Code/MCore/Source/CommandGroup.cpp,0,1,1
/media/ullmann/HDDGabriel/engines/o3de/Gems/EMotionFX/Code/EMotionFX/Source/Parameter/FloatSliderParameter.cpp,0,1,1
/media/ullmann/HDDGabriel/engines/o3de/Gems/EMotionFX/Code/EMotionFX/Source/Parameter/FloatSliderParameter.h,1,1,2
/media/ullmann/HDDGabriel/engines/o3de/Code/Tools/AssetProcessor/native/unittests/ConnectionManagerUnitTests.cpp,0,1,1
/media/ullmann/HDDGabriel/engines/o3de/Code/Tools/AssetProcessor/native/unittests/ConnectionManagerUnitTests.h,1,1,2
/media/ullmann/HDDGabriel/engines/o3de/Gems/Gestures/Code/Source/GesturesSystemComponent.cpp,0,1,1
/media/ullmann/HDDGabriel/engines/o3de/Gems/LyShine/Code/Source/UiMaskComponent.cpp,0,3,3
/media/ullmann/HDDGabriel/engines/o3de/Gems/LyShine/Code/Editor/Animation/UiAnimViewUndo.cpp,0,7,7
/media/ullmann/HDDGabriel/engines/o3de/Gems/AtomLyIntegration/EMotionFXAtom/Code/Source/ActorModule.cpp,0,2,2
/media/ullmann/HDDGabriel/engines/o3de/Gems/LyShine/Code/Editor/HierarchyMenu.cpp,0,3,3
/media/ullmann/HDDGabriel/engines/o3de/Gems/MotionMatching/Code/Source/FeatureSchema.h,7,1,8
/media/ullmann/HDDGabriel/engines/o3de/Code/Tools/TestImpactFramework/Runtime/Common/Code/Source/Platform/Windows/Process/TestImpactWin32_Handle.h,2,0,2
/media/ullmann/HDDGabriel/engines/o3de/Gems/AudioSystem/Code/Source/Editor/AudioControlsEditorWindow.h,2,1,3
/media/ullmann/HDDGabriel/engines/o3de/Gems/GraphCanvas/Code/Source/Components/Connections/DataConnections/DataConnectionVisualComponent.h,2,0,2
/media/ullmann/HDDGabriel/engines/o3de/Code/Framework/AzCore/Tests/Module.cpp,0,1,1
/media/ullmann/HDDGabriel/engines/o3de/Code/Framework/AzCore/Tests/ModuleTestBus.h,2,0,2
/media/ullmann/HDDGabriel/engines/o3de/Gems/LmbrCentral/Code/Source/Builders/CopyDependencyBuilder/SchemaBuilderWorker/SchemaBuilderWorker.cpp,0,2,2
/media/ullmann/HDDGabriel/engines/o3de/Gems/LmbrCentral/Code/Source/Builders/CopyDependencyBuilder/SchemaBuilderWorker/SchemaUtils.h,2,0,2
/media/ullmann/HDDGabriel/engines/o3de/Gems/LyShine/Code/Editor/ViewportIcon.h,1,0,1
/media/ullmann/HDDGabriel/engines/o3de/Gems/Multiplayer/Code/Source/EntityDomains/FullOwnershipEntityDomain.h,1,0,1
/media/ullmann/HDDGabriel/engines/o3de/Gems/EMotionFX/Code/EMotionFX/Exporters/ExporterLib/Exporter/EndianConversion.cpp,0,1,1
/media/ullmann/HDDGabriel/engines/o3de/Code/Framework/AzToolsFramework/AzToolsFramework/Picking/Manipulators/ManipulatorBoundManager.cpp,0,1,1
/media/ullmann/HDDGabriel/engines/o3de/Code/Framework/AzToolsFramework/AzToolsFramework/Picking/Manipulators/ManipulatorBoundManager.h,1,0,1
/media/ullmann/HDDGabriel/engines/o3de/Gems/EMotionFX/Code/EMotionFX/Source/MotionEvent.cpp,0,5,5
/media/ullmann/HDDGabriel/engines/o3de/Gems/Maestro/Code/Source/Cinematics/AnimScreenFaderNode.cpp,0,2,2
/media/ullmann/HDDGabriel/engines/o3de/Gems/LmbrCentral/Code/Source/Shape/EditorCapsuleShapeComponent.cpp,0,4,4
/media/ullmann/HDDGabriel/engines/o3de/Gems/EMotionFX/Code/EMotionFX/CommandSystem/Source/AnimGraphConnectionCommands.cpp,0,3,3
/media/ullmann/HDDGabriel/engines/o3de/Gems/EMotionFX/Code/EMotionFX/CommandSystem/Source/AnimGraphNodeCommands.h,2,0,2
/media/ullmann/HDDGabriel/engines/o3de/Gems/ScriptCanvas/Code/Include/ScriptCanvas/Libraries/Operators/Math/OperatorSub.cpp,0,1,1
/media/ullmann/HDDGabriel/engines/o3de/Gems/GraphCanvas/Code/StaticLib/GraphCanvas/Components/NodePropertyDisplay/EntityIdDataInterface.h,0,1,1
/media/ullmann/HDDGabriel/engines/o3de/Gems/PhysX/Code/Editor/ColliderCapsuleMode.h,2,0,2
/media/ullmann/HDDGabriel/engines/o3de/Code/Tools/TestImpactFramework/Runtime/Native/Code/Source/Artifact/Factory/TestImpactNativeTestTargetMetaMapFactory.h,1,0,1
/media/ullmann/HDDGabriel/engines/o3de/Gems/MotionMatching/Code/Source/FeaturePosition.h,4,1,5
/media/ullmann/HDDGabriel/engines/o3de/Gems/EMotionFX/Code/EMotionFX/Source/SingleThreadScheduler.h,1,2,3
/media/ullmann/HDDGabriel/engines/o3de/Gems/EMotionFX/Code/EMotionFX/Source/ActorUpdateScheduler.h,3,2,5
/media/ullmann/HDDGabriel/engines/o3de/Gems/LmbrCentral/Code/Source/Shape/EditorPolygonPrismShapeComponentMode.cpp,0,1,1
/media/ullmann/HDDGabriel/engines/o3de/Gems/VirtualGamepad/Code/Source/VirtualGamepadSystemComponent.h,2,0,2
/media/ullmann/HDDGabriel/engines/o3de/Gems/GradientSignal/Code/Include/GradientSignal/Editor/EditorGradientComponentBase.h,0,1,1
/media/ullmann/HDDGabriel/engines/o3de/Gems/GradientSignal/Code/Include/GradientSignal/Editor/EditorGradientComponentBase.inl,1,0,1
/media/ullmann/HDDGabriel/engines/o3de/Code/Tools/TestImpactFramework/Runtime/Common/Code/Include/Static/Dependency/TestImpactSourceCoveringTestsList.h,1,0,1
/media/ullmann/HDDGabriel/engines/o3de/Code/Editor/PythonEditorEventsBus.h,1,0,1
/media/ullmann/HDDGabriel/engines/o3de/Gems/Atom/Feature/Common/Code/Source/Material/DrawListFunctorSourceData.cpp,0,1,1
/media/ullmann/HDDGabriel/engines/o3de/Gems/Atom/Feature/Common/Code/Source/Material/DrawListFunctorSourceData.h,1,1,2
/media/ullmann/HDDGabriel/engines/o3de/Gems/AudioSystem/Code/Source/Editor/ATLControlsResourceDialog.h,2,2,4
/media/ullmann/HDDGabriel/engines/o3de/Code/Editor/Objects/ObjectLoader.cpp,0,1,1
/media/ullmann/HDDGabriel/engines/o3de/Code/Editor/2DViewport.h,3,2,5
/media/ullmann/HDDGabriel/engines/o3de/Code/Framework/AzToolsFramework/AzToolsFramework/UI/PropertyEditor/PropertyCheckBoxCtrl.hxx,1,1,2
/media/ullmann/HDDGabriel/engines/o3de/Gems/Vegetation/Code/Source/Editor/EditorDescriptorListCombinerComponent.h,2,0,2
/media/ullmann/HDDGabriel/engines/o3de/Gems/ScriptCanvas/Code/Include/ScriptCanvas/Core/Contracts/RestrictedNodeContract.h,2,0,2
/media/ullmann/HDDGabriel/engines/o3de/Gems/Atom/RHI/Code/Tests/ShaderResourceGroupTests.cpp,0,1,1
/media/ullmann/HDDGabriel/engines/o3de/Gems/EMotionFX/Code/MysticQt/Source/KeyboardShortcutManager.cpp,0,1,1
/media/ullmann/HDDGabriel/engines/o3de/Gems/EMotionFX/Code/MysticQt/Source/KeyboardShortcutManager.h,1,1,2
/media/ullmann/HDDGabriel/engines/o3de/Gems/ScriptCanvas/Code/Include/ScriptCanvas/Libraries/Math/Vector3.cpp,0,1,1
/media/ullmann/HDDGabriel/engines/o3de/Gems/ScriptCanvas/Code/Include/ScriptCanvas/Libraries/Math/Vector3.h,1,0,1
/media/ullmann/HDDGabriel/engines/o3de/Code/Editor/Util/UndoUtil.cpp,0,1,1
/media/ullmann/HDDGabriel/engines/o3de/Code/Editor/Util/UndoUtil.h,2,0,2
/media/ullmann/HDDGabriel/engines/o3de/Gems/LmbrCentral/Code/Source/Builders/LevelBuilder/LevelBuilderComponent.cpp,0,1,1
/media/ullmann/HDDGabriel/engines/o3de/Gems/LmbrCentral/Code/Source/Builders/LevelBuilder/LevelBuilderComponent.h,2,1,3
/media/ullmann/HDDGabriel/engines/o3de/Gems/Meshlets/Code/Source/Meshlets/MultiDispatchComputePass.h,2,1,3
/media/ullmann/HDDGabriel/engines/o3de/Gems/Atom/RHI/Code/Tests/InputStreamLayoutBuilderTests.cpp,0,1,1
/media/ullmann/HDDGabriel/engines/o3de/Gems/Atom/Asset/Shader/Code/Source/Editor/SrgLayoutUtility.h,3,2,5
/media/ullmann/HDDGabriel/engines/o3de/Gems/LyShine/Code/Editor/PropertyHandlers.h,1,0,1
/media/ullmann/HDDGabriel/engines/o3de/Gems/ScriptCanvas/Code/Include/ScriptCanvas/Libraries/UnitTesting/UnitTestBusSender.cpp,0,1,1
/media/ullmann/HDDGabriel/engines/o3de/Code/Framework/AzToolsFramework/AzToolsFramework/UI/Logging/LogControl.cpp,0,3,3
/media/ullmann/HDDGabriel/engines/o3de/Gems/Maestro/Code/Source/Cinematics/ScriptVarNode.cpp,0,2,2
/media/ullmann/HDDGabriel/engines/o3de/Gems/Atom/Feature/Common/Code/Source/CoreLights/LightCullingRemap.h,1,0,1
/media/ullmann/HDDGabriel/engines/o3de/Gems/Stars/Code/Source/EditorStarsSystemComponent.cpp,0,1,1
/media/ullmann/HDDGabriel/engines/o3de/Gems/LandscapeCanvas/Code/Source/Editor/Nodes/GradientModifiers/DitherGradientModifierNode.cpp,0,1,1
/media/ullmann/HDDGabriel/engines/o3de/Code/Legacy/CrySystem/IDebugCallStack.cpp,0,3,3
/media/ullmann/HDDGabriel/engines/o3de/Gems/LyShineExamples/Code/Source/LyShineExamplesSerialize.cpp,0,1,1
/media/ullmann/HDDGabriel/engines/o3de/Gems/LyShineExamples/Code/Source/LyShineExamplesSerialize.h,2,0,2
/media/ullmann/HDDGabriel/engines/o3de/Gems/AudioSystem/Code/Include/Editor/IAudioConnection.h,0,1,1
/media/ullmann/HDDGabriel/engines/o3de/Gems/ScriptEvents/Code/Include/ScriptEvents/ScriptEventDefinition.cpp,0,2,2
/media/ullmann/HDDGabriel/engines/o3de/Gems/ScriptEvents/Code/Include/ScriptEvents/ScriptEventsBus.h,4,1,5
/media/ullmann/HDDGabriel/engines/o3de/Gems/Metastream/Code/Source/BaseHttpServer.cpp,0,2,2
/media/ullmann/HDDGabriel/engines/o3de/Gems/Metastream/Code/Source/DataCache.h,3,0,3
/media/ullmann/HDDGabriel/engines/o3de/Code/Editor/Dialogs/PythonScriptsDialog.cpp,0,1,1
/media/ullmann/HDDGabriel/engines/o3de/Gems/LmbrCentral/Code/Source/Unhandled/UI/FontAssetTypeInfo.h,2,0,2
/media/ullmann/HDDGabriel/engines/o3de/Code/Framework/AzToolsFramework/AzToolsFramework/AzToolsFrameworkModule.cpp,0,1,1
/media/ullmann/HDDGabriel/engines/o3de/Code/Framework/AzToolsFramework/AzToolsFramework/Prefab/ProceduralPrefabSystemComponent.h,1,0,1
/media/ullmann/HDDGabriel/engines/o3de/Gems/EMotionFX/Code/EMotionFX/Source/Parameter/Vector3GizmoParameter.cpp,0,1,1
/media/ullmann/HDDGabriel/engines/o3de/Gems/EMotionFX/Code/EMotionFX/Source/Parameter/Vector3GizmoParameter.h,1,1,2
/media/ullmann/HDDGabriel/engines/o3de/Gems/LmbrCentral/Code/Source/Editor/EditorCommentComponent.h,2,0,2
/media/ullmann/HDDGabriel/engines/o3de/Gems/Atom/RPI/Code/External/MaskedOcclusionCulling/MaskedOcclusionCullingAVX2.cpp,0,2,2
/media/ullmann/HDDGabriel/engines/o3de/Code/Framework/AzToolsFramework/AzToolsFramework/UI/PropertyEditor/PropertyIntSliderCtrl.cpp,0,2,2
/media/ullmann/HDDGabriel/engines/o3de/Gems/Maestro/Code/Source/Components/SequenceAgent.cpp,0,1,1
/media/ullmann/HDDGabriel/engines/o3de/Gems/Atom/RHI/Code/Source/RHI.Private/FactoryRegistrationFinalizerSystemComponent.h,1,0,1
/media/ullmann/HDDGabriel/engines/o3de/Gems/EMotionFX/Code/EMotionFX/Source/MultiThreadScheduler.h,2,3,5
/media/ullmann/HDDGabriel/engines/o3de/Code/Tools/AssetProcessor/native/unittests/UtilitiesUnitTests.h,1,1,2
/media/ullmann/HDDGabriel/engines/o3de/Gems/EMotionFX/Code/EMotionFX/CommandSystem/Source/MotionSetCommands.h,1,1,2
/media/ullmann/HDDGabriel/engines/o3de/Gems/EMotionFX/Code/EMotionFX/Source/Parameter/FloatParameter.cpp,0,1,1
/media/ullmann/HDDGabriel/engines/o3de/Gems/LyShine/Code/Source/UiFaderComponent.cpp,0,4,4
/media/ullmann/HDDGabriel/engines/o3de/Code/Framework/AzQtComponents/AzQtComponents/Gallery/AssetBrowserFolderPage.cpp,0,1,1
/media/ullmann/HDDGabriel/engines/o3de/Code/Framework/AzQtComponents/AzQtComponents/Gallery/AssetBrowserFolderPage.h,2,0,2
/media/ullmann/HDDGabriel/engines/o3de/Code/Framework/AzToolsFramework/AzToolsFramework/ComponentMode/ComponentModeViewportUi.cpp,0,1,1
/media/ullmann/HDDGabriel/engines/o3de/Code/Framework/AzToolsFramework/AzToolsFramework/ComponentMode/ComponentModeViewportUi.h,1,1,2
/media/ullmann/HDDGabriel/engines/o3de/Gems/Vegetation/Code/Source/Components/SurfaceMaskFilterComponent.cpp,0,1,1
/media/ullmann/HDDGabriel/engines/o3de/Gems/Vegetation/Code/Source/Components/SurfaceMaskFilterComponent.h,2,0,2
/media/ullmann/HDDGabriel/engines/o3de/Code/Editor/Plugins/ProjectSettingsTool/PropertyImagePreview.h,3,1,4
/media/ullmann/HDDGabriel/engines/o3de/Gems/EMotionFX/Code/EMotionFX/Source/AnimGraphObject.cpp,0,7,7
/media/ullmann/HDDGabriel/engines/o3de/Gems/SceneProcessing/Code/Source/Generation/Components/TangentGenerator/TangentPreExportComponent.h,1,0,1
/media/ullmann/HDDGabriel/engines/o3de/Gems/EMotionFX/Code/EMotionFX/CommandSystem/Source/ActorInstanceCommands.cpp,0,2,2
/media/ullmann/HDDGabriel/engines/o3de/Gems/LmbrCentral/Code/Source/Scripting/LookAtComponent.cpp,0,1,1
/media/ullmann/HDDGabriel/engines/o3de/Gems/Atom/Asset/ImageProcessingAtom/Code/Source/Platform/Linux/ImageProcessing_Traits_Platform.h,0,1,1
/media/ullmann/HDDGabriel/engines/o3de/Gems/Atom/Asset/ImageProcessingAtom/Code/Source/Platform/Linux/ImageProcessing_Traits_Linux.h,1,0,1
/media/ullmann/HDDGabriel/engines/o3de/Gems/LmbrCentral/Code/Source/Builders/CopyDependencyBuilder/EmfxWorkspaceBuilderWorker/EmfxWorkspaceBuilderWorker.h,2,0,2
/media/ullmann/HDDGabriel/engines/o3de/Gems/LyShine/Code/Source/UiDropdownOptionComponent.h,4,1,5
/media/ullmann/HDDGabriel/engines/o3de/Gems/LmbrCentral/Code/Source/Geometry/GeometrySystemComponent.cpp,0,1,1
/media/ullmann/HDDGabriel/engines/o3de/Gems/LmbrCentral/Code/Source/Geometry/GeometrySystemComponent.h,2,0,2
/media/ullmann/HDDGabriel/engines/o3de/Gems/GraphCanvas/Code/Source/Components/SceneComponent.h,2,0,2
/media/ullmann/HDDGabriel/engines/o3de/Code/Tools/ProjectManager/Source/GemCatalog/GemInfo.cpp,0,1,1
/media/ullmann/HDDGabriel/engines/o3de/Gems/EMotionFX/Code/EMotionFX/Tools/EMotionStudio/Plugins/StandardPlugins/Source/AnimGraph/ParameterEditor/IntSliderParameterEditor.cpp,0,1,1
/media/ullmann/HDDGabriel/engines/o3de/Code/Tools/AssetProcessor/native/tests/BuilderManagerTests.cpp,0,1,1
/media/ullmann/HDDGabriel/engines/o3de/Code/Tools/AssetProcessor/native/tests/BuilderManagerTests.h,1,0,1
/media/ullmann/HDDGabriel/engines/o3de/Code/Framework/AzCore/Tests/AZStd/Optional.cpp,0,1,1
/media/ullmann/HDDGabriel/engines/o3de/Gems/LyShine/Code/Editor/FindEntityItemModel.cpp,0,1,1
/media/ullmann/HDDGabriel/engines/o3de/Gems/LyShine/Code/Source/Script/UiElementLuaBus.cpp,0,1,1
/media/ullmann/HDDGabriel/engines/o3de/Gems/DiffuseProbeGrid/Code/Source/Platform/Linux/DiffuseProbeGrid_Traits_Platform.h,0,1,1
/media/ullmann/HDDGabriel/engines/o3de/Gems/DiffuseProbeGrid/Code/Source/Platform/Linux/DiffuseProbeGrid_Traits_Linux.h,1,0,1
/media/ullmann/HDDGabriel/engines/o3de/Gems/EMotionFX/Code/EMotionFX/Tools/EMotionStudio/EMStudioSDK/Source/LayoutManager.cpp,0,3,3
/media/ullmann/HDDGabriel/engines/o3de/Gems/WhiteBox/Code/Tests/WhiteBoxTest.cpp,0,2,2
/media/ullmann/HDDGabriel/engines/o3de/Gems/ScriptCanvas/Code/Include/ScriptCanvas/Libraries/Deprecated/Time/Countdown.cpp,0,1,1
/media/ullmann/HDDGabriel/engines/o3de/Gems/ScriptCanvas/Code/Include/ScriptCanvas/Libraries/Deprecated/Time/Countdown.h,1,0,1
/media/ullmann/HDDGabriel/engines/o3de/Gems/LyShine/Code/Editor/RulerWidget.cpp,0,5,5
/media/ullmann/HDDGabriel/engines/o3de/Gems/ScriptCanvas/Code/Include/ScriptCanvas/Libraries/Entity/EntityFunctions.cpp,0,1,1
/media/ullmann/HDDGabriel/engines/o3de/Gems/ScriptCanvas/Code/Include/ScriptCanvas/Libraries/Entity/EntityFunctions.h,1,0,1
/media/ullmann/HDDGabriel/engines/o3de/Gems/Maestro/Code/Source/Cinematics/AnimScreenFaderNode.h,3,1,4
/media/ullmann/HDDGabriel/engines/o3de/Code/Framework/AzToolsFramework/AzToolsFramework/UI/PropertyEditor/PropertyRowWidget.cpp,0,1,1
/media/ullmann/HDDGabriel/engines/o3de/Gems/LandscapeCanvas/Code/Source/Editor/Nodes/Shapes/DiskShapeNode.cpp,0,1,1
/media/ullmann/HDDGabriel/engines/o3de/Gems/LandscapeCanvas/Code/Source/Editor/Nodes/Shapes/DiskShapeNode.h,2,0,2
/media/ullmann/HDDGabriel/engines/o3de/Gems/Maestro/Code/Source/Cinematics/EventNode.cpp,0,3,3
/media/ullmann/HDDGabriel/engines/o3de/Gems/AtomTressFX/External/Code/src/TressFX/TressFXHairObject.cpp,0,3,3
/media/ullmann/HDDGabriel/engines/o3de/Gems/AtomLyIntegration/CommonFeatures/Code/Source/CoreLights/EditorDirectionalLightComponent.h,1,0,1
/media/ullmann/HDDGabriel/engines/o3de/Code/Tools/ProjectManager/Source/GemCatalog/GemItemDelegate.h,0,1,1
/media/ullmann/HDDGabriel/engines/o3de/Code/Editor/Include/ISourceControl.h,1,1,2
/media/ullmann/HDDGabriel/engines/o3de/Gems/ScriptCanvas/Code/Include/ScriptCanvas/Libraries/Math/Vector2.cpp,0,1,1
/media/ullmann/HDDGabriel/engines/o3de/Gems/ScriptCanvas/Code/Include/ScriptCanvas/Libraries/Math/Vector2.h,1,0,1
/media/ullmann/HDDGabriel/engines/o3de/Gems/AWSCore/Code/Platform/Windows/AWSCoreEditor_Traits_Platform.h,0,1,1
/media/ullmann/HDDGabriel/engines/o3de/Gems/AWSCore/Code/Platform/Windows/AWSCoreEditor_Traits_Windows.h,1,0,1
/media/ullmann/HDDGabriel/engines/o3de/Code/Editor/TrackView/TrackViewDopeSheetBase.h,4,2,6
/media/ullmann/HDDGabriel/engines/o3de/Gems/GraphCanvas/Code/Source/Translation/TranslationSerializer.h,1,0,1
/media/ullmann/HDDGabriel/engines/o3de/Gems/ScriptCanvas/Code/Include/ScriptCanvas/Core/DatumBus.h,1,1,2
/media/ullmann/HDDGabriel/engines/o3de/Gems/LmbrCentral/Code/Source/Scripting/EditorRandomTimedSpawnerComponent.h,2,1,3
/media/ullmann/HDDGabriel/engines/o3de/Code/Framework/AzCore/Tests/AZStd/Tuple.cpp,0,1,1
/media/ullmann/HDDGabriel/engines/o3de/Gems/LyShine/Code/Editor/Animation/UiAnimViewSequenceManager.cpp,0,4,4
/media/ullmann/HDDGabriel/engines/o3de/Gems/WhiteBox/Code/Source/Asset/EditorWhiteBoxMeshAsset.cpp,0,1,1
/media/ullmann/HDDGabriel/engines/o3de/Gems/LandscapeCanvas/Code/Source/Editor/Nodes/Shapes/CapsuleShapeNode.h,2,0,2
/media/ullmann/HDDGabriel/engines/o3de/Code/Framework/AzCore/Tests/Components.cpp,0,2,2
/media/ullmann/HDDGabriel/engines/o3de/Code/Framework/AzCore/Platform/Linux/AzCore/Socket/AzSocket_fwd_Platform.h,0,1,1
/media/ullmann/HDDGabriel/engines/o3de/Code/Framework/AzCore/Platform/Common/UnixLike/AzCore/Socket/AzSocket_fwd_UnixLike.h,4,0,4
/media/ullmann/HDDGabriel/engines/o3de/Gems/GraphCanvas/Code/Source/GraphCanvasGameModule.cpp,0,1,1
/media/ullmann/HDDGabriel/engines/o3de/Gems/GraphCanvas/Code/Source/GraphCanvasModule.h,2,0,2
/media/ullmann/HDDGabriel/engines/o3de/Code/Editor/StartupLogoDialog.cpp,0,2,2
/media/ullmann/HDDGabriel/engines/o3de/Code/Framework/AzToolsFramework/AzToolsFramework/SQLite/SQLiteBoundColumnSet.cpp,0,1,1
/media/ullmann/HDDGabriel/engines/o3de/Code/Framework/AzToolsFramework/AzToolsFramework/SQLite/SQLiteBoundColumnSet.h,1,1,2
/media/ullmann/HDDGabriel/engines/o3de/Code/Framework/AzToolsFramework/AzToolsFramework/UI/PropertyEditor/PropertyVectorCtrl.hxx,1,1,2
/media/ullmann/HDDGabriel/engines/o3de/Gems/EMotionFX/Code/Tests/RagdollCommandTests.cpp,0,1,1
/media/ullmann/HDDGabriel/engines/o3de/Gems/PhysX/Code/Source/Shape.cpp,0,1,1
/media/ullmann/HDDGabriel/engines/o3de/Gems/PhysX/Code/Source/Common/PhysXSceneQueryHelpers.h,3,0,3
/media/ullmann/HDDGabriel/engines/o3de/Code/Framework/AzCore/Tests/AZTestShared/Math/MathTestHelpers.cpp,0,1,1
/media/ullmann/HDDGabriel/engines/o3de/Code/Framework/AzCore/Tests/AZTestShared/Math/MathTestHelpers.h,1,0,1
/media/ullmann/HDDGabriel/engines/o3de/Gems/EMotionFX/Code/EMotionFX/Source/MorphSetup.cpp,0,2,2
/media/ullmann/HDDGabriel/engines/o3de/Gems/LyShine/Code/Source/UiImageComponent.h,4,1,5
/media/ullmann/HDDGabriel/engines/o3de/Gems/Vegetation/Code/Include/Vegetation/Editor/EditorAreaComponentBase.h,0,1,1
/media/ullmann/HDDGabriel/engines/o3de/Gems/Vegetation/Code/Include/Vegetation/Editor/EditorAreaComponentBase.inl,1,0,1
/media/ullmann/HDDGabriel/engines/o3de/Code/LauncherUnified/Platform/Linux/Launcher_Traits_Platform.h,0,1,1
/media/ullmann/HDDGabriel/engines/o3de/Code/LauncherUnified/Platform/Linux/Launcher_Traits_Linux.h,1,0,1
/media/ullmann/HDDGabriel/engines/o3de/Code/Framework/AzFramework/Tests/Platform/Common/Xcb/Printers.cpp,0,1,1
/media/ullmann/HDDGabriel/engines/o3de/Gems/EMotionFX/Code/EMotionFX/Source/AnimGraphHubNode.h,1,0,1
/media/ullmann/HDDGabriel/engines/o3de/Code/Editor/Util/XmlArchive.h,3,2,5
/media/ullmann/HDDGabriel/engines/o3de/Code/Framework/AzToolsFramework/AzToolsFramework/ToolsComponents/EditorVisibilityComponent.h,1,2,3
/media/ullmann/HDDGabriel/engines/o3de/Gems/RecastNavigation/Code/Source/RecastNavigationEditorSystemComponent.cpp,0,1,1
/media/ullmann/HDDGabriel/engines/o3de/Gems/EMotionFX/Code/EMotionFX/Tools/EMotionStudio/Plugins/StandardPlugins/Source/AnimGraph/BlendGraphWidget.h,4,0,4
/media/ullmann/HDDGabriel/engines/o3de/Gems/PhysX/Code/Tests/PhysXTestFixtures.cpp,0,2,2
/media/ullmann/HDDGabriel/engines/o3de/Gems/PhysX/Code/Tests/Benchmarks/PhysXBenchmarksCommon.h,1,0,1
/media/ullmann/HDDGabriel/engines/o3de/Gems/LyShine/Code/Editor/PresetButton.cpp,0,1,1
/media/ullmann/HDDGabriel/engines/o3de/Gems/LyShine/Code/Editor/PresetButton.h,3,0,3
/media/ullmann/HDDGabriel/engines/o3de/Gems/LyShine/Code/Editor/CommandHierarchyItemToggleIsVisible.cpp,0,1,1
/media/ullmann/HDDGabriel/engines/o3de/Gems/Maestro/Code/Source/Cinematics/LayerNode.h,3,1,4
/media/ullmann/HDDGabriel/engines/o3de/Code/Tools/CrashHandler/Platform/iOS/CrashHandler_Traits_Platform.h,0,1,1
/media/ullmann/HDDGabriel/engines/o3de/Code/Tools/CrashHandler/Platform/iOS/CrashHandler_Traits_iOS.h,1,0,1
/media/ullmann/HDDGabriel/engines/o3de/Gems/EMotionFX/Code/EMotionFX/Source/BlendTreeDirectionToWeightNode.cpp,0,4,4
/media/ullmann/HDDGabriel/engines/o3de/Gems/LmbrCentral/Code/Source/Shape/BoxShape.cpp,0,1,1
/media/ullmann/HDDGabriel/engines/o3de/Gems/LmbrCentral/Code/Source/Shape/BoxShape.h,4,0,4
/media/ullmann/HDDGabriel/engines/o3de/Gems/Terrain/Code/Source/EditorComponents/EditorTerrainLayerSpawnerComponent.h,1,0,1
/media/ullmann/HDDGabriel/engines/o3de/Code/Framework/AzToolsFramework/AzToolsFramework/UI/PropertyEditor/EntityIdQLabel.cpp,0,1,1
/media/ullmann/HDDGabriel/engines/o3de/Code/Framework/AzToolsFramework/AzToolsFramework/UI/PropertyEditor/EntityIdQLabel.hxx,1,0,1
/media/ullmann/HDDGabriel/engines/o3de/Code/Framework/AzCore/Tests/AZStd/VectorAndArray.cpp,0,1,1
/media/ullmann/HDDGabriel/engines/o3de/Code/Framework/AzFramework/AzFramework/Viewport/ViewportColors.cpp,0,1,1
/media/ullmann/HDDGabriel/engines/o3de/Code/Framework/AzFramework/AzFramework/Viewport/ViewportColors.h,1,0,1
/media/ullmann/HDDGabriel/engines/o3de/Gems/EMotionFX/Code/EMotionFX/Source/MorphMeshDeformer.h,3,4,7
/media/ullmann/HDDGabriel/engines/o3de/Gems/EMotionFX/Code/MCore/Source/DualQuaternion.h,1,5,6
/media/ullmann/HDDGabriel/engines/o3de/Gems/ScriptCanvas/Code/Include/ScriptCanvas/Libraries/Comparison/Greater.h,1,0,1
/media/ullmann/HDDGabriel/engines/o3de/Gems/EMotionFX/Code/EMotionFX/Tools/EMotionStudio/EMStudioSDK/Source/RemovePluginOnCloseDockWidget.cpp,0,4,4
/media/ullmann/HDDGabriel/engines/o3de/Gems/LyShine/Code/Editor/CommandHierarchyItemDelete.cpp,0,2,2
/media/ullmann/HDDGabriel/engines/o3de/Gems/Meshlets/Code/Source/Meshlets/MeshletsRenderObject.h,4,3,7
/media/ullmann/HDDGabriel/engines/o3de/Code/Framework/AzCore/Tests/AZStd/Lists.cpp,0,1,1
/media/ullmann/HDDGabriel/engines/o3de/Gems/GraphCanvas/Code/Source/Components/NodePropertyDisplays/NumericNodePropertyDisplay.h,1,0,1
/media/ullmann/HDDGabriel/engines/o3de/Gems/Atom/RHI/Vulkan/Code/Include/Platform/Linux/Atom_RHI_Vulkan_Platform.h,0,1,1
/media/ullmann/HDDGabriel/engines/o3de/Gems/Atom/RHI/Vulkan/Code/Include/Platform/Linux/Atom_RHI_Vulkan_Linux.h,1,0,1
/media/ullmann/HDDGabriel/engines/o3de/Code/Framework/AzQtComponents/AzQtComponents/Components/SearchLineEdit.cpp,0,1,1
/media/ullmann/HDDGabriel/engines/o3de/Code/Framework/AzQtComponents/AzQtComponents/Components/SearchLineEdit.h,1,0,1
/media/ullmann/HDDGabriel/engines/o3de/Gems/Atom/RPI/Code/Source/Platform/Linux/Atom_RPI_Traits_Platform.h,0,1,1
/media/ullmann/HDDGabriel/engines/o3de/Gems/Atom/RPI/Code/Source/Platform/Linux/Atom_RPI_Traits_Linux.h,1,0,1
/media/ullmann/HDDGabriel/engines/o3de/Gems/LyShine/Code/Source/UiCheckboxComponent.cpp,0,3,3
/media/ullmann/HDDGabriel/engines/o3de/Code/Tools/AssetProcessor/native/ui/GoToButton.cpp,0,1,1
/media/ullmann/HDDGabriel/engines/o3de/Code/Tools/AssetProcessor/native/ui/GoToButton.h,2,0,2
/media/ullmann/HDDGabriel/engines/o3de/Gems/Atom/Asset/Shader/Code/Tests/Common/ShaderBuilderTestFixture.cpp,0,1,1
/media/ullmann/HDDGabriel/engines/o3de/Code/Framework/AzToolsFramework/AzToolsFramework/UI/Outliner/EntityOutlinerDisplayOptionsMenu.cpp,0,1,1
/media/ullmann/HDDGabriel/engines/o3de/Code/Framework/AzToolsFramework/AzToolsFramework/UI/Outliner/EntityOutlinerDisplayOptionsMenu.h,1,0,1
/media/ullmann/HDDGabriel/engines/o3de/Code/Tools/AssetProcessor/native/tests/assetBuilderSDK/AssetBuilderSDKBehaviorTests.cpp,0,1,1
/media/ullmann/HDDGabriel/engines/o3de/Code/Tools/AssetProcessor/native/tests/assetBuilderSDK/assetBuilderSDKTest.h,3,0,3
/media/ullmann/HDDGabriel/engines/o3de/Code/Tools/AssetProcessor/native/utilities/BatchApplicationManager.cpp,0,1,1
/media/ullmann/HDDGabriel/engines/o3de/Code/Tools/AssetProcessor/native/utilities/BatchApplicationManager.h,2,0,2
/media/ullmann/HDDGabriel/engines/o3de/Gems/LyShine/Code/Editor/CoordinateSystemToolbarSection.cpp,0,2,2
/media/ullmann/HDDGabriel/engines/o3de/Gems/AtomTressFX/External/Code/src/TressFX/TressFXSimulation.cpp,0,4,4
/media/ullmann/HDDGabriel/engines/o3de/Gems/AtomTressFX/External/Code/src/TressFX/AMD_TressFX.h,3,0,3
/media/ullmann/HDDGabriel/engines/o3de/Gems/EMotionFX/Code/MCore/Source/CompressedQuaternion.h,1,3,4
/media/ullmann/HDDGabriel/engines/o3de/Gems/EMotionFX/Code/EMotionFX/Tools/EMotionStudio/Plugins/StandardPlugins/Source/AnimGraph/NodeConnection.cpp,0,3,3
/media/ullmann/HDDGabriel/engines/o3de/Gems/EMotionFX/Code/EMotionFX/Tools/EMotionStudio/Plugins/StandardPlugins/Source/AnimGraph/NodeConnection.h,2,0,2
/media/ullmann/HDDGabriel/engines/o3de/Gems/AudioSystem/Code/Source/Editor/AudioSystemPanel.cpp,0,5,5
/media/ullmann/HDDGabriel/engines/o3de/Gems/ScriptCanvas/Code/Include/ScriptCanvas/Libraries/Logic/LogicLibrary.cpp,0,5,5
/media/ullmann/HDDGabriel/engines/o3de/Gems/ScriptCanvas/Code/Include/ScriptCanvas/Libraries/Logic/And.h,1,0,1
/media/ullmann/HDDGabriel/engines/o3de/Gems/AWSCore/Code/Source/AWSCoreSystemComponent.h,2,0,2
/media/ullmann/HDDGabriel/engines/o3de/Gems/AWSClientAuth/Code/Source/Authentication/AuthenticationProviderTypes.h,1,0,1
/media/ullmann/HDDGabriel/engines/o3de/Code/Tools/TestImpactFramework/Frontend/Console/Native/Code/Source/TestImpactNativeRuntimeConfigurationFactory.h,2,0,2
/media/ullmann/HDDGabriel/engines/o3de/Gems/ScriptCanvas/Code/Include/ScriptCanvas/Libraries/Spawning/SpawningLibrary.cpp,0,1,1
/media/ullmann/HDDGabriel/engines/o3de/Gems/ScriptCanvas/Code/Include/ScriptCanvas/Libraries/Spawning/SpawningLibrary.h,1,0,1
/media/ullmann/HDDGabriel/engines/o3de/Code/Legacy/CrySystem/AZCrySystemInitLogSink.cpp,0,2,2
/media/ullmann/HDDGabriel/engines/o3de/Code/Legacy/CrySystem/AZCrySystemInitLogSink.h,2,0,2
/media/ullmann/HDDGabriel/engines/o3de/Gems/AtomLyIntegration/CommonFeatures/Code/Source/PostProcess/PostFxLayerComponent.h,1,0,1
/media/ullmann/HDDGabriel/engines/o3de/Gems/Multiplayer/Code/Tests/NetworkInputTests.cpp,0,2,2
/media/ullmann/HDDGabriel/engines/o3de/Gems/Multiplayer/Code/Tests/MockInterfaces.h,6,0,6
/media/ullmann/HDDGabriel/engines/o3de/Gems/Maestro/Code/Source/Cinematics/CharacterTrack.cpp,0,1,1
/media/ullmann/HDDGabriel/engines/o3de/Code/Framework/AzCore/Platform/iOS/AzCore/Socket/AzSocket_Platform.h,0,1,1
/media/ullmann/HDDGabriel/engines/o3de/Gems/EMotionFX/Code/MCore/Source/CompressedVector.h,0,4,4
/media/ullmann/HDDGabriel/engines/o3de/Gems/ScriptCanvas/Code/Include/ScriptCanvas/Libraries/Deprecated/Operators/Containers/OperatorAt.cpp,0,1,1
/media/ullmann/HDDGabriel/engines/o3de/Gems/AtomLyIntegration/ImguiAtom/Code/Source/ImguiAtomSystemComponent.cpp,0,1,1
/media/ullmann/HDDGabriel/engines/o3de/Gems/AtomLyIntegration/ImguiAtom/Code/Source/ImguiAtomSystemComponent.h,2,1,3
/media/ullmann/HDDGabriel/engines/o3de/Code/Tools/ProjectManager/Platform/Mac/ProjectManager_Traits_Platform.h,0,1,1
/media/ullmann/HDDGabriel/engines/o3de/Code/Tools/ProjectManager/Platform/Mac/ProjectManager_Traits_Mac.h,1,0,1
/media/ullmann/HDDGabriel/engines/o3de/Gems/AtomLyIntegration/CommonFeatures/Code/Source/PostProcess/Ssao/EditorSsaoComponent.h,1,0,1
/media/ullmann/HDDGabriel/engines/o3de/Gems/ScriptCanvas/Code/Include/ScriptCanvas/Grammar/ParsingUtilitiesScriptEventExtension.h,0,2,2
/media/ullmann/HDDGabriel/engines/o3de/Gems/AWSCore/Code/Source/AWSCoreEditorSystemComponent.cpp,0,2,2
/media/ullmann/HDDGabriel/engines/o3de/Gems/AWSCore/Code/Source/AWSCoreEditorSystemComponent.h,3,1,4
/media/ullmann/HDDGabriel/engines/o3de/Gems/Vegetation/Code/Tests/EmptyInstanceSpawnerTests.cpp,0,2,2
/media/ullmann/HDDGabriel/engines/o3de/Code/Editor/FileTypeUtils.cpp,0,2,2
/media/ullmann/HDDGabriel/engines/o3de/Gems/Atom/Asset/ImageProcessingAtom/Code/Source/Compressors/CryTextureSquisher/ColorBlockRGBA4x4f.cpp,0,1,1
/media/ullmann/HDDGabriel/engines/o3de/Gems/Atom/Asset/ImageProcessingAtom/Code/Source/Compressors/CryTextureSquisher/ColorBlockRGBA4x4f.h,2,1,3
/media/ullmann/HDDGabriel/engines/o3de/Gems/EMotionFX/Code/EMotionFX/Tools/EMotionStudio/Plugins/StandardPlugins/Source/AnimGraph/GraphNode.h,6,1,7
/media/ullmann/HDDGabriel/engines/o3de/Code/Tools/AssetProcessor/native/unittests/RCcontrollerUnitTests.h,1,1,2
/media/ullmann/HDDGabriel/engines/o3de/Gems/WhiteBox/Code/Source/Viewport/WhiteBoxEdgeScaleModifier.cpp,0,1,1
/media/ullmann/HDDGabriel/engines/o3de/Gems/WhiteBox/Code/Source/Viewport/WhiteBoxEdgeScaleModifier.h,1,0,1
/media/ullmann/HDDGabriel/engines/o3de/Gems/SliceFavorites/Code/Source/ComponentSliceFavoritesWindow.cpp,0,3,3
/media/ullmann/HDDGabriel/engines/o3de/Gems/SliceFavorites/Code/Source/SliceFavoritesWidget.h,2,0,2
/media/ullmann/HDDGabriel/engines/o3de/Gems/EditorPythonBindings/Code/Tests/PythonAssociativeTests.cpp,0,2,2
/media/ullmann/HDDGabriel/engines/o3de/Gems/MotionMatching/Code/Source/KdTree.cpp,0,3,3
/media/ullmann/HDDGabriel/engines/o3de/Code/Editor/Util/GeometryUtil.cpp,0,1,1
/media/ullmann/HDDGabriel/engines/o3de/Code/Editor/Util/GeometryUtil.h,1,0,1
/media/ullmann/HDDGabriel/engines/o3de/Code/Framework/AzFramework/Platform/Common/Default/AzFramework/Process/ProcessCommunicator_Default.cpp,0,1,1
/media/ullmann/HDDGabriel/engines/o3de/Code/Framework/AzFramework/Platform/Common/Default/AzFramework/Process/ProcessCommon_Default.h,1,0,1
/media/ullmann/HDDGabriel/engines/o3de/Gems/AudioSystem/Code/Source/Engine/AudioSystem.h,1,1,2
/media/ullmann/HDDGabriel/engines/o3de/Gems/PhysX/Code/Source/BoxColliderComponent.h,0,1,1
/media/ullmann/HDDGabriel/engines/o3de/Code/Framework/AzToolsFramework/AzToolsFramework/ViewportSelection/EditorBoxSelect.cpp,0,1,1
/media/ullmann/HDDGabriel/engines/o3de/Code/Framework/AzToolsFramework/AzToolsFramework/ViewportSelection/EditorBoxSelect.h,1,0,1
/media/ullmann/HDDGabriel/engines/o3de/Code/Tools/ProjectManager/Platform/Windows/ProjectManager_Test_Traits_Platform.h,0,1,1
/media/ullmann/HDDGabriel/engines/o3de/Code/Tools/ProjectManager/Platform/Windows/ProjectManager_Test_Traits_Windows.h,1,0,1
/media/ullmann/HDDGabriel/engines/o3de/Gems/EMotionFX/Code/EMotionFX/Source/BlendTreeBoolLogicNode.h,1,2,3
/media/ullmann/HDDGabriel/engines/o3de/Gems/EMotionFX/Code/EMotionFX/CommandSystem/Source/MotionEventCommands.cpp,0,2,2
/media/ullmann/HDDGabriel/engines/o3de/Code/Tools/ProjectManager/Source/FormImageBrowseEditWidget.h,2,1,3
/media/ullmann/HDDGabriel/engines/o3de/Gems/LyShine/Code/Editor/Animation/UiAnimViewCurveEditor.cpp,0,5,5
/media/ullmann/HDDGabriel/engines/o3de/Code/Tools/AssetProcessor/native/resourcecompiler/rccontroller.h,2,3,5
/media/ullmann/HDDGabriel/engines/o3de/Code/Tools/AssetProcessor/native/resourcecompiler/RCQueueSortModel.h,1,0,1
/media/ullmann/HDDGabriel/engines/o3de/Gems/SurfaceData/Code/Source/SurfaceDataEditorModule.cpp,0,4,4
/media/ullmann/HDDGabriel/engines/o3de/Gems/SurfaceData/Code/Source/SurfaceDataEditorModule.h,1,1,2
/media/ullmann/HDDGabriel/engines/o3de/Gems/Prefab/PrefabBuilder/PrefabBuilderModule.cpp,0,2,2
/media/ullmann/HDDGabriel/engines/o3de/Gems/Prefab/PrefabBuilder/PrefabGroup/PrefabGroupBehavior.h,1,0,1
/media/ullmann/HDDGabriel/engines/o3de/Gems/ExpressionEvaluation/Code/Source/ExpressionEngine/ExpressionPrimitive.h,1,0,1
/media/ullmann/HDDGabriel/engines/o3de/Code/Editor/Util/fastlib.h,1,0,1
/media/ullmann/HDDGabriel/engines/o3de/Gems/LmbrCentral/Code/Source/Unhandled/Hidden/TextureMipmapAssetTypeInfo.h,2,0,2
/media/ullmann/HDDGabriel/engines/o3de/Code/Editor/TrackView/TrackViewEventNode.cpp,0,1,1
/media/ullmann/HDDGabriel/engines/o3de/Gems/Multiplayer/Code/Source/NetworkEntity/NetworkEntityManager.h,1,0,1
/media/ullmann/HDDGabriel/engines/o3de/Gems/WhiteBox/Code/Source/Rendering/Atom/WhiteBoxMeshAtomData.cpp,0,2,2
/media/ullmann/HDDGabriel/engines/o3de/Code/Framework/AzToolsFramework/AzToolsFramework/Commands/EntityStateCommand.cpp,0,2,2
/media/ullmann/HDDGabriel/engines/o3de/Code/Framework/AzToolsFramework/AzToolsFramework/Commands/EntityStateCommand.h,1,0,1
/media/ullmann/HDDGabriel/engines/o3de/Gems/Multiplayer/Code/Source/ReplicationWindows/ServerToClientReplicationWindow.h,1,0,1
/media/ullmann/HDDGabriel/engines/o3de/Gems/Atom/Feature/Common/Code/Source/PostProcessing/SsaoPasses.h,1,0,1
/media/ullmann/HDDGabriel/engines/o3de/Code/Framework/AzToolsFramework/AzToolsFramework/UI/PropertyEditor/PropertyEnumComboBoxCtrl.hxx,1,1,2
/media/ullmann/HDDGabriel/engines/o3de/Gems/AtomLyIntegration/CommonFeatures/Code/Source/PostProcess/ChromaticAberration/EditorChromaticAberrationComponent.h,1,0,1
/media/ullmann/HDDGabriel/engines/o3de/Gems/AtomTressFX/External/Code/src/SceneGLTFImpl.cpp,0,1,1
/media/ullmann/HDDGabriel/engines/o3de/Gems/ScriptCanvas/Code/Include/ScriptCanvas/Core/Node.h,5,0,5
/media/ullmann/HDDGabriel/engines/o3de/Gems/EMotionFX/Code/EMotionFX/Tools/EMotionStudio/Plugins/StandardPlugins/Source/AnimGraph/AnimGraphVisualNode.cpp,0,3,3
/media/ullmann/HDDGabriel/engines/o3de/Gems/EMotionFX/Code/EMotionFX/Tools/EMotionStudio/Plugins/StandardPlugins/Source/AnimGraph/AnimGraphVisualNode.h,1,2,3
/media/ullmann/HDDGabriel/engines/o3de/Gems/FastNoise/Code/Source/FastNoiseModule.cpp,0,3,3
/media/ullmann/HDDGabriel/engines/o3de/Gems/LmbrCentral/Code/Source/Builders/CopyDependencyBuilder/XmlBuilderWorker/XmlBuilderWorker.cpp,0,1,1
/media/ullmann/HDDGabriel/engines/o3de/Gems/LmbrCentral/Code/Source/Builders/CopyDependencyBuilder/XmlBuilderWorker/XmlBuilderWorker.h,2,0,2
/media/ullmann/HDDGabriel/engines/o3de/Gems/FastNoise/Code/Source/FastNoiseModule.h,2,0,2
/media/ullmann/HDDGabriel/engines/o3de/Gems/EMotionFX/Code/Tests/AnimGraphSyncTrackTests.cpp,0,2,2
/media/ullmann/HDDGabriel/engines/o3de/Gems/EMotionFX/Code/Tests/TestAssetCode/MotionEvent.h,2,0,2
/media/ullmann/HDDGabriel/engines/o3de/Code/Editor/Undo/Undo.cpp,0,2,2
/media/ullmann/HDDGabriel/engines/o3de/Code/Framework/AzQtComponents/AzQtComponents/Components/Widgets/SegmentBar.cpp,0,1,1
/media/ullmann/HDDGabriel/engines/o3de/Code/Framework/AzQtComponents/AzQtComponents/Components/Widgets/SegmentBar.h,2,0,2
/media/ullmann/HDDGabriel/engines/o3de/Code/Editor/Plugins/ComponentEntityEditorPlugin/UI/Outliner/OutlinerListModel.cpp,0,5,5
/media/ullmann/HDDGabriel/engines/o3de/Code/Legacy/CryCommon/MathConversion.h,0,3,3
/media/ullmann/HDDGabriel/engines/o3de/Gems/EMotionFX/Code/EMotionFX/Source/AnimGraphObjectFactory.h,3,0,3
/media/ullmann/HDDGabriel/engines/o3de/Gems/CameraFramework/Code/Source/CameraFrameworkGem.cpp,0,1,1
/media/ullmann/HDDGabriel/engines/o3de/Gems/AtomLyIntegration/CommonFeatures/Code/Source/Animation/AttachmentComponent.cpp,0,1,1
/media/ullmann/HDDGabriel/engines/o3de/Gems/AtomLyIntegration/EMotionFXAtom/Code/Source/AtomBackend.h,2,0,2
/media/ullmann/HDDGabriel/engines/o3de/Gems/Atom/Component/DebugCamera/Code/Source/ArcBallControllerComponent.cpp,0,1,1
/media/ullmann/HDDGabriel/engines/o3de/Gems/Atom/Component/DebugCamera/Code/Source/DebugCameraUtils.h,3,0,3
/media/ullmann/HDDGabriel/engines/o3de/Code/Tools/LuaIDE/Source/LUA/LUATargetContextTrackerMessages.h,1,0,1
/media/ullmann/HDDGabriel/engines/o3de/Gems/Profiler/Code/Source/ProfilerImGuiModule.cpp,0,2,2
/media/ullmann/HDDGabriel/engines/o3de/Gems/Atom/RHI/Vulkan/Code/Include/Platform/Windows/Atom_RHI_Vulkan_Platform.h,0,1,1
/media/ullmann/HDDGabriel/engines/o3de/Gems/Atom/RHI/Vulkan/Code/Include/Platform/Windows/Atom_RHI_Vulkan_Windows.h,1,0,1
/media/ullmann/HDDGabriel/engines/o3de/Code/Framework/AzCore/AzCore/PlatformDef.h,0,1,1
/media/ullmann/HDDGabriel/engines/o3de/Code/Framework/AzCore/AzCore/PlatformRestrictedFileDef.h,1,0,1
/media/ullmann/HDDGabriel/engines/o3de/Gems/LyShine/Code/Editor/Animation/AnimationContext.cpp,0,2,2
/media/ullmann/HDDGabriel/engines/o3de/Code/Editor/LogFileImpl.cpp,0,3,3
/media/ullmann/HDDGabriel/engines/o3de/Gems/EMotionFX/Code/MCore/Source/Algorithms.inl,1,0,1
/media/ullmann/HDDGabriel/engines/o3de/Gems/EMotionFX/Code/EMotionFX/Tools/EMotionStudio/EMStudioSDK/Source/NodeSelectionWindow.h,3,2,5
/media/ullmann/HDDGabriel/engines/o3de/Gems/EMotionFX/Code/EMotionFX/Source/RepositioningLayerPass.h,1,2,3
/media/ullmann/HDDGabriel/engines/o3de/Code/Editor/TrackViewNewSequenceDialog.h,1,0,1
/media/ullmann/HDDGabriel/engines/o3de/Gems/LmbrCentral/Code/Source/Shape/SplineComponent.h,3,0,3
/media/ullmann/HDDGabriel/engines/o3de/Gems/SliceFavorites/Code/Source/SliceFavoritesSystemComponentBus.h,2,0,2
/media/ullmann/HDDGabriel/engines/o3de/Code/Tools/LuaIDE/Source/LUA/StackPanel.cpp,0,1,1
/media/ullmann/HDDGabriel/engines/o3de/Code/Tools/LuaIDE/Source/LUA/StackPanel.hxx,1,1,2
/media/ullmann/HDDGabriel/engines/o3de/Gems/EMotionFX/Code/Tests/AnimGraphTransitionConditionFixture.h,2,1,3
/media/ullmann/HDDGabriel/engines/o3de/Gems/Vegetation/Code/Source/Components/DescriptorListCombinerComponent.h,2,0,2
/media/ullmann/HDDGabriel/engines/o3de/Gems/ScriptCanvas/Code/Include/ScriptCanvas/Core/Contracts/MathOperatorContract.h,2,0,2
/media/ullmann/HDDGabriel/engines/o3de/Gems/GraphCanvas/Code/Source/Components/Connections/ConnectionVisualComponent.h,2,0,2
/media/ullmann/HDDGabriel/engines/o3de/Code/Editor/TrackView/TrackViewNode.cpp,0,1,1
/media/ullmann/HDDGabriel/engines/o3de/Gems/LmbrCentral/Code/Source/Builders/LevelBuilder/LevelBuilderWorker.cpp,0,1,1
/media/ullmann/HDDGabriel/engines/o3de/Gems/LmbrCentral/Code/Source/Builders/LevelBuilder/LevelBuilderWorker.h,2,0,2
/media/ullmann/HDDGabriel/engines/o3de/Gems/MotionMatching/Code/Source/TrajectoryQuery.cpp,0,2,2
/media/ullmann/HDDGabriel/engines/o3de/Gems/MotionMatching/Code/Source/TrajectoryQuery.h,2,1,3
/media/ullmann/HDDGabriel/engines/o3de/Code/Tools/AssetProcessor/native/tests/SourceFileRelocatorTests.cpp,0,1,1
/media/ullmann/HDDGabriel/engines/o3de/Code/Tools/AssetProcessor/native/tests/AssetProcessorTest.h,2,0,2
/media/ullmann/HDDGabriel/engines/o3de/Code/Tools/LuaIDE/Source/LUA/ClassReferencePanel.cpp,0,1,1
/media/ullmann/HDDGabriel/engines/o3de/Gems/EMotionFX/Code/EMotionFX/Source/BlendTreeVector3DecomposeNode.cpp,0,1,1
/media/ullmann/HDDGabriel/engines/o3de/Gems/EMotionFX/Code/EMotionFX/Source/BlendTreeVector3DecomposeNode.h,1,2,3
/media/ullmann/HDDGabriel/engines/o3de/Gems/AtomLyIntegration/CommonFeatures/Code/Source/PostProcess/Bloom/BloomComponent.h,1,0,1
/media/ullmann/HDDGabriel/engines/o3de/Gems/EMotionFX/Code/EMotionFX/Source/Attachment.cpp,0,2,2
/media/ullmann/HDDGabriel/engines/o3de/Code/Editor/Plugins/PerforcePlugin/PasswordDlg.cpp,0,2,2
/media/ullmann/HDDGabriel/engines/o3de/Code/Editor/GotoPositionDlg.cpp,0,6,6
/media/ullmann/HDDGabriel/engines/o3de/Code/Editor/GotoPositionDlg.h,2,0,2
/media/ullmann/HDDGabriel/engines/o3de/Code/Editor/EditorToolsApplication.h,2,2,4
/media/ullmann/HDDGabriel/engines/o3de/Code/Editor/Core/EditorMetricsPlainTextNameRegistration.h,2,0,2
/media/ullmann/HDDGabriel/engines/o3de/Code/Framework/AzToolsFramework/AzToolsFramework/UI/PropertyEditor/ExeSelectPropertyHandler.cpp,0,1,1
/media/ullmann/HDDGabriel/engines/o3de/Code/Framework/AzToolsFramework/AzToolsFramework/UI/PropertyEditor/ExeSelectPropertyHandler.h,1,0,1
/media/ullmann/HDDGabriel/engines/o3de/Gems/Atom/Feature/Common/Code/Source/SkinnedMesh/SkinnedMeshSystemComponent.h,1,0,1
/media/ullmann/HDDGabriel/engines/o3de/Gems/LmbrCentral/Code/Source/Unhandled/Texture/TextureAssetTypeInfo.h,2,0,2
/media/ullmann/HDDGabriel/engines/o3de/Code/Editor/TrackView/TrackViewCurveEditor.h,2,3,5
/media/ullmann/HDDGabriel/engines/o3de/Gems/WhiteBox/Code/Source/Asset/WhiteBoxMeshAssetHandler.h,3,0,3
/media/ullmann/HDDGabriel/engines/o3de/Gems/VideoPlaybackFramework/Code/Source/VideoPlaybackFrameworkModule.cpp,0,2,2
/media/ullmann/HDDGabriel/engines/o3de/Gems/VideoPlaybackFramework/Code/Source/VideoPlaybackFrameworkSystemComponent.h,2,0,2
/media/ullmann/HDDGabriel/engines/o3de/Gems/Atom/Asset/Shader/Code/Source/Editor/AzslShaderBuilderSystemComponent.cpp,0,2,2
/media/ullmann/HDDGabriel/engines/o3de/Gems/LyShine/Code/Tests/Mocks/UiDynamicScrollBoxDataBusHandlerMock.h,1,0,1
/media/ullmann/HDDGabriel/engines/o3de/Gems/HttpRequestor/Code/Source/HttpRequestManager.cpp,0,1,1
/media/ullmann/HDDGabriel/engines/o3de/Gems/HttpRequestor/Code/Source/HttpRequestManager.h,2,0,2
/media/ullmann/HDDGabriel/engines/o3de/Gems/RecastNavigation/Code/Source/EditorComponents/EditorDetourNavigationComponent.cpp,0,1,1
/media/ullmann/HDDGabriel/engines/o3de/Gems/AtomLyIntegration/CommonFeatures/Code/Source/SurfaceData/SurfaceDataMeshComponent.h,2,0,2
/media/ullmann/HDDGabriel/engines/o3de/Gems/EMotionFX/Code/MCore/Source/AttributeBool.cpp,0,3,3
/media/ullmann/HDDGabriel/engines/o3de/Gems/Atom/RHI/Metal/Code/Source/Platform/Linux/Metal_Traits_Platform.h,0,1,1
/media/ullmann/HDDGabriel/engines/o3de/Gems/Atom/RHI/Metal/Code/Source/Platform/Linux/Metal_Traits_Linux.h,1,0,1
/media/ullmann/HDDGabriel/engines/o3de/Gems/ScriptCanvas/Code/Include/ScriptCanvas/Libraries/Core/EBusEventHandler.cpp,0,1,1
/media/ullmann/HDDGabriel/engines/o3de/Gems/ScriptCanvas/Code/Include/ScriptCanvas/Libraries/Core/EBusEventHandler.h,2,0,2
/media/ullmann/HDDGabriel/engines/o3de/Code/Tools/ProjectManager/Platform/Mac/ProjectManager_Test_Traits_Platform.h,0,1,1
/media/ullmann/HDDGabriel/engines/o3de/Code/Tools/ProjectManager/Platform/Mac/ProjectManager_Test_Traits_Mac.h,1,0,1
/media/ullmann/HDDGabriel/engines/o3de/Gems/InAppPurchases/Code/Source/InAppPurchasesModule.h,1,0,1
/media/ullmann/HDDGabriel/engines/o3de/Gems/LyShine/Code/Source/World/UiCanvasAssetRefComponent.cpp,0,1,1
/media/ullmann/HDDGabriel/engines/o3de/Gems/AudioEngineWwise/Code/Source/Engine/FileIOHandler_wwise.cpp,0,1,1
/media/ullmann/HDDGabriel/engines/o3de/Code/Editor/ConsoleDialog.h,2,0,2
/media/ullmann/HDDGabriel/engines/o3de/Gems/AWSGameLift/Code/AWSGameLiftClient/Source/AWSGameLiftClientSystemComponent.h,2,1,3
/media/ullmann/HDDGabriel/engines/o3de/Code/Legacy/CrySystem/RemoteConsole/RemoteConsole.cpp,0,1,1
/media/ullmann/HDDGabriel/engines/o3de/Gems/AtomLyIntegration/AtomFont/Code/Source/Module.cpp,0,1,1
/media/ullmann/HDDGabriel/engines/o3de/Gems/AtomLyIntegration/AtomFont/Code/Source/AtomFontSystemComponent.h,2,0,2
/media/ullmann/HDDGabriel/engines/o3de/Gems/Atom/RPI/Code/Source/RPI.Builders/Model/MaterialAssetBuilderComponent.h,1,0,1
/media/ullmann/HDDGabriel/engines/o3de/Gems/Atom/Feature/Common/Code/Source/PostProcessing/ChromaticAberrationPass.h,1,0,1
/media/ullmann/HDDGabriel/engines/o3de/Gems/LmbrCentral/Code/Source/Ai/NavigationSystemComponent.h,2,0,2
/media/ullmann/HDDGabriel/engines/o3de/Gems/ScriptCanvas/Code/Include/ScriptCanvas/Core/ExecutionNotificationsBus.cpp,0,2,2
/media/ullmann/HDDGabriel/engines/o3de/Gems/ScriptCanvas/Code/Include/ScriptCanvas/Core/ExecutionNotificationsBus.h,1,1,2
/media/ullmann/HDDGabriel/engines/o3de/Code/Framework/AzQtComponents/AzQtComponents/Gallery/FixedStateButton.cpp,0,1,1
/media/ullmann/HDDGabriel/engines/o3de/Code/Framework/AzQtComponents/AzQtComponents/Gallery/FixedStateButton.h,2,0,2
/media/ullmann/HDDGabriel/engines/o3de/Gems/Atom/Tools/ShaderManagementConsole/Code/Source/ShaderManagementConsoleApplication.h,2,1,3
/media/ullmann/HDDGabriel/engines/o3de/Code/Framework/AzToolsFramework/AzToolsFramework/UI/PropertyEditor/PropertyEntityIdCtrl.cpp,0,2,2
/media/ullmann/HDDGabriel/engines/o3de/Gems/EMotionFX/Code/EMotionFX/Source/Parameter/TagParameter.h,1,1,2
/media/ullmann/HDDGabriel/engines/o3de/Gems/EMotionFX/Code/EMotionFX/Source/Parameter/BoolParameter.h,2,1,3
/media/ullmann/HDDGabriel/engines/o3de/Gems/LyShine/Code/Editor/CommandHierarchyItemCreate.cpp,0,1,1
/media/ullmann/HDDGabriel/engines/o3de/Gems/EMotionFX/Code/MCore/Source/FileSystem.cpp,0,3,3
/media/ullmann/HDDGabriel/engines/o3de/Gems/EMotionFX/Code/MCore/Source/FileSystem.h,2,1,3
/media/ullmann/HDDGabriel/engines/o3de/Code/Editor/Controls/ImageHistogramCtrl.cpp,0,1,1
/media/ullmann/HDDGabriel/engines/o3de/Code/Editor/Controls/ImageHistogramCtrl.h,1,0,1
/media/ullmann/HDDGabriel/engines/o3de/Gems/LandscapeCanvas/Code/Source/EditorLandscapeCanvasComponent.cpp,0,1,1
/media/ullmann/HDDGabriel/engines/o3de/Code/Editor/TrackView/CommentKeyUIControls.cpp,0,2,2
/media/ullmann/HDDGabriel/engines/o3de/Code/Tools/AssetProcessor/native/unittests/UnitTestRunner.cpp,0,1,1
/media/ullmann/HDDGabriel/engines/o3de/Gems/AtomLyIntegration/AtomViewportDisplayInfo/Code/Source/AtomViewportDisplayInfoSystemComponent.cpp,0,1,1
/media/ullmann/HDDGabriel/engines/o3de/Gems/Vegetation/Code/Source/AreaSystemComponent.cpp,0,2,2
/media/ullmann/HDDGabriel/engines/o3de/Gems/Atom/Feature/Common/Code/Source/Material/SubsurfaceTransmissionParameterFunctor.cpp,0,1,1
/media/ullmann/HDDGabriel/engines/o3de/Gems/Multiplayer/Code/Source/Debug/MultiplayerConnectionViewportMessageSystemComponent.cpp,0,1,1
/media/ullmann/HDDGabriel/engines/o3de/Gems/Multiplayer/Code/Source/Debug/MultiplayerConnectionViewportMessageSystemComponent.h,1,0,1
/media/ullmann/HDDGabriel/engines/o3de/Gems/EMotionFX/Code/EMotionFX/Source/TwoStringEventData.cpp,0,2,2
/media/ullmann/HDDGabriel/engines/o3de/Gems/EMotionFX/Code/EMotionFX/Source/TwoStringEventData.h,3,0,3
/media/ullmann/HDDGabriel/engines/o3de/Gems/Meshlets/ASV_GPU_and_CPU_Demo/SampleComponentManager.cpp,0,1,1
/media/ullmann/HDDGabriel/engines/o3de/Gems/Meshlets/ASV_GPU_and_CPU_Demo/MeshletsExampleComponent.h,2,0,2
/media/ullmann/HDDGabriel/engines/o3de/Gems/AudioSystem/Code/Source/Editor/AudioResourceSelectors.cpp,0,3,3
/media/ullmann/HDDGabriel/engines/o3de/Gems/Terrain/Code/Source/Components/TerrainPhysicsColliderComponent.h,1,0,1
/media/ullmann/HDDGabriel/engines/o3de/Gems/Maestro/Code/Source/Cinematics/CaptureTrack.cpp,0,1,1
/media/ullmann/HDDGabriel/engines/o3de/Code/Tools/AssetProcessor/native/tests/ApplicationManagerTests.cpp,0,1,1
/media/ullmann/HDDGabriel/engines/o3de/Code/Tools/AssetProcessor/native/tests/ApplicationManagerTests.h,1,2,3
/media/ullmann/HDDGabriel/engines/o3de/Gems/Atom/Asset/ImageProcessingAtom/Code/Source/Platform/Mac/ImageProcessing_Traits_Platform.h,0,1,1
/media/ullmann/HDDGabriel/engines/o3de/Gems/Atom/Asset/ImageProcessingAtom/Code/Source/Platform/Mac/ImageProcessing_Traits_Mac.h,1,0,1
/media/ullmann/HDDGabriel/engines/o3de/Gems/WhiteBox/Code/Source/Viewport/WhiteBoxVertexTranslationModifier.cpp,0,1,1
/media/ullmann/HDDGabriel/engines/o3de/Gems/WhiteBox/Code/Source/Viewport/WhiteBoxVertexTranslationModifier.h,1,0,1
/media/ullmann/HDDGabriel/engines/o3de/Gems/EMotionFX/Code/EMotionFX/Tools/EMotionStudio/Plugins/StandardPlugins/Source/TimeView/TrackDataHeaderWidget.h,2,2,4
/media/ullmann/HDDGabriel/engines/o3de/Code/Tools/ProjectManager/Source/UpdateProjectSettingsScreen.cpp,0,6,6
/media/ullmann/HDDGabriel/engines/o3de/Code/Tools/ProjectManager/Source/ProjectManagerWindow.cpp,0,3,3
/media/ullmann/HDDGabriel/engines/o3de/Code/Framework/AzFramework/AzFramework/Logging/LoggingComponent.h,1,1,2
/media/ullmann/HDDGabriel/engines/o3de/Code/Framework/AzFramework/AzFramework/Logging/LogFile.h,3,0,3
/media/ullmann/HDDGabriel/engines/o3de/Gems/AtomTressFX/External/Code/src/TressFX/TressFXBoneSkinning.h,1,4,5
/media/ullmann/HDDGabriel/engines/o3de/Gems/AtomTressFX/External/Code/src/TressFX/TressFXSDFInputMeshInterface.h,2,0,2
/media/ullmann/HDDGabriel/engines/o3de/Gems/EMotionFX/Code/EMotionFX/Source/Importer/MotionFileFormat.h,1,1,2
/media/ullmann/HDDGabriel/engines/o3de/Code/Editor/Util/XmlArchive.cpp,0,2,2
/media/ullmann/HDDGabriel/engines/o3de/Gems/AWSCore/Code/Platform/Mac/AWSCore_Traits_Platform.h,0,1,1
/media/ullmann/HDDGabriel/engines/o3de/Gems/AWSCore/Code/Platform/Mac/AWSCore_Traits_Mac.h,1,0,1
/media/ullmann/HDDGabriel/engines/o3de/Gems/ScriptCanvas/Code/Include/ScriptCanvas/AutoGen/ScriptCanvasAutoGenRegistry.cpp,0,1,1
/media/ullmann/HDDGabriel/engines/o3de/Gems/ScriptCanvas/Code/Include/ScriptCanvas/AutoGen/ScriptCanvasAutoGenRegistry.h,1,0,1
/media/ullmann/HDDGabriel/engines/o3de/Gems/AssetValidation/Code/Source/AssetSystemTestCommands.cpp,0,1,1
/media/ullmann/HDDGabriel/engines/o3de/Gems/AssetValidation/Code/Source/AssetSystemTestCommands.h,2,0,2
/media/ullmann/HDDGabriel/engines/o3de/Code/Legacy/CrySystem/CmdLine.cpp,0,2,2
/media/ullmann/HDDGabriel/engines/o3de/Gems/LyShineExamples/Code/Source/LyShineExamplesCppExample.cpp,0,1,1
/media/ullmann/HDDGabriel/engines/o3de/Code/Tools/LuaIDE/Source/LUA/DebugAttachmentButton.hxx,2,1,3
/media/ullmann/HDDGabriel/engines/o3de/Gems/Vegetation/Code/Source/VegetationSystemComponent.cpp,0,1,1
/media/ullmann/HDDGabriel/engines/o3de/Gems/Vegetation/Code/Source/VegetationSystemComponent.h,2,0,2
/media/ullmann/HDDGabriel/engines/o3de/Gems/Atom/RHI/Code/Source/Platform/Linux/Atom_RHI_Traits_Platform.h,0,1,1
/media/ullmann/HDDGabriel/engines/o3de/Gems/Atom/RHI/Code/Source/Platform/Linux/Atom_RHI_Traits_Linux.h,1,0,1
/media/ullmann/HDDGabriel/engines/o3de/Gems/EMotionFX/Code/EMotionFX/Source/BlendTreeVector4ComposeNode.cpp,0,1,1
/media/ullmann/HDDGabriel/engines/o3de/Gems/EMotionFX/Code/EMotionFX/Source/BlendTreeVector4ComposeNode.h,1,2,3
/media/ullmann/HDDGabriel/engines/o3de/Code/Editor/AssetEditor/AssetEditorRequestsHandler.cpp,0,2,2
/media/ullmann/HDDGabriel/engines/o3de/Code/Editor/AssetEditor/AssetEditorWindow.h,3,0,3
/media/ullmann/HDDGabriel/engines/o3de/Gems/LmbrCentral/Code/Source/Builders/DependencyBuilder/DependencyBuilderComponent.cpp,0,1,1
/media/ullmann/HDDGabriel/engines/o3de/Code/Framework/AzCore/AzCore/std/smart_ptr/intrusive_base.h,0,1,1
/media/ullmann/HDDGabriel/engines/o3de/Code/Framework/AzCore/AzCore/std/smart_ptr/intrusive_refcount.h,1,0,1
/media/ullmann/HDDGabriel/engines/o3de/Gems/HttpRequestor/Code/Source/HttpRequestorModule.cpp,0,1,1
/media/ullmann/HDDGabriel/engines/o3de/Gems/HttpRequestor/Code/Source/HttpRequestorSystemComponent.h,2,1,3
/media/ullmann/HDDGabriel/engines/o3de/Gems/Vegetation/Code/Source/Components/LevelSettingsComponent.cpp,0,1,1
/media/ullmann/HDDGabriel/engines/o3de/Gems/Vegetation/Code/Source/Components/LevelSettingsComponent.h,2,0,2
/media/ullmann/HDDGabriel/engines/o3de/Code/Editor/Util/ColumnGroupHeaderView.cpp,0,1,1
/media/ullmann/HDDGabriel/engines/o3de/Code/Editor/Util/ColumnGroupHeaderView.h,1,0,1
/media/ullmann/HDDGabriel/engines/o3de/Gems/Atom/RHI/Code/Source/Platform/Windows/Atom_RHI_Traits_Platform.h,0,1,1
/media/ullmann/HDDGabriel/engines/o3de/Gems/Atom/RHI/Code/Source/Platform/Windows/Atom_RHI_Traits_Windows.h,1,0,1
/media/ullmann/HDDGabriel/engines/o3de/Gems/SliceFavorites/Code/Source/SliceFavoritesModule.cpp,0,1,1
/media/ullmann/HDDGabriel/engines/o3de/Gems/VideoPlaybackFramework/Code/Source/VideoPlaybackFrameworkModule.h,1,0,1
/media/ullmann/HDDGabriel/engines/o3de/Gems/Atom/Asset/ImageProcessingAtom/Code/Source/Compressors/CryTextureSquisher/ColorBlockRGBA4x4s.cpp,0,1,1
/media/ullmann/HDDGabriel/engines/o3de/Code/Framework/AzCore/Tests/AZStd/Parallel.cpp,0,1,1
/media/ullmann/HDDGabriel/engines/o3de/Gems/AudioSystem/Code/Include/Editor/IAudioSystemControl.h,0,1,1
/media/ullmann/HDDGabriel/engines/o3de/Code/Editor/Plugins/EditorAssetImporter/AssetImporterDocument.cpp,0,1,1
/media/ullmann/HDDGabriel/engines/o3de/Code/Editor/Plugins/EditorAssetImporter/AssetImporterDocument.h,2,0,2
/media/ullmann/HDDGabriel/engines/o3de/Code/Tools/TestImpactFramework/Runtime/Python/Code/Source/Artifact/Static/TestImpactPythonTestTargetMeta.h,1,0,1
/media/ullmann/HDDGabriel/engines/o3de/Gems/AtomLyIntegration/CommonFeatures/Code/Source/EditorCommonFeaturesSystemComponent.cpp,0,3,3
/media/ullmann/HDDGabriel/engines/o3de/Gems/EMotionFX/Code/EMotionFX/Tools/EMotionStudio/Plugins/StandardPlugins/Source/AnimGraph/ParameterEditor/TagParameterEditor.h,2,1,3
/media/ullmann/HDDGabriel/engines/o3de/Gems/Multiplayer/Code/Tests/IMultiplayerConnectionMock.h,2,0,2
/media/ullmann/HDDGabriel/engines/o3de/Code/Framework/AzCore/AzCore/Math/Color.cpp,0,1,1
/media/ullmann/HDDGabriel/engines/o3de/Code/Framework/AzCore/AzCore/Math/Color.h,1,0,1
/media/ullmann/HDDGabriel/engines/o3de/Code/Editor/Include/Command.h,2,0,2
/media/ullmann/HDDGabriel/engines/o3de/Gems/EMotionFX/Code/EMotionFX/Source/LayerPass.h,1,2,3
/media/ullmann/HDDGabriel/engines/o3de/Gems/EMotionFX/Code/MCore/Source/MemoryTracker.cpp,0,2,2
/media/ullmann/HDDGabriel/engines/o3de/Gems/ScriptCanvas/Code/Editor/Translation/TranslationHelper.cpp,0,1,1
/media/ullmann/HDDGabriel/engines/o3de/Gems/ScriptCanvas/Code/Editor/Translation/TranslationHelper.h,1,0,1
/media/ullmann/HDDGabriel/engines/o3de/Gems/Camera/Code/Source/ViewportCameraSelectorWindow.h,3,0,3
/media/ullmann/HDDGabriel/engines/o3de/Gems/ScriptCanvas/Code/Include/ScriptCanvas/Translation/TranslationContext.h,2,1,3
/media/ullmann/HDDGabriel/engines/o3de/Gems/ScriptCanvas/Code/Include/ScriptCanvas/Translation/Translation.h,2,1,3
/media/ullmann/HDDGabriel/engines/o3de/Gems/ScriptCanvas/Code/Include/ScriptCanvas/Core/Contracts/DisplayGroupConnectedSlotLimitContract.cpp,0,1,1
/media/ullmann/HDDGabriel/engines/o3de/Gems/ScriptCanvas/Code/Include/ScriptCanvas/Core/Contracts/DisplayGroupConnectedSlotLimitContract.h,2,0,2
/media/ullmann/HDDGabriel/engines/o3de/Gems/LandscapeCanvas/Code/Source/Editor/Core/GraphContext.h,1,0,1
/media/ullmann/HDDGabriel/engines/o3de/Gems/Stars/Code/Source/StarsComponentConfig.h,1,1,2
/media/ullmann/HDDGabriel/engines/o3de/Code/Framework/AzCore/AzCore/Serialization/DataPatch.h,0,1,1
/media/ullmann/HDDGabriel/engines/o3de/Code/Framework/AzCore/AzCore/Serialization/ObjectStream.h,1,0,1
/media/ullmann/HDDGabriel/engines/o3de/Gems/Terrain/Code/Tests/TerrainTestFixtures.cpp,0,2,2
/media/ullmann/HDDGabriel/engines/o3de/Code/Framework/AzToolsFramework/AzToolsFramework/ToolsComponents/EditorLayerComponentBus.h,1,1,2
/media/ullmann/HDDGabriel/engines/o3de/Code/Legacy/CryCommon/INavigationSystem.h,1,2,3
/media/ullmann/HDDGabriel/engines/o3de/Gems/ScriptCanvasTesting/Code/Source/Nodes/Nodeables/SharedDataSlotExample.cpp,0,1,1
/media/ullmann/HDDGabriel/engines/o3de/Gems/ScriptCanvasTesting/Code/Source/Nodes/Nodeables/SharedDataSlotExample.h,1,0,1
/media/ullmann/HDDGabriel/engines/o3de/Gems/Vegetation/Code/Source/Components/DistanceBetweenFilterComponent.h,2,0,2
/media/ullmann/HDDGabriel/engines/o3de/Code/Framework/AzToolsFramework/AzToolsFramework/UI/UICore/QWidgetSavedState.cpp,0,1,1
/media/ullmann/HDDGabriel/engines/o3de/Code/Framework/AzToolsFramework/AzToolsFramework/UI/UICore/QWidgetSavedState.h,1,0,1
/media/ullmann/HDDGabriel/engines/o3de/Gems/GradientSignal/Code/Source/Editor/EditorMixedGradientComponent.h,2,0,2
/media/ullmann/HDDGabriel/engines/o3de/Gems/StartingPointInput/Code/Source/StartingPointInputGem.cpp,0,3,3
/media/ullmann/HDDGabriel/engines/o3de/Gems/StartingPointInput/Code/Source/InputEventMap.h,3,0,3
/media/ullmann/HDDGabriel/engines/o3de/Gems/Terrain/Code/Source/Components/TerrainWorldDebuggerComponent.h,1,0,1
/media/ullmann/HDDGabriel/engines/o3de/Code/Editor/TrackView/SequenceKeyUIControls.cpp,0,2,2
/media/ullmann/HDDGabriel/engines/o3de/Gems/LyShine/Code/Source/Particle/UiParticle.h,2,0,2
/media/ullmann/HDDGabriel/engines/o3de/Gems/Vegetation/Code/Include/Vegetation/Editor/EditorVegetationComponentBase.h,0,1,1
/media/ullmann/HDDGabriel/engines/o3de/Gems/Vegetation/Code/Include/Vegetation/Editor/EditorVegetationComponentBase.inl,1,0,1
/media/ullmann/HDDGabriel/engines/o3de/Code/Editor/UsedResources.cpp,0,3,3
/media/ullmann/HDDGabriel/engines/o3de/Gems/EMotionFX/Code/Tests/SystemComponentTests.cpp,0,1,1
/media/ullmann/HDDGabriel/engines/o3de/Gems/LyShine/Code/Editor/NewElementToolbarSection.cpp,0,1,1
/media/ullmann/HDDGabriel/engines/o3de/Gems/EMotionFX/Code/EMotionFX/Tools/EMotionStudio/EMStudioSDK/Source/GUIOptions.h,1,1,2
/media/ullmann/HDDGabriel/engines/o3de/Gems/EMotionFX/Code/EMotionFX/Tools/EMotionStudio/EMStudioSDK/Source/PluginOptions.h,2,0,2
/media/ullmann/HDDGabriel/engines/o3de/Gems/EMotionFX/Code/MCore/Source/AttributeColor.h,2,2,4
/media/ullmann/HDDGabriel/engines/o3de/Gems/ScriptCanvas/Code/Include/ScriptCanvas/Libraries/Core/Nodeling.h,1,0,1
/media/ullmann/HDDGabriel/engines/o3de/Gems/AudioSystem/Code/Source/Editor/AudioControlsWriter.cpp,0,3,3
/media/ullmann/HDDGabriel/engines/o3de/Gems/MotionMatching/Code/Source/FeatureMatrixMinMaxScaler.cpp,0,2,2
/media/ullmann/HDDGabriel/engines/o3de/Gems/LyShine/Code/Tests/AnimationTest.cpp,0,1,1
/media/ullmann/HDDGabriel/engines/o3de/Gems/LandscapeCanvas/Code/Source/Editor/Nodes/Shapes/BaseShapeNode.cpp,0,1,1
/media/ullmann/HDDGabriel/engines/o3de/Gems/LandscapeCanvas/Code/Source/Editor/Nodes/Shapes/BaseShapeNode.h,1,0,1
/media/ullmann/HDDGabriel/engines/o3de/Gems/AudioSystem/Code/Source/Engine/ATL.cpp,0,4,4
/media/ullmann/HDDGabriel/engines/o3de/Gems/Atom/Asset/ImageProcessingAtom/Code/Source/Converters/FIR-Windows.h,1,0,1
/media/ullmann/HDDGabriel/engines/o3de/Gems/LyShine/Code/Editor/ViewportElement.h,3,1,4
/media/ullmann/HDDGabriel/engines/o3de/Gems/Meshlets/Code/Source/Meshlets/MultiDispatchComputePass.cpp,0,1,1
/media/ullmann/HDDGabriel/engines/o3de/Code/Editor/TrackView/TrackViewTrack.cpp,0,4,4
/media/ullmann/HDDGabriel/engines/o3de/Gems/EMotionFX/Code/EMotionFX/Source/Parameter/TagParameter.cpp,0,1,1
/media/ullmann/HDDGabriel/engines/o3de/Gems/LandscapeCanvas/Code/Source/Editor/Nodes/Gradients/ShapeAreaFalloffGradientNode.h,2,0,2
/media/ullmann/HDDGabriel/engines/o3de/Gems/GameState/Code/Source/GameStateSystemComponent.cpp,0,1,1
/media/ullmann/HDDGabriel/engines/o3de/Gems/GameState/Code/Source/GameStateSystemComponent.h,2,0,2
/media/ullmann/HDDGabriel/engines/o3de/Gems/Terrain/Code/Source/EditorComponents/EditorTerrainPhysicsColliderComponent.h,1,0,1
/media/ullmann/HDDGabriel/engines/o3de/Gems/Compression/Code/Source/Clients/CompressionSystemComponent.cpp,0,1,1
/media/ullmann/HDDGabriel/engines/o3de/Code/Tools/ProjectManager/Source/GemsSubWidget.h,1,1,2
/media/ullmann/HDDGabriel/engines/o3de/Code/Editor/TrackView/SequenceBatchRenderDialog.cpp,0,1,1
/media/ullmann/HDDGabriel/engines/o3de/Code/Framework/AzCore/Platform/Common/UnixLike/AzCore/IO/Internal/SystemFileUtils_UnixLike.cpp,0,1,1
/media/ullmann/HDDGabriel/engines/o3de/Code/Framework/AzCore/Platform/Common/UnixLike/AzCore/IO/Internal/SystemFileUtils_UnixLike.h,1,0,1
/media/ullmann/HDDGabriel/engines/o3de/Gems/LyShine/Code/Editor/UiSliceManager.cpp,0,1,1
/media/ullmann/HDDGabriel/engines/o3de/Gems/EMotionFX/Code/EMotionFX/Tools/EMotionStudio/Plugins/StandardPlugins/Source/MotionEvents/MotionEventPresetCreateDialog.cpp,0,1,1
/media/ullmann/HDDGabriel/engines/o3de/Gems/EMotionFX/Code/EMotionFX/Tools/EMotionStudio/Plugins/StandardPlugins/Source/MotionEvents/MotionEventPresetCreateDialog.h,1,0,1
/media/ullmann/HDDGabriel/engines/o3de/Gems/LandscapeCanvas/Code/Source/Editor/Nodes/Shapes/TubeShapeNode.cpp,0,1,1
/media/ullmann/HDDGabriel/engines/o3de/Gems/LandscapeCanvas/Code/Source/Editor/Nodes/Shapes/TubeShapeNode.h,2,0,2
/media/ullmann/HDDGabriel/engines/o3de/Gems/AWSGameLift/Code/AWSGameLiftClient/Source/Activity/AWSGameLiftLeaveSessionActivity.h,1,0,1
/media/ullmann/HDDGabriel/engines/o3de/Gems/Metastream/Code/Source/Platform/Windows/Metastream_Traits_Platform.h,0,1,1
/media/ullmann/HDDGabriel/engines/o3de/Gems/Metastream/Code/Source/Platform/Windows/Metastream_Traits_Windows.h,1,0,1
/media/ullmann/HDDGabriel/engines/o3de/Gems/Atom/Feature/Common/Code/Source/PostProcessing/TaaPass.h,1,0,1
/media/ullmann/HDDGabriel/engines/o3de/Code/Editor/Util/ImageTIF.cpp,0,1,1
/media/ullmann/HDDGabriel/engines/o3de/Code/Editor/Util/ImageTIF.h,1,0,1
/media/ullmann/HDDGabriel/engines/o3de/Gems/Atom/Asset/Shader/Code/Source/Platform/Android/ShaderBuilder_Traits_Platform.h,0,1,1
/media/ullmann/HDDGabriel/engines/o3de/Gems/Atom/Asset/Shader/Code/Source/Platform/Android/ShaderBuilder_Traits_Android.h,1,0,1
/media/ullmann/HDDGabriel/engines/o3de/Gems/EMotionFX/Code/MysticQt/Source/DialogStack.h,1,1,2
/media/ullmann/HDDGabriel/engines/o3de/Gems/EMotionFX/Code/EMotionFX/Tools/EMotionStudio/EMStudioSDK/Source/NodeSelectionWindow.cpp,0,2,2
/media/ullmann/HDDGabriel/engines/o3de/Gems/Vegetation/Code/Source/Editor/EditorVegetationSystemComponent.cpp,0,1,1
/media/ullmann/HDDGabriel/engines/o3de/Gems/Vegetation/Code/Source/Editor/EditorVegetationSystemComponent.h,2,0,2
/media/ullmann/HDDGabriel/engines/o3de/Gems/LandscapeCanvas/Code/Source/Editor/Nodes/AreaModifiers/RotationModifierNode.h,2,0,2
/media/ullmann/HDDGabriel/engines/o3de/Code/Editor/Include/IIconManager.h,1,0,1
/media/ullmann/HDDGabriel/engines/o3de/Code/Editor/EditorPreferencesDialog.h,2,0,2
/media/ullmann/HDDGabriel/engines/o3de/Gems/EMotionFX/Code/EMotionFX/Tools/EMotionStudio/EMStudioSDK/Source/Commands.h,1,1,2
/media/ullmann/HDDGabriel/engines/o3de/Gems/LyShine/Code/Editor/PropertyHandlerChar.cpp,0,2,2
/media/ullmann/HDDGabriel/engines/o3de/Gems/LyShine/Code/Editor/PropertyHandlerChar.h,2,0,2
/media/ullmann/HDDGabriel/engines/o3de/Gems/EditorPythonBindings/Code/Tests/PythonContainerAnyTests.cpp,0,2,2
/media/ullmann/HDDGabriel/engines/o3de/Gems/ScriptCanvas/Code/Include/ScriptCanvas/Execution/Interpreted/ExecutionStateInterpretedPure.cpp,0,1,1
/media/ullmann/HDDGabriel/engines/o3de/Gems/ScriptCanvas/Code/Include/ScriptCanvas/Execution/Interpreted/ExecutionStateInterpretedPure.h,1,1,2
/media/ullmann/HDDGabriel/engines/o3de/Gems/EMotionFX/Code/EMotionFX/CommandSystem/Source/MiscCommands.cpp,0,2,2
/media/ullmann/HDDGabriel/engines/o3de/Gems/EMotionFX/Code/EMotionFX/CommandSystem/Source/MiscCommands.h,1,1,2
/media/ullmann/HDDGabriel/engines/o3de/Gems/ScriptCanvas/Code/Include/ScriptCanvas/Libraries/Core/FunctionCallNode.cpp,0,2,2
/media/ullmann/HDDGabriel/engines/o3de/Gems/PhysX/Code/Source/CapsuleColliderComponent.h,0,1,1
/media/ullmann/HDDGabriel/engines/o3de/Gems/Vegetation/Code/Source/Debugger/EditorDebugComponent.h,2,1,3
/media/ullmann/HDDGabriel/engines/o3de/Code/Editor/Util/XmlTemplate.cpp,0,1,1
/media/ullmann/HDDGabriel/engines/o3de/Code/Tools/AssetProcessor/native/tests/AssetProcessorTest.cpp,0,2,2
/media/ullmann/HDDGabriel/engines/o3de/Code/Tools/AssetProcessor/native/tests/BaseAssetProcessorTest.h,1,0,1
/media/ullmann/HDDGabriel/engines/o3de/Gems/StartingPointCamera/Code/Source/CameraTransformBehaviors/OffsetCameraPosition.cpp,0,1,1
/media/ullmann/HDDGabriel/engines/o3de/Gems/StartingPointCamera/Code/Source/CameraTransformBehaviors/OffsetCameraPosition.h,2,0,2
/media/ullmann/HDDGabriel/engines/o3de/Gems/EMotionFX/Code/EMotionFX/Source/SoftSkinManager.h,2,2,4
/media/ullmann/HDDGabriel/engines/o3de/Code/Framework/AzToolsFramework/AzToolsFramework/Editor/RichTextHighlighter.cpp,0,1,1
/media/ullmann/HDDGabriel/engines/o3de/Code/Framework/AzToolsFramework/AzToolsFramework/Editor/RichTextHighlighter.h,1,0,1
/media/ullmann/HDDGabriel/engines/o3de/Gems/Atom/Feature/Common/Code/Source/PostProcessing/DepthOfFieldMaskPass.h,1,0,1
/media/ullmann/HDDGabriel/engines/o3de/Gems/LmbrCentral/Code/Source/Audio/AudioRtpcComponent.cpp,0,1,1
/media/ullmann/HDDGabriel/engines/o3de/Gems/LyShine/Code/Source/UiMarkupButtonComponent.cpp,0,2,2
/media/ullmann/HDDGabriel/engines/o3de/Gems/LyShine/Code/Source/Tests/internal/test_UiMarkupButtonComponent.cpp,1,0,1
/media/ullmann/HDDGabriel/engines/o3de/Gems/EMotionFX/Code/EMotionFX/Tools/EMotionStudio/EMStudioSDK/Source/MorphTargetSelectionWindow.cpp,0,2,2
/media/ullmann/HDDGabriel/engines/o3de/Gems/EMotionFX/Code/EMotionFX/CommandSystem/Source/AnimGraphParameterCommands.h,1,1,2
/media/ullmann/HDDGabriel/engines/o3de/Gems/LyShine/Code/Editor/HierarchyClipboard.h,1,0,1
/media/ullmann/HDDGabriel/engines/o3de/Gems/EMotionFX/Code/EMotionFX/Source/Node.cpp,0,3,3
/media/ullmann/HDDGabriel/engines/o3de/Gems/EMotionFX/Code/EMotionFX/Source/NodeAttribute.h,1,2,3
/media/ullmann/HDDGabriel/engines/o3de/Gems/FastNoise/Code/Source/EditorFastNoiseGradientComponent.h,2,1,3
/media/ullmann/HDDGabriel/engines/o3de/Code/Tools/CrashHandler/Tools/ToolsCrashHandler.cpp,0,1,1
/media/ullmann/HDDGabriel/engines/o3de/Gems/AtomLyIntegration/CommonFeatures/Code/Source/PostProcess/DepthOfField/DepthOfFieldComponent.h,1,0,1
/media/ullmann/HDDGabriel/engines/o3de/Code/Legacy/CryCommon/VertexFormats.h,2,0,2
/media/ullmann/HDDGabriel/engines/o3de/Gems/ScriptCanvas/Code/Editor/GraphCanvas/Components/NodeDescriptors/ScriptEventSenderNodeDescriptorComponent.cpp,0,1,1
/media/ullmann/HDDGabriel/engines/o3de/Gems/ScriptCanvas/Code/Editor/GraphCanvas/Components/NodeDescriptors/ScriptEventSenderNodeDescriptorComponent.h,1,0,1
/media/ullmann/HDDGabriel/engines/o3de/Code/Tools/RemoteConsole/Platform/Linux/RemoteConsole_Traits_Platform.h,0,1,1
/media/ullmann/HDDGabriel/engines/o3de/Code/Tools/RemoteConsole/Platform/Linux/RemoteConsole_Traits_Linux.h,1,0,1
/media/ullmann/HDDGabriel/engines/o3de/Gems/ScriptCanvas/Code/Include/ScriptCanvas/Execution/Interpreted/ExecutionInterpretedOut.h,5,0,5
/media/ullmann/HDDGabriel/engines/o3de/Code/LauncherUnified/Platform/Common/UnixLike/Launcher_UnixLike.cpp,0,1,1
/media/ullmann/HDDGabriel/engines/o3de/Code/LauncherUnified/Platform/Common/UnixLike/Launcher_UnixLike.h,3,0,3
/media/ullmann/HDDGabriel/engines/o3de/Code/Tools/LuaIDE/Source/LUA/CodeCompletion/LUACompletionModel.cpp,0,1,1
/media/ullmann/HDDGabriel/engines/o3de/Code/Tools/LuaIDE/Source/LUA/CodeCompletion/LUACompletionModel.hxx,1,0,1
/media/ullmann/HDDGabriel/engines/o3de/Gems/FastNoise/Code/Tests/FastNoiseEditorTest.cpp,0,1,1
/media/ullmann/HDDGabriel/engines/o3de/Gems/GraphCanvas/Code/StaticLib/GraphCanvas/Components/NodePropertyDisplay/ReadOnlyDataInterface.h,0,1,1
/media/ullmann/HDDGabriel/engines/o3de/Gems/LmbrCentral/Code/Source/Shape/AxisAlignedBoxShape.cpp,0,1,1
/media/ullmann/HDDGabriel/engines/o3de/Gems/LmbrCentral/Code/Source/Shape/AxisAlignedBoxShape.h,3,1,4
/media/ullmann/HDDGabriel/engines/o3de/Gems/GraphCanvas/Code/Source/Components/Connections/ConnectionComponent.h,2,0,2
/media/ullmann/HDDGabriel/engines/o3de/Gems/LyShine/Code/Editor/AnchorPresetsWidget.cpp,0,3,3
/media/ullmann/HDDGabriel/engines/o3de/Gems/LyShine/Code/Editor/AnchorPresetsWidget.h,2,0,2
/media/ullmann/HDDGabriel/engines/o3de/Code/Tools/LuaIDE/Source/LUA/LUAEditorFindResults.cpp,0,3,3
/media/ullmann/HDDGabriel/engines/o3de/Gems/HttpRequestor/Code/Source/HttpRequestorSystemComponent.cpp,0,1,1
/media/ullmann/HDDGabriel/engines/o3de/Gems/Vegetation/Code/Source/Debugger/DebugComponent.cpp,0,1,1
/media/ullmann/HDDGabriel/engines/o3de/Gems/Vegetation/Code/Source/Debugger/DebugComponent.h,3,0,3
/media/ullmann/HDDGabriel/engines/o3de/Gems/ScriptCanvas/Code/Include/ScriptCanvas/Execution/Interpreted/ExecutionInterpretedEBusAPI.cpp,0,2,2
/media/ullmann/HDDGabriel/engines/o3de/Gems/ScriptCanvas/Code/Include/ScriptCanvas/Libraries/Logic/OrderedSequencer.cpp,0,1,1
/media/ullmann/HDDGabriel/engines/o3de/Gems/ScriptCanvas/Code/Include/ScriptCanvas/Libraries/Logic/OrderedSequencer.h,1,0,1
/media/ullmann/HDDGabriel/engines/o3de/Code/Tools/ProjectManager/Source/DownloadController.cpp,0,3,3
/media/ullmann/HDDGabriel/engines/o3de/Code/Editor/LevelTreeModel.h,2,0,2
/media/ullmann/HDDGabriel/engines/o3de/Gems/EMotionFX/Code/MysticQt/Source/RecentFiles.cpp,0,2,2
/media/ullmann/HDDGabriel/engines/o3de/Code/Editor/Util/ColumnGroupProxyModel.h,1,1,2
/media/ullmann/HDDGabriel/engines/o3de/Gems/ScriptCanvas/Code/Include/ScriptCanvas/Translation/TranslationContext.cpp,0,2,2
/media/ullmann/HDDGabriel/engines/o3de/Gems/EMotionFX/Code/EMotionFX/Source/SkinningInfoVertexAttributeLayer.h,5,2,7
/media/ullmann/HDDGabriel/engines/o3de/Gems/Vegetation/Code/Source/Editor/EditorSurfaceMaskDepthFilterComponent.cpp,0,1,1
/media/ullmann/HDDGabriel/engines/o3de/Gems/Vegetation/Code/Source/Editor/EditorSurfaceMaskDepthFilterComponent.h,2,0,2
/media/ullmann/HDDGabriel/engines/o3de/Code/Tools/AssetProcessor/native/main_batch.cpp,0,1,1
/media/ullmann/HDDGabriel/engines/o3de/Code/Editor/TrackView/EventKeyUIControls.cpp,0,2,2
/media/ullmann/HDDGabriel/engines/o3de/Gems/EMotionFX/Code/MCore/Source/CompressedVector.inl,1,0,1
/media/ullmann/HDDGabriel/engines/o3de/Gems/Maestro/Code/Source/Cinematics/2DSpline.h,1,0,1
/media/ullmann/HDDGabriel/engines/o3de/Code/Framework/AzToolsFramework/AzToolsFramework/Commands/DetachSubSliceInstanceCommand.cpp,0,1,1
/media/ullmann/HDDGabriel/engines/o3de/Code/Framework/AzToolsFramework/AzToolsFramework/Commands/DetachSubSliceInstanceCommand.h,1,0,1
/media/ullmann/HDDGabriel/engines/o3de/Gems/ScriptCanvas/Code/Include/ScriptCanvas/Libraries/Math/Matrix3x3.cpp,0,1,1
/media/ullmann/HDDGabriel/engines/o3de/Gems/ScriptCanvas/Code/Include/ScriptCanvas/Libraries/Math/Matrix3x3.h,1,0,1
/media/ullmann/HDDGabriel/engines/o3de/Gems/ImGui/External/ImGui/v1.82/imgui/imgui_tables.cpp,1,2,3
/media/ullmann/HDDGabriel/engines/o3de/Gems/EMotionFX/Code/EMotionFX/Exporters/ExporterLib/Exporter/StringExport.cpp,0,1,1
/media/ullmann/HDDGabriel/engines/o3de/Gems/EMotionFX/Code/MCore/Source/CompressedQuaternion.inl,1,0,1
/media/ullmann/HDDGabriel/engines/o3de/Code/Legacy/CrySystem/XML/XMLBinaryReader.h,3,0,3
/media/ullmann/HDDGabriel/engines/o3de/Code/Framework/AzToolsFramework/AzToolsFramework/ToolsComponents/TransformComponentBus.h,1,0,1
/media/ullmann/HDDGabriel/engines/o3de/Gems/EMotionFX/Code/EMotionFX/CommandSystem/Source/ImporterCommands.h,1,2,3
/media/ullmann/HDDGabriel/engines/o3de/Gems/LyShine/Code/Editor/ModeToolbar.h,1,0,1
/media/ullmann/HDDGabriel/engines/o3de/Code/Editor/Plugins/ComponentEntityEditorPlugin/UI/Outliner/OutlinerDisplayOptionsMenu.h,3,0,3
/media/ullmann/HDDGabriel/engines/o3de/Code/Editor/TrackView/TrackEventKeyUIControls.cpp,0,3,3
/media/ullmann/HDDGabriel/engines/o3de/Gems/LyShine/Code/Editor/ViewportMoveInteraction.h,2,2,4
/media/ullmann/HDDGabriel/engines/o3de/Gems/MessagePopup/Code/Source/LyShineMessagePopup.h,2,0,2
/media/ullmann/HDDGabriel/engines/o3de/Gems/LyShine/Code/Editor/PropertiesContainer.h,1,1,2
/media/ullmann/HDDGabriel/engines/o3de/Gems/LyShine/Code/Editor/CommandPropertiesChange.cpp,0,1,1
/media/ullmann/HDDGabriel/engines/o3de/Gems/LyShine/Code/Source/UiDropdownComponent.h,4,1,5
/media/ullmann/HDDGabriel/engines/o3de/Gems/EMotionFX/Code/EMotionFX/Pipeline/EMotionFXBuilder/MotionSetBuilderWorker.cpp,0,1,1
/media/ullmann/HDDGabriel/engines/o3de/Code/Legacy/CryCommon/ILocalizationManager.h,0,1,1
/media/ullmann/HDDGabriel/engines/o3de/Code/Legacy/CryCommon/LocalizationManagerBus.h,1,1,2
/media/ullmann/HDDGabriel/engines/o3de/Gems/AWSGameLift/Code/AWSGameLiftClient/Source/Activity/AWSGameLiftAcceptMatchActivity.h,1,0,1
/media/ullmann/HDDGabriel/engines/o3de/Gems/EMotionFX/Code/EMotionFX/Tools/EMotionStudio/EMStudioSDK/Source/MotionSetSelectionWindow.cpp,0,2,2
/media/ullmann/HDDGabriel/engines/o3de/Code/Framework/AzCore/Tests/Patching.cpp,0,1,1
/media/ullmann/HDDGabriel/engines/o3de/Gems/LmbrCentral/Code/Source/Builders/CopyDependencyBuilder/XmlFormattedAssetBuilderWorker.cpp,0,1,1
/media/ullmann/HDDGabriel/engines/o3de/Gems/LmbrCentral/Code/Source/Builders/CopyDependencyBuilder/XmlFormattedAssetBuilderWorker.h,1,1,2
/media/ullmann/HDDGabriel/engines/o3de/Code/Framework/AzCore/AzCore/Slice/SliceAssetHandler.h,1,0,1
/media/ullmann/HDDGabriel/engines/o3de/Code/Editor/Core/EditorActionsHandler.h,1,0,1
/media/ullmann/HDDGabriel/engines/o3de/Gems/AtomTressFX/External/Code/src/TressFXSample.h,1,1,2
/media/ullmann/HDDGabriel/engines/o3de/Gems/LmbrCentral/Code/Source/Shape/AxisAlignedBoxShapeComponent.cpp,0,1,1
/media/ullmann/HDDGabriel/engines/o3de/Gems/LmbrCentral/Code/Source/Shape/AxisAlignedBoxShapeComponent.h,4,1,5
/media/ullmann/HDDGabriel/engines/o3de/Gems/LyShine/Code/Editor/CommandHierarchyItemToggleIsSelectable.h,1,0,1
/media/ullmann/HDDGabriel/engines/o3de/Code/Framework/AzFramework/AzFramework/Entity/BehaviorEntity.cpp,0,1,1
/media/ullmann/HDDGabriel/engines/o3de/Code/Framework/AzFramework/AzFramework/Entity/BehaviorEntity.h,1,0,1
/media/ullmann/HDDGabriel/engines/o3de/Gems/WhiteBox/Code/Source/Viewport/WhiteBoxEdgeTranslationModifier.h,1,0,1
/media/ullmann/HDDGabriel/engines/o3de/Templates/PythonToolGem/Template/Code/Source/Tools/${Name}EditorModule.cpp,0,1,1
/media/ullmann/HDDGabriel/engines/o3de/Templates/PythonToolGem/Template/Code/Source/Tools/${Name}EditorSystemComponent.h,2,0,2
/media/ullmann/HDDGabriel/engines/o3de/Gems/Maestro/Code/Source/Cinematics/BoolTrack.cpp,0,1,1
/media/ullmann/HDDGabriel/engines/o3de/Code/Editor/Util/ImageUtil_impl.h,2,0,2
/media/ullmann/HDDGabriel/engines/o3de/Gems/EMotionFX/Code/EMotionFX/Source/MotionQueue.cpp,0,6,6
/media/ullmann/HDDGabriel/engines/o3de/Gems/GraphCanvas/Code/Source/Components/StylingComponent.h,2,0,2
/media/ullmann/HDDGabriel/engines/o3de/Gems/LyShine/Code/Source/UiInteractableState.h,4,0,4
/media/ullmann/HDDGabriel/engines/o3de/Code/Tools/AssetProcessor/native/tests/resourcecompiler/RCControllerTest.cpp,0,1,1
/media/ullmann/HDDGabriel/engines/o3de/Code/Tools/AssetProcessor/native/tests/resourcecompiler/RCControllerTest.h,1,0,1
/media/ullmann/HDDGabriel/engines/o3de/Gems/EMotionFX/Code/EMotionFX/Tools/EMotionStudio/EMStudioSDK/Source/MotionEventPresetManager.h,1,1,2
/media/ullmann/HDDGabriel/engines/o3de/Code/Editor/AnimationContext.h,5,2,7
/media/ullmann/HDDGabriel/engines/o3de/Gems/EMotionFX/Code/EMotionFX/Tools/EMotionStudio/Plugins/StandardPlugins/Source/AnimGraph/BlendSpaceNodeWidget.h,1,1,2
/media/ullmann/HDDGabriel/engines/o3de/Gems/EMotionFX/Code/EMotionFX/Tools/EMotionStudio/Plugins/StandardPlugins/Source/AnimGraph/AnimGraphNodeWidget.h,1,0,1
/media/ullmann/HDDGabriel/engines/o3de/Gems/ScriptCanvas/Code/Editor/GraphCanvas/DataInterfaces/ScriptCanvasEntityIdDataInterface.h,0,1,1
/media/ullmann/HDDGabriel/engines/o3de/Gems/RecastNavigation/Code/Source/RecastNavigationModule.cpp,0,2,2
/media/ullmann/HDDGabriel/engines/o3de/Gems/EMotionFX/Code/EMotionFX/Source/CompressedKeyFrames.h,1,2,3
/media/ullmann/HDDGabriel/engines/o3de/Gems/LyShine/Code/Source/World/UiCanvasProxyRefComponent.cpp,0,1,1
/media/ullmann/HDDGabriel/engines/o3de/Gems/TestAssetBuilder/Code/Source/Builder/TestIntermediateAssetBuilderComponent.h,1,0,1
/media/ullmann/HDDGabriel/engines/o3de/Gems/Atom/Feature/Common/Code/Source/Decals/DecalTextureArray.cpp,0,1,1
/media/ullmann/HDDGabriel/engines/o3de/Gems/Atom/Feature/Common/Code/Source/Decals/DecalTextureArray.h,1,0,1
/media/ullmann/HDDGabriel/engines/o3de/Code/Editor/TrackView/AtomOutputFrameCapture.h,2,0,2
/media/ullmann/HDDGabriel/engines/o3de/Gems/Terrain/Code/Source/Components/TerrainSystemComponent.h,1,0,1
/media/ullmann/HDDGabriel/engines/o3de/Gems/EMotionFX/Code/EMotionFX/Tools/EMotionStudio/Plugins/StandardPlugins/Source/AnimGraph/GraphNode.cpp,0,3,3
/media/ullmann/HDDGabriel/engines/o3de/Gems/AWSGameLift/Code/AWSGameLiftClient/Source/Activity/AWSGameLiftCreateSessionOnQueueActivity.h,1,0,1
/media/ullmann/HDDGabriel/engines/o3de/Gems/Atom/Asset/ImageProcessingAtom/Code/Source/Processing/ImageToProcess.h,2,0,2
/media/ullmann/HDDGabriel/engines/o3de/Gems/EMotionFX/Code/EMotionFX/Tools/EMotionStudio/EMStudioSDK/Source/Workspace.cpp,0,4,4
/media/ullmann/HDDGabriel/engines/o3de/Gems/SceneProcessing/Code/Source/Generation/Components/MeshOptimizer/MeshBuilderSubMesh.h,4,1,5
/media/ullmann/HDDGabriel/engines/o3de/Gems/Atom/RHI/Code/Tests/IntervalMapTests.cpp,0,1,1
/media/ullmann/HDDGabriel/engines/o3de/Code/LauncherUnified/Tests/LauncherUnifiedTests.cpp,0,1,1
/media/ullmann/HDDGabriel/engines/o3de/Code/LauncherUnified/Launcher.h,2,0,2
/media/ullmann/HDDGabriel/engines/o3de/Gems/ScriptCanvas/Code/Include/ScriptCanvas/Libraries/Comparison/EqualTo.h,1,0,1
/media/ullmann/HDDGabriel/engines/o3de/Gems/Compression/Code/Include/Compression/CompressionInterfaceAPI.h,0,1,1
/media/ullmann/HDDGabriel/engines/o3de/Gems/Compression/Code/Include/Compression/CompressionInterfaceAPI.inl,1,0,1
/media/ullmann/HDDGabriel/engines/o3de/Gems/ScriptEvents/Code/Tests/ScriptEventsTestFixture.h,1,2,3
/media/ullmann/HDDGabriel/engines/o3de/Gems/ScriptEvents/Code/Tests/ScriptEventsTestApplication.h,2,0,2
/media/ullmann/HDDGabriel/engines/o3de/Gems/EMotionFX/Code/EMotionFX/Tools/EMotionStudio/EMStudioSDK/Source/MorphTargetSelectionWindow.h,1,1,2
/media/ullmann/HDDGabriel/engines/o3de/Code/Framework/AzFramework/Tests/BehaviorEntityTests.cpp,0,1,1
/media/ullmann/HDDGabriel/engines/o3de/Gems/LandscapeCanvas/Code/Source/Editor/Nodes/Gradients/SurfaceMaskGradientNode.h,2,0,2
/media/ullmann/HDDGabriel/engines/o3de/Gems/Blast/Code/Tests/DamageManagerTest.cpp,0,1,1
/media/ullmann/HDDGabriel/engines/o3de/Gems/Vegetation/Code/Source/Editor/EditorAreaBlenderComponent.cpp,0,1,1
/media/ullmann/HDDGabriel/engines/o3de/Code/Framework/AzToolsFramework/AzToolsFramework/UI/Layer/NameConflictWarning.cpp,0,1,1
/media/ullmann/HDDGabriel/engines/o3de/Code/Framework/AzToolsFramework/AzToolsFramework/UI/Layer/NameConflictWarning.hxx,1,0,1
/media/ullmann/HDDGabriel/engines/o3de/Gems/EMotionFX/Code/EMotionFX/Source/Parameter/BoolParameter.cpp,0,1,1
/media/ullmann/HDDGabriel/engines/o3de/Code/Editor/Include/EditorCoreAPI.cpp,0,1,1
/media/ullmann/HDDGabriel/engines/o3de/Code/Legacy/CrySystem/XML/XmlUtils.h,3,0,3
/media/ullmann/HDDGabriel/engines/o3de/Gems/ScriptCanvas/Code/Include/ScriptCanvas/Libraries/Operators/Math/OperatorLerpNodeableNode.cpp,0,1,1
/media/ullmann/HDDGabriel/engines/o3de/Gems/ScriptCanvas/Code/Include/ScriptCanvas/Libraries/Operators/Math/OperatorLerpNodeableNode.h,1,0,1
/media/ullmann/HDDGabriel/engines/o3de/Code/Framework/AzQtComponents/AzQtComponents/Gallery/SegmentControlPage.cpp,0,1,1
/media/ullmann/HDDGabriel/engines/o3de/Code/Framework/AzQtComponents/AzQtComponents/Gallery/SegmentControlPage.h,2,0,2
/media/ullmann/HDDGabriel/engines/o3de/Code/Framework/AzToolsFramework/AzToolsFramework/Entity/EditorEntityContextComponent.h,0,1,1
/media/ullmann/HDDGabriel/engines/o3de/Code/Framework/AzToolsFramework/AzToolsFramework/Entity/EditorEntityContextBus.h,1,0,1
/media/ullmann/HDDGabriel/engines/o3de/Code/Editor/TrackView/TrackViewFindDlg.h,2,0,2
/media/ullmann/HDDGabriel/engines/o3de/Code/Framework/AzToolsFramework/Tests/EntityOwnershipService/EntityOwnershipServiceTestFixture.cpp,0,1,1
/media/ullmann/HDDGabriel/engines/o3de/Code/Framework/AzToolsFramework/Tests/EntityOwnershipService/EntityOwnershipServiceTestFixture.h,3,0,3
/media/ullmann/HDDGabriel/engines/o3de/Gems/ScriptCanvas/Code/Include/ScriptCanvas/Utils/VersioningUtils.cpp,0,1,1
/media/ullmann/HDDGabriel/engines/o3de/Gems/ScriptCanvas/Code/Include/ScriptCanvas/Utils/VersioningUtils.h,1,0,1
/media/ullmann/HDDGabriel/engines/o3de/Gems/LyShine/Code/Editor/PivotPresetsWidget.cpp,0,3,3
/media/ullmann/HDDGabriel/engines/o3de/Gems/Atom/RHI/Code/Tests/ImageTests.cpp,0,1,1
/media/ullmann/HDDGabriel/engines/o3de/Gems/InAppPurchases/Code/Source/Platform/Common/Apple/InAppPurchasesApple.h,0,1,1
/media/ullmann/HDDGabriel/engines/o3de/Gems/InAppPurchases/Code/Source/Platform/Common/Apple/InAppPurchasesDelegate.h,1,0,1
/media/ullmann/HDDGabriel/engines/o3de/Code/Editor/RenderHelpers/AxisHelper.cpp,0,1,1
/media/ullmann/HDDGabriel/engines/o3de/Code/Editor/RenderHelpers/AxisHelperShared.inl,1,0,1
/media/ullmann/HDDGabriel/engines/o3de/Code/Framework/AzToolsFramework/AzToolsFramework/UI/PropertyEditor/PropertyColorCtrl.hxx,1,0,1
/media/ullmann/HDDGabriel/engines/o3de/Code/Framework/AzToolsFramework/AzToolsFramework/UI/PropertyEditor/EntityIdQLineEdit.cpp,0,1,1
/media/ullmann/HDDGabriel/engines/o3de/Code/Framework/AzToolsFramework/AzToolsFramework/UI/PropertyEditor/EntityIdQLineEdit.h,1,0,1
/media/ullmann/HDDGabriel/engines/o3de/Gems/Atom/RHI/Code/Tests/IndirectBufferTests.cpp,0,1,1
/media/ullmann/HDDGabriel/engines/o3de/Gems/AtomLyIntegration/CommonFeatures/Code/Source/PostProcess/RadiusWeightModifier/RadiusWeightModifierComponent.h,1,0,1
/media/ullmann/HDDGabriel/engines/o3de/Code/Editor/Plugins/ProjectSettingsTool/FunctorValidator.cpp,0,1,1
/media/ullmann/HDDGabriel/engines/o3de/Gems/EMotionFX/Code/EMotionFX/Source/Parameter/IntParameter.cpp,0,1,1
/media/ullmann/HDDGabriel/engines/o3de/Code/Tools/ProjectManager/Source/AddRemoteProjectDialog.h,2,1,3
/media/ullmann/HDDGabriel/engines/o3de/Gems/LyShine/Code/Editor/RecentFiles.h,1,0,1
/media/ullmann/HDDGabriel/engines/o3de/Gems/AWSCore/Code/Source/Editor/AWSCoreEditorManager.h,1,0,1
/media/ullmann/HDDGabriel/engines/o3de/Gems/LyShine/Code/Editor/UndoStack.cpp,0,1,1
/media/ullmann/HDDGabriel/engines/o3de/Gems/AudioEngineWwise/Code/Source/AudioEngineWwiseGemSystemComponent.cpp,0,1,1
/media/ullmann/HDDGabriel/engines/o3de/Gems/AudioEngineWwise/Code/Source/AudioEngineWwiseGemSystemComponent.h,2,0,2
/media/ullmann/HDDGabriel/engines/o3de/Gems/Atom/Utils/Code/Include/Atom/Utils/ImGuiCullingDebug.h,0,1,1
/media/ullmann/HDDGabriel/engines/o3de/Gems/Atom/Utils/Code/Include/Atom/Utils/ImGuiCullingDebug.inl,1,0,1
/media/ullmann/HDDGabriel/engines/o3de/Gems/LyShine/Code/Source/Script/UiCanvasLuaBus.cpp,0,1,1
/media/ullmann/HDDGabriel/engines/o3de/Gems/LyShine/Code/Source/Animation/CompoundSplineTrack.h,4,0,4
/media/ullmann/HDDGabriel/engines/o3de/Gems/StartingPointCamera/Code/Source/CameraTargetAcquirers/AcquireByEntityId.h,2,0,2
/media/ullmann/HDDGabriel/engines/o3de/Gems/ScriptCanvas/Code/Include/ScriptCanvas/Execution/ExecutionPerformanceTimer.cpp,0,1,1
/media/ullmann/HDDGabriel/engines/o3de/Gems/ScriptCanvas/Code/Include/ScriptCanvas/Execution/ExecutionPerformanceTimer.h,1,0,1
/media/ullmann/HDDGabriel/engines/o3de/Code/Tools/CrashHandler/Tools/Uploader/SendReportDialog.h,2,0,2
/media/ullmann/HDDGabriel/engines/o3de/Code/Framework/AzToolsFramework/AzToolsFramework/AssetEditor/AssetEditorBus.cpp,0,1,1
/media/ullmann/HDDGabriel/engines/o3de/Code/Framework/AzToolsFramework/AzToolsFramework/AssetEditor/AssetEditorBus.h,1,0,1
/media/ullmann/HDDGabriel/engines/o3de/Gems/WhiteBox/Code/Source/Rendering/WhiteBoxMaterial.cpp,0,1,1
/media/ullmann/HDDGabriel/engines/o3de/Gems/EMotionFX/Code/EMotionFX/Source/AnimGraphRefCountedData.h,5,3,8
/media/ullmann/HDDGabriel/engines/o3de/Gems/EMotionFX/Code/EMotionFX/Tools/EMotionStudio/EMStudioSDK/Source/Allocators.cpp,0,1,1
/media/ullmann/HDDGabriel/engines/o3de/Gems/EMotionFX/Code/EMotionFX/Tools/EMotionStudio/EMStudioSDK/Source/Allocators.h,1,0,1
/media/ullmann/HDDGabriel/engines/o3de/Gems/Compression/Code/Source/Tools/CompressionEditorSystemComponent.cpp,0,1,1
/media/ullmann/HDDGabriel/engines/o3de/Gems/TextureAtlas/Code/Source/TextureAtlasModule.cpp,0,2,2
/media/ullmann/HDDGabriel/engines/o3de/Gems/TextureAtlas/Code/Source/TextureAtlasSystemComponent.h,2,0,2
/media/ullmann/HDDGabriel/engines/o3de/Gems/ScriptCanvas/Code/Include/ScriptCanvas/Libraries/Logic/WeightedRandomSequencer.h,2,0,2
/media/ullmann/HDDGabriel/engines/o3de/Gems/PythonAssetBuilder/Code/Source/PythonBuilderMessageSink.cpp,0,1,1
/media/ullmann/HDDGabriel/engines/o3de/Gems/PythonAssetBuilder/Code/Source/PythonBuilderMessageSink.h,1,0,1
/media/ullmann/HDDGabriel/engines/o3de/Gems/Vegetation/Code/Tests/VegetationComponentOperationTests.cpp,0,2,2
/media/ullmann/HDDGabriel/engines/o3de/Gems/DebugDraw/Code/Source/DebugDrawSphereComponent.cpp,0,1,1
/media/ullmann/HDDGabriel/engines/o3de/Code/Editor/Util/AbstractSortModel.cpp,0,1,1
/media/ullmann/HDDGabriel/engines/o3de/Gems/EMotionFX/Code/EMotionFX/Tools/EMotionStudio/EMStudioSDK/Source/Workspace.h,2,1,3
/media/ullmann/HDDGabriel/engines/o3de/Code/Editor/Util/Platform/Linux/FileUtil_Linux.cpp,0,1,1
/media/ullmann/HDDGabriel/engines/o3de/Gems/Atom/RPI/Code/Source/RPI.Public/ColorManagement/TransformColor.cpp,0,3,3
/media/ullmann/HDDGabriel/engines/o3de/Gems/Atom/RPI/Code/Source/RPI.Public/ColorManagement/GeneratedTransforms/XYZ_To_AcesCg.inl,1,0,1
/media/ullmann/HDDGabriel/engines/o3de/Gems/LmbrCentral/Code/Source/Asset/AssetSystemDebugComponent.cpp,0,1,1
/media/ullmann/HDDGabriel/engines/o3de/Gems/LmbrCentral/Code/Source/Asset/AssetSystemDebugComponent.h,2,0,2
/media/ullmann/HDDGabriel/engines/o3de/Gems/EMotionFX/Code/EMotionFX/Source/Parameter/StringParameter.h,1,1,2
/media/ullmann/HDDGabriel/engines/o3de/Gems/PhysX/Code/Source/EditorPhysXJointInterface.cpp,0,2,2
/media/ullmann/HDDGabriel/engines/o3de/Gems/PhysX/Code/Source/EditorPhysXJointInterface.h,1,0,1
/media/ullmann/HDDGabriel/engines/o3de/Gems/AtomLyIntegration/EditorModeFeedback/Code/Source/EditorModeFeedbackSystemComponent.cpp,0,2,2
/media/ullmann/HDDGabriel/engines/o3de/Gems/Camera/Code/Source/CameraComponent.cpp,0,1,1
/media/ullmann/HDDGabriel/engines/o3de/Gems/LyShine/Code/Editor/PropertiesWrapper.cpp,0,2,2
/media/ullmann/HDDGabriel/engines/o3de/Code/Editor/EditorToolsApplicationAPI.h,1,0,1
/media/ullmann/HDDGabriel/engines/o3de/Gems/RecastNavigation/Code/Source/Components/DetourNavigationComponent.h,1,0,1
/media/ullmann/HDDGabriel/engines/o3de/Gems/Atom/Feature/Common/Code/Source/AuxGeom/AuxGeomBase.h,4,0,4
/media/ullmann/HDDGabriel/engines/o3de/Gems/ExpressionEvaluation/Code/Source/ExpressionEvaluationModule.cpp,0,1,1
/media/ullmann/HDDGabriel/engines/o3de/Gems/AtomLyIntegration/CommonFeatures/Code/Source/PostProcess/LookModification/LookModificationComponent.h,1,0,1
/media/ullmann/HDDGabriel/engines/o3de/Code/Framework/AzCore/Platform/Windows/AzCore/Math/Random_Windows.cpp,0,1,1
/media/ullmann/HDDGabriel/engines/o3de/Code/Framework/AzCore/Platform/Windows/AzCore/Math/Random_Windows.h,1,0,1
/media/ullmann/HDDGabriel/engines/o3de/Gems/Atom/Feature/Common/Code/Source/Checkerboard/CheckerboardPass.h,1,0,1
/media/ullmann/HDDGabriel/engines/o3de/Gems/Atom/Tools/AtomToolsFramework/Code/Source/Platform/Mac/AtomToolsFramework_Traits_Platform.h,0,1,1
/media/ullmann/HDDGabriel/engines/o3de/Gems/Atom/Tools/AtomToolsFramework/Code/Source/Platform/Mac/AtomToolsFramework_Traits_Mac.h,1,0,1
/media/ullmann/HDDGabriel/engines/o3de/Gems/LyShine/Code/Editor/ViewportCanvasBackground.cpp,0,1,1
/media/ullmann/HDDGabriel/engines/o3de/Gems/Vegetation/Code/Source/Components/SurfaceAltitudeFilterComponent.cpp,0,1,1
/media/ullmann/HDDGabriel/engines/o3de/Gems/Vegetation/Code/Source/Components/SurfaceAltitudeFilterComponent.h,2,0,2
/media/ullmann/HDDGabriel/engines/o3de/Code/Editor/GameResourcesExporter.h,2,0,2
/media/ullmann/HDDGabriel/engines/o3de/Code/Framework/AzToolsFramework/AzToolsFramework/UI/PropertyEditor/PropertyCRCCtrl.h,1,1,2
/media/ullmann/HDDGabriel/engines/o3de/Gems/EMotionFX/Code/EMotionFX/Source/AnimGraphNodeGroup.cpp,0,2,2
/media/ullmann/HDDGabriel/engines/o3de/Gems/GraphCanvas/Code/Source/Components/Nodes/Comment/CommentLayerControllerComponent.h,1,0,1
/media/ullmann/HDDGabriel/engines/o3de/Gems/EMotionFX/Code/EMotionFX/Source/BlendTreeAccumTransformNode.h,0,2,2
/media/ullmann/HDDGabriel/engines/o3de/Gems/EMotionFX/Code/EMotionFX/Source/SoftSkinManager.cpp,0,2,2
/media/ullmann/HDDGabriel/engines/o3de/Gems/AWSMetrics/Code/Source/IdentityProvider.cpp,0,1,1
/media/ullmann/HDDGabriel/engines/o3de/Gems/AWSMetrics/Code/Source/DefaultClientIdProvider.h,3,1,4
/media/ullmann/HDDGabriel/engines/o3de/Code/Framework/AzQtComponents/AzQtComponents/Gallery/TypographyPage.cpp,0,1,1
/media/ullmann/HDDGabriel/engines/o3de/Gems/LmbrCentral/Code/Source/Shape/DiskShapeComponent.cpp,0,1,1
/media/ullmann/HDDGabriel/engines/o3de/Gems/EMotionFX/Code/Tests/ActorFixture.cpp,0,1,1
/media/ullmann/HDDGabriel/engines/o3de/Code/Editor/Util/AffineParts.h,1,0,1
/media/ullmann/HDDGabriel/engines/o3de/Gems/LyShine/Code/Source/UiStateActionManager.cpp,0,1,1
/media/ullmann/HDDGabriel/engines/o3de/Gems/ScriptCanvasTesting/Code/Source/Nodes/TestAutoGenFunctions.cpp,0,1,1
/media/ullmann/HDDGabriel/engines/o3de/Gems/ScriptCanvasTesting/Code/Source/Nodes/TestAutoGenFunctions.h,1,0,1
/media/ullmann/HDDGabriel/engines/o3de/Gems/AudioEngineWwise/Code/Platform/Linux/AudioEngineWwise_Traits_Platform.h,0,1,1
/media/ullmann/HDDGabriel/engines/o3de/Gems/AudioEngineWwise/Code/Platform/Linux/AudioEngineWwise_Traits_Linux.h,1,0,1
/media/ullmann/HDDGabriel/engines/o3de/Gems/DiffuseProbeGrid/Code/Source/Render/DiffuseProbeGridDownsamplePass.cpp,0,1,1
/media/ullmann/HDDGabriel/engines/o3de/Gems/DiffuseProbeGrid/Code/Source/Render/DiffuseProbeGridDownsamplePass.h,1,0,1
/media/ullmann/HDDGabriel/engines/o3de/Gems/ScriptEvents/Code/Include/ScriptEvents/ScriptEventSystem.h,1,2,3
/media/ullmann/HDDGabriel/engines/o3de/Code/Tools/ProjectManager/Source/FormImageBrowseEditWidget.cpp,0,1,1
/media/ullmann/HDDGabriel/engines/o3de/Code/Tools/TestImpactFramework/Frontend/Console/Native/Code/Source/TestImpactNativeCommandLineOptions.cpp,0,1,1
/media/ullmann/HDDGabriel/engines/o3de/Gems/Atom/Asset/Shader/Code/Source/Editor/ShaderBuildArgumentsManager.h,3,1,4
/media/ullmann/HDDGabriel/engines/o3de/Gems/Vegetation/Code/Tests/VegetationTest.cpp,0,2,2
/media/ullmann/HDDGabriel/engines/o3de/Code/Editor/ProcessInfo.cpp,0,2,2
/media/ullmann/HDDGabriel/engines/o3de/Gems/GraphCanvas/Code/Source/Components/Slots/Property/PropertySlotComponent.h,2,0,2
/media/ullmann/HDDGabriel/engines/o3de/Gems/Presence/Code/Source/PresenceSystemComponent.cpp,0,1,1
/media/ullmann/HDDGabriel/engines/o3de/Gems/AudioSystem/Code/Tests/Mocks/ATLEntitiesMock.h,1,0,1
/media/ullmann/HDDGabriel/engines/o3de/Gems/LandscapeCanvas/Code/Source/Editor/Nodes/AreaModifiers/SlopeAlignmentModifierNode.h,2,0,2
/media/ullmann/HDDGabriel/engines/o3de/Gems/EMotionFX/Code/EMotionFX/Source/KeyTrackLinearDynamic.inl,1,0,1
/media/ullmann/HDDGabriel/engines/o3de/Gems/ScriptCanvas/Code/Include/ScriptCanvas/Libraries/Math/Transform.cpp,0,1,1
/media/ullmann/HDDGabriel/engines/o3de/Gems/ScriptCanvas/Code/Include/ScriptCanvas/Libraries/Math/Transform.h,1,0,1
/media/ullmann/HDDGabriel/engines/o3de/Code/Framework/AzCore/AzCore/Component/ComponentBus.cpp,0,1,1
/media/ullmann/HDDGabriel/engines/o3de/Code/Framework/AzCore/AzCore/Component/ComponentBus.h,1,0,1
/media/ullmann/HDDGabriel/engines/o3de/Gems/AWSGameLift/Code/AWSGameLiftClient/Source/Activity/AWSGameLiftSearchSessionsActivity.h,1,0,1
/media/ullmann/HDDGabriel/engines/o3de/Gems/Vegetation/Code/Source/Components/RotationModifierComponent.h,2,0,2
/media/ullmann/HDDGabriel/engines/o3de/Code/Legacy/CryCommon/Maestro/Bus/EditorSequenceAgentComponentBus.h,0,1,1
/media/ullmann/HDDGabriel/engines/o3de/Code/Legacy/CryCommon/Maestro/Bus/SequenceAgentComponentBus.h,1,0,1
/media/ullmann/HDDGabriel/engines/o3de/Gems/EMotionFX/Code/EMotionFX/CommandSystem/Source/AnimGraphConditionCommands.cpp,0,2,2
/media/ullmann/HDDGabriel/engines/o3de/Gems/LandscapeCanvas/Code/Source/Editor/Nodes/AreaFilters/ShapeIntersectionFilterNode.cpp,0,1,1
/media/ullmann/HDDGabriel/engines/o3de/Gems/EMotionFX/Code/EMotionFX/Tools/EMotionStudio/Plugins/StandardPlugins/Source/MotionWindow/MotionPropertiesWindow.h,0,1,1
/media/ullmann/HDDGabriel/engines/o3de/Gems/ScriptAutomation/Code/Tests/ScriptAutomationTests.cpp,0,1,1
/media/ullmann/HDDGabriel/engines/o3de/Gems/ScriptAutomation/Code/Tests/ScriptAutomationApplicationFixture.h,2,0,2
/media/ullmann/HDDGabriel/engines/o3de/Code/Tools/LuaIDE/Source/LUA/LUAEditorFindDialog.hxx,2,1,3
/media/ullmann/HDDGabriel/engines/o3de/Gems/ScriptCanvas/Code/Include/ScriptCanvas/Internal/Nodeables/BaseTimer.cpp,0,1,1
/media/ullmann/HDDGabriel/engines/o3de/Gems/ScriptCanvas/Code/Include/ScriptCanvas/Internal/Nodeables/BaseTimer.h,1,0,1
/media/ullmann/HDDGabriel/engines/o3de/Code/Editor/DocMultiArchive.h,1,1,2
/media/ullmann/HDDGabriel/engines/o3de/Gems/Atom/Asset/Shader/Code/Tests/McppBinderTests.cpp,0,1,1
/media/ullmann/HDDGabriel/engines/o3de/Gems/ScriptCanvas/Code/Include/ScriptCanvas/Libraries/Time/DurationNodeable.cpp,0,1,1
/media/ullmann/HDDGabriel/engines/o3de/Gems/ScriptCanvas/Code/Include/ScriptCanvas/Libraries/Time/DurationNodeable.h,1,0,1
/media/ullmann/HDDGabriel/engines/o3de/Code/Framework/AzToolsFramework/AzToolsFramework/UI/LegacyFramework/Core/IPCComponent.cpp,0,1,1
/media/ullmann/HDDGabriel/engines/o3de/Code/Framework/AzToolsFramework/AzToolsFramework/UI/LegacyFramework/Core/IPCComponent.h,1,1,2
/media/ullmann/HDDGabriel/engines/o3de/Gems/GraphCanvas/Code/Source/Components/SceneMemberComponent.h,2,0,2
/media/ullmann/HDDGabriel/engines/o3de/Gems/Twitch/Code/Include/Twitch/RESTTypes.h,0,1,1
/media/ullmann/HDDGabriel/engines/o3de/Gems/Twitch/Code/Include/Twitch/BaseTypes.h,1,0,1
/media/ullmann/HDDGabriel/engines/o3de/Gems/WhiteBox/Code/Source/SubComponentModes/EditorWhiteBoxComponentModeCommon.cpp,0,1,1
/media/ullmann/HDDGabriel/engines/o3de/Gems/WhiteBox/Code/Source/SubComponentModes/EditorWhiteBoxComponentModeCommon.h,4,0,4
/media/ullmann/HDDGabriel/engines/o3de/Gems/EMotionFX/Code/EMotionFX/Source/BlendTreeVector2DecomposeNode.h,1,2,3
/media/ullmann/HDDGabriel/engines/o3de/Gems/GraphCanvas/Code/Source/Components/NodePropertyDisplays/AssetIdNodePropertyDisplay.h,1,0,1
/media/ullmann/HDDGabriel/engines/o3de/Code/Framework/AzCore/Tests/AZStd/ListsFixed.cpp,0,1,1
/media/ullmann/HDDGabriel/engines/o3de/Gems/AtomLyIntegration/AtomFont/Code/Include/AtomLyIntegration/AtomFont/FFont.h,0,1,1
/media/ullmann/HDDGabriel/engines/o3de/Gems/AtomLyIntegration/AtomFont/Code/Include/AtomLyIntegration/AtomFont/AtomFont.h,1,0,1
/media/ullmann/HDDGabriel/engines/o3de/Code/Tools/AssetProcessor/AssetBuilder/main.cpp,0,3,3
/media/ullmann/HDDGabriel/engines/o3de/Gems/Atom/Feature/Common/Code/Source/CoreLights/CoreLightsSystemComponent.h,1,0,1
/media/ullmann/HDDGabriel/engines/o3de/Gems/ExpressionEvaluation/Code/Source/ExpressionEngine/ExpressionVariable.h,1,0,1
/media/ullmann/HDDGabriel/engines/o3de/Gems/StartingPointCamera/Code/Source/CameraLookAtBehaviors/SlideAlongAxisBasedOnAngle.h,2,0,2
/media/ullmann/HDDGabriel/engines/o3de/Gems/PhysX/Code/NumericalMethods/Source/NumericalMethods.cpp,0,2,2
/media/ullmann/HDDGabriel/engines/o3de/Gems/PhysX/Code/NumericalMethods/Source/Optimization/SolverBFGS.h,1,0,1
/media/ullmann/HDDGabriel/engines/o3de/Gems/EMotionFX/Code/EMotionFX/CommandSystem/Source/ActorCommands.h,1,2,3
/media/ullmann/HDDGabriel/engines/o3de/Gems/EMotionFX/Code/MCore/Source/DualQuaternion.cpp,0,1,1
/media/ullmann/HDDGabriel/engines/o3de/Gems/Microphone/Code/Source/MicrophoneModule.cpp,0,1,1
/media/ullmann/HDDGabriel/engines/o3de/Gems/EMotionFX/Code/EMotionFX/Source/AnimGraphNodeGroup.h,3,0,3
/media/ullmann/HDDGabriel/engines/o3de/Gems/WhiteBox/Code/Source/Util/WhiteBoxEditorUtil.h,1,0,1
/media/ullmann/HDDGabriel/engines/o3de/Gems/Profiler/Code/Source/ProfilerSystemComponent.cpp,0,1,1
/media/ullmann/HDDGabriel/engines/o3de/Code/Framework/AzCore/Tests/AZStd/Algorithms.cpp,0,1,1
/media/ullmann/HDDGabriel/engines/o3de/Gems/WhiteBox/Code/Source/Rendering/Atom/TangentSpaceHelper.cpp,0,1,1
/media/ullmann/HDDGabriel/engines/o3de/Gems/WhiteBox/Code/Source/Rendering/Atom/TangentSpaceHelper.h,2,0,2
/media/ullmann/HDDGabriel/engines/o3de/Gems/ScriptCanvas/Code/Include/ScriptCanvas/Translation/Translation.cpp,0,1,1
/media/ullmann/HDDGabriel/engines/o3de/Code/Legacy/CrySystem/LevelSystem/SpawnableLevelSystem.cpp,0,1,1
/media/ullmann/HDDGabriel/engines/o3de/Gems/LmbrCentral/Code/Source/Scripting/EditorLookAtComponent.h,2,0,2
/media/ullmann/HDDGabriel/engines/o3de/Gems/AtomLyIntegration/CommonFeatures/Code/Source/PostProcess/ColorGrading/HDRColorGradingComponent.h,1,0,1
/media/ullmann/HDDGabriel/engines/o3de/Code/Editor/Plugins/ProjectSettingsTool/PlatformSettings_Android.cpp,0,3,3
/media/ullmann/HDDGabriel/engines/o3de/Gems/Atom/Tools/ShaderManagementConsole/Code/Source/main.cpp,0,1,1
/media/ullmann/HDDGabriel/engines/o3de/Gems/Atom/Feature/Common/Code/Source/PostProcessing/LookModificationTransformPass.h,1,0,1
/media/ullmann/HDDGabriel/engines/o3de/Gems/GradientSignal/Code/Source/Editor/EditorStreamingImageAssetCtrl.h,1,0,1
/media/ullmann/HDDGabriel/engines/o3de/Code/Framework/AzToolsFramework/AzToolsFramework/ToolsComponents/ComponentAssetMimeDataContainer.cpp,0,1,1
/media/ullmann/HDDGabriel/engines/o3de/Code/Framework/AzToolsFramework/AzToolsFramework/ToolsComponents/ComponentAssetMimeDataContainer.h,1,0,1
/media/ullmann/HDDGabriel/engines/o3de/Gems/EMotionFX/Code/EMotionFX/Tools/EMotionStudio/Plugins/StandardPlugins/Source/AnimGraph/AnimGraphModel.h,1,0,1
/media/ullmann/HDDGabriel/engines/o3de/Code/Legacy/CrySystem/ConsoleBatchFile.cpp,0,4,4
/media/ullmann/HDDGabriel/engines/o3de/Gems/ScriptCanvas/Code/Include/ScriptCanvas/Core/Contracts/ContractRTTI.cpp,0,1,1
/media/ullmann/HDDGabriel/engines/o3de/Gems/ScriptCanvas/Code/Include/ScriptCanvas/Core/Contracts/ContractRTTI.h,2,0,2
/media/ullmann/HDDGabriel/engines/o3de/Gems/SceneProcessing/Code/Source/Generation/Components/TangentGenerator/TangentGenerateComponent.h,1,0,1
/media/ullmann/HDDGabriel/engines/o3de/Gems/PhysX/Code/Source/WindProvider.cpp,0,2,2
/media/ullmann/HDDGabriel/engines/o3de/Gems/PhysX/Code/Source/WindProvider.h,1,0,1
/media/ullmann/HDDGabriel/engines/o3de/Code/Framework/AzToolsFramework/AzToolsFramework/UI/Slice/SliceRelationshipWidget.cpp,0,1,1
/media/ullmann/HDDGabriel/engines/o3de/Code/Framework/AzToolsFramework/AzToolsFramework/UI/Slice/SliceRelationshipWidget.hxx,1,0,1
/media/ullmann/HDDGabriel/engines/o3de/Code/Framework/AzQtComponents/AzQtComponents/Utilities/QtViewPaneEffects.cpp,0,1,1
/media/ullmann/HDDGabriel/engines/o3de/Code/Framework/AzQtComponents/AzQtComponents/Utilities/QtViewPaneEffects.h,1,0,1
/media/ullmann/HDDGabriel/engines/o3de/AutomatedTesting/Gem/PythonCoverage/Code/Source/PythonCoverageEditorSystemComponent.h,2,0,2
/media/ullmann/HDDGabriel/engines/o3de/Code/Tools/CrashHandler/Shared/CrashHandler.cpp,0,1,1
/media/ullmann/HDDGabriel/engines/o3de/Code/Tools/CrashHandler/Shared/CrashHandler.h,1,0,1
/media/ullmann/HDDGabriel/engines/o3de/Code/Framework/AzFramework/AzFramework/Visibility/EntityVisibilityBoundsUnionSystem.cpp,0,1,1
/media/ullmann/HDDGabriel/engines/o3de/Code/Framework/AzFramework/AzFramework/Visibility/EntityVisibilityBoundsUnionSystem.h,1,0,1
/media/ullmann/HDDGabriel/engines/o3de/Gems/LyShine/Code/Source/UiLayoutFitterComponent.h,4,1,5
/media/ullmann/HDDGabriel/engines/o3de/Gems/Atom/RPI/Code/Source/Platform/Windows/Atom_RPI_Traits_Platform.h,0,1,1
/media/ullmann/HDDGabriel/engines/o3de/Gems/Atom/RPI/Code/Source/Platform/Windows/Atom_RPI_Traits_Windows.h,1,0,1
/media/ullmann/HDDGabriel/engines/o3de/Gems/LandscapeCanvas/Code/Source/Editor/Nodes/Gradients/PerlinNoiseGradientNode.h,2,0,2
/media/ullmann/HDDGabriel/engines/o3de/Gems/EMotionFX/Code/EMotionFX/Source/AnimGraphTimeCondition.h,1,0,1
/media/ullmann/HDDGabriel/engines/o3de/Gems/DebugDraw/Code/Source/DebugDrawLineComponent.cpp,0,1,1
/media/ullmann/HDDGabriel/engines/o3de/Gems/ScriptCanvas/Code/Include/ScriptCanvas/Libraries/Comparison/ComparisonLibrary.h,1,0,1
/media/ullmann/HDDGabriel/engines/o3de/Gems/Atom/Asset/Shader/Code/Source/Editor/AzslData.h,3,1,4
/media/ullmann/HDDGabriel/engines/o3de/Gems/Atom/Asset/Shader/Code/Source/Editor/CommonFiles/CommonTypes.h,4,0,4
/media/ullmann/HDDGabriel/engines/o3de/Code/Editor/Objects/ObjectManagerLegacyUndo.cpp,0,1,1
/media/ullmann/HDDGabriel/engines/o3de/Gems/Atom/Feature/Common/Code/Source/PostProcessing/DepthUpsamplePass.h,1,0,1
/media/ullmann/HDDGabriel/engines/o3de/Gems/EMotionFX/Code/EMotionFX/Source/MotionSystem.h,3,2,5
/media/ullmann/HDDGabriel/engines/o3de/Code/Framework/AzQtComponents/AzQtComponents/Gallery/SliderComboPage.cpp,0,1,1
/media/ullmann/HDDGabriel/engines/o3de/Code/Framework/AzQtComponents/AzQtComponents/Gallery/SliderComboPage.h,2,0,2
/media/ullmann/HDDGabriel/engines/o3de/Gems/GraphCanvas/Code/Source/Translation/TranslationBuilder.h,2,0,2
/media/ullmann/HDDGabriel/engines/o3de/Code/Editor/TrackView/2DBezierKeyUIControls.cpp,0,2,2
/media/ullmann/HDDGabriel/engines/o3de/Gems/Terrain/Code/Source/TerrainRenderer/Components/TerrainMacroMaterialComponent.h,1,0,1
/media/ullmann/HDDGabriel/engines/o3de/Gems/LmbrCentral/Code/Tests/TubeShapeTest.cpp,0,1,1
/media/ullmann/HDDGabriel/engines/o3de/Code/Framework/AzToolsFramework/AzToolsFramework/Entity/EditorEntityActionComponent.cpp,0,2,2
/media/ullmann/HDDGabriel/engines/o3de/Code/Framework/AzToolsFramework/AzToolsFramework/Entity/EditorEntityHelpers.h,3,0,3
/media/ullmann/HDDGabriel/engines/o3de/Code/Editor/Util/StringHelpers.cpp,0,2,2
/media/ullmann/HDDGabriel/engines/o3de/Code/Editor/Util/StringHelpers.h,2,0,2
/media/ullmann/HDDGabriel/engines/o3de/Code/Framework/AzManipulatorTestFramework/Tests/GridSnappingTest.cpp,0,1,1
/media/ullmann/HDDGabriel/engines/o3de/Gems/AWSMetrics/Code/Tests/AWSMetricsSystemComponentTest.cpp,0,1,1
/media/ullmann/HDDGabriel/engines/o3de/Gems/AWSMetrics/Code/Tests/AWSMetricsGemMock.h,4,0,4
/media/ullmann/HDDGabriel/engines/o3de/Gems/LmbrCentral/Code/Source/Audio/AudioAreaEnvironmentComponent.cpp,0,1,1
/media/ullmann/HDDGabriel/engines/o3de/Code/Framework/AzFramework/AzFramework/Entity/GameEntityContextComponent.cpp,0,1,1
/media/ullmann/HDDGabriel/engines/o3de/Code/Framework/AzFramework/AzFramework/Entity/GameEntityContextComponent.h,1,1,2
/media/ullmann/HDDGabriel/engines/o3de/Gems/SceneProcessing/Code/Source/Config/Components/SceneProcessingConfigSystemComponent.h,1,0,1
/media/ullmann/HDDGabriel/engines/o3de/Code/Tools/AssetProcessor/native/unittests/ConnectionUnitTests.cpp,0,1,1
/media/ullmann/HDDGabriel/engines/o3de/Code/Tools/AssetProcessor/native/unittests/ConnectionUnitTests.h,1,1,2
/media/ullmann/HDDGabriel/engines/o3de/Gems/AWSGameLift/Code/AWSGameLiftClient/Tests/AWSGameLiftClientManagerTest.cpp,0,2,2
/media/ullmann/HDDGabriel/engines/o3de/Gems/AWSGameLift/Code/AWSGameLiftClient/Tests/AWSGameLiftClientFixture.h,3,0,3
/media/ullmann/HDDGabriel/engines/o3de/Code/Tools/AssetProcessor/native/ui/AssetDetailsPanel.h,2,0,2
/media/ullmann/HDDGabriel/engines/o3de/Gems/LmbrCentral/Code/Source/Shape/SplineComponent.cpp,0,1,1
/media/ullmann/HDDGabriel/engines/o3de/Code/Framework/AzToolsFramework/AzToolsFramework/UI/PropertyEditor/PropertyEntityIdCtrl.hxx,1,1,2
/media/ullmann/HDDGabriel/engines/o3de/Gems/Atom/Feature/Common/Code/Source/PostProcessing/BloomBlurPass.h,1,0,1
/media/ullmann/HDDGabriel/engines/o3de/Gems/Twitch/Code/Source/TwitchReflection.h,2,0,2
/media/ullmann/HDDGabriel/engines/o3de/Code/Tools/ProjectManager/Source/Settings.h,2,1,3
/media/ullmann/HDDGabriel/engines/o3de/Code/Tools/LuaIDE/Source/LUA/ClassReferenceFilter.hxx,2,0,2
/media/ullmann/HDDGabriel/engines/o3de/Code/Tools/ProjectManager/Source/FormComboBoxWidget.h,2,0,2
/media/ullmann/HDDGabriel/engines/o3de/Gems/PhysX/Code/Tests/PhysXEditorTest.cpp,0,1,1
/media/ullmann/HDDGabriel/engines/o3de/Gems/PhysX/Code/Tests/TestColliderComponent.h,2,0,2
/media/ullmann/HDDGabriel/engines/o3de/Code/Editor/Util/AutoLogTime.cpp,0,1,1
/media/ullmann/HDDGabriel/engines/o3de/Code/Editor/Util/AutoLogTime.h,2,0,2
/media/ullmann/HDDGabriel/engines/o3de/Gems/PhysX/Code/Source/Platform/Android/PhysX_Traits_Platform.h,0,1,1
/media/ullmann/HDDGabriel/engines/o3de/Gems/PhysX/Code/Source/Platform/Android/PhysX_Traits_Android.h,1,0,1
/media/ullmann/HDDGabriel/engines/o3de/Code/Framework/AzToolsFramework/AzToolsFramework/ToolsComponents/EditorSelectionAccentSystemComponent.cpp,0,1,1
/media/ullmann/HDDGabriel/engines/o3de/Gems/Atom/RPI/Code/Source/Platform/Mac/Atom_RPI_Traits_Platform.h,0,1,1
/media/ullmann/HDDGabriel/engines/o3de/Gems/Atom/RPI/Code/Source/Platform/Mac/Atom_RPI_Traits_Mac.h,1,0,1
/media/ullmann/HDDGabriel/engines/o3de/Gems/ScriptCanvas/Code/Include/ScriptCanvas/Execution/Interpreted/ExecutionInterpretedCloningAPI.h,2,0,2
/media/ullmann/HDDGabriel/engines/o3de/Gems/LyShine/Code/Source/LyShineFeatureProcessor.cpp,0,1,1
/media/ullmann/HDDGabriel/engines/o3de/Gems/Atom/Tools/AtomToolsFramework/Code/Source/PreviewRenderer/PreviewRendererSystemComponent.h,1,0,1
/media/ullmann/HDDGabriel/engines/o3de/Gems/EMotionFX/Code/EMotionFX/Tools/EMotionStudio/Plugins/StandardPlugins/Source/MorphTargetsWindow/PhonemeSelectionWindow.cpp,0,2,2
/media/ullmann/HDDGabriel/engines/o3de/Gems/EMotionFX/Code/EMotionFX/Tools/EMotionStudio/Plugins/StandardPlugins/Source/MorphTargetsWindow/PhonemeSelectionWindow.h,2,1,3
/media/ullmann/HDDGabriel/engines/o3de/Gems/EMotionFX/Code/EMotionFX/Source/Parameter/RotationParameter.cpp,0,1,1
/media/ullmann/HDDGabriel/engines/o3de/Gems/EMotionFX/Code/EMotionFX/Source/Parameter/RotationParameter.h,1,1,2
/media/ullmann/HDDGabriel/engines/o3de/Gems/LyShine/Code/Editor/CommandHierarchyItemToggleIsExpanded.cpp,0,1,1
/media/ullmann/HDDGabriel/engines/o3de/Gems/LyShine/Code/Editor/PropertiesWrapper.h,1,0,1
/media/ullmann/HDDGabriel/engines/o3de/Code/Tools/LuaIDE/Source/LUA/LUALocalsTrackerMessages.h,1,0,1
/media/ullmann/HDDGabriel/engines/o3de/Code/Editor/EditorPreferencesTreeWidgetItem.h,2,0,2
/media/ullmann/HDDGabriel/engines/o3de/Gems/ScriptCanvas/Code/Include/ScriptCanvas/Libraries/Math/OBB.cpp,0,1,1
/media/ullmann/HDDGabriel/engines/o3de/Gems/ScriptCanvas/Code/Include/ScriptCanvas/Libraries/Math/OBB.h,1,0,1
/media/ullmann/HDDGabriel/engines/o3de/Gems/LandscapeCanvas/Code/Source/Editor/Nodes/Gradients/ImageGradientNode.h,2,0,2
/media/ullmann/HDDGabriel/engines/o3de/Gems/ScriptCanvas/Code/Include/ScriptCanvas/Libraries/Math/Vector4.cpp,0,1,1
/media/ullmann/HDDGabriel/engines/o3de/Gems/ScriptCanvas/Code/Include/ScriptCanvas/Libraries/Math/Vector4.h,1,0,1
/media/ullmann/HDDGabriel/engines/o3de/Code/Editor/Plugins/ComponentEntityEditorPlugin/UI/Outliner/OutlinerSortFilterProxyModel.hxx,3,0,3
/media/ullmann/HDDGabriel/engines/o3de/Gems/LyShine/Code/Editor/SpriteBorderEditorCommon.h,7,5,12
/media/ullmann/HDDGabriel/engines/o3de/Gems/LyShine/Code/Editor/FileHelpers.h,2,0,2
/media/ullmann/HDDGabriel/engines/o3de/Gems/LandscapeCanvas/Code/Source/Editor/Nodes/GradientModifiers/InvertGradientModifierNode.h,2,0,2
/media/ullmann/HDDGabriel/engines/o3de/Gems/GraphCanvas/Code/Source/Components/Nodes/Comment/CommentNodeTextComponent.h,1,0,1
/media/ullmann/HDDGabriel/engines/o3de/Gems/WhiteBox/Code/Source/Util/WhiteBoxMathUtil.cpp,0,1,1
/media/ullmann/HDDGabriel/engines/o3de/Gems/WhiteBox/Code/Source/Util/WhiteBoxMathUtil.h,1,0,1
/media/ullmann/HDDGabriel/engines/o3de/Gems/Atom/Asset/ImageProcessingAtom/Code/Source/Editor/TexturePropertyEditor.h,2,0,2
/media/ullmann/HDDGabriel/engines/o3de/Code/Framework/AzToolsFramework/AzToolsFramework/ToolsComponents/EditorEntityIconComponentBus.h,1,0,1
/media/ullmann/HDDGabriel/engines/o3de/Gems/PhysX/Code/Source/EditorHeightfieldColliderComponent.cpp,0,2,2
/media/ullmann/HDDGabriel/engines/o3de/Gems/PhysX/Code/Source/Pipeline/HeightFieldAssetHandler.h,1,0,1
/media/ullmann/HDDGabriel/engines/o3de/Gems/EMotionFX/Code/EMotionFX/Tools/EMotionStudio/Plugins/StandardPlugins/Source/TimeView/TrackHeaderWidget.h,3,1,4
/media/ullmann/HDDGabriel/engines/o3de/Gems/EMotionFX/Code/EMotionFX/Tools/EMotionStudio/EMStudioSDK/Source/ResetSettingsDialog.cpp,0,1,1
/media/ullmann/HDDGabriel/engines/o3de/Code/Framework/AzToolsFramework/AzToolsFramework/UI/PropertyEditor/PropertyIntSpinCtrl.hxx,1,0,1
/media/ullmann/HDDGabriel/engines/o3de/Code/Editor/Include/IPlugin.h,1,0,1
/media/ullmann/HDDGabriel/engines/o3de/Gems/ScriptCanvas/Code/Include/ScriptCanvas/Debugger/Messages/Request.h,3,0,3
/media/ullmann/HDDGabriel/engines/o3de/Gems/LmbrCentral/Code/Source/Shape/CapsuleShapeComponent.cpp,0,1,1
/media/ullmann/HDDGabriel/engines/o3de/Gems/ScriptCanvas/Code/Editor/View/Widgets/CommandLine.cpp,0,1,1
/media/ullmann/HDDGabriel/engines/o3de/Gems/ScriptCanvas/Code/Editor/View/Widgets/CommandLine.h,1,0,1
/media/ullmann/HDDGabriel/engines/o3de/Gems/LmbrCentral/Code/Source/Ai/NavigationComponent.cpp,0,2,2
/media/ullmann/HDDGabriel/engines/o3de/Code/Legacy/CrySystem/ConsoleHelpGen.cpp,0,3,3
/media/ullmann/HDDGabriel/engines/o3de/Code/Tools/AssetProcessor/native/ui/ProductAssetDetailsPanel.cpp,0,3,3
/media/ullmann/HDDGabriel/engines/o3de/Code/Tools/AssetProcessor/native/ui/AssetTreeFilterModel.h,6,0,6
/media/ullmann/HDDGabriel/engines/o3de/Gems/AWSCore/Code/Source/Credential/AWSCredentialManager.h,1,0,1
/media/ullmann/HDDGabriel/engines/o3de/Gems/LyShine/Code/Editor/CommandHierarchyItemToggleIsVisible.h,1,0,1
/media/ullmann/HDDGabriel/engines/o3de/Code/Framework/AzToolsFramework/AzToolsFramework/ViewportSelection/EditorHelpers.cpp,0,1,1
/media/ullmann/HDDGabriel/engines/o3de/Code/Framework/AzToolsFramework/AzToolsFramework/ViewportSelection/EditorHelpers.h,1,0,1
/media/ullmann/HDDGabriel/engines/o3de/Gems/LyShineExamples/Code/Source/UiDynamicContentDatabase.cpp,0,1,1
/media/ullmann/HDDGabriel/engines/o3de/Templates/DefaultGem/Template/Code/Source/Clients/${Name}Module.cpp,0,1,1
/media/ullmann/HDDGabriel/engines/o3de/Templates/DefaultGem/Template/Code/Source/Clients/${Name}SystemComponent.h,3,0,3
/media/ullmann/HDDGabriel/engines/o3de/Gems/Atom/RPI/Code/External/MaskedOcclusionCulling/MaskedOcclusionCulling.h,3,0,3
/media/ullmann/HDDGabriel/engines/o3de/Gems/ScriptCanvas/Code/Include/ScriptCanvas/Core/ModifiableDatumView.h,1,0,1
/media/ullmann/HDDGabriel/engines/o3de/Gems/Atom/Feature/Common/Code/Source/PostProcessing/LuminanceHistogramGeneratorPass.h,1,0,1
/media/ullmann/HDDGabriel/engines/o3de/Code/Legacy/CrySystem/XML/SerializeXMLWriter.cpp,0,1,1
/media/ullmann/HDDGabriel/engines/o3de/Code/Legacy/CrySystem/XML/SerializeXMLWriter.h,2,0,2
/media/ullmann/HDDGabriel/engines/o3de/Code/Framework/AzToolsFramework/AzToolsFramework/ViewportSelection/EditorSelectionUtil.cpp,0,1,1
/media/ullmann/HDDGabriel/engines/o3de/Code/Framework/AzToolsFramework/AzToolsFramework/ViewportSelection/EditorSelectionUtil.h,1,0,1
/media/ullmann/HDDGabriel/engines/o3de/Gems/AtomLyIntegration/ImguiAtom/Code/Source/ImguiAtomModule.cpp,0,1,1
/media/ullmann/HDDGabriel/engines/o3de/Gems/ScriptCanvas/Code/Editor/Utilities/CommonSettingsConfigurations.cpp,0,1,1
/media/ullmann/HDDGabriel/engines/o3de/Gems/ScriptCanvas/Code/Editor/Utilities/CommonSettingsConfigurations.h,3,0,3
/media/ullmann/HDDGabriel/engines/o3de/Gems/LandscapeCanvas/Code/Source/Editor/Nodes/GradientModifiers/SmoothStepGradientModifierNode.cpp,0,1,1
/media/ullmann/HDDGabriel/engines/o3de/Gems/LandscapeCanvas/Code/Source/Editor/Nodes/GradientModifiers/SmoothStepGradientModifierNode.h,2,0,2
/media/ullmann/HDDGabriel/engines/o3de/Code/Framework/AzToolsFramework/AzToolsFramework/Commands/BaseSliceCommand.cpp,0,1,1
/media/ullmann/HDDGabriel/engines/o3de/Code/Framework/AzToolsFramework/AzToolsFramework/Commands/BaseSliceCommand.h,1,0,1
/media/ullmann/HDDGabriel/engines/o3de/Gems/EMotionFX/Code/MCore/Source/MemoryObject.cpp,0,1,1
/media/ullmann/HDDGabriel/engines/o3de/Gems/ScriptCanvas/Code/Include/ScriptCanvas/Libraries/Operators/Math/OperatorAdd.cpp,0,1,1
/media/ullmann/HDDGabriel/engines/o3de/Gems/ScriptCanvas/Code/Include/ScriptCanvas/Libraries/Operators/Math/OperatorAdd.h,1,1,2
/media/ullmann/HDDGabriel/engines/o3de/Gems/Vegetation/Code/Source/Editor/EditorDescriptorListComponent.cpp,0,1,1
/media/ullmann/HDDGabriel/engines/o3de/Gems/AtomLyIntegration/CommonFeatures/Code/Source/CubeMapCapture/EditorCubeMapCaptureComponent.h,1,0,1
/media/ullmann/HDDGabriel/engines/o3de/Code/Legacy/CryCommon/Cry_GeoIntersect.h,0,1,1
/media/ullmann/HDDGabriel/engines/o3de/Gems/Maestro/Code/Source/Cinematics/CommentTrack.h,3,1,4
/media/ullmann/HDDGabriel/engines/o3de/Gems/Atom/RPI/Code/Source/RPI.Builders/Model/ModelExporterComponent.h,1,0,1
/media/ullmann/HDDGabriel/engines/o3de/Code/Legacy/CryCommon/iOSSpecific.h,0,1,1
/media/ullmann/HDDGabriel/engines/o3de/Code/Legacy/CryCommon/AppleSpecific.h,2,1,3
/media/ullmann/HDDGabriel/engines/o3de/Gems/Multiplayer/Code/Tests/IMultiplayerSpawnerMock.h,1,0,1
/media/ullmann/HDDGabriel/engines/o3de/Gems/LmbrCentral/Code/Source/Shape/TubeShape.cpp,0,1,1
/media/ullmann/HDDGabriel/engines/o3de/Code/Framework/AzToolsFramework/AzToolsFramework/ToolsFileUtils/ToolsFileUtils_generic.cpp,0,1,1
/media/ullmann/HDDGabriel/engines/o3de/Code/Framework/AzFramework/AzFramework/Process/ProcessCommunicatorTracePrinter.cpp,0,1,1
/media/ullmann/HDDGabriel/engines/o3de/Code/Framework/AzFramework/AzFramework/Process/ProcessCommunicatorTracePrinter.h,1,0,1
/media/ullmann/HDDGabriel/engines/o3de/Gems/Profiler/Code/Source/CpuProfiler.cpp,0,1,1
/media/ullmann/HDDGabriel/engines/o3de/Gems/Profiler/Code/Source/CpuProfiler.h,4,0,4
/media/ullmann/HDDGabriel/engines/o3de/Gems/Camera/Code/Source/ViewportCameraSelectorWindow.cpp,0,2,2
/media/ullmann/HDDGabriel/engines/o3de/Gems/Atom/RHI/Code/Source/Platform/Mac/Atom_RHI_Traits_Platform.h,0,1,1
/media/ullmann/HDDGabriel/engines/o3de/Gems/Atom/RHI/Code/Source/Platform/Mac/Atom_RHI_Traits_Mac.h,1,0,1
/media/ullmann/HDDGabriel/engines/o3de/Gems/LyShine/Code/Editor/Animation/UiAnimViewFindDlg.cpp,0,3,3
/media/ullmann/HDDGabriel/engines/o3de/Code/Editor/Plugins/ProjectSettingsTool/ProjectSettingsSerialization.cpp,0,2,2
/media/ullmann/HDDGabriel/engines/o3de/Code/Editor/Plugins/ProjectSettingsTool/ProjectSettingsSerialization.h,2,1,3
/media/ullmann/HDDGabriel/engines/o3de/Gems/PhysX/Code/Editor/ColliderComponentMode.h,1,1,2
/media/ullmann/HDDGabriel/engines/o3de/Gems/EMotionFX/Code/Editor/Platform/Linux/EMotionFX_Traits_Platform.h,0,1,1
/media/ullmann/HDDGabriel/engines/o3de/Gems/EMotionFX/Code/Editor/Platform/Linux/EMotionFX_Traits_Linux.h,1,0,1
/media/ullmann/HDDGabriel/engines/o3de/Gems/WhiteBox/Code/Tests/WhiteBoxTestUtil.cpp,0,1,1
/media/ullmann/HDDGabriel/engines/o3de/Gems/MultiplayerCompression/Code/Source/LZ4Compressor.cpp,0,1,1
/media/ullmann/HDDGabriel/engines/o3de/Gems/AtomLyIntegration/CommonFeatures/Code/Source/SkinnedMesh/SkinnedMeshDebugDisplay.h,1,0,1
/media/ullmann/HDDGabriel/engines/o3de/Gems/MotionMatching/Code/Source/FeatureTrajectory.cpp,0,5,5
/media/ullmann/HDDGabriel/engines/o3de/Gems/WhiteBox/Code/Source/SubComponentModes/EditorWhiteBoxEdgeRestoreMode.h,2,0,2
/media/ullmann/HDDGabriel/engines/o3de/Code/Legacy/CrySystem/DebugCallStack.h,2,1,3
/media/ullmann/HDDGabriel/engines/o3de/Gems/EMotionFX/Code/EMotionFX/Tools/EMotionStudio/Plugins/StandardPlugins/Source/CommandBar/CommandBarPlugin.cpp,0,2,2
/media/ullmann/HDDGabriel/engines/o3de/Gems/EMotionFX/Code/EMotionFX/Tools/EMotionStudio/Plugins/StandardPlugins/Source/CommandBar/CommandBarPlugin.h,1,0,1
/media/ullmann/HDDGabriel/engines/o3de/Gems/LmbrCentral/Code/Source/Ai/NavigationComponent.h,2,0,2
/media/ullmann/HDDGabriel/engines/o3de/Gems/StartingPointInput/Code/Source/InputEventBindings.h,2,1,3
/media/ullmann/HDDGabriel/engines/o3de/Gems/EMotionFX/Code/EMotionFX/Source/Constraint.h,1,1,2
/media/ullmann/HDDGabriel/engines/o3de/Gems/AtomLyIntegration/TechnicalArt/DccScriptingInterface/Code/Source/DCCScriptingInterfaceSystemComponent.cpp,0,1,1
/media/ullmann/HDDGabriel/engines/o3de/Gems/LyShine/Code/Source/UiDraggableComponent.cpp,0,2,2
/media/ullmann/HDDGabriel/engines/o3de/Code/Legacy/CryCommon/MultiThread_Containers.h,0,1,1
/media/ullmann/HDDGabriel/engines/o3de/Gems/EMotionFX/Code/EMotionFX/Source/AnimGraphMotionCondition.h,1,0,1
/media/ullmann/HDDGabriel/engines/o3de/Gems/AtomTressFX/External/Code/src/TressFX/TressFXSDFCollision.cpp,0,5,5
/media/ullmann/HDDGabriel/engines/o3de/Gems/EMotionFX/Code/EMotionFX/Tools/EMotionStudio/Plugins/StandardPlugins/Source/AnimGraph/NavigateWidget.h,2,0,2
/media/ullmann/HDDGabriel/engines/o3de/Code/Framework/AzToolsFramework/AzToolsFramework/UI/Outliner/EntityOutlinerSortFilterProxyModel.cpp,0,2,2
/media/ullmann/HDDGabriel/engines/o3de/Code/Editor/Util/Platform/Mac/FileUtil_Mac.cpp,0,1,1
/media/ullmann/HDDGabriel/engines/o3de/Code/Tools/ProjectManager/Platform/Windows/ProjectManager_Traits_Platform.h,0,1,1
/media/ullmann/HDDGabriel/engines/o3de/Code/Tools/ProjectManager/Platform/Windows/ProjectManager_Traits_Windows.h,1,0,1
/media/ullmann/HDDGabriel/engines/o3de/Gems/EMotionFX/Code/Platform/iOS/EMotionFX_Traits_Platform.h,0,1,1
/media/ullmann/HDDGabriel/engines/o3de/Gems/EMotionFX/Code/Platform/iOS/EMotionFX_Traits_iOS.h,1,0,1
/media/ullmann/HDDGabriel/engines/o3de/Gems/ScriptEvents/Code/Source/Editor/ScriptEventsSystemEditorComponent.cpp,0,1,1
/media/ullmann/HDDGabriel/engines/o3de/Gems/ScriptEvents/Code/Source/Editor/ScriptEventsSystemEditorComponent.h,1,0,1
/media/ullmann/HDDGabriel/engines/o3de/Gems/EMotionFX/Code/EMotionFX/Tools/EMotionStudio/Plugins/StandardPlugins/Source/AnimGraph/BlendGraphViewWidget.h,2,0,2
/media/ullmann/HDDGabriel/engines/o3de/Gems/EMotionFX/Code/EMotionFX/Tools/EMotionStudio/Plugins/StandardPlugins/Source/AnimGraph/ParameterEditor/ValueParameterEditor.cpp,0,1,1
/media/ullmann/HDDGabriel/engines/o3de/Gems/LmbrCentral/Code/Source/Shape/BoxShapeComponent.cpp,0,1,1
/media/ullmann/HDDGabriel/engines/o3de/Code/Framework/AzToolsFramework/AzToolsFramework/Entity/EditorEntityModel.cpp,0,2,2
/media/ullmann/HDDGabriel/engines/o3de/Gems/Vegetation/Code/Source/Debugger/EditorAreaDebugComponent.cpp,0,1,1
/media/ullmann/HDDGabriel/engines/o3de/Gems/Vegetation/Code/Source/Debugger/EditorAreaDebugComponent.h,2,0,2
/media/ullmann/HDDGabriel/engines/o3de/Gems/GraphCanvas/Code/Source/Components/Slots/Extender/ExtenderSlotLayoutComponent.h,1,0,1
/media/ullmann/HDDGabriel/engines/o3de/Code/Editor/Undo/IUndoManagerListener.h,3,0,3
/media/ullmann/HDDGabriel/engines/o3de/Gems/LyShine/Code/Editor/EntityHelpers.h,1,0,1
/media/ullmann/HDDGabriel/engines/o3de/Gems/Atom/Asset/ImageProcessingAtom/Code/Source/Processing/Utils.h,1,0,1
/media/ullmann/HDDGabriel/engines/o3de/Gems/TextureAtlas/Code/Source/Editor/AtlasBuilderComponent.h,2,1,3
/media/ullmann/HDDGabriel/engines/o3de/Gems/Atom/Feature/Common/Code/Source/PostProcessing/DepthOfFieldWriteFocusDepthFromGpuPass.h,1,0,1
/media/ullmann/HDDGabriel/engines/o3de/Code/Editor/AssetImporter/UI/SelectDestinationDialog.cpp,0,1,1
/media/ullmann/HDDGabriel/engines/o3de/Code/Editor/AssetImporter/UI/SelectDestinationDialog.h,1,0,1
/media/ullmann/HDDGabriel/engines/o3de/Gems/AudioSystem/Code/Source/Engine/ATLAudioObject.h,3,1,4
/media/ullmann/HDDGabriel/engines/o3de/Gems/HttpRequestor/Code/Include/HttpRequestor/HttpRequestParameters.h,0,1,1
/media/ullmann/HDDGabriel/engines/o3de/Gems/LmbrCentral/Code/Source/Scripting/EditorRandomTimedSpawnerComponent.cpp,0,1,1
/media/ullmann/HDDGabriel/engines/o3de/Gems/Atom/Tools/AtomToolsFramework/Code/Source/Platform/Windows/AtomToolsFramework_Traits_Platform.h,0,1,1
/media/ullmann/HDDGabriel/engines/o3de/Gems/Atom/Tools/AtomToolsFramework/Code/Source/Platform/Windows/AtomToolsFramework_Traits_Windows.h,1,0,1
/media/ullmann/HDDGabriel/engines/o3de/Gems/EMotionFX/Code/EMotionFX/Source/NodeGroup.cpp,0,2,2
/media/ullmann/HDDGabriel/engines/o3de/Gems/EMotionFX/Code/EMotionFX/Tools/EMotionStudio/EMStudioSDK/Source/PluginManager.cpp,0,4,4
/media/ullmann/HDDGabriel/engines/o3de/Gems/WhiteBox/Code/Tests/WhiteBoxSelectionTest.cpp,0,1,1
/media/ullmann/HDDGabriel/engines/o3de/Gems/ScriptEvents/Code/Tests/ScriptEventsTestFixture.cpp,0,2,2
/media/ullmann/HDDGabriel/engines/o3de/Gems/Vegetation/Code/Source/Components/DistributionFilterComponent.cpp,0,1,1
/media/ullmann/HDDGabriel/engines/o3de/Gems/Vegetation/Code/Source/Components/DistributionFilterComponent.h,2,0,2
/media/ullmann/HDDGabriel/engines/o3de/Gems/PhysX/Code/Source/ComponentDescriptors.cpp,0,1,1
/media/ullmann/HDDGabriel/engines/o3de/Gems/AudioEngineWwise/Code/Platform/Mac/AkPlatformFuncs_Platform.h,0,1,1
/media/ullmann/HDDGabriel/engines/o3de/Code/Tools/AssetProcessor/native/AssetManager/AssetRequestHandler.cpp,0,1,1
/media/ullmann/HDDGabriel/engines/o3de/Gems/PhysX/Code/Editor/ColliderSphereMode.h,2,0,2
/media/ullmann/HDDGabriel/engines/o3de/Code/LauncherUnified/Platform/Android/Launcher_Android.cpp,0,1,1
/media/ullmann/HDDGabriel/engines/o3de/Code/Editor/TrackView/TVSequenceProps.h,2,0,2
/media/ullmann/HDDGabriel/engines/o3de/Gems/LandscapeCanvas/Code/Source/Editor/Nodes/GradientModifiers/GradientMixerNode.cpp,0,1,1
/media/ullmann/HDDGabriel/engines/o3de/Gems/ScriptCanvas/Code/Include/ScriptCanvas/Libraries/Logic/Any.cpp,0,1,1
/media/ullmann/HDDGabriel/engines/o3de/Gems/ScriptCanvas/Code/Include/ScriptCanvas/Libraries/Logic/Any.h,1,0,1
/media/ullmann/HDDGabriel/engines/o3de/Code/Legacy/CrySystem/DebugCallStack.cpp,0,3,3
/media/ullmann/HDDGabriel/engines/o3de/Gems/Vegetation/Code/Source/AreaSystemComponent.h,2,0,2
/media/ullmann/HDDGabriel/engines/o3de/Gems/LyShine/Code/Editor/SerializeHelpers.cpp,0,1,1
/media/ullmann/HDDGabriel/engines/o3de/Code/Framework/AzToolsFramework/AzToolsFramework/Slice/SliceRelationshipNode.cpp,0,1,1
/media/ullmann/HDDGabriel/engines/o3de/Gems/LmbrCentral/Code/Source/Audio/AudioEnvironmentComponent.cpp,0,1,1
/media/ullmann/HDDGabriel/engines/o3de/Gems/EMotionFX/Code/MCore/Source/Random.cpp,0,2,2
/media/ullmann/HDDGabriel/engines/o3de/Gems/ScriptCanvas/Code/Include/ScriptCanvas/Debugger/Debugger.cpp,0,3,3
/media/ullmann/HDDGabriel/engines/o3de/Code/Editor/Plugins/ComponentEntityEditorPlugin/dllmain.cpp,0,1,1
/media/ullmann/HDDGabriel/engines/o3de/Code/Editor/Plugins/ComponentEntityEditorPlugin/ComponentEntityEditorPlugin.h,2,0,2
/media/ullmann/HDDGabriel/engines/o3de/Gems/ScriptCanvas/Code/Include/ScriptCanvas/Internal/Nodes/StringFormatted.cpp,0,1,1
/media/ullmann/HDDGabriel/engines/o3de/Gems/ScriptCanvas/Code/Include/ScriptCanvas/Internal/Nodes/StringFormatted.h,1,0,1
/media/ullmann/HDDGabriel/engines/o3de/Code/Framework/AzQtComponents/AzQtComponents/Gallery/StyledDockWidgetPage.h,2,0,2
/media/ullmann/HDDGabriel/engines/o3de/Gems/ScriptCanvas/Code/Include/ScriptCanvas/Debugger/ClientTransceiver.cpp,0,3,3
/media/ullmann/HDDGabriel/engines/o3de/Gems/LmbrCentral/Code/Source/Builders/BenchmarkAssetBuilder/BenchmarkAssetBuilderComponent.h,1,0,1
/media/ullmann/HDDGabriel/engines/o3de/Gems/ScriptCanvas/Code/Editor/Utilities/RecentFiles.cpp,0,2,2
/media/ullmann/HDDGabriel/engines/o3de/Gems/ScriptCanvas/Code/Editor/Utilities/RecentFiles.h,1,0,1
/media/ullmann/HDDGabriel/engines/o3de/Gems/EMotionFX/Code/MCore/Source/Array2D.h,0,1,1
/media/ullmann/HDDGabriel/engines/o3de/Gems/EMotionFX/Code/MCore/Source/Array2D.inl,1,0,1
/media/ullmann/HDDGabriel/engines/o3de/Gems/LmbrCentral/Code/Source/Shape/ReferenceShapeComponent.h,2,0,2
/media/ullmann/HDDGabriel/engines/o3de/Code/Editor/Plugins/ComponentEntityEditorPlugin/UI/Outliner/OutlinerSortFilterProxyModel.cpp,0,2,2
/media/ullmann/HDDGabriel/engines/o3de/Gems/ImGui/Code/Source/ImGuiManager.cpp,0,1,1
/media/ullmann/HDDGabriel/engines/o3de/Gems/ScriptCanvas/Code/Editor/Nodes/NodeUtils.cpp,0,1,1
/media/ullmann/HDDGabriel/engines/o3de/Gems/ScriptCanvas/Code/Editor/Nodes/NodeUtils.h,1,0,1
/media/ullmann/HDDGabriel/engines/o3de/Gems/Atom/RHI/Null/Code/Source/Platform/Android/Null_Traits_Platform.h,0,1,1
/media/ullmann/HDDGabriel/engines/o3de/Gems/Atom/RHI/Null/Code/Source/Platform/Android/Null_Traits_Android.h,1,0,1
/media/ullmann/HDDGabriel/engines/o3de/Gems/ScriptCanvas/Code/Include/ScriptCanvas/Core/SlotExecutionMap.h,2,1,3
/media/ullmann/HDDGabriel/engines/o3de/Gems/EMotionFX/Code/Tests/BlendTreeTransformNodeTests.cpp,0,1,1
/media/ullmann/HDDGabriel/engines/o3de/Code/Tools/SerializeContextTools/Utilities.cpp,0,2,2
/media/ullmann/HDDGabriel/engines/o3de/Gems/GraphCanvas/Code/Source/Components/PersistentIdComponent.h,2,0,2
/media/ullmann/HDDGabriel/engines/o3de/Gems/LyShine/Code/Editor/SelectionHelpers.h,1,0,1
/media/ullmann/HDDGabriel/engines/o3de/Templates/PythonToolGem/Template/Code/Source/Tools/${Name}EditorSystemComponent.cpp,0,1,1
/media/ullmann/HDDGabriel/engines/o3de/Code/Tools/AzTestRunner/src/main.cpp,0,1,1
/media/ullmann/HDDGabriel/engines/o3de/Code/Tools/AzTestRunner/src/aztestrunner.h,1,0,1
/media/ullmann/HDDGabriel/engines/o3de/Code/Editor/Plugins/ComponentEntityEditorPlugin/Objects/ComponentEntityObject.h,5,0,5
/media/ullmann/HDDGabriel/engines/o3de/Gems/AtomLyIntegration/CommonFeatures/Code/Source/Grid/EditorGridComponent.h,1,0,1
/media/ullmann/HDDGabriel/engines/o3de/Gems/PhysX/Code/NumericalMethods/Source/Eigenanalysis/Solver3x3.h,1,0,1
/media/ullmann/HDDGabriel/engines/o3de/Gems/LandscapeCanvas/Code/Source/LandscapeCanvasEditorModule.h,1,0,1
/media/ullmann/HDDGabriel/engines/o3de/Gems/Atom/Feature/Common/Code/Source/Material/UseTextureFunctorSourceData.h,1,1,2
/media/ullmann/HDDGabriel/engines/o3de/Gems/LyShine/Code/Source/UiInteractableState.cpp,0,3,3
/media/ullmann/HDDGabriel/engines/o3de/Gems/EMotionFX/Code/EMotionFX/Source/Parameter/ValueParameter.cpp,0,1,1
/media/ullmann/HDDGabriel/engines/o3de/Code/Editor/Include/ITransformManipulator.h,1,0,1
/media/ullmann/HDDGabriel/engines/o3de/Gems/LmbrCentral/Code/Source/Builders/CopyDependencyBuilder/CopyDependencyBuilderWorker.h,2,0,2
/media/ullmann/HDDGabriel/engines/o3de/Gems/EMotionFX/Code/EMotionFX/Tools/EMotionStudio/Plugins/StandardPlugins/Source/AnimGraph/BlendSpaceNodeWidget.cpp,0,1,1
/media/ullmann/HDDGabriel/engines/o3de/Gems/Atom/Feature/Common/Code/Source/PostProcessing/DepthOfFieldParentPass.h,1,0,1
/media/ullmann/HDDGabriel/engines/o3de/Gems/LmbrCentral/Code/Source/Builders/TranslationBuilder/TranslationBuilderComponent.cpp,0,1,1
/media/ullmann/HDDGabriel/engines/o3de/Code/Framework/AzFramework/Tests/Platform/Mac/AzFrameworkTests_Traits_Platform.h,0,1,1
/media/ullmann/HDDGabriel/engines/o3de/Code/Framework/AzFramework/Tests/Platform/Mac/AzFrameworkTests_Traits_Mac.h,1,0,1
/media/ullmann/HDDGabriel/engines/o3de/Gems/LyShine/Code/Editor/UndoStackExecutionScope.cpp,0,1,1
/media/ullmann/HDDGabriel/engines/o3de/Gems/EMotionFX/Code/EMotionFX/Source/Skeleton.cpp,0,2,2
/media/ullmann/HDDGabriel/engines/o3de/Gems/WhiteBox/Code/Source/EditorWhiteBoxComponentModeTypes.cpp,0,1,1
/media/ullmann/HDDGabriel/engines/o3de/Gems/WhiteBox/Code/Source/EditorWhiteBoxComponentModeTypes.h,2,1,3
/media/ullmann/HDDGabriel/engines/o3de/Gems/Maestro/Code/Source/Cinematics/GotoTrack.h,3,1,4
/media/ullmann/HDDGabriel/engines/o3de/Gems/AtomTressFX/Code/HairModule.cpp,0,3,3
/media/ullmann/HDDGabriel/engines/o3de/Gems/AtomTressFX/Code/HairModule.h,1,0,1
/media/ullmann/HDDGabriel/engines/o3de/Gems/LmbrCentral/Code/Source/Audio/EditorAudioPreloadComponent.cpp,0,1,1
/media/ullmann/HDDGabriel/engines/o3de/Gems/LmbrCentral/Code/Source/Audio/EditorAudioPreloadComponent.h,2,1,3
/media/ullmann/HDDGabriel/engines/o3de/Gems/LandscapeCanvas/Code/Source/Editor/Nodes/Gradients/SurfaceMaskGradientNode.cpp,0,1,1
/media/ullmann/HDDGabriel/engines/o3de/Gems/Atom/Component/DebugCamera/Code/Source/DebugCameraUtils.cpp,0,1,1
/media/ullmann/HDDGabriel/engines/o3de/Gems/LyShine/Code/Editor/PropertyHandlerUiParticleFloatKeyframe.h,2,0,2
/media/ullmann/HDDGabriel/engines/o3de/Gems/ScriptCanvas/Code/Include/ScriptCanvas/Execution/Interpreted/ExecutionInterpretedClassAPI.h,1,0,1
/media/ullmann/HDDGabriel/engines/o3de/Gems/EMotionFX/Code/EMotionFX/Source/SubMesh.cpp,0,3,3
/media/ullmann/HDDGabriel/engines/o3de/Gems/EMotionFX/Code/Tests/EMotionFXBuilderTests.cpp,0,1,1
/media/ullmann/HDDGabriel/engines/o3de/Gems/EMotionFX/Code/Tests/EMotionFXBuilderFixture.h,2,0,2
/media/ullmann/HDDGabriel/engines/o3de/Gems/LandscapeCanvas/Code/Source/Editor/Nodes/AreaFilters/AltitudeFilterNode.h,2,0,2
/media/ullmann/HDDGabriel/engines/o3de/Gems/ScriptedEntityTweener/Code/Source/ScriptedEntityTweenerSubtask.h,2,0,2
/media/ullmann/HDDGabriel/engines/o3de/Code/Framework/AzToolsFramework/AzToolsFramework/UI/PropertyEditor/EntityPropertyEditor.cpp,0,1,1
/media/ullmann/HDDGabriel/engines/o3de/Code/Framework/AzToolsFramework/AzToolsFramework/UI/PropertyEditor/EntityPropertyEditor.hxx,1,0,1
/media/ullmann/HDDGabriel/engines/o3de/Gems/Camera/Code/Source/CameraGem.cpp,0,4,4
/media/ullmann/HDDGabriel/engines/o3de/Gems/StartingPointCamera/Code/Source/CameraLookAtBehaviors/OffsetPosition.h,2,0,2
/media/ullmann/HDDGabriel/engines/o3de/Gems/Vegetation/Code/Source/Editor/EditorRotationModifierComponent.h,2,0,2
/media/ullmann/HDDGabriel/engines/o3de/Gems/EMotionFX/Code/EMotionFX/Tools/EMotionStudio/Plugins/StandardPlugins/Source/AnimGraph/ParameterSelectionWindow.cpp,0,1,1
/media/ullmann/HDDGabriel/engines/o3de/Code/Editor/Plugins/ProjectSettingsTool/PlatformSettings_Ios.h,2,0,2
/media/ullmann/HDDGabriel/engines/o3de/Gems/EMotionFX/Code/Tests/AnimGraphTransitionConditionTests.cpp,0,1,1
/media/ullmann/HDDGabriel/engines/o3de/Code/Framework/AzQtComponents/AzQtComponents/Gallery/ToggleSwitchPage.cpp,0,1,1
/media/ullmann/HDDGabriel/engines/o3de/Code/Framework/AzQtComponents/AzQtComponents/Gallery/ToggleSwitchPage.h,2,0,2
/media/ullmann/HDDGabriel/engines/o3de/Code/Editor/Plugins/ProjectSettingsTool/PropertyFileSelect.h,3,1,4
/media/ullmann/HDDGabriel/engines/o3de/Code/Framework/AzToolsFramework/AzToolsFramework/Manipulators/ManipulatorView.cpp,0,1,1
/media/ullmann/HDDGabriel/engines/o3de/Code/Framework/AzToolsFramework/AzToolsFramework/Manipulators/ManipulatorView.h,1,0,1
/media/ullmann/HDDGabriel/engines/o3de/Gems/Vegetation/Code/Source/Editor/EditorSpawnerComponent.cpp,0,1,1
/media/ullmann/HDDGabriel/engines/o3de/Gems/AWSGameLift/Code/AWSGameLiftServer/Source/AWSGameLiftServerModule.cpp,0,1,1
/media/ullmann/HDDGabriel/engines/o3de/Gems/MotionMatching/Code/Source/FeatureSchema.cpp,0,2,2
/media/ullmann/HDDGabriel/engines/o3de/Gems/LyShine/Code/Editor/SlicerManipulator.cpp,0,1,1
/media/ullmann/HDDGabriel/engines/o3de/Gems/ScriptCanvas/Code/Include/ScriptCanvas/Libraries/Deprecated/Time/Repeater.cpp,0,1,1
/media/ullmann/HDDGabriel/engines/o3de/Gems/ScriptCanvas/Code/Include/ScriptCanvas/Libraries/Deprecated/Time/Repeater.h,1,0,1
/media/ullmann/HDDGabriel/engines/o3de/Gems/LandscapeCanvas/Code/Source/Editor/Nodes/Shapes/SphereShapeNode.cpp,0,1,1
/media/ullmann/HDDGabriel/engines/o3de/Gems/LandscapeCanvas/Code/Source/Editor/Nodes/Shapes/SphereShapeNode.h,2,0,2
/media/ullmann/HDDGabriel/engines/o3de/Code/Tools/TestImpactFramework/Runtime/Common/Code/Source/Platform/Windows/Process/TestImpactWin32_Process.h,2,2,4
/media/ullmann/HDDGabriel/engines/o3de/Gems/AtomLyIntegration/AtomBridge/Code/Source/AtomBridgeSystemComponent.cpp,0,4,4
/media/ullmann/HDDGabriel/engines/o3de/Gems/AtomLyIntegration/AtomBridge/Code/Source/AtomBridgeSystemComponent.h,2,0,2
/media/ullmann/HDDGabriel/engines/o3de/Gems/AtomLyIntegration/CommonFeatures/Code/Source/PostProcess/GradientWeightModifier/EditorGradientWeightModifierComponent.h,1,0,1
/media/ullmann/HDDGabriel/engines/o3de/Gems/LyShine/Code/Editor/CommandPropertiesChange.h,1,0,1
/media/ullmann/HDDGabriel/engines/o3de/Gems/LyShine/Code/Source/UiSpawnerComponent.cpp,0,1,1
/media/ullmann/HDDGabriel/engines/o3de/Gems/AWSMetrics/Code/Source/DefaultClientIdProvider.cpp,0,1,1
/media/ullmann/HDDGabriel/engines/o3de/Gems/GraphCanvas/Code/Source/Components/Nodes/Comment/CommentNodeFrameComponent.h,1,0,1
/media/ullmann/HDDGabriel/engines/o3de/Gems/EMotionFX/Code/EMotionFX/Source/BlendTreeRotationMath2Node.cpp,0,1,1
/media/ullmann/HDDGabriel/engines/o3de/Code/Framework/AzToolsFramework/AzToolsFramework/ToolsComponents/TransformComponent.cpp,0,1,1
/media/ullmann/HDDGabriel/engines/o3de/Code/Tools/AssetProcessor/native/unittests/AssetProcessorServerUnitTests.h,1,0,1
/media/ullmann/HDDGabriel/engines/o3de/Gems/Atom/Feature/Common/Code/Source/AuxGeom/AuxGeomDrawQueue.cpp,0,1,1
/media/ullmann/HDDGabriel/engines/o3de/Gems/Atom/Feature/Common/Code/Source/AuxGeom/AuxGeomDrawQueue.h,2,1,3
/media/ullmann/HDDGabriel/engines/o3de/Gems/ScriptAutomation/Code/Tests/ScriptAutomationApplicationFixture.cpp,0,1,1
/media/ullmann/HDDGabriel/engines/o3de/Gems/Profiler/Code/Source/ImGuiCpuProfiler.cpp,0,2,2
/media/ullmann/HDDGabriel/engines/o3de/Gems/EMotionFX/Code/EMotionFX/CommandSystem/Source/MotionEventCommands.h,1,1,2
/media/ullmann/HDDGabriel/engines/o3de/Gems/Profiler/Code/Source/ImGuiCpuProfiler.h,2,1,3
/media/ullmann/HDDGabriel/engines/o3de/Gems/Blast/Code/Source/BlastModule.cpp,0,6,6
/media/ullmann/HDDGabriel/engines/o3de/Gems/Blast/Code/Source/Editor/EditorBlastFamilyComponent.h,1,0,1
/media/ullmann/HDDGabriel/engines/o3de/Code/Framework/AzFramework/AzFramework/Components/ConsoleBus.cpp,0,1,1
/media/ullmann/HDDGabriel/engines/o3de/Code/Framework/AzFramework/AzFramework/Components/ConsoleBus.h,1,0,1
/media/ullmann/HDDGabriel/engines/o3de/Code/Editor/Platform/Linux/Editor/Core/QtEditorApplication_linux.cpp,0,1,1
/media/ullmann/HDDGabriel/engines/o3de/Code/Editor/Platform/Linux/Editor/Core/QtEditorApplication_linux.h,1,0,1
/media/ullmann/HDDGabriel/engines/o3de/Gems/Atom/Asset/Shader/Code/Source/Editor/SrgLayoutUtility.cpp,0,1,1
/media/ullmann/HDDGabriel/engines/o3de/Gems/TextureAtlas/Code/Source/TextureAtlasSystemComponent.cpp,0,2,2
/media/ullmann/HDDGabriel/engines/o3de/Gems/Gestures/Code/Source/InputChannelGesture.cpp,0,1,1
/media/ullmann/HDDGabriel/engines/o3de/Code/Tools/ProjectManager/Source/CreateProjectCtrl.h,3,2,5
/media/ullmann/HDDGabriel/engines/o3de/Code/Tools/ProjectManager/Platform/Linux/ProjectManager_Test_Traits_Platform.h,0,1,1
/media/ullmann/HDDGabriel/engines/o3de/Code/Tools/ProjectManager/Platform/Linux/ProjectManager_Test_Traits_Linux.h,1,0,1
/media/ullmann/HDDGabriel/engines/o3de/Code/Editor/RenderHelpers/AxisHelper.h,1,0,1
/media/ullmann/HDDGabriel/engines/o3de/Gems/GradientSignal/Code/Source/Editor/EditorRandomGradientComponent.h,2,0,2
/media/ullmann/HDDGabriel/engines/o3de/Gems/Atom/RHI/Vulkan/Code/Source/Platform/Linux/Vulkan_Traits_Platform.h,0,1,1
/media/ullmann/HDDGabriel/engines/o3de/Gems/Atom/RHI/Vulkan/Code/Source/Platform/Linux/Vulkan_Traits_Linux.h,1,0,1
/media/ullmann/HDDGabriel/engines/o3de/Gems/MotionMatching/Code/Source/QueryVector.cpp,0,2,2
/media/ullmann/HDDGabriel/engines/o3de/Gems/LmbrCentral/Code/Source/Shape/PolygonPrismShapeComponent.cpp,0,1,1
/media/ullmann/HDDGabriel/engines/o3de/Gems/LmbrCentral/Code/Source/Shape/PolygonPrismShapeComponent.h,3,1,4
/media/ullmann/HDDGabriel/engines/o3de/Gems/Atom/Feature/Common/Code/Source/Shadows/FullscreenShadowPass.h,1,0,1
/media/ullmann/HDDGabriel/engines/o3de/Gems/EMotionFX/Code/EMotionFX/Source/RecorderBus.h,1,0,1
/media/ullmann/HDDGabriel/engines/o3de/Gems/LyShine/Code/Editor/HierarchyItem.cpp,0,1,1
/media/ullmann/HDDGabriel/engines/o3de/Gems/Atom/RHI/Metal/Code/Source/Platform/iOS/Metal_Traits_Platform.h,0,1,1
/media/ullmann/HDDGabriel/engines/o3de/Gems/Atom/RHI/Metal/Code/Source/Platform/iOS/Metal_Traits_iOS.h,1,0,1
/media/ullmann/HDDGabriel/engines/o3de/Gems/LmbrCentral/Code/Source/Audio/AudioSwitchComponent.cpp,0,1,1
/media/ullmann/HDDGabriel/engines/o3de/Gems/LyShine/Code/Tests/SpriteTest.cpp,0,1,1
/media/ullmann/HDDGabriel/engines/o3de/Code/Framework/AzToolsFramework/AzToolsFramework/UI/PropertyEditor/PropertyManagerComponent.h,1,1,2
/media/ullmann/HDDGabriel/engines/o3de/Gems/LyShine/Code/Tests/UiTooltipComponentTest.cpp,0,1,1
/media/ullmann/HDDGabriel/engines/o3de/Gems/Atom/RPI/Code/Source/RPI.Public/ColorManagement/GeneratedTransforms/LinearSrgb_To_AcesCg.inl,1,0,1
/media/ullmann/HDDGabriel/engines/o3de/Gems/EMotionFX/Code/EMotionFX/Exporters/ExporterLib/Exporter/ExporterActor.cpp,0,1,1
/media/ullmann/HDDGabriel/engines/o3de/Gems/PhysX/Code/Tests/PhysXWindTest.cpp,0,1,1
/media/ullmann/HDDGabriel/engines/o3de/Gems/PhysX/Code/Tests/PhysXTestFixtures.h,5,0,5
/media/ullmann/HDDGabriel/engines/o3de/Gems/MotionMatching/Code/Source/ImGuiMonitorBus.h,2,0,2
/media/ullmann/HDDGabriel/engines/o3de/Gems/ScriptCanvas/Code/Include/ScriptCanvas/Libraries/Deprecated/Operators/Containers/OperatorBack.h,1,1,2
/media/ullmann/HDDGabriel/engines/o3de/Code/Framework/AzToolsFramework/AzToolsFramework/SQLite/SQLiteConnection.cpp,0,1,1
/media/ullmann/HDDGabriel/engines/o3de/Gems/LyShine/Code/Editor/Animation/UiAVTrackEventKeyUIControls.cpp,0,4,4
/media/ullmann/HDDGabriel/engines/o3de/Gems/LyShine/Code/Editor/Animation/UiAVTrackEventKeyUIControls.h,2,1,3
/media/ullmann/HDDGabriel/engines/o3de/Code/Editor/AssetDatabase/AssetDatabaseLocationListener.cpp,0,1,1
/media/ullmann/HDDGabriel/engines/o3de/Code/Editor/AssetDatabase/AssetDatabaseLocationListener.h,1,0,1
/media/ullmann/HDDGabriel/engines/o3de/Gems/WhiteBox/Code/Source/SubComponentModes/EditorWhiteBoxEdgeRestoreMode.cpp,0,2,2
/media/ullmann/HDDGabriel/engines/o3de/Gems/GameState/Code/Source/GameStateModule.cpp,0,1,1
/media/ullmann/HDDGabriel/engines/o3de/Gems/RemoteTools/Code/Source/Utilities/RemoteToolsJoinThread.h,2,0,2
/media/ullmann/HDDGabriel/engines/o3de/Code/Editor/TrackView/TVCustomizeTrackColorsDlg.cpp,0,2,2
/media/ullmann/HDDGabriel/engines/o3de/Gems/LyShine/Code/Editor/ViewportHighlight.cpp,0,1,1
/media/ullmann/HDDGabriel/engines/o3de/Code/Framework/AzFramework/AzFramework/Visibility/EntityVisibilityQuery.cpp,0,1,1
/media/ullmann/HDDGabriel/engines/o3de/Code/Framework/AzFramework/AzFramework/Visibility/EntityVisibilityQuery.h,1,0,1
/media/ullmann/HDDGabriel/engines/o3de/Gems/LyShine/Code/Editor/SpriteBorderEditor.cpp,0,1,1
/media/ullmann/HDDGabriel/engines/o3de/Gems/PhysX/Code/Source/BaseColliderComponent.cpp,0,1,1
/media/ullmann/HDDGabriel/engines/o3de/Gems/ScriptCanvas/Code/Include/ScriptCanvas/Libraries/UnitTesting/UnitTestingLibrary.cpp,0,1,1
/media/ullmann/HDDGabriel/engines/o3de/Gems/ScriptCanvas/Code/Include/ScriptCanvas/Libraries/UnitTesting/UnitTestingLibrary.h,1,0,1
/media/ullmann/HDDGabriel/engines/o3de/Gems/LyShine/Code/Source/UiLayoutHelpers.cpp,0,1,1
/media/ullmann/HDDGabriel/engines/o3de/Gems/ScriptCanvas/Code/Include/ScriptCanvas/Libraries/Math/MathFunctions.cpp,0,1,1
/media/ullmann/HDDGabriel/engines/o3de/Gems/ScriptCanvas/Code/Include/ScriptCanvas/Libraries/Math/MathFunctions.h,1,0,1
/media/ullmann/HDDGabriel/engines/o3de/Gems/ScriptCanvas/Code/Include/ScriptCanvas/Libraries/Logic/Break.cpp,0,1,1
/media/ullmann/HDDGabriel/engines/o3de/Gems/ScriptCanvas/Code/Include/ScriptCanvas/Libraries/Logic/Break.h,1,0,1
/media/ullmann/HDDGabriel/engines/o3de/Gems/LyShine/Code/Source/UiDropdownComponent.cpp,0,2,2
/media/ullmann/HDDGabriel/engines/o3de/Gems/ScriptCanvas/Code/Include/ScriptCanvas/Libraries/Logic/Or.h,1,0,1
/media/ullmann/HDDGabriel/engines/o3de/Gems/ScriptEvents/Code/Include/ScriptEvents/Internal/BehaviorContextBinding/DefaultEventHandler.cpp,0,2,2
/media/ullmann/HDDGabriel/engines/o3de/Gems/ScriptEvents/Code/Include/ScriptEvents/Internal/BehaviorContextBinding/DefaultEventHandler.h,3,0,3
/media/ullmann/HDDGabriel/engines/o3de/Gems/AtomLyIntegration/CommonFeatures/Code/Source/ImageBasedLights/ImageBasedLightComponent.h,1,0,1
/media/ullmann/HDDGabriel/engines/o3de/Gems/TextureAtlas/Code/Source/TextureAtlasImpl.cpp,0,1,1
/media/ullmann/HDDGabriel/engines/o3de/Gems/TextureAtlas/Code/Source/TextureAtlasImpl.h,2,0,2
/media/ullmann/HDDGabriel/engines/o3de/Gems/EMotionFX/Code/EMotionFX/Tools/EMotionStudio/EMStudioSDK/Source/Commands.cpp,0,1,1
/media/ullmann/HDDGabriel/engines/o3de/Gems/Atom/Asset/ImageProcessingAtom/Code/Source/Compressors/CryTextureSquisher/ColorBlockRGBA4x4c.h,2,1,3
/media/ullmann/HDDGabriel/engines/o3de/Gems/LyShine/Code/Editor/UndoStack.h,1,0,1
/media/ullmann/HDDGabriel/engines/o3de/Gems/EMotionFX/Code/Source/Editor/PropertyWidgets/MotionSetNameHandler.cpp,0,1,1
/media/ullmann/HDDGabriel/engines/o3de/Gems/EMotionFX/Code/Source/Editor/PropertyWidgets/MotionSetNameHandler.h,1,0,1
/media/ullmann/HDDGabriel/engines/o3de/Code/Tools/ProjectManager/Source/AdjustableHeaderWidget.cpp,0,1,1
/media/ullmann/HDDGabriel/engines/o3de/Code/Tools/ProjectManager/Source/AdjustableHeaderWidget.h,1,0,1
/media/ullmann/HDDGabriel/engines/o3de/Gems/EMotionFX/Code/EMotionFX/Source/DebugDraw.h,1,1,2
/media/ullmann/HDDGabriel/engines/o3de/Code/Framework/AzToolsFramework/AzToolsFramework/SQLite/SQLiteQuery.cpp,0,1,1
/media/ullmann/HDDGabriel/engines/o3de/Code/Tools/ProjectManager/Source/TagWidget.cpp,0,1,1
/media/ullmann/HDDGabriel/engines/o3de/Gems/EMotionFX/Code/Tests/AnimGraphTransitionConditionFixture.cpp,0,1,1
/media/ullmann/HDDGabriel/engines/o3de/Code/Framework/AzQtComponents/AzQtComponents/Gallery/FilteredSearchWidgetPage.h,2,0,2
/media/ullmann/HDDGabriel/engines/o3de/Code/Framework/AzToolsFramework/AzToolsFramework/ToolsComponents/EditorPendingCompositionComponent.cpp,0,1,1
/media/ullmann/HDDGabriel/engines/o3de/Code/Framework/AzToolsFramework/AzToolsFramework/ToolsComponents/EditorPendingCompositionComponent.h,1,2,3
/media/ullmann/HDDGabriel/engines/o3de/Code/Framework/AzFramework/AzFramework/Viewport/ScreenGeometry.cpp,0,1,1
/media/ullmann/HDDGabriel/engines/o3de/Code/Framework/AzFramework/AzFramework/Viewport/ScreenGeometry.h,1,0,1
/media/ullmann/HDDGabriel/engines/o3de/Gems/Vegetation/Code/Source/Components/DistanceBetweenFilterComponent.cpp,0,1,1
/media/ullmann/HDDGabriel/engines/o3de/Code/Framework/AzQtComponents/AzQtComponents/Gallery/TreeViewPage.cpp,0,1,1
/media/ullmann/HDDGabriel/engines/o3de/Gems/ScriptCanvas/Code/Include/ScriptCanvas/Libraries/Operators/Math/OperatorLerpNodeable.cpp,0,1,1
/media/ullmann/HDDGabriel/engines/o3de/Gems/ScriptCanvas/Code/Include/ScriptCanvas/Libraries/Operators/Math/OperatorLerpNodeable.h,1,0,1
/media/ullmann/HDDGabriel/engines/o3de/Code/Editor/Export/OCMExporter.h,2,0,2
/media/ullmann/HDDGabriel/engines/o3de/Gems/SceneProcessing/Code/Source/SceneBuilder/SceneBuilderComponent.h,1,0,1
/media/ullmann/HDDGabriel/engines/o3de/Gems/Twitch/Code/Source/TwitchREST.cpp,0,1,1
/media/ullmann/HDDGabriel/engines/o3de/Gems/Twitch/Code/Source/TwitchREST.h,1,1,2
/media/ullmann/HDDGabriel/engines/o3de/Gems/LyShine/Code/Source/UiFlipbookAnimationComponent.cpp,0,1,1
/media/ullmann/HDDGabriel/engines/o3de/Gems/LyShine/Code/Source/UiScrollBarComponent.cpp,0,2,2
/media/ullmann/HDDGabriel/engines/o3de/Code/Framework/AzFramework/Tests/Platform/Android/AzFrameworkTests_Traits_Platform.h,0,1,1
/media/ullmann/HDDGabriel/engines/o3de/Code/Framework/AzFramework/Tests/Platform/Android/AzFrameworkTests_Traits_Android.h,1,0,1
/media/ullmann/HDDGabriel/engines/o3de/Code/Framework/AzCore/AzCore/std/iterator.h,0,1,1
/media/ullmann/HDDGabriel/engines/o3de/Code/Framework/AzCore/AzCore/std/iterator,1,0,1
/media/ullmann/HDDGabriel/engines/o3de/Gems/Terrain/Code/Source/Components/TerrainLayerSpawnerComponent.h,1,0,1
/media/ullmann/HDDGabriel/engines/o3de/Gems/GradientSignal/Code/Source/Editor/EditorGradientTransformComponent.cpp,0,1,1
/media/ullmann/HDDGabriel/engines/o3de/Gems/GradientSignal/Code/Source/Editor/EditorGradientTransformComponent.h,2,0,2
/media/ullmann/HDDGabriel/engines/o3de/Gems/FastNoise/Code/Source/EditorFastNoiseGradientComponent.cpp,0,1,1
/media/ullmann/HDDGabriel/engines/o3de/Code/Framework/AzToolsFramework/AzToolsFramework/UI/PropertyEditor/DHQComboBox.cpp,0,1,1
/media/ullmann/HDDGabriel/engines/o3de/Gems/AtomLyIntegration/AtomImGuiTools/Code/Source/AtomImGuiToolsSystemComponent.cpp,0,1,1
/media/ullmann/HDDGabriel/engines/o3de/Gems/AtomLyIntegration/AtomImGuiTools/Code/Source/AtomImGuiToolsSystemComponent.h,2,0,2
/media/ullmann/HDDGabriel/engines/o3de/Code/Editor/Core/LevelEditorMenuHandler.cpp,0,1,1
/media/ullmann/HDDGabriel/engines/o3de/Code/Editor/Core/LevelEditorMenuHandler.h,2,0,2
/media/ullmann/HDDGabriel/engines/o3de/Gems/ScriptCanvasDeveloper/Code/Editor/Source/EditorAutomationTests/GraphCreationTests.h,1,0,1
/media/ullmann/HDDGabriel/engines/o3de/Gems/LyShine/Code/Source/UiCanvasFileObject.h,4,0,4
/media/ullmann/HDDGabriel/engines/o3de/Code/Framework/AzCore/Tests/AZStd/Variant.cpp,0,1,1
/media/ullmann/HDDGabriel/engines/o3de/Gems/EMotionFX/Code/EMotionFX/Tools/EMotionStudio/Plugins/StandardPlugins/Source/AnimGraph/ParameterEditor/TagParameterEditor.cpp,0,1,1
/media/ullmann/HDDGabriel/engines/o3de/Gems/Gestures/Code/Source/InputChannelGestureClickOrTap.h,2,1,3
/media/ullmann/HDDGabriel/engines/o3de/Code/Framework/AzCore/Tests/AssetManager.cpp,0,2,2
/media/ullmann/HDDGabriel/engines/o3de/Code/Framework/AzToolsFramework/AzToolsFramework/UI/UICore/ClickableLabel.cpp,0,1,1
/media/ullmann/HDDGabriel/engines/o3de/Code/Framework/AzToolsFramework/AzToolsFramework/UI/UICore/ClickableLabel.hxx,1,0,1
/media/ullmann/HDDGabriel/engines/o3de/Gems/LmbrCentral/Code/Source/Builders/CopyDependencyBuilder/SchemaBuilderWorker/SchemaUtils.cpp,0,1,1
/media/ullmann/HDDGabriel/engines/o3de/Code/Framework/AzFramework/AzFramework/Visibility/VisibilityDebug.cpp,0,1,1
/media/ullmann/HDDGabriel/engines/o3de/Code/Framework/AzFramework/AzFramework/Visibility/VisibilityDebug.h,1,0,1
/media/ullmann/HDDGabriel/engines/o3de/Gems/Atom/Feature/Common/Code/Source/Mesh/ModelReloaderSystem.h,1,0,1
/media/ullmann/HDDGabriel/engines/o3de/Code/Framework/AzToolsFramework/AzToolsFramework/Commands/PreemptiveUndoCache.h,2,0,2
/media/ullmann/HDDGabriel/engines/o3de/Gems/PhysX/Code/Tests/EditorTestUtilities.h,3,0,3
/media/ullmann/HDDGabriel/engines/o3de/Code/Tools/AssetProcessor/AssetBuilder/TraceMessageHook.cpp,0,1,1
/media/ullmann/HDDGabriel/engines/o3de/Code/Tools/AssetProcessor/AssetBuilder/TraceMessageHook.h,2,0,2
/media/ullmann/HDDGabriel/engines/o3de/Gems/AssetValidation/Code/Tests/AssetValidationTest.cpp,0,1,1
/media/ullmann/HDDGabriel/engines/o3de/Gems/AssetValidation/Code/Tests/AssetValidationTestShared.h,1,0,1
/media/ullmann/HDDGabriel/engines/o3de/Gems/Atom/RHI/Code/Tests/PipelineStateTests.cpp,0,1,1
/media/ullmann/HDDGabriel/engines/o3de/Gems/ScriptCanvas/Code/Include/ScriptCanvas/Core/NodeBus.h,1,1,2
/media/ullmann/HDDGabriel/engines/o3de/Gems/Stars/Code/Source/EditorStarsModule.cpp,0,3,3
/media/ullmann/HDDGabriel/engines/o3de/Code/Tools/LuaIDE/Source/LUA/TargetContextButton.cpp,0,1,1
/media/ullmann/HDDGabriel/engines/o3de/Code/Tools/LuaIDE/Source/LUA/TargetContextButton.hxx,1,0,1
/media/ullmann/HDDGabriel/engines/o3de/Code/Tools/TestImpactFramework/Runtime/Native/Code/Source/Target/Native/TestImpactNativeTargetListCompiler.h,1,0,1
/media/ullmann/HDDGabriel/engines/o3de/Gems/AudioSystem/Code/Source/Engine/ATLUtils.cpp,0,1,1
/media/ullmann/HDDGabriel/engines/o3de/Code/Editor/TrackView/TrackViewNodes.cpp,0,1,1
/media/ullmann/HDDGabriel/engines/o3de/Gems/AtomLyIntegration/CommonFeatures/Code/Source/Grid/GridComponent.h,1,0,1
/media/ullmann/HDDGabriel/engines/o3de/Code/Editor/Util/ColumnGroupProxyModel.cpp,0,1,1
/media/ullmann/HDDGabriel/engines/o3de/Gems/Atom/Utils/Code/Include/Atom/Utils/ImGuiTransientAttachmentProfiler.h,0,1,1
/media/ullmann/HDDGabriel/engines/o3de/Gems/Atom/Utils/Code/Include/Atom/Utils/ImGuiTransientAttachmentProfiler.inl,1,0,1
/media/ullmann/HDDGabriel/engines/o3de/Code/Editor/ErrorRecorder.cpp,0,3,3
/media/ullmann/HDDGabriel/engines/o3de/Gems/EMotionFX/Code/EMotionFX/Source/BlendTreeVector2DecomposeNode.cpp,0,1,1
/media/ullmann/HDDGabriel/engines/o3de/Gems/EMotionFX/Code/MCore/Source/Random.h,1,1,2
/media/ullmann/HDDGabriel/engines/o3de/Gems/DebugDraw/Code/Source/EditorDebugDrawObbComponent.cpp,0,1,1
/media/ullmann/HDDGabriel/engines/o3de/Gems/LyShine/Code/Editor/LyShineEditorSystemComponent.h,1,0,1
/media/ullmann/HDDGabriel/engines/o3de/Gems/Stars/Code/Source/StarsComponentController.cpp,0,2,2
/media/ullmann/HDDGabriel/engines/o3de/Templates/CppToolGem/Template/Code/Source/Clients/${Name}SystemComponent.cpp,0,1,1
/media/ullmann/HDDGabriel/engines/o3de/Gems/GradientSignal/Code/Source/Editor/EditorRandomGradientComponent.cpp,0,1,1
/media/ullmann/HDDGabriel/engines/o3de/Gems/AudioSystem/Code/Include/Engine/IAudioSystemImplementation.h,0,1,1
/media/ullmann/HDDGabriel/engines/o3de/Gems/AudioSystem/Code/Include/Engine/ATLEntityData.h,1,0,1
/media/ullmann/HDDGabriel/engines/o3de/Gems/VirtualGamepad/Code/Source/VirtualGamepadThumbStickComponent.cpp,0,1,1
/media/ullmann/HDDGabriel/engines/o3de/Gems/VirtualGamepad/Code/Source/VirtualGamepadThumbStickComponent.h,2,1,3
/media/ullmann/HDDGabriel/engines/o3de/Code/Editor/Controls/SplineCtrlEx.h,2,0,2
/media/ullmann/HDDGabriel/engines/o3de/Code/Tools/AssetBundler/source/models/AssetBundlerFileTableFilterModel.cpp,0,1,1
/media/ullmann/HDDGabriel/engines/o3de/Code/Tools/AssetBundler/source/models/AssetBundlerFileTableFilterModel.h,1,0,1
/media/ullmann/HDDGabriel/engines/o3de/Gems/ScriptCanvasTesting/Code/Source/Framework/ScriptCanvasTestFixture.cpp,0,1,1
/media/ullmann/HDDGabriel/engines/o3de/Gems/LandscapeCanvas/Code/Source/Editor/Nodes/Gradients/ImageGradientNode.cpp,0,1,1
/media/ullmann/HDDGabriel/engines/o3de/Gems/AudioEngineWwise/Code/Platform/Linux/AkPlatformFuncs_Platform.h,0,1,1
/media/ullmann/HDDGabriel/engines/o3de/Gems/VirtualGamepad/Code/Source/InputDeviceVirtualGamepad.cpp,0,3,3
/media/ullmann/HDDGabriel/engines/o3de/Code/Framework/AzToolsFramework/AzToolsFramework/ViewportSelection/EditorPickEntitySelection.cpp,0,1,1
/media/ullmann/HDDGabriel/engines/o3de/Code/Framework/AzToolsFramework/AzToolsFramework/ViewportSelection/EditorPickEntitySelection.h,1,0,1
/media/ullmann/HDDGabriel/engines/o3de/Gems/ScriptCanvas/Code/Include/ScriptCanvas/Utils/ReplacementUtils.cpp,0,1,1
/media/ullmann/HDDGabriel/engines/o3de/Gems/ScriptCanvas/Code/Include/ScriptCanvas/Utils/ReplacementUtils.h,1,0,1
/media/ullmann/HDDGabriel/engines/o3de/Code/Legacy/CryCommon/IIndexedMesh.h,0,2,2
/media/ullmann/HDDGabriel/engines/o3de/Code/Editor/Util/Image.cpp,0,1,1
/media/ullmann/HDDGabriel/engines/o3de/Code/LauncherUnified/Platform/Windows/Launcher_Traits_Platform.h,0,1,1
/media/ullmann/HDDGabriel/engines/o3de/Code/LauncherUnified/Platform/Windows/Launcher_Traits_Windows.h,1,0,1
/media/ullmann/HDDGabriel/engines/o3de/Gems/ScriptCanvas/Code/Include/ScriptCanvas/Libraries/Logic/While.cpp,0,1,1
/media/ullmann/HDDGabriel/engines/o3de/Gems/ScriptCanvas/Code/Include/ScriptCanvas/Libraries/Logic/While.h,1,0,1
/media/ullmann/HDDGabriel/engines/o3de/Code/Tools/LuaIDE/Source/LUA/DebugAttachmentButton.cpp,0,1,1
/media/ullmann/HDDGabriel/engines/o3de/Code/Framework/AzToolsFramework/AzToolsFramework/UI/PropertyEditor/PropertyFilePathCtrl.cpp,0,1,1
/media/ullmann/HDDGabriel/engines/o3de/Gems/LmbrCentral/Code/Source/Shape/CapsuleShape.h,1,0,1
/media/ullmann/HDDGabriel/engines/o3de/Code/Framework/AzToolsFramework/AzToolsFramework/Commands/ComponentModeCommand.cpp,0,1,1
/media/ullmann/HDDGabriel/engines/o3de/Code/Framework/AzToolsFramework/AzToolsFramework/Commands/ComponentModeCommand.h,1,0,1
/media/ullmann/HDDGabriel/engines/o3de/Gems/LmbrCentral/Code/Source/Shape/PolygonPrismShape.cpp,0,1,1
/media/ullmann/HDDGabriel/engines/o3de/Code/Framework/AzQtComponents/AzQtComponents/Gallery/SliderPage.h,2,0,2
/media/ullmann/HDDGabriel/engines/o3de/Gems/AtomLyIntegration/CommonFeatures/Code/Source/SkyAtmosphere/SkyAtmosphereComponent.h,1,0,1
/media/ullmann/HDDGabriel/engines/o3de/Gems/PhysX/Code/Source/NameConstants.cpp,0,1,1
/media/ullmann/HDDGabriel/engines/o3de/Gems/PhysX/Code/Source/NameConstants.h,1,0,1
/media/ullmann/HDDGabriel/engines/o3de/Gems/ScriptCanvas/Code/Include/ScriptCanvas/Libraries/Core/MethodOverloaded.cpp,0,1,1
/media/ullmann/HDDGabriel/engines/o3de/Code/Editor/TrackView/TrackViewDoubleSpinBox.cpp,0,1,1
/media/ullmann/HDDGabriel/engines/o3de/Code/Editor/TrackView/TrackViewDoubleSpinBox.h,1,0,1
/media/ullmann/HDDGabriel/engines/o3de/Gems/Atom/RHI/Code/Tests/QueryTests.cpp,0,1,1
/media/ullmann/HDDGabriel/engines/o3de/Code/Editor/Util/PredefinedAspectRatios.cpp,0,1,1
/media/ullmann/HDDGabriel/engines/o3de/Gems/PhysX/Code/Tests/PhysXCollisionFilteringTest.cpp,0,3,3
/media/ullmann/HDDGabriel/engines/o3de/Gems/AudioSystem/Code/Source/Editor/ATLControlsModel.cpp,0,2,2
/media/ullmann/HDDGabriel/engines/o3de/Gems/LyShineExamples/Code/Source/LyShineExamplesInternalBus.h,2,0,2
/media/ullmann/HDDGabriel/engines/o3de/Gems/AWSCore/Code/Source/AWSCoreEditorModule.cpp,0,3,3
/media/ullmann/HDDGabriel/engines/o3de/Gems/AWSCore/Code/Source/Editor/Attribution/AWSCoreAttributionSystemComponent.h,1,0,1
/media/ullmann/HDDGabriel/engines/o3de/Gems/ImGui/External/ImGui/v1.82/imgui/misc/freetype/imgui_freetype.cpp,0,1,1
/media/ullmann/HDDGabriel/engines/o3de/Gems/EMotionFX/Code/EMotionFX/Source/BlendTreeBoolLogicNode.cpp,0,2,2
/media/ullmann/HDDGabriel/engines/o3de/Gems/AtomLyIntegration/CommonFeatures/Code/Source/PostProcess/Bloom/EditorBloomComponent.h,1,0,1
/media/ullmann/HDDGabriel/engines/o3de/Gems/GraphCanvas/Code/Source/Components/Nodes/Group/NodeGroupLayerControllerComponent.h,1,0,1
/media/ullmann/HDDGabriel/engines/o3de/Gems/LmbrCentral/Code/Source/Shape/EditorSplineComponentMode.cpp,0,1,1
/media/ullmann/HDDGabriel/engines/o3de/Templates/DefaultGem/Template/Code/Source/${Name}ModuleInterface.h,0,1,1
/media/ullmann/HDDGabriel/engines/o3de/Gems/EMotionFX/Code/Tests/KeyTrackLinearTests.cpp,0,1,1
/media/ullmann/HDDGabriel/engines/o3de/Gems/Meshlets/Code/Source/Meshlets/MeshletsData.h,2,0,2
/media/ullmann/HDDGabriel/engines/o3de/Gems/AtomTressFX/External/Code/src/SceneGLTFImpl.h,1,0,1
/media/ullmann/HDDGabriel/engines/o3de/Gems/PhysX/Code/Editor/ColliderSphereMode.cpp,0,1,1
/media/ullmann/HDDGabriel/engines/o3de/Gems/ScriptCanvas/Code/Include/ScriptCanvas/Execution/Interpreted/ExecutionInterpretedOut.cpp,0,2,2
/media/ullmann/HDDGabriel/engines/o3de/Code/Legacy/CryCommon/ISplines.h,1,1,2
/media/ullmann/HDDGabriel/engines/o3de/Code/Framework/AzCore/Platform/Mac/AzCore/IPC/SharedMemory_Mac.cpp,0,1,1
/media/ullmann/HDDGabriel/engines/o3de/Code/Framework/AzCore/Platform/Mac/AzCore/IPC/SharedMemory_Mac.h,1,0,1
/media/ullmann/HDDGabriel/engines/o3de/Code/Tools/AssetProcessor/native/AssetManager/FileStateCache.cpp,0,1,1
/media/ullmann/HDDGabriel/engines/o3de/Code/Tools/AssetProcessor/native/AssetManager/FileStateCache.h,2,0,2
/media/ullmann/HDDGabriel/engines/o3de/Code/Framework/AzCore/Tests/DLLMainTest.cpp,0,1,1
/media/ullmann/HDDGabriel/engines/o3de/Code/Tools/AssetProcessor/native/ui/AssetTreeFilterModel.cpp,0,2,2
/media/ullmann/HDDGabriel/engines/o3de/Gems/EMotionFX/Code/MysticQt/Source/RecentFiles.h,1,1,2
/media/ullmann/HDDGabriel/engines/o3de/Code/Editor/TrackView/TrackViewAnimNode.cpp,0,3,3
/media/ullmann/HDDGabriel/engines/o3de/Gems/GraphCanvas/Code/Source/Components/BookmarkAnchor/BookmarkAnchorComponent.h,2,0,2
/media/ullmann/HDDGabriel/engines/o3de/Gems/AtomLyIntegration/AtomImGuiTools/Code/Source/AtomImGuiToolsModule.cpp,0,1,1
/media/ullmann/HDDGabriel/engines/o3de/Gems/GraphCanvas/Code/Source/Components/BookmarkAnchor/BookmarkAnchorLayerControllerComponent.h,2,0,2
/media/ullmann/HDDGabriel/engines/o3de/Code/Editor/Plugins/ProjectSettingsTool/PropertyLinked.h,2,1,3
/media/ullmann/HDDGabriel/engines/o3de/Gems/PythonAssetBuilder/Code/Source/PythonBuilderWorker.cpp,0,1,1
/media/ullmann/HDDGabriel/engines/o3de/Gems/PythonAssetBuilder/Code/Source/PythonBuilderWorker.h,1,0,1
/media/ullmann/HDDGabriel/engines/o3de/Code/Tools/TestImpactFramework/Runtime/Python/Code/Source/TestEngine/Python/TestImpactPythonTestEngine.h,1,0,1
/media/ullmann/HDDGabriel/engines/o3de/Gems/LandscapeCanvas/Code/Source/Editor/Nodes/GradientModifiers/ThresholdGradientModifierNode.cpp,0,1,1
/media/ullmann/HDDGabriel/engines/o3de/Gems/AtomLyIntegration/CommonFeatures/Code/Source/PostProcess/ColorGrading/EditorHDRColorGradingComponent.h,1,0,1
/media/ullmann/HDDGabriel/engines/o3de/Gems/Vegetation/Code/Source/Components/DescriptorListCombinerComponent.cpp,0,1,1
/media/ullmann/HDDGabriel/engines/o3de/Code/Tools/LuaIDE/Source/LUA/LUAEditorGoToLineDialog.cpp,0,1,1
/media/ullmann/HDDGabriel/engines/o3de/Code/Tools/LuaIDE/Source/LUA/LUAEditorGoToLineDialog.hxx,2,0,2
/media/ullmann/HDDGabriel/engines/o3de/Gems/ScriptCanvas/Code/Include/ScriptCanvas/Grammar/PrimitivesDeclarations.h,4,1,5
/media/ullmann/HDDGabriel/engines/o3de/Gems/AWSCore/Code/Source/AWSCoreResourceMappingToolModule.cpp,0,1,1
/media/ullmann/HDDGabriel/engines/o3de/Gems/Atom/Asset/ImageProcessingAtom/Code/Source/Processing/ImageConvert.h,2,0,2
/media/ullmann/HDDGabriel/engines/o3de/Gems/StartingPointInput/Code/Source/InputConfigurationComponent.h,2,1,3
/media/ullmann/HDDGabriel/engines/o3de/Code/Framework/AzFramework/AzFramework/Application/Application.cpp,0,1,1
/media/ullmann/HDDGabriel/engines/o3de/Code/Framework/AzFramework/AzFramework/Application/Application.h,1,0,1
/media/ullmann/HDDGabriel/engines/o3de/Gems/ScriptCanvas/Code/Include/ScriptCanvas/Libraries/UnitTesting/Auxiliary/Auxiliary.cpp,0,1,1
/media/ullmann/HDDGabriel/engines/o3de/Gems/ScriptCanvas/Code/Include/ScriptCanvas/Libraries/UnitTesting/Auxiliary/Auxiliary.h,1,0,1
/media/ullmann/HDDGabriel/engines/o3de/Gems/Atom/Feature/Common/Code/Source/CubeMapCapture/CubeMapCaptureFeatureProcessor.h,1,0,1
/media/ullmann/HDDGabriel/engines/o3de/Gems/EMotionFX/Code/EMotionFX/Tools/EMotionStudio/Plugins/StandardPlugins/Source/NodeGroups/NodeGroupManagementWidget.cpp,0,2,2
/media/ullmann/HDDGabriel/engines/o3de/Gems/EMotionFX/Code/EMotionFX/Tools/EMotionStudio/Plugins/StandardPlugins/Source/NodeGroups/NodeGroupManagementWidget.h,2,3,5
/media/ullmann/HDDGabriel/engines/o3de/Gems/LyShine/Code/Editor/ViewportHighlight.h,1,0,1
/media/ullmann/HDDGabriel/engines/o3de/Gems/Twitch/Code/Source/Platform/Android/Twitch_Traits_Platform.h,0,1,1
/media/ullmann/HDDGabriel/engines/o3de/Gems/Twitch/Code/Source/Platform/Android/Twitch_Traits_Android.h,1,0,1
/media/ullmann/HDDGabriel/engines/o3de/Gems/StartingPointCamera/Code/Source/CameraTargetAcquirers/AcquireByTag.cpp,0,1,1
/media/ullmann/HDDGabriel/engines/o3de/Gems/StartingPointCamera/Code/Source/CameraTargetAcquirers/AcquireByTag.h,2,0,2
/media/ullmann/HDDGabriel/engines/o3de/Gems/ScriptCanvas/Code/Include/ScriptCanvas/Libraries/Libraries.cpp,0,1,1
/media/ullmann/HDDGabriel/engines/o3de/Gems/ScriptCanvas/Code/Include/ScriptCanvas/Libraries/Libraries.h,1,0,1
/media/ullmann/HDDGabriel/engines/o3de/Gems/Atom/RHI/Code/Tests/AllocatorTests.cpp,0,1,1
/media/ullmann/HDDGabriel/engines/o3de/Gems/AtomLyIntegration/CommonFeatures/Code/Source/Debug/RenderDebugEditorComponent.h,1,0,1
/media/ullmann/HDDGabriel/engines/o3de/Code/Framework/AzToolsFramework/AzToolsFramework/UI/Logging/LogTableItemDelegate.h,1,0,1
/media/ullmann/HDDGabriel/engines/o3de/Gems/PhysX/Code/Source/EditorRigidBodyComponent.h,1,0,1
/media/ullmann/HDDGabriel/engines/o3de/Code/Framework/AzTest/AzTest/Platform/Android/AzTest_Traits_Platform.h,0,1,1
/media/ullmann/HDDGabriel/engines/o3de/Code/Framework/AzTest/AzTest/Platform/Android/AzTest_Traits_Android.h,1,0,1
/media/ullmann/HDDGabriel/engines/o3de/Gems/EMotionFX/Code/Tests/MorphTargetPipelineTests.cpp,0,1,1
/media/ullmann/HDDGabriel/engines/o3de/Code/Framework/AzTest/AzTest/Platform/Windows/AzTest_Traits_Platform.h,0,1,1
/media/ullmann/HDDGabriel/engines/o3de/Code/Framework/AzTest/AzTest/Platform/Windows/AzTest_Traits_Windows.h,1,0,1
/media/ullmann/HDDGabriel/engines/o3de/Gems/LmbrCentral/Code/Source/Builders/CopyDependencyBuilder/CopyDependencyBuilderComponent.cpp,0,1,1
/media/ullmann/HDDGabriel/engines/o3de/Gems/EMotionFX/Code/EMotionFX/Tools/EMotionStudio/Plugins/StandardPlugins/Source/AnimGraph/AnimGraphOptions.cpp,0,1,1
/media/ullmann/HDDGabriel/engines/o3de/Gems/Atom/Asset/ImageProcessingAtom/Code/Source/ImageBuilderComponent.h,2,0,2
/media/ullmann/HDDGabriel/engines/o3de/Code/Editor/FBXExporterDialog.cpp,0,2,2
/media/ullmann/HDDGabriel/engines/o3de/Code/Framework/AzCore/Tests/AZStd/Any.cpp,0,1,1
/media/ullmann/HDDGabriel/engines/o3de/Code/Editor/QtUI/WaitCursor.cpp,0,1,1
/media/ullmann/HDDGabriel/engines/o3de/Code/Editor/QtUI/WaitCursor.h,1,0,1
/media/ullmann/HDDGabriel/engines/o3de/Gems/Atom/Tools/MaterialCanvas/Code/Source/Window/MaterialCanvasMainWindow.h,2,0,2
/media/ullmann/HDDGabriel/engines/o3de/Gems/EMotionFX/Code/MysticQt/Source/MysticQtConfig.h,4,0,4
/media/ullmann/HDDGabriel/engines/o3de/Gems/Meshlets/Code/Source/MeshletsEditorModule.cpp,0,2,2
/media/ullmann/HDDGabriel/engines/o3de/Code/Framework/AzToolsFramework/AzToolsFramework/UnitTest/AzToolsFrameworkTestHelpers.cpp,0,1,1
/media/ullmann/HDDGabriel/engines/o3de/Code/Framework/AzToolsFramework/AzToolsFramework/UnitTest/AzToolsFrameworkTestHelpers.h,1,0,1
/media/ullmann/HDDGabriel/engines/o3de/Code/Framework/AzToolsFramework/AzToolsFramework/UI/PropertyEditor/PropertyBoolComboBoxCtrl.cpp,0,3,3
/media/ullmann/HDDGabriel/engines/o3de/Code/Framework/AzQtComponents/AzQtComponents/Gallery/ReflectedPropertyEditorPage.h,2,0,2
/media/ullmann/HDDGabriel/engines/o3de/Gems/Meshlets/Code/Source/Meshlets/MeshletsUtilities.cpp,0,1,1
/media/ullmann/HDDGabriel/engines/o3de/Gems/AudioEngineWwise/Code/Platform/Windows/AkPlatformFuncs_Platform.h,0,1,1
/media/ullmann/HDDGabriel/engines/o3de/Gems/AudioEngineWwise/Code/Platform/Common/MSVC/AkPlatformFuncs_Default.h,1,0,1
/media/ullmann/HDDGabriel/engines/o3de/Gems/EMotionFX/Code/EMotionFX/Tools/EMotionStudio/Plugins/StandardPlugins/Source/AnimGraph/ParameterEditor/FloatSliderParameterEditor.cpp,0,1,1
/media/ullmann/HDDGabriel/engines/o3de/Gems/EMotionFX/Code/EMotionFX/Tools/EMotionStudio/Plugins/StandardPlugins/Source/AnimGraph/ParameterEditor/FloatSliderParameterEditor.h,2,1,3
/media/ullmann/HDDGabriel/engines/o3de/Gems/ImGui/External/ImGui/v1.82/imgui/imstb_truetype.h,1,0,1
/media/ullmann/HDDGabriel/engines/o3de/Code/Legacy/CryCommon/Cry_ValidNumber.h,1,0,1
/media/ullmann/HDDGabriel/engines/o3de/Gems/Blast/Code/Tests/BlastActorTest.cpp,0,1,1
/media/ullmann/HDDGabriel/engines/o3de/Code/Editor/EditorViewportCamera.h,4,0,4
/media/ullmann/HDDGabriel/engines/o3de/Gems/StartingPointInput/Code/Source/InputHandlerNodeable.cpp,0,1,1
/media/ullmann/HDDGabriel/engines/o3de/Gems/StartingPointInput/Code/Source/InputHandlerNodeable.h,1,0,1
/media/ullmann/HDDGabriel/engines/o3de/Code/Framework/AzToolsFramework/AzToolsFramework/Manipulators/SurfaceManipulator.cpp,0,1,1
/media/ullmann/HDDGabriel/engines/o3de/Code/Framework/AzToolsFramework/AzToolsFramework/Manipulators/SurfaceManipulator.h,1,1,2
/media/ullmann/HDDGabriel/engines/o3de/Gems/ScriptCanvas/Code/Include/ScriptCanvas/Libraries/Time/DelayNodeable.cpp,0,1,1
/media/ullmann/HDDGabriel/engines/o3de/Gems/ScriptCanvas/Code/Include/ScriptCanvas/Libraries/Time/DelayNodeable.h,1,0,1
/media/ullmann/HDDGabriel/engines/o3de/Gems/EMotionFX/Code/EMotionFX/Source/TriggerActionSetup.h,0,1,1
/media/ullmann/HDDGabriel/engines/o3de/Code/Framework/AzToolsFramework/AzToolsFramework/UI/PropertyEditor/PropertyEditorAPI_Internals_Impl.h,1,0,1
/media/ullmann/HDDGabriel/engines/o3de/Gems/GraphCanvas/Code/Source/Components/Slots/Execution/ExecutionSlotComponent.h,2,0,2
/media/ullmann/HDDGabriel/engines/o3de/Code/Tools/CrashHandler/Tools/Uploader/SendReportDialog.cpp,0,1,1
/media/ullmann/HDDGabriel/engines/o3de/Code/Framework/AzToolsFramework/AzToolsFramework/UI/PropertyEditor/PropertyEnumComboBoxCtrl.cpp,0,3,3
/media/ullmann/HDDGabriel/engines/o3de/Gems/LyShine/Code/Editor/CanvasSizeToolbarSection.h,2,0,2
/media/ullmann/HDDGabriel/engines/o3de/Gems/Maestro/Code/Source/Cinematics/LookAtTrack.cpp,0,1,1
/media/ullmann/HDDGabriel/engines/o3de/Code/Editor/IPostRenderer.h,1,0,1
/media/ullmann/HDDGabriel/engines/o3de/Gems/Atom/Feature/Common/Code/Source/Platform/Windows/Atom_Feature_Traits_Platform.h,0,1,1
/media/ullmann/HDDGabriel/engines/o3de/Gems/Atom/Feature/Common/Code/Source/Platform/Windows/Atom_Feature_Traits_Windows.h,1,0,1
/media/ullmann/HDDGabriel/engines/o3de/Code/Editor/Dialogs/Generic/UserOptions.cpp,0,1,1
/media/ullmann/HDDGabriel/engines/o3de/Code/Editor/Dialogs/Generic/UserOptions.h,1,0,1
/media/ullmann/HDDGabriel/engines/o3de/Code/Tools/AssetProcessor/native/FileWatcher/FileWatcher.cpp,0,1,1
/media/ullmann/HDDGabriel/engines/o3de/Code/Tools/AssetProcessor/native/FileWatcher/FileWatcher.h,1,0,1
/media/ullmann/HDDGabriel/engines/o3de/Gems/Meshlets/Code/Source/Meshlets/SharedBufferInterface.h,1,0,1
/media/ullmann/HDDGabriel/engines/o3de/Gems/PhysX/Code/Source/DefaultWorldComponent.h,2,0,2
/media/ullmann/HDDGabriel/engines/o3de/Gems/EMotionFX/Code/Platform/Android/EMotionFX_Traits_Platform.h,0,1,1
/media/ullmann/HDDGabriel/engines/o3de/Gems/EMotionFX/Code/Platform/Android/EMotionFX_Traits_Android.h,1,0,1
/media/ullmann/HDDGabriel/engines/o3de/Gems/AudioSystem/Code/Source/Engine/ATLAudioObject.cpp,0,3,3
/media/ullmann/HDDGabriel/engines/o3de/Code/Tools/CrashHandler/Platform/Windows/CrashHandler_Traits_Platform.h,0,1,1
/media/ullmann/HDDGabriel/engines/o3de/Code/Tools/CrashHandler/Platform/Windows/CrashHandler_Traits_Windows.h,1,0,1
/media/ullmann/HDDGabriel/engines/o3de/Gems/LyShine/Code/Tests/TextInputComponentTest.cpp,0,1,1
/media/ullmann/HDDGabriel/engines/o3de/Code/Editor/Clipboard.h,1,1,2
/media/ullmann/HDDGabriel/engines/o3de/Gems/Twitch/Code/Source/Platform/iOS/Twitch_Traits_Platform.h,0,1,1
/media/ullmann/HDDGabriel/engines/o3de/Gems/Twitch/Code/Source/Platform/iOS/Twitch_Traits_iOS.h,1,0,1
/media/ullmann/HDDGabriel/engines/o3de/Gems/Terrain/Code/Source/EditorComponents/EditorTerrainHeightGradientListComponent.h,1,0,1
/media/ullmann/HDDGabriel/engines/o3de/Gems/AtomLyIntegration/CommonFeatures/Code/Source/SkyBox/EditorPhysicalSkyComponent.h,1,0,1
/media/ullmann/HDDGabriel/engines/o3de/Gems/LmbrCentral/Code/Source/Scripting/RandomTimedSpawnerComponent.cpp,0,1,1
/media/ullmann/HDDGabriel/engines/o3de/Gems/EMotionFX/Code/Tests/JackGraphFixture.cpp,0,1,1
/media/ullmann/HDDGabriel/engines/o3de/Gems/EMotionFX/Code/EMotionFX/CommandSystem/Source/NodeGroupCommands.cpp,0,2,2
/media/ullmann/HDDGabriel/engines/o3de/Gems/EMotionFX/Code/EMotionFX/CommandSystem/Source/NodeGroupCommands.h,1,1,2
/media/ullmann/HDDGabriel/engines/o3de/Code/Tools/TestImpactFramework/Runtime/Python/Code/Source/Target/Python/TestImpactPythonTargetListCompiler.h,1,0,1
/media/ullmann/HDDGabriel/engines/o3de/Code/Legacy/CryCommon/Cry_Quat.h,1,0,1
/media/ullmann/HDDGabriel/engines/o3de/Gems/Terrain/Code/Source/EditorComponents/EditorTerrainWorldComponent.h,1,0,1
/media/ullmann/HDDGabriel/engines/o3de/Gems/ScriptCanvas/Code/Include/ScriptCanvas/Libraries/Core/BinaryOperator.cpp,0,1,1
/media/ullmann/HDDGabriel/engines/o3de/Gems/ScriptCanvas/Code/Include/ScriptCanvas/Libraries/Core/BinaryOperator.h,1,0,1
/media/ullmann/HDDGabriel/engines/o3de/Gems/Maestro/Code/Source/Cinematics/CharacterTrackAnimator.h,2,0,2
/media/ullmann/HDDGabriel/engines/o3de/Gems/AtomLyIntegration/CommonFeatures/Code/Source/SurfaceData/SurfaceDataMeshComponent.cpp,0,1,1
/media/ullmann/HDDGabriel/engines/o3de/Gems/EMotionFX/Code/Tests/BlendTreeBlendNNodeTests.cpp,0,1,1
/media/ullmann/HDDGabriel/engines/o3de/Gems/LyShine/Code/Source/UiClipboard.h,1,0,1
/media/ullmann/HDDGabriel/engines/o3de/Gems/TextureAtlas/Code/Source/Editor/AtlasBuilderComponent.cpp,0,1,1
/media/ullmann/HDDGabriel/engines/o3de/Code/Framework/AzCore/Platform/Common/UnixLike/AzCore/std/parallel/internal/semaphore_UnixLike.h,0,1,1
/media/ullmann/HDDGabriel/engines/o3de/Code/Framework/AzCore/Platform/Common/UnixLike/AzCore/std/parallel/internal/time_UnixLike.h,1,0,1
/media/ullmann/HDDGabriel/engines/o3de/Code/Editor/Plugins/EditorAssetImporter/AssetImporterWindow.cpp,0,3,3
/media/ullmann/HDDGabriel/engines/o3de/Code/Editor/Plugins/EditorAssetImporter/ImporterRootDisplay.h,2,0,2
/media/ullmann/HDDGabriel/engines/o3de/Code/Editor/Util/EditorAutoLevelLoadTest.h,2,0,2
/media/ullmann/HDDGabriel/engines/o3de/Code/Legacy/CryCommon/Cry_Matrix33.h,1,0,1
/media/ullmann/HDDGabriel/engines/o3de/Gems/AtomLyIntegration/CommonFeatures/Code/Source/PostProcess/RadiusWeightModifier/EditorRadiusWeightModifierComponent.h,1,0,1
/media/ullmann/HDDGabriel/engines/o3de/Gems/LyShine/Code/Source/Script/UiCanvasNotificationLuaBus.cpp,0,1,1
/media/ullmann/HDDGabriel/engines/o3de/Gems/LyShine/Code/Source/Script/UiCanvasNotificationLuaBus.h,2,0,2
/media/ullmann/HDDGabriel/engines/o3de/Gems/EMotionFX/Code/EMotionFX/Tools/EMotionStudio/Plugins/StandardPlugins/Source/AnimGraph/ParameterWindow.h,2,0,2
/media/ullmann/HDDGabriel/engines/o3de/Gems/SurfaceData/Code/Source/Editor/EditorSurfaceDataShapeComponent.cpp,0,1,1
/media/ullmann/HDDGabriel/engines/o3de/Gems/SurfaceData/Code/Source/Editor/EditorSurfaceDataShapeComponent.h,2,0,2
/media/ullmann/HDDGabriel/engines/o3de/Gems/AWSGameLift/Code/AWSGameLiftClient/Source/Activity/AWSGameLiftJoinSessionActivity.h,1,0,1
/media/ullmann/HDDGabriel/engines/o3de/Gems/EditorPythonBindings/Code/Source/PythonProxyObject.cpp,0,1,1
/media/ullmann/HDDGabriel/engines/o3de/Gems/EditorPythonBindings/Code/Source/PythonProxyObject.h,1,0,1
/media/ullmann/HDDGabriel/engines/o3de/Code/Tools/AssetProcessor/native/AssetManager/SourceFileRelocator.cpp,0,2,2
/media/ullmann/HDDGabriel/engines/o3de/Gems/ScriptCanvas/Code/Include/ScriptCanvas/Libraries/Core/FunctionCallNode.h,2,0,2
/media/ullmann/HDDGabriel/engines/o3de/Code/Tools/AssetProcessor/native/ui/ProductDependencyTreeModel.h,0,1,1
/media/ullmann/HDDGabriel/engines/o3de/Gems/LyShine/Code/Source/RenderToTextureBus.h,3,0,3
/media/ullmann/HDDGabriel/engines/o3de/Gems/AtomLyIntegration/CommonFeatures/Code/Source/PostProcess/DisplayMapper/EditorDisplayMapperComponent.h,1,0,1
/media/ullmann/HDDGabriel/engines/o3de/Code/Tools/AssetProcessor/native/resourcecompiler/RCBuilder.h,1,1,2
/media/ullmann/HDDGabriel/engines/o3de/Code/Tools/AssetProcessor/native/utilities/ApplicationManagerAPI.h,2,0,2
/media/ullmann/HDDGabriel/engines/o3de/Gems/RemoteTools/Code/Source/RemoteToolsSystemComponent.cpp,0,1,1
/media/ullmann/HDDGabriel/engines/o3de/Gems/ScriptCanvas/Code/Include/ScriptCanvas/Execution/Interpreted/ExecutionStateInterpretedPerActivation.h,0,1,1
/media/ullmann/HDDGabriel/engines/o3de/Gems/ScriptCanvas/Code/Include/ScriptCanvas/Execution/Interpreted/ExecutionStateInterpreted.h,3,0,3
/media/ullmann/HDDGabriel/engines/o3de/Gems/ScriptCanvas/Code/Include/ScriptCanvas/Core/Slot.cpp,0,5,5
/media/ullmann/HDDGabriel/engines/o3de/Code/Editor/WindowObserver_mac.h,1,0,1
/media/ullmann/HDDGabriel/engines/o3de/Code/Editor/QtUI/ColorButton.cpp,0,1,1
/media/ullmann/HDDGabriel/engines/o3de/Code/Editor/QtUI/ColorButton.h,1,0,1
/media/ullmann/HDDGabriel/engines/o3de/Gems/LyShine/Code/Editor/PropertyHandlerSprite.h,2,0,2
/media/ullmann/HDDGabriel/engines/o3de/Gems/LyShine/Code/Source/UiImageSequenceComponent.cpp,0,3,3
/media/ullmann/HDDGabriel/engines/o3de/Gems/Atom/Asset/ImageProcessingAtom/Code/Source/Editor/TexturePreviewWidget.cpp,0,1,1
/media/ullmann/HDDGabriel/engines/o3de/Gems/Atom/Asset/ImageProcessingAtom/Code/Source/Editor/TexturePreviewWidget.h,1,0,1
/media/ullmann/HDDGabriel/engines/o3de/Gems/ScriptCanvas/Code/Editor/GraphCanvas/Components/NodeDescriptors/FunctionNodeDescriptorComponent.cpp,0,1,1
/media/ullmann/HDDGabriel/engines/o3de/Gems/ScriptCanvas/Code/Editor/GraphCanvas/Components/NodeDescriptors/FunctionNodeDescriptorComponent.h,1,0,1
/media/ullmann/HDDGabriel/engines/o3de/Gems/LyShine/Code/Editor/SlicerEdit.h,1,1,2
/media/ullmann/HDDGabriel/engines/o3de/Code/Framework/AzQtComponents/AzQtComponents/Gallery/HyperlinkPage.cpp,0,1,1
/media/ullmann/HDDGabriel/engines/o3de/Code/Framework/AzQtComponents/AzQtComponents/Gallery/HyperlinkPage.h,2,0,2
/media/ullmann/HDDGabriel/engines/o3de/Gems/VirtualGamepad/Code/Source/VirtualGamepadThumbStickRequestBus.h,2,0,2
/media/ullmann/HDDGabriel/engines/o3de/Gems/GraphCanvas/Code/Source/Components/Nodes/Comment/CommentNodeLayoutComponent.h,2,0,2
/media/ullmann/HDDGabriel/engines/o3de/Gems/AWSCore/Code/Platform/Windows/AWSCore_Traits_Platform.h,0,1,1
/media/ullmann/HDDGabriel/engines/o3de/Gems/AWSCore/Code/Platform/Windows/AWSCore_Traits_Windows.h,1,0,1
/media/ullmann/HDDGabriel/engines/o3de/Gems/Atom/RHI/Metal/Code/Include/Platform/Mac/Atom_RHI_Metal_Platform.h,0,1,1
/media/ullmann/HDDGabriel/engines/o3de/Gems/Atom/RHI/Metal/Code/Include/Platform/Mac/Atom_RHI_Metal_Mac.h,1,0,1
/media/ullmann/HDDGabriel/engines/o3de/AutomatedTesting/Gem/Code/Source/AutomatedTestingSystemComponent.cpp,0,1,1
/media/ullmann/HDDGabriel/engines/o3de/AutomatedTesting/Gem/Code/Source/AutomatedTestingSystemComponent.h,2,0,2
/media/ullmann/HDDGabriel/engines/o3de/Code/Tools/LuaIDE/Source/LUA/LUAEditorFoldingWidget.hxx,1,0,1
/media/ullmann/HDDGabriel/engines/o3de/Gems/Atom/Component/DebugCamera/Code/Source/NoClipControllerComponent.cpp,0,1,1
/media/ullmann/HDDGabriel/engines/o3de/Gems/ScriptCanvas/Code/Include/ScriptCanvas/Asset/ExecutionLogAsset.cpp,0,1,1
/media/ullmann/HDDGabriel/engines/o3de/Gems/ScriptCanvas/Code/Include/ScriptCanvas/Asset/ExecutionLogAsset.h,1,0,1
/media/ullmann/HDDGabriel/engines/o3de/Gems/LyShine/Code/Editor/EditorCommon.cpp,0,1,1
/media/ullmann/HDDGabriel/engines/o3de/Gems/ScriptCanvas/Code/Include/ScriptCanvas/Core/SubgraphInterface.h,3,0,3
/media/ullmann/HDDGabriel/engines/o3de/Code/Framework/AzFramework/AzFramework/Logging/LoggingComponent.cpp,0,2,2
/media/ullmann/HDDGabriel/engines/o3de/Gems/ScriptCanvas/Code/Include/ScriptCanvas/Core/ConnectionBus.h,1,2,3
/media/ullmann/HDDGabriel/engines/o3de/Code/Framework/AzCore/Tests/AZStd/DequeAndSimilar.cpp,0,1,1
/media/ullmann/HDDGabriel/engines/o3de/Gems/EMotionFX/Code/EMotionFX/Tools/EMotionStudio/Plugins/StandardPlugins/Source/ActionHistory/ActionHistoryPlugin.cpp,0,2,2
/media/ullmann/HDDGabriel/engines/o3de/Gems/ScriptCanvas/Code/Include/ScriptCanvas/Libraries/Operators/OperatorsLibrary.cpp,0,1,1
/media/ullmann/HDDGabriel/engines/o3de/Gems/ScriptCanvas/Code/Include/ScriptCanvas/Libraries/Operators/OperatorsLibrary.h,1,0,1
/media/ullmann/HDDGabriel/engines/o3de/Gems/LandscapeCanvas/Code/Source/Editor/Nodes/AreaModifiers/SlopeAlignmentModifierNode.cpp,0,1,1
/media/ullmann/HDDGabriel/engines/o3de/Code/Editor/Objects/DisplayContext.cpp,0,1,1
/media/ullmann/HDDGabriel/engines/o3de/Code/Editor/Objects/DisplayContextShared.inl,1,0,1
/media/ullmann/HDDGabriel/engines/o3de/Code/Framework/AzManipulatorTestFramework/Tests/DirectCallTest.cpp,0,1,1
/media/ullmann/HDDGabriel/engines/o3de/Gems/PhysX/Code/Source/ShapeColliderComponent.cpp,0,1,1
/media/ullmann/HDDGabriel/engines/o3de/Code/Tools/ProjectManager/Source/ScreenHeaderWidget.cpp,0,1,1
/media/ullmann/HDDGabriel/engines/o3de/Code/Framework/AzToolsFramework/AzToolsFramework/UI/Logging/GenericLogPanel.h,1,2,3
/media/ullmann/HDDGabriel/engines/o3de/Gems/Atom/Feature/Common/Code/Source/Checkerboard/CheckerboardColorResolvePass.h,1,0,1
/media/ullmann/HDDGabriel/engines/o3de/Gems/ScriptCanvas/Code/Include/ScriptCanvas/Core/Contracts/MethodOverloadContract.cpp,0,1,1
/media/ullmann/HDDGabriel/engines/o3de/Gems/PhysX/Code/Tests/PhysXColliderComponentModeTests.cpp,0,1,1
/media/ullmann/HDDGabriel/engines/o3de/Code/Editor/EditorFileMonitor.cpp,0,3,3
/media/ullmann/HDDGabriel/engines/o3de/Gems/ScriptedEntityTweener/Code/Source/ScriptedEntityTweenerTask.cpp,0,1,1
/media/ullmann/HDDGabriel/engines/o3de/Gems/RecastNavigation/Code/Tests/NavigationMeshTest.cpp,0,1,1
/media/ullmann/HDDGabriel/engines/o3de/Gems/ScriptedEntityTweener/Code/Source/ScriptedEntityTweenerSubtask.cpp,0,2,2
/media/ullmann/HDDGabriel/engines/o3de/Gems/ScriptedEntityTweener/Code/Source/ScriptedEntityTweenerMath.h,1,0,1
/media/ullmann/HDDGabriel/engines/o3de/Gems/EMotionFX/Code/EMotionFX/Tools/EMotionStudio/Plugins/StandardPlugins/Source/AnimGraph/ParameterEditor/RotationParameterEditor.h,1,0,1
/media/ullmann/HDDGabriel/engines/o3de/Gems/LyShine/Code/Editor/SpriteBorderEditorCommon.cpp,0,1,1
/media/ullmann/HDDGabriel/engines/o3de/Code/Framework/AzToolsFramework/AzToolsFramework/PythonTerminal/ScriptHelpDialog.h,2,0,2
/media/ullmann/HDDGabriel/engines/o3de/Gems/Vegetation/Code/Source/Editor/EditorDistributionFilterComponent.cpp,0,1,1
/media/ullmann/HDDGabriel/engines/o3de/Gems/Vegetation/Code/Source/Editor/EditorDistributionFilterComponent.h,2,0,2
/media/ullmann/HDDGabriel/engines/o3de/Gems/EMotionFX/Code/EMotionFX/Source/AnimGraphReferenceNode.h,1,0,1
/media/ullmann/HDDGabriel/engines/o3de/Gems/EMotionFX/Code/EMotionFX/Source/KeyFrameFinder.inl,1,0,1
/media/ullmann/HDDGabriel/engines/o3de/Code/Framework/AzToolsFramework/AzToolsFramework/Manipulators/SplineSelectionManipulator.h,1,1,2
/media/ullmann/HDDGabriel/engines/o3de/Gems/Atom/Tools/AtomToolsFramework/Code/Source/Window/AtomToolsMainWindowSystemComponent.h,1,0,1
/media/ullmann/HDDGabriel/engines/o3de/Gems/AWSMetrics/Code/Source/GlobalStatistics.h,1,0,1
/media/ullmann/HDDGabriel/engines/o3de/Gems/Terrain/Code/Tests/TerrainSystemSettingsTests.cpp,0,2,2
/media/ullmann/HDDGabriel/engines/o3de/Gems/LyShine/Code/Editor/PropertiesWidget.cpp,0,2,2
/media/ullmann/HDDGabriel/engines/o3de/Code/Framework/AzToolsFramework/AzToolsFramework/UI/UICore/TargetSelectorButton.cpp,0,1,1
/media/ullmann/HDDGabriel/engines/o3de/Code/Framework/AzToolsFramework/AzToolsFramework/UI/UICore/TargetSelectorButton.hxx,1,0,1
/media/ullmann/HDDGabriel/engines/o3de/Gems/EMotionFX/Code/EMotionFX/Tools/EMotionStudio/Plugins/StandardPlugins/Source/AnimGraph/ParameterEditor/Vector4ParameterEditor.cpp,0,1,1
/media/ullmann/HDDGabriel/engines/o3de/Gems/EMotionFX/Code/EMotionFX/CommandSystem/Source/ParameterMixins.h,0,1,1
/media/ullmann/HDDGabriel/engines/o3de/Gems/EMotionFX/Code/EMotionFX/CommandSystem/Source/ParameterMixins_Interface.inl,1,0,1
/media/ullmann/HDDGabriel/engines/o3de/Gems/AWSClientAuth/Code/Source/AWSClientAuthBus.h,1,0,1
/media/ullmann/HDDGabriel/engines/o3de/Gems/SaveData/Code/Source/SaveDataModule.cpp,0,1,1
/media/ullmann/HDDGabriel/engines/o3de/Gems/Multiplayer/Code/Source/ReplicationWindows/NullReplicationWindow.h,1,0,1
/media/ullmann/HDDGabriel/engines/o3de/Gems/AtomLyIntegration/AtomBridge/Code/Source/AtomDebugDisplayViewportInterface.h,2,0,2
/media/ullmann/HDDGabriel/engines/o3de/Gems/ScriptCanvasDeveloper/Code/Editor/Source/EditorAutomationTests/NodeCreationTests.h,1,0,1
/media/ullmann/HDDGabriel/engines/o3de/Code/Editor/Plugins/FFMPEGPlugin/main.cpp,0,1,1
/media/ullmann/HDDGabriel/engines/o3de/Code/Editor/Plugins/FFMPEGPlugin/FFMPEGPlugin.h,2,0,2
/media/ullmann/HDDGabriel/engines/o3de/Gems/ScriptCanvas/Code/Include/ScriptCanvas/Execution/Interpreted/ExecutionStateInterpretedSingleton.cpp,0,1,1
/media/ullmann/HDDGabriel/engines/o3de/Gems/ScriptCanvas/Code/Include/ScriptCanvas/Execution/Interpreted/ExecutionStateInterpretedSingleton.h,1,1,2
/media/ullmann/HDDGabriel/engines/o3de/Gems/Atom/Feature/Common/Code/Source/Platform/Linux/Atom_Feature_Traits_Platform.h,0,1,1
/media/ullmann/HDDGabriel/engines/o3de/Gems/Atom/Feature/Common/Code/Source/Platform/Linux/Atom_Feature_Traits_Linux.h,1,0,1
/media/ullmann/HDDGabriel/engines/o3de/Gems/Atom/Utils/Code/Include/Atom/Utils/ImGuiShaderMetrics.h,0,1,1
/media/ullmann/HDDGabriel/engines/o3de/Gems/Atom/Utils/Code/Include/Atom/Utils/ImGuiShaderMetrics.inl,1,0,1
/media/ullmann/HDDGabriel/engines/o3de/Code/Tools/AssetProcessor/native/ui/AssetDetailsPanel.cpp,0,5,5
/media/ullmann/HDDGabriel/engines/o3de/Gems/SceneProcessing/Code/Source/Generation/Components/MeshOptimizer/MeshBuilderVertexAttributeLayers.cpp,0,1,1
/media/ullmann/HDDGabriel/engines/o3de/Gems/BarrierInput/Code/Source/BarrierInputSystemComponent.cpp,0,3,3
/media/ullmann/HDDGabriel/engines/o3de/Gems/EMotionFX/Code/Tests/BoolLogicNodeTests.cpp,0,1,1
/media/ullmann/HDDGabriel/engines/o3de/Code/Editor/Plugins/ProjectSettingsTool/PropertyFileSelect.cpp,0,3,3
/media/ullmann/HDDGabriel/engines/o3de/Gems/MultiplayerCompression/Code/Source/MultiplayerCompressionFactory.h,3,0,3
/media/ullmann/HDDGabriel/engines/o3de/Gems/ScriptCanvas/Code/Include/ScriptCanvas/Libraries/String/StringFunctions.cpp,0,1,1
/media/ullmann/HDDGabriel/engines/o3de/Gems/ScriptCanvas/Code/Include/ScriptCanvas/Libraries/String/StringFunctions.h,1,0,1
/media/ullmann/HDDGabriel/engines/o3de/Gems/Meshlets/Code/Source/Meshlets/MeshletsRenderObject.cpp,0,3,3
/media/ullmann/HDDGabriel/engines/o3de/Gems/EMotionFX/Code/EMotionFX/Source/AnimGraphPosePool.cpp,0,2,2
/media/ullmann/HDDGabriel/engines/o3de/Gems/LmbrCentral/Code/Source/Shape/ReferenceShapeComponent.cpp,0,1,1
/media/ullmann/HDDGabriel/engines/o3de/Code/Framework/AzFramework/AzFramework/Physics/HeightfieldProviderBus.cpp,0,1,1
/media/ullmann/HDDGabriel/engines/o3de/Code/Framework/AzFramework/AzFramework/Physics/HeightfieldProviderBus.h,1,0,1
/media/ullmann/HDDGabriel/engines/o3de/Gems/AWSGameLift/Code/AWSGameLiftClient/Source/Activity/AWSGameLiftCreateSessionActivity.h,1,0,1
/media/ullmann/HDDGabriel/engines/o3de/Gems/ScriptCanvas/Code/Editor/View/Widgets/PropertyGridContextMenu.cpp,0,1,1
/media/ullmann/HDDGabriel/engines/o3de/Code/Framework/AzToolsFramework/AzToolsFramework/ToolsComponents/EditorDisabledCompositionComponent.cpp,0,1,1
/media/ullmann/HDDGabriel/engines/o3de/Gems/QtForPython/Code/Source/QtForPythonSystemComponent.cpp,0,1,1
/media/ullmann/HDDGabriel/engines/o3de/Code/Framework/AzTest/AzTest/Platform/Mac/AzTest_Traits_Platform.h,0,1,1
/media/ullmann/HDDGabriel/engines/o3de/Code/Framework/AzTest/AzTest/Platform/Mac/AzTest_Traits_Mac.h,1,0,1
/media/ullmann/HDDGabriel/engines/o3de/Gems/LyShine/Code/Source/UiRenderer.cpp,0,2,2
/media/ullmann/HDDGabriel/engines/o3de/Gems/EMotionFX/Code/MCore/Source/MCoreCommandManager.cpp,0,4,4
/media/ullmann/HDDGabriel/engines/o3de/Gems/AWSClientAuth/Code/Tests/AWSClientAuthSystemComponentTest.cpp,0,1,1
/media/ullmann/HDDGabriel/engines/o3de/Gems/AWSClientAuth/Code/Tests/AWSClientAuthGemMock.h,1,0,1
/media/ullmann/HDDGabriel/engines/o3de/Gems/AtomTressFX/External/Code/src/TressFX/AMD_Types.h,2,0,2
/media/ullmann/HDDGabriel/engines/o3de/Code/LauncherUnified/Platform/iOS/Launcher_Traits_Platform.h,0,1,1
/media/ullmann/HDDGabriel/engines/o3de/Code/LauncherUnified/Platform/iOS/Launcher_Traits_iOS.h,1,0,1
/media/ullmann/HDDGabriel/engines/o3de/Code/Editor/Plugins/ProjectSettingsTool/ProjectSettingsValidator.cpp,0,2,2
/media/ullmann/HDDGabriel/engines/o3de/Code/Framework/AzToolsFramework/AzToolsFramework/ToolsComponents/ComponentMimeData.cpp,0,1,1
/media/ullmann/HDDGabriel/engines/o3de/Code/Framework/AzToolsFramework/AzToolsFramework/ToolsComponents/ComponentMimeData.h,1,0,1
/media/ullmann/HDDGabriel/engines/o3de/Code/Tools/ProjectManager/Source/Application.cpp,0,2,2
/media/ullmann/HDDGabriel/engines/o3de/Gems/AudioEngineWwise/Code/Source/Engine/ATLEntities_wwise.h,1,0,1
/media/ullmann/HDDGabriel/engines/o3de/Gems/NvCloth/Code/Source/Components/ClothComponent.h,1,0,1
/media/ullmann/HDDGabriel/engines/o3de/Gems/PhysX/Code/Editor/ColliderAssetScaleMode.h,2,0,2
/media/ullmann/HDDGabriel/engines/o3de/Gems/LmbrCentral/Code/Tests/SphereShapeTest.cpp,0,1,1
/media/ullmann/HDDGabriel/engines/o3de/Code/Framework/AzToolsFramework/AzToolsFramework/UI/PropertyEditor/PropertyAssetCtrl.hxx,1,1,2
/media/ullmann/HDDGabriel/engines/o3de/Code/Tools/LuaIDE/Source/LUA/LUAStackTrackerMessages.h,2,0,2
/media/ullmann/HDDGabriel/engines/o3de/Gems/Terrain/Code/Source/Components/TerrainWorldRendererComponent.h,1,0,1
/media/ullmann/HDDGabriel/engines/o3de/Gems/EMotionFX/Code/EMotionFX/Source/AnimGraphStateCondition.h,1,0,1
/media/ullmann/HDDGabriel/engines/o3de/Code/Editor/Objects/ObjectManagerEventBus.h,1,0,1
/media/ullmann/HDDGabriel/engines/o3de/Gems/Camera/Code/Source/CameraViewRegistrationBus.h,2,0,2
/media/ullmann/HDDGabriel/engines/o3de/Code/Framework/AzToolsFramework/AzToolsFramework/UI/PropertyEditor/MultiLineTextEditHandler.h,1,1,2
/media/ullmann/HDDGabriel/engines/o3de/Code/Editor/FBXExporterDialog.h,1,1,2
/media/ullmann/HDDGabriel/engines/o3de/Code/Editor/Resource.h,4,0,4
/media/ullmann/HDDGabriel/engines/o3de/Code/Framework/AzQtComponents/AzQtComponents/Gallery/SvgLabelPage.cpp,0,1,1
/media/ullmann/HDDGabriel/engines/o3de/Code/Editor/TrackView/TrackViewKeyPropertiesDlg.cpp,0,2,2
/media/ullmann/HDDGabriel/engines/o3de/Gems/Atom/RHI/Code/Source/Platform/iOS/Atom_RHI_Traits_Platform.h,0,1,1
/media/ullmann/HDDGabriel/engines/o3de/Gems/Atom/RHI/Code/Source/Platform/iOS/Atom_RHI_Traits_iOS.h,1,0,1
/media/ullmann/HDDGabriel/engines/o3de/Gems/LmbrCentral/Code/Source/Scripting/SimpleStateComponent.cpp,0,1,1
/media/ullmann/HDDGabriel/engines/o3de/Gems/LmbrCentral/Code/Source/Scripting/SimpleStateComponent.h,2,0,2
/media/ullmann/HDDGabriel/engines/o3de/Gems/BarrierInput/Code/Source/BarrierInputClient.h,2,0,2
/media/ullmann/HDDGabriel/engines/o3de/Gems/LmbrCentral/Code/Source/Builders/SliceBuilder/SliceBuilderWorker.cpp,0,1,1
/media/ullmann/HDDGabriel/engines/o3de/Gems/EMotionFX/Code/EMotionFX/Source/MotionInstancePool.cpp,0,2,2
/media/ullmann/HDDGabriel/engines/o3de/Gems/Atom/Feature/Common/Code/Source/ReflectionProbe/ReflectionProbeFeatureProcessor.h,1,0,1
/media/ullmann/HDDGabriel/engines/o3de/Code/Editor/Plugins/ProjectSettingsTool/Validators_impl.h,1,0,1
/media/ullmann/HDDGabriel/engines/o3de/Code/Legacy/CryCommon/ProjectDefines.h,1,1,2
/media/ullmann/HDDGabriel/engines/o3de/Gems/BarrierInput/Code/Source/BarrierInputClient.cpp,0,1,1
/media/ullmann/HDDGabriel/engines/o3de/Gems/NvCloth/Code/Tests/UnitTestHelper.cpp,0,2,2
/media/ullmann/HDDGabriel/engines/o3de/Gems/AudioEngineWwise/Code/Source/Engine/Common_wwise.cpp,0,1,1
/media/ullmann/HDDGabriel/engines/o3de/Gems/AudioEngineWwise/Code/Source/Engine/Common_wwise.h,2,0,2
/media/ullmann/HDDGabriel/engines/o3de/Gems/EditorPythonBindings/Code/Source/PythonProxyBus.cpp,0,1,1
/media/ullmann/HDDGabriel/engines/o3de/Gems/EditorPythonBindings/Code/Source/PythonProxyBus.h,1,0,1
/media/ullmann/HDDGabriel/engines/o3de/Code/Legacy/CryCommon/Linux64Specific.h,0,2,2
/media/ullmann/HDDGabriel/engines/o3de/Gems/LmbrCentral/Code/Source/Audio/EditorAudioAreaEnvironmentComponent.cpp,0,1,1
/media/ullmann/HDDGabriel/engines/o3de/Code/Legacy/CrySystem/Huffman.cpp,0,2,2
/media/ullmann/HDDGabriel/engines/o3de/Gems/ScriptCanvas/Code/Include/ScriptCanvas/Core/Contracts/MathOperatorContract.cpp,0,1,1
/media/ullmann/HDDGabriel/engines/o3de/Gems/Atom/Asset/Shader/Code/Source/Platform/Windows/ShaderBuilder_Traits_Platform.h,0,1,1
/media/ullmann/HDDGabriel/engines/o3de/Gems/Atom/Asset/Shader/Code/Source/Platform/Windows/ShaderBuilder_Traits_Windows.h,1,0,1
/media/ullmann/HDDGabriel/engines/o3de/Gems/LyShine/Code/Tests/UiScrollBarComponentTest.cpp,0,1,1
/media/ullmann/HDDGabriel/engines/o3de/Gems/Metastream/Code/Source/DataCache.cpp,0,1,1
/media/ullmann/HDDGabriel/engines/o3de/Code/Editor/EditorEnvironment.h,1,0,1
/media/ullmann/HDDGabriel/engines/o3de/Gems/EMotionFX/Code/EMotionFX/Tools/EMotionStudio/EMStudioSDK/Source/MotionSetHierarchyWidget.cpp,0,2,2
/media/ullmann/HDDGabriel/engines/o3de/Gems/VideoPlaybackFramework/Code/Source/VideoPlaybackFrameworkSystemComponent.cpp,0,1,1
/media/ullmann/HDDGabriel/engines/o3de/Code/Editor/Core/EditorMetricsPlainTextNameRegistration.cpp,0,1,1
/media/ullmann/HDDGabriel/engines/o3de/Code/Framework/AzFramework/AzFramework/Asset/AssetCatalog.cpp,0,1,1
/media/ullmann/HDDGabriel/engines/o3de/Code/Framework/AzFramework/AzFramework/Asset/AssetCatalog.h,1,0,1
/media/ullmann/HDDGabriel/engines/o3de/Gems/LandscapeCanvas/Code/Source/Editor/Nodes/AreaFilters/AltitudeFilterNode.cpp,0,1,1
/media/ullmann/HDDGabriel/engines/o3de/Gems/EMotionFX/Code/EMotionFX/Tools/EMotionStudio/EMStudioSDK/Source/GUIOptions.cpp,0,2,2
/media/ullmann/HDDGabriel/engines/o3de/Gems/MessagePopup/Code/Source/LyShineMessagePopup.cpp,0,1,1
/media/ullmann/HDDGabriel/engines/o3de/Gems/EMotionFX/Code/MCore/Source/DelaunayTriangulator.h,1,1,2
/media/ullmann/HDDGabriel/engines/o3de/Gems/Atom/Feature/Common/Code/Source/RayTracing/RayTracingPassData.h,1,0,1
/media/ullmann/HDDGabriel/engines/o3de/Gems/Atom/Asset/ImageProcessingAtom/Code/Source/ImageLoader/ImageLoaders.h,2,0,2
/media/ullmann/HDDGabriel/engines/o3de/Gems/ScriptCanvas/Code/Include/ScriptCanvas/Libraries/Deprecated/UnitTesting/ExpectTrue.cpp,0,1,1
/media/ullmann/HDDGabriel/engines/o3de/Gems/ScriptCanvas/Code/Include/ScriptCanvas/Libraries/Deprecated/UnitTesting/ExpectTrue.h,1,0,1
/media/ullmann/HDDGabriel/engines/o3de/Code/Editor/TrackView/TrackViewSequenceManager.cpp,0,1,1
/media/ullmann/HDDGabriel/engines/o3de/Gems/ScriptCanvas/Code/Include/ScriptCanvas/Libraries/Logic/Not.h,1,0,1
/media/ullmann/HDDGabriel/engines/o3de/Gems/Vegetation/Code/Source/Editor/EditorDescriptorListCombinerComponent.cpp,0,1,1
/media/ullmann/HDDGabriel/engines/o3de/Gems/LmbrCentral/Code/Source/Editor/EditorCommentComponent.cpp,0,1,1
/media/ullmann/HDDGabriel/engines/o3de/Gems/PhysX/Code/Editor/ColliderAssetScaleMode.cpp,0,1,1
/media/ullmann/HDDGabriel/engines/o3de/Gems/LyShine/Code/Source/UiDropdownOptionComponent.cpp,0,1,1
/media/ullmann/HDDGabriel/engines/o3de/Gems/ScriptEvents/Code/Include/ScriptEvents/Internal/BehaviorContextBinding/ScriptEventBinding.cpp,0,1,1
/media/ullmann/HDDGabriel/engines/o3de/Gems/LmbrCentral/Code/Source/Unhandled/UI/FontAssetTypeInfo.cpp,0,1,1
/media/ullmann/HDDGabriel/engines/o3de/Code/Framework/AzToolsFramework/AzToolsFramework/Manipulators/MultiLinearManipulator.cpp,0,1,1
/media/ullmann/HDDGabriel/engines/o3de/Code/Framework/AzFramework/Tests/Platform/Common/Xcb/Matchers.h,2,0,2
/media/ullmann/HDDGabriel/engines/o3de/Gems/Camera/Code/Source/CameraSystemComponent.h,2,0,2
/media/ullmann/HDDGabriel/engines/o3de/Gems/EMotionFX/Code/EMotionFX/Exporters/ExporterLib/Exporter/NodeExport.cpp,0,1,1
/media/ullmann/HDDGabriel/engines/o3de/Gems/Atom/RHI/Code/Tests/ImagePropertyTests.cpp,0,1,1
/media/ullmann/HDDGabriel/engines/o3de/Code/Tools/LuaIDE/Source/LUA/CodeCompletion/LUACompleter.cpp,0,1,1
/media/ullmann/HDDGabriel/engines/o3de/Code/Tools/LuaIDE/Source/LUA/CodeCompletion/LUACompleter.hxx,1,0,1
/media/ullmann/HDDGabriel/engines/o3de/Gems/EMotionFX/Code/Source/Editor/PropertyWidgets/MotionDataHandler.cpp,0,1,1
/media/ullmann/HDDGabriel/engines/o3de/Gems/EMotionFX/Code/Source/Editor/PropertyWidgets/MotionDataHandler.h,1,0,1
/media/ullmann/HDDGabriel/engines/o3de/Gems/NvCloth/Code/Source/System/FabricCooker.h,1,0,1
/media/ullmann/HDDGabriel/engines/o3de/Gems/Atom/Feature/Common/Code/Source/AuxGeom/AuxGeomDrawProcessorShared.cpp,0,1,1
/media/ullmann/HDDGabriel/engines/o3de/Gems/Atom/Feature/Common/Code/Source/AuxGeom/AuxGeomDrawProcessorShared.h,3,1,4
/media/ullmann/HDDGabriel/engines/o3de/Gems/EMotionFX/Code/EMotionFX/Tools/EMotionStudio/EMStudioSDK/Source/RemovePluginOnCloseDockWidget.h,2,0,2
/media/ullmann/HDDGabriel/engines/o3de/Gems/MotionMatching/Code/Source/EventData.cpp,0,2,2
/media/ullmann/HDDGabriel/engines/o3de/Code/Framework/AzCore/Platform/Android/AzCore/Socket/AzSocket_fwd_Platform.h,0,1,1
/media/ullmann/HDDGabriel/engines/o3de/Code/Editor/Plugins/ProjectSettingsTool/PropertyLinked.cpp,0,3,3
/media/ullmann/HDDGabriel/engines/o3de/Gems/LyShine/Code/Editor/RecentFiles.cpp,0,1,1
/media/ullmann/HDDGabriel/engines/o3de/Gems/Vegetation/Code/Source/Editor/EditorDistanceBetweenFilterComponent.cpp,0,1,1
/media/ullmann/HDDGabriel/engines/o3de/Gems/EMotionFX/Code/Tests/Vector2ToVector3CompatibilityTests.cpp,0,1,1
/media/ullmann/HDDGabriel/engines/o3de/Code/Framework/AzCore/Tests/AZStd/LockFreeQueues.cpp,0,1,1
/media/ullmann/HDDGabriel/engines/o3de/Code/Framework/AzFramework/AzFramework/Viewport/ViewportScreen.cpp,0,1,1
/media/ullmann/HDDGabriel/engines/o3de/Code/Framework/AzFramework/AzFramework/Viewport/ViewportScreen.h,1,0,1
/media/ullmann/HDDGabriel/engines/o3de/Gems/EMotionFX/Code/EMotionFX/Source/Parameter/Parameter.h,3,0,3
/media/ullmann/HDDGabriel/engines/o3de/Code/Tools/ProjectManager/Source/GemCatalog/GemCatalogHeaderWidget.h,1,0,1
/media/ullmann/HDDGabriel/engines/o3de/Gems/ScriptCanvas/Code/Include/ScriptCanvas/Execution/Interpreted/ExecutionInterpretedDebugAPI.h,4,0,4
/media/ullmann/HDDGabriel/engines/o3de/Code/Tools/AssetProcessor/native/AssetManager/SourceFileRelocator.h,2,0,2
/media/ullmann/HDDGabriel/engines/o3de/Code/Editor/TrackView/TrackViewDopeSheetBase.cpp,0,2,2
/media/ullmann/HDDGabriel/engines/o3de/Code/Framework/AzToolsFramework/AzToolsFramework/Component/EditorLevelComponentAPIBus.h,0,1,1
/media/ullmann/HDDGabriel/engines/o3de/Code/Framework/AzToolsFramework/AzToolsFramework/Component/EditorComponentAPIBus.h,1,0,1
/media/ullmann/HDDGabriel/engines/o3de/Gems/ScriptCanvasDeveloper/Code/Editor/Source/ScriptCanvasDeveloperEditorComponent.cpp,0,1,1
/media/ullmann/HDDGabriel/engines/o3de/Code/Framework/AzFramework/AzFramework/Script/ScriptDebugMsgReflection.cpp,0,1,1
/media/ullmann/HDDGabriel/engines/o3de/Code/Framework/AzFramework/AzFramework/Script/ScriptDebugMsgReflection.h,2,0,2
/media/ullmann/HDDGabriel/engines/o3de/Code/Editor/Plugins/ProjectSettingsTool/PlatformSettings_Ios.cpp,0,3,3
/media/ullmann/HDDGabriel/engines/o3de/Gems/Maestro/Code/Source/Components/EditorSequenceComponent.cpp,0,2,2
/media/ullmann/HDDGabriel/engines/o3de/Code/Framework/AzToolsFramework/AzToolsFramework/Manipulators/SplineSelectionManipulator.cpp,0,1,1
/media/ullmann/HDDGabriel/engines/o3de/Gems/ScriptCanvas/Code/Include/ScriptCanvas/Libraries/Time/TimerNodeable.cpp,0,1,1
/media/ullmann/HDDGabriel/engines/o3de/Gems/ScriptCanvas/Code/Include/ScriptCanvas/Libraries/Time/TimerNodeable.h,1,0,1
/media/ullmann/HDDGabriel/engines/o3de/Code/Tools/AssetProcessor/native/AssetManager/AssetCatalog.h,0,1,1
/media/ullmann/HDDGabriel/engines/o3de/Code/Tools/AssetProcessor/native/AssetManager/assetProcessorManager.h,0,2,2
/media/ullmann/HDDGabriel/engines/o3de/Code/Framework/AzFramework/AzFramework/Components/ComponentAdapter.h,0,1,1
/media/ullmann/HDDGabriel/engines/o3de/Code/Framework/AzFramework/AzFramework/Components/ComponentAdapter.inl,1,0,1
/media/ullmann/HDDGabriel/engines/o3de/Code/Editor/TrackView/TrackViewFindDlg.cpp,0,2,2
/media/ullmann/HDDGabriel/engines/o3de/Code/Framework/AzCore/Platform/Windows/AzCore/Socket/AzSocket_Platform.h,0,1,1
/media/ullmann/HDDGabriel/engines/o3de/Code/Framework/AzCore/Platform/Common/WinAPI/AzCore/Socket/AzSocket_WinAPI.h,1,0,1
/media/ullmann/HDDGabriel/engines/o3de/Gems/PythonAssetBuilder/Code/Source/PythonAssetBuilderModule.cpp,0,1,1
/media/ullmann/HDDGabriel/engines/o3de/Gems/ScriptCanvas/Code/Include/ScriptCanvas/Libraries/Deprecated/Logic/Sequencer.cpp,0,1,1
/media/ullmann/HDDGabriel/engines/o3de/Gems/ScriptCanvas/Code/Include/ScriptCanvas/Libraries/Deprecated/Logic/Sequencer.h,1,0,1
/media/ullmann/HDDGabriel/engines/o3de/Gems/LyShine/Code/Editor/CommandHierarchyItemToggleIsExpanded.h,1,0,1
/media/ullmann/HDDGabriel/engines/o3de/Code/Framework/AzToolsFramework/AzToolsFramework/ToolsComponents/EditorPendingCompositionBus.h,1,0,1
/media/ullmann/HDDGabriel/engines/o3de/Code/Editor/TrackView/AtomOutputFrameCapture.cpp,0,1,1
/media/ullmann/HDDGabriel/engines/o3de/Gems/Vegetation/Code/Source/Components/ScaleModifierComponent.cpp,0,1,1
/media/ullmann/HDDGabriel/engines/o3de/Gems/Maestro/Code/Source/Cinematics/LayerNode.cpp,0,1,1
/media/ullmann/HDDGabriel/engines/o3de/Gems/Multiplayer/Code/Tests/ServerHierarchyBenchmarks.cpp,0,1,1
/media/ullmann/HDDGabriel/engines/o3de/Code/Framework/AzCore/Platform/Windows/AzCore/Socket/AzSocket_fwd_Windows.h,0,1,1
/media/ullmann/HDDGabriel/engines/o3de/Code/Framework/AzCore/Platform/Common/WinAPI/AzCore/Socket/AzSocket_fwd_WinAPI.h,1,0,1
/media/ullmann/HDDGabriel/engines/o3de/Code/Framework/AzQtComponents/AzQtComponents/Gallery/CardPage.h,2,0,2
/media/ullmann/HDDGabriel/engines/o3de/Code/Tools/AssetProcessor/native/tests/assetmanager/MockAssetProcessorManager.h,1,0,1
/media/ullmann/HDDGabriel/engines/o3de/Gems/Atom/Tools/MaterialEditor/Code/Source/MaterialEditorApplication.h,2,1,3
/media/ullmann/HDDGabriel/engines/o3de/Code/Tools/AssetProcessor/native/unittests/RCcontrollerUnitTests.cpp,0,1,1
/media/ullmann/HDDGabriel/engines/o3de/Gems/Atom/Feature/Common/Code/Source/Material/DrawListFunctor.cpp,0,1,1
/media/ullmann/HDDGabriel/engines/o3de/Gems/Atom/Feature/Common/Code/Source/Material/DrawListFunctor.h,2,0,2
/media/ullmann/HDDGabriel/engines/o3de/Code/Editor/Plugins/ComponentEntityEditorPlugin/UI/Outliner/OutlinerCacheBus.h,2,0,2
/media/ullmann/HDDGabriel/engines/o3de/Gems/PhysX/Code/Tests/PhysXTestEnvironment.cpp,0,1,1
/media/ullmann/HDDGabriel/engines/o3de/Gems/PhysX/Code/Tests/PhysXTestEnvironment.h,2,0,2
/media/ullmann/HDDGabriel/engines/o3de/Gems/ScriptCanvas/Code/Include/ScriptCanvas/Execution/Interpreted/ExecutionInterpretedDebugAPI.cpp,0,1,1
/media/ullmann/HDDGabriel/engines/o3de/Code/Tools/RemoteConsole/Platform/Mac/RemoteConsole_Traits_Platform.h,0,1,1
/media/ullmann/HDDGabriel/engines/o3de/Code/Tools/RemoteConsole/Platform/Mac/RemoteConsole_Traits_Mac.h,1,0,1
/media/ullmann/HDDGabriel/engines/o3de/Code/Framework/AzToolsFramework/AzToolsFramework/Entity/EditorEntitySortComponent.cpp,0,3,3
/media/ullmann/HDDGabriel/engines/o3de/Gems/LyShine/Code/Editor/PreviewAnimationList.cpp,0,1,1
/media/ullmann/HDDGabriel/engines/o3de/Code/Framework/AzCore/Tests/AZStd/LockTests.cpp,0,1,1
/media/ullmann/HDDGabriel/engines/o3de/Gems/PhysX/Code/Tests/ColliderScalingTests.cpp,0,1,1
/media/ullmann/HDDGabriel/engines/o3de/Code/Tools/LuaIDE/Source/LUA/LUAEditorFindResults.hxx,1,0,1
/media/ullmann/HDDGabriel/engines/o3de/Gems/ScriptCanvas/Code/Include/ScriptCanvas/Libraries/Comparison/NotEqualTo.h,1,0,1
/media/ullmann/HDDGabriel/engines/o3de/Code/Framework/AzToolsFramework/AzToolsFramework/ViewportUi/TextField.cpp,0,1,1
/media/ullmann/HDDGabriel/engines/o3de/Code/Framework/AzToolsFramework/AzToolsFramework/ViewportUi/TextField.h,1,0,1
/media/ullmann/HDDGabriel/engines/o3de/Gems/Atom/Asset/ImageProcessingAtom/Code/Source/BuilderSettings/BuilderSettingManager.cpp,0,1,1
/media/ullmann/HDDGabriel/engines/o3de/Gems/GradientSignal/Code/Source/Editor/EditorDitherGradientComponent.cpp,0,1,1
/media/ullmann/HDDGabriel/engines/o3de/Gems/GradientSignal/Code/Source/Editor/EditorDitherGradientComponent.h,2,0,2
/media/ullmann/HDDGabriel/engines/o3de/Code/Framework/AzFramework/Tests/Platform/Linux/AzFrameworkTests_Traits_Platform.h,0,1,1
/media/ullmann/HDDGabriel/engines/o3de/Code/Framework/AzFramework/Tests/Platform/Linux/AzFrameworkTests_Traits_Linux.h,1,0,1
/media/ullmann/HDDGabriel/engines/o3de/Code/Editor/Platform/Windows/Editor/Core/QtEditorApplication_windows.cpp,0,1,1
/media/ullmann/HDDGabriel/engines/o3de/Code/Editor/Platform/Windows/Editor/Core/QtEditorApplication_windows.h,1,0,1
/media/ullmann/HDDGabriel/engines/o3de/Gems/GradientSignal/Code/Source/Editor/EditorMixedGradientComponent.cpp,0,1,1
/media/ullmann/HDDGabriel/engines/o3de/Gems/GraphCanvas/Code/Source/Components/Nodes/Group/NodeGroupLayoutComponent.h,2,0,2
/media/ullmann/HDDGabriel/engines/o3de/Gems/AWSMetrics/Code/Source/AWSMetricsServiceApi.cpp,0,1,1
/media/ullmann/HDDGabriel/engines/o3de/Gems/EMotionFX/Code/EMotionFX/CommandSystem/Source/SelectionList.cpp,0,1,1
/media/ullmann/HDDGabriel/engines/o3de/Code/Tools/ProjectManager/Source/GemsSubWidget.cpp,0,2,2
/media/ullmann/HDDGabriel/engines/o3de/Code/Editor/TrackView/TrackViewUndo.cpp,0,1,1
/media/ullmann/HDDGabriel/engines/o3de/Gems/Gestures/Code/Source/InputChannelGestureHold.cpp,0,1,1
/media/ullmann/HDDGabriel/engines/o3de/Gems/Gestures/Code/Source/InputChannelGestureHold.h,2,1,3
/media/ullmann/HDDGabriel/engines/o3de/Gems/LmbrCentral/Code/Source/Audio/EditorAudioRtpcComponent.cpp,0,1,1
/media/ullmann/HDDGabriel/engines/o3de/Gems/LmbrCentral/Code/Source/Shape/ShapeGeometryUtil.cpp,0,1,1
/media/ullmann/HDDGabriel/engines/o3de/Gems/FastNoise/Code/Tests/FastNoiseBenchmarks.cpp,0,1,1
/media/ullmann/HDDGabriel/engines/o3de/Gems/ScriptCanvas/Code/Builder/ScriptCanvasBuilderComponent.h,0,1,1
/media/ullmann/HDDGabriel/engines/o3de/Gems/ScriptCanvas/Code/Builder/ScriptCanvasBuilderWorker.h,1,0,1
/media/ullmann/HDDGabriel/engines/o3de/Gems/LmbrCentral/Code/Source/Shape/CylinderShapeComponent.cpp,0,1,1
/media/ullmann/HDDGabriel/engines/o3de/Gems/AtomLyIntegration/CommonFeatures/Code/Source/SurfaceData/EditorSurfaceDataMeshComponent.cpp,0,1,1
/media/ullmann/HDDGabriel/engines/o3de/Gems/AtomLyIntegration/CommonFeatures/Code/Source/SurfaceData/EditorSurfaceDataMeshComponent.h,2,0,2
/media/ullmann/HDDGabriel/engines/o3de/Code/Editor/Controls/ReflectedPropertyControl/ReflectedPropertyItem.h,2,0,2
/media/ullmann/HDDGabriel/engines/o3de/Code/Tools/ProjectManager/Source/main.cpp,0,1,1
/media/ullmann/HDDGabriel/engines/o3de/Gems/ScriptCanvas/Code/Include/ScriptCanvas/Grammar/Primitives.cpp,0,3,3
/media/ullmann/HDDGabriel/engines/o3de/Gems/EMotionFX/Code/EMotionFX/Exporters/ExporterLib/Exporter/FileHeaderExport.cpp,0,1,1
/media/ullmann/HDDGabriel/engines/o3de/Code/Framework/AzToolsFramework/AzToolsFramework/AssetBrowser/Search/SearchParametersWidget.cpp,0,1,1
/media/ullmann/HDDGabriel/engines/o3de/Code/Framework/AzToolsFramework/AzToolsFramework/AssetBrowser/Search/SearchParametersWidget.h,1,0,1
/media/ullmann/HDDGabriel/engines/o3de/Gems/ScriptCanvas/Code/Editor/View/Widgets/GraphTabBar.cpp,0,1,1
/media/ullmann/HDDGabriel/engines/o3de/Gems/ScriptCanvas/Code/Editor/View/Widgets/GraphTabBar.h,1,0,1
/media/ullmann/HDDGabriel/engines/o3de/Gems/StartingPointInput/Code/Source/InputEventGroup.h,1,1,2
/media/ullmann/HDDGabriel/engines/o3de/Gems/GradientSignal/Code/Source/GradientSignalSystemComponent.h,2,0,2
/media/ullmann/HDDGabriel/engines/o3de/Gems/EMotionFX/Code/Tests/MotionEventTrackTests.cpp,0,2,2
/media/ullmann/HDDGabriel/engines/o3de/Gems/ScriptCanvas/Code/Include/ScriptCanvas/Libraries/Deprecated/Operators/Containers/OperatorInsert.cpp,0,1,1
/media/ullmann/HDDGabriel/engines/o3de/Gems/ScriptCanvas/Code/Include/ScriptCanvas/Libraries/Deprecated/Operators/Containers/OperatorInsert.h,1,1,2
/media/ullmann/HDDGabriel/engines/o3de/Gems/Atom/RHI/Vulkan/Code/Include/Platform/Android/Atom_RHI_Vulkan_Platform.h,0,1,1
/media/ullmann/HDDGabriel/engines/o3de/Gems/Atom/RHI/Vulkan/Code/Include/Platform/Android/Atom_RHI_Vulkan_Android.h,1,0,1
/media/ullmann/HDDGabriel/engines/o3de/Gems/ImGui/External/ImGui/v1.82/imgui/imgui_user.h,1,0,1
/media/ullmann/HDDGabriel/engines/o3de/Gems/ScriptCanvas/Code/Editor/View/Widgets/NodePalette/VariableNodePaletteTreeItemTypes.cpp,0,1,1
/media/ullmann/HDDGabriel/engines/o3de/Gems/AWSCore/Code/Source/Editor/UI/AWSCoreEditorMenu.h,1,0,1
/media/ullmann/HDDGabriel/engines/o3de/Gems/EMotionFX/Code/EMotionFX/Source/AnimGraphParameterAction.h,1,0,1
/media/ullmann/HDDGabriel/engines/o3de/Code/Editor/ViewportManipulatorController.h,2,0,2
/media/ullmann/HDDGabriel/engines/o3de/Code/Editor/Util/EditorAutoLevelLoadTest.cpp,0,1,1
/media/ullmann/HDDGabriel/engines/o3de/Gems/AWSCore/Code/Source/AWSCoreEditorModule.h,1,0,1
/media/ullmann/HDDGabriel/engines/o3de/Code/Framework/AzFramework/AzFramework/Viewport/SingleViewportController.cpp,0,1,1
/media/ullmann/HDDGabriel/engines/o3de/Code/Framework/AzFramework/AzFramework/Viewport/SingleViewportController.h,1,0,1
/media/ullmann/HDDGabriel/engines/o3de/Gems/EMotionFX/Code/EMotionFX/Source/Parameter/StringParameter.cpp,0,1,1
/media/ullmann/HDDGabriel/engines/o3de/Gems/EMotionFX/Code/EMotionFX/Source/Parameter/Vector3Parameter.cpp,0,1,1
/media/ullmann/HDDGabriel/engines/o3de/Gems/LmbrCentral/Code/Source/Shape/SphereShape.cpp,0,1,1
/media/ullmann/HDDGabriel/engines/o3de/Code/Editor/TrackView/TVCustomizeTrackColorsDlg.h,3,0,3
/media/ullmann/HDDGabriel/engines/o3de/Gems/LandscapeCanvas/Code/Source/Editor/Nodes/AreaModifiers/RotationModifierNode.cpp,0,1,1
/media/ullmann/HDDGabriel/engines/o3de/Gems/WhiteBox/Code/Source/Rendering/WhiteBoxNullRenderMesh.cpp,0,1,1
/media/ullmann/HDDGabriel/engines/o3de/Gems/WhiteBox/Code/Source/Rendering/WhiteBoxNullRenderMesh.h,2,1,3
/media/ullmann/HDDGabriel/engines/o3de/Code/Editor/AssetEditor/AssetEditorWindow.cpp,0,1,1
/media/ullmann/HDDGabriel/engines/o3de/Code/Editor/Util/ImageHistogram.cpp,0,1,1
/media/ullmann/HDDGabriel/engines/o3de/Code/Editor/Util/ImageHistogram.h,1,0,1
/media/ullmann/HDDGabriel/engines/o3de/Gems/LandscapeCanvas/Code/Source/Editor/Nodes/Shapes/CompoundShapeNode.cpp,0,1,1
/media/ullmann/HDDGabriel/engines/o3de/Gems/LyShine/Code/Editor/UiEditorEntityContext.cpp,0,2,2
/media/ullmann/HDDGabriel/engines/o3de/Code/Tools/AssetProcessor/native/ui/SourceAssetTreeItemData.cpp,0,1,1
/media/ullmann/HDDGabriel/engines/o3de/Code/Tools/SceneAPI/SceneCore/Utilities/DebugOutput.cpp,0,1,1
/media/ullmann/HDDGabriel/engines/o3de/Code/Framework/AzFramework/AzFramework/StreamingInstall/StreamingInstall.cpp,0,1,1
/media/ullmann/HDDGabriel/engines/o3de/Gems/Atom/RHI/Vulkan/Code/Source/Platform/Mac/Vulkan_Traits_Platform.h,0,1,1
/media/ullmann/HDDGabriel/engines/o3de/Gems/Atom/RHI/Vulkan/Code/Source/Platform/Mac/Vulkan_Traits_Mac.h,1,0,1
/media/ullmann/HDDGabriel/engines/o3de/Code/Framework/AzCore/Tests/TestCatalog.h,1,0,1
/media/ullmann/HDDGabriel/engines/o3de/Code/Framework/AzToolsFramework/AzToolsFramework/UI/Logging/LogTableModel.h,1,0,1
/media/ullmann/HDDGabriel/engines/o3de/Code/Tools/RemoteConsole/Platform/Android/RemoteConsole_Traits_Platform.h,0,1,1
/media/ullmann/HDDGabriel/engines/o3de/Code/Tools/RemoteConsole/Platform/Android/RemoteConsole_Traits_Android.h,1,0,1
/media/ullmann/HDDGabriel/engines/o3de/Gems/Atom/Asset/ImageProcessingAtom/Code/Source/Editor/PresetInfoPopup.cpp,0,1,1
/media/ullmann/HDDGabriel/engines/o3de/Gems/Atom/Asset/ImageProcessingAtom/Code/Source/Editor/PresetInfoPopup.h,1,0,1
/media/ullmann/HDDGabriel/engines/o3de/Code/Framework/AzToolsFramework/AzToolsFramework/ViewportSelection/EditorVisibleEntityDataCache.cpp,0,1,1
/media/ullmann/HDDGabriel/engines/o3de/Code/Framework/AzToolsFramework/AzToolsFramework/ViewportSelection/EditorVisibleEntityDataCache.h,1,0,1
/media/ullmann/HDDGabriel/engines/o3de/Gems/EditorPythonBindings/Code/Tests/PythonTupleTests.cpp,0,3,3
/media/ullmann/HDDGabriel/engines/o3de/Gems/Blast/Code/Source/Editor/EditorBlastMeshDataComponent.h,1,0,1
/media/ullmann/HDDGabriel/engines/o3de/Code/Editor/Util/Mailer.h,1,0,1
/media/ullmann/HDDGabriel/engines/o3de/Code/Framework/AzCore/Tests/Math/TransformTests.cpp,0,1,1
/media/ullmann/HDDGabriel/engines/o3de/Code/Framework/AzCore/Tests/Math/MathTestData.h,2,0,2
/media/ullmann/HDDGabriel/engines/o3de/Code/Editor/Include/IEditorFileMonitor.h,1,0,1
/media/ullmann/HDDGabriel/engines/o3de/Gems/Maestro/Code/Source/Cinematics/AnimNodeGroup.cpp,0,1,1
/media/ullmann/HDDGabriel/engines/o3de/Gems/ScriptCanvas/Code/Editor/GraphCanvas/PropertyInterfaces/ScriptCanvasStringPropertyDataInterface.h,0,1,1
/media/ullmann/HDDGabriel/engines/o3de/Code/Editor/StartupTraceHandler.h,2,0,2
/media/ullmann/HDDGabriel/engines/o3de/Code/Editor/TrackView/TrackViewTimeline.h,2,0,2
/media/ullmann/HDDGabriel/engines/o3de/Gems/ScriptCanvas/Code/Editor/View/Dialogs/SettingsDialog.cpp,0,1,1
/media/ullmann/HDDGabriel/engines/o3de/Gems/ScriptCanvas/Code/Editor/View/Dialogs/SettingsDialog.h,1,0,1
/media/ullmann/HDDGabriel/engines/o3de/Gems/LyShine/Code/Editor/SpriteBorderEditor.h,1,0,1
/media/ullmann/HDDGabriel/engines/o3de/Code/Framework/AzToolsFramework/AzToolsFramework/UI/PropertyEditor/MultiLineTextEditHandler.cpp,0,1,1
/media/ullmann/HDDGabriel/engines/o3de/Gems/LmbrCentral/Code/Source/Unhandled/Other/GameTokenAssetTypeInfo.cpp,0,1,1
/media/ullmann/HDDGabriel/engines/o3de/Gems/LmbrCentral/Code/Source/Unhandled/Other/GameTokenAssetTypeInfo.h,2,0,2
/media/ullmann/HDDGabriel/engines/o3de/Gems/Maestro/Code/Source/Cinematics/SelectTrack.cpp,0,1,1
/media/ullmann/HDDGabriel/engines/o3de/Gems/Atom/Feature/Common/Code/Source/RayTracing/RayTracingPass.h,1,0,1
/media/ullmann/HDDGabriel/engines/o3de/Code/Framework/AzToolsFramework/AzToolsFramework/UI/PropertyEditor/PropertyManagerComponent.cpp,0,1,1
/media/ullmann/HDDGabriel/engines/o3de/Gems/AtomLyIntegration/EditorModeFeedback/Code/Source/EditorModeFeedbackModule.cpp,0,2,2
/media/ullmann/HDDGabriel/engines/o3de/Gems/ImGui/Code/Source/LYCommonMenu/ImGuiLYCommonMenu.cpp,0,1,1
/media/ullmann/HDDGabriel/engines/o3de/Code/Framework/AzQtComponents/AzQtComponents/Gallery/StyleSheetPage.cpp,0,1,1
/media/ullmann/HDDGabriel/engines/o3de/Gems/Maestro/Code/Source/Components/SequenceComponent.h,3,0,3
/media/ullmann/HDDGabriel/engines/o3de/Gems/Atom/RHI/DX12/Code/Source/RHI/Device.h,1,0,1
/media/ullmann/HDDGabriel/engines/o3de/Gems/Atom/Feature/Common/Code/Source/PostProcessing/DepthOfFieldReadBackFocusDepthPass.h,1,0,1
/media/ullmann/HDDGabriel/engines/o3de/Gems/Atom/Feature/Common/Code/Source/PostProcessing/SubsurfaceScatteringPass.h,1,0,1
/media/ullmann/HDDGabriel/engines/o3de/Gems/Multiplayer/Code/Tests/ServerHierarchyTests.cpp,0,2,2
/media/ullmann/HDDGabriel/engines/o3de/Gems/Atom/Feature/Common/Code/Source/Material/Transform2DFunctor.h,2,0,2
/media/ullmann/HDDGabriel/engines/o3de/Gems/Atom/Asset/Shader/Code/Source/Platform/iOS/ShaderBuilder_Traits_Platform.h,0,1,1
/media/ullmann/HDDGabriel/engines/o3de/Gems/Atom/Asset/Shader/Code/Source/Platform/iOS/ShaderBuilder_Traits_iOS.h,1,0,1
/media/ullmann/HDDGabriel/engines/o3de/Gems/Atom/Feature/Common/Code/Source/AuxGeom/DynamicPrimitiveProcessor.cpp,0,2,2
/media/ullmann/HDDGabriel/engines/o3de/Gems/LmbrCentral/Code/Source/Ai/NavigationSystemComponent.cpp,0,1,1
/media/ullmann/HDDGabriel/engines/o3de/Gems/Maestro/Code/Source/Cinematics/ShadowsSetupNode.cpp,0,1,1
/media/ullmann/HDDGabriel/engines/o3de/Gems/Atom/Feature/Common/Code/Source/PostProcessing/SMAABlendingWeightCalculationPass.h,1,0,1
/media/ullmann/HDDGabriel/engines/o3de/Gems/DiffuseProbeGrid/Code/Source/Platform/Windows/DiffuseProbeGrid_Traits_Platform.h,0,1,1
/media/ullmann/HDDGabriel/engines/o3de/Gems/DiffuseProbeGrid/Code/Source/Platform/Windows/DiffuseProbeGrid_Traits_Windows.h,1,0,1
/media/ullmann/HDDGabriel/engines/o3de/Gems/EMotionFX/Code/Tests/PhysicsSetupUtils.cpp,0,1,1
/media/ullmann/HDDGabriel/engines/o3de/Gems/EMotionFX/Code/Tests/PhysicsSetupUtils.h,1,0,1
/media/ullmann/HDDGabriel/engines/o3de/Code/Tools/TestImpactFramework/Runtime/Common/Code/Include/Static/TestImpactTestTargetExclusionList.h,1,0,1
/media/ullmann/HDDGabriel/engines/o3de/Gems/AtomLyIntegration/CommonFeatures/Code/Source/Mesh/EditorMeshComponent.h,1,0,1
/media/ullmann/HDDGabriel/engines/o3de/Gems/Atom/RHI/Code/Tests/BufferTests.cpp,0,1,1
/media/ullmann/HDDGabriel/engines/o3de/Code/Editor/Plugins/ProjectSettingsTool/PlatformSettings_Android.h,2,0,2
/media/ullmann/HDDGabriel/engines/o3de/Code/Framework/AzFramework/Tests/Platform/Common/Xcb/XcbTestApplication.h,2,0,2
/media/ullmann/HDDGabriel/engines/o3de/Code/Framework/AzToolsFramework/AzToolsFramework/UI/PropertyEditor/PropertyDoubleSpinCtrl.hxx,1,1,2
/media/ullmann/HDDGabriel/engines/o3de/Code/Framework/AzFramework/Platform/Mac/AzFramework/Utils/SystemUtilsApple.h,0,1,1
/media/ullmann/HDDGabriel/engines/o3de/Gems/EMotionFX/Code/Tests/AnimGraphFixture.cpp,0,1,1
/media/ullmann/HDDGabriel/engines/o3de/Gems/AtomTressFX/External/Code/src/SDF.cpp,0,2,2
/media/ullmann/HDDGabriel/engines/o3de/Code/Framework/AzCore/Platform/iOS/AzCore/Socket/AzSocket_fwd_Platform.h,0,1,1
/media/ullmann/HDDGabriel/engines/o3de/Code/Editor/Plugins/ComponentEntityEditorPlugin/Objects/ComponentEntityObject.cpp,0,1,1
/media/ullmann/HDDGabriel/engines/o3de/Gems/AudioEngineWwise/Code/Platform/Android/AudioEngineWwise_Traits_Platform.h,0,1,1
/media/ullmann/HDDGabriel/engines/o3de/Gems/AudioEngineWwise/Code/Platform/Android/AudioEngineWwise_Traits_Android.h,1,0,1
/media/ullmann/HDDGabriel/engines/o3de/Gems/Atom/Asset/ImageProcessingAtom/Code/Source/Editor/TexturePropertyEditor.cpp,0,1,1
/media/ullmann/HDDGabriel/engines/o3de/Gems/Atom/Feature/Common/Code/Source/ProfilingCaptureSystemComponent.cpp,0,1,1
/media/ullmann/HDDGabriel/engines/o3de/Code/Framework/AzToolsFramework/Tests/EntityOwnershipService/SliceEditorEntityOwnershipTests.cpp,0,1,1
/media/ullmann/HDDGabriel/engines/o3de/Gems/EMotionFX/Code/EMotionFX/Source/BlendSpaceManager.h,1,0,1
/media/ullmann/HDDGabriel/engines/o3de/Gems/LmbrCentral/Code/Source/Audio/EditorAudioMultiPositionComponent.cpp,0,1,1
/media/ullmann/HDDGabriel/engines/o3de/Code/Tools/TestImpactFramework/Frontend/Console/Common/Code/Include/Static/TestImpactConsoleTestSequenceEventHandler.h,1,0,1
/media/ullmann/HDDGabriel/engines/o3de/Code/Framework/AzToolsFramework/AzToolsFramework/UI/PropertyEditor/PropertyEditorApi.cpp,0,1,1
/media/ullmann/HDDGabriel/engines/o3de/Gems/LmbrCentral/Code/Source/Audio/AudioListenerComponent.h,3,0,3
/media/ullmann/HDDGabriel/engines/o3de/Gems/Meshlets/ASV_GPU_and_CPU_Demo/MeshletsExampleComponent.cpp,0,1,1
/media/ullmann/HDDGabriel/engines/o3de/Gems/DiffuseProbeGrid/Code/Source/Components/DiffuseGlobalIlluminationComponent.h,1,0,1
/media/ullmann/HDDGabriel/engines/o3de/Code/Legacy/CryCommon/CryVersion.h,1,0,1
/media/ullmann/HDDGabriel/engines/o3de/Gems/LyShine/Code/Editor/PropertyHandlerVec.h,2,0,2
/media/ullmann/HDDGabriel/engines/o3de/Gems/DebugDraw/Code/Source/EditorDebugDrawComponentCommon.cpp,0,1,1
/media/ullmann/HDDGabriel/engines/o3de/Gems/PhysX/Code/Source/EditorShapeColliderComponent.h,1,0,1
/media/ullmann/HDDGabriel/engines/o3de/Gems/AudioSystem/Code/Source/Editor/AudioResourceSelectors.h,2,0,2
/media/ullmann/HDDGabriel/engines/o3de/Gems/LyShine/Code/Editor/ComponentButton.cpp,0,1,1
/media/ullmann/HDDGabriel/engines/o3de/Gems/Blast/Code/Source/Components/BlastFamilyComponent.h,1,0,1
/media/ullmann/HDDGabriel/engines/o3de/Gems/LyShine/Code/Editor/UiEditorEntityContextBus.h,2,0,2
/media/ullmann/HDDGabriel/engines/o3de/Gems/AWSCore/Code/Platform/iOS/AWSCoreEditor_Traits_Platform.h,0,1,1
/media/ullmann/HDDGabriel/engines/o3de/Gems/AWSCore/Code/Platform/iOS/AWSCoreEditor_Traits_iOS.h,1,0,1
/media/ullmann/HDDGabriel/engines/o3de/Gems/Atom/RPI/Code/External/MaskedOcclusionCulling/MaskedOcclusionCulling.cpp,0,2,2
/media/ullmann/HDDGabriel/engines/o3de/Code/Framework/AzTest/AzTest/Platform/iOS/AzTest_Traits_Platform.h,0,1,1
/media/ullmann/HDDGabriel/engines/o3de/Code/Framework/AzTest/AzTest/Platform/iOS/AzTest_Traits_iOS.h,1,0,1
/media/ullmann/HDDGabriel/engines/o3de/Gems/ScriptCanvas/Code/Include/ScriptCanvas/Libraries/Deprecated/UnitTesting/ExpectGreaterThanEqual.cpp,0,1,1
/media/ullmann/HDDGabriel/engines/o3de/Gems/ScriptCanvas/Code/Include/ScriptCanvas/Libraries/Deprecated/UnitTesting/ExpectGreaterThanEqual.h,1,0,1
/media/ullmann/HDDGabriel/engines/o3de/Code/Framework/AzToolsFramework/AzToolsFramework/UI/LegacyFramework/UIFramework.hxx,2,1,3
/media/ullmann/HDDGabriel/engines/o3de/Code/Framework/AzToolsFramework/AzToolsFramework/UI/LegacyFramework/UIFrameworkAPI.h,1,0,1
/media/ullmann/HDDGabriel/engines/o3de/Code/Framework/AzToolsFramework/AzToolsFramework/Manipulators/LineHoverSelection.cpp,0,1,1
/media/ullmann/HDDGabriel/engines/o3de/Code/Framework/AzToolsFramework/AzToolsFramework/Manipulators/LineHoverSelection.h,1,0,1
/media/ullmann/HDDGabriel/engines/o3de/Code/Tools/ProjectManager/Source/ProjectTemplateInfo.cpp,0,1,1
/media/ullmann/HDDGabriel/engines/o3de/Code/Tools/ProjectManager/Source/ProjectTemplateInfo.h,3,0,3
/media/ullmann/HDDGabriel/engines/o3de/Code/Framework/AzToolsFramework/AzToolsFramework/UI/LegacyFramework/UIFramework.cpp,0,2,2
/media/ullmann/HDDGabriel/engines/o3de/Code/Legacy/CrySystem/ConsoleBatchFile.h,2,0,2
/media/ullmann/HDDGabriel/engines/o3de/Gems/LyShine/Code/Editor/ViewportWidget.h,1,1,2
/media/ullmann/HDDGabriel/engines/o3de/Gems/EMotionFX/Code/EMotionFX/Source/EventHandler.cpp,0,1,1
/media/ullmann/HDDGabriel/engines/o3de/Gems/Atom/Feature/Common/Code/Source/AuxGeom/DynamicPrimitiveProcessor.h,2,1,3
/media/ullmann/HDDGabriel/engines/o3de/Gems/EMotionFX/Code/EMotionFX/Tools/EMotionStudio/Plugins/StandardPlugins/Source/AnimGraph/ParameterEditor/Vector3GizmoParameterEditor.h,1,0,1
/media/ullmann/HDDGabriel/engines/o3de/Code/Tools/AssetProcessor/native/unittests/AssetRequestHandlerUnitTests.cpp,0,1,1
/media/ullmann/HDDGabriel/engines/o3de/Code/Tools/AssetProcessor/native/unittests/AssetRequestHandlerUnitTests.h,1,1,2
/media/ullmann/HDDGabriel/engines/o3de/Gems/ScriptCanvas/Code/Editor/GraphCanvas/Components/NodeDescriptors/ClassMethodNodeDescriptorComponent.cpp,0,1,1
/media/ullmann/HDDGabriel/engines/o3de/Gems/ScriptCanvas/Code/Editor/GraphCanvas/Components/NodeDescriptors/ClassMethodNodeDescriptorComponent.h,1,0,1
/media/ullmann/HDDGabriel/engines/o3de/Gems/Multiplayer/Code/Source/EntityDomains/NullEntityDomain.h,1,0,1
/media/ullmann/HDDGabriel/engines/o3de/Code/Editor/Core/QtEditorApplication.cpp,0,1,1
/media/ullmann/HDDGabriel/engines/o3de/Gems/LyShine/Code/Editor/SliceMenuHelpers.h,1,1,2
/media/ullmann/HDDGabriel/engines/o3de/Code/Framework/AzToolsFramework/AzToolsFramework/ToolsComponents/EditorVisibilityComponent.cpp,0,1,1
/media/ullmann/HDDGabriel/engines/o3de/Gems/EMotionFX/Code/EMotionFX/Tools/EMotionStudio/Plugins/StandardPlugins/Source/AnimGraph/AnimGraphHierarchyWidget.h,0,1,1
/media/ullmann/HDDGabriel/engines/o3de/Code/Tools/LuaIDE/Source/LUA/LUAEditorBreakpointWidget.hxx,1,0,1
/media/ullmann/HDDGabriel/engines/o3de/Code/Legacy/CryCommon/CryLegacyAllocator.h,0,1,1
/media/ullmann/HDDGabriel/engines/o3de/Gems/Meshlets/Code/Source/MeshletsModule.cpp,0,2,2
/media/ullmann/HDDGabriel/engines/o3de/Gems/LmbrCentral/Code/Source/Shape/SphereShapeComponent.cpp,0,1,1
/media/ullmann/HDDGabriel/engines/o3de/Gems/HttpRequestor/Code/Include/HttpRequestor/HttpRequestorBus.h,0,1,1
/media/ullmann/HDDGabriel/engines/o3de/Gems/ScriptCanvas/Code/Include/ScriptCanvas/Libraries/Core/Method.cpp,0,1,1
/media/ullmann/HDDGabriel/engines/o3de/Code/Editor/Util/Platform/Windows/FileUtil_Windows.cpp,0,1,1
/media/ullmann/HDDGabriel/engines/o3de/Gems/Atom/Feature/Common/Code/Source/PostProcessing/SMAANeighborhoodBlendingPass.h,1,0,1
/media/ullmann/HDDGabriel/engines/o3de/Gems/Camera/Code/Source/EditorCameraComponent.cpp,0,2,2
/media/ullmann/HDDGabriel/engines/o3de/Gems/EditorPythonBindings/Code/Tests/CustomTypeBindingBusTests.cpp,0,2,2
/media/ullmann/HDDGabriel/engines/o3de/Gems/DiffuseProbeGrid/Code/Source/DiffuseProbeGridModule.h,1,0,1
/media/ullmann/HDDGabriel/engines/o3de/Gems/MotionMatching/Code/Source/TrajectoryHistory.cpp,0,1,1
/media/ullmann/HDDGabriel/engines/o3de/Code/Framework/AzToolsFramework/Tests/EntityOwnershipService/SliceEntityOwnershipTests.cpp,0,1,1
/media/ullmann/HDDGabriel/engines/o3de/Gems/EMotionFX/Code/EMotionFX/Tools/EMotionStudio/Plugins/StandardPlugins/Source/TimeView/TrackHeaderWidget.cpp,0,1,1
/media/ullmann/HDDGabriel/engines/o3de/Gems/Atom/Feature/Common/Code/Source/EditorCommonSystemComponent.h,2,0,2
/media/ullmann/HDDGabriel/engines/o3de/Gems/EMotionFX/Code/Tests/EMotionFXBuilderFixture.cpp,0,1,1
/media/ullmann/HDDGabriel/engines/o3de/Gems/ImGui/External/ImGui/v1.82/imgui/imstb_textedit.h,2,0,2
/media/ullmann/HDDGabriel/engines/o3de/Gems/MultiplayerCompression/Code/Source/MultiplayerCompressionSystemComponent.cpp,0,3,3
/media/ullmann/HDDGabriel/engines/o3de/Gems/Atom/Feature/Common/Code/Source/PostProcessing/SMAAFeatureProcessor.h,1,0,1
/media/ullmann/HDDGabriel/engines/o3de/Code/Legacy/CryCommon/CryHalf.inl,1,0,1
/media/ullmann/HDDGabriel/engines/o3de/Gems/EMotionFX/Code/MCore/Source/DualQuaternion.inl,1,0,1
/media/ullmann/HDDGabriel/engines/o3de/Code/Framework/AzToolsFramework/AzToolsFramework/UI/UICore/IconButton.cpp,0,1,1
/media/ullmann/HDDGabriel/engines/o3de/Code/Framework/AzToolsFramework/AzToolsFramework/UI/UICore/IconButton.hxx,1,0,1
/media/ullmann/HDDGabriel/engines/o3de/Code/Framework/AzToolsFramework/AzToolsFramework/Manipulators/ManipulatorSnapping.cpp,0,1,1
/media/ullmann/HDDGabriel/engines/o3de/Code/Framework/AzToolsFramework/AzToolsFramework/Manipulators/ManipulatorSnapping.h,1,0,1
/media/ullmann/HDDGabriel/engines/o3de/Gems/Atom/Asset/ImageProcessingAtom/Code/Source/Compressors/CryTextureSquisher/ColorBlockRGBA4x4c.cpp,0,1,1
/media/ullmann/HDDGabriel/engines/o3de/Gems/LmbrCentral/Code/Tests/CylinderShapeTest.cpp,0,1,1
/media/ullmann/HDDGabriel/engines/o3de/Code/Editor/Plugins/EditorCommon/DockTitleBarWidget.cpp,0,1,1
/media/ullmann/HDDGabriel/engines/o3de/Gems/PhysX/Code/Source/RigidBodyStatic.cpp,0,1,1
/media/ullmann/HDDGabriel/engines/o3de/Gems/Gestures/Code/Include/Gestures/GestureRecognizerSwipe.h,0,1,1
/media/ullmann/HDDGabriel/engines/o3de/Gems/LyShineExamples/Code/Source/UiTestScrollBoxDataProviderComponent.h,2,0,2
/media/ullmann/HDDGabriel/engines/o3de/Gems/EMotionFX/Code/MCore/Source/FastMath.cpp,0,1,1
/media/ullmann/HDDGabriel/engines/o3de/Gems/LyShine/Code/Editor/HierarchyHeader.cpp,0,1,1
/media/ullmann/HDDGabriel/engines/o3de/Gems/ScriptCanvas/Code/Include/ScriptCanvas/Debugger/Bus.h,1,1,2
/media/ullmann/HDDGabriel/engines/o3de/Code/Framework/AzToolsFramework/AzToolsFramework/Viewport/VertexContainerDisplay.cpp,0,1,1
/media/ullmann/HDDGabriel/engines/o3de/Code/Framework/AzToolsFramework/AzToolsFramework/Viewport/VertexContainerDisplay.h,1,0,1
/media/ullmann/HDDGabriel/engines/o3de/Gems/PhysX/Code/Editor/ColliderComponentModeBus.h,1,0,1
/media/ullmann/HDDGabriel/engines/o3de/Gems/AWSGameLift/Code/AWSGameLiftServer/Source/GameLiftServerSDKWrapper.cpp,0,1,1
/media/ullmann/HDDGabriel/engines/o3de/Gems/ScriptCanvas/Code/Include/ScriptCanvas/Libraries/Deprecated/UnitTesting/ExpectEqual.cpp,0,1,1
/media/ullmann/HDDGabriel/engines/o3de/Gems/ScriptCanvas/Code/Include/ScriptCanvas/Libraries/Deprecated/UnitTesting/ExpectEqual.h,1,0,1
/media/ullmann/HDDGabriel/engines/o3de/Gems/GraphCanvas/Code/Source/Components/NodePropertyDisplays/BooleanNodePropertyDisplay.h,1,0,1
/media/ullmann/HDDGabriel/engines/o3de/Gems/Stars/Code/Source/EditorStarsComponent.cpp,0,2,2
/media/ullmann/HDDGabriel/engines/o3de/Gems/Stars/Code/Source/EditorStarsComponent.h,2,1,3
/media/ullmann/HDDGabriel/engines/o3de/Gems/LmbrCentral/Code/Source/Shape/EditorReferenceShapeComponent.h,2,0,2
/media/ullmann/HDDGabriel/engines/o3de/Gems/LyShine/Code/Editor/CommandCanvasSizeToolbarIndex.cpp,0,1,1
/media/ullmann/HDDGabriel/engines/o3de/Gems/Vegetation/Code/Source/Editor/EditorScaleModifierComponent.h,2,0,2
/media/ullmann/HDDGabriel/engines/o3de/Gems/Camera/Code/Source/CameraSystemComponent.cpp,0,1,1
/media/ullmann/HDDGabriel/engines/o3de/Gems/Atom/RPI/Code/Source/RPI.Public/ColorManagement/GeneratedTransforms/AcesCg_To_LinearSrgb.inl,1,0,1
/media/ullmann/HDDGabriel/engines/o3de/Gems/ScriptCanvas/Code/Include/ScriptCanvas/Core/SlotExecutionMap.cpp,0,2,2
/media/ullmann/HDDGabriel/engines/o3de/Code/Framework/AzQtComponents/AzQtComponents/Gallery/CardPage.cpp,0,1,1
/media/ullmann/HDDGabriel/engines/o3de/Code/LauncherUnified/Platform/Linux/Launcher_Linux.cpp,0,1,1
/media/ullmann/HDDGabriel/engines/o3de/Gems/Atom/RHI/Code/Tests/RenderAttachmentLayoutBuilderTests.cpp,0,1,1
/media/ullmann/HDDGabriel/engines/o3de/Gems/GraphModel/Code/Source/GraphModelModule.cpp,0,1,1
/media/ullmann/HDDGabriel/engines/o3de/Code/Legacy/CryCommon/IWindowMessageHandler.h,0,1,1
/media/ullmann/HDDGabriel/engines/o3de/Gems/LyShine/Code/Editor/CoordinateSystemToolbarSection.h,1,0,1
/media/ullmann/HDDGabriel/engines/o3de/Code/Tools/ProjectManager/Source/GemCatalog/GemRequirementDialog.h,1,0,1
/media/ullmann/HDDGabriel/engines/o3de/Gems/Atom/RPI/Code/Source/Platform/iOS/Atom_RPI_Traits_Platform.h,0,1,1
/media/ullmann/HDDGabriel/engines/o3de/Gems/Atom/RPI/Code/Source/Platform/iOS/Atom_RPI_Traits_iOS.h,1,0,1
/media/ullmann/HDDGabriel/engines/o3de/Templates/MinimalProject/Template/Gem/Source/${Name}Module.cpp,0,1,1
/media/ullmann/HDDGabriel/engines/o3de/Templates/MinimalProject/Template/Gem/Source/${Name}SystemComponent.h,2,0,2
/media/ullmann/HDDGabriel/engines/o3de/Code/Framework/AzToolsFramework/AzToolsFramework/PythonTerminal/ScriptHelpDialog.cpp,0,1,1
/media/ullmann/HDDGabriel/engines/o3de/Code/Framework/AzCore/AzCore/Script/ScriptPropertyTable.cpp,0,1,1
/media/ullmann/HDDGabriel/engines/o3de/Code/Framework/AzCore/AzCore/Script/ScriptPropertyTable.h,1,0,1
/media/ullmann/HDDGabriel/engines/o3de/Gems/ScriptCanvas/Code/Include/ScriptCanvas/Libraries/Deprecated/Time/Duration.cpp,0,1,1
/media/ullmann/HDDGabriel/engines/o3de/Gems/ScriptCanvas/Code/Include/ScriptCanvas/Libraries/Deprecated/Time/Duration.h,1,0,1
/media/ullmann/HDDGabriel/engines/o3de/Code/Tools/CrashHandler/Tools/ToolsCrashHandler_mac.cpp,0,1,1
/media/ullmann/HDDGabriel/engines/o3de/Gems/ScriptCanvas/Code/Include/ScriptCanvas/Data/BehaviorContextObject.cpp,0,1,1
/media/ullmann/HDDGabriel/engines/o3de/Gems/AtomLyIntegration/EMotionFXAtom/Code/Source/ActorAsset.cpp,0,2,2
/media/ullmann/HDDGabriel/engines/o3de/Gems/RemoteTools/Code/Source/Utilities/RemoteToolsJoinThread.cpp,0,1,1
/media/ullmann/HDDGabriel/engines/o3de/Code/Tools/ProjectManager/tests/ApplicationTests.cpp,0,1,1
/media/ullmann/HDDGabriel/engines/o3de/Code/Tools/ProjectManager/tests/MockPythonBindings.h,1,0,1
/media/ullmann/HDDGabriel/engines/o3de/Gems/AtomLyIntegration/EditorModeFeedback/Code/Source/Pass/State/FocusedEntityState.h,1,0,1
/media/ullmann/HDDGabriel/engines/o3de/Gems/AtomLyIntegration/CommonFeatures/Code/Source/PostProcess/GradientWeightModifier/GradientWeightModifierComponent.h,1,0,1
/media/ullmann/HDDGabriel/engines/o3de/Gems/AudioEngineWwise/Code/Platform/Android/FileIOHandler_wwise_Platform.h,0,1,1
/media/ullmann/HDDGabriel/engines/o3de/Gems/ScriptCanvas/Code/Editor/View/Widgets/CanvasWidget.cpp,0,1,1
/media/ullmann/HDDGabriel/engines/o3de/Gems/ScriptCanvas/Code/Editor/View/Widgets/CanvasWidget.h,1,0,1
/media/ullmann/HDDGabriel/engines/o3de/Gems/ScriptCanvas/Code/Editor/Settings.cpp,0,1,1
/media/ullmann/HDDGabriel/engines/o3de/Gems/ScriptCanvas/Code/Editor/Settings.h,1,0,1
/media/ullmann/HDDGabriel/engines/o3de/Code/Framework/AzToolsFramework/AzToolsFramework/UI/UICore/AspectRatioAwarePixmapWidget.cpp,0,1,1
/media/ullmann/HDDGabriel/engines/o3de/Code/Framework/AzToolsFramework/AzToolsFramework/UI/UICore/AspectRatioAwarePixmapWidget.hxx,1,0,1
/media/ullmann/HDDGabriel/engines/o3de/Code/Tools/TestImpactFramework/Frontend/Console/Common/Code/Include/Static/TestImpactCommandLineOptionsUtils.h,0,2,2
/media/ullmann/HDDGabriel/engines/o3de/Gems/Vegetation/Code/Source/Components/AreaBlenderComponent.cpp,0,1,1
/media/ullmann/HDDGabriel/engines/o3de/Gems/Vegetation/Code/Source/Components/AreaBlenderComponent.h,2,0,2
/media/ullmann/HDDGabriel/engines/o3de/Gems/AWSMetrics/Code/Tests/MetricsManagerTest.cpp,0,1,1
/media/ullmann/HDDGabriel/engines/o3de/Gems/LmbrCentral/Code/Source/Shape/EditorBaseShapeComponent.cpp,0,1,1
/media/ullmann/HDDGabriel/engines/o3de/Code/Framework/AzToolsFramework/AzToolsFramework/Entity/EditorEntityActionComponent.h,1,0,1
/media/ullmann/HDDGabriel/engines/o3de/Code/Framework/AzQtComponents/AzQtComponents/Gallery/ReflectedPropertyEditorPage.cpp,0,1,1
/media/ullmann/HDDGabriel/engines/o3de/Gems/Vegetation/Code/Source/Components/MeshBlockerComponent.h,2,0,2
/media/ullmann/HDDGabriel/engines/o3de/Gems/LandscapeCanvas/Code/Source/Editor/Nodes/Gradients/AltitudeGradientNode.cpp,0,1,1
/media/ullmann/HDDGabriel/engines/o3de/Gems/LandscapeCanvas/Code/Source/Editor/Nodes/Gradients/AltitudeGradientNode.h,2,0,2
/media/ullmann/HDDGabriel/engines/o3de/Code/Framework/AzToolsFramework/AzToolsFramework/UI/ComponentPalette/ComponentPaletteUtil.cpp,0,1,1
/media/ullmann/HDDGabriel/engines/o3de/Code/Framework/AzToolsFramework/AzToolsFramework/UI/ComponentPalette/ComponentPaletteUtil.hxx,2,0,2
/media/ullmann/HDDGabriel/engines/o3de/Gems/AssetValidation/Code/Source/AssetSeedUtil.cpp,0,1,1
/media/ullmann/HDDGabriel/engines/o3de/Gems/Atom/Feature/Common/Code/Source/ImGui/ImGuiPass.h,1,0,1
/media/ullmann/HDDGabriel/engines/o3de/Code/Framework/AzToolsFramework/AzToolsFramework/ToolsComponents/EditorVisibilityBus.h,1,0,1
/media/ullmann/HDDGabriel/engines/o3de/Gems/LmbrCentral/Code/Source/Unhandled/Other/PrefabsLibraryAssetTypeInfo.cpp,0,1,1
/media/ullmann/HDDGabriel/engines/o3de/Gems/Atom/RPI/Code/Source/RPI.Builders/Material/MaterialBuilder.cpp,0,1,1
/media/ullmann/HDDGabriel/engines/o3de/Gems/Atom/RPI/Code/Source/RPI.Builders/Material/MaterialBuilder.h,2,0,2
/media/ullmann/HDDGabriel/engines/o3de/Gems/ScriptCanvasDeveloper/Code/Editor/Source/EditorAutomationTests/GroupTests.h,1,0,1
/media/ullmann/HDDGabriel/engines/o3de/Gems/LyShineExamples/Code/Source/UiTestScrollBoxDataProviderComponent.cpp,0,3,3
/media/ullmann/HDDGabriel/engines/o3de/Gems/ScriptCanvas/Code/Include/ScriptCanvas/Libraries/Deprecated/Time/Timer.cpp,0,1,1
/media/ullmann/HDDGabriel/engines/o3de/Gems/ScriptCanvas/Code/Include/ScriptCanvas/Libraries/Deprecated/Time/Timer.h,1,0,1
/media/ullmann/HDDGabriel/engines/o3de/Gems/Vegetation/Code/Source/Editor/EditorScaleModifierComponent.cpp,0,1,1
/media/ullmann/HDDGabriel/engines/o3de/Code/Framework/AzToolsFramework/AzToolsFramework/Application/Ticker.cpp,0,1,1
/media/ullmann/HDDGabriel/engines/o3de/Code/Framework/AzToolsFramework/AzToolsFramework/Application/Ticker.h,1,0,1
/media/ullmann/HDDGabriel/engines/o3de/Code/Editor/TrackView/AssetBlendKeyUIControls.cpp,0,2,2
/media/ullmann/HDDGabriel/engines/o3de/Gems/EMotionFX/Code/MCore/Source/Macros.h,1,0,1
/media/ullmann/HDDGabriel/engines/o3de/Code/Framework/AzQtComponents/AzQtComponents/Gallery/StyledDockWidgetPage.cpp,0,1,1
/media/ullmann/HDDGabriel/engines/o3de/Gems/ScriptCanvas/Code/Editor/View/Widgets/NodePalette/SpecializedNodePaletteTreeItemTypes.h,1,1,2
/media/ullmann/HDDGabriel/engines/o3de/Gems/GraphCanvas/Code/StaticLib/GraphCanvas/Components/NodePropertyDisplay/NumericDataInterface.h,0,1,1
/media/ullmann/HDDGabriel/engines/o3de/Gems/ScriptCanvas/Code/Editor/GraphCanvas/DataInterfaces/ScriptCanvasStringDataInterface.h,0,1,1
/media/ullmann/HDDGabriel/engines/o3de/Gems/GradientSignal/Code/Source/GradientSignalSystemComponent.cpp,0,1,1
/media/ullmann/HDDGabriel/engines/o3de/Gems/LyShine/Code/Editor/ComponentHelpers.cpp,0,2,2
/media/ullmann/HDDGabriel/engines/o3de/Gems/LyShine/Code/Editor/UiEditorInternalBus.h,2,0,2
/media/ullmann/HDDGabriel/engines/o3de/Gems/EMotionFX/Code/EMotionFX/Source/AnimGraphSymbolicFollowerParameterAction.h,1,0,1
/media/ullmann/HDDGabriel/engines/o3de/Code/Editor/TrackViewFBXImportPreviewDialog.h,1,0,1
/media/ullmann/HDDGabriel/engines/o3de/Gems/StartingPointInput/Code/Source/InputConfigurationComponent.cpp,0,1,1
/media/ullmann/HDDGabriel/engines/o3de/Gems/Atom/RPI/Code/Source/RPI.Builders/ResourcePool/ResourcePoolBuilder.h,1,0,1
/media/ullmann/HDDGabriel/engines/o3de/Code/Framework/AzCore/Tests/AZStd/CreateDestroy.cpp,0,1,1
/media/ullmann/HDDGabriel/engines/o3de/Code/Framework/AzToolsFramework/AzToolsFramework/ToolsComponents/EditorLockComponentBus.h,1,0,1
/media/ullmann/HDDGabriel/engines/o3de/Gems/EMotionFX/Code/EMotionFX/CommandSystem/Source/AnimGraphParameterCommands.cpp,0,1,1
/media/ullmann/HDDGabriel/engines/o3de/Gems/EMotionFX/Code/EMotionFX/CommandSystem/Source/AnimGraphParameterCommands_Impl.inl,1,0,1
/media/ullmann/HDDGabriel/engines/o3de/Gems/ScriptCanvas/Code/Asset/EditorAssetSystemComponent.h,0,1,1
/media/ullmann/HDDGabriel/engines/o3de/Gems/ScriptCanvas/Code/Asset/EditorAssetConversionBus.h,1,0,1
/media/ullmann/HDDGabriel/engines/o3de/Gems/LyShine/Code/Editor/EnterPreviewToolbar.cpp,0,1,1
/media/ullmann/HDDGabriel/engines/o3de/Code/Framework/AzQtComponents/AzQtComponents/Gallery/ProgressIndicatorPage.cpp,0,1,1
/media/ullmann/HDDGabriel/engines/o3de/Gems/Streamer/StreamerProfiler/Code/Source/StreamerProfilerModule.cpp,0,2,2
/media/ullmann/HDDGabriel/engines/o3de/Code/Tools/AssetProcessor/native/unittests/PlatformConfigurationUnitTests.h,1,1,2
/media/ullmann/HDDGabriel/engines/o3de/Gems/ScriptEvents/Code/Tests/ScriptEventTestUtilities.h,2,0,2
/media/ullmann/HDDGabriel/engines/o3de/Code/Framework/AzCore/Tests/AssetSerializerTests.cpp,0,1,1
/media/ullmann/HDDGabriel/engines/o3de/Code/Framework/AzQtComponents/AzQtComponents/Gallery/MenuPage.cpp,0,1,1
/media/ullmann/HDDGabriel/engines/o3de/Gems/LmbrCentral/Code/Source/Unhandled/Hidden/TextureMipmapAssetTypeInfo.cpp,0,1,1
/media/ullmann/HDDGabriel/engines/o3de/Gems/AtomLyIntegration/CommonFeatures/Code/Source/Decals/DecalComponent.h,1,0,1
/media/ullmann/HDDGabriel/engines/o3de/Gems/Gestures/Code/Include/Gestures/GestureRecognizerClickOrTap.h,0,1,1
/media/ullmann/HDDGabriel/engines/o3de/Gems/Compression/Code/Include/Compression/DecompressionInterfaceAPI.h,0,1,1
/media/ullmann/HDDGabriel/engines/o3de/Gems/Compression/Code/Include/Compression/DecompressionInterfaceAPI.inl,1,0,1
/media/ullmann/HDDGabriel/engines/o3de/Code/Framework/AzToolsFramework/AzToolsFramework/UI/DPEDebugViewer/DPEDebugModel.cpp,0,1,1
/media/ullmann/HDDGabriel/engines/o3de/Code/Framework/AzToolsFramework/AzToolsFramework/UI/DPEDebugViewer/DPEDebugModel.h,1,0,1
/media/ullmann/HDDGabriel/engines/o3de/Code/Editor/TrackView/DirectorNodeAnimator.h,2,1,3
/media/ullmann/HDDGabriel/engines/o3de/Gems/ScriptCanvas/Code/Include/ScriptCanvas/Libraries/Math/Plane.cpp,0,1,1
/media/ullmann/HDDGabriel/engines/o3de/Gems/ScriptCanvas/Code/Include/ScriptCanvas/Libraries/Math/Plane.h,1,0,1
/media/ullmann/HDDGabriel/engines/o3de/Gems/EMotionFX/Code/EMotionFX/Tools/EMotionStudio/EMStudioSDK/Source/RecoverFilesWindow.cpp,0,1,1
/media/ullmann/HDDGabriel/engines/o3de/Gems/LyShine/Code/Editor/CommandHierarchyItemReparent.cpp,0,1,1
/media/ullmann/HDDGabriel/engines/o3de/Gems/EMotionFX/Code/Platform/Windows/EMotionFX_Traits_Platform.h,0,1,1
/media/ullmann/HDDGabriel/engines/o3de/Gems/EMotionFX/Code/Platform/Windows/EMotionFX_Traits_Windows.h,1,0,1
/media/ullmann/HDDGabriel/engines/o3de/Gems/ImGui/External/ImGui/v1.82/imgui/imgui_user.inl,1,0,1
/media/ullmann/HDDGabriel/engines/o3de/Gems/ScriptCanvas/Code/Editor/Model/EntityMimeDataHandler.cpp,0,1,1
/media/ullmann/HDDGabriel/engines/o3de/Gems/ScriptCanvas/Code/Editor/Model/EntityMimeDataHandler.h,1,0,1
/media/ullmann/HDDGabriel/engines/o3de/Gems/Atom/Feature/Common/Code/Source/ReflectionScreenSpace/ReflectionScreenSpaceTracePass.h,3,0,3
/media/ullmann/HDDGabriel/engines/o3de/Gems/SurfaceData/Code/Source/SurfaceDataModule.cpp,0,1,1
/media/ullmann/HDDGabriel/engines/o3de/Gems/SurfaceData/Code/Source/SurfaceDataModule.h,2,0,2
/media/ullmann/HDDGabriel/engines/o3de/Gems/SceneLoggingExample/Code/Behaviors/LoggingGroupBehavior.h,1,0,1
/media/ullmann/HDDGabriel/engines/o3de/Gems/ScriptCanvas/Code/Editor/GraphCanvas/Components/NodeDescriptors/EBusSenderNodeDescriptorComponent.cpp,0,1,1
/media/ullmann/HDDGabriel/engines/o3de/Gems/ScriptCanvas/Code/Editor/GraphCanvas/Components/NodeDescriptors/EBusSenderNodeDescriptorComponent.h,1,0,1
/media/ullmann/HDDGabriel/engines/o3de/Gems/AtomLyIntegration/CommonFeatures/Code/Source/SharedPreview/SharedThumbnail.h,1,0,1
/media/ullmann/HDDGabriel/engines/o3de/Gems/Atom/RHI/Vulkan/Code/Source/RHI/Conversion.cpp,0,1,1
/media/ullmann/HDDGabriel/engines/o3de/Gems/Atom/RHI/Vulkan/Code/Source/RHI/Formats.inl,1,0,1
/media/ullmann/HDDGabriel/engines/o3de/Gems/LyShine/Code/Tests/SerializationTest.cpp,0,1,1
/media/ullmann/HDDGabriel/engines/o3de/Code/Framework/AzToolsFramework/AzToolsFramework/ToolsComponents/LayerResult.cpp,0,1,1
/media/ullmann/HDDGabriel/engines/o3de/Code/Framework/AzToolsFramework/AzToolsFramework/ToolsComponents/LayerResult.h,2,0,2
/media/ullmann/HDDGabriel/engines/o3de/Code/Framework/AzCore/Platform/Mac/AzCore/Socket/AzSocket_fwd_Platform.h,0,1,1
/media/ullmann/HDDGabriel/engines/o3de/AutomatedTesting/Gem/PythonCoverage/Code/Source/PythonCoverageEditorSystemComponent.cpp,0,1,1
/media/ullmann/HDDGabriel/engines/o3de/Gems/ScriptCanvas/Code/Include/ScriptCanvas/Libraries/Deprecated/Operators/Containers/OperatorFront.cpp,0,1,1
/media/ullmann/HDDGabriel/engines/o3de/Gems/ScriptCanvas/Code/Include/ScriptCanvas/Libraries/Deprecated/Operators/Containers/OperatorFront.h,1,1,2
/media/ullmann/HDDGabriel/engines/o3de/Code/Framework/AzTest/AzTest/Platform/Linux/AzTest_Traits_Platform.h,0,1,1
/media/ullmann/HDDGabriel/engines/o3de/Code/Framework/AzTest/AzTest/Platform/Linux/AzTest_Traits_Linux.h,1,0,1
/media/ullmann/HDDGabriel/engines/o3de/Code/Tools/AssetProcessor/native/ui/ConnectionEditDialog.h,2,0,2
/media/ullmann/HDDGabriel/engines/o3de/Code/Framework/AzToolsFramework/AzToolsFramework/ComponentMode/EditorBaseComponentMode.h,1,0,1
/media/ullmann/HDDGabriel/engines/o3de/Code/Framework/AzToolsFramework/AzToolsFramework/Entity/EditorEntityHelpers.cpp,0,1,1
/media/ullmann/HDDGabriel/engines/o3de/Gems/Maestro/Code/Source/Cinematics/TimeRangesTrack.cpp,0,1,1
/media/ullmann/HDDGabriel/engines/o3de/Gems/Metastream/Code/Source/Platform/iOS/Metastream_Traits_Platform.h,0,1,1
/media/ullmann/HDDGabriel/engines/o3de/Gems/Metastream/Code/Source/Platform/iOS/Metastream_Traits_iOS.h,1,0,1
/media/ullmann/HDDGabriel/engines/o3de/Gems/ScriptCanvas/Code/Include/ScriptCanvas/Libraries/Deprecated/Operators/Containers/OperatorBack.cpp,0,1,1
/media/ullmann/HDDGabriel/engines/o3de/Code/Framework/AzToolsFramework/AzToolsFramework/UI/PropertyEditor/PropertyAssetCtrl.cpp,0,2,2
/media/ullmann/HDDGabriel/engines/o3de/Code/Framework/AzQtComponents/AzQtComponents/Gallery/SliderPage.cpp,0,1,1
/media/ullmann/HDDGabriel/engines/o3de/Code/Framework/AzQtComponents/AzQtComponents/Gallery/ColorLabelPage.h,2,0,2
/media/ullmann/HDDGabriel/engines/o3de/Gems/ScriptCanvas/Code/Include/ScriptCanvas/Translation/TranslationResult.cpp,0,1,1
/media/ullmann/HDDGabriel/engines/o3de/Gems/EMotionFX/Code/EMotionFX/Source/BlendSpaceNode.h,0,1,1
/media/ullmann/HDDGabriel/engines/o3de/Gems/ScriptCanvas/Code/Include/ScriptCanvas/Libraries/Deprecated/Operators/Containers/OperatorSize.cpp,0,1,1
/media/ullmann/HDDGabriel/engines/o3de/Gems/ScriptCanvas/Code/Include/ScriptCanvas/Libraries/Deprecated/Operators/Containers/OperatorSize.h,1,0,1
/media/ullmann/HDDGabriel/engines/o3de/Gems/Vegetation/Code/Source/Components/SurfaceMaskDepthFilterComponent.cpp,0,1,1
/media/ullmann/HDDGabriel/engines/o3de/Code/Editor/Export/OCMExporter.cpp,0,1,1
/media/ullmann/HDDGabriel/engines/o3de/Gems/LyShine/Code/Source/TextMarkup.cpp,0,2,2
/media/ullmann/HDDGabriel/engines/o3de/Code/Framework/AzCore/Tests/AZStd/Ordered.cpp,0,1,1
/media/ullmann/HDDGabriel/engines/o3de/Code/Framework/AzCore/Tests/AZStd/SetsIntrusive.cpp,0,1,1
/media/ullmann/HDDGabriel/engines/o3de/Gems/ScriptCanvas/Code/Include/ScriptCanvas/Libraries/Deprecated/String/Contains.cpp,0,1,1
/media/ullmann/HDDGabriel/engines/o3de/Gems/ScriptCanvas/Code/Include/ScriptCanvas/Libraries/Deprecated/String/Contains.h,1,0,1
/media/ullmann/HDDGabriel/engines/o3de/Code/Framework/AzToolsFramework/AzToolsFramework/Manipulators/LinearManipulator.cpp,0,1,1
/media/ullmann/HDDGabriel/engines/o3de/Code/Legacy/CryCommon/Cry_Vector4.h,2,0,2
/media/ullmann/HDDGabriel/engines/o3de/Code/Tools/AssetProcessor/Platform/Mac/AssetProcessor_Traits_Platform.h,0,1,1
/media/ullmann/HDDGabriel/engines/o3de/Code/Tools/AssetProcessor/Platform/Mac/AssetProcessor_Traits_Mac.h,1,0,1
/media/ullmann/HDDGabriel/engines/o3de/Gems/ScriptCanvas/Code/Include/ScriptCanvas/Core/Contracts/SlotTypeContract.cpp,0,1,1
/media/ullmann/HDDGabriel/engines/o3de/Gems/Vegetation/Code/Source/Editor/EditorDescriptorWeightSelectorComponent.h,2,0,2
/media/ullmann/HDDGabriel/engines/o3de/Gems/PhysXDebug/Code/Source/SystemComponent.cpp,0,1,1
/media/ullmann/HDDGabriel/engines/o3de/Gems/EMotionFX/Code/EMotionFX/CommandSystem/Source/AnimGraphConditionCommands.h,1,0,1
/media/ullmann/HDDGabriel/engines/o3de/Gems/ScriptCanvas/Code/Include/ScriptCanvas/Libraries/Deprecated/Operators/Math/OperatorLerp.cpp,0,1,1
/media/ullmann/HDDGabriel/engines/o3de/Gems/ScriptCanvas/Code/Include/ScriptCanvas/Libraries/Deprecated/Operators/Math/OperatorLerp.h,1,0,1
/media/ullmann/HDDGabriel/engines/o3de/Gems/EMotionFX/Code/EMotionFX/Exporters/ExporterLib/Exporter/MotionEventExport.cpp,0,1,1
/media/ullmann/HDDGabriel/engines/o3de/Gems/TextureAtlas/Code/Source/Editor/AtlasBuilderWorker.cpp,0,1,1
/media/ullmann/HDDGabriel/engines/o3de/Gems/TextureAtlas/Code/Source/Editor/AtlasBuilderWorker.h,2,0,2
/media/ullmann/HDDGabriel/engines/o3de/Gems/VirtualGamepad/Code/Source/VirtualGamepadButtonComponent.cpp,0,1,1
/media/ullmann/HDDGabriel/engines/o3de/Gems/TickBusOrderViewer/Code/Source/TickBusOrderViewerSystemComponent.cpp,0,1,1
/media/ullmann/HDDGabriel/engines/o3de/Gems/TickBusOrderViewer/Code/Source/TickBusOrderViewerSystemComponent.h,2,0,2
/media/ullmann/HDDGabriel/engines/o3de/Gems/EMotionFX/Code/EMotionFX/Tools/EMotionStudio/Plugins/StandardPlugins/Source/SceneManager/MirrorSetupWindow.cpp,0,2,2
/media/ullmann/HDDGabriel/engines/o3de/Gems/Prefab/PrefabBuilder/PrefabBuilderTests.cpp,0,1,1
/media/ullmann/HDDGabriel/engines/o3de/Gems/ScriptCanvas/Code/Include/ScriptCanvas/Data/Data.cpp,0,1,1
/media/ullmann/HDDGabriel/engines/o3de/Gems/ScriptCanvas/Code/Include/ScriptCanvas/Data/Data.h,1,0,1
/media/ullmann/HDDGabriel/engines/o3de/Code/Tools/LuaIDE/Source/LUA/ClassReferenceFilter.cpp,0,1,1
/media/ullmann/HDDGabriel/engines/o3de/Gems/AtomLyIntegration/CommonFeatures/Code/Source/Mesh/MeshComponent.h,1,0,1
/media/ullmann/HDDGabriel/engines/o3de/Gems/LyShine/Code/Source/LyShineLoadScreen.cpp,0,1,1
/media/ullmann/HDDGabriel/engines/o3de/Gems/EMotionFX/Code/EMotionFX/Tools/EMotionStudio/Plugins/StandardPlugins/Source/AnimGraph/ParameterEditor/Vector3ParameterEditor.cpp,0,1,1
/media/ullmann/HDDGabriel/engines/o3de/Gems/Atom/Asset/Shader/Code/Source/Editor/AzslCompiler.cpp,0,2,2
/media/ullmann/HDDGabriel/engines/o3de/Gems/Atom/Asset/ImageProcessingAtom/Code/Source/Editor/ResolutionSettingItemWidget.cpp,0,1,1
/media/ullmann/HDDGabriel/engines/o3de/Gems/Atom/Asset/ImageProcessingAtom/Code/Source/Editor/ResolutionSettingItemWidget.h,1,0,1
/media/ullmann/HDDGabriel/engines/o3de/Gems/LmbrCentral/Code/Tests/PolygonPrismShapeTest.cpp,0,1,1
/media/ullmann/HDDGabriel/engines/o3de/Gems/Vegetation/Code/Source/Components/SlopeAlignmentModifierComponent.cpp,0,1,1
/media/ullmann/HDDGabriel/engines/o3de/Gems/Vegetation/Code/Source/Components/SlopeAlignmentModifierComponent.h,2,0,2
/media/ullmann/HDDGabriel/engines/o3de/Gems/AtomLyIntegration/CommonFeatures/Code/Source/ScreenSpace/DeferredFogComponent.h,1,0,1
/media/ullmann/HDDGabriel/engines/o3de/Code/Editor/KeyboardCustomizationSettings.cpp,0,2,2
/media/ullmann/HDDGabriel/engines/o3de/Code/Editor/AssetImporter/UI/FilesAlreadyExistDialog.cpp,0,1,1
/media/ullmann/HDDGabriel/engines/o3de/Code/Editor/AssetImporter/UI/FilesAlreadyExistDialog.h,1,0,1
/media/ullmann/HDDGabriel/engines/o3de/Code/Tools/ProjectManager/Source/FormComboBoxWidget.cpp,0,1,1
/media/ullmann/HDDGabriel/engines/o3de/Gems/NvCloth/Code/Tests/NvClothTest.cpp,0,1,1
/media/ullmann/HDDGabriel/engines/o3de/Code/LauncherUnified/Launcher.cpp,0,1,1
/media/ullmann/HDDGabriel/engines/o3de/Gems/MultiplayerCompression/Code/Source/MultiplayerCompressionModule.cpp,0,1,1
/media/ullmann/HDDGabriel/engines/o3de/Gems/MultiplayerCompression/Code/Source/MultiplayerCompressionSystemComponent.h,2,1,3
/media/ullmann/HDDGabriel/engines/o3de/Gems/MotionMatching/Code/Source/QueryVector.h,2,0,2
/media/ullmann/HDDGabriel/engines/o3de/Gems/EMotionFX/Code/EMotionFX/Source/SimulatedObjectSetup.h,0,1,1
/media/ullmann/HDDGabriel/engines/o3de/Gems/EMotionFX/Code/EMotionFX/Source/SimulatedObjectSetup_Interface.inl,1,0,1
/media/ullmann/HDDGabriel/engines/o3de/Gems/GraphCanvas/Code/StaticLib/GraphCanvas/Widgets/StyledItemDelegates/GenericComboBoxDelegate.cpp,0,1,1
/media/ullmann/HDDGabriel/engines/o3de/Gems/GraphCanvas/Code/StaticLib/GraphCanvas/Widgets/StyledItemDelegates/GenericComboBoxDelegate.h,1,0,1
/media/ullmann/HDDGabriel/engines/o3de/Code/Editor/Plugins/FFMPEGPlugin/FFMPEGPlugin.cpp,0,1,1
/media/ullmann/HDDGabriel/engines/o3de/Gems/LmbrCentral/Code/Source/Builders/SliceBuilder/SliceBuilderComponent.cpp,0,1,1
/media/ullmann/HDDGabriel/engines/o3de/Gems/Vegetation/Code/Source/Components/BlockerComponent.cpp,0,1,1
/media/ullmann/HDDGabriel/engines/o3de/Gems/LmbrCentral/Code/Source/Audio/EditorAudioSwitchComponent.cpp,0,1,1
/media/ullmann/HDDGabriel/engines/o3de/Code/Legacy/CrySystem/LevelSystem/LevelSystem.cpp,0,1,1
/media/ullmann/HDDGabriel/engines/o3de/Gems/GradientSignal/Code/Source/Editor/EditorSurfaceAltitudeGradientComponent.cpp,0,1,1
/media/ullmann/HDDGabriel/engines/o3de/Gems/ScriptCanvas/Code/Include/ScriptCanvas/Debugger/Logger.cpp,0,1,1
/media/ullmann/HDDGabriel/engines/o3de/Code/Framework/AzFramework/AzFramework/Asset/AssetCatalogComponent.cpp,0,1,1
/media/ullmann/HDDGabriel/engines/o3de/Code/Framework/AzFramework/AzFramework/Asset/AssetCatalogComponent.h,1,0,1
/media/ullmann/HDDGabriel/engines/o3de/Code/Tools/AssetProcessor/native/FileServer/fileServer.cpp,0,1,1
/media/ullmann/HDDGabriel/engines/o3de/Code/Tools/AssetProcessor/native/FileServer/fileServer.h,1,0,1
/media/ullmann/HDDGabriel/engines/o3de/Gems/LyShine/Code/Editor/ViewportAnchor.cpp,0,1,1
/media/ullmann/HDDGabriel/engines/o3de/Gems/AtomLyIntegration/AtomBridge/Code/Source/AtomBridgeEditorModule.cpp,0,2,2
/media/ullmann/HDDGabriel/engines/o3de/Gems/LmbrCentral/Code/Source/Audio/AudioListenerComponent.cpp,0,1,1
/media/ullmann/HDDGabriel/engines/o3de/Gems/SaveData/Code/Source/Platform/Linux/SaveData_Traits_Platform.h,0,1,1
/media/ullmann/HDDGabriel/engines/o3de/Gems/SaveData/Code/Source/Platform/Linux/SaveData_Traits_Linux.h,1,0,1
/media/ullmann/HDDGabriel/engines/o3de/Gems/ScriptCanvas/Code/Editor/View/Widgets/NodePalette/SpecializedNodePaletteTreeItemTypes.cpp,0,1,1
/media/ullmann/HDDGabriel/engines/o3de/Code/Tools/CrashHandler/Platform/Mac/CrashHandler_Traits_Platform.h,0,1,1
/media/ullmann/HDDGabriel/engines/o3de/Code/Tools/CrashHandler/Platform/Mac/CrashHandler_Traits_Mac.h,1,0,1
/media/ullmann/HDDGabriel/engines/o3de/Gems/ScriptCanvas/Code/Include/ScriptCanvas/Libraries/Deprecated/UnitTesting/ExpectGreaterThan.cpp,0,1,1
/media/ullmann/HDDGabriel/engines/o3de/Gems/ScriptCanvas/Code/Include/ScriptCanvas/Libraries/Deprecated/UnitTesting/ExpectGreaterThan.h,1,0,1
/media/ullmann/HDDGabriel/engines/o3de/Gems/LyShine/Code/Source/Animation/EventNode.cpp,0,3,3
/media/ullmann/HDDGabriel/engines/o3de/Code/Editor/Undo/UndoVariableChange.h,0,1,1
/media/ullmann/HDDGabriel/engines/o3de/Gems/ScriptCanvas/Code/Editor/View/Widgets/NodePalette/CreateNodeMimeEvent.cpp,0,1,1
/media/ullmann/HDDGabriel/engines/o3de/Gems/ScriptCanvas/Code/Include/ScriptCanvas/Asset/RuntimeAsset.cpp,0,1,1
/media/ullmann/HDDGabriel/engines/o3de/Gems/ScriptCanvas/Code/Include/ScriptCanvas/Asset/RuntimeAsset.h,1,0,1
/media/ullmann/HDDGabriel/engines/o3de/Gems/Atom/RHI/Null/Code/Source/Platform/Mac/Null_Traits_Platform.h,0,1,1
/media/ullmann/HDDGabriel/engines/o3de/Gems/Atom/RHI/Null/Code/Source/Platform/Mac/Null_Traits_Mac.h,1,0,1
/media/ullmann/HDDGabriel/engines/o3de/Templates/DefaultProject/Template/Gem/Source/${Name}SystemComponent.cpp,0,1,1
/media/ullmann/HDDGabriel/engines/o3de/Templates/DefaultProject/Template/Gem/Source/${Name}SystemComponent.h,2,0,2
/media/ullmann/HDDGabriel/engines/o3de/Code/Editor/Plugins/ComponentEntityEditorPlugin/UI/Outliner/OutlinerTreeView.hxx,2,0,2
/media/ullmann/HDDGabriel/engines/o3de/Gems/Atom/Feature/Common/Code/Source/PostProcessing/SMAAEdgeDetectionPass.h,1,0,1
/media/ullmann/HDDGabriel/engines/o3de/Gems/Gestures/Code/Source/InputChannelGestureRotate.cpp,0,1,1
/media/ullmann/HDDGabriel/engines/o3de/Gems/LyShine/Code/Editor/SelectionHelpers.cpp,0,1,1
/media/ullmann/HDDGabriel/engines/o3de/Gems/Atom/RPI/Code/Source/RPI.Builders/Model/ModelAssetBuilderComponent.h,1,0,1
/media/ullmann/HDDGabriel/engines/o3de/Gems/Multiplayer/Code/Source/ConnectionData/ClientToServerConnectionData.h,1,0,1
/media/ullmann/HDDGabriel/engines/o3de/Gems/Multiplayer/Code/Source/MultiplayerGem.cpp,0,1,1
/media/ullmann/HDDGabriel/engines/o3de/Gems/LandscapeCanvas/Code/Source/Editor/Nodes/Areas/BlockerAreaNode.cpp,0,1,1
/media/ullmann/HDDGabriel/engines/o3de/Gems/LandscapeCanvas/Code/Source/Editor/Nodes/Areas/BlockerAreaNode.h,2,0,2
/media/ullmann/HDDGabriel/engines/o3de/Code/Editor/Plugins/ProjectSettingsTool/main.cpp,0,1,1
/media/ullmann/HDDGabriel/engines/o3de/Gems/Atom/Feature/Common/Code/Source/EditorCommonSystemComponent.cpp,0,1,1
/media/ullmann/HDDGabriel/engines/o3de/Code/Legacy/CryCommon/LocalizationManagerBus.inl,1,0,1
/media/ullmann/HDDGabriel/engines/o3de/Gems/EMotionFX/Code/MCore/Source/LogManager.cpp,0,1,1
/media/ullmann/HDDGabriel/engines/o3de/Code/Framework/AzFramework/AzFramework/Physics/CollisionBus.cpp,0,1,1
/media/ullmann/HDDGabriel/engines/o3de/Code/Framework/AzFramework/AzFramework/Physics/CollisionBus.h,1,0,1
/media/ullmann/HDDGabriel/engines/o3de/Gems/WhiteBox/Code/Source/Viewport/WhiteBoxManipulatorBounds.h,2,0,2
/media/ullmann/HDDGabriel/engines/o3de/Gems/ImGui/Code/Source/LYCommonMenu/ImGuiLYCameraMonitor.cpp,0,1,1
/media/ullmann/HDDGabriel/engines/o3de/Code/Legacy/CrySystem/Huffman.h,2,0,2
/media/ullmann/HDDGabriel/engines/o3de/Gems/PhysX/Code/Tests/PhysXTestCommon.inl,1,0,1
/media/ullmann/HDDGabriel/engines/o3de/Gems/Maestro/Code/Source/Components/SequenceAgentComponent.cpp,0,1,1
/media/ullmann/HDDGabriel/engines/o3de/Gems/AtomTressFX/Code/Components/HairComponent.h,1,0,1
/media/ullmann/HDDGabriel/engines/o3de/Gems/StartingPointCamera/Code/Source/CameraTargetAcquirers/AcquireByEntityId.cpp,0,1,1
/media/ullmann/HDDGabriel/engines/o3de/Code/Tools/AssetProcessor/native/unittests/MockApplicationManager.cpp,0,1,1
/media/ullmann/HDDGabriel/engines/o3de/Gems/Atom/Tools/MaterialCanvas/Code/Source/Document/MaterialCanvasDocument.h,1,0,1
/media/ullmann/HDDGabriel/engines/o3de/Gems/ScriptEvents/Code/Source/ScriptEventsGem.cpp,0,1,1
/media/ullmann/HDDGabriel/engines/o3de/Gems/ScriptEvents/Code/Source/ScriptEventsSystemComponent.h,2,0,2
/media/ullmann/HDDGabriel/engines/o3de/Gems/AtomLyIntegration/EditorModeFeedback/Code/Source/EditorModeFeedbackModule.h,1,0,1
/media/ullmann/HDDGabriel/engines/o3de/Gems/Atom/RHI/Vulkan/Code/Source/Platform/iOS/Vulkan_Traits_Platform.h,0,1,1
/media/ullmann/HDDGabriel/engines/o3de/Gems/Atom/RHI/Vulkan/Code/Source/Platform/iOS/Vulkan_Traits_iOS.h,1,0,1
/media/ullmann/HDDGabriel/engines/o3de/Gems/AtomLyIntegration/CommonFeatures/Code/Source/OcclusionCullingPlane/EditorOcclusionCullingPlaneComponent.h,1,0,1
/media/ullmann/HDDGabriel/engines/o3de/Gems/Atom/Feature/Common/Code/Source/PostProcessing/BlendColorGradingLutsPass.h,1,0,1
/media/ullmann/HDDGabriel/engines/o3de/Gems/LmbrCentral/Code/Tests/EditorCapsuleShapeComponentTests.cpp,0,1,1
/media/ullmann/HDDGabriel/engines/o3de/Gems/AtomLyIntegration/EMotionFXAtom/Code/Source/Editor/EditorSystemComponent.h,1,0,1
/media/ullmann/HDDGabriel/engines/o3de/Gems/Atom/Feature/Common/Code/Source/ColorGrading/LutGenerationPass.h,1,0,1
/media/ullmann/HDDGabriel/engines/o3de/Gems/PhysX/Code/Tests/DebugDrawTests.cpp,0,1,1
/media/ullmann/HDDGabriel/engines/o3de/Gems/Terrain/Code/Tests/LayerSpawnerTests.cpp,0,1,1
/media/ullmann/HDDGabriel/engines/o3de/Gems/EMotionFX/Code/EMotionFX/Tools/EMotionStudio/Plugins/StandardPlugins/Source/MotionEvents/MotionEventPresetsWidget.h,1,0,1
/media/ullmann/HDDGabriel/engines/o3de/Gems/Atom/RHI/Code/Tests/BufferPropertyTests.cpp,0,1,1
/media/ullmann/HDDGabriel/engines/o3de/Gems/ScriptCanvas/Code/Include/ScriptCanvas/Core/Contracts/DynamicTypeContract.cpp,0,1,1
/media/ullmann/HDDGabriel/engines/o3de/Gems/ScriptCanvas/Code/Include/ScriptCanvas/Core/Contracts/DynamicTypeContract.h,2,0,2
/media/ullmann/HDDGabriel/engines/o3de/Gems/LandscapeCanvas/Code/Source/Editor/Nodes/AreaModifiers/PositionModifierNode.cpp,0,1,1
/media/ullmann/HDDGabriel/engines/o3de/Gems/LandscapeCanvas/Code/Source/Editor/Nodes/AreaModifiers/PositionModifierNode.h,2,0,2
/media/ullmann/HDDGabriel/engines/o3de/Code/Tools/LuaIDE/Source/LUA/LUADebuggerComponent.h,1,1,2
/media/ullmann/HDDGabriel/engines/o3de/Gems/DebugDraw/Code/Source/EditorDebugDrawRayComponent.cpp,0,1,1
/media/ullmann/HDDGabriel/engines/o3de/Code/Editor/TrackView/DirectorNodeAnimator.cpp,0,1,1
/media/ullmann/HDDGabriel/engines/o3de/Gems/Terrain/Code/Source/Components/TerrainWorldComponent.h,1,0,1
/media/ullmann/HDDGabriel/engines/o3de/Code/Framework/AzToolsFramework/AzToolsFramework/Script/LuaSymbolsReporterSystemComponent.cpp,0,1,1
/media/ullmann/HDDGabriel/engines/o3de/Code/Framework/AzToolsFramework/AzToolsFramework/Script/LuaSymbolsReporterSystemComponent.h,1,0,1
/media/ullmann/HDDGabriel/engines/o3de/Code/Framework/AzToolsFramework/AzToolsFramework/UI/PropertyEditor/PropertyIntSliderCtrl.hxx,1,0,1
/media/ullmann/HDDGabriel/engines/o3de/Code/Framework/AzCore/Tests/AZStd/SmartPtr.cpp,0,1,1
/media/ullmann/HDDGabriel/engines/o3de/Gems/AtomLyIntegration/CommonFeatures/Code/Source/PostProcess/Ssao/SsaoComponent.h,1,0,1
/media/ullmann/HDDGabriel/engines/o3de/Gems/PhysX/Code/Source/ForceRegionForces.cpp,0,1,1
/media/ullmann/HDDGabriel/engines/o3de/Gems/ScriptCanvas/Code/Include/ScriptCanvas/Grammar/PrimitivesDeclarations.cpp,0,1,1
/media/ullmann/HDDGabriel/engines/o3de/Gems/Atom/Feature/Common/Code/Source/SkyBox/SkyBoxFogSettings.h,1,0,1
/media/ullmann/HDDGabriel/engines/o3de/Code/Framework/AzQtComponents/AzQtComponents/Components/ExtendedLabel.cpp,0,1,1
/media/ullmann/HDDGabriel/engines/o3de/Code/Framework/AzQtComponents/AzQtComponents/Components/ExtendedLabel.h,1,0,1
/media/ullmann/HDDGabriel/engines/o3de/Code/Framework/AzToolsFramework/AzToolsFramework/Manipulators/EditorVertexSelection.cpp,0,1,1
/media/ullmann/HDDGabriel/engines/o3de/Code/Framework/AzToolsFramework/AzToolsFramework/Manipulators/EditorVertexSelection.h,1,0,1
/media/ullmann/HDDGabriel/engines/o3de/Gems/AudioEngineWwise/Code/Platform/iOS/AudioEngineWwise_Traits_Platform.h,0,1,1
/media/ullmann/HDDGabriel/engines/o3de/Gems/AudioEngineWwise/Code/Platform/iOS/AudioEngineWwise_Traits_iOS.h,1,0,1
/media/ullmann/HDDGabriel/engines/o3de/Gems/ScriptCanvasTesting/Code/Source/Nodes/Nodeables/ValuePointerReferenceExample.cpp,0,1,1
/media/ullmann/HDDGabriel/engines/o3de/Gems/ScriptCanvasTesting/Code/Source/Nodes/Nodeables/ValuePointerReferenceExample.h,1,0,1
/media/ullmann/HDDGabriel/engines/o3de/Gems/ScriptCanvas/Code/Include/ScriptCanvas/Libraries/Logic/WeightedRandomSequencer.cpp,0,1,1
/media/ullmann/HDDGabriel/engines/o3de/Gems/MessagePopup/Code/Source/MessagePopupSystemComponent.cpp,0,1,1
/media/ullmann/HDDGabriel/engines/o3de/Code/Tools/TestImpactFramework/Runtime/Common/Code/Include/Static/TestEngine/Common/Run/TestImpactTestEngineInstrumentedRun.h,1,0,1
/media/ullmann/HDDGabriel/engines/o3de/Code/Framework/AzToolsFramework/AzToolsFramework/Commands/EntityManipulatorCommand.cpp,0,1,1
/media/ullmann/HDDGabriel/engines/o3de/Code/Framework/AzToolsFramework/AzToolsFramework/Commands/EntityManipulatorCommand.h,1,0,1
/media/ullmann/HDDGabriel/engines/o3de/Code/Legacy/CrySystem/XML/XMLBinaryReader.cpp,0,2,2
/media/ullmann/HDDGabriel/engines/o3de/Gems/Vegetation/Code/Source/Components/DescriptorWeightSelectorComponent.cpp,0,1,1
/media/ullmann/HDDGabriel/engines/o3de/Gems/PhysX/Code/Tests/RagdollTests.cpp,0,1,1
/media/ullmann/HDDGabriel/engines/o3de/Gems/PhysX/Code/Tests/RagdollTestData.h,1,0,1
/media/ullmann/HDDGabriel/engines/o3de/Gems/AtomLyIntegration/CommonFeatures/Code/Source/PostProcess/DisplayMapper/DisplayMapperComponent.h,1,0,1
/media/ullmann/HDDGabriel/engines/o3de/Gems/ScriptCanvas/Code/Include/ScriptCanvas/Core/Contracts/SupportsMethodContract.cpp,0,1,1
/media/ullmann/HDDGabriel/engines/o3de/Gems/MessagePopup/Code/Source/MessagePopupManager.cpp,0,1,1
/media/ullmann/HDDGabriel/engines/o3de/Code/Framework/AzToolsFramework/AzToolsFramework/UI/Outliner/EntityOutlinerTreeView.cpp,0,2,2
/media/ullmann/HDDGabriel/engines/o3de/Code/Framework/AzToolsFramework/AzToolsFramework/UI/Outliner/EntityOutlinerTreeView.hxx,1,0,1
/media/ullmann/HDDGabriel/engines/o3de/Gems/InAppPurchases/Code/Source/InAppPurchasesSystemComponent.cpp,0,1,1
/media/ullmann/HDDGabriel/engines/o3de/Gems/ScriptCanvas/Code/Include/ScriptCanvas/Core/Contracts/RestrictedNodeContract.cpp,0,1,1
/media/ullmann/HDDGabriel/engines/o3de/Gems/AudioSystem/Code/Source/AudioSystemModule.cpp,0,1,1
/media/ullmann/HDDGabriel/engines/o3de/Gems/Atom/Feature/Common/Code/Source/CoreLights/LightCullingTilePreparePass.h,1,0,1
/media/ullmann/HDDGabriel/engines/o3de/Gems/AtomLyIntegration/CommonFeatures/Code/Source/SharedPreview/SharedPreviewerFactory.h,1,0,1
/media/ullmann/HDDGabriel/engines/o3de/Gems/GraphCanvas/Code/Source/Components/GeometryComponent.h,2,0,2
/media/ullmann/HDDGabriel/engines/o3de/Code/Editor/Controls/ReflectedPropertyControl/PropertyGenericCtrl.cpp,0,1,1
/media/ullmann/HDDGabriel/engines/o3de/Code/Framework/AzQtComponents/AzQtComponents/Gallery/CheckBoxPage.cpp,0,1,1
/media/ullmann/HDDGabriel/engines/o3de/Code/Framework/AzQtComponents/AzQtComponents/Gallery/CheckBoxPage.h,2,0,2
/media/ullmann/HDDGabriel/engines/o3de/Code/Framework/AzToolsFramework/AzToolsFramework/UI/UICore/PlainTextEdit.cpp,0,1,1
/media/ullmann/HDDGabriel/engines/o3de/Code/Framework/AzToolsFramework/AzToolsFramework/UI/UICore/PlainTextEdit.hxx,1,0,1
/media/ullmann/HDDGabriel/engines/o3de/Code/Framework/AzToolsFramework/AzToolsFramework/UI/LegacyFramework/MainWindowSavedState.cpp,0,1,1
/media/ullmann/HDDGabriel/engines/o3de/Code/Framework/AzToolsFramework/AzToolsFramework/UI/LegacyFramework/MainWindowSavedState.h,2,0,2
/media/ullmann/HDDGabriel/engines/o3de/Gems/LmbrCentral/Code/Tests/EditorPolygonPrismShapeComponentTests.cpp,0,1,1
/media/ullmann/HDDGabriel/engines/o3de/Code/Tools/AssetProcessor/native/connection/connection.cpp,0,1,1
/media/ullmann/HDDGabriel/engines/o3de/Gems/Atom/Tools/MaterialCanvas/Code/Source/Window/MaterialCanvasGraphView.h,1,0,1
/media/ullmann/HDDGabriel/engines/o3de/Gems/Atom/RPI/Code/Source/Platform/Android/Atom_RPI_Traits_Platform.h,0,1,1
/media/ullmann/HDDGabriel/engines/o3de/Gems/Atom/RPI/Code/Source/Platform/Android/Atom_RPI_Traits_Android.h,1,0,1
/media/ullmann/HDDGabriel/engines/o3de/Gems/EMotionFX/Code/Platform/Linux/EMotionFX_Traits_Platform.h,0,1,1
/media/ullmann/HDDGabriel/engines/o3de/Gems/EMotionFX/Code/Platform/Linux/EMotionFX_Traits_Linux.h,1,0,1
/media/ullmann/HDDGabriel/engines/o3de/Code/Framework/AzFramework/AzFramework/Viewport/ViewportConstants.cpp,0,1,1
/media/ullmann/HDDGabriel/engines/o3de/Code/Framework/AzFramework/AzFramework/Viewport/ViewportConstants.h,1,0,1
/media/ullmann/HDDGabriel/engines/o3de/Gems/ImGui/External/ImGui/v1.82/imgui/imstb_rectpack.h,1,0,1
/media/ullmann/HDDGabriel/engines/o3de/AutomatedTesting/Gem/Code/Source/AutomatedTestingModule.cpp,0,1,1
/media/ullmann/HDDGabriel/engines/o3de/Gems/EMotionFX/Code/EMotionFX/Source/Parameter/Vector2Parameter.h,1,1,2
/media/ullmann/HDDGabriel/engines/o3de/Gems/PhysX/Code/Source/RigidBody.cpp,0,1,1
/media/ullmann/HDDGabriel/engines/o3de/Gems/EMotionFX/Code/EMotionFX/Tools/EMotionStudio/Plugins/StandardPlugins/Source/AnimGraph/BlendSpace2DNodeWidget.cpp,0,1,1
/media/ullmann/HDDGabriel/engines/o3de/Gems/EMotionFX/Code/EMotionFX/Tools/EMotionStudio/Plugins/StandardPlugins/Source/AnimGraph/BlendSpace2DNodeWidget.h,1,0,1
/media/ullmann/HDDGabriel/engines/o3de/Gems/LyShine/Code/Source/Tests/internal/test_UiTransform2dComponent.cpp,1,0,1
/media/ullmann/HDDGabriel/engines/o3de/Gems/LyShine/Code/Editor/Animation/UiAnimViewNewSequenceDialog.cpp,0,1,1
/media/ullmann/HDDGabriel/engines/o3de/Gems/LyShine/Code/Editor/Animation/UiAnimViewNewSequenceDialog.h,2,0,2
/media/ullmann/HDDGabriel/engines/o3de/Gems/EMotionFX/Code/EMotionFX/Source/Parameter/Parameter.cpp,0,1,1
/media/ullmann/HDDGabriel/engines/o3de/Gems/GraphCanvas/Code/Source/Components/Slots/Execution/ExecutionSlotLayoutComponent.h,1,0,1
/media/ullmann/HDDGabriel/engines/o3de/Gems/MotionMatching/Code/Tests/FeatureMatrixTests.cpp,0,1,1
/media/ullmann/HDDGabriel/engines/o3de/Gems/MotionMatching/Code/Tests/Fixture.h,3,0,3
/media/ullmann/HDDGabriel/engines/o3de/Gems/ScriptCanvas/Code/Editor/GraphCanvas/DataInterfaces/ScriptCanvasVariableDataInterface.h,0,1,1
/media/ullmann/HDDGabriel/engines/o3de/Code/Tools/AssetProcessor/native/utilities/SpecializedDependencyScanner.h,1,0,1
/media/ullmann/HDDGabriel/engines/o3de/Gems/LmbrCentral/Code/include/LmbrCentral/Component/EditorWrappedComponentBase.h,0,1,1
/media/ullmann/HDDGabriel/engines/o3de/Gems/LmbrCentral/Code/include/LmbrCentral/Component/EditorWrappedComponentBase.inl,1,0,1
/media/ullmann/HDDGabriel/engines/o3de/Code/Editor/AssetEditor/AssetEditorRequestsHandler.h,1,0,1
/media/ullmann/HDDGabriel/engines/o3de/Gems/AtomLyIntegration/CommonFeatures/Code/Source/PostProcess/EditorPostFxLayerComponent.h,1,0,1
/media/ullmann/HDDGabriel/engines/o3de/Gems/Atom/Feature/Common/Code/Source/PostProcessing/LookModificationCompositePass.h,1,0,1
/media/ullmann/HDDGabriel/engines/o3de/Gems/EMotionFX/Code/EMotionFX/Source/BlendTreeRotationLimitNode.cpp,0,1,1
/media/ullmann/HDDGabriel/engines/o3de/Gems/StartingPointCamera/Code/Source/CameraLookAtBehaviors/SlideAlongAxisBasedOnAngle.cpp,0,1,1
/media/ullmann/HDDGabriel/engines/o3de/Gems/LandscapeCanvas/Code/Source/Editor/Nodes/AreaFilters/DistanceBetweenFilterNode.cpp,0,1,1
/media/ullmann/HDDGabriel/engines/o3de/Gems/LandscapeCanvas/Code/Source/Editor/Nodes/AreaFilters/DistanceBetweenFilterNode.h,2,0,2
/media/ullmann/HDDGabriel/engines/o3de/Gems/ScriptCanvas/Code/Editor/GraphCanvas/DataInterfaces/ScriptCanvasNumericDataInterface.h,0,1,1
/media/ullmann/HDDGabriel/engines/o3de/Gems/Camera/Code/Source/ViewportCameraSelectorWindow_Internals.h,1,0,1
/media/ullmann/HDDGabriel/engines/o3de/Code/Framework/AzToolsFramework/AzToolsFramework/Commands/PreemptiveUndoCache.cpp,0,1,1
/media/ullmann/HDDGabriel/engines/o3de/Code/Framework/AzToolsFramework/AzToolsFramework/UI/UICore/QTreeViewStateSaver.cpp,0,1,1
/media/ullmann/HDDGabriel/engines/o3de/Code/Framework/AzToolsFramework/AzToolsFramework/UI/UICore/QTreeViewStateSaver.hxx,1,0,1
/media/ullmann/HDDGabriel/engines/o3de/Code/Tools/AssetProcessor/native/resourcecompiler/rccontroller.cpp,0,1,1
/media/ullmann/HDDGabriel/engines/o3de/Gems/LyShine/Code/Editor/QtHelpers.cpp,0,1,1
/media/ullmann/HDDGabriel/engines/o3de/Gems/LyShine/Code/Editor/ViewportCanvasBackground.h,1,0,1
/media/ullmann/HDDGabriel/engines/o3de/Gems/PhysX/Code/Source/DefaultWorldComponent.cpp,0,1,1
/media/ullmann/HDDGabriel/engines/o3de/Code/Framework/AzCore/Platform/Common/Default/AzCore/IO/Streamer/StreamerContext_Default.cpp,0,1,1
/media/ullmann/HDDGabriel/engines/o3de/Code/Framework/AzCore/Platform/Common/Default/AzCore/IO/Streamer/StreamerContext_Default.h,1,0,1
/media/ullmann/HDDGabriel/engines/o3de/Gems/LmbrCentral/Code/Source/Unhandled/Other/CharacterPhysicsAssetTypeInfo.cpp,0,1,1
/media/ullmann/HDDGabriel/engines/o3de/Gems/Atom/Asset/ImageProcessingAtom/Code/Source/Platform/iOS/ImageProcessing_Traits_Platform.h,0,1,1
/media/ullmann/HDDGabriel/engines/o3de/Gems/Atom/Asset/ImageProcessingAtom/Code/Source/Platform/iOS/ImageProcessing_Traits_iOS.h,1,0,1
/media/ullmann/HDDGabriel/engines/o3de/Gems/LmbrCentral/Code/Source/Audio/EditorAudioEnvironmentComponent.cpp,0,1,1
/media/ullmann/HDDGabriel/engines/o3de/Gems/LyShine/Code/Source/UiTooltipComponent.cpp,0,1,1
/media/ullmann/HDDGabriel/engines/o3de/Gems/Atom/Asset/Shader/Code/Tests/ShaderBuildArgumentsTests.cpp,0,1,1
/media/ullmann/HDDGabriel/engines/o3de/Gems/Maestro/Code/Source/Cinematics/GotoTrack.cpp,0,1,1
/media/ullmann/HDDGabriel/engines/o3de/Gems/Gestures/Code/Source/InputChannelGestureClickOrTap.cpp,0,1,1
/media/ullmann/HDDGabriel/engines/o3de/Gems/MotionMatching/Code/Tests/MinMaxScalerTests.cpp,0,1,1
/media/ullmann/HDDGabriel/engines/o3de/Gems/PhysX/Code/Source/HeightfieldCollider.cpp,0,1,1
/media/ullmann/HDDGabriel/engines/o3de/Code/Framework/AzCore/Tests/AZStd/ConcurrentContainers.cpp,0,1,1
/media/ullmann/HDDGabriel/engines/o3de/Gems/AudioEngineWwise/Code/Platform/Windows/AudioEngineWwise_Traits_Platform.h,0,1,1
/media/ullmann/HDDGabriel/engines/o3de/Gems/AudioEngineWwise/Code/Platform/Windows/AudioEngineWwise_Traits_Windows.h,1,0,1
/media/ullmann/HDDGabriel/engines/o3de/Code/Framework/AzQtComponents/AzQtComponents/Gallery/ColorLabelPage.cpp,0,1,1
/media/ullmann/HDDGabriel/engines/o3de/Gems/AtomLyIntegration/CommonFeatures/Code/Source/PostProcess/ExposureControl/EditorExposureControlComponent.h,1,0,1
/media/ullmann/HDDGabriel/engines/o3de/Gems/AWSMetrics/Code/Tests/MetricsQueueTest.cpp,0,1,1
/media/ullmann/HDDGabriel/engines/o3de/Code/Tools/AssetProcessor/native/utilities/LogPanel.cpp,0,1,1
/media/ullmann/HDDGabriel/engines/o3de/Code/Tools/AssetProcessor/native/utilities/LogPanel.h,1,0,1
/media/ullmann/HDDGabriel/engines/o3de/Gems/LyShine/Code/Source/LyShinePass.cpp,0,1,1
/media/ullmann/HDDGabriel/engines/o3de/Gems/AtomLyIntegration/CommonFeatures/Code/Source/Debug/RenderDebugComponent.h,1,0,1
/media/ullmann/HDDGabriel/engines/o3de/Code/Tools/RemoteConsole/Core/RemoteConsoleCore.cpp,0,1,1
/media/ullmann/HDDGabriel/engines/o3de/Code/Tools/RemoteConsole/Core/RemoteConsoleCore.h,1,0,1
/media/ullmann/HDDGabriel/engines/o3de/Gems/Terrain/Code/Source/Components/TerrainHeightGradientListComponent.h,1,0,1
/media/ullmann/HDDGabriel/engines/o3de/Gems/AWSMetrics/Code/Tests/ClientIdProviderTest.cpp,0,1,1
/media/ullmann/HDDGabriel/engines/o3de/Gems/LandscapeCanvas/Code/Source/Editor/Nodes/Gradients/FastNoiseGradientNode.cpp,0,1,1
/media/ullmann/HDDGabriel/engines/o3de/Gems/LandscapeCanvas/Code/Source/Editor/Nodes/Gradients/FastNoiseGradientNode.h,2,0,2
/media/ullmann/HDDGabriel/engines/o3de/Gems/LyShine/Code/Source/Animation/BoolTrack.cpp,0,2,2
/media/ullmann/HDDGabriel/engines/o3de/Gems/AWSClientAuth/Code/Source/Authentication/AuthenticationNotificationBusBehaviorHandler.h,1,0,1
/media/ullmann/HDDGabriel/engines/o3de/Gems/Metastream/Code/Source/Platform/Mac/Metastream_Traits_Platform.h,0,1,1
/media/ullmann/HDDGabriel/engines/o3de/Gems/Metastream/Code/Source/Platform/Mac/Metastream_Traits_Mac.h,1,0,1
/media/ullmann/HDDGabriel/engines/o3de/Gems/LmbrCentral/Code/Platform/Android/LmbrCentral_Traits_Platform.h,0,1,1
/media/ullmann/HDDGabriel/engines/o3de/Gems/LmbrCentral/Code/Platform/Android/LmbrCentral_Traits_Android.h,1,0,1
/media/ullmann/HDDGabriel/engines/o3de/Gems/Atom/Tools/AtomToolsFramework/Code/Source/AtomToolsFrameworkModule.h,1,0,1
/media/ullmann/HDDGabriel/engines/o3de/Gems/ScriptCanvas/Code/Editor/View/Widgets/LogPanel.cpp,0,1,1
/media/ullmann/HDDGabriel/engines/o3de/Gems/ScriptCanvas/Code/Editor/View/Widgets/LogPanel.h,1,0,1
/media/ullmann/HDDGabriel/engines/o3de/Gems/EditorPythonBindings/Code/Tests/EditorPythonBindingsTest.cpp,0,2,2
/media/ullmann/HDDGabriel/engines/o3de/Gems/AtomLyIntegration/AtomFont/Code/Source/FFontXML.cpp,0,1,1
/media/ullmann/HDDGabriel/engines/o3de/Gems/AtomLyIntegration/AtomFont/Code/Source/FFontXML_Internal.h,1,0,1
/media/ullmann/HDDGabriel/engines/o3de/Gems/EMotionFX/Code/EMotionFX/CommandSystem/Source/ActorCommands.cpp,0,2,2
/media/ullmann/HDDGabriel/engines/o3de/Gems/LyShine/Code/Editor/SlicerView.h,1,0,1
/media/ullmann/HDDGabriel/engines/o3de/Gems/AWSClientAuth/Code/Source/UserManagement/AWSCognitoUserManagementController.h,1,0,1
/media/ullmann/HDDGabriel/engines/o3de/Code/Framework/AzCore/Tests/Streamer/IStreamerMock.h,1,0,1
/media/ullmann/HDDGabriel/engines/o3de/Code/Framework/AzToolsFramework/AzToolsFramework/Slice/SliceMetadataEntityContextComponent.cpp,0,1,1
/media/ullmann/HDDGabriel/engines/o3de/Code/Framework/AzToolsFramework/AzToolsFramework/Slice/SliceMetadataEntityContextComponent.h,1,0,1
/media/ullmann/HDDGabriel/engines/o3de/Code/Editor/Util/FileUtil_impl.cpp,0,1,1
/media/ullmann/HDDGabriel/engines/o3de/Gems/LyShine/Code/Editor/NewElementToolbarSection.h,1,0,1
/media/ullmann/HDDGabriel/engines/o3de/Gems/AWSCore/Code/Platform/iOS/AWSCore_Traits_Platform.h,0,1,1
/media/ullmann/HDDGabriel/engines/o3de/Gems/AWSCore/Code/Platform/iOS/AWSCore_Traits_iOS.h,1,0,1
/media/ullmann/HDDGabriel/engines/o3de/Code/Framework/AzFramework/AzFramework/IO/FileOperations.cpp,0,1,1
/media/ullmann/HDDGabriel/engines/o3de/Code/Framework/AzFramework/AzFramework/IO/FileOperations.h,1,0,1
/media/ullmann/HDDGabriel/engines/o3de/Gems/Atom/Feature/Common/Code/Source/ScreenSpace/DeferredFogPass.h,1,0,1
/media/ullmann/HDDGabriel/engines/o3de/Code/Editor/AssetImporter/AssetImporterManager/AssetImporterDragAndDropHandler.h,2,0,2
/media/ullmann/HDDGabriel/engines/o3de/Templates/DefaultGem/Template/Code/Source/Clients/${Name}SystemComponent.cpp,0,1,1
/media/ullmann/HDDGabriel/engines/o3de/Gems/Vegetation/Code/Source/Components/ShapeIntersectionFilterComponent.cpp,0,1,1
/media/ullmann/HDDGabriel/engines/o3de/Gems/Vegetation/Code/Source/Components/ShapeIntersectionFilterComponent.h,2,0,2
/media/ullmann/HDDGabriel/engines/o3de/Code/Editor/Plugins/ProjectSettingsTool/ProjectSettingsContainer.cpp,0,1,1
/media/ullmann/HDDGabriel/engines/o3de/Gems/ScriptCanvas/Code/Include/ScriptCanvas/Libraries/Comparison/LessEqual.h,1,0,1
/media/ullmann/HDDGabriel/engines/o3de/Gems/LyShine/Code/Editor/CommandHierarchyItemReparent.h,1,0,1
/media/ullmann/HDDGabriel/engines/o3de/Code/Framework/AzQtComponents/AzQtComponents/Gallery/RadioButtonPage.h,2,0,2
/media/ullmann/HDDGabriel/engines/o3de/Gems/AWSCore/Code/Platform/Linux/AWSCoreEditor_Traits_Platform.h,0,1,1
/media/ullmann/HDDGabriel/engines/o3de/Gems/AWSCore/Code/Platform/Linux/AWSCoreEditor_Traits_Linux.h,1,0,1
/media/ullmann/HDDGabriel/engines/o3de/Code/Tools/AssetProcessor/native/tests/assetmanager/AssetProcessorManagerTest.cpp,0,1,1
/media/ullmann/HDDGabriel/engines/o3de/Code/Tools/AssetProcessor/native/tests/assetmanager/AssetProcessorManagerTest.h,1,0,1
/media/ullmann/HDDGabriel/engines/o3de/Gems/Atom/Feature/Common/Code/Source/Material/ConvertEmissiveUnitFunctorSourceData.cpp,0,1,1
/media/ullmann/HDDGabriel/engines/o3de/Gems/Blast/Code/Source/Components/BlastMeshDataComponent.h,1,0,1
/media/ullmann/HDDGabriel/engines/o3de/Gems/RecastNavigation/Code/Source/Misc/RecastNavigationMeshComponentController.cpp,0,1,1
/media/ullmann/HDDGabriel/engines/o3de/Gems/RecastNavigation/Code/Source/Misc/RecastProcessing.h,1,0,1
/media/ullmann/HDDGabriel/engines/o3de/Gems/AtomLyIntegration/ImguiAtom/Code/Source/DebugConsole.cpp,0,1,1
/media/ullmann/HDDGabriel/engines/o3de/Gems/AtomLyIntegration/ImguiAtom/Code/Source/DebugConsole.h,2,0,2
/media/ullmann/HDDGabriel/engines/o3de/Code/Framework/AzFramework/AzFramework/Terrain/TerrainDataRequestBus.cpp,0,1,1
/media/ullmann/HDDGabriel/engines/o3de/Code/Framework/AzFramework/AzFramework/Terrain/TerrainDataRequestBus.h,1,0,1
/media/ullmann/HDDGabriel/engines/o3de/Gems/Atom/Tools/AtomToolsFramework/Code/Source/AtomToolsFrameworkSystemComponent.cpp,0,1,1
/media/ullmann/HDDGabriel/engines/o3de/Gems/EMotionFX/Code/EMotionFX/CommandSystem/Source/SimulatedObjectCommands.cpp,0,1,1
/media/ullmann/HDDGabriel/engines/o3de/Gems/EMotionFX/Code/EMotionFX/CommandSystem/Source/SimulatedObjectCommands_Impl.inl,1,0,1
/media/ullmann/HDDGabriel/engines/o3de/Gems/WhiteBox/Code/Source/Viewport/WhiteBoxManipulatorViews.cpp,0,1,1
/media/ullmann/HDDGabriel/engines/o3de/Code/Framework/AzQtComponents/AzQtComponents/Utilities/MouseHider_linux.cpp,0,1,1
/media/ullmann/HDDGabriel/engines/o3de/Code/Framework/AzQtComponents/AzQtComponents/Utilities/MouseHider.h,1,0,1
/media/ullmann/HDDGabriel/engines/o3de/Gems/AudioSystem/Code/Platform/Windows/AudioSystem_Traits_Platform.h,0,1,1
/media/ullmann/HDDGabriel/engines/o3de/Gems/AudioSystem/Code/Platform/Windows/AudioSystem_Traits_Windows.h,1,0,1
/media/ullmann/HDDGabriel/engines/o3de/Gems/EMotionFX/Code/EMotionFX/Source/EMotionFXAllocatorInitializer.cpp,0,1,1
/media/ullmann/HDDGabriel/engines/o3de/Gems/EMotionFX/Code/EMotionFX/Source/EMotionFXAllocatorInitializer.h,1,0,1
/media/ullmann/HDDGabriel/engines/o3de/Gems/EMotionFX/Code/Tests/SimulatedObjectCommandTests.cpp,0,1,1
/media/ullmann/HDDGabriel/engines/o3de/Code/Editor/TrackViewExportKeyTimeDlg.h,1,0,1
/media/ullmann/HDDGabriel/engines/o3de/Gems/Streamer/StreamerProfiler/Code/Source/StreamerProfilerSystemComponent.cpp,0,1,1
/media/ullmann/HDDGabriel/engines/o3de/Gems/LmbrCentral/Code/Source/Unhandled/Texture/TextureAssetTypeInfo.cpp,0,1,1
/media/ullmann/HDDGabriel/engines/o3de/Gems/Stars/Code/Source/StarsAsset.cpp,0,1,1
/media/ullmann/HDDGabriel/engines/o3de/Code/Tools/AssetProcessor/native/connection/connectionworker.cpp,0,1,1
/media/ullmann/HDDGabriel/engines/o3de/Code/Tools/AssetProcessor/native/connection/connectionworker.h,1,0,1
/media/ullmann/HDDGabriel/engines/o3de/Gems/EMotionFX/Code/EMotionFX/Source/Parameter/FloatSpinnerParameter.cpp,0,1,1
/media/ullmann/HDDGabriel/engines/o3de/Gems/AWSGameLift/Code/AWSGameLiftClient/Tests/AWSGameLiftClientSystemComponentTest.cpp,0,1,1
/media/ullmann/HDDGabriel/engines/o3de/Code/Editor/Util/FileChangeMonitor.cpp,0,1,1
/media/ullmann/HDDGabriel/engines/o3de/Gems/GraphCanvas/Code/Source/Components/Slots/Extender/ExtenderSlotComponent.h,2,0,2
/media/ullmann/HDDGabriel/engines/o3de/Gems/GradientSignal/Code/Source/Editor/EditorThresholdGradientComponent.cpp,0,1,1
/media/ullmann/HDDGabriel/engines/o3de/Gems/AudioSystem/Code/Source/Engine/SoundCVars.cpp,0,1,1
/media/ullmann/HDDGabriel/engines/o3de/Gems/LyShine/Code/Editor/PropertyHandlerVec.cpp,0,2,2
/media/ullmann/HDDGabriel/engines/o3de/Gems/AudioEngineWwise/Code/Source/AudioEngineWwiseModule.cpp,0,1,1
/media/ullmann/HDDGabriel/engines/o3de/Code/Framework/AzToolsFramework/AzToolsFramework/ViewportSelection/EditorTransformComponentSelectionRequestBus.cpp,0,1,1
/media/ullmann/HDDGabriel/engines/o3de/Code/Framework/AzToolsFramework/AzToolsFramework/ViewportSelection/EditorTransformComponentSelectionRequestBus.h,1,0,1
/media/ullmann/HDDGabriel/engines/o3de/Gems/PhysX/Code/Source/SphereColliderComponent.h,0,1,1
/media/ullmann/HDDGabriel/engines/o3de/Gems/Vegetation/Code/Source/Editor/EditorSurfaceMaskFilterComponent.cpp,0,1,1
/media/ullmann/HDDGabriel/engines/o3de/Gems/LyShine/Code/Source/UiNavigationHelpers.cpp,0,1,1
/media/ullmann/HDDGabriel/engines/o3de/Gems/Vegetation/Code/Source/Components/MeshBlockerComponent.cpp,0,1,1
/media/ullmann/HDDGabriel/engines/o3de/Gems/Atom/Feature/Common/Code/Source/Material/UseTextureFunctorSourceData.cpp,0,1,1
/media/ullmann/HDDGabriel/engines/o3de/Gems/Multiplayer/Code/Source/Debug/MultiplayerDebugPerEntityReporter.cpp,0,1,1
/media/ullmann/HDDGabriel/engines/o3de/Code/Framework/AzToolsFramework/AzToolsFramework/UI/PropertyEditor/PropertyVectorCtrl.cpp,0,2,2
/media/ullmann/HDDGabriel/engines/o3de/Code/Editor/TrackView/TrackViewPythonFuncs.cpp,0,1,1
/media/ullmann/HDDGabriel/engines/o3de/Code/Framework/AzQtComponents/AzQtComponents/Gallery/RadioButtonPage.cpp,0,1,1
/media/ullmann/HDDGabriel/engines/o3de/Gems/Blast/Code/Source/Editor/EditorSystemComponent.h,1,0,1
/media/ullmann/HDDGabriel/engines/o3de/Gems/AtomLyIntegration/AtomViewportDisplayIcons/Code/Source/AtomViewportDisplayIconsSystemComponent.cpp,0,1,1
/media/ullmann/HDDGabriel/engines/o3de/Code/Tools/AssetProcessor/AssetBuilder/AssetBuilderStatic.cpp,0,1,1
/media/ullmann/HDDGabriel/engines/o3de/Gems/Atom/RPI/Code/Source/RPI.Builders/Pass/PassBuilder.h,1,0,1
/media/ullmann/HDDGabriel/engines/o3de/Code/Framework/AzToolsFramework/Tests/QtWidgetLimitsTests.cpp,0,1,1
/media/ullmann/HDDGabriel/engines/o3de/Gems/LmbrCentral/Code/Platform/iOS/LmbrCentral_Traits_Platform.h,0,1,1
/media/ullmann/HDDGabriel/engines/o3de/Gems/LmbrCentral/Code/Platform/iOS/LmbrCentral_Traits_iOS.h,1,0,1
/media/ullmann/HDDGabriel/engines/o3de/Templates/MinimalProject/Template/Gem/Source/${Name}SystemComponent.cpp,0,1,1
/media/ullmann/HDDGabriel/engines/o3de/Gems/ScriptCanvas/Code/Include/ScriptCanvas/Core/Contracts/IsReferenceTypeContract.h,2,0,2
/media/ullmann/HDDGabriel/engines/o3de/Gems/ScriptCanvasTesting/Code/Source/Framework/ScriptCanvasTestVerify.h,1,0,1
/media/ullmann/HDDGabriel/engines/o3de/Gems/ScriptCanvas/Code/Include/ScriptCanvas/Libraries/Deprecated/String/Utilities.cpp,0,1,1
/media/ullmann/HDDGabriel/engines/o3de/Gems/ScriptCanvas/Code/Include/ScriptCanvas/Libraries/Deprecated/String/Utilities.h,1,0,1
/media/ullmann/HDDGabriel/engines/o3de/Code/Editor/Plugins/ComponentEntityEditorPlugin/ContextMenuHandlers.cpp,0,1,1
/media/ullmann/HDDGabriel/engines/o3de/Gems/ScriptCanvas/Code/Include/ScriptCanvas/Core/MethodConfiguration.cpp,0,1,1
/media/ullmann/HDDGabriel/engines/o3de/Gems/AWSCore/Code/Platform/Android/AWSCore_Traits_Platform.h,0,1,1
/media/ullmann/HDDGabriel/engines/o3de/Gems/AWSCore/Code/Platform/Android/AWSCore_Traits_Android.h,1,0,1
/media/ullmann/HDDGabriel/engines/o3de/Gems/ScriptCanvas/Code/Include/ScriptCanvas/Libraries/Deprecated/DeprecatedNodeLibrary.cpp,0,1,1
/media/ullmann/HDDGabriel/engines/o3de/Gems/ScriptCanvas/Code/Include/ScriptCanvas/Libraries/Deprecated/DeprecatedNodeLibrary.h,1,0,1
/media/ullmann/HDDGabriel/engines/o3de/Gems/Twitch/Code/Source/Platform/Mac/Twitch_Traits_Platform.h,0,1,1
/media/ullmann/HDDGabriel/engines/o3de/Gems/Twitch/Code/Source/Platform/Mac/Twitch_Traits_Mac.h,1,0,1
/media/ullmann/HDDGabriel/engines/o3de/Gems/GradientSignal/Code/Source/Editor/EditorSmoothStepGradientComponent.cpp,0,1,1
/media/ullmann/HDDGabriel/engines/o3de/Gems/AWSClientAuth/Code/Source/Authentication/AuthenticationProviderManager.h,1,0,1
/media/ullmann/HDDGabriel/engines/o3de/Gems/MotionMatching/Code/Tests/FeatureSchemaTests.cpp,0,1,1
/media/ullmann/HDDGabriel/engines/o3de/Gems/Meshlets/Code/Source/Meshlets/MeshletsFeatureProcessor.cpp,0,2,2
/media/ullmann/HDDGabriel/engines/o3de/Gems/AtomTressFX/Code/Components/HairSystemComponent.h,1,0,1
/media/ullmann/HDDGabriel/engines/o3de/Gems/AtomLyIntegration/CommonFeatures/Code/Source/Scripting/EditorEntityReferenceComponent.h,1,0,1
/media/ullmann/HDDGabriel/engines/o3de/Gems/EMotionFX/Code/EMotionFX/CommandSystem/Source/SimulatedObjectCommands.h,0,1,1
/media/ullmann/HDDGabriel/engines/o3de/Gems/EMotionFX/Code/EMotionFX/CommandSystem/Source/SimulatedObjectCommands_Interface.inl,1,0,1
/media/ullmann/HDDGabriel/engines/o3de/Gems/LyShine/Code/Editor/ViewportDragInteraction.cpp,0,1,1
/media/ullmann/HDDGabriel/engines/o3de/Gems/ScriptCanvas/Code/Include/ScriptCanvas/Libraries/Core/Nodeling.cpp,0,1,1
/media/ullmann/HDDGabriel/engines/o3de/Gems/DiffuseProbeGrid/Code/Source/EditorComponents/EditorDiffuseProbeGridComponent.h,1,0,1
/media/ullmann/HDDGabriel/engines/o3de/Gems/Vegetation/Code/Source/Components/RotationModifierComponent.cpp,0,1,1
/media/ullmann/HDDGabriel/engines/o3de/Gems/EMotionFX/Code/Tests/AnimGraphTransitionTests.cpp,0,1,1
/media/ullmann/HDDGabriel/engines/o3de/Gems/Atom/RHI/Metal/Code/Source/Platform/Mac/Metal_Traits_Platform.h,0,1,1
/media/ullmann/HDDGabriel/engines/o3de/Gems/Atom/RHI/Metal/Code/Source/Platform/Mac/Metal_Traits_Mac.h,1,0,1
/media/ullmann/HDDGabriel/engines/o3de/Code/Framework/AzToolsFramework/AzToolsFramework/UI/Logging/GenericLogPanel.cpp,0,1,1
/media/ullmann/HDDGabriel/engines/o3de/Gems/AtomLyIntegration/AtomFont/Code/Source/AtomFontSystemComponent.cpp,0,1,1
/media/ullmann/HDDGabriel/engines/o3de/Gems/RecastNavigation/Code/Source/Components/RecastNavigationPhysXProviderComponent.cpp,0,1,1
/media/ullmann/HDDGabriel/engines/o3de/Code/Tools/LuaIDE/Source/StandaloneToolsApplication.cpp,0,1,1
/media/ullmann/HDDGabriel/engines/o3de/Code/Tools/LuaIDE/Source/StandaloneToolsApplication.h,1,0,1
/media/ullmann/HDDGabriel/engines/o3de/Code/Tools/ProjectManager/Source/GemRepo/GemRepoInfo.h,1,0,1
/media/ullmann/HDDGabriel/engines/o3de/Gems/AudioEngineWwise/Code/Platform/iOS/FileIOHandler_wwise_Platform.h,0,1,1
/media/ullmann/HDDGabriel/engines/o3de/Code/Framework/AzToolsFramework/AzToolsFramework/UI/Outliner/EntityOutlinerSortFilterProxyModel.hxx,1,0,1
/media/ullmann/HDDGabriel/engines/o3de/Gems/WhiteBox/Code/Source/Viewport/WhiteBoxManipulatorBounds.cpp,0,1,1
/media/ullmann/HDDGabriel/engines/o3de/Gems/ScriptEvents/Code/Include/ScriptEvents/Internal/BehaviorContextBinding/ScriptEventBroadcast.h,1,0,1
/media/ullmann/HDDGabriel/engines/o3de/Gems/LyShine/Code/Editor/CommandHierarchyItemCreateFromData.cpp,0,1,1
/media/ullmann/HDDGabriel/engines/o3de/Gems/LandscapeCanvas/Code/Source/Editor/Nodes/Gradients/ShapeAreaFalloffGradientNode.cpp,0,1,1
/media/ullmann/HDDGabriel/engines/o3de/Gems/Atom/Asset/ImageProcessingAtom/Code/Source/BuilderSettings/CubemapSettings.h,1,0,1
/media/ullmann/HDDGabriel/engines/o3de/Code/Editor/Plugins/ProjectSettingsTool/PlistDictionary.cpp,0,1,1
/media/ullmann/HDDGabriel/engines/o3de/Code/Tools/AssetProcessor/native/tests/FileProcessor/FileProcessorTests.cpp,0,1,1
/media/ullmann/HDDGabriel/engines/o3de/Code/Tools/AssetProcessor/native/tests/FileProcessor/FileProcessorTests.h,1,0,1
/media/ullmann/HDDGabriel/engines/o3de/Gems/LmbrCentral/Code/Source/Builders/CopyDependencyBuilder/CopyDependencyBuilderWorker.cpp,0,1,1
/media/ullmann/HDDGabriel/engines/o3de/Code/Tools/TestImpactFramework/Runtime/Python/Code/Source/Target/Python/TestImpactPythonTestTarget.h,1,0,1
/media/ullmann/HDDGabriel/engines/o3de/Gems/Atom/Asset/Shader/Code/Source/Platform/Mac/ShaderBuilder_Traits_Platform.h,0,1,1
/media/ullmann/HDDGabriel/engines/o3de/Gems/Atom/Asset/Shader/Code/Source/Platform/Mac/ShaderBuilder_Traits_Mac.h,1,0,1
/media/ullmann/HDDGabriel/engines/o3de/Gems/ScriptCanvas/Code/Include/ScriptCanvas/Core/SlotConfigurations.h,1,0,1
/media/ullmann/HDDGabriel/engines/o3de/Gems/Gestures/Code/Include/Gestures/GestureRecognizerDrag.h,0,1,1
/media/ullmann/HDDGabriel/engines/o3de/Gems/LyShine/Code/Editor/CommandHierarchyItemDelete.h,1,0,1
/media/ullmann/HDDGabriel/engines/o3de/Gems/Atom/Bootstrap/Code/Source/BootstrapModule.cpp,0,1,1
/media/ullmann/HDDGabriel/engines/o3de/Gems/Atom/RHI/Metal/Code/Include/Platform/iOS/Atom_RHI_Metal_Platform.h,0,1,1
/media/ullmann/HDDGabriel/engines/o3de/Gems/Atom/RHI/Metal/Code/Include/Platform/iOS/Atom_RHI_Metal_iOS.h,1,0,1
/media/ullmann/HDDGabriel/engines/o3de/Gems/WhiteBox/Code/Source/Viewport/WhiteBoxPolygonScaleModifier.cpp,0,1,1
/media/ullmann/HDDGabriel/engines/o3de/Gems/WhiteBox/Code/Source/Viewport/WhiteBoxPolygonScaleModifier.h,1,0,1
/media/ullmann/HDDGabriel/engines/o3de/Gems/LmbrCentral/Code/Source/Unhandled/UI/EntityIconAssetTypeInfo.cpp,0,1,1
/media/ullmann/HDDGabriel/engines/o3de/Gems/EMotionFX/Code/EMotionFX/Source/Parameter/Vector2Parameter.cpp,0,1,1
/media/ullmann/HDDGabriel/engines/o3de/Gems/Atom/Asset/ImageProcessingAtom/External/CubeMapGen/CBBoxInt32.cpp,0,1,1
/media/ullmann/HDDGabriel/engines/o3de/Code/Editor/Include/ICommandManager.h,0,1,1
/media/ullmann/HDDGabriel/engines/o3de/Code/Framework/AzToolsFramework/Tests/TransformComponent.cpp,0,1,1
/media/ullmann/HDDGabriel/engines/o3de/Code/Framework/AzToolsFramework/Tests/Prefab/PrefabTestFixture.h,1,0,1
/media/ullmann/HDDGabriel/engines/o3de/Code/Framework/AzToolsFramework/AzToolsFramework/ToolsComponents/EditorInspectorComponent.cpp,0,1,1
/media/ullmann/HDDGabriel/engines/o3de/Code/Framework/AzToolsFramework/AzToolsFramework/ToolsComponents/EditorEntityIdContainer.cpp,0,1,1
/media/ullmann/HDDGabriel/engines/o3de/Code/Framework/AzToolsFramework/AzToolsFramework/ToolsComponents/EditorEntityIdContainer.h,1,0,1
/media/ullmann/HDDGabriel/engines/o3de/Code/Tools/TestImpactFramework/Runtime/Common/Code/Source/Platform/Windows/Process/TestImpactWin32_ProcessLauncher.cpp,0,1,1
/media/ullmann/HDDGabriel/engines/o3de/Gems/LandscapeCanvas/Code/Source/Editor/Nodes/Shapes/CapsuleShapeNode.cpp,0,1,1
/media/ullmann/HDDGabriel/engines/o3de/Gems/LyShine/Code/Source/Animation/TrackEventTrack.cpp,0,1,1
/media/ullmann/HDDGabriel/engines/o3de/Code/Framework/AzToolsFramework/AzToolsFramework/Entity/EditorEntityModelComponent.cpp,0,1,1
/media/ullmann/HDDGabriel/engines/o3de/Code/Framework/AzToolsFramework/AzToolsFramework/Entity/EditorEntityModelComponent.h,1,0,1
/media/ullmann/HDDGabriel/engines/o3de/Templates/CppToolGem/Template/Code/Source/Tools/${Name}EditorModule.cpp,0,1,1
/media/ullmann/HDDGabriel/engines/o3de/Gems/AudioSystem/Code/Source/Editor/QTreeWidgetFilter.cpp,0,1,1
/media/ullmann/HDDGabriel/engines/o3de/Code/Editor/Plugins/ComponentEntityEditorPlugin/UI/Outliner/OutlinerDisplayOptionsMenu.cpp,0,1,1
/media/ullmann/HDDGabriel/engines/o3de/Gems/Atom/Utils/Code/Include/Atom/Utils/ImGuiPassTree.h,0,1,1
/media/ullmann/HDDGabriel/engines/o3de/Gems/Atom/Utils/Code/Include/Atom/Utils/ImGuiPassTree.inl,1,0,1
/media/ullmann/HDDGabriel/engines/o3de/Code/Framework/AzToolsFramework/AzToolsFramework/UI/LegacyFramework/UIFrameworkPreferences.cpp,0,1,1
/media/ullmann/HDDGabriel/engines/o3de/Gems/Atom/RHI/Code/Tests/UtilsTests.cpp,0,1,1
/media/ullmann/HDDGabriel/engines/o3de/Gems/Atom/Asset/ImageProcessingAtom/Code/Source/Processing/PixelFormatInfo.h,1,0,1
/media/ullmann/HDDGabriel/engines/o3de/Gems/AWSGameLift/Code/AWSGameLiftClient/Source/AWSGameLiftClientModule.cpp,0,1,1
/media/ullmann/HDDGabriel/engines/o3de/Code/Legacy/CryCommon/ILevelSystem.h,0,1,1
/media/ullmann/HDDGabriel/engines/o3de/Code/Framework/AzQtComponents/AzQtComponents/Gallery/BrowseEditPage.cpp,0,1,1
/media/ullmann/HDDGabriel/engines/o3de/Code/Tools/AssetProcessor/native/tests/FileStateCache/FileStateCacheTests.cpp,0,1,1
/media/ullmann/HDDGabriel/engines/o3de/Code/Tools/AssetProcessor/native/tests/FileStateCache/FileStateCacheTests.h,1,0,1
/media/ullmann/HDDGabriel/engines/o3de/Gems/LyShine/Code/Editor/PreviewToolbar.cpp,0,1,1
/media/ullmann/HDDGabriel/engines/o3de/Gems/ScriptCanvas/Code/Include/ScriptCanvas/Libraries/Deprecated/Time/HeartBeat.cpp,0,1,1
/media/ullmann/HDDGabriel/engines/o3de/Gems/ScriptCanvas/Code/Include/ScriptCanvas/Libraries/Deprecated/Time/HeartBeat.h,1,0,1
/media/ullmann/HDDGabriel/engines/o3de/Gems/Atom/RHI/Null/Code/Source/Platform/Linux/Null_Traits_Platform.h,0,1,1
/media/ullmann/HDDGabriel/engines/o3de/Gems/Atom/RHI/Null/Code/Source/Platform/Linux/Null_Traits_Linux.h,1,0,1
/media/ullmann/HDDGabriel/engines/o3de/Gems/NvCloth/Code/Tests/ActorHelper.cpp,0,1,1
/media/ullmann/HDDGabriel/engines/o3de/Gems/NvCloth/Code/Tests/ActorHelper.h,1,0,1
/media/ullmann/HDDGabriel/engines/o3de/Gems/AtomLyIntegration/CommonFeatures/Code/Source/CoreLights/AreaLightComponent.h,1,0,1
/media/ullmann/HDDGabriel/engines/o3de/Gems/LyShine/Code/Editor/CommandCanvasPropertiesChange.h,1,0,1
/media/ullmann/HDDGabriel/engines/o3de/Gems/TickBusOrderViewer/Code/Source/TickBusOrderViewerModule.cpp,0,1,1
/media/ullmann/HDDGabriel/engines/o3de/Code/Editor/Util/ColumnGroupTreeView.cpp,0,1,1
/media/ullmann/HDDGabriel/engines/o3de/Code/Editor/Util/ColumnGroupTreeView.h,1,0,1
/media/ullmann/HDDGabriel/engines/o3de/Gems/LmbrCentral/Code/Source/Shape/EditorReferenceShapeComponent.cpp,0,1,1
/media/ullmann/HDDGabriel/engines/o3de/Code/Framework/AzCore/Tests/Math/Matrix3x4Tests.cpp,0,1,1
/media/ullmann/HDDGabriel/engines/o3de/Gems/LmbrCentral/Code/Source/Shape/CylinderShape.h,1,0,1
/media/ullmann/HDDGabriel/engines/o3de/Gems/EMotionFX/Code/EMotionFX/CommandSystem/Source/AnimGraphParameterCommands_Interface.inl,1,0,1
/media/ullmann/HDDGabriel/engines/o3de/Gems/ScriptCanvasDeveloper/Code/Editor/Source/EditorAutomationTests/EditorAutomationTests.h,1,0,1
/media/ullmann/HDDGabriel/engines/o3de/Code/Framework/AzToolsFramework/AzToolsFramework/Commands/PushToSliceCommand.cpp,0,1,1
/media/ullmann/HDDGabriel/engines/o3de/Code/Framework/AzToolsFramework/AzToolsFramework/Commands/PushToSliceCommand.h,1,0,1
/media/ullmann/HDDGabriel/engines/o3de/Gems/EMotionFX/Code/MCore/Source/Color.cpp,0,1,1
/media/ullmann/HDDGabriel/engines/o3de/Gems/Maestro/Code/Source/Cinematics/CommentTrack.cpp,0,1,1
/media/ullmann/HDDGabriel/engines/o3de/Gems/PythonAssetBuilder/Code/Tests/PythonBuilderCreateJobsTest.cpp,0,1,1
/media/ullmann/HDDGabriel/engines/o3de/Gems/Atom/Feature/Common/Code/Source/PostProcessing/FastDepthAwareBlurPasses.h,1,0,1
/media/ullmann/HDDGabriel/engines/o3de/Code/Framework/AzToolsFramework/AzToolsFramework/Manipulators/ScaleManipulators.cpp,0,1,1
/media/ullmann/HDDGabriel/engines/o3de/Code/Framework/AzToolsFramework/AzToolsFramework/Manipulators/ScaleManipulators.h,1,0,1
/media/ullmann/HDDGabriel/engines/o3de/Gems/Twitch/Code/Source/TwitchReflection.cpp,0,1,1
/media/ullmann/HDDGabriel/engines/o3de/Gems/Vegetation/Code/Source/Editor/EditorRotationModifierComponent.cpp,0,1,1
/media/ullmann/HDDGabriel/engines/o3de/Gems/WhiteBox/Code/Source/Components/WhiteBoxColliderComponent.cpp,0,1,1
/media/ullmann/HDDGabriel/engines/o3de/Gems/ScriptCanvas/Code/Include/ScriptCanvas/Core/SlotMetadata.h,1,0,1
/media/ullmann/HDDGabriel/engines/o3de/Code/Editor/Util/Variable.cpp,0,1,1
/media/ullmann/HDDGabriel/engines/o3de/Gems/AudioSystem/Code/Tests/Mocks/AudioSystemImplementationMock.h,1,0,1
/media/ullmann/HDDGabriel/engines/o3de/Gems/SliceFavorites/Code/Source/SliceFavoritesTreeView.h,1,0,1
/media/ullmann/HDDGabriel/engines/o3de/Gems/ScriptCanvas/Code/Editor/GraphCanvas/Components/NodeDescriptors/NodelingDescriptorComponent.cpp,0,1,1
/media/ullmann/HDDGabriel/engines/o3de/Gems/EMotionFX/Code/EMotionFX/Tools/EMotionStudio/EMStudioSDK/Source/PreferencesWindow.cpp,0,1,1
/media/ullmann/HDDGabriel/engines/o3de/Gems/EMotionFX/Code/EMotionFX/Tools/EMotionStudio/EMStudioSDK/Source/PreferencesWindow.h,1,0,1
/media/ullmann/HDDGabriel/engines/o3de/Gems/Vegetation/Code/Source/Debugger/AreaDebugComponent.h,1,0,1
/media/ullmann/HDDGabriel/engines/o3de/Gems/DiffuseProbeGrid/Code/Source/Platform/Mac/DiffuseProbeGrid_Traits_Platform.h,0,1,1
/media/ullmann/HDDGabriel/engines/o3de/Gems/DiffuseProbeGrid/Code/Source/Platform/Mac/DiffuseProbeGrid_Traits_Mac.h,1,0,1
/media/ullmann/HDDGabriel/engines/o3de/Code/Editor/Plugins/EditorAssetImporter/ImporterRootDisplay.cpp,0,1,1
/media/ullmann/HDDGabriel/engines/o3de/Gems/AudioEngineWwise/Code/Platform/Windows/FileIOHandler_wwise_Platform.h,0,1,1
/media/ullmann/HDDGabriel/engines/o3de/Code/Framework/AzToolsFramework/AzToolsFramework/UI/Slice/SliceOverridesNotificationWindowManager.hxx,0,1,1
/media/ullmann/HDDGabriel/engines/o3de/Code/Framework/AzToolsFramework/AzToolsFramework/UI/Slice/SliceOverridesNotificationWindow.hxx,1,0,1
/media/ullmann/HDDGabriel/engines/o3de/Gems/ExpressionEvaluation/Code/Source/ElementInformationSerializer.inl,1,0,1
/media/ullmann/HDDGabriel/engines/o3de/Code/Framework/AzCore/Tests/StreamerTests.cpp,0,1,1
/media/ullmann/HDDGabriel/engines/o3de/Code/Tools/LuaIDE/Source/AssetDatabaseLocationListener.cpp,0,1,1
/media/ullmann/HDDGabriel/engines/o3de/Code/Tools/LuaIDE/Source/AssetDatabaseLocationListener.h,1,0,1
/media/ullmann/HDDGabriel/engines/o3de/Code/Editor/ViewportManipulatorController.cpp,0,1,1
/media/ullmann/HDDGabriel/engines/o3de/Gems/ScriptCanvasTesting/Code/Source/ScriptCanvasTestingEditorModule.cpp,0,1,1
/media/ullmann/HDDGabriel/engines/o3de/Gems/LandscapeCanvas/Code/Source/Editor/Nodes/GradientModifiers/InvertGradientModifierNode.cpp,0,1,1
/media/ullmann/HDDGabriel/engines/o3de/Gems/Twitch/Code/Source/TwitchModule.cpp,0,1,1
/media/ullmann/HDDGabriel/engines/o3de/Code/Editor/Util/ColumnSortProxyModel.cpp,0,1,1
/media/ullmann/HDDGabriel/engines/o3de/Code/Editor/Util/ColumnSortProxyModel.h,1,0,1
/media/ullmann/HDDGabriel/engines/o3de/Gems/EMotionFX/Code/EMotionFX/Tools/EMotionStudio/Plugins/StandardPlugins/Source/AnimGraph/ParameterEditor/IntSpinnerParameterEditor.cpp,0,1,1
/media/ullmann/HDDGabriel/engines/o3de/Gems/Multiplayer/Code/Source/Editor/MultiplayerEditorConnection.h,1,0,1
/media/ullmann/HDDGabriel/engines/o3de/Code/Tools/AssetProcessor/native/tests/assetBuilderSDK/assetBuilderSDKTest.cpp,0,1,1
/media/ullmann/HDDGabriel/engines/o3de/Code/Editor/AssetImporter/AssetImporterManager/AssetImporterDragAndDropHandler.cpp,0,1,1
/media/ullmann/HDDGabriel/engines/o3de/Gems/ScriptCanvas/Code/Editor/GraphCanvas/DataInterfaces/ScriptCanvasQuaternionDataInterface.h,0,1,1
/media/ullmann/HDDGabriel/engines/o3de/Code/Framework/AzFramework/Platform/Android/AzFramework/Thermal/ThermalInfo_Android.cpp,0,1,1
/media/ullmann/HDDGabriel/engines/o3de/Code/Framework/AzFramework/Platform/Android/AzFramework/Thermal/ThermalInfo_Android.h,1,0,1
/media/ullmann/HDDGabriel/engines/o3de/Gems/Twitch/Code/Source/ITwitchREST.h,2,0,2
/media/ullmann/HDDGabriel/engines/o3de/Code/Tools/AssetProcessor/native/utilities/BuilderManager.cpp,0,1,1
/media/ullmann/HDDGabriel/engines/o3de/Code/Tools/AssetProcessor/native/utilities/BuilderManager.h,1,0,1
/media/ullmann/HDDGabriel/engines/o3de/Gems/ScriptCanvas/Code/Editor/View/Widgets/NodePalette/GeneralNodePaletteTreeItemTypes.cpp,0,1,1
/media/ullmann/HDDGabriel/engines/o3de/Gems/SurfaceData/Code/Source/Editor/EditorSurfaceTagListAsset.cpp,0,1,1
/media/ullmann/HDDGabriel/engines/o3de/Gems/Atom/Feature/Common/Code/Source/CoreLights/LightCullingPass.h,1,0,1
/media/ullmann/HDDGabriel/engines/o3de/Gems/ScriptCanvasTesting/Code/Source/ScriptCanvasTestingModule.cpp,0,1,1
/media/ullmann/HDDGabriel/engines/o3de/Gems/Gestures/Code/Include/Gestures/GestureRecognizerRotate.h,0,1,1
/media/ullmann/HDDGabriel/engines/o3de/Gems/GraphCanvas/Code/Source/Components/Slots/SlotConnectionFilterComponent.h,1,0,1
/media/ullmann/HDDGabriel/engines/o3de/Code/Framework/AzFramework/AzFramework/Viewport/CameraState.cpp,0,1,1
/media/ullmann/HDDGabriel/engines/o3de/Code/Framework/AzFramework/AzFramework/Viewport/CameraState.h,1,0,1
/media/ullmann/HDDGabriel/engines/o3de/Gems/LyShine/Code/Editor/Animation/UiAnimViewEventNode.cpp,0,2,2
/media/ullmann/HDDGabriel/engines/o3de/Code/Framework/AzToolsFramework/AzToolsFramework/Manipulators/SelectionManipulator.cpp,0,1,1
/media/ullmann/HDDGabriel/engines/o3de/Code/Framework/AzToolsFramework/AzToolsFramework/Manipulators/SelectionManipulator.h,1,0,1
/media/ullmann/HDDGabriel/engines/o3de/Code/Framework/AzToolsFramework/Tests/PropertyIntSpinCtrlTests.cpp,0,1,1
/media/ullmann/HDDGabriel/engines/o3de/Gems/AWSClientAuth/Code/Source/AWSClientAuthModule.cpp,0,2,2
/media/ullmann/HDDGabriel/engines/o3de/Gems/AWSClientAuth/Code/Source/AWSClientAuthModule.h,1,0,1
/media/ullmann/HDDGabriel/engines/o3de/Gems/GraphCanvas/Code/Source/Components/Nodes/General/GeneralNodeTitleComponent.h,1,0,1
/media/ullmann/HDDGabriel/engines/o3de/Code/Editor/Util/ImageUtil_impl.cpp,0,1,1
/media/ullmann/HDDGabriel/engines/o3de/Gems/LmbrCentral/Code/Source/Builders/CopyDependencyBuilder/EmfxWorkspaceBuilderWorker/EmfxWorkspaceBuilderWorker.cpp,0,1,1
/media/ullmann/HDDGabriel/engines/o3de/Gems/Atom/Feature/Common/Code/Source/Shadows/ProjectedShadowFeatureProcessor.h,1,0,1
/media/ullmann/HDDGabriel/engines/o3de/Code/Legacy/CryCommon/MacSpecific.h,0,1,1
/media/ullmann/HDDGabriel/engines/o3de/Gems/PhysX/Code/Editor/ColliderBoxMode.cpp,0,1,1
/media/ullmann/HDDGabriel/engines/o3de/Gems/PhysX/Code/Editor/ColliderCapsuleMode.cpp,0,1,1
/media/ullmann/HDDGabriel/engines/o3de/Code/Framework/AzCore/AzCore/Module/Internal/ModuleManagerSearchPathTool.cpp,0,1,1
/media/ullmann/HDDGabriel/engines/o3de/Code/Framework/AzCore/AzCore/Module/Internal/ModuleManagerSearchPathTool.h,1,0,1
/media/ullmann/HDDGabriel/engines/o3de/Gems/ScriptCanvasPhysics/Code/Source/World.cpp,0,1,1
/media/ullmann/HDDGabriel/engines/o3de/Gems/ScriptCanvasPhysics/Code/Source/World.h,1,0,1
/media/ullmann/HDDGabriel/engines/o3de/Gems/ScriptCanvas/Code/Include/ScriptCanvas/Libraries/Deprecated/UnitTesting/ExpectLessThanEqual.cpp,0,1,1
/media/ullmann/HDDGabriel/engines/o3de/Gems/ScriptCanvas/Code/Include/ScriptCanvas/Libraries/Deprecated/UnitTesting/ExpectLessThanEqual.h,1,0,1
/media/ullmann/HDDGabriel/engines/o3de/Gems/LandscapeCanvas/Code/Source/Editor/Nodes/Gradients/BaseGradientNode.cpp,0,1,1
/media/ullmann/HDDGabriel/engines/o3de/Gems/LandscapeCanvas/Code/Source/Editor/Nodes/Gradients/BaseGradientNode.h,1,0,1
/media/ullmann/HDDGabriel/engines/o3de/Gems/AtomLyIntegration/CommonFeatures/Code/Source/PostProcess/ExposureControl/ExposureControlComponent.h,1,0,1
/media/ullmann/HDDGabriel/engines/o3de/Gems/ImGui/Code/Source/ImGuiGem.cpp,0,1,1
/media/ullmann/HDDGabriel/engines/o3de/Code/Tools/CrashHandler/Platform/Android/CrashHandler_Traits_Platform.h,0,1,1
/media/ullmann/HDDGabriel/engines/o3de/Code/Tools/CrashHandler/Platform/Android/CrashHandler_Traits_Android.h,1,0,1
/media/ullmann/HDDGabriel/engines/o3de/Code/Tools/AssetProcessor/native/unittests/UtilitiesUnitTests.cpp,0,1,1
/media/ullmann/HDDGabriel/engines/o3de/Code/Framework/AzToolsFramework/AzToolsFramework/Slice/SliceDependencyBrowserComponent.cpp,0,1,1
/media/ullmann/HDDGabriel/engines/o3de/Code/Framework/AzToolsFramework/AzToolsFramework/UI/Logging/StyledTracePrintFLogPanel.cpp,0,1,1
/media/ullmann/HDDGabriel/engines/o3de/Gems/GraphCanvas/Code/StaticLib/GraphCanvas/Components/NodePropertyDisplay/StringDataInterface.h,0,1,1
/media/ullmann/HDDGabriel/engines/o3de/Gems/EditorPythonBindings/Code/Source/PythonLogSymbolsComponent.cpp,0,1,1
/media/ullmann/HDDGabriel/engines/o3de/Gems/ImGui/External/ImGui/v1.82/imgui/imconfig.h,1,0,1
/media/ullmann/HDDGabriel/engines/o3de/Gems/LyShine/Code/Editor/SlicerEdit.cpp,0,1,1
/media/ullmann/HDDGabriel/engines/o3de/Code/Tools/TestImpactFramework/Runtime/Common/Code/Include/Static/BuildTarget/Common/TestImpactBuildTarget.h,1,0,1
/media/ullmann/HDDGabriel/engines/o3de/Gems/GradientSignal/Code/Source/Editor/EditorPerlinGradientComponent.cpp,0,1,1
/media/ullmann/HDDGabriel/engines/o3de/Gems/SceneProcessing/Code/Source/Generation/Components/MeshOptimizer/MeshOptimizerComponent.h,1,0,1
/media/ullmann/HDDGabriel/engines/o3de/Code/Tools/AssetProcessor/native/ui/MainWindow.h,2,0,2
/media/ullmann/HDDGabriel/engines/o3de/Gems/LmbrCentral/Code/Platform/Windows/LmbrCentral_Traits_Platform.h,0,1,1
/media/ullmann/HDDGabriel/engines/o3de/Gems/LmbrCentral/Code/Platform/Windows/LmbrCentral_Traits_Windows.h,1,0,1
/media/ullmann/HDDGabriel/engines/o3de/Code/Framework/AzToolsFramework/AzToolsFramework/Manipulators/SplineHoverSelection.cpp,0,1,1
/media/ullmann/HDDGabriel/engines/o3de/Code/Framework/AzToolsFramework/AzToolsFramework/Manipulators/SplineHoverSelection.h,1,0,1
/media/ullmann/HDDGabriel/engines/o3de/Gems/Multiplayer/Code/Source/Debug/MultiplayerDebugHierarchyReporter.cpp,0,1,1
/media/ullmann/HDDGabriel/engines/o3de/Code/Editor/Objects/TrackGizmo.cpp,0,2,2
/media/ullmann/HDDGabriel/engines/o3de/Code/Framework/AzToolsFramework/AzToolsFramework/ViewportUi/ViewportUiWidgetCallbacks.cpp,0,1,1
/media/ullmann/HDDGabriel/engines/o3de/Code/Framework/AzToolsFramework/AzToolsFramework/ViewportUi/ViewportUiWidgetCallbacks.h,1,0,1
/media/ullmann/HDDGabriel/engines/o3de/Code/Framework/AzToolsFramework/AzToolsFramework/ViewportSelection/EditorInteractionSystemComponent.cpp,0,1,1
/media/ullmann/HDDGabriel/engines/o3de/Code/Framework/AzToolsFramework/AzToolsFramework/ViewportSelection/EditorInteractionSystemComponent.h,1,0,1
/media/ullmann/HDDGabriel/engines/o3de/Gems/LmbrCentral/Code/Source/Builders/LuaBuilder/LuaHelpers.h,1,0,1
/media/ullmann/HDDGabriel/engines/o3de/Gems/GraphCanvas/Code/Source/Components/Slots/Property/PropertySlotLayoutComponent.h,1,0,1
/media/ullmann/HDDGabriel/engines/o3de/Gems/LmbrCentral/Code/Source/Shape/SphereShape.h,1,0,1
/media/ullmann/HDDGabriel/engines/o3de/Gems/GraphCanvas/Code/Source/Components/NodePropertyDisplays/EntityIdNodePropertyDisplay.h,1,0,1
/media/ullmann/HDDGabriel/engines/o3de/Gems/AtomLyIntegration/AtomBridge/Code/Source/PerViewportDynamicDrawManager.h,2,0,2
/media/ullmann/HDDGabriel/engines/o3de/Gems/ScriptCanvas/Code/Editor/GraphCanvas/DataInterfaces/ScriptCanvasColorDataInterface.h,0,1,1
/media/ullmann/HDDGabriel/engines/o3de/Gems/EMotionFX/Code/Editor/Platform/iOS/EMotionFX_Traits_Platform.h,0,1,1
/media/ullmann/HDDGabriel/engines/o3de/Gems/EMotionFX/Code/Editor/Platform/iOS/EMotionFX_Traits_iOS.h,1,0,1
/media/ullmann/HDDGabriel/engines/o3de/Gems/Terrain/Code/Tests/TerrainBulkQueryTests.cpp,0,1,1
/media/ullmann/HDDGabriel/engines/o3de/Gems/Stars/Code/Source/StarsModule.cpp,0,1,1
/media/ullmann/HDDGabriel/engines/o3de/Gems/ScriptCanvas/Code/Include/ScriptCanvas/Core/Contracts/IsReferenceTypeContract.cpp,0,1,1
/media/ullmann/HDDGabriel/engines/o3de/Gems/EMotionFX/Code/MCore/Source/Command.cpp,0,1,1
/media/ullmann/HDDGabriel/engines/o3de/Gems/ScriptCanvas/Code/Include/ScriptCanvas/Libraries/Logic/LogicLibrary.h,1,0,1
/media/ullmann/HDDGabriel/engines/o3de/Gems/LyShine/Code/Source/Sprite.cpp,0,1,1
/media/ullmann/HDDGabriel/engines/o3de/Code/Tools/AssetProcessor/native/tests/assetBuilderSDK/JobProductTests.cpp,0,1,1
/media/ullmann/HDDGabriel/engines/o3de/Code/Editor/EditorViewportCamera.cpp,0,1,1
/media/ullmann/HDDGabriel/engines/o3de/Gems/EMotionFX/Code/EMotionFX/Source/AnimGraphVector2Condition.h,1,0,1
/media/ullmann/HDDGabriel/engines/o3de/Gems/GraphCanvas/Code/Source/Components/NodePropertyDisplays/ComboBoxNodePropertyDisplay.h,1,0,1
/media/ullmann/HDDGabriel/engines/o3de/Code/Framework/AzCore/Tests/AZStd/ListsIntrusive.cpp,0,1,1
/media/ullmann/HDDGabriel/engines/o3de/Code/Framework/AzCore/Tests/AZStd/Iterators.cpp,0,1,1
/media/ullmann/HDDGabriel/engines/o3de/Gems/LyShine/Code/Editor/SlicerManipulator.h,1,0,1
/media/ullmann/HDDGabriel/engines/o3de/Gems/LmbrCentral/Code/Tests/EditorSphereShapeComponentTests.cpp,0,1,1
/media/ullmann/HDDGabriel/engines/o3de/Gems/LyShine/Code/Editor/MainToolbar.cpp,0,1,1
/media/ullmann/HDDGabriel/engines/o3de/Gems/AtomLyIntegration/CommonFeatures/Code/Source/PostProcess/ChromaticAberration/ChromaticAberrationComponent.h,1,0,1
/media/ullmann/HDDGabriel/engines/o3de/Code/Tools/LuaIDE/Source/LUA/BreakpointPanel.cpp,0,1,1
/media/ullmann/HDDGabriel/engines/o3de/Gems/ScriptCanvas/Code/Include/ScriptCanvas/Libraries/Math/AABB.cpp,0,1,1
/media/ullmann/HDDGabriel/engines/o3de/Gems/ScriptCanvas/Code/Include/ScriptCanvas/Libraries/Math/AABB.h,1,0,1
/media/ullmann/HDDGabriel/engines/o3de/Gems/LmbrCentral/Code/Source/Unhandled/Other/AudioAssetTypeInfo.cpp,0,1,1
/media/ullmann/HDDGabriel/engines/o3de/Code/Framework/AzCore/Tests/AZStd/LockFreeStacks.cpp,0,1,1
/media/ullmann/HDDGabriel/engines/o3de/Gems/EMotionFX/Code/EMotionFX/Source/Parameter/ColorParameter.cpp,0,1,1
/media/ullmann/HDDGabriel/engines/o3de/Code/Framework/AzCore/AzCore/std/hash.h,0,2,2
/media/ullmann/HDDGabriel/engines/o3de/Code/Framework/AzCore/AzCore/std/typetraits/has_member_function.h,1,0,1
/media/ullmann/HDDGabriel/engines/o3de/Gems/SceneLoggingExample/Code/Processors/LoadingTrackingProcessor.h,1,0,1
/media/ullmann/HDDGabriel/engines/o3de/Code/Framework/AzFramework/AzFramework/Viewport/ViewportBus.cpp,0,1,1
/media/ullmann/HDDGabriel/engines/o3de/Code/Framework/AzFramework/AzFramework/Viewport/ViewportBus.h,1,0,1
/media/ullmann/HDDGabriel/engines/o3de/Gems/EMotionFX/Code/EMotionFX/Source/BlendTreeVector3Math1Node.cpp,0,1,1
/media/ullmann/HDDGabriel/engines/o3de/Gems/AtomLyIntegration/AtomBridge/Code/Source/PerViewportDynamicDrawManager.cpp,0,1,1
/media/ullmann/HDDGabriel/engines/o3de/Code/Tools/AssetProcessor/native/ui/ProductAssetDetailsPanel.h,1,0,1
/media/ullmann/HDDGabriel/engines/o3de/Code/Framework/AzToolsFramework/AzToolsFramework/UI/DocumentPropertyEditor/DocumentPropertyEditor.cpp,0,1,1
/media/ullmann/HDDGabriel/engines/o3de/Code/Framework/AzToolsFramework/AzToolsFramework/UI/DocumentPropertyEditor/DocumentPropertyEditor.h,1,0,1
/media/ullmann/HDDGabriel/engines/o3de/Code/Framework/AzFramework/AzFramework/Logging/LogFile.cpp,0,1,1
/media/ullmann/HDDGabriel/engines/o3de/Code/Legacy/CryCommon/Range.h,1,0,1
/media/ullmann/HDDGabriel/engines/o3de/Gems/DebugDraw/Code/Source/EditorDebugDrawLineComponent.cpp,0,1,1
/media/ullmann/HDDGabriel/engines/o3de/Gems/LyShine/Code/Editor/PreviewAnimationList.h,1,0,1
/media/ullmann/HDDGabriel/engines/o3de/Gems/NvCloth/Code/Source/Editor/EditorSystemComponent.h,1,0,1
/media/ullmann/HDDGabriel/engines/o3de/Gems/ExpressionEvaluation/Code/Source/ExpressionEngine/InternalTypes.h,1,0,1
/media/ullmann/HDDGabriel/engines/o3de/Gems/DiffuseProbeGrid/Code/Source/Components/DiffuseProbeGridComponent.h,1,0,1
/media/ullmann/HDDGabriel/engines/o3de/Gems/Multiplayer/Code/Source/Debug/MultiplayerDebugAuditTrail.cpp,0,1,1
/media/ullmann/HDDGabriel/engines/o3de/Gems/PhysX/Code/Source/EditorJointOptimizer.h,2,0,2
/media/ullmann/HDDGabriel/engines/o3de/Gems/LyShine/Code/Source/Tests/internal/test_TextMarkup.cpp,1,0,1
/media/ullmann/HDDGabriel/engines/o3de/Gems/AtomLyIntegration/CommonFeatures/Code/Source/SkyAtmosphere/EditorSkyAtmosphereComponent.h,1,0,1
/media/ullmann/HDDGabriel/engines/o3de/Gems/LyShine/Code/Editor/SlicerView.cpp,0,1,1
/media/ullmann/HDDGabriel/engines/o3de/Gems/Atom/Feature/Common/Code/Source/PostProcessing/EyeAdaptationPass.h,1,0,1
/media/ullmann/HDDGabriel/engines/o3de/Gems/AWSMetrics/Code/Source/ClientConfiguration.cpp,0,1,1
/media/ullmann/HDDGabriel/engines/o3de/Code/Tools/AssetProcessor/native/ui/AssetTreeItem.cpp,0,1,1
/media/ullmann/HDDGabriel/engines/o3de/Code/Framework/AzFramework/Tests/Platform/Common/Xcb/MockXcbInterface.cpp,0,1,1
/media/ullmann/HDDGabriel/engines/o3de/Code/Framework/AzCore/AzCore/Statistics/StatisticalProfilerProxy.h,1,0,1
/media/ullmann/HDDGabriel/engines/o3de/Gems/ScriptEvents/Code/Tests/ScriptEventTestUtilities.cpp,0,1,1
/media/ullmann/HDDGabriel/engines/o3de/Gems/Twitch/Code/Source/Platform/Windows/Twitch_Traits_Platform.h,0,1,1
/media/ullmann/HDDGabriel/engines/o3de/Gems/Twitch/Code/Source/Platform/Windows/Twitch_Traits_Windows.h,1,0,1
/media/ullmann/HDDGabriel/engines/o3de/Gems/SaveData/Code/Source/Platform/Android/SaveData_Traits_Platform.h,0,1,1
/media/ullmann/HDDGabriel/engines/o3de/Gems/SaveData/Code/Source/Platform/Android/SaveData_Traits_Android.h,1,0,1
/media/ullmann/HDDGabriel/engines/o3de/Code/Tools/AssetProcessor/native/utilities/ApplicationServer.h,1,0,1
/media/ullmann/HDDGabriel/engines/o3de/Code/Framework/AzCore/Tests/AZStd/ChronoTests.cpp,0,1,1
/media/ullmann/HDDGabriel/engines/o3de/Gems/Atom/Tools/ShaderManagementConsole/Code/Source/Window/ShaderManagementConsoleTableView.h,1,0,1
/media/ullmann/HDDGabriel/engines/o3de/Code/Editor/Controls/ReflectedPropertyControl/PropertyMotionCtrl.cpp,0,1,1
/media/ullmann/HDDGabriel/engines/o3de/Code/Editor/Objects/ClassDesc.cpp,0,1,1
/media/ullmann/HDDGabriel/engines/o3de/Gems/LmbrCentral/Code/Source/Ai/EditorNavigationUtil.cpp,0,1,1
/media/ullmann/HDDGabriel/engines/o3de/Gems/Atom/Tools/MaterialEditor/Code/Source/main.cpp,0,1,1
/media/ullmann/HDDGabriel/engines/o3de/Code/Tools/AssetProcessor/native/unittests/PlatformConfigurationUnitTests.cpp,0,1,1
/media/ullmann/HDDGabriel/engines/o3de/Gems/LandscapeCanvas/Code/Source/Editor/Nodes/Gradients/PerlinNoiseGradientNode.cpp,0,1,1
/media/ullmann/HDDGabriel/engines/o3de/Gems/PhysX/Code/Source/EditorJointOptimizer.cpp,0,1,1
/media/ullmann/HDDGabriel/engines/o3de/Gems/ScriptEvents/Code/Include/ScriptEvents/Internal/VersionedProperty.cpp,0,1,1
/media/ullmann/HDDGabriel/engines/o3de/Gems/ScriptEvents/Code/Include/ScriptEvents/Internal/VersionedProperty.h,1,0,1
/media/ullmann/HDDGabriel/engines/o3de/Gems/LyShine/Code/Editor/ViewportHelpers.h,1,0,1
/media/ullmann/HDDGabriel/engines/o3de/Gems/GraphCanvas/Code/Source/Components/Nodes/NodeLayerControllerComponent.h,1,0,1
/media/ullmann/HDDGabriel/engines/o3de/Gems/ScriptCanvas/Code/Include/ScriptCanvas/Libraries/Operators/Math/OperatorArithmetic.cpp,0,1,1
/media/ullmann/HDDGabriel/engines/o3de/Gems/LmbrCentral/Code/Tests/ShapeThreadsafeTest.cpp,0,1,1
/media/ullmann/HDDGabriel/engines/o3de/Gems/AudioSystem/Code/Source/Engine/ATLEntities.cpp,0,1,1
/media/ullmann/HDDGabriel/engines/o3de/Code/Tools/AssetProcessor/native/AssetManager/PathDependencyManager.cpp,0,1,1
/media/ullmann/HDDGabriel/engines/o3de/Code/Tools/AssetProcessor/native/AssetManager/PathDependencyManager.h,2,0,2
/media/ullmann/HDDGabriel/engines/o3de/Code/Tools/TestImpactFramework/Frontend/Console/Native/Code/Source/TestImpactNativeRuntimeConfigurationFactory.cpp,0,1,1
/media/ullmann/HDDGabriel/engines/o3de/Gems/AWSClientAuth/Code/Source/Authorization/AWSCognitoAuthorizationNotificationBusBehaviorHandler.h,1,0,1
/media/ullmann/HDDGabriel/engines/o3de/Gems/Vegetation/Code/Source/Debugger/EditorDebugComponent.cpp,0,1,1
/media/ullmann/HDDGabriel/engines/o3de/Gems/LyShine/Code/Editor/CommandHierarchyItemRename.cpp,0,1,1
/media/ullmann/HDDGabriel/engines/o3de/Code/Framework/AzCore/Tests/AZStd/Atomics.cpp,0,1,1
/media/ullmann/HDDGabriel/engines/o3de/Gems/WhiteBox/Code/Source/Viewport/WhiteBoxModifierUtil.cpp,0,1,1
/media/ullmann/HDDGabriel/engines/o3de/Gems/WhiteBox/Code/Source/Viewport/WhiteBoxModifierUtil.h,1,0,1
/media/ullmann/HDDGabriel/engines/o3de/Gems/BarrierInput/Code/Source/BarrierInputKeyboard.h,2,0,2
/media/ullmann/HDDGabriel/engines/o3de/Gems/NvCloth/Code/Tests/UnitTestHelper.h,1,0,1
/media/ullmann/HDDGabriel/engines/o3de/Gems/Blast/Code/Source/Components/BlastSystemComponent.h,1,0,1
/media/ullmann/HDDGabriel/engines/o3de/Gems/Atom/Asset/Shader/Code/Source/Editor/ShaderBuildArgumentsManager.cpp,0,1,1
/media/ullmann/HDDGabriel/engines/o3de/Code/Tools/AssetProcessor/native/utilities/MissingDependencyScanner.h,1,0,1
/media/ullmann/HDDGabriel/engines/o3de/Gems/BarrierInput/Code/Source/BarrierInputKeyboard.cpp,0,1,1
/media/ullmann/HDDGabriel/engines/o3de/Gems/Vegetation/Code/Source/Editor/EditorDescriptorWeightSelectorComponent.cpp,0,1,1
/media/ullmann/HDDGabriel/engines/o3de/Code/Tools/LuaIDE/Source/LUA/LUABreakpointTrackerMessages.cpp,0,1,1
/media/ullmann/HDDGabriel/engines/o3de/Gems/EMotionFX/Code/EMotionFX/Exporters/ExporterLib/Exporter/SkeletalMotionExport.cpp,0,1,1
/media/ullmann/HDDGabriel/engines/o3de/Gems/TestAssetBuilder/Code/Source/Builder/TestAssetBuilderComponent.h,1,0,1
/media/ullmann/HDDGabriel/engines/o3de/Gems/LmbrCentral/Code/Source/Events/ReflectScriptableEvents.h,1,0,1
/media/ullmann/HDDGabriel/engines/o3de/Templates/DefaultGem/Template/Code/Source/Tools/${Name}EditorModule.cpp,0,1,1
/media/ullmann/HDDGabriel/engines/o3de/Gems/Atom/RHI/Code/Tests/DrawPacketTests.cpp,0,1,1
/media/ullmann/HDDGabriel/engines/o3de/Gems/EMotionFX/Code/EMotionFX/Tools/EMotionStudio/Plugins/StandardPlugins/Source/AnimGraph/ParameterEditor/ColorParameterEditor.cpp,0,1,1
/media/ullmann/HDDGabriel/engines/o3de/Code/Editor/Util/Util.h,1,0,1
/media/ullmann/HDDGabriel/engines/o3de/Gems/Atom/Feature/Common/Code/Source/Material/Transform2DFunctor.cpp,0,1,1
/media/ullmann/HDDGabriel/engines/o3de/Code/Framework/AzGameFramework/AzGameFramework/Application/GameApplication.cpp,0,1,1
/media/ullmann/HDDGabriel/engines/o3de/Code/Framework/AzGameFramework/AzGameFramework/Application/GameApplication.h,1,0,1
/media/ullmann/HDDGabriel/engines/o3de/Gems/PhysX/Code/Source/Platform/Windows/PhysX_Traits_Platform.h,0,1,1
/media/ullmann/HDDGabriel/engines/o3de/Gems/PhysX/Code/Source/Platform/Windows/PhysX_Traits_Windows.h,1,0,1
/media/ullmann/HDDGabriel/engines/o3de/Gems/Atom/RHI/Null/Code/Source/Platform/iOS/Null_Traits_Platform.h,0,1,1
/media/ullmann/HDDGabriel/engines/o3de/Gems/Atom/RHI/Null/Code/Source/Platform/iOS/Null_Traits_iOS.h,1,0,1
/media/ullmann/HDDGabriel/engines/o3de/Code/Framework/AzCore/Platform/Common/UnixLike/AzCore/Math/Random_UnixLike.cpp,0,1,1
/media/ullmann/HDDGabriel/engines/o3de/Code/Framework/AzCore/Platform/Common/UnixLike/AzCore/Math/Random_UnixLike.h,1,0,1
/media/ullmann/HDDGabriel/engines/o3de/Code/Framework/AzCore/Tests/AZStd/Allocators.cpp,0,1,1
/media/ullmann/HDDGabriel/engines/o3de/Code/Framework/AzCore/AzCore/std/typetraits/is_abstract.h,1,0,1
/media/ullmann/HDDGabriel/engines/o3de/Code/Tools/TestImpactFramework/Frontend/Console/Python/Code/Source/TestImpactPythonRuntimeConfigurationFactory.cpp,0,1,1
/media/ullmann/HDDGabriel/engines/o3de/Code/Tools/AssetProcessor/native/utilities/JobDiagnosticTracker.cpp,0,1,1
/media/ullmann/HDDGabriel/engines/o3de/Code/Tools/AssetProcessor/native/utilities/JobDiagnosticTracker.h,1,0,1
/media/ullmann/HDDGabriel/engines/o3de/Code/Editor/TrackView/TrackViewTimeline.cpp,0,1,1
/media/ullmann/HDDGabriel/engines/o3de/Code/Tools/TestImpactFramework/Runtime/Native/Code/Source/Target/Native/TestImpactNativeProductionTarget.h,1,0,1
/media/ullmann/HDDGabriel/engines/o3de/Gems/ScriptCanvas/Code/Include/ScriptCanvas/Core/NodeableNode.cpp,0,1,1
/media/ullmann/HDDGabriel/engines/o3de/Gems/ScriptCanvas/Code/Include/ScriptCanvas/Core/NodeableNode.h,1,0,1
/media/ullmann/HDDGabriel/engines/o3de/Code/Editor/Util/PathUtil.cpp,0,1,1
/media/ullmann/HDDGabriel/engines/o3de/Templates/CppToolGem/Template/Code/Source/${Name}ModuleInterface.h,0,1,1
/media/ullmann/HDDGabriel/engines/o3de/Gems/AtomLyIntegration/CommonFeatures/Code/Source/PostProcess/ShapeWeightModifier/ShapeWeightModifierComponent.h,1,0,1
/media/ullmann/HDDGabriel/engines/o3de/Gems/LyShine/Code/Source/Particle/UiParticle.cpp,0,1,1
/media/ullmann/HDDGabriel/engines/o3de/Code/Tools/TestImpactFramework/Runtime/Common/Code/Include/Static/Artifact/TestImpactArtifactException.h,1,0,1
/media/ullmann/HDDGabriel/engines/o3de/Code/Tools/AssetProcessor/native/resourcecompiler/RCBuilder.cpp,0,1,1
/media/ullmann/HDDGabriel/engines/o3de/Code/Editor/Controls/ReflectedPropertyControl/PropertyMiscCtrl.cpp,0,1,1
/media/ullmann/HDDGabriel/engines/o3de/Gems/AtomLyIntegration/CommonFeatures/Code/Source/CoreLights/DirectionalLightComponent.h,1,0,1
/media/ullmann/HDDGabriel/engines/o3de/Code/Tools/TestImpactFramework/Runtime/Python/Code/Source/Artifact/Factory/TestImpactPythonTestTargetMetaMapFactory.h,1,0,1
/media/ullmann/HDDGabriel/engines/o3de/Gems/Atom/Feature/Common/Code/Source/RayTracing/RayTracingFeatureProcessor.h,1,0,1
/media/ullmann/HDDGabriel/engines/o3de/Code/Framework/AzToolsFramework/AzToolsFramework/ToolsComponents/EditorAssetMimeDataContainer.cpp,0,1,1
/media/ullmann/HDDGabriel/engines/o3de/Code/Framework/AzToolsFramework/AzToolsFramework/ToolsComponents/EditorAssetMimeDataContainer.h,1,0,1
/media/ullmann/HDDGabriel/engines/o3de/Gems/Atom/Feature/Common/Code/Source/PostProcessing/NewDepthOfFieldPasses.h,1,0,1
/media/ullmann/HDDGabriel/engines/o3de/Gems/ScriptEvents/Code/Source/ScriptEventsSystemComponent.cpp,0,1,1
/media/ullmann/HDDGabriel/engines/o3de/Gems/ScriptEvents/Code/Include/ScriptEvents/Internal/BehaviorContextBinding/BehaviorContextFactoryMethods.h,0,1,1
/media/ullmann/HDDGabriel/engines/o3de/Gems/Terrain/Code/Tests/TerrainWorldDebuggerComponentTests.cpp,0,1,1
/media/ullmann/HDDGabriel/engines/o3de/Gems/Prefab/PrefabBuilder/PrefabGroup/IPrefabGroup.h,1,0,1
/media/ullmann/HDDGabriel/engines/o3de/Code/Editor/Plugins/EditorAssetImporter/Main.cpp,0,1,1
/media/ullmann/HDDGabriel/engines/o3de/Code/Framework/AzFramework/Tests/Platform/iOS/AzFrameworkTests_Traits_Platform.h,0,1,1
/media/ullmann/HDDGabriel/engines/o3de/Code/Framework/AzFramework/Tests/Platform/iOS/AzFrameworkTests_Traits_iOS.h,1,0,1
/media/ullmann/HDDGabriel/engines/o3de/Code/Tools/TestImpactFramework/Runtime/Common/Code/Source/Platform/Windows/Process/TestImpactWin32_Process.cpp,0,1,1
/media/ullmann/HDDGabriel/engines/o3de/Code/Editor/Util/AutoDirectoryRestoreFileDialog.cpp,0,1,1
/media/ullmann/HDDGabriel/engines/o3de/Gems/Atom/Feature/Common/Code/Source/SkyAtmosphere/SkyAtmosphereParentPass.h,1,0,1
/media/ullmann/HDDGabriel/engines/o3de/Gems/PhysX/Code/Source/SystemComponent.cpp,0,1,1
/media/ullmann/HDDGabriel/engines/o3de/Code/Editor/Controls/ConsoleSCB.cpp,0,1,1
/media/ullmann/HDDGabriel/engines/o3de/Code/Tools/ProjectManager/Source/Settings.cpp,0,1,1
/media/ullmann/HDDGabriel/engines/o3de/Gems/ScriptCanvas/Code/Include/ScriptCanvas/Grammar/SymbolNames.h,1,0,1
/media/ullmann/HDDGabriel/engines/o3de/Code/Editor/Util/FileUtil_Common.cpp,0,1,1
/media/ullmann/HDDGabriel/engines/o3de/Gems/Terrain/Code/Source/TerrainRenderer/TerrainMacroMaterialBus.cpp,0,1,1
/media/ullmann/HDDGabriel/engines/o3de/Gems/Terrain/Code/Source/TerrainRenderer/TerrainMacroMaterialBus.h,1,0,1
/media/ullmann/HDDGabriel/engines/o3de/Gems/StartingPointInput/Code/Source/InputEventMap.cpp,0,1,1
/media/ullmann/HDDGabriel/engines/o3de/Gems/Atom/Feature/Common/Code/Source/ReflectionScreenSpace/ReflectionScreenSpaceTracePass.cpp,0,1,1
/media/ullmann/HDDGabriel/engines/o3de/Code/Legacy/CryCommon/Maestro/Bus/EditorSequenceComponentBus.h,0,1,1
/media/ullmann/HDDGabriel/engines/o3de/Code/Legacy/CryCommon/Maestro/Bus/SequenceComponentBus.h,1,0,1
/media/ullmann/HDDGabriel/engines/o3de/Code/Framework/AzToolsFramework/AzToolsFramework/ComponentModes/BoxComponentMode.cpp,0,1,1
/media/ullmann/HDDGabriel/engines/o3de/Code/Framework/AzToolsFramework/AzToolsFramework/ComponentModes/BoxComponentMode.h,1,0,1
/media/ullmann/HDDGabriel/engines/o3de/Gems/Prefab/PrefabBuilder/PrefabBuilderComponent.cpp,0,1,1
/media/ullmann/HDDGabriel/engines/o3de/Gems/LmbrCentral/Code/Source/Shape/TubeShapeComponent.cpp,0,1,1
/media/ullmann/HDDGabriel/engines/o3de/Code/Framework/AzQtComponents/AzQtComponents/Gallery/FilteredSearchWidgetPage.cpp,0,1,1
/media/ullmann/HDDGabriel/engines/o3de/Templates/DefaultProject/Template/Gem/Source/${Name}Module.cpp,0,1,1
/media/ullmann/HDDGabriel/engines/o3de/Gems/Maestro/Code/Source/Components/SequenceComponent.cpp,0,1,1
/media/ullmann/HDDGabriel/engines/o3de/Gems/EMotionFX/Code/EMotionFX/CommandSystem/Source/SelectionCommands.cpp,0,1,1
/media/ullmann/HDDGabriel/engines/o3de/Gems/LyShine/Code/Source/Tests/internal/test_UiTextComponent.cpp,1,0,1
/media/ullmann/HDDGabriel/engines/o3de/Code/Editor/Lib/Tests/test_EditorPythonBindings.cpp,0,1,1
/media/ullmann/HDDGabriel/engines/o3de/Code/Editor/Lib/Tests/IEditorMock.h,1,0,1
/media/ullmann/HDDGabriel/engines/o3de/Gems/Achievements/Code/Source/AchievementsSystemComponent.cpp,0,1,1
/media/ullmann/HDDGabriel/engines/o3de/Gems/GradientSignal/Code/Source/Editor/EditorReferenceGradientComponent.cpp,0,1,1
/media/ullmann/HDDGabriel/engines/o3de/Gems/AtomLyIntegration/AtomBridge/Code/Source/AtomDebugDisplayViewportInterface.cpp,0,1,1
/media/ullmann/HDDGabriel/engines/o3de/Gems/Terrain/Code/Tests/TerrainSurfaceGradientListTests.cpp,0,1,1
/media/ullmann/HDDGabriel/engines/o3de/Code/Tools/AssetProcessor/native/AssetManager/AssetCatalog.cpp,0,1,1
/media/ullmann/HDDGabriel/engines/o3de/Code/Editor/TrackView/TrackViewCurveEditor.cpp,0,1,1
/media/ullmann/HDDGabriel/engines/o3de/Code/Framework/AzToolsFramework/AzToolsFramework/UI/Outliner/EntityOutlinerSearchWidget.cpp,0,1,1
/media/ullmann/HDDGabriel/engines/o3de/Code/Framework/AzToolsFramework/AzToolsFramework/UI/Outliner/EntityOutlinerSearchWidget.h,1,0,1
/media/ullmann/HDDGabriel/engines/o3de/Gems/StartingPointCamera/Code/Source/CameraLookAtBehaviors/OffsetPosition.cpp,0,1,1
/media/ullmann/HDDGabriel/engines/o3de/Gems/AudioEngineWwise/Code/Source/Engine/AudioInput/AudioInputStream.h,1,0,1
/media/ullmann/HDDGabriel/engines/o3de/Code/Editor/Plugins/ProjectSettingsTool/Validators.cpp,0,1,1
