edge,includes,includedby,sum
/media/ullmann/HDDGabriel/research/engines/olcPixelGameEngine/Videos/OneLoneCoder_PGE_RayCastDDA.cpp,1,0,1
/media/ullmann/HDDGabriel/research/engines/olcPixelGameEngine/olcPixelGameEngine.h,0,29,29
/media/ullmann/HDDGabriel/research/engines/olcPixelGameEngine/Videos/Networking/Parts1&2/net_message.h,1,3,4
/media/ullmann/HDDGabriel/research/engines/olcPixelGameEngine/Videos/Networking/Parts1&2/net_common.h,0,6,6
/media/ullmann/HDDGabriel/research/engines/olcPixelGameEngine/Videos/CarCrimeCity/Part2/Lua533/include/lua.h,1,3,4
/media/ullmann/HDDGabriel/research/engines/olcPixelGameEngine/Videos/CarCrimeCity/Part2/Lua533/include/luaconf.h,0,1,1
/media/ullmann/HDDGabriel/research/engines/olcPixelGameEngine/Videos/Networking/Parts1&2/net_connection.h,3,2,5
/media/ullmann/HDDGabriel/research/engines/olcPixelGameEngine/Videos/Networking/Parts1&2/net_tsqueue.h,1,3,4
/media/ullmann/HDDGabriel/research/engines/olcPixelGameEngine/Videos/CarCrimeCity/Part2/cCell_Building.cpp,1,0,1
/media/ullmann/HDDGabriel/research/engines/olcPixelGameEngine/Videos/CarCrimeCity/Part2/cCell_Building.h,2,2,4
/media/ullmann/HDDGabriel/research/engines/olcPixelGameEngine/Videos/OneLoneCoder_PGE_SoundTest.cpp,2,0,2
/media/ullmann/HDDGabriel/research/engines/olcPixelGameEngine/Videos/CarCrimeCity/Part2/Lua533/include/lua.hpp,3,0,3
/media/ullmann/HDDGabriel/research/engines/olcPixelGameEngine/Videos/CarCrimeCity/Part2/Lua533/include/lauxlib.h,1,1,2
/media/ullmann/HDDGabriel/research/engines/olcPixelGameEngine/Videos/OneLoneCoder_PGE_ProcGen_Universe.cpp,1,0,1
/media/ullmann/HDDGabriel/research/engines/olcPixelGameEngine/Videos/CarCrimeCity/Part2/cCell_Plane.h,3,2,5
/media/ullmann/HDDGabriel/research/engines/olcPixelGameEngine/Videos/CarCrimeCity/Part2/cCell.h,3,6,9
/media/ullmann/HDDGabriel/research/engines/olcPixelGameEngine/Videos/CarCrimeCity/Part2/cGameSettings.cpp,1,0,1
/media/ullmann/HDDGabriel/research/engines/olcPixelGameEngine/Videos/CarCrimeCity/Part2/cGameSettings.h,0,3,3
/media/ullmann/HDDGabriel/research/engines/olcPixelGameEngine/Videos/CarCrimeCity/Part2/olcPGEX_Graphics3D.h,0,6,6
/media/ullmann/HDDGabriel/research/engines/olcPixelGameEngine/Videos/CarCrimeCity/Part2/cCityMap.h,7,5,12
/media/ullmann/HDDGabriel/research/engines/olcPixelGameEngine/Videos/OneLoneCoder_PGE_Rectangles.cpp,1,0,1
/media/ullmann/HDDGabriel/research/engines/olcPixelGameEngine/Videos/Networking/Parts1&2/net_server.h,4,1,5
/media/ullmann/HDDGabriel/research/engines/olcPixelGameEngine/Videos/CarCrimeCity/Part2/cCarCrimeCity.h,4,2,6
/media/ullmann/HDDGabriel/research/engines/olcPixelGameEngine/Videos/CarCrimeCity/Part2/main.cpp,2,0,2
/media/ullmann/HDDGabriel/research/engines/olcPixelGameEngine/Extensions/olcPGEX_TransformedView.h,1,0,1
/media/ullmann/HDDGabriel/research/engines/olcPixelGameEngine/Videos/Networking/Parts1&2/olc_net.h,6,2,8
/media/ullmann/HDDGabriel/research/engines/olcPixelGameEngine/Videos/OneLoneCoder_PGE_Mandelbrot.cpp,1,0,1
/media/ullmann/HDDGabriel/research/engines/olcPixelGameEngine/Videos/SavingSedit/OneLoneCoder_PGE_SavingSedit.cpp,5,0,5
/media/ullmann/HDDGabriel/research/engines/olcPixelGameEngine/Videos/SavingSedit/olcPixelGameEngine.h,0,2,2
/media/ullmann/HDDGabriel/research/engines/olcPixelGameEngine/Videos/CarCrimeCity/Part2/cCell_Water.h,1,2,3
/media/ullmann/HDDGabriel/research/engines/olcPixelGameEngine/Videos/CarCrimeCity/Part1/OneLoneCoder_CarCrimeCity1.cpp,2,0,2
/media/ullmann/HDDGabriel/research/engines/olcPixelGameEngine/Videos/CarCrimeCity/Part1/olcPGEX_Graphics3D.h,0,1,1
/media/ullmann/HDDGabriel/research/engines/olcPixelGameEngine/Videos/CarCrimeCity/Part2/cAutomata.h,1,2,3
/media/ullmann/HDDGabriel/research/engines/olcPixelGameEngine/Videos/CarCrimeCity/Part2/olcPixelGameEngine.h,0,7,7
/media/ullmann/HDDGabriel/research/engines/olcPixelGameEngine/Videos/CarCrimeCity/Part2/cCell_Road.cpp,2,0,2
/media/ullmann/HDDGabriel/research/engines/olcPixelGameEngine/Videos/CarCrimeCity/Part2/cCell.cpp,3,0,3
/media/ullmann/HDDGabriel/research/engines/olcPixelGameEngine/Videos/CarCrimeCity/Part2/Lua533/include/lualib.h,1,1,2
/media/ullmann/HDDGabriel/research/engines/olcPixelGameEngine/Videos/CarCrimeCity/Part2/cCell_Water.cpp,2,0,2
/media/ullmann/HDDGabriel/research/engines/olcPixelGameEngine/Videos/OneLoneCoder_PGE_ExtensionTestGFX2D.cpp,2,0,2
/media/ullmann/HDDGabriel/research/engines/olcPixelGameEngine/Videos/olcPGEX_Graphics2D.h,0,1,1
/media/ullmann/HDDGabriel/research/engines/olcPixelGameEngine/Videos/CarCrimeCity/Part1/olcPixelGameEngine.h,0,1,1
/media/ullmann/HDDGabriel/research/engines/olcPixelGameEngine/Videos/CarCrimeCity/Part2/cCell_Road.h,1,2,3
/media/ullmann/HDDGabriel/research/engines/olcPixelGameEngine/Videos/CarCrimeCity/Part2/cCityMap.cpp,1,0,1
/media/ullmann/HDDGabriel/research/engines/olcPixelGameEngine/Videos/SavingSedit/olcPGEX_Sound.h,0,1,1
/media/ullmann/HDDGabriel/research/engines/olcPixelGameEngine/Videos/Networking/Parts1&2/net_client.h,1,1,2
/media/ullmann/HDDGabriel/research/engines/olcPixelGameEngine/Videos/OneLoneCoder_PGE_MIDI.cpp,1,0,1
/media/ullmann/HDDGabriel/research/engines/olcPixelGameEngine/Videos/OneLoneCoder_PGE_PolygonCollisions1.cpp,1,0,1
/media/ullmann/HDDGabriel/research/engines/olcPixelGameEngine/Videos/OneLoneCoder_PGE_FiveDice.cpp,1,0,1
/media/ullmann/HDDGabriel/research/engines/olcPixelGameEngine/Videos/OneLoneCoder_PGE_RetroMenu.cpp,1,0,1
/media/ullmann/HDDGabriel/research/engines/olcPixelGameEngine/Videos/OneLoneCoder_PGE_RayCastWorld_Simple.cpp,1,0,1
/media/ullmann/HDDGabriel/research/engines/olcPixelGameEngine/olcExampleProgram.cpp,1,0,1
/media/ullmann/HDDGabriel/research/engines/olcPixelGameEngine/Videos/OneLoneCoder_PGE_PathFinding_WaveProp.cpp,1,0,1
/media/ullmann/HDDGabriel/research/engines/olcPixelGameEngine/Videos/SavingSedit/olcPGEX_Graphics2D.h,0,1,1
/media/ullmann/HDDGabriel/research/engines/olcPixelGameEngine/Videos/OneLoneCoder_PGE_Polymorphism.cpp,1,0,1
/media/ullmann/HDDGabriel/research/engines/olcPixelGameEngine/Videos/OneLoneCoder_PGE_SlidingBlockPuzzle.cpp,1,0,1
/media/ullmann/HDDGabriel/research/engines/olcPixelGameEngine/Videos/OneLoneCoder_PGE_8BitsImProc.cpp,1,0,1
/media/ullmann/HDDGabriel/research/engines/olcPixelGameEngine/Videos/OneLoneCoder_PGE_Balls2.cpp,1,0,1
/media/ullmann/HDDGabriel/research/engines/olcPixelGameEngine/Videos/OneLoneCoder_PGE_IsometricTiles.cpp,1,0,1
/media/ullmann/HDDGabriel/research/engines/olcPixelGameEngine/Videos/OneLoneCoder_PGE_Dithering.cpp,1,0,1
/media/ullmann/HDDGabriel/research/engines/olcPixelGameEngine/Videos/OneLoneCoder_PGE_CircleVsRect.cpp,1,0,1
/media/ullmann/HDDGabriel/research/engines/olcPixelGameEngine/Videos/SavingSedit/Zix_PGE_Controller.h,0,1,1
/media/ullmann/HDDGabriel/research/engines/olcPixelGameEngine/Videos/Networking/Parts3&4/MMO_Server.cpp,1,0,1
/media/ullmann/HDDGabriel/research/engines/olcPixelGameEngine/Videos/Networking/Parts3&4/MMO_Common.h,2,1,3
/media/ullmann/HDDGabriel/research/engines/olcPixelGameEngine/Videos/CarCrimeCity/Part2/cCarCrimeCity.cpp,1,0,1
/media/ullmann/HDDGabriel/research/engines/olcPixelGameEngine/Videos/OneLoneCoder_PGE_RobotArm1.cpp,1,0,1
/media/ullmann/HDDGabriel/research/engines/olcPixelGameEngine/Videos/Networking/Parts1&2/SimpleClient.cpp,1,0,1
/media/ullmann/HDDGabriel/research/engines/olcPixelGameEngine/Videos/CarCrimeCity/Part2/olcPixelGameEngine.cpp,2,0,2
/media/ullmann/HDDGabriel/research/engines/olcPixelGameEngine/Videos/Networking/Parts1&2/SimpleServer.cpp,1,0,1
/media/ullmann/HDDGabriel/research/engines/olcPixelGameEngine/Videos/SavingSedit/olcPGEX_TileMaps_new.h,1,1,2
/media/ullmann/HDDGabriel/research/engines/olcPixelGameEngine/Videos/OneLoneCoder_PGE_RobotCar1.cpp,1,0,1
/media/ullmann/HDDGabriel/research/engines/olcPixelGameEngine/Videos/Networking/Parts3&4/olcPGEX_TransformedView.h,1,1,2
/media/ullmann/HDDGabriel/research/engines/olcPixelGameEngine/Videos/OneLoneCoder_PGE_QuadTree1.cpp,1,0,1
/media/ullmann/HDDGabriel/research/engines/olcPixelGameEngine/Videos/olcPGEX_Sound.h,0,1,1
/media/ullmann/HDDGabriel/research/engines/olcPixelGameEngine/Videos/Networking/Parts3&4/MMO_Client.cpp,1,0,1
/media/ullmann/HDDGabriel/research/engines/olcPixelGameEngine/Videos/OneLoneCoder_PGE_SpriteTransforms.cpp,1,0,1
/media/ullmann/HDDGabriel/research/engines/olcPixelGameEngine/Videos/OneLoneCoder_PGE_ShootEmUp.cpp,1,0,1
/media/ullmann/HDDGabriel/research/engines/olcPixelGameEngine/Videos/OneLoneCoder_PGE_DungeonWarping.cpp,1,0,1
/media/ullmann/HDDGabriel/research/engines/olcPixelGameEngine/Videos/CarCrimeCity/Part2/cCell_Plane.cpp,1,0,1
/media/ullmann/HDDGabriel/research/engines/olcPixelGameEngine/Videos/Networking/Parts3&4/olcPGEX_Network.h,0,1,1
/media/ullmann/HDDGabriel/research/engines/olcPixelGameEngine/Videos/CarCrimeCity/Part2/cAutomata.cpp,1,0,1
