edge,includes,includedby,sum
/media/ullmann/HDDGabriel/research/engines/panda3d/panda/src/pgraph/cullPlanes.cxx,5,1,6
/media/ullmann/HDDGabriel/research/engines/panda3d/panda/src/pgraph/cullTraverserData.h,7,15,22
/media/ullmann/HDDGabriel/research/engines/panda3d/panda/src/pgraph/sceneSetup.h,4,7,11
/media/ullmann/HDDGabriel/research/engines/panda3d/panda/src/pgraph/transformState.h,3,22,25
/media/ullmann/HDDGabriel/research/engines/panda3d/panda/src/tinydisplay/tinyTextureContext.cxx,2,1,3
/media/ullmann/HDDGabriel/research/engines/panda3d/panda/src/tinydisplay/zgl.h,3,13,16
/media/ullmann/HDDGabriel/research/engines/panda3d/panda/src/putil/cPointerCallbackObject.h,2,2,4
/media/ullmann/HDDGabriel/research/engines/panda3d/panda/src/putil/callbackObject.h,1,4,5
/media/ullmann/HDDGabriel/research/engines/panda3d/pandatool/src/eggbase/p3eggbase_composite1.cxx,11,0,11
/media/ullmann/HDDGabriel/research/engines/panda3d/pandatool/src/eggbase/eggFilter.cxx,1,1,2
/media/ullmann/HDDGabriel/research/engines/panda3d/panda/src/ode/config_ode.cxx,34,1,35
/media/ullmann/HDDGabriel/research/engines/panda3d/panda/src/ode/odeContact.h,4,3,7
/media/ullmann/HDDGabriel/research/engines/panda3d/pandatool/src/vrmlprogs/vrmlTrans.cxx,1,0,1
/media/ullmann/HDDGabriel/research/engines/panda3d/pandatool/src/vrmlprogs/vrmlTrans.h,0,1,1
/media/ullmann/HDDGabriel/research/engines/panda3d/panda/src/pgraph/p3pgraph_composite2.cxx,25,0,25
/media/ullmann/HDDGabriel/research/engines/panda3d/panda/src/pgraph/depthOffsetAttrib.cxx,1,1,2
/media/ullmann/HDDGabriel/research/engines/panda3d/dtool/src/prc/configVariableInt64.h,2,1,3
/media/ullmann/HDDGabriel/research/engines/panda3d/dtool/src/prc/configVariableInt64.I,0,1,1
/media/ullmann/HDDGabriel/research/engines/panda3d/panda/src/display/config_display.cxx,20,1,21
/media/ullmann/HDDGabriel/research/engines/panda3d/panda/src/display/graphicsOutput.h,7,8,15
/media/ullmann/HDDGabriel/research/engines/panda3d/direct/src/dcparser/dcFile.h,3,3,6
/media/ullmann/HDDGabriel/research/engines/panda3d/direct/src/dcparser/dcbase.h,0,26,26
/media/ullmann/HDDGabriel/research/engines/panda3d/panda/src/pgraph/fogAttrib.h,3,7,10
/media/ullmann/HDDGabriel/research/engines/panda3d/panda/src/pgraph/fog.h,2,3,5
/media/ullmann/HDDGabriel/research/engines/panda3d/panda/src/ode/odeUtil.cxx,1,1,2
/media/ullmann/HDDGabriel/research/engines/panda3d/panda/src/ode/odeUtil.h,3,2,5
/media/ullmann/HDDGabriel/research/engines/panda3d/panda/src/parametrics/nurbsCurveEvaluator.h,4,2,6
/media/ullmann/HDDGabriel/research/engines/panda3d/panda/src/parametrics/nurbsVertex.h,1,5,6
/media/ullmann/HDDGabriel/research/engines/panda3d/panda/src/pipeline/lightReMutexHolder.cxx,1,1,2
/media/ullmann/HDDGabriel/research/engines/panda3d/panda/src/pipeline/lightReMutexHolder.h,2,1,3
/media/ullmann/HDDGabriel/research/engines/panda3d/panda/src/gsgbase/graphicsOutputBase.cxx,1,1,2
/media/ullmann/HDDGabriel/research/engines/panda3d/panda/src/gsgbase/graphicsOutputBase.h,1,2,3
/media/ullmann/HDDGabriel/research/engines/panda3d/direct/src/dcparser/dcClass.h,4,7,11
/media/ullmann/HDDGabriel/research/engines/panda3d/direct/src/dcparser/dcField.h,4,8,12
/media/ullmann/HDDGabriel/research/engines/panda3d/panda/src/device/inputDevice.h,2,11,13
/media/ullmann/HDDGabriel/research/engines/panda3d/panda/src/device/inputDevice.I,0,1,1
/media/ullmann/HDDGabriel/research/engines/panda3d/direct/src/dcparser/p3dcparser_composite2.cxx,11,0,11
/media/ullmann/HDDGabriel/research/engines/panda3d/direct/src/dcparser/dcParameter.cxx,5,1,6
/media/ullmann/HDDGabriel/research/engines/panda3d/panda/src/dxgsg9/wdxGraphicsWindow9.h,3,3,6
/media/ullmann/HDDGabriel/research/engines/panda3d/panda/src/dxgsg9/wdxGraphicsPipe9.h,2,6,8
/media/ullmann/HDDGabriel/research/engines/panda3d/panda/src/putil/cachedTypedWritableReferenceCount.cxx,1,1,2
/media/ullmann/HDDGabriel/research/engines/panda3d/panda/src/putil/cachedTypedWritableReferenceCount.h,2,4,6
/media/ullmann/HDDGabriel/research/engines/panda3d/panda/src/pnmtext/p3pnmtext_composite1.cxx,5,0,5
/media/ullmann/HDDGabriel/research/engines/panda3d/panda/src/pnmtext/freetypeFace.cxx,2,1,3
/media/ullmann/HDDGabriel/research/engines/panda3d/panda/src/tinydisplay/store_pixel.cxx,3,1,4
/media/ullmann/HDDGabriel/research/engines/panda3d/panda/src/tinydisplay/zbuffer.h,2,12,14
/media/ullmann/HDDGabriel/research/engines/panda3d/panda/src/gobj/geomVertexFormat.h,6,5,11
/media/ullmann/HDDGabriel/research/engines/panda3d/panda/src/gobj/internalName.h,1,15,16
/media/ullmann/HDDGabriel/research/engines/panda3d/panda/src/pipeline/pipeline.h,6,4,10
/media/ullmann/HDDGabriel/research/engines/panda3d/panda/src/pipeline/reMutex.h,3,5,8
/media/ullmann/HDDGabriel/research/engines/panda3d/panda/src/movies/opusAudioCursor.cxx,3,1,4
/media/ullmann/HDDGabriel/research/engines/panda3d/panda/src/movies/config_movies.h,0,10,10
/media/ullmann/HDDGabriel/research/engines/panda3d/panda/src/particlesystem/p3particlesystem_composite1.cxx,16,0,16
/media/ullmann/HDDGabriel/research/engines/panda3d/panda/src/particlesystem/pointParticleFactory.cxx,2,1,3
/media/ullmann/HDDGabriel/research/engines/panda3d/panda/src/gobj/perspectiveLens.cxx,1,1,2
/media/ullmann/HDDGabriel/research/engines/panda3d/panda/src/gobj/perspectiveLens.h,2,2,4
/media/ullmann/HDDGabriel/research/engines/panda3d/panda/src/ode/odeSpace.h,4,9,13
/media/ullmann/HDDGabriel/research/engines/panda3d/panda/src/ode/odeJointGroup.h,2,4,6
/media/ullmann/HDDGabriel/research/engines/panda3d/panda/src/egg/eggPrimitive.h,11,16,27
/media/ullmann/HDDGabriel/research/engines/panda3d/panda/src/egg/eggNode.h,2,14,16
/media/ullmann/HDDGabriel/research/engines/panda3d/dtool/src/cppparser/cppParser.h,2,5,7
/media/ullmann/HDDGabriel/research/engines/panda3d/dtool/src/cppparser/cppPreprocessor.h,4,9,13
/media/ullmann/HDDGabriel/research/engines/panda3d/panda/src/bullet/bulletConvexPointCloudShape.h,3,2,5
/media/ullmann/HDDGabriel/research/engines/panda3d/panda/src/bullet/bulletConvexPointCloudShape.I,0,1,1
/media/ullmann/HDDGabriel/research/engines/panda3d/pandatool/src/flt/fltHeader.h,8,20,28
/media/ullmann/HDDGabriel/research/engines/panda3d/pandatool/src/flt/fltEyepoint.h,0,2,2
/media/ullmann/HDDGabriel/research/engines/panda3d/panda/src/putil/bamWriter.cxx,6,1,7
/media/ullmann/HDDGabriel/research/engines/panda3d/panda/src/putil/bam.h,0,4,4
/media/ullmann/HDDGabriel/research/engines/panda3d/panda/src/device/buttonNode.h,3,2,5
/media/ullmann/HDDGabriel/research/engines/panda3d/panda/src/device/clientBase.h,2,7,9
/media/ullmann/HDDGabriel/research/engines/panda3d/pandatool/src/flt/fltGroup.h,1,3,4
/media/ullmann/HDDGabriel/research/engines/panda3d/pandatool/src/flt/fltBeadID.h,1,8,9
/media/ullmann/HDDGabriel/research/engines/panda3d/panda/src/gobj/p3gobj_composite1.cxx,41,0,41
/media/ullmann/HDDGabriel/research/engines/panda3d/panda/src/gobj/adaptiveLru.cxx,2,1,3
/media/ullmann/HDDGabriel/research/engines/panda3d/panda/src/pgraph/nodePath.h,13,37,50
/media/ullmann/HDDGabriel/research/engines/panda3d/panda/src/pgraph/nodePath.I,0,1,1
/media/ullmann/HDDGabriel/research/engines/panda3d/panda/src/tinydisplay/ztriangle_3.cxx,3,0,3
/media/ullmann/HDDGabriel/research/engines/panda3d/panda/src/tinydisplay/ztriangle_code_3.h,1,1,2
/media/ullmann/HDDGabriel/research/engines/panda3d/panda/src/gobj/geomPrimitive.h,4,17,21
/media/ullmann/HDDGabriel/research/engines/panda3d/panda/src/gobj/geomVertexData.h,10,14,24
/media/ullmann/HDDGabriel/research/engines/panda3d/panda/src/express/nodePointerToBase.h,4,2,6
/media/ullmann/HDDGabriel/research/engines/panda3d/panda/src/express/memoryUsage.h,3,4,7
/media/ullmann/HDDGabriel/research/engines/panda3d/panda/src/linmath/p3linmath_composite1.cxx,10,0,10
/media/ullmann/HDDGabriel/research/engines/panda3d/panda/src/linmath/lvecBase2.cxx,5,1,6
/media/ullmann/HDDGabriel/research/engines/panda3d/panda/src/movies/movieVideo.cxx,4,1,5
/media/ullmann/HDDGabriel/research/engines/panda3d/panda/src/movies/movieTypeRegistry.h,3,4,7
/media/ullmann/HDDGabriel/research/engines/panda3d/pandatool/src/progbase/p3progbase_composite1.cxx,4,0,4
/media/ullmann/HDDGabriel/research/engines/panda3d/pandatool/src/progbase/wordWrapStream.cxx,1,1,2
/media/ullmann/HDDGabriel/research/engines/panda3d/panda/src/pnmimage/pnmPainter.h,2,1,3
/media/ullmann/HDDGabriel/research/engines/panda3d/panda/src/pnmimage/pnmBrush.h,1,4,5
/media/ullmann/HDDGabriel/research/engines/panda3d/pandatool/src/eggbase/eggToSomething.cxx,1,1,2
/media/ullmann/HDDGabriel/research/engines/panda3d/pandatool/src/eggbase/eggToSomething.h,1,1,2
/media/ullmann/HDDGabriel/research/engines/panda3d/panda/src/pstatclient/pStatClient.cxx,8,1,9
/media/ullmann/HDDGabriel/research/engines/panda3d/panda/src/pstatclient/config_pstatclient.h,0,8,8
/media/ullmann/HDDGabriel/research/engines/panda3d/pandatool/src/bam/ptsToBam.cxx,1,0,1
/media/ullmann/HDDGabriel/research/engines/panda3d/pandatool/src/bam/ptsToBam.h,0,1,1
/media/ullmann/HDDGabriel/research/engines/panda3d/panda/src/pipeline/reMutexDirect.cxx,2,1,3
/media/ullmann/HDDGabriel/research/engines/panda3d/panda/src/pipeline/thread.h,4,32,36
/media/ullmann/HDDGabriel/research/engines/panda3d/panda/src/bullet/p3bullet_composite.cxx,49,0,49
/media/ullmann/HDDGabriel/research/engines/panda3d/panda/src/bullet/bulletConvexHullShape.cxx,2,1,3
/media/ullmann/HDDGabriel/research/engines/panda3d/direct/src/dcparser/dcClass.cxx,6,1,7
/media/ullmann/HDDGabriel/research/engines/panda3d/direct/src/dcparser/dcindent.h,1,8,9
/media/ullmann/HDDGabriel/research/engines/panda3d/panda/src/putil/copyOnWritePointer.cxx,2,1,3
/media/ullmann/HDDGabriel/research/engines/panda3d/panda/src/putil/config_putil.h,1,22,23
/media/ullmann/HDDGabriel/research/engines/panda3d/panda/src/pgraphnodes/fadeLodNode.cxx,2,1,3
/media/ullmann/HDDGabriel/research/engines/panda3d/panda/src/pgraphnodes/fadeLodNodeData.h,0,3,3
/media/ullmann/HDDGabriel/research/engines/panda3d/dtool/src/interrogate/parameterRemapReferenceToPointer.cxx,2,1,3
/media/ullmann/HDDGabriel/research/engines/panda3d/dtool/src/interrogate/typeManager.h,0,18,18
/media/ullmann/HDDGabriel/research/engines/panda3d/panda/src/movies/p3movies_composite1.cxx,20,0,20
/media/ullmann/HDDGabriel/research/engines/panda3d/panda/src/movies/microphoneAudio.cxx,2,1,3
/media/ullmann/HDDGabriel/research/engines/panda3d/panda/src/egg/pt_EggTexture.cxx,1,1,2
/media/ullmann/HDDGabriel/research/engines/panda3d/panda/src/egg/pt_EggTexture.h,1,7,8
/media/ullmann/HDDGabriel/research/engines/panda3d/dtool/src/prc/configVariableBase.cxx,2,1,3
/media/ullmann/HDDGabriel/research/engines/panda3d/dtool/src/prc/configVariableBase.h,5,4,9
/media/ullmann/HDDGabriel/research/engines/panda3d/panda/src/net/connectionManager.cxx,6,1,7
/media/ullmann/HDDGabriel/research/engines/panda3d/panda/src/net/connectionManager.h,2,6,8
/media/ullmann/HDDGabriel/research/engines/panda3d/pandatool/src/palettizer/txaFile.cxx,5,1,6
/media/ullmann/HDDGabriel/research/engines/panda3d/pandatool/src/palettizer/paletteGroup.h,2,12,14
/media/ullmann/HDDGabriel/research/engines/panda3d/panda/src/pgraph/logicOpAttrib.cxx,1,1,2
/media/ullmann/HDDGabriel/research/engines/panda3d/panda/src/pgraph/logicOpAttrib.h,2,3,5
/media/ullmann/HDDGabriel/research/engines/panda3d/panda/src/display/graphicsDevice.h,1,3,4
/media/ullmann/HDDGabriel/research/engines/panda3d/panda/src/ode/odeSpace_ext.h,3,1,4
/media/ullmann/HDDGabriel/research/engines/panda3d/panda/src/ode/config_ode.h,0,41,41
/media/ullmann/HDDGabriel/research/engines/panda3d/pandatool/src/xfile/xFile.cxx,7,1,8
/media/ullmann/HDDGabriel/research/engines/panda3d/pandatool/src/xfile/config_xfile.h,0,4,4
/media/ullmann/HDDGabriel/research/engines/panda3d/panda/src/tform/mouseWatcher.h,3,2,5
/media/ullmann/HDDGabriel/research/engines/panda3d/panda/src/tform/mouseWatcher.I,0,1,1
/media/ullmann/HDDGabriel/research/engines/panda3d/panda/src/pgraph/depthBiasAttrib.cxx,1,1,2
/media/ullmann/HDDGabriel/research/engines/panda3d/panda/src/pgraph/depthBiasAttrib.h,2,3,5
/media/ullmann/HDDGabriel/research/engines/panda3d/contrib/src/ai/p3ai_composite1.cxx,17,0,17
/media/ullmann/HDDGabriel/research/engines/panda3d/contrib/src/ai/aiBehaviors.cxx,11,1,12
/media/ullmann/HDDGabriel/research/engines/panda3d/dtool/src/dtoolutil/textEncoder.h,2,6,8
/media/ullmann/HDDGabriel/research/engines/panda3d/dtool/src/dtoolutil/unicodeLatinMap.h,0,3,3
/media/ullmann/HDDGabriel/research/engines/panda3d/pandatool/src/vrml/parse_vrml.h,1,1,2
/media/ullmann/HDDGabriel/research/engines/panda3d/pandatool/src/vrml/vrmlNode.h,1,4,5
/media/ullmann/HDDGabriel/research/engines/panda3d/panda/src/pnmimagetypes/config_pnmimagetypes.cxx,14,1,15
/media/ullmann/HDDGabriel/research/engines/panda3d/panda/src/pnmimagetypes/pnmFileTypePNG.h,0,2,2
/media/ullmann/HDDGabriel/research/engines/panda3d/panda/src/display/graphicsWindow.h,8,12,20
/media/ullmann/HDDGabriel/research/engines/panda3d/panda/src/display/windowHandle.h,1,5,6
/media/ullmann/HDDGabriel/research/engines/panda3d/panda/src/pgraph/cullableObject.h,8,10,18
/media/ullmann/HDDGabriel/research/engines/panda3d/panda/src/pgraph/geomNode.h,3,15,18
/media/ullmann/HDDGabriel/research/engines/panda3d/panda/src/egg/eggXfmAnimData.h,3,3,6
/media/ullmann/HDDGabriel/research/engines/panda3d/panda/src/egg/eggAnimData.h,2,4,6
/media/ullmann/HDDGabriel/research/engines/panda3d/pandatool/src/lwo/lwoClip.cxx,3,1,4
/media/ullmann/HDDGabriel/research/engines/panda3d/pandatool/src/lwo/iffInputFile.h,3,8,11
/media/ullmann/HDDGabriel/research/engines/panda3d/panda/src/express/namable.h,1,2,3
/media/ullmann/HDDGabriel/research/engines/panda3d/panda/src/express/namable.I,0,1,1
/media/ullmann/HDDGabriel/research/engines/panda3d/panda/src/physics/linearSourceForce.h,1,2,3
/media/ullmann/HDDGabriel/research/engines/panda3d/panda/src/physics/linearDistanceForce.h,2,3,5
/media/ullmann/HDDGabriel/research/engines/panda3d/panda/src/dxgsg9/wdxGraphicsPipe9.cxx,5,1,6
/media/ullmann/HDDGabriel/research/engines/panda3d/panda/src/dxgsg9/config_dxgsg9.h,1,10,11
/media/ullmann/HDDGabriel/research/engines/panda3d/panda/src/particlesystem/orientedParticleFactory.h,2,2,4
/media/ullmann/HDDGabriel/research/engines/panda3d/panda/src/particlesystem/orientedParticleFactory.I,0,1,1
/media/ullmann/HDDGabriel/research/engines/panda3d/panda/src/physics/p3physics_composite2.cxx,14,0,14
/media/ullmann/HDDGabriel/research/engines/panda3d/panda/src/physics/physicsCollisionHandler.cxx,3,1,4
/media/ullmann/HDDGabriel/research/engines/panda3d/panda/src/ode/p3ode_composite2.cxx,12,0,12
/media/ullmann/HDDGabriel/research/engines/panda3d/panda/src/ode/odeHinge2Joint.cxx,2,1,3
/media/ullmann/HDDGabriel/research/engines/panda3d/panda/src/gobj/p3gobj_composite2.cxx,36,0,36
/media/ullmann/HDDGabriel/research/engines/panda3d/panda/src/gobj/samplerState.cxx,3,1,4
/media/ullmann/HDDGabriel/research/engines/panda3d/pandatool/src/xfile/xFileNode.cxx,6,1,7
/media/ullmann/HDDGabriel/research/engines/panda3d/pandatool/src/xfile/xFileNode.h,1,7,8
/media/ullmann/HDDGabriel/research/engines/panda3d/panda/src/skel/p3skel_composite1.cxx,3,0,3
/media/ullmann/HDDGabriel/research/engines/panda3d/panda/src/skel/config_skel.cxx,3,1,4
/media/ullmann/HDDGabriel/research/engines/panda3d/pandatool/src/flt/fltMesh.cxx,6,1,7
/media/ullmann/HDDGabriel/research/engines/panda3d/pandatool/src/flt/fltMesh.h,3,3,6
/media/ullmann/HDDGabriel/research/engines/panda3d/panda/src/express/encrypt_string.cxx,4,1,5
/media/ullmann/HDDGabriel/research/engines/panda3d/panda/src/express/virtualFileSystem.h,7,15,22
/media/ullmann/HDDGabriel/research/engines/panda3d/direct/src/interval/config_interval.cxx,15,1,16
/media/ullmann/HDDGabriel/research/engines/panda3d/direct/src/interval/config_interval.h,0,9,9
/media/ullmann/HDDGabriel/research/engines/panda3d/panda/src/display/p3display_composite2.cxx,16,0,16
/media/ullmann/HDDGabriel/research/engines/panda3d/panda/src/display/standardMunger.cxx,3,1,4
/media/ullmann/HDDGabriel/research/engines/panda3d/panda/src/mathutil/p3mathutil_composite1.cxx,13,0,13
/media/ullmann/HDDGabriel/research/engines/panda3d/panda/src/mathutil/geometricBoundingVolume.cxx,1,1,2
/media/ullmann/HDDGabriel/research/engines/panda3d/pandatool/src/flt/fltRecord.cxx,19,1,20
/media/ullmann/HDDGabriel/research/engines/panda3d/pandatool/src/flt/fltInstanceDefinition.h,1,6,7
/media/ullmann/HDDGabriel/research/engines/panda3d/panda/src/parametrics/parametricCurve.cxx,4,1,5
/media/ullmann/HDDGabriel/research/engines/panda3d/panda/src/parametrics/parametricCurve.h,0,7,7
/media/ullmann/HDDGabriel/research/engines/panda3d/pandatool/src/lwo/lwoLayer.cxx,2,1,3
/media/ullmann/HDDGabriel/research/engines/panda3d/pandatool/src/lwo/lwoLayer.h,1,3,4
/media/ullmann/HDDGabriel/research/engines/panda3d/dtool/src/prc/encryptStreamBuf.cxx,6,1,7
/media/ullmann/HDDGabriel/research/engines/panda3d/dtool/src/prc/configVariableInt.h,2,2,4
/media/ullmann/HDDGabriel/research/engines/panda3d/panda/src/physics/forces.h,9,2,11
/media/ullmann/HDDGabriel/research/engines/panda3d/panda/src/physics/linearUserDefinedForce.h,2,2,4
/media/ullmann/HDDGabriel/research/engines/panda3d/pandatool/src/palettizer/pal_string_utils.h,0,4,4
/media/ullmann/HDDGabriel/research/engines/panda3d/panda/src/gobj/samplerContext.h,5,4,9
/media/ullmann/HDDGabriel/research/engines/panda3d/panda/src/gobj/simpleLru.h,1,4,5
/media/ullmann/HDDGabriel/research/engines/panda3d/panda/src/egg/eggXfmAnimData.cxx,5,1,6
/media/ullmann/HDDGabriel/research/engines/panda3d/panda/src/egg/config_egg.h,0,11,11
/media/ullmann/HDDGabriel/research/engines/panda3d/panda/src/net/queuedConnectionManager.cxx,1,1,2
/media/ullmann/HDDGabriel/research/engines/panda3d/panda/src/net/queuedConnectionManager.h,2,8,10
/media/ullmann/HDDGabriel/research/engines/panda3d/panda/src/ode/odeSphereGeom.h,3,4,7
/media/ullmann/HDDGabriel/research/engines/panda3d/panda/src/ode/odeSphereGeom.I,0,1,1
/media/ullmann/HDDGabriel/research/engines/panda3d/pandatool/src/pstatserver/pStatReader.h,2,4,6
/media/ullmann/HDDGabriel/research/engines/panda3d/pandatool/src/pstatserver/pStatClientData.h,1,11,12
/media/ullmann/HDDGabriel/research/engines/panda3d/pandatool/src/lwo/lwoSurfaceBlockWrap.cxx,2,1,3
/media/ullmann/HDDGabriel/research/engines/panda3d/pandatool/src/lwo/lwoSurfaceBlockWrap.h,1,3,4
/media/ullmann/HDDGabriel/research/engines/panda3d/panda/src/pgraphnodes/computeNode.h,2,2,4
/media/ullmann/HDDGabriel/research/engines/panda3d/panda/src/pgraphnodes/callbackNode.h,1,4,5
/media/ullmann/HDDGabriel/research/engines/panda3d/panda/src/egg/p3egg_composite1.cxx,30,0,30
/media/ullmann/HDDGabriel/research/engines/panda3d/panda/src/egg/config_egg.cxx,44,1,45
/media/ullmann/HDDGabriel/research/engines/panda3d/panda/src/bullet/bulletPersistentManifold.h,2,2,4
/media/ullmann/HDDGabriel/research/engines/panda3d/panda/src/bullet/bullet_includes.h,0,49,49
/media/ullmann/HDDGabriel/research/engines/panda3d/panda/src/express/virtualFileList.cxx,1,1,2
/media/ullmann/HDDGabriel/research/engines/panda3d/panda/src/express/virtualFileList.h,3,4,7
/media/ullmann/HDDGabriel/research/engines/panda3d/panda/src/display/windowProperties.h,2,4,6
/media/ullmann/HDDGabriel/research/engines/panda3d/panda/src/display/windowProperties.I,0,1,1
/media/ullmann/HDDGabriel/research/engines/panda3d/panda/src/collide/p3collide_composite1.cxx,15,0,15
/media/ullmann/HDDGabriel/research/engines/panda3d/panda/src/collide/collisionCapsule.cxx,10,1,11
/media/ullmann/HDDGabriel/research/engines/panda3d/panda/src/pgraph/fogAttrib.I,0,1,1
/media/ullmann/HDDGabriel/research/engines/panda3d/panda/src/egg/eggNode_ext.h,2,1,3
/media/ullmann/HDDGabriel/research/engines/panda3d/panda/src/net/p3net_composite2.cxx,8,0,8
/media/ullmann/HDDGabriel/research/engines/panda3d/panda/src/net/netAddress.cxx,2,1,3
/media/ullmann/HDDGabriel/research/engines/panda3d/pandatool/src/progbase/withOutputFile.cxx,1,1,2
/media/ullmann/HDDGabriel/research/engines/panda3d/pandatool/src/progbase/withOutputFile.h,2,1,3
/media/ullmann/HDDGabriel/research/engines/panda3d/panda/src/pgraphnodes/config_pgraphnodes.cxx,20,1,21
/media/ullmann/HDDGabriel/research/engines/panda3d/panda/src/pgraphnodes/ambientLight.h,2,3,5
/media/ullmann/HDDGabriel/research/engines/panda3d/panda/src/linmath/lquaternion.h,8,4,12
/media/ullmann/HDDGabriel/research/engines/panda3d/panda/src/linmath/lvector4.h,6,6,12
/media/ullmann/HDDGabriel/research/engines/panda3d/pandatool/src/flt/fltGroup.cxx,4,1,5
/media/ullmann/HDDGabriel/research/engines/panda3d/pandatool/src/flt/fltRecordReader.h,2,34,36
/media/ullmann/HDDGabriel/research/engines/panda3d/panda/src/mathutil/unionBoundingVolume.h,2,4,6
/media/ullmann/HDDGabriel/research/engines/panda3d/panda/src/mathutil/geometricBoundingVolume.h,2,8,10
/media/ullmann/HDDGabriel/research/engines/panda3d/dtool/src/interrogatedb/dtool_super_base.cxx,1,0,1
/media/ullmann/HDDGabriel/research/engines/panda3d/dtool/src/interrogatedb/py_panda.h,3,4,7
/media/ullmann/HDDGabriel/research/engines/panda3d/panda/src/pgui/pgEntry.cxx,2,1,3
/media/ullmann/HDDGabriel/research/engines/panda3d/panda/src/pgui/pgMouseWatcherParameter.h,1,7,8
/media/ullmann/HDDGabriel/research/engines/panda3d/pandatool/src/lwo/lwoSurfaceBlockOpacity.cxx,2,1,3
/media/ullmann/HDDGabriel/research/engines/panda3d/pandatool/src/lwo/lwoSurfaceBlockOpacity.h,1,3,4
/media/ullmann/HDDGabriel/research/engines/panda3d/panda/src/putil/mouseButton.cxx,2,1,3
/media/ullmann/HDDGabriel/research/engines/panda3d/panda/src/putil/buttonRegistry.h,2,6,8
/media/ullmann/HDDGabriel/research/engines/panda3d/panda/src/display/subprocessWindow.h,4,2,6
/media/ullmann/HDDGabriel/research/engines/panda3d/panda/src/display/subprocessWindow.I,0,1,1
/media/ullmann/HDDGabriel/research/engines/panda3d/panda/src/pgui/p3pgui_composite2.cxx,8,0,8
/media/ullmann/HDDGabriel/research/engines/panda3d/panda/src/pgui/pgScrollFrame.cxx,1,1,2
/media/ullmann/HDDGabriel/research/engines/panda3d/panda/src/gobj/adaptiveLru.h,1,6,7
/media/ullmann/HDDGabriel/research/engines/panda3d/panda/src/linmath/lcast_to.h,3,1,4
/media/ullmann/HDDGabriel/research/engines/panda3d/panda/src/linmath/lcast_to_src.h,1,1,2
/media/ullmann/HDDGabriel/research/engines/panda3d/panda/src/event/eventHandler.cxx,3,1,4
/media/ullmann/HDDGabriel/research/engines/panda3d/panda/src/event/eventHandler.h,4,3,7
/media/ullmann/HDDGabriel/research/engines/panda3d/panda/src/egg/eggTextureCollection.h,4,5,9
/media/ullmann/HDDGabriel/research/engines/panda3d/panda/src/egg/eggTextureCollection.I,0,1,1
/media/ullmann/HDDGabriel/research/engines/panda3d/panda/src/device/p3device_composite1.cxx,17,0,17
/media/ullmann/HDDGabriel/research/engines/panda3d/panda/src/device/ioKitInputDeviceManager.cxx,2,1,3
/media/ullmann/HDDGabriel/research/engines/panda3d/panda/src/pstatclient/pStatThread.h,3,4,7
/media/ullmann/HDDGabriel/research/engines/panda3d/dtool/src/cppparser/p3cppParser_composite1.cxx,25,0,25
/media/ullmann/HDDGabriel/research/engines/panda3d/dtool/src/cppparser/cppReferenceType.cxx,3,1,4
/media/ullmann/HDDGabriel/research/engines/panda3d/pandatool/src/palettizer/config_palettizer.cxx,15,1,16
/media/ullmann/HDDGabriel/research/engines/panda3d/pandatool/src/palettizer/eggFile.h,2,7,9
/media/ullmann/HDDGabriel/research/engines/panda3d/panda/src/audio/nullAudioManager.cxx,1,1,2
/media/ullmann/HDDGabriel/research/engines/panda3d/panda/src/audio/nullAudioManager.h,2,3,5
/media/ullmann/HDDGabriel/research/engines/panda3d/pandatool/src/palettizer/p3palettizer_composite1.cxx,22,0,22
/media/ullmann/HDDGabriel/research/engines/panda3d/pandatool/src/palettizer/eggFile.cxx,8,1,9
/media/ullmann/HDDGabriel/research/engines/panda3d/dtool/src/cppparser/cppTypeProxy.cxx,2,1,3
/media/ullmann/HDDGabriel/research/engines/panda3d/dtool/src/cppparser/cppTypeProxy.h,1,2,3
/media/ullmann/HDDGabriel/research/engines/panda3d/dtool/src/cppparser/cppClassTemplateParameter.h,1,5,6
/media/ullmann/HDDGabriel/research/engines/panda3d/dtool/src/cppparser/cppType.h,1,15,16
/media/ullmann/HDDGabriel/research/engines/panda3d/panda/src/pgraph/portalNode.cxx,10,1,11
/media/ullmann/HDDGabriel/research/engines/panda3d/panda/src/pgraph/cullTraverser.h,7,13,20
/media/ullmann/HDDGabriel/research/engines/panda3d/dtool/src/cppparser/cppStructType.cxx,11,1,12
/media/ullmann/HDDGabriel/research/engines/panda3d/dtool/src/cppparser/cppInstanceIdentifier.cxx,9,1,10
/media/ullmann/HDDGabriel/research/engines/panda3d/dtool/src/cppparser/cppArrayType.h,1,4,5
/media/ullmann/HDDGabriel/research/engines/panda3d/panda/src/bullet/bulletCapsuleShape.cxx,2,1,3
/media/ullmann/HDDGabriel/research/engines/panda3d/panda/src/bullet/bulletCapsuleShape.h,4,3,7
/media/ullmann/HDDGabriel/research/engines/panda3d/panda/src/linmath/lvector4_src.h,1,1,2
/media/ullmann/HDDGabriel/research/engines/panda3d/panda/src/linmath/lvector4_src.I,0,1,1
/media/ullmann/HDDGabriel/research/engines/panda3d/panda/src/nativenet/config_nativenet.cxx,9,1,10
/media/ullmann/HDDGabriel/research/engines/panda3d/panda/src/nativenet/socket_ip.h,2,8,10
/media/ullmann/HDDGabriel/research/engines/panda3d/panda/src/ode/odeTriMeshGeom.h,4,4,8
/media/ullmann/HDDGabriel/research/engines/panda3d/panda/src/ode/odeTriMeshData.h,3,4,7
/media/ullmann/HDDGabriel/research/engines/panda3d/dtool/src/cppparser/cppFunctionType.cxx,4,1,5
/media/ullmann/HDDGabriel/research/engines/panda3d/direct/src/interval/cConstraintInterval.h,2,6,8
/media/ullmann/HDDGabriel/research/engines/panda3d/direct/src/interval/cInterval.h,2,10,12
/media/ullmann/HDDGabriel/research/engines/panda3d/panda/src/chan/animChannel.h,2,10,12
/media/ullmann/HDDGabriel/research/engines/panda3d/panda/src/chan/animChannel.I,0,1,1
/media/ullmann/HDDGabriel/research/engines/panda3d/panda/src/dxml/config_dxml.cxx,2,1,3
/media/ullmann/HDDGabriel/research/engines/panda3d/panda/src/dxml/config_dxml.h,0,1,1
/media/ullmann/HDDGabriel/research/engines/panda3d/panda/src/gobj/bufferContextChain.h,1,3,4
/media/ullmann/HDDGabriel/research/engines/panda3d/panda/src/gobj/bufferContextChain.I,0,1,1
/media/ullmann/HDDGabriel/research/engines/panda3d/panda/src/display/graphicsBuffer.h,2,5,7
/media/ullmann/HDDGabriel/research/engines/panda3d/dtool/src/interrogatedb/interrogateFunction.cxx,4,1,5
/media/ullmann/HDDGabriel/research/engines/panda3d/dtool/src/interrogatedb/interrogateFunction.h,2,3,5
/media/ullmann/HDDGabriel/research/engines/panda3d/panda/src/pgraph/p3pgraph_composite1.cxx,17,0,17
/media/ullmann/HDDGabriel/research/engines/panda3d/panda/src/pgraph/billboardEffect.cxx,4,1,5
/media/ullmann/HDDGabriel/research/engines/panda3d/panda/src/display/subprocessWindow.cxx,4,1,5
/media/ullmann/HDDGabriel/research/engines/panda3d/panda/src/display/graphicsEngine.h,5,6,11
/media/ullmann/HDDGabriel/research/engines/panda3d/panda/src/pgraph/modelSaveRequest.cxx,3,1,4
/media/ullmann/HDDGabriel/research/engines/panda3d/panda/src/pgraph/config_pgraph.h,0,41,41
/media/ullmann/HDDGabriel/research/engines/panda3d/panda/src/bullet/bulletTriangleMesh.cxx,2,1,3
/media/ullmann/HDDGabriel/research/engines/panda3d/panda/src/bullet/bulletTriangleMesh.h,3,4,7
/media/ullmann/HDDGabriel/research/engines/panda3d/pandatool/src/lwo/lwoSurface.cxx,7,1,8
/media/ullmann/HDDGabriel/research/engines/panda3d/pandatool/src/lwo/lwoSurfaceColor.h,1,3,4
/media/ullmann/HDDGabriel/research/engines/panda3d/dtool/src/dtoolbase/p3dtoolbase_composite1.cxx,10,0,10
/media/ullmann/HDDGabriel/research/engines/panda3d/dtool/src/dtoolbase/atomicAdjustWin32Impl.cxx,2,1,3
/media/ullmann/HDDGabriel/research/engines/panda3d/panda/src/putil/bamWriter.h,3,9,12
/media/ullmann/HDDGabriel/research/engines/panda3d/panda/src/gobj/texturePoolFilter.cxx,1,1,2
/media/ullmann/HDDGabriel/research/engines/panda3d/panda/src/gobj/texturePoolFilter.h,2,6,8
/media/ullmann/HDDGabriel/research/engines/panda3d/dtool/src/dtoolbase/mutexWin32Impl.h,3,2,5
/media/ullmann/HDDGabriel/research/engines/panda3d/dtool/src/dtoolbase/dtoolbase.h,2,40,42
/media/ullmann/HDDGabriel/research/engines/panda3d/panda/src/pgui/pgVirtualFrame.h,2,3,5
/media/ullmann/HDDGabriel/research/engines/panda3d/panda/src/pgui/pgVirtualFrame.I,0,1,1
/media/ullmann/HDDGabriel/research/engines/panda3d/dtool/src/cppparser/cppToken.h,1,3,4
/media/ullmann/HDDGabriel/research/engines/panda3d/dtool/src/cppparser/cppBisonDefs.h,3,7,10
/media/ullmann/HDDGabriel/research/engines/panda3d/panda/src/express/virtualFileMount.h,4,10,14
/media/ullmann/HDDGabriel/research/engines/panda3d/panda/src/express/virtualFileMount.I,0,1,1
/media/ullmann/HDDGabriel/research/engines/panda3d/direct/src/dcparser/dcClass.I,0,1,1
/media/ullmann/HDDGabriel/research/engines/panda3d/panda/src/vrpn/vrpnAnalog.cxx,4,1,5
/media/ullmann/HDDGabriel/research/engines/panda3d/panda/src/vrpn/vrpnAnalogDevice.h,1,4,5
/media/ullmann/HDDGabriel/research/engines/panda3d/panda/src/movies/wavAudio.cxx,2,1,3
/media/ullmann/HDDGabriel/research/engines/panda3d/panda/src/movies/wavAudioCursor.h,2,3,5
/media/ullmann/HDDGabriel/research/engines/panda3d/panda/src/ode/odeBody.h,4,6,10
/media/ullmann/HDDGabriel/research/engines/panda3d/panda/src/ode/odeWorld.h,3,5,8
/media/ullmann/HDDGabriel/research/engines/panda3d/panda/src/display/graphicsWindow.cxx,3,1,4
/media/ullmann/HDDGabriel/research/engines/panda3d/panda/src/display/graphicsPipe.h,2,9,11
/media/ullmann/HDDGabriel/research/engines/panda3d/direct/src/dcparser/dcAtomicField.cxx,5,1,6
/media/ullmann/HDDGabriel/research/engines/panda3d/dtool/src/cppparser/cppExtensionType.h,2,7,9
/media/ullmann/HDDGabriel/research/engines/panda3d/panda/src/linmath/lpoint2_ext.h,6,0,6
/media/ullmann/HDDGabriel/research/engines/panda3d/panda/src/linmath/fltnames.h,0,44,44
/media/ullmann/HDDGabriel/research/engines/panda3d/panda/src/ode/odeConvexGeom.h,3,1,4
/media/ullmann/HDDGabriel/research/engines/panda3d/panda/src/ode/odeGeom.h,4,16,20
/media/ullmann/HDDGabriel/research/engines/panda3d/panda/src/pgraph/materialAttrib.cxx,1,1,2
/media/ullmann/HDDGabriel/research/engines/panda3d/panda/src/pgraph/materialAttrib.h,2,3,5
/media/ullmann/HDDGabriel/research/engines/panda3d/panda/src/egg/eggData.h,2,6,8
/media/ullmann/HDDGabriel/research/engines/panda3d/panda/src/egg/eggData.I,0,1,1
/media/ullmann/HDDGabriel/research/engines/panda3d/panda/src/gobj/config_gobj.cxx,53,1,54
/media/ullmann/HDDGabriel/research/engines/panda3d/panda/src/gobj/shaderContext.h,4,3,7
/media/ullmann/HDDGabriel/research/engines/panda3d/panda/src/egg/eggMaterial.cxx,1,1,2
/media/ullmann/HDDGabriel/research/engines/panda3d/panda/src/pipeline/p3pipeline_composite1.cxx,23,0,23
/media/ullmann/HDDGabriel/research/engines/panda3d/panda/src/pipeline/conditionVarDummyImpl.cxx,2,1,3
/media/ullmann/HDDGabriel/research/engines/panda3d/pandatool/src/pstatserver/pStatPianoRoll.h,4,1,5
/media/ullmann/HDDGabriel/research/engines/panda3d/pandatool/src/pstatserver/pStatMonitor.h,3,9,12
/media/ullmann/HDDGabriel/research/engines/panda3d/panda/src/display/touchInfo.cxx,1,1,2
/media/ullmann/HDDGabriel/research/engines/panda3d/dtool/src/interrogate/parameterRemapUnchanged.cxx,1,1,2
/media/ullmann/HDDGabriel/research/engines/panda3d/dtool/src/interrogate/parameterRemapUnchanged.h,1,7,8
/media/ullmann/HDDGabriel/research/engines/panda3d/panda/src/express/virtualFile.h,5,10,15
/media/ullmann/HDDGabriel/research/engines/panda3d/panda/src/pgraph/instanceList.h,2,6,8
/media/ullmann/HDDGabriel/research/engines/panda3d/panda/src/pnmimagetypes/pnmFileTypeBMPWriter.cxx,3,1,4
/media/ullmann/HDDGabriel/research/engines/panda3d/panda/src/pnmimagetypes/config_pnmimagetypes.h,1,18,19
/media/ullmann/HDDGabriel/research/engines/panda3d/panda/src/wgldisplay/wglGraphicsPipe.cxx,5,1,6
/media/ullmann/HDDGabriel/research/engines/panda3d/panda/src/wgldisplay/config_wgldisplay.h,0,5,5
/media/ullmann/HDDGabriel/research/engines/panda3d/panda/src/parametrics/p3parametrics_composite2.cxx,12,0,12
/media/ullmann/HDDGabriel/research/engines/panda3d/panda/src/parametrics/piecewiseCurve.cxx,3,1,4
/media/ullmann/HDDGabriel/research/engines/panda3d/dtool/src/interrogatedb/interrogateType.cxx,4,1,5
/media/ullmann/HDDGabriel/research/engines/panda3d/dtool/src/interrogatedb/interrogateType.h,2,3,5
/media/ullmann/HDDGabriel/research/engines/panda3d/panda/src/display/graphicsEngine.cxx,8,1,9
/media/ullmann/HDDGabriel/research/engines/panda3d/panda/src/pgraph/occluderEffect.h,4,5,9
/media/ullmann/HDDGabriel/research/engines/panda3d/pandatool/src/gtk-stats/gtkStatsTimeline.h,1,2,3
/media/ullmann/HDDGabriel/research/engines/panda3d/pandatool/src/gtk-stats/gtkStatsGraph.h,1,7,8
/media/ullmann/HDDGabriel/research/engines/panda3d/panda/src/bullet/bulletClosestHitRayResult.cxx,1,1,2
/media/ullmann/HDDGabriel/research/engines/panda3d/panda/src/pgraph/nodePath.cxx,45,0,45
/media/ullmann/HDDGabriel/research/engines/panda3d/panda/src/pgraph/cullFaceAttrib.h,2,8,10
/media/ullmann/HDDGabriel/research/engines/panda3d/panda/src/pgraph/cullBin.cxx,6,1,7
/media/ullmann/HDDGabriel/research/engines/panda3d/panda/src/pgraph/pandaNode.h,4,30,34
/media/ullmann/HDDGabriel/research/engines/panda3d/panda/src/wgldisplay/wglGraphicsStateGuardian.cxx,4,1,5
/media/ullmann/HDDGabriel/research/engines/panda3d/panda/src/gobj/vertexDataBuffer.h,3,4,7
/media/ullmann/HDDGabriel/research/engines/panda3d/pandatool/src/palettizer/sourceTextureImage.h,1,9,10
/media/ullmann/HDDGabriel/research/engines/panda3d/pandatool/src/palettizer/imageFile.h,1,6,7
/media/ullmann/HDDGabriel/research/engines/panda3d/panda/src/ode/odeJoint.cxx,14,1,15
/media/ullmann/HDDGabriel/research/engines/panda3d/panda/src/pgraph/billboardEffect.h,3,5,8
/media/ullmann/HDDGabriel/research/engines/panda3d/pandatool/src/mayaprogs/mayaConversionClient.h,1,3,4
/media/ullmann/HDDGabriel/research/engines/panda3d/pandatool/src/mayaprogs/mayaConversionServer.h,0,5,5
/media/ullmann/HDDGabriel/research/engines/panda3d/panda/src/egg/eggTriangleFan.cxx,3,1,4
/media/ullmann/HDDGabriel/research/engines/panda3d/panda/src/egg/eggGroupNode.h,3,22,25
/media/ullmann/HDDGabriel/research/engines/panda3d/panda/src/pgraph/colorScaleAttrib.h,2,10,12
/media/ullmann/HDDGabriel/research/engines/panda3d/panda/src/pgraph/renderAttrib.h,2,36,38
/media/ullmann/HDDGabriel/research/engines/panda3d/panda/src/android/config_android.cxx,2,1,3
/media/ullmann/HDDGabriel/research/engines/panda3d/panda/src/android/config_android.h,0,3,3
/media/ullmann/HDDGabriel/research/engines/panda3d/panda/src/putil/bamCacheRecord.cxx,4,1,5
/media/ullmann/HDDGabriel/research/engines/panda3d/panda/src/putil/bamCacheRecord.h,3,4,7
/media/ullmann/HDDGabriel/research/engines/panda3d/pandatool/src/palettizer/textureImage.cxx,8,1,9
/media/ullmann/HDDGabriel/research/engines/panda3d/panda/src/device/p3device_composite2.cxx,8,0,8
/media/ullmann/HDDGabriel/research/engines/panda3d/panda/src/device/virtualMouse.cxx,1,1,2
/media/ullmann/HDDGabriel/research/engines/panda3d/panda/src/downloader/p3downloader_composite1.cxx,12,0,12
/media/ullmann/HDDGabriel/research/engines/panda3d/panda/src/downloader/config_downloader.cxx,4,1,5
/media/ullmann/HDDGabriel/research/engines/panda3d/panda/src/pgraph/cullFaceAttrib.cxx,1,1,2
/media/ullmann/HDDGabriel/research/engines/panda3d/panda/src/gobj/config_gobj.h,0,25,25
/media/ullmann/HDDGabriel/research/engines/panda3d/panda/src/bullet/bullet_utils.h,2,38,40
/media/ullmann/HDDGabriel/research/engines/panda3d/panda/src/dxml/tinyxmlerror.cpp,1,1,2
/media/ullmann/HDDGabriel/research/engines/panda3d/panda/src/dxml/tinyxml.h,0,4,4
/media/ullmann/HDDGabriel/research/engines/panda3d/panda/src/pnmimage/pnmImage.cxx,6,1,7
/media/ullmann/HDDGabriel/research/engines/panda3d/panda/src/pnmimage/pnmWriter.h,2,4,6
/media/ullmann/HDDGabriel/research/engines/panda3d/dtool/src/dtoolbase/selectThreadImpl.h,1,19,20
/media/ullmann/HDDGabriel/research/engines/panda3d/panda/src/mathutil/pta_LMatrix4_ext.h,1,0,1
/media/ullmann/HDDGabriel/research/engines/panda3d/panda/src/mathutil/pta_LMatrix4.h,0,2,2
/media/ullmann/HDDGabriel/research/engines/panda3d/pandatool/src/flt/fltCurve.cxx,5,1,6
/media/ullmann/HDDGabriel/research/engines/panda3d/pandatool/src/flt/fltRecordWriter.h,2,34,36
/media/ullmann/HDDGabriel/research/engines/panda3d/contrib/src/ai/arrival.cxx,3,1,4
/media/ullmann/HDDGabriel/research/engines/panda3d/contrib/src/ai/pursue.h,2,4,6
/media/ullmann/HDDGabriel/research/engines/panda3d/panda/src/pipeline/mutexDebug.cxx,3,1,4
/media/ullmann/HDDGabriel/research/engines/panda3d/panda/src/pipeline/config_pipeline.h,0,10,10
/media/ullmann/HDDGabriel/research/engines/panda3d/panda/src/express/nodePointerToBase.I,0,1,1
/media/ullmann/HDDGabriel/research/engines/panda3d/panda/src/net/test_spam_server.cxx,8,0,8
/media/ullmann/HDDGabriel/research/engines/panda3d/panda/src/net/queuedConnectionReader.h,3,7,10
/media/ullmann/HDDGabriel/research/engines/panda3d/panda/src/physics/angularVectorForce.h,2,3,5
/media/ullmann/HDDGabriel/research/engines/panda3d/panda/src/physics/angularVectorForce.I,0,1,1
/media/ullmann/HDDGabriel/research/engines/panda3d/panda/src/collide/config_collide.cxx,29,1,30
/media/ullmann/HDDGabriel/research/engines/panda3d/panda/src/collide/collisionHandlerPhysical.h,3,6,9
/media/ullmann/HDDGabriel/research/engines/panda3d/direct/src/interval/cInterval_ext.cxx,2,0,2
/media/ullmann/HDDGabriel/research/engines/panda3d/direct/src/interval/cIntervalManager.h,2,3,5
/media/ullmann/HDDGabriel/research/engines/panda3d/pandatool/src/maya/maya_funcs.cxx,3,1,4
/media/ullmann/HDDGabriel/research/engines/panda3d/pandatool/src/maya/post_maya_include.h,0,6,6
/media/ullmann/HDDGabriel/research/engines/panda3d/panda/src/movies/inkblotVideo.cxx,2,1,3
/media/ullmann/HDDGabriel/research/engines/panda3d/panda/src/tinydisplay/tinyWinGraphicsPipe.h,2,4,6
/media/ullmann/HDDGabriel/research/engines/panda3d/panda/src/tinydisplay/tinyGraphicsStateGuardian.h,4,13,17
/media/ullmann/HDDGabriel/research/engines/panda3d/panda/src/nativenet/socket_portable.h,0,4,4
/media/ullmann/HDDGabriel/research/engines/panda3d/panda/src/egg/eggCoordinateSystem.h,3,5,8
/media/ullmann/HDDGabriel/research/engines/panda3d/panda/src/pgraph/clipPlaneAttrib.cxx,4,1,5
/media/ullmann/HDDGabriel/research/engines/panda3d/dtool/src/interrogatedb/py_compat.cxx,2,0,2
/media/ullmann/HDDGabriel/research/engines/panda3d/panda/src/pipeline/pmutex.h,3,11,14
/media/ullmann/HDDGabriel/research/engines/panda3d/panda/src/pipeline/mutexDebug.h,4,6,10
/media/ullmann/HDDGabriel/research/engines/panda3d/pandatool/src/lwo/p3lwo_composite1.cxx,39,0,39
/media/ullmann/HDDGabriel/research/engines/panda3d/pandatool/src/lwo/lwoVertexMap.cxx,2,1,3
/media/ullmann/HDDGabriel/research/engines/panda3d/panda/src/linmath/lpoint4_ext.h,6,0,6
/media/ullmann/HDDGabriel/research/engines/panda3d/panda/src/linmath/lpoint4.h,6,4,10
/media/ullmann/HDDGabriel/research/engines/panda3d/panda/src/express/p3express_composite2.cxx,34,0,34
/media/ullmann/HDDGabriel/research/engines/panda3d/panda/src/express/temporaryFile.cxx,1,1,2
/media/ullmann/HDDGabriel/research/engines/panda3d/panda/src/dxml/tinyxml_composite1.cxx,3,1,4
/media/ullmann/HDDGabriel/research/engines/panda3d/panda/src/dxml/tinyxml.cpp,1,1,2
/media/ullmann/HDDGabriel/research/engines/panda3d/panda/src/tinydisplay/store_pixel_table.h,0,2,2
/media/ullmann/HDDGabriel/research/engines/panda3d/panda/src/net/connectionReader.cxx,6,1,7
/media/ullmann/HDDGabriel/research/engines/panda3d/panda/src/net/config_net.h,0,14,14
/media/ullmann/HDDGabriel/research/engines/panda3d/panda/src/express/virtualFileSystem.cxx,10,1,11
/media/ullmann/HDDGabriel/research/engines/panda3d/dtool/src/prc/configPageManager.h,3,4,7
/media/ullmann/HDDGabriel/research/engines/panda3d/dtool/src/prc/pnotify.h,2,11,13
/media/ullmann/HDDGabriel/research/engines/panda3d/pandatool/src/eggcharbase/eggCharacterCollection.cxx,4,1,5
/media/ullmann/HDDGabriel/research/engines/panda3d/pandatool/src/eggcharbase/eggJointData.h,2,5,7
/media/ullmann/HDDGabriel/research/engines/panda3d/panda/src/display/graphicsStateGuardian.h,6,9,15
/media/ullmann/HDDGabriel/research/engines/panda3d/panda/src/display/graphicsThreadingModel.h,1,3,4
/media/ullmann/HDDGabriel/research/engines/panda3d/pandatool/src/mayaprogs/mayaConversionServer.cxx,3,0,3
/media/ullmann/HDDGabriel/research/engines/panda3d/pandatool/src/mayaprogs/eggToMaya.h,0,3,3
/media/ullmann/HDDGabriel/research/engines/panda3d/pandatool/src/eggcharbase/eggMatrixTablePointer.h,1,3,4
/media/ullmann/HDDGabriel/research/engines/panda3d/pandatool/src/eggcharbase/eggJointPointer.h,2,4,6
/media/ullmann/HDDGabriel/research/engines/panda3d/panda/src/downloader/bioStreamPtr.h,2,4,6
/media/ullmann/HDDGabriel/research/engines/panda3d/panda/src/downloader/bioStream.h,3,3,6
/media/ullmann/HDDGabriel/research/engines/panda3d/panda/src/pgraph/cullTraverser.cxx,13,1,14
/media/ullmann/HDDGabriel/research/engines/panda3d/pandatool/src/flt/fltBead.cxx,11,1,12
/media/ullmann/HDDGabriel/research/engines/panda3d/panda/src/pgraph/config_pgraph.cxx,79,1,80
/media/ullmann/HDDGabriel/research/engines/panda3d/panda/src/pgraph/depthOffsetAttrib.h,2,7,9
/media/ullmann/HDDGabriel/research/engines/panda3d/panda/src/audio/audio.h,4,1,5
/media/ullmann/HDDGabriel/research/engines/panda3d/panda/src/audio/audioManager.h,4,6,10
/media/ullmann/HDDGabriel/research/engines/panda3d/panda/src/egg/eggMaterial.h,2,8,10
/media/ullmann/HDDGabriel/research/engines/panda3d/panda/src/net/datagramUDPHeader.h,2,3,5
/media/ullmann/HDDGabriel/research/engines/panda3d/panda/src/tinydisplay/tinyXGraphicsWindow.h,2,3,5
/media/ullmann/HDDGabriel/research/engines/panda3d/panda/src/tinydisplay/tinyXGraphicsPipe.h,2,4,6
/media/ullmann/HDDGabriel/research/engines/panda3d/pandatool/src/pstatserver/pStatStripChart.h,4,1,5
/media/ullmann/HDDGabriel/research/engines/panda3d/pandatool/src/pstatserver/pStatGraph.h,3,5,8
/media/ullmann/HDDGabriel/research/engines/panda3d/pandatool/src/gtk-stats/gtkStatsLabel.cxx,3,1,4
/media/ullmann/HDDGabriel/research/engines/panda3d/pandatool/src/gtk-stats/gtkStatsLabel.h,0,3,3
/media/ullmann/HDDGabriel/research/engines/panda3d/panda/src/linmath/lpoint4.cxx,5,1,6
/media/ullmann/HDDGabriel/research/engines/panda3d/panda/src/linmath/lpoint4_src.cxx,0,1,1
/media/ullmann/HDDGabriel/research/engines/panda3d/dtool/src/dtoolbase/typeRegistryNode.h,5,3,8
/media/ullmann/HDDGabriel/research/engines/panda3d/dtool/src/dtoolbase/typeRegistryNode.I,0,1,1
/media/ullmann/HDDGabriel/research/engines/panda3d/panda/src/putil/config_putil.cxx,29,1,30
/media/ullmann/HDDGabriel/research/engines/panda3d/panda/src/putil/animInterface.h,1,2,3
/media/ullmann/HDDGabriel/research/engines/panda3d/pandatool/src/flt/fltPackedColor.h,1,4,5
/media/ullmann/HDDGabriel/research/engines/panda3d/pandatool/src/flt/fltPackedColor.I,0,1,1
/media/ullmann/HDDGabriel/research/engines/panda3d/panda/src/egg/eggGroupNode.cxx,18,1,19
/media/ullmann/HDDGabriel/research/engines/panda3d/dtool/src/cppparser/p3cppParser_composite2.cxx,16,0,16
/media/ullmann/HDDGabriel/research/engines/panda3d/dtool/src/cppparser/cppFunctionGroup.cxx,3,1,4
/media/ullmann/HDDGabriel/research/engines/panda3d/panda/src/pipeline/lightMutexHolder.cxx,1,1,2
/media/ullmann/HDDGabriel/research/engines/panda3d/panda/src/pipeline/lightMutexHolder.h,2,1,3
/media/ullmann/HDDGabriel/research/engines/panda3d/panda/src/display/nativeWindowHandle.cxx,1,1,2
/media/ullmann/HDDGabriel/research/engines/panda3d/panda/src/display/nativeWindowHandle.h,3,4,7
/media/ullmann/HDDGabriel/research/engines/panda3d/dtool/src/cppparser/cppScope.cxx,20,1,21
/media/ullmann/HDDGabriel/research/engines/panda3d/direct/src/dcparser/dcTypedef.cxx,4,1,5
/media/ullmann/HDDGabriel/research/engines/panda3d/direct/src/dcparser/dcSimpleParameter.h,4,4,8
/media/ullmann/HDDGabriel/research/engines/panda3d/panda/src/pgraph/renderState.h,6,28,34
/media/ullmann/HDDGabriel/research/engines/panda3d/panda/src/pgraph/texMatrixAttrib.h,3,8,11
/media/ullmann/HDDGabriel/research/engines/panda3d/panda/src/pipeline/config_pipeline.cxx,6,1,7
/media/ullmann/HDDGabriel/research/engines/panda3d/panda/src/physics/physicalNode.h,3,8,11
/media/ullmann/HDDGabriel/research/engines/panda3d/panda/src/physics/physicalNode.I,0,1,1
/media/ullmann/HDDGabriel/research/engines/panda3d/panda/src/express/stringStream_ext.h,1,1,2
/media/ullmann/HDDGabriel/research/engines/panda3d/panda/src/express/stringStream.h,2,3,5
/media/ullmann/HDDGabriel/research/engines/panda3d/panda/src/tinydisplay/ztriangle_code_1.h,1,1,2
/media/ullmann/HDDGabriel/research/engines/panda3d/panda/src/tinydisplay/ztriangle_two.h,1,4,5
/media/ullmann/HDDGabriel/research/engines/panda3d/direct/src/dcparser/dcSwitch.h,3,4,7
/media/ullmann/HDDGabriel/research/engines/panda3d/direct/src/dcparser/dcDeclaration.h,1,5,6
/media/ullmann/HDDGabriel/research/engines/panda3d/panda/src/tinydisplay/p3tinydisplay_composite1.cxx,13,0,13
/media/ullmann/HDDGabriel/research/engines/panda3d/panda/src/tinydisplay/error.cxx,1,1,2
/media/ullmann/HDDGabriel/research/engines/panda3d/pandatool/src/eggcharbase/config_eggcharbase.cxx,11,1,12
/media/ullmann/HDDGabriel/research/engines/panda3d/pandatool/src/eggcharbase/eggScalarTablePointer.h,1,3,4
/media/ullmann/HDDGabriel/research/engines/panda3d/panda/src/physics/forceNode.cxx,2,1,3
/media/ullmann/HDDGabriel/research/engines/panda3d/panda/src/physics/config_physics.h,0,10,10
/media/ullmann/HDDGabriel/research/engines/panda3d/dtool/src/cppparser/cppIdentifier.h,4,19,23
/media/ullmann/HDDGabriel/research/engines/panda3d/dtool/src/cppparser/cppFile.h,0,9,9
/media/ullmann/HDDGabriel/research/engines/panda3d/panda/src/pgraph/cullHandler.cxx,4,1,5
/media/ullmann/HDDGabriel/research/engines/panda3d/panda/src/event/asyncFuture.cxx,5,1,6
/media/ullmann/HDDGabriel/research/engines/panda3d/panda/src/event/throw_event.h,5,2,7
/media/ullmann/HDDGabriel/research/engines/panda3d/panda/src/egg/pt_EggMaterial.h,1,4,5
/media/ullmann/HDDGabriel/research/engines/panda3d/panda/src/linmath/intnames.h,0,30,30
/media/ullmann/HDDGabriel/research/engines/panda3d/dtool/src/prc/configVariableFilename.cxx,1,1,2
/media/ullmann/HDDGabriel/research/engines/panda3d/dtool/src/prc/configVariableFilename.h,2,2,4
/media/ullmann/HDDGabriel/research/engines/panda3d/pandatool/src/xfileegg/xFileToEggConverter.cxx,4,1,5
/media/ullmann/HDDGabriel/research/engines/panda3d/pandatool/src/xfileegg/xFileMaterial.h,0,4,4
/media/ullmann/HDDGabriel/research/engines/panda3d/panda/src/wgldisplay/wglGraphicsBuffer.cxx,4,1,5
/media/ullmann/HDDGabriel/research/engines/panda3d/panda/src/bullet/bulletConeShape.h,4,2,6
/media/ullmann/HDDGabriel/research/engines/panda3d/panda/src/bullet/bulletConeShape.I,0,1,1
/media/ullmann/HDDGabriel/research/engines/panda3d/panda/src/egg/eggCoordinateSystem.cxx,1,1,2
/media/ullmann/HDDGabriel/research/engines/panda3d/panda/src/dxgsg9/dxIndexBufferContext9.cxx,2,1,3
/media/ullmann/HDDGabriel/research/engines/panda3d/dtool/src/prc/androidLogStream.h,1,3,4
/media/ullmann/HDDGabriel/research/engines/panda3d/dtool/src/prc/notifySeverity.h,0,5,5
/media/ullmann/HDDGabriel/research/engines/panda3d/dtool/src/dtoolbase/memoryHook.h,5,6,11
/media/ullmann/HDDGabriel/research/engines/panda3d/pandatool/src/flt/fltTexture.cxx,4,1,5
/media/ullmann/HDDGabriel/research/engines/panda3d/direct/src/interval/waitInterval.h,2,3,5
/media/ullmann/HDDGabriel/research/engines/panda3d/direct/src/dcparser/dcField.cxx,6,1,7
/media/ullmann/HDDGabriel/research/engines/panda3d/direct/src/dcparser/dcPacker.h,6,8,14
/media/ullmann/HDDGabriel/research/engines/panda3d/pandatool/src/eggcharbase/eggSliderPointer.cxx,1,1,2
/media/ullmann/HDDGabriel/research/engines/panda3d/pandatool/src/eggcharbase/eggSliderPointer.h,1,5,6
/media/ullmann/HDDGabriel/research/engines/panda3d/dtool/src/dtoolbase/pallocator.h,5,5,10
/media/ullmann/HDDGabriel/research/engines/panda3d/dtool/src/dtoolbase/pallocator.T,0,1,1
/media/ullmann/HDDGabriel/research/engines/panda3d/dtool/src/cppparser/cppParser.cxx,4,1,5
/media/ullmann/HDDGabriel/research/engines/panda3d/panda/src/display/displayRegionCullCallbackData.cxx,2,1,3
/media/ullmann/HDDGabriel/research/engines/panda3d/panda/src/display/displayRegionCullCallbackData.h,1,3,4
/media/ullmann/HDDGabriel/research/engines/panda3d/panda/src/collide/collisionPolygon.cxx,10,1,11
/media/ullmann/HDDGabriel/research/engines/panda3d/panda/src/collide/collisionPolygon.h,2,8,10
/media/ullmann/HDDGabriel/research/engines/panda3d/panda/src/tform/buttonThrower.h,1,2,3
/media/ullmann/HDDGabriel/research/engines/panda3d/panda/src/tform/buttonThrower.I,0,1,1
/media/ullmann/HDDGabriel/research/engines/panda3d/panda/src/gobj/vertexDataBlock.h,3,3,6
/media/ullmann/HDDGabriel/research/engines/panda3d/panda/src/gobj/vertexDataBlock.I,0,1,1
/media/ullmann/HDDGabriel/research/engines/panda3d/pandatool/src/xfile/config_xfile.cxx,13,1,14
/media/ullmann/HDDGabriel/research/engines/panda3d/pandatool/src/xfile/xFileDataObjectArray.h,2,3,5
/media/ullmann/HDDGabriel/research/engines/panda3d/panda/src/downloader/httpChannel.h,8,12,20
/media/ullmann/HDDGabriel/research/engines/panda3d/panda/src/downloader/bioPtr.h,1,3,4
/media/ullmann/HDDGabriel/research/engines/panda3d/panda/src/bullet/bulletSoftBodyConfig.cxx,2,1,3
/media/ullmann/HDDGabriel/research/engines/panda3d/dtool/src/dtoolbase/pmap.h,4,0,4
/media/ullmann/HDDGabriel/research/engines/panda3d/panda/src/express/config_express.cxx,19,1,20
/media/ullmann/HDDGabriel/research/engines/panda3d/panda/src/express/virtualFileMountZip.h,4,3,7
/media/ullmann/HDDGabriel/research/engines/panda3d/pandatool/src/flt/fltRecordReader.cxx,2,1,3
/media/ullmann/HDDGabriel/research/engines/panda3d/pandatool/src/flt/config_flt.h,0,7,7
/media/ullmann/HDDGabriel/research/engines/panda3d/panda/src/vision/config_vision.cxx,7,1,8
/media/ullmann/HDDGabriel/research/engines/panda3d/panda/src/vision/webcamVideo.h,1,6,7
/media/ullmann/HDDGabriel/research/engines/panda3d/panda/src/device/linuxInputDeviceManager.cxx,3,1,4
/media/ullmann/HDDGabriel/research/engines/panda3d/panda/src/device/linuxJoystickDevice.h,2,3,5
/media/ullmann/HDDGabriel/research/engines/panda3d/panda/src/pgraph/compassEffect.h,3,5,8
/media/ullmann/HDDGabriel/research/engines/panda3d/pandatool/src/assimp/assimpLoader.h,2,2,4
/media/ullmann/HDDGabriel/research/engines/panda3d/pandatool/src/assimp/config_assimp.h,0,7,7
/media/ullmann/HDDGabriel/research/engines/panda3d/panda/src/glstuff/glstuff_src.h,14,0,14
/media/ullmann/HDDGabriel/research/engines/panda3d/panda/src/glstuff/glCgShaderContext_src.h,1,1,2
/media/ullmann/HDDGabriel/research/engines/panda3d/panda/src/grutil/multitexReducer.cxx,3,0,3
/media/ullmann/HDDGabriel/research/engines/panda3d/panda/src/grutil/config_grutil.h,0,9,9
/media/ullmann/HDDGabriel/research/engines/panda3d/panda/src/express/compress_string.cxx,4,1,5
/media/ullmann/HDDGabriel/research/engines/panda3d/panda/src/express/zipArchive.cxx,7,1,8
/media/ullmann/HDDGabriel/research/engines/panda3d/panda/src/ode/odeUtil_ext.h,2,1,3
/media/ullmann/HDDGabriel/research/engines/panda3d/panda/src/pgraph/geomTransformer.cxx,7,1,8
/media/ullmann/HDDGabriel/research/engines/panda3d/panda/src/pgraph/colorAttrib.h,2,14,16
/media/ullmann/HDDGabriel/research/engines/panda3d/panda/src/egg/eggTextureCollection.cxx,5,1,6
/media/ullmann/HDDGabriel/research/engines/panda3d/dtool/src/interrogatedb/py_wrappers.h,1,2,3
/media/ullmann/HDDGabriel/research/engines/panda3d/dtool/src/cppparser/cppInstance.cxx,11,1,12
/media/ullmann/HDDGabriel/research/engines/panda3d/dtool/src/cppparser/cppTemplateScope.h,2,7,9
/media/ullmann/HDDGabriel/research/engines/panda3d/panda/src/linmath/lpoint3.h,8,6,14
/media/ullmann/HDDGabriel/research/engines/panda3d/panda/src/linmath/lpoint3_src.h,1,1,2
/media/ullmann/HDDGabriel/research/engines/panda3d/panda/src/device/config_device.cxx,16,1,17
/media/ullmann/HDDGabriel/research/engines/panda3d/panda/src/device/dialNode.h,3,2,5
/media/ullmann/HDDGabriel/research/engines/panda3d/panda/src/gobj/geomVertexArrayFormat.cxx,4,1,5
/media/ullmann/HDDGabriel/research/engines/panda3d/panda/src/gobj/geomVertexColumn.h,3,7,10
/media/ullmann/HDDGabriel/research/engines/panda3d/panda/src/physics/baseIntegrator.cxx,3,1,4
/media/ullmann/HDDGabriel/research/engines/panda3d/direct/src/dcparser/dcArrayParameter.cxx,4,1,5
/media/ullmann/HDDGabriel/research/engines/panda3d/direct/src/dcparser/dcArrayParameter.h,3,4,7
/media/ullmann/HDDGabriel/research/engines/panda3d/dtool/src/prc/streamWriter.h,4,3,7
/media/ullmann/HDDGabriel/research/engines/panda3d/dtool/src/prc/littleEndian.h,2,2,4
/media/ullmann/HDDGabriel/research/engines/panda3d/panda/src/gobj/geomMunger.h,5,5,10
/media/ullmann/HDDGabriel/research/engines/panda3d/panda/src/gobj/geomCacheEntry.h,3,6,9
/media/ullmann/HDDGabriel/research/engines/panda3d/panda/src/pnmimage/pnmFileType.cxx,1,1,2
/media/ullmann/HDDGabriel/research/engines/panda3d/panda/src/pnmimage/pnmFileType.h,1,4,5
/media/ullmann/HDDGabriel/research/engines/panda3d/panda/src/downloader/bioStreamBuf.h,1,2,3
/media/ullmann/HDDGabriel/research/engines/panda3d/panda/src/putil/p3putil_composite1.cxx,31,0,31
/media/ullmann/HDDGabriel/research/engines/panda3d/panda/src/pipeline/pmutex_ext.h,2,0,2
/media/ullmann/HDDGabriel/research/engines/panda3d/panda/src/nativenet/socket_udp_outgoing.cxx,1,1,2
/media/ullmann/HDDGabriel/research/engines/panda3d/panda/src/nativenet/socket_udp_outgoing.h,2,3,5
/media/ullmann/HDDGabriel/research/engines/panda3d/panda/src/pgraph/shaderInput.h,1,5,6
/media/ullmann/HDDGabriel/research/engines/panda3d/panda/src/pnmtext/pnmTextMaker.h,2,1,3
/media/ullmann/HDDGabriel/research/engines/panda3d/panda/src/pnmtext/freetypeFont.h,3,2,5
/media/ullmann/HDDGabriel/research/engines/panda3d/panda/src/putil/paramValue.h,4,3,7
/media/ullmann/HDDGabriel/research/engines/panda3d/panda/src/pgraph/bamFile.cxx,2,1,3
/media/ullmann/HDDGabriel/research/engines/panda3d/panda/src/cull/cullBinBackToFront.cxx,1,1,2
/media/ullmann/HDDGabriel/research/engines/panda3d/panda/src/cull/cullBinBackToFront.h,1,2,3
/media/ullmann/HDDGabriel/research/engines/panda3d/panda/src/downloader/bioPtr.I,0,1,1
/media/ullmann/HDDGabriel/research/engines/panda3d/panda/src/downloader/p3downloader_composite2.cxx,18,0,18
/media/ullmann/HDDGabriel/research/engines/panda3d/panda/src/downloader/httpChannel.cxx,8,1,9
/media/ullmann/HDDGabriel/research/engines/panda3d/dtool/src/prc/configVariableBool.h,2,5,7
/media/ullmann/HDDGabriel/research/engines/panda3d/dtool/src/prc/configVariable.h,2,9,11
/media/ullmann/HDDGabriel/research/engines/panda3d/panda/src/grutil/p3grutil_composite1.cxx,9,0,9
/media/ullmann/HDDGabriel/research/engines/panda3d/panda/src/grutil/fisheyeMaker.cxx,1,1,2
/media/ullmann/HDDGabriel/research/engines/panda3d/pandatool/src/win-stats/winStatsFlameGraph.h,1,2,3
/media/ullmann/HDDGabriel/research/engines/panda3d/pandatool/src/win-stats/winStatsGraph.h,1,7,8
/media/ullmann/HDDGabriel/research/engines/panda3d/panda/src/ode/odePlane2dJoint.h,3,4,7
/media/ullmann/HDDGabriel/research/engines/panda3d/panda/src/egldisplay/eglGraphicsPipe.cxx,6,1,7
/media/ullmann/HDDGabriel/research/engines/panda3d/panda/src/egldisplay/eglGraphicsBuffer.h,1,3,4
/media/ullmann/HDDGabriel/research/engines/panda3d/panda/src/egg/eggAttributes.cxx,4,1,5
/media/ullmann/HDDGabriel/research/engines/panda3d/panda/src/egg/eggMorphList.h,2,6,8
/media/ullmann/HDDGabriel/research/engines/panda3d/panda/src/pipeline/p3pipeline_composite2.cxx,23,0,23
/media/ullmann/HDDGabriel/research/engines/panda3d/panda/src/pipeline/reMutex.cxx,1,1,2
/media/ullmann/HDDGabriel/research/engines/panda3d/contrib/src/rplight/p3rplight_composite1.cxx,13,0,13
/media/ullmann/HDDGabriel/research/engines/panda3d/contrib/src/rplight/pssmCameraRig.cxx,1,1,2
/media/ullmann/HDDGabriel/research/engines/panda3d/panda/src/nativenet/time_base.h,4,1,5
/media/ullmann/HDDGabriel/research/engines/panda3d/panda/src/nativenet/time_clock.h,0,1,1
/media/ullmann/HDDGabriel/research/engines/panda3d/panda/src/display/mouseAndKeyboard.cxx,2,1,3
/media/ullmann/HDDGabriel/research/engines/panda3d/panda/src/net/netDatagram.h,3,22,25
/media/ullmann/HDDGabriel/research/engines/panda3d/panda/src/net/connection.h,1,16,17
/media/ullmann/HDDGabriel/research/engines/panda3d/panda/src/gobj/shader.cxx,2,1,3
/media/ullmann/HDDGabriel/research/engines/panda3d/panda/src/gobj/preparedGraphicsObjects.h,10,13,23
/media/ullmann/HDDGabriel/research/engines/panda3d/pandatool/src/lwo/lwoSurfaceBlockHeader.cxx,6,1,7
/media/ullmann/HDDGabriel/research/engines/panda3d/pandatool/src/lwo/lwoSurfaceBlockChannel.h,1,3,4
/media/ullmann/HDDGabriel/research/engines/panda3d/direct/src/interval/hideInterval.cxx,1,1,2
/media/ullmann/HDDGabriel/research/engines/panda3d/direct/src/interval/hideInterval.h,2,2,4
/media/ullmann/HDDGabriel/research/engines/panda3d/panda/src/gobj/geomPrimitive.cxx,14,1,15
/media/ullmann/HDDGabriel/research/engines/panda3d/panda/src/gobj/geomTriangles.h,1,6,7
/media/ullmann/HDDGabriel/research/engines/panda3d/pandatool/src/lwo/lwoInputFile.h,2,32,34
/media/ullmann/HDDGabriel/research/engines/panda3d/panda/src/linmath/aa_luse.h,11,1,12
/media/ullmann/HDDGabriel/research/engines/panda3d/panda/src/linmath/lvec2_ops.h,7,2,9
/media/ullmann/HDDGabriel/research/engines/panda3d/dtool/src/dtoolbase/mutexDummyImpl.h,3,2,5
/media/ullmann/HDDGabriel/research/engines/panda3d/dtool/src/dtoolbase/mutexDummyImpl.I,0,1,1
/media/ullmann/HDDGabriel/research/engines/panda3d/panda/src/ode/odeMass.h,2,3,5
/media/ullmann/HDDGabriel/research/engines/panda3d/panda/src/ode/ode_includes.h,0,34,34
/media/ullmann/HDDGabriel/research/engines/panda3d/dtool/src/dtoolbase/deletedBufferChain.h,8,3,11
/media/ullmann/HDDGabriel/research/engines/panda3d/dtool/src/dtoolbase/deletedBufferChain.I,0,1,1
/media/ullmann/HDDGabriel/research/engines/panda3d/panda/src/text/default_font.cxx,4,1,5
/media/ullmann/HDDGabriel/research/engines/panda3d/panda/src/text/default_font.h,0,2,2
/media/ullmann/HDDGabriel/research/engines/panda3d/panda/src/downloader/documentSpec.h,4,2,6
/media/ullmann/HDDGabriel/research/engines/panda3d/panda/src/downloader/httpDate.h,1,3,4
/media/ullmann/HDDGabriel/research/engines/panda3d/panda/src/mathutil/look_at.h,1,2,3
/media/ullmann/HDDGabriel/research/engines/panda3d/panda/src/mathutil/look_at_src.h,1,1,2
/media/ullmann/HDDGabriel/research/engines/panda3d/dtool/src/prc/configVariableManager.h,3,3,6
/media/ullmann/HDDGabriel/research/engines/panda3d/dtool/src/prc/configVariableManager.I,0,1,1
/media/ullmann/HDDGabriel/research/engines/panda3d/panda/src/pgraph/lightAttrib.cxx,5,1,6
/media/ullmann/HDDGabriel/research/engines/panda3d/pandatool/src/eggbase/eggWriter.cxx,1,1,2
/media/ullmann/HDDGabriel/research/engines/panda3d/dtool/src/cppparser/cppToken.cxx,3,1,4
/media/ullmann/HDDGabriel/research/engines/panda3d/panda/src/bullet/config_bullet.cxx,35,1,36
/media/ullmann/HDDGabriel/research/engines/panda3d/panda/src/bullet/bulletMinkowskiSumShape.h,4,2,6
/media/ullmann/HDDGabriel/research/engines/panda3d/panda/src/gobj/geomPoints.cxx,1,1,2
/media/ullmann/HDDGabriel/research/engines/panda3d/panda/src/pstatclient/pStatFrameData.cxx,3,1,4
/media/ullmann/HDDGabriel/research/engines/panda3d/panda/src/cull/p3cull_composite1.cxx,4,0,4
/media/ullmann/HDDGabriel/research/engines/panda3d/panda/src/cull/cullBinFixed.cxx,1,1,2
/media/ullmann/HDDGabriel/research/engines/panda3d/panda/src/event/event.cxx,2,1,3
/media/ullmann/HDDGabriel/research/engines/panda3d/panda/src/event/config_event.h,0,11,11
/media/ullmann/HDDGabriel/research/engines/panda3d/panda/src/pgui/pgSliderBar.h,5,4,9
/media/ullmann/HDDGabriel/research/engines/panda3d/panda/src/pgui/pgButtonNotify.h,2,3,5
/media/ullmann/HDDGabriel/research/engines/panda3d/pandatool/src/flt/fltTransformPut.h,1,3,4
/media/ullmann/HDDGabriel/research/engines/panda3d/pandatool/src/flt/fltTransformRecord.h,1,10,11
/media/ullmann/HDDGabriel/research/engines/panda3d/pandatool/src/palettizer/palettizer.h,1,14,15
/media/ullmann/HDDGabriel/research/engines/panda3d/pandatool/src/palettizer/txaFile.h,1,2,3
/media/ullmann/HDDGabriel/research/engines/panda3d/panda/src/egg/eggPolygon.cxx,2,1,3
/media/ullmann/HDDGabriel/research/engines/panda3d/panda/src/egg/eggPolygon.h,2,10,12
/media/ullmann/HDDGabriel/research/engines/panda3d/panda/src/pstatclient/pStatClientControlMessage.cxx,3,1,4
/media/ullmann/HDDGabriel/research/engines/panda3d/panda/src/pstatclient/pStatClientVersion.h,1,3,4
/media/ullmann/HDDGabriel/research/engines/panda3d/panda/src/gobj/userVertexSlider.h,2,2,4
/media/ullmann/HDDGabriel/research/engines/panda3d/panda/src/gobj/userVertexSlider.I,0,1,1
/media/ullmann/HDDGabriel/research/engines/panda3d/panda/src/egg/eggPolygon.I,0,1,1
/media/ullmann/HDDGabriel/research/engines/panda3d/panda/src/pandabase/pandabase.h,1,1,2
/media/ullmann/HDDGabriel/research/engines/panda3d/panda/src/pandabase/pandasymbols.h,0,1,1
/media/ullmann/HDDGabriel/research/engines/panda3d/panda/src/mathutil/config_mathutil.cxx,12,1,13
/media/ullmann/HDDGabriel/research/engines/panda3d/panda/src/mathutil/boundingBox.h,3,8,11
/media/ullmann/HDDGabriel/research/engines/panda3d/panda/src/gobj/bufferContext.h,4,7,11
/media/ullmann/HDDGabriel/research/engines/panda3d/dtool/src/cppparser/cppPreprocessor.cxx,16,1,17
/media/ullmann/HDDGabriel/research/engines/panda3d/dtool/src/cppparser/cppTemplateParameterList.h,1,7,8
/media/ullmann/HDDGabriel/research/engines/panda3d/panda/src/pgraph/planeNode.cxx,3,1,4
/media/ullmann/HDDGabriel/research/engines/panda3d/panda/src/pgraph/planeNode.h,2,5,7
/media/ullmann/HDDGabriel/research/engines/panda3d/panda/src/downloader/download_utils.cxx,2,1,3
/media/ullmann/HDDGabriel/research/engines/panda3d/panda/src/recorder/socketStreamRecorder.h,2,2,4
/media/ullmann/HDDGabriel/research/engines/panda3d/panda/src/recorder/recorderBase.h,1,6,7
/media/ullmann/HDDGabriel/research/engines/panda3d/panda/src/express/p3express_composite1.cxx,33,0,33
/media/ullmann/HDDGabriel/research/engines/panda3d/panda/src/express/datagramSink.cxx,2,1,3
/media/ullmann/HDDGabriel/research/engines/panda3d/panda/src/collide/collisionHandlerFloor.cxx,4,1,5
/media/ullmann/HDDGabriel/research/engines/panda3d/panda/src/bullet/bulletHingeConstraint.h,4,2,6
/media/ullmann/HDDGabriel/research/engines/panda3d/pandatool/src/egg-mkfont/eggMakeFont.cxx,2,1,3
/media/ullmann/HDDGabriel/research/engines/panda3d/pandatool/src/egg-mkfont/rangeIterator.h,2,2,4
/media/ullmann/HDDGabriel/research/engines/panda3d/panda/src/pgraph/cullBinManager.cxx,4,1,5
/media/ullmann/HDDGabriel/research/engines/panda3d/panda/src/pgraph/cullResult.h,6,3,9
/media/ullmann/HDDGabriel/research/engines/panda3d/pandatool/src/lwo/iffGenericChunk.cxx,2,1,3
/media/ullmann/HDDGabriel/research/engines/panda3d/pandatool/src/flt/fltExternalReference.cxx,4,1,5
/media/ullmann/HDDGabriel/research/engines/panda3d/pandatool/src/flt/fltExternalReference.h,1,3,4
/media/ullmann/HDDGabriel/research/engines/panda3d/panda/src/particlesystem/boxEmitter.cxx,1,1,2
/media/ullmann/HDDGabriel/research/engines/panda3d/panda/src/particlesystem/boxEmitter.h,2,2,4
/media/ullmann/HDDGabriel/research/engines/panda3d/panda/src/putil/writableConfigurable.h,1,2,3
/media/ullmann/HDDGabriel/research/engines/panda3d/panda/src/putil/typedWritable.h,3,9,12
/media/ullmann/HDDGabriel/research/engines/panda3d/panda/src/pnmimage/pnmImage.h,4,4,8
/media/ullmann/HDDGabriel/research/engines/panda3d/panda/src/pipeline/conditionVarDebug.cxx,3,1,4
/media/ullmann/HDDGabriel/research/engines/panda3d/panda/src/pgraphnodes/sceneGraphAnalyzer.cxx,2,1,3
/media/ullmann/HDDGabriel/research/engines/panda3d/panda/src/pgraphnodes/lodNode.h,2,4,6
/media/ullmann/HDDGabriel/research/engines/panda3d/panda/src/pgraphnodes/config_pgraphnodes.h,1,5,6
/media/ullmann/HDDGabriel/research/engines/panda3d/panda/src/express/pointerTo.h,2,14,16
/media/ullmann/HDDGabriel/research/engines/panda3d/panda/src/event/p3event_composite1.cxx,12,0,12
/media/ullmann/HDDGabriel/research/engines/panda3d/panda/src/event/pointerEvent.cxx,1,1,2
/media/ullmann/HDDGabriel/research/engines/panda3d/panda/src/pgraph/cullTraverserData.cxx,10,1,11
/media/ullmann/HDDGabriel/research/engines/panda3d/panda/src/tinydisplay/tinyXGraphicsPipe.cxx,5,1,6
/media/ullmann/HDDGabriel/research/engines/panda3d/pandatool/src/flt/fltGeometry.h,4,4,8
/media/ullmann/HDDGabriel/research/engines/panda3d/dtool/src/interrogate/parameterRemap.h,1,14,15
/media/ullmann/HDDGabriel/research/engines/panda3d/panda/src/pgraph/cullResult.cxx,17,1,18
/media/ullmann/HDDGabriel/research/engines/panda3d/panda/src/pgraph/alphaTestAttrib.h,2,4,6
/media/ullmann/HDDGabriel/research/engines/panda3d/panda/src/device/clientDevice.h,2,7,9
/media/ullmann/HDDGabriel/research/engines/panda3d/panda/src/device/inputDeviceSet.h,2,2,4
/media/ullmann/HDDGabriel/research/engines/panda3d/dtool/src/dtoolbase/mutexImpl.h,6,4,10
/media/ullmann/HDDGabriel/research/engines/panda3d/panda/src/movies/vorbisAudioCursor.cxx,3,1,4
/media/ullmann/HDDGabriel/research/engines/panda3d/panda/src/movies/vorbisAudioCursor.h,2,3,5
/media/ullmann/HDDGabriel/research/engines/panda3d/dtool/src/dtoolbase/plist.h,3,0,3
/media/ullmann/HDDGabriel/research/engines/panda3d/panda/src/linmath/lmatrix.h,9,8,17
/media/ullmann/HDDGabriel/research/engines/panda3d/panda/src/linmath/lvecBase3.h,8,8,16
/media/ullmann/HDDGabriel/research/engines/panda3d/panda/src/tform/mouseWatcherRegion.cxx,1,1,2
/media/ullmann/HDDGabriel/research/engines/panda3d/panda/src/tform/mouseWatcherRegion.h,1,4,5
/media/ullmann/HDDGabriel/research/engines/panda3d/panda/src/pipeline/cycleData.cxx,1,1,2
/media/ullmann/HDDGabriel/research/engines/panda3d/dtool/src/interrogatedb/py_compat.h,0,2,2
/media/ullmann/HDDGabriel/research/engines/panda3d/panda/src/gobj/texturePool_ext.h,2,1,3
/media/ullmann/HDDGabriel/research/engines/panda3d/panda/src/gobj/texturePool.h,4,4,8
/media/ullmann/HDDGabriel/research/engines/panda3d/panda/src/pgraph/cullBin.h,3,4,7
/media/ullmann/HDDGabriel/research/engines/panda3d/panda/src/linmath/lpoint2.h,6,5,11
/media/ullmann/HDDGabriel/research/engines/panda3d/panda/src/linmath/lpoint2_src.h,1,1,2
/media/ullmann/HDDGabriel/research/engines/panda3d/panda/src/pipeline/threadSimpleManager.cxx,4,1,5
/media/ullmann/HDDGabriel/research/engines/panda3d/panda/src/pipeline/blockerSimple.h,1,3,4
/media/ullmann/HDDGabriel/research/engines/panda3d/panda/src/ode/odeRayGeom.h,3,4,7
/media/ullmann/HDDGabriel/research/engines/panda3d/dtool/src/dtoolbase/addHash.cxx,1,1,2
/media/ullmann/HDDGabriel/research/engines/panda3d/dtool/src/dtoolbase/addHash.h,4,2,6
/media/ullmann/HDDGabriel/research/engines/panda3d/dtool/src/cppparser/cppMakeProperty.h,2,1,3
/media/ullmann/HDDGabriel/research/engines/panda3d/dtool/src/cppparser/cppDeclaration.h,3,13,16
/media/ullmann/HDDGabriel/research/engines/panda3d/panda/src/putil/writableParam.cxx,1,1,2
/media/ullmann/HDDGabriel/research/engines/panda3d/panda/src/putil/writableParam.h,2,3,5
/media/ullmann/HDDGabriel/research/engines/panda3d/dtool/src/parser-inc/inttypes.h,1,1,2
/media/ullmann/HDDGabriel/research/engines/panda3d/dtool/src/parser-inc/stdint.h,0,2,2
/media/ullmann/HDDGabriel/research/engines/panda3d/panda/src/egg/eggNode.cxx,6,1,7
/media/ullmann/HDDGabriel/research/engines/panda3d/panda/src/pgraph/decalEffect.h,2,5,7
/media/ullmann/HDDGabriel/research/engines/panda3d/panda/src/glxdisplay/glxGraphicsPipe.cxx,7,1,8
/media/ullmann/HDDGabriel/research/engines/panda3d/panda/src/glxdisplay/glxGraphicsStateGuardian.h,4,6,10
/media/ullmann/HDDGabriel/research/engines/panda3d/pandatool/src/eggprogs/eggTopstrip.cxx,1,0,1
/media/ullmann/HDDGabriel/research/engines/panda3d/pandatool/src/eggprogs/eggTopstrip.h,0,1,1
/media/ullmann/HDDGabriel/research/engines/panda3d/panda/src/express/virtualFile.cxx,4,1,5
/media/ullmann/HDDGabriel/research/engines/panda3d/panda/src/gobj/savedContext.h,1,5,6
/media/ullmann/HDDGabriel/research/engines/panda3d/panda/src/framework/pandaFramework.h,3,2,5
/media/ullmann/HDDGabriel/research/engines/panda3d/panda/src/framework/windowFramework.h,1,3,4
/media/ullmann/HDDGabriel/research/engines/panda3d/contrib/src/ai/obstacleAvoidance.h,1,3,4
/media/ullmann/HDDGabriel/research/engines/panda3d/dtool/src/prc/notifyCategoryProxy.h,4,1,5
/media/ullmann/HDDGabriel/research/engines/panda3d/direct/src/distributed/cConnectionRepository.h,1,2,3
/media/ullmann/HDDGabriel/research/engines/panda3d/direct/src/distributed/cConnectionRepository.I,0,1,1
/media/ullmann/HDDGabriel/research/engines/panda3d/panda/src/pgraphnodes/sequenceNode.cxx,1,1,2
/media/ullmann/HDDGabriel/research/engines/panda3d/panda/src/pgraphnodes/sequenceNode.h,2,2,4
/media/ullmann/HDDGabriel/research/engines/panda3d/panda/src/physics/linearIntegrator.h,3,4,7
/media/ullmann/HDDGabriel/research/engines/panda3d/panda/src/physics/physicsObject.h,1,7,8
/media/ullmann/HDDGabriel/research/engines/panda3d/panda/src/gobj/geomMunger.I,0,1,1
/media/ullmann/HDDGabriel/research/engines/panda3d/panda/src/putil/keyboardButton.h,1,2,3
/media/ullmann/HDDGabriel/research/engines/panda3d/panda/src/putil/buttonHandle.h,1,8,9
/media/ullmann/HDDGabriel/research/engines/panda3d/pandatool/src/palettizer/paletteImage.h,1,8,9
/media/ullmann/HDDGabriel/research/engines/panda3d/panda/src/physics/baseIntegrator.h,3,3,6
/media/ullmann/HDDGabriel/research/engines/panda3d/panda/src/physics/angularForce.h,1,7,8
/media/ullmann/HDDGabriel/research/engines/panda3d/pandatool/src/mayaegg/mayaNodeDesc.h,1,3,4
/media/ullmann/HDDGabriel/research/engines/panda3d/pandatool/src/mayaegg/mayaBlendDesc.h,0,6,6
/media/ullmann/HDDGabriel/research/engines/panda3d/panda/src/putil/bamReader.h,7,12,19
/media/ullmann/HDDGabriel/research/engines/panda3d/panda/src/putil/bamEnums.h,0,4,4
/media/ullmann/HDDGabriel/research/engines/panda3d/panda/src/pipeline/conditionVar.h,3,4,7
/media/ullmann/HDDGabriel/research/engines/panda3d/panda/src/pipeline/conditionVarDebug.h,3,3,6
/media/ullmann/HDDGabriel/research/engines/panda3d/pandatool/src/lwo/lwoSurfaceBlockTransform.cxx,2,1,3
/media/ullmann/HDDGabriel/research/engines/panda3d/panda/src/bullet/bulletBodyNode.cxx,10,1,11
/media/ullmann/HDDGabriel/research/engines/panda3d/panda/src/particlesystem/zSpinParticle.cxx,1,1,2
/media/ullmann/HDDGabriel/research/engines/panda3d/panda/src/particlesystem/zSpinParticle.h,2,2,4
/media/ullmann/HDDGabriel/research/engines/panda3d/panda/src/pgraphnodes/p3pgraphnodes_composite1.cxx,11,0,11
/media/ullmann/HDDGabriel/research/engines/panda3d/panda/src/pgraphnodes/fadeLodNodeData.cxx,1,1,2
/media/ullmann/HDDGabriel/research/engines/panda3d/panda/src/pnmimagetypes/p3pnmimagetypes_composite2.cxx,10,0,10
/media/ullmann/HDDGabriel/research/engines/panda3d/panda/src/pnmimagetypes/pnmFileTypeTGA.cxx,2,1,3
/media/ullmann/HDDGabriel/research/engines/panda3d/pandatool/src/pandatoolbase/pathReplace.h,3,1,4
/media/ullmann/HDDGabriel/research/engines/panda3d/pandatool/src/pandatoolbase/pathReplace.I,0,1,1
/media/ullmann/HDDGabriel/research/engines/panda3d/panda/src/pnmimagetypes/p3pnmimagetypes_composite1.cxx,9,0,9
/media/ullmann/HDDGabriel/research/engines/panda3d/panda/src/pnmimagetypes/pnmFileTypeJPGReader.cxx,2,1,3
/media/ullmann/HDDGabriel/research/engines/panda3d/panda/src/bullet/bulletGhostNode.cxx,3,1,4
/media/ullmann/HDDGabriel/research/engines/panda3d/panda/src/bullet/bulletGhostNode.h,4,4,8
/media/ullmann/HDDGabriel/research/engines/panda3d/panda/src/linmath/lvecBase4.cxx,5,1,6
/media/ullmann/HDDGabriel/research/engines/panda3d/panda/src/linmath/dblnames.h,0,43,43
/media/ullmann/HDDGabriel/research/engines/panda3d/panda/src/egg/eggLine.h,2,2,4
/media/ullmann/HDDGabriel/research/engines/panda3d/pandatool/src/flt/fltVectorRecord.cxx,3,1,4
/media/ullmann/HDDGabriel/research/engines/panda3d/panda/src/movies/inkblotVideoCursor.cxx,2,1,3
/media/ullmann/HDDGabriel/research/engines/panda3d/panda/src/bullet/bulletVehicle.cxx,5,1,6
/media/ullmann/HDDGabriel/research/engines/panda3d/panda/src/bullet/config_bullet.h,1,13,14
/media/ullmann/HDDGabriel/research/engines/panda3d/dtool/src/interrogate/interrogate_composite1.cxx,12,0,12
/media/ullmann/HDDGabriel/research/engines/panda3d/dtool/src/interrogate/interfaceMakerPythonObj.cxx,8,1,9
/media/ullmann/HDDGabriel/research/engines/panda3d/dtool/src/prc/p3prc_composite2.cxx,15,0,15
/media/ullmann/HDDGabriel/research/engines/panda3d/dtool/src/prc/notifyCategory.cxx,7,1,8
/media/ullmann/HDDGabriel/research/engines/panda3d/panda/src/movies/config_movies.cxx,19,1,20
/media/ullmann/HDDGabriel/research/engines/panda3d/panda/src/movies/movieAudioCursor.h,2,9,11
/media/ullmann/HDDGabriel/research/engines/panda3d/pandatool/src/flt/p3flt_composite1.cxx,39,0,39
/media/ullmann/HDDGabriel/research/engines/panda3d/panda/src/pnmimagetypes/pnmFileTypeTIFF.cxx,2,1,3
/media/ullmann/HDDGabriel/research/engines/panda3d/panda/src/pnmimagetypes/pnmFileTypeTIFF.h,0,2,2
/media/ullmann/HDDGabriel/research/engines/panda3d/panda/src/putil/simpleHashMap.h,2,2,4
/media/ullmann/HDDGabriel/research/engines/panda3d/panda/src/express/datagramSink.h,2,1,3
/media/ullmann/HDDGabriel/research/engines/panda3d/panda/src/express/datagram.h,2,10,12
/media/ullmann/HDDGabriel/research/engines/panda3d/dtool/src/dtoolutil/filename.h,4,11,15
/media/ullmann/HDDGabriel/research/engines/panda3d/dtool/src/dtoolutil/filename.I,0,1,1
/media/ullmann/HDDGabriel/research/engines/panda3d/panda/src/device/linuxInputDeviceManager.h,1,4,5
/media/ullmann/HDDGabriel/research/engines/panda3d/panda/src/device/inputDeviceManager.h,4,8,12
/media/ullmann/HDDGabriel/research/engines/panda3d/pandatool/src/eggcharbase/eggCharacterDb.cxx,2,1,3
/media/ullmann/HDDGabriel/research/engines/panda3d/pandatool/src/eggcharbase/eggCharacterDb.h,1,5,6
/media/ullmann/HDDGabriel/research/engines/panda3d/panda/src/linmath/compose_matrix.h,11,3,14
/media/ullmann/HDDGabriel/research/engines/panda3d/panda/src/linmath/lvec3_ops.h,7,2,9
/media/ullmann/HDDGabriel/research/engines/panda3d/dtool/src/dtoolbase/memoryHook.cxx,5,1,6
/media/ullmann/HDDGabriel/research/engines/panda3d/dtool/src/dtoolbase/ptmalloc2_smp_src.cxx,1,1,2
/media/ullmann/HDDGabriel/research/engines/panda3d/panda/src/gobj/bufferResidencyTracker.h,2,3,5
/media/ullmann/HDDGabriel/research/engines/panda3d/panda/src/gobj/bufferResidencyTracker.I,0,1,1
/media/ullmann/HDDGabriel/research/engines/panda3d/panda/src/x11display/x11GraphicsWindow.cxx,3,1,4
/media/ullmann/HDDGabriel/research/engines/panda3d/panda/src/x11display/x11GraphicsWindow.h,2,3,5
/media/ullmann/HDDGabriel/research/engines/panda3d/panda/src/bullet/bulletTranslationalLimitMotor.h,3,2,5
/media/ullmann/HDDGabriel/research/engines/panda3d/panda/src/linmath/lvector3.cxx,5,1,6
/media/ullmann/HDDGabriel/research/engines/panda3d/panda/src/linmath/lvector3.h,8,8,16
/media/ullmann/HDDGabriel/research/engines/panda3d/panda/src/androiddisplay/config_androiddisplay.cxx,4,1,5
/media/ullmann/HDDGabriel/research/engines/panda3d/panda/src/androiddisplay/androidGraphicsPipe.h,1,5,6
/media/ullmann/HDDGabriel/research/engines/panda3d/panda/src/audiotraits/fmod_audio_composite1.cxx,3,0,3
/media/ullmann/HDDGabriel/research/engines/panda3d/panda/src/audiotraits/fmodAudioSound.cxx,2,1,3
/media/ullmann/HDDGabriel/research/engines/panda3d/panda/src/mathutil/geometricBoundingVolume.I,0,1,1
/media/ullmann/HDDGabriel/research/engines/panda3d/panda/src/gobj/geomVertexWriter.h,4,7,11
/media/ullmann/HDDGabriel/research/engines/panda3d/panda/src/pgui/pgEntry.h,2,3,5
/media/ullmann/HDDGabriel/research/engines/panda3d/panda/src/linmath/lvec4_ops.h,7,1,8
/media/ullmann/HDDGabriel/research/engines/panda3d/panda/src/tinydisplay/zdither.cxx,1,1,2
/media/ullmann/HDDGabriel/research/engines/panda3d/pandatool/src/egg-mkfont/egg-mkfont_composite1.cxx,3,0,3
/media/ullmann/HDDGabriel/research/engines/panda3d/panda/src/tinydisplay/clip.cxx,1,1,2
/media/ullmann/HDDGabriel/research/engines/panda3d/pandatool/src/xfile/xLexerDefs.h,0,5,5
/media/ullmann/HDDGabriel/research/engines/panda3d/pandatool/src/progbase/programBase.cxx,2,1,3
/media/ullmann/HDDGabriel/research/engines/panda3d/pandatool/src/progbase/programBase.h,1,4,5
/media/ullmann/HDDGabriel/research/engines/panda3d/panda/src/bullet/bulletSoftBodyControl.cxx,1,1,2
/media/ullmann/HDDGabriel/research/engines/panda3d/panda/src/pgraphnodes/uvScrollNode.h,1,2,3
/media/ullmann/HDDGabriel/research/engines/panda3d/panda/src/pgraphnodes/uvScrollNode.I,0,1,1
/media/ullmann/HDDGabriel/research/engines/panda3d/panda/src/x11display/x11GraphicsPipe.h,2,4,6
/media/ullmann/HDDGabriel/research/engines/panda3d/panda/src/x11display/x11GraphicsPipe.I,0,1,1
/media/ullmann/HDDGabriel/research/engines/panda3d/panda/src/collide/collisionTraverser.h,3,5,8
/media/ullmann/HDDGabriel/research/engines/panda3d/panda/src/nativenet/buffered_datagramwriter.h,2,1,3
/media/ullmann/HDDGabriel/research/engines/panda3d/panda/src/nativenet/ringbuffer.h,2,2,4
/media/ullmann/HDDGabriel/research/engines/panda3d/panda/src/char/jointVertexTransform.h,2,4,6
/media/ullmann/HDDGabriel/research/engines/panda3d/panda/src/char/jointVertexTransform.I,0,1,1
/media/ullmann/HDDGabriel/research/engines/panda3d/panda/src/chan/animControl.cxx,4,1,5
/media/ullmann/HDDGabriel/research/engines/panda3d/panda/src/chan/animChannelBase.h,3,6,9
/media/ullmann/HDDGabriel/research/engines/panda3d/dtool/src/cppparser/cppSimpleType.h,1,9,10
/media/ullmann/HDDGabriel/research/engines/panda3d/panda/src/nativenet/socket_udp_incoming.h,1,4,5
/media/ullmann/HDDGabriel/research/engines/panda3d/panda/src/collide/collisionSolid.cxx,10,1,11
/media/ullmann/HDDGabriel/research/engines/panda3d/panda/src/collide/collisionRay.h,2,11,13
/media/ullmann/HDDGabriel/research/engines/panda3d/pandatool/src/daeegg/p3daeegg_composite1.cxx,4,0,4
/media/ullmann/HDDGabriel/research/engines/panda3d/pandatool/src/daeegg/daeToEggConverter.cxx,4,1,5
/media/ullmann/HDDGabriel/research/engines/panda3d/panda/src/dgraph/config_dgraph.cxx,3,1,4
/media/ullmann/HDDGabriel/research/engines/panda3d/panda/src/dgraph/dataNodeTransmit.h,1,4,5
/media/ullmann/HDDGabriel/research/engines/panda3d/panda/src/tform/p3tform_composite1.cxx,5,0,5
/media/ullmann/HDDGabriel/research/engines/panda3d/panda/src/tform/mouseInterfaceNode.cxx,1,1,2
/media/ullmann/HDDGabriel/research/engines/panda3d/panda/src/bullet/bulletWorld.cxx,7,1,8
/media/ullmann/HDDGabriel/research/engines/panda3d/panda/src/parametrics/nurbsSurfaceResult.h,2,2,4
/media/ullmann/HDDGabriel/research/engines/panda3d/panda/src/parametrics/nurbsBasisVector.h,1,5,6
/media/ullmann/HDDGabriel/research/engines/panda3d/panda/src/pgraph/loaderFileType.cxx,2,1,3
/media/ullmann/HDDGabriel/research/engines/panda3d/panda/src/physics/physical.h,5,4,9
/media/ullmann/HDDGabriel/research/engines/panda3d/panda/src/physics/physicsObjectCollection.h,2,2,4
/media/ullmann/HDDGabriel/research/engines/panda3d/panda/src/egg2pg/eggRenderState.cxx,2,1,3
/media/ullmann/HDDGabriel/research/engines/panda3d/panda/src/egg2pg/config_egg2pg.h,0,8,8
/media/ullmann/HDDGabriel/research/engines/panda3d/panda/src/linmath/lquaternion.cxx,4,1,5
/media/ullmann/HDDGabriel/research/engines/panda3d/direct/src/interval/showInterval.h,2,2,4
/media/ullmann/HDDGabriel/research/engines/panda3d/panda/src/pgraph/test_pgraph.cxx,4,0,4
/media/ullmann/HDDGabriel/research/engines/panda3d/panda/src/pgraph/nodePathCollection.h,2,6,8
/media/ullmann/HDDGabriel/research/engines/panda3d/panda/src/pgraph/texGenAttrib.cxx,1,1,2
/media/ullmann/HDDGabriel/research/engines/panda3d/panda/src/pgraph/texGenAttrib.h,3,5,8
/media/ullmann/HDDGabriel/research/engines/panda3d/panda/src/movies/vorbisAudio.cxx,2,1,3
/media/ullmann/HDDGabriel/research/engines/panda3d/dtool/src/parser-inc/time.h,1,0,1
/media/ullmann/HDDGabriel/research/engines/panda3d/dtool/src/parser-inc/stdtypedefs.h,0,5,5
/media/ullmann/HDDGabriel/research/engines/panda3d/panda/src/putil/datagramBuffer.h,1,2,3
/media/ullmann/HDDGabriel/research/engines/panda3d/panda/src/putil/datagramBuffer.I,0,1,1
/media/ullmann/HDDGabriel/research/engines/panda3d/panda/src/mathutil/test_mathutil.cxx,4,0,4
/media/ullmann/HDDGabriel/research/engines/panda3d/panda/src/mathutil/boundingSphere.h,2,8,10
/media/ullmann/HDDGabriel/research/engines/panda3d/dtool/src/dtoolutil/filename.cxx,5,1,6
/media/ullmann/HDDGabriel/research/engines/panda3d/dtool/src/dtoolutil/vector_string.h,1,7,8
/media/ullmann/HDDGabriel/research/engines/panda3d/panda/src/chan/p3chan_composite2.cxx,11,0,11
/media/ullmann/HDDGabriel/research/engines/panda3d/panda/src/chan/bindAnimRequest.cxx,4,1,5
/media/ullmann/HDDGabriel/research/engines/panda3d/panda/src/pgui/pgMouseWatcherGroup.h,1,4,5
/media/ullmann/HDDGabriel/research/engines/panda3d/panda/src/pgui/pgMouseWatcherGroup.I,0,1,1
/media/ullmann/HDDGabriel/research/engines/panda3d/panda/src/gobj/geomVertexAnimationSpec.h,2,3,5
/media/ullmann/HDDGabriel/research/engines/panda3d/panda/src/gobj/geomVertexAnimationSpec.I,0,1,1
/media/ullmann/HDDGabriel/research/engines/panda3d/panda/src/movies/flacAudio.h,1,3,4
/media/ullmann/HDDGabriel/research/engines/panda3d/panda/src/recorder/recorderFrame.cxx,3,1,4
/media/ullmann/HDDGabriel/research/engines/panda3d/panda/src/recorder/config_recorder.h,0,5,5
/media/ullmann/HDDGabriel/research/engines/panda3d/panda/src/egldisplay/p3egldisplay_composite1.cxx,6,0,6
/media/ullmann/HDDGabriel/research/engines/panda3d/panda/src/downloader/urlSpec.h,1,9,10
/media/ullmann/HDDGabriel/research/engines/panda3d/pandatool/src/fltprogs/fltToEgg.cxx,1,0,1
/media/ullmann/HDDGabriel/research/engines/panda3d/pandatool/src/fltprogs/fltToEgg.h,0,1,1
/media/ullmann/HDDGabriel/research/engines/panda3d/panda/src/egg/eggVertexPool.h,4,11,15
/media/ullmann/HDDGabriel/research/engines/panda3d/panda/src/egg/eggVertexPool.I,0,1,1
/media/ullmann/HDDGabriel/research/engines/panda3d/panda/src/tinydisplay/tinySDLGraphicsPipe.h,1,4,5
/media/ullmann/HDDGabriel/research/engines/panda3d/panda/src/tinydisplay/tinySDLGraphicsPipe.I,0,1,1
/media/ullmann/HDDGabriel/research/engines/panda3d/dtool/src/interrogate/interfaceMakerPythonNative.cxx,6,1,7
/media/ullmann/HDDGabriel/research/engines/panda3d/dtool/src/interrogate/interfaceMakerPythonNative.h,1,2,3
/media/ullmann/HDDGabriel/research/engines/panda3d/panda/src/wgldisplay/wglGraphicsBuffer.h,2,4,6
/media/ullmann/HDDGabriel/research/engines/panda3d/panda/src/wgldisplay/wglext.h,0,2,2
/media/ullmann/HDDGabriel/research/engines/panda3d/panda/src/bullet/bulletConeTwistConstraint.h,4,2,6
/media/ullmann/HDDGabriel/research/engines/panda3d/panda/src/movies/movieVideoCursor.h,2,4,6
/media/ullmann/HDDGabriel/research/engines/panda3d/panda/src/movies/movieVideoCursor.I,0,1,1
/media/ullmann/HDDGabriel/research/engines/panda3d/panda/src/gobj/preparedGraphicsObjects.cxx,13,1,14
/media/ullmann/HDDGabriel/research/engines/panda3d/panda/src/bullet/bulletCharacterControllerNode.h,5,2,7
/media/ullmann/HDDGabriel/research/engines/panda3d/panda/src/bullet/bulletBaseCharacterControllerNode.h,4,4,8
/media/ullmann/HDDGabriel/research/engines/panda3d/pandatool/src/lwo/lwoPolygonTags.cxx,2,1,3
/media/ullmann/HDDGabriel/research/engines/panda3d/pandatool/src/lwo/lwoPolygonTags.h,1,3,4
/media/ullmann/HDDGabriel/research/engines/panda3d/panda/src/egg/eggTriangleStrip.h,2,4,6
/media/ullmann/HDDGabriel/research/engines/panda3d/panda/src/collide/collisionHandlerPusher.h,2,4,6
/media/ullmann/HDDGabriel/research/engines/panda3d/pandatool/src/lwo/lwoSurfaceBlockVMapName.cxx,2,1,3
/media/ullmann/HDDGabriel/research/engines/panda3d/dtool/src/parser-inc/string.h,1,1,2
/media/ullmann/HDDGabriel/research/engines/panda3d/dtool/src/dtoolbase/pdtoa.cxx,2,1,3
/media/ullmann/HDDGabriel/research/engines/panda3d/dtool/src/dtoolbase/cmath.h,2,2,4
/media/ullmann/HDDGabriel/research/engines/panda3d/dtool/src/cppparser/cppTypeDeclaration.h,1,2,3
/media/ullmann/HDDGabriel/research/engines/panda3d/dtool/src/cppparser/cppInstance.h,3,9,12
/media/ullmann/HDDGabriel/research/engines/panda3d/dtool/src/prc/configVariableString.h,2,5,7
/media/ullmann/HDDGabriel/research/engines/panda3d/dtool/src/prc/configVariableString.I,0,1,1
/media/ullmann/HDDGabriel/research/engines/panda3d/panda/src/collide/collisionHandlerPhysical_ext.cxx,2,1,3
/media/ullmann/HDDGabriel/research/engines/panda3d/panda/src/collide/collisionHandlerEvent_ext.h,1,2,3
/media/ullmann/HDDGabriel/research/engines/panda3d/panda/src/egg/eggCoordinateSystem_ext.h,1,1,2
/media/ullmann/HDDGabriel/research/engines/panda3d/panda/src/glstuff/glGeomMunger_src.h,1,1,2
/media/ullmann/HDDGabriel/research/engines/panda3d/dtool/src/dtoolbase/typeHandle.h,3,9,12
/media/ullmann/HDDGabriel/research/engines/panda3d/panda/src/pipeline/cycleDataLockedStageReader.h,3,2,5
/media/ullmann/HDDGabriel/research/engines/panda3d/panda/src/pipeline/cycleData.h,1,11,12
/media/ullmann/HDDGabriel/research/engines/panda3d/panda/src/chan/partBundleHandle.cxx,1,0,1
/media/ullmann/HDDGabriel/research/engines/panda3d/panda/src/chan/partBundleHandle.h,2,2,4
/media/ullmann/HDDGabriel/research/engines/panda3d/panda/src/egg/eggPoolUniquifier.h,1,3,4
/media/ullmann/HDDGabriel/research/engines/panda3d/panda/src/bullet/bulletTriangleMesh.I,0,1,1
/media/ullmann/HDDGabriel/research/engines/panda3d/panda/src/gobj/simpleAllocator.h,1,5,6
/media/ullmann/HDDGabriel/research/engines/panda3d/panda/src/gobj/simpleAllocator.I,0,1,1
/media/ullmann/HDDGabriel/research/engines/panda3d/panda/src/chan/config_chan.cxx,19,1,20
/media/ullmann/HDDGabriel/research/engines/panda3d/panda/src/chan/movingPartScalar.h,4,2,6
/media/ullmann/HDDGabriel/research/engines/panda3d/panda/src/bullet/bulletRigidBodyNode.h,4,11,15
/media/ullmann/HDDGabriel/research/engines/panda3d/pandatool/src/flt/fltTransformScale.cxx,3,1,4
/media/ullmann/HDDGabriel/research/engines/panda3d/pandatool/src/flt/fltTransformScale.h,1,3,4
/media/ullmann/HDDGabriel/research/engines/panda3d/panda/src/device/analogNode.cxx,2,1,3
/media/ullmann/HDDGabriel/research/engines/panda3d/panda/src/device/config_device.h,0,7,7
/media/ullmann/HDDGabriel/research/engines/panda3d/panda/src/pgraph/transformState_ext.h,1,1,2
/media/ullmann/HDDGabriel/research/engines/panda3d/pandatool/src/pstatserver/pStatClientData.cxx,2,1,3
/media/ullmann/HDDGabriel/research/engines/panda3d/panda/src/gobj/bufferResidencyTracker.cxx,2,1,3
/media/ullmann/HDDGabriel/research/engines/panda3d/panda/src/tinydisplay/tinySDLGraphicsWindow.h,3,3,6
/media/ullmann/HDDGabriel/research/engines/panda3d/panda/src/physics/physicalNode.cxx,2,1,3
/media/ullmann/HDDGabriel/research/engines/panda3d/panda/src/physics/physicsManager.h,7,4,11
/media/ullmann/HDDGabriel/research/engines/panda3d/panda/src/gobj/geomPatches.h,1,3,4
/media/ullmann/HDDGabriel/research/engines/panda3d/panda/src/express/virtualFileMount.cxx,4,1,5
/media/ullmann/HDDGabriel/research/engines/panda3d/panda/src/express/fileReference.h,2,5,7
/media/ullmann/HDDGabriel/research/engines/panda3d/panda/src/express/fileReference.I,0,1,1
/media/ullmann/HDDGabriel/research/engines/panda3d/panda/src/pgraph/polylightNode.h,4,4,8
/media/ullmann/HDDGabriel/research/engines/panda3d/panda/src/chan/movingPart.h,3,2,5
/media/ullmann/HDDGabriel/research/engines/panda3d/dtool/src/dtoolbase/memoryHook.I,0,1,1
/media/ullmann/HDDGabriel/research/engines/panda3d/dtool/src/cppparser/cppExpression.cxx,16,1,17
/media/ullmann/HDDGabriel/research/engines/panda3d/pandatool/src/flt/fltTransformRotateScale.cxx,3,1,4
/media/ullmann/HDDGabriel/research/engines/panda3d/panda/src/linmath/lrotation.h,4,2,6
/media/ullmann/HDDGabriel/research/engines/panda3d/panda/src/text/fontPool.h,2,2,4
/media/ullmann/HDDGabriel/research/engines/panda3d/panda/src/text/fontPool.I,0,1,1
/media/ullmann/HDDGabriel/research/engines/panda3d/pandatool/src/flt/config_flt.cxx,32,1,33
/media/ullmann/HDDGabriel/research/engines/panda3d/pandatool/src/flt/fltObject.h,1,3,4
/media/ullmann/HDDGabriel/research/engines/panda3d/panda/src/collide/collisionInvSphere.cxx,10,1,11
/media/ullmann/HDDGabriel/research/engines/panda3d/panda/src/collide/collisionCapsule.h,2,10,12
/media/ullmann/HDDGabriel/research/engines/panda3d/panda/src/physics/linearFrictionForce.h,2,2,4
/media/ullmann/HDDGabriel/research/engines/panda3d/panda/src/pgraph/p3pgraph_composite4.cxx,27,0,27
/media/ullmann/HDDGabriel/research/engines/panda3d/panda/src/pgraph/texMatrixAttrib.cxx,1,1,2
/media/ullmann/HDDGabriel/research/engines/panda3d/panda/src/audio/filterProperties.h,2,5,7
/media/ullmann/HDDGabriel/research/engines/panda3d/panda/src/audio/filterProperties.I,0,1,1
/media/ullmann/HDDGabriel/research/engines/panda3d/panda/src/text/textPropertiesManager.h,4,3,7
/media/ullmann/HDDGabriel/research/engines/panda3d/panda/src/text/config_text.h,1,13,14
/media/ullmann/HDDGabriel/research/engines/panda3d/panda/src/egldisplay/config_egldisplay.cxx,6,1,7
/media/ullmann/HDDGabriel/research/engines/panda3d/panda/src/egldisplay/eglGraphicsPipe.h,1,9,10
/media/ullmann/HDDGabriel/research/engines/panda3d/direct/src/interval/cConstrainPosHprInterval.h,2,2,4
/media/ullmann/HDDGabriel/research/engines/panda3d/panda/src/ode/odeFixedJoint.cxx,2,1,3
/media/ullmann/HDDGabriel/research/engines/panda3d/panda/src/ode/odeFixedJoint.h,3,4,7
/media/ullmann/HDDGabriel/research/engines/panda3d/panda/src/vision/p3vision_composite1.cxx,9,0,9
/media/ullmann/HDDGabriel/research/engines/panda3d/dtool/src/prc/configPageManager.cxx,7,1,8
/media/ullmann/HDDGabriel/research/engines/panda3d/dtool/src/prc/config_prc.h,1,12,13
/media/ullmann/HDDGabriel/research/engines/panda3d/panda/src/pipeline/conditionVarDirect.h,3,2,5
/media/ullmann/HDDGabriel/research/engines/panda3d/panda/src/pipeline/conditionVarImpl.h,5,4,9
/media/ullmann/HDDGabriel/research/engines/panda3d/panda/src/putil/copyOnWriteObject.cxx,1,1,2
/media/ullmann/HDDGabriel/research/engines/panda3d/panda/src/express/pta_double.h,1,3,4
/media/ullmann/HDDGabriel/research/engines/panda3d/panda/src/express/pointerToArray.h,2,7,9
/media/ullmann/HDDGabriel/research/engines/panda3d/panda/src/device/linuxJoystickDevice.cxx,3,1,4
/media/ullmann/HDDGabriel/research/engines/panda3d/panda/src/ode/p3ode_composite3.cxx,12,0,12
/media/ullmann/HDDGabriel/research/engines/panda3d/panda/src/ode/odeSimpleSpace.cxx,2,1,3
/media/ullmann/HDDGabriel/research/engines/panda3d/pandatool/src/xfile/xFileDataDef.cxx,8,1,9
/media/ullmann/HDDGabriel/research/engines/panda3d/pandatool/src/xfile/xFileDataObjectInteger.h,2,4,6
/media/ullmann/HDDGabriel/research/engines/panda3d/panda/src/windisplay/winGraphicsPipe.cxx,2,1,3
/media/ullmann/HDDGabriel/research/engines/panda3d/panda/src/windisplay/winGraphicsPipe.h,2,3,5
/media/ullmann/HDDGabriel/research/engines/panda3d/panda/src/pgraph/texProjectorEffect.h,3,3,6
/media/ullmann/HDDGabriel/research/engines/panda3d/panda/src/pgraph/texProjectorEffect.I,0,1,1
/media/ullmann/HDDGabriel/research/engines/panda3d/panda/src/cull/cullBinFixed.h,1,2,3
/media/ullmann/HDDGabriel/research/engines/panda3d/panda/src/pgraphnodes/directionalLight.h,2,3,5
/media/ullmann/HDDGabriel/research/engines/panda3d/panda/src/pgraphnodes/lightLensNode.h,1,8,9
/media/ullmann/HDDGabriel/research/engines/panda3d/panda/src/movies/inkblotVideoCursor.h,3,3,6
/media/ullmann/HDDGabriel/research/engines/panda3d/panda/src/movies/inkblotVideoCursor.I,0,1,1
/media/ullmann/HDDGabriel/research/engines/panda3d/panda/src/pgraph/occluderNode.cxx,13,1,14
/media/ullmann/HDDGabriel/research/engines/panda3d/direct/src/dcparser/dcPacker.cxx,7,1,8
/media/ullmann/HDDGabriel/research/engines/panda3d/panda/src/mathutil/perlinNoise2.h,2,2,4
/media/ullmann/HDDGabriel/research/engines/panda3d/panda/src/mathutil/perlinNoise.h,2,3,5
/media/ullmann/HDDGabriel/research/engines/panda3d/dtool/src/dtoolutil/filename_assist.h,0,1,1
/media/ullmann/HDDGabriel/research/engines/panda3d/panda/src/egldisplay/config_egldisplay.h,0,6,6
/media/ullmann/HDDGabriel/research/engines/panda3d/panda/src/gobj/shader.h,3,5,8
/media/ullmann/HDDGabriel/research/engines/panda3d/contrib/src/rplight/rpSpotLight.h,2,1,3
/media/ullmann/HDDGabriel/research/engines/panda3d/contrib/src/rplight/rpSpotLight.I,0,1,1
/media/ullmann/HDDGabriel/research/engines/panda3d/direct/src/dcparser/dcMolecularField.cxx,4,1,5
/media/ullmann/HDDGabriel/research/engines/panda3d/panda/src/collide/collisionLevelStateBase.cxx,4,1,5
/media/ullmann/HDDGabriel/research/engines/panda3d/panda/src/collide/collisionSolid.h,2,15,17
/media/ullmann/HDDGabriel/research/engines/panda3d/panda/src/tinydisplay/tinySDLGraphicsPipe.cxx,4,1,5
/media/ullmann/HDDGabriel/research/engines/panda3d/panda/src/tinydisplay/config_tinydisplay.h,0,10,10
/media/ullmann/HDDGabriel/research/engines/panda3d/panda/src/particlesystem/colorInterpolationManager.h,1,3,4
/media/ullmann/HDDGabriel/research/engines/panda3d/panda/src/particlesystem/colorInterpolationManager.I,0,1,1
/media/ullmann/HDDGabriel/research/engines/panda3d/panda/src/display/graphicsStateGuardian.cxx,8,0,8
/media/ullmann/HDDGabriel/research/engines/panda3d/panda/src/display/drawableRegion.h,2,4,6
/media/ullmann/HDDGabriel/research/engines/panda3d/panda/src/collide/collisionSphere.h,3,12,15
/media/ullmann/HDDGabriel/research/engines/panda3d/panda/src/collide/collisionBox.h,2,7,9
/media/ullmann/HDDGabriel/research/engines/panda3d/pandatool/src/xfile/xFileDataNodeTemplate.h,4,7,11
/media/ullmann/HDDGabriel/research/engines/panda3d/pandatool/src/xfile/xFileParseData.h,2,5,7
/media/ullmann/HDDGabriel/research/engines/panda3d/panda/src/ode/odeContactJoint.h,4,4,8
/media/ullmann/HDDGabriel/research/engines/panda3d/panda/src/ode/odeContactJoint.I,0,1,1
/media/ullmann/HDDGabriel/research/engines/panda3d/panda/src/mathutil/frustum.h,2,1,3
/media/ullmann/HDDGabriel/research/engines/panda3d/panda/src/mathutil/config_mathutil.h,1,13,14
/media/ullmann/HDDGabriel/research/engines/panda3d/panda/src/linmath/config_linmath.cxx,3,1,4
/media/ullmann/HDDGabriel/research/engines/panda3d/panda/src/linmath/luse.h,1,7,8
/media/ullmann/HDDGabriel/research/engines/panda3d/dtool/src/dtoolbase/lookup3.h,2,2,4
/media/ullmann/HDDGabriel/research/engines/panda3d/panda/src/dgraph/config_dgraph.h,0,3,3
/media/ullmann/HDDGabriel/research/engines/panda3d/dtool/src/prc/notify.cxx,7,1,8
/media/ullmann/HDDGabriel/research/engines/panda3d/panda/src/net/datagramUDPHeader.cxx,3,1,4
/media/ullmann/HDDGabriel/research/engines/panda3d/pandatool/src/mayaegg/mayaNodeTree.cxx,5,1,6
/media/ullmann/HDDGabriel/research/engines/panda3d/pandatool/src/mayaegg/mayaEggGroupUserData.h,1,4,5
/media/ullmann/HDDGabriel/research/engines/panda3d/dtool/src/interrogate/interrogate.h,0,20,20
/media/ullmann/HDDGabriel/research/engines/panda3d/panda/src/collide/collisionHandlerPhysical.cxx,2,1,3
/media/ullmann/HDDGabriel/research/engines/panda3d/panda/src/pgraphnodes/p3pgraphnodes_composite2.cxx,11,0,11
/media/ullmann/HDDGabriel/research/engines/panda3d/panda/src/particlesystem/baseParticleEmitter.h,2,12,14
/media/ullmann/HDDGabriel/research/engines/panda3d/panda/src/particlesystem/baseParticleEmitter.I,0,1,1
/media/ullmann/HDDGabriel/research/engines/panda3d/dtool/src/dtoolutil/load_dso.h,2,1,3
/media/ullmann/HDDGabriel/research/engines/panda3d/pandatool/src/pstatserver/pStatListener.cxx,3,1,4
/media/ullmann/HDDGabriel/research/engines/panda3d/panda/src/putil/doubleBitMask.h,2,3,5
/media/ullmann/HDDGabriel/research/engines/panda3d/panda/src/putil/bitMask.h,2,8,10
/media/ullmann/HDDGabriel/research/engines/panda3d/panda/src/pgraph/geomDrawCallbackData.cxx,2,1,3
/media/ullmann/HDDGabriel/research/engines/panda3d/panda/src/pgraph/geomDrawCallbackData.h,1,3,4
/media/ullmann/HDDGabriel/research/engines/panda3d/panda/src/egg/eggFilenameNode.h,2,5,7
/media/ullmann/HDDGabriel/research/engines/panda3d/panda/src/egg/eggFilenameNode.I,0,1,1
/media/ullmann/HDDGabriel/research/engines/panda3d/panda/src/pgraph/p3pgraph_composite3.cxx,29,0,29
/media/ullmann/HDDGabriel/research/engines/panda3d/pandatool/src/palettizer/textureRequest.cxx,2,1,3
/media/ullmann/HDDGabriel/research/engines/panda3d/pandatool/src/palettizer/textureRequest.h,1,2,3
/media/ullmann/HDDGabriel/research/engines/panda3d/panda/src/movies/movieVideo.h,1,5,6
/media/ullmann/HDDGabriel/research/engines/panda3d/panda/src/putil/bitArray.h,2,4,6
/media/ullmann/HDDGabriel/research/engines/panda3d/panda/src/putil/loaderOptions.cxx,2,1,3
/media/ullmann/HDDGabriel/research/engines/panda3d/panda/src/putil/loaderOptions.h,2,2,4
/media/ullmann/HDDGabriel/research/engines/panda3d/panda/src/egg/eggXfmSAnim.h,2,4,6
/media/ullmann/HDDGabriel/research/engines/panda3d/panda/src/ode/odeUtil_ext.cxx,4,1,5
/media/ullmann/HDDGabriel/research/engines/panda3d/dtool/src/cppparser/cppTBDType.cxx,3,1,4
/media/ullmann/HDDGabriel/research/engines/panda3d/dtool/src/cppparser/cppTBDType.h,1,3,4
/media/ullmann/HDDGabriel/research/engines/panda3d/panda/src/pgraph/occluderNode.h,3,4,7
/media/ullmann/HDDGabriel/research/engines/panda3d/panda/src/nativenet/socket_fdset.h,2,1,3
/media/ullmann/HDDGabriel/research/engines/panda3d/panda/src/event/asyncFuture_ext.h,1,2,3
/media/ullmann/HDDGabriel/research/engines/panda3d/panda/src/event/asyncFuture.h,2,5,7
/media/ullmann/HDDGabriel/research/engines/panda3d/panda/src/egldisplay/eglGraphicsPixmap.h,1,3,4
/media/ullmann/HDDGabriel/research/engines/panda3d/panda/src/pgui/pgEntry.I,0,1,1
/media/ullmann/HDDGabriel/research/engines/panda3d/panda/src/putil/bamCacheRecord.I,0,1,1
/media/ullmann/HDDGabriel/research/engines/panda3d/panda/src/collide/collisionBox.cxx,10,1,11
/media/ullmann/HDDGabriel/research/engines/panda3d/panda/src/collide/collisionHandler.h,1,15,16
/media/ullmann/HDDGabriel/research/engines/panda3d/pandatool/src/pandatoolbase/pathStore.h,1,2,3
/media/ullmann/HDDGabriel/research/engines/panda3d/panda/src/egg/p3egg_composite2.cxx,32,0,32
/media/ullmann/HDDGabriel/research/engines/panda3d/panda/src/egg/eggVertexPool.cxx,3,1,4
/media/ullmann/HDDGabriel/research/engines/panda3d/panda/src/collide/collisionHandlerFluidPusher.cxx,6,1,7
/media/ullmann/HDDGabriel/research/engines/panda3d/panda/src/movies/flacAudio.cxx,2,1,3
/media/ullmann/HDDGabriel/research/engines/panda3d/panda/src/pgraph/polylightEffect.h,5,5,10
/media/ullmann/HDDGabriel/research/engines/panda3d/panda/src/express/zStream.h,2,6,8
/media/ullmann/HDDGabriel/research/engines/panda3d/panda/src/linmath/lmatrix3_src.h,2,1,3
/media/ullmann/HDDGabriel/research/engines/panda3d/panda/src/linmath/lmatrix3_src.I,0,1,1
/media/ullmann/HDDGabriel/research/engines/panda3d/pandatool/src/maya/p3maya_composite1.cxx,6,0,6
/media/ullmann/HDDGabriel/research/engines/panda3d/pandatool/src/maya/mayaShaderColorDef.cxx,6,1,7
/media/ullmann/HDDGabriel/research/engines/panda3d/pandatool/src/lwo/lwoSurfaceBlockEnabled.cxx,2,1,3
/media/ullmann/HDDGabriel/research/engines/panda3d/pandatool/src/lwo/lwoSurfaceBlockEnabled.h,1,3,4
/media/ullmann/HDDGabriel/research/engines/panda3d/panda/src/pgraph/renderEffect.h,3,11,14
/media/ullmann/HDDGabriel/research/engines/panda3d/panda/src/pgraph/renderEffect.I,0,1,1
/media/ullmann/HDDGabriel/research/engines/panda3d/panda/src/event/asyncTaskCollection.cxx,1,1,2
/media/ullmann/HDDGabriel/research/engines/panda3d/panda/src/display/standardMunger.h,2,2,4
/media/ullmann/HDDGabriel/research/engines/panda3d/panda/src/bullet/bulletMinkowskiSumShape.cxx,2,1,3
/media/ullmann/HDDGabriel/research/engines/panda3d/dtool/src/prc/configVariableSearchPath.cxx,1,1,2
/media/ullmann/HDDGabriel/research/engines/panda3d/panda/src/pgraph/geomNode.cxx,17,1,18
/media/ullmann/HDDGabriel/research/engines/panda3d/panda/src/collide/collisionTraverser.cxx,12,1,13
/media/ullmann/HDDGabriel/research/engines/panda3d/panda/src/collide/collisionVisualizer.h,3,3,6
/media/ullmann/HDDGabriel/research/engines/panda3d/panda/src/egg2pg/eggLoader.cxx,7,1,8
/media/ullmann/HDDGabriel/research/engines/panda3d/panda/src/egg2pg/eggRenderState.h,2,4,6
/media/ullmann/HDDGabriel/research/engines/panda3d/panda/src/android/pnmFileTypeAndroid.cxx,1,1,2
/media/ullmann/HDDGabriel/research/engines/panda3d/panda/src/android/pnmFileTypeAndroid.h,0,4,4
/media/ullmann/HDDGabriel/research/engines/panda3d/panda/src/text/p3text_composite1.cxx,8,0,8
/media/ullmann/HDDGabriel/research/engines/panda3d/panda/src/text/dynamicTextPage.cxx,3,1,4
/media/ullmann/HDDGabriel/research/engines/panda3d/dtool/src/interrogate/parameterRemapCharStarToString.cxx,1,1,2
/media/ullmann/HDDGabriel/research/engines/panda3d/dtool/src/interrogate/parameterRemapCharStarToString.h,1,2,3
/media/ullmann/HDDGabriel/research/engines/panda3d/pandatool/src/eggcharbase/p3eggcharbase_composite1.cxx,15,0,15
/media/ullmann/HDDGabriel/research/engines/panda3d/pandatool/src/eggcharbase/eggCharacterFilter.cxx,3,1,4
/media/ullmann/HDDGabriel/research/engines/panda3d/panda/src/egg/eggUtilities.h,3,2,5
/media/ullmann/HDDGabriel/research/engines/panda3d/pandatool/src/palettizer/texturePlacement.cxx,8,1,9
/media/ullmann/HDDGabriel/research/engines/panda3d/panda/src/putil/nodeCachedReferenceCount.cxx,1,1,2
/media/ullmann/HDDGabriel/research/engines/panda3d/panda/src/putil/nodeCachedReferenceCount.h,2,2,4
/media/ullmann/HDDGabriel/research/engines/panda3d/panda/src/mathutil/omniBoundingVolume.cxx,3,1,4
/media/ullmann/HDDGabriel/research/engines/panda3d/panda/src/mathutil/boundingHexahedron.h,4,7,11
/media/ullmann/HDDGabriel/research/engines/panda3d/panda/src/express/dcast.cxx,2,1,3
/media/ullmann/HDDGabriel/research/engines/panda3d/panda/src/express/config_express.h,0,24,24
/media/ullmann/HDDGabriel/research/engines/panda3d/panda/src/pipeline/conditionVarWin32Impl.h,1,3,4
/media/ullmann/HDDGabriel/research/engines/panda3d/dtool/src/dtoolutil/p3dtoolutil_ext_composite.cxx,4,0,4
/media/ullmann/HDDGabriel/research/engines/panda3d/dtool/src/dtoolutil/globPattern_ext.cxx,1,1,2
/media/ullmann/HDDGabriel/research/engines/panda3d/panda/src/pstatclient/pStatCollector.h,3,6,9
/media/ullmann/HDDGabriel/research/engines/panda3d/panda/src/pipeline/mutexHolder.cxx,1,1,2
/media/ullmann/HDDGabriel/research/engines/panda3d/panda/src/egg/eggTexture.h,4,9,13
/media/ullmann/HDDGabriel/research/engines/panda3d/panda/src/pstatclient/p3pstatclient_composite2.cxx,6,0,6
/media/ullmann/HDDGabriel/research/engines/panda3d/panda/src/pstatclient/pStatServerControlMessage.cxx,2,1,3
/media/ullmann/HDDGabriel/research/engines/panda3d/panda/src/pnmimagetypes/pnmFileTypeJPG.cxx,2,1,3
/media/ullmann/HDDGabriel/research/engines/panda3d/panda/src/bullet/bulletGenericConstraint.h,6,2,8
/media/ullmann/HDDGabriel/research/engines/panda3d/panda/src/egg/eggComment.cxx,2,1,3
/media/ullmann/HDDGabriel/research/engines/panda3d/panda/src/recorder/p3recorder_composite1.cxx,4,0,4
/media/ullmann/HDDGabriel/research/engines/panda3d/panda/src/recorder/p3recorder_composite2.cxx,4,0,4
/media/ullmann/HDDGabriel/research/engines/panda3d/panda/src/recorder/socketStreamRecorder.cxx,2,1,3
/media/ullmann/HDDGabriel/research/engines/panda3d/dtool/src/interrogatedb/interrogateDatabase.h,9,6,15
/media/ullmann/HDDGabriel/research/engines/panda3d/dtool/src/interrogatedb/interrogate_request.h,0,5,5
/media/ullmann/HDDGabriel/research/engines/panda3d/panda/src/pnmimagetypes/bmp.h,0,2,2
/media/ullmann/HDDGabriel/research/engines/panda3d/panda/src/putil/paramPyObject.h,2,1,3
/media/ullmann/HDDGabriel/research/engines/panda3d/panda/src/putil/paramPyObject.I,0,1,1
/media/ullmann/HDDGabriel/research/engines/panda3d/panda/src/event/asyncTaskChain.cxx,4,1,5
/media/ullmann/HDDGabriel/research/engines/panda3d/panda/src/event/asyncTaskManager.h,4,9,13
/media/ullmann/HDDGabriel/research/engines/panda3d/panda/src/wgldisplay/p3wgldisplay_composite1.cxx,5,0,5
/media/ullmann/HDDGabriel/research/engines/panda3d/panda/src/linmath/lmatrix_ext.h,5,0,5
/media/ullmann/HDDGabriel/research/engines/panda3d/panda/src/gobj/geom.h,7,11,18
/media/ullmann/HDDGabriel/research/engines/panda3d/panda/src/gobj/textureStage.h,2,4,6
/media/ullmann/HDDGabriel/research/engines/panda3d/pandatool/src/xfile/xFileDataObject.cxx,8,1,9
/media/ullmann/HDDGabriel/research/engines/panda3d/panda/src/putil/p3putil_composite2.cxx,29,0,29
/media/ullmann/HDDGabriel/research/engines/panda3d/panda/src/putil/paramValue.cxx,1,1,2
/media/ullmann/HDDGabriel/research/engines/panda3d/panda/src/pgraph/pandaNode.cxx,8,1,9
/media/ullmann/HDDGabriel/research/engines/panda3d/panda/src/linmath/configVariableColor.cxx,1,1,2
/media/ullmann/HDDGabriel/research/engines/panda3d/panda/src/linmath/configVariableColor.h,3,1,4
/media/ullmann/HDDGabriel/research/engines/panda3d/panda/src/pgraph/portalClipper.cxx,13,1,14
/media/ullmann/HDDGabriel/research/engines/panda3d/panda/src/ode/p3ode_composite1.cxx,12,0,12
/media/ullmann/HDDGabriel/research/engines/panda3d/panda/src/ode/odeContactGeom.cxx,2,1,3
/media/ullmann/HDDGabriel/research/engines/panda3d/pandatool/src/dxfegg/dxfToEggConverter.cxx,2,0,2
/media/ullmann/HDDGabriel/research/engines/panda3d/pandatool/src/dxfegg/dxfToEggConverter.h,0,2,2
/media/ullmann/HDDGabriel/research/engines/panda3d/panda/src/putil/vector_writable.cxx,1,1,2
/media/ullmann/HDDGabriel/research/engines/panda3d/panda/src/putil/vector_writable.h,0,1,1
/media/ullmann/HDDGabriel/research/engines/panda3d/panda/src/androiddisplay/androidGraphicsStateGuardian.cxx,2,1,3
/media/ullmann/HDDGabriel/research/engines/panda3d/panda/src/androiddisplay/androidGraphicsStateGuardian.h,2,4,6
/media/ullmann/HDDGabriel/research/engines/panda3d/panda/src/gobj/geomEnums.cxx,2,1,3
/media/ullmann/HDDGabriel/research/engines/panda3d/panda/src/gobj/geomEnums.h,0,11,11
/media/ullmann/HDDGabriel/research/engines/panda3d/panda/src/bullet/bulletSoftBodyWorldInfo.h,3,3,6
/media/ullmann/HDDGabriel/research/engines/panda3d/panda/src/collide/collisionParabola.h,2,9,11
/media/ullmann/HDDGabriel/research/engines/panda3d/panda/src/collide/collisionHandler.cxx,1,1,2
/media/ullmann/HDDGabriel/research/engines/panda3d/panda/src/collide/collisionLevelState.h,3,2,5
/media/ullmann/HDDGabriel/research/engines/panda3d/panda/src/collide/collisionNode.h,2,13,15
/media/ullmann/HDDGabriel/research/engines/panda3d/pandatool/src/imagebase/p3imagebase_composite1.cxx,4,0,4
/media/ullmann/HDDGabriel/research/engines/panda3d/pandatool/src/imagebase/imageBase.cxx,1,1,2
/media/ullmann/HDDGabriel/research/engines/panda3d/pandatool/src/egg-optchar/vertexMembership.h,1,2,3
/media/ullmann/HDDGabriel/research/engines/panda3d/pandatool/src/egg-optchar/vertexMembership.I,0,1,1
/media/ullmann/HDDGabriel/research/engines/panda3d/panda/src/pgraph/compassEffect.cxx,4,1,5
/media/ullmann/HDDGabriel/research/engines/panda3d/panda/src/display/graphicsOutput.cxx,7,1,8
/media/ullmann/HDDGabriel/research/engines/panda3d/panda/src/egg/eggData.cxx,9,1,10
/media/ullmann/HDDGabriel/research/engines/panda3d/direct/src/interval/cInterval.cxx,2,1,3
/media/ullmann/HDDGabriel/research/engines/panda3d/dtool/src/interrogate/interfaceMaker.cxx,18,1,19
/media/ullmann/HDDGabriel/research/engines/panda3d/panda/src/bullet/bulletGenericConstraint.I,0,1,1
/media/ullmann/HDDGabriel/research/engines/panda3d/dtool/src/prc/reversedNumericData.h,1,3,4
/media/ullmann/HDDGabriel/research/engines/panda3d/dtool/src/prc/reversedNumericData.I,0,1,1
/media/ullmann/HDDGabriel/research/engines/panda3d/pandatool/src/lwo/config_lwo.cxx,38,1,39
/media/ullmann/HDDGabriel/research/engines/panda3d/panda/src/mathutil/randomizer.h,2,3,5
/media/ullmann/HDDGabriel/research/engines/panda3d/panda/src/express/nodeReferenceCount.h,2,3,5
/media/ullmann/HDDGabriel/research/engines/panda3d/panda/src/express/nodeReferenceCount.I,0,1,1
/media/ullmann/HDDGabriel/research/engines/panda3d/panda/src/display/windowHandle.I,0,1,1
/media/ullmann/HDDGabriel/research/engines/panda3d/panda/src/express/trueClock.cxx,2,1,3
/media/ullmann/HDDGabriel/research/engines/panda3d/pandatool/src/flt/fltPackedColor.cxx,3,1,4
/media/ullmann/HDDGabriel/research/engines/panda3d/panda/src/display/frameBufferProperties.h,1,4,5
/media/ullmann/HDDGabriel/research/engines/panda3d/panda/src/physics/linearIntegrator.cxx,4,1,5
/media/ullmann/HDDGabriel/research/engines/panda3d/panda/src/physics/forceNode.h,2,6,8
/media/ullmann/HDDGabriel/research/engines/panda3d/pandatool/src/xfile/p3xfile_composite1.cxx,17,0,17
/media/ullmann/HDDGabriel/research/engines/panda3d/pandatool/src/xfile/xFileArrayDef.cxx,3,1,4
/media/ullmann/HDDGabriel/research/engines/panda3d/panda/src/cocoadisplay/cocoaGraphicsWindow.h,2,0,2
/media/ullmann/HDDGabriel/research/engines/panda3d/panda/src/cocoadisplay/cocoaGraphicsPipe.h,1,2,3
/media/ullmann/HDDGabriel/research/engines/panda3d/panda/src/pgraph/nodePathCollection.cxx,6,1,7
/media/ullmann/HDDGabriel/research/engines/panda3d/direct/src/interval/cMetaInterval.cxx,3,1,4
/media/ullmann/HDDGabriel/research/engines/panda3d/dtool/src/dtoolbase/pset.h,4,0,4
/media/ullmann/HDDGabriel/research/engines/panda3d/dtool/src/dtoolbase/stl_compares.h,5,2,7
/media/ullmann/HDDGabriel/research/engines/panda3d/panda/src/pgraph/showBoundsEffect.h,2,5,7
/media/ullmann/HDDGabriel/research/engines/panda3d/dtool/src/dtoolbase/deletedBufferChain.cxx,2,1,3
/media/ullmann/HDDGabriel/research/engines/panda3d/panda/src/express/multifile.cxx,7,1,8
/media/ullmann/HDDGabriel/research/engines/panda3d/panda/src/express/multifile.h,6,4,10
/media/ullmann/HDDGabriel/research/engines/panda3d/panda/src/display/displayRegionDrawCallbackData.cxx,5,1,6
/media/ullmann/HDDGabriel/research/engines/panda3d/panda/src/pipeline/conditionVarWin32Impl.cxx,1,1,2
/media/ullmann/HDDGabriel/research/engines/panda3d/direct/src/dcparser/dcPackerInterface.h,3,5,8
/media/ullmann/HDDGabriel/research/engines/panda3d/direct/src/dcparser/dcPackerInterface.I,0,1,1
/media/ullmann/HDDGabriel/research/engines/panda3d/panda/src/event/config_event.cxx,13,1,14
/media/ullmann/HDDGabriel/research/engines/panda3d/panda/src/gobj/geomTristrips.cxx,4,1,5
/media/ullmann/HDDGabriel/research/engines/panda3d/panda/src/putil/mouseButton.h,1,2,3
/media/ullmann/HDDGabriel/research/engines/panda3d/pandatool/src/eggcharbase/eggMatrixTablePointer.cxx,2,1,3
/media/ullmann/HDDGabriel/research/engines/panda3d/panda/src/chan/movingPartScalar.cxx,3,1,4
/media/ullmann/HDDGabriel/research/engines/panda3d/panda/src/chan/config_chan.h,0,13,13
/media/ullmann/HDDGabriel/research/engines/panda3d/pandatool/src/flt/fltTransformPut.cxx,3,1,4
/media/ullmann/HDDGabriel/research/engines/panda3d/panda/src/downloader/bioStream.cxx,1,1,2
/media/ullmann/HDDGabriel/research/engines/panda3d/panda/src/downloader/virtualFileMountHTTP.h,4,4,8
/media/ullmann/HDDGabriel/research/engines/panda3d/panda/src/linmath/lvector2.cxx,5,1,6
/media/ullmann/HDDGabriel/research/engines/panda3d/panda/src/linmath/lvector2_src.cxx,0,1,1
/media/ullmann/HDDGabriel/research/engines/panda3d/panda/src/bullet/bulletSoftBodyNode.h,4,5,9
/media/ullmann/HDDGabriel/research/engines/panda3d/pandatool/src/lwo/lwoSurfaceBlockHeader.h,1,4,5
/media/ullmann/HDDGabriel/research/engines/panda3d/panda/src/audio/p3audio_composite1.cxx,7,0,7
/media/ullmann/HDDGabriel/research/engines/panda3d/panda/src/audio/config_audio.cxx,7,1,8
/media/ullmann/HDDGabriel/research/engines/panda3d/panda/src/char/character.cxx,3,1,4
/media/ullmann/HDDGabriel/research/engines/panda3d/panda/src/char/character.h,5,3,8
/media/ullmann/HDDGabriel/research/engines/panda3d/dtool/src/prc/streamReader.h,4,3,7
/media/ullmann/HDDGabriel/research/engines/panda3d/panda/src/putil/bitArray.cxx,2,1,3
/media/ullmann/HDDGabriel/research/engines/panda3d/dtool/src/interrogate/interfaceMakerPythonObj.h,1,3,4
/media/ullmann/HDDGabriel/research/engines/panda3d/panda/src/cull/binCullHandler.cxx,1,1,2
/media/ullmann/HDDGabriel/research/engines/panda3d/panda/src/mathutil/intersectionBoundingVolume.h,2,3,5
/media/ullmann/HDDGabriel/research/engines/panda3d/pandatool/src/win-stats/winstats_composite1.cxx,11,0,11
/media/ullmann/HDDGabriel/research/engines/panda3d/pandatool/src/win-stats/winStatsGraph.cxx,3,1,4
/media/ullmann/HDDGabriel/research/engines/panda3d/panda/src/wgldisplay/wglGraphicsStateGuardian.h,2,5,7
/media/ullmann/HDDGabriel/research/engines/panda3d/panda/src/pipeline/pipelineCycler.h,4,7,11
/media/ullmann/HDDGabriel/research/engines/panda3d/dtool/src/dtoolutil/win32ArgParser.cxx,5,1,6
/media/ullmann/HDDGabriel/research/engines/panda3d/dtool/src/dtoolutil/globPattern.h,3,3,6
/media/ullmann/HDDGabriel/research/engines/panda3d/panda/src/glxdisplay/glxGraphicsPixmap.cxx,5,1,6
/media/ullmann/HDDGabriel/research/engines/panda3d/panda/src/glxdisplay/glxGraphicsPixmap.h,2,3,5
/media/ullmann/HDDGabriel/research/engines/panda3d/panda/src/bullet/bulletPlaneShape.h,4,3,7
/media/ullmann/HDDGabriel/research/engines/panda3d/panda/src/gobj/texture.cxx,6,1,7
/media/ullmann/HDDGabriel/research/engines/panda3d/pandatool/src/eggbase/eggConverter.h,1,3,4
/media/ullmann/HDDGabriel/research/engines/panda3d/direct/src/interval/cLerpNodePathInterval.h,2,2,4
/media/ullmann/HDDGabriel/research/engines/panda3d/direct/src/interval/cLerpNodePathInterval.I,0,1,1
/media/ullmann/HDDGabriel/research/engines/panda3d/panda/src/egg/eggTriangleStrip.I,0,1,1
/media/ullmann/HDDGabriel/research/engines/panda3d/pandatool/src/palettizer/textureReference.cxx,8,1,9
/media/ullmann/HDDGabriel/research/engines/panda3d/pandatool/src/eggcharbase/eggJointNodePointer.cxx,2,1,3
/media/ullmann/HDDGabriel/research/engines/panda3d/panda/src/parametrics/nurbsBasisVector.cxx,1,1,2
/media/ullmann/HDDGabriel/research/engines/panda3d/panda/src/egg/eggNameUniquifier.h,1,4,5
/media/ullmann/HDDGabriel/research/engines/panda3d/dtool/src/prc/notifySeverity.cxx,2,1,3
/media/ullmann/HDDGabriel/research/engines/panda3d/panda/src/text/textFont.h,2,9,11
/media/ullmann/HDDGabriel/research/engines/panda3d/panda/src/gobj/lens.cxx,5,1,6
/media/ullmann/HDDGabriel/research/engines/panda3d/panda/src/gobj/geomLinestrips.h,1,3,4
/media/ullmann/HDDGabriel/research/engines/panda3d/panda/src/gobj/textureStagePool.cxx,2,1,3
/media/ullmann/HDDGabriel/research/engines/panda3d/panda/src/gobj/textureStagePool.h,2,1,3
/media/ullmann/HDDGabriel/research/engines/panda3d/direct/src/dcparser/dcClassParameter.h,2,6,8
/media/ullmann/HDDGabriel/research/engines/panda3d/direct/src/dcparser/dcParameter.h,3,8,11
/media/ullmann/HDDGabriel/research/engines/panda3d/panda/src/vrpn/vrpnClient.cxx,10,1,11
/media/ullmann/HDDGabriel/research/engines/panda3d/panda/src/physics/config_physics.cxx,12,1,13
/media/ullmann/HDDGabriel/research/engines/panda3d/panda/src/physics/physicsCollisionHandler.h,1,2,3
/media/ullmann/HDDGabriel/research/engines/panda3d/panda/src/pgraphnodes/shaderGenerator.cxx,8,1,9
/media/ullmann/HDDGabriel/research/engines/panda3d/panda/src/tinydisplay/zmath.h,0,4,4
/media/ullmann/HDDGabriel/research/engines/panda3d/panda/src/egg/eggMiscFuncs.cxx,1,1,2
/media/ullmann/HDDGabriel/research/engines/panda3d/panda/src/egg/eggMiscFuncs.h,1,10,11
/media/ullmann/HDDGabriel/research/engines/panda3d/panda/src/chan/p3chan_composite1.cxx,14,0,14
/media/ullmann/HDDGabriel/research/engines/panda3d/panda/src/chan/animChannelFixed.cxx,1,1,2
/media/ullmann/HDDGabriel/research/engines/panda3d/panda/src/physics/linearEulerIntegrator.cxx,4,1,5
/media/ullmann/HDDGabriel/research/engines/panda3d/dtool/src/dtoolutil/textEncoder.cxx,4,1,5
/media/ullmann/HDDGabriel/research/engines/panda3d/panda/src/pipeline/pipelineCyclerDummyImpl.h,3,2,5
/media/ullmann/HDDGabriel/research/engines/panda3d/panda/src/pgraph/findApproxLevelEntry.cxx,3,1,4
/media/ullmann/HDDGabriel/research/engines/panda3d/panda/src/pgraph/findApproxLevelEntry.h,3,5,8
/media/ullmann/HDDGabriel/research/engines/panda3d/direct/src/interval/p3interval_composite1.cxx,16,0,16
/media/ullmann/HDDGabriel/research/engines/panda3d/direct/src/interval/cIntervalManager.cxx,2,1,3
/media/ullmann/HDDGabriel/research/engines/panda3d/panda/src/express/typedReferenceCount.h,2,8,10
/media/ullmann/HDDGabriel/research/engines/panda3d/panda/src/linmath/lpoint3.cxx,5,1,6
/media/ullmann/HDDGabriel/research/engines/panda3d/panda/src/chan/partGroup.h,1,7,8
/media/ullmann/HDDGabriel/research/engines/panda3d/panda/src/chan/partGroup.I,0,1,1
/media/ullmann/HDDGabriel/research/engines/panda3d/panda/src/display/graphicsPipeSelection_ext.h,1,1,2
/media/ullmann/HDDGabriel/research/engines/panda3d/panda/src/display/graphicsPipeSelection.h,2,2,4
/media/ullmann/HDDGabriel/research/engines/panda3d/panda/src/ode/odeCappedCylinderGeom.h,3,4,7
/media/ullmann/HDDGabriel/research/engines/panda3d/panda/src/dxgsg9/p3dxgsg9_composite1.cxx,13,0,13
/media/ullmann/HDDGabriel/research/engines/panda3d/panda/src/dxgsg9/dxGeomMunger9.cxx,2,1,3
/media/ullmann/HDDGabriel/research/engines/panda3d/pandatool/src/flt/fltTransformGeneralMatrix.cxx,3,1,4
/media/ullmann/HDDGabriel/research/engines/panda3d/panda/src/pgui/config_pgui.cxx,14,1,15
/media/ullmann/HDDGabriel/research/engines/panda3d/panda/src/pgui/pgItem.h,4,10,14
/media/ullmann/HDDGabriel/research/engines/panda3d/dtool/src/prc/configVariableBool.cxx,1,1,2
/media/ullmann/HDDGabriel/research/engines/panda3d/pandatool/src/flt/fltVectorRecord.h,1,3,4
/media/ullmann/HDDGabriel/research/engines/panda3d/panda/src/pnmimage/pnmimage_base.h,0,6,6
/media/ullmann/HDDGabriel/research/engines/panda3d/panda/src/pgraph/polylightEffect.cxx,7,1,8
/media/ullmann/HDDGabriel/research/engines/panda3d/panda/src/express/zipArchive.h,6,3,9
/media/ullmann/HDDGabriel/research/engines/panda3d/panda/src/express/indirectLess.h,1,2,3
/media/ullmann/HDDGabriel/research/engines/panda3d/direct/src/dcparser/dcKeyword.h,2,3,5
/media/ullmann/HDDGabriel/research/engines/panda3d/panda/src/downloader/httpClient.h,5,4,9
/media/ullmann/HDDGabriel/research/engines/panda3d/panda/src/egg/eggMesherFanMaker.cxx,4,1,5
/media/ullmann/HDDGabriel/research/engines/panda3d/pandatool/src/lwo/lwoGroupChunk.cxx,2,1,3
/media/ullmann/HDDGabriel/research/engines/panda3d/panda/src/egg2pg/p3egg2pg_composite1.cxx,6,0,6
/media/ullmann/HDDGabriel/research/engines/panda3d/panda/src/egg2pg/animBundleMaker.cxx,2,1,3
/media/ullmann/HDDGabriel/research/engines/panda3d/panda/src/express/buffer.cxx,1,1,2
/media/ullmann/HDDGabriel/research/engines/panda3d/panda/src/pgraph/p3pgraph_ext_composite.cxx,9,0,9
/media/ullmann/HDDGabriel/research/engines/panda3d/panda/src/pgraph/shaderInput_ext.cxx,2,1,3
/media/ullmann/HDDGabriel/research/engines/panda3d/panda/src/tinydisplay/tinySDLGraphicsWindow.cxx,4,1,5
/media/ullmann/HDDGabriel/research/engines/panda3d/pandatool/src/flt/fltTrackplane.h,0,2,2
/media/ullmann/HDDGabriel/research/engines/panda3d/pandatool/src/egg-optchar/eggOptchar.cxx,3,0,3
/media/ullmann/HDDGabriel/research/engines/panda3d/panda/src/gobj/samplerState.h,2,6,8
/media/ullmann/HDDGabriel/research/engines/panda3d/panda/src/dxgsg9/wdxGraphicsPipe9.I,0,1,1
/media/ullmann/HDDGabriel/research/engines/panda3d/dtool/src/dtoolbase/typedObject.h,5,2,7
/media/ullmann/HDDGabriel/research/engines/panda3d/panda/src/pgui/pgWaitBar.h,2,2,4
/media/ullmann/HDDGabriel/research/engines/panda3d/panda/src/text/textGlyph.cxx,2,1,3
/media/ullmann/HDDGabriel/research/engines/panda3d/panda/src/text/geomTextGlyph.h,2,5,7
/media/ullmann/HDDGabriel/research/engines/panda3d/panda/src/mathutil/mersenne.cxx,1,1,2
/media/ullmann/HDDGabriel/research/engines/panda3d/panda/src/mathutil/mersenne.h,0,2,2
/media/ullmann/HDDGabriel/research/engines/panda3d/panda/src/ode/odeJoint.h,4,17,21
/media/ullmann/HDDGabriel/research/engines/panda3d/contrib/src/ai/flee.cxx,1,1,2
/media/ullmann/HDDGabriel/research/engines/panda3d/panda/src/pgraph/fogAttrib.cxx,1,1,2
/media/ullmann/HDDGabriel/research/engines/panda3d/panda/src/collide/collisionHandlerGravity.h,2,3,5
/media/ullmann/HDDGabriel/research/engines/panda3d/panda/src/chan/animGroup.cxx,3,1,4
/media/ullmann/HDDGabriel/research/engines/panda3d/panda/src/chan/animGroup.h,1,5,6
/media/ullmann/HDDGabriel/research/engines/panda3d/panda/src/egg/eggTable.h,2,2,4
/media/ullmann/HDDGabriel/research/engines/panda3d/panda/src/egg/eggTable.I,0,1,1
/media/ullmann/HDDGabriel/research/engines/panda3d/panda/src/pgraph/scissorEffect.cxx,5,1,6
/media/ullmann/HDDGabriel/research/engines/panda3d/panda/src/pgraph/scissorAttrib.h,2,4,6
/media/ullmann/HDDGabriel/research/engines/panda3d/panda/src/gobj/textureStage.cxx,2,1,3
/media/ullmann/HDDGabriel/research/engines/panda3d/panda/src/dxgsg9/dxTextureContext9.cxx,3,1,4
/media/ullmann/HDDGabriel/research/engines/panda3d/panda/src/mathutil/boundingHexahedron.cxx,5,1,6
/media/ullmann/HDDGabriel/research/engines/panda3d/panda/src/mathutil/boundingPlane.h,3,6,9
/media/ullmann/HDDGabriel/research/engines/panda3d/panda/src/pgraph/textureAttrib.h,2,12,14
/media/ullmann/HDDGabriel/research/engines/panda3d/panda/src/collide/collisionPlane.cxx,10,1,11
/media/ullmann/HDDGabriel/research/engines/panda3d/panda/src/collide/collisionEntry.cxx,1,1,2
/media/ullmann/HDDGabriel/research/engines/panda3d/panda/src/putil/doubleBitMask.cxx,1,1,2
/media/ullmann/HDDGabriel/research/engines/panda3d/direct/src/dcparser/dcSwitchParameter.h,2,3,5
/media/ullmann/HDDGabriel/research/engines/panda3d/contrib/src/ai/flee.h,2,4,6
/media/ullmann/HDDGabriel/research/engines/panda3d/panda/src/putil/factoryParam.h,1,5,6
/media/ullmann/HDDGabriel/research/engines/panda3d/panda/src/movies/flacAudioCursor.cxx,3,1,4
/media/ullmann/HDDGabriel/research/engines/panda3d/panda/src/mathutil/boundingVolume.h,1,4,5
/media/ullmann/HDDGabriel/research/engines/panda3d/panda/src/pgraph/cullableObject.cxx,12,1,13
/media/ullmann/HDDGabriel/research/engines/panda3d/panda/src/pgraph/shaderAttrib.h,3,9,12
/media/ullmann/HDDGabriel/research/engines/panda3d/panda/src/pgraph/lightAttrib.h,4,5,9
/media/ullmann/HDDGabriel/research/engines/panda3d/panda/src/gobj/videoTexture.cxx,2,1,3
/media/ullmann/HDDGabriel/research/engines/panda3d/panda/src/char/p3char_composite2.cxx,4,0,4
/media/ullmann/HDDGabriel/research/engines/panda3d/panda/src/char/characterSlider.cxx,2,1,3
/media/ullmann/HDDGabriel/research/engines/panda3d/dtool/src/dtoolbase/mutexPosixImpl.h,3,2,5
/media/ullmann/HDDGabriel/research/engines/panda3d/panda/src/gobj/vertexBufferContext.cxx,2,1,3
/media/ullmann/HDDGabriel/research/engines/panda3d/pandatool/src/dxfegg/dxfToEggLayer.cxx,2,0,2
/media/ullmann/HDDGabriel/research/engines/panda3d/pandatool/src/dxfegg/dxfToEggLayer.h,0,2,2
/media/ullmann/HDDGabriel/research/engines/panda3d/pandatool/src/eggcharbase/eggComponentData.cxx,2,1,3
/media/ullmann/HDDGabriel/research/engines/panda3d/pandatool/src/eggcharbase/eggComponentData.h,1,4,5
/media/ullmann/HDDGabriel/research/engines/panda3d/panda/src/egg/eggBinMaker.cxx,4,1,5
/media/ullmann/HDDGabriel/research/engines/panda3d/panda/src/grutil/meshDrawer.h,1,2,3
/media/ullmann/HDDGabriel/research/engines/panda3d/panda/src/grutil/meshDrawer.I,0,1,1
/media/ullmann/HDDGabriel/research/engines/panda3d/panda/src/display/graphicsPipe.cxx,5,1,6
/media/ullmann/HDDGabriel/research/engines/panda3d/panda/src/display/displayInformation.h,1,2,3
/media/ullmann/HDDGabriel/research/engines/panda3d/dtool/src/interrogatedb/interrogateElement.h,2,2,4
/media/ullmann/HDDGabriel/research/engines/panda3d/dtool/src/interrogatedb/interrogateComponent.h,3,7,10
/media/ullmann/HDDGabriel/research/engines/panda3d/panda/src/express/virtualFileMountRamdisk.cxx,3,1,4
/media/ullmann/HDDGabriel/research/engines/panda3d/panda/src/express/dcast.h,2,5,7
/media/ullmann/HDDGabriel/research/engines/panda3d/contrib/src/ai/evade.h,2,4,6
/media/ullmann/HDDGabriel/research/engines/panda3d/contrib/src/ai/aiCharacter.h,1,13,14
/media/ullmann/HDDGabriel/research/engines/panda3d/panda/src/recorder/recorderController.cxx,3,1,4
/media/ullmann/HDDGabriel/research/engines/panda3d/panda/src/parametrics/nurbsSurfaceEvaluator.h,4,2,6
/media/ullmann/HDDGabriel/research/engines/panda3d/panda/src/pstatclient/pStatClientImpl.cxx,8,1,9
/media/ullmann/HDDGabriel/research/engines/panda3d/panda/src/pstatclient/pStatClient.h,3,7,10
/media/ullmann/HDDGabriel/research/engines/panda3d/panda/src/egg/eggCurve.h,2,3,5
/media/ullmann/HDDGabriel/research/engines/panda3d/panda/src/egg/eggCurve.I,0,1,1
/media/ullmann/HDDGabriel/research/engines/panda3d/direct/src/interval/cMetaInterval.h,2,3,5
/media/ullmann/HDDGabriel/research/engines/panda3d/direct/src/interval/cMetaInterval.I,0,1,1
/media/ullmann/HDDGabriel/research/engines/panda3d/panda/src/tinydisplay/tinyOffscreenGraphicsPipe.h,2,2,4
/media/ullmann/HDDGabriel/research/engines/panda3d/panda/src/tinydisplay/tinyOffscreenGraphicsPipe.I,0,1,1
/media/ullmann/HDDGabriel/research/engines/panda3d/panda/src/tinydisplay/ztriangle_2.cxx,3,0,3
/media/ullmann/HDDGabriel/research/engines/panda3d/panda/src/tinydisplay/ztriangle_table.h,0,6,6
/media/ullmann/HDDGabriel/research/engines/panda3d/panda/src/tinydisplay/config_tinydisplay.cxx,12,1,13
/media/ullmann/HDDGabriel/research/engines/panda3d/panda/src/bullet/bulletWheel.h,3,2,5
/media/ullmann/HDDGabriel/research/engines/panda3d/panda/src/nativenet/p3nativenet_composite1.cxx,9,0,9
/media/ullmann/HDDGabriel/research/engines/panda3d/panda/src/nativenet/buffered_datagramconnection.cxx,1,1,2
/media/ullmann/HDDGabriel/research/engines/panda3d/panda/src/pgui/pgItem.I,0,1,1
/media/ullmann/HDDGabriel/research/engines/panda3d/panda/src/bullet/bulletSoftBodyShape.h,3,3,6
/media/ullmann/HDDGabriel/research/engines/panda3d/panda/src/bullet/bulletShape.h,2,23,25
/media/ullmann/HDDGabriel/research/engines/panda3d/dtool/src/cppparser/cppEnumType.cxx,8,1,9
/media/ullmann/HDDGabriel/research/engines/panda3d/panda/src/pgraph/materialCollection.h,1,3,4
/media/ullmann/HDDGabriel/research/engines/panda3d/dtool/src/dtoolbase/numeric_types.h,1,10,11
/media/ullmann/HDDGabriel/research/engines/panda3d/dtool/src/dtoolutil/filename_ext.cxx,1,1,2
/media/ullmann/HDDGabriel/research/engines/panda3d/panda/src/egg/eggXfmSAnim.I,0,1,1
/media/ullmann/HDDGabriel/research/engines/panda3d/panda/src/audiotraits/fmodAudioManager.cxx,3,1,4
/media/ullmann/HDDGabriel/research/engines/panda3d/panda/src/audiotraits/fmodAudioSound.h,2,3,5
/media/ullmann/HDDGabriel/research/engines/panda3d/direct/src/dcparser/dcNumericRange.h,4,3,7
/media/ullmann/HDDGabriel/research/engines/panda3d/pandatool/src/flt/fltCurve.h,3,3,6
/media/ullmann/HDDGabriel/research/engines/panda3d/dtool/src/interrogate/parameterRemapPTToPointer.cxx,4,1,5
/media/ullmann/HDDGabriel/research/engines/panda3d/dtool/src/interrogate/interrogateBuilder.h,0,13,13
/media/ullmann/HDDGabriel/research/engines/panda3d/dtool/src/prc/configVariableManager.cxx,5,1,6
/media/ullmann/HDDGabriel/research/engines/panda3d/panda/src/ode/odeContactGeom.h,3,4,7
/media/ullmann/HDDGabriel/research/engines/panda3d/panda/src/linmath/lvecBase2_src.cxx,0,1,1
/media/ullmann/HDDGabriel/research/engines/panda3d/pandatool/src/eggbase/eggBase.cxx,1,1,2
/media/ullmann/HDDGabriel/research/engines/panda3d/panda/src/movies/opusAudio.cxx,2,1,3
/media/ullmann/HDDGabriel/research/engines/panda3d/panda/src/movies/opusAudio.h,2,3,5
/media/ullmann/HDDGabriel/research/engines/panda3d/panda/src/event/event.h,2,7,9
/media/ullmann/HDDGabriel/research/engines/panda3d/dtool/src/cppparser/cppTypeParser.cxx,2,1,3
/media/ullmann/HDDGabriel/research/engines/panda3d/panda/src/display/p3display_composite1.cxx,14,0,14
/media/ullmann/HDDGabriel/research/engines/panda3d/panda/src/display/displaySearchParameters.cxx,1,1,2
/media/ullmann/HDDGabriel/research/engines/panda3d/panda/src/pgraph/transparencyAttrib.cxx,1,1,2
/media/ullmann/HDDGabriel/research/engines/panda3d/panda/src/pgraph/transparencyAttrib.h,2,8,10
/media/ullmann/HDDGabriel/research/engines/panda3d/panda/src/pgui/pgTop.cxx,3,1,4
/media/ullmann/HDDGabriel/research/engines/panda3d/dtool/src/cppparser/cppPointerType.h,1,6,7
/media/ullmann/HDDGabriel/research/engines/panda3d/panda/src/express/pta_stdfloat.h,2,0,2
/media/ullmann/HDDGabriel/research/engines/panda3d/contrib/src/ai/wander.h,1,3,4
/media/ullmann/HDDGabriel/research/engines/panda3d/panda/src/egg/eggTexture.cxx,3,1,4
/media/ullmann/HDDGabriel/research/engines/panda3d/panda/src/particlesystem/orientedParticle.cxx,1,0,1
/media/ullmann/HDDGabriel/research/engines/panda3d/panda/src/particlesystem/orientedParticle.h,2,3,5
/media/ullmann/HDDGabriel/research/engines/panda3d/pandatool/src/pstatserver/pStatReader.cxx,3,1,4
/media/ullmann/HDDGabriel/research/engines/panda3d/pandatool/src/assimp/pandaLogger.cxx,1,1,2
/media/ullmann/HDDGabriel/research/engines/panda3d/pandatool/src/assimp/pandaLogger.h,1,2,3
/media/ullmann/HDDGabriel/research/engines/panda3d/panda/src/ode/odeGeom_ext.cxx,12,1,13
/media/ullmann/HDDGabriel/research/engines/panda3d/panda/src/ode/odeBoxGeom.h,3,4,7
/media/ullmann/HDDGabriel/research/engines/panda3d/dtool/src/dtoolbase/register_type.h,4,7,11
/media/ullmann/HDDGabriel/research/engines/panda3d/dtool/src/prc/notifyCategory.h,4,3,7
/media/ullmann/HDDGabriel/research/engines/panda3d/dtool/src/prc/configVariableEnum.h,2,3,5
/media/ullmann/HDDGabriel/research/engines/panda3d/dtool/src/cppparser/cppFunctionType.h,1,10,11
/media/ullmann/HDDGabriel/research/engines/panda3d/panda/src/egg2pg/characterMaker.cxx,4,1,5
/media/ullmann/HDDGabriel/research/engines/panda3d/panda/src/egg2pg/characterMaker.h,0,2,2
/media/ullmann/HDDGabriel/research/engines/panda3d/panda/src/movies/movieAudio.cxx,4,1,5
/media/ullmann/HDDGabriel/research/engines/panda3d/panda/src/linmath/lmatrix.cxx,5,1,6
/media/ullmann/HDDGabriel/research/engines/panda3d/panda/src/linmath/lmatrix4_src.cxx,0,1,1
/media/ullmann/HDDGabriel/research/engines/panda3d/dtool/src/interrogate/typeManager.cxx,2,1,3
/media/ullmann/HDDGabriel/research/engines/panda3d/panda/src/express/nodeReferenceCount.cxx,1,1,2
/media/ullmann/HDDGabriel/research/engines/panda3d/panda/src/putil/vector_ushort.cxx,1,1,2
/media/ullmann/HDDGabriel/research/engines/panda3d/panda/src/putil/vector_ushort.h,0,2,2
/media/ullmann/HDDGabriel/research/engines/panda3d/panda/src/pgraph/modelLoadRequest.cxx,3,1,4
/media/ullmann/HDDGabriel/research/engines/panda3d/panda/src/dxgsg9/wdxGraphicsBuffer9.h,3,4,7
/media/ullmann/HDDGabriel/research/engines/panda3d/direct/src/dcparser/dcKeywordList.cxx,3,1,4
/media/ullmann/HDDGabriel/research/engines/panda3d/direct/src/dcparser/hashGenerator.h,2,15,17
/media/ullmann/HDDGabriel/research/engines/panda3d/panda/src/gobj/texture.h,5,15,20
/media/ullmann/HDDGabriel/research/engines/panda3d/panda/src/mathutil/look_at_src.I,0,1,1
/media/ullmann/HDDGabriel/research/engines/panda3d/panda/src/physics/linearForce.h,2,12,14
/media/ullmann/HDDGabriel/research/engines/panda3d/panda/src/pipeline/reMutexDirect.h,4,3,7
/media/ullmann/HDDGabriel/research/engines/panda3d/contrib/src/rplight/rpPointLight.h,2,2,4
/media/ullmann/HDDGabriel/research/engines/panda3d/contrib/src/rplight/rpLight.h,3,5,8
/media/ullmann/HDDGabriel/research/engines/panda3d/dtool/src/dtoolutil/pandaSystem.cxx,1,1,2
/media/ullmann/HDDGabriel/research/engines/panda3d/dtool/src/dtoolutil/pandaSystem.h,0,2,2
/media/ullmann/HDDGabriel/research/engines/panda3d/panda/src/chan/movingPartBase.h,4,3,7
/media/ullmann/HDDGabriel/research/engines/panda3d/panda/src/chan/partBundle.h,5,7,12
/media/ullmann/HDDGabriel/research/engines/panda3d/panda/src/linmath/lvecBase2.h,8,8,16
/media/ullmann/HDDGabriel/research/engines/panda3d/panda/src/linmath/lvector3_src.h,1,1,2
/media/ullmann/HDDGabriel/research/engines/panda3d/panda/src/linmath/lvector3_src.I,0,1,1
/media/ullmann/HDDGabriel/research/engines/panda3d/panda/src/display/callbackGraphicsWindow.cxx,1,1,2
/media/ullmann/HDDGabriel/research/engines/panda3d/panda/src/pgraph/accumulatedAttribs.h,4,5,9
/media/ullmann/HDDGabriel/research/engines/panda3d/panda/src/egg2pg/save_egg_file.cxx,3,1,4
/media/ullmann/HDDGabriel/research/engines/panda3d/panda/src/pgraph/renderEffects.cxx,7,1,8
/media/ullmann/HDDGabriel/research/engines/panda3d/panda/src/pgraph/renderEffects.h,4,3,7
/media/ullmann/HDDGabriel/research/engines/panda3d/panda/src/egg/eggMorphList.cxx,1,1,2
/media/ullmann/HDDGabriel/research/engines/panda3d/panda/src/express/virtualFileMountZip.cxx,2,1,3
/media/ullmann/HDDGabriel/research/engines/panda3d/panda/src/gobj/userVertexSlider.cxx,1,1,2
/media/ullmann/HDDGabriel/research/engines/panda3d/panda/src/bullet/bulletHeightfieldShape.h,4,2,6
/media/ullmann/HDDGabriel/research/engines/panda3d/panda/src/pipeline/cyclerHolder.h,2,2,4
/media/ullmann/HDDGabriel/research/engines/panda3d/panda/src/pipeline/pipelineCyclerBase.h,3,2,5
/media/ullmann/HDDGabriel/research/engines/panda3d/panda/src/grutil/cardMaker.h,1,2,3
/media/ullmann/HDDGabriel/research/engines/panda3d/panda/src/grutil/cardMaker.I,0,1,1
/media/ullmann/HDDGabriel/research/engines/panda3d/panda/src/mathutil/p3mathutil_composite2.cxx,19,0,19
/media/ullmann/HDDGabriel/research/engines/panda3d/panda/src/mathutil/fftCompressor.cxx,2,1,3
/media/ullmann/HDDGabriel/research/engines/panda3d/panda/src/ode/odeBody.cxx,3,1,4
/media/ullmann/HDDGabriel/research/engines/panda3d/pandatool/src/imagebase/imageWriter.h,2,2,4
/media/ullmann/HDDGabriel/research/engines/panda3d/pandatool/src/imagebase/imageBase.h,0,3,3
/media/ullmann/HDDGabriel/research/engines/panda3d/panda/src/ode/odeBallJoint.h,3,4,7
/media/ullmann/HDDGabriel/research/engines/panda3d/panda/src/ode/odeBallJoint.I,0,1,1
/media/ullmann/HDDGabriel/research/engines/panda3d/panda/src/physics/actorNode.h,2,4,6
/media/ullmann/HDDGabriel/research/engines/panda3d/panda/src/linmath/mathNumbers.cxx,1,1,2
/media/ullmann/HDDGabriel/research/engines/panda3d/panda/src/linmath/mathNumbers.h,1,4,5
/media/ullmann/HDDGabriel/research/engines/panda3d/panda/src/bullet/bulletTranslationalLimitMotor.cxx,2,1,3
/media/ullmann/HDDGabriel/research/engines/panda3d/panda/src/bullet/bulletWorld.h,14,37,51
/media/ullmann/HDDGabriel/research/engines/panda3d/panda/src/express/patchfile.cxx,6,1,7
/media/ullmann/HDDGabriel/research/engines/panda3d/panda/src/express/patchfile.h,7,1,8
/media/ullmann/HDDGabriel/research/engines/panda3d/panda/src/bullet/bulletSliderConstraint.h,4,2,6
/media/ullmann/HDDGabriel/research/engines/panda3d/panda/src/bullet/bulletSliderConstraint.I,0,1,1
/media/ullmann/HDDGabriel/research/engines/panda3d/panda/src/collide/collisionCapsule.I,0,1,1
/media/ullmann/HDDGabriel/research/engines/panda3d/panda/src/char/config_char.cxx,8,1,9
/media/ullmann/HDDGabriel/research/engines/panda3d/panda/src/char/characterJoint.h,1,5,6
/media/ullmann/HDDGabriel/research/engines/panda3d/dtool/src/interrogatedb/p3interrogatedb_composite2.cxx,6,0,6
/media/ullmann/HDDGabriel/research/engines/panda3d/dtool/src/interrogatedb/interrogate_request.cxx,2,1,3
/media/ullmann/HDDGabriel/research/engines/panda3d/panda/src/linmath/lrotation.cxx,4,1,5
/media/ullmann/HDDGabriel/research/engines/panda3d/panda/src/egldisplay/eglGraphicsPixmap.cxx,5,1,6
/media/ullmann/HDDGabriel/research/engines/panda3d/panda/src/egldisplay/eglGraphicsWindow.h,2,4,6
/media/ullmann/HDDGabriel/research/engines/panda3d/dtool/src/dtoolutil/dSearchPath.h,2,3,5
/media/ullmann/HDDGabriel/research/engines/panda3d/direct/src/interval/cConstrainPosHprInterval.cxx,2,1,3
/media/ullmann/HDDGabriel/research/engines/panda3d/dtool/src/cppparser/cppEnumType.h,2,3,5
/media/ullmann/HDDGabriel/research/engines/panda3d/panda/src/tform/config_tform.cxx,10,1,11
/media/ullmann/HDDGabriel/research/engines/panda3d/panda/src/tform/mouseWatcherGroup.h,1,3,4
/media/ullmann/HDDGabriel/research/engines/panda3d/panda/src/parametrics/nurbsCurve.h,4,5,9
/media/ullmann/HDDGabriel/research/engines/panda3d/dtool/src/interrogate/functionRemap.cxx,9,1,10
/media/ullmann/HDDGabriel/research/engines/panda3d/panda/src/express/virtualFileSimple.cxx,4,1,5
/media/ullmann/HDDGabriel/research/engines/panda3d/panda/src/linmath/lvecBase4_src.cxx,0,1,1
/media/ullmann/HDDGabriel/research/engines/panda3d/panda/src/pgraph/renderState.cxx,14,1,15
/media/ullmann/HDDGabriel/research/engines/panda3d/panda/src/putil/factoryBase.h,2,2,4
/media/ullmann/HDDGabriel/research/engines/panda3d/panda/src/putil/factoryParams.h,2,3,5
/media/ullmann/HDDGabriel/research/engines/panda3d/panda/src/char/jointVertexTransform.cxx,1,1,2
/media/ullmann/HDDGabriel/research/engines/panda3d/panda/src/gobj/geomLinesAdjacency.cxx,3,1,4
/media/ullmann/HDDGabriel/research/engines/panda3d/panda/src/gobj/geomVertexReader.h,4,8,12
/media/ullmann/HDDGabriel/research/engines/panda3d/contrib/src/ai/pathFind.cxx,2,1,3
/media/ullmann/HDDGabriel/research/engines/panda3d/contrib/src/ai/pathFind.h,3,4,7
/media/ullmann/HDDGabriel/research/engines/panda3d/panda/src/display/graphicsPipeSelection.cxx,2,1,3
/media/ullmann/HDDGabriel/research/engines/panda3d/panda/src/putil/modifierButtons.h,2,2,4
/media/ullmann/HDDGabriel/research/engines/panda3d/dtool/src/interrogatedb/p3interrogatedb_composite1.cxx,7,0,7
/media/ullmann/HDDGabriel/research/engines/panda3d/dtool/src/interrogatedb/interrogateFunctionWrapper.cxx,3,1,4
/media/ullmann/HDDGabriel/research/engines/panda3d/pandatool/src/flt/fltTransformGeneralMatrix.h,1,3,4
/media/ullmann/HDDGabriel/research/engines/panda3d/direct/src/dcparser/dcSimpleParameter.cxx,7,1,8
/media/ullmann/HDDGabriel/research/engines/panda3d/direct/src/dcparser/dcTypedef.h,2,4,6
/media/ullmann/HDDGabriel/research/engines/panda3d/panda/src/chan/movingPartMatrix.h,4,2,6
/media/ullmann/HDDGabriel/research/engines/panda3d/panda/src/chan/animChannelFixed.h,2,3,5
/media/ullmann/HDDGabriel/research/engines/panda3d/panda/src/express/virtualFileMountAndroidAsset.h,4,2,6
/media/ullmann/HDDGabriel/research/engines/panda3d/panda/src/express/virtualFileMountAndroidAsset.I,0,1,1
/media/ullmann/HDDGabriel/research/engines/panda3d/pandatool/src/lwo/lwoChunk.h,1,29,30
/media/ullmann/HDDGabriel/research/engines/panda3d/panda/src/display/config_display.h,1,16,17
/media/ullmann/HDDGabriel/research/engines/panda3d/panda/src/device/inputDeviceNode.cxx,3,1,4
/media/ullmann/HDDGabriel/research/engines/panda3d/pandatool/src/xfile/xFileDataNodeTemplate.cxx,4,1,5
/media/ullmann/HDDGabriel/research/engines/panda3d/panda/src/putil/datagramBuffer.cxx,1,1,2
/media/ullmann/HDDGabriel/research/engines/panda3d/panda/src/glstuff/glstuff_src.cxx,14,0,14
/media/ullmann/HDDGabriel/research/engines/panda3d/panda/src/glstuff/glCgShaderContext_src.cxx,0,1,1
/media/ullmann/HDDGabriel/research/engines/panda3d/pandatool/src/win-stats/winStats.cxx,1,1,2
/media/ullmann/HDDGabriel/research/engines/panda3d/panda/src/egg2pg/load_egg_file.cxx,3,1,4
/media/ullmann/HDDGabriel/research/engines/panda3d/panda/src/egg2pg/load_egg_file.h,0,2,2
/media/ullmann/HDDGabriel/research/engines/panda3d/panda/src/parametrics/nurbsCurve.I,0,1,1
/media/ullmann/HDDGabriel/research/engines/panda3d/panda/src/pnmtext/pnmTextMaker.I,0,1,1
/media/ullmann/HDDGabriel/research/engines/panda3d/dtool/src/dtoolutil/preprocess_argv.cxx,2,1,3
/media/ullmann/HDDGabriel/research/engines/panda3d/dtool/src/dtoolutil/win32ArgParser.h,1,2,3
/media/ullmann/HDDGabriel/research/engines/panda3d/panda/src/gobj/sliderTable.cxx,2,1,3
/media/ullmann/HDDGabriel/research/engines/panda3d/panda/src/gobj/sliderTable.h,2,4,6
/media/ullmann/HDDGabriel/research/engines/panda3d/panda/src/bullet/bulletFilterCallbackData.h,3,3,6
/media/ullmann/HDDGabriel/research/engines/panda3d/panda/src/egg/eggSwitchCondition.h,1,3,4
/media/ullmann/HDDGabriel/research/engines/panda3d/panda/src/egg/eggObject.h,2,9,11
/media/ullmann/HDDGabriel/research/engines/panda3d/pandatool/src/flt/fltEyepoint.cxx,3,1,4
/media/ullmann/HDDGabriel/research/engines/panda3d/pandatool/src/pstatserver/pStatThreadData.h,1,3,4
/media/ullmann/HDDGabriel/research/engines/panda3d/dtool/src/interrogate/parameterRemapToString.cxx,3,1,4
/media/ullmann/HDDGabriel/research/engines/panda3d/dtool/src/interrogate/parameterRemapToString.h,1,5,6
/media/ullmann/HDDGabriel/research/engines/panda3d/pandatool/src/mayaegg/mayaToEggConverter.cxx,3,1,4
/media/ullmann/HDDGabriel/research/engines/panda3d/pandatool/src/mayaegg/mayaToEggConverter.h,1,3,4
/media/ullmann/HDDGabriel/research/engines/panda3d/panda/src/particlesystem/spriteParticleRenderer.h,4,1,5
/media/ullmann/HDDGabriel/research/engines/panda3d/panda/src/express/nodePointerTo.cxx,1,1,2
/media/ullmann/HDDGabriel/research/engines/panda3d/panda/src/express/hashVal.cxx,3,1,4
/media/ullmann/HDDGabriel/research/engines/panda3d/panda/src/express/openSSLWrapper.h,1,5,6
/media/ullmann/HDDGabriel/research/engines/panda3d/panda/src/event/asyncTaskCollection.h,2,4,6
/media/ullmann/HDDGabriel/research/engines/panda3d/panda/src/express/ordered_vector.cxx,1,1,2
/media/ullmann/HDDGabriel/research/engines/panda3d/panda/src/express/ordered_vector.h,2,6,8
/media/ullmann/HDDGabriel/research/engines/panda3d/panda/src/pgraph/nodePathCollection_ext.cxx,1,1,2
/media/ullmann/HDDGabriel/research/engines/panda3d/panda/src/express/memoryUsagePointerCounts.cxx,2,1,3
/media/ullmann/HDDGabriel/research/engines/panda3d/panda/src/express/memoryInfo.h,1,3,4
/media/ullmann/HDDGabriel/research/engines/panda3d/pandatool/src/lwoegg/cLwoSurface.cxx,4,1,5
/media/ullmann/HDDGabriel/research/engines/panda3d/pandatool/src/lwoegg/cLwoClip.h,1,3,4
/media/ullmann/HDDGabriel/research/engines/panda3d/panda/src/collide/collisionHandlerGravity.cxx,5,1,6
/media/ullmann/HDDGabriel/research/engines/panda3d/panda/src/collide/collisionEntry.h,5,23,28
/media/ullmann/HDDGabriel/research/engines/panda3d/panda/src/ode/odeUniversalJoint.h,3,4,7
/media/ullmann/HDDGabriel/research/engines/panda3d/panda/src/bullet/bulletWheel.cxx,2,1,3
/media/ullmann/HDDGabriel/research/engines/panda3d/panda/src/ffmpeg/p3ffmpeg_composite1.cxx,6,0,6
/media/ullmann/HDDGabriel/research/engines/panda3d/panda/src/ffmpeg/ffmpegVirtualFile.cxx,2,1,3
/media/ullmann/HDDGabriel/research/engines/panda3d/pandatool/src/lwoegg/cLwoPolygons.cxx,5,1,6
/media/ullmann/HDDGabriel/research/engines/panda3d/pandatool/src/lwoegg/cLwoPolygons.h,1,2,3
/media/ullmann/HDDGabriel/research/engines/panda3d/panda/src/gobj/perspectiveLens.I,0,1,1
/media/ullmann/HDDGabriel/research/engines/panda3d/direct/src/deadrec/smoothMover.h,1,1,2
/media/ullmann/HDDGabriel/research/engines/panda3d/direct/src/deadrec/smoothMover.I,0,1,1
/media/ullmann/HDDGabriel/research/engines/panda3d/panda/src/pgraph/weakNodePath.h,3,3,6
/media/ullmann/HDDGabriel/research/engines/panda3d/panda/src/pgraph/weakNodePath.I,0,1,1
/media/ullmann/HDDGabriel/research/engines/panda3d/panda/src/express/error_utils.cxx,2,1,3
/media/ullmann/HDDGabriel/research/engines/panda3d/pandatool/src/mayaprogs/eggToMaya.cxx,2,0,2
/media/ullmann/HDDGabriel/research/engines/panda3d/panda/src/pipeline/mutexDebug.I,0,1,1
/media/ullmann/HDDGabriel/research/engines/panda3d/panda/src/express/subStream.h,2,4,6
/media/ullmann/HDDGabriel/research/engines/panda3d/panda/src/parametrics/ropeNode.cxx,1,1,2
/media/ullmann/HDDGabriel/research/engines/panda3d/panda/src/parametrics/ropeNode.h,2,2,4
/media/ullmann/HDDGabriel/research/engines/panda3d/panda/src/bullet/bulletSoftBodyConfig.h,2,2,4
/media/ullmann/HDDGabriel/research/engines/panda3d/panda/src/bullet/bulletSoftBodyConfig.I,0,1,1
/media/ullmann/HDDGabriel/research/engines/panda3d/pandatool/src/xfileegg/xFileNormal.cxx,1,1,2
/media/ullmann/HDDGabriel/research/engines/panda3d/pandatool/src/xfileegg/xFileNormal.h,0,2,2
/media/ullmann/HDDGabriel/research/engines/panda3d/panda/src/physics/physicsCollisionHandler.I,0,1,1
/media/ullmann/HDDGabriel/research/engines/panda3d/dtool/src/dtoolbase/atomicAdjustWin32Impl.h,4,2,6
/media/ullmann/HDDGabriel/research/engines/panda3d/panda/src/chan/partBundleNode.h,3,3,6
/media/ullmann/HDDGabriel/research/engines/panda3d/panda/src/glstuff/glVertexBufferContext_src.cxx,0,1,1
/media/ullmann/HDDGabriel/research/engines/panda3d/panda/src/bullet/bulletContactCallbacks.h,4,1,5
/media/ullmann/HDDGabriel/research/engines/panda3d/pandatool/src/pstatserver/pStatViewLevel.cxx,2,1,3
/media/ullmann/HDDGabriel/research/engines/panda3d/panda/src/physics/linearRandomForce.h,2,3,5
/media/ullmann/HDDGabriel/research/engines/panda3d/panda/src/physics/linearRandomForce.I,0,1,1
/media/ullmann/HDDGabriel/research/engines/panda3d/direct/src/interval/cConstraintInterval.cxx,1,1,2
/media/ullmann/HDDGabriel/research/engines/panda3d/panda/src/putil/indirectCompareSort.h,1,0,1
/media/ullmann/HDDGabriel/research/engines/panda3d/panda/src/putil/indirectCompareSort.I,0,1,1
/media/ullmann/HDDGabriel/research/engines/panda3d/panda/src/pgraph/lensNode.cxx,2,1,3
/media/ullmann/HDDGabriel/research/engines/panda3d/dtool/src/cppparser/cppFunctionGroup.h,1,8,9
/media/ullmann/HDDGabriel/research/engines/panda3d/pandatool/src/palettizer/txaLine.cxx,7,1,8
/media/ullmann/HDDGabriel/research/engines/panda3d/pandatool/src/palettizer/textureImage.h,3,14,17
/media/ullmann/HDDGabriel/research/engines/panda3d/panda/src/bullet/bulletManifoldPoint.h,3,4,7
/media/ullmann/HDDGabriel/research/engines/panda3d/panda/src/pstatclient/pStatThread.cxx,3,1,4
/media/ullmann/HDDGabriel/research/engines/panda3d/dtool/src/dtoolbase/typeRegistry.cxx,6,1,7
/media/ullmann/HDDGabriel/research/engines/panda3d/panda/src/pnmimagetypes/pnmFileTypeBMP.cxx,2,1,3
/media/ullmann/HDDGabriel/research/engines/panda3d/pandatool/src/xfileegg/xFileMaker.cxx,3,1,4
/media/ullmann/HDDGabriel/research/engines/panda3d/pandatool/src/xfileegg/xFileMaker.h,0,1,1
/media/ullmann/HDDGabriel/research/engines/panda3d/panda/src/linmath/lmat_ops.h,10,2,12
/media/ullmann/HDDGabriel/research/engines/panda3d/panda/src/linmath/lmat_ops_src.h,1,1,2
/media/ullmann/HDDGabriel/research/engines/panda3d/panda/src/pgraphnodes/pointLight.cxx,2,1,3
/media/ullmann/HDDGabriel/research/engines/panda3d/panda/src/pgraphnodes/pointLight.h,2,5,7
/media/ullmann/HDDGabriel/research/engines/panda3d/panda/src/collide/collisionGeom.cxx,1,1,2
/media/ullmann/HDDGabriel/research/engines/panda3d/contrib/src/ai/aiPathFinder.cxx,1,1,2
/media/ullmann/HDDGabriel/research/engines/panda3d/contrib/src/ai/aiPathFinder.h,1,3,4
/media/ullmann/HDDGabriel/research/engines/panda3d/panda/src/gobj/videoTexture.h,2,2,4
/media/ullmann/HDDGabriel/research/engines/panda3d/panda/src/gobj/videoTexture.I,0,1,1
/media/ullmann/HDDGabriel/research/engines/panda3d/panda/src/net/queuedConnectionReader.cxx,2,1,3
/media/ullmann/HDDGabriel/research/engines/panda3d/panda/src/express/trueClock.h,2,2,4
/media/ullmann/HDDGabriel/research/engines/panda3d/contrib/src/speedtree/speedtree_api.cxx,1,1,2
/media/ullmann/HDDGabriel/research/engines/panda3d/contrib/src/speedtree/speedtree_api.h,0,5,5
/media/ullmann/HDDGabriel/research/engines/panda3d/dtool/src/interrogate/functionWriterPtrFromPython.cxx,4,1,5
/media/ullmann/HDDGabriel/research/engines/panda3d/pandatool/src/win-stats/winStatsLabel.cxx,3,1,4
/media/ullmann/HDDGabriel/research/engines/panda3d/pandatool/src/win-stats/winStatsMonitor.h,2,9,11
/media/ullmann/HDDGabriel/research/engines/panda3d/panda/src/gobj/paramTexture.h,3,2,5
/media/ullmann/HDDGabriel/research/engines/panda3d/panda/src/gobj/paramTexture.I,0,1,1
/media/ullmann/HDDGabriel/research/engines/panda3d/panda/src/pgraph/stencilAttrib.cxx,1,1,2
/media/ullmann/HDDGabriel/research/engines/panda3d/panda/src/pgraph/stencilAttrib.h,2,2,4
/media/ullmann/HDDGabriel/research/engines/panda3d/panda/src/tinydisplay/tinyGeomMunger.cxx,1,1,2
/media/ullmann/HDDGabriel/research/engines/panda3d/panda/src/tinydisplay/tinyGeomMunger.h,1,3,4
/media/ullmann/HDDGabriel/research/engines/panda3d/dtool/src/cppparser/cppClassTemplateParameter.cxx,2,1,3
/media/ullmann/HDDGabriel/research/engines/panda3d/dtool/src/interrogatedb/interrogate_datafile.h,1,9,10
/media/ullmann/HDDGabriel/research/engines/panda3d/pandatool/src/lwo/lwoDiscontinuousVertexMap.h,1,3,4
/media/ullmann/HDDGabriel/research/engines/panda3d/dtool/src/prc/configFlags.h,1,7,8
/media/ullmann/HDDGabriel/research/engines/panda3d/panda/src/pnmimagetypes/pnmFileTypePfm.cxx,1,1,2
/media/ullmann/HDDGabriel/research/engines/panda3d/panda/src/pnmimagetypes/pnmFileTypePfm.h,0,2,2
/media/ullmann/HDDGabriel/research/engines/panda3d/panda/src/downloader/virtualFileMountHTTP.I,0,1,1
/media/ullmann/HDDGabriel/research/engines/panda3d/panda/src/parametrics/cubicCurveseg.cxx,3,1,4
/media/ullmann/HDDGabriel/research/engines/panda3d/panda/src/parametrics/hermiteCurve.h,2,5,7
/media/ullmann/HDDGabriel/research/engines/panda3d/panda/src/gobj/textureStagePool.I,0,1,1
/media/ullmann/HDDGabriel/research/engines/panda3d/panda/src/gobj/geomTrifans.h,1,2,3
/media/ullmann/HDDGabriel/research/engines/panda3d/panda/src/pipeline/threadDummyImpl.cxx,2,1,3
/media/ullmann/HDDGabriel/research/engines/panda3d/contrib/src/rplight/internalLightManager.h,7,1,8
/media/ullmann/HDDGabriel/research/engines/panda3d/contrib/src/rplight/gpuCommandList.h,1,2,3
/media/ullmann/HDDGabriel/research/engines/panda3d/panda/src/putil/copyOnWriteObject.h,2,3,5
/media/ullmann/HDDGabriel/research/engines/panda3d/panda/src/parametrics/curveFitter.cxx,5,1,6
/media/ullmann/HDDGabriel/research/engines/panda3d/panda/src/tinydisplay/tinyWinGraphicsWindow.h,2,3,5
/media/ullmann/HDDGabriel/research/engines/panda3d/panda/src/tinydisplay/tinyWinGraphicsWindow.I,0,1,1
/media/ullmann/HDDGabriel/research/engines/panda3d/panda/src/ode/odeSliderJoint.h,3,4,7
/media/ullmann/HDDGabriel/research/engines/panda3d/panda/src/gobj/animateVerticesRequest.cxx,2,1,3
/media/ullmann/HDDGabriel/research/engines/panda3d/panda/src/gobj/animateVerticesRequest.h,2,2,4
/media/ullmann/HDDGabriel/research/engines/panda3d/panda/src/putil/drawMask.h,1,0,1
/media/ullmann/HDDGabriel/research/engines/panda3d/pandatool/src/lwoegg/cLwoPoints.cxx,3,1,4
/media/ullmann/HDDGabriel/research/engines/panda3d/pandatool/src/lwoegg/cLwoPoints.h,1,3,4
/media/ullmann/HDDGabriel/research/engines/panda3d/panda/src/collide/collisionHandlerPusher.I,0,1,1
/media/ullmann/HDDGabriel/research/engines/panda3d/panda/src/bullet/bulletDebugNode.h,2,3,5
/media/ullmann/HDDGabriel/research/engines/panda3d/panda/src/bullet/bulletDebugNode.I,0,1,1
/media/ullmann/HDDGabriel/research/engines/panda3d/panda/src/gobj/simpleAllocator.cxx,1,1,2
/media/ullmann/HDDGabriel/research/engines/panda3d/direct/src/dcparser/dcFile.I,0,1,1
/media/ullmann/HDDGabriel/research/engines/panda3d/panda/src/downloader/virtualFileMountHTTP.cxx,2,1,3
/media/ullmann/HDDGabriel/research/engines/panda3d/panda/src/downloader/virtualFileHTTP.h,3,3,6
/media/ullmann/HDDGabriel/research/engines/panda3d/panda/src/androiddisplay/androidGraphicsPipe.I,0,1,1
/media/ullmann/HDDGabriel/research/engines/panda3d/panda/src/bullet/bulletClosestHitSweepResult.h,3,2,5
/media/ullmann/HDDGabriel/research/engines/panda3d/panda/src/gobj/lens.h,3,5,8
/media/ullmann/HDDGabriel/research/engines/panda3d/contrib/src/ai/flock.h,2,4,6
/media/ullmann/HDDGabriel/research/engines/panda3d/contrib/src/ai/aiGlobals.h,1,12,13
/media/ullmann/HDDGabriel/research/engines/panda3d/panda/src/device/evdevInputDevice.h,2,4,6
/media/ullmann/HDDGabriel/research/engines/panda3d/panda/src/vision/webcamVideoOpenCV.h,1,3,4
/media/ullmann/HDDGabriel/research/engines/panda3d/panda/src/grutil/sceneGraphAnalyzerMeter.cxx,2,1,3
/media/ullmann/HDDGabriel/research/engines/panda3d/panda/src/pgraph/loader.h,2,8,10
/media/ullmann/HDDGabriel/research/engines/panda3d/panda/src/pgui/p3pgui_composite1.cxx,10,0,10
/media/ullmann/HDDGabriel/research/engines/panda3d/panda/src/pgui/pgItemNotify.cxx,2,1,3
/media/ullmann/HDDGabriel/research/engines/panda3d/panda/src/pgraph/findApproxPath.h,1,4,5
/media/ullmann/HDDGabriel/research/engines/panda3d/panda/src/pgraph/findApproxPath.I,0,1,1
/media/ullmann/HDDGabriel/research/engines/panda3d/dtool/src/dtoolutil/p3dtoolutil_composite1.cxx,9,0,9
/media/ullmann/HDDGabriel/research/engines/panda3d/dtool/src/dtoolutil/lineStream.cxx,1,1,2
/media/ullmann/HDDGabriel/research/engines/panda3d/dtool/src/dtoolutil/executionEnvironment.cxx,1,1,2
/media/ullmann/HDDGabriel/research/engines/panda3d/panda/src/pgraph/alphaTestAttrib.cxx,2,1,3
/media/ullmann/HDDGabriel/research/engines/panda3d/panda/src/ode/odeSimpleSpace.h,3,6,9
/media/ullmann/HDDGabriel/research/engines/panda3d/direct/src/interval/cLerpNodePathInterval.cxx,3,1,4
/media/ullmann/HDDGabriel/research/engines/panda3d/panda/src/bullet/bulletManifoldPoint.I,0,1,1
/media/ullmann/HDDGabriel/research/engines/panda3d/panda/src/pnmimage/pfmFile.h,2,4,6
/media/ullmann/HDDGabriel/research/engines/panda3d/panda/src/chan/partGroup.cxx,4,1,5
/media/ullmann/HDDGabriel/research/engines/panda3d/pandatool/src/flt/fltVertexList.cxx,4,1,5
/media/ullmann/HDDGabriel/research/engines/panda3d/panda/src/text/textProperties.cxx,6,1,7
/media/ullmann/HDDGabriel/research/engines/panda3d/panda/src/text/textProperties.h,3,5,8
/media/ullmann/HDDGabriel/research/engines/panda3d/dtool/src/cppparser/cppSimpleType.cxx,2,1,3
/media/ullmann/HDDGabriel/research/engines/panda3d/dtool/src/cppparser/cppGlobals.h,0,3,3
/media/ullmann/HDDGabriel/research/engines/panda3d/pandatool/src/pandatoolbase/distanceUnit.cxx,2,1,3
/media/ullmann/HDDGabriel/research/engines/panda3d/pandatool/src/pandatoolbase/distanceUnit.h,1,1,2
/media/ullmann/HDDGabriel/research/engines/panda3d/panda/src/pgraph/pythonLoaderFileType.cxx,2,1,3
/media/ullmann/HDDGabriel/research/engines/panda3d/panda/src/pgraph/pythonLoaderFileType.h,1,2,3
/media/ullmann/HDDGabriel/research/engines/panda3d/pandatool/src/flt/fltTexture.h,1,3,4
/media/ullmann/HDDGabriel/research/engines/panda3d/panda/src/display/windowHandle.cxx,1,1,2
/media/ullmann/HDDGabriel/research/engines/panda3d/panda/src/egg2pg/eggBinner.cxx,2,1,3
/media/ullmann/HDDGabriel/research/engines/panda3d/panda/src/egg2pg/eggBinner.h,0,3,3
/media/ullmann/HDDGabriel/research/engines/panda3d/dtool/src/interrogate/parameterRemapHandleToInt.h,1,3,4
/media/ullmann/HDDGabriel/research/engines/panda3d/dtool/src/prc/configPage.cxx,7,1,8
/media/ullmann/HDDGabriel/research/engines/panda3d/dtool/src/prc/prcKeyRegistry.h,1,3,4
/media/ullmann/HDDGabriel/research/engines/panda3d/panda/src/display/graphicsWindowProc.cxx,1,1,2
/media/ullmann/HDDGabriel/research/engines/panda3d/panda/src/gobj/geomVertexData.cxx,5,1,6
/media/ullmann/HDDGabriel/research/engines/panda3d/panda/src/collide/collisionVisualizer.I,0,1,1
/media/ullmann/HDDGabriel/research/engines/panda3d/panda/src/particlesystem/rectangleEmitter.h,2,2,4
/media/ullmann/HDDGabriel/research/engines/panda3d/panda/src/particlesystem/rectangleEmitter.I,0,1,1
/media/ullmann/HDDGabriel/research/engines/panda3d/pandatool/src/vrml/parse_vrml.cxx,5,0,5
/media/ullmann/HDDGabriel/research/engines/panda3d/panda/src/chan/animChannelMatrixXfmTable.cxx,3,1,4
/media/ullmann/HDDGabriel/research/engines/panda3d/panda/src/chan/animChannelMatrixXfmTable.h,2,2,4
/media/ullmann/HDDGabriel/research/engines/panda3d/panda/src/egg/eggGroup.h,7,8,15
/media/ullmann/HDDGabriel/research/engines/panda3d/panda/src/egg/eggGroup.I,0,1,1
/media/ullmann/HDDGabriel/research/engines/panda3d/pandatool/src/eggcharbase/eggCharacterData.h,2,5,7
/media/ullmann/HDDGabriel/research/engines/panda3d/dtool/src/prc/reversedNumericData.cxx,2,1,3
/media/ullmann/HDDGabriel/research/engines/panda3d/panda/src/gobj/vertexDataSaveFile.cxx,2,1,3
/media/ullmann/HDDGabriel/research/engines/panda3d/panda/src/gobj/vertexDataSaveFile.h,2,3,5
/media/ullmann/HDDGabriel/research/engines/panda3d/panda/src/egg/eggAnimPreload.h,2,2,4
/media/ullmann/HDDGabriel/research/engines/panda3d/panda/src/egg/eggAnimPreload.I,0,1,1
/media/ullmann/HDDGabriel/research/engines/panda3d/panda/src/pgraph/cullPlanes.h,2,3,5
/media/ullmann/HDDGabriel/research/engines/panda3d/panda/src/pgraph/cullPlanes.I,0,1,1
/media/ullmann/HDDGabriel/research/engines/panda3d/pandatool/src/gtk-stats/gtkStatsMonitor.cxx,9,1,10
/media/ullmann/HDDGabriel/research/engines/panda3d/pandatool/src/gtk-stats/gtkStatsFlameGraph.h,1,2,3
/media/ullmann/HDDGabriel/research/engines/panda3d/panda/src/gobj/geomVertexArrayData.cxx,6,1,7
/media/ullmann/HDDGabriel/research/engines/panda3d/panda/src/linmath/lmatrix4_src.h,1,1,2
/media/ullmann/HDDGabriel/research/engines/panda3d/panda/src/pgraph/portalClipper.h,7,4,11
/media/ullmann/HDDGabriel/research/engines/panda3d/panda/src/egg/eggMesherStrip.h,4,4,8
/media/ullmann/HDDGabriel/research/engines/panda3d/panda/src/egg/eggMesherEdge.h,3,5,8
/media/ullmann/HDDGabriel/research/engines/panda3d/dtool/src/dtoolbase/atomicAdjust.h,7,3,10
/media/ullmann/HDDGabriel/research/engines/panda3d/pandatool/src/xfileegg/p3xfileegg_composite1.cxx,8,0,8
/media/ullmann/HDDGabriel/research/engines/panda3d/dtool/src/interrogate/parameterRemapBasicStringToString.cxx,3,1,4
/media/ullmann/HDDGabriel/research/engines/panda3d/panda/src/android/android_main.cxx,2,0,2
/media/ullmann/HDDGabriel/research/engines/panda3d/panda/src/linmath/lvecBase2_ext.h,5,2,7
/media/ullmann/HDDGabriel/research/engines/panda3d/panda/src/downloader/httpEntityTag.h,1,2,3
/media/ullmann/HDDGabriel/research/engines/panda3d/panda/src/downloader/httpEntityTag.I,0,1,1
/media/ullmann/HDDGabriel/research/engines/panda3d/panda/src/display/p3display_ext_composite.cxx,6,0,6
/media/ullmann/HDDGabriel/research/engines/panda3d/panda/src/display/pythonGraphicsWindowProc.cxx,2,1,3
/media/ullmann/HDDGabriel/research/engines/panda3d/dtool/src/dtoolbase/atomicAdjustGccImpl.h,3,1,4
/media/ullmann/HDDGabriel/research/engines/panda3d/panda/src/pipeline/pipelineCyclerTrueImpl.h,6,3,9
/media/ullmann/HDDGabriel/research/engines/panda3d/panda/src/pipeline/reMutexHolder.h,2,3,5
/media/ullmann/HDDGabriel/research/engines/panda3d/panda/src/pgui/pgButton.h,3,4,7
/media/ullmann/HDDGabriel/research/engines/panda3d/pandatool/src/palettizer/destTextureImage.h,1,6,7
/media/ullmann/HDDGabriel/research/engines/panda3d/pandatool/src/text-stats/textMonitor.cxx,2,0,2
/media/ullmann/HDDGabriel/research/engines/panda3d/pandatool/src/text-stats/textStats.h,0,2,2
/media/ullmann/HDDGabriel/research/engines/panda3d/panda/src/grutil/p3grutil_composite2.cxx,7,0,7
/media/ullmann/HDDGabriel/research/engines/panda3d/panda/src/grutil/pfmVizzer.cxx,2,1,3
/media/ullmann/HDDGabriel/research/engines/panda3d/panda/src/pgraph/modelFlattenRequest.h,3,2,5
/media/ullmann/HDDGabriel/research/engines/panda3d/panda/src/pgraph/paramNodePath.cxx,3,1,4
/media/ullmann/HDDGabriel/research/engines/panda3d/panda/src/pgraph/light.h,2,5,7
/media/ullmann/HDDGabriel/research/engines/panda3d/panda/src/audio/audioSound.cxx,1,1,2
/media/ullmann/HDDGabriel/research/engines/panda3d/panda/src/audio/audioSound.h,3,6,9
/media/ullmann/HDDGabriel/research/engines/panda3d/panda/src/device/inputDeviceManager.cxx,4,1,5
/media/ullmann/HDDGabriel/research/engines/panda3d/panda/src/device/ioKitInputDeviceManager.h,1,2,3
/media/ullmann/HDDGabriel/research/engines/panda3d/panda/src/putil/writableConfigurable.cxx,1,1,2
/media/ullmann/HDDGabriel/research/engines/panda3d/panda/src/pgraphnodes/rectangleLight.h,3,2,5
/media/ullmann/HDDGabriel/research/engines/panda3d/dtool/src/interrogate/parameterRemapThis.h,1,3,4
/media/ullmann/HDDGabriel/research/engines/panda3d/panda/src/net/queuedReturn.h,5,4,9
/media/ullmann/HDDGabriel/research/engines/panda3d/pandatool/src/assimp/p3assimp_composite1.cxx,6,0,6
/media/ullmann/HDDGabriel/research/engines/panda3d/pandatool/src/assimp/assimpLoader.cxx,3,1,4
/media/ullmann/HDDGabriel/research/engines/panda3d/panda/src/windisplay/winDetectDx9.cxx,1,0,1
/media/ullmann/HDDGabriel/research/engines/panda3d/panda/src/windisplay/winDetectDx.h,0,1,1
/media/ullmann/HDDGabriel/research/engines/panda3d/panda/src/text/config_text.cxx,10,1,11
/media/ullmann/HDDGabriel/research/engines/panda3d/panda/src/text/dynamicTextGlyph.h,2,4,6
/media/ullmann/HDDGabriel/research/engines/panda3d/pandatool/src/win-stats/winStatsMonitor.cxx,8,1,9
/media/ullmann/HDDGabriel/research/engines/panda3d/pandatool/src/win-stats/winStatsMenuId.h,0,1,1
/media/ullmann/HDDGabriel/research/engines/panda3d/panda/src/particlesystem/baseParticleFactory.h,3,5,8
/media/ullmann/HDDGabriel/research/engines/panda3d/panda/src/particlesystem/particleCommonFuncs.h,0,3,3
/media/ullmann/HDDGabriel/research/engines/panda3d/panda/src/pgraphnodes/callbackNode.I,0,1,1
/media/ullmann/HDDGabriel/research/engines/panda3d/pandatool/src/assimp/loaderFileTypeAssimp.h,1,2,3
/media/ullmann/HDDGabriel/research/engines/panda3d/panda/src/downloader/bioStreamBuf.cxx,2,1,3
/media/ullmann/HDDGabriel/research/engines/panda3d/pandatool/src/flt/fltInstanceDefinition.cxx,3,1,4
/media/ullmann/HDDGabriel/research/engines/panda3d/panda/src/egg/eggSAnimData.cxx,3,1,4
/media/ullmann/HDDGabriel/research/engines/panda3d/panda/src/egg/eggSAnimData.h,2,4,6
/media/ullmann/HDDGabriel/research/engines/panda3d/panda/src/express/error_utils.h,0,2,2
/media/ullmann/HDDGabriel/research/engines/panda3d/panda/src/physics/linearForce.cxx,1,1,2
/media/ullmann/HDDGabriel/research/engines/panda3d/panda/src/display/pStatGPUTimer.h,1,2,3
/media/ullmann/HDDGabriel/research/engines/panda3d/panda/src/display/pStatGPUTimer.I,0,1,1
/media/ullmann/HDDGabriel/research/engines/panda3d/panda/src/vrpn/vrpnButtonDevice.h,1,4,5
/media/ullmann/HDDGabriel/research/engines/panda3d/panda/src/vrpn/vrpnButtonDevice.I,0,1,1
/media/ullmann/HDDGabriel/research/engines/panda3d/panda/src/mathutil/linmath_events.cxx,1,1,2
/media/ullmann/HDDGabriel/research/engines/panda3d/pandatool/src/palettizer/texturePosition.h,0,3,3
/media/ullmann/HDDGabriel/research/engines/panda3d/panda/src/doc/sampleClass.h,1,1,2
/media/ullmann/HDDGabriel/research/engines/panda3d/panda/src/doc/sampleClass.I,0,1,1
/media/ullmann/HDDGabriel/research/engines/panda3d/panda/src/pgraph/workingNodePath.h,3,3,6
/media/ullmann/HDDGabriel/research/engines/panda3d/panda/src/pgraph/workingNodePath.I,0,1,1
/media/ullmann/HDDGabriel/research/engines/panda3d/panda/src/x11display/p3x11display_composite1.cxx,3,0,3
/media/ullmann/HDDGabriel/research/engines/panda3d/panda/src/x11display/x11GraphicsPipe.cxx,3,1,4
/media/ullmann/HDDGabriel/research/engines/panda3d/panda/src/movies/opusAudio.I,0,1,1
/media/ullmann/HDDGabriel/research/engines/panda3d/panda/src/express/stringStreamBuf.h,1,2,3
/media/ullmann/HDDGabriel/research/engines/panda3d/dtool/src/cppparser/cppTypedefType.h,1,8,9
/media/ullmann/HDDGabriel/research/engines/panda3d/panda/src/net/fake_http_server.cxx,7,0,7
/media/ullmann/HDDGabriel/research/engines/panda3d/panda/src/net/queuedConnectionListener.h,5,5,10
/media/ullmann/HDDGabriel/research/engines/panda3d/panda/src/pnmimage/pnmImageHeader.cxx,6,1,7
/media/ullmann/HDDGabriel/research/engines/panda3d/panda/src/pnmimage/pnmFileTypeRegistry.h,0,3,3
/media/ullmann/HDDGabriel/research/engines/panda3d/panda/src/pnmtext/pnmTextMaker.cxx,2,1,3
/media/ullmann/HDDGabriel/research/engines/panda3d/panda/src/pnmtext/pnmTextGlyph.h,1,2,3
/media/ullmann/HDDGabriel/research/engines/panda3d/panda/src/pgraph/stateMunger.cxx,1,1,2
/media/ullmann/HDDGabriel/research/engines/panda3d/dtool/src/interrogatedb/interrogateDatabase.I,0,1,1
/media/ullmann/HDDGabriel/research/engines/panda3d/panda/src/express/pta_uchar.h,1,3,4
/media/ullmann/HDDGabriel/research/engines/panda3d/panda/src/chan/movingPartBase.cxx,4,1,5
/media/ullmann/HDDGabriel/research/engines/panda3d/panda/src/gobj/geomVertexReader.cxx,1,1,2
/media/ullmann/HDDGabriel/research/engines/panda3d/pandatool/src/lwo/lwoSurfaceBlockRepeat.cxx,2,1,3
/media/ullmann/HDDGabriel/research/engines/panda3d/panda/src/device/trackerNode.h,4,2,6
/media/ullmann/HDDGabriel/research/engines/panda3d/dtool/src/interrogate/functionWriters.cxx,1,1,2
/media/ullmann/HDDGabriel/research/engines/panda3d/dtool/src/interrogate/functionWriters.h,1,3,4
/media/ullmann/HDDGabriel/research/engines/panda3d/panda/src/pipeline/mainThread.h,1,4,5
/media/ullmann/HDDGabriel/research/engines/panda3d/dtool/src/prc/configVariableInt.I,0,1,1
/media/ullmann/HDDGabriel/research/engines/panda3d/direct/src/dcparser/dcSubatomicType.h,1,6,7
/media/ullmann/HDDGabriel/research/engines/panda3d/pandatool/src/egg-qtess/egg-qtess_composite1.cxx,8,0,8
/media/ullmann/HDDGabriel/research/engines/panda3d/pandatool/src/egg-qtess/qtessInputFile.cxx,2,1,3
/media/ullmann/HDDGabriel/research/engines/panda3d/panda/src/linmath/lsimpleMatrix.h,1,3,4
/media/ullmann/HDDGabriel/research/engines/panda3d/panda/src/linmath/lsimpleMatrix.I,0,1,1
/media/ullmann/HDDGabriel/research/engines/panda3d/panda/src/pstatclient/pStatCollectorDef.h,0,4,4
/media/ullmann/HDDGabriel/research/engines/panda3d/panda/src/audio/audioManager.I,0,1,1
/media/ullmann/HDDGabriel/research/engines/panda3d/panda/src/dxgsg9/dxGraphicsStateGuardian9.h,6,8,14
/media/ullmann/HDDGabriel/research/engines/panda3d/panda/src/dxgsg9/dxTextureContext9.h,2,4,6
/media/ullmann/HDDGabriel/research/engines/panda3d/panda/src/audio/audioSound.I,0,1,1
/media/ullmann/HDDGabriel/research/engines/panda3d/panda/src/collide/p3collide_composite2.cxx,15,0,15
/media/ullmann/HDDGabriel/research/engines/panda3d/panda/src/collide/collisionLevelState.cxx,1,1,2
/media/ullmann/HDDGabriel/research/engines/panda3d/panda/metalibs/pandaphysics/pandaphysics.cxx,1,0,1
/media/ullmann/HDDGabriel/research/engines/panda3d/panda/metalibs/pandaphysics/pandaphysics.h,0,1,1
/media/ullmann/HDDGabriel/research/engines/panda3d/panda/src/pnmimage/config_pnmimage.h,0,7,7
/media/ullmann/HDDGabriel/research/engines/panda3d/panda/src/particlesystem/arcEmitter.h,2,1,3
/media/ullmann/HDDGabriel/research/engines/panda3d/panda/src/particlesystem/arcEmitter.I,0,1,1
/media/ullmann/HDDGabriel/research/engines/panda3d/dtool/src/prc/bigEndian.h,2,2,4
/media/ullmann/HDDGabriel/research/engines/panda3d/panda/src/glgsg/config_glgsg.cxx,2,1,3
/media/ullmann/HDDGabriel/research/engines/panda3d/panda/src/glgsg/glgsg.h,1,2,3
/media/ullmann/HDDGabriel/research/engines/panda3d/panda/src/egg/eggSurface.cxx,1,1,2
/media/ullmann/HDDGabriel/research/engines/panda3d/panda/src/egg/eggSurface.h,2,3,5
/media/ullmann/HDDGabriel/research/engines/panda3d/panda/src/pgraph/auxBitplaneAttrib.cxx,1,1,2
/media/ullmann/HDDGabriel/research/engines/panda3d/panda/src/bullet/bulletContactResult.cxx,1,1,2
/media/ullmann/HDDGabriel/research/engines/panda3d/panda/src/bullet/bulletContactResult.h,3,2,5
/media/ullmann/HDDGabriel/research/engines/panda3d/panda/src/movies/wavAudio.h,2,3,5
/media/ullmann/HDDGabriel/research/engines/panda3d/panda/src/movies/wavAudio.I,0,1,1
/media/ullmann/HDDGabriel/research/engines/panda3d/panda/src/event/asyncTaskSequence.cxx,2,1,3
/media/ullmann/HDDGabriel/research/engines/panda3d/panda/src/egg/eggPrimitive.cxx,6,1,7
/media/ullmann/HDDGabriel/research/engines/panda3d/panda/src/pipeline/threadSimpleImpl.h,4,7,11
/media/ullmann/HDDGabriel/research/engines/panda3d/panda/src/device/analogNode.h,3,2,5
/media/ullmann/HDDGabriel/research/engines/panda3d/panda/src/pipeline/test_delete.cxx,3,0,3
/media/ullmann/HDDGabriel/research/engines/panda3d/panda/src/pipeline/mutexHolder.h,2,9,11
/media/ullmann/HDDGabriel/research/engines/panda3d/dtool/src/dtoolbase/atomicAdjustDummyImpl.h,4,2,6
/media/ullmann/HDDGabriel/research/engines/panda3d/panda/src/egg/eggPoolUniquifier.cxx,5,1,6
/media/ullmann/HDDGabriel/research/engines/panda3d/panda/src/cull/config_cull.cxx,6,1,7
/media/ullmann/HDDGabriel/research/engines/panda3d/panda/src/cull/cullBinFrontToBack.h,1,2,3
/media/ullmann/HDDGabriel/research/engines/panda3d/panda/src/device/winInputDeviceManager.cxx,3,1,4
/media/ullmann/HDDGabriel/research/engines/panda3d/dtool/src/dtoolbase/deletedChain.h,3,1,4
/media/ullmann/HDDGabriel/research/engines/panda3d/pandatool/src/mayaegg/mayaNodeTree.h,2,3,5
/media/ullmann/HDDGabriel/research/engines/panda3d/pandatool/src/lwo/iffChunk.cxx,2,1,3
/media/ullmann/HDDGabriel/research/engines/panda3d/pandatool/src/lwo/iffChunk.h,2,6,8
/media/ullmann/HDDGabriel/research/engines/panda3d/pandatool/src/lwoegg/p3lwoegg_composite1.cxx,9,0,9
/media/ullmann/HDDGabriel/research/engines/panda3d/pandatool/src/lwoegg/cLwoClip.cxx,2,1,3
/media/ullmann/HDDGabriel/research/engines/panda3d/panda/src/collide/collisionEntry.I,0,1,1
/media/ullmann/HDDGabriel/research/engines/panda3d/pandatool/src/pstatserver/pStatViewLevel.h,1,2,3
/media/ullmann/HDDGabriel/research/engines/panda3d/pandatool/src/pstatserver/pStatViewLevel.I,0,1,1
/media/ullmann/HDDGabriel/research/engines/panda3d/panda/src/pgraph/renderEffect.cxx,2,1,3
/media/ullmann/HDDGabriel/research/engines/panda3d/pandatool/src/egg-qtess/isoPlacer.h,1,2,3
/media/ullmann/HDDGabriel/research/engines/panda3d/pandatool/src/egg-qtess/isoPlacer.I,0,1,1
/media/ullmann/HDDGabriel/research/engines/panda3d/panda/src/downloader/chunkedStream.h,3,2,5
/media/ullmann/HDDGabriel/research/engines/panda3d/panda/src/ode/odeQuadTreeSpace.cxx,2,1,3
/media/ullmann/HDDGabriel/research/engines/panda3d/panda/src/putil/callbackData.cxx,1,1,2
/media/ullmann/HDDGabriel/research/engines/panda3d/panda/src/putil/callbackData.h,1,3,4
/media/ullmann/HDDGabriel/research/engines/panda3d/panda/src/express/ramfile.h,2,3,5
/media/ullmann/HDDGabriel/research/engines/panda3d/panda/src/express/ramfile.I,0,1,1
/media/ullmann/HDDGabriel/research/engines/panda3d/contrib/src/ai/aiBehaviors.h,3,3,6
/media/ullmann/HDDGabriel/research/engines/panda3d/panda/src/char/characterJointEffect.cxx,1,1,2
/media/ullmann/HDDGabriel/research/engines/panda3d/panda/src/char/characterJointEffect.h,2,3,5
/media/ullmann/HDDGabriel/research/engines/panda3d/panda/src/egg/eggMesher.cxx,9,1,10
/media/ullmann/HDDGabriel/research/engines/panda3d/panda/src/egg/eggMesher.h,4,3,7
/media/ullmann/HDDGabriel/research/engines/panda3d/panda/src/linmath/p3linmath_composite2.cxx,9,0,9
/media/ullmann/HDDGabriel/research/engines/panda3d/pandatool/src/flt/fltRecord.h,3,12,15
/media/ullmann/HDDGabriel/research/engines/panda3d/dtool/src/interrogate/functionWriterPtrToPython.cxx,5,1,6
/media/ullmann/HDDGabriel/research/engines/panda3d/panda/src/pnmimage/pnmImageHeader.h,2,5,7
/media/ullmann/HDDGabriel/research/engines/panda3d/panda/src/dgraph/dataNode.h,1,3,4
/media/ullmann/HDDGabriel/research/engines/panda3d/panda/src/dgraph/dataNode.I,0,1,1
/media/ullmann/HDDGabriel/research/engines/panda3d/dtool/src/interrogate/parameterRemapHandleToInt.cxx,4,1,5
/media/ullmann/HDDGabriel/research/engines/panda3d/panda/src/pgui/pgMouseWatcherBackground.h,0,2,2
/media/ullmann/HDDGabriel/research/engines/panda3d/panda/src/pipeline/mutexDirect.cxx,1,1,2
/media/ullmann/HDDGabriel/research/engines/panda3d/panda/src/pipeline/mutexDirect.h,2,3,5
/media/ullmann/HDDGabriel/research/engines/panda3d/panda/src/pipeline/pipelineCycler.cxx,1,1,2
/media/ullmann/HDDGabriel/research/engines/panda3d/panda/src/gobj/texturePool.cxx,3,1,4
/media/ullmann/HDDGabriel/research/engines/panda3d/panda/src/mathutil/boundingVolume.I,0,1,1
/media/ullmann/HDDGabriel/research/engines/panda3d/panda/src/pgraph/cullHandler.h,2,6,8
/media/ullmann/HDDGabriel/research/engines/panda3d/panda/src/android/pnmFileTypeAndroidReader.cxx,1,1,2
/media/ullmann/HDDGabriel/research/engines/panda3d/dtool/src/cppparser/cppScope.h,3,8,11
/media/ullmann/HDDGabriel/research/engines/panda3d/pandatool/src/lwo/lwoSurfaceBlock.h,2,3,5
/media/ullmann/HDDGabriel/research/engines/panda3d/panda/src/androiddisplay/config_androiddisplay.h,0,4,4
/media/ullmann/HDDGabriel/research/engines/panda3d/panda/src/bullet/bulletSphericalConstraint.cxx,3,1,4
/media/ullmann/HDDGabriel/research/engines/panda3d/panda/src/express/typedReferenceCount.cxx,1,1,2
/media/ullmann/HDDGabriel/research/engines/panda3d/panda/src/tinydisplay/image_util.cxx,1,1,2
/media/ullmann/HDDGabriel/research/engines/panda3d/panda/src/event/eventQueue.h,3,3,6
/media/ullmann/HDDGabriel/research/engines/panda3d/panda/src/event/eventQueue.I,0,1,1
/media/ullmann/HDDGabriel/research/engines/panda3d/pandatool/src/maya/mayaShader.cxx,5,1,6
/media/ullmann/HDDGabriel/research/engines/panda3d/pandatool/src/maya/mayaShader.h,1,3,4
/media/ullmann/HDDGabriel/research/engines/panda3d/panda/src/device/clientButtonDevice.h,2,3,5
/media/ullmann/HDDGabriel/research/engines/panda3d/panda/src/egg2pg/eggRenderState.I,0,1,1
/media/ullmann/HDDGabriel/research/engines/panda3d/panda/src/pstatclient/config_pstatclient.cxx,2,1,3
/media/ullmann/HDDGabriel/research/engines/panda3d/panda/src/pstatclient/pStatTimer.h,2,1,3
/media/ullmann/HDDGabriel/research/engines/panda3d/panda/src/express/pointerToArray_ext.h,6,0,6
/media/ullmann/HDDGabriel/research/engines/panda3d/panda/src/putil/p3putil_ext_composite.cxx,6,0,6
/media/ullmann/HDDGabriel/research/engines/panda3d/panda/src/putil/pythonCallbackObject.cxx,3,1,4
/media/ullmann/HDDGabriel/research/engines/panda3d/panda/src/egg/eggXfmSAnim.cxx,5,1,6
/media/ullmann/HDDGabriel/research/engines/panda3d/contrib/src/ai/aiCharacter.cxx,1,1,2
/media/ullmann/HDDGabriel/research/engines/panda3d/panda/src/putil/buttonMap.h,3,2,5
/media/ullmann/HDDGabriel/research/engines/panda3d/panda/src/physics/baseIntegrator.I,0,1,1
/media/ullmann/HDDGabriel/research/engines/panda3d/panda/src/x11display/config_x11display.cxx,3,1,4
/media/ullmann/HDDGabriel/research/engines/panda3d/panda/src/x11display/config_x11display.h,0,4,4
/media/ullmann/HDDGabriel/research/engines/panda3d/pandatool/src/flt/fltBead.h,2,7,9
/media/ullmann/HDDGabriel/research/engines/panda3d/panda/src/gobj/vertexDataBlock.cxx,1,1,2
/media/ullmann/HDDGabriel/research/engines/panda3d/panda/src/pgraph/nodePathComponent.h,2,6,8
/media/ullmann/HDDGabriel/research/engines/panda3d/panda/src/pgraph/materialCollection.cxx,1,1,2
/media/ullmann/HDDGabriel/research/engines/panda3d/panda/src/pgraphnodes/directionalLight.I,0,1,1
/media/ullmann/HDDGabriel/research/engines/panda3d/pandatool/src/eggprogs/eggRetargetAnim.cxx,1,0,1
/media/ullmann/HDDGabriel/research/engines/panda3d/pandatool/src/eggprogs/eggRetargetAnim.h,0,1,1
/media/ullmann/HDDGabriel/research/engines/panda3d/panda/src/dxgsg9/wdxGraphicsBuffer9.cxx,3,1,4
/media/ullmann/HDDGabriel/research/engines/panda3d/pandatool/src/eggbase/eggMultiFilter.cxx,1,1,2
/media/ullmann/HDDGabriel/research/engines/panda3d/pandatool/src/eggbase/eggMultiFilter.h,1,1,2
/media/ullmann/HDDGabriel/research/engines/panda3d/panda/src/device/clientDialDevice.h,2,3,5
/media/ullmann/HDDGabriel/research/engines/panda3d/direct/src/dcparser/dcPackerCatalog.cxx,4,1,5
/media/ullmann/HDDGabriel/research/engines/panda3d/panda/src/downloader/httpEnum.h,0,4,4
/media/ullmann/HDDGabriel/research/engines/panda3d/panda/src/pnmimagetypes/pnmFileTypeBMP.h,0,4,4
/media/ullmann/HDDGabriel/research/engines/panda3d/panda/src/tinydisplay/tinyGraphicsBuffer.h,2,5,7
/media/ullmann/HDDGabriel/research/engines/panda3d/panda/src/display/graphicsWindow_ext.cxx,2,1,3
/media/ullmann/HDDGabriel/research/engines/panda3d/panda/src/pgraph/camera.h,6,4,10
/media/ullmann/HDDGabriel/research/engines/panda3d/panda/src/pgraph/sceneGraphReducer.h,6,7,13
/media/ullmann/HDDGabriel/research/engines/panda3d/panda/src/pgraph/sceneGraphReducer.I,0,1,1
/media/ullmann/HDDGabriel/research/engines/panda3d/panda/src/collide/collisionSegment.h,2,10,12
/media/ullmann/HDDGabriel/research/engines/panda3d/panda/src/gobj/materialPool.h,2,1,3
/media/ullmann/HDDGabriel/research/engines/panda3d/panda/src/gobj/material.h,2,3,5
/media/ullmann/HDDGabriel/research/engines/panda3d/panda/src/pipeline/cycleDataStageWriter.h,4,1,5
/media/ullmann/HDDGabriel/research/engines/panda3d/dtool/src/cppparser/cppTypeParser.h,1,2,3
/media/ullmann/HDDGabriel/research/engines/panda3d/panda/src/event/asyncTaskSequence.h,3,3,6
/media/ullmann/HDDGabriel/research/engines/panda3d/panda/src/event/asyncTask.h,2,11,13
/media/ullmann/HDDGabriel/research/engines/panda3d/dtool/src/prc/encryptStreamBuf.h,1,2,3
/media/ullmann/HDDGabriel/research/engines/panda3d/dtool/src/dtoolutil/vector_float.h,1,2,3
/media/ullmann/HDDGabriel/research/engines/panda3d/dtool/src/dtoolutil/vector_src.h,0,5,5
/media/ullmann/HDDGabriel/research/engines/panda3d/panda/src/collide/collisionRecorder.cxx,2,1,3
/media/ullmann/HDDGabriel/research/engines/panda3d/pandatool/src/pstatserver/pStatServer.h,1,4,5
/media/ullmann/HDDGabriel/research/engines/panda3d/pandatool/src/win-stats/winStatsStripChart.cxx,2,1,3
/media/ullmann/HDDGabriel/research/engines/panda3d/panda/src/egg2pg/config_egg2pg.cxx,3,1,4
/media/ullmann/HDDGabriel/research/engines/panda3d/dtool/src/dtoolbase/p3dtoolbase_composite2.cxx,12,0,12
/media/ullmann/HDDGabriel/research/engines/panda3d/panda/src/gobj/geom.cxx,5,1,6
/media/ullmann/HDDGabriel/research/engines/panda3d/panda/src/physics/baseForce.h,2,4,6
/media/ullmann/HDDGabriel/research/engines/panda3d/panda/src/physics/linearRandomForce.cxx,1,1,2
/media/ullmann/HDDGabriel/research/engines/panda3d/panda/src/pipeline/cycleDataLockedStageReader.I,0,1,1
/media/ullmann/HDDGabriel/research/engines/panda3d/contrib/src/rplight/rpLight.I,0,1,1
/media/ullmann/HDDGabriel/research/engines/panda3d/pandatool/src/dxf/p3dxf_composite1.cxx,4,0,4
/media/ullmann/HDDGabriel/research/engines/panda3d/pandatool/src/dxf/dxfFile.cxx,1,1,2
/media/ullmann/HDDGabriel/research/engines/panda3d/pandatool/src/maya/pre_maya_include.h,0,6,6
/media/ullmann/HDDGabriel/research/engines/panda3d/pandatool/src/gtk-stats/gtkStatsPianoRoll.h,1,2,3
/media/ullmann/HDDGabriel/research/engines/panda3d/panda/src/cull/cullBinFrontToBack.I,0,1,1
/media/ullmann/HDDGabriel/research/engines/panda3d/panda/src/pgraph/shaderInput.I,0,1,1
/media/ullmann/HDDGabriel/research/engines/panda3d/dtool/src/dtoolutil/lineStreamBuf.cxx,1,1,2
/media/ullmann/HDDGabriel/research/engines/panda3d/panda/src/egg/vector_PT_EggTexture.h,2,3,5
/media/ullmann/HDDGabriel/research/engines/panda3d/panda/src/gobj/shaderBuffer.h,2,2,4
/media/ullmann/HDDGabriel/research/engines/panda3d/panda/src/pgraphnodes/lodNode.cxx,3,1,4
/media/ullmann/HDDGabriel/research/engines/panda3d/panda/src/char/characterJoint.cxx,4,1,5
/media/ullmann/HDDGabriel/research/engines/panda3d/panda/src/mathutil/finiteBoundingVolume.h,1,6,7
/media/ullmann/HDDGabriel/research/engines/panda3d/pandatool/src/gtk-stats/gtkStatsTimeline.cxx,3,1,4
/media/ullmann/HDDGabriel/research/engines/panda3d/pandatool/src/gtk-stats/gtkStatsMonitor.h,2,9,11
/media/ullmann/HDDGabriel/research/engines/panda3d/dtool/src/prc/configVariable_ext.h,1,1,2
/media/ullmann/HDDGabriel/research/engines/panda3d/panda/src/ode/odeJoint_ext.cxx,13,1,14
/media/ullmann/HDDGabriel/research/engines/panda3d/panda/src/ode/odeAMotorJoint.h,3,4,7
/media/ullmann/HDDGabriel/research/engines/panda3d/pandatool/src/vrml/standard_nodes.cxx,3,0,3
/media/ullmann/HDDGabriel/research/engines/panda3d/pandatool/src/vrml/standardNodes.wrl.c,0,1,1
/media/ullmann/HDDGabriel/research/engines/panda3d/panda/src/parametrics/nurbsCurveInterface.cxx,3,1,4
/media/ullmann/HDDGabriel/research/engines/panda3d/panda/src/express/virtualFileMountRamdisk.h,2,3,5
/media/ullmann/HDDGabriel/research/engines/panda3d/pandatool/src/mayaprogs/mayaToEggClient.cxx,1,0,1
/media/ullmann/HDDGabriel/research/engines/panda3d/panda/src/downloader/bioPtr.cxx,3,1,4
/media/ullmann/HDDGabriel/research/engines/panda3d/pandatool/src/flt/fltBeadID.cxx,3,1,4
/media/ullmann/HDDGabriel/research/engines/panda3d/panda/src/event/pythonTask.cxx,4,0,4
/media/ullmann/HDDGabriel/research/engines/panda3d/panda/src/event/pythonTask.h,2,2,4
/media/ullmann/HDDGabriel/research/engines/panda3d/panda/src/pgraphnodes/sphereLight.cxx,1,1,2
/media/ullmann/HDDGabriel/research/engines/panda3d/pandatool/src/lwo/lwoSurfaceBlockImage.cxx,2,1,3
/media/ullmann/HDDGabriel/research/engines/panda3d/panda/src/linmath/lvecBase4_ext.h,5,2,7
/media/ullmann/HDDGabriel/research/engines/panda3d/panda/src/recorder/recorderTable.h,2,6,8
/media/ullmann/HDDGabriel/research/engines/panda3d/panda/src/recorder/recorderTable.I,0,1,1
/media/ullmann/HDDGabriel/research/engines/panda3d/panda/src/express/weakPointerToVoid.cxx,1,1,2
/media/ullmann/HDDGabriel/research/engines/panda3d/panda/src/express/weakPointerToVoid.h,4,3,7
/media/ullmann/HDDGabriel/research/engines/panda3d/pandatool/src/xfile/xFileArrayDef.h,2,2,4
/media/ullmann/HDDGabriel/research/engines/panda3d/pandatool/src/xfile/xFileArrayDef.I,0,1,1
/media/ullmann/HDDGabriel/research/engines/panda3d/panda/src/particlesystem/zSpinParticleFactory.h,2,2,4
/media/ullmann/HDDGabriel/research/engines/panda3d/pandatool/src/flt/fltTransformRotateAboutEdge.cxx,3,1,4
/media/ullmann/HDDGabriel/research/engines/panda3d/direct/src/dcparser/dcClassParameter.cxx,4,1,5
/media/ullmann/HDDGabriel/research/engines/panda3d/panda/src/bullet/bulletConstraint.cxx,3,1,4
/media/ullmann/HDDGabriel/research/engines/panda3d/panda/src/bullet/bulletConstraint.h,2,8,10
/media/ullmann/HDDGabriel/research/engines/panda3d/panda/src/particlesystem/baseParticle.h,1,13,14
/media/ullmann/HDDGabriel/research/engines/panda3d/panda/src/tinydisplay/tinyGraphicsStateGuardian.cxx,8,1,9
/media/ullmann/HDDGabriel/research/engines/panda3d/panda/src/egg/eggMesherStrip.cxx,7,1,8
/media/ullmann/HDDGabriel/research/engines/panda3d/dtool/src/cppparser/cppClosureType.h,1,3,4
/media/ullmann/HDDGabriel/research/engines/panda3d/pandatool/src/lwo/lwoSurfaceBlockRepeat.h,1,3,4
/media/ullmann/HDDGabriel/research/engines/panda3d/panda/src/iphonedisplay/iPhoneGraphicsWindow.h,1,1,2
/media/ullmann/HDDGabriel/research/engines/panda3d/panda/src/iphonedisplay/iPhoneGraphicsWindow.I,0,1,1
/media/ullmann/HDDGabriel/research/engines/panda3d/pandatool/src/win-stats/winStatsServer.h,0,3,3
/media/ullmann/HDDGabriel/research/engines/panda3d/panda/src/pipeline/pmutex_ext.I,0,1,1
/media/ullmann/HDDGabriel/research/engines/panda3d/panda/src/egg/eggTriangleFan.h,2,4,6
/media/ullmann/HDDGabriel/research/engines/panda3d/contrib/src/rplight/shadowManager.h,4,2,6
/media/ullmann/HDDGabriel/research/engines/panda3d/dtool/src/cppparser/cppUsing.cxx,2,1,3
/media/ullmann/HDDGabriel/research/engines/panda3d/panda/src/egg/eggBinMaker.h,1,3,4
/media/ullmann/HDDGabriel/research/engines/panda3d/panda/src/pgraph/occluderEffect.cxx,4,1,5
/media/ullmann/HDDGabriel/research/engines/panda3d/panda/src/pgraph/attribNodeRegistry.h,2,4,6
/media/ullmann/HDDGabriel/research/engines/panda3d/panda/src/particlesystem/spriteParticleRenderer.I,0,1,1
/media/ullmann/HDDGabriel/research/engines/panda3d/direct/src/dcparser/dcAtomicField.h,5,4,9
/media/ullmann/HDDGabriel/research/engines/panda3d/panda/src/gobj/simpleLru.I,0,1,1
/media/ullmann/HDDGabriel/research/engines/panda3d/panda/src/express/datagramIterator.cxx,1,1,2
/media/ullmann/HDDGabriel/research/engines/panda3d/panda/src/gobj/queryContext.h,1,3,4
/media/ullmann/HDDGabriel/research/engines/panda3d/panda/src/putil/bamReader.cxx,3,1,4
/media/ullmann/HDDGabriel/research/engines/panda3d/panda/src/glstuff/glShaderContext_src.h,1,1,2
/media/ullmann/HDDGabriel/research/engines/panda3d/panda/src/glstuff/glShaderContext_src.I,0,1,1
/media/ullmann/HDDGabriel/research/engines/panda3d/panda/src/ode/odeWorld.I,0,1,1
/media/ullmann/HDDGabriel/research/engines/panda3d/dtool/src/prc/configVariable_ext.cxx,1,1,2
/media/ullmann/HDDGabriel/research/engines/panda3d/panda/src/glxdisplay/glxGraphicsBuffer.h,2,3,5
/media/ullmann/HDDGabriel/research/engines/panda3d/panda/src/glstuff/glBufferContext_src.h,1,1,2
/media/ullmann/HDDGabriel/research/engines/panda3d/panda/src/egg/eggCompositePrimitive.h,2,7,9
/media/ullmann/HDDGabriel/research/engines/panda3d/panda/src/pipeline/lightMutexHolder.I,0,1,1
/media/ullmann/HDDGabriel/research/engines/panda3d/panda/src/gobj/geomTriangles.cxx,3,1,4
/media/ullmann/HDDGabriel/research/engines/panda3d/panda/src/egg/vector_PT_EggVertex.h,2,2,4
/media/ullmann/HDDGabriel/research/engines/panda3d/panda/src/egg/eggVertex.h,6,9,15
/media/ullmann/HDDGabriel/research/engines/panda3d/pandatool/src/palettizer/paletteImage.cxx,8,1,9
/media/ullmann/HDDGabriel/research/engines/panda3d/pandatool/src/palettizer/filenameUnifier.h,0,7,7
/media/ullmann/HDDGabriel/research/engines/panda3d/direct/src/interval/cConstrainTransformInterval.cxx,2,1,3
/media/ullmann/HDDGabriel/research/engines/panda3d/panda/src/ode/odeSpace.cxx,7,1,8
/media/ullmann/HDDGabriel/research/engines/panda3d/panda/src/ode/odeCollisionEntry.h,2,4,6
/media/ullmann/HDDGabriel/research/engines/panda3d/panda/src/vrpn/vrpnDialDevice.cxx,2,1,3
/media/ullmann/HDDGabriel/research/engines/panda3d/panda/src/vrpn/vrpnDialDevice.h,1,4,5
/media/ullmann/HDDGabriel/research/engines/panda3d/panda/src/pgraph/shaderAttrib_ext.h,1,1,2
/media/ullmann/HDDGabriel/research/engines/panda3d/dtool/src/cppparser/cppManifest.h,3,2,5
/media/ullmann/HDDGabriel/research/engines/panda3d/contrib/src/ai/aiNode.cxx,1,1,2
/media/ullmann/HDDGabriel/research/engines/panda3d/contrib/src/ai/config_ai.cxx,16,1,17
/media/ullmann/HDDGabriel/research/engines/panda3d/dtool/src/interrogate/functionWriter.cxx,1,1,2
/media/ullmann/HDDGabriel/research/engines/panda3d/dtool/src/interrogate/functionWriter.h,0,4,4
/media/ullmann/HDDGabriel/research/engines/panda3d/panda/src/gobj/geomPoints.h,1,4,5
/media/ullmann/HDDGabriel/research/engines/panda3d/dtool/src/cppparser/cppNameComponent.h,1,3,4
/media/ullmann/HDDGabriel/research/engines/panda3d/panda/src/putil/linkedListNode.cxx,1,1,2
/media/ullmann/HDDGabriel/research/engines/panda3d/panda/src/putil/linkedListNode.h,1,3,4
/media/ullmann/HDDGabriel/research/engines/panda3d/panda/src/bullet/bulletShape.cxx,3,1,4
/media/ullmann/HDDGabriel/research/engines/panda3d/pandatool/src/mayaprogs/mayaToEgg.cxx,2,0,2
/media/ullmann/HDDGabriel/research/engines/panda3d/pandatool/src/mayaprogs/mayaToEgg.h,0,3,3
/media/ullmann/HDDGabriel/research/engines/panda3d/pandatool/src/xfile/xFileTemplate.h,3,7,10
/media/ullmann/HDDGabriel/research/engines/panda3d/panda/src/mathutil/pta_LVecBase4_ext.h,1,0,1
/media/ullmann/HDDGabriel/research/engines/panda3d/panda/src/mathutil/pta_LVecBase4.h,0,2,2
/media/ullmann/HDDGabriel/research/engines/panda3d/panda/src/egg2pg/egg_parametrics.cxx,2,1,3
/media/ullmann/HDDGabriel/research/engines/panda3d/dtool/src/interrogate/functionWriterPtrToPython.h,1,2,3
/media/ullmann/HDDGabriel/research/engines/panda3d/direct/src/dcparser/p3dcparser_ext_composite.cxx,3,0,3
/media/ullmann/HDDGabriel/research/engines/panda3d/direct/src/dcparser/dcClass_ext.cxx,5,1,6
/media/ullmann/HDDGabriel/research/engines/panda3d/panda/src/ode/odeJoint_ext.h,2,1,3
/media/ullmann/HDDGabriel/research/engines/panda3d/panda/src/pgraph/stateMunger.h,2,4,6
/media/ullmann/HDDGabriel/research/engines/panda3d/panda/src/pgraph/stateMunger.I,0,1,1
/media/ullmann/HDDGabriel/research/engines/panda3d/panda/src/pgraph/textureStageCollection.h,1,3,4
/media/ullmann/HDDGabriel/research/engines/panda3d/panda/src/pgraph/textureStageCollection.I,0,1,1
/media/ullmann/HDDGabriel/research/engines/panda3d/panda/src/egg/eggBin.h,1,4,5
/media/ullmann/HDDGabriel/research/engines/panda3d/panda/src/bullet/bulletTriangleMeshShape.cxx,4,1,5
/media/ullmann/HDDGabriel/research/engines/panda3d/panda/src/ode/odeBoxGeom.I,0,1,1
/media/ullmann/HDDGabriel/research/engines/panda3d/direct/src/dcparser/p3dcparser_composite1.cxx,12,0,12
/media/ullmann/HDDGabriel/research/engines/panda3d/direct/src/dcparser/dcPackerInterface.cxx,5,1,6
/media/ullmann/HDDGabriel/research/engines/panda3d/dtool/src/dtoolbase/mutexSpinlockImpl.h,3,2,5
/media/ullmann/HDDGabriel/research/engines/panda3d/contrib/src/rplight/pointerSlotStorage.h,0,1,1
/media/ullmann/HDDGabriel/research/engines/panda3d/panda/src/pipeline/reMutexHolder.I,0,1,1
/media/ullmann/HDDGabriel/research/engines/panda3d/panda/src/bullet/bulletHeightfieldShape.I,0,1,1
/media/ullmann/HDDGabriel/research/engines/panda3d/pandatool/src/text-stats/textStats.cxx,2,0,2
/media/ullmann/HDDGabriel/research/engines/panda3d/panda/src/putil/bamCache.cxx,8,1,9
/media/ullmann/HDDGabriel/research/engines/panda3d/dtool/src/interrogatedb/interrogateManifest.cxx,3,1,4
/media/ullmann/HDDGabriel/research/engines/panda3d/dtool/src/interrogatedb/indexRemapper.h,0,8,8
/media/ullmann/HDDGabriel/research/engines/panda3d/pandatool/src/eggprogs/eggMakeTube.cxx,1,0,1
/media/ullmann/HDDGabriel/research/engines/panda3d/pandatool/src/eggprogs/eggMakeTube.h,0,1,1
/media/ullmann/HDDGabriel/research/engines/panda3d/pandatool/src/mayaegg/mayaBlendDesc.cxx,2,1,3
/media/ullmann/HDDGabriel/research/engines/panda3d/panda/src/vrpn/vrpnAnalogDevice.I,0,1,1
/media/ullmann/HDDGabriel/research/engines/panda3d/panda/src/downloader/urlSpec.cxx,1,1,2
/media/ullmann/HDDGabriel/research/engines/panda3d/panda/src/putil/buttonRegistry.I,0,1,1
/media/ullmann/HDDGabriel/research/engines/panda3d/panda/src/egg/eggUtilities.cxx,4,1,5
/media/ullmann/HDDGabriel/research/engines/panda3d/panda/src/pnmimage/p3pnmimage_composite1.cxx,7,0,7
/media/ullmann/HDDGabriel/research/engines/panda3d/panda/src/pnmimage/pnmbitio.cxx,1,1,2
/media/ullmann/HDDGabriel/research/engines/panda3d/panda/src/egg/eggNameUniquifier.cxx,4,1,5
/media/ullmann/HDDGabriel/research/engines/panda3d/dtool/src/dtoolbase/epvector.h,1,0,1
/media/ullmann/HDDGabriel/research/engines/panda3d/dtool/src/dtoolbase/pvector.h,3,1,4
/media/ullmann/HDDGabriel/research/engines/panda3d/panda/src/collide/collisionHandlerPhysical.I,0,1,1
/media/ullmann/HDDGabriel/research/engines/panda3d/panda/src/text/fontPool.cxx,3,1,4
/media/ullmann/HDDGabriel/research/engines/panda3d/panda/src/text/dynamicTextFont.h,4,7,11
/media/ullmann/HDDGabriel/research/engines/panda3d/pandatool/src/pandatoolbase/pathReplace.cxx,2,1,3
/media/ullmann/HDDGabriel/research/engines/panda3d/pandatool/src/lwo/lwoHeader.h,2,3,5
/media/ullmann/HDDGabriel/research/engines/panda3d/pandatool/src/lwo/lwoHeader.I,0,1,1
/media/ullmann/HDDGabriel/research/engines/panda3d/panda/src/mathutil/boundingPlane.cxx,5,1,6
/media/ullmann/HDDGabriel/research/engines/panda3d/panda/src/event/eventParameter.h,1,8,9
/media/ullmann/HDDGabriel/research/engines/panda3d/panda/src/pgraph/colorBlendAttrib.h,2,3,5
/media/ullmann/HDDGabriel/research/engines/panda3d/panda/src/putil/updateSeq.h,1,2,3
/media/ullmann/HDDGabriel/research/engines/panda3d/panda/src/putil/updateSeq.I,0,1,1
/media/ullmann/HDDGabriel/research/engines/panda3d/pandatool/src/pstatserver/pStatStripChart.cxx,3,1,4
/media/ullmann/HDDGabriel/research/engines/panda3d/panda/src/pipeline/conditionVar.I,0,1,1
/media/ullmann/HDDGabriel/research/engines/panda3d/panda/src/nativenet/socket_tcp_listen.cxx,1,1,2
/media/ullmann/HDDGabriel/research/engines/panda3d/panda/src/nativenet/socket_tcp_listen.h,2,3,5
/media/ullmann/HDDGabriel/research/engines/panda3d/panda/src/cull/binCullHandler.h,1,1,2
/media/ullmann/HDDGabriel/research/engines/panda3d/panda/src/cull/binCullHandler.I,0,1,1
/media/ullmann/HDDGabriel/research/engines/panda3d/panda/src/androiddisplay/androidGraphicsWindow.h,2,3,5
/media/ullmann/HDDGabriel/research/engines/panda3d/panda/src/androiddisplay/androidGraphicsWindow.I,0,1,1
/media/ullmann/HDDGabriel/research/engines/panda3d/panda/src/express/openSSLWrapper.cxx,3,1,4
/media/ullmann/HDDGabriel/research/engines/panda3d/panda/src/mathutil/rotate_to.h,0,2,2
/media/ullmann/HDDGabriel/research/engines/panda3d/panda/src/downloader/chunkedStreamBuf.h,3,2,5
/media/ullmann/HDDGabriel/research/engines/panda3d/panda/src/downloader/chunkedStreamBuf.I,0,1,1
/media/ullmann/HDDGabriel/research/engines/panda3d/panda/src/gobj/orthographicLens.cxx,1,1,2
/media/ullmann/HDDGabriel/research/engines/panda3d/panda/src/egg2pg/animBundleMaker.h,0,2,2
/media/ullmann/HDDGabriel/research/engines/panda3d/panda/src/event/asyncTaskManager.cxx,4,1,5
/media/ullmann/HDDGabriel/research/engines/panda3d/panda/src/pnmimage/pnmBrush.cxx,3,1,4
/media/ullmann/HDDGabriel/research/engines/panda3d/pandatool/src/imagebase/imageWriter.I,0,1,1
/media/ullmann/HDDGabriel/research/engines/panda3d/dtool/src/dtoolbase/neverFreeMemory.h,3,2,5
/media/ullmann/HDDGabriel/research/engines/panda3d/dtool/src/dtoolbase/neverFreeMemory.I,0,1,1
/media/ullmann/HDDGabriel/research/engines/panda3d/panda/src/bullet/bulletRotationalLimitMotor.h,3,2,5
/media/ullmann/HDDGabriel/research/engines/panda3d/panda/src/bullet/bulletRotationalLimitMotor.I,0,1,1
/media/ullmann/HDDGabriel/research/engines/panda3d/panda/src/chan/animChannelScalarTable.cxx,3,1,4
/media/ullmann/HDDGabriel/research/engines/panda3d/panda/src/chan/animBundle.h,2,10,12
/media/ullmann/HDDGabriel/research/engines/panda3d/pandatool/src/lwoegg/lwoToEggConverter.cxx,6,1,7
/media/ullmann/HDDGabriel/research/engines/panda3d/pandatool/src/lwo/lwoSurfaceSidedness.h,1,3,4
/media/ullmann/HDDGabriel/research/engines/panda3d/panda/src/egg/eggVertexUV.h,3,3,6
/media/ullmann/HDDGabriel/research/engines/panda3d/panda/src/tinydisplay/vertex.cxx,1,1,2
/media/ullmann/HDDGabriel/research/engines/panda3d/pandatool/src/egg-mkfont/rangeDescription.cxx,1,1,2
/media/ullmann/HDDGabriel/research/engines/panda3d/panda/src/display/displayRegion.h,3,9,12
/media/ullmann/HDDGabriel/research/engines/panda3d/dtool/src/dtoolbase/test_strtod.cxx,1,0,1
/media/ullmann/HDDGabriel/research/engines/panda3d/dtool/src/dtoolbase/pstrtod.h,1,2,3
/media/ullmann/HDDGabriel/research/engines/panda3d/panda/src/physics/angularIntegrator.h,2,4,6
/media/ullmann/HDDGabriel/research/engines/panda3d/pandatool/src/eggprogs/eggTrans.cxx,1,0,1
/media/ullmann/HDDGabriel/research/engines/panda3d/pandatool/src/eggprogs/eggTrans.h,0,1,1
/media/ullmann/HDDGabriel/research/engines/panda3d/pandatool/src/lwo/lwoSurfaceBlock.cxx,10,1,11
/media/ullmann/HDDGabriel/research/engines/panda3d/pandatool/src/lwo/lwoStillImage.cxx,2,1,3
/media/ullmann/HDDGabriel/research/engines/panda3d/panda/src/pipeline/pipelineCyclerTrueImpl.cxx,3,1,4
/media/ullmann/HDDGabriel/research/engines/panda3d/panda/src/chan/partBundle.cxx,7,1,8
/media/ullmann/HDDGabriel/research/engines/panda3d/pandatool/src/flt/fltOpcode.h,0,4,4
/media/ullmann/HDDGabriel/research/engines/panda3d/panda/src/pgraphnodes/fadeLodNode.h,2,3,5
/media/ullmann/HDDGabriel/research/engines/panda3d/contrib/src/rplight/shadowSource.h,2,4,6
/media/ullmann/HDDGabriel/research/engines/panda3d/contrib/src/rplight/gpuCommand.h,1,4,5
/media/ullmann/HDDGabriel/research/engines/panda3d/panda/src/gobj/vertexSlider.h,2,4,6
/media/ullmann/HDDGabriel/research/engines/panda3d/panda/src/pstatclient/pStatServerControlMessage.h,0,3,3
/media/ullmann/HDDGabriel/research/engines/panda3d/panda/src/particlesystem/config_particlesystem.cxx,3,1,4
/media/ullmann/HDDGabriel/research/engines/panda3d/panda/src/particlesystem/particleSystem.h,5,4,9
/media/ullmann/HDDGabriel/research/engines/panda3d/pandatool/src/flt/fltTransformRotateAboutPoint.h,1,3,4
/media/ullmann/HDDGabriel/research/engines/panda3d/panda/src/linmath/config_linmath.h,1,12,13
/media/ullmann/HDDGabriel/research/engines/panda3d/panda/src/text/textNode.h,5,2,7
/media/ullmann/HDDGabriel/research/engines/panda3d/dtool/src/prc/configDeclaration.h,3,6,9
/media/ullmann/HDDGabriel/research/engines/panda3d/dtool/src/prc/configPage.h,1,5,6
/media/ullmann/HDDGabriel/research/engines/panda3d/panda/src/gobj/vertexBufferContext.h,5,3,8
/media/ullmann/HDDGabriel/research/engines/panda3d/pandatool/src/palettizer/paletteGroup.cxx,7,1,8
/media/ullmann/HDDGabriel/research/engines/panda3d/panda/src/particlesystem/baseParticleRenderer.h,3,7,10
/media/ullmann/HDDGabriel/research/engines/panda3d/panda/src/glesgsg/glesgsg.h,2,2,4
/media/ullmann/HDDGabriel/research/engines/panda3d/panda/src/glesgsg/config_glesgsg.h,0,2,2
/media/ullmann/HDDGabriel/research/engines/panda3d/panda/src/gobj/geomPatches.cxx,2,1,3
/media/ullmann/HDDGabriel/research/engines/panda3d/panda/src/gobj/geomVertexRewriter.h,3,12,15
/media/ullmann/HDDGabriel/research/engines/panda3d/panda/src/pnmimagetypes/pnmFileTypePNM.cxx,2,1,3
/media/ullmann/HDDGabriel/research/engines/panda3d/panda/src/pnmimagetypes/pnmFileTypePNM.h,0,2,2
/media/ullmann/HDDGabriel/research/engines/panda3d/panda/src/collide/collisionSphere.cxx,10,1,11
/media/ullmann/HDDGabriel/research/engines/panda3d/panda/src/bullet/bulletSphericalConstraint.h,4,2,6
/media/ullmann/HDDGabriel/research/engines/panda3d/dtool/src/interrogate/interrogate_composite2.cxx,17,0,17
/media/ullmann/HDDGabriel/research/engines/panda3d/dtool/src/interrogate/interrogate.cxx,2,1,3
/media/ullmann/HDDGabriel/research/engines/panda3d/panda/src/express/zStream.I,0,1,1
/media/ullmann/HDDGabriel/research/engines/panda3d/contrib/src/ai/arrival.h,2,3,5
/media/ullmann/HDDGabriel/research/engines/panda3d/direct/src/directdServer/directdServer.cxx,1,0,1
/media/ullmann/HDDGabriel/research/engines/panda3d/direct/src/directdServer/directdServer.h,0,1,1
/media/ullmann/HDDGabriel/research/engines/panda3d/panda/src/gobj/adaptiveLru.I,0,1,1
/media/ullmann/HDDGabriel/research/engines/panda3d/panda/src/egldisplay/eglGraphicsPipe.I,0,1,1
/media/ullmann/HDDGabriel/research/engines/panda3d/panda/src/text/textProperties.I,0,1,1
/media/ullmann/HDDGabriel/research/engines/panda3d/panda/src/putil/modifierButtons.cxx,1,1,2
/media/ullmann/HDDGabriel/research/engines/panda3d/panda/src/display/parasiteBuffer.h,2,3,5
/media/ullmann/HDDGabriel/research/engines/panda3d/panda/src/pnmimage/pfmFile.cxx,5,1,6
/media/ullmann/HDDGabriel/research/engines/panda3d/panda/src/linmath/lvector2.h,6,6,12
/media/ullmann/HDDGabriel/research/engines/panda3d/dtool/src/dtoolutil/panda_getopt_impl.cxx,1,1,2
/media/ullmann/HDDGabriel/research/engines/panda3d/dtool/src/dtoolutil/panda_getopt_impl.h,0,1,1
/media/ullmann/HDDGabriel/research/engines/panda3d/panda/src/display/displayRegionDrawCallbackData.h,1,3,4
/media/ullmann/HDDGabriel/research/engines/panda3d/pandatool/src/mayaegg/mayaEggGroupUserData.I,0,1,1
/media/ullmann/HDDGabriel/research/engines/panda3d/dtool/src/cppparser/cppCommentBlock.h,1,4,5
/media/ullmann/HDDGabriel/research/engines/panda3d/dtool/src/prc/configVariableCore.cxx,5,1,6
/media/ullmann/HDDGabriel/research/engines/panda3d/pandatool/src/eggbase/eggMultiBase.cxx,2,1,3
/media/ullmann/HDDGabriel/research/engines/panda3d/pandatool/src/eggbase/eggBase.h,0,4,4
/media/ullmann/HDDGabriel/research/engines/panda3d/panda/src/net/queuedReturn.I,0,1,1
/media/ullmann/HDDGabriel/research/engines/panda3d/dtool/src/interrogatedb/indexRemapper.cxx,1,1,2
/media/ullmann/HDDGabriel/research/engines/panda3d/pandatool/src/imageprogs/imageFixHiddenColor.h,1,1,2
/media/ullmann/HDDGabriel/research/engines/panda3d/pandatool/src/imageprogs/imageFixHiddenColor.I,0,1,1
/media/ullmann/HDDGabriel/research/engines/panda3d/panda/src/parametrics/parametricCurveCollection.cxx,4,1,5
/media/ullmann/HDDGabriel/research/engines/panda3d/panda/src/express/nodePointerTo.h,2,1,3
/media/ullmann/HDDGabriel/research/engines/panda3d/panda/src/express/nodePointerTo.I,0,1,1
/media/ullmann/HDDGabriel/research/engines/panda3d/dtool/src/cppparser/cppManifest.cxx,2,1,3
/media/ullmann/HDDGabriel/research/engines/panda3d/panda/src/movies/microphoneAudio.h,2,2,4
/media/ullmann/HDDGabriel/research/engines/panda3d/panda/src/collide/collisionHandlerEvent.h,4,5,9
/media/ullmann/HDDGabriel/research/engines/panda3d/pandatool/src/lwoegg/cLwoSurfaceBlock.cxx,3,1,4
/media/ullmann/HDDGabriel/research/engines/panda3d/pandatool/src/lwoegg/lwoToEggConverter.h,1,9,10
/media/ullmann/HDDGabriel/research/engines/panda3d/panda/src/display/graphicsEngine.I,0,1,1
/media/ullmann/HDDGabriel/research/engines/panda3d/pandatool/src/eggcharbase/eggCharacterData.cxx,5,1,6
/media/ullmann/HDDGabriel/research/engines/panda3d/panda/src/bullet/bulletSoftBodyNode.cxx,8,1,9
/media/ullmann/HDDGabriel/research/engines/panda3d/dtool/src/prc/configPage.I,0,1,1
/media/ullmann/HDDGabriel/research/engines/panda3d/panda/src/pipeline/conditionVarSimpleImpl.h,3,2,5
/media/ullmann/HDDGabriel/research/engines/panda3d/panda/src/pipeline/conditionVarSimpleImpl.I,0,1,1
/media/ullmann/HDDGabriel/research/engines/panda3d/panda/src/collide/collisionRay.cxx,4,1,5
/media/ullmann/HDDGabriel/research/engines/panda3d/panda/src/gobj/shaderContext.I,0,1,1
/media/ullmann/HDDGabriel/research/engines/panda3d/panda/src/android/p3android_composite1.cxx,6,0,6
/media/ullmann/HDDGabriel/research/engines/panda3d/panda/src/tform/mouseWatcherBase.h,2,3,5
/media/ullmann/HDDGabriel/research/engines/panda3d/direct/src/dcparser/dcPacker_ext.cxx,4,1,5
/media/ullmann/HDDGabriel/research/engines/panda3d/panda/src/egg/eggNurbsSurface.h,3,2,5
/media/ullmann/HDDGabriel/research/engines/panda3d/panda/src/particlesystem/particleSystemManager.h,2,2,4
/media/ullmann/HDDGabriel/research/engines/panda3d/panda/src/downloader/virtualFileHTTP.cxx,2,1,3
/media/ullmann/HDDGabriel/research/engines/panda3d/panda/src/chan/auto_bind.h,2,1,3
/media/ullmann/HDDGabriel/research/engines/panda3d/panda/src/chan/animControl.h,3,9,12
/media/ullmann/HDDGabriel/research/engines/panda3d/pandatool/src/progbase/wordWrapStreamBuf.cxx,3,1,4
/media/ullmann/HDDGabriel/research/engines/panda3d/pandatool/src/progbase/wordWrapStream.h,1,3,4
/media/ullmann/HDDGabriel/research/engines/panda3d/direct/src/dcparser/dcParserDefs.h,2,3,5
/media/ullmann/HDDGabriel/research/engines/panda3d/panda/src/particlesystem/particleSystemManager.cxx,2,1,3
/media/ullmann/HDDGabriel/research/engines/panda3d/panda/src/bullet/bulletSoftBodyShape.I,0,1,1
/media/ullmann/HDDGabriel/research/engines/panda3d/panda/src/collide/collisionFloorMesh.cxx,8,1,9
/media/ullmann/HDDGabriel/research/engines/panda3d/panda/src/pipeline/threadImpl.h,4,1,5
/media/ullmann/HDDGabriel/research/engines/panda3d/panda/src/text/textAssembler.cxx,5,1,6
/media/ullmann/HDDGabriel/research/engines/panda3d/pandatool/src/lwo/lwoSurfaceBlockImage.h,1,3,4
/media/ullmann/HDDGabriel/research/engines/panda3d/panda/src/chan/movingPartMatrix.cxx,4,1,5
/media/ullmann/HDDGabriel/research/engines/panda3d/panda/src/chan/animChannelMatrixFixed.h,2,3,5
/media/ullmann/HDDGabriel/research/engines/panda3d/pandatool/src/eggcharbase/eggVertexPointer.cxx,1,1,2
/media/ullmann/HDDGabriel/research/engines/panda3d/panda/src/chan/auto_bind.cxx,5,1,6
/media/ullmann/HDDGabriel/research/engines/panda3d/dtool/src/cppparser/cppParameterList.h,1,7,8
/media/ullmann/HDDGabriel/research/engines/panda3d/dtool/src/dtoolbase/mutexSpinlockImpl.cxx,2,1,3
/media/ullmann/HDDGabriel/research/engines/panda3d/direct/src/dcparser/dcKeywordList.h,1,3,4
/media/ullmann/HDDGabriel/research/engines/panda3d/panda/src/vrpn/vrpnAnalog.h,2,2,4
/media/ullmann/HDDGabriel/research/engines/panda3d/panda/src/bullet/bulletContactCallbackData.h,4,3,7
/media/ullmann/HDDGabriel/research/engines/panda3d/panda/src/pipeline/cycleDataLockedReader.h,4,2,6
/media/ullmann/HDDGabriel/research/engines/panda3d/panda/src/linmath/lvecBase4_ext_src.h,1,1,2
/media/ullmann/HDDGabriel/research/engines/panda3d/panda/src/linmath/lvecBase4_ext_src.I,0,1,1
/media/ullmann/HDDGabriel/research/engines/panda3d/panda/src/gsgbase/config_gsgbase.cxx,3,1,4
/media/ullmann/HDDGabriel/research/engines/panda3d/panda/src/gsgbase/config_gsgbase.h,0,1,1
/media/ullmann/HDDGabriel/research/engines/panda3d/panda/src/net/datagramQueue.cxx,2,1,3
/media/ullmann/HDDGabriel/research/engines/panda3d/panda/src/net/datagramQueue.h,1,2,3
/media/ullmann/HDDGabriel/research/engines/panda3d/panda/src/vrpn/config_vrpn.h,0,6,6
/media/ullmann/HDDGabriel/research/engines/panda3d/dtool/src/dtoolbase/dtoolbase.cxx,2,1,3
/media/ullmann/HDDGabriel/research/engines/panda3d/pandatool/src/gtk-stats/gtkStatsLabelStack.cxx,2,1,3
/media/ullmann/HDDGabriel/research/engines/panda3d/pandatool/src/gtk-stats/gtkStatsLabelStack.h,0,5,5
/media/ullmann/HDDGabriel/research/engines/panda3d/panda/src/pgraph/renderAttrib.I,0,1,1
/media/ullmann/HDDGabriel/research/engines/panda3d/panda/src/mathutil/frustum_src.h,1,1,2
/media/ullmann/HDDGabriel/research/engines/panda3d/panda/src/mathutil/frustum_src.I,0,1,1
/media/ullmann/HDDGabriel/research/engines/panda3d/panda/src/pgraph/depthTestAttrib.h,2,3,5
/media/ullmann/HDDGabriel/research/engines/panda3d/panda/src/ode/odeHingeJoint.h,3,4,7
/media/ullmann/HDDGabriel/research/engines/panda3d/panda/src/grutil/frameRateMeter.h,1,2,3
/media/ullmann/HDDGabriel/research/engines/panda3d/panda/src/grutil/frameRateMeter.I,0,1,1
/media/ullmann/HDDGabriel/research/engines/panda3d/pandatool/src/flt/fltMeshPrimitive.cxx,5,1,6
/media/ullmann/HDDGabriel/research/engines/panda3d/panda/src/glstuff/glShaderContext_src.cxx,0,1,1
/media/ullmann/HDDGabriel/research/engines/panda3d/panda/src/pipeline/thread.cxx,6,1,7
/media/ullmann/HDDGabriel/research/engines/panda3d/panda/src/dxgsg9/dxIndexBufferContext9.h,2,3,5
/media/ullmann/HDDGabriel/research/engines/panda3d/dtool/src/prc/configDeclaration.I,0,1,1
/media/ullmann/HDDGabriel/research/engines/panda3d/pandatool/src/flt/fltLocalVertexPool.cxx,5,1,6
/media/ullmann/HDDGabriel/research/engines/panda3d/pandatool/src/flt/fltMaterial.h,1,9,10
/media/ullmann/HDDGabriel/research/engines/panda3d/contrib/src/rplight/rpPointLight.I,0,1,1
/media/ullmann/HDDGabriel/research/engines/panda3d/panda/src/chan/animChannelBase.cxx,1,1,2
/media/ullmann/HDDGabriel/research/engines/panda3d/dtool/src/cppparser/cppFile.cxx,1,1,2
/media/ullmann/HDDGabriel/research/engines/panda3d/dtool/src/cppparser/cppType.cxx,7,1,8
/media/ullmann/HDDGabriel/research/engines/panda3d/pandatool/src/pstatserver/pStatListener.h,0,2,2
/media/ullmann/HDDGabriel/research/engines/panda3d/panda/src/downloader/httpClient.cxx,5,1,6
/media/ullmann/HDDGabriel/research/engines/panda3d/panda/src/downloader/httpDigestAuthorization.h,2,2,4
/media/ullmann/HDDGabriel/research/engines/panda3d/direct/src/interval/lerpblend.cxx,1,1,2
/media/ullmann/HDDGabriel/research/engines/panda3d/direct/src/interval/lerpblend.h,0,2,2
/media/ullmann/HDDGabriel/research/engines/panda3d/panda/src/bullet/bulletBoxShape.cxx,3,1,4
/media/ullmann/HDDGabriel/research/engines/panda3d/panda/src/bullet/bulletBoxShape.h,3,3,6
/media/ullmann/HDDGabriel/research/engines/panda3d/pandatool/src/xfile/xFileDataObjectInteger.cxx,1,1,2
/media/ullmann/HDDGabriel/research/engines/panda3d/panda/src/pipeline/genericThread.cxx,1,1,2
/media/ullmann/HDDGabriel/research/engines/panda3d/panda/src/tinydisplay/tinyWinGraphicsPipe.cxx,4,1,5
/media/ullmann/HDDGabriel/research/engines/panda3d/panda/src/device/buttonNode.cxx,2,1,3
/media/ullmann/HDDGabriel/research/engines/panda3d/panda/src/gobj/lens.I,0,1,1
/media/ullmann/HDDGabriel/research/engines/panda3d/panda/src/egldisplay/eglGraphicsBuffer.cxx,4,1,5
/media/ullmann/HDDGabriel/research/engines/panda3d/panda/src/pgraph/modelRoot.cxx,1,1,2
/media/ullmann/HDDGabriel/research/engines/panda3d/panda/src/pgraph/modelRoot.h,2,5,7
/media/ullmann/HDDGabriel/research/engines/panda3d/pandatool/src/assimp/config_assimp.cxx,2,1,3
/media/ullmann/HDDGabriel/research/engines/panda3d/contrib/src/rplight/gpuCommand.cxx,1,1,2
/media/ullmann/HDDGabriel/research/engines/panda3d/panda/src/linmath/lpoint4_src.h,1,1,2
/media/ullmann/HDDGabriel/research/engines/panda3d/pandatool/src/pstatserver/p3pstatserver_composite1.cxx,13,0,13
/media/ullmann/HDDGabriel/research/engines/panda3d/pandatool/src/pstatserver/pStatView.cxx,1,1,2
/media/ullmann/HDDGabriel/research/engines/panda3d/panda/src/gobj/geomVertexArrayData.h,6,8,14
/media/ullmann/HDDGabriel/research/engines/panda3d/panda/src/nativenet/time_general.h,0,1,1
/media/ullmann/HDDGabriel/research/engines/panda3d/panda/src/pgraph/modelLoadRequest.h,4,3,7
/media/ullmann/HDDGabriel/research/engines/panda3d/panda/src/bullet/bulletConeTwistConstraint.cxx,3,1,4
/media/ullmann/HDDGabriel/research/engines/panda3d/dtool/src/prc/configVariableFilename.I,0,1,1
/media/ullmann/HDDGabriel/research/engines/panda3d/panda/src/device/clientTrackerDevice.h,3,3,6
/media/ullmann/HDDGabriel/research/engines/panda3d/panda/src/downloader/socketStream.cxx,3,1,4
/media/ullmann/HDDGabriel/research/engines/panda3d/panda/src/pipeline/cycleDataLockedReader.I,0,1,1
/media/ullmann/HDDGabriel/research/engines/panda3d/pandatool/src/daeegg/daeToEggConverter.h,3,2,5
/media/ullmann/HDDGabriel/research/engines/panda3d/panda/src/mathutil/randomizer.cxx,1,1,2
/media/ullmann/HDDGabriel/research/engines/panda3d/direct/src/dcparser/dcDeclaration.cxx,1,1,2
/media/ullmann/HDDGabriel/research/engines/panda3d/panda/src/mathutil/perlinNoise2.cxx,1,1,2
/media/ullmann/HDDGabriel/research/engines/panda3d/panda/src/gobj/geomVertexFormat.cxx,3,1,4
/media/ullmann/HDDGabriel/research/engines/panda3d/pandatool/src/lwoegg/cLwoSurfaceBlockTMap.h,1,2,3
/media/ullmann/HDDGabriel/research/engines/panda3d/panda/src/particlesystem/arcEmitter.cxx,1,1,2
/media/ullmann/HDDGabriel/research/engines/panda3d/panda/src/gobj/vertexDataPage.cxx,5,1,6
/media/ullmann/HDDGabriel/research/engines/panda3d/contrib/src/ai/wander.cxx,1,1,2
/media/ullmann/HDDGabriel/research/engines/panda3d/panda/src/ode/odeSpace_ext.cxx,7,1,8
/media/ullmann/HDDGabriel/research/engines/panda3d/panda/src/downloader/extractor.h,1,1,2
/media/ullmann/HDDGabriel/research/engines/panda3d/panda/src/downloader/extractor.I,0,1,1
/media/ullmann/HDDGabriel/research/engines/panda3d/panda/src/egg/eggNurbsCurve.h,2,3,5
/media/ullmann/HDDGabriel/research/engines/panda3d/panda/src/egg/eggNurbsCurve.I,0,1,1
/media/ullmann/HDDGabriel/research/engines/panda3d/panda/src/ode/odeConvexGeom.cxx,2,0,2
/media/ullmann/HDDGabriel/research/engines/panda3d/panda/src/ode/odeAMotorJoint.cxx,2,1,3
/media/ullmann/HDDGabriel/research/engines/panda3d/panda/src/pgraph/audioVolumeAttrib.h,2,3,5
/media/ullmann/HDDGabriel/research/engines/panda3d/panda/src/bullet/bulletRigidBodyNode.cxx,4,1,5
/media/ullmann/HDDGabriel/research/engines/panda3d/panda/src/collide/p3collide_ext_composite.cxx,5,0,5
/media/ullmann/HDDGabriel/research/engines/panda3d/panda/src/collide/collisionHandlerQueue_ext.cxx,1,1,2
/media/ullmann/HDDGabriel/research/engines/panda3d/panda/src/pipeline/cycleDataReader.h,4,1,5
/media/ullmann/HDDGabriel/research/engines/panda3d/panda/src/pipeline/cycleDataReader.I,0,1,1
/media/ullmann/HDDGabriel/research/engines/panda3d/panda/src/egg/eggNamedObject.cxx,2,1,3
/media/ullmann/HDDGabriel/research/engines/panda3d/panda/src/downloader/multiplexStreamBuf.h,1,2,3
/media/ullmann/HDDGabriel/research/engines/panda3d/panda/src/downloader/multiplexStreamBuf.I,0,1,1
/media/ullmann/HDDGabriel/research/engines/panda3d/contrib/src/ai/aiWorld.cxx,1,1,2
/media/ullmann/HDDGabriel/research/engines/panda3d/contrib/src/ai/aiWorld.h,3,3,6
/media/ullmann/HDDGabriel/research/engines/panda3d/panda/src/linmath/lpoint2.cxx,5,1,6
/media/ullmann/HDDGabriel/research/engines/panda3d/panda/src/movies/movieAudio.h,1,10,11
/media/ullmann/HDDGabriel/research/engines/panda3d/pandatool/src/lwo/lwoSurfaceBlockRefObj.h,1,3,4
/media/ullmann/HDDGabriel/research/engines/panda3d/panda/src/tform/p3tform_composite2.cxx,7,0,7
/media/ullmann/HDDGabriel/research/engines/panda3d/panda/src/tform/mouseWatcherGroup.cxx,1,1,2
/media/ullmann/HDDGabriel/research/engines/panda3d/panda/src/dxgsg9/dxShaderContext9.cxx,3,1,4
/media/ullmann/HDDGabriel/research/engines/panda3d/panda/src/dxgsg9/dxVertexBufferContext9.h,2,4,6
/media/ullmann/HDDGabriel/research/engines/panda3d/panda/src/express/pta_float.cxx,1,1,2
/media/ullmann/HDDGabriel/research/engines/panda3d/panda/src/express/pta_float.h,1,3,4
/media/ullmann/HDDGabriel/research/engines/panda3d/panda/src/particlesystem/baseParticleRenderer.cxx,1,1,2
/media/ullmann/HDDGabriel/research/engines/panda3d/panda/src/putil/copyOnWriteObject.I,0,1,1
/media/ullmann/HDDGabriel/research/engines/panda3d/panda/src/bullet/bulletPersistentManifold.cxx,3,1,4
/media/ullmann/HDDGabriel/research/engines/panda3d/pandatool/src/lwo/lwoInputFile.cxx,12,1,13
/media/ullmann/HDDGabriel/research/engines/panda3d/panda/src/downloader/identityStreamBuf.h,3,2,5
/media/ullmann/HDDGabriel/research/engines/panda3d/panda/src/downloader/socketStream.h,1,5,6
/media/ullmann/HDDGabriel/research/engines/panda3d/panda/src/glxdisplay/glxGraphicsWindow.cxx,4,1,5
/media/ullmann/HDDGabriel/research/engines/panda3d/pandatool/src/gtk-stats/gtkStatsPianoRoll.cxx,3,1,4
/media/ullmann/HDDGabriel/research/engines/panda3d/panda/src/physics/linearCylinderVortexForce.h,2,2,4
/media/ullmann/HDDGabriel/research/engines/panda3d/panda/src/physics/linearCylinderVortexForce.I,0,1,1
/media/ullmann/HDDGabriel/research/engines/panda3d/panda/src/gobj/bufferContextChain.cxx,2,1,3
/media/ullmann/HDDGabriel/research/engines/panda3d/panda/src/pgraph/cullBinEnums.h,0,2,2
/media/ullmann/HDDGabriel/research/engines/panda3d/panda/src/pgraph/shaderInput_ext.h,1,3,4
/media/ullmann/HDDGabriel/research/engines/panda3d/panda/src/gobj/indexBufferContext.h,5,3,8
/media/ullmann/HDDGabriel/research/engines/panda3d/pandatool/src/lwo/lwoGroupChunk.h,2,8,10
/media/ullmann/HDDGabriel/research/engines/panda3d/panda/src/event/pythonTask.I,0,1,1
/media/ullmann/HDDGabriel/research/engines/panda3d/panda/src/pgraphnodes/directionalLight.cxx,1,1,2
/media/ullmann/HDDGabriel/research/engines/panda3d/dtool/src/dtoolbase/mutexWin32Impl.cxx,2,1,3
/media/ullmann/HDDGabriel/research/engines/panda3d/panda/src/egldisplay/eglGraphicsStateGuardian.h,2,6,8
/media/ullmann/HDDGabriel/research/engines/panda3d/panda/src/egldisplay/eglGraphicsStateGuardian.I,0,1,1
/media/ullmann/HDDGabriel/research/engines/panda3d/dtool/src/dtoolutil/string_utils.cxx,2,1,3
/media/ullmann/HDDGabriel/research/engines/panda3d/dtool/src/dtoolutil/string_utils.h,2,2,4
/media/ullmann/HDDGabriel/research/engines/panda3d/pandatool/src/eggcharbase/eggJointNodePointer.h,1,3,4
/media/ullmann/HDDGabriel/research/engines/panda3d/panda/src/putil/sparseArray.h,1,4,5
/media/ullmann/HDDGabriel/research/engines/panda3d/panda/src/putil/sparseArray.I,0,1,1
/media/ullmann/HDDGabriel/research/engines/panda3d/panda/src/display/displayRegion.cxx,5,1,6
/media/ullmann/HDDGabriel/research/engines/panda3d/panda/src/particlesystem/emitters.h,10,0,10
/media/ullmann/HDDGabriel/research/engines/panda3d/panda/src/particlesystem/sphereSurfaceEmitter.h,2,3,5
/media/ullmann/HDDGabriel/research/engines/panda3d/panda/src/chan/animChannelMatrixDynamic.h,2,3,5
/media/ullmann/HDDGabriel/research/engines/panda3d/panda/src/particlesystem/pointParticleRenderer.h,3,2,5
/media/ullmann/HDDGabriel/research/engines/panda3d/panda/src/downloader/httpAuthorization.cxx,3,1,4
/media/ullmann/HDDGabriel/research/engines/panda3d/panda/src/grutil/lineSegs.cxx,1,1,2
/media/ullmann/HDDGabriel/research/engines/panda3d/pandatool/src/lwo/iffGenericChunk.h,2,3,5
/media/ullmann/HDDGabriel/research/engines/panda3d/panda/src/event/genericAsyncTask.h,2,2,4
/media/ullmann/HDDGabriel/research/engines/panda3d/panda/src/putil/factoryBase.cxx,2,1,3
/media/ullmann/HDDGabriel/research/engines/panda3d/panda/src/ode/odePlaneGeom.h,3,4,7
/media/ullmann/HDDGabriel/research/engines/panda3d/pandatool/src/eggcharbase/eggBackPointer.h,0,5,5
/media/ullmann/HDDGabriel/research/engines/panda3d/panda/src/net/queuedConnectionListener.I,0,1,1
/media/ullmann/HDDGabriel/research/engines/panda3d/panda/src/vrpn/config_vrpn.cxx,6,1,7
/media/ullmann/HDDGabriel/research/engines/panda3d/panda/src/vrpn/vrpnTrackerDevice.h,1,4,5
/media/ullmann/HDDGabriel/research/engines/panda3d/dtool/src/interrogate/interrogateBuilder.cxx,10,1,11
/media/ullmann/HDDGabriel/research/engines/panda3d/dtool/src/interrogate/functionRemap.h,0,7,7
/media/ullmann/HDDGabriel/research/engines/panda3d/panda/src/bullet/bulletBaseCharacterControllerNode.cxx,1,1,2
/media/ullmann/HDDGabriel/research/engines/panda3d/panda/src/tinydisplay/tinyGeomMunger.I,0,1,1
/media/ullmann/HDDGabriel/research/engines/panda3d/panda/src/net/test_raw_server.cxx,7,0,7
/media/ullmann/HDDGabriel/research/engines/panda3d/panda/src/text/textNode.cxx,4,1,5
/media/ullmann/HDDGabriel/research/engines/panda3d/panda/src/text/textAssembler.h,5,3,8
/media/ullmann/HDDGabriel/research/engines/panda3d/panda/src/pgraph/colorBlendAttrib.I,0,1,1
/media/ullmann/HDDGabriel/research/engines/panda3d/panda/src/display/subprocessWindowBuffer.h,1,2,3
/media/ullmann/HDDGabriel/research/engines/panda3d/panda/src/putil/writableParam.I,0,1,1
/media/ullmann/HDDGabriel/research/engines/panda3d/panda/src/device/clientDialDevice.cxx,1,1,2
/media/ullmann/HDDGabriel/research/engines/panda3d/pandatool/src/lwo/lwoStillImage.h,1,3,4
/media/ullmann/HDDGabriel/research/engines/panda3d/panda/metalibs/pandagles/pandagles.cxx,1,0,1
/media/ullmann/HDDGabriel/research/engines/panda3d/panda/metalibs/pandagles/pandagles.h,0,1,1
/media/ullmann/HDDGabriel/research/engines/panda3d/panda/src/pgui/pgMouseWatcherRegion.h,1,3,4
/media/ullmann/HDDGabriel/research/engines/panda3d/panda/src/pgui/pgMouseWatcherRegion.I,0,1,1
/media/ullmann/HDDGabriel/research/engines/panda3d/pandatool/src/lwoegg/cLwoSurfaceBlockTMap.I,0,1,1
/media/ullmann/HDDGabriel/research/engines/panda3d/pandatool/src/pstatserver/pStatFlameGraph.cxx,1,1,2
/media/ullmann/HDDGabriel/research/engines/panda3d/panda/src/egg/eggUserData.h,1,3,4
/media/ullmann/HDDGabriel/research/engines/panda3d/pandatool/src/gtk-stats/gtkStatsFlameGraph.cxx,3,1,4
/media/ullmann/HDDGabriel/research/engines/panda3d/panda/src/tinydisplay/memory.cxx,1,1,2
/media/ullmann/HDDGabriel/research/engines/panda3d/panda/src/express/referenceCount.h,4,13,17
/media/ullmann/HDDGabriel/research/engines/panda3d/panda/src/particlesystem/ringEmitter.h,2,3,5
/media/ullmann/HDDGabriel/research/engines/panda3d/panda/src/particlesystem/ringEmitter.I,0,1,1
/media/ullmann/HDDGabriel/research/engines/panda3d/direct/src/showbase/showBase.cxx,1,0,1
/media/ullmann/HDDGabriel/research/engines/panda3d/direct/src/showbase/showBase.h,0,1,1
/media/ullmann/HDDGabriel/research/engines/panda3d/panda/src/movies/movieTypeRegistry.cxx,2,1,3
/media/ullmann/HDDGabriel/research/engines/panda3d/panda/src/parametrics/nurbsCurveResult.h,2,2,4
/media/ullmann/HDDGabriel/research/engines/panda3d/panda/src/parametrics/nurbsCurveResult.I,0,1,1
/media/ullmann/HDDGabriel/research/engines/panda3d/panda/src/grutil/pipeOcclusionCullTraverser.cxx,2,1,3
/media/ullmann/HDDGabriel/research/engines/panda3d/panda/src/grutil/pipeOcclusionCullTraverser.h,1,2,3
/media/ullmann/HDDGabriel/research/engines/panda3d/contrib/src/speedtree/loaderFileTypeSrt.cxx,3,1,4
/media/ullmann/HDDGabriel/research/engines/panda3d/contrib/src/speedtree/speedTreeNode.h,5,5,10
/media/ullmann/HDDGabriel/research/engines/panda3d/panda/src/grutil/rigidBodyCombiner.h,2,2,4
/media/ullmann/HDDGabriel/research/engines/panda3d/panda/src/grutil/rigidBodyCombiner.I,0,1,1
/media/ullmann/HDDGabriel/research/engines/panda3d/dtool/src/dtoolutil/p3dtoolutil_composite2.cxx,16,0,16
/media/ullmann/HDDGabriel/research/engines/panda3d/panda/src/pnmimage/pnmReader.h,2,4,6
/media/ullmann/HDDGabriel/research/engines/panda3d/panda/src/pnmimage/pnmReader.I,0,1,1
/media/ullmann/HDDGabriel/research/engines/panda3d/panda/src/chan/animChannelScalarTable.h,2,2,4
/media/ullmann/HDDGabriel/research/engines/panda3d/panda/src/chan/animChannelScalarTable.I,0,1,1
/media/ullmann/HDDGabriel/research/engines/panda3d/panda/src/egg/eggGroup.cxx,5,1,6
/media/ullmann/HDDGabriel/research/engines/panda3d/panda/src/egg/lexerDefs.h,1,5,6
/media/ullmann/HDDGabriel/research/engines/panda3d/contrib/src/rplight/shadowSource.I,0,1,1
/media/ullmann/HDDGabriel/research/engines/panda3d/panda/src/tform/buttonThrower.cxx,1,1,2
/media/ullmann/HDDGabriel/research/engines/panda3d/panda/src/pipeline/blockerSimple.I,0,1,1
/media/ullmann/HDDGabriel/research/engines/panda3d/dtool/src/dtoolbase/patomic.h,3,3,6
/media/ullmann/HDDGabriel/research/engines/panda3d/pandatool/src/maya/maya_funcs.h,5,4,9
/media/ullmann/HDDGabriel/research/engines/panda3d/panda/src/pgraphnodes/uvScrollNode.cxx,1,1,2
/media/ullmann/HDDGabriel/research/engines/panda3d/panda/src/downloader/httpAuthorization.h,2,4,6
/media/ullmann/HDDGabriel/research/engines/panda3d/pandatool/src/fltegg/fltToEggConverter.h,2,2,4
/media/ullmann/HDDGabriel/research/engines/panda3d/pandatool/src/fltegg/fltToEggLevelState.h,1,2,3
/media/ullmann/HDDGabriel/research/engines/panda3d/panda/src/putil/buttonHandle.cxx,2,1,3
/media/ullmann/HDDGabriel/research/engines/panda3d/panda/src/linmath/compose_matrix.cxx,6,1,7
/media/ullmann/HDDGabriel/research/engines/panda3d/panda/src/linmath/compose_matrix_src.cxx,0,1,1
/media/ullmann/HDDGabriel/research/engines/panda3d/panda/src/physics/physicsObjectCollection.I,0,1,1
/media/ullmann/HDDGabriel/research/engines/panda3d/panda/src/pgraph/attribNodeRegistry.cxx,1,1,2
/media/ullmann/HDDGabriel/research/engines/panda3d/panda/src/gobj/vertexDataBook.h,2,3,5
/media/ullmann/HDDGabriel/research/engines/panda3d/pandatool/src/palettizer/imageFile.cxx,4,1,5
/media/ullmann/HDDGabriel/research/engines/panda3d/dtool/src/cppparser/cppPointerType.cxx,6,1,7
/media/ullmann/HDDGabriel/research/engines/panda3d/panda/src/pgraph/loaderFileTypeRegistry.cxx,3,1,4
/media/ullmann/HDDGabriel/research/engines/panda3d/panda/src/pgraph/loaderFileType.h,1,6,7
/media/ullmann/HDDGabriel/research/engines/panda3d/panda/src/pnmimage/p3pnmimage_composite2.cxx,8,0,8
/media/ullmann/HDDGabriel/research/engines/panda3d/panda/src/pnmimage/pnmimage_base.cxx,2,1,3
/media/ullmann/HDDGabriel/research/engines/panda3d/pandatool/src/maya/mayaApi.cxx,4,1,5
/media/ullmann/HDDGabriel/research/engines/panda3d/direct/src/dcparser/dcSwitch.cxx,6,1,7
/media/ullmann/HDDGabriel/research/engines/panda3d/panda/src/gobj/texturePool.I,0,1,1
/media/ullmann/HDDGabriel/research/engines/panda3d/dtool/src/dtoolutil/textEncoder_ext.h,2,1,3
/media/ullmann/HDDGabriel/research/engines/panda3d/dtool/src/dtoolutil/textEncoder_ext.I,0,1,1
/media/ullmann/HDDGabriel/research/engines/panda3d/panda/src/pipeline/pipelineCyclerTrivialImpl.cxx,1,1,2
/media/ullmann/HDDGabriel/research/engines/panda3d/panda/src/audiotraits/openalAudioSound.cxx,2,1,3
/media/ullmann/HDDGabriel/research/engines/panda3d/panda/src/audiotraits/openalAudioSound.h,2,3,5
/media/ullmann/HDDGabriel/research/engines/panda3d/direct/src/interval/showInterval.I,0,1,1
/media/ullmann/HDDGabriel/research/engines/panda3d/panda/src/pipeline/lightMutex.h,3,2,5
/media/ullmann/HDDGabriel/research/engines/panda3d/panda/src/vrpn/vrpnAnalog.I,0,1,1
/media/ullmann/HDDGabriel/research/engines/panda3d/panda/src/pnmimagetypes/pnmFileTypeTGA.h,0,2,2
/media/ullmann/HDDGabriel/research/engines/panda3d/panda/src/movies/movieVideoCursor.cxx,2,1,3
/media/ullmann/HDDGabriel/research/engines/panda3d/panda/src/linmath/lpoint4_ext_src.h,1,1,2
/media/ullmann/HDDGabriel/research/engines/panda3d/panda/src/linmath/lpoint4_ext_src.I,0,1,1
/media/ullmann/HDDGabriel/research/engines/panda3d/panda/src/putil/timedCycle.h,2,1,3
/media/ullmann/HDDGabriel/research/engines/panda3d/panda/src/putil/clockObject.h,1,4,5
/media/ullmann/HDDGabriel/research/engines/panda3d/panda/src/particlesystem/pointEmitter.cxx,1,1,2
/media/ullmann/HDDGabriel/research/engines/panda3d/direct/src/dcparser/dcField_ext.h,1,3,4
/media/ullmann/HDDGabriel/research/engines/panda3d/dtool/src/dtoolutil/lineStream.h,2,1,3
/media/ullmann/HDDGabriel/research/engines/panda3d/panda/src/express/virtualFile.I,0,1,1
/media/ullmann/HDDGabriel/research/engines/panda3d/dtool/src/interrogate/interfaceMakerC.cxx,7,1,8
/media/ullmann/HDDGabriel/research/engines/panda3d/panda/src/egg/vector_PT_EggMaterial.cxx,1,1,2
/media/ullmann/HDDGabriel/research/engines/panda3d/pandatool/src/flt/fltLOD.cxx,3,1,4
/media/ullmann/HDDGabriel/research/engines/panda3d/direct/src/dcparser/dcSwitchParameter.cxx,3,1,4
/media/ullmann/HDDGabriel/research/engines/panda3d/panda/src/pgui/pgWaitBar.I,0,1,1
/media/ullmann/HDDGabriel/research/engines/panda3d/panda/src/pipeline/lightReMutex.h,3,2,5
/media/ullmann/HDDGabriel/research/engines/panda3d/panda/src/linmath/lvecBase4.h,9,7,16
/media/ullmann/HDDGabriel/research/engines/panda3d/pandatool/src/palettizer/textureProperties.h,0,7,7
/media/ullmann/HDDGabriel/research/engines/panda3d/panda/src/express/virtualFileList.I,0,1,1
/media/ullmann/HDDGabriel/research/engines/panda3d/pandatool/src/lwoegg/cLwoSurface.h,2,3,5
/media/ullmann/HDDGabriel/research/engines/panda3d/pandatool/src/lwoegg/cLwoSurface.I,0,1,1
/media/ullmann/HDDGabriel/research/engines/panda3d/pandatool/src/xfile/xFileDataObjectDouble.cxx,1,1,2
/media/ullmann/HDDGabriel/research/engines/panda3d/pandatool/src/xfile/xFileDataObjectDouble.h,2,4,6
/media/ullmann/HDDGabriel/research/engines/panda3d/pandatool/src/eggcharbase/eggJointPointer.cxx,1,1,2
/media/ullmann/HDDGabriel/research/engines/panda3d/pandatool/src/pandatoolbase/p3pandatoolbase_composite1.cxx,6,0,6
/media/ullmann/HDDGabriel/research/engines/panda3d/panda/src/pgui/pgItemNotify.h,1,4,5
/media/ullmann/HDDGabriel/research/engines/panda3d/panda/src/collide/collisionParabola.cxx,2,1,3
/media/ullmann/HDDGabriel/research/engines/panda3d/panda/src/ffmpeg/config_ffmpeg.cxx,5,1,6
/media/ullmann/HDDGabriel/research/engines/panda3d/pandatool/src/xfile/xFileDataDef.h,5,4,9
/media/ullmann/HDDGabriel/research/engines/panda3d/panda/src/dxgsg9/dxOcclusionQueryContext9.h,1,3,4
/media/ullmann/HDDGabriel/research/engines/panda3d/panda/src/dxgsg9/dxOcclusionQueryContext9.I,0,1,1
/media/ullmann/HDDGabriel/research/engines/panda3d/dtool/src/prc/configVariableBool.I,0,1,1
/media/ullmann/HDDGabriel/research/engines/panda3d/panda/src/express/pointerToBase.h,5,3,8
/media/ullmann/HDDGabriel/research/engines/panda3d/panda/src/express/pointerToVoid.h,1,4,5
/media/ullmann/HDDGabriel/research/engines/panda3d/panda/src/pipeline/threadSimpleManager.h,2,4,6
/media/ullmann/HDDGabriel/research/engines/panda3d/panda/src/pipeline/threadSimpleManager.I,0,1,1
/media/ullmann/HDDGabriel/research/engines/panda3d/panda/src/net/test_spam_client.cxx,7,0,7
/media/ullmann/HDDGabriel/research/engines/panda3d/pandatool/src/lwo/lwoSurfaceBlockVMapName.h,1,3,4
/media/ullmann/HDDGabriel/research/engines/panda3d/panda/src/pstatclient/pStatClientImpl.h,2,3,5
/media/ullmann/HDDGabriel/research/engines/panda3d/panda/src/bullet/bulletRotationalLimitMotor.cxx,2,1,3
/media/ullmann/HDDGabriel/research/engines/panda3d/panda/src/pipeline/pipelineCyclerDummyImpl.cxx,1,1,2
/media/ullmann/HDDGabriel/research/engines/panda3d/panda/src/nativenet/socket_address.h,2,3,5
/media/ullmann/HDDGabriel/research/engines/panda3d/panda/src/pnmimagetypes/pnmFileTypeEXR.h,0,2,2
/media/ullmann/HDDGabriel/research/engines/panda3d/dtool/src/dtoolutil/globPattern.cxx,2,1,3
/media/ullmann/HDDGabriel/research/engines/panda3d/panda/src/net/datagram_ui.h,1,6,7
/media/ullmann/HDDGabriel/research/engines/panda3d/panda/src/downloader/httpBasicAuthorization.h,2,2,4
/media/ullmann/HDDGabriel/research/engines/panda3d/pandatool/src/text-stats/textMonitor.h,1,2,3
/media/ullmann/HDDGabriel/research/engines/panda3d/panda/src/particlesystem/particlefactories.h,3,0,3
/media/ullmann/HDDGabriel/research/engines/panda3d/panda/src/parametrics/p3parametrics_composite1.cxx,5,0,5
/media/ullmann/HDDGabriel/research/engines/panda3d/pandatool/src/lwoegg/cLwoSurfaceBlock.h,1,3,4
/media/ullmann/HDDGabriel/research/engines/panda3d/pandatool/src/lwoegg/cLwoSurfaceBlock.I,0,1,1
/media/ullmann/HDDGabriel/research/engines/panda3d/dtool/src/interrogate/parameterRemapBasicStringRefToString.cxx,2,1,3
/media/ullmann/HDDGabriel/research/engines/panda3d/panda/src/egg/eggComment.h,2,4,6
/media/ullmann/HDDGabriel/research/engines/panda3d/panda/src/egg/eggComment.I,0,1,1
/media/ullmann/HDDGabriel/research/engines/panda3d/panda/src/pgraphnodes/sceneGraphAnalyzer.h,1,1,2
/media/ullmann/HDDGabriel/research/engines/panda3d/panda/src/pgraphnodes/sceneGraphAnalyzer.I,0,1,1
/media/ullmann/HDDGabriel/research/engines/panda3d/panda/src/putil/bamReader_ext.cxx,2,1,3
/media/ullmann/HDDGabriel/research/engines/panda3d/dtool/src/dtoolbase/typeHandle_ext.cxx,1,0,1
/media/ullmann/HDDGabriel/research/engines/panda3d/dtool/src/dtoolbase/typeHandle_ext.h,2,1,3
/media/ullmann/HDDGabriel/research/engines/panda3d/direct/src/deadrec/p3deadrec_composite1.cxx,2,0,2
/media/ullmann/HDDGabriel/research/engines/panda3d/direct/src/deadrec/config_deadrec.cxx,1,1,2
/media/ullmann/HDDGabriel/research/engines/panda3d/panda/src/device/ioKitInputDevice.cxx,2,1,3
/media/ullmann/HDDGabriel/research/engines/panda3d/panda/src/collide/collisionHandlerFloor.h,2,3,5
/media/ullmann/HDDGabriel/research/engines/panda3d/panda/src/collide/collisionHandlerFloor.I,0,1,1
/media/ullmann/HDDGabriel/research/engines/panda3d/dtool/src/dtoolbase/typedObject.cxx,1,1,2
/media/ullmann/HDDGabriel/research/engines/panda3d/panda/src/linmath/flt2dblnames.h,1,1,2
/media/ullmann/HDDGabriel/research/engines/panda3d/pandatool/src/palettizer/sourceTextureImage.cxx,3,1,4
/media/ullmann/HDDGabriel/research/engines/panda3d/pandatool/src/palettizer/textureReference.h,2,5,7
/media/ullmann/HDDGabriel/research/engines/panda3d/panda/src/egg/eggVertex.cxx,6,1,7
/media/ullmann/HDDGabriel/research/engines/panda3d/pandatool/src/palettizer/palettePage.cxx,5,1,6
/media/ullmann/HDDGabriel/research/engines/panda3d/pandatool/src/palettizer/texturePlacement.h,2,10,12
/media/ullmann/HDDGabriel/research/engines/panda3d/panda/src/pgraph/loaderFileTypeRegistry_ext.h,1,1,2
/media/ullmann/HDDGabriel/research/engines/panda3d/panda/src/pgraph/loaderFileTypeRegistry.h,0,4,4
/media/ullmann/HDDGabriel/research/engines/panda3d/panda/src/gsgbase/graphicsStateGuardianBase.cxx,1,1,2
/media/ullmann/HDDGabriel/research/engines/panda3d/panda/src/gsgbase/graphicsStateGuardianBase.h,0,3,3
/media/ullmann/HDDGabriel/research/engines/panda3d/panda/src/text/textFont.cxx,2,1,3
/media/ullmann/HDDGabriel/research/engines/panda3d/dtool/src/dtoolutil/pandaFileStream.cxx,1,1,2
/media/ullmann/HDDGabriel/research/engines/panda3d/panda/src/pipeline/cycleDataLockedStageReader.cxx,1,1,2
/media/ullmann/HDDGabriel/research/engines/panda3d/panda/src/char/p3char_composite1.cxx,4,0,4
/media/ullmann/HDDGabriel/research/engines/panda3d/panda/src/char/characterJointBundle.cxx,1,1,2
/media/ullmann/HDDGabriel/research/engines/panda3d/panda/src/bullet/bulletCylinderShape.h,4,2,6
/media/ullmann/HDDGabriel/research/engines/panda3d/panda/src/glstuff/glGraphicsBuffer_src.h,1,1,2
/media/ullmann/HDDGabriel/research/engines/panda3d/panda/src/glstuff/glGraphicsBuffer_src.I,0,1,1
/media/ullmann/HDDGabriel/research/engines/panda3d/panda/src/gobj/queryContext.I,0,1,1
/media/ullmann/HDDGabriel/research/engines/panda3d/direct/src/dcparser/dcFile.cxx,8,1,9
/media/ullmann/HDDGabriel/research/engines/panda3d/direct/src/dcparser/dcLexerDefs.h,1,3,4
/media/ullmann/HDDGabriel/research/engines/panda3d/panda/src/putil/bamReaderParam.h,2,3,5
/media/ullmann/HDDGabriel/research/engines/panda3d/panda/src/particlesystem/p3particlesystem_composite2.cxx,11,0,11
/media/ullmann/HDDGabriel/research/engines/panda3d/panda/src/downloader/multiplexStream.cxx,1,1,2
/media/ullmann/HDDGabriel/research/engines/panda3d/panda/src/distort/config_distort.cxx,6,1,7
/media/ullmann/HDDGabriel/research/engines/panda3d/panda/src/distort/config_distort.h,0,3,3
/media/ullmann/HDDGabriel/research/engines/panda3d/pandatool/src/flt/fltError.h,0,4,4
/media/ullmann/HDDGabriel/research/engines/panda3d/panda/src/mathutil/look_at.cxx,2,1,3
/media/ullmann/HDDGabriel/research/engines/panda3d/panda/src/mathutil/look_at_src.cxx,0,1,1
/media/ullmann/HDDGabriel/research/engines/panda3d/panda/src/egg2pg/eggSaver.cxx,1,1,2
/media/ullmann/HDDGabriel/research/engines/panda3d/panda/src/egg2pg/eggSaver.h,1,2,3
/media/ullmann/HDDGabriel/research/engines/panda3d/dtool/src/cppparser/cppStructType.h,4,7,11
/media/ullmann/HDDGabriel/research/engines/panda3d/panda/src/pgui/pgWaitBar.cxx,2,1,3
/media/ullmann/HDDGabriel/research/engines/panda3d/panda/src/pgraph/colorWriteAttrib.h,2,2,4
/media/ullmann/HDDGabriel/research/engines/panda3d/panda/src/pgraph/colorWriteAttrib.I,0,1,1
/media/ullmann/HDDGabriel/research/engines/panda3d/panda/src/particlesystem/lineParticleRenderer.cxx,1,1,2
/media/ullmann/HDDGabriel/research/engines/panda3d/panda/src/particlesystem/lineParticleRenderer.h,3,1,4
/media/ullmann/HDDGabriel/research/engines/panda3d/panda/src/express/windowsRegistry.cxx,2,1,3
/media/ullmann/HDDGabriel/research/engines/panda3d/pandatool/src/win-stats/winStatsServer.cxx,2,1,3
/media/ullmann/HDDGabriel/research/engines/panda3d/panda/src/parametrics/nurbsVertex.I,0,1,1
/media/ullmann/HDDGabriel/research/engines/panda3d/panda/src/device/trackerNode.cxx,3,1,4
/media/ullmann/HDDGabriel/research/engines/panda3d/contrib/src/ai/meshNode.cxx,1,1,2
/media/ullmann/HDDGabriel/research/engines/panda3d/contrib/src/ai/meshNode.h,1,3,4
/media/ullmann/HDDGabriel/research/engines/panda3d/pandatool/src/flt/fltTrackplane.cxx,3,1,4
/media/ullmann/HDDGabriel/research/engines/panda3d/panda/src/pandabase/pandabase.cxx,1,0,1
/media/ullmann/HDDGabriel/research/engines/panda3d/panda/src/express/pointerTo.I,0,1,1
/media/ullmann/HDDGabriel/research/engines/panda3d/dtool/src/dtoolbase/mutexPosixImpl.cxx,2,1,3
/media/ullmann/HDDGabriel/research/engines/panda3d/contrib/src/ai/pathFollow.h,3,4,7
/media/ullmann/HDDGabriel/research/engines/panda3d/panda/src/audio/audioManager.cxx,3,1,4
/media/ullmann/HDDGabriel/research/engines/panda3d/panda/src/nativenet/ringbuffer.I,0,1,1
/media/ullmann/HDDGabriel/research/engines/panda3d/panda/src/egg/eggUserData.cxx,1,1,2
/media/ullmann/HDDGabriel/research/engines/panda3d/panda/src/gobj/geomVertexWriter.cxx,1,1,2
/media/ullmann/HDDGabriel/research/engines/panda3d/panda/src/gobj/geomLines.cxx,4,1,5
/media/ullmann/HDDGabriel/research/engines/panda3d/panda/src/gobj/geomLinesAdjacency.h,1,4,5
/media/ullmann/HDDGabriel/research/engines/panda3d/dtool/src/dtoolutil/load_dso.cxx,2,1,3
/media/ullmann/HDDGabriel/research/engines/panda3d/pandatool/src/mayaegg/config_mayaegg.h,0,5,5
/media/ullmann/HDDGabriel/research/engines/panda3d/panda/src/pnmimagetypes/pnmFileTypeSGI.cxx,3,1,4
/media/ullmann/HDDGabriel/research/engines/panda3d/panda/src/pnmimagetypes/pnmFileTypeSGI.h,0,4,4
/media/ullmann/HDDGabriel/research/engines/panda3d/panda/src/gobj/occlusionQueryContext.h,2,2,4
/media/ullmann/HDDGabriel/research/engines/panda3d/panda/src/gobj/occlusionQueryContext.I,0,1,1
/media/ullmann/HDDGabriel/research/engines/panda3d/pandatool/src/lwo/lwoHeader.cxx,2,1,3
/media/ullmann/HDDGabriel/research/engines/panda3d/panda/src/pgui/pgFrameStyle.h,1,2,3
/media/ullmann/HDDGabriel/research/engines/panda3d/panda/src/pgui/pgFrameStyle.I,0,1,1
/media/ullmann/HDDGabriel/research/engines/panda3d/panda/src/gsgbase/p3gsgbase_composite1.cxx,3,0,3
/media/ullmann/HDDGabriel/research/engines/panda3d/panda/src/express/memoryUsage.cxx,5,1,6
/media/ullmann/HDDGabriel/research/engines/panda3d/panda/src/pipeline/psemaphore.cxx,1,1,2
/media/ullmann/HDDGabriel/research/engines/panda3d/panda/src/nativenet/socket_base.h,9,1,10
/media/ullmann/HDDGabriel/research/engines/panda3d/panda/src/nativenet/socket_tcp.h,1,4,5
/media/ullmann/HDDGabriel/research/engines/panda3d/panda/src/egg2pg/p3egg2pg_composite2.cxx,6,0,6
/media/ullmann/HDDGabriel/research/engines/panda3d/panda/src/pgraph/texProjectorEffect.cxx,6,1,7
/media/ullmann/HDDGabriel/research/engines/panda3d/panda/src/pgraph/lensNode.h,2,5,7
/media/ullmann/HDDGabriel/research/engines/panda3d/direct/src/interval/cLerpAnimEffectInterval.cxx,2,1,3
/media/ullmann/HDDGabriel/research/engines/panda3d/panda/src/chan/bindAnimRequest.h,2,3,5
/media/ullmann/HDDGabriel/research/engines/panda3d/panda/src/chan/partSubset.h,1,4,5
/media/ullmann/HDDGabriel/research/engines/panda3d/dtool/src/interrogate/interfaceMakerC.h,1,2,3
/media/ullmann/HDDGabriel/research/engines/panda3d/panda/src/particlesystem/pointParticle.h,1,3,4
/media/ullmann/HDDGabriel/research/engines/panda3d/panda/src/pipeline/conditionVar.cxx,1,1,2
/media/ullmann/HDDGabriel/research/engines/panda3d/pandatool/src/mayaegg/p3mayaegg_composite1.cxx,6,0,6
/media/ullmann/HDDGabriel/research/engines/panda3d/pandatool/src/mayaegg/mayaNodeDesc.cxx,5,1,6
/media/ullmann/HDDGabriel/research/engines/panda3d/contrib/src/rplight/pssmCameraRig.h,1,1,2
/media/ullmann/HDDGabriel/research/engines/panda3d/panda/src/pgraphnodes/nodeCullCallbackData.cxx,2,1,3
/media/ullmann/HDDGabriel/research/engines/panda3d/panda/src/mathutil/triangulator.h,1,3,4
/media/ullmann/HDDGabriel/research/engines/panda3d/panda/src/mathutil/triangulator.I,0,1,1
/media/ullmann/HDDGabriel/research/engines/panda3d/panda/src/recorder/recorderHeader.cxx,3,1,4
/media/ullmann/HDDGabriel/research/engines/panda3d/panda/src/recorder/recorderHeader.h,2,3,5
/media/ullmann/HDDGabriel/research/engines/panda3d/pandatool/src/flt/fltInstanceRef.h,1,3,4
/media/ullmann/HDDGabriel/research/engines/panda3d/pandatool/src/win-stats/winStatsStripChart.h,1,2,3
/media/ullmann/HDDGabriel/research/engines/panda3d/pandatool/src/maya/mayaShaders.cxx,6,1,7
/media/ullmann/HDDGabriel/research/engines/panda3d/panda/src/dxgsg9/dxgsg9base.h,0,9,9
/media/ullmann/HDDGabriel/research/engines/panda3d/dtool/src/interrogatedb/interrogateManifest.h,2,2,4
/media/ullmann/HDDGabriel/research/engines/panda3d/panda/src/cull/cullBinFrontToBack.cxx,1,1,2
/media/ullmann/HDDGabriel/research/engines/panda3d/panda/src/putil/bamWriter.I,0,1,1
/media/ullmann/HDDGabriel/research/engines/panda3d/panda/src/gobj/vertexTransform.h,1,8,9
/media/ullmann/HDDGabriel/research/engines/panda3d/pandatool/src/lwo/lwoSurfaceBlockTMap.cxx,5,1,6
/media/ullmann/HDDGabriel/research/engines/panda3d/panda/src/audio/config_audio.h,0,6,6
/media/ullmann/HDDGabriel/research/engines/panda3d/panda/src/physics/linearDistanceForce.cxx,1,1,2
/media/ullmann/HDDGabriel/research/engines/panda3d/dtool/src/dtoolutil/vector_uchar.cxx,2,1,3
/media/ullmann/HDDGabriel/research/engines/panda3d/dtool/src/dtoolutil/vector_uchar.h,1,1,2
/media/ullmann/HDDGabriel/research/engines/panda3d/panda/src/tinydisplay/ztriangle_1.cxx,3,0,3
/media/ullmann/HDDGabriel/research/engines/panda3d/pandatool/src/flt/fltHeader.cxx,5,1,6
/media/ullmann/HDDGabriel/research/engines/panda3d/direct/src/dcparser/dcClass_ext.h,1,2,3
/media/ullmann/HDDGabriel/research/engines/panda3d/panda/src/putil/sparseArray_ext.h,2,1,3
/media/ullmann/HDDGabriel/research/engines/panda3d/panda/src/putil/sparseArray_ext.I,0,1,1
/media/ullmann/HDDGabriel/research/engines/panda3d/contrib/src/rplight/shadowAtlas.cxx,1,1,2
/media/ullmann/HDDGabriel/research/engines/panda3d/pandatool/src/palettizer/textureMemoryCounter.cxx,6,1,7
/media/ullmann/HDDGabriel/research/engines/panda3d/pandatool/src/palettizer/omitReason.h,0,3,3
/media/ullmann/HDDGabriel/research/engines/panda3d/dtool/src/cppparser/cppConstType.h,1,8,9
/media/ullmann/HDDGabriel/research/engines/panda3d/panda/src/glstuff/glIndexBufferContext_src.h,1,1,2
/media/ullmann/HDDGabriel/research/engines/panda3d/panda/src/event/buttonEvent.cxx,1,1,2
/media/ullmann/HDDGabriel/research/engines/panda3d/pandatool/src/egg-qtess/qtessInputEntry.cxx,4,1,5
/media/ullmann/HDDGabriel/research/engines/panda3d/pandatool/src/egg-qtess/config_egg_qtess.h,0,4,4
/media/ullmann/HDDGabriel/research/engines/panda3d/pandatool/src/xfile/xFileParseData.cxx,2,1,3
/media/ullmann/HDDGabriel/research/engines/panda3d/panda/src/pnmimage/pnmPainter.I,0,1,1
/media/ullmann/HDDGabriel/research/engines/panda3d/pandatool/src/palettizer/palettizer.cxx,7,1,8
/media/ullmann/HDDGabriel/research/engines/panda3d/panda/src/collide/collisionRecorder.h,1,5,6
/media/ullmann/HDDGabriel/research/engines/panda3d/pandatool/src/egg-palettize/txaFileFilter.cxx,1,0,1
/media/ullmann/HDDGabriel/research/engines/panda3d/pandatool/src/egg-palettize/txaFileFilter.h,1,1,2
/media/ullmann/HDDGabriel/research/engines/panda3d/panda/src/glstuff/glTextureContext_src.h,1,1,2
/media/ullmann/HDDGabriel/research/engines/panda3d/panda/src/glstuff/glTextureContext_src.I,0,1,1
/media/ullmann/HDDGabriel/research/engines/panda3d/panda/src/linmath/compose_matrix_src.h,1,1,2
/media/ullmann/HDDGabriel/research/engines/panda3d/pandatool/src/lwo/lwoSurface.h,1,3,4
/media/ullmann/HDDGabriel/research/engines/panda3d/panda/src/collide/collisionLevelState.I,0,1,1
/media/ullmann/HDDGabriel/research/engines/panda3d/panda/src/ode/odeGeom.cxx,13,1,14
/media/ullmann/HDDGabriel/research/engines/panda3d/panda/src/device/trackerData.h,1,4,5
/media/ullmann/HDDGabriel/research/engines/panda3d/panda/src/device/trackerData.I,0,1,1
/media/ullmann/HDDGabriel/research/engines/panda3d/panda/src/putil/pythonCallbackObject.h,2,2,4
/media/ullmann/HDDGabriel/research/engines/panda3d/panda/src/glstuff/glTextureContext_src.cxx,0,1,1
/media/ullmann/HDDGabriel/research/engines/panda3d/pandatool/src/fltegg/fltToEggConverter.cxx,1,0,1
/media/ullmann/HDDGabriel/research/engines/panda3d/dtool/src/dtoolbase/typeHandle.cxx,2,1,3
/media/ullmann/HDDGabriel/research/engines/panda3d/dtool/src/interrogate/parameterRemap.cxx,1,1,2
/media/ullmann/HDDGabriel/research/engines/panda3d/panda/src/downloader/identityStreamBuf.cxx,2,1,3
/media/ullmann/HDDGabriel/research/engines/panda3d/panda/src/dxgsg9/config_dxgsg9.cxx,11,1,12
/media/ullmann/HDDGabriel/research/engines/panda3d/panda/src/display/graphicsBuffer.I,0,1,1
/media/ullmann/HDDGabriel/research/engines/panda3d/panda/src/pgraph/nodePathComponent.cxx,1,1,2
/media/ullmann/HDDGabriel/research/engines/panda3d/dtool/src/cppparser/cppIdentifier.cxx,7,1,8
/media/ullmann/HDDGabriel/research/engines/panda3d/panda/src/event/p3event_composite2.cxx,7,0,7
/media/ullmann/HDDGabriel/research/engines/panda3d/panda/src/event/eventQueue.cxx,2,1,3
/media/ullmann/HDDGabriel/research/engines/panda3d/panda/src/express/fileReference.cxx,1,1,2
/media/ullmann/HDDGabriel/research/engines/panda3d/pandatool/src/objegg/eggToObjConverter.cxx,2,0,2
/media/ullmann/HDDGabriel/research/engines/panda3d/pandatool/src/objegg/eggToObjConverter.h,0,1,1
/media/ullmann/HDDGabriel/research/engines/panda3d/panda/src/mathutil/boundingLine.h,2,6,8
/media/ullmann/HDDGabriel/research/engines/panda3d/panda/src/mathutil/boundingLine.I,0,1,1
/media/ullmann/HDDGabriel/research/engines/panda3d/panda/src/putil/colorSpace.cxx,2,1,3
/media/ullmann/HDDGabriel/research/engines/panda3d/panda/src/putil/colorSpace.h,0,1,1
/media/ullmann/HDDGabriel/research/engines/panda3d/panda/src/pipeline/pythonThread.cxx,1,0,1
/media/ullmann/HDDGabriel/research/engines/panda3d/panda/src/pipeline/pythonThread.h,1,1,2
/media/ullmann/HDDGabriel/research/engines/panda3d/panda/src/pipeline/conditionVarPosixImpl.h,2,2,4
/media/ullmann/HDDGabriel/research/engines/panda3d/panda/src/ode/odeHinge2Joint.h,3,4,7
/media/ullmann/HDDGabriel/research/engines/panda3d/panda/src/ode/odeHinge2Joint.I,0,1,1
/media/ullmann/HDDGabriel/research/engines/panda3d/panda/src/putil/bamCacheIndex.cxx,4,1,5
/media/ullmann/HDDGabriel/research/engines/panda3d/panda/src/grutil/multitexReducer.h,1,1,2
/media/ullmann/HDDGabriel/research/engines/panda3d/panda/src/android/jni_NativeIStream.cxx,0,1,1
/media/ullmann/HDDGabriel/research/engines/panda3d/panda/src/net/test_tcp_client.cxx,7,0,7
/media/ullmann/HDDGabriel/research/engines/panda3d/panda/src/putil/uniqueIdAllocator.cxx,1,1,2
/media/ullmann/HDDGabriel/research/engines/panda3d/panda/src/mathutil/boundingVolume.cxx,10,1,11
/media/ullmann/HDDGabriel/research/engines/panda3d/pandatool/src/egg-qtess/config_egg_qtess.cxx,1,1,2
/media/ullmann/HDDGabriel/research/engines/panda3d/panda/src/putil/bitMask.cxx,1,1,2
/media/ullmann/HDDGabriel/research/engines/panda3d/pandatool/src/gtk-stats/gtkStatsMenuId.h,0,1,1
/media/ullmann/HDDGabriel/research/engines/panda3d/panda/src/bullet/bulletHingeConstraint.cxx,3,1,4
/media/ullmann/HDDGabriel/research/engines/panda3d/panda/src/putil/typedWritable.cxx,5,1,6
/media/ullmann/HDDGabriel/research/engines/panda3d/panda/src/device/winInputDeviceManager.h,2,3,5
/media/ullmann/HDDGabriel/research/engines/panda3d/panda/src/linmath/lvecBase3_ext.h,5,2,7
/media/ullmann/HDDGabriel/research/engines/panda3d/panda/src/egg/eggPoint.h,2,3,5
/media/ullmann/HDDGabriel/research/engines/panda3d/pandatool/src/flt/fltOpcode.cxx,1,1,2
/media/ullmann/HDDGabriel/research/engines/panda3d/panda/src/net/datagramGeneratorNet.h,4,1,5
/media/ullmann/HDDGabriel/research/engines/panda3d/panda/src/gobj/bufferContext.cxx,1,1,2
/media/ullmann/HDDGabriel/research/engines/panda3d/pandatool/src/lwo/lwoSurfaceBlockTMap.h,1,3,4
/media/ullmann/HDDGabriel/research/engines/panda3d/panda/src/pgraph/textureAttrib.cxx,1,1,2
/media/ullmann/HDDGabriel/research/engines/panda3d/panda/src/pgraph/modelPool.cxx,3,1,4
/media/ullmann/HDDGabriel/research/engines/panda3d/panda/src/pgraph/modelPool.h,2,2,4
/media/ullmann/HDDGabriel/research/engines/panda3d/panda/src/ode/odeContactJoint.cxx,2,1,3
/media/ullmann/HDDGabriel/research/engines/panda3d/panda/src/chan/partSubset.cxx,1,1,2
/media/ullmann/HDDGabriel/research/engines/panda3d/panda/src/putil/buttonHandle.I,0,1,1
/media/ullmann/HDDGabriel/research/engines/panda3d/panda/src/glxdisplay/glxGraphicsPipe.h,2,9,11
/media/ullmann/HDDGabriel/research/engines/panda3d/panda/src/glxdisplay/config_glxdisplay.cxx,7,1,8
/media/ullmann/HDDGabriel/research/engines/panda3d/panda/src/pgraph/loaderFileTypeBam.cxx,4,1,5
/media/ullmann/HDDGabriel/research/engines/panda3d/panda/src/egg/eggVertexUV.cxx,2,1,3
/media/ullmann/HDDGabriel/research/engines/panda3d/panda/src/collide/collisionLine.h,2,10,12
/media/ullmann/HDDGabriel/research/engines/panda3d/panda/src/express/checksumHashGenerator.cxx,1,1,2
/media/ullmann/HDDGabriel/research/engines/panda3d/panda/src/express/checksumHashGenerator.h,2,1,3
/media/ullmann/HDDGabriel/research/engines/panda3d/pandatool/src/mayaegg/config_mayaegg.cxx,4,1,5
/media/ullmann/HDDGabriel/research/engines/panda3d/panda/src/downloader/extractor.cxx,2,1,3
/media/ullmann/HDDGabriel/research/engines/panda3d/dtool/src/interrogate/interfaceMaker.h,1,5,6
/media/ullmann/HDDGabriel/research/engines/panda3d/panda/src/putil/portalMask.h,1,0,1
/media/ullmann/HDDGabriel/research/engines/panda3d/pandatool/src/eggcharbase/eggVertexPointer.h,1,3,4
/media/ullmann/HDDGabriel/research/engines/panda3d/pandatool/src/eggcharbase/eggScalarTablePointer.cxx,1,1,2
/media/ullmann/HDDGabriel/research/engines/panda3d/pandatool/src/eggcharbase/eggSliderData.h,2,4,6
/media/ullmann/HDDGabriel/research/engines/panda3d/panda/src/linmath/lvector2_ext.h,6,0,6
/media/ullmann/HDDGabriel/research/engines/panda3d/panda/src/linmath/lvector2_ext_src.h,1,1,2
/media/ullmann/HDDGabriel/research/engines/panda3d/panda/src/grutil/movieTexture.cxx,2,1,3
/media/ullmann/HDDGabriel/research/engines/panda3d/panda/src/glxdisplay/glxGraphicsPipe.I,0,1,1
/media/ullmann/HDDGabriel/research/engines/panda3d/pandatool/src/flt/fltTransformRotateAboutPoint.cxx,3,1,4
/media/ullmann/HDDGabriel/research/engines/panda3d/panda/src/express/weakPointerCallback.h,1,2,3
/media/ullmann/HDDGabriel/research/engines/panda3d/panda/src/express/weakPointerCallback.I,0,1,1
/media/ullmann/HDDGabriel/research/engines/panda3d/panda/src/movies/userDataAudioCursor.h,3,3,6
/media/ullmann/HDDGabriel/research/engines/panda3d/panda/src/display/windowProperties_ext.cxx,1,1,2
/media/ullmann/HDDGabriel/research/engines/panda3d/panda/src/display/windowProperties_ext.h,1,2,3
/media/ullmann/HDDGabriel/research/engines/panda3d/panda/src/nativenet/socket_address.cxx,1,1,2
/media/ullmann/HDDGabriel/research/engines/panda3d/contrib/src/speedtree/pandaspeedtree_composite1.cxx,9,0,9
/media/ullmann/HDDGabriel/research/engines/panda3d/panda/src/net/p3net_composite1.cxx,9,0,9
/media/ullmann/HDDGabriel/research/engines/panda3d/panda/src/movies/movieAudioCursor.cxx,1,1,2
/media/ullmann/HDDGabriel/research/engines/panda3d/panda/src/express/subfileInfo.h,3,2,5
/media/ullmann/HDDGabriel/research/engines/panda3d/panda/src/ffmpeg/ffmpegAudioCursor.h,2,3,5
/media/ullmann/HDDGabriel/research/engines/panda3d/panda/src/ffmpeg/ffmpegAudioCursor.I,0,1,1
/media/ullmann/HDDGabriel/research/engines/panda3d/panda/src/pgui/pgItem.cxx,4,1,5
/media/ullmann/HDDGabriel/research/engines/panda3d/panda/src/egg/eggMesherFanMaker.h,4,2,6
/media/ullmann/HDDGabriel/research/engines/panda3d/panda/src/pipeline/pmutex.cxx,2,1,3
/media/ullmann/HDDGabriel/research/engines/panda3d/panda/src/mathutil/finiteBoundingVolume.cxx,3,1,4
/media/ullmann/HDDGabriel/research/engines/panda3d/panda/src/chan/movingPartScalar.I,0,1,1
/media/ullmann/HDDGabriel/research/engines/panda3d/pandatool/src/xfileprogs/xFileToEgg.cxx,1,0,1
/media/ullmann/HDDGabriel/research/engines/panda3d/pandatool/src/xfileprogs/xFileToEgg.h,0,1,1
/media/ullmann/HDDGabriel/research/engines/panda3d/pandatool/src/assimp/pandaIOStream.cxx,1,1,2
/media/ullmann/HDDGabriel/research/engines/panda3d/panda/src/pgraph/polylightNode.cxx,3,1,4
/media/ullmann/HDDGabriel/research/engines/panda3d/panda/src/pipeline/lightMutex.cxx,1,0,1
/media/ullmann/HDDGabriel/research/engines/panda3d/panda/src/linmath/lvecBase3_ext_src.h,1,1,2
/media/ullmann/HDDGabriel/research/engines/panda3d/panda/src/bullet/bulletBodyNode.h,4,5,9
/media/ullmann/HDDGabriel/research/engines/panda3d/panda/src/gobj/geomCacheManager.cxx,3,1,4
/media/ullmann/HDDGabriel/research/engines/panda3d/panda/src/gobj/geomTrifans.cxx,3,1,4
/media/ullmann/HDDGabriel/research/engines/panda3d/dtool/src/cppparser/cppExpressionParser.h,1,2,3
/media/ullmann/HDDGabriel/research/engines/panda3d/panda/src/vrpn/p3vrpn_composite1.cxx,10,0,10
/media/ullmann/HDDGabriel/research/engines/panda3d/panda/src/vrpn/vrpnButton.cxx,4,1,5
/media/ullmann/HDDGabriel/research/engines/panda3d/panda/src/downloader/socketStream.I,0,1,1
/media/ullmann/HDDGabriel/research/engines/panda3d/pandatool/src/pstatserver/pStatView.h,4,2,6
/media/ullmann/HDDGabriel/research/engines/panda3d/panda/src/pgui/pgTop.h,2,4,6
/media/ullmann/HDDGabriel/research/engines/panda3d/panda/src/pgui/pgTop.I,0,1,1
/media/ullmann/HDDGabriel/research/engines/panda3d/pandatool/src/flt/fltLightSourceDefinition.h,1,3,4
/media/ullmann/HDDGabriel/research/engines/panda3d/panda/src/pgraph/scissorEffect.h,3,3,6
/media/ullmann/HDDGabriel/research/engines/panda3d/panda/src/ffmpeg/ffmpegVirtualFile.h,1,3,4
/media/ullmann/HDDGabriel/research/engines/panda3d/panda/src/net/test_udp.cxx,7,0,7
/media/ullmann/HDDGabriel/research/engines/panda3d/panda/src/net/recentConnectionReader.h,2,2,4
/media/ullmann/HDDGabriel/research/engines/panda3d/panda/src/pgui/pgScrollFrame.h,4,2,6
/media/ullmann/HDDGabriel/research/engines/panda3d/panda/src/egg/eggGroupUniquifier.h,1,2,3
/media/ullmann/HDDGabriel/research/engines/panda3d/panda/src/tform/mouseWatcher.cxx,3,1,4
/media/ullmann/HDDGabriel/research/engines/panda3d/panda/src/particlesystem/pointParticleRenderer.cxx,1,1,2
/media/ullmann/HDDGabriel/research/engines/panda3d/dtool/src/interrogate/parameterRemapBasicStringPtrToString.cxx,2,1,3
/media/ullmann/HDDGabriel/research/engines/panda3d/dtool/src/interrogate/parameterRemapBasicStringPtrToString.h,1,2,3
/media/ullmann/HDDGabriel/research/engines/panda3d/panda/src/tinydisplay/ztriangle_4.cxx,3,0,3
/media/ullmann/HDDGabriel/research/engines/panda3d/panda/src/tinydisplay/ztriangle_code_4.h,1,1,2
/media/ullmann/HDDGabriel/research/engines/panda3d/panda/src/putil/pta_ushort.cxx,1,1,2
/media/ullmann/HDDGabriel/research/engines/panda3d/pandatool/src/flt/fltVertexList.h,3,3,6
/media/ullmann/HDDGabriel/research/engines/panda3d/panda/src/linmath/lorientation.cxx,4,1,5
/media/ullmann/HDDGabriel/research/engines/panda3d/panda/src/express/test_types.cxx,4,0,4
/media/ullmann/HDDGabriel/research/engines/panda3d/pandatool/src/lwo/lwoSurfaceSmoothingAngle.h,1,3,4
/media/ullmann/HDDGabriel/research/engines/panda3d/panda/src/downloader/config_downloader.h,0,13,13
/media/ullmann/HDDGabriel/research/engines/panda3d/dtool/src/prc/encryptStream.cxx,1,1,2
/media/ullmann/HDDGabriel/research/engines/panda3d/dtool/src/prc/encryptStream.h,2,2,4
/media/ullmann/HDDGabriel/research/engines/panda3d/panda/src/display/graphicsPipeSelection_ext.cxx,1,1,2
/media/ullmann/HDDGabriel/research/engines/panda3d/panda/src/pgraph/cullBinManager.h,3,4,7
/media/ullmann/HDDGabriel/research/engines/panda3d/panda/src/pgraph/cullBinManager.I,0,1,1
/media/ullmann/HDDGabriel/research/engines/panda3d/panda/src/collide/collisionInvSphere.h,2,2,4
/media/ullmann/HDDGabriel/research/engines/panda3d/panda/src/collide/collisionInvSphere.I,0,1,1
/media/ullmann/HDDGabriel/research/engines/panda3d/panda/src/tinydisplay/p3tinydisplay_composite2.cxx,14,0,14
/media/ullmann/HDDGabriel/research/engines/panda3d/panda/src/pgraph/shaderPool.cxx,2,1,3
/media/ullmann/HDDGabriel/research/engines/panda3d/panda/src/tinydisplay/tinyTextureContext.h,2,3,5
/media/ullmann/HDDGabriel/research/engines/panda3d/panda/src/tinydisplay/tinyTextureContext.I,0,1,1
/media/ullmann/HDDGabriel/research/engines/panda3d/pandatool/src/gtk-stats/gtkstats_composite1.cxx,11,0,11
/media/ullmann/HDDGabriel/research/engines/panda3d/panda/src/bullet/bulletMinkowskiSumShape.I,0,1,1
/media/ullmann/HDDGabriel/research/engines/panda3d/panda/src/ode/odeGeom.I,0,1,1
/media/ullmann/HDDGabriel/research/engines/panda3d/dtool/src/prc/p3prc_ext_composite.cxx,3,0,3
/media/ullmann/HDDGabriel/research/engines/panda3d/dtool/src/prc/streamReader_ext.cxx,1,1,2
/media/ullmann/HDDGabriel/research/engines/panda3d/panda/src/ode/odeWorld.cxx,3,1,4
/media/ullmann/HDDGabriel/research/engines/panda3d/panda/src/putil/test_filename.cxx,1,0,1
/media/ullmann/HDDGabriel/research/engines/panda3d/panda/src/linmath/coordinateSystem.h,0,5,5
/media/ullmann/HDDGabriel/research/engines/panda3d/panda/src/egg2pg/deferredNodeProperty.cxx,1,1,2
/media/ullmann/HDDGabriel/research/engines/panda3d/dtool/src/cppparser/cppNamespace.cxx,3,1,4
/media/ullmann/HDDGabriel/research/engines/panda3d/panda/src/gobj/transformBlendTable.cxx,1,1,2
/media/ullmann/HDDGabriel/research/engines/panda3d/panda/src/linmath/lvecBase3_ext_src.I,0,1,1
/media/ullmann/HDDGabriel/research/engines/panda3d/panda/src/ffmpeg/ffmpegVideoCursor.h,2,3,5
/media/ullmann/HDDGabriel/research/engines/panda3d/panda/src/pnmimagetypes/pnmFileTypeEXR.cxx,2,1,3
/media/ullmann/HDDGabriel/research/engines/panda3d/panda/src/putil/bamCacheIndex.h,4,3,7
/media/ullmann/HDDGabriel/research/engines/panda3d/panda/src/ode/odeCylinderGeom.cxx,2,1,3
/media/ullmann/HDDGabriel/research/engines/panda3d/panda/src/pgraph/findApproxPath.cxx,3,1,4
/media/ullmann/HDDGabriel/research/engines/panda3d/panda/src/pgraph/antialiasAttrib.cxx,2,1,3
/media/ullmann/HDDGabriel/research/engines/panda3d/panda/src/net/queuedConnectionListener.cxx,2,1,3
/media/ullmann/HDDGabriel/research/engines/panda3d/panda/src/grutil/frameRateMeter.cxx,2,1,3
/media/ullmann/HDDGabriel/research/engines/panda3d/pandatool/src/vrmlegg/vrmlAppearance.cxx,1,0,1
/media/ullmann/HDDGabriel/research/engines/panda3d/pandatool/src/vrmlegg/vrmlAppearance.h,0,3,3
/media/ullmann/HDDGabriel/research/engines/panda3d/pandatool/src/lwo/lwoSurfaceBlockProjection.cxx,2,1,3
/media/ullmann/HDDGabriel/research/engines/panda3d/dtool/src/cppparser/cppMakeSeq.h,3,1,4
/media/ullmann/HDDGabriel/research/engines/panda3d/panda/src/display/graphicsWindow_ext.h,2,1,3
/media/ullmann/HDDGabriel/research/engines/panda3d/panda/src/ode/odeJointGroup.I,0,1,1
/media/ullmann/HDDGabriel/research/engines/panda3d/panda/src/vrpn/vrpnButton.h,2,2,4
/media/ullmann/HDDGabriel/research/engines/panda3d/direct/src/dcparser/dcPackerCatalog.h,2,3,5
/media/ullmann/HDDGabriel/research/engines/panda3d/panda/src/movies/userDataAudio.h,2,3,5
/media/ullmann/HDDGabriel/research/engines/panda3d/panda/src/text/textGraphic.h,2,2,4
/media/ullmann/HDDGabriel/research/engines/panda3d/panda/src/gobj/textureCollection.h,2,3,5
/media/ullmann/HDDGabriel/research/engines/panda3d/contrib/src/speedtree/speedTreeNode.cxx,2,1,3
/media/ullmann/HDDGabriel/research/engines/panda3d/pandatool/src/flt/fltMesh.I,0,1,1
/media/ullmann/HDDGabriel/research/engines/panda3d/panda/src/gobj/vertexDataBook.cxx,1,1,2
/media/ullmann/HDDGabriel/research/engines/panda3d/pandatool/src/maya/config_maya.cxx,1,1,2
/media/ullmann/HDDGabriel/research/engines/panda3d/pandatool/src/maya/config_maya.h,0,6,6
/media/ullmann/HDDGabriel/research/engines/panda3d/panda/src/egg2pg/loaderFileTypeEgg.cxx,3,1,4
/media/ullmann/HDDGabriel/research/engines/panda3d/panda/src/downloader/decompressor.cxx,2,1,3
/media/ullmann/HDDGabriel/research/engines/panda3d/panda/src/cull/config_cull.h,0,1,1
/media/ullmann/HDDGabriel/research/engines/panda3d/panda/src/pnmtext/freetypeFont.cxx,2,1,3
/media/ullmann/HDDGabriel/research/engines/panda3d/pandatool/src/mayaprogs/eggToMayaClient.cxx,1,0,1
/media/ullmann/HDDGabriel/research/engines/panda3d/panda/src/pipeline/threadPosixImpl.cxx,3,1,4
/media/ullmann/HDDGabriel/research/engines/panda3d/pandatool/src/flt/fltGeometry.cxx,5,1,6
/media/ullmann/HDDGabriel/research/engines/panda3d/panda/src/pgraph/depthTestAttrib.cxx,1,1,2
/media/ullmann/HDDGabriel/research/engines/panda3d/panda/src/dxgsg9/vertexElementArray.cxx,2,1,3
/media/ullmann/HDDGabriel/research/engines/panda3d/panda/src/dxgsg9/vertexElementArray.h,0,2,2
/media/ullmann/HDDGabriel/research/engines/panda3d/panda/src/ode/odeTriMeshGeom.cxx,2,1,3
/media/ullmann/HDDGabriel/research/engines/panda3d/panda/src/distort/fisheyeLens.h,1,2,3
/media/ullmann/HDDGabriel/research/engines/panda3d/panda/src/distort/fisheyeLens.I,0,1,1
/media/ullmann/HDDGabriel/research/engines/panda3d/panda/src/pnmimagetypes/pnmFileTypeStbImage.cxx,3,1,4
/media/ullmann/HDDGabriel/research/engines/panda3d/pandatool/src/egg-qtess/isoPlacer.cxx,3,1,4
/media/ullmann/HDDGabriel/research/engines/panda3d/pandatool/src/egg-qtess/subdivSegment.h,1,2,3
/media/ullmann/HDDGabriel/research/engines/panda3d/pandatool/src/pstatserver/pStatFlameGraph.h,4,1,5
/media/ullmann/HDDGabriel/research/engines/panda3d/panda/src/putil/doubleBitMask_ext.h,3,0,3
/media/ullmann/HDDGabriel/research/engines/panda3d/panda/src/putil/doubleBitMask_ext.I,0,1,1
/media/ullmann/HDDGabriel/research/engines/panda3d/dtool/src/interrogate/parameterRemapConstToNonConst.cxx,2,1,3
/media/ullmann/HDDGabriel/research/engines/panda3d/panda/src/bullet/bulletTickCallbackData.h,2,3,5
/media/ullmann/HDDGabriel/research/engines/panda3d/panda/src/bullet/bulletTickCallbackData.I,0,1,1
/media/ullmann/HDDGabriel/research/engines/panda3d/pandatool/src/lwoegg/cLwoLayer.cxx,2,1,3
/media/ullmann/HDDGabriel/research/engines/panda3d/pandatool/src/lwoegg/cLwoLayer.h,1,4,5
/media/ullmann/HDDGabriel/research/engines/panda3d/panda/src/pnmimage/config_pnmimage.cxx,3,1,4
/media/ullmann/HDDGabriel/research/engines/panda3d/panda/src/gobj/transformBlendTable.h,3,3,6
/media/ullmann/HDDGabriel/research/engines/panda3d/panda/src/pgraph/clipPlaneAttrib.h,4,9,13
/media/ullmann/HDDGabriel/research/engines/panda3d/panda/src/pgraph/accumulatedAttribs.cxx,10,1,11
/media/ullmann/HDDGabriel/research/engines/panda3d/pandatool/src/xfile/standard_templates.cxx,3,1,4
/media/ullmann/HDDGabriel/research/engines/panda3d/pandatool/src/xfile/standardTemplates.x.c,0,1,1
/media/ullmann/HDDGabriel/research/engines/panda3d/panda/src/physics/p3physics_composite1.cxx,15,0,15
/media/ullmann/HDDGabriel/research/engines/panda3d/panda/src/grutil/config_grutil.cxx,11,1,12
/media/ullmann/HDDGabriel/research/engines/panda3d/panda/src/grutil/shaderTerrainMesh.h,1,2,3
/media/ullmann/HDDGabriel/research/engines/panda3d/pandatool/src/xfile/standard_templates.h,0,2,2
/media/ullmann/HDDGabriel/research/engines/panda3d/dtool/src/interrogatedb/py_panda.cxx,2,0,2
/media/ullmann/HDDGabriel/research/engines/panda3d/panda/src/tinydisplay/tinyOffscreenGraphicsPipe.cxx,4,1,5
/media/ullmann/HDDGabriel/research/engines/panda3d/panda/src/net/connectionReader.h,2,6,8
/media/ullmann/HDDGabriel/research/engines/panda3d/panda/src/net/connectionReader.I,0,1,1
/media/ullmann/HDDGabriel/research/engines/panda3d/panda/src/gobj/shaderContext.cxx,2,1,3
/media/ullmann/HDDGabriel/research/engines/panda3d/panda/src/net/connection.cxx,6,1,7
/media/ullmann/HDDGabriel/research/engines/panda3d/panda/src/putil/autoTextureScale.h,0,2,2
/media/ullmann/HDDGabriel/research/engines/panda3d/panda/src/grutil/nodeVertexTransform.h,1,3,4
/media/ullmann/HDDGabriel/research/engines/panda3d/panda/src/pgraph/cullBinAttrib.h,2,5,7
/media/ullmann/HDDGabriel/research/engines/panda3d/panda/src/pgraph/cullBinAttrib.I,0,1,1
/media/ullmann/HDDGabriel/research/engines/panda3d/panda/src/display/pythonGraphicsWindowProc.h,1,2,3
/media/ullmann/HDDGabriel/research/engines/panda3d/panda/src/net/test_tcp_server.cxx,8,0,8
/media/ullmann/HDDGabriel/research/engines/panda3d/panda/src/net/connectionWriter.h,2,10,12
/media/ullmann/HDDGabriel/research/engines/panda3d/panda/src/chan/animChannelMatrixDynamic.cxx,3,1,4
/media/ullmann/HDDGabriel/research/engines/panda3d/panda/src/gobj/textureContext.cxx,1,1,2
/media/ullmann/HDDGabriel/research/engines/panda3d/panda/src/gobj/textureContext.h,5,5,10
/media/ullmann/HDDGabriel/research/engines/panda3d/panda/src/ffmpeg/ffmpegAudio.cxx,3,1,4
/media/ullmann/HDDGabriel/research/engines/panda3d/panda/src/ffmpeg/ffmpegAudio.h,1,3,4
/media/ullmann/HDDGabriel/research/engines/panda3d/pandatool/src/maxegg/p3maxegg_composite1.cxx,5,0,5
/media/ullmann/HDDGabriel/research/engines/panda3d/pandatool/src/maxegg/maxToEggConverter.cxx,1,1,2
/media/ullmann/HDDGabriel/research/engines/panda3d/panda/src/pgraph/internalNameCollection.h,1,3,4
/media/ullmann/HDDGabriel/research/engines/panda3d/panda/src/pgui/pgMouseWatcherParameter.cxx,1,1,2
/media/ullmann/HDDGabriel/research/engines/panda3d/panda/src/linmath/lrotation_src.h,1,1,2
/media/ullmann/HDDGabriel/research/engines/panda3d/panda/src/tinydisplay/specbuf.cxx,1,1,2
/media/ullmann/HDDGabriel/research/engines/panda3d/panda/src/putil/sparseArray.cxx,2,1,3
/media/ullmann/HDDGabriel/research/engines/panda3d/panda/src/collide/collisionSolid.I,0,1,1
/media/ullmann/HDDGabriel/research/engines/panda3d/panda/src/event/asyncTaskCollection.I,0,1,1
/media/ullmann/HDDGabriel/research/engines/panda3d/panda/src/gobj/orthographicLens.h,2,2,4
/media/ullmann/HDDGabriel/research/engines/panda3d/panda/src/downloader/bioStream.I,0,1,1
/media/ullmann/HDDGabriel/research/engines/panda3d/panda/src/putil/cPointerCallbackObject.cxx,1,1,2
/media/ullmann/HDDGabriel/research/engines/panda3d/dtool/src/prc/configVariableList.h,2,1,3
/media/ullmann/HDDGabriel/research/engines/panda3d/panda/src/pipeline/threadPosixImpl.h,2,2,4
/media/ullmann/HDDGabriel/research/engines/panda3d/panda/src/pipeline/threadPosixImpl.I,0,1,1
/media/ullmann/HDDGabriel/research/engines/panda3d/panda/src/wgldisplay/wglGraphicsStateGuardian.I,0,1,1
/media/ullmann/HDDGabriel/research/engines/panda3d/panda/src/express/zStreamBuf.cxx,2,1,3
/media/ullmann/HDDGabriel/research/engines/panda3d/panda/src/express/zStreamBuf.h,0,2,2
/media/ullmann/HDDGabriel/research/engines/panda3d/panda/src/putil/mouseData.h,1,0,1
/media/ullmann/HDDGabriel/research/engines/panda3d/panda/src/putil/pointerData.h,2,2,4
/media/ullmann/HDDGabriel/research/engines/panda3d/panda/src/egg/eggCurve.cxx,1,1,2
/media/ullmann/HDDGabriel/research/engines/panda3d/pandatool/src/xfile/xFile.h,4,4,8
/media/ullmann/HDDGabriel/research/engines/panda3d/pandatool/src/dxf/dxfLayerMap.cxx,2,1,3
/media/ullmann/HDDGabriel/research/engines/panda3d/panda/src/ode/odeHingeJoint.cxx,2,1,3
/media/ullmann/HDDGabriel/research/engines/panda3d/panda/src/physics/linearVectorForce.h,2,2,4
/media/ullmann/HDDGabriel/research/engines/panda3d/panda/src/bullet/bulletSoftBodyControl.h,3,2,5
/media/ullmann/HDDGabriel/research/engines/panda3d/panda/src/vision/openCVTexture.cxx,2,1,3
/media/ullmann/HDDGabriel/research/engines/panda3d/panda/src/vision/config_vision.h,0,4,4
/media/ullmann/HDDGabriel/research/engines/panda3d/panda/src/display/get_x11.h,2,1,3
/media/ullmann/HDDGabriel/research/engines/panda3d/panda/src/parametrics/sheetNode.cxx,1,1,2
/media/ullmann/HDDGabriel/research/engines/panda3d/panda/src/downloader/multiplexStream.h,2,1,3
/media/ullmann/HDDGabriel/research/engines/panda3d/panda/src/egg/eggSAnimData.I,0,1,1
/media/ullmann/HDDGabriel/research/engines/panda3d/pandatool/src/flt/fltVertex.cxx,4,1,5
/media/ullmann/HDDGabriel/research/engines/panda3d/panda/src/ffmpeg/ffmpegVideoCursor.cxx,3,1,4
/media/ullmann/HDDGabriel/research/engines/panda3d/panda/src/ffmpeg/ffmpegVideo.h,1,3,4
/media/ullmann/HDDGabriel/research/engines/panda3d/pandatool/src/daeegg/fcollada_utils.h,1,3,4
/media/ullmann/HDDGabriel/research/engines/panda3d/pandatool/src/daeegg/pre_fcollada_include.h,0,4,4
/media/ullmann/HDDGabriel/research/engines/panda3d/panda/src/ode/odeNullJoint.h,3,4,7
/media/ullmann/HDDGabriel/research/engines/panda3d/panda/src/bullet/bulletHelper.cxx,5,1,6
/media/ullmann/HDDGabriel/research/engines/panda3d/panda/src/text/textGlyph.h,1,8,9
/media/ullmann/HDDGabriel/research/engines/panda3d/contrib/src/rplight/gpuCommandList.cxx,1,1,2
/media/ullmann/HDDGabriel/research/engines/panda3d/panda/src/bullet/bulletManifoldPoint.cxx,2,1,3
/media/ullmann/HDDGabriel/research/engines/panda3d/panda/src/dxgsg9/dxGeomMunger9.h,1,3,4
/media/ullmann/HDDGabriel/research/engines/panda3d/panda/src/pipeline/mutexSimpleImpl.h,3,2,5
/media/ullmann/HDDGabriel/research/engines/panda3d/panda/src/linmath/lmatrix3_ext_src.h,1,1,2
/media/ullmann/HDDGabriel/research/engines/panda3d/panda/src/linmath/lmatrix3_ext_src.I,0,1,1
/media/ullmann/HDDGabriel/research/engines/panda3d/panda/src/event/pointerEventList.cxx,2,1,3
/media/ullmann/HDDGabriel/research/engines/panda3d/panda/src/event/pointerEventList.h,3,2,5
/media/ullmann/HDDGabriel/research/engines/panda3d/panda/src/pgraph/sceneSetup.cxx,1,1,2
/media/ullmann/HDDGabriel/research/engines/panda3d/panda/src/collide/config_collide.h,0,24,24
/media/ullmann/HDDGabriel/research/engines/panda3d/pandatool/src/xfile/xFileDataObject.h,1,10,11
/media/ullmann/HDDGabriel/research/engines/panda3d/panda/src/pnmimagetypes/pnmFileTypePNG.cxx,2,1,3
/media/ullmann/HDDGabriel/research/engines/panda3d/panda/src/collide/collisionLevelStateBase.h,2,3,5
/media/ullmann/HDDGabriel/research/engines/panda3d/panda/src/collide/collisionLevelStateBase.I,0,1,1
/media/ullmann/HDDGabriel/research/engines/panda3d/panda/src/downloader/chunkedStream.cxx,1,1,2
/media/ullmann/HDDGabriel/research/engines/panda3d/panda/src/particlesystem/ringEmitter.cxx,1,1,2
/media/ullmann/HDDGabriel/research/engines/panda3d/dtool/src/interrogate/parameterRemapEnumToInt.cxx,2,1,3
/media/ullmann/HDDGabriel/research/engines/panda3d/dtool/src/prc/configVariableInt.cxx,1,1,2
/media/ullmann/HDDGabriel/research/engines/panda3d/contrib/src/rplight/shadowSource.cxx,1,1,2
/media/ullmann/HDDGabriel/research/engines/panda3d/dtool/src/interrogatedb/interrogateComponent.cxx,2,1,3
/media/ullmann/HDDGabriel/research/engines/panda3d/dtool/src/dtoolbase/dtoolbase_cc.h,1,1,2
/media/ullmann/HDDGabriel/research/engines/panda3d/dtool/src/dtoolbase/fakestringstream.h,0,1,1
/media/ullmann/HDDGabriel/research/engines/panda3d/panda/src/pgraph/antialiasAttrib.h,2,3,5
/media/ullmann/HDDGabriel/research/engines/panda3d/panda/src/gobj/textureStage.I,0,1,1
/media/ullmann/HDDGabriel/research/engines/panda3d/panda/src/chan/animBundleNode.h,2,5,7
/media/ullmann/HDDGabriel/research/engines/panda3d/panda/src/vision/webcamVideo.cxx,1,1,2
/media/ullmann/HDDGabriel/research/engines/panda3d/panda/src/ode/odeMass.cxx,2,1,3
/media/ullmann/HDDGabriel/research/engines/panda3d/pandatool/src/egg-qtess/eggQtess.h,2,1,3
/media/ullmann/HDDGabriel/research/engines/panda3d/pandatool/src/egg-qtess/qtessSurface.h,2,4,6
/media/ullmann/HDDGabriel/research/engines/panda3d/panda/src/express/weakPointerTo.cxx,1,1,2
/media/ullmann/HDDGabriel/research/engines/panda3d/panda/src/express/weakPointerTo.h,3,1,4
/media/ullmann/HDDGabriel/research/engines/panda3d/panda/src/gobj/queryContext.cxx,1,1,2
/media/ullmann/HDDGabriel/research/engines/panda3d/panda/src/gobj/textureReloadRequest.h,3,2,5
/media/ullmann/HDDGabriel/research/engines/panda3d/dtool/src/interrogatedb/interrogateDatabase.cxx,4,1,5
/media/ullmann/HDDGabriel/research/engines/panda3d/panda/src/display/displayRegionCullCallbackData.I,0,1,1
/media/ullmann/HDDGabriel/research/engines/panda3d/panda/src/bullet/bulletContactCallbackData.cxx,1,1,2
/media/ullmann/HDDGabriel/research/engines/panda3d/panda/src/movies/wavAudioCursor.cxx,3,1,4
/media/ullmann/HDDGabriel/research/engines/panda3d/panda/src/gobj/vertexDataPage.h,4,3,7
/media/ullmann/HDDGabriel/research/engines/panda3d/panda/src/putil/firstOfPairCompare.h,1,0,1
/media/ullmann/HDDGabriel/research/engines/panda3d/panda/src/putil/firstOfPairCompare.I,0,1,1
/media/ullmann/HDDGabriel/research/engines/panda3d/pandatool/src/daeegg/config_daeegg.cxx,3,1,4
/media/ullmann/HDDGabriel/research/engines/panda3d/panda/src/pgraph/loaderFileTypeBam.h,1,2,3
/media/ullmann/HDDGabriel/research/engines/panda3d/panda/src/particlesystem/particleSystem.cxx,6,1,7
/media/ullmann/HDDGabriel/research/engines/panda3d/panda/src/pgraph/depthBiasAttrib.I,0,1,1
/media/ullmann/HDDGabriel/research/engines/panda3d/panda/src/pipeline/mutexTrueImpl.h,2,5,7
/media/ullmann/HDDGabriel/research/engines/panda3d/pandatool/src/egg-qtess/qtessSurface.cxx,4,1,5
/media/ullmann/HDDGabriel/research/engines/panda3d/panda/src/distort/projectionScreen.cxx,2,1,3
/media/ullmann/HDDGabriel/research/engines/panda3d/panda/src/pgraph/renderState.I,0,1,1
/media/ullmann/HDDGabriel/research/engines/panda3d/panda/src/char/characterJointBundle.h,1,2,3
/media/ullmann/HDDGabriel/research/engines/panda3d/panda/src/char/characterJointBundle.I,0,1,1
/media/ullmann/HDDGabriel/research/engines/panda3d/panda/src/express/ca_bundle_data_src.c,0,1,1
/media/ullmann/HDDGabriel/research/engines/panda3d/dtool/src/prc/streamWriter.cxx,1,1,2
/media/ullmann/HDDGabriel/research/engines/panda3d/panda/src/collide/collisionFloorMesh.h,2,2,4
/media/ullmann/HDDGabriel/research/engines/panda3d/contrib/src/ai/obstacleAvoidance.cxx,2,1,3
/media/ullmann/HDDGabriel/research/engines/panda3d/panda/src/linmath/lvector2_src.h,1,1,2
/media/ullmann/HDDGabriel/research/engines/panda3d/panda/src/linmath/lvector2_src.I,0,1,1
/media/ullmann/HDDGabriel/research/engines/panda3d/panda/src/audio/audioLoadRequest.h,3,3,6
/media/ullmann/HDDGabriel/research/engines/panda3d/panda/src/collide/collisionHandlerHighestEvent.h,3,2,5
/media/ullmann/HDDGabriel/research/engines/panda3d/panda/src/dxgsg9/dxIndexBufferContext9.I,0,1,1
/media/ullmann/HDDGabriel/research/engines/panda3d/panda/src/ode/odeCylinderGeom.h,3,3,6
/media/ullmann/HDDGabriel/research/engines/panda3d/panda/src/express/pta_double.cxx,1,1,2
/media/ullmann/HDDGabriel/research/engines/panda3d/pandatool/src/maya/mayaApi.h,0,1,1
/media/ullmann/HDDGabriel/research/engines/panda3d/panda/src/device/analogNode.I,0,1,1
/media/ullmann/HDDGabriel/research/engines/panda3d/dtool/src/dtoolbase/memoryBase.h,2,3,5
/media/ullmann/HDDGabriel/research/engines/panda3d/panda/src/linmath/lvecBase4_src.h,1,1,2
/media/ullmann/HDDGabriel/research/engines/panda3d/panda/src/audiotraits/config_openalAudio.cxx,3,1,4
/media/ullmann/HDDGabriel/research/engines/panda3d/panda/src/egg/eggMaterialCollection.h,4,3,7
/media/ullmann/HDDGabriel/research/engines/panda3d/panda/src/glxdisplay/config_glxdisplay.h,0,7,7
/media/ullmann/HDDGabriel/research/engines/panda3d/panda/src/pgraph/findApproxLevelEntry.I,0,1,1
/media/ullmann/HDDGabriel/research/engines/panda3d/panda/src/express/zStream.cxx,1,1,2
/media/ullmann/HDDGabriel/research/engines/panda3d/panda/src/text/staticTextFont.h,4,4,8
/media/ullmann/HDDGabriel/research/engines/panda3d/panda/src/particlesystem/sphereSurfaceEmitter.cxx,1,1,2
/media/ullmann/HDDGabriel/research/engines/panda3d/panda/src/pgraphnodes/lightLensNode.cxx,1,1,2
/media/ullmann/HDDGabriel/research/engines/panda3d/dtool/src/prc/streamReader.cxx,1,1,2
/media/ullmann/HDDGabriel/research/engines/panda3d/dtool/src/dtoolbase/pstrtod.cxx,1,1,2
/media/ullmann/HDDGabriel/research/engines/panda3d/panda/src/mathutil/rotate_to.cxx,2,1,3
/media/ullmann/HDDGabriel/research/engines/panda3d/panda/src/event/event.I,0,1,1
/media/ullmann/HDDGabriel/research/engines/panda3d/panda/src/tinydisplay/tinyXGraphicsWindow.I,0,1,1
/media/ullmann/HDDGabriel/research/engines/panda3d/panda/src/linmath/lvector4.cxx,5,1,6
/media/ullmann/HDDGabriel/research/engines/panda3d/dtool/src/parser-inc/netdb.h,2,0,2
/media/ullmann/HDDGabriel/research/engines/panda3d/panda/src/linmath/lpoint3_ext.h,6,0,6
/media/ullmann/HDDGabriel/research/engines/panda3d/pandatool/src/eggbase/eggMakeSomething.cxx,1,1,2
/media/ullmann/HDDGabriel/research/engines/panda3d/panda/src/text/dynamicTextGlyph.cxx,4,1,5
/media/ullmann/HDDGabriel/research/engines/panda3d/pandatool/src/xfileegg/xFileVertex.cxx,1,1,2
/media/ullmann/HDDGabriel/research/engines/panda3d/pandatool/src/xfileegg/xFileVertex.h,0,2,2
/media/ullmann/HDDGabriel/research/engines/panda3d/dtool/src/interrogate/parameterRemapPTToPointer.h,1,2,3
/media/ullmann/HDDGabriel/research/engines/panda3d/direct/src/distributed/config_distributed.cxx,1,0,1
/media/ullmann/HDDGabriel/research/engines/panda3d/direct/src/distributed/config_distributed.h,0,3,3
/media/ullmann/HDDGabriel/research/engines/panda3d/panda/src/display/graphicsWindowInputDevice.cxx,2,1,3
/media/ullmann/HDDGabriel/research/engines/panda3d/dtool/src/dtoolutil/executionEnvironment.h,3,4,7
/media/ullmann/HDDGabriel/research/engines/panda3d/panda/src/express/virtualFileMountMultifile.h,4,3,7
/media/ullmann/HDDGabriel/research/engines/panda3d/panda/src/ode/odeUniversalJoint.cxx,2,1,3
/media/ullmann/HDDGabriel/research/engines/panda3d/panda/src/pstatclient/p3pstatclient_composite1.cxx,6,0,6
/media/ullmann/HDDGabriel/research/engines/panda3d/dtool/src/dtoolbase/indent.cxx,1,0,1
/media/ullmann/HDDGabriel/research/engines/panda3d/dtool/src/dtoolbase/indent.h,2,2,4
/media/ullmann/HDDGabriel/research/engines/panda3d/panda/src/egg/eggGroupUniquifier.cxx,2,1,3
/media/ullmann/HDDGabriel/research/engines/panda3d/panda/src/egg/parserDefs.h,1,3,4
/media/ullmann/HDDGabriel/research/engines/panda3d/panda/src/chan/vector_PartGroupStar.cxx,1,1,2
/media/ullmann/HDDGabriel/research/engines/panda3d/panda/src/chan/vector_PartGroupStar.h,1,1,2
/media/ullmann/HDDGabriel/research/engines/panda3d/panda/src/iphonedisplay/iPhoneGraphicsStateGuardian.h,1,0,1
/media/ullmann/HDDGabriel/research/engines/panda3d/panda/src/pgraph/shadeModelAttrib.h,2,2,4
/media/ullmann/HDDGabriel/research/engines/panda3d/panda/src/putil/bamReader_ext.h,1,1,2
/media/ullmann/HDDGabriel/research/engines/panda3d/panda/src/particlesystem/tangentRingEmitter.h,2,2,4
/media/ullmann/HDDGabriel/research/engines/panda3d/direct/src/dcparser/dcMolecularField.h,2,1,3
/media/ullmann/HDDGabriel/research/engines/panda3d/panda/src/cull/cullBinBackToFront.I,0,1,1
/media/ullmann/HDDGabriel/research/engines/panda3d/panda/src/putil/loaderOptions.I,0,1,1
/media/ullmann/HDDGabriel/research/engines/panda3d/pandatool/src/pstatserver/pStatThreadData.cxx,1,1,2
/media/ullmann/HDDGabriel/research/engines/panda3d/pandatool/src/eggbase/eggWriter.h,1,3,4
/media/ullmann/HDDGabriel/research/engines/panda3d/pandatool/src/eggbase/eggSingleBase.h,1,3,4
/media/ullmann/HDDGabriel/research/engines/panda3d/contrib/src/rplight/rpPointLight.cxx,1,1,2
/media/ullmann/HDDGabriel/research/engines/panda3d/panda/src/downloader/httpDate.cxx,1,1,2
/media/ullmann/HDDGabriel/research/engines/panda3d/panda/src/bullet/bulletVehicle.h,3,3,6
/media/ullmann/HDDGabriel/research/engines/panda3d/panda/src/pgraph/sceneGraphReducer.cxx,5,1,6
/media/ullmann/HDDGabriel/research/engines/panda3d/panda/src/net/connectionListener.h,1,3,4
/media/ullmann/HDDGabriel/research/engines/panda3d/panda/src/windisplay/config_windisplay.h,0,3,3
/media/ullmann/HDDGabriel/research/engines/panda3d/dtool/src/prc/configVariableDouble.cxx,1,1,2
/media/ullmann/HDDGabriel/research/engines/panda3d/dtool/src/prc/configVariableDouble.h,2,1,3
/media/ullmann/HDDGabriel/research/engines/panda3d/pandatool/src/xfileegg/xFileMesh.cxx,6,1,7
/media/ullmann/HDDGabriel/research/engines/panda3d/pandatool/src/xfileegg/xFileMesh.h,0,4,4
/media/ullmann/HDDGabriel/research/engines/panda3d/pandatool/src/lwo/lwoSurfaceBlockChannel.cxx,2,1,3
/media/ullmann/HDDGabriel/research/engines/panda3d/panda/src/pgraph/transformState.I,0,1,1
/media/ullmann/HDDGabriel/research/engines/panda3d/panda/src/distort/nonlinearImager.h,2,1,3
/media/ullmann/HDDGabriel/research/engines/panda3d/panda/src/distort/nonlinearImager.I,0,1,1
/media/ullmann/HDDGabriel/research/engines/panda3d/pandatool/src/palettizer/textureProperties.cxx,2,1,3
/media/ullmann/HDDGabriel/research/engines/panda3d/panda/src/pipeline/mutexSimpleImpl.cxx,3,1,4
/media/ullmann/HDDGabriel/research/engines/panda3d/contrib/src/ai/seek.cxx,1,1,2
/media/ullmann/HDDGabriel/research/engines/panda3d/panda/src/bullet/bulletSoftBodyShape.cxx,3,1,4
/media/ullmann/HDDGabriel/research/engines/panda3d/panda/src/pnmimagetypes/pnmFileTypeSoftImage.cxx,2,1,3
/media/ullmann/HDDGabriel/research/engines/panda3d/panda/src/mathutil/boundingBox.cxx,6,1,7
/media/ullmann/HDDGabriel/research/engines/panda3d/dtool/src/parser-inc/vorbis/vorbisfile.h,1,0,1
/media/ullmann/HDDGabriel/research/engines/panda3d/dtool/src/parser-inc/vorbis/codec.h,0,1,1
/media/ullmann/HDDGabriel/research/engines/panda3d/panda/src/pgraph/renderAttribRegistry.h,1,4,5
/media/ullmann/HDDGabriel/research/engines/panda3d/panda/src/particlesystem/pointEmitter.h,2,2,4
/media/ullmann/HDDGabriel/research/engines/panda3d/panda/src/particlesystem/pointEmitter.I,0,1,1
/media/ullmann/HDDGabriel/research/engines/panda3d/panda/src/event/asyncTaskChain.h,3,3,6
/media/ullmann/HDDGabriel/research/engines/panda3d/panda/src/linmath/coordinateSystem.cxx,2,1,3
/media/ullmann/HDDGabriel/research/engines/panda3d/panda/src/parametrics/config_parametrics.h,0,9,9
/media/ullmann/HDDGabriel/research/engines/panda3d/panda/src/display/stereoDisplayRegion.h,2,4,6
/media/ullmann/HDDGabriel/research/engines/panda3d/dtool/src/dtoolutil/pfstreamBuf.cxx,1,1,2
/media/ullmann/HDDGabriel/research/engines/panda3d/panda/metalibs/pandaegg/pandaegg.cxx,1,0,1
/media/ullmann/HDDGabriel/research/engines/panda3d/panda/metalibs/pandaegg/pandaegg.h,0,2,2
/media/ullmann/HDDGabriel/research/engines/panda3d/pandatool/src/pstatserver/pStatServer.cxx,2,1,3
/media/ullmann/HDDGabriel/research/engines/panda3d/panda/src/pipeline/cycleDataStageReader.h,3,1,4
/media/ullmann/HDDGabriel/research/engines/panda3d/direct/src/interval/cConstrainHprInterval.h,2,2,4
/media/ullmann/HDDGabriel/research/engines/panda3d/direct/src/interval/cConstrainHprInterval.I,0,1,1
/media/ullmann/HDDGabriel/research/engines/panda3d/panda/src/pgraph/light.I,0,1,1
/media/ullmann/HDDGabriel/research/engines/panda3d/panda/src/egg/pt_EggVertex.h,1,4,5
/media/ullmann/HDDGabriel/research/engines/panda3d/direct/src/interval/cConstrainPosInterval.cxx,2,1,3
/media/ullmann/HDDGabriel/research/engines/panda3d/direct/src/interval/cConstrainPosInterval.h,2,2,4
/media/ullmann/HDDGabriel/research/engines/panda3d/panda/src/grutil/lineSegs.h,1,1,2
/media/ullmann/HDDGabriel/research/engines/panda3d/panda/src/grutil/lineSegs.I,0,1,1
/media/ullmann/HDDGabriel/research/engines/panda3d/panda/src/movies/userDataAudio.cxx,2,1,3
/media/ullmann/HDDGabriel/research/engines/panda3d/pandatool/src/progbase/wordWrapStreamBuf.h,1,2,3
/media/ullmann/HDDGabriel/research/engines/panda3d/panda/src/bullet/bulletVehicle.I,0,1,1
/media/ullmann/HDDGabriel/research/engines/panda3d/panda/src/pnmimagetypes/pnmFileTypeJPGWriter.cxx,2,1,3
/media/ullmann/HDDGabriel/research/engines/panda3d/panda/src/device/clientAnalogDevice.h,2,3,5
/media/ullmann/HDDGabriel/research/engines/panda3d/panda/src/pgraph/colorScaleAttrib.I,0,1,1
/media/ullmann/HDDGabriel/research/engines/panda3d/panda/src/pgui/pgSliderBar.cxx,3,1,4
/media/ullmann/HDDGabriel/research/engines/panda3d/panda/src/ode/odeBody_ext.cxx,1,1,2
/media/ullmann/HDDGabriel/research/engines/panda3d/panda/src/ode/odeBody_ext.h,3,1,4
/media/ullmann/HDDGabriel/research/engines/panda3d/pandatool/src/eggcharbase/eggJointData.cxx,4,1,5
/media/ullmann/HDDGabriel/research/engines/panda3d/panda/src/egg/eggNurbsCurve.cxx,1,1,2
/media/ullmann/HDDGabriel/research/engines/panda3d/panda/src/grutil/heightfieldTesselator.cxx,1,1,2
/media/ullmann/HDDGabriel/research/engines/panda3d/panda/src/grutil/heightfieldTesselator.h,1,1,2
/media/ullmann/HDDGabriel/research/engines/panda3d/pandatool/src/xfile/xFileDataObjectString.h,2,4,6
/media/ullmann/HDDGabriel/research/engines/panda3d/pandatool/src/xfile/xFileDataObjectString.I,0,1,1
/media/ullmann/HDDGabriel/research/engines/panda3d/panda/src/express/test_ordered_vector.cxx,1,0,1
/media/ullmann/HDDGabriel/research/engines/panda3d/panda/src/gobj/p3gobj_ext_composite.cxx,6,0,6
/media/ullmann/HDDGabriel/research/engines/panda3d/panda/src/gobj/texture_ext.cxx,1,1,2
/media/ullmann/HDDGabriel/research/engines/panda3d/panda/src/pipeline/threadWin32Impl.h,3,2,5
/media/ullmann/HDDGabriel/research/engines/panda3d/panda/src/pipeline/threadWin32Impl.I,0,1,1
/media/ullmann/HDDGabriel/research/engines/panda3d/dtool/src/dtoolbase/nearly_zero.h,1,1,2
/media/ullmann/HDDGabriel/research/engines/panda3d/panda/src/collide/collisionHandlerPusher.cxx,5,1,6
/media/ullmann/HDDGabriel/research/engines/panda3d/panda/src/gobj/texturePeeker.h,2,2,4
/media/ullmann/HDDGabriel/research/engines/panda3d/panda/src/event/genericAsyncTask.cxx,1,1,2
/media/ullmann/HDDGabriel/research/engines/panda3d/panda/src/particlesystem/sphereVolumeEmitter.h,2,2,4
/media/ullmann/HDDGabriel/research/engines/panda3d/contrib/src/speedtree/config_speedtree.cxx,7,1,8
/media/ullmann/HDDGabriel/research/engines/panda3d/contrib/src/speedtree/stTerrain.h,2,4,6
/media/ullmann/HDDGabriel/research/engines/panda3d/panda/src/pgraph/colorScaleAttrib.cxx,2,1,3
/media/ullmann/HDDGabriel/research/engines/panda3d/panda/src/pgui/pgScrollFrame.I,0,1,1
/media/ullmann/HDDGabriel/research/engines/panda3d/panda/src/physics/angularEulerIntegrator.cxx,4,1,5
/media/ullmann/HDDGabriel/research/engines/panda3d/panda/src/nativenet/buffered_datagramconnection.h,4,2,6
/media/ullmann/HDDGabriel/research/engines/panda3d/panda/src/pgraphnodes/spotlight.h,2,3,5
/media/ullmann/HDDGabriel/research/engines/panda3d/panda/src/parametrics/nurbsCurveEvaluator.I,0,1,1
/media/ullmann/HDDGabriel/research/engines/panda3d/panda/src/dxgsg9/dxGraphicsDevice9.h,2,2,4
/media/ullmann/HDDGabriel/research/engines/panda3d/panda/src/gobj/userVertexTransform.h,2,2,4
/media/ullmann/HDDGabriel/research/engines/panda3d/panda/src/chan/partBundleNode.cxx,1,1,2
/media/ullmann/HDDGabriel/research/engines/panda3d/panda/src/display/graphicsThreadingModel.I,0,1,1
/media/ullmann/HDDGabriel/research/engines/panda3d/panda/src/pstatclient/pStatProperties.cxx,4,1,5
/media/ullmann/HDDGabriel/research/engines/panda3d/dtool/src/cppparser/cppExtensionType.cxx,4,1,5
/media/ullmann/HDDGabriel/research/engines/panda3d/panda/src/pipeline/conditionVarFull.h,1,0,1
/media/ullmann/HDDGabriel/research/engines/panda3d/panda/src/parametrics/config_parametrics.cxx,10,1,11
/media/ullmann/HDDGabriel/research/engines/panda3d/pandatool/src/vrml/vrmlParserDefs.h,0,1,1
/media/ullmann/HDDGabriel/research/engines/panda3d/panda/src/express/memoryInfo.cxx,2,1,3
/media/ullmann/HDDGabriel/research/engines/panda3d/dtool/src/cppparser/cppVisibility.cxx,1,1,2
/media/ullmann/HDDGabriel/research/engines/panda3d/dtool/src/interrogate/parameterRemapBasicStringRefToString.h,1,2,3
/media/ullmann/HDDGabriel/research/engines/panda3d/panda/src/windisplay/winGraphicsPipe.I,0,1,1
/media/ullmann/HDDGabriel/research/engines/panda3d/panda/src/vrpn/vrpnTrackerDevice.I,0,1,1
/media/ullmann/HDDGabriel/research/engines/panda3d/panda/src/net/netAddress.h,0,14,14
/media/ullmann/HDDGabriel/research/engines/panda3d/panda/src/express/multifile.I,0,1,1
/media/ullmann/HDDGabriel/research/engines/panda3d/pandatool/src/bam/eggToBam.cxx,1,0,1
/media/ullmann/HDDGabriel/research/engines/panda3d/pandatool/src/bam/eggToBam.h,0,1,1
/media/ullmann/HDDGabriel/research/engines/panda3d/panda/src/distort/projectionScreen.h,1,3,4
/media/ullmann/HDDGabriel/research/engines/panda3d/panda/src/egg/eggVertexAux.h,3,3,6
/media/ullmann/HDDGabriel/research/engines/panda3d/panda/src/collide/collisionHandlerEvent.cxx,2,1,3
/media/ullmann/HDDGabriel/research/engines/panda3d/dtool/src/dtoolbase/dtoolsymbols.h,0,1,1
/media/ullmann/HDDGabriel/research/engines/panda3d/direct/src/motiontrail/config_motiontrail.h,1,1,2
/media/ullmann/HDDGabriel/research/engines/panda3d/direct/src/motiontrail/cMotionTrail.h,0,2,2
/media/ullmann/HDDGabriel/research/engines/panda3d/panda/src/display/frameBufferProperties_ext.cxx,1,1,2
/media/ullmann/HDDGabriel/research/engines/panda3d/panda/src/dxgsg9/dxVertexBufferContext9.cxx,2,1,3
/media/ullmann/HDDGabriel/research/engines/panda3d/panda/src/bullet/bulletSoftBodyWorldInfo.cxx,2,1,3
/media/ullmann/HDDGabriel/research/engines/panda3d/panda/src/gles2gsg/p3gles2gsg_composite1.cxx,2,0,2
/media/ullmann/HDDGabriel/research/engines/panda3d/panda/src/gles2gsg/gles2gsg.cxx,1,1,2
/media/ullmann/HDDGabriel/research/engines/panda3d/panda/src/egg/eggParameters.h,0,8,8
/media/ullmann/HDDGabriel/research/engines/panda3d/panda/src/display/graphicsDevice.cxx,3,1,4
/media/ullmann/HDDGabriel/research/engines/panda3d/pandatool/src/maxegg/maxNodeTree.cxx,1,1,2
/media/ullmann/HDDGabriel/research/engines/panda3d/pandatool/src/maxegg/maxEgg.h,5,5,10
/media/ullmann/HDDGabriel/research/engines/panda3d/panda/src/recorder/mouseRecorder.cxx,2,1,3
/media/ullmann/HDDGabriel/research/engines/panda3d/pandatool/src/text-stats/textMonitor.I,0,1,1
/media/ullmann/HDDGabriel/research/engines/panda3d/panda/src/movies/movieAudio.I,0,1,1
/media/ullmann/HDDGabriel/research/engines/panda3d/panda/src/movies/vorbisAudio.h,2,3,5
/media/ullmann/HDDGabriel/research/engines/panda3d/panda/src/egg/eggAttributes.h,3,4,7
/media/ullmann/HDDGabriel/research/engines/panda3d/panda/src/androiddisplay/p3androiddisplay_composite1.cxx,4,0,4
/media/ullmann/HDDGabriel/research/engines/panda3d/panda/src/putil/globalPointerRegistry.cxx,2,1,3
/media/ullmann/HDDGabriel/research/engines/panda3d/panda/src/putil/globalPointerRegistry.h,1,1,2
/media/ullmann/HDDGabriel/research/engines/panda3d/panda/src/recorder/recorderController.h,3,5,8
/media/ullmann/HDDGabriel/research/engines/panda3d/panda/src/glxdisplay/p3glxdisplay_composite1.cxx,7,0,7
/media/ullmann/HDDGabriel/research/engines/panda3d/panda/src/pnmimage/convert_srgb.h,2,3,5
/media/ullmann/HDDGabriel/research/engines/panda3d/panda/src/pnmimage/convert_srgb.I,0,1,1
/media/ullmann/HDDGabriel/research/engines/panda3d/panda/src/pipeline/contextSwitch.c,5,0,5
/media/ullmann/HDDGabriel/research/engines/panda3d/panda/src/pipeline/contextSwitch_ucontext_src.c,0,1,1
/media/ullmann/HDDGabriel/research/engines/panda3d/pandatool/src/palettizer/paletteGroups.cxx,2,1,3
/media/ullmann/HDDGabriel/research/engines/panda3d/pandatool/src/palettizer/paletteGroups.h,0,6,6
/media/ullmann/HDDGabriel/research/engines/panda3d/panda/src/device/clientBase.I,0,1,1
/media/ullmann/HDDGabriel/research/engines/panda3d/panda/src/putil/nodeCachedReferenceCount.I,0,1,1
/media/ullmann/HDDGabriel/research/engines/panda3d/panda/src/pnmimage/pnm-image-filter.cxx,4,1,5
/media/ullmann/HDDGabriel/research/engines/panda3d/panda/src/dxgsg9/dxGraphicsDevice9.cxx,2,1,3
/media/ullmann/HDDGabriel/research/engines/panda3d/panda/src/egg/eggGroupNode_ext.cxx,1,1,2
/media/ullmann/HDDGabriel/research/engines/panda3d/panda/src/egg/eggGroupNode_ext.h,1,1,2
/media/ullmann/HDDGabriel/research/engines/panda3d/dtool/src/dtoolbase/atomicAdjustPosixImpl.h,4,2,6
/media/ullmann/HDDGabriel/research/engines/panda3d/panda/src/ode/odeBoxGeom.cxx,2,1,3
/media/ullmann/HDDGabriel/research/engines/panda3d/panda/src/tform/driveInterface.h,2,2,4
/media/ullmann/HDDGabriel/research/engines/panda3d/panda/src/downloader/httpEnum.cxx,1,1,2
/media/ullmann/HDDGabriel/research/engines/panda3d/dtool/src/prc/configPageManager.I,0,1,1
/media/ullmann/HDDGabriel/research/engines/panda3d/panda/src/pgraph/attribNodeRegistry.I,0,1,1
/media/ullmann/HDDGabriel/research/engines/panda3d/panda/src/dxgsg9/dxGraphicsStateGuardian9.cxx,7,0,7
/media/ullmann/HDDGabriel/research/engines/panda3d/panda/src/particlesystem/pointParticleRenderer.I,0,1,1
/media/ullmann/HDDGabriel/research/engines/panda3d/panda/src/downloader/downloadDb.cxx,2,1,3
/media/ullmann/HDDGabriel/research/engines/panda3d/panda/src/framework/windowFramework.cxx,5,1,6
/media/ullmann/HDDGabriel/research/engines/panda3d/panda/src/framework/shuttle_controls.bam_src.c,0,1,1
/media/ullmann/HDDGabriel/research/engines/panda3d/pandatool/src/win-stats/winStatsLabel.h,1,3,4
/media/ullmann/HDDGabriel/research/engines/panda3d/panda/src/chan/animChannelScalarDynamic.cxx,3,1,4
/media/ullmann/HDDGabriel/research/engines/panda3d/panda/src/express/typedReferenceCount.I,0,1,1
/media/ullmann/HDDGabriel/research/engines/panda3d/panda/src/display/graphicsWindowProcCallbackData.h,2,4,6
/media/ullmann/HDDGabriel/research/engines/panda3d/contrib/src/ai/seek.h,2,4,6
/media/ullmann/HDDGabriel/research/engines/panda3d/panda/src/chan/movingPartBase.I,0,1,1
/media/ullmann/HDDGabriel/research/engines/panda3d/panda/src/pgraphnodes/computeNode.cxx,1,1,2
/media/ullmann/HDDGabriel/research/engines/panda3d/panda/src/pgraph/modelNode.cxx,1,1,2
/media/ullmann/HDDGabriel/research/engines/panda3d/panda/src/pgraph/modelNode.h,2,5,7
/media/ullmann/HDDGabriel/research/engines/panda3d/panda/src/display/frameBufferProperties.cxx,3,1,4
/media/ullmann/HDDGabriel/research/engines/panda3d/panda/src/recorder/recorderTable.cxx,3,1,4
/media/ullmann/HDDGabriel/research/engines/panda3d/pandatool/src/pstatserver/pStatThreadData.I,0,1,1
/media/ullmann/HDDGabriel/research/engines/panda3d/panda/src/wgldisplay/wglGraphicsPipe.h,1,5,6
/media/ullmann/HDDGabriel/research/engines/panda3d/dtool/src/dtoolutil/vector_double.cxx,2,1,3
/media/ullmann/HDDGabriel/research/engines/panda3d/dtool/src/interrogate/interfaceMakerPython.h,1,4,5
/media/ullmann/HDDGabriel/research/engines/panda3d/dtool/src/dtoolutil/textEncoder.I,0,1,1
/media/ullmann/HDDGabriel/research/engines/panda3d/panda/src/putil/pointerData.cxx,1,1,2
/media/ullmann/HDDGabriel/research/engines/panda3d/dtool/src/dtoolutil/lineStream.I,0,1,1
/media/ullmann/HDDGabriel/research/engines/panda3d/panda/src/egg/eggTable.cxx,1,1,2
/media/ullmann/HDDGabriel/research/engines/panda3d/dtool/src/cppparser/cppVisibility.h,0,5,5
/media/ullmann/HDDGabriel/research/engines/panda3d/panda/src/pgraph/depthWriteAttrib.cxx,1,1,2
/media/ullmann/HDDGabriel/research/engines/panda3d/panda/src/nativenet/membuffer.h,1,1,2
/media/ullmann/HDDGabriel/research/engines/panda3d/contrib/src/rplight/shadowAtlas.h,1,3,4
/media/ullmann/HDDGabriel/research/engines/panda3d/panda/src/egg/eggTransform.cxx,1,1,2
/media/ullmann/HDDGabriel/research/engines/panda3d/panda/src/egg/eggTransform.h,2,3,5
/media/ullmann/HDDGabriel/research/engines/panda3d/panda/src/dxgsg9/dxVertexBufferContext9.I,0,1,1
/media/ullmann/HDDGabriel/research/engines/panda3d/panda/src/putil/globalPointerRegistry.I,0,1,1
/media/ullmann/HDDGabriel/research/engines/panda3d/panda/src/pgraph/antialiasAttrib.I,0,1,1
/media/ullmann/HDDGabriel/research/engines/panda3d/pandatool/src/egg-mkfont/rangeIterator.cxx,1,1,2
/media/ullmann/HDDGabriel/research/engines/panda3d/panda/src/linmath/test_math.cxx,3,0,3
/media/ullmann/HDDGabriel/research/engines/panda3d/panda/src/pgraph/colorWriteAttrib.cxx,1,1,2
/media/ullmann/HDDGabriel/research/engines/panda3d/panda/src/pipeline/cycleDataWriter.h,5,1,6
/media/ullmann/HDDGabriel/research/engines/panda3d/panda/src/grutil/nodeVertexTransform.cxx,1,1,2
/media/ullmann/HDDGabriel/research/engines/panda3d/panda/src/pgui/pgVirtualFrame.cxx,1,1,2
/media/ullmann/HDDGabriel/research/engines/panda3d/panda/src/linmath/lorientation.h,4,2,6
/media/ullmann/HDDGabriel/research/engines/panda3d/pandatool/src/flt/fltInstanceRef.cxx,5,1,6
/media/ullmann/HDDGabriel/research/engines/panda3d/dtool/src/dtoolutil/textEncoder_ext.cxx,1,1,2
/media/ullmann/HDDGabriel/research/engines/panda3d/dtool/src/interrogatedb/interrogateElement.cxx,4,1,5
/media/ullmann/HDDGabriel/research/engines/panda3d/panda/src/express/p3express_ext_composite.cxx,5,0,5
/media/ullmann/HDDGabriel/research/engines/panda3d/panda/src/express/ramfile_ext.cxx,1,1,2
/media/ullmann/HDDGabriel/research/engines/panda3d/panda/src/putil/datagramOutputFile.h,2,3,5
/media/ullmann/HDDGabriel/research/engines/panda3d/panda/src/putil/datagramOutputFile.I,0,1,1
/media/ullmann/HDDGabriel/research/engines/panda3d/direct/src/interval/cConstrainHprInterval.cxx,2,1,3
/media/ullmann/HDDGabriel/research/engines/panda3d/pandatool/src/eggprogs/eggRename.cxx,1,0,1
/media/ullmann/HDDGabriel/research/engines/panda3d/pandatool/src/eggprogs/eggRename.h,0,1,1
/media/ullmann/HDDGabriel/research/engines/panda3d/panda/src/gobj/geomVertexFormat.I,0,1,1
/media/ullmann/HDDGabriel/research/engines/panda3d/panda/src/pgui/pgMouseWatcherBackground.cxx,2,1,3
/media/ullmann/HDDGabriel/research/engines/panda3d/pandatool/src/flt/fltMeshPrimitive.h,3,3,6
/media/ullmann/HDDGabriel/research/engines/panda3d/panda/src/express/weakPointerToBase.h,3,2,5
/media/ullmann/HDDGabriel/research/engines/panda3d/panda/src/express/weakPointerToBase.I,0,1,1
/media/ullmann/HDDGabriel/research/engines/panda3d/panda/src/pgraph/renderState_ext.h,1,1,2
/media/ullmann/HDDGabriel/research/engines/panda3d/panda/src/mathutil/intersectionBoundingVolume.cxx,3,1,4
/media/ullmann/HDDGabriel/research/engines/panda3d/panda/src/pgraph/audioVolumeAttrib.cxx,2,1,3
/media/ullmann/HDDGabriel/research/engines/panda3d/panda/src/bullet/bulletGenericConstraint.cxx,3,1,4
/media/ullmann/HDDGabriel/research/engines/panda3d/panda/src/pipeline/conditionVarPosixImpl.I,0,1,1
/media/ullmann/HDDGabriel/research/engines/panda3d/panda/src/egg2pg/deferredNodeProperty.h,0,2,2
/media/ullmann/HDDGabriel/research/engines/panda3d/pandatool/src/xfile/windowsGuid.cxx,1,1,2
/media/ullmann/HDDGabriel/research/engines/panda3d/pandatool/src/xfile/windowsGuid.h,1,5,6
/media/ullmann/HDDGabriel/research/engines/panda3d/dtool/src/dtoolbase/typeRegistry.h,5,4,9
/media/ullmann/HDDGabriel/research/engines/panda3d/pandatool/src/lwo/iffId.h,1,3,4
/media/ullmann/HDDGabriel/research/engines/panda3d/pandatool/src/eggbase/eggReader.cxx,1,1,2
/media/ullmann/HDDGabriel/research/engines/panda3d/pandatool/src/daeegg/config_daeegg.h,0,4,4
/media/ullmann/HDDGabriel/research/engines/panda3d/panda/src/device/winRawInputDevice.cxx,3,1,4
/media/ullmann/HDDGabriel/research/engines/panda3d/panda/src/device/phidsdi.h,0,2,2
/media/ullmann/HDDGabriel/research/engines/panda3d/panda/src/gobj/geomLinestripsAdjacency.h,1,3,4
/media/ullmann/HDDGabriel/research/engines/panda3d/panda/src/device/xInputDevice.h,1,4,5
/media/ullmann/HDDGabriel/research/engines/panda3d/panda/src/gles2gsg/config_gles2gsg.cxx,2,1,3
/media/ullmann/HDDGabriel/research/engines/panda3d/panda/src/gles2gsg/config_gles2gsg.h,0,2,2
/media/ullmann/HDDGabriel/research/engines/panda3d/dtool/src/dtoolutil/pandaFileStream.h,2,2,4
/media/ullmann/HDDGabriel/research/engines/panda3d/dtool/src/dtoolbase/pdeque.h,3,0,3
/media/ullmann/HDDGabriel/research/engines/panda3d/pandatool/src/win-stats/winStatsLabelStack.h,0,3,3
/media/ullmann/HDDGabriel/research/engines/panda3d/pandatool/src/flt/fltObject.cxx,3,1,4
/media/ullmann/HDDGabriel/research/engines/panda3d/panda/src/putil/gamepadButton.cxx,2,1,3
/media/ullmann/HDDGabriel/research/engines/panda3d/panda/src/pgui/pgCullTraverser.h,2,4,6
/media/ullmann/HDDGabriel/research/engines/panda3d/panda/src/pgui/pgCullTraverser.I,0,1,1
/media/ullmann/HDDGabriel/research/engines/panda3d/dtool/src/prc/configVariableCore.h,4,5,9
/media/ullmann/HDDGabriel/research/engines/panda3d/panda/src/ode/odeSpace.I,0,1,1
/media/ullmann/HDDGabriel/research/engines/panda3d/panda/src/wgldisplay/wglGraphicsWindow.cxx,4,1,5
/media/ullmann/HDDGabriel/research/engines/panda3d/panda/src/pstatclient/pStatClientControlMessage.h,1,3,4
/media/ullmann/HDDGabriel/research/engines/panda3d/panda/src/express/virtualFileSystem_ext.cxx,1,1,2
/media/ullmann/HDDGabriel/research/engines/panda3d/panda/src/express/virtualFileSystem_ext.h,1,1,2
/media/ullmann/HDDGabriel/research/engines/panda3d/panda/src/ode/odeCollisionEntry.cxx,1,1,2
/media/ullmann/HDDGabriel/research/engines/panda3d/panda/src/pipeline/threadPriority.h,0,6,6
/media/ullmann/HDDGabriel/research/engines/panda3d/contrib/src/speedtree/loaderFileTypeSrt.h,0,2,2
/media/ullmann/HDDGabriel/research/engines/panda3d/panda/src/gles2gsg/gles2gsg.h,2,2,4
/media/ullmann/HDDGabriel/research/engines/panda3d/panda/src/vision/webcamVideoCursorV4L.cxx,3,1,4
/media/ullmann/HDDGabriel/research/engines/panda3d/panda/src/vision/webcamVideoCursorV4L.h,1,3,4
/media/ullmann/HDDGabriel/research/engines/panda3d/panda/src/event/eventParameter.I,0,1,1
/media/ullmann/HDDGabriel/research/engines/panda3d/panda/metalibs/pandadx9/pandadx9.cxx,1,0,1
/media/ullmann/HDDGabriel/research/engines/panda3d/panda/metalibs/pandadx9/pandadx9.h,0,1,1
/media/ullmann/HDDGabriel/research/engines/panda3d/panda/src/bullet/bulletConvexPointCloudShape.cxx,3,1,4
/media/ullmann/HDDGabriel/research/engines/panda3d/panda/src/pgui/pgSliderBarNotify.cxx,2,1,3
/media/ullmann/HDDGabriel/research/engines/panda3d/panda/src/pgraph/loader.cxx,10,1,11
/media/ullmann/HDDGabriel/research/engines/panda3d/panda/src/express/hashVal.h,4,3,7
/media/ullmann/HDDGabriel/research/engines/panda3d/pandatool/src/pstatserver/pStatTimeline.cxx,1,1,2
/media/ullmann/HDDGabriel/research/engines/panda3d/pandatool/src/pstatserver/pStatTimeline.h,4,1,5
/media/ullmann/HDDGabriel/research/engines/panda3d/panda/src/mathutil/boundingHexahedron.I,0,1,1
/media/ullmann/HDDGabriel/research/engines/panda3d/panda/src/gobj/occlusionQueryContext.cxx,1,1,2
/media/ullmann/HDDGabriel/research/engines/panda3d/panda/src/pgraphnodes/callbackNode.cxx,2,1,3
/media/ullmann/HDDGabriel/research/engines/panda3d/panda/src/pgraphnodes/nodeCullCallbackData.h,1,3,4
/media/ullmann/HDDGabriel/research/engines/panda3d/panda/src/ode/odeJointCollection.h,2,2,4
/media/ullmann/HDDGabriel/research/engines/panda3d/panda/src/pgraph/camera.cxx,1,1,2
/media/ullmann/HDDGabriel/research/engines/panda3d/pandatool/src/eggbase/eggConverter.cxx,1,1,2
/media/ullmann/HDDGabriel/research/engines/panda3d/panda/src/gobj/textureReloadRequest.I,0,1,1
/media/ullmann/HDDGabriel/research/engines/panda3d/panda/src/pnmimagetypes/pnmFileTypeIMG.cxx,2,1,3
/media/ullmann/HDDGabriel/research/engines/panda3d/panda/src/grutil/meshDrawer2D.h,1,2,3
/media/ullmann/HDDGabriel/research/engines/panda3d/pandatool/src/gtk-stats/gtkStatsChartMenu.h,0,2,2
/media/ullmann/HDDGabriel/research/engines/panda3d/panda/src/putil/bamCacheIndex.I,0,1,1
/media/ullmann/HDDGabriel/research/engines/panda3d/panda/src/particlesystem/pointParticle.cxx,1,1,2
/media/ullmann/HDDGabriel/research/engines/panda3d/panda/src/pgraph/depthWriteAttrib.h,2,4,6
/media/ullmann/HDDGabriel/research/engines/panda3d/panda/src/pgraph/depthWriteAttrib.I,0,1,1
/media/ullmann/HDDGabriel/research/engines/panda3d/panda/src/gobj/texturePool_ext.cxx,3,1,4
/media/ullmann/HDDGabriel/research/engines/panda3d/panda/src/gobj/geomTristripsAdjacency.h,1,3,4
/media/ullmann/HDDGabriel/research/engines/panda3d/direct/src/dcparser/dcPackData.h,2,3,5
/media/ullmann/HDDGabriel/research/engines/panda3d/pandatool/src/egg-optchar/eggOptchar.h,0,1,1
/media/ullmann/HDDGabriel/research/engines/panda3d/panda/src/gobj/geomMunger.cxx,3,1,4
/media/ullmann/HDDGabriel/research/engines/panda3d/panda/src/gobj/geomCacheManager.h,2,4,6
/media/ullmann/HDDGabriel/research/engines/panda3d/pandatool/src/xfile/xFileDataObject.I,0,1,1
/media/ullmann/HDDGabriel/research/engines/panda3d/dtool/src/dtoolutil/stringDecoder.h,1,2,3
/media/ullmann/HDDGabriel/research/engines/panda3d/dtool/src/dtoolutil/stringDecoder.I,0,1,1
/media/ullmann/HDDGabriel/research/engines/panda3d/direct/src/interval/cIntervalManager.I,0,1,1
/media/ullmann/HDDGabriel/research/engines/panda3d/panda/src/bullet/bulletClosestHitRayResult.h,3,2,5
/media/ullmann/HDDGabriel/research/engines/panda3d/panda/src/pgraph/rescaleNormalAttrib.h,2,4,6
/media/ullmann/HDDGabriel/research/engines/panda3d/panda/src/pgraph/rescaleNormalAttrib.I,0,1,1
/media/ullmann/HDDGabriel/research/engines/panda3d/panda/src/downloader/bioStreamPtr.cxx,1,1,2
/media/ullmann/HDDGabriel/research/engines/panda3d/pandatool/src/converter/somethingToEggConverter.cxx,1,0,1
/media/ullmann/HDDGabriel/research/engines/panda3d/pandatool/src/converter/somethingToEggConverter.h,1,1,2
/media/ullmann/HDDGabriel/research/engines/panda3d/dtool/src/cppparser/cppTemplateScope.cxx,5,1,6
/media/ullmann/HDDGabriel/research/engines/panda3d/panda/src/downloader/httpBasicAuthorization.I,0,1,1
/media/ullmann/HDDGabriel/research/engines/panda3d/panda/src/particlesystem/sphereVolumeEmitter.cxx,1,1,2
/media/ullmann/HDDGabriel/research/engines/panda3d/contrib/src/speedtree/stTransform.cxx,1,1,2
/media/ullmann/HDDGabriel/research/engines/panda3d/panda/src/event/asyncTaskPause.h,2,2,4
/media/ullmann/HDDGabriel/research/engines/panda3d/panda/src/pstatclient/pStatClientVersion.I,0,1,1
/media/ullmann/HDDGabriel/research/engines/panda3d/panda/src/event/pt_Event.cxx,1,1,2
/media/ullmann/HDDGabriel/research/engines/panda3d/panda/src/event/pt_Event.h,1,6,7
/media/ullmann/HDDGabriel/research/engines/panda3d/panda/src/physics/linearFrictionForce.cxx,2,1,3
/media/ullmann/HDDGabriel/research/engines/panda3d/direct/src/distributed/cConnectionRepository.cxx,2,0,2
/media/ullmann/HDDGabriel/research/engines/panda3d/direct/src/interval/waitInterval.I,0,1,1
/media/ullmann/HDDGabriel/research/engines/panda3d/panda/src/physics/baseForce.cxx,1,1,2
/media/ullmann/HDDGabriel/research/engines/panda3d/panda/src/android/pnmFileTypeAndroidWriter.cxx,1,1,2
/media/ullmann/HDDGabriel/research/engines/panda3d/panda/src/egg/eggAnimPreload.cxx,1,1,2
/media/ullmann/HDDGabriel/research/engines/panda3d/dtool/src/prc/configVariableDouble.I,0,1,1
/media/ullmann/HDDGabriel/research/engines/panda3d/panda/src/putil/factory.h,2,2,4
/media/ullmann/HDDGabriel/research/engines/panda3d/panda/src/pnmtext/pnmTextGlyph.cxx,1,1,2
/media/ullmann/HDDGabriel/research/engines/panda3d/panda/src/downloader/httpCookie.h,3,3,6
/media/ullmann/HDDGabriel/research/engines/panda3d/panda/src/vision/webcamVideoOpenCV.cxx,2,1,3
/media/ullmann/HDDGabriel/research/engines/panda3d/contrib/src/speedtree/loaderFileTypeStf.h,0,2,2
/media/ullmann/HDDGabriel/research/engines/panda3d/panda/src/vrpn/vrpnTracker.h,2,2,4
/media/ullmann/HDDGabriel/research/engines/panda3d/panda/src/vrpn/vrpnTracker.I,0,1,1
/media/ullmann/HDDGabriel/research/engines/panda3d/panda/src/ode/odePlaneGeom.I,0,1,1
/media/ullmann/HDDGabriel/research/engines/panda3d/pandatool/src/lwo/lwoSurfaceSidedness.cxx,2,1,3
/media/ullmann/HDDGabriel/research/engines/panda3d/panda/src/ode/odeHashSpace.h,3,6,9
/media/ullmann/HDDGabriel/research/engines/panda3d/pandatool/src/eggbase/eggFilter.h,2,2,4
/media/ullmann/HDDGabriel/research/engines/panda3d/pandatool/src/eggbase/eggReader.h,1,2,3
/media/ullmann/HDDGabriel/research/engines/panda3d/panda/src/gobj/geomVertexArrayFormat.h,3,4,7
/media/ullmann/HDDGabriel/research/engines/panda3d/pandatool/src/pandatoolbase/config_pandatoolbase.h,1,3,4
/media/ullmann/HDDGabriel/research/engines/panda3d/panda/src/mathutil/boundingLine.cxx,4,1,5
/media/ullmann/HDDGabriel/research/engines/panda3d/panda/src/chan/partBundleHandle.I,0,1,1
/media/ullmann/HDDGabriel/research/engines/panda3d/panda/src/ffmpeg/ffmpegVideoCursor.I,0,1,1
/media/ullmann/HDDGabriel/research/engines/panda3d/panda/src/pstatclient/pStatFrameData.h,1,4,5
/media/ullmann/HDDGabriel/research/engines/panda3d/pandatool/src/flt/fltTransformRotateScale.h,1,3,4
/media/ullmann/HDDGabriel/research/engines/panda3d/panda/src/pnmimagetypes/sgi.h,0,5,5
/media/ullmann/HDDGabriel/research/engines/panda3d/panda/src/recorder/config_recorder.cxx,7,1,8
/media/ullmann/HDDGabriel/research/engines/panda3d/panda/src/pgraph/pandaNode.I,0,1,1
/media/ullmann/HDDGabriel/research/engines/panda3d/panda/src/physics/baseForce.I,0,1,1
/media/ullmann/HDDGabriel/research/engines/panda3d/panda/src/tinydisplay/tinyGraphicsBuffer.cxx,3,1,4
/media/ullmann/HDDGabriel/research/engines/panda3d/contrib/src/rplight/internalLightManager.cxx,1,1,2
/media/ullmann/HDDGabriel/research/engines/panda3d/dtool/src/interrogate/parameterRemapEnumToInt.h,1,2,3
/media/ullmann/HDDGabriel/research/engines/panda3d/pandatool/src/palettizer/textureMemoryCounter.h,0,2,2
/media/ullmann/HDDGabriel/research/engines/panda3d/panda/src/pipeline/genericThread.h,2,2,4
/media/ullmann/HDDGabriel/research/engines/panda3d/panda/src/grutil/movieTexture.h,1,2,3
/media/ullmann/HDDGabriel/research/engines/panda3d/panda/src/pipeline/test_concurrency.cxx,3,0,3
/media/ullmann/HDDGabriel/research/engines/panda3d/dtool/src/cppparser/cppDeclaration.cxx,2,1,3
/media/ullmann/HDDGabriel/research/engines/panda3d/panda/src/tform/driveInterface.cxx,2,1,3
/media/ullmann/HDDGabriel/research/engines/panda3d/direct/src/deadrec/config_deadrec.h,0,2,2
/media/ullmann/HDDGabriel/research/engines/panda3d/panda/src/pnmimage/pnmImage.I,0,1,1
/media/ullmann/HDDGabriel/research/engines/panda3d/dtool/src/prc/encryptStreamBuf.I,0,1,1
/media/ullmann/HDDGabriel/research/engines/panda3d/panda/src/ode/odeTriMeshData.cxx,1,1,2
/media/ullmann/HDDGabriel/research/engines/panda3d/dtool/src/interrogate/parameterRemapConstToNonConst.h,1,2,3
/media/ullmann/HDDGabriel/research/engines/panda3d/panda/src/pgraph/modelFlattenRequest.cxx,2,1,3
/media/ullmann/HDDGabriel/research/engines/panda3d/panda/src/egg/eggNamedObject.h,2,5,7
/media/ullmann/HDDGabriel/research/engines/panda3d/contrib/src/rplight/rpLight.cxx,1,1,2
/media/ullmann/HDDGabriel/research/engines/panda3d/dtool/src/prc/p3prc_composite1.cxx,15,0,15
/media/ullmann/HDDGabriel/research/engines/panda3d/dtool/src/prc/configVariable.I,0,1,1
/media/ullmann/HDDGabriel/research/engines/panda3d/pandatool/src/flt/fltFace.cxx,5,1,6
/media/ullmann/HDDGabriel/research/engines/panda3d/panda/src/particlesystem/tangentRingEmitter.cxx,1,1,2
/media/ullmann/HDDGabriel/research/engines/panda3d/direct/src/directbase/directbase.h,1,1,2
/media/ullmann/HDDGabriel/research/engines/panda3d/direct/src/directbase/directsymbols.h,0,1,1
/media/ullmann/HDDGabriel/research/engines/panda3d/pandatool/src/daeegg/daeCharacter.h,1,4,5
/media/ullmann/HDDGabriel/research/engines/panda3d/panda/src/mathutil/triangulator3.cxx,2,1,3
/media/ullmann/HDDGabriel/research/engines/panda3d/pandatool/src/lwo/lwoSurfaceParameter.cxx,2,1,3
/media/ullmann/HDDGabriel/research/engines/panda3d/panda/src/pnmimage/pnmbitio.h,1,1,2
/media/ullmann/HDDGabriel/research/engines/panda3d/panda/src/ode/odeJointCollection.cxx,1,1,2
/media/ullmann/HDDGabriel/research/engines/panda3d/panda/src/display/graphicsStateGuardian_ext.cxx,1,1,2
/media/ullmann/HDDGabriel/research/engines/panda3d/panda/src/display/graphicsStateGuardian_ext.h,1,1,2
/media/ullmann/HDDGabriel/research/engines/panda3d/panda/src/movies/microphoneAudioDS.cxx,0,1,1
/media/ullmann/HDDGabriel/research/engines/panda3d/panda/src/egg2pg/loaderFileTypeEgg.h,0,2,2
/media/ullmann/HDDGabriel/research/engines/panda3d/panda/src/pipeline/threadDummyImpl.h,2,2,4
/media/ullmann/HDDGabriel/research/engines/panda3d/dtool/src/dtoolbase/atomicAdjustI386Impl.cxx,1,1,2
/media/ullmann/HDDGabriel/research/engines/panda3d/panda/src/pipeline/lightReMutexHolder.I,0,1,1
/media/ullmann/HDDGabriel/research/engines/panda3d/dtool/src/prc/notifyCategoryProxy.I,0,1,1
/media/ullmann/HDDGabriel/research/engines/panda3d/dtool/src/dtoolbase/atomicAdjustDummyImpl.cxx,2,1,3
/media/ullmann/HDDGabriel/research/engines/panda3d/panda/src/gobj/geomVertexRewriter.I,0,1,1
/media/ullmann/HDDGabriel/research/engines/panda3d/dtool/src/interrogatedb/config_interrogatedb.h,0,4,4
/media/ullmann/HDDGabriel/research/engines/panda3d/panda/src/egg/eggSurface.I,0,1,1
/media/ullmann/HDDGabriel/research/engines/panda3d/dtool/src/interrogate/functionWriterPtrFromPython.h,1,2,3
/media/ullmann/HDDGabriel/research/engines/panda3d/panda/src/gobj/pythonTexturePoolFilter.cxx,1,1,2
/media/ullmann/HDDGabriel/research/engines/panda3d/panda/src/gobj/pythonTexturePoolFilter.h,3,2,5
/media/ullmann/HDDGabriel/research/engines/panda3d/panda/src/wgldisplay/wglGraphicsPipe.I,0,1,1
/media/ullmann/HDDGabriel/research/engines/panda3d/dtool/src/cppparser/cppParameterList.cxx,2,1,3
/media/ullmann/HDDGabriel/research/engines/panda3d/panda/src/display/drawableRegion.cxx,2,1,3
/media/ullmann/HDDGabriel/research/engines/panda3d/panda/src/pnmimagetypes/pnmFileTypeIMG.h,0,2,2
/media/ullmann/HDDGabriel/research/engines/panda3d/panda/src/express/pointerToBase.cxx,1,1,2
/media/ullmann/HDDGabriel/research/engines/panda3d/panda/src/bullet/bulletPlaneShape.cxx,2,1,3
/media/ullmann/HDDGabriel/research/engines/panda3d/direct/src/interval/cLerpInterval.h,2,4,6
/media/ullmann/HDDGabriel/research/engines/panda3d/panda/src/pgui/pgSliderBarNotify.h,2,3,5
/media/ullmann/HDDGabriel/research/engines/panda3d/pandatool/src/flt/fltVertex.h,3,5,8
/media/ullmann/HDDGabriel/research/engines/panda3d/panda/src/linmath/lvec4_ops_src.h,1,1,2
/media/ullmann/HDDGabriel/research/engines/panda3d/panda/src/linmath/lvec4_ops_src.I,0,1,1
/media/ullmann/HDDGabriel/research/engines/panda3d/panda/src/egg/eggNamedObject.I,0,1,1
/media/ullmann/HDDGabriel/research/engines/panda3d/panda/src/bullet/bulletSphereShape.h,4,3,7
/media/ullmann/HDDGabriel/research/engines/panda3d/dtool/src/parser-inc/cxtypes.h,3,0,3
/media/ullmann/HDDGabriel/research/engines/panda3d/panda/src/putil/typedWritableReferenceCount.cxx,1,1,2
/media/ullmann/HDDGabriel/research/engines/panda3d/pandatool/src/dxf/dxfFile.h,3,2,5
/media/ullmann/HDDGabriel/research/engines/panda3d/panda/src/text/p3text_composite2.cxx,7,0,7
/media/ullmann/HDDGabriel/research/engines/panda3d/direct/src/dcparser/dcPacker.I,0,1,1
/media/ullmann/HDDGabriel/research/engines/panda3d/panda/src/mathutil/pta_LVecBase3_ext.h,1,0,1
/media/ullmann/HDDGabriel/research/engines/panda3d/panda/src/mathutil/pta_LVecBase3.h,0,2,2
/media/ullmann/HDDGabriel/research/engines/panda3d/panda/src/particlesystem/lineEmitter.cxx,1,1,2
/media/ullmann/HDDGabriel/research/engines/panda3d/panda/src/particlesystem/lineEmitter.h,2,2,4
/media/ullmann/HDDGabriel/research/engines/panda3d/panda/src/audiotraits/fmodAudioManager.h,0,3,3
/media/ullmann/HDDGabriel/research/engines/panda3d/dtool/src/interrogatedb/interrogateType.I,0,1,1
/media/ullmann/HDDGabriel/research/engines/panda3d/panda/src/pipeline/test_atomic.cxx,3,0,3
/media/ullmann/HDDGabriel/research/engines/panda3d/panda/src/putil/bitArray_ext.cxx,1,1,2
/media/ullmann/HDDGabriel/research/engines/panda3d/panda/src/net/datagramSinkNet.cxx,1,1,2
/media/ullmann/HDDGabriel/research/engines/panda3d/panda/src/net/datagramSinkNet.h,2,1,3
/media/ullmann/HDDGabriel/research/engines/panda3d/contrib/src/ai/config_ai.h,0,2,2
/media/ullmann/HDDGabriel/research/engines/panda3d/dtool/src/prc/streamReader_ext.h,1,1,2
/media/ullmann/HDDGabriel/research/engines/panda3d/panda/src/pgraph/portalNode.h,4,3,7
/media/ullmann/HDDGabriel/research/engines/panda3d/dtool/src/dtoolutil/vector_int.cxx,2,1,3
/media/ullmann/HDDGabriel/research/engines/panda3d/panda/src/pgraph/modelSaveRequest.h,3,3,6
/media/ullmann/HDDGabriel/research/engines/panda3d/panda/src/pgraph/modelSaveRequest.I,0,1,1
/media/ullmann/HDDGabriel/research/engines/panda3d/pandatool/src/lwo/lwoPoints.h,1,3,4
/media/ullmann/HDDGabriel/research/engines/panda3d/pandatool/src/lwoegg/cLwoSurfaceBlockTMap.cxx,2,1,3
/media/ullmann/HDDGabriel/research/engines/panda3d/panda/src/ode/odeUniversalJoint.I,0,1,1
/media/ullmann/HDDGabriel/research/engines/panda3d/panda/src/putil/callbackObject_ext.h,2,0,2
/media/ullmann/HDDGabriel/research/engines/panda3d/panda/src/putil/callbackObject_ext.I,0,1,1
/media/ullmann/HDDGabriel/research/engines/panda3d/panda/src/bullet/bulletHeightfieldShape.cxx,3,1,4
/media/ullmann/HDDGabriel/research/engines/panda3d/panda/src/putil/buttonMap.I,0,1,1
/media/ullmann/HDDGabriel/research/engines/panda3d/panda/src/physics/physicsObjectCollection.cxx,1,1,2
/media/ullmann/HDDGabriel/research/engines/panda3d/panda/src/pipeline/conditionVarSimpleImpl.cxx,2,1,3
/media/ullmann/HDDGabriel/research/engines/panda3d/panda/src/express/pointerToVoid.cxx,1,1,2
/media/ullmann/HDDGabriel/research/engines/panda3d/panda/src/parametrics/nurbsSurfaceEvaluator.cxx,1,1,2
/media/ullmann/HDDGabriel/research/engines/panda3d/pandatool/src/win-stats/winStatsChartMenu.cxx,2,1,3
/media/ullmann/HDDGabriel/research/engines/panda3d/pandatool/src/win-stats/winStatsChartMenu.h,0,2,2
/media/ullmann/HDDGabriel/research/engines/panda3d/dtool/src/prc/notifyCategory.I,0,1,1
/media/ullmann/HDDGabriel/research/engines/panda3d/panda/src/pstatclient/pStatProperties.h,0,4,4
/media/ullmann/HDDGabriel/research/engines/panda3d/panda/src/pstatclient/pStatCollectorForward.h,2,1,3
/media/ullmann/HDDGabriel/research/engines/panda3d/panda/src/pstatclient/pStatCollectorForward.I,0,1,1
/media/ullmann/HDDGabriel/research/engines/panda3d/panda/src/putil/ioPtaDatagramShort.cxx,1,1,2
/media/ullmann/HDDGabriel/research/engines/panda3d/panda/src/pgraphnodes/shaderGenerator.h,1,2,3
/media/ullmann/HDDGabriel/research/engines/panda3d/panda/src/parametrics/nurbsCurveResult.cxx,2,1,3
/media/ullmann/HDDGabriel/research/engines/panda3d/pandatool/src/xfile/xFileDataObjectArray.cxx,1,1,2
/media/ullmann/HDDGabriel/research/engines/panda3d/panda/src/grutil/cardMaker.cxx,1,1,2
/media/ullmann/HDDGabriel/research/engines/panda3d/panda/src/pipeline/mainThread.cxx,1,1,2
/media/ullmann/HDDGabriel/research/engines/panda3d/pandatool/src/imagebase/imageFilter.cxx,1,1,2
/media/ullmann/HDDGabriel/research/engines/panda3d/dtool/src/cppparser/cppClosureType.cxx,3,1,4
/media/ullmann/HDDGabriel/research/engines/panda3d/dtool/src/cppparser/cppExpression.h,1,10,11
/media/ullmann/HDDGabriel/research/engines/panda3d/panda/src/device/clientAnalogDevice.I,0,1,1
/media/ullmann/HDDGabriel/research/engines/panda3d/panda/src/physics/actorNode.cxx,3,1,4
/media/ullmann/HDDGabriel/research/engines/panda3d/panda/src/collide/collisionLine.cxx,4,1,5
/media/ullmann/HDDGabriel/research/engines/panda3d/contrib/src/speedtree/stBasicTerrain.cxx,1,1,2
/media/ullmann/HDDGabriel/research/engines/panda3d/contrib/src/speedtree/stBasicTerrain.h,2,3,5
/media/ullmann/HDDGabriel/research/engines/panda3d/pandatool/src/lwo/lwoSurfaceBlockTransform.h,1,3,4
/media/ullmann/HDDGabriel/research/engines/panda3d/panda/src/gobj/transformTable.h,2,4,6
/media/ullmann/HDDGabriel/research/engines/panda3d/panda/src/text/dynamicTextPage.h,2,4,6
/media/ullmann/HDDGabriel/research/engines/panda3d/panda/src/text/dynamicTextPage.I,0,1,1
/media/ullmann/HDDGabriel/research/engines/panda3d/panda/src/audiotraits/config_openalAudio.h,0,2,2
/media/ullmann/HDDGabriel/research/engines/panda3d/panda/src/parametrics/nurbsSurfaceResult.cxx,2,1,3
/media/ullmann/HDDGabriel/research/engines/panda3d/panda/src/pipeline/conditionVarSpinlockImpl.h,1,2,3
/media/ullmann/HDDGabriel/research/engines/panda3d/panda/src/dxml/p3dxml_composite1.cxx,2,0,2
/media/ullmann/HDDGabriel/research/engines/panda3d/panda/src/glxdisplay/glxGraphicsBuffer.cxx,4,1,5
/media/ullmann/HDDGabriel/research/engines/panda3d/panda/src/pipeline/pipelineCyclerDummyImpl.I,0,1,1
/media/ullmann/HDDGabriel/research/engines/panda3d/panda/src/vrpn/vrpnClient.h,2,10,12
/media/ullmann/HDDGabriel/research/engines/panda3d/panda/src/event/asyncTask.cxx,6,1,7
/media/ullmann/HDDGabriel/research/engines/panda3d/dtool/src/dtoolbase/memoryBase.cxx,1,1,2
/media/ullmann/HDDGabriel/research/engines/panda3d/pandatool/src/lwo/iffInputFile.cxx,2,1,3
/media/ullmann/HDDGabriel/research/engines/panda3d/dtool/src/cppparser/cppInstanceIdentifier.h,0,4,4
/media/ullmann/HDDGabriel/research/engines/panda3d/pandatool/src/win-stats/winStatsLabel.I,0,1,1
/media/ullmann/HDDGabriel/research/engines/panda3d/pandatool/src/flt/fltCurve.I,0,1,1
/media/ullmann/HDDGabriel/research/engines/panda3d/dtool/src/prc/configVariableEnum.I,0,1,1
/media/ullmann/HDDGabriel/research/engines/panda3d/panda/src/net/recentConnectionReader.cxx,2,1,3
/media/ullmann/HDDGabriel/research/engines/panda3d/panda/src/gsgbase/test_gsgbase.cxx,1,0,1
/media/ullmann/HDDGabriel/research/engines/panda3d/panda/src/gobj/shaderBuffer.cxx,2,1,3
/media/ullmann/HDDGabriel/research/engines/panda3d/panda/src/pgraph/lightRampAttrib.h,2,2,4
/media/ullmann/HDDGabriel/research/engines/panda3d/panda/src/bullet/bulletHelper.h,3,2,5
/media/ullmann/HDDGabriel/research/engines/panda3d/panda/src/bullet/bulletSliderConstraint.cxx,3,1,4
/media/ullmann/HDDGabriel/research/engines/panda3d/panda/src/glstuff/glGraphicsStateGuardian_src.h,1,1,2
/media/ullmann/HDDGabriel/research/engines/panda3d/panda/src/glstuff/glGraphicsStateGuardian_src.I,0,1,1
/media/ullmann/HDDGabriel/research/engines/panda3d/panda/src/bullet/bulletTickCallbackData.cxx,1,1,2
/media/ullmann/HDDGabriel/research/engines/panda3d/dtool/src/cppparser/cppNameComponent.cxx,2,1,3
/media/ullmann/HDDGabriel/research/engines/panda3d/panda/src/bullet/bulletClosestHitSweepResult.I,0,1,1
/media/ullmann/HDDGabriel/research/engines/panda3d/panda/src/event/buttonEvent.h,1,2,3
/media/ullmann/HDDGabriel/research/engines/panda3d/pandatool/src/egg-optchar/eggOptcharUserData.cxx,1,0,1
/media/ullmann/HDDGabriel/research/engines/panda3d/pandatool/src/egg-optchar/eggOptcharUserData.h,1,3,4
/media/ullmann/HDDGabriel/research/engines/panda3d/panda/src/particlesystem/baseParticleFactory.cxx,1,1,2
/media/ullmann/HDDGabriel/research/engines/panda3d/dtool/src/cppparser/cppCommentBlock.cxx,1,1,2
/media/ullmann/HDDGabriel/research/engines/panda3d/panda/src/text/textAssembler.I,0,1,1
/media/ullmann/HDDGabriel/research/engines/panda3d/panda/src/pnmimage/convert_srgb.cxx,1,1,2
/media/ullmann/HDDGabriel/research/engines/panda3d/panda/src/collide/collisionHandlerEvent_ext.cxx,4,1,5
/media/ullmann/HDDGabriel/research/engines/panda3d/panda/src/express/virtualFileMountMultifile.cxx,2,1,3
/media/ullmann/HDDGabriel/research/engines/panda3d/panda/src/pgui/config_pgui.h,0,3,3
/media/ullmann/HDDGabriel/research/engines/panda3d/panda/src/putil/callbackObject.cxx,1,1,2
/media/ullmann/HDDGabriel/research/engines/panda3d/panda/src/vrpn/vrpnTracker.cxx,4,1,5
/media/ullmann/HDDGabriel/research/engines/panda3d/panda/src/pnmimage/pnmImageHeader.I,0,1,1
/media/ullmann/HDDGabriel/research/engines/panda3d/dtool/src/cppparser/cppTypedefType.cxx,4,1,5
/media/ullmann/HDDGabriel/research/engines/panda3d/panda/src/gobj/matrixLens.h,2,2,4
/media/ullmann/HDDGabriel/research/engines/panda3d/panda/src/gobj/matrixLens.I,0,1,1
/media/ullmann/HDDGabriel/research/engines/panda3d/panda/src/tinydisplay/zmath.cxx,1,1,2
/media/ullmann/HDDGabriel/research/engines/panda3d/panda/src/putil/test_bam.h,6,3,9
/media/ullmann/HDDGabriel/research/engines/panda3d/panda/src/bullet/bulletCylinderShape.I,0,1,1
/media/ullmann/HDDGabriel/research/engines/panda3d/panda/src/windisplay/config_windisplay.cxx,3,1,4
/media/ullmann/HDDGabriel/research/engines/panda3d/panda/src/express/datagramIterator.h,2,4,6
/media/ullmann/HDDGabriel/research/engines/panda3d/panda/src/pipeline/threadSimpleImpl.cxx,3,1,4
/media/ullmann/HDDGabriel/research/engines/panda3d/panda/src/audiotraits/openal_audio_composite1.cxx,3,0,3
/media/ullmann/HDDGabriel/research/engines/panda3d/panda/src/physics/linearControlForce.cxx,1,1,2
/media/ullmann/HDDGabriel/research/engines/panda3d/panda/src/linmath/lmatrix4_ext_src.h,1,1,2
/media/ullmann/HDDGabriel/research/engines/panda3d/panda/src/linmath/lmatrix4_ext_src.I,0,1,1
/media/ullmann/HDDGabriel/research/engines/panda3d/panda/src/ode/odeSpace_ext.I,0,1,1
/media/ullmann/HDDGabriel/research/engines/panda3d/panda/src/device/inputDeviceNode.h,1,1,2
/media/ullmann/HDDGabriel/research/engines/panda3d/panda/src/ode/odeBody.I,0,1,1
/media/ullmann/HDDGabriel/research/engines/panda3d/pandatool/src/vrmlegg/vrmlToEggConverter.cxx,3,0,3
/media/ullmann/HDDGabriel/research/engines/panda3d/pandatool/src/xfile/xFileDataObjectString.cxx,1,1,2
/media/ullmann/HDDGabriel/research/engines/panda3d/panda/src/egg/eggCompositePrimitive.I,0,1,1
/media/ullmann/HDDGabriel/research/engines/panda3d/panda/src/egg/eggMorphList.I,0,1,1
/media/ullmann/HDDGabriel/research/engines/panda3d/pandatool/src/assimp/pandaIOSystem.cxx,2,1,3
/media/ullmann/HDDGabriel/research/engines/panda3d/pandatool/src/assimp/pandaIOStream.h,1,2,3
/media/ullmann/HDDGabriel/research/engines/panda3d/panda/src/grutil/pfmVizzer.h,1,1,2
/media/ullmann/HDDGabriel/research/engines/panda3d/pandatool/src/egg-qtess/eggQtess.cxx,2,1,3
/media/ullmann/HDDGabriel/research/engines/panda3d/dtool/src/dtoolbase/cmath.I,0,1,1
/media/ullmann/HDDGabriel/research/engines/panda3d/panda/src/pgraph/nodePath_ext.cxx,3,1,4
/media/ullmann/HDDGabriel/research/engines/panda3d/panda/src/distort/nonlinearImager.cxx,2,1,3
/media/ullmann/HDDGabriel/research/engines/panda3d/panda/src/ode/odePlaneGeom.cxx,2,1,3
/media/ullmann/HDDGabriel/research/engines/panda3d/panda/src/glxdisplay/posixGraphicsStateGuardian.h,1,4,5
/media/ullmann/HDDGabriel/research/engines/panda3d/panda/src/gobj/samplerContext.cxx,1,1,2
/media/ullmann/HDDGabriel/research/engines/panda3d/panda/src/pnmimagetypes/pnmFileTypeSGIWriter.cxx,3,1,4
/media/ullmann/HDDGabriel/research/engines/panda3d/pandatool/src/assimp/loaderFileTypeAssimp.cxx,3,1,4
/media/ullmann/HDDGabriel/research/engines/panda3d/panda/src/grutil/pfmVizzer.I,0,1,1
/media/ullmann/HDDGabriel/research/engines/panda3d/panda/src/linmath/lvector3_ext_src.h,1,1,2
/media/ullmann/HDDGabriel/research/engines/panda3d/panda/src/linmath/lvector3_ext_src.I,0,1,1
/media/ullmann/HDDGabriel/research/engines/panda3d/pandatool/src/lwo/lwoVertexMap.h,1,3,4
/media/ullmann/HDDGabriel/research/engines/panda3d/dtool/src/interrogate/interfaceMakerPythonSimple.h,1,2,3
/media/ullmann/HDDGabriel/research/engines/panda3d/panda/src/pgraph/renderModeAttrib.h,2,7,9
/media/ullmann/HDDGabriel/research/engines/panda3d/pandatool/src/pfmprogs/config_pfmprogs.cxx,1,0,1
/media/ullmann/HDDGabriel/research/engines/panda3d/pandatool/src/pfmprogs/config_pfmprogs.h,0,3,3
/media/ullmann/HDDGabriel/research/engines/panda3d/panda/src/pgui/pgMouseWatcherRegion.cxx,2,1,3
/media/ullmann/HDDGabriel/research/engines/panda3d/panda/src/physics/linearEulerIntegrator.h,1,1,2
/media/ullmann/HDDGabriel/research/engines/panda3d/dtool/src/prc/streamWriter_ext.cxx,1,1,2
/media/ullmann/HDDGabriel/research/engines/panda3d/dtool/src/dtoolutil/pfstreamBuf.h,0,2,2
/media/ullmann/HDDGabriel/research/engines/panda3d/pandatool/src/xfileegg/xFileAnimationSet.cxx,2,1,3
/media/ullmann/HDDGabriel/research/engines/panda3d/panda/src/device/xInputDevice.cxx,2,1,3
/media/ullmann/HDDGabriel/research/engines/panda3d/panda/src/pnmimage/pnmFileTypeRegistry.cxx,3,1,4
/media/ullmann/HDDGabriel/research/engines/panda3d/panda/src/pnmimagetypes/pnmFileTypeJPG.h,0,4,4
/media/ullmann/HDDGabriel/research/engines/panda3d/panda/src/egg/eggNode.I,0,1,1
/media/ullmann/HDDGabriel/research/engines/panda3d/panda/src/display/mouseAndKeyboard.h,1,2,3
/media/ullmann/HDDGabriel/research/engines/panda3d/panda/src/display/graphicsPipeSelection.I,0,1,1
/media/ullmann/HDDGabriel/research/engines/panda3d/dtool/src/interrogatedb/interrogateFunctionWrapper.h,2,2,4
/media/ullmann/HDDGabriel/research/engines/panda3d/panda/src/gobj/internalName.cxx,2,1,3
/media/ullmann/HDDGabriel/research/engines/panda3d/panda/src/collide/collisionPolygon_ext.cxx,2,1,3
/media/ullmann/HDDGabriel/research/engines/panda3d/panda/src/putil/factoryParams.I,0,1,1
/media/ullmann/HDDGabriel/research/engines/panda3d/panda/src/nativenet/socket_udp_incoming.cxx,1,1,2
/media/ullmann/HDDGabriel/research/engines/panda3d/panda/src/distort/oSphereLens.h,1,2,3
/media/ullmann/HDDGabriel/research/engines/panda3d/panda/src/distort/oSphereLens.I,0,1,1
/media/ullmann/HDDGabriel/research/engines/panda3d/pandatool/src/lwo/lwoSurfaceParameter.h,1,3,4
/media/ullmann/HDDGabriel/research/engines/panda3d/panda/src/ode/odeQuadTreeSpace.h,3,6,9
/media/ullmann/HDDGabriel/research/engines/panda3d/panda/src/putil/pbitops.h,1,2,3
/media/ullmann/HDDGabriel/research/engines/panda3d/panda/src/display/graphicsWindowProcCallbackData.cxx,2,1,3
/media/ullmann/HDDGabriel/research/engines/panda3d/pandatool/src/pstatserver/pStatGraph.cxx,2,1,3
/media/ullmann/HDDGabriel/research/engines/panda3d/panda/src/egg/eggMaterialCollection.cxx,4,1,5
/media/ullmann/HDDGabriel/research/engines/panda3d/pandatool/src/xfile/xFileDataNode.h,4,4,8
/media/ullmann/HDDGabriel/research/engines/panda3d/panda/src/distort/fisheyeLens.cxx,1,1,2
/media/ullmann/HDDGabriel/research/engines/panda3d/panda/src/linmath/lvector4_ext.h,6,0,6
/media/ullmann/HDDGabriel/research/engines/panda3d/panda/src/express/pStatCollectorForwardBase.h,1,2,3
/media/ullmann/HDDGabriel/research/engines/panda3d/panda/src/pipeline/threadSimpleImpl.I,0,1,1
/media/ullmann/HDDGabriel/research/engines/panda3d/panda/src/express/datagramGenerator.cxx,2,1,3
/media/ullmann/HDDGabriel/research/engines/panda3d/pandatool/src/xfile/xFileDataObjectInteger.I,0,1,1
/media/ullmann/HDDGabriel/research/engines/panda3d/panda/src/pipeline/conditionVarWin32Impl.I,0,1,1
/media/ullmann/HDDGabriel/research/engines/panda3d/panda/src/egg/eggMesherEdge.cxx,2,1,3
/media/ullmann/HDDGabriel/research/engines/panda3d/panda/src/bullet/bulletDebugNode.cxx,3,1,4
/media/ullmann/HDDGabriel/research/engines/panda3d/pandatool/src/flt/fltTransformTranslate.h,1,3,4
/media/ullmann/HDDGabriel/research/engines/panda3d/panda/src/glxdisplay/posixGraphicsStateGuardian.cxx,2,1,3
/media/ullmann/HDDGabriel/research/engines/panda3d/panda/src/pgraph/modelNode.I,0,1,1
/media/ullmann/HDDGabriel/research/engines/panda3d/panda/src/audio/nullAudioSound.h,1,3,4
/media/ullmann/HDDGabriel/research/engines/panda3d/panda/src/putil/bamCache.h,2,1,3
/media/ullmann/HDDGabriel/research/engines/panda3d/panda/src/putil/bamCache.I,0,1,1
/media/ullmann/HDDGabriel/research/engines/panda3d/panda/src/pnmimage/pnm-image-filter-sparse-core.cxx,0,1,1
/media/ullmann/HDDGabriel/research/engines/panda3d/dtool/src/interrogatedb/interrogate_interface.cxx,5,1,6
/media/ullmann/HDDGabriel/research/engines/panda3d/dtool/src/dtoolbase/atomicAdjustPosixImpl.cxx,2,1,3
/media/ullmann/HDDGabriel/research/engines/panda3d/panda/src/gobj/userVertexTransform.cxx,1,1,2
/media/ullmann/HDDGabriel/research/engines/panda3d/panda/src/pipeline/conditionVarPosixImpl.cxx,1,1,2
/media/ullmann/HDDGabriel/research/engines/panda3d/panda/src/express/compress_string.h,0,1,1
/media/ullmann/HDDGabriel/research/engines/panda3d/pandatool/src/daeegg/daeMaterials.cxx,3,1,4
/media/ullmann/HDDGabriel/research/engines/panda3d/panda/src/mathutil/plane.h,2,6,8
/media/ullmann/HDDGabriel/research/engines/panda3d/pandatool/src/flt/fltMaterial.cxx,3,1,4
/media/ullmann/HDDGabriel/research/engines/panda3d/panda/src/char/characterSlider.h,0,4,4
/media/ullmann/HDDGabriel/research/engines/panda3d/dtool/src/dtoolutil/unicodeLatinMap.cxx,1,1,2
/media/ullmann/HDDGabriel/research/engines/panda3d/panda/src/pgraph/auxBitplaneAttrib.h,2,3,5
/media/ullmann/HDDGabriel/research/engines/panda3d/panda/src/pgraph/geomDrawCallbackData.I,0,1,1
/media/ullmann/HDDGabriel/research/engines/panda3d/panda/src/putil/pta_ushort.h,1,2,3
/media/ullmann/HDDGabriel/research/engines/panda3d/panda/src/egg/eggComment_ext.h,1,1,2
/media/ullmann/HDDGabriel/research/engines/panda3d/dtool/src/cppparser/cppReferenceType.h,1,6,7
/media/ullmann/HDDGabriel/research/engines/panda3d/panda/src/pgraph/rescaleNormalAttrib.cxx,2,1,3
/media/ullmann/HDDGabriel/research/engines/panda3d/panda/src/display/parasiteBuffer.I,0,1,1
/media/ullmann/HDDGabriel/research/engines/panda3d/direct/src/dcparser/dcmsgtypes.h,0,3,3
/media/ullmann/HDDGabriel/research/engines/panda3d/pandatool/src/vrml/vrmlNodeType.cxx,2,0,2
/media/ullmann/HDDGabriel/research/engines/panda3d/panda/src/mathutil/boundingSphere.cxx,6,1,7
/media/ullmann/HDDGabriel/research/engines/panda3d/panda/src/androiddisplay/androidGraphicsPipe.cxx,4,1,5
/media/ullmann/HDDGabriel/research/engines/panda3d/panda/src/net/netDatagram.cxx,1,1,2
/media/ullmann/HDDGabriel/research/engines/panda3d/panda/src/pipeline/conditionVarDebug.I,0,1,1
/media/ullmann/HDDGabriel/research/engines/panda3d/panda/src/vision/openCVTexture.h,1,2,3
/media/ullmann/HDDGabriel/research/engines/panda3d/panda/src/vision/openCVTexture.I,0,1,1
/media/ullmann/HDDGabriel/research/engines/panda3d/panda/src/mathutil/parabola.h,1,2,3
/media/ullmann/HDDGabriel/research/engines/panda3d/panda/src/mathutil/parabola_src.h,1,1,2
/media/ullmann/HDDGabriel/research/engines/panda3d/direct/src/interval/cLerpAnimEffectInterval.h,2,2,4
/media/ullmann/HDDGabriel/research/engines/panda3d/panda/src/ode/odeHashSpace.cxx,2,1,3
/media/ullmann/HDDGabriel/research/engines/panda3d/pandatool/src/win-stats/winStatsLabelStack.cxx,2,1,3
/media/ullmann/HDDGabriel/research/engines/panda3d/panda/src/express/subStreamBuf.cxx,1,1,2
/media/ullmann/HDDGabriel/research/engines/panda3d/panda/src/express/subStreamBuf.h,0,2,2
/media/ullmann/HDDGabriel/research/engines/panda3d/panda/src/chan/animControlCollection.h,2,2,4
/media/ullmann/HDDGabriel/research/engines/panda3d/panda/src/gobj/vertexSlider.cxx,3,1,4
/media/ullmann/HDDGabriel/research/engines/panda3d/panda/src/egg/eggPoint.cxx,1,1,2
/media/ullmann/HDDGabriel/research/engines/panda3d/dtool/src/prc/nativeNumericData.h,1,3,4
/media/ullmann/HDDGabriel/research/engines/panda3d/dtool/src/prc/nativeNumericData.I,0,1,1
/media/ullmann/HDDGabriel/research/engines/panda3d/panda/src/event/genericAsyncTask.I,0,1,1
/media/ullmann/HDDGabriel/research/engines/panda3d/panda/src/distort/cylindricalLens.h,1,2,3
/media/ullmann/HDDGabriel/research/engines/panda3d/panda/src/physics/angularEulerIntegrator.h,1,1,2
/media/ullmann/HDDGabriel/research/engines/panda3d/panda/src/bullet/bulletPersistentManifold.I,0,1,1
/media/ullmann/HDDGabriel/research/engines/panda3d/panda/src/gobj/textureCollection.cxx,1,1,2
/media/ullmann/HDDGabriel/research/engines/panda3d/panda/src/grutil/meshDrawer.cxx,1,1,2
/media/ullmann/HDDGabriel/research/engines/panda3d/panda/src/recorder/recorderFrame.h,3,3,6
/media/ullmann/HDDGabriel/research/engines/panda3d/panda/src/recorder/recorderFrame.I,0,1,1
/media/ullmann/HDDGabriel/research/engines/panda3d/pandatool/src/egg-qtess/qtessSurface.I,0,1,1
/media/ullmann/HDDGabriel/research/engines/panda3d/panda/src/vrpn/vrpnAnalogDevice.cxx,2,1,3
/media/ullmann/HDDGabriel/research/engines/panda3d/panda/src/pgraph/depthTestAttrib.I,0,1,1
/media/ullmann/HDDGabriel/research/engines/panda3d/panda/src/putil/animInterface.cxx,4,1,5
/media/ullmann/HDDGabriel/research/engines/panda3d/dtool/src/cppparser/cppMakeProperty.cxx,2,1,3
/media/ullmann/HDDGabriel/research/engines/panda3d/panda/src/mathutil/stackedPerlinNoise2.h,2,1,3
/media/ullmann/HDDGabriel/research/engines/panda3d/panda/src/mathutil/stackedPerlinNoise2.I,0,1,1
/media/ullmann/HDDGabriel/research/engines/panda3d/panda/src/pgraph/textureAttrib.I,0,1,1
/media/ullmann/HDDGabriel/research/engines/panda3d/dtool/src/prc/prcKeyRegistry.cxx,2,1,3
/media/ullmann/HDDGabriel/research/engines/panda3d/pandatool/src/mayaprogs/mayaToEggBin.cxx,1,0,1
/media/ullmann/HDDGabriel/research/engines/panda3d/panda/src/audio/audioLoadRequest.I,0,1,1
/media/ullmann/HDDGabriel/research/engines/panda3d/panda/src/pgraph/workingNodePath.cxx,1,1,2
/media/ullmann/HDDGabriel/research/engines/panda3d/panda/src/putil/bamEnums.cxx,2,1,3
/media/ullmann/HDDGabriel/research/engines/panda3d/panda/src/physics/physicsManager.cxx,2,1,3
/media/ullmann/HDDGabriel/research/engines/panda3d/contrib/src/speedtree/stTree.h,2,4,6
/media/ullmann/HDDGabriel/research/engines/panda3d/pandatool/src/dxfprogs/dxfToEgg.cxx,1,0,1
/media/ullmann/HDDGabriel/research/engines/panda3d/pandatool/src/dxfprogs/dxfToEgg.h,0,1,1
/media/ullmann/HDDGabriel/research/engines/panda3d/panda/src/pgraphnodes/lodNode.I,0,1,1
/media/ullmann/HDDGabriel/research/engines/panda3d/panda/src/pgraph/internalNameCollection.I,0,1,1
/media/ullmann/HDDGabriel/research/engines/panda3d/panda/src/tinydisplay/ztriangle_code_2.h,1,1,2
/media/ullmann/HDDGabriel/research/engines/panda3d/direct/src/dcparser/dcPacker_ext.h,1,2,3
/media/ullmann/HDDGabriel/research/engines/panda3d/panda/src/linmath/lvecBase2_src.h,1,1,2
/media/ullmann/HDDGabriel/research/engines/panda3d/panda/src/linmath/lvecBase2_src.I,0,1,1
/media/ullmann/HDDGabriel/research/engines/panda3d/panda/src/pnmimagetypes/pnmFileTypeBMPReader.cxx,3,1,4
/media/ullmann/HDDGabriel/research/engines/panda3d/pandatool/src/assimp/pandaIOSystem.h,1,2,3
/media/ullmann/HDDGabriel/research/engines/panda3d/panda/src/physics/actorNode.I,0,1,1
/media/ullmann/HDDGabriel/research/engines/panda3d/panda/src/express/virtualFile_ext.cxx,1,1,2
/media/ullmann/HDDGabriel/research/engines/panda3d/pandatool/src/gtk-stats/gtkStatsMonitor.I,0,1,1
/media/ullmann/HDDGabriel/research/engines/panda3d/panda/src/gobj/textureReloadRequest.cxx,2,1,3
/media/ullmann/HDDGabriel/research/engines/panda3d/panda/src/ode/odeSliderJoint.cxx,2,1,3
/media/ullmann/HDDGabriel/research/engines/panda3d/panda/src/pipeline/pipeline.cxx,3,1,4
/media/ullmann/HDDGabriel/research/engines/panda3d/panda/src/pgraph/lightAttrib.I,0,1,1
/media/ullmann/HDDGabriel/research/engines/panda3d/panda/src/parametrics/sheetNode.h,2,2,4
/media/ullmann/HDDGabriel/research/engines/panda3d/panda/src/parametrics/sheetNode.I,0,1,1
/media/ullmann/HDDGabriel/research/engines/panda3d/panda/src/pgraphnodes/sphereLight.h,3,3,6
/media/ullmann/HDDGabriel/research/engines/panda3d/panda/src/tform/mouseWatcherParameter.cxx,1,1,2
/media/ullmann/HDDGabriel/research/engines/panda3d/direct/src/interval/cInterval.I,0,1,1
/media/ullmann/HDDGabriel/research/engines/panda3d/panda/src/pgraph/pandaNode_ext.h,1,1,2
/media/ullmann/HDDGabriel/research/engines/panda3d/panda/src/vrpn/vrpn_interface.h,0,5,5
/media/ullmann/HDDGabriel/research/engines/panda3d/panda/src/putil/autoTextureScale.cxx,2,1,3
/media/ullmann/HDDGabriel/research/engines/panda3d/dtool/src/prc/configVariableString.cxx,1,1,2
/media/ullmann/HDDGabriel/research/engines/panda3d/panda/src/linmath/luse.cxx,1,1,2
/media/ullmann/HDDGabriel/research/engines/panda3d/pandatool/src/eggcharbase/eggSliderData.cxx,4,1,5
/media/ullmann/HDDGabriel/research/engines/panda3d/panda/src/tinydisplay/zline.cxx,2,1,3
/media/ullmann/HDDGabriel/research/engines/panda3d/panda/src/express/ramfile_ext.h,1,1,2
/media/ullmann/HDDGabriel/research/engines/panda3d/contrib/src/rplight/config_rplight.cxx,3,1,4
/media/ullmann/HDDGabriel/research/engines/panda3d/panda/src/net/datagramTCPHeader.h,2,4,6
/media/ullmann/HDDGabriel/research/engines/panda3d/panda/src/grutil/meshDrawer2D.I,0,1,1
/media/ullmann/HDDGabriel/research/engines/panda3d/pandatool/src/maxegg/maxResource.h,0,1,1
/media/ullmann/HDDGabriel/research/engines/panda3d/panda/src/linmath/lpoint3_ext_src.h,1,1,2
/media/ullmann/HDDGabriel/research/engines/panda3d/panda/src/linmath/lpoint3_ext_src.I,0,1,1
/media/ullmann/HDDGabriel/research/engines/panda3d/panda/src/pgraphnodes/fadeLodNode.I,0,1,1
/media/ullmann/HDDGabriel/research/engines/panda3d/panda/src/express/temporaryFile.h,2,3,5
/media/ullmann/HDDGabriel/research/engines/panda3d/panda/src/express/temporaryFile.I,0,1,1
/media/ullmann/HDDGabriel/research/engines/panda3d/pandatool/src/mayaprogs/eggToMayaBin.cxx,1,0,1
/media/ullmann/HDDGabriel/research/engines/panda3d/panda/src/mathutil/rotate_to_src.cxx,0,1,1
/media/ullmann/HDDGabriel/research/engines/panda3d/panda/src/pnmtext/freetypeFace.h,1,3,4
/media/ullmann/HDDGabriel/research/engines/panda3d/pandatool/src/egg-qtess/subdivSegment.I,0,1,1
/media/ullmann/HDDGabriel/research/engines/panda3d/pandatool/src/maya/maya_funcs.I,0,1,1
/media/ullmann/HDDGabriel/research/engines/panda3d/panda/src/egg/eggFilenameNode.cxx,1,1,2
/media/ullmann/HDDGabriel/research/engines/panda3d/panda/src/distort/p3distort_composite1.cxx,7,0,7
/media/ullmann/HDDGabriel/research/engines/panda3d/panda/src/collide/collisionSegment.cxx,4,1,5
/media/ullmann/HDDGabriel/research/engines/panda3d/panda/src/linmath/lvecBase3.cxx,5,1,6
/media/ullmann/HDDGabriel/research/engines/panda3d/dtool/src/dtoolutil/pandaFileStreamBuf.h,0,2,2
/media/ullmann/HDDGabriel/research/engines/panda3d/panda/src/gobj/userVertexTransform.I,0,1,1
/media/ullmann/HDDGabriel/research/engines/panda3d/pandatool/src/xfile/xFileDataDef.I,0,1,1
/media/ullmann/HDDGabriel/research/engines/panda3d/panda/src/windisplay/p3windisplay_composite1.cxx,3,0,3
/media/ullmann/HDDGabriel/research/engines/panda3d/panda/src/collide/collisionSphere.I,0,1,1
/media/ullmann/HDDGabriel/research/engines/panda3d/pandatool/src/lwoegg/cLwoPolygons.I,0,1,1
/media/ullmann/HDDGabriel/research/engines/panda3d/contrib/src/speedtree/stTree.I,0,1,1
/media/ullmann/HDDGabriel/research/engines/panda3d/panda/src/pnmimagetypes/pnmFileTypeSoftImage.h,0,2,2
/media/ullmann/HDDGabriel/research/engines/panda3d/panda/src/pgraphnodes/sphereLight.I,0,1,1
/media/ullmann/HDDGabriel/research/engines/panda3d/panda/src/bullet/bulletConvexHullShape.h,3,2,5
/media/ullmann/HDDGabriel/research/engines/panda3d/panda/src/androiddisplay/androidGraphicsWindow.cxx,4,1,5
/media/ullmann/HDDGabriel/research/engines/panda3d/panda/src/ode/odeSurfaceParameters.h,2,3,5
/media/ullmann/HDDGabriel/research/engines/panda3d/panda/src/wgldisplay/config_wgldisplay.cxx,5,1,6
/media/ullmann/HDDGabriel/research/engines/panda3d/dtool/src/interrogate/parameterRemapThis.cxx,2,1,3
/media/ullmann/HDDGabriel/research/engines/panda3d/dtool/src/prc/androidLogStream.cxx,2,1,3
/media/ullmann/HDDGabriel/research/engines/panda3d/panda/src/android/android_native_app_glue.h,0,2,2
/media/ullmann/HDDGabriel/research/engines/panda3d/panda/src/egg/eggParameters.cxx,1,1,2
/media/ullmann/HDDGabriel/research/engines/panda3d/panda/src/display/subprocessWindowBuffer.cxx,1,1,2
/media/ullmann/HDDGabriel/research/engines/panda3d/panda/src/putil/factoryParam.I,0,1,1
/media/ullmann/HDDGabriel/research/engines/panda3d/pandatool/src/xfileegg/xFileAnimationSet.h,1,3,4
/media/ullmann/HDDGabriel/research/engines/panda3d/pandatool/src/xfileegg/xFileAnimationSet.I,0,1,1
/media/ullmann/HDDGabriel/research/engines/panda3d/pandatool/src/flt/fltRecordWriter.cxx,4,1,5
/media/ullmann/HDDGabriel/research/engines/panda3d/contrib/src/contribbase/contribbase.h,1,1,2
/media/ullmann/HDDGabriel/research/engines/panda3d/contrib/src/contribbase/contribsymbols.h,0,1,1
/media/ullmann/HDDGabriel/research/engines/panda3d/pandatool/src/imagebase/imageFilter.h,2,1,3
/media/ullmann/HDDGabriel/research/engines/panda3d/pandatool/src/imagebase/imageReader.h,1,2,3
/media/ullmann/HDDGabriel/research/engines/panda3d/dtool/src/parser-inc/stddef.h,1,0,1
/media/ullmann/HDDGabriel/research/engines/panda3d/dtool/src/interrogate/parameterRemapReferenceToConcrete.cxx,2,1,3
/media/ullmann/HDDGabriel/research/engines/panda3d/panda/src/mathutil/parabola.cxx,2,1,3
/media/ullmann/HDDGabriel/research/engines/panda3d/panda/src/mathutil/parabola_src.cxx,0,1,1
/media/ullmann/HDDGabriel/research/engines/panda3d/panda/src/chan/partBundle.I,0,1,1
/media/ullmann/HDDGabriel/research/engines/panda3d/panda/src/pipeline/lightMutexDirect.h,2,2,4
/media/ullmann/HDDGabriel/research/engines/panda3d/panda/src/putil/buttonRegistry.cxx,2,1,3
/media/ullmann/HDDGabriel/research/engines/panda3d/pandatool/src/maxegg/maxEggLoader.cxx,1,0,1
/media/ullmann/HDDGabriel/research/engines/panda3d/pandatool/src/maxegg/maxEggLoader.h,0,1,1
/media/ullmann/HDDGabriel/research/engines/panda3d/panda/src/dgraph/dataNode.cxx,3,1,4
/media/ullmann/HDDGabriel/research/engines/panda3d/panda/src/pgraph/instancedNode.h,3,2,5
/media/ullmann/HDDGabriel/research/engines/panda3d/pandatool/src/lwoprogs/lwoToEgg.cxx,1,0,1
/media/ullmann/HDDGabriel/research/engines/panda3d/pandatool/src/lwoprogs/lwoToEgg.h,0,1,1
/media/ullmann/HDDGabriel/research/engines/panda3d/panda/src/pgraph/decalEffect.cxx,1,1,2
/media/ullmann/HDDGabriel/research/engines/panda3d/panda/src/pipeline/test_diners.cxx,3,0,3
/media/ullmann/HDDGabriel/research/engines/panda3d/panda/src/pgraph/instanceList.cxx,1,1,2
/media/ullmann/HDDGabriel/research/engines/panda3d/panda/src/putil/updateSeq.cxx,1,1,2
/media/ullmann/HDDGabriel/research/engines/panda3d/panda/src/glstuff/glBufferContext_src.cxx,0,1,1
/media/ullmann/HDDGabriel/research/engines/panda3d/panda/src/pgraph/cullBin.I,0,1,1
/media/ullmann/HDDGabriel/research/engines/panda3d/panda/src/pgui/pgButton.I,0,1,1
/media/ullmann/HDDGabriel/research/engines/panda3d/panda/src/net/connectionWriter.cxx,4,1,5
/media/ullmann/HDDGabriel/research/engines/panda3d/panda/src/glgsg/config_glgsg.h,0,2,2
/media/ullmann/HDDGabriel/research/engines/panda3d/direct/src/dcparser/dcField_ext.cxx,3,1,4
/media/ullmann/HDDGabriel/research/engines/panda3d/pandatool/src/miscprogs/binToC.cxx,1,0,1
/media/ullmann/HDDGabriel/research/engines/panda3d/pandatool/src/miscprogs/binToC.h,0,1,1
/media/ullmann/HDDGabriel/research/engines/panda3d/panda/src/mathutil/pta_LVecBase4.cxx,1,1,2
/media/ullmann/HDDGabriel/research/engines/panda3d/panda/src/pipeline/externalThread.h,1,3,4
/media/ullmann/HDDGabriel/research/engines/panda3d/pandatool/src/flt/fltFace.h,2,3,5
/media/ullmann/HDDGabriel/research/engines/panda3d/panda/src/downloader/httpDigestAuthorization.cxx,2,1,3
/media/ullmann/HDDGabriel/research/engines/panda3d/panda/src/pgraphnodes/selectiveChildNode.cxx,1,1,2
/media/ullmann/HDDGabriel/research/engines/panda3d/panda/src/pgraphnodes/selectiveChildNode.h,1,4,5
/media/ullmann/HDDGabriel/research/engines/panda3d/panda/src/display/graphicsThreadingModel.cxx,1,1,2
/media/ullmann/HDDGabriel/research/engines/panda3d/panda/src/pgraphnodes/ambientLight.I,0,1,1
/media/ullmann/HDDGabriel/research/engines/panda3d/dtool/src/prc/prcKeyRegistry.I,0,1,1
/media/ullmann/HDDGabriel/research/engines/panda3d/panda/src/text/geomTextGlyph.cxx,1,1,2
/media/ullmann/HDDGabriel/research/engines/panda3d/panda/src/movies/flacAudioCursor.h,2,3,5
/media/ullmann/HDDGabriel/research/engines/panda3d/panda/src/movies/flacAudioCursor.I,0,1,1
/media/ullmann/HDDGabriel/research/engines/panda3d/panda/src/physics/linearVectorForce.cxx,1,1,2
/media/ullmann/HDDGabriel/research/engines/panda3d/panda/src/express/hashGeneratorBase.cxx,1,1,2
/media/ullmann/HDDGabriel/research/engines/panda3d/panda/src/pgraph/logicOpAttrib.I,0,1,1
/media/ullmann/HDDGabriel/research/engines/panda3d/panda/src/dxgsg9/wdxGraphicsBuffer9.I,0,1,1
/media/ullmann/HDDGabriel/research/engines/panda3d/panda/src/gobj/geomVertexArrayData_ext.h,1,1,2
/media/ullmann/HDDGabriel/research/engines/panda3d/panda/src/particlesystem/orientedParticleFactory.cxx,2,0,2
/media/ullmann/HDDGabriel/research/engines/panda3d/panda/src/gobj/geomLinestripsAdjacency.cxx,4,1,5
/media/ullmann/HDDGabriel/research/engines/panda3d/panda/src/gobj/geomLines.h,1,5,6
/media/ullmann/HDDGabriel/research/engines/panda3d/panda/src/ode/odeSurfaceParameters.cxx,2,1,3
/media/ullmann/HDDGabriel/research/engines/panda3d/pandatool/src/flt/fltLightSourceDefinition.cxx,3,1,4
/media/ullmann/HDDGabriel/research/engines/panda3d/direct/src/dcparser/dcField.I,0,1,1
/media/ullmann/HDDGabriel/research/engines/panda3d/direct/src/interval/cInterval_ext.h,1,1,2
/media/ullmann/HDDGabriel/research/engines/panda3d/panda/src/framework/pandaFramework.cxx,2,1,3
/media/ullmann/HDDGabriel/research/engines/panda3d/panda/src/collide/collisionPolygon.I,0,1,1
/media/ullmann/HDDGabriel/research/engines/panda3d/pandatool/src/flt/fltError.cxx,1,1,2
/media/ullmann/HDDGabriel/research/engines/panda3d/panda/src/tform/trackball.h,1,3,4
/media/ullmann/HDDGabriel/research/engines/panda3d/panda/src/tform/mouseInterfaceNode.h,1,3,4
/media/ullmann/HDDGabriel/research/engines/panda3d/pandatool/src/eggbase/eggMakeSomething.h,1,1,2
/media/ullmann/HDDGabriel/research/engines/panda3d/panda/src/tinydisplay/td_texture.cxx,1,1,2
/media/ullmann/HDDGabriel/research/engines/panda3d/panda/src/audiotraits/fmodAudioSound.I,0,1,1
/media/ullmann/HDDGabriel/research/engines/panda3d/direct/src/interval/waitInterval.cxx,2,1,3
/media/ullmann/HDDGabriel/research/engines/panda3d/panda/src/physics/linearJitterForce.h,1,2,3
/media/ullmann/HDDGabriel/research/engines/panda3d/panda/src/glstuff/glGeomMunger_src.I,0,1,1
/media/ullmann/HDDGabriel/research/engines/panda3d/panda/src/particlesystem/orientedParticle.I,0,1,1
/media/ullmann/HDDGabriel/research/engines/panda3d/panda/src/express/memoryUsagePointerCounts.h,1,2,3
/media/ullmann/HDDGabriel/research/engines/panda3d/panda/src/device/clientButtonDevice.cxx,1,1,2
/media/ullmann/HDDGabriel/research/engines/panda3d/panda/src/pgraph/geomTransformer.h,2,4,6
/media/ullmann/HDDGabriel/research/engines/panda3d/panda/src/ode/odeLMotorJoint.h,3,4,7
/media/ullmann/HDDGabriel/research/engines/panda3d/panda/src/express/encrypt_string.h,0,1,1
/media/ullmann/HDDGabriel/research/engines/panda3d/panda/src/putil/paramPyObject.cxx,1,1,2
/media/ullmann/HDDGabriel/research/engines/panda3d/pandatool/src/imageprogs/imageFixHiddenColor.cxx,1,0,1
/media/ullmann/HDDGabriel/research/engines/panda3d/panda/src/dxml/tinyxmlparser.cpp,1,1,2
/media/ullmann/HDDGabriel/research/engines/panda3d/pandatool/src/vrmlegg/indexedFaceSet.h,0,2,2
/media/ullmann/HDDGabriel/research/engines/panda3d/panda/src/pipeline/test_mutex.cxx,3,0,3
/media/ullmann/HDDGabriel/research/engines/panda3d/pandatool/src/xfile/xFileDataObjectDouble.I,0,1,1
/media/ullmann/HDDGabriel/research/engines/panda3d/panda/src/pgraphnodes/lodNodeType.cxx,1,1,2
/media/ullmann/HDDGabriel/research/engines/panda3d/panda/src/pgraphnodes/lodNodeType.h,0,2,2
/media/ullmann/HDDGabriel/research/engines/panda3d/panda/src/pipeline/psemaphore.h,4,1,5
/media/ullmann/HDDGabriel/research/engines/panda3d/panda/src/pipeline/cycleData.I,0,1,1
/media/ullmann/HDDGabriel/research/engines/panda3d/panda/src/particlesystem/sphereSurfaceEmitter.I,0,1,1
/media/ullmann/HDDGabriel/research/engines/panda3d/panda/src/putil/configurable.cxx,1,1,2
/media/ullmann/HDDGabriel/research/engines/panda3d/panda/src/putil/configurable.h,0,2,2
/media/ullmann/HDDGabriel/research/engines/panda3d/panda/src/downloader/multiplexStreamBuf.cxx,1,1,2
/media/ullmann/HDDGabriel/research/engines/panda3d/panda/src/gobj/savedContext.cxx,1,1,2
/media/ullmann/HDDGabriel/research/engines/panda3d/panda/src/net/config_net.cxx,2,1,3
/media/ullmann/HDDGabriel/research/engines/panda3d/panda/src/putil/vector_typedWritable.cxx,1,1,2
/media/ullmann/HDDGabriel/research/engines/panda3d/panda/src/putil/vector_typedWritable.h,0,2,2
/media/ullmann/HDDGabriel/research/engines/panda3d/panda/src/pgraph/fog.cxx,3,1,4
/media/ullmann/HDDGabriel/research/engines/panda3d/panda/src/chan/partBundleNode.I,0,1,1
/media/ullmann/HDDGabriel/research/engines/panda3d/dtool/src/interrogate/interfaceMakerPython.cxx,2,1,3
/media/ullmann/HDDGabriel/research/engines/panda3d/panda/src/display/callbackGraphicsWindow.h,2,3,5
/media/ullmann/HDDGabriel/research/engines/panda3d/panda/src/display/callbackGraphicsWindow.I,0,1,1
/media/ullmann/HDDGabriel/research/engines/panda3d/panda/src/char/characterVertexSlider.cxx,1,1,2
/media/ullmann/HDDGabriel/research/engines/panda3d/panda/src/char/characterVertexSlider.h,2,4,6
/media/ullmann/HDDGabriel/research/engines/panda3d/panda/src/ode/odeNullJoint.cxx,2,1,3
/media/ullmann/HDDGabriel/research/engines/panda3d/panda/src/pgraph/lightRampAttrib.cxx,1,1,2
/media/ullmann/HDDGabriel/research/engines/panda3d/panda/src/particlesystem/colorInterpolationManager.cxx,1,1,2
/media/ullmann/HDDGabriel/research/engines/panda3d/panda/src/gobj/geomVertexRewriter.cxx,1,1,2
/media/ullmann/HDDGabriel/research/engines/panda3d/pandatool/src/win-stats/winStatsFlameGraph.cxx,3,1,4
/media/ullmann/HDDGabriel/research/engines/panda3d/panda/src/particlesystem/pointParticleFactory.h,1,3,4
/media/ullmann/HDDGabriel/research/engines/panda3d/panda/src/mathutil/intersectionBoundingVolume.I,0,1,1
/media/ullmann/HDDGabriel/research/engines/panda3d/panda/src/pnmimage/ppmcmap.cxx,1,1,2
/media/ullmann/HDDGabriel/research/engines/panda3d/pandatool/src/gtk-stats/gtkStats.cxx,2,1,3
/media/ullmann/HDDGabriel/research/engines/panda3d/panda/src/particlesystem/boxEmitter.I,0,1,1
/media/ullmann/HDDGabriel/research/engines/panda3d/dtool/src/cppparser/cppExpressionParser.cxx,2,1,3
/media/ullmann/HDDGabriel/research/engines/panda3d/dtool/src/dtoolutil/config_dtoolutil.cxx,3,1,4
/media/ullmann/HDDGabriel/research/engines/panda3d/panda/src/ode/odeBallJoint.cxx,2,1,3
/media/ullmann/HDDGabriel/research/engines/panda3d/panda/src/event/buttonEventList.cxx,1,1,2
/media/ullmann/HDDGabriel/research/engines/panda3d/panda/src/event/buttonEventList.h,3,2,5
/media/ullmann/HDDGabriel/research/engines/panda3d/pandatool/src/dxf/dxfLayerMap.h,0,2,2
/media/ullmann/HDDGabriel/research/engines/panda3d/panda/src/distort/oSphereLens.cxx,1,1,2
/media/ullmann/HDDGabriel/research/engines/panda3d/dtool/src/dtoolutil/vector_int.h,1,1,2
/media/ullmann/HDDGabriel/research/engines/panda3d/pandatool/src/pfmprogs/pfmTrans.cxx,2,0,2
/media/ullmann/HDDGabriel/research/engines/panda3d/pandatool/src/pfmprogs/pfmTrans.h,0,1,1
/media/ullmann/HDDGabriel/research/engines/panda3d/pandatool/src/flt/fltLocalVertexPool.h,4,4,8
/media/ullmann/HDDGabriel/research/engines/panda3d/panda/src/putil/test_bamWrite.cxx,2,0,2
/media/ullmann/HDDGabriel/research/engines/panda3d/panda/src/pgraph/geomTransformer.I,0,1,1
/media/ullmann/HDDGabriel/research/engines/panda3d/panda/src/express/pointerTo.cxx,1,1,2
/media/ullmann/HDDGabriel/research/engines/panda3d/dtool/src/dtoolutil/dSearchPath.cxx,2,1,3
/media/ullmann/HDDGabriel/research/engines/panda3d/panda/src/pgraph/depthOffsetAttrib.I,0,1,1
/media/ullmann/HDDGabriel/research/engines/panda3d/panda/src/putil/copyOnWritePointer.h,2,1,3
/media/ullmann/HDDGabriel/research/engines/panda3d/panda/src/pgraph/renderAttribRegistry.cxx,3,1,4
/media/ullmann/HDDGabriel/research/engines/panda3d/panda/src/linmath/configVariableColor.I,0,1,1
/media/ullmann/HDDGabriel/research/engines/panda3d/pandatool/src/vrml/vrmlNodeType.h,0,3,3
/media/ullmann/HDDGabriel/research/engines/panda3d/panda/src/pgraph/instancedNode.cxx,3,1,4
/media/ullmann/HDDGabriel/research/engines/panda3d/dtool/src/dtoolutil/pfstream.cxx,1,1,2
/media/ullmann/HDDGabriel/research/engines/panda3d/dtool/src/dtoolutil/pfstream.h,2,2,4
/media/ullmann/HDDGabriel/research/engines/panda3d/panda/src/mathutil/pta_LVecBase2_ext.h,1,0,1
/media/ullmann/HDDGabriel/research/engines/panda3d/panda/src/mathutil/pta_LVecBase2.h,0,2,2
/media/ullmann/HDDGabriel/research/engines/panda3d/panda/src/pgraph/geomNode.I,0,1,1
/media/ullmann/HDDGabriel/research/engines/panda3d/panda/src/collide/collisionGeom.h,2,3,5
/media/ullmann/HDDGabriel/research/engines/panda3d/panda/src/egg/eggBin.cxx,1,1,2
/media/ullmann/HDDGabriel/research/engines/panda3d/pandatool/src/xfileegg/xFileFace.h,0,2,2
/media/ullmann/HDDGabriel/research/engines/panda3d/panda/src/express/windowsRegistry.h,0,1,1
/media/ullmann/HDDGabriel/research/engines/panda3d/panda/src/putil/nameUniquifier.cxx,1,1,2
/media/ullmann/HDDGabriel/research/engines/panda3d/pandatool/src/gtk-stats/gtkStatsServer.h,0,3,3
/media/ullmann/HDDGabriel/research/engines/panda3d/panda/src/egg/eggVertexAux.cxx,2,1,3
/media/ullmann/HDDGabriel/research/engines/panda3d/pandatool/src/daeegg/daeCharacter.cxx,5,1,6
/media/ullmann/HDDGabriel/research/engines/panda3d/panda/src/egg/eggTriangleStrip.cxx,3,1,4
/media/ullmann/HDDGabriel/research/engines/panda3d/dtool/src/dtoolutil/pandaFileStreamBuf.cxx,3,1,4
/media/ullmann/HDDGabriel/research/engines/panda3d/panda/src/collide/collisionRay.I,0,1,1
/media/ullmann/HDDGabriel/research/engines/panda3d/dtool/src/prc/configVariableSearchPath.h,2,1,3
/media/ullmann/HDDGabriel/research/engines/panda3d/dtool/src/prc/configVariableSearchPath.I,0,1,1
/media/ullmann/HDDGabriel/research/engines/panda3d/panda/src/tinydisplay/tinyGraphicsBuffer.I,0,1,1
/media/ullmann/HDDGabriel/research/engines/panda3d/dtool/src/dtoolbase/pdtoa.h,1,1,2
/media/ullmann/HDDGabriel/research/engines/panda3d/panda/src/net/datagramTCPHeader.cxx,3,1,4
/media/ullmann/HDDGabriel/research/engines/panda3d/panda/src/display/graphicsOutput.I,0,1,1
/media/ullmann/HDDGabriel/research/engines/panda3d/direct/src/dcparser/dcKeyword.cxx,3,1,4
/media/ullmann/HDDGabriel/research/engines/panda3d/panda/src/gobj/geomVertexColumn.cxx,2,1,3
/media/ullmann/HDDGabriel/research/engines/panda3d/pandatool/src/lwo/lwoBoundingBox.cxx,2,1,3
/media/ullmann/HDDGabriel/research/engines/panda3d/direct/src/deadrec/smoothMover.cxx,2,1,3
/media/ullmann/HDDGabriel/research/engines/panda3d/panda/src/putil/simpleHashMap.cxx,1,1,2
/media/ullmann/HDDGabriel/research/engines/panda3d/dtool/src/dtoolutil/vector_float.cxx,2,1,3
/media/ullmann/HDDGabriel/research/engines/panda3d/panda/src/ffmpeg/config_ffmpeg.h,0,6,6
/media/ullmann/HDDGabriel/research/engines/panda3d/panda/src/putil/factoryBase.I,0,1,1
/media/ullmann/HDDGabriel/research/engines/panda3d/panda/src/egg/eggMaterial.I,0,1,1
/media/ullmann/HDDGabriel/research/engines/panda3d/panda/src/pgraphnodes/sequenceNode.I,0,1,1
/media/ullmann/HDDGabriel/research/engines/panda3d/panda/src/egg/eggPatch.h,2,2,4
/media/ullmann/HDDGabriel/research/engines/panda3d/panda/src/pipeline/reMutexSpinlockImpl.h,1,2,3
/media/ullmann/HDDGabriel/research/engines/panda3d/panda/src/pipeline/reMutexSpinlockImpl.I,0,1,1
/media/ullmann/HDDGabriel/research/engines/panda3d/panda/src/collide/collisionBox.I,0,1,1
/media/ullmann/HDDGabriel/research/engines/panda3d/contrib/src/speedtree/stTransform.h,2,2,4
/media/ullmann/HDDGabriel/research/engines/panda3d/panda/src/parametrics/nurbsCurveInterface.h,1,3,4
/media/ullmann/HDDGabriel/research/engines/panda3d/panda/src/pgraph/scissorAttrib.I,0,1,1
/media/ullmann/HDDGabriel/research/engines/panda3d/panda/src/gobj/simpleLru.cxx,1,1,2
/media/ullmann/HDDGabriel/research/engines/panda3d/contrib/src/rplight/tagStateManager.cxx,1,1,2
/media/ullmann/HDDGabriel/research/engines/panda3d/contrib/src/rplight/tagStateManager.h,1,2,3
/media/ullmann/HDDGabriel/research/engines/panda3d/pandatool/src/pfmprogs/pfmBba.cxx,2,0,2
/media/ullmann/HDDGabriel/research/engines/panda3d/pandatool/src/pfmprogs/pfmBba.h,0,1,1
/media/ullmann/HDDGabriel/research/engines/panda3d/panda/src/tinydisplay/tinyWinGraphicsWindow.cxx,4,1,5
/media/ullmann/HDDGabriel/research/engines/panda3d/dtool/src/prc/configVariableInt64.cxx,1,1,2
/media/ullmann/HDDGabriel/research/engines/panda3d/panda/src/ode/odeContact.cxx,2,1,3
/media/ullmann/HDDGabriel/research/engines/panda3d/panda/src/egg/eggRenderMode.h,1,5,6
/media/ullmann/HDDGabriel/research/engines/panda3d/panda/src/bullet/bulletSoftBodyMaterial.cxx,2,1,3
/media/ullmann/HDDGabriel/research/engines/panda3d/panda/src/chan/animChannelScalarDynamic.h,2,3,5
/media/ullmann/HDDGabriel/research/engines/panda3d/pandatool/src/pandatoolbase/pandatoolbase.h,1,6,7
/media/ullmann/HDDGabriel/research/engines/panda3d/pandatool/src/pandatoolbase/pandatoolsymbols.h,0,1,1
/media/ullmann/HDDGabriel/research/engines/panda3d/contrib/src/speedtree/loaderFileTypeStf.cxx,2,1,3
/media/ullmann/HDDGabriel/research/engines/panda3d/direct/src/interval/lerp_helpers.h,0,2,2
/media/ullmann/HDDGabriel/research/engines/panda3d/panda/src/putil/bamReaderParam.cxx,1,1,2
/media/ullmann/HDDGabriel/research/engines/panda3d/pandatool/src/ptloader/loaderFileTypePandatool.cxx,2,0,2
/media/ullmann/HDDGabriel/research/engines/panda3d/pandatool/src/ptloader/loaderFileTypePandatool.h,0,2,2
/media/ullmann/HDDGabriel/research/engines/panda3d/panda/src/express/pta_int.cxx,1,1,2
/media/ullmann/HDDGabriel/research/engines/panda3d/panda/src/express/pta_int.h,1,2,3
/media/ullmann/HDDGabriel/research/engines/panda3d/panda/src/linmath/lvector3_ext.h,6,0,6
/media/ullmann/HDDGabriel/research/engines/panda3d/pandatool/src/lwo/lwoDiscontinuousVertexMap.cxx,2,1,3
/media/ullmann/HDDGabriel/research/engines/panda3d/panda/src/collide/collisionHandlerQueue.cxx,2,1,3
/media/ullmann/HDDGabriel/research/engines/panda3d/panda/src/ode/odeBody_ext.I,0,1,1
/media/ullmann/HDDGabriel/research/engines/panda3d/panda/src/ode/odeCappedCylinderGeom.cxx,2,1,3
/media/ullmann/HDDGabriel/research/engines/panda3d/pandatool/src/maxegg/maxOptionsDialog.h,0,1,1
/media/ullmann/HDDGabriel/research/engines/panda3d/panda/src/gobj/geomTristrips.h,1,2,3
/media/ullmann/HDDGabriel/research/engines/panda3d/pandatool/src/xfile/xFileDataNode.cxx,1,1,2
/media/ullmann/HDDGabriel/research/engines/panda3d/panda/src/chan/animControl.I,0,1,1
/media/ullmann/HDDGabriel/research/engines/panda3d/pandatool/src/lwo/lwoBoundingBox.h,1,3,4
/media/ullmann/HDDGabriel/research/engines/panda3d/panda/src/express/pStatCollectorForwardBase.cxx,1,1,2
/media/ullmann/HDDGabriel/research/engines/panda3d/panda/src/express/ramfile.cxx,1,1,2
/media/ullmann/HDDGabriel/research/engines/panda3d/dtool/src/interrogate/parameterRemapReferenceToPointer.h,1,2,3
/media/ullmann/HDDGabriel/research/engines/panda3d/panda/src/collide/collisionHandlerQueue.h,2,3,5
/media/ullmann/HDDGabriel/research/engines/panda3d/pandatool/src/maya/mayaShaders.h,1,1,2
/media/ullmann/HDDGabriel/research/engines/panda3d/pandatool/src/lwo/config_lwo.h,0,2,2
/media/ullmann/HDDGabriel/research/engines/panda3d/panda/src/audiotraits/config_fmodAudio.h,0,3,3
/media/ullmann/HDDGabriel/research/engines/panda3d/panda/src/mathutil/linmath_events.h,0,1,1
/media/ullmann/HDDGabriel/research/engines/panda3d/panda/src/pipeline/pmutex.I,0,1,1
/media/ullmann/HDDGabriel/research/engines/panda3d/panda/src/ode/odeSliderJoint.I,0,1,1
/media/ullmann/HDDGabriel/research/engines/panda3d/panda/src/linmath/lpoint3_src.I,0,1,1
/media/ullmann/HDDGabriel/research/engines/panda3d/panda/src/downloader/httpBasicAuthorization.cxx,1,1,2
/media/ullmann/HDDGabriel/research/engines/panda3d/panda/src/express/subStream.I,0,1,1
/media/ullmann/HDDGabriel/research/engines/panda3d/panda/src/vision/webcamVideoCursorOpenCV.h,1,3,4
/media/ullmann/HDDGabriel/research/engines/panda3d/panda/src/pstatclient/pStatFrameData.I,0,1,1
/media/ullmann/HDDGabriel/research/engines/panda3d/pandatool/src/lwo/iffChunk.I,0,1,1
/media/ullmann/HDDGabriel/research/engines/panda3d/panda/src/display/windowProperties.cxx,3,1,4
/media/ullmann/HDDGabriel/research/engines/panda3d/panda/src/vrpn/vrpnTrackerDevice.cxx,2,1,3
/media/ullmann/HDDGabriel/research/engines/panda3d/pandatool/src/lwo/test_lwo.cxx,3,0,3
/media/ullmann/HDDGabriel/research/engines/panda3d/panda/src/pipeline/conditionVarDirect.cxx,1,1,2
/media/ullmann/HDDGabriel/research/engines/panda3d/panda/src/text/textPropertiesManager.cxx,1,1,2
/media/ullmann/HDDGabriel/research/engines/panda3d/panda/src/grutil/sceneGraphAnalyzerMeter.h,1,2,3
/media/ullmann/HDDGabriel/research/engines/panda3d/panda/src/putil/datagramInputFile.cxx,2,1,3
/media/ullmann/HDDGabriel/research/engines/panda3d/panda/src/pgui/pgButton.cxx,2,1,3
/media/ullmann/HDDGabriel/research/engines/panda3d/panda/src/grutil/sceneGraphAnalyzerMeter.I,0,1,1
/media/ullmann/HDDGabriel/research/engines/panda3d/panda/src/express/buffer.h,2,2,4
/media/ullmann/HDDGabriel/research/engines/panda3d/panda/src/egg2pg/eggLoader.h,2,4,6
/media/ullmann/HDDGabriel/research/engines/panda3d/panda/src/gobj/materialPool.cxx,2,1,3
/media/ullmann/HDDGabriel/research/engines/panda3d/panda/src/net/connectionListener.cxx,5,1,6
/media/ullmann/HDDGabriel/research/engines/panda3d/pandatool/src/eggcharbase/eggCharacterFilter.h,0,1,1
/media/ullmann/HDDGabriel/research/engines/panda3d/panda/src/framework/config_framework.h,0,4,4
/media/ullmann/HDDGabriel/research/engines/panda3d/dtool/src/dtoolbase/atomicAdjustI386Impl.h,4,2,6
/media/ullmann/HDDGabriel/research/engines/panda3d/panda/src/express/stringStream_ext.cxx,1,1,2
/media/ullmann/HDDGabriel/research/engines/panda3d/pandatool/src/egg-qtess/qtessInputFile.h,2,2,4
/media/ullmann/HDDGabriel/research/engines/panda3d/panda/src/pgraphnodes/ambientLight.cxx,1,1,2
/media/ullmann/HDDGabriel/research/engines/panda3d/panda/src/express/virtualFileMountSystem.h,2,3,5
/media/ullmann/HDDGabriel/research/engines/panda3d/panda/src/mathutil/perlinNoise3.h,2,2,4
/media/ullmann/HDDGabriel/research/engines/panda3d/panda/src/mathutil/perlinNoise3.I,0,1,1
/media/ullmann/HDDGabriel/research/engines/panda3d/panda/src/express/pointerToBase.I,0,1,1
/media/ullmann/HDDGabriel/research/engines/panda3d/panda/src/express/virtualFileMountRamdisk.I,0,1,1
/media/ullmann/HDDGabriel/research/engines/panda3d/panda/src/pipeline/cycleDataReader.cxx,1,1,2
/media/ullmann/HDDGabriel/research/engines/panda3d/panda/src/gobj/samplerContext.I,0,1,1
/media/ullmann/HDDGabriel/research/engines/panda3d/pandatool/src/egg-qtess/qtessInputFile.I,0,1,1
/media/ullmann/HDDGabriel/research/engines/panda3d/dtool/src/dtoolbase/atomicAdjustDummyImpl.I,0,1,1
/media/ullmann/HDDGabriel/research/engines/panda3d/panda/src/text/geomTextGlyph.I,0,1,1
/media/ullmann/HDDGabriel/research/engines/panda3d/panda/src/ode/odeJointGroup.cxx,2,1,3
/media/ullmann/HDDGabriel/research/engines/panda3d/panda/src/linmath/lorientation_src.h,1,1,2
/media/ullmann/HDDGabriel/research/engines/panda3d/panda/src/egg/eggNurbsSurface.cxx,1,1,2
/media/ullmann/HDDGabriel/research/engines/panda3d/pandatool/src/xfileegg/xFileToEggConverter.h,1,4,5
/media/ullmann/HDDGabriel/research/engines/panda3d/pandatool/src/flt/fltUnsupportedRecord.h,1,4,5
/media/ullmann/HDDGabriel/research/engines/panda3d/pandatool/src/lwo/lwoPolygons.h,1,3,4
/media/ullmann/HDDGabriel/research/engines/panda3d/panda/src/mathutil/pta_LMatrix4.cxx,1,1,2
/media/ullmann/HDDGabriel/research/engines/panda3d/pandatool/src/xfileegg/xFileFace.cxx,2,1,3
/media/ullmann/HDDGabriel/research/engines/panda3d/panda/src/egg/eggExternalReference.cxx,2,1,3
/media/ullmann/HDDGabriel/research/engines/panda3d/pandatool/src/palettizer/texturePosition.cxx,1,1,2
/media/ullmann/HDDGabriel/research/engines/panda3d/dtool/src/dtoolutil/vector_string.cxx,2,1,3
/media/ullmann/HDDGabriel/research/engines/panda3d/dtool/src/dtoolutil/vector_src.cxx,0,5,5
/media/ullmann/HDDGabriel/research/engines/panda3d/panda/src/putil/nameUniquifier.h,1,1,2
/media/ullmann/HDDGabriel/research/engines/panda3d/dtool/src/dtoolbase/patomic.I,0,1,1
/media/ullmann/HDDGabriel/research/engines/panda3d/dtool/src/dtoolutil/stringDecoder.cxx,2,1,3
/media/ullmann/HDDGabriel/research/engines/panda3d/pandatool/src/xfile/xFileDataObjectArray.I,0,1,1
/media/ullmann/HDDGabriel/research/engines/panda3d/panda/src/glstuff/glImmediateModeSender_src.cxx,0,1,1
/media/ullmann/HDDGabriel/research/engines/panda3d/panda/src/display/parasiteBuffer.cxx,1,1,2
/media/ullmann/HDDGabriel/research/engines/panda3d/panda/src/ode/odeGeom_ext.h,3,2,5
/media/ullmann/HDDGabriel/research/engines/panda3d/panda/src/text/dynamicTextFont.cxx,2,1,3
/media/ullmann/HDDGabriel/research/engines/panda3d/panda/src/pipeline/pipelineCyclerLinks.h,1,2,3
/media/ullmann/HDDGabriel/research/engines/panda3d/panda/src/pipeline/pipelineCyclerLinks.I,0,1,1
/media/ullmann/HDDGabriel/research/engines/panda3d/pandatool/src/egg-qtess/qtessInputEntry.h,1,3,4
/media/ullmann/HDDGabriel/research/engines/panda3d/pandatool/src/egg-qtess/qtessInputEntry.I,0,1,1
/media/ullmann/HDDGabriel/research/engines/panda3d/panda/src/pgraph/texGenAttrib.I,0,1,1
/media/ullmann/HDDGabriel/research/engines/panda3d/pandatool/src/vrml/standard_nodes.h,0,2,2
/media/ullmann/HDDGabriel/research/engines/panda3d/pandatool/src/win-stats/winStatsPianoRoll.cxx,2,1,3
/media/ullmann/HDDGabriel/research/engines/panda3d/panda/src/express/virtualFileComposite.h,2,3,5
/media/ullmann/HDDGabriel/research/engines/panda3d/pandatool/src/imagebase/imageReader.cxx,1,1,2
/media/ullmann/HDDGabriel/research/engines/panda3d/panda/src/egg/test_egg.cxx,1,0,1
/media/ullmann/HDDGabriel/research/engines/panda3d/panda/src/gobj/geomTristripsAdjacency.cxx,3,1,4
/media/ullmann/HDDGabriel/research/engines/panda3d/panda/src/express/hashVal.I,0,1,1
/media/ullmann/HDDGabriel/research/engines/panda3d/pandatool/src/xfile/xFileDataNode.I,0,1,1
/media/ullmann/HDDGabriel/research/engines/panda3d/panda/src/mathutil/triangulator3.h,3,1,4
/media/ullmann/HDDGabriel/research/engines/panda3d/pandatool/src/dxfprogs/eggToDXFLayer.cxx,2,0,2
/media/ullmann/HDDGabriel/research/engines/panda3d/pandatool/src/dxfprogs/eggToDXF.h,1,2,3
/media/ullmann/HDDGabriel/research/engines/panda3d/panda/src/pgraph/renderEffects.I,0,1,1
/media/ullmann/HDDGabriel/research/engines/panda3d/pandatool/src/dxf/dxfLayer.cxx,1,1,2
/media/ullmann/HDDGabriel/research/engines/panda3d/panda/src/vrpn/vrpnDial.cxx,4,1,5
/media/ullmann/HDDGabriel/research/engines/panda3d/panda/src/vrpn/vrpnDial.h,2,2,4
/media/ullmann/HDDGabriel/research/engines/panda3d/panda/src/bullet/bulletTriangleMeshShape.h,3,3,6
/media/ullmann/HDDGabriel/research/engines/panda3d/panda/src/physics/linearFrictionForce.I,0,1,1
/media/ullmann/HDDGabriel/research/engines/panda3d/dtool/src/dtoolutil/config_dtoolutil.h,0,3,3
/media/ullmann/HDDGabriel/research/engines/panda3d/panda/src/pgui/pgFrameStyle.cxx,1,1,2
/media/ullmann/HDDGabriel/research/engines/panda3d/panda/src/parametrics/nurbsSurfaceResult.I,0,1,1
/media/ullmann/HDDGabriel/research/engines/panda3d/panda/src/pipeline/lightReMutex.I,0,1,1
/media/ullmann/HDDGabriel/research/engines/panda3d/panda/src/dgraph/dataGraphTraverser.h,2,1,3
/media/ullmann/HDDGabriel/research/engines/panda3d/panda/src/dgraph/dataGraphTraverser.I,0,1,1
/media/ullmann/HDDGabriel/research/engines/panda3d/panda/src/pnmimage/pnmPainter.cxx,1,1,2
/media/ullmann/HDDGabriel/research/engines/panda3d/panda/src/glxdisplay/glxGraphicsStateGuardian.cxx,2,1,3
/media/ullmann/HDDGabriel/research/engines/panda3d/panda/src/cull/p3cull_composite2.cxx,4,0,4
/media/ullmann/HDDGabriel/research/engines/panda3d/panda/src/cull/cullBinUnsorted.cxx,1,1,2
/media/ullmann/HDDGabriel/research/engines/panda3d/panda/src/display/touchInfo.h,0,3,3
/media/ullmann/HDDGabriel/research/engines/panda3d/panda/src/pnmimage/pnmWriter.cxx,1,1,2
/media/ullmann/HDDGabriel/research/engines/panda3d/panda/src/skel/config_skel.h,0,1,1
/media/ullmann/HDDGabriel/research/engines/panda3d/panda/src/glstuff/glIndexBufferContext_src.I,0,1,1
/media/ullmann/HDDGabriel/research/engines/panda3d/dtool/src/dtoolbase/typedObject.I,0,1,1
/media/ullmann/HDDGabriel/research/engines/panda3d/pandatool/src/maya/maya_funcs.T,0,1,1
/media/ullmann/HDDGabriel/research/engines/panda3d/pandatool/src/ptloader/config_ptloader.cxx,2,0,2
/media/ullmann/HDDGabriel/research/engines/panda3d/panda/src/particlesystem/sparkleParticleRenderer.cxx,1,1,2
/media/ullmann/HDDGabriel/research/engines/panda3d/panda/src/chan/animChannelMatrixDynamic.I,0,1,1
/media/ullmann/HDDGabriel/research/engines/panda3d/panda/src/physics/linearForce.I,0,1,1
/media/ullmann/HDDGabriel/research/engines/panda3d/panda/src/putil/pointerData.I,0,1,1
/media/ullmann/HDDGabriel/research/engines/panda3d/dtool/src/interrogatedb/interrogateMakeSeq.cxx,3,1,4
/media/ullmann/HDDGabriel/research/engines/panda3d/panda/src/dgraph/p3dgraph_composite1.cxx,2,0,2
/media/ullmann/HDDGabriel/research/engines/panda3d/panda/src/dgraph/dataGraphTraverser.cxx,3,1,4
/media/ullmann/HDDGabriel/research/engines/panda3d/panda/src/express/subfileInfo.cxx,1,1,2
/media/ullmann/HDDGabriel/research/engines/panda3d/panda/src/pgraph/colorAttrib.I,0,1,1
/media/ullmann/HDDGabriel/research/engines/panda3d/panda/src/vision/webcamVideoCursorOpenCV.cxx,2,1,3
/media/ullmann/HDDGabriel/research/engines/panda3d/pandatool/src/gtk-stats/gtkStatsChartMenu.cxx,2,1,3
/media/ullmann/HDDGabriel/research/engines/panda3d/panda/src/putil/load_prc_file.cxx,2,1,3
/media/ullmann/HDDGabriel/research/engines/panda3d/panda/src/dxgsg9/dxShaderContext9.h,1,3,4
/media/ullmann/HDDGabriel/research/engines/panda3d/panda/src/dxgsg9/dxShaderContext9.I,0,1,1
/media/ullmann/HDDGabriel/research/engines/panda3d/panda/src/display/graphicsWindowProc.h,0,3,3
/media/ullmann/HDDGabriel/research/engines/panda3d/pandatool/src/xfile/xFileTemplate.I,0,1,1
/media/ullmann/HDDGabriel/research/engines/panda3d/panda/src/putil/sparseArray_ext.cxx,1,1,2
/media/ullmann/HDDGabriel/research/engines/panda3d/panda/src/device/clientAnalogDevice.cxx,1,1,2
/media/ullmann/HDDGabriel/research/engines/panda3d/panda/src/display/displayInformation.cxx,2,1,3
/media/ullmann/HDDGabriel/research/engines/panda3d/pandatool/src/converter/somethingToEggConverter.I,0,1,1
/media/ullmann/HDDGabriel/research/engines/panda3d/panda/src/android/jni_NativeOStream.cxx,0,1,1
/media/ullmann/HDDGabriel/research/engines/panda3d/panda/src/express/virtualFileMountAndroidAsset.cxx,2,1,3
/media/ullmann/HDDGabriel/research/engines/panda3d/dtool/src/parser-inc/mathematics.h,1,0,1
/media/ullmann/HDDGabriel/research/engines/panda3d/dtool/src/parser-inc/rational.h,0,1,1
/media/ullmann/HDDGabriel/research/engines/panda3d/panda/src/pipeline/threadWin32Impl.cxx,3,1,4
/media/ullmann/HDDGabriel/research/engines/panda3d/panda/src/glgsg/p3glgsg_composite1.cxx,2,0,2
/media/ullmann/HDDGabriel/research/engines/panda3d/panda/src/glgsg/glgsg.cxx,1,1,2
/media/ullmann/HDDGabriel/research/engines/panda3d/panda/src/nativenet/buffered_datagramreader.h,3,1,4
/media/ullmann/HDDGabriel/research/engines/panda3d/pandatool/src/gtk-stats/gtkStatsGraph.cxx,3,1,4
/media/ullmann/HDDGabriel/research/engines/panda3d/pandatool/src/xfile/standardTemplates.x.pz.c,0,1,1
/media/ullmann/HDDGabriel/research/engines/panda3d/panda/src/pipeline/pipelineCycler.I,0,1,1
/media/ullmann/HDDGabriel/research/engines/panda3d/panda/src/chan/animChannelMatrixFixed.I,0,1,1
/media/ullmann/HDDGabriel/research/engines/panda3d/panda/src/express/pointerToArray.cxx,1,1,2
/media/ullmann/HDDGabriel/research/engines/panda3d/pandatool/src/gtk-stats/gtkStatsStripChart.h,1,2,3
/media/ullmann/HDDGabriel/research/engines/panda3d/panda/src/physics/physicsManager.I,0,1,1
/media/ullmann/HDDGabriel/research/engines/panda3d/dtool/src/interrogatedb/interrogate_datafile.cxx,1,1,2
/media/ullmann/HDDGabriel/research/engines/panda3d/panda/src/putil/ioPtaDatagramFloat.cxx,1,1,2
/media/ullmann/HDDGabriel/research/engines/panda3d/panda/src/putil/ioPtaDatagramFloat.h,0,1,1
/media/ullmann/HDDGabriel/research/engines/panda3d/panda/src/mathutil/triangulator.cxx,2,1,3
/media/ullmann/HDDGabriel/research/engines/panda3d/pandatool/src/lwo/lwoChunk.cxx,1,1,2
/media/ullmann/HDDGabriel/research/engines/panda3d/panda/src/glxdisplay/glxGraphicsWindow.h,1,4,5
/media/ullmann/HDDGabriel/research/engines/panda3d/panda/src/event/asyncTaskChain.I,0,1,1
/media/ullmann/HDDGabriel/research/engines/panda3d/dtool/src/interrogatedb/interrogateMakeSeq.h,2,2,4
/media/ullmann/HDDGabriel/research/engines/panda3d/panda/src/recorder/recorderBase.cxx,1,1,2
/media/ullmann/HDDGabriel/research/engines/panda3d/pandatool/src/flt/fltFace.I,0,1,1
/media/ullmann/HDDGabriel/research/engines/panda3d/panda/src/grutil/geoMipTerrain.cxx,2,1,3
/media/ullmann/HDDGabriel/research/engines/panda3d/panda/src/tinydisplay/tinyGraphicsStateGuardian.I,0,1,1
/media/ullmann/HDDGabriel/research/engines/panda3d/panda/src/gobj/savedContext.I,0,1,1
/media/ullmann/HDDGabriel/research/engines/panda3d/panda/src/putil/bitMask.I,0,1,1
/media/ullmann/HDDGabriel/research/engines/panda3d/pandatool/src/egg-optchar/config_egg_optchar.cxx,2,0,2
/media/ullmann/HDDGabriel/research/engines/panda3d/pandatool/src/egg-optchar/config_egg_optchar.h,0,1,1
/media/ullmann/HDDGabriel/research/engines/panda3d/panda/src/device/ioKitInputDevice.h,1,2,3
/media/ullmann/HDDGabriel/research/engines/panda3d/panda/src/ode/odeCappedCylinderGeom.I,0,1,1
/media/ullmann/HDDGabriel/research/engines/panda3d/panda/src/display/stereoDisplayRegion.cxx,1,1,2
/media/ullmann/HDDGabriel/research/engines/panda3d/pandatool/src/dxf/dxfVertex.cxx,1,1,2
/media/ullmann/HDDGabriel/research/engines/panda3d/pandatool/src/dxf/dxfVertex.h,0,2,2
/media/ullmann/HDDGabriel/research/engines/panda3d/panda/src/pgraphnodes/spotlight.cxx,1,1,2
/media/ullmann/HDDGabriel/research/engines/panda3d/panda/src/physics/linearNoiseForce.h,2,2,4
/media/ullmann/HDDGabriel/research/engines/panda3d/panda/src/event/eventReceiver.cxx,1,1,2
/media/ullmann/HDDGabriel/research/engines/panda3d/panda/src/movies/opusAudioCursor.h,2,3,5
/media/ullmann/HDDGabriel/research/engines/panda3d/panda/src/movies/opusAudioCursor.I,0,1,1
/media/ullmann/HDDGabriel/research/engines/panda3d/panda/src/collide/collisionPolygon_ext.h,1,1,2
/media/ullmann/HDDGabriel/research/engines/panda3d/panda/src/chan/animChannelBase.I,0,1,1
/media/ullmann/HDDGabriel/research/engines/panda3d/panda/src/gobj/shader.I,0,1,1
/media/ullmann/HDDGabriel/research/engines/panda3d/panda/src/pipeline/cycleDataStageWriter.I,0,1,1
/media/ullmann/HDDGabriel/research/engines/panda3d/panda/src/ode/odeLMotorJoint.cxx,2,1,3
/media/ullmann/HDDGabriel/research/engines/panda3d/panda/src/pipeline/lightMutexDirect.I,0,1,1
/media/ullmann/HDDGabriel/research/engines/panda3d/panda/src/pgraphnodes/pointLight.I,0,1,1
/media/ullmann/HDDGabriel/research/engines/panda3d/panda/src/device/evdevInputDevice.I,0,1,1
/media/ullmann/HDDGabriel/research/engines/panda3d/panda/src/putil/timedCycle.cxx,1,1,2
/media/ullmann/HDDGabriel/research/engines/panda3d/pandatool/src/lwo/lwoClip.h,1,3,4
/media/ullmann/HDDGabriel/research/engines/panda3d/panda/src/egg/eggExternalReference.h,2,3,5
/media/ullmann/HDDGabriel/research/engines/panda3d/panda/src/egg/eggExternalReference.I,0,1,1
/media/ullmann/HDDGabriel/research/engines/panda3d/panda/src/parametrics/nurbsCurve.cxx,2,1,3
/media/ullmann/HDDGabriel/research/engines/panda3d/pandatool/src/daeegg/daeMaterials.h,1,4,5
/media/ullmann/HDDGabriel/research/engines/panda3d/panda/src/glesgsg/p3glesgsg_composite1.cxx,2,0,2
/media/ullmann/HDDGabriel/research/engines/panda3d/panda/src/glesgsg/glesgsg.cxx,1,1,2
/media/ullmann/HDDGabriel/research/engines/panda3d/panda/src/collide/collisionVisualizer.cxx,2,1,3
/media/ullmann/HDDGabriel/research/engines/panda3d/panda/src/grutil/meshDrawer2D.cxx,1,1,2
/media/ullmann/HDDGabriel/research/engines/panda3d/panda/src/express/datagram.cxx,1,1,2
/media/ullmann/HDDGabriel/research/engines/panda3d/panda/src/mathutil/pta_LVecBase3.cxx,1,1,2
/media/ullmann/HDDGabriel/research/engines/panda3d/panda/src/particlesystem/rectangleEmitter.cxx,1,1,2
/media/ullmann/HDDGabriel/research/engines/panda3d/panda/src/pgraph/paramNodePath.h,2,5,7
/media/ullmann/HDDGabriel/research/engines/panda3d/panda/src/physics/physical.cxx,2,1,3
/media/ullmann/HDDGabriel/research/engines/panda3d/pandatool/src/gtk-stats/gtkStatsServer.cxx,2,1,3
/media/ullmann/HDDGabriel/research/engines/panda3d/panda/src/vrpn/vrpnDial.I,0,1,1
/media/ullmann/HDDGabriel/research/engines/panda3d/panda/src/pgraph/cacheStats.h,1,3,4
/media/ullmann/HDDGabriel/research/engines/panda3d/panda/src/putil/typedWritable_ext.cxx,2,1,3
/media/ullmann/HDDGabriel/research/engines/panda3d/panda/src/pgraph/shaderAttrib_ext.cxx,2,1,3
/media/ullmann/HDDGabriel/research/engines/panda3d/panda/src/glxdisplay/panda_glxext.h,0,2,2
/media/ullmann/HDDGabriel/research/engines/panda3d/panda/src/dxgsg9/dxOcclusionQueryContext9.cxx,2,1,3
/media/ullmann/HDDGabriel/research/engines/panda3d/panda/src/pipeline/test_threaddata.cxx,3,0,3
/media/ullmann/HDDGabriel/research/engines/panda3d/panda/src/downloader/httpEntityTag.cxx,1,1,2
/media/ullmann/HDDGabriel/research/engines/panda3d/pandatool/src/maxegg/maxNodeTree.h,0,1,1
/media/ullmann/HDDGabriel/research/engines/panda3d/panda/src/pipeline/conditionVarSpinlockImpl.I,0,1,1
/media/ullmann/HDDGabriel/research/engines/panda3d/panda/src/device/clientDevice.cxx,2,1,3
/media/ullmann/HDDGabriel/research/engines/panda3d/direct/src/dcparser/primeNumberGenerator.h,1,3,4
/media/ullmann/HDDGabriel/research/engines/panda3d/panda/src/nativenet/config_nativenet.h,0,4,4
/media/ullmann/HDDGabriel/research/engines/panda3d/panda/src/egg2pg/egg_parametrics.h,0,2,2
/media/ullmann/HDDGabriel/research/engines/panda3d/dtool/src/dtoolutil/filename_ext.h,1,1,2
/media/ullmann/HDDGabriel/research/engines/panda3d/pandatool/src/pstatserver/pStatMonitor.cxx,1,1,2
/media/ullmann/HDDGabriel/research/engines/panda3d/pandatool/src/objprogs/objToEgg.cxx,1,0,1
/media/ullmann/HDDGabriel/research/engines/panda3d/pandatool/src/objprogs/objToEgg.h,0,1,1
/media/ullmann/HDDGabriel/research/engines/panda3d/panda/src/physics/linearControlForce.h,2,2,4
/media/ullmann/HDDGabriel/research/engines/panda3d/direct/src/dcparser/hashGenerator.cxx,2,1,3
/media/ullmann/HDDGabriel/research/engines/panda3d/panda/src/putil/test_bamRead.cxx,3,0,3
/media/ullmann/HDDGabriel/research/engines/panda3d/panda/src/putil/datagramInputFile.h,1,3,4
/media/ullmann/HDDGabriel/research/engines/panda3d/panda/src/device/virtualMouse.h,0,2,2
/media/ullmann/HDDGabriel/research/engines/panda3d/panda/src/express/virtualFileSimple.h,2,4,6
/media/ullmann/HDDGabriel/research/engines/panda3d/panda/src/audiotraits/config_fmodAudio.cxx,3,1,4
/media/ullmann/HDDGabriel/research/engines/panda3d/direct/src/interval/cLerpInterval.cxx,1,1,2
/media/ullmann/HDDGabriel/research/engines/panda3d/panda/src/express/weakPointerToVoid.I,0,1,1
/media/ullmann/HDDGabriel/research/engines/panda3d/dtool/src/dtoolutil/globPattern.I,0,1,1
/media/ullmann/HDDGabriel/research/engines/panda3d/pandatool/src/flt/fltLOD.h,1,3,4
/media/ullmann/HDDGabriel/research/engines/panda3d/panda/src/putil/collideMask.h,1,0,1
/media/ullmann/HDDGabriel/research/engines/panda3d/panda/src/event/pointerEvent.h,1,2,3
/media/ullmann/HDDGabriel/research/engines/panda3d/dtool/src/cppparser/cppConstType.cxx,1,1,2
/media/ullmann/HDDGabriel/research/engines/panda3d/panda/src/egg/eggPatch.cxx,2,1,3
/media/ullmann/HDDGabriel/research/engines/panda3d/panda/src/bullet/bulletSoftBodyMaterial.h,2,2,4
/media/ullmann/HDDGabriel/research/engines/panda3d/dtool/src/interrogate/parameterRemapConcreteToPointer.cxx,4,1,5
/media/ullmann/HDDGabriel/research/engines/panda3d/panda/src/display/graphicsWindowInputDevice.h,1,3,4
/media/ullmann/HDDGabriel/research/engines/panda3d/dtool/src/prc/configVariableList.cxx,1,1,2
/media/ullmann/HDDGabriel/research/engines/panda3d/panda/src/gobj/vertexDataSaveFile.I,0,1,1
/media/ullmann/HDDGabriel/research/engines/panda3d/panda/src/pipeline/lightMutexDirect.cxx,1,1,2
/media/ullmann/HDDGabriel/research/engines/panda3d/panda/src/gobj/geomVertexWriter.I,0,1,1
/media/ullmann/HDDGabriel/research/engines/panda3d/panda/src/nativenet/buffered_datagramwriter.I,0,1,1
/media/ullmann/HDDGabriel/research/engines/panda3d/panda/src/pgraph/stencilAttrib.I,0,1,1
/media/ullmann/HDDGabriel/research/engines/panda3d/panda/src/particlesystem/discEmitter.h,2,2,4
/media/ullmann/HDDGabriel/research/engines/panda3d/panda/src/express/ordered_vector.T,0,1,1
/media/ullmann/HDDGabriel/research/engines/panda3d/panda/src/pgraph/shaderPool.h,1,1,2
/media/ullmann/HDDGabriel/research/engines/panda3d/panda/src/pgraph/shaderPool.I,0,1,1
/media/ullmann/HDDGabriel/research/engines/panda3d/pandatool/src/flt/fltRecord.I,0,1,1
/media/ullmann/HDDGabriel/research/engines/panda3d/pandatool/src/flt/fltTransformTranslate.cxx,3,1,4
/media/ullmann/HDDGabriel/research/engines/panda3d/dtool/src/dtoolbase/stl_compares.I,0,1,1
/media/ullmann/HDDGabriel/research/engines/panda3d/panda/src/tform/mouseWatcherBase.cxx,1,1,2
/media/ullmann/HDDGabriel/research/engines/panda3d/panda/src/gobj/geomTrianglesAdjacency.h,1,3,4
/media/ullmann/HDDGabriel/research/engines/panda3d/contrib/src/rplight/tagStateManager.I,0,1,1
/media/ullmann/HDDGabriel/research/engines/panda3d/pandatool/src/lwo/iffId.cxx,1,1,2
/media/ullmann/HDDGabriel/research/engines/panda3d/panda/src/tform/config_tform.h,0,4,4
/media/ullmann/HDDGabriel/research/engines/panda3d/panda/src/pipeline/contextSwitch.h,0,2,2
/media/ullmann/HDDGabriel/research/engines/panda3d/panda/src/bullet/bulletBaseCharacterControllerNode.I,0,1,1
/media/ullmann/HDDGabriel/research/engines/panda3d/pandatool/src/win-stats/winStatsTimeline.cxx,2,1,3
/media/ullmann/HDDGabriel/research/engines/panda3d/panda/src/egg/eggNurbsSurface.I,0,1,1
/media/ullmann/HDDGabriel/research/engines/panda3d/panda/src/egldisplay/eglGraphicsWindow.cxx,4,1,5
/media/ullmann/HDDGabriel/research/engines/panda3d/panda/src/bullet/bulletContactResult.I,0,1,1
/media/ullmann/HDDGabriel/research/engines/panda3d/pandatool/src/xfile/windowsGuid.I,0,1,1
/media/ullmann/HDDGabriel/research/engines/panda3d/panda/src/bullet/bulletWorld.I,0,1,1
/media/ullmann/HDDGabriel/research/engines/panda3d/panda/src/egg/eggLine.cxx,1,1,2
/media/ullmann/HDDGabriel/research/engines/panda3d/panda/src/pgraph/billboardEffect.I,0,1,1
/media/ullmann/HDDGabriel/research/engines/panda3d/pandatool/src/lwo/lwoSurfaceBlockCoordSys.cxx,2,1,3
/media/ullmann/HDDGabriel/research/engines/panda3d/dtool/src/dtoolbase/dlmalloc_src.cxx,1,1,2
/media/ullmann/HDDGabriel/research/engines/panda3d/panda/src/express/stringStream.cxx,1,1,2
/media/ullmann/HDDGabriel/research/engines/panda3d/panda/src/gobj/internalName_ext.cxx,1,1,2
/media/ullmann/HDDGabriel/research/engines/panda3d/panda/src/gobj/internalName_ext.h,1,1,2
/media/ullmann/HDDGabriel/research/engines/panda3d/panda/src/express/subStream.cxx,1,1,2
/media/ullmann/HDDGabriel/research/engines/panda3d/pandatool/src/pstatserver/pStatPianoRoll.cxx,1,1,2
/media/ullmann/HDDGabriel/research/engines/panda3d/panda/src/pstatclient/pStatThread.I,0,1,1
/media/ullmann/HDDGabriel/research/engines/panda3d/panda/src/express/pointerToArrayBase.h,4,2,6
/media/ullmann/HDDGabriel/research/engines/panda3d/panda/src/express/pointerToArrayBase.I,0,1,1
/media/ullmann/HDDGabriel/research/engines/panda3d/panda/src/vrpn/vrpnButton.I,0,1,1
/media/ullmann/HDDGabriel/research/engines/panda3d/panda/src/pgraph/fog.I,0,1,1
/media/ullmann/HDDGabriel/research/engines/panda3d/panda/src/putil/nameUniquifier.I,0,1,1
/media/ullmann/HDDGabriel/research/engines/panda3d/panda/src/pgraph/colorAttrib.cxx,1,1,2
/media/ullmann/HDDGabriel/research/engines/panda3d/panda/src/gobj/vertexDataBuffer.I,0,1,1
/media/ullmann/HDDGabriel/research/engines/panda3d/pandatool/src/flt/fltTransformRecord.cxx,1,1,2
/media/ullmann/HDDGabriel/research/engines/panda3d/panda/src/mathutil/plane.cxx,2,1,3
/media/ullmann/HDDGabriel/research/engines/panda3d/panda/src/express/copy_stream.cxx,1,1,2
/media/ullmann/HDDGabriel/research/engines/panda3d/panda/src/tform/mouseSubregion.h,2,2,4
/media/ullmann/HDDGabriel/research/engines/panda3d/panda/src/physics/linearUserDefinedForce.cxx,1,1,2
/media/ullmann/HDDGabriel/research/engines/panda3d/dtool/src/parser-inc/netinet/in.h,0,1,1
/media/ullmann/HDDGabriel/research/engines/panda3d/panda/src/movies/userDataAudioCursor.cxx,1,1,2
/media/ullmann/HDDGabriel/research/engines/panda3d/dtool/src/prc/nativeNumericData.cxx,1,1,2
/media/ullmann/HDDGabriel/research/engines/panda3d/panda/src/physics/linearVectorForce.I,0,1,1
/media/ullmann/HDDGabriel/research/engines/panda3d/panda/src/parametrics/piecewiseCurve.h,1,5,6
/media/ullmann/HDDGabriel/research/engines/panda3d/panda/src/particlesystem/baseParticleRenderer.I,0,1,1
/media/ullmann/HDDGabriel/research/engines/panda3d/panda/src/putil/linkedListNode.I,0,1,1
/media/ullmann/HDDGabriel/research/engines/panda3d/contrib/src/contribbase/contribbase.cxx,1,0,1
/media/ullmann/HDDGabriel/research/engines/panda3d/panda/src/device/clientDialDevice.I,0,1,1
/media/ullmann/HDDGabriel/research/engines/panda3d/panda/src/gobj/textureCollection_ext.h,1,1,2
/media/ullmann/HDDGabriel/research/engines/panda3d/panda/src/bullet/bulletBoxShape.I,0,1,1
/media/ullmann/HDDGabriel/research/engines/panda3d/panda/src/ode/odeCylinderGeom.I,0,1,1
/media/ullmann/HDDGabriel/research/engines/panda3d/contrib/src/rplight/shadowManager.I,0,1,1
/media/ullmann/HDDGabriel/research/engines/panda3d/panda/src/ffmpeg/ffmpegAudioCursor.cxx,3,1,4
/media/ullmann/HDDGabriel/research/engines/panda3d/panda/src/putil/callbackObject.I,0,1,1
/media/ullmann/HDDGabriel/research/engines/panda3d/panda/src/linmath/lvector4_ext_src.h,1,1,2
/media/ullmann/HDDGabriel/research/engines/panda3d/panda/src/linmath/lvector4_ext_src.I,0,1,1
/media/ullmann/HDDGabriel/research/engines/panda3d/panda/src/egg/pt_EggMaterial.cxx,1,1,2
/media/ullmann/HDDGabriel/research/engines/panda3d/panda/src/chan/animPreloadTable.cxx,1,1,2
/media/ullmann/HDDGabriel/research/engines/panda3d/panda/src/grutil/rigidBodyCombiner.cxx,1,1,2
/media/ullmann/HDDGabriel/research/engines/panda3d/panda/src/vision/webcamVideoV4L.h,1,3,4
/media/ullmann/HDDGabriel/research/engines/panda3d/panda/src/bullet/bulletAllHitsRayResult.cxx,1,1,2
/media/ullmann/HDDGabriel/research/engines/panda3d/panda/src/device/inputDevice.cxx,1,1,2
/media/ullmann/HDDGabriel/research/engines/panda3d/pandatool/src/maxegg/maxNodeDesc.cxx,1,1,2
/media/ullmann/HDDGabriel/research/engines/panda3d/panda/src/bullet/bullet_utils.I,0,1,1
/media/ullmann/HDDGabriel/research/engines/panda3d/pandatool/src/xfile/xFile.I,0,1,1
/media/ullmann/HDDGabriel/research/engines/panda3d/pandatool/src/egg-qtess/subdivSegment.cxx,1,1,2
/media/ullmann/HDDGabriel/research/engines/panda3d/panda/src/gobj/geomVertexArrayData_ext.cxx,1,1,2
/media/ullmann/HDDGabriel/research/engines/panda3d/panda/src/pnmimage/pnmReader.cxx,1,1,2
/media/ullmann/HDDGabriel/research/engines/panda3d/dtool/src/prc/configVariableEnum.cxx,1,1,2
/media/ullmann/HDDGabriel/research/engines/panda3d/panda/src/physics/linearCylinderVortexForce.cxx,2,1,3
/media/ullmann/HDDGabriel/research/engines/panda3d/pandatool/src/lwo/lwoSurfaceSmoothingAngle.cxx,2,1,3
/media/ullmann/HDDGabriel/research/engines/panda3d/panda/src/express/datagram_ext.h,2,0,2
/media/ullmann/HDDGabriel/research/engines/panda3d/pandatool/src/flt/fltGeometry.I,0,1,1
/media/ullmann/HDDGabriel/research/engines/panda3d/panda/src/pgraph/showBoundsEffect.cxx,1,1,2
/media/ullmann/HDDGabriel/research/engines/panda3d/pandatool/src/eggcharbase/eggBackPointer.cxx,1,1,2
/media/ullmann/HDDGabriel/research/engines/panda3d/panda/src/collide/collisionHandlerFluidPusher.h,3,2,5
/media/ullmann/HDDGabriel/research/engines/panda3d/panda/src/collide/collisionHandlerFluidPusher.I,0,1,1
/media/ullmann/HDDGabriel/research/engines/panda3d/panda/src/bullet/bulletAllHitsRayResult.h,3,2,5
/media/ullmann/HDDGabriel/research/engines/panda3d/panda/src/gobj/texture.I,0,1,1
/media/ullmann/HDDGabriel/research/engines/panda3d/panda/src/egg/eggSwitchCondition.cxx,1,1,2
/media/ullmann/HDDGabriel/research/engines/panda3d/panda/src/putil/timedCycle.I,0,1,1
/media/ullmann/HDDGabriel/research/engines/panda3d/panda/src/express/copy_stream.h,0,1,1
/media/ullmann/HDDGabriel/research/engines/panda3d/panda/src/putil/buttonMap.cxx,1,1,2
/media/ullmann/HDDGabriel/research/engines/panda3d/panda/src/pipeline/conditionVarSpinlockImpl.cxx,1,1,2
/usr/include/malloc.h,0,2,2
/media/ullmann/HDDGabriel/research/engines/panda3d/panda/src/tinydisplay/zline.h,0,1,1
/media/ullmann/HDDGabriel/research/engines/panda3d/panda/src/ode/odeRayGeom.cxx,2,1,3
/media/ullmann/HDDGabriel/research/engines/panda3d/panda/src/collide/collisionPlane.h,2,6,8
/media/ullmann/HDDGabriel/research/engines/panda3d/panda/src/pnmimagetypes/pnmFileTypeStbImage.h,0,2,2
/media/ullmann/HDDGabriel/research/engines/panda3d/panda/src/nativenet/socket_tcp.cxx,1,1,2
/media/ullmann/HDDGabriel/research/engines/panda3d/pandatool/src/lwo/lwoPolygons.cxx,2,1,3
/media/ullmann/HDDGabriel/research/engines/panda3d/panda/src/tform/transform2sg.cxx,1,1,2
/media/ullmann/HDDGabriel/research/engines/panda3d/pandatool/src/flt/fltUnsupportedRecord.cxx,3,1,4
/media/ullmann/HDDGabriel/research/engines/panda3d/dtool/src/interrogate/parameterRemapReferenceToConcrete.h,1,2,3
/media/ullmann/HDDGabriel/research/engines/panda3d/pandatool/src/xfileegg/xFileMaterial.cxx,2,1,3
/media/ullmann/HDDGabriel/research/engines/panda3d/panda/src/audio/nullAudioSound.cxx,1,1,2
/media/ullmann/HDDGabriel/research/engines/panda3d/panda/src/pgraph/cullHandler.I,0,1,1
/media/ullmann/HDDGabriel/research/engines/panda3d/panda/src/pstatclient/pStatCollector.cxx,1,1,2
/media/ullmann/HDDGabriel/research/engines/panda3d/panda/src/chan/animBundle.cxx,1,1,2
/media/ullmann/HDDGabriel/research/engines/panda3d/panda/src/pgraph/bamFile.h,2,4,6
/media/ullmann/HDDGabriel/research/engines/panda3d/panda/src/tinydisplay/zbuffer.cxx,1,1,2
/media/ullmann/HDDGabriel/research/engines/panda3d/panda/src/mathutil/pta_LMatrix3_ext.h,1,0,1
/media/ullmann/HDDGabriel/research/engines/panda3d/panda/src/mathutil/pta_LMatrix3.h,0,2,2
/media/ullmann/HDDGabriel/research/engines/panda3d/pandatool/src/palettizer/destTextureImage.cxx,5,1,6
/media/ullmann/HDDGabriel/research/engines/panda3d/panda/src/pgraph/loaderFileTypeRegistry_ext.cxx,2,1,3
/media/ullmann/HDDGabriel/research/engines/panda3d/panda/src/egldisplay/eglGraphicsStateGuardian.cxx,2,1,3
/media/ullmann/HDDGabriel/research/engines/panda3d/panda/src/pipeline/reMutexSpinlockImpl.cxx,2,1,3
/media/ullmann/HDDGabriel/research/engines/panda3d/panda/src/pipeline/threadPriority.cxx,2,1,3
/media/ullmann/HDDGabriel/research/engines/panda3d/panda/src/mathutil/perlinNoise.cxx,1,1,2
/media/ullmann/HDDGabriel/research/engines/panda3d/panda/src/pnmtext/freetypeFace.I,0,1,1
/media/ullmann/HDDGabriel/research/engines/panda3d/panda/src/vision/arToolKit.cxx,2,1,3
/media/ullmann/HDDGabriel/research/engines/panda3d/panda/src/gobj/geomLinestrips.cxx,4,1,5
/media/ullmann/HDDGabriel/research/engines/panda3d/panda/src/text/staticTextFont.cxx,2,1,3
/media/ullmann/HDDGabriel/research/engines/panda3d/panda/src/pipeline/externalThread.cxx,1,1,2
/media/ullmann/HDDGabriel/research/engines/panda3d/direct/src/distributed/cDistributedSmoothNodeBase.cxx,3,0,3
/media/ullmann/HDDGabriel/research/engines/panda3d/dtool/src/prc/configVariable.cxx,2,1,3
/media/ullmann/HDDGabriel/research/engines/panda3d/panda/src/bullet/bulletGhostNode.I,0,1,1
/media/ullmann/HDDGabriel/research/engines/panda3d/panda/src/egg/eggObject.cxx,1,1,2
/media/ullmann/HDDGabriel/research/engines/panda3d/panda/src/parametrics/nurbsSurfaceEvaluator.I,0,1,1
/media/ullmann/HDDGabriel/research/engines/panda3d/panda/src/recorder/mouseRecorder.h,1,2,3
/media/ullmann/HDDGabriel/research/engines/panda3d/panda/src/putil/load_prc_file.h,0,1,1
/media/ullmann/HDDGabriel/research/engines/panda3d/panda/src/gobj/texturePeeker.cxx,1,1,2
/media/ullmann/HDDGabriel/research/engines/panda3d/panda/src/display/graphicsPipe.I,0,1,1
/media/ullmann/HDDGabriel/research/engines/panda3d/panda/src/pgraph/colorBlendAttrib.cxx,1,1,2
/media/ullmann/HDDGabriel/research/engines/panda3d/panda/src/egg/eggMiscFuncs.I,0,1,1
/media/ullmann/HDDGabriel/research/engines/panda3d/panda/src/pstatclient/pStatClientImpl.I,0,1,1
/media/ullmann/HDDGabriel/research/engines/panda3d/panda/src/pgraph/shadeModelAttrib.cxx,1,1,2
/media/ullmann/HDDGabriel/research/engines/panda3d/panda/src/ode/odeMass.I,0,1,1
/media/ullmann/HDDGabriel/research/engines/panda3d/dtool/src/dtoolbase/mutexDummyImpl.cxx,2,1,3
/media/ullmann/HDDGabriel/research/engines/panda3d/panda/src/egg/vector_PT_EggVertex.cxx,1,1,2
/media/ullmann/HDDGabriel/research/engines/panda3d/direct/src/dcparser/primeNumberGenerator.cxx,1,1,2
/media/ullmann/HDDGabriel/research/engines/panda3d/pandatool/src/maya/mayaShaderColorDef.h,0,3,3
/media/ullmann/HDDGabriel/research/engines/panda3d/panda/src/tform/trackball.cxx,2,1,3
/media/ullmann/HDDGabriel/research/engines/panda3d/panda/metalibs/pandabullet/pandabullet.cxx,1,0,1
/media/ullmann/HDDGabriel/research/engines/panda3d/panda/metalibs/pandabullet/pandabullet.h,0,1,1
/media/ullmann/HDDGabriel/research/engines/panda3d/panda/src/net/netDatagram.I,0,1,1
/media/ullmann/HDDGabriel/research/engines/panda3d/dtool/src/cppparser/cppTemplateParameterList.cxx,4,1,5
/media/ullmann/HDDGabriel/research/engines/panda3d/contrib/src/ai/aiNode.h,1,2,3
/media/ullmann/HDDGabriel/research/engines/panda3d/panda/src/egg/eggCompositePrimitive.cxx,3,1,4
/media/ullmann/HDDGabriel/research/engines/panda3d/panda/src/ffmpeg/ffmpegVideo.cxx,3,1,4
/media/ullmann/HDDGabriel/research/engines/panda3d/panda/src/particlesystem/geomParticleRenderer.cxx,2,1,3
/media/ullmann/HDDGabriel/research/engines/panda3d/panda/src/bullet/bullet_utils.cxx,1,1,2
/media/ullmann/HDDGabriel/research/engines/panda3d/panda/src/pgraph/auxBitplaneAttrib.I,0,1,1
/media/ullmann/HDDGabriel/research/engines/panda3d/panda/src/physics/angularIntegrator.cxx,1,1,2
/media/ullmann/HDDGabriel/research/engines/panda3d/panda/src/mathutil/stackedPerlinNoise3.cxx,1,1,2
/media/ullmann/HDDGabriel/research/engines/panda3d/pandatool/src/palettizer/txaLine.h,1,2,3
/media/ullmann/HDDGabriel/research/engines/panda3d/panda/src/pgraph/paramNodePath.I,0,1,1
/media/ullmann/HDDGabriel/research/engines/panda3d/panda/src/egg/eggCoordinateSystem.I,0,1,1
/media/ullmann/HDDGabriel/research/engines/panda3d/panda/src/egg/eggTransform.I,0,1,1
/media/ullmann/HDDGabriel/research/engines/panda3d/panda/src/egg/eggGroupNode.I,0,1,1
/media/ullmann/HDDGabriel/research/engines/panda3d/panda/src/express/memoryUsagePointers.cxx,4,1,5
/media/ullmann/HDDGabriel/research/engines/panda3d/panda/src/express/memoryUsagePointers.h,3,3,6
/media/ullmann/HDDGabriel/research/engines/panda3d/panda/src/pstatclient/pStatClientVersion.cxx,2,1,3
/media/ullmann/HDDGabriel/research/engines/panda3d/pandatool/src/imageprogs/imageResize.cxx,1,0,1
/media/ullmann/HDDGabriel/research/engines/panda3d/pandatool/src/imageprogs/imageResize.h,1,1,2
/media/ullmann/HDDGabriel/research/engines/panda3d/panda/src/pipeline/lightReMutexDirect.cxx,2,1,3
/media/ullmann/HDDGabriel/research/engines/panda3d/panda/src/express/virtualFileMountZip.I,0,1,1
/media/ullmann/HDDGabriel/research/engines/panda3d/pandatool/src/lwo/lwoSurfaceColor.cxx,2,1,3
/media/ullmann/HDDGabriel/research/engines/panda3d/panda/src/pipeline/reMutexDirect.I,0,1,1
/media/ullmann/HDDGabriel/research/engines/panda3d/dtool/src/cppparser/cppMakeSeq.cxx,1,1,2
/media/ullmann/HDDGabriel/research/engines/panda3d/panda/src/ode/odePlane2dJoint.cxx,2,1,3
/media/ullmann/HDDGabriel/research/engines/panda3d/panda/src/pipeline/conditionVarDummyImpl.h,1,2,3
/media/ullmann/HDDGabriel/research/engines/panda3d/panda/src/nativenet/socket_ip.cxx,1,1,2
/media/ullmann/HDDGabriel/research/engines/panda3d/panda/src/cull/drawCullHandler.cxx,1,1,2
/media/ullmann/HDDGabriel/research/engines/panda3d/panda/src/grutil/shaderTerrainMesh.I,0,1,1
/media/ullmann/HDDGabriel/research/engines/panda3d/panda/src/express/weakReferenceList.h,1,3,4
/media/ullmann/HDDGabriel/research/engines/panda3d/panda/src/audiotraits/openalAudioManager.cxx,3,1,4
/media/ullmann/HDDGabriel/research/engines/panda3d/panda/src/physics/angularForce.cxx,1,1,2
/media/ullmann/HDDGabriel/research/engines/panda3d/direct/src/dcparser/dcSubatomicType.cxx,1,1,2
/media/ullmann/HDDGabriel/research/engines/panda3d/panda/src/egg/eggNode_ext.cxx,2,1,3
/media/ullmann/HDDGabriel/research/engines/panda3d/panda/src/pgraph/shaderAttrib.cxx,3,1,4
/media/ullmann/HDDGabriel/research/engines/panda3d/panda/src/physics/linearJitterForce.cxx,1,1,2
/media/ullmann/HDDGabriel/research/engines/panda3d/panda/src/egg/p3egg_ext_composite.cxx,4,0,4
/media/ullmann/HDDGabriel/research/engines/panda3d/panda/src/physics/test_physics.cxx,3,0,3
/media/ullmann/HDDGabriel/research/engines/panda3d/panda/src/pgraph/renderState_ext.cxx,1,1,2
/media/ullmann/HDDGabriel/research/engines/panda3d/panda/src/bullet/bulletFilterCallbackData.cxx,1,1,2
/media/ullmann/HDDGabriel/research/engines/panda3d/panda/src/downloader/download_utils.h,0,1,1
/media/ullmann/HDDGabriel/research/engines/panda3d/panda/src/glxdisplay/glxGraphicsPixmap.I,0,1,1
/media/ullmann/HDDGabriel/research/engines/panda3d/panda/src/display/graphicsWindowInputDevice.I,0,1,1
/media/ullmann/HDDGabriel/research/engines/panda3d/pandatool/src/win-stats/winStatsTimeline.h,1,2,3
/media/ullmann/HDDGabriel/research/engines/panda3d/panda/src/egg2pg/save_egg_file.h,0,2,2
/media/ullmann/HDDGabriel/research/engines/panda3d/direct/src/dcparser/dcPackerCatalog.I,0,1,1
/media/ullmann/HDDGabriel/research/engines/panda3d/panda/src/gobj/geomContext.cxx,1,1,2
/media/ullmann/HDDGabriel/research/engines/panda3d/panda/src/egg/vector_PT_EggMaterial.h,2,2,4
/media/ullmann/HDDGabriel/research/engines/panda3d/panda/src/grutil/heightfieldTesselator.I,0,1,1
/media/ullmann/HDDGabriel/research/engines/panda3d/panda/src/pstatclient/test_client.cxx,3,0,3
/media/ullmann/HDDGabriel/research/engines/panda3d/panda/src/doc/sampleClass.cxx,1,0,1
/media/ullmann/HDDGabriel/research/engines/panda3d/direct/src/interval/cLerpAnimEffectInterval.I,0,1,1
/media/ullmann/HDDGabriel/research/engines/panda3d/dtool/src/interrogate/interfaceMakerPythonSimple.cxx,6,1,7
/media/ullmann/HDDGabriel/research/engines/panda3d/panda/src/movies/userDataAudio.I,0,1,1
/media/ullmann/HDDGabriel/research/engines/panda3d/dtool/src/dtoolutil/lineStreamBuf.h,1,2,3
/media/ullmann/HDDGabriel/research/engines/panda3d/panda/src/linmath/lvecBase4_src.I,0,1,1
/media/ullmann/HDDGabriel/research/engines/panda3d/panda/src/pnmimagetypes/stb_image.h,0,1,1
/media/ullmann/HDDGabriel/research/engines/panda3d/panda/src/chan/animPreloadTable.h,1,4,5
/media/ullmann/HDDGabriel/research/engines/panda3d/panda/src/pnmtext/config_pnmtext.cxx,2,1,3
/media/ullmann/HDDGabriel/research/engines/panda3d/panda/src/pipeline/mutexDirect.I,0,1,1
/media/ullmann/HDDGabriel/research/engines/panda3d/panda/src/pgraphnodes/switchNode.h,2,2,4
/media/ullmann/HDDGabriel/research/engines/panda3d/dtool/src/interrogatedb/interrogateComponent.I,0,1,1
/media/ullmann/HDDGabriel/research/engines/panda3d/panda/src/tinydisplay/ztriangle.h,0,1,1
/media/ullmann/HDDGabriel/research/engines/panda3d/panda/src/chan/animBundleNode.cxx,1,1,2
/media/ullmann/HDDGabriel/research/engines/panda3d/panda/src/char/characterVertexSlider.I,0,1,1
/media/ullmann/HDDGabriel/research/engines/panda3d/panda/src/bullet/bulletConvexHullShape.I,0,1,1
/media/ullmann/HDDGabriel/research/engines/panda3d/dtool/src/dtoolutil/vector_double.h,1,2,3
/media/ullmann/HDDGabriel/research/engines/panda3d/panda/src/express/virtualFileComposite.cxx,1,1,2
/media/ullmann/HDDGabriel/research/engines/panda3d/panda/src/gobj/textureCollection_ext.cxx,1,1,2
/media/ullmann/HDDGabriel/research/engines/panda3d/panda/src/pnmimage/pnmWriter.I,0,1,1
/media/ullmann/HDDGabriel/research/engines/panda3d/panda/src/device/winRawInputDevice.h,1,2,3
/media/ullmann/HDDGabriel/research/engines/panda3d/panda/src/event/buttonEventList.I,0,1,1
/media/ullmann/HDDGabriel/research/engines/panda3d/panda/src/pgraph/nodePathCollection.I,0,1,1
/media/ullmann/HDDGabriel/research/engines/panda3d/pandatool/src/xfile/xFileDataNodeReference.h,2,2,4
/media/ullmann/HDDGabriel/research/engines/panda3d/pandatool/src/xfile/xFileDataNodeReference.I,0,1,1
/media/ullmann/HDDGabriel/research/engines/panda3d/pandatool/src/pandatoolbase/pathStore.cxx,1,1,2
/media/ullmann/HDDGabriel/research/engines/panda3d/panda/src/downloader/identityStream.cxx,2,1,3
/media/ullmann/HDDGabriel/research/engines/panda3d/panda/src/downloader/identityStream.h,3,2,5
/media/ullmann/HDDGabriel/research/engines/panda3d/contrib/src/ai/evade.cxx,1,1,2
/media/ullmann/HDDGabriel/research/engines/panda3d/pandatool/src/lwo/lwoSurfaceBlockAxis.h,1,4,5
/media/ullmann/HDDGabriel/research/engines/panda3d/panda/src/windisplay/winGraphicsWindow.cxx,3,1,4
/media/ullmann/HDDGabriel/research/engines/panda3d/panda/src/pstatclient/pStatCollectorDef.cxx,1,1,2
/media/ullmann/HDDGabriel/research/engines/panda3d/panda/src/parametrics/hermiteCurve.cxx,2,1,3
/media/ullmann/HDDGabriel/research/engines/panda3d/panda/src/distort/cylindricalLens.I,0,1,1
/media/ullmann/HDDGabriel/research/engines/panda3d/panda/src/pgraph/auxSceneData.h,1,3,4
/media/ullmann/HDDGabriel/research/engines/panda3d/panda/src/pgraph/auxSceneData.I,0,1,1
/media/ullmann/HDDGabriel/research/engines/panda3d/panda/src/skel/typedSkel.cxx,1,1,2
/media/ullmann/HDDGabriel/research/engines/panda3d/panda/src/skel/typedSkel.h,1,2,3
/media/ullmann/HDDGabriel/research/engines/panda3d/panda/src/pgraph/textureStageCollection.cxx,1,1,2
/media/ullmann/HDDGabriel/research/engines/panda3d/panda/src/pgraph/nodePath_ext.h,2,1,3
/media/ullmann/HDDGabriel/research/engines/panda3d/panda/src/bullet/bulletRigidBodyNode.I,0,1,1
/media/ullmann/HDDGabriel/research/engines/panda3d/panda/src/linmath/lpoint4_src.I,0,1,1
/media/ullmann/HDDGabriel/research/engines/panda3d/panda/src/parametrics/ropeNode.I,0,1,1
/media/ullmann/HDDGabriel/research/engines/panda3d/dtool/src/parser-inc/windows.h,2,0,2
/media/ullmann/HDDGabriel/research/engines/panda3d/dtool/src/parser-inc/synchapi.h,1,1,2
/media/ullmann/HDDGabriel/research/engines/panda3d/dtool/metalibs/dtoolconfig/pydtool.cxx,2,0,2
/media/ullmann/HDDGabriel/research/engines/panda3d/dtool/src/interrogatedb/interrogate_interface.h,0,4,4
/media/ullmann/HDDGabriel/research/engines/panda3d/panda/src/gobj/transformBlend.h,2,3,5
/media/ullmann/HDDGabriel/research/engines/panda3d/dtool/src/cppparser/cppArrayType.cxx,3,1,4
/media/ullmann/HDDGabriel/research/engines/panda3d/panda/src/pnmimage/convert_srgb_sse2.cxx,1,0,1
/media/ullmann/HDDGabriel/research/engines/panda3d/panda/src/physics/angularVectorForce.cxx,1,1,2
/media/ullmann/HDDGabriel/research/engines/panda3d/panda/src/pipeline/pipelineCyclerTrivialImpl.h,3,2,5
/media/ullmann/HDDGabriel/research/engines/panda3d/panda/src/pipeline/pipelineCyclerTrivialImpl.I,0,1,1
/media/ullmann/HDDGabriel/research/engines/panda3d/direct/src/directbase/directbase.cxx,1,0,1
/media/ullmann/HDDGabriel/research/engines/panda3d/panda/metalibs/pandagl/pandagl.cxx,1,0,1
/media/ullmann/HDDGabriel/research/engines/panda3d/panda/metalibs/pandagl/pandagl.h,0,1,1
/media/ullmann/HDDGabriel/research/engines/panda3d/panda/src/pgraph/materialAttrib.I,0,1,1
/media/ullmann/HDDGabriel/research/engines/panda3d/panda/src/display/displaySearchParameters.h,0,1,1
/media/ullmann/HDDGabriel/research/engines/panda3d/panda/src/linmath/lquaternion_src.cxx,3,1,4
/media/ullmann/HDDGabriel/research/engines/panda3d/panda/src/pgraphnodes/lightNode.h,1,3,4
/media/ullmann/HDDGabriel/research/engines/panda3d/dtool/src/dtoolutil/vector_stdfloat.h,2,0,2
/media/ullmann/HDDGabriel/research/engines/panda3d/panda/src/pnmtext/config_pnmtext.h,0,4,4
/media/ullmann/HDDGabriel/research/engines/panda3d/panda/src/event/eventReceiver.h,0,1,1
/media/ullmann/HDDGabriel/research/engines/panda3d/panda/src/ode/odeHelperStructs.h,0,1,1
/media/ullmann/HDDGabriel/research/engines/panda3d/panda/src/pstatclient/pStatClient.I,0,1,1
/media/ullmann/HDDGabriel/research/engines/panda3d/panda/src/skel/basicSkel.cxx,1,1,2
/media/ullmann/HDDGabriel/research/engines/panda3d/contrib/src/speedtree/config_speedtree.h,0,1,1
/media/ullmann/HDDGabriel/research/engines/panda3d/panda/src/gobj/texturePoolFilter.I,0,1,1
/media/ullmann/HDDGabriel/research/engines/panda3d/panda/src/gobj/vertexTransform.I,0,1,1
/media/ullmann/HDDGabriel/research/engines/panda3d/panda/src/putil/cachedTypedWritableReferenceCount.I,0,1,1
/media/ullmann/HDDGabriel/research/engines/panda3d/panda/src/pipeline/contextSwitch_longjmp_src.c,0,1,1
/media/ullmann/HDDGabriel/research/engines/panda3d/direct/src/dcparser/dcPackData.I,0,1,1
/media/ullmann/HDDGabriel/research/engines/panda3d/pandatool/src/lwo/iffId.I,0,1,1
/media/ullmann/HDDGabriel/research/engines/panda3d/panda/src/event/asyncFuture_ext.cxx,5,0,5
/media/ullmann/HDDGabriel/research/engines/panda3d/panda/src/parametrics/cubicCurveseg.h,1,4,5
/media/ullmann/HDDGabriel/research/engines/panda3d/panda/src/express/virtualFileMountMultifile.I,0,1,1
/media/ullmann/HDDGabriel/research/engines/panda3d/panda/src/express/pta_uchar.cxx,1,1,2
/media/ullmann/HDDGabriel/research/engines/panda3d/panda/src/egg/eggMesherFanMaker.I,0,1,1
/media/ullmann/HDDGabriel/research/engines/panda3d/panda/src/ode/odeLMotorJoint.I,0,1,1
/media/ullmann/HDDGabriel/research/engines/panda3d/dtool/src/dtoolbase/atomicAdjustGccImpl.I,0,1,1
/media/ullmann/HDDGabriel/research/engines/panda3d/panda/src/ode/odeContact.I,0,1,1
/media/ullmann/HDDGabriel/research/engines/panda3d/panda/src/gobj/geomCacheEntry.cxx,3,1,4
/media/ullmann/HDDGabriel/research/engines/panda3d/direct/src/interval/cConstrainTransformInterval.h,2,2,4
/media/ullmann/HDDGabriel/research/engines/panda3d/panda/src/particlesystem/zSpinParticleFactory.cxx,2,1,3
/media/ullmann/HDDGabriel/research/engines/panda3d/panda/src/putil/keyboardButton.cxx,2,1,3
/media/ullmann/HDDGabriel/research/engines/panda3d/contrib/src/speedtree/stTerrain.I,0,1,1
/media/ullmann/HDDGabriel/research/engines/panda3d/panda/src/ode/p3ode_ext_composite.cxx,5,0,5
/media/ullmann/HDDGabriel/research/engines/panda3d/dtool/src/dtoolbase/mutexSpinlockImpl.I,0,1,1
/media/ullmann/HDDGabriel/research/engines/panda3d/panda/src/putil/typedWritable_ext.h,1,1,2
/media/ullmann/HDDGabriel/research/engines/panda3d/panda/src/bullet/bulletSphereShape.cxx,2,1,3
/media/ullmann/HDDGabriel/research/engines/panda3d/panda/src/audio/test_audio.cxx,2,0,2
/media/ullmann/HDDGabriel/research/engines/panda3d/panda/src/pgraphnodes/lightLensNode.I,0,1,1
/media/ullmann/HDDGabriel/research/engines/panda3d/panda/src/pgraph/shaderAttrib.I,0,1,1
/media/ullmann/HDDGabriel/research/engines/panda3d/panda/src/particlesystem/lineParticleRenderer.I,0,1,1
/media/ullmann/HDDGabriel/research/engines/panda3d/panda/src/putil/clockObject.cxx,2,1,3
/media/ullmann/HDDGabriel/research/engines/panda3d/pandatool/src/dxfprogs/dxfPoints.cxx,1,0,1
/media/ullmann/HDDGabriel/research/engines/panda3d/pandatool/src/dxfprogs/dxfPoints.h,0,1,1
/media/ullmann/HDDGabriel/research/engines/panda3d/panda/src/glstuff/glVertexBufferContext_src.h,1,1,2
/media/ullmann/HDDGabriel/research/engines/panda3d/panda/src/net/test_datagram.cxx,1,0,1
/media/ullmann/HDDGabriel/research/engines/panda3d/panda/src/downloader/chunkedStreamBuf.cxx,2,1,3
/media/ullmann/HDDGabriel/research/engines/panda3d/panda/src/pgraph/renderAttrib.cxx,2,1,3
/media/ullmann/HDDGabriel/research/engines/panda3d/pandatool/src/flt/fltTransformRotateAboutEdge.h,1,3,4
/media/ullmann/HDDGabriel/research/engines/panda3d/panda/src/downloader/documentSpec.I,0,1,1
/media/ullmann/HDDGabriel/research/engines/panda3d/panda/src/recorder/recorderHeader.I,0,1,1
/media/ullmann/HDDGabriel/research/engines/panda3d/pandatool/src/bam/bamToEgg.cxx,1,0,1
/media/ullmann/HDDGabriel/research/engines/panda3d/pandatool/src/bam/bamToEgg.h,0,1,1
/media/ullmann/HDDGabriel/research/engines/panda3d/pandatool/src/xfileprogs/xFileTrans.cxx,1,0,1
/media/ullmann/HDDGabriel/research/engines/panda3d/pandatool/src/xfileprogs/xFileTrans.h,0,1,1
/media/ullmann/HDDGabriel/research/engines/panda3d/panda/src/recorder/socketStreamRecorder.I,0,1,1
/media/ullmann/HDDGabriel/research/engines/panda3d/pandatool/src/lwoegg/cLwoPoints.I,0,1,1
/media/ullmann/HDDGabriel/research/engines/panda3d/panda/src/pgraph/weakNodePath.cxx,1,1,2
/media/ullmann/HDDGabriel/research/engines/panda3d/contrib/src/rplight/shadowManager.cxx,1,1,2
/media/ullmann/HDDGabriel/research/engines/panda3d/panda/src/movies/inkblotVideo.h,2,3,5
/media/ullmann/HDDGabriel/research/engines/panda3d/panda/src/gobj/matrixLens.cxx,1,1,2
/media/ullmann/HDDGabriel/research/engines/panda3d/panda/src/char/config_char.h,0,3,3
/media/ullmann/HDDGabriel/research/engines/panda3d/panda/src/express/datagramGenerator.h,2,1,3
/media/ullmann/HDDGabriel/research/engines/panda3d/panda/src/express/datagramGenerator.I,0,1,1
/media/ullmann/HDDGabriel/research/engines/panda3d/dtool/src/dtoolbase/mutexWin32Impl.I,0,1,1
/media/ullmann/HDDGabriel/research/engines/panda3d/panda/src/bullet/bulletConeShape.cxx,3,1,4
/media/ullmann/HDDGabriel/research/engines/panda3d/panda/src/chan/animChannelMatrixXfmTable.I,0,1,1
/media/ullmann/HDDGabriel/research/engines/panda3d/panda/src/bullet/bulletContactCallbackData.I,0,1,1
/media/ullmann/HDDGabriel/research/engines/panda3d/panda/src/cull/cullBinStateSorted.h,1,2,3
/media/ullmann/HDDGabriel/research/engines/panda3d/panda/src/cull/cullBinStateSorted.I,0,1,1
/media/ullmann/HDDGabriel/research/engines/panda3d/panda/src/nativenet/socket_udp.cxx,1,1,2
/media/ullmann/HDDGabriel/research/engines/panda3d/pandatool/src/objprogs/eggToObj.cxx,1,0,1
/media/ullmann/HDDGabriel/research/engines/panda3d/pandatool/src/objprogs/eggToObj.h,0,1,1
/media/ullmann/HDDGabriel/research/engines/panda3d/panda/src/cull/cullBinFixed.I,0,1,1
/media/ullmann/HDDGabriel/research/engines/panda3d/panda/src/pnmimage/pfmFile_ext.h,1,1,2
/media/ullmann/HDDGabriel/research/engines/panda3d/pandatool/src/xfile/xFileDataNodeTemplate.I,0,1,1
/media/ullmann/HDDGabriel/research/engines/panda3d/panda/src/display/graphicsWindow.I,0,1,1
/media/ullmann/HDDGabriel/research/engines/panda3d/panda/src/pgraph/pandaNode_ext.cxx,1,1,2
/media/ullmann/HDDGabriel/research/engines/panda3d/panda/src/tinydisplay/tinyXGraphicsWindow.cxx,4,1,5
/media/ullmann/HDDGabriel/research/engines/panda3d/dtool/src/parser-inc/zlib.h,1,0,1
/media/ullmann/HDDGabriel/research/engines/panda3d/dtool/src/parser-inc/zconf.h,0,1,1
/media/ullmann/HDDGabriel/research/engines/panda3d/panda/src/linmath/deg_2_rad.h,2,5,7
/media/ullmann/HDDGabriel/research/engines/panda3d/panda/src/gobj/transformBlendTable.I,0,1,1
/media/ullmann/HDDGabriel/research/engines/panda3d/contrib/src/rplight/internalLightManager.I,0,1,1
/media/ullmann/HDDGabriel/research/engines/panda3d/dtool/src/interrogatedb/interrogateFunction.I,0,1,1
/media/ullmann/HDDGabriel/research/engines/panda3d/panda/src/display/graphicsDevice.I,0,1,1
/media/ullmann/HDDGabriel/research/engines/panda3d/panda/src/pstatclient/pStatCollectorForward.cxx,1,1,2
/media/ullmann/HDDGabriel/research/engines/panda3d/panda/src/pgraph/cacheStats.I,0,1,1
/media/ullmann/HDDGabriel/research/engines/panda3d/pandatool/src/egg-mkfont/rangeDescription.h,1,3,4
/media/ullmann/HDDGabriel/research/engines/panda3d/pandatool/src/egg-mkfont/rangeDescription.I,0,1,1
/media/ullmann/HDDGabriel/research/engines/panda3d/panda/src/vision/webcamVideo.I,0,1,1
/media/ullmann/HDDGabriel/research/engines/panda3d/panda/src/display/renderBuffer.h,0,5,5
/media/ullmann/HDDGabriel/research/engines/panda3d/panda/src/device/evdevInputDevice.cxx,2,1,3
/media/ullmann/HDDGabriel/research/engines/panda3d/panda/src/mathutil/fftCompressor.h,0,1,1
/media/ullmann/HDDGabriel/research/engines/panda3d/panda/src/gobj/transformBlend.cxx,1,1,2
/media/ullmann/HDDGabriel/research/engines/panda3d/panda/src/chan/animChannelMatrixFixed.cxx,1,1,2
/media/ullmann/HDDGabriel/research/engines/panda3d/pandatool/src/egg-qtess/qtessGlobals.cxx,1,1,2
/media/ullmann/HDDGabriel/research/engines/panda3d/pandatool/src/egg-qtess/qtessGlobals.h,0,4,4
/media/ullmann/HDDGabriel/research/engines/panda3d/panda/src/particlesystem/baseParticleFactory.I,0,1,1
/media/ullmann/HDDGabriel/research/engines/panda3d/pandatool/src/xfile/xFileDataNodeReference.cxx,1,1,2
/media/ullmann/HDDGabriel/research/engines/panda3d/panda/src/putil/pbitops.cxx,1,1,2
/media/ullmann/HDDGabriel/research/engines/panda3d/pandatool/src/eggcharbase/eggComponentData.I,0,1,1
/media/ullmann/HDDGabriel/research/engines/panda3d/dtool/src/prc/configFlags.I,0,1,1
/media/ullmann/HDDGabriel/research/engines/panda3d/panda/src/collide/collisionGeom.I,0,1,1
/media/ullmann/HDDGabriel/research/engines/panda3d/panda/src/express/weakPointerToBase.cxx,1,1,2
/media/ullmann/HDDGabriel/research/engines/panda3d/panda/src/glxdisplay/glxGraphicsBuffer.I,0,1,1
/media/ullmann/HDDGabriel/research/engines/panda3d/panda/src/char/characterJointEffect.I,0,1,1
/media/ullmann/HDDGabriel/research/engines/panda3d/panda/src/egg/eggVertex.I,0,1,1
/media/ullmann/HDDGabriel/research/engines/panda3d/panda/src/glesgsg/config_glesgsg.cxx,2,1,3
/media/ullmann/HDDGabriel/research/engines/panda3d/dtool/src/dtoolbase/neverFreeMemory.cxx,3,1,4
/media/ullmann/HDDGabriel/research/engines/panda3d/panda/src/gobj/geom.I,0,1,1
/media/ullmann/HDDGabriel/research/engines/panda3d/pandatool/src/vrmlegg/vrmlToEggConverter.h,0,1,1
/media/ullmann/HDDGabriel/research/engines/panda3d/panda/src/express/virtualFileComposite.I,0,1,1
/media/ullmann/HDDGabriel/research/engines/panda3d/panda/src/glstuff/glSamplerContext_src.cxx,0,1,1
/media/ullmann/HDDGabriel/research/engines/panda3d/panda/src/pnmimage/pfmFile_ext.cxx,1,0,1
/media/ullmann/HDDGabriel/research/engines/panda3d/panda/src/bullet/bulletCharacterControllerNode.cxx,3,1,4
/media/ullmann/HDDGabriel/research/engines/panda3d/panda/src/ode/odeJoint.I,0,1,1
/media/ullmann/HDDGabriel/research/engines/panda3d/panda/src/downloader/decompressor.h,1,1,2
/media/ullmann/HDDGabriel/research/engines/panda3d/panda/src/downloader/decompressor.I,0,1,1
/media/ullmann/HDDGabriel/research/engines/panda3d/panda/src/linmath/lrotation_src.cxx,0,1,1
/media/ullmann/HDDGabriel/research/engines/panda3d/panda/src/device/clientDevice.I,0,1,1
/media/ullmann/HDDGabriel/research/engines/panda3d/dtool/src/dtoolutil/preprocess_argv.h,0,1,1
/media/ullmann/HDDGabriel/research/engines/panda3d/panda/metalibs/pandaegg/pandaeggnopg.cxx,1,0,1
/media/ullmann/HDDGabriel/research/engines/panda3d/panda/src/device/dialNode.cxx,2,1,3
/media/ullmann/HDDGabriel/research/engines/panda3d/panda/src/express/export_dtool.h,0,1,1
/media/ullmann/HDDGabriel/research/engines/panda3d/pandatool/src/lwo/lwoPoints.cxx,2,1,3
/media/ullmann/HDDGabriel/research/engines/panda3d/panda/src/mathutil/unionBoundingVolume.cxx,2,1,3
/media/ullmann/HDDGabriel/research/engines/panda3d/contrib/src/rplight/pssmCameraRig.I,0,1,1
/media/ullmann/HDDGabriel/research/engines/panda3d/panda/src/distort/cylindricalLens.cxx,1,1,2
/media/ullmann/HDDGabriel/research/engines/panda3d/direct/src/directd/directd.cxx,1,0,1
/media/ullmann/HDDGabriel/research/engines/panda3d/direct/src/directd/directd.h,0,1,1
/media/ullmann/HDDGabriel/research/engines/panda3d/panda/src/pgraphnodes/switchNode.cxx,1,1,2
/media/ullmann/HDDGabriel/research/engines/panda3d/dtool/src/parser-inc/opus/opus.h,1,1,2
/media/ullmann/HDDGabriel/research/engines/panda3d/dtool/src/parser-inc/opus/opus_types.h,0,1,1
/media/ullmann/HDDGabriel/research/engines/panda3d/panda/src/gobj/geomContext.h,3,3,6
/media/ullmann/HDDGabriel/research/engines/panda3d/panda/src/particlesystem/sparkleParticleRenderer.h,3,1,4
/media/ullmann/HDDGabriel/research/engines/panda3d/panda/src/pgraph/occluderNode.I,0,1,1
/media/ullmann/HDDGabriel/research/engines/panda3d/pandatool/src/bam/bamInfo.cxx,1,0,1
/media/ullmann/HDDGabriel/research/engines/panda3d/pandatool/src/bam/bamInfo.h,0,1,1
/media/ullmann/HDDGabriel/research/engines/panda3d/panda/src/ode/odeRayGeom.I,0,1,1
/media/ullmann/HDDGabriel/research/engines/panda3d/panda/src/express/password_hash.cxx,1,1,2
/media/ullmann/HDDGabriel/research/engines/panda3d/panda/src/express/password_hash.h,0,1,1
/media/ullmann/HDDGabriel/research/engines/panda3d/panda/src/android/android_native_app_glue.c,1,0,1
/media/ullmann/HDDGabriel/research/engines/panda3d/direct/src/directdServer/directdClient.cxx,1,0,1
/media/ullmann/HDDGabriel/research/engines/panda3d/direct/src/directdServer/directdClient.h,0,1,1
/media/ullmann/HDDGabriel/research/engines/panda3d/panda/src/putil/clockObject.I,0,1,1
/media/ullmann/HDDGabriel/research/engines/panda3d/panda/src/linmath/lvecBase2_ext_src.h,1,1,2
/media/ullmann/HDDGabriel/research/engines/panda3d/dtool/src/dtoolutil/executionEnvironment.I,0,1,1
/media/ullmann/HDDGabriel/research/engines/panda3d/panda/src/pgraph/nodePathCollection_ext.h,1,1,2
/media/ullmann/HDDGabriel/research/engines/panda3d/panda/src/audiotraits/openalAudioManager.h,0,4,4
/media/ullmann/HDDGabriel/research/engines/panda3d/dtool/src/interrogatedb/config_interrogatedb.cxx,2,1,3
/media/ullmann/HDDGabriel/research/engines/panda3d/dtool/src/cppparser/cppTypeDeclaration.cxx,1,1,2
/media/ullmann/HDDGabriel/research/engines/panda3d/pandatool/src/maxegg/maxEgg.cxx,1,1,2
/media/ullmann/HDDGabriel/research/engines/panda3d/panda/src/tform/mouseSubregion.I,0,1,1
/media/ullmann/HDDGabriel/research/engines/panda3d/panda/src/particlesystem/discEmitter.cxx,1,1,2
/media/ullmann/HDDGabriel/research/engines/panda3d/panda/src/pgraph/transformState.cxx,2,1,3
/media/ullmann/HDDGabriel/research/engines/panda3d/panda/src/downloader/patcher.cxx,2,1,3
/media/ullmann/HDDGabriel/research/engines/panda3d/panda/src/downloader/patcher.h,1,1,2
/media/ullmann/HDDGabriel/research/engines/panda3d/panda/src/pipeline/threadDummyImpl.I,0,1,1
/media/ullmann/HDDGabriel/research/engines/panda3d/dtool/src/parser-inc/wtypes.h,0,2,2
/media/ullmann/HDDGabriel/research/engines/panda3d/panda/src/egg/eggMorph.h,1,2,3
/media/ullmann/HDDGabriel/research/engines/panda3d/panda/src/pnmimage/pfmFile.I,0,1,1
/media/ullmann/HDDGabriel/research/engines/panda3d/panda/src/collide/collisionNode.cxx,2,1,3
/media/ullmann/HDDGabriel/research/engines/panda3d/panda/src/pgraph/nodePathComponent.I,0,1,1
/media/ullmann/HDDGabriel/research/engines/panda3d/dtool/src/interrogate/parameterRemapConcreteToPointer.h,1,2,3
/media/ullmann/HDDGabriel/research/engines/panda3d/panda/src/mathutil/stackedPerlinNoise2.cxx,1,1,2
/media/ullmann/HDDGabriel/research/engines/panda3d/panda/src/glstuff/glSamplerContext_src.h,0,1,1
/media/ullmann/HDDGabriel/research/engines/panda3d/panda/src/putil/doubleBitMask.I,0,1,1
/media/ullmann/HDDGabriel/research/engines/panda3d/panda/src/gobj/vertexBufferContext.I,0,1,1
/media/ullmann/HDDGabriel/research/engines/panda3d/panda/src/pgraph/cullResult.I,0,1,1
/media/ullmann/HDDGabriel/research/engines/panda3d/panda/src/putil/gamepadButton.h,1,2,3
/media/ullmann/HDDGabriel/research/engines/panda3d/panda/src/express/pointerToArray_ext.I,0,1,1
/media/ullmann/HDDGabriel/research/engines/panda3d/panda/src/event/asyncFuture.I,0,1,1
/media/ullmann/HDDGabriel/research/engines/panda3d/pandatool/src/imageprogs/imageTransformColors.cxx,1,0,1
/media/ullmann/HDDGabriel/research/engines/panda3d/pandatool/src/imageprogs/imageTransformColors.h,1,1,2
/media/ullmann/HDDGabriel/research/engines/panda3d/panda/src/putil/bitArray.I,0,1,1
/media/ullmann/HDDGabriel/research/engines/panda3d/panda/src/physics/physicsObject.I,0,1,1
/media/ullmann/HDDGabriel/research/engines/panda3d/panda/src/downloader/httpCookie.cxx,2,1,3
/media/ullmann/HDDGabriel/research/engines/panda3d/panda/src/gobj/material.I,0,1,1
/media/ullmann/HDDGabriel/research/engines/panda3d/dtool/src/dtoolutil/lineStreamBuf.I,0,1,1
/media/ullmann/HDDGabriel/research/engines/panda3d/panda/src/wgldisplay/wglGraphicsWindow.h,1,3,4
/media/ullmann/HDDGabriel/research/engines/panda3d/panda/src/particlesystem/particles.h,2,0,2
/media/ullmann/HDDGabriel/research/engines/panda3d/panda/src/collide/collisionHandlerQueue_ext.h,1,1,2
/media/ullmann/HDDGabriel/research/engines/panda3d/panda/src/ode/odeTriMeshGeom.I,0,1,1
/media/ullmann/HDDGabriel/research/engines/panda3d/contrib/src/rplight/shadowAtlas.I,0,1,1
/media/ullmann/HDDGabriel/research/engines/panda3d/panda/src/downloader/downloadDb.h,1,1,2
/media/ullmann/HDDGabriel/research/engines/panda3d/panda/src/downloader/downloadDb.I,0,1,1
/media/ullmann/HDDGabriel/research/engines/panda3d/panda/src/cull/cullBinStateSorted.cxx,1,1,2
/media/ullmann/HDDGabriel/research/engines/panda3d/panda/src/ode/odeCollisionEntry.I,0,1,1
/media/ullmann/HDDGabriel/research/engines/panda3d/panda/src/downloader/httpChannel.I,0,1,1
/media/ullmann/HDDGabriel/research/engines/panda3d/pandatool/src/lwo/lwoSurfaceBlockCoordSys.h,1,3,4
/media/ullmann/HDDGabriel/research/engines/panda3d/panda/src/net/datagram_ui.cxx,1,0,1
/media/ullmann/HDDGabriel/research/engines/panda3d/dtool/src/interrogatedb/interrogateManifest.I,0,1,1
/media/ullmann/HDDGabriel/research/engines/panda3d/panda/src/mathutil/plane_src.h,1,1,2
/media/ullmann/HDDGabriel/research/engines/panda3d/panda/src/pgraph/nodePath_ext.I,0,1,1
/media/ullmann/HDDGabriel/research/engines/panda3d/panda/src/pgraph/renderModeAttrib.cxx,1,1,2
/media/ullmann/HDDGabriel/research/engines/panda3d/dtool/src/cppparser/cppUsing.h,1,2,3
/media/ullmann/HDDGabriel/research/engines/panda3d/panda/src/egldisplay/eglGraphicsWindow.I,0,1,1
/media/ullmann/HDDGabriel/research/engines/panda3d/panda/src/movies/inkblotVideo.I,0,1,1
/media/ullmann/HDDGabriel/research/engines/panda3d/panda/src/framework/rock_floor.rgb_src.c,0,1,1
/media/ullmann/HDDGabriel/research/engines/panda3d/panda/src/pgraph/cullTraverserData.I,0,1,1
/media/ullmann/HDDGabriel/research/engines/panda3d/panda/src/chan/animPreloadTable.I,0,1,1
/media/ullmann/HDDGabriel/research/engines/panda3d/panda/src/ffmpeg/ffmpegVideo.I,0,1,1
/media/ullmann/HDDGabriel/research/engines/panda3d/dtool/src/parser-inc/stdlib.h,1,1,2
/media/ullmann/HDDGabriel/research/engines/panda3d/pandatool/src/eggcharbase/eggCharacterCollection.h,2,3,5
/media/ullmann/HDDGabriel/research/engines/panda3d/pandatool/src/eggcharbase/eggCharacterDb.I,0,1,1
/media/ullmann/HDDGabriel/research/engines/panda3d/panda/src/linmath/lvecBase2_ext_src.I,0,1,1
/media/ullmann/HDDGabriel/research/engines/panda3d/panda/src/gles2gsg/panda_esgl2ext.h,0,1,1
/media/ullmann/HDDGabriel/research/engines/panda3d/panda/src/pgraph/modelRoot.I,0,1,1
/media/ullmann/HDDGabriel/research/engines/panda3d/dtool/src/interrogate/parameterRemapBasicStringToString.h,1,2,3
/media/ullmann/HDDGabriel/research/engines/panda3d/panda/src/movies/movieVideo.I,0,1,1
/media/ullmann/HDDGabriel/research/engines/panda3d/dtool/src/dtoolutil/globPattern_ext.h,1,1,2
/media/ullmann/HDDGabriel/research/engines/panda3d/panda/src/ode/odeSphereGeom.cxx,2,1,3
/media/ullmann/HDDGabriel/research/engines/panda3d/panda/src/collide/collisionHandler.I,0,1,1
/media/ullmann/HDDGabriel/research/engines/panda3d/dtool/src/prc/configVariableList.I,0,1,1
/media/ullmann/HDDGabriel/research/engines/panda3d/pandatool/src/xfile/xFileNode.I,0,1,1
/media/ullmann/HDDGabriel/research/engines/panda3d/panda/src/bullet/bulletSphericalConstraint.I,0,1,1
/media/ullmann/HDDGabriel/research/engines/panda3d/panda/src/ode/odeTriMeshData.I,0,1,1
/media/ullmann/HDDGabriel/research/engines/panda3d/panda/src/chan/animBundleNode.I,0,1,1
/media/ullmann/HDDGabriel/research/engines/panda3d/panda/src/gobj/vertexDataBuffer.cxx,2,1,3
/media/ullmann/HDDGabriel/research/engines/panda3d/panda/src/pipeline/cyclerHolder.cxx,1,1,2
/media/ullmann/HDDGabriel/research/engines/panda3d/pandatool/src/mayaegg/mayaEggLoader.cxx,1,0,1
/media/ullmann/HDDGabriel/research/engines/panda3d/pandatool/src/mayaegg/mayaEggLoader.h,0,1,1
/media/ullmann/HDDGabriel/research/engines/panda3d/panda/src/cull/drawCullHandler.h,1,1,2
/media/ullmann/HDDGabriel/research/engines/panda3d/panda/src/bullet/bulletBodyNode.I,0,1,1
/media/ullmann/HDDGabriel/research/engines/panda3d/panda/src/linmath/cast_to_double.h,2,0,2
/media/ullmann/HDDGabriel/research/engines/panda3d/panda/src/linmath/cast_to_double.I,0,1,1
/media/ullmann/HDDGabriel/research/engines/panda3d/panda/src/glstuff/glmisc_src.h,0,1,1
/media/ullmann/HDDGabriel/research/engines/panda3d/panda/src/express/circBuffer.h,1,0,1
/media/ullmann/HDDGabriel/research/engines/panda3d/panda/src/express/circBuffer.I,0,1,1
/media/ullmann/HDDGabriel/research/engines/panda3d/panda/src/putil/typedWritableReferenceCount.h,2,7,9
/media/ullmann/HDDGabriel/research/engines/panda3d/panda/src/text/dynamicTextFont.I,0,1,1
/media/ullmann/HDDGabriel/research/engines/panda3d/panda/src/linmath/lmatrix3_src.cxx,0,1,1
/media/ullmann/HDDGabriel/research/engines/panda3d/pandatool/src/lwo/lwoSurfaceBlockRefObj.cxx,2,1,3
/media/ullmann/HDDGabriel/research/engines/panda3d/panda/src/egg/eggUtilities.I,0,1,1
/media/ullmann/HDDGabriel/research/engines/panda3d/panda/src/collide/collisionTraverser.I,0,1,1
/media/ullmann/HDDGabriel/research/engines/panda3d/panda/src/nativenet/buffered_datagramreader.I,0,1,1
/media/ullmann/HDDGabriel/research/engines/panda3d/panda/src/movies/movieTypeRegistry.I,0,1,1
/media/ullmann/HDDGabriel/research/engines/panda3d/panda/src/linmath/mathNumbers.I,0,1,1
/media/ullmann/HDDGabriel/research/engines/panda3d/panda/src/device/clientTrackerDevice.cxx,1,1,2
/media/ullmann/HDDGabriel/research/engines/panda3d/panda/src/putil/factory.I,0,1,1
/media/ullmann/HDDGabriel/research/engines/panda3d/panda/src/glxdisplay/glxGraphicsStateGuardian.I,0,1,1
/media/ullmann/HDDGabriel/research/engines/panda3d/panda/src/text/staticTextFont.I,0,1,1
/media/ullmann/HDDGabriel/research/engines/panda3d/pandatool/src/lwo/lwoSurfaceBlockAxis.cxx,2,1,3
/media/ullmann/HDDGabriel/research/engines/panda3d/panda/src/linmath/lvector2_ext_src.I,0,1,1
/media/ullmann/HDDGabriel/research/engines/panda3d/panda/src/glstuff/glGeomMunger_src.cxx,0,1,1
/media/ullmann/HDDGabriel/research/engines/panda3d/panda/src/nativenet/socket_udp.h,1,2,3
/media/ullmann/HDDGabriel/research/engines/panda3d/panda/src/pgraph/decalEffect.I,0,1,1
/media/ullmann/HDDGabriel/research/engines/panda3d/panda/src/express/referenceCount.cxx,1,1,2
/media/ullmann/HDDGabriel/research/engines/panda3d/pandatool/src/lwo/lwoSurfaceBlockProjection.h,1,3,4
/media/ullmann/HDDGabriel/research/engines/panda3d/panda/src/linmath/lvector4_src.cxx,0,1,1
/media/ullmann/HDDGabriel/research/engines/panda3d/panda/src/gobj/texture_ext.h,1,1,2
/media/ullmann/HDDGabriel/research/engines/panda3d/panda/src/physics/linearNoiseForce.I,0,1,1
/media/ullmann/HDDGabriel/research/engines/panda3d/panda/src/glstuff/glGeomContext_src.h,1,1,2
/media/ullmann/HDDGabriel/research/engines/panda3d/panda/src/glstuff/glGeomContext_src.I,0,1,1
/media/ullmann/HDDGabriel/research/engines/panda3d/panda/src/bullet/bulletMultiSphereShape.h,3,2,5
/media/ullmann/HDDGabriel/research/engines/panda3d/pandatool/src/lwoegg/cLwoLayer.I,0,1,1
/media/ullmann/HDDGabriel/research/engines/panda3d/panda/src/physics/linearSinkForce.h,1,2,3
/media/ullmann/HDDGabriel/research/engines/panda3d/panda/src/ode/odeContactGeom.I,0,1,1
/media/ullmann/HDDGabriel/research/engines/panda3d/panda/src/egg/eggMaterialCollection.I,0,1,1
/media/ullmann/HDDGabriel/research/engines/panda3d/panda/src/physics/linearUserDefinedForce.I,0,1,1
/media/ullmann/HDDGabriel/research/engines/panda3d/dtool/src/cppparser/cppNamespace.h,1,2,3
/media/ullmann/HDDGabriel/research/engines/panda3d/panda/src/text/cmss12.bam_src.c,0,1,1
/media/ullmann/HDDGabriel/research/engines/panda3d/panda/src/movies/vorbisAudioCursor.I,0,1,1
/media/ullmann/HDDGabriel/research/engines/panda3d/panda/src/express/virtualFile_ext.h,1,1,2
/media/ullmann/HDDGabriel/research/engines/panda3d/panda/src/wgldisplay/wglGraphicsBuffer.I,0,1,1
/media/ullmann/HDDGabriel/research/engines/panda3d/panda/src/linmath/lpoint2_ext_src.h,1,1,2
/media/ullmann/HDDGabriel/research/engines/panda3d/pandatool/src/dxfprogs/eggToDXF.cxx,1,0,1
/media/ullmann/HDDGabriel/research/engines/panda3d/panda/src/recorder/recorderBase.I,0,1,1
/media/ullmann/HDDGabriel/research/engines/panda3d/pandatool/src/gtk-stats/gtkStatsStripChart.cxx,2,1,3
/media/ullmann/HDDGabriel/research/engines/panda3d/panda/src/express/stringStream.I,0,1,1
/media/ullmann/HDDGabriel/research/engines/panda3d/panda/src/egg/eggAnimData.cxx,1,1,2
/media/ullmann/HDDGabriel/research/engines/panda3d/pandatool/src/eggbase/somethingToEgg.h,1,1,2
/media/ullmann/HDDGabriel/research/engines/panda3d/panda/src/pgraph/light.cxx,1,1,2
/media/ullmann/HDDGabriel/research/engines/panda3d/panda/src/express/indirectLess.I,0,1,1
/media/ullmann/HDDGabriel/research/engines/panda3d/panda/src/vision/webcamVideoV4L.cxx,2,1,3
/media/ullmann/HDDGabriel/research/engines/panda3d/pandatool/src/lwo/iffInputFile.I,0,1,1
/media/ullmann/HDDGabriel/research/engines/panda3d/panda/src/chan/movingPart.I,0,1,1
/media/ullmann/HDDGabriel/research/engines/panda3d/panda/src/cull/drawCullHandler.I,0,1,1
/media/ullmann/HDDGabriel/research/engines/panda3d/panda/src/linmath/compose_matrix_src.I,0,1,1
/media/ullmann/HDDGabriel/research/engines/panda3d/panda/src/particlesystem/sphereVolumeEmitter.I,0,1,1
/media/ullmann/HDDGabriel/research/engines/panda3d/panda/src/pgraph/cullBinAttrib.cxx,1,1,2
/media/ullmann/HDDGabriel/research/engines/panda3d/panda/src/pgraph/shaderInput.cxx,2,1,3
/media/ullmann/HDDGabriel/research/engines/panda3d/panda/src/putil/vector_ulong.cxx,1,0,1
/media/ullmann/HDDGabriel/research/engines/panda3d/panda/src/putil/vector_ulong.h,0,1,1
/media/ullmann/HDDGabriel/research/engines/panda3d/panda/src/pipeline/reMutex_ext.h,2,0,2
/media/ullmann/HDDGabriel/research/engines/panda3d/panda/src/putil/ioPtaDatagramInt.cxx,1,1,2
/media/ullmann/HDDGabriel/research/engines/panda3d/panda/src/putil/ioPtaDatagramInt.h,0,1,1
/media/ullmann/HDDGabriel/research/engines/panda3d/panda/src/vrpn/vrpnButtonDevice.cxx,2,1,3
/media/ullmann/HDDGabriel/research/engines/panda3d/panda/src/pipeline/reMutex.I,0,1,1
/media/ullmann/HDDGabriel/research/engines/panda3d/panda/src/bullet/bulletConstraint.I,0,1,1
/media/ullmann/HDDGabriel/research/engines/panda3d/panda/src/grutil/movieTexture.I,0,1,1
/media/ullmann/HDDGabriel/research/engines/panda3d/panda/src/parametrics/nurbsVertex.cxx,1,1,2
/media/ullmann/HDDGabriel/research/engines/panda3d/panda/src/pgraphnodes/computeNode.I,0,1,1
/media/ullmann/HDDGabriel/research/engines/panda3d/panda/src/pipeline/reMutexHolder.cxx,1,1,2
/media/ullmann/HDDGabriel/research/engines/panda3d/panda/src/device/dialNode.I,0,1,1
/media/ullmann/HDDGabriel/research/engines/panda3d/panda/src/display/graphicsBuffer.cxx,1,1,2
/media/ullmann/HDDGabriel/research/engines/panda3d/panda/src/linmath/lmat_ops_src.I,0,1,1
/media/ullmann/HDDGabriel/research/engines/panda3d/dtool/src/prc/streamWrapper.cxx,1,1,2
/media/ullmann/HDDGabriel/research/engines/panda3d/dtool/src/prc/streamWrapper.h,1,1,2
/media/ullmann/HDDGabriel/research/engines/panda3d/panda/src/particlesystem/zSpinParticleFactory.I,0,1,1
/media/ullmann/HDDGabriel/research/engines/panda3d/panda/src/pgui/pgCullTraverser.cxx,1,1,2
/media/ullmann/HDDGabriel/research/engines/panda3d/panda/src/linmath/lorientation_src.I,0,1,1
/media/ullmann/HDDGabriel/research/engines/panda3d/pandatool/src/eggprogs/eggToC.cxx,1,0,1
/media/ullmann/HDDGabriel/research/engines/panda3d/pandatool/src/eggprogs/eggToC.h,0,1,1
/media/ullmann/HDDGabriel/research/engines/panda3d/panda/src/putil/test_bam.cxx,1,0,1
/media/ullmann/HDDGabriel/research/engines/panda3d/panda/src/express/virtualFileMountSystem.cxx,2,1,3
/media/ullmann/HDDGabriel/research/engines/panda3d/dtool/src/parser-inc/opus/opusfile.h,1,0,1
/media/ullmann/HDDGabriel/research/engines/panda3d/panda/src/particlesystem/geomParticleRenderer.h,4,2,6
/media/ullmann/HDDGabriel/research/engines/panda3d/panda/src/linmath/lpoint3_src.cxx,0,1,1
/media/ullmann/HDDGabriel/research/engines/panda3d/panda/src/bullet/bulletTranslationalLimitMotor.I,0,1,1
/media/ullmann/HDDGabriel/research/engines/panda3d/panda/src/bullet/bulletPlaneShape.I,0,1,1
/media/ullmann/HDDGabriel/research/engines/panda3d/contrib/src/speedtree/stTerrain.cxx,1,1,2
/media/ullmann/HDDGabriel/research/engines/panda3d/dtool/src/dtoolbase/mutexPosixImpl.I,0,1,1
/media/ullmann/HDDGabriel/research/engines/panda3d/panda/src/chan/animChannel.cxx,1,1,2
/media/ullmann/HDDGabriel/research/engines/panda3d/panda/src/device/inputDeviceManager.I,0,1,1
/media/ullmann/HDDGabriel/research/engines/panda3d/panda/src/downloader/bioStreamPtr.I,0,1,1
/media/ullmann/HDDGabriel/research/engines/panda3d/dtool/src/prc/configDeclaration.cxx,3,1,4
/media/ullmann/HDDGabriel/research/engines/panda3d/panda/src/movies/wavAudioCursor.I,0,1,1
/media/ullmann/HDDGabriel/research/engines/panda3d/dtool/src/dtoolbase/lookup3.c,1,0,1
/media/ullmann/HDDGabriel/research/engines/panda3d/panda/src/audio/filterProperties.cxx,1,1,2
/media/ullmann/HDDGabriel/research/engines/panda3d/pandatool/src/maxegg/maxToEggConverter.h,0,1,1
/media/ullmann/HDDGabriel/research/engines/panda3d/panda/src/windisplay/winGraphicsWindow.h,1,3,4
/media/ullmann/HDDGabriel/research/engines/panda3d/panda/src/pipeline/lightReMutexDirect.h,3,2,5
/media/ullmann/HDDGabriel/research/engines/panda3d/panda/src/pipeline/lightReMutexDirect.I,0,1,1
/media/ullmann/HDDGabriel/research/engines/panda3d/panda/src/framework/windowFramework.I,0,1,1
/media/ullmann/HDDGabriel/research/engines/panda3d/panda/src/putil/animInterface.I,0,1,1
/media/ullmann/HDDGabriel/research/engines/panda3d/pandatool/src/mayaprogs/mayaSavePview.cxx,1,0,1
/media/ullmann/HDDGabriel/research/engines/panda3d/pandatool/src/mayaprogs/mayaSavePview.h,0,1,1
/media/ullmann/HDDGabriel/research/engines/panda3d/pandatool/src/converter/eggToSomethingConverter.cxx,1,0,1
/media/ullmann/HDDGabriel/research/engines/panda3d/pandatool/src/converter/eggToSomethingConverter.h,1,1,2
/media/ullmann/HDDGabriel/research/engines/panda3d/panda/src/egg/eggMesherEdge.I,0,1,1
/media/ullmann/HDDGabriel/research/engines/panda3d/panda/src/pipeline/reMutex_ext.I,0,1,1
/media/ullmann/HDDGabriel/research/engines/panda3d/pandatool/src/xfile/xParserDefs.h,2,1,3
/media/ullmann/HDDGabriel/research/engines/panda3d/pandatool/src/dxf/dxfLayer.h,0,2,2
/media/ullmann/HDDGabriel/research/engines/panda3d/panda/src/express/pointerToVoid.I,0,1,1
/media/ullmann/HDDGabriel/research/engines/panda3d/panda/src/nativenet/time_out.h,0,1,1
/media/ullmann/HDDGabriel/research/engines/panda3d/panda/src/glstuff/glGraphicsStateGuardian_src.cxx,0,1,1
/media/ullmann/HDDGabriel/research/engines/panda3d/pandatool/src/fltegg/fltToEggLevelState.cxx,2,0,2
/media/ullmann/HDDGabriel/research/engines/panda3d/panda/src/mathutil/pta_LVecBase2.cxx,1,1,2
/media/ullmann/HDDGabriel/research/engines/panda3d/panda/src/cocoadisplay/cocoaGraphicsStateGuardian.h,2,0,2
/media/ullmann/HDDGabriel/research/engines/panda3d/panda/src/cocoadisplay/cocoaGraphicsStateGuardian.I,0,1,1
/media/ullmann/HDDGabriel/research/engines/panda3d/pandatool/src/eggprogs/eggListTextures.cxx,1,0,1
/media/ullmann/HDDGabriel/research/engines/panda3d/pandatool/src/eggprogs/eggListTextures.h,0,1,1
/media/ullmann/HDDGabriel/research/engines/panda3d/panda/src/gobj/animateVerticesRequest.I,0,1,1
/media/ullmann/HDDGabriel/research/engines/panda3d/panda/src/pgraph/texMatrixAttrib.I,0,1,1
/media/ullmann/HDDGabriel/research/engines/panda3d/contrib/src/rplight/rpSpotLight.cxx,1,1,2
/media/ullmann/HDDGabriel/research/engines/panda3d/panda/src/express/memoryInfo.I,0,1,1
/media/ullmann/HDDGabriel/research/engines/panda3d/dtool/src/interrogatedb/py_panda.I,0,1,1
/media/ullmann/HDDGabriel/research/engines/panda3d/panda/src/gobj/vertexDataPage.I,0,1,1
/media/ullmann/HDDGabriel/research/engines/panda3d/contrib/src/ai/pursue.cxx,1,1,2
/media/ullmann/HDDGabriel/research/engines/panda3d/pandatool/src/pandatoolbase/animationConvert.h,1,1,2
/media/ullmann/HDDGabriel/research/engines/panda3d/panda/src/mathutil/triangulator3.I,0,1,1
/media/ullmann/HDDGabriel/research/engines/panda3d/panda/src/cocoadisplay/cocoaGraphicsWindow.I,0,1,1
/media/ullmann/HDDGabriel/research/engines/panda3d/pandatool/src/ptloader/config_ptloader.h,0,2,2
/media/ullmann/HDDGabriel/research/engines/panda3d/panda/src/linmath/lpoint2_src.I,0,1,1
/media/ullmann/HDDGabriel/research/engines/panda3d/panda/src/putil/datagramInputFile.I,0,1,1
/media/ullmann/HDDGabriel/research/engines/panda3d/panda/src/egg/eggVertexUV.I,0,1,1
/media/ullmann/HDDGabriel/research/engines/panda3d/panda/src/pgraph/polylightNode.I,0,1,1
/media/ullmann/HDDGabriel/research/engines/panda3d/contrib/src/ai/pathFollow.cxx,2,1,3
/media/ullmann/HDDGabriel/research/engines/panda3d/panda/src/downloader/identityStreamBuf.I,0,1,1
/media/ullmann/HDDGabriel/research/engines/panda3d/panda/src/egg/eggMorph.I,0,1,1
/media/ullmann/HDDGabriel/research/engines/panda3d/direct/src/interval/showInterval.cxx,1,1,2
/media/ullmann/HDDGabriel/research/engines/panda3d/panda/src/gobj/paramTexture.cxx,1,1,2
/media/ullmann/HDDGabriel/research/engines/panda3d/panda/src/tinydisplay/tinyXGraphicsPipe.I,0,1,1
/media/ullmann/HDDGabriel/research/engines/panda3d/pandatool/src/mayaprogs/mayaConversionClient.cxx,2,0,2
/media/ullmann/HDDGabriel/research/engines/panda3d/panda/src/express/namable.cxx,1,1,2
/media/ullmann/HDDGabriel/research/engines/panda3d/panda/src/skel/basicSkel.h,1,2,3
/media/ullmann/HDDGabriel/research/engines/panda3d/panda/src/skel/basicSkel.I,0,1,1
/media/ullmann/HDDGabriel/research/engines/panda3d/dtool/src/dtoolbase/register_type.cxx,1,1,2
/media/ullmann/HDDGabriel/research/engines/panda3d/panda/src/egg/vector_PT_EggTexture.cxx,1,1,2
/media/ullmann/HDDGabriel/research/engines/panda3d/panda/src/downloader/httpDate.I,0,1,1
/media/ullmann/HDDGabriel/research/engines/panda3d/pandatool/src/palettizer/palettePage.h,1,4,5
/media/ullmann/HDDGabriel/research/engines/panda3d/panda/src/pgraphnodes/nodeCullCallbackData.I,0,1,1
/media/ullmann/HDDGabriel/research/engines/panda3d/direct/src/dcparser/dcAtomicField.I,0,1,1
/media/ullmann/HDDGabriel/research/engines/panda3d/panda/src/distort/projectionScreen.I,0,1,1
/media/ullmann/HDDGabriel/research/engines/panda3d/panda/src/particlesystem/baseParticleEmitter.cxx,1,1,2
/media/ullmann/HDDGabriel/research/engines/panda3d/pandatool/src/xfile/xFileParseData.I,0,1,1
/media/ullmann/HDDGabriel/research/engines/panda3d/panda/src/putil/bitMask_ext.h,2,1,3
/media/ullmann/HDDGabriel/research/engines/panda3d/dtool/src/cppparser/cppGlobals.cxx,1,1,2
/media/ullmann/HDDGabriel/research/engines/panda3d/panda/src/collide/collisionHandlerPhysical_ext.h,1,1,2
/media/ullmann/HDDGabriel/research/engines/panda3d/panda/src/glstuff/glGraphicsBuffer_src.cxx,0,1,1
/media/ullmann/HDDGabriel/research/engines/panda3d/panda/src/mathutil/pta_LMatrix3.cxx,1,1,2
/media/ullmann/HDDGabriel/research/engines/panda3d/panda/src/putil/uniqueIdAllocator.h,0,1,1
/media/ullmann/HDDGabriel/research/engines/panda3d/panda/src/tform/driveInterface.I,0,1,1
/media/ullmann/HDDGabriel/research/engines/panda3d/dtool/src/dtoolbase/register_type.I,0,1,1
/media/ullmann/HDDGabriel/research/engines/panda3d/contrib/src/speedtree/stBasicTerrain.I,0,1,1
/media/ullmann/HDDGabriel/research/engines/panda3d/panda/src/audio/audioLoadRequest.cxx,2,1,3
/media/ullmann/HDDGabriel/research/engines/panda3d/panda/src/tform/mouseSubregion.cxx,1,1,2
/media/ullmann/HDDGabriel/research/engines/panda3d/panda/src/mathutil/omniBoundingVolume.h,2,2,4
/media/ullmann/HDDGabriel/research/engines/panda3d/panda/src/egg/eggPatch.I,0,1,1
/media/ullmann/HDDGabriel/research/engines/panda3d/panda/src/android/python_main.cxx,1,0,1
/media/ullmann/HDDGabriel/research/engines/panda3d/dtool/src/prc/streamWrapper.I,0,1,1
/media/ullmann/HDDGabriel/research/engines/panda3d/panda/src/particlesystem/spriteParticleRenderer.cxx,2,1,3
/media/ullmann/HDDGabriel/research/engines/panda3d/panda/src/particlesystem/config_particlesystem.h,0,3,3
/media/ullmann/HDDGabriel/research/engines/panda3d/panda/src/display/graphicsWindowProcCallbackData.I,0,1,1
/media/ullmann/HDDGabriel/research/engines/panda3d/panda/src/collide/collisionHandlerGravity.I,0,1,1
/media/ullmann/HDDGabriel/research/engines/panda3d/panda/src/tinydisplay/tinyWinGraphicsPipe.I,0,1,1
/media/ullmann/HDDGabriel/research/engines/panda3d/pandatool/src/pandatoolbase/config_pandatoolbase.cxx,1,1,2
/media/ullmann/HDDGabriel/research/engines/panda3d/pandatool/src/mayaprogs/mayaPview.cxx,1,0,1
/media/ullmann/HDDGabriel/research/engines/panda3d/pandatool/src/mayaprogs/mayaPview.h,0,1,1
/media/ullmann/HDDGabriel/research/engines/panda3d/panda/src/chan/animControlCollection.cxx,1,1,2
/media/ullmann/HDDGabriel/research/engines/panda3d/panda/src/gobj/geomVertexArrayFormat.I,0,1,1
/media/ullmann/HDDGabriel/research/engines/panda3d/pandatool/src/lwo/lwoTags.cxx,2,1,3
/media/ullmann/HDDGabriel/research/engines/panda3d/pandatool/src/lwo/lwoTags.h,1,3,4
/media/ullmann/HDDGabriel/research/engines/panda3d/pandatool/src/vrmlegg/indexedFaceSet.cxx,2,0,2
/media/ullmann/HDDGabriel/research/engines/panda3d/panda/src/display/frameBufferProperties_ext.h,1,1,2
/media/ullmann/HDDGabriel/research/engines/panda3d/panda/src/display/drawableRegion.I,0,1,1
/media/ullmann/HDDGabriel/research/engines/panda3d/panda/src/device/clientBase.cxx,2,1,3
/media/ullmann/HDDGabriel/research/engines/panda3d/panda/src/pnmimagetypes/pnmFileTypeSGIReader.cxx,3,1,4
/media/ullmann/HDDGabriel/research/engines/panda3d/panda/src/pipeline/cycleDataStageReader.I,0,1,1
/media/ullmann/HDDGabriel/research/engines/panda3d/panda/src/pgui/pgMouseWatcherGroup.cxx,2,1,3
/media/ullmann/HDDGabriel/research/engines/panda3d/panda/src/bullet/bulletCharacterControllerNode.I,0,1,1
/media/ullmann/HDDGabriel/research/engines/panda3d/panda/src/gobj/material.cxx,1,1,2
/media/ullmann/HDDGabriel/research/engines/panda3d/panda/src/egg/eggPolysetMaker.cxx,2,1,3
/media/ullmann/HDDGabriel/research/engines/panda3d/panda/src/pgraph/scissorEffect.I,0,1,1
/media/ullmann/HDDGabriel/research/engines/panda3d/panda/src/chan/animChannelFixed.I,0,1,1
/media/ullmann/HDDGabriel/research/engines/panda3d/panda/src/downloader/multiplexStream.I,0,1,1
/media/ullmann/HDDGabriel/research/engines/panda3d/panda/src/bullet/bulletClosestHitRayResult.I,0,1,1
/media/ullmann/HDDGabriel/research/engines/panda3d/panda/src/pnmimage/pnmBrush.I,0,1,1
/media/ullmann/HDDGabriel/research/engines/panda3d/dtool/src/prc/config_prc.cxx,3,1,4
/media/ullmann/HDDGabriel/research/engines/panda3d/panda/src/express/dcast.T,0,1,1
/media/ullmann/HDDGabriel/research/engines/panda3d/direct/src/interval/cConstraintInterval.I,0,1,1
/media/ullmann/HDDGabriel/research/engines/panda3d/panda/src/downloader/urlSpec.I,0,1,1
/media/ullmann/HDDGabriel/research/engines/panda3d/panda/src/pgraph/bamFile.I,0,1,1
/media/ullmann/HDDGabriel/research/engines/panda3d/panda/src/gobj/geomCacheManager.I,0,1,1
/media/ullmann/HDDGabriel/research/engines/panda3d/panda/src/event/asyncTask.I,0,1,1
/media/ullmann/HDDGabriel/research/engines/panda3d/panda/src/event/pointerEventList.I,0,1,1
/media/ullmann/HDDGabriel/research/engines/panda3d/panda/src/linmath/dbl2fltnames.h,1,1,2
/media/ullmann/HDDGabriel/research/engines/panda3d/panda/src/gobj/preparedGraphicsObjects.I,0,1,1
/media/ullmann/HDDGabriel/research/engines/panda3d/panda/src/physics/physical.I,0,1,1
/media/ullmann/HDDGabriel/research/engines/panda3d/panda/src/egg/eggRenderMode.I,0,1,1
/media/ullmann/HDDGabriel/research/engines/panda3d/panda/src/express/virtualFileMountSystem.I,0,1,1
/media/ullmann/HDDGabriel/research/engines/panda3d/panda/src/particlesystem/baseParticle.cxx,1,1,2
/media/ullmann/HDDGabriel/research/engines/panda3d/dtool/src/prc/streamReader.I,0,1,1
/media/ullmann/HDDGabriel/research/engines/panda3d/pandatool/src/palettizer/pal_string_utils.cxx,1,1,2
/media/ullmann/HDDGabriel/research/engines/panda3d/panda/src/glxdisplay/posixGraphicsStateGuardian.I,0,1,1
/media/ullmann/HDDGabriel/research/engines/panda3d/panda/src/pgraph/auxSceneData.cxx,1,1,2
/media/ullmann/HDDGabriel/research/engines/panda3d/panda/src/putil/ioPtaDatagramShort.h,1,1,2
/media/ullmann/HDDGabriel/research/engines/panda3d/panda/src/parametrics/nurbsCurveEvaluator.cxx,1,1,2
/media/ullmann/HDDGabriel/research/engines/panda3d/panda/src/express/buffer.I,0,1,1
/media/ullmann/HDDGabriel/research/engines/panda3d/pandatool/src/vrml/standardNodes.wrl.pz.c,0,1,1
/media/ullmann/HDDGabriel/research/engines/panda3d/panda/src/express/memoryUsagePointers.I,0,1,1
/media/ullmann/HDDGabriel/research/engines/panda3d/panda/src/mathutil/perlinNoise2.I,0,1,1
/media/ullmann/HDDGabriel/research/engines/panda3d/panda/src/express/memoryUsagePointerCounts.I,0,1,1
/media/ullmann/HDDGabriel/research/engines/panda3d/panda/src/mathutil/boundingBox.I,0,1,1
/media/ullmann/HDDGabriel/research/engines/panda3d/panda/src/device/trackerData.cxx,1,1,2
/media/ullmann/HDDGabriel/research/engines/panda3d/panda/src/downloader/identityStream.I,0,1,1
/media/ullmann/HDDGabriel/research/engines/panda3d/dtool/src/dtoolutil/test_pfstream.cxx,1,0,1
/media/ullmann/HDDGabriel/research/engines/panda3d/panda/src/pgraph/alphaTestAttrib.I,0,1,1
/media/ullmann/HDDGabriel/research/engines/panda3d/panda/src/distort/pSphereLens.h,1,2,3
/media/ullmann/HDDGabriel/research/engines/panda3d/panda/src/distort/pSphereLens.I,0,1,1
/media/ullmann/HDDGabriel/research/engines/panda3d/panda/src/nativenet/time_span.h,0,1,1
/media/ullmann/HDDGabriel/research/engines/panda3d/panda/src/egg/eggXfmAnimData.I,0,1,1
/media/ullmann/HDDGabriel/research/engines/panda3d/panda/src/parametrics/parametricCurveCollection.h,2,2,4
/media/ullmann/HDDGabriel/research/engines/panda3d/dtool/src/dtoolutil/string_utils.I,0,1,1
/media/ullmann/HDDGabriel/research/engines/panda3d/panda/src/chan/animBundle.I,0,1,1
/media/ullmann/HDDGabriel/research/engines/panda3d/panda/src/mathutil/perlinNoise3.cxx,1,1,2
/media/ullmann/HDDGabriel/research/engines/panda3d/panda/src/glstuff/glVertexBufferContext_src.I,0,1,1
/media/ullmann/HDDGabriel/research/engines/panda3d/panda/src/text/textGraphic.cxx,1,1,2
/media/ullmann/HDDGabriel/research/engines/panda3d/panda/src/chan/animGroup.I,0,1,1
/media/ullmann/HDDGabriel/research/engines/panda3d/panda/src/express/memoryUsagePointers_ext.h,1,1,2
/media/ullmann/HDDGabriel/research/engines/panda3d/panda/src/putil/bitArray_ext.h,2,1,3
/media/ullmann/HDDGabriel/research/engines/panda3d/panda/src/putil/bitArray_ext.I,0,1,1
/media/ullmann/HDDGabriel/research/engines/panda3d/dtool/src/dtoolbase/atomicAdjustI386Impl.I,0,1,1
/media/ullmann/HDDGabriel/research/engines/panda3d/panda/src/particlesystem/particleSystem.I,0,1,1
/media/ullmann/HDDGabriel/research/engines/panda3d/dtool/src/prc/streamWriter_ext.h,1,1,2
/media/ullmann/HDDGabriel/research/engines/panda3d/panda/src/egg/eggPolysetMaker.h,1,2,3
/media/ullmann/HDDGabriel/research/engines/panda3d/panda/src/tinydisplay/zfeatures.h,0,2,2
/media/ullmann/HDDGabriel/research/engines/panda3d/panda/src/pgraphnodes/switchNode.I,0,1,1
/media/ullmann/HDDGabriel/research/engines/panda3d/pandatool/src/pandatoolbase/pandatoolbase.cxx,1,1,2
/media/ullmann/HDDGabriel/research/engines/panda3d/panda/src/pgraphnodes/shaderGenerator.I,0,1,1
/media/ullmann/HDDGabriel/research/engines/panda3d/panda/src/pipeline/cycleDataWriter.cxx,1,1,2
/media/ullmann/HDDGabriel/research/engines/panda3d/panda/src/chan/movingPartMatrix.I,0,1,1
/media/ullmann/HDDGabriel/research/engines/panda3d/panda/src/express/ordered_vector.I,0,1,1
/media/ullmann/HDDGabriel/research/engines/panda3d/panda/src/event/eventParameter.cxx,1,1,2
/media/ullmann/HDDGabriel/research/engines/panda3d/panda/src/cull/cullBinUnsorted.h,1,2,3
/media/ullmann/HDDGabriel/research/engines/panda3d/panda/src/particlesystem/geomParticleRenderer.I,0,1,1
/media/ullmann/HDDGabriel/research/engines/panda3d/panda/src/linmath/lvec2_ops_src.h,1,1,2
/media/ullmann/HDDGabriel/research/engines/panda3d/panda/src/linmath/lvec2_ops_src.I,0,1,1
/media/ullmann/HDDGabriel/research/engines/panda3d/panda/src/pgraph/internalNameCollection.cxx,1,1,2
/media/ullmann/HDDGabriel/research/engines/panda3d/panda/src/dxgsg9/dxTextureContext9.I,0,1,1
/media/ullmann/HDDGabriel/research/engines/panda3d/panda/src/tform/mouseWatcherParameter.h,1,2,3
/media/ullmann/HDDGabriel/research/engines/panda3d/panda/src/express/pointerToArray.I,0,1,1
/media/ullmann/HDDGabriel/research/engines/panda3d/panda/src/physics/linearSourceForce.cxx,1,1,2
/media/ullmann/HDDGabriel/research/engines/panda3d/panda/src/bullet/bulletHingeConstraint.I,0,1,1
/media/ullmann/HDDGabriel/research/engines/panda3d/panda/src/linmath/lcast_to_src.I,0,1,1
/media/ullmann/HDDGabriel/research/engines/panda3d/panda/src/physics/linearSinkForce.cxx,1,1,2
/media/ullmann/HDDGabriel/research/engines/panda3d/direct/src/distributed/cDistributedSmoothNodeBase.h,1,1,2
/media/ullmann/HDDGabriel/research/engines/panda3d/direct/src/distributed/cDistributedSmoothNodeBase.I,0,1,1
/media/ullmann/HDDGabriel/research/engines/panda3d/panda/src/pipeline/thread.I,0,1,1
/media/ullmann/HDDGabriel/research/engines/panda3d/panda/src/bullet/bulletCapsuleShape.I,0,1,1
/media/ullmann/HDDGabriel/research/engines/panda3d/panda/src/gobj/indexBufferContext.I,0,1,1
/media/ullmann/HDDGabriel/research/engines/panda3d/panda/src/express/datagram.I,0,1,1
/media/ullmann/HDDGabriel/research/engines/panda3d/pandatool/src/pstatserver/pStatFlameGraph.I,0,1,1
/media/ullmann/HDDGabriel/research/engines/panda3d/panda/src/egg/eggCoordinateSystem_ext.cxx,1,1,2
/media/ullmann/HDDGabriel/research/engines/panda3d/pandatool/src/imagebase/imageWriter.cxx,1,1,2
/media/ullmann/HDDGabriel/research/engines/panda3d/panda/src/gobj/transformTable.cxx,1,1,2
/media/ullmann/HDDGabriel/research/engines/panda3d/panda/src/net/datagramGeneratorNet.cxx,1,1,2
/media/ullmann/HDDGabriel/research/engines/panda3d/panda/src/parametrics/curveFitter.h,2,3,5
/media/ullmann/HDDGabriel/research/engines/panda3d/panda/src/parametrics/curveFitter.I,0,1,1
/media/ullmann/HDDGabriel/research/engines/panda3d/panda/src/grutil/shaderTerrainMesh.cxx,2,1,3
/media/ullmann/HDDGabriel/research/engines/panda3d/panda/src/collide/collisionHandlerHighestEvent.cxx,2,1,3
/media/ullmann/HDDGabriel/research/engines/panda3d/panda/src/distort/pSphereLens.cxx,1,1,2
/media/ullmann/HDDGabriel/research/engines/panda3d/panda/src/gobj/geomTrianglesAdjacency.cxx,2,1,3
/media/ullmann/HDDGabriel/research/engines/panda3d/panda/src/event/test_task.cxx,2,0,2
/media/ullmann/HDDGabriel/research/engines/panda3d/panda/src/pgraphnodes/rectangleLight.I,0,1,1
/media/ullmann/HDDGabriel/research/engines/panda3d/panda/metalibs/panda/panda.cxx,1,0,1
/media/ullmann/HDDGabriel/research/engines/panda3d/panda/metalibs/panda/panda.h,0,1,1
/media/ullmann/HDDGabriel/research/engines/panda3d/panda/src/downloader/httpClient.I,0,1,1
/media/ullmann/HDDGabriel/research/engines/panda3d/panda/src/bullet/bulletWheel.I,0,1,1
/media/ullmann/HDDGabriel/research/engines/panda3d/panda/src/dgraph/dataNodeTransmit.I,0,1,1
/media/ullmann/HDDGabriel/research/engines/panda3d/panda/src/pgraphnodes/selectiveChildNode.I,0,1,1
/media/ullmann/HDDGabriel/research/engines/panda3d/panda/src/pgui/test_pgentry.cxx,1,0,1
/media/ullmann/HDDGabriel/research/engines/panda3d/panda/src/collide/collisionRecorder.I,0,1,1
/media/ullmann/HDDGabriel/research/engines/panda3d/panda/src/collide/collisionNode.I,0,1,1
/media/ullmann/HDDGabriel/research/engines/panda3d/panda/src/gobj/geomCacheEntry.I,0,1,1
/media/ullmann/HDDGabriel/research/engines/panda3d/panda/src/collide/collisionPlane.I,0,1,1
/media/ullmann/HDDGabriel/research/engines/panda3d/pandatool/src/win-stats/winStatsPianoRoll.h,1,2,3
/media/ullmann/HDDGabriel/research/engines/panda3d/panda/src/tform/transform2sg.h,0,2,2
/media/ullmann/HDDGabriel/research/engines/panda3d/dtool/src/parser-inc/unistd.h,1,0,1
/media/ullmann/HDDGabriel/research/engines/panda3d/dtool/src/parser-inc/stdio.h,1,1,2
/media/ullmann/HDDGabriel/research/engines/panda3d/panda/src/linmath/deg_2_rad.I,0,1,1
/media/ullmann/HDDGabriel/research/engines/panda3d/panda/src/ode/odeNullJoint.I,0,1,1
/media/ullmann/HDDGabriel/research/engines/panda3d/panda/src/mathutil/stackedPerlinNoise3.h,2,1,3
/media/ullmann/HDDGabriel/research/engines/panda3d/panda/src/mathutil/stackedPerlinNoise3.I,0,1,1
/media/ullmann/HDDGabriel/research/engines/panda3d/panda/src/egg2pg/eggSaver.I,0,1,1
/media/ullmann/HDDGabriel/research/engines/panda3d/panda/src/pgraphnodes/rectangleLight.cxx,1,1,2
/media/ullmann/HDDGabriel/research/engines/panda3d/panda/src/mathutil/boundingSphere.I,0,1,1
/media/ullmann/HDDGabriel/research/engines/panda3d/panda/src/express/zipArchive.I,0,1,1
/media/ullmann/HDDGabriel/research/engines/panda3d/panda/src/pgui/pgMouseWatcherParameter.I,0,1,1
/media/ullmann/HDDGabriel/research/engines/panda3d/panda/src/event/asyncTaskSequence.I,0,1,1
/media/ullmann/HDDGabriel/research/engines/panda3d/direct/src/interval/cLerpInterval.I,0,1,1
/media/ullmann/HDDGabriel/research/engines/panda3d/panda/src/pipeline/lightMutex.I,0,1,1
/media/ullmann/HDDGabriel/research/engines/panda3d/panda/src/bullet/bulletCylinderShape.cxx,2,1,3
/media/ullmann/HDDGabriel/research/engines/panda3d/panda/src/egg/eggComment_ext.cxx,1,1,2
/media/ullmann/HDDGabriel/research/engines/panda3d/panda/src/express/weakPointerTo.I,0,1,1
/media/ullmann/HDDGabriel/research/engines/panda3d/panda/src/device/clientTrackerDevice.I,0,1,1
/media/ullmann/HDDGabriel/research/engines/panda3d/panda/src/putil/bamReaderParam.I,0,1,1
/media/ullmann/HDDGabriel/research/engines/panda3d/panda/src/express/weakPointerCallback.cxx,1,1,2
/media/ullmann/HDDGabriel/research/engines/panda3d/panda/src/putil/factoryParam.cxx,1,1,2
/media/ullmann/HDDGabriel/research/engines/panda3d/panda/src/mathutil/randomizer.I,0,1,1
/media/ullmann/HDDGabriel/research/engines/panda3d/panda/src/bullet/bulletMultiSphereShape.cxx,2,1,3
/media/ullmann/HDDGabriel/research/engines/panda3d/pandatool/src/vrml/vrmlNode.cxx,1,0,1
/media/ullmann/HDDGabriel/research/engines/panda3d/panda/src/linmath/lvec3_ops_src.h,1,1,2
/media/ullmann/HDDGabriel/research/engines/panda3d/contrib/src/rplight/gpuCommand.I,0,1,1
/media/ullmann/HDDGabriel/research/engines/panda3d/panda/src/gobj/geomVertexData.I,0,1,1
/media/ullmann/HDDGabriel/research/engines/panda3d/pandatool/src/pstatserver/pStatTimeline.I,0,1,1
/media/ullmann/HDDGabriel/research/engines/panda3d/dtool/src/dtoolutil/iostream_ext.cxx,1,1,2
/media/ullmann/HDDGabriel/research/engines/panda3d/panda/src/chan/animControlCollection.I,0,1,1
/media/ullmann/HDDGabriel/research/engines/panda3d/panda/src/putil/typedWritable.I,0,1,1
/media/ullmann/HDDGabriel/research/engines/panda3d/panda/src/linmath/cast_to_float.h,2,0,2
/media/ullmann/HDDGabriel/research/engines/panda3d/panda/src/net/datagramSinkNet.I,0,1,1
/media/ullmann/HDDGabriel/research/engines/panda3d/pandatool/src/mayaegg/mayaEggGroupUserData.cxx,1,1,2
/media/ullmann/HDDGabriel/research/engines/panda3d/panda/src/particlesystem/lineEmitter.I,0,1,1
/media/ullmann/HDDGabriel/research/engines/panda3d/pandatool/src/objegg/objToEggConverter.cxx,2,0,2
/media/ullmann/HDDGabriel/research/engines/panda3d/pandatool/src/objegg/config_objegg.h,0,3,3
/media/ullmann/HDDGabriel/research/engines/panda3d/panda/src/linmath/lorientation_src.cxx,0,1,1
/media/ullmann/HDDGabriel/research/engines/panda3d/panda/src/pgraph/cacheStats.cxx,1,1,2
/media/ullmann/HDDGabriel/research/engines/panda3d/panda/src/pgraph/cullableObject.I,0,1,1
/media/ullmann/HDDGabriel/research/engines/panda3d/panda/src/glstuff/glImmediateModeSender_src.h,1,1,2
/media/ullmann/HDDGabriel/research/engines/panda3d/dtool/src/interrogatedb/interrogateElement.I,0,1,1
/media/ullmann/HDDGabriel/research/engines/panda3d/direct/src/dcparser/dcPackData.cxx,1,1,2
/media/ullmann/HDDGabriel/research/engines/panda3d/panda/src/egg/eggRenderMode.cxx,1,1,2
/media/ullmann/HDDGabriel/research/engines/panda3d/panda/src/express/pointerToArrayBase.cxx,1,0,1
/media/ullmann/HDDGabriel/research/engines/panda3d/panda/src/putil/pbitops.I,0,1,1
/media/ullmann/HDDGabriel/research/engines/panda3d/dtool/src/prc/streamWriter.I,0,1,1
/media/ullmann/HDDGabriel/research/engines/panda3d/panda/src/gobj/shaderBuffer.I,0,1,1
/media/ullmann/HDDGabriel/research/engines/panda3d/pandatool/src/egg-mkfont/rangeIterator.I,0,1,1
/media/ullmann/HDDGabriel/research/engines/panda3d/panda/src/express/checksumHashGenerator.I,0,1,1
/media/ullmann/HDDGabriel/research/engines/panda3d/panda/src/putil/bitMask_ext.I,0,1,1
/media/ullmann/HDDGabriel/research/engines/panda3d/panda/src/gobj/indexBufferContext.cxx,1,1,2
/media/ullmann/HDDGabriel/research/engines/panda3d/pandatool/src/maxegg/maxOptionsDialog.cxx,1,1,2
/media/ullmann/HDDGabriel/research/engines/panda3d/panda/src/gobj/vertexTransform.cxx,2,1,3
/media/ullmann/HDDGabriel/research/engines/panda3d/panda/src/bullet/bulletSoftBodyMaterial.I,0,1,1
/media/ullmann/HDDGabriel/research/engines/panda3d/panda/src/egg/pt_EggVertex.cxx,1,1,2
/media/ullmann/HDDGabriel/research/engines/panda3d/panda/src/linmath/lvec3_ops_src.I,0,1,1
/media/ullmann/HDDGabriel/research/engines/panda3d/panda/src/windisplay/winGraphicsWindow.I,0,1,1
/media/ullmann/HDDGabriel/research/engines/panda3d/panda/src/pgui/pgSliderBarNotify.I,0,1,1
/media/ullmann/HDDGabriel/research/engines/panda3d/panda/src/bullet/bulletHelper.I,0,1,1
/media/ullmann/HDDGabriel/research/engines/panda3d/panda/src/pgraphnodes/lightNode.cxx,1,1,2
/media/ullmann/HDDGabriel/research/engines/panda3d/panda/src/collide/collisionSegment.I,0,1,1
/media/ullmann/HDDGabriel/research/engines/panda3d/panda/src/pgraph/clipPlaneAttrib.I,0,1,1
/media/ullmann/HDDGabriel/research/engines/panda3d/panda/src/pgraph/audioVolumeAttrib.I,0,1,1
/media/ullmann/HDDGabriel/research/engines/panda3d/panda/src/egg/eggAttributes.I,0,1,1
/media/ullmann/HDDGabriel/research/engines/panda3d/panda/src/particlesystem/baseParticle.I,0,1,1
/media/ullmann/HDDGabriel/research/engines/panda3d/panda/src/particlesystem/discEmitter.I,0,1,1
/media/ullmann/HDDGabriel/research/engines/panda3d/panda/src/gobj/sliderTable.I,0,1,1
/media/ullmann/HDDGabriel/research/engines/panda3d/panda/src/egg2pg/eggLoader.I,0,1,1
/media/ullmann/HDDGabriel/research/engines/panda3d/dtool/src/dtoolbase/atomicAdjustWin32Impl.I,0,1,1
/media/ullmann/HDDGabriel/research/engines/panda3d/panda/src/tinydisplay/srgb_tables.cxx,0,1,1
/media/ullmann/HDDGabriel/research/engines/panda3d/panda/src/pgraphnodes/lightNode.I,0,1,1
/media/ullmann/HDDGabriel/research/engines/panda3d/panda/src/text/textFont.I,0,1,1
/media/ullmann/HDDGabriel/research/engines/panda3d/panda/src/collide/collisionTube.h,1,0,1
/media/ullmann/HDDGabriel/research/engines/panda3d/pandatool/src/progbase/programBase.I,0,1,1
/media/ullmann/HDDGabriel/research/engines/panda3d/panda/src/putil/paramValue.I,0,1,1
/media/ullmann/HDDGabriel/research/engines/panda3d/panda/src/event/pointerEvent.I,0,1,1
/media/ullmann/HDDGabriel/research/engines/panda3d/panda/src/express/hashGeneratorBase.h,1,2,3
/media/ullmann/HDDGabriel/research/engines/panda3d/panda/src/express/hashGeneratorBase.I,0,1,1
/media/ullmann/HDDGabriel/research/engines/panda3d/contrib/src/ai/flock.cxx,1,1,2
/media/ullmann/HDDGabriel/research/engines/panda3d/panda/src/collide/collisionParabola.I,0,1,1
/media/ullmann/HDDGabriel/research/engines/panda3d/panda/src/putil/compareTo.h,1,0,1
/media/ullmann/HDDGabriel/research/engines/panda3d/panda/src/putil/compareTo.I,0,1,1
/media/ullmann/HDDGabriel/research/engines/panda3d/panda/src/glstuff/glOcclusionQueryContext_src.h,1,1,2
/media/ullmann/HDDGabriel/research/engines/panda3d/panda/src/gobj/vertexSlider.I,0,1,1
/media/ullmann/HDDGabriel/research/engines/panda3d/dtool/src/dtoolutil/pfstream.I,0,1,1
/media/ullmann/HDDGabriel/research/engines/panda3d/panda/src/pgraph/portalClipper.I,0,1,1
/media/ullmann/HDDGabriel/research/engines/panda3d/panda/src/nativenet/socket_address.I,0,1,1
/media/ullmann/HDDGabriel/research/engines/panda3d/panda/src/putil/pythonCallbackObject.I,0,1,1
/media/ullmann/HDDGabriel/research/engines/panda3d/dtool/src/dtoolbase/addHash.I,0,1,1
/media/ullmann/HDDGabriel/research/engines/panda3d/panda/src/putil/simpleHashMap.I,0,1,1
/media/ullmann/HDDGabriel/research/engines/panda3d/dtool/src/parser-inc/winnt.h,0,1,1
/media/ullmann/HDDGabriel/research/engines/panda3d/panda/src/device/linuxJoystickDevice.I,0,1,1
/media/ullmann/HDDGabriel/research/engines/panda3d/dtool/src/dtoolbase/indent.I,0,1,1
/media/ullmann/HDDGabriel/research/engines/panda3d/panda/src/vision/webcamVideoDS.cxx,0,1,1
/media/ullmann/HDDGabriel/research/engines/panda3d/panda/src/tinydisplay/td_light.cxx,1,1,2
/media/ullmann/HDDGabriel/research/engines/panda3d/panda/src/mathutil/test_tri.cxx,1,0,1
/media/ullmann/HDDGabriel/research/engines/panda3d/panda/src/ode/odeConvexGeom.I,0,1,1
/media/ullmann/HDDGabriel/research/engines/panda3d/panda/src/bullet/bulletClosestHitSweepResult.cxx,1,1,2
/media/ullmann/HDDGabriel/research/engines/panda3d/panda/src/gobj/geomVertexReader.I,0,1,1
/media/ullmann/HDDGabriel/research/engines/panda3d/panda/src/gobj/textureContext.I,0,1,1
/media/ullmann/HDDGabriel/research/engines/panda3d/pandatool/src/egg-mkfont/eggMakeFont.h,1,1,2
/media/ullmann/HDDGabriel/research/engines/panda3d/panda/src/dxgsg9/wdxGraphicsWindow9.cxx,3,1,4
/media/ullmann/HDDGabriel/research/engines/panda3d/panda/src/pgui/pgButtonNotify.I,0,1,1
/media/ullmann/HDDGabriel/research/engines/panda3d/panda/src/express/virtualFileSimple.I,0,1,1
/media/ullmann/HDDGabriel/research/engines/panda3d/panda/src/text/cmss12.bam.pz_src.c,0,1,1
/media/ullmann/HDDGabriel/research/engines/panda3d/panda/src/net/datagramGeneratorNet.I,0,1,1
/media/ullmann/HDDGabriel/research/engines/panda3d/panda/src/chan/animChannelScalarDynamic.I,0,1,1
/media/ullmann/HDDGabriel/research/engines/panda3d/panda/src/framework/pandaFramework.I,0,1,1
/media/ullmann/HDDGabriel/research/engines/panda3d/panda/src/glstuff/glOcclusionQueryContext_src.cxx,0,1,1
/media/ullmann/HDDGabriel/research/engines/panda3d/panda/src/pgraphnodes/spotlight.I,0,1,1
/media/ullmann/HDDGabriel/research/engines/panda3d/panda/src/char/characterJoint.I,0,1,1
/media/ullmann/HDDGabriel/research/engines/panda3d/pandatool/src/egg-optchar/eggOptcharUserData.I,0,1,1
/media/ullmann/HDDGabriel/research/engines/panda3d/dtool/src/prc/configVariableBase.I,0,1,1
/media/ullmann/HDDGabriel/research/engines/panda3d/pandatool/src/imageprogs/imageInfo.cxx,1,0,1
/media/ullmann/HDDGabriel/research/engines/panda3d/pandatool/src/imageprogs/imageInfo.h,0,1,1
/media/ullmann/HDDGabriel/research/engines/panda3d/pandatool/src/flt/fltVertex.I,0,1,1
/media/ullmann/HDDGabriel/research/engines/panda3d/panda/src/linmath/lmatrix4_src.I,0,1,1
/media/ullmann/HDDGabriel/research/engines/panda3d/panda/src/mathutil/unionBoundingVolume.I,0,1,1
/media/ullmann/HDDGabriel/research/engines/panda3d/panda/src/grutil/geoMipTerrain.h,1,2,3
/media/ullmann/HDDGabriel/research/engines/panda3d/panda/src/pgraph/cullFaceAttrib.I,0,1,1
/media/ullmann/HDDGabriel/research/engines/panda3d/dtool/src/interrogatedb/interrogateFunctionWrapper.I,0,1,1
/media/ullmann/HDDGabriel/research/engines/panda3d/panda/src/grutil/pipeOcclusionCullTraverser.I,0,1,1
/media/ullmann/HDDGabriel/research/engines/panda3d/pandatool/src/maxprogs/maxEggImport.cxx,1,0,1
/media/ullmann/HDDGabriel/research/engines/panda3d/pandatool/src/maxprogs/maxImportRes.h,0,1,1
/media/ullmann/HDDGabriel/research/engines/panda3d/panda/src/ode/odePlane2dJoint.I,0,1,1
/media/ullmann/HDDGabriel/research/engines/panda3d/panda/src/movies/vorbisAudio.I,0,1,1
/media/ullmann/HDDGabriel/research/engines/panda3d/panda/src/pipeline/pipelineCyclerTrueImpl.I,0,1,1
/media/ullmann/HDDGabriel/research/engines/panda3d/panda/src/device/inputDeviceSet.cxx,1,1,2
/media/ullmann/HDDGabriel/research/engines/panda3d/panda/src/tform/mouseWatcherParameter.I,0,1,1
/media/ullmann/HDDGabriel/research/engines/panda3d/panda/src/express/weakReferenceList.cxx,2,1,3
/media/ullmann/HDDGabriel/research/engines/panda3d/panda/src/pgui/pgButtonNotify.cxx,2,1,3
/media/ullmann/HDDGabriel/research/engines/panda3d/panda/src/gobj/textureCollection.I,0,1,1
/media/ullmann/HDDGabriel/research/engines/panda3d/dtool/src/interrogatedb/interrogateMakeSeq.I,0,1,1
/media/ullmann/HDDGabriel/research/engines/panda3d/panda/src/ffmpeg/ffmpegVirtualFile.I,0,1,1
/media/ullmann/HDDGabriel/research/engines/panda3d/panda/src/express/stringStreamBuf.cxx,2,1,3
/media/ullmann/HDDGabriel/research/engines/panda3d/panda/src/text/textNode.I,0,1,1
/media/ullmann/HDDGabriel/research/engines/panda3d/dtool/src/dtoolbase/typeHandle.I,0,1,1
/media/ullmann/HDDGabriel/research/engines/panda3d/panda/src/express/test_zstream.cxx,1,0,1
/media/ullmann/HDDGabriel/research/engines/panda3d/contrib/src/rplight/iesDataset.cxx,1,1,2
/media/ullmann/HDDGabriel/research/engines/panda3d/panda/src/gsgbase/graphicsOutputBase.I,0,1,1
/media/ullmann/HDDGabriel/research/engines/panda3d/panda/src/downloader/patcher.I,0,1,1
/media/ullmann/HDDGabriel/research/engines/panda3d/panda/src/pipeline/cycleDataStageReader.cxx,1,1,2
/media/ullmann/HDDGabriel/research/engines/panda3d/panda/src/collide/collisionTraverser_ext.h,1,1,2
/media/ullmann/HDDGabriel/research/engines/panda3d/panda/src/express/referenceCount.I,0,1,1
/media/ullmann/HDDGabriel/research/engines/panda3d/panda/src/display/nativeWindowHandle.I,0,1,1
/media/ullmann/HDDGabriel/research/engines/panda3d/panda/src/downloader/httpCookie.I,0,1,1
/media/ullmann/HDDGabriel/research/engines/panda3d/panda/src/putil/datagramOutputFile.cxx,1,1,2
/media/ullmann/HDDGabriel/research/engines/panda3d/panda/src/tinydisplay/init.cxx,1,1,2
/media/ullmann/HDDGabriel/research/engines/panda3d/panda/src/text/textGraphic.I,0,1,1
/media/ullmann/HDDGabriel/research/engines/panda3d/dtool/src/dtoolbase/typeRegistryNode.cxx,1,1,2
/media/ullmann/HDDGabriel/research/engines/panda3d/pandatool/src/fltegg/fltToEggLevelState.I,0,1,1
/media/ullmann/HDDGabriel/research/engines/panda3d/pandatool/src/fltprogs/fltInfo.cxx,1,0,1
/media/ullmann/HDDGabriel/research/engines/panda3d/pandatool/src/fltprogs/fltInfo.h,0,1,1
/media/ullmann/HDDGabriel/research/engines/panda3d/dtool/src/dtoolbase/patomic.cxx,1,1,2
/media/ullmann/HDDGabriel/research/engines/panda3d/panda/src/vision/arToolKit.h,1,1,2
/media/ullmann/HDDGabriel/research/engines/panda3d/panda/src/char/character.I,0,1,1
/media/ullmann/HDDGabriel/research/engines/panda3d/panda/src/framework/p3framework_composite1.cxx,3,0,3
/media/ullmann/HDDGabriel/research/engines/panda3d/panda/src/pipeline/cycleDataLockedReader.cxx,1,1,2
/media/ullmann/HDDGabriel/research/engines/panda3d/panda/src/gobj/geomVertexAnimationSpec.cxx,1,1,2
/media/ullmann/HDDGabriel/research/engines/panda3d/panda/src/linmath/lquaternion_src.h,1,1,2
/media/ullmann/HDDGabriel/research/engines/panda3d/panda/src/linmath/lquaternion_src.I,0,1,1
/media/ullmann/HDDGabriel/research/engines/panda3d/contrib/src/speedtree/speedTreeNode.I,0,1,1
/media/ullmann/HDDGabriel/research/engines/panda3d/pandatool/src/dxfprogs/eggToDXFLayer.h,0,2,2
/media/ullmann/HDDGabriel/research/engines/panda3d/pandatool/src/eggbase/eggSingleBase.cxx,1,1,2
/media/ullmann/HDDGabriel/research/engines/panda3d/panda/src/physics/linearControlForce.I,0,1,1
/media/ullmann/HDDGabriel/research/engines/panda3d/pandatool/src/gtk-stats/gtkStats.h,0,2,2
/media/ullmann/HDDGabriel/research/engines/panda3d/dtool/src/dtoolbase/typeRegistry.I,0,1,1
/media/ullmann/HDDGabriel/research/engines/panda3d/panda/src/glstuff/glGeomContext_src.cxx,0,1,1
/media/ullmann/HDDGabriel/research/engines/panda3d/panda/src/nativenet/socket_selector.h,0,1,1
/media/ullmann/HDDGabriel/research/engines/panda3d/panda/src/collide/collisionHandlerEvent.I,0,1,1
/media/ullmann/HDDGabriel/research/engines/panda3d/panda/src/pgraph/compassEffect.I,0,1,1
/media/ullmann/HDDGabriel/research/engines/panda3d/pandatool/src/vrmlprogs/vrmlToEgg.cxx,1,0,1
/media/ullmann/HDDGabriel/research/engines/panda3d/pandatool/src/vrmlprogs/vrmlToEgg.h,0,1,1
/media/ullmann/HDDGabriel/research/engines/panda3d/pandatool/src/egg-palettize/txaFileFilter.I,0,1,1
/media/ullmann/HDDGabriel/research/engines/panda3d/panda/src/parametrics/nurbsCurveInterface.I,0,1,1
/media/ullmann/HDDGabriel/research/engines/panda3d/panda/metalibs/pandafx/pandafx.cxx,1,0,1
/media/ullmann/HDDGabriel/research/engines/panda3d/panda/metalibs/pandafx/pandafx.h,0,1,1
/media/ullmann/HDDGabriel/research/engines/panda3d/panda/src/text/dynamicTextGlyph.I,0,1,1
/media/ullmann/HDDGabriel/research/engines/panda3d/pandatool/src/progbase/withOutputFile.I,0,1,1
/media/ullmann/HDDGabriel/research/engines/panda3d/direct/src/interval/cConstrainTransformInterval.I,0,1,1
/media/ullmann/HDDGabriel/research/engines/panda3d/panda/src/ode/odeFixedJoint.I,0,1,1
/media/ullmann/HDDGabriel/research/engines/panda3d/pandatool/src/xfile/xFileTemplate.cxx,1,1,2
/media/ullmann/HDDGabriel/research/engines/panda3d/dtool/src/interrogate/parameterRemap.I,0,1,1
/media/ullmann/HDDGabriel/research/engines/panda3d/panda/src/event/asyncTaskPause.cxx,1,1,2
/media/ullmann/HDDGabriel/research/engines/panda3d/panda/src/display/post_x11_include.h,0,1,1
/media/ullmann/HDDGabriel/research/engines/panda3d/panda/src/pnmimage/ppmcmap.h,1,1,2
/media/ullmann/HDDGabriel/research/engines/panda3d/panda/src/mathutil/plane_src.I,0,1,1
/media/ullmann/HDDGabriel/research/engines/panda3d/panda/src/ffmpeg/ffmpegAudio.I,0,1,1
/media/ullmann/HDDGabriel/research/engines/panda3d/pandatool/src/palettizer/omitReason.cxx,1,1,2
/media/ullmann/HDDGabriel/research/engines/panda3d/panda/src/pgraph/transparencyAttrib.I,0,1,1
/media/ullmann/HDDGabriel/research/engines/panda3d/panda/src/pgraph/renderAttribRegistry.I,0,1,1
/media/ullmann/HDDGabriel/research/engines/panda3d/panda/src/bullet/bulletMultiSphereShape.I,0,1,1
/media/ullmann/HDDGabriel/research/engines/panda3d/panda/src/express/make_ca_bundle.cxx,1,0,1
/media/ullmann/HDDGabriel/research/engines/panda3d/pandatool/src/eggbase/somethingToEgg.cxx,1,1,2
/media/ullmann/HDDGabriel/research/engines/panda3d/pandatool/src/progbase/wordWrapStreamBuf.I,0,1,1
/media/ullmann/HDDGabriel/research/engines/panda3d/panda/src/mathutil/plane_src.cxx,0,1,1
/media/ullmann/HDDGabriel/research/engines/panda3d/pandatool/src/fltprogs/eggToFlt.cxx,1,0,1
/media/ullmann/HDDGabriel/research/engines/panda3d/pandatool/src/fltprogs/eggToFlt.h,0,1,1
/media/ullmann/HDDGabriel/research/engines/panda3d/panda/src/pstatclient/pStatCollector.I,0,1,1
/media/ullmann/HDDGabriel/research/engines/panda3d/panda/src/pipeline/pipeline.I,0,1,1
/media/ullmann/HDDGabriel/research/engines/panda3d/panda/src/pgraph/lightRampAttrib.I,0,1,1
/media/ullmann/HDDGabriel/research/engines/panda3d/dtool/src/dtoolutil/dSearchPath.I,0,1,1
/media/ullmann/HDDGabriel/research/engines/panda3d/panda/src/pgraph/scissorAttrib.cxx,1,1,2
/media/ullmann/HDDGabriel/research/engines/panda3d/panda/metalibs/pandaode/pandaode.cxx,1,0,1
/media/ullmann/HDDGabriel/research/engines/panda3d/panda/metalibs/pandaode/pandaode.h,0,1,1
/media/ullmann/HDDGabriel/research/engines/panda3d/pandatool/src/eggcharbase/eggJointPointer.I,0,1,1
/media/ullmann/HDDGabriel/research/engines/panda3d/panda/src/device/buttonNode.I,0,1,1
/media/ullmann/HDDGabriel/research/engines/panda3d/panda/src/pgraph/transformState_ext.cxx,1,1,2
/media/ullmann/HDDGabriel/research/engines/panda3d/panda/src/express/memoryUsagePointers_ext.cxx,1,1,2
/media/ullmann/HDDGabriel/research/engines/panda3d/panda/src/express/datagramSink.I,0,1,1
/media/ullmann/HDDGabriel/research/engines/panda3d/panda/src/gobj/transformTable.I,0,1,1
/media/ullmann/HDDGabriel/research/engines/panda3d/panda/src/linmath/lvecBase3_src.cxx,0,1,1
/media/ullmann/HDDGabriel/research/engines/panda3d/dtool/src/prc/configVariableCore.I,0,1,1
/media/ullmann/HDDGabriel/research/engines/panda3d/pandatool/src/pstatserver/pStatPianoRoll.I,0,1,1
/media/ullmann/HDDGabriel/research/engines/panda3d/panda/src/linmath/lpoint2_ext_src.I,0,1,1
/media/ullmann/HDDGabriel/research/engines/panda3d/panda/src/display/standardMunger.I,0,1,1
/media/ullmann/HDDGabriel/research/engines/panda3d/panda/src/egg/eggTexture.I,0,1,1
/media/ullmann/HDDGabriel/research/engines/panda3d/panda/src/parametrics/parametricCurveCollection.I,0,1,1
/media/ullmann/HDDGabriel/research/engines/panda3d/panda/src/text/persans.ttf_src.c,0,1,1
/media/ullmann/HDDGabriel/research/engines/panda3d/pandatool/src/lwoegg/lwoToEggConverter.I,0,1,1
/media/ullmann/HDDGabriel/research/engines/panda3d/panda/src/physics/physicsObject.cxx,1,1,2
/media/ullmann/HDDGabriel/research/engines/panda3d/panda/src/bullet/bulletSoftBodyNode.I,0,1,1
/media/ullmann/HDDGabriel/research/engines/panda3d/pandatool/src/eggcharbase/eggCharacterCollection.I,0,1,1
/media/ullmann/HDDGabriel/research/engines/panda3d/panda/src/bullet/bulletShape.I,0,1,1
/media/ullmann/HDDGabriel/research/engines/panda3d/panda/src/chan/partSubset.I,0,1,1
/media/ullmann/HDDGabriel/research/engines/panda3d/dtool/src/prc/pnotify.I,0,1,1
/media/ullmann/HDDGabriel/research/engines/panda3d/panda/src/ode/odeGeom_ext.I,0,1,1
/media/ullmann/HDDGabriel/research/engines/panda3d/dtool/src/parser-inc/assert.h,0,1,1
/media/ullmann/HDDGabriel/research/engines/panda3d/panda/src/egg/eggObject.I,0,1,1
/media/ullmann/HDDGabriel/research/engines/panda3d/direct/src/motiontrail/cMotionTrail.cxx,1,0,1
/media/ullmann/HDDGabriel/research/engines/panda3d/panda/src/bullet/bulletTriangleMeshShape.I,0,1,1
/media/ullmann/HDDGabriel/research/engines/panda3d/dtool/src/dtoolbase/deletedChain.T,0,1,1
/media/ullmann/HDDGabriel/research/engines/panda3d/panda/src/glstuff/glCgShaderContext_src.I,0,1,1
/media/ullmann/HDDGabriel/research/engines/panda3d/panda/src/glstuff/glOcclusionQueryContext_src.I,0,1,1
/media/ullmann/HDDGabriel/research/engines/panda3d/panda/src/display/displayRegionDrawCallbackData.I,0,1,1
/media/ullmann/HDDGabriel/research/engines/panda3d/pandatool/src/imageprogs/imageResize.I,0,1,1
/media/ullmann/HDDGabriel/research/engines/panda3d/panda/src/parametrics/nurbsBasisVector.I,0,1,1
/media/ullmann/HDDGabriel/research/engines/panda3d/panda/src/text/textPropertiesManager.I,0,1,1
/media/ullmann/HDDGabriel/research/engines/panda3d/panda/src/physics/forceNode.I,0,1,1
/media/ullmann/HDDGabriel/research/engines/panda3d/direct/src/motiontrail/config_motiontrail.cxx,1,0,1
/media/ullmann/HDDGabriel/research/engines/panda3d/panda/src/x11display/x11GraphicsWindow.I,0,1,1
/media/ullmann/HDDGabriel/research/engines/panda3d/panda/src/pstatclient/pStatTimer.I,0,1,1
/media/ullmann/HDDGabriel/research/engines/panda3d/pandatool/src/pandatoolbase/animationConvert.cxx,1,1,2
/media/ullmann/HDDGabriel/research/engines/panda3d/panda/src/pipeline/cyclerHolder.I,0,1,1
/media/ullmann/HDDGabriel/research/engines/panda3d/panda/src/tform/mouseInterfaceNode.I,0,1,1
/media/ullmann/HDDGabriel/research/engines/panda3d/panda/src/linmath/lpoint2_src.cxx,0,1,1
/media/ullmann/HDDGabriel/research/engines/panda3d/panda/src/gobj/texturePeeker.I,0,1,1
/media/ullmann/HDDGabriel/research/engines/panda3d/panda/src/pgraph/instancedNode.I,0,1,1
/media/ullmann/HDDGabriel/research/engines/panda3d/panda/src/display/displayRegion.I,0,1,1
/media/ullmann/HDDGabriel/research/engines/panda3d/panda/src/grutil/multitexReducer.I,0,1,1
/media/ullmann/HDDGabriel/research/engines/panda3d/panda/src/chan/bindAnimRequest.I,0,1,1
/media/ullmann/HDDGabriel/research/engines/panda3d/panda/src/express/openSSLWrapper.I,0,1,1
/media/ullmann/HDDGabriel/research/engines/panda3d/panda/src/express/nodePointerToBase.cxx,1,1,2
/media/ullmann/HDDGabriel/research/engines/panda3d/panda/src/device/clientButtonDevice.I,0,1,1
/media/ullmann/HDDGabriel/research/engines/panda3d/panda/src/event/asyncTaskPause.I,0,1,1
/media/ullmann/HDDGabriel/research/engines/panda3d/panda/src/particlesystem/zSpinParticle.I,0,1,1
/media/ullmann/HDDGabriel/research/engines/panda3d/panda/src/gobj/orthographicLens.I,0,1,1
/media/ullmann/HDDGabriel/research/engines/panda3d/panda/src/pipeline/conditionVarDummyImpl.I,0,1,1
/media/ullmann/HDDGabriel/research/engines/panda3d/panda/src/collide/collisionTraverser_ext.cxx,1,1,2
/media/ullmann/HDDGabriel/research/engines/panda3d/panda/src/dxgsg9/wdxGraphicsWindow9.I,0,1,1
/media/ullmann/HDDGabriel/research/engines/panda3d/panda/src/egg/eggTriangleFan.I,0,1,1
/media/ullmann/HDDGabriel/research/engines/panda3d/panda/src/pipeline/genericThread.I,0,1,1
/media/ullmann/HDDGabriel/research/engines/panda3d/panda/src/bullet/bulletSphereShape.I,0,1,1
/media/ullmann/HDDGabriel/research/engines/panda3d/panda/metalibs/pandagles2/pandagles2.cxx,1,0,1
/media/ullmann/HDDGabriel/research/engines/panda3d/panda/metalibs/pandagles2/pandagles2.h,0,1,1
/media/ullmann/HDDGabriel/research/engines/panda3d/panda/src/dxgsg9/dxGraphicsStateGuardian9.I,0,1,1
/media/ullmann/HDDGabriel/research/engines/panda3d/panda/src/display/subprocessWindowBuffer.I,0,1,1
/media/ullmann/HDDGabriel/research/engines/panda3d/panda/src/egg/eggLine.I,0,1,1
/media/ullmann/HDDGabriel/research/engines/panda3d/pandatool/src/imageprogs/imageTrans.cxx,1,0,1
/media/ullmann/HDDGabriel/research/engines/panda3d/pandatool/src/imageprogs/imageTrans.h,0,1,1
/media/ullmann/HDDGabriel/research/engines/panda3d/panda/src/nativenet/membuffer.I,0,1,1
/media/ullmann/HDDGabriel/research/engines/panda3d/panda/src/tform/mouseWatcherBase.I,0,1,1
/media/ullmann/HDDGabriel/research/engines/panda3d/panda/src/linmath/lvecBase3_src.h,1,1,2
/media/ullmann/HDDGabriel/research/engines/panda3d/panda/src/linmath/lvecBase3_src.I,0,1,1
/media/ullmann/HDDGabriel/research/engines/panda3d/panda/src/downloader/documentSpec.cxx,1,1,2
/media/ullmann/HDDGabriel/research/engines/panda3d/panda/src/net/datagramTCPHeader.I,0,1,1
/media/ullmann/HDDGabriel/research/engines/panda3d/panda/src/dxgsg9/dxGeomMunger9.I,0,1,1
/media/ullmann/HDDGabriel/research/engines/panda3d/panda/src/mathutil/parabola_src.I,0,1,1
/media/ullmann/HDDGabriel/research/engines/panda3d/panda/src/tinydisplay/tinySDLGraphicsWindow.I,0,1,1
/media/ullmann/HDDGabriel/research/engines/panda3d/panda/src/gobj/geomPrimitive.I,0,1,1
/media/ullmann/HDDGabriel/research/engines/panda3d/pandatool/src/flt/fltLocalVertexPool.I,0,1,1
/media/ullmann/HDDGabriel/research/engines/panda3d/panda/src/androiddisplay/androidGraphicsStateGuardian.I,0,1,1
/media/ullmann/HDDGabriel/research/engines/panda3d/panda/src/pgraph/showBoundsEffect.I,0,1,1
/media/ullmann/HDDGabriel/research/engines/panda3d/panda/src/ode/odeHingeJoint.I,0,1,1
/media/ullmann/HDDGabriel/research/engines/panda3d/panda/src/gobj/bufferContext.I,0,1,1
/media/ullmann/HDDGabriel/research/engines/panda3d/panda/src/downloader/virtualFileHTTP.I,0,1,1
/media/ullmann/HDDGabriel/research/engines/panda3d/panda/src/grutil/nodeVertexTransform.I,0,1,1
/media/ullmann/HDDGabriel/research/engines/panda3d/panda/src/bullet/bulletSoftBodyControl.I,0,1,1
/media/ullmann/HDDGabriel/research/engines/panda3d/contrib/src/speedtree/stTree.cxx,2,1,3
/media/ullmann/HDDGabriel/research/engines/panda3d/panda/src/particlesystem/tangentRingEmitter.I,0,1,1
/media/ullmann/HDDGabriel/research/engines/panda3d/pandatool/src/egg-palettize/eggPalettize.cxx,1,0,1
/media/ullmann/HDDGabriel/research/engines/panda3d/pandatool/src/egg-palettize/eggPalettize.h,0,1,1
/media/ullmann/HDDGabriel/research/engines/panda3d/panda/src/pipeline/cycleDataStageWriter.cxx,1,1,2
/media/ullmann/HDDGabriel/research/engines/panda3d/panda/src/physics/linearDistanceForce.I,0,1,1
/media/ullmann/HDDGabriel/research/engines/panda3d/pandatool/src/objegg/config_objegg.cxx,1,0,1
/media/ullmann/HDDGabriel/research/engines/panda3d/panda/src/ode/odeSurfaceParameters.I,0,1,1
/media/ullmann/HDDGabriel/research/engines/panda3d/panda/src/event/asyncTaskManager.I,0,1,1
/media/ullmann/HDDGabriel/research/engines/panda3d/panda/src/putil/callbackData.I,0,1,1
/media/ullmann/HDDGabriel/research/engines/panda3d/panda/src/mathutil/boundingPlane.I,0,1,1
/media/ullmann/HDDGabriel/research/engines/panda3d/panda/src/pgraph/materialCollection.I,0,1,1
/media/ullmann/HDDGabriel/research/engines/panda3d/pandatool/src/fltegg/fltToEggConverter.I,0,1,1
/media/ullmann/HDDGabriel/research/engines/panda3d/panda/src/glstuff/glmisc_src.cxx,0,1,1
/media/ullmann/HDDGabriel/research/engines/panda3d/panda/src/dgraph/p3dgraph_composite2.cxx,2,0,2
/media/ullmann/HDDGabriel/research/engines/panda3d/panda/src/dgraph/dataNodeTransmit.cxx,1,1,2
/media/ullmann/HDDGabriel/research/engines/panda3d/dtool/src/prc/configFlags.cxx,1,1,2
/media/ullmann/HDDGabriel/research/engines/panda3d/direct/src/interval/cConstrainPosHprInterval.I,0,1,1
/media/ullmann/HDDGabriel/research/engines/panda3d/panda/src/vrpn/vrpnClient.I,0,1,1
/media/ullmann/HDDGabriel/research/engines/panda3d/panda/src/bullet/bulletAllHitsRayResult.I,0,1,1
/media/ullmann/HDDGabriel/research/engines/panda3d/panda/src/express/subfileInfo.I,0,1,1
/media/ullmann/HDDGabriel/research/engines/panda3d/dtool/src/dtoolutil/test_touch.cxx,1,0,1
/media/ullmann/HDDGabriel/research/engines/panda3d/dtool/src/parser-inc/avio.h,1,0,1
/media/ullmann/HDDGabriel/research/engines/panda3d/panda/src/express/memoryUsage.I,0,1,1
/media/ullmann/HDDGabriel/research/engines/panda3d/panda/src/gobj/internalName.I,0,1,1
/media/ullmann/HDDGabriel/research/engines/panda3d/panda/src/linmath/lvector3_src.cxx,0,1,1
/media/ullmann/HDDGabriel/research/engines/panda3d/panda/src/pgraph/planeNode.I,0,1,1
/media/ullmann/HDDGabriel/research/engines/panda3d/panda/src/putil/factoryParams.cxx,1,1,2
/media/ullmann/HDDGabriel/research/engines/panda3d/pandatool/src/eggcharbase/config_eggcharbase.h,0,1,1
/media/ullmann/HDDGabriel/research/engines/panda3d/pandatool/src/daeprogs/eggToDAE.cxx,1,0,1
/media/ullmann/HDDGabriel/research/engines/panda3d/pandatool/src/daeprogs/eggToDAE.h,0,1,1
/media/ullmann/HDDGabriel/research/engines/panda3d/panda/src/pipeline/contextSwitch_posix_src.c,0,1,1
/media/ullmann/HDDGabriel/research/engines/panda3d/panda/src/physics/linearNoiseForce.cxx,1,1,2
/media/ullmann/HDDGabriel/research/engines/panda3d/panda/src/pgraph/cullTraverser.I,0,1,1
/media/ullmann/HDDGabriel/research/engines/panda3d/pandatool/src/eggcharbase/eggCharacterData.I,0,1,1
/media/ullmann/HDDGabriel/research/engines/panda3d/pandatool/src/egg-optchar/vertexMembership.cxx,1,0,1
/media/ullmann/HDDGabriel/research/engines/panda3d/panda/src/gobj/materialPool.I,0,1,1
/media/ullmann/HDDGabriel/research/engines/panda3d/panda/src/express/weakReferenceList.I,0,1,1
/media/ullmann/HDDGabriel/research/engines/panda3d/panda/src/tinydisplay/ztriangle_table.cxx,2,0,2
/media/ullmann/HDDGabriel/research/engines/panda3d/pandatool/src/eggcharbase/eggJointData.I,0,1,1
/media/ullmann/HDDGabriel/research/engines/panda3d/panda/src/glstuff/glBufferContext_src.I,0,1,1
/media/ullmann/HDDGabriel/research/engines/panda3d/panda/src/particlesystem/sparkleParticleRenderer.I,0,1,1
/media/ullmann/HDDGabriel/research/engines/panda3d/panda/src/device/trackerNode.I,0,1,1
/media/ullmann/HDDGabriel/research/engines/panda3d/pandatool/src/objegg/objToEggConverter.h,1,1,2
/media/ullmann/HDDGabriel/research/engines/panda3d/pandatool/src/objegg/objToEggConverter.I,0,1,1
/media/ullmann/HDDGabriel/research/engines/panda3d/panda/src/pgraph/portalNode.I,0,1,1
/media/ullmann/HDDGabriel/research/engines/panda3d/direct/src/interval/hideInterval.I,0,1,1
/media/ullmann/HDDGabriel/research/engines/panda3d/panda/src/pnmimage/pnm-image-filter-core.cxx,0,1,1
/media/ullmann/HDDGabriel/research/engines/panda3d/panda/src/gobj/transformBlend.I,0,1,1
/media/ullmann/HDDGabriel/research/engines/panda3d/pandatool/src/pstatserver/pStatView.I,0,1,1
/media/ullmann/HDDGabriel/research/engines/panda3d/pandatool/src/eggcharbase/eggSliderData.I,0,1,1
/media/ullmann/HDDGabriel/research/engines/panda3d/panda/src/framework/config_framework.cxx,2,1,3
/media/ullmann/HDDGabriel/research/engines/panda3d/panda/src/pgui/pgSliderBar.I,0,1,1
/media/ullmann/HDDGabriel/research/engines/panda3d/panda/src/wgldisplay/wglGraphicsWindow.I,0,1,1
/media/ullmann/HDDGabriel/research/engines/panda3d/panda/src/egg/eggMesher.I,0,1,1
/media/ullmann/HDDGabriel/research/engines/panda3d/pandatool/src/fltprogs/fltTrans.cxx,1,0,1
/media/ullmann/HDDGabriel/research/engines/panda3d/pandatool/src/fltprogs/fltTrans.h,0,1,1
/media/ullmann/HDDGabriel/research/engines/panda3d/pandatool/src/pstatserver/pStatMonitor.I,0,1,1
/media/ullmann/HDDGabriel/research/engines/panda3d/panda/src/express/trueClock.I,0,1,1
/media/ullmann/HDDGabriel/research/engines/panda3d/panda/src/pipeline/mutexSimpleImpl.I,0,1,1
/media/ullmann/HDDGabriel/research/engines/panda3d/dtool/src/prc/encryptStream.I,0,1,1
/media/ullmann/HDDGabriel/research/engines/panda3d/panda/src/pipeline/psemaphore.I,0,1,1
/media/ullmann/HDDGabriel/research/engines/panda3d/panda/src/pgraph/occluderEffect.I,0,1,1
/media/ullmann/HDDGabriel/research/engines/panda3d/panda/src/express/datagramIterator.I,0,1,1
/media/ullmann/HDDGabriel/research/engines/panda3d/panda/src/ode/odeHashSpace.I,0,1,1
/media/ullmann/HDDGabriel/research/engines/panda3d/panda/src/pgraph/renderModeAttrib.I,0,1,1
/media/ullmann/HDDGabriel/research/engines/panda3d/dtool/src/interrogatedb/py_wrappers.cxx,1,0,1
/media/ullmann/HDDGabriel/research/engines/panda3d/panda/src/ode/odeSimpleSpace.I,0,1,1
/media/ullmann/HDDGabriel/research/engines/panda3d/dtool/src/test_interrogate/test_lib.cxx,1,0,1
/media/ullmann/HDDGabriel/research/engines/panda3d/dtool/src/test_interrogate/test_lib.h,0,1,1
/media/ullmann/HDDGabriel/research/engines/panda3d/panda/src/glstuff/glIndexBufferContext_src.cxx,0,1,1
/media/ullmann/HDDGabriel/research/engines/panda3d/panda/src/display/frameBufferProperties.I,0,1,1
/media/ullmann/HDDGabriel/research/engines/panda3d/pandatool/src/palettizer/config_palettizer.h,0,1,1
/media/ullmann/HDDGabriel/research/engines/panda3d/panda/src/mathutil/omniBoundingVolume.I,0,1,1
/media/ullmann/HDDGabriel/research/engines/panda3d/pandatool/src/eggprogs/eggCrop.cxx,1,0,1
/media/ullmann/HDDGabriel/research/engines/panda3d/pandatool/src/eggprogs/eggCrop.h,0,1,1
/media/ullmann/HDDGabriel/research/engines/panda3d/panda/src/event/buttonEvent.I,0,1,1
/media/ullmann/HDDGabriel/research/engines/panda3d/pandatool/src/win-stats/winStatsMonitor.I,0,1,1
/media/ullmann/HDDGabriel/research/engines/panda3d/dtool/src/dtoolutil/iostream_ext.h,0,1,1
/media/ullmann/HDDGabriel/research/engines/panda3d/panda/src/pgraph/lensNode.I,0,1,1
/media/ullmann/HDDGabriel/research/engines/panda3d/panda/src/downloader/chunkedStream.I,0,1,1
/media/ullmann/HDDGabriel/research/engines/panda3d/panda/src/tinydisplay/store_pixel_code.h,1,1,2
/media/ullmann/HDDGabriel/research/engines/panda3d/panda/src/cull/cullBinUnsorted.I,0,1,1
/media/ullmann/HDDGabriel/research/engines/panda3d/panda/src/movies/microphoneAudio.I,0,1,1
/media/ullmann/HDDGabriel/research/engines/panda3d/panda/src/express/patchfile.I,0,1,1
/media/ullmann/HDDGabriel/research/engines/panda3d/pandatool/src/pstatserver/pStatGraph.I,0,1,1
/media/ullmann/HDDGabriel/research/engines/panda3d/dtool/src/interrogatedb/interrogate_datafile.I,0,1,1
/media/ullmann/HDDGabriel/research/engines/panda3d/panda/src/tform/mouseWatcherRegion.I,0,1,1
/media/ullmann/HDDGabriel/research/engines/panda3d/panda/src/pgraph/modelFlattenRequest.I,0,1,1
/media/ullmann/HDDGabriel/research/engines/panda3d/panda/src/event/throw_event.I,0,1,1
/media/ullmann/HDDGabriel/research/engines/panda3d/panda/src/gobj/samplerState.I,0,1,1
/media/ullmann/HDDGabriel/research/engines/panda3d/panda/src/pipeline/contextSwitch_windows_src.c,0,1,1
/media/ullmann/HDDGabriel/research/engines/panda3d/panda/src/bullet/bulletConeTwistConstraint.I,0,1,1
/media/ullmann/HDDGabriel/research/engines/panda3d/panda/src/cocoadisplay/cocoaGraphicsBuffer.h,1,0,1
/media/ullmann/HDDGabriel/research/engines/panda3d/panda/src/cocoadisplay/cocoaGraphicsBuffer.I,0,1,1
/media/ullmann/HDDGabriel/research/engines/panda3d/panda/src/vrpn/vrpnDialDevice.I,0,1,1
/media/ullmann/HDDGabriel/research/engines/panda3d/pandatool/src/eggbase/eggMultiBase.h,1,2,3
/media/ullmann/HDDGabriel/research/engines/panda3d/direct/src/dcparser/dcindent.cxx,1,1,2
/media/ullmann/HDDGabriel/research/engines/panda3d/pandatool/src/pstatserver/pStatStripChart.I,0,1,1
/media/ullmann/HDDGabriel/research/engines/panda3d/panda/src/egg/eggUserData.I,0,1,1
/media/ullmann/HDDGabriel/research/engines/panda3d/panda/src/bullet/bulletFilterCallbackData.I,0,1,1
/media/ullmann/HDDGabriel/research/engines/panda3d/panda/src/putil/bamReader.I,0,1,1
/media/ullmann/HDDGabriel/research/engines/panda3d/panda/src/display/pre_x11_include.h,0,1,1
/media/ullmann/HDDGabriel/research/engines/panda3d/panda/src/audiotraits/openalAudioSound.I,0,1,1
/media/ullmann/HDDGabriel/research/engines/panda3d/panda/src/pipeline/cycleDataWriter.I,0,1,1
/media/ullmann/HDDGabriel/research/engines/panda3d/dtool/src/dtoolutil/pandaFileStream.I,0,1,1
/media/ullmann/HDDGabriel/research/engines/panda3d/panda/src/express/stringStreamBuf.I,0,1,1
/media/ullmann/HDDGabriel/research/engines/panda3d/panda/src/egg/eggMesherStrip.I,0,1,1
/media/ullmann/HDDGabriel/research/engines/panda3d/panda/src/bullet/bulletSoftBodyWorldInfo.I,0,1,1
/media/ullmann/HDDGabriel/research/engines/panda3d/panda/src/grutil/fisheyeMaker.h,1,1,2
/media/ullmann/HDDGabriel/research/engines/panda3d/panda/src/gobj/geomVertexColumn.I,0,1,1
/media/ullmann/HDDGabriel/research/engines/panda3d/contrib/src/speedtree/stTransform.I,0,1,1
/media/ullmann/HDDGabriel/research/engines/panda3d/panda/src/egg/eggPoint.I,0,1,1
/media/ullmann/HDDGabriel/research/engines/panda3d/panda/src/pgraph/modelLoadRequest.I,0,1,1
/media/ullmann/HDDGabriel/research/engines/panda3d/pandatool/src/palettizer/filenameUnifier.cxx,1,1,2
/media/ullmann/HDDGabriel/research/engines/panda3d/panda/src/glstuff/glImmediateModeSender_src.I,0,1,1
/media/ullmann/HDDGabriel/research/engines/panda3d/panda/src/tinydisplay/srgb_tables.h,0,1,1
/media/ullmann/HDDGabriel/research/engines/panda3d/panda/src/putil/indirectCompareTo.h,1,0,1
/media/ullmann/HDDGabriel/research/engines/panda3d/panda/src/putil/indirectCompareTo.I,0,1,1
/media/ullmann/HDDGabriel/research/engines/panda3d/panda/src/pnmtext/freetypeFont.I,0,1,1
/media/ullmann/HDDGabriel/research/engines/panda3d/panda/src/net/datagramUDPHeader.I,0,1,1
/media/ullmann/HDDGabriel/research/engines/panda3d/contrib/src/rplight/config_rplight.h,0,1,1
/media/ullmann/HDDGabriel/research/engines/panda3d/panda/src/mathutil/perlinNoise.I,0,1,1
/media/ullmann/HDDGabriel/research/engines/panda3d/dtool/src/dtoolbase/atomicAdjustPosixImpl.I,0,1,1
/media/ullmann/HDDGabriel/research/engines/panda3d/panda/src/recorder/recorderController.I,0,1,1
/media/ullmann/HDDGabriel/research/engines/panda3d/panda/src/gobj/geomVertexArrayData.I,0,1,1
/media/ullmann/HDDGabriel/research/engines/panda3d/panda/src/collide/collisionFloorMesh.I,0,1,1
/media/ullmann/HDDGabriel/research/engines/panda3d/panda/src/putil/indirectCompareNames.h,1,0,1
/media/ullmann/HDDGabriel/research/engines/panda3d/panda/src/putil/indirectCompareNames.I,0,1,1
/media/ullmann/HDDGabriel/research/engines/panda3d/panda/src/putil/cPointerCallbackObject.I,0,1,1
/media/ullmann/HDDGabriel/research/engines/panda3d/panda/src/pgraph/polylightEffect.I,0,1,1
/media/ullmann/HDDGabriel/research/engines/panda3d/pandatool/src/assimp/assimpLoader.I,0,1,1
/media/ullmann/HDDGabriel/research/engines/panda3d/panda/src/putil/modifierButtons.I,0,1,1
/media/ullmann/HDDGabriel/research/engines/panda3d/panda/src/glesgsg/panda_esglext.h,0,1,1
/media/ullmann/HDDGabriel/research/engines/panda3d/panda/src/egg/eggPrimitive.I,0,1,1
/media/ullmann/HDDGabriel/research/engines/panda3d/panda/src/linmath/lrotation_src.I,0,1,1
/media/ullmann/HDDGabriel/research/engines/panda3d/panda/src/pipeline/lightReMutex.cxx,1,0,1
/media/ullmann/HDDGabriel/research/engines/panda3d/panda/src/pgui/pgItemNotify.I,0,1,1
/media/ullmann/HDDGabriel/research/engines/panda3d/panda/src/ode/odeJointCollection.I,0,1,1
/media/ullmann/HDDGabriel/research/engines/panda3d/panda/src/movies/movieAudioCursor.I,0,1,1
/media/ullmann/HDDGabriel/research/engines/panda3d/panda/src/text/textGlyph.I,0,1,1
/media/ullmann/HDDGabriel/research/engines/panda3d/panda/src/display/graphicsStateGuardian.I,0,1,1
/media/ullmann/HDDGabriel/research/engines/panda3d/panda/src/express/datagram_ext.I,0,1,1
/media/ullmann/HDDGabriel/research/engines/panda3d/dtool/src/parser-inc/winsock2.h,1,0,1
/media/ullmann/HDDGabriel/research/engines/panda3d/panda/src/ode/odeQuadTreeSpace.I,0,1,1
/media/ullmann/HDDGabriel/research/engines/panda3d/pandatool/src/flt/fltMeshPrimitive.I,0,1,1
/media/ullmann/HDDGabriel/research/engines/panda3d/pandatool/src/xfileprogs/eggToX.cxx,1,0,1
/media/ullmann/HDDGabriel/research/engines/panda3d/pandatool/src/xfileprogs/eggToX.h,0,1,1
/media/ullmann/HDDGabriel/research/engines/panda3d/panda/src/movies/userDataAudioCursor.I,0,1,1
/media/ullmann/HDDGabriel/research/engines/panda3d/panda/src/device/inputDeviceSet.I,0,1,1
/media/ullmann/HDDGabriel/research/engines/panda3d/panda/src/putil/copyOnWritePointer.I,0,1,1
/media/ullmann/HDDGabriel/research/engines/panda3d/panda/src/pnmtext/pnmTextGlyph.I,0,1,1
/media/ullmann/HDDGabriel/research/engines/panda3d/panda/src/pipeline/conditionVarDirect.I,0,1,1
/media/ullmann/HDDGabriel/research/engines/panda3d/panda/src/putil/firstOfPairLess.h,1,0,1
/media/ullmann/HDDGabriel/research/engines/panda3d/panda/src/putil/firstOfPairLess.I,0,1,1
/media/ullmann/HDDGabriel/research/engines/panda3d/panda/src/pgraph/shadeModelAttrib.I,0,1,1
/media/ullmann/HDDGabriel/research/engines/panda3d/pandatool/src/lwo/iffGenericChunk.I,0,1,1
/media/ullmann/HDDGabriel/research/engines/panda3d/pandatool/src/daeprogs/daeToEgg.cxx,1,0,1
/media/ullmann/HDDGabriel/research/engines/panda3d/pandatool/src/daeprogs/daeToEgg.h,0,1,1
/media/ullmann/HDDGabriel/research/engines/panda3d/panda/src/grutil/geoMipTerrain.I,0,1,1
/media/ullmann/HDDGabriel/research/engines/panda3d/panda/src/gobj/geomContext.I,0,1,1
/media/ullmann/HDDGabriel/research/engines/panda3d/panda/src/downloader/httpDigestAuthorization.I,0,1,1
/media/ullmann/HDDGabriel/research/engines/panda3d/panda/src/gobj/vertexDataBook.I,0,1,1
/media/ullmann/HDDGabriel/research/engines/panda3d/pandatool/src/eggprogs/eggTextureCards.cxx,1,0,1
/media/ullmann/HDDGabriel/research/engines/panda3d/pandatool/src/eggprogs/eggTextureCards.h,0,1,1
/media/ullmann/HDDGabriel/research/engines/panda3d/panda/src/particlesystem/particleSystemManager.I,0,1,1
/media/ullmann/HDDGabriel/research/engines/panda3d/panda/src/skel/typedSkel.I,0,1,1
/media/ullmann/HDDGabriel/research/engines/panda3d/pandatool/src/progbase/test_prog.cxx,1,0,1
/media/ullmann/HDDGabriel/research/engines/panda3d/panda/src/pgraph/accumulatedAttribs.I,0,1,1
/media/ullmann/HDDGabriel/research/engines/panda3d/panda/src/pgraph/instanceList.I,0,1,1
/media/ullmann/HDDGabriel/research/engines/panda3d/panda/src/express/virtualFileSystem.I,0,1,1
/media/ullmann/HDDGabriel/research/engines/panda3d/panda/src/putil/typedWritableReferenceCount.I,0,1,1
/media/ullmann/HDDGabriel/research/engines/panda3d/panda/src/display/stereoDisplayRegion.I,0,1,1
/media/ullmann/HDDGabriel/research/engines/panda3d/pandatool/src/lwoprogs/lwoScan.cxx,1,0,1
/media/ullmann/HDDGabriel/research/engines/panda3d/pandatool/src/lwoprogs/lwoScan.h,0,1,1
/media/ullmann/HDDGabriel/research/engines/panda3d/panda/src/pgraph/modelPool.I,0,1,1
/media/ullmann/HDDGabriel/research/engines/panda3d/panda/src/collide/collisionLine.I,0,1,1
/media/ullmann/HDDGabriel/research/engines/panda3d/panda/src/tinydisplay/store_pixel.h,0,1,1
/media/ullmann/HDDGabriel/research/engines/panda3d/panda/src/pgraph/camera.I,0,1,1
/media/ullmann/HDDGabriel/research/engines/panda3d/panda/src/cocoadisplay/cocoaGraphicsPipe.I,0,1,1
/media/ullmann/HDDGabriel/research/engines/panda3d/panda/src/ode/odeAMotorJoint.I,0,1,1
/media/ullmann/HDDGabriel/research/engines/panda3d/panda/src/pipeline/mutexHolder.I,0,1,1
/media/ullmann/HDDGabriel/research/engines/panda3d/pandatool/src/imageprogs/imageTransformColors.I,0,1,1
/media/ullmann/HDDGabriel/research/engines/panda3d/direct/src/dcparser/dcNumericRange.I,0,1,1
/media/ullmann/HDDGabriel/research/engines/panda3d/panda/src/egg/eggAnimData.I,0,1,1
/media/ullmann/HDDGabriel/research/engines/panda3d/contrib/src/rplight/iesDataset.h,0,1,1
/media/ullmann/HDDGabriel/research/engines/panda3d/panda/src/event/eventHandler.I,0,1,1
/media/ullmann/HDDGabriel/research/engines/panda3d/direct/src/interval/cConstrainPosInterval.I,0,1,1
/media/ullmann/HDDGabriel/research/engines/panda3d/panda/src/egg/eggVertexAux.I,0,1,1
/media/ullmann/HDDGabriel/research/engines/panda3d/panda/src/pgraph/loader.I,0,1,1
/media/ullmann/HDDGabriel/research/engines/panda3d/pandatool/src/lwo/lwoInputFile.I,0,1,1
/media/ullmann/HDDGabriel/research/engines/panda3d/panda/src/linmath/cast_to_float.I,0,1,1
/media/ullmann/HDDGabriel/research/engines/panda3d/panda/src/vision/arToolKit.I,0,1,1
/media/ullmann/HDDGabriel/research/engines/panda3d/pandatool/src/lwoegg/cLwoClip.I,0,1,1
/media/ullmann/HDDGabriel/research/engines/panda3d/panda/src/pgraph/sceneSetup.I,0,1,1
/media/ullmann/HDDGabriel/research/engines/panda3d/pandatool/src/maxegg/maxNodeDesc.h,0,1,1
/media/ullmann/HDDGabriel/research/engines/panda3d/panda/src/downloader/httpAuthorization.I,0,1,1
/media/ullmann/HDDGabriel/research/engines/panda3d/panda/src/grutil/fisheyeMaker.I,0,1,1
/media/ullmann/HDDGabriel/research/engines/panda3d/pandatool/src/converter/eggToSomethingConverter.I,0,1,1
