edge,includes,includedby,sum
/media/ullmann/HDDGabriel/research/engines/panda3d/panda/src/x11display/x11GraphicsWindow.cxx,20,1,21
/media/ullmann/HDDGabriel/research/engines/panda3d/dtool/src/parser-inc/sys/time.h,0,10,10
/media/ullmann/HDDGabriel/research/engines/panda3d/pandatool/src/palettizer/textureImage.cxx,18,1,19
/media/ullmann/HDDGabriel/research/engines/panda3d/pandatool/src/palettizer/sourceTextureImage.h,1,9,10
/media/ullmann/HDDGabriel/research/engines/panda3d/panda/src/bullet/p3bullet_composite.cxx,49,0,49
/media/ullmann/HDDGabriel/research/engines/panda3d/panda/src/bullet/bulletSoftBodyConfig.cxx,3,1,4
/media/ullmann/HDDGabriel/research/engines/panda3d/panda/src/express/datagramGenerator.cxx,3,1,4
/media/ullmann/HDDGabriel/research/engines/panda3d/panda/src/pandabase/pandabase.h,2,1238,1240
/media/ullmann/HDDGabriel/research/engines/panda3d/panda/src/express/p3express_composite2.cxx,34,0,34
/media/ullmann/HDDGabriel/research/engines/panda3d/panda/src/express/virtualFileMount.cxx,4,1,5
/media/ullmann/HDDGabriel/research/engines/panda3d/panda/src/tinydisplay/tinyGraphicsStateGuardian.cxx,28,1,29
/media/ullmann/HDDGabriel/research/engines/panda3d/panda/src/pgraph/depthTestAttrib.h,3,13,16
/media/ullmann/HDDGabriel/research/engines/panda3d/panda/src/ffmpeg/config_ffmpeg.h,7,6,13
/media/ullmann/HDDGabriel/research/engines/panda3d/panda/src/pipeline/threadPriority.h,1,11,12
/media/ullmann/HDDGabriel/research/engines/panda3d/panda/src/ode/odeCappedCylinderGeom.cxx,2,1,3
/media/ullmann/HDDGabriel/research/engines/panda3d/panda/src/ode/config_ode.h,3,42,45
/media/ullmann/HDDGabriel/research/engines/panda3d/pandatool/src/eggbase/eggBase.cxx,7,1,8
/media/ullmann/HDDGabriel/research/engines/panda3d/dtool/src/dtoolutil/string_utils.h,5,127,132
/media/ullmann/HDDGabriel/research/engines/panda3d/panda/src/pgraph/pandaNode.cxx,18,1,19
/media/ullmann/HDDGabriel/research/engines/panda3d/panda/src/putil/bamReader.h,21,197,218
/media/ullmann/HDDGabriel/research/engines/panda3d/panda/src/gobj/vertexTransform.h,10,11,21
/media/ullmann/HDDGabriel/research/engines/panda3d/panda/src/putil/updateSeq.h,6,18,24
/media/ullmann/HDDGabriel/research/engines/panda3d/panda/src/text/dynamicTextGlyph.h,3,4,7
/media/ullmann/HDDGabriel/research/engines/panda3d/panda/src/text/dynamicTextGlyph.I,0,1,1
/media/ullmann/HDDGabriel/research/engines/panda3d/panda/src/device/p3device_composite1.cxx,17,0,17
/media/ullmann/HDDGabriel/research/engines/panda3d/panda/src/device/clientButtonDevice.cxx,2,1,3
/media/ullmann/HDDGabriel/research/engines/panda3d/panda/src/device/p3device_composite2.cxx,8,0,8
/media/ullmann/HDDGabriel/research/engines/panda3d/panda/src/device/buttonNode.cxx,5,1,6
/media/ullmann/HDDGabriel/research/engines/panda3d/panda/src/express/datagramSink.h,3,5,8
/media/ullmann/HDDGabriel/research/engines/panda3d/panda/src/express/datagram.h,7,169,176
/media/ullmann/HDDGabriel/research/engines/panda3d/panda/src/pgraph/sceneGraphReducer.cxx,11,1,12
/media/ullmann/HDDGabriel/research/engines/panda3d/panda/src/pgraph/sceneGraphReducer.h,12,21,33
/media/ullmann/HDDGabriel/research/engines/panda3d/panda/src/chan/animControl.h,11,13,24
/media/ullmann/HDDGabriel/research/engines/panda3d/panda/src/chan/partGroup.h,8,12,20
/media/ullmann/HDDGabriel/research/engines/panda3d/panda/src/chan/animChannelMatrixDynamic.cxx,9,1,10
/media/ullmann/HDDGabriel/research/engines/panda3d/panda/src/chan/animChannelMatrixDynamic.h,6,3,9
/media/ullmann/HDDGabriel/research/engines/panda3d/panda/src/pgraph/shaderPool.h,6,1,7
/media/ullmann/HDDGabriel/research/engines/panda3d/panda/src/gobj/shader.h,20,16,36
/media/ullmann/HDDGabriel/research/engines/panda3d/panda/src/recorder/recorderBase.h,3,6,9
/media/ullmann/HDDGabriel/research/engines/panda3d/pandatool/src/daeegg/daeToEggConverter.h,9,2,11
/media/ullmann/HDDGabriel/research/engines/panda3d/dtool/src/dtoolbase/pvector.h,5,184,189
/media/ullmann/HDDGabriel/research/engines/panda3d/pandatool/src/lwo/lwoSurfaceBlockRefObj.cxx,4,1,5
/media/ullmann/HDDGabriel/research/engines/panda3d/panda/src/express/dcast.h,5,180,185
/media/ullmann/HDDGabriel/research/engines/panda3d/panda/src/pnmimagetypes/pnmFileTypeSGIWriter.cxx,5,1,6
/media/ullmann/HDDGabriel/research/engines/panda3d/panda/src/pnmimagetypes/sgi.h,0,5,5
/media/ullmann/HDDGabriel/research/engines/panda3d/panda/src/pgraph/geomNode.cxx,29,1,30
/media/ullmann/HDDGabriel/research/engines/panda3d/panda/src/express/datagramIterator.h,4,168,172
/media/ullmann/HDDGabriel/research/engines/panda3d/panda/src/dxml/tinyxmlparser.cpp,4,1,5
/media/ullmann/HDDGabriel/research/engines/panda3d/dtool/src/parser-inc/windows.h,2,57,59
/media/ullmann/HDDGabriel/research/engines/panda3d/panda/src/pipeline/pipelineCycler.h,5,30,35
/media/ullmann/HDDGabriel/research/engines/panda3d/panda/src/pipeline/thread.h,9,69,78
/media/ullmann/HDDGabriel/research/engines/panda3d/panda/src/egg2pg/animBundleMaker.h,2,2,4
/media/ullmann/HDDGabriel/research/engines/panda3d/dtool/src/dtoolbase/test_strtod.cxx,2,0,2
/media/ullmann/HDDGabriel/research/engines/panda3d/dtool/src/dtoolbase/pstrtod.h,1,9,10
/media/ullmann/HDDGabriel/research/engines/panda3d/contrib/src/speedtree/stBasicTerrain.h,4,3,7
/media/ullmann/HDDGabriel/research/engines/panda3d/contrib/src/speedtree/stTerrain.h,5,4,9
/media/ullmann/HDDGabriel/research/engines/panda3d/pandatool/src/pstatserver/pStatReader.cxx,10,1,11
/media/ullmann/HDDGabriel/research/engines/panda3d/panda/src/pstatclient/pStatProperties.h,1,5,6
/media/ullmann/HDDGabriel/research/engines/panda3d/panda/src/pgraph/cullableObject.h,17,26,43
/media/ullmann/HDDGabriel/research/engines/panda3d/panda/src/pgraph/geomDrawCallbackData.h,3,5,8
/media/ullmann/HDDGabriel/research/engines/panda3d/pandatool/src/palettizer/textureRequest.h,3,2,5
/media/ullmann/HDDGabriel/research/engines/panda3d/pandatool/src/palettizer/textureProperties.h,2,7,9
/media/ullmann/HDDGabriel/research/engines/panda3d/panda/src/pgraph/nodePath.cxx,61,0,61
/media/ullmann/HDDGabriel/research/engines/panda3d/panda/src/pgraph/findApproxLevelEntry.h,4,5,9
/media/ullmann/HDDGabriel/research/engines/panda3d/contrib/src/ai/aiGlobals.h,7,12,19
/media/ullmann/HDDGabriel/research/engines/panda3d/panda/src/linmath/lvecBase3.h,16,16,32
/media/ullmann/HDDGabriel/research/engines/panda3d/panda/src/display/displayRegion.h,24,25,49
/media/ullmann/HDDGabriel/research/engines/panda3d/panda/src/pgraph/nodePath.h,27,106,133
/media/ullmann/HDDGabriel/research/engines/panda3d/panda/src/pgraph/findApproxPath.cxx,4,1,5
/media/ullmann/HDDGabriel/research/engines/panda3d/panda/src/pgraph/config_pgraph.h,8,50,58
/media/ullmann/HDDGabriel/research/engines/panda3d/panda/src/pgraph/textureAttrib.cxx,9,1,10
/media/ullmann/HDDGabriel/research/engines/panda3d/direct/src/interval/cMetaInterval.cxx,8,1,9
/media/ullmann/HDDGabriel/research/engines/panda3d/panda/src/express/indirectLess.h,2,12,14
/media/ullmann/HDDGabriel/research/engines/panda3d/panda/src/putil/gamepadButton.h,2,7,9
/media/ullmann/HDDGabriel/research/engines/panda3d/panda/src/putil/buttonHandle.h,4,21,25
/media/ullmann/HDDGabriel/research/engines/panda3d/panda/src/mathutil/rotate_to.cxx,6,1,7
/media/ullmann/HDDGabriel/research/engines/panda3d/panda/src/mathutil/rotate_to.h,3,2,5
/media/ullmann/HDDGabriel/research/engines/panda3d/panda/src/pnmimage/pfmFile.cxx,12,1,13
/media/ullmann/HDDGabriel/research/engines/panda3d/panda/src/pnmimage/pnmImage.h,7,40,47
/media/ullmann/HDDGabriel/research/engines/panda3d/dtool/src/dtoolbase/epvector.h,3,23,26
/media/ullmann/HDDGabriel/research/engines/panda3d/dtool/src/parser-inc/initializer_list,0,5,5
/media/ullmann/HDDGabriel/research/engines/panda3d/panda/src/chan/p3chan_composite2.cxx,11,0,11
/media/ullmann/HDDGabriel/research/engines/panda3d/panda/src/chan/movingPartBase.cxx,7,1,8
/media/ullmann/HDDGabriel/research/engines/panda3d/pandatool/src/xfile/xFileNode.h,9,7,16
/media/ullmann/HDDGabriel/research/engines/panda3d/pandatool/src/xfile/xFileNode.I,0,1,1
/media/ullmann/HDDGabriel/research/engines/panda3d/panda/src/gobj/shaderBuffer.h,8,4,12
/media/ullmann/HDDGabriel/research/engines/panda3d/panda/src/gobj/shaderBuffer.I,0,1,1
/media/ullmann/HDDGabriel/research/engines/panda3d/pandatool/src/flt/fltMeshPrimitive.h,5,3,8
/media/ullmann/HDDGabriel/research/engines/panda3d/dtool/src/dtoolutil/vector_int.h,2,28,30
/media/ullmann/HDDGabriel/research/engines/panda3d/panda/src/vision/arToolKit.h,4,1,5
/media/ullmann/HDDGabriel/research/engines/panda3d/panda/src/vision/arToolKit.I,0,1,1
/media/ullmann/HDDGabriel/research/engines/panda3d/panda/src/linmath/lvector3_ext.h,7,0,7
/media/ullmann/HDDGabriel/research/engines/panda3d/dtool/src/interrogatedb/extension.h,1,92,93
/media/ullmann/HDDGabriel/research/engines/panda3d/panda/src/bullet/bulletMinkowskiSumShape.h,6,2,8
/media/ullmann/HDDGabriel/research/engines/panda3d/panda/src/bullet/bullet_includes.h,2,49,51
/media/ullmann/HDDGabriel/research/engines/panda3d/panda/src/vrpn/vrpnAnalogDevice.h,3,4,7
/media/ullmann/HDDGabriel/research/engines/panda3d/panda/src/vrpn/vrpnAnalogDevice.I,0,1,1
/media/ullmann/HDDGabriel/research/engines/panda3d/pandatool/src/mayaegg/mayaToEggConverter.cxx,18,1,19
/media/ullmann/HDDGabriel/research/engines/panda3d/panda/src/egg/eggNurbsCurve.h,4,9,13
/media/ullmann/HDDGabriel/research/engines/panda3d/panda/src/pgraph/scissorAttrib.h,4,8,12
/media/ullmann/HDDGabriel/research/engines/panda3d/panda/src/pgraph/scissorAttrib.I,0,1,1
/media/ullmann/HDDGabriel/research/engines/panda3d/panda/src/express/virtualFileMountZip.h,5,3,8
/media/ullmann/HDDGabriel/research/engines/panda3d/panda/src/express/zipArchive.h,11,3,14
/media/ullmann/HDDGabriel/research/engines/panda3d/pandatool/src/palettizer/eggFile.h,8,7,15
/media/ullmann/HDDGabriel/research/engines/panda3d/dtool/src/dtoolutil/filename.h,8,128,136
/media/ullmann/HDDGabriel/research/engines/panda3d/panda/src/egg/eggTable.h,3,19,22
/media/ullmann/HDDGabriel/research/engines/panda3d/panda/src/egg/eggGroupNode.h,11,39,50
/media/ullmann/HDDGabriel/research/engines/panda3d/panda/src/vrpn/vrpnTrackerDevice.h,3,4,7
/media/ullmann/HDDGabriel/research/engines/panda3d/panda/src/vrpn/vrpnTrackerDevice.I,0,1,1
/media/ullmann/HDDGabriel/research/engines/panda3d/dtool/src/dtoolutil/vector_double.cxx,2,1,3
/media/ullmann/HDDGabriel/research/engines/panda3d/dtool/src/dtoolutil/vector_double.h,2,10,12
/media/ullmann/HDDGabriel/research/engines/panda3d/panda/src/parametrics/ropeNode.cxx,18,1,19
/media/ullmann/HDDGabriel/research/engines/panda3d/panda/src/pgraph/colorAttrib.h,4,43,47
/media/ullmann/HDDGabriel/research/engines/panda3d/panda/src/putil/bamCacheRecord.h,5,23,28
/media/ullmann/HDDGabriel/research/engines/panda3d/panda/src/putil/bamCacheRecord.I,0,1,1
/media/ullmann/HDDGabriel/research/engines/panda3d/panda/src/nativenet/socket_fdset.h,4,2,6
/media/ullmann/HDDGabriel/research/engines/panda3d/pandatool/src/gtk-stats/gtkStatsMonitor.h,6,9,15
/media/ullmann/HDDGabriel/research/engines/panda3d/pandatool/src/gtk-stats/gtkStatsGraph.h,3,7,10
/media/ullmann/HDDGabriel/research/engines/panda3d/panda/src/movies/p3movies_composite1.cxx,20,0,20
/media/ullmann/HDDGabriel/research/engines/panda3d/panda/src/movies/flacAudio.cxx,4,1,5
/media/ullmann/HDDGabriel/research/engines/panda3d/panda/src/pgui/p3pgui_composite1.cxx,10,0,10
/media/ullmann/HDDGabriel/research/engines/panda3d/panda/src/pgui/pgItem.cxx,21,1,22
/media/ullmann/HDDGabriel/research/engines/panda3d/panda/src/net/test_tcp_server.cxx,11,0,11
/media/ullmann/HDDGabriel/research/engines/panda3d/panda/src/collide/collisionPolygon_ext.h,4,1,5
/media/ullmann/HDDGabriel/research/engines/panda3d/panda/src/framework/windowFramework.cxx,42,1,43
/media/ullmann/HDDGabriel/research/engines/panda3d/panda/src/pgraphnodes/ambientLight.h,3,9,12
/media/ullmann/HDDGabriel/research/engines/panda3d/panda/src/parametrics/parametricCurve.h,5,8,13
/media/ullmann/HDDGabriel/research/engines/panda3d/panda/src/pgraph/pandaNode.h,32,103,135
/media/ullmann/HDDGabriel/research/engines/panda3d/panda/src/linmath/lpoint2_src.h,1,1,2
/media/ullmann/HDDGabriel/research/engines/panda3d/panda/src/linmath/lpoint2_src.I,0,1,1
/media/ullmann/HDDGabriel/research/engines/panda3d/panda/src/putil/test_filename.cxx,4,0,4
/media/ullmann/HDDGabriel/research/engines/panda3d/panda/src/putil/config_putil.h,9,57,66
/media/ullmann/HDDGabriel/research/engines/panda3d/panda/src/bullet/bulletHingeConstraint.cxx,4,1,5
/media/ullmann/HDDGabriel/research/engines/panda3d/panda/src/linmath/deg_2_rad.h,3,22,25
/media/ullmann/HDDGabriel/research/engines/panda3d/panda/src/movies/movieTypeRegistry.h,7,6,13
/media/ullmann/HDDGabriel/research/engines/panda3d/panda/src/movies/movieAudio.h,5,13,18
/media/ullmann/HDDGabriel/research/engines/panda3d/panda/src/event/asyncTaskChain.h,11,3,14
/media/ullmann/HDDGabriel/research/engines/panda3d/panda/src/event/asyncTask.h,7,21,28
/media/ullmann/HDDGabriel/research/engines/panda3d/pandatool/src/flt/fltObject.cxx,3,1,4
/media/ullmann/HDDGabriel/research/engines/panda3d/pandatool/src/flt/fltRecordReader.h,4,34,38
/media/ullmann/HDDGabriel/research/engines/panda3d/panda/src/collide/collisionPolygon.cxx,28,1,29
/media/ullmann/HDDGabriel/research/engines/panda3d/panda/src/gobj/geomTrifans.h,2,9,11
/media/ullmann/HDDGabriel/research/engines/panda3d/pandatool/src/palettizer/config_palettizer.cxx,16,1,17
/media/ullmann/HDDGabriel/research/engines/panda3d/pandatool/src/palettizer/textureReference.h,4,5,9
/media/ullmann/HDDGabriel/research/engines/panda3d/dtool/src/dtoolutil/stringDecoder.h,2,4,6
/media/ullmann/HDDGabriel/research/engines/panda3d/dtool/src/dtoolutil/stringDecoder.I,0,1,1
/media/ullmann/HDDGabriel/research/engines/panda3d/panda/src/tinydisplay/zmath.h,0,4,4
/media/ullmann/HDDGabriel/research/engines/panda3d/panda/src/pgraph/depthBiasAttrib.cxx,7,1,8
/media/ullmann/HDDGabriel/research/engines/panda3d/panda/src/putil/bamWriter.h,11,170,181
/media/ullmann/HDDGabriel/research/engines/panda3d/panda/metalibs/pandaphysics/pandaphysics.cxx,3,0,3
/media/ullmann/HDDGabriel/research/engines/panda3d/panda/src/particlesystem/config_particlesystem.h,3,4,7
/media/ullmann/HDDGabriel/research/engines/panda3d/panda/src/glstuff/glGraphicsStateGuardian_src.cxx,54,1,55
/media/ullmann/HDDGabriel/research/engines/panda3d/panda/src/pgraph/fog.h,6,7,13
/media/ullmann/HDDGabriel/research/engines/panda3d/dtool/src/interrogate/interfaceMakerPythonNative.cxx,27,1,28
/media/ullmann/HDDGabriel/research/engines/panda3d/dtool/src/cppparser/cppPointerType.h,2,17,19
/media/ullmann/HDDGabriel/research/engines/panda3d/panda/src/pgui/pgMouseWatcherGroup.cxx,2,1,3
/media/ullmann/HDDGabriel/research/engines/panda3d/panda/src/pgui/pgMouseWatcherGroup.h,4,4,8
/media/ullmann/HDDGabriel/research/engines/panda3d/panda/src/pgraph/cullResult.h,13,7,20
/media/ullmann/HDDGabriel/research/engines/panda3d/panda/src/pgraph/renderState.h,18,66,84
/media/ullmann/HDDGabriel/research/engines/panda3d/panda/src/putil/sparseArray.cxx,4,1,5
/media/ullmann/HDDGabriel/research/engines/panda3d/panda/src/putil/bitArray.h,9,14,23
/media/ullmann/HDDGabriel/research/engines/panda3d/panda/src/pgraph/geomTransformer.cxx,19,1,20
/media/ullmann/HDDGabriel/research/engines/panda3d/panda/src/gobj/transformBlendTable.h,15,6,21
/media/ullmann/HDDGabriel/research/engines/panda3d/panda/src/pgraph/clipPlaneAttrib.h,7,22,29
/media/ullmann/HDDGabriel/research/engines/panda3d/panda/src/pgraph/clipPlaneAttrib.I,0,1,1
/media/ullmann/HDDGabriel/research/engines/panda3d/panda/src/collide/collisionSphere.h,5,16,21
/media/ullmann/HDDGabriel/research/engines/panda3d/panda/src/collide/collisionSphere.I,0,1,1
/media/ullmann/HDDGabriel/research/engines/panda3d/panda/src/display/graphicsOutput.h,27,16,43
/media/ullmann/HDDGabriel/research/engines/panda3d/panda/src/pipeline/cycleDataLockedReader.h,5,13,18
/media/ullmann/HDDGabriel/research/engines/panda3d/panda/src/pnmimagetypes/pnmFileTypeJPGReader.cxx,3,1,4
/media/ullmann/HDDGabriel/research/engines/panda3d/panda/src/pnmimagetypes/pnmFileTypeJPG.h,7,4,11
/media/ullmann/HDDGabriel/research/engines/panda3d/pandatool/src/egg-palettize/txaFileFilter.h,3,1,4
/media/ullmann/HDDGabriel/research/engines/panda3d/panda/src/egg/pt_EggTexture.h,3,14,17
/media/ullmann/HDDGabriel/research/engines/panda3d/panda/src/collide/collisionEntry.h,13,24,37
/media/ullmann/HDDGabriel/research/engines/panda3d/panda/src/linmath/luse.h,1,263,264
/media/ullmann/HDDGabriel/research/engines/panda3d/dtool/src/cppparser/cppExtensionType.h,3,8,11
/media/ullmann/HDDGabriel/research/engines/panda3d/dtool/src/cppparser/cppType.h,3,22,25
/media/ullmann/HDDGabriel/research/engines/panda3d/panda/src/device/inputDeviceNode.cxx,4,1,5
/media/ullmann/HDDGabriel/research/engines/panda3d/panda/src/linmath/lmat_ops.h,10,3,13
/media/ullmann/HDDGabriel/research/engines/panda3d/panda/src/linmath/lmatrix.h,17,18,35
/media/ullmann/HDDGabriel/research/engines/panda3d/panda/src/express/error_utils.cxx,4,1,5
/media/ullmann/HDDGabriel/research/engines/panda3d/panda/src/express/config_express.h,10,44,54
/media/ullmann/HDDGabriel/research/engines/panda3d/panda/src/ode/odeBody_ext.cxx,1,1,2
/media/ullmann/HDDGabriel/research/engines/panda3d/panda/src/ode/odeBody_ext.h,6,1,7
/media/ullmann/HDDGabriel/research/engines/panda3d/panda/src/pgraph/alphaTestAttrib.h,3,9,12
/media/ullmann/HDDGabriel/research/engines/panda3d/panda/src/pgraph/renderAttrib.h,8,40,48
/media/ullmann/HDDGabriel/research/engines/panda3d/panda/src/gobj/textureStage.h,8,14,22
/media/ullmann/HDDGabriel/research/engines/panda3d/panda/src/express/pointerTo.h,4,277,281
/media/ullmann/HDDGabriel/research/engines/panda3d/panda/src/display/graphicsStateGuardian_ext.h,4,1,5
/media/ullmann/HDDGabriel/research/engines/panda3d/dtool/src/dtoolbase/dtoolbase.h,17,254,271
/media/ullmann/HDDGabriel/research/engines/panda3d/panda/src/egg2pg/eggRenderState.h,12,4,16
/media/ullmann/HDDGabriel/research/engines/panda3d/dtool/src/dtoolbase/pmap.h,6,131,137
/media/ullmann/HDDGabriel/research/engines/panda3d/pandatool/src/lwo/lwoSurfaceBlockAxis.h,1,4,5
/media/ullmann/HDDGabriel/research/engines/panda3d/pandatool/src/lwo/lwoChunk.h,1,29,30
/media/ullmann/HDDGabriel/research/engines/panda3d/panda/src/gsgbase/config_gsgbase.cxx,4,1,5
/media/ullmann/HDDGabriel/research/engines/panda3d/panda/src/gsgbase/config_gsgbase.h,0,1,1
/media/ullmann/HDDGabriel/research/engines/panda3d/panda/src/pnmtext/freetypeFont.cxx,7,1,8
/media/ullmann/HDDGabriel/research/engines/panda3d/panda/src/parametrics/nurbsCurveResult.h,6,3,9
/media/ullmann/HDDGabriel/research/engines/panda3d/panda/src/putil/load_prc_file.cxx,7,1,8
/media/ullmann/HDDGabriel/research/engines/panda3d/panda/src/pipeline/test_delete.cxx,5,0,5
/media/ullmann/HDDGabriel/research/engines/panda3d/panda/src/device/analogNode.h,6,2,8
/media/ullmann/HDDGabriel/research/engines/panda3d/panda/src/device/clientAnalogDevice.h,3,4,7
/media/ullmann/HDDGabriel/research/engines/panda3d/panda/src/display/nativeWindowHandle.cxx,1,1,2
/media/ullmann/HDDGabriel/research/engines/panda3d/panda/src/display/nativeWindowHandle.h,5,9,14
/media/ullmann/HDDGabriel/research/engines/panda3d/panda/src/downloader/bioStream.cxx,1,1,2
/media/ullmann/HDDGabriel/research/engines/panda3d/panda/src/downloader/bioStream.h,4,3,7
/media/ullmann/HDDGabriel/research/engines/panda3d/panda/src/gobj/transformBlend.h,11,4,15
/media/ullmann/HDDGabriel/research/engines/panda3d/dtool/src/dtoolbase/memoryHook.cxx,10,1,11
/media/ullmann/HDDGabriel/research/engines/panda3d/dtool/src/parser-inc/unistd.h,1,13,14
/media/ullmann/HDDGabriel/research/engines/panda3d/direct/src/deadrec/p3deadrec_composite1.cxx,2,0,2
/media/ullmann/HDDGabriel/research/engines/panda3d/direct/src/deadrec/smoothMover.cxx,3,1,4
/media/ullmann/HDDGabriel/research/engines/panda3d/panda/src/pgraph/lightRampAttrib.cxx,7,1,8
/media/ullmann/HDDGabriel/research/engines/panda3d/panda/src/pgraph/lightRampAttrib.h,3,4,7
/media/ullmann/HDDGabriel/research/engines/panda3d/pandatool/src/win-stats/winStatsServer.cxx,2,1,3
/media/ullmann/HDDGabriel/research/engines/panda3d/pandatool/src/win-stats/winStatsMonitor.h,7,9,16
/media/ullmann/HDDGabriel/research/engines/panda3d/panda/src/vrpn/vrpnClient.h,4,10,14
/media/ullmann/HDDGabriel/research/engines/panda3d/panda/src/pgraph/scissorEffect.cxx,11,1,12
/media/ullmann/HDDGabriel/research/engines/panda3d/panda/src/ode/odeLMotorJoint.cxx,2,1,3
/media/ullmann/HDDGabriel/research/engines/panda3d/dtool/src/dtoolbase/typedObject.cxx,1,1,2
/media/ullmann/HDDGabriel/research/engines/panda3d/dtool/src/dtoolbase/typedObject.h,6,72,78
/media/ullmann/HDDGabriel/research/engines/panda3d/panda/src/grutil/movieTexture.cxx,13,1,14
/media/ullmann/HDDGabriel/research/engines/panda3d/panda/src/grutil/movieTexture.h,9,2,11
/media/ullmann/HDDGabriel/research/engines/panda3d/panda/src/putil/paramPyObject.h,4,2,6
/media/ullmann/HDDGabriel/research/engines/panda3d/dtool/src/interrogatedb/py_panda.h,9,76,85
/media/ullmann/HDDGabriel/research/engines/panda3d/panda/src/pgraph/shadeModelAttrib.cxx,7,1,8
/media/ullmann/HDDGabriel/research/engines/panda3d/panda/src/pgraph/shadeModelAttrib.h,3,9,12
/media/ullmann/HDDGabriel/research/engines/panda3d/panda/src/gobj/vertexDataPage.h,11,4,15
/media/ullmann/HDDGabriel/research/engines/panda3d/panda/src/gobj/vertexDataBuffer.cxx,3,1,4
/media/ullmann/HDDGabriel/research/engines/panda3d/panda/src/gobj/config_gobj.h,11,39,50
/media/ullmann/HDDGabriel/research/engines/panda3d/panda/src/pgraph/instanceList.h,6,6,12
/media/ullmann/HDDGabriel/research/engines/panda3d/panda/src/pnmimagetypes/config_pnmimagetypes.h,7,22,29
/media/ullmann/HDDGabriel/research/engines/panda3d/panda/src/gobj/samplerState.cxx,8,1,9
/media/ullmann/HDDGabriel/research/engines/panda3d/panda/src/gobj/preparedGraphicsObjects.h,17,16,33
/media/ullmann/HDDGabriel/research/engines/panda3d/panda/src/gobj/lens.cxx,11,1,12
/media/ullmann/HDDGabriel/research/engines/panda3d/panda/src/gobj/geomVertexWriter.h,7,65,72
/media/ullmann/HDDGabriel/research/engines/panda3d/panda/src/particlesystem/pointParticleFactory.cxx,3,1,4
/media/ullmann/HDDGabriel/research/engines/panda3d/panda/src/particlesystem/pointParticleFactory.h,1,3,4
/media/ullmann/HDDGabriel/research/engines/panda3d/panda/src/pgraphnodes/directionalLight.cxx,7,1,8
/media/ullmann/HDDGabriel/research/engines/panda3d/panda/src/gobj/orthographicLens.h,3,8,11
/media/ullmann/HDDGabriel/research/engines/panda3d/dtool/src/cppparser/cppArrayType.h,2,8,10
/media/ullmann/HDDGabriel/research/engines/panda3d/panda/src/collide/collisionLine.cxx,15,1,16
/media/ullmann/HDDGabriel/research/engines/panda3d/panda/src/collide/collisionHandler.h,4,15,19
/media/ullmann/HDDGabriel/research/engines/panda3d/panda/src/express/encrypt_string.cxx,5,1,6
/media/ullmann/HDDGabriel/research/engines/panda3d/dtool/src/prc/encryptStream.h,3,6,9
/media/ullmann/HDDGabriel/research/engines/panda3d/panda/src/windisplay/winGraphicsWindow.cxx,10,1,11
/media/ullmann/HDDGabriel/research/engines/panda3d/panda/src/putil/keyboardButton.h,2,19,21
/media/ullmann/HDDGabriel/research/engines/panda3d/dtool/src/prc/notifySeverity.cxx,2,1,3
/media/ullmann/HDDGabriel/research/engines/panda3d/dtool/src/prc/pnotify.h,4,147,151
/media/ullmann/HDDGabriel/research/engines/panda3d/panda/src/char/jointVertexTransform.cxx,6,1,7
/media/ullmann/HDDGabriel/research/engines/panda3d/panda/src/pipeline/lightMutexHolder.h,3,47,50
/media/ullmann/HDDGabriel/research/engines/panda3d/panda/src/gobj/geomPrimitive.h,18,22,40
/media/ullmann/HDDGabriel/research/engines/panda3d/panda/src/gsgbase/graphicsStateGuardianBase.h,5,71,76
/media/ullmann/HDDGabriel/research/engines/panda3d/contrib/src/ai/p3ai_composite1.cxx,17,0,17
/media/ullmann/HDDGabriel/research/engines/panda3d/contrib/src/ai/pathFind.cxx,2,1,3
/media/ullmann/HDDGabriel/research/engines/panda3d/pandatool/src/xfile/xFileDataNodeTemplate.cxx,5,1,6
/media/ullmann/HDDGabriel/research/engines/panda3d/dtool/src/dtoolbase/indent.h,2,210,212
/media/ullmann/HDDGabriel/research/engines/panda3d/panda/src/grutil/pipeOcclusionCullTraverser.cxx,18,1,19
/media/ullmann/HDDGabriel/research/engines/panda3d/panda/src/cull/drawCullHandler.h,3,3,6
/media/ullmann/HDDGabriel/research/engines/panda3d/panda/src/egg/eggRenderMode.h,3,12,15
/media/ullmann/HDDGabriel/research/engines/panda3d/panda/src/mathutil/fftCompressor.cxx,9,1,10
/media/ullmann/HDDGabriel/research/engines/panda3d/dtool/src/parser-inc/fftw3.h,0,1,1
/media/ullmann/HDDGabriel/research/engines/panda3d/panda/src/pgui/pgFrameStyle.cxx,13,1,14
/media/ullmann/HDDGabriel/research/engines/panda3d/panda/src/event/asyncTask.cxx,6,1,7
/media/ullmann/HDDGabriel/research/engines/panda3d/panda/src/event/throw_event.h,6,36,42
/media/ullmann/HDDGabriel/research/engines/panda3d/panda/src/dxgsg9/dxOcclusionQueryContext9.cxx,5,1,6
/media/ullmann/HDDGabriel/research/engines/panda3d/panda/src/dxgsg9/dxGraphicsStateGuardian9.h,17,9,26
/media/ullmann/HDDGabriel/research/engines/panda3d/panda/src/collide/collisionTraverser.cxx,23,1,24
/media/ullmann/HDDGabriel/research/engines/panda3d/panda/src/collide/collisionTraverser.h,9,5,14
/media/ullmann/HDDGabriel/research/engines/panda3d/pandatool/src/eggcharbase/eggCharacterCollection.cxx,15,1,16
/media/ullmann/HDDGabriel/research/engines/panda3d/panda/src/egg/eggPrimitive.h,15,36,51
/media/ullmann/HDDGabriel/research/engines/panda3d/panda/src/particlesystem/lineParticleRenderer.h,9,1,10
/media/ullmann/HDDGabriel/research/engines/panda3d/panda/src/express/pointerToArray.h,3,44,47
/media/ullmann/HDDGabriel/research/engines/panda3d/panda/src/physics/linearNoiseForce.cxx,3,1,4
/media/ullmann/HDDGabriel/research/engines/panda3d/dtool/src/parser-inc/stdlib.h,1,42,43
/media/ullmann/HDDGabriel/research/engines/panda3d/direct/src/dcparser/dcParameter.cxx,5,1,6
/media/ullmann/HDDGabriel/research/engines/panda3d/direct/src/dcparser/dcParameter.h,3,8,11
/media/ullmann/HDDGabriel/research/engines/panda3d/dtool/src/dtoolutil/pandaFileStream.h,3,5,8
/media/ullmann/HDDGabriel/research/engines/panda3d/panda/src/bullet/bulletBaseCharacterControllerNode.h,7,4,11
/media/ullmann/HDDGabriel/research/engines/panda3d/panda/src/bullet/bulletShape.h,5,23,28
/media/ullmann/HDDGabriel/research/engines/panda3d/pandatool/src/lwo/lwoSurfaceBlockRefObj.h,1,3,4
/media/ullmann/HDDGabriel/research/engines/panda3d/panda/src/tform/buttonThrower.h,8,3,11
/media/ullmann/HDDGabriel/research/engines/panda3d/panda/src/event/buttonEventList.h,6,16,22
/media/ullmann/HDDGabriel/research/engines/panda3d/panda/src/ode/odeJoint.h,7,17,24
/media/ullmann/HDDGabriel/research/engines/panda3d/panda/src/ode/odeJointGroup.h,5,4,9
/media/ullmann/HDDGabriel/research/engines/panda3d/panda/src/pstatclient/pStatThread.cxx,3,1,4
/media/ullmann/HDDGabriel/research/engines/panda3d/panda/src/pstatclient/pStatClient.h,15,11,26
/media/ullmann/HDDGabriel/research/engines/panda3d/panda/src/particlesystem/tangentRingEmitter.h,2,2,4
/media/ullmann/HDDGabriel/research/engines/panda3d/panda/src/particlesystem/baseParticleEmitter.h,6,12,18
/media/ullmann/HDDGabriel/research/engines/panda3d/panda/src/char/character.cxx,15,1,16
/media/ullmann/HDDGabriel/research/engines/panda3d/panda/src/pgraph/cullTraverserData.h,12,33,45
/media/ullmann/HDDGabriel/research/engines/panda3d/pandatool/src/lwo/lwoLayer.cxx,4,1,5
/media/ullmann/HDDGabriel/research/engines/panda3d/panda/src/egg2pg/eggLoader.h,23,4,27
/media/ullmann/HDDGabriel/research/engines/panda3d/panda/src/dxgsg9/dxGraphicsStateGuardian9.cxx,53,0,53
/media/ullmann/HDDGabriel/research/engines/panda3d/dtool/src/parser-inc/mmsystem.h,0,3,3
/media/ullmann/HDDGabriel/research/engines/panda3d/panda/src/pgraph/cullBinAttrib.h,3,12,15
/media/ullmann/HDDGabriel/research/engines/panda3d/panda/src/pgraph/cullBinAttrib.I,0,1,1
/media/ullmann/HDDGabriel/research/engines/panda3d/panda/src/pnmimagetypes/pnmFileTypeTIFF.cxx,6,1,7
/media/ullmann/HDDGabriel/research/engines/panda3d/panda/src/pnmimage/pnmFileTypeRegistry.h,4,25,29
/media/ullmann/HDDGabriel/research/engines/panda3d/panda/src/downloader/httpEntityTag.cxx,1,1,2
/media/ullmann/HDDGabriel/research/engines/panda3d/panda/src/downloader/httpEntityTag.h,2,2,4
/media/ullmann/HDDGabriel/research/engines/panda3d/panda/src/vrpn/vrpnDialDevice.cxx,2,1,3
/media/ullmann/HDDGabriel/research/engines/panda3d/panda/src/ode/odeUtil.h,6,2,8
/media/ullmann/HDDGabriel/research/engines/panda3d/panda/src/display/graphicsWindow.h,18,34,52
/media/ullmann/HDDGabriel/research/engines/panda3d/panda/src/display/graphicsWindow.I,0,1,1
/media/ullmann/HDDGabriel/research/engines/panda3d/panda/src/ode/odeLMotorJoint.h,5,4,9
/media/ullmann/HDDGabriel/research/engines/panda3d/panda/src/gobj/vertexSlider.cxx,6,1,7
/media/ullmann/HDDGabriel/research/engines/panda3d/panda/src/gobj/sliderTable.h,11,6,17
/media/ullmann/HDDGabriel/research/engines/panda3d/panda/src/pgraph/shaderInput.cxx,3,1,4
/media/ullmann/HDDGabriel/research/engines/panda3d/panda/src/pgraph/paramNodePath.h,4,5,9
/media/ullmann/HDDGabriel/research/engines/panda3d/dtool/src/cppparser/cppScope.h,8,8,16
/media/ullmann/HDDGabriel/research/engines/panda3d/dtool/src/parser-inc/vector,0,31,31
/media/ullmann/HDDGabriel/research/engines/panda3d/panda/src/putil/keyboardButton.cxx,3,1,4
/media/ullmann/HDDGabriel/research/engines/panda3d/panda/src/putil/buttonRegistry.h,5,8,13
/media/ullmann/HDDGabriel/research/engines/panda3d/panda/src/pgraph/colorScaleAttrib.h,4,22,26
/media/ullmann/HDDGabriel/research/engines/panda3d/panda/src/pgraph/colorWriteAttrib.cxx,7,1,8
/media/ullmann/HDDGabriel/research/engines/panda3d/panda/src/pgraph/colorWriteAttrib.h,3,9,12
/media/ullmann/HDDGabriel/research/engines/panda3d/panda/src/putil/typedWritableReferenceCount.h,4,40,44
/media/ullmann/HDDGabriel/research/engines/panda3d/panda/src/bullet/config_bullet.cxx,37,1,38
/media/ullmann/HDDGabriel/research/engines/panda3d/panda/src/bullet/bulletCharacterControllerNode.h,9,2,11
/media/ullmann/HDDGabriel/research/engines/panda3d/panda/src/particlesystem/particleSystem.cxx,16,1,17
/media/ullmann/HDDGabriel/research/engines/panda3d/panda/src/bullet/config_bullet.h,8,14,22
/media/ullmann/HDDGabriel/research/engines/panda3d/dtool/src/prc/configVariableDouble.h,3,38,41
/media/ullmann/HDDGabriel/research/engines/panda3d/panda/src/ode/odeSpace.h,8,9,17
/media/ullmann/HDDGabriel/research/engines/panda3d/panda/src/egg2pg/eggLoader.cxx,86,1,87
/media/ullmann/HDDGabriel/research/engines/panda3d/panda/src/gobj/textureStagePool.h,6,4,10
/media/ullmann/HDDGabriel/research/engines/panda3d/panda/src/express/virtualFile_ext.cxx,2,1,3
/media/ullmann/HDDGabriel/research/engines/panda3d/panda/src/express/virtualFile_ext.h,4,1,5
/media/ullmann/HDDGabriel/research/engines/panda3d/dtool/src/prc/notifyCategory.cxx,9,1,10
/media/ullmann/HDDGabriel/research/engines/panda3d/dtool/src/parser-inc/time.h,1,21,22
/media/ullmann/HDDGabriel/research/engines/panda3d/panda/src/pipeline/threadPosixImpl.cxx,9,1,10
/media/ullmann/HDDGabriel/research/engines/panda3d/dtool/src/parser-inc/sys/types.h,1,15,16
/media/ullmann/HDDGabriel/research/engines/panda3d/pandatool/src/flt/fltHeader.h,14,20,34
/media/ullmann/HDDGabriel/research/engines/panda3d/pandatool/src/flt/fltEyepoint.h,1,2,3
/media/ullmann/HDDGabriel/research/engines/panda3d/panda/src/pgraph/cullPlanes.h,9,3,12
/media/ullmann/HDDGabriel/research/engines/panda3d/panda/src/downloader/bioPtr.h,7,3,10
/media/ullmann/HDDGabriel/research/engines/panda3d/dtool/src/parser-inc/winsock2.h,1,8,9
/media/ullmann/HDDGabriel/research/engines/panda3d/pandatool/src/pstatserver/pStatServer.cxx,4,1,5
/media/ullmann/HDDGabriel/research/engines/panda3d/pandatool/src/pstatserver/pStatServer.h,5,4,9
/media/ullmann/HDDGabriel/research/engines/panda3d/panda/src/pgraph/pandaNode_ext.cxx,1,1,2
/media/ullmann/HDDGabriel/research/engines/panda3d/panda/src/pgraph/pandaNode_ext.h,4,1,5
/media/ullmann/HDDGabriel/research/engines/panda3d/panda/src/androiddisplay/androidGraphicsWindow.h,5,3,8
/media/ullmann/HDDGabriel/research/engines/panda3d/panda/src/androiddisplay/androidGraphicsPipe.h,4,7,11
/media/ullmann/HDDGabriel/research/engines/panda3d/panda/src/egg/eggNameUniquifier.cxx,6,1,7
/media/ullmann/HDDGabriel/research/engines/panda3d/panda/src/chan/partBundle.h,17,9,26
/media/ullmann/HDDGabriel/research/engines/panda3d/panda/src/device/virtualMouse.h,8,2,10
/media/ullmann/HDDGabriel/research/engines/panda3d/contrib/src/rplight/internalLightManager.h,8,1,9
/media/ullmann/HDDGabriel/research/engines/panda3d/contrib/src/rplight/shadowSource.h,13,4,17
/media/ullmann/HDDGabriel/research/engines/panda3d/panda/src/ode/odeHinge2Joint.h,6,4,10
/media/ullmann/HDDGabriel/research/engines/panda3d/panda/src/movies/movieAudio.cxx,4,1,5
/media/ullmann/HDDGabriel/research/engines/panda3d/contrib/src/ai/config_ai.h,1,2,3
/media/ullmann/HDDGabriel/research/engines/panda3d/panda/src/particlesystem/colorInterpolationManager.h,5,3,8
/media/ullmann/HDDGabriel/research/engines/panda3d/panda/src/express/typedReferenceCount.h,4,65,69
/media/ullmann/HDDGabriel/research/engines/panda3d/panda/src/physics/config_physics.cxx,13,1,14
/media/ullmann/HDDGabriel/research/engines/panda3d/panda/src/physics/physicalNode.h,8,9,17
/media/ullmann/HDDGabriel/research/engines/panda3d/pandatool/src/ptloader/loaderFileTypePandatool.cxx,8,0,8
/media/ullmann/HDDGabriel/research/engines/panda3d/pandatool/src/ptloader/loaderFileTypePandatool.h,1,2,3
/media/ullmann/HDDGabriel/research/engines/panda3d/pandatool/src/flt/config_flt.cxx,33,1,34
/media/ullmann/HDDGabriel/research/engines/panda3d/dtool/src/dconfig/dconfig.h,2,113,115
/media/ullmann/HDDGabriel/research/engines/panda3d/panda/src/net/test_spam_server.cxx,15,0,15
/media/ullmann/HDDGabriel/research/engines/panda3d/panda/src/net/queuedConnectionManager.h,4,13,17
/media/ullmann/HDDGabriel/research/engines/panda3d/panda/src/glstuff/glIndexBufferContext_src.h,4,1,5
/media/ullmann/HDDGabriel/research/engines/panda3d/dtool/src/dtoolbase/deletedChain.h,4,29,33
/media/ullmann/HDDGabriel/research/engines/panda3d/pandatool/src/xfile/config_xfile.cxx,14,1,15
/media/ullmann/HDDGabriel/research/engines/panda3d/pandatool/src/xfile/xFileDataObjectArray.h,2,3,5
/media/ullmann/HDDGabriel/research/engines/panda3d/panda/src/pipeline/conditionVarDummyImpl.cxx,3,1,4
/media/ullmann/HDDGabriel/research/engines/panda3d/dtool/src/dtoolbase/selectThreadImpl.h,1,50,51
/media/ullmann/HDDGabriel/research/engines/panda3d/panda/src/linmath/configVariableColor.cxx,2,1,3
/media/ullmann/HDDGabriel/research/engines/panda3d/panda/src/linmath/configVariableColor.h,6,5,11
/media/ullmann/HDDGabriel/research/engines/panda3d/panda/src/glstuff/glGraphicsStateGuardian_src.h,25,1,26
/media/ullmann/HDDGabriel/research/engines/panda3d/panda/src/pgraph/portalNode.cxx,16,1,17
/media/ullmann/HDDGabriel/research/engines/panda3d/panda/src/downloader/multiplexStreamBuf.cxx,3,1,4
/media/ullmann/HDDGabriel/research/engines/panda3d/pandatool/src/flt/fltTrackplane.cxx,3,1,4
/media/ullmann/HDDGabriel/research/engines/panda3d/contrib/src/speedtree/stTransform.h,4,2,6
/media/ullmann/HDDGabriel/research/engines/panda3d/contrib/src/speedtree/stTransform.I,0,1,1
/media/ullmann/HDDGabriel/research/engines/panda3d/panda/src/pnmimagetypes/pnmFileTypeBMP.cxx,4,1,5
/media/ullmann/HDDGabriel/research/engines/panda3d/panda/src/gobj/geomLines.cxx,8,1,9
/media/ullmann/HDDGabriel/research/engines/panda3d/dtool/src/interrogatedb/interrogate_request.cxx,3,1,4
/media/ullmann/HDDGabriel/research/engines/panda3d/dtool/src/interrogatedb/interrogate_request.h,1,10,11
/media/ullmann/HDDGabriel/research/engines/panda3d/panda/src/linmath/compose_matrix.cxx,6,1,7
/media/ullmann/HDDGabriel/research/engines/panda3d/panda/src/linmath/compose_matrix_src.cxx,0,1,1
/media/ullmann/HDDGabriel/research/engines/panda3d/panda/src/tinydisplay/ztriangle_2.cxx,6,0,6
/media/ullmann/HDDGabriel/research/engines/panda3d/panda/src/egg2pg/characterMaker.cxx,22,1,23
/media/ullmann/HDDGabriel/research/engines/panda3d/panda/src/char/characterJoint.h,7,7,14
/media/ullmann/HDDGabriel/research/engines/panda3d/pandatool/src/lwo/iffInputFile.h,5,8,13
/media/ullmann/HDDGabriel/research/engines/panda3d/pandatool/src/lwo/iffInputFile.I,0,1,1
/media/ullmann/HDDGabriel/research/engines/panda3d/panda/src/linmath/lvecBase4.h,17,9,26
/media/ullmann/HDDGabriel/research/engines/panda3d/dtool/src/prc/configDeclaration.cxx,7,1,8
/media/ullmann/HDDGabriel/research/engines/panda3d/dtool/src/prc/configVariableCore.h,7,6,13
/media/ullmann/HDDGabriel/research/engines/panda3d/panda/src/device/winRawInputDevice.cxx,6,1,7
/media/ullmann/HDDGabriel/research/engines/panda3d/panda/src/putil/mouseButton.h,2,23,25
/media/ullmann/HDDGabriel/research/engines/panda3d/panda/src/putil/test_bamWrite.cxx,4,0,4
/media/ullmann/HDDGabriel/research/engines/panda3d/panda/src/putil/test_bam.h,9,3,12
/media/ullmann/HDDGabriel/research/engines/panda3d/panda/src/pipeline/test_concurrency.cxx,6,0,6
/media/ullmann/HDDGabriel/research/engines/panda3d/panda/src/pgraph/loaderFileTypeBam.cxx,7,1,8
/media/ullmann/HDDGabriel/research/engines/panda3d/panda/src/pgraph/loaderFileTypeBam.h,2,2,4
/media/ullmann/HDDGabriel/research/engines/panda3d/pandatool/src/dxfegg/dxfToEggLayer.cxx,7,0,7
/media/ullmann/HDDGabriel/research/engines/panda3d/panda/src/egg/eggLine.h,3,8,11
/media/ullmann/HDDGabriel/research/engines/panda3d/panda/src/net/connectionManager.h,7,9,16
/media/ullmann/HDDGabriel/research/engines/panda3d/panda/src/pipeline/lightMutex.h,4,48,52
/media/ullmann/HDDGabriel/research/engines/panda3d/dtool/src/interrogate/parse_file.cxx,12,0,12
/media/ullmann/HDDGabriel/research/engines/panda3d/dtool/src/cppparser/cppManifest.h,5,3,8
/media/ullmann/HDDGabriel/research/engines/panda3d/pandatool/src/mayaegg/mayaToEggConverter.h,6,3,9
/media/ullmann/HDDGabriel/research/engines/panda3d/pandatool/src/mayaegg/mayaNodeTree.h,7,3,10
/media/ullmann/HDDGabriel/research/engines/panda3d/panda/src/net/fake_http_server.cxx,10,0,10
/media/ullmann/HDDGabriel/research/engines/panda3d/panda/src/net/queuedConnectionListener.h,7,7,14
/media/ullmann/HDDGabriel/research/engines/panda3d/panda/src/iphonedisplay/iPhoneGraphicsStateGuardian.h,3,0,3
/media/ullmann/HDDGabriel/research/engines/panda3d/panda/src/gobj/texturePool.cxx,15,1,16
/media/ullmann/HDDGabriel/research/engines/panda3d/panda/src/pipeline/mutexHolder.h,3,34,37
/media/ullmann/HDDGabriel/research/engines/panda3d/panda/src/text/p3text_composite1.cxx,8,0,8
/media/ullmann/HDDGabriel/research/engines/panda3d/panda/src/text/dynamicTextPage.cxx,3,1,4
/media/ullmann/HDDGabriel/research/engines/panda3d/direct/src/dcparse/dcparse.cxx,3,0,3
/media/ullmann/HDDGabriel/research/engines/panda3d/panda/src/express/memoryUsage.h,7,6,13
/media/ullmann/HDDGabriel/research/engines/panda3d/dtool/src/interrogate/interrogate.h,4,20,24
/media/ullmann/HDDGabriel/research/engines/panda3d/dtool/src/cppparser/p3cppParser_composite1.cxx,25,0,25
/media/ullmann/HDDGabriel/research/engines/panda3d/dtool/src/cppparser/cppToken.cxx,4,1,5
/media/ullmann/HDDGabriel/research/engines/panda3d/contrib/src/ai/pathFollow.cxx,2,1,3
/media/ullmann/HDDGabriel/research/engines/panda3d/contrib/src/ai/pathFollow.h,3,4,7
/media/ullmann/HDDGabriel/research/engines/panda3d/dtool/src/cppparser/cppCommentBlock.h,3,5,8
/media/ullmann/HDDGabriel/research/engines/panda3d/dtool/src/cppparser/cppFile.h,2,9,11
/media/ullmann/HDDGabriel/research/engines/panda3d/panda/src/putil/p3putil_composite1.cxx,31,0,31
/media/ullmann/HDDGabriel/research/engines/panda3d/panda/src/putil/bamReader.cxx,7,1,8
/media/ullmann/HDDGabriel/research/engines/panda3d/panda/src/dxgsg9/wdxGraphicsPipe9.h,5,7,12
/media/ullmann/HDDGabriel/research/engines/panda3d/panda/src/dxgsg9/dxgsg9base.h,4,9,13
/media/ullmann/HDDGabriel/research/engines/panda3d/pandatool/src/xfile/xFileParseData.h,6,5,11
/media/ullmann/HDDGabriel/research/engines/panda3d/dtool/src/cppparser/cppInstance.h,4,11,15
/media/ullmann/HDDGabriel/research/engines/panda3d/dtool/src/cppparser/cppDeclaration.h,8,19,27
/media/ullmann/HDDGabriel/research/engines/panda3d/panda/src/express/virtualFileMountMultifile.h,5,3,8
/media/ullmann/HDDGabriel/research/engines/panda3d/panda/src/express/multifile.h,11,7,18
/media/ullmann/HDDGabriel/research/engines/panda3d/panda/src/ode/odeRayGeom.cxx,2,1,3
/media/ullmann/HDDGabriel/research/engines/panda3d/panda/src/parametrics/parametricCurveCollection.h,8,2,10
/media/ullmann/HDDGabriel/research/engines/panda3d/panda/src/parametrics/parametricCurveCollection.I,0,1,1
/media/ullmann/HDDGabriel/research/engines/panda3d/panda/src/pgraph/loader.cxx,20,1,21
/media/ullmann/HDDGabriel/research/engines/panda3d/dtool/src/prc/configVariableEnum.h,3,25,28
/media/ullmann/HDDGabriel/research/engines/panda3d/panda/src/pgraph/cullBinAttrib.cxx,5,1,6
/media/ullmann/HDDGabriel/research/engines/panda3d/panda/src/char/config_char.cxx,9,1,10
/media/ullmann/HDDGabriel/research/engines/panda3d/panda/src/pipeline/pipelineCyclerBase.h,5,5,10
/media/ullmann/HDDGabriel/research/engines/panda3d/panda/src/ode/odeTriMeshData.cxx,1,1,2
/media/ullmann/HDDGabriel/research/engines/panda3d/panda/src/ode/odeTriMeshData.h,12,4,16
/media/ullmann/HDDGabriel/research/engines/panda3d/panda/src/pipeline/config_pipeline.cxx,8,1,9
/media/ullmann/HDDGabriel/research/engines/panda3d/dtool/src/dtoolutil/pandaSystem.h,3,33,36
/media/ullmann/HDDGabriel/research/engines/panda3d/panda/src/distort/fisheyeLens.cxx,2,1,3
/media/ullmann/HDDGabriel/research/engines/panda3d/panda/src/egg/eggXfmSAnim.h,3,16,19
/media/ullmann/HDDGabriel/research/engines/panda3d/panda/src/device/analogNode.cxx,4,1,5
/media/ullmann/HDDGabriel/research/engines/panda3d/panda/src/dgraph/dataNodeTransmit.h,5,20,25
/media/ullmann/HDDGabriel/research/engines/panda3d/panda/src/chan/partBundleNode.h,8,4,12
/media/ullmann/HDDGabriel/research/engines/panda3d/panda/src/egg/eggAnimPreload.cxx,3,1,4
/media/ullmann/HDDGabriel/research/engines/panda3d/panda/src/egg/eggAnimPreload.h,3,4,7
/media/ullmann/HDDGabriel/research/engines/panda3d/panda/src/putil/callbackObject.h,3,15,18
/media/ullmann/HDDGabriel/research/engines/panda3d/panda/src/pipeline/conditionVarSimpleImpl.h,5,2,7
/media/ullmann/HDDGabriel/research/engines/panda3d/panda/src/pipeline/blockerSimple.h,4,3,7
/media/ullmann/HDDGabriel/research/engines/panda3d/pandatool/src/maxegg/maxEggLoader.cxx,16,0,16
/media/ullmann/HDDGabriel/research/engines/panda3d/panda/src/egg/eggVertexPool.h,11,35,46
/media/ullmann/HDDGabriel/research/engines/panda3d/panda/src/downloader/socketStream.cxx,5,1,6
/media/ullmann/HDDGabriel/research/engines/panda3d/panda/src/downloader/socketStream.h,9,6,15
/media/ullmann/HDDGabriel/research/engines/panda3d/panda/src/display/displayRegionDrawCallbackData.h,3,3,6
/media/ullmann/HDDGabriel/research/engines/panda3d/panda/src/display/p3display_composite2.cxx,16,0,16
/media/ullmann/HDDGabriel/research/engines/panda3d/panda/src/display/graphicsWindow.cxx,9,1,10
/media/ullmann/HDDGabriel/research/engines/panda3d/dtool/src/dtoolutil/dSearchPath.h,4,26,30
/media/ullmann/HDDGabriel/research/engines/panda3d/dtool/src/dtoolutil/dSearchPath.I,0,1,1
/media/ullmann/HDDGabriel/research/engines/panda3d/panda/src/distort/projectionScreen.h,9,3,12
/media/ullmann/HDDGabriel/research/engines/panda3d/panda/src/pnmimage/pfmFile.h,6,13,19
/media/ullmann/HDDGabriel/research/engines/panda3d/pandatool/src/mayaegg/mayaBlendDesc.h,3,6,9
/media/ullmann/HDDGabriel/research/engines/panda3d/panda/src/express/pointerToArray_ext.h,10,5,15
/media/ullmann/HDDGabriel/research/engines/panda3d/panda/src/express/pta_uchar.h,3,4,7
/media/ullmann/HDDGabriel/research/engines/panda3d/panda/src/movies/wavAudioCursor.cxx,4,1,5
/media/ullmann/HDDGabriel/research/engines/panda3d/panda/src/net/connectionWriter.cxx,8,1,9
/media/ullmann/HDDGabriel/research/engines/panda3d/panda/src/net/connectionWriter.h,6,17,23
/media/ullmann/HDDGabriel/research/engines/panda3d/pandatool/src/lwo/p3lwo_composite1.cxx,39,0,39
/media/ullmann/HDDGabriel/research/engines/panda3d/pandatool/src/lwo/lwoInputFile.cxx,12,1,13
/media/ullmann/HDDGabriel/research/engines/panda3d/pandatool/src/xfileegg/xFileMesh.h,7,4,11
/media/ullmann/HDDGabriel/research/engines/panda3d/panda/src/putil/indirectCompareTo.h,2,6,8
/media/ullmann/HDDGabriel/research/engines/panda3d/pandatool/src/flt/fltRecord.h,6,12,18
/media/ullmann/HDDGabriel/research/engines/panda3d/pandatool/src/flt/fltRecord.I,0,1,1
/media/ullmann/HDDGabriel/research/engines/panda3d/panda/src/linmath/aa_luse.h,13,1,14
/media/ullmann/HDDGabriel/research/engines/panda3d/panda/src/pipeline/psemaphore.h,5,1,6
/media/ullmann/HDDGabriel/research/engines/panda3d/panda/src/pipeline/pmutex.h,4,32,36
/media/ullmann/HDDGabriel/research/engines/panda3d/panda/src/chan/bindAnimRequest.cxx,4,1,5
/media/ullmann/HDDGabriel/research/engines/panda3d/panda/src/pgraph/shaderInput.h,17,6,23
/media/ullmann/HDDGabriel/research/engines/panda3d/panda/src/mathutil/pta_LVecBase4.h,3,6,9
/media/ullmann/HDDGabriel/research/engines/panda3d/panda/src/linmath/lvector4_ext.h,7,0,7
/media/ullmann/HDDGabriel/research/engines/panda3d/panda/src/linmath/lvector4.h,8,7,15
/media/ullmann/HDDGabriel/research/engines/panda3d/panda/src/egg2pg/eggSaver.cxx,61,1,62
/media/ullmann/HDDGabriel/research/engines/panda3d/panda/src/pgraph/renderEffects.h,10,4,14
/media/ullmann/HDDGabriel/research/engines/panda3d/panda/src/egg/p3egg_composite1.cxx,30,0,30
/media/ullmann/HDDGabriel/research/engines/panda3d/panda/src/egg/eggExternalReference.cxx,4,1,5
/media/ullmann/HDDGabriel/research/engines/panda3d/panda/src/gobj/geomVertexArrayFormat.h,9,14,23
/media/ullmann/HDDGabriel/research/engines/panda3d/pandatool/src/fltprogs/eggToFlt.cxx,12,0,12
/media/ullmann/HDDGabriel/research/engines/panda3d/panda/src/chan/partBundle.cxx,18,1,19
/media/ullmann/HDDGabriel/research/engines/panda3d/panda/src/putil/loaderOptions.h,3,15,18
/media/ullmann/HDDGabriel/research/engines/panda3d/pandatool/src/palettizer/texturePlacement.h,5,10,15
/media/ullmann/HDDGabriel/research/engines/panda3d/pandatool/src/palettizer/omitReason.h,0,3,3
/media/ullmann/HDDGabriel/research/engines/panda3d/pandatool/src/lwo/lwoSurfaceBlockWrap.cxx,4,1,5
/media/ullmann/HDDGabriel/research/engines/panda3d/pandatool/src/lwo/lwoSurfaceBlockWrap.h,1,3,4
/media/ullmann/HDDGabriel/research/engines/panda3d/panda/src/display/callbackGraphicsWindow.cxx,1,1,2
/media/ullmann/HDDGabriel/research/engines/panda3d/panda/src/display/callbackGraphicsWindow.h,3,3,6
/media/ullmann/HDDGabriel/research/engines/panda3d/panda/src/express/nodePointerToBase.h,5,2,7
/media/ullmann/HDDGabriel/research/engines/panda3d/panda/src/glxdisplay/p3glxdisplay_composite1.cxx,7,0,7
/media/ullmann/HDDGabriel/research/engines/panda3d/panda/src/glxdisplay/glxGraphicsPixmap.cxx,8,1,9
/media/ullmann/HDDGabriel/research/engines/panda3d/panda/src/grutil/p3grutil_composite1.cxx,9,0,9
/media/ullmann/HDDGabriel/research/engines/panda3d/panda/src/grutil/heightfieldTesselator.cxx,5,1,6
/media/ullmann/HDDGabriel/research/engines/panda3d/panda/src/egg/eggMesherEdge.h,5,5,10
/media/ullmann/HDDGabriel/research/engines/panda3d/panda/src/egg/eggVertex.h,11,32,43
/media/ullmann/HDDGabriel/research/engines/panda3d/panda/src/pipeline/p3pipeline_composite1.cxx,23,0,23
/media/ullmann/HDDGabriel/research/engines/panda3d/panda/src/express/export_dtool.h,19,1,20
/media/ullmann/HDDGabriel/research/engines/panda3d/dtool/src/prc/configVariable.h,4,11,15
/media/ullmann/HDDGabriel/research/engines/panda3d/panda/src/collide/collisionSphere.cxx,23,1,24
/media/ullmann/HDDGabriel/research/engines/panda3d/panda/src/pgraphnodes/lodNodeType.cxx,3,1,4
/media/ullmann/HDDGabriel/research/engines/panda3d/panda/src/grutil/frameRateMeter.h,8,3,11
/media/ullmann/HDDGabriel/research/engines/panda3d/panda/src/pstatclient/pStatClientImpl.cxx,14,1,15
/media/ullmann/HDDGabriel/research/engines/panda3d/panda/src/express/memoryUsage.cxx,10,1,11
/media/ullmann/HDDGabriel/research/engines/panda3d/panda/src/express/nodePointerToBase.I,0,1,1
/media/ullmann/HDDGabriel/research/engines/panda3d/panda/src/gobj/adaptiveLru.h,6,6,12
/media/ullmann/HDDGabriel/research/engines/panda3d/pandatool/src/xfileegg/xFileToEggConverter.cxx,13,1,14
/media/ullmann/HDDGabriel/research/engines/panda3d/panda/src/particlesystem/baseParticleRenderer.h,11,7,18
/media/ullmann/HDDGabriel/research/engines/panda3d/direct/src/dcparser/dcFile.cxx,13,1,14
/media/ullmann/HDDGabriel/research/engines/panda3d/direct/src/dcparser/hashGenerator.h,2,15,17
/media/ullmann/HDDGabriel/research/engines/panda3d/panda/src/egg/eggBin.h,2,10,12
/media/ullmann/HDDGabriel/research/engines/panda3d/contrib/src/rplight/shadowAtlas.h,3,3,6
/media/ullmann/HDDGabriel/research/engines/panda3d/contrib/src/rplight/shadowAtlas.I,0,1,1
/media/ullmann/HDDGabriel/research/engines/panda3d/pandatool/src/eggprogs/eggToC.cxx,9,0,9
/media/ullmann/HDDGabriel/research/engines/panda3d/pandatool/src/win-stats/winStatsFlameGraph.h,1,2,3
/media/ullmann/HDDGabriel/research/engines/panda3d/pandatool/src/win-stats/winStatsGraph.h,3,7,10
/media/ullmann/HDDGabriel/research/engines/panda3d/panda/src/pgraph/fog.cxx,10,1,11
/media/ullmann/HDDGabriel/research/engines/panda3d/panda/src/putil/globalPointerRegistry.h,4,1,5
/media/ullmann/HDDGabriel/research/engines/panda3d/panda/src/pnmimagetypes/pnmFileTypeSGIReader.cxx,6,1,7
/media/ullmann/HDDGabriel/research/engines/panda3d/panda/src/recorder/recorderTable.cxx,6,1,7
/media/ullmann/HDDGabriel/research/engines/panda3d/panda/src/cull/cullBinStateSorted.cxx,6,1,7
/media/ullmann/HDDGabriel/research/engines/panda3d/panda/src/cull/cullBinStateSorted.h,8,2,10
/media/ullmann/HDDGabriel/research/engines/panda3d/pandatool/src/flt/fltRecord.cxx,23,1,24
/media/ullmann/HDDGabriel/research/engines/panda3d/dtool/src/parser-inc/assert.h,0,35,35
/media/ullmann/HDDGabriel/research/engines/panda3d/dtool/src/dtoolutil/p3dtoolutil_composite2.cxx,16,0,16
/media/ullmann/HDDGabriel/research/engines/panda3d/dtool/src/dtoolutil/stringDecoder.cxx,2,1,3
/media/ullmann/HDDGabriel/research/engines/panda3d/direct/src/interval/p3interval_composite1.cxx,16,0,16
/media/ullmann/HDDGabriel/research/engines/panda3d/direct/src/interval/cLerpNodePathInterval.cxx,9,1,10
/media/ullmann/HDDGabriel/research/engines/panda3d/panda/src/pgraph/planeNode.h,13,8,21
/media/ullmann/HDDGabriel/research/engines/panda3d/panda/src/pgraph/planeNode.I,0,1,1
/media/ullmann/HDDGabriel/research/engines/panda3d/panda/src/event/asyncTaskCollection.h,4,4,8
/media/ullmann/HDDGabriel/research/engines/panda3d/panda/src/downloader/identityStream.h,4,2,6
/media/ullmann/HDDGabriel/research/engines/panda3d/dtool/src/dtoolutil/textEncoder_ext.h,5,1,6
/media/ullmann/HDDGabriel/research/engines/panda3d/dtool/src/interrogate/interfaceMakerPython.cxx,2,1,3
/media/ullmann/HDDGabriel/research/engines/panda3d/dtool/src/interrogate/interfaceMakerPython.h,2,4,6
/media/ullmann/HDDGabriel/research/engines/panda3d/panda/src/movies/microphoneAudio.cxx,2,1,3
/media/ullmann/HDDGabriel/research/engines/panda3d/panda/src/gsgbase/graphicsStateGuardianBase.cxx,3,1,4
/media/ullmann/HDDGabriel/research/engines/panda3d/dtool/src/parser-inc/algorithm,0,94,94
/media/ullmann/HDDGabriel/research/engines/panda3d/pandatool/src/vrml/vrmlNode.h,3,4,7
/media/ullmann/HDDGabriel/research/engines/panda3d/pandatool/src/vrml/vrmlNodeType.h,2,3,5
/media/ullmann/HDDGabriel/research/engines/panda3d/panda/src/particlesystem/spriteParticleRenderer.h,16,1,17
/media/ullmann/HDDGabriel/research/engines/panda3d/panda/src/gobj/textureCollection.h,4,8,12
/media/ullmann/HDDGabriel/research/engines/panda3d/panda/src/express/namable.h,4,49,53
/media/ullmann/HDDGabriel/research/engines/panda3d/direct/src/interval/config_interval.cxx,16,1,17
/media/ullmann/HDDGabriel/research/engines/panda3d/direct/src/interval/cInterval.h,6,10,16
/media/ullmann/HDDGabriel/research/engines/panda3d/panda/src/collide/collisionBox.h,7,11,18
/media/ullmann/HDDGabriel/research/engines/panda3d/panda/src/mathutil/plane.h,9,15,24
/media/ullmann/HDDGabriel/research/engines/panda3d/pandatool/src/egg-qtess/eggQtess.h,4,1,5
/media/ullmann/HDDGabriel/research/engines/panda3d/pandatool/src/egg-qtess/qtessInputFile.h,5,2,7
/media/ullmann/HDDGabriel/research/engines/panda3d/pandatool/src/objegg/eggToObjConverter.cxx,11,0,11
/media/ullmann/HDDGabriel/research/engines/panda3d/dtool/src/prc/streamReader.h,7,14,21
/media/ullmann/HDDGabriel/research/engines/panda3d/pandatool/src/palettizer/txaLine.cxx,9,1,10
/media/ullmann/HDDGabriel/research/engines/panda3d/pandatool/src/palettizer/txaLine.h,5,2,7
/media/ullmann/HDDGabriel/research/engines/panda3d/pandatool/src/pandatoolbase/p3pandatoolbase_composite1.cxx,6,0,6
/media/ullmann/HDDGabriel/research/engines/panda3d/pandatool/src/pandatoolbase/config_pandatoolbase.cxx,1,1,2
/media/ullmann/HDDGabriel/research/engines/panda3d/panda/src/pnmimagetypes/pnmFileTypeIMG.cxx,4,1,5
/media/ullmann/HDDGabriel/research/engines/panda3d/panda/src/glxdisplay/glxGraphicsPipe.h,11,10,21
/media/ullmann/HDDGabriel/research/engines/panda3d/panda/src/display/pre_x11_include.h,0,2,2
/media/ullmann/HDDGabriel/research/engines/panda3d/panda/src/downloader/documentSpec.h,5,2,7
/media/ullmann/HDDGabriel/research/engines/panda3d/panda/src/downloader/httpDate.h,3,3,6
/media/ullmann/HDDGabriel/research/engines/panda3d/dtool/src/prc/configVariableInt.h,3,53,56
/media/ullmann/HDDGabriel/research/engines/panda3d/panda/src/express/virtualFileMount.h,6,11,17
/media/ullmann/HDDGabriel/research/engines/panda3d/panda/src/cocoadisplay/cocoaPandaView.h,1,0,1
/media/ullmann/HDDGabriel/research/engines/panda3d/panda/src/pnmimagetypes/config_pnmimagetypes.cxx,19,1,20
/media/ullmann/HDDGabriel/research/engines/panda3d/panda/src/pnmimagetypes/pnmFileTypeTGA.h,6,2,8
/media/ullmann/HDDGabriel/research/engines/panda3d/dtool/src/dtoolbase/memoryBase.h,2,24,26
/media/ullmann/HDDGabriel/research/engines/panda3d/panda/src/pgraphnodes/directionalLight.h,3,10,13
/media/ullmann/HDDGabriel/research/engines/panda3d/panda/src/egg/eggUtilities.h,8,2,10
/media/ullmann/HDDGabriel/research/engines/panda3d/panda/src/movies/flacAudioCursor.h,3,3,6
/media/ullmann/HDDGabriel/research/engines/panda3d/pandatool/src/maxegg/maxToEggConverter.cxx,2,1,3
/media/ullmann/HDDGabriel/research/engines/panda3d/direct/src/dcparser/dcPackerInterface.cxx,5,1,6
/media/ullmann/HDDGabriel/research/engines/panda3d/direct/src/dcparser/dcPackerInterface.h,3,5,8
/media/ullmann/HDDGabriel/research/engines/panda3d/panda/src/putil/datagramInputFile.cxx,9,1,10
/media/ullmann/HDDGabriel/research/engines/panda3d/panda/src/express/temporaryFile.h,3,4,7
/media/ullmann/HDDGabriel/research/engines/panda3d/panda/src/pgraphnodes/config_pgraphnodes.cxx,23,1,24
/media/ullmann/HDDGabriel/research/engines/panda3d/panda/src/pgraphnodes/lodNode.h,6,8,14
/media/ullmann/HDDGabriel/research/engines/panda3d/panda/src/ffmpeg/ffmpegVideoCursor.cxx,8,1,9
/media/ullmann/HDDGabriel/research/engines/panda3d/panda/src/display/graphicsOutput.cxx,22,1,23
/media/ullmann/HDDGabriel/research/engines/panda3d/panda/src/gobj/perspectiveLens.h,3,10,13
/media/ullmann/HDDGabriel/research/engines/panda3d/panda/src/express/pta_double.cxx,1,1,2
/media/ullmann/HDDGabriel/research/engines/panda3d/pandatool/src/eggbase/eggToSomething.h,1,1,2
/media/ullmann/HDDGabriel/research/engines/panda3d/pandatool/src/eggbase/eggConverter.h,1,3,4
/media/ullmann/HDDGabriel/research/engines/panda3d/panda/src/pgraph/p3pgraph_composite1.cxx,17,0,17
/media/ullmann/HDDGabriel/research/engines/panda3d/panda/src/pgraph/attribNodeRegistry.cxx,2,1,3
/media/ullmann/HDDGabriel/research/engines/panda3d/panda/src/pipeline/mutexHolder.cxx,1,1,2
/media/ullmann/HDDGabriel/research/engines/panda3d/panda/src/gobj/internalName.h,7,28,35
/media/ullmann/HDDGabriel/research/engines/panda3d/direct/src/dcparser/dcParserDefs.h,2,3,5
/media/ullmann/HDDGabriel/research/engines/panda3d/direct/src/dcparser/dcbase.h,21,26,47
/media/ullmann/HDDGabriel/research/engines/panda3d/panda/src/gobj/texture.cxx,33,1,34
/media/ullmann/HDDGabriel/research/engines/panda3d/dtool/src/parser-inc/stddef.h,1,19,20
/media/ullmann/HDDGabriel/research/engines/panda3d/panda/src/gobj/texture.h,30,61,91
/media/ullmann/HDDGabriel/research/engines/panda3d/panda/src/pnmimage/config_pnmimage.h,4,9,13
/media/ullmann/HDDGabriel/research/engines/panda3d/dtool/src/prc/notifyCategoryProxy.h,5,87,92
/media/ullmann/HDDGabriel/research/engines/panda3d/dtool/src/dtoolutil/vector_string.cxx,2,1,3
/media/ullmann/HDDGabriel/research/engines/panda3d/dtool/src/dtoolutil/vector_string.h,2,33,35
/media/ullmann/HDDGabriel/research/engines/panda3d/direct/src/distributed/cConnectionRepository.cxx,9,0,9
/media/ullmann/HDDGabriel/research/engines/panda3d/panda/src/pgraph/p3pgraph_ext_composite.cxx,9,0,9
/media/ullmann/HDDGabriel/research/engines/panda3d/panda/src/pgraph/nodePath_ext.cxx,4,1,5
/media/ullmann/HDDGabriel/research/engines/panda3d/dtool/src/interrogate/interfaceMakerPythonNative.h,6,2,8
/media/ullmann/HDDGabriel/research/engines/panda3d/panda/src/egg/eggData.cxx,16,1,17
/media/ullmann/HDDGabriel/research/engines/panda3d/panda/src/egg/eggPoolUniquifier.h,2,3,5
/media/ullmann/HDDGabriel/research/engines/panda3d/panda/src/pgraph/cullBin.h,8,9,17
/media/ullmann/HDDGabriel/research/engines/panda3d/panda/src/gobj/geomVertexData.h,25,53,78
/media/ullmann/HDDGabriel/research/engines/panda3d/panda/src/bullet/bulletPlaneShape.cxx,2,1,3
/media/ullmann/HDDGabriel/research/engines/panda3d/panda/src/event/asyncTaskSequence.h,4,3,7
/media/ullmann/HDDGabriel/research/engines/panda3d/direct/src/dcparser/dcPacker_ext.h,4,2,6
/media/ullmann/HDDGabriel/research/engines/panda3d/direct/src/dcparser/dcPacker.h,7,8,15
/media/ullmann/HDDGabriel/research/engines/panda3d/panda/src/ode/odeJoint.cxx,14,1,15
/media/ullmann/HDDGabriel/research/engines/panda3d/panda/src/ode/odeBody.h,7,6,13
/media/ullmann/HDDGabriel/research/engines/panda3d/panda/src/pipeline/cycleDataWriter.cxx,1,1,2
/media/ullmann/HDDGabriel/research/engines/panda3d/panda/src/pipeline/cycleDataWriter.h,6,26,32
/media/ullmann/HDDGabriel/research/engines/panda3d/panda/src/putil/mouseButton.cxx,4,1,5
/media/ullmann/HDDGabriel/research/engines/panda3d/panda/src/android/p3android_composite1.cxx,6,0,6
/media/ullmann/HDDGabriel/research/engines/panda3d/panda/src/android/config_android.cxx,5,1,6
/media/ullmann/HDDGabriel/research/engines/panda3d/dtool/src/interrogate/parameterRemapBasicStringToString.h,2,2,4
/media/ullmann/HDDGabriel/research/engines/panda3d/dtool/src/interrogate/parameterRemapToString.h,2,5,7
/media/ullmann/HDDGabriel/research/engines/panda3d/pandatool/src/flt/p3flt_composite1.cxx,39,0,39
/media/ullmann/HDDGabriel/research/engines/panda3d/pandatool/src/flt/fltTexture.cxx,5,1,6
/media/ullmann/HDDGabriel/research/engines/panda3d/panda/src/pgraph/showBoundsEffect.h,3,5,8
/media/ullmann/HDDGabriel/research/engines/panda3d/pandatool/src/eggprogs/eggTopstrip.cxx,4,0,4
/media/ullmann/HDDGabriel/research/engines/panda3d/panda/src/distort/nonlinearImager.h,14,1,15
/media/ullmann/HDDGabriel/research/engines/panda3d/dtool/src/prc/config_prc.h,2,13,15
/media/ullmann/HDDGabriel/research/engines/panda3d/panda/src/display/touchInfo.h,1,3,4
/media/ullmann/HDDGabriel/research/engines/panda3d/panda/src/collide/p3collide_composite2.cxx,15,0,15
/media/ullmann/HDDGabriel/research/engines/panda3d/panda/src/collide/collisionSolid.cxx,21,1,22
/media/ullmann/HDDGabriel/research/engines/panda3d/panda/src/grutil/fisheyeMaker.cxx,13,1,14
/media/ullmann/HDDGabriel/research/engines/panda3d/panda/src/display/graphicsStateGuardian.h,32,22,54
/media/ullmann/HDDGabriel/research/engines/panda3d/panda/src/collide/collisionCapsule.cxx,23,1,24
/media/ullmann/HDDGabriel/research/engines/panda3d/panda/src/collide/collisionCapsule.h,4,14,18
/media/ullmann/HDDGabriel/research/engines/panda3d/panda/src/egg/eggData.h,7,46,53
/media/ullmann/HDDGabriel/research/engines/panda3d/panda/src/pgraph/nodePathCollection.cxx,7,1,8
/media/ullmann/HDDGabriel/research/engines/panda3d/panda/src/pgraph/textureAttrib.h,9,36,45
/media/ullmann/HDDGabriel/research/engines/panda3d/panda/src/tinydisplay/zmath.cxx,4,1,5
/media/ullmann/HDDGabriel/research/engines/panda3d/panda/src/pgraph/cullHandler.h,4,24,28
/media/ullmann/HDDGabriel/research/engines/panda3d/panda/src/physics/linearIntegrator.cxx,4,1,5
/media/ullmann/HDDGabriel/research/engines/panda3d/panda/src/physics/linearIntegrator.h,4,4,8
/media/ullmann/HDDGabriel/research/engines/panda3d/pandatool/src/lwo/lwoSurfaceParameter.cxx,4,1,5
/media/ullmann/HDDGabriel/research/engines/panda3d/panda/src/net/datagramSinkNet.h,4,1,5
/media/ullmann/HDDGabriel/research/engines/panda3d/panda/src/net/datagramSinkNet.I,0,1,1
/media/ullmann/HDDGabriel/research/engines/panda3d/panda/src/movies/userDataAudio.h,4,3,7
/media/ullmann/HDDGabriel/research/engines/panda3d/dtool/src/dtoolbase/pdeque.h,5,27,32
/media/ullmann/HDDGabriel/research/engines/panda3d/panda/src/pipeline/cycleDataStageReader.h,4,11,15
/media/ullmann/HDDGabriel/research/engines/panda3d/panda/src/tinydisplay/config_tinydisplay.cxx,15,1,16
/media/ullmann/HDDGabriel/research/engines/panda3d/panda/src/display/config_display.cxx,21,1,22
/media/ullmann/HDDGabriel/research/engines/panda3d/panda/src/display/stereoDisplayRegion.h,3,5,8
/media/ullmann/HDDGabriel/research/engines/panda3d/panda/src/express/memoryUsagePointers.h,6,3,9
/media/ullmann/HDDGabriel/research/engines/panda3d/panda/src/express/memoryUsagePointers.I,0,1,1
/media/ullmann/HDDGabriel/research/engines/panda3d/panda/src/vrpn/vrpnClient.cxx,15,1,16
/media/ullmann/HDDGabriel/research/engines/panda3d/panda/src/vrpn/config_vrpn.h,2,6,8
/media/ullmann/HDDGabriel/research/engines/panda3d/panda/src/gobj/shader.cxx,8,1,9
/media/ullmann/HDDGabriel/research/engines/panda3d/panda/src/putil/bamCache.h,10,11,21
/media/ullmann/HDDGabriel/research/engines/panda3d/panda/src/pnmimagetypes/pnmFileTypeEXR.h,4,2,6
/media/ullmann/HDDGabriel/research/engines/panda3d/panda/src/pnmimage/pnmReader.h,3,19,22
/media/ullmann/HDDGabriel/research/engines/panda3d/panda/src/mathutil/frustum.h,7,1,8
/media/ullmann/HDDGabriel/research/engines/panda3d/direct/src/distributed/cDistributedSmoothNodeBase.h,3,1,4
/media/ullmann/HDDGabriel/research/engines/panda3d/direct/src/distributed/cDistributedSmoothNodeBase.I,0,1,1
/media/ullmann/HDDGabriel/research/engines/panda3d/dtool/src/interrogatedb/interrogateDatabase.h,11,14,25
/media/ullmann/HDDGabriel/research/engines/panda3d/dtool/src/interrogatedb/interrogateType.h,4,9,13
/media/ullmann/HDDGabriel/research/engines/panda3d/panda/src/display/config_display.h,13,20,33
/media/ullmann/HDDGabriel/research/engines/panda3d/panda/src/linmath/coordinateSystem.h,1,26,27
/media/ullmann/HDDGabriel/research/engines/panda3d/pandatool/src/fltegg/fltToEggConverter.cxx,12,0,12
/media/ullmann/HDDGabriel/research/engines/panda3d/panda/src/egg/eggPoint.h,3,12,15
/media/ullmann/HDDGabriel/research/engines/panda3d/panda/src/chan/bindAnimRequest.h,4,3,7
/media/ullmann/HDDGabriel/research/engines/panda3d/panda/src/chan/partSubset.h,3,4,7
/media/ullmann/HDDGabriel/research/engines/panda3d/panda/src/pstatclient/pStatClient.cxx,11,1,12
/media/ullmann/HDDGabriel/research/engines/panda3d/dtool/src/dtoolbase/neverFreeMemory.h,4,3,7
/media/ullmann/HDDGabriel/research/engines/panda3d/panda/src/bullet/bullet_utils.h,7,38,45
/media/ullmann/HDDGabriel/research/engines/panda3d/panda/src/putil/p3putil_composite2.cxx,29,0,29
/media/ullmann/HDDGabriel/research/engines/panda3d/panda/src/putil/globalPointerRegistry.cxx,2,1,3
/media/ullmann/HDDGabriel/research/engines/panda3d/panda/src/gobj/pythonTexturePoolFilter.h,6,2,8
/media/ullmann/HDDGabriel/research/engines/panda3d/dtool/src/parser-inc/math.h,0,50,50
/media/ullmann/HDDGabriel/research/engines/panda3d/panda/src/pgraph/billboardEffect.cxx,9,1,10
/media/ullmann/HDDGabriel/research/engines/panda3d/panda/src/pipeline/genericThread.h,4,3,7
/media/ullmann/HDDGabriel/research/engines/panda3d/dtool/src/parser-inc/functional,0,3,3
/media/ullmann/HDDGabriel/research/engines/panda3d/panda/src/putil/bamCache.cxx,15,1,16
/media/ullmann/HDDGabriel/research/engines/panda3d/panda/src/parametrics/curveFitter.cxx,8,1,9
/media/ullmann/HDDGabriel/research/engines/panda3d/panda/src/movies/movieVideoCursor.h,9,12,21
/media/ullmann/HDDGabriel/research/engines/panda3d/panda/src/pgraphnodes/sceneGraphAnalyzer.cxx,19,1,20
/media/ullmann/HDDGabriel/research/engines/panda3d/panda/src/pgraphnodes/sceneGraphAnalyzer.h,8,4,12
/media/ullmann/HDDGabriel/research/engines/panda3d/contrib/src/ai/obstacleAvoidance.h,2,3,5
/media/ullmann/HDDGabriel/research/engines/panda3d/contrib/src/ai/aiCharacter.h,2,13,15
/media/ullmann/HDDGabriel/research/engines/panda3d/panda/src/bullet/bulletCharacterControllerNode.cxx,3,1,4
/media/ullmann/HDDGabriel/research/engines/panda3d/panda/src/bullet/bulletWorld.h,22,37,59
/media/ullmann/HDDGabriel/research/engines/panda3d/panda/src/vrpn/vrpnButtonDevice.cxx,2,1,3
/media/ullmann/HDDGabriel/research/engines/panda3d/panda/src/putil/test_bamRead.cxx,5,0,5
/media/ullmann/HDDGabriel/research/engines/panda3d/panda/src/parametrics/nurbsCurve.cxx,8,1,9
/media/ullmann/HDDGabriel/research/engines/panda3d/panda/src/parametrics/config_parametrics.h,2,9,11
/media/ullmann/HDDGabriel/research/engines/panda3d/panda/src/ode/p3ode_composite3.cxx,12,0,12
/media/ullmann/HDDGabriel/research/engines/panda3d/panda/src/ode/odeBoxGeom.cxx,2,1,3
/media/ullmann/HDDGabriel/research/engines/panda3d/panda/src/egg2pg/deferredNodeProperty.h,3,2,5
/media/ullmann/HDDGabriel/research/engines/panda3d/panda/src/movies/movieVideo.cxx,6,1,7
/media/ullmann/HDDGabriel/research/engines/panda3d/panda/src/movies/config_movies.h,6,11,17
/media/ullmann/HDDGabriel/research/engines/panda3d/panda/src/ode/odeBody.cxx,3,1,4
/media/ullmann/HDDGabriel/research/engines/panda3d/panda/src/egg/config_egg.cxx,45,1,46
/media/ullmann/HDDGabriel/research/engines/panda3d/pandatool/src/vrmlegg/indexedFaceSet.h,6,2,8
/media/ullmann/HDDGabriel/research/engines/panda3d/panda/src/net/datagramGeneratorNet.h,8,1,9
/media/ullmann/HDDGabriel/research/engines/panda3d/panda/src/gobj/texture_ext.cxx,1,1,2
/media/ullmann/HDDGabriel/research/engines/panda3d/panda/src/gobj/texture_ext.h,3,1,4
/media/ullmann/HDDGabriel/research/engines/panda3d/contrib/src/rplight/gpuCommand.h,3,4,7
/media/ullmann/HDDGabriel/research/engines/panda3d/panda/src/pgui/pgItem.h,15,10,25
/media/ullmann/HDDGabriel/research/engines/panda3d/panda/src/bullet/bulletContactCallbackData.cxx,1,1,2
/media/ullmann/HDDGabriel/research/engines/panda3d/panda/src/bullet/bulletContactCallbackData.h,7,3,10
/media/ullmann/HDDGabriel/research/engines/panda3d/panda/src/char/character.h,14,8,22
/media/ullmann/HDDGabriel/research/engines/panda3d/panda/src/ode/odeQuadTreeSpace.h,5,6,11
/media/ullmann/HDDGabriel/research/engines/panda3d/panda/src/ode/odeQuadTreeSpace.I,0,1,1
/media/ullmann/HDDGabriel/research/engines/panda3d/panda/src/pgraph/loaderFileType.h,6,11,17
/media/ullmann/HDDGabriel/research/engines/panda3d/panda/src/egg/eggPolygon.h,3,36,39
/media/ullmann/HDDGabriel/research/engines/panda3d/panda/src/egg/eggPolygon.I,0,1,1
/media/ullmann/HDDGabriel/research/engines/panda3d/panda/src/physics/actorNode.cxx,4,1,5
/media/ullmann/HDDGabriel/research/engines/panda3d/panda/src/physics/physicsObject.h,5,9,14
/media/ullmann/HDDGabriel/research/engines/panda3d/panda/src/pipeline/cyclerHolder.cxx,1,1,2
/media/ullmann/HDDGabriel/research/engines/panda3d/panda/src/parametrics/sheetNode.cxx,16,1,17
/media/ullmann/HDDGabriel/research/engines/panda3d/panda/src/mathutil/pta_LVecBase2.h,3,6,9
/media/ullmann/HDDGabriel/research/engines/panda3d/pandatool/src/palettizer/eggFile.cxx,20,1,21
/media/ullmann/HDDGabriel/research/engines/panda3d/pandatool/src/palettizer/filenameUnifier.h,2,7,9
/media/ullmann/HDDGabriel/research/engines/panda3d/panda/src/physics/linearFrictionForce.h,2,2,4
/media/ullmann/HDDGabriel/research/engines/panda3d/panda/src/physics/linearFrictionForce.I,0,1,1
/media/ullmann/HDDGabriel/research/engines/panda3d/panda/src/egg/parserDefs.h,6,3,9
/media/ullmann/HDDGabriel/research/engines/panda3d/panda/src/grutil/lineSegs.cxx,9,1,10
/media/ullmann/HDDGabriel/research/engines/panda3d/panda/src/gobj/geomLinestrips.h,2,23,25
/media/ullmann/HDDGabriel/research/engines/panda3d/pandatool/src/deploy-stub/android_log.c,2,0,2
/media/ullmann/HDDGabriel/research/engines/panda3d/dtool/src/parser-inc/Python.h,0,7,7
/media/ullmann/HDDGabriel/research/engines/panda3d/panda/src/event/asyncTaskChain.cxx,11,1,12
/media/ullmann/HDDGabriel/research/engines/panda3d/pandatool/src/palettizer/paletteGroups.cxx,9,1,10
/media/ullmann/HDDGabriel/research/engines/panda3d/pandatool/src/palettizer/paletteGroups.h,2,6,8
/media/ullmann/HDDGabriel/research/engines/panda3d/panda/src/net/test_datagram.cxx,2,0,2
/media/ullmann/HDDGabriel/research/engines/panda3d/panda/src/net/netDatagram.h,7,24,31
/media/ullmann/HDDGabriel/research/engines/panda3d/panda/src/pnmimage/pnmWriter.h,3,20,23
/media/ullmann/HDDGabriel/research/engines/panda3d/panda/src/pstatclient/pStatCollector.h,4,64,68
/media/ullmann/HDDGabriel/research/engines/panda3d/panda/src/dxgsg9/p3dxgsg9_composite1.cxx,13,0,13
/media/ullmann/HDDGabriel/research/engines/panda3d/panda/src/dxgsg9/dxGeomMunger9.cxx,4,1,5
/media/ullmann/HDDGabriel/research/engines/panda3d/panda/src/net/datagramGeneratorNet.I,0,1,1
/media/ullmann/HDDGabriel/research/engines/panda3d/pandatool/src/vrmlegg/vrmlAppearance.h,2,3,5
/media/ullmann/HDDGabriel/research/engines/panda3d/panda/src/particlesystem/spriteParticleRenderer.cxx,18,1,19
/media/ullmann/HDDGabriel/research/engines/panda3d/panda/src/gobj/geom.h,26,92,118
/media/ullmann/HDDGabriel/research/engines/panda3d/panda/src/downloader/httpChannel.h,14,13,27
/media/ullmann/HDDGabriel/research/engines/panda3d/panda/src/gobj/config_gobj.cxx,56,1,57
/media/ullmann/HDDGabriel/research/engines/panda3d/panda/src/egg/eggNamedObject.cxx,3,1,4
/media/ullmann/HDDGabriel/research/engines/panda3d/dtool/src/cppparser/cppScope.cxx,21,1,22
/media/ullmann/HDDGabriel/research/engines/panda3d/dtool/src/cppparser/cppEnumType.h,4,6,10
/media/ullmann/HDDGabriel/research/engines/panda3d/panda/src/downloader/p3downloader_composite2.cxx,18,0,18
/media/ullmann/HDDGabriel/research/engines/panda3d/panda/src/downloader/identityStream.cxx,2,1,3
/media/ullmann/HDDGabriel/research/engines/panda3d/panda/src/express/nodeReferenceCount.h,3,5,8
/media/ullmann/HDDGabriel/research/engines/panda3d/panda/src/express/referenceCount.h,13,72,85
/media/ullmann/HDDGabriel/research/engines/panda3d/panda/src/gobj/sliderTable.I,0,1,1
/media/ullmann/HDDGabriel/research/engines/panda3d/panda/src/pnmimage/pnmFileType.h,4,23,27
/media/ullmann/HDDGabriel/research/engines/panda3d/panda/src/pgraph/modelLoadRequest.h,9,4,13
/media/ullmann/HDDGabriel/research/engines/panda3d/dtool/src/cppparser/cppConstType.h,2,19,21
/media/ullmann/HDDGabriel/research/engines/panda3d/panda/src/pgui/pgFrameStyle.h,5,2,7
/media/ullmann/HDDGabriel/research/engines/panda3d/panda/src/particlesystem/pointParticleRenderer.cxx,7,1,8
/media/ullmann/HDDGabriel/research/engines/panda3d/panda/src/pnmimage/pnmImage.cxx,9,1,10
/media/ullmann/HDDGabriel/research/engines/panda3d/panda/src/ode/odeJointCollection.h,2,2,4
/media/ullmann/HDDGabriel/research/engines/panda3d/dtool/src/cppparser/cppMakeSeq.cxx,1,1,2
/media/ullmann/HDDGabriel/research/engines/panda3d/panda/src/display/displayRegion.cxx,10,1,11
/media/ullmann/HDDGabriel/research/engines/panda3d/dtool/src/interrogatedb/indexRemapper.h,2,9,11
/media/ullmann/HDDGabriel/research/engines/panda3d/dtool/src/parser-inc/map,0,20,20
/media/ullmann/HDDGabriel/research/engines/panda3d/direct/src/distributed/config_distributed.cxx,2,0,2
/media/ullmann/HDDGabriel/research/engines/panda3d/direct/src/distributed/config_distributed.h,5,3,8
/media/ullmann/HDDGabriel/research/engines/panda3d/panda/src/physics/linearForce.cxx,5,1,6
/media/ullmann/HDDGabriel/research/engines/panda3d/pandatool/src/palettizer/p3palettizer_composite1.cxx,22,0,22
/media/ullmann/HDDGabriel/research/engines/panda3d/pandatool/src/palettizer/paletteGroup.cxx,14,1,15
/media/ullmann/HDDGabriel/research/engines/panda3d/panda/src/dxgsg9/wdxGraphicsBuffer9.h,5,4,9
/media/ullmann/HDDGabriel/research/engines/panda3d/panda/src/putil/ioPtaDatagramInt.cxx,4,1,5
/media/ullmann/HDDGabriel/research/engines/panda3d/panda/src/putil/ioPtaDatagramInt.h,3,2,5
/media/ullmann/HDDGabriel/research/engines/panda3d/panda/src/device/winInputDeviceManager.cxx,4,1,5
/media/ullmann/HDDGabriel/research/engines/panda3d/panda/src/device/winRawInputDevice.h,3,2,5
/media/ullmann/HDDGabriel/research/engines/panda3d/panda/src/char/jointVertexTransform.h,6,5,11
/media/ullmann/HDDGabriel/research/engines/panda3d/pandatool/src/assimp/p3assimp_composite1.cxx,6,0,6
/media/ullmann/HDDGabriel/research/engines/panda3d/pandatool/src/assimp/assimpLoader.cxx,25,1,26
/media/ullmann/HDDGabriel/research/engines/panda3d/panda/src/display/pythonGraphicsWindowProc.cxx,2,1,3
/media/ullmann/HDDGabriel/research/engines/panda3d/panda/src/display/pythonGraphicsWindowProc.h,3,2,5
/media/ullmann/HDDGabriel/research/engines/panda3d/pandatool/src/pstatserver/pStatGraph.cxx,7,1,8
/media/ullmann/HDDGabriel/research/engines/panda3d/pandatool/src/pstatserver/pStatFlameGraph.h,6,1,7
/media/ullmann/HDDGabriel/research/engines/panda3d/pandatool/src/pstatserver/pStatMonitor.h,7,9,16
/media/ullmann/HDDGabriel/research/engines/panda3d/dtool/src/dtoolutil/executionEnvironment.h,5,21,26
/media/ullmann/HDDGabriel/research/engines/panda3d/dtool/src/prc/configVariableBool.h,3,66,69
/media/ullmann/HDDGabriel/research/engines/panda3d/panda/src/audiotraits/openalAudioManager.cxx,11,1,12
/media/ullmann/HDDGabriel/research/engines/panda3d/dtool/src/prc/configPageManager.cxx,16,1,17
/media/ullmann/HDDGabriel/research/engines/panda3d/panda/src/pipeline/pipelineCyclerTrivialImpl.h,4,2,6
/media/ullmann/HDDGabriel/research/engines/panda3d/panda/src/pipeline/pipelineCyclerTrivialImpl.I,0,1,1
/media/ullmann/HDDGabriel/research/engines/panda3d/panda/src/ode/odeContactGeom.h,6,4,10
/media/ullmann/HDDGabriel/research/engines/panda3d/panda/src/ode/ode_includes.h,2,34,36
/media/ullmann/HDDGabriel/research/engines/panda3d/panda/src/gobj/vertexDataBook.cxx,2,1,3
/media/ullmann/HDDGabriel/research/engines/panda3d/panda/src/gobj/vertexDataBook.h,7,4,11
/media/ullmann/HDDGabriel/research/engines/panda3d/panda/src/mathutil/config_mathutil.cxx,14,1,15
/media/ullmann/HDDGabriel/research/engines/panda3d/panda/src/mathutil/boundingVolume.h,5,9,14
/media/ullmann/HDDGabriel/research/engines/panda3d/dtool/src/dtoolbase/patomic.h,6,11,17
/media/ullmann/HDDGabriel/research/engines/panda3d/panda/src/testbed/pgrid.cxx,8,0,8
/media/ullmann/HDDGabriel/research/engines/panda3d/panda/src/pgraph/transformState.h,18,78,96
/media/ullmann/HDDGabriel/research/engines/panda3d/panda/src/pgraph/instanceList.cxx,6,1,7
/media/ullmann/HDDGabriel/research/engines/panda3d/panda/src/tinydisplay/ztriangle_1.cxx,6,0,6
/media/ullmann/HDDGabriel/research/engines/panda3d/panda/src/downloader/extractor.h,7,1,8
/media/ullmann/HDDGabriel/research/engines/panda3d/panda/src/chan/animControlCollection.h,6,3,9
/media/ullmann/HDDGabriel/research/engines/panda3d/panda/src/pstatclient/pStatServerControlMessage.cxx,4,1,5
/media/ullmann/HDDGabriel/research/engines/panda3d/panda/src/pstatclient/pStatServerControlMessage.h,2,4,6
/media/ullmann/HDDGabriel/research/engines/panda3d/pandatool/src/lwo/lwoSurfaceBlockEnabled.cxx,4,1,5
/media/ullmann/HDDGabriel/research/engines/panda3d/pandatool/src/lwo/lwoSurfaceBlockEnabled.h,1,3,4
/media/ullmann/HDDGabriel/research/engines/panda3d/panda/src/dxgsg9/dxGeomMunger9.h,6,3,9
/media/ullmann/HDDGabriel/research/engines/panda3d/panda/src/express/weakPointerTo.h,4,10,14
/media/ullmann/HDDGabriel/research/engines/panda3d/panda/src/bullet/bulletRotationalLimitMotor.cxx,2,1,3
/media/ullmann/HDDGabriel/research/engines/panda3d/direct/src/interval/cIntervalManager.h,7,3,10
/media/ullmann/HDDGabriel/research/engines/panda3d/panda/src/particlesystem/pointParticleRenderer.h,11,2,13
/media/ullmann/HDDGabriel/research/engines/panda3d/panda/src/pgraph/config_pgraph.cxx,81,1,82
/media/ullmann/HDDGabriel/research/engines/panda3d/panda/src/pgraph/portalClipper.h,16,4,20
/media/ullmann/HDDGabriel/research/engines/panda3d/panda/src/glstuff/glGraphicsStateGuardian_src.I,0,1,1
/media/ullmann/HDDGabriel/research/engines/panda3d/dtool/src/prc/configVariableBase.h,9,5,14
/media/ullmann/HDDGabriel/research/engines/panda3d/dtool/src/prc/configVariableBase.I,0,1,1
/media/ullmann/HDDGabriel/research/engines/panda3d/panda/src/gobj/geomVertexColumn.h,6,8,14
/media/ullmann/HDDGabriel/research/engines/panda3d/panda/src/express/config_express.cxx,25,1,26
/media/ullmann/HDDGabriel/research/engines/panda3d/dtool/src/dtoolbase/numeric_types.h,2,53,55
/media/ullmann/HDDGabriel/research/engines/panda3d/panda/src/linmath/compose_matrix.h,13,25,38
/media/ullmann/HDDGabriel/research/engines/panda3d/panda/src/linmath/compose_matrix_src.h,1,1,2
/media/ullmann/HDDGabriel/research/engines/panda3d/panda/src/audiotraits/fmodAudioManager.cxx,10,1,11
/media/ullmann/HDDGabriel/research/engines/panda3d/panda/src/audio/config_audio.h,7,9,16
/media/ullmann/HDDGabriel/research/engines/panda3d/panda/src/event/pythonTask.h,5,2,7
/media/ullmann/HDDGabriel/research/engines/panda3d/pandatool/src/gtk-stats/gtkStats.cxx,3,1,4
/media/ullmann/HDDGabriel/research/engines/panda3d/pandatool/src/gtk-stats/gtkStats.h,0,2,2
/media/ullmann/HDDGabriel/research/engines/panda3d/panda/src/egg/eggMesher.cxx,12,1,13
/media/ullmann/HDDGabriel/research/engines/panda3d/panda/src/egg/eggTriangleFan.h,3,6,9
/media/ullmann/HDDGabriel/research/engines/panda3d/panda/src/particlesystem/orientedParticle.cxx,1,0,1
/media/ullmann/HDDGabriel/research/engines/panda3d/panda/src/particlesystem/orientedParticle.h,2,3,5
/media/ullmann/HDDGabriel/research/engines/panda3d/panda/src/linmath/lmatrix4_ext_src.h,1,1,2
/media/ullmann/HDDGabriel/research/engines/panda3d/panda/src/linmath/lmatrix4_ext_src.I,0,1,1
/media/ullmann/HDDGabriel/research/engines/panda3d/panda/src/char/characterSlider.cxx,6,1,7
/media/ullmann/HDDGabriel/research/engines/panda3d/panda/src/char/characterSlider.h,2,5,7
/media/ullmann/HDDGabriel/research/engines/panda3d/panda/src/egg/p3egg_composite2.cxx,32,0,32
/media/ullmann/HDDGabriel/research/engines/panda3d/panda/src/egg/eggPrimitive.cxx,8,1,9
/media/ullmann/HDDGabriel/research/engines/panda3d/panda/src/android/android_native_app_glue.c,7,0,7
/media/ullmann/HDDGabriel/research/engines/panda3d/dtool/src/parser-inc/string.h,1,26,27
/media/ullmann/HDDGabriel/research/engines/panda3d/pandatool/src/xfileegg/xFileMaker.h,3,1,4
/media/ullmann/HDDGabriel/research/engines/panda3d/panda/src/particlesystem/geomParticleRenderer.h,9,2,11
/media/ullmann/HDDGabriel/research/engines/panda3d/panda/src/particlesystem/geomParticleRenderer.I,0,1,1
/media/ullmann/HDDGabriel/research/engines/panda3d/dtool/src/cppparser/cppIdentifier.h,7,20,27
/media/ullmann/HDDGabriel/research/engines/panda3d/pandatool/src/lwo/lwoSurfaceBlock.cxx,12,1,13
/media/ullmann/HDDGabriel/research/engines/panda3d/pandatool/src/lwo/lwoSurfaceBlock.h,2,3,5
/media/ullmann/HDDGabriel/research/engines/panda3d/dtool/src/dtoolbase/pset.h,7,71,78
/media/ullmann/HDDGabriel/research/engines/panda3d/dtool/src/dtoolbase/pallocator.h,6,5,11
/media/ullmann/HDDGabriel/research/engines/panda3d/panda/src/audio/test_audio.cxx,3,0,3
/media/ullmann/HDDGabriel/research/engines/panda3d/panda/src/bullet/bulletPlaneShape.h,7,3,10
/media/ullmann/HDDGabriel/research/engines/panda3d/panda/src/gles2gsg/gles2gsg.h,4,2,6
/media/ullmann/HDDGabriel/research/engines/panda3d/panda/src/gles2gsg/panda_esgl2ext.h,0,1,1
/media/ullmann/HDDGabriel/research/engines/panda3d/panda/src/pgraph/shaderAttrib.cxx,11,1,12
/media/ullmann/HDDGabriel/research/engines/panda3d/panda/src/chan/animChannelScalarTable.h,5,3,8
/media/ullmann/HDDGabriel/research/engines/panda3d/panda/src/chan/animChannelScalarTable.I,0,1,1
/media/ullmann/HDDGabriel/research/engines/panda3d/panda/src/gobj/textureContext.cxx,1,1,2
/media/ullmann/HDDGabriel/research/engines/panda3d/panda/src/gobj/textureContext.h,6,10,16
/media/ullmann/HDDGabriel/research/engines/panda3d/panda/src/downloader/httpCookie.cxx,4,1,5
/media/ullmann/HDDGabriel/research/engines/panda3d/dtool/src/parser-inc/ctype.h,0,35,35
/media/ullmann/HDDGabriel/research/engines/panda3d/panda/src/egg2pg/config_egg2pg.h,9,12,21
/media/ullmann/HDDGabriel/research/engines/panda3d/pandatool/src/lwo/lwoGroupChunk.cxx,3,1,4
/media/ullmann/HDDGabriel/research/engines/panda3d/pandatool/src/objegg/objToEggConverter.cxx,15,0,15
/media/ullmann/HDDGabriel/research/engines/panda3d/panda/src/express/virtualFileSystem.h,12,75,87
/media/ullmann/HDDGabriel/research/engines/panda3d/panda/src/android/pnmFileTypeAndroidReader.cxx,4,1,5
/media/ullmann/HDDGabriel/research/engines/panda3d/panda/src/android/pnmFileTypeAndroid.h,5,4,9
/media/ullmann/HDDGabriel/research/engines/panda3d/pandatool/src/lwo/config_lwo.cxx,39,1,40
/media/ullmann/HDDGabriel/research/engines/panda3d/pandatool/src/lwo/lwoBoundingBox.h,2,3,5
/media/ullmann/HDDGabriel/research/engines/panda3d/panda/src/grutil/rigidBodyCombiner.cxx,11,1,12
/media/ullmann/HDDGabriel/research/engines/panda3d/panda/src/mathutil/omniBoundingVolume.h,3,14,17
/media/ullmann/HDDGabriel/research/engines/panda3d/panda/src/gobj/bufferResidencyTracker.cxx,4,1,5
/media/ullmann/HDDGabriel/research/engines/panda3d/panda/src/gobj/bufferContext.h,7,8,15
/media/ullmann/HDDGabriel/research/engines/panda3d/panda/src/pnmimage/pnmFileType.cxx,5,1,6
/media/ullmann/HDDGabriel/research/engines/panda3d/pandatool/src/ptloader/config_ptloader.cxx,5,0,5
/media/ullmann/HDDGabriel/research/engines/panda3d/panda/src/egg/eggNamedObject.h,5,5,10
/media/ullmann/HDDGabriel/research/engines/panda3d/panda/src/ode/odeAMotorJoint.h,6,4,10
/media/ullmann/HDDGabriel/research/engines/panda3d/pandatool/src/mayaegg/p3mayaegg_composite1.cxx,6,0,6
/media/ullmann/HDDGabriel/research/engines/panda3d/panda/src/audiotraits/config_openalAudio.cxx,6,1,7
/media/ullmann/HDDGabriel/research/engines/panda3d/panda/src/audiotraits/openalAudioManager.h,7,4,11
/media/ullmann/HDDGabriel/research/engines/panda3d/panda/src/display/graphicsEngine.cxx,38,1,39
/media/ullmann/HDDGabriel/research/engines/panda3d/direct/src/dcparser/dcMolecularField.h,2,1,3
/media/ullmann/HDDGabriel/research/engines/panda3d/pandatool/src/lwo/lwoSurfaceBlockTransform.h,2,3,5
/media/ullmann/HDDGabriel/research/engines/panda3d/panda/src/gobj/geomMunger.h,14,12,26
/media/ullmann/HDDGabriel/research/engines/panda3d/pandatool/src/xfile/xFileDataObjectString.h,2,4,6
/media/ullmann/HDDGabriel/research/engines/panda3d/pandatool/src/xfile/xFileDataObjectString.I,0,1,1
/media/ullmann/HDDGabriel/research/engines/panda3d/panda/src/pipeline/pipelineCyclerTrueImpl.cxx,3,1,4
/media/ullmann/HDDGabriel/research/engines/panda3d/panda/src/pipeline/pipelineCyclerTrueImpl.h,10,3,13
/media/ullmann/HDDGabriel/research/engines/panda3d/pandatool/src/maya/mayaApi.h,3,1,4
/media/ullmann/HDDGabriel/research/engines/panda3d/panda/src/egg2pg/eggSaver.h,6,2,8
/media/ullmann/HDDGabriel/research/engines/panda3d/panda/src/tinydisplay/p3tinydisplay_composite2.cxx,14,0,14
/media/ullmann/HDDGabriel/research/engines/panda3d/panda/src/tinydisplay/tinySDLGraphicsWindow.cxx,8,1,9
/media/ullmann/HDDGabriel/research/engines/panda3d/panda/src/pgui/pgEntry.h,9,3,12
/media/ullmann/HDDGabriel/research/engines/panda3d/panda/src/text/textAssembler.h,12,4,16
/media/ullmann/HDDGabriel/research/engines/panda3d/panda/src/display/standardMunger.h,9,5,14
/media/ullmann/HDDGabriel/research/engines/panda3d/panda/src/tinydisplay/tinyWinGraphicsPipe.cxx,6,1,7
/media/ullmann/HDDGabriel/research/engines/panda3d/panda/src/tinydisplay/config_tinydisplay.h,5,10,15
/media/ullmann/HDDGabriel/research/engines/panda3d/pandatool/src/egg-qtess/qtessSurface.cxx,11,1,12
/media/ullmann/HDDGabriel/research/engines/panda3d/panda/src/egg/eggComment.h,3,10,13
/media/ullmann/HDDGabriel/research/engines/panda3d/panda/src/pnmimagetypes/pnmFileTypeEXR.cxx,5,1,6
/media/ullmann/HDDGabriel/research/engines/panda3d/panda/src/tinydisplay/tinyXGraphicsWindow.cxx,14,1,15
/media/ullmann/HDDGabriel/research/engines/panda3d/panda/src/cull/drawCullHandler.cxx,8,1,9
/media/ullmann/HDDGabriel/research/engines/panda3d/panda/src/gobj/geomPoints.h,2,22,24
/media/ullmann/HDDGabriel/research/engines/panda3d/panda/src/tform/mouseWatcher.cxx,22,1,23
/media/ullmann/HDDGabriel/research/engines/panda3d/panda/src/display/mouseAndKeyboard.h,7,5,12
/media/ullmann/HDDGabriel/research/engines/panda3d/panda/src/physics/baseForce.h,6,4,10
/media/ullmann/HDDGabriel/research/engines/panda3d/dtool/src/cppparser/cppClassTemplateParameter.h,2,5,7
/media/ullmann/HDDGabriel/research/engines/panda3d/dtool/src/cppparser/cppBisonDefs.h,5,7,12
/media/ullmann/HDDGabriel/research/engines/panda3d/panda/src/chan/movingPartMatrix.cxx,9,1,10
/media/ullmann/HDDGabriel/research/engines/panda3d/panda/src/pgraph/lensNode.h,6,10,16
/media/ullmann/HDDGabriel/research/engines/panda3d/direct/src/dcparser/dcClass.cxx,7,1,8
/media/ullmann/HDDGabriel/research/engines/panda3d/direct/src/dcparser/dcindent.h,2,8,10
/media/ullmann/HDDGabriel/research/engines/panda3d/panda/src/pstatclient/pStatTimer.h,3,89,92
/media/ullmann/HDDGabriel/research/engines/panda3d/panda/src/device/clientButtonDevice.h,7,4,11
/media/ullmann/HDDGabriel/research/engines/panda3d/panda/src/event/buttonEvent.h,5,10,15
/media/ullmann/HDDGabriel/research/engines/panda3d/panda/src/pipeline/cycleDataReader.h,5,26,31
/media/ullmann/HDDGabriel/research/engines/panda3d/panda/src/ode/p3ode_composite2.cxx,12,0,12
/media/ullmann/HDDGabriel/research/engines/panda3d/panda/src/ode/odeNullJoint.cxx,2,1,3
/media/ullmann/HDDGabriel/research/engines/panda3d/panda/src/pgraph/lightAttrib.cxx,12,1,13
/media/ullmann/HDDGabriel/research/engines/panda3d/panda/src/dgraph/dataNode.cxx,4,1,5
/media/ullmann/HDDGabriel/research/engines/panda3d/panda/src/dgraph/config_dgraph.h,2,3,5
/media/ullmann/HDDGabriel/research/engines/panda3d/panda/src/pgui/pgEntry.cxx,13,1,14
/media/ullmann/HDDGabriel/research/engines/panda3d/panda/src/tform/mouseWatcherParameter.h,6,5,11
/media/ullmann/HDDGabriel/research/engines/panda3d/pandatool/src/mayaprogs/mayapath.cxx,9,0,9
/media/ullmann/HDDGabriel/research/engines/panda3d/dtool/src/parser-inc/sys/stat.h,0,7,7
/media/ullmann/HDDGabriel/research/engines/panda3d/direct/src/motiontrail/cMotionTrail.h,9,2,11
/media/ullmann/HDDGabriel/research/engines/panda3d/panda/src/pgraph/geomNode.h,10,71,81
/media/ullmann/HDDGabriel/research/engines/panda3d/panda/src/gobj/material.h,8,9,17
/media/ullmann/HDDGabriel/research/engines/panda3d/panda/src/net/test_tcp_client.cxx,7,0,7
/media/ullmann/HDDGabriel/research/engines/panda3d/panda/src/putil/indirectCompareNames.h,2,6,8
/media/ullmann/HDDGabriel/research/engines/panda3d/panda/src/chan/animControlCollection.cxx,1,1,2
/media/ullmann/HDDGabriel/research/engines/panda3d/panda/metalibs/panda/panda.cxx,6,0,6
/media/ullmann/HDDGabriel/research/engines/panda3d/panda/src/device/config_device.h,4,8,12
/media/ullmann/HDDGabriel/research/engines/panda3d/panda/src/display/windowProperties.h,7,6,13
/media/ullmann/HDDGabriel/research/engines/panda3d/panda/src/display/windowHandle.h,4,6,10
/media/ullmann/HDDGabriel/research/engines/panda3d/panda/src/pgraph/polylightEffect.h,9,5,14
/media/ullmann/HDDGabriel/research/engines/panda3d/panda/src/pgraph/renderEffect.h,8,12,20
/media/ullmann/HDDGabriel/research/engines/panda3d/panda/src/char/characterVertexSlider.h,5,5,10
/media/ullmann/HDDGabriel/research/engines/panda3d/panda/src/pgraph/clipPlaneAttrib.cxx,10,1,11
/media/ullmann/HDDGabriel/research/engines/panda3d/dtool/src/prc/configPage.cxx,9,1,10
/media/ullmann/HDDGabriel/research/engines/panda3d/panda/src/pipeline/cyclerHolder.h,3,2,5
/media/ullmann/HDDGabriel/research/engines/panda3d/panda/src/bullet/bulletSphericalConstraint.cxx,3,1,4
/media/ullmann/HDDGabriel/research/engines/panda3d/panda/src/mathutil/boundingSphere.h,3,47,50
/media/ullmann/HDDGabriel/research/engines/panda3d/panda/src/express/p3express_composite1.cxx,33,0,33
/media/ullmann/HDDGabriel/research/engines/panda3d/panda/src/putil/pointerData.h,3,4,7
/media/ullmann/HDDGabriel/research/engines/panda3d/panda/src/putil/pointerData.I,0,1,1
/media/ullmann/HDDGabriel/research/engines/panda3d/panda/src/pgraphnodes/lightLensNode.cxx,9,1,10
/media/ullmann/HDDGabriel/research/engines/panda3d/dtool/src/parser-inc/stdtypedefs.h,0,7,7
/media/ullmann/HDDGabriel/research/engines/panda3d/panda/src/wgldisplay/p3wgldisplay_composite1.cxx,5,0,5
/media/ullmann/HDDGabriel/research/engines/panda3d/panda/src/wgldisplay/wglGraphicsWindow.cxx,7,1,8
/media/ullmann/HDDGabriel/research/engines/panda3d/panda/src/pgraph/antialiasAttrib.cxx,8,1,9
/media/ullmann/HDDGabriel/research/engines/panda3d/panda/src/pgraph/antialiasAttrib.h,3,4,7
/media/ullmann/HDDGabriel/research/engines/panda3d/dtool/src/interrogate/interfaceMakerPythonObj.h,4,3,7
/media/ullmann/HDDGabriel/research/engines/panda3d/panda/src/chan/animChannelScalarDynamic.h,3,3,6
/media/ullmann/HDDGabriel/research/engines/panda3d/panda/src/audiotraits/config_fmodAudio.cxx,7,1,8
/media/ullmann/HDDGabriel/research/engines/panda3d/panda/src/tform/mouseWatcherBase.cxx,4,1,5
/media/ullmann/HDDGabriel/research/engines/panda3d/panda/src/putil/copyOnWriteObject.h,6,12,18
/media/ullmann/HDDGabriel/research/engines/panda3d/pandatool/src/flt/fltGroup.h,1,3,4
/media/ullmann/HDDGabriel/research/engines/panda3d/pandatool/src/flt/fltBeadID.h,1,8,9
/media/ullmann/HDDGabriel/research/engines/panda3d/panda/src/vrpn/vrpnDial.cxx,6,1,7
/media/ullmann/HDDGabriel/research/engines/panda3d/panda/src/vrpn/vrpnDialDevice.h,3,4,7
/media/ullmann/HDDGabriel/research/engines/panda3d/panda/src/pipeline/pipelineCyclerDummyImpl.h,5,2,7
/media/ullmann/HDDGabriel/research/engines/panda3d/panda/src/pipeline/pipelineCyclerDummyImpl.I,0,1,1
/media/ullmann/HDDGabriel/research/engines/panda3d/panda/src/cull/binCullHandler.h,5,2,7
/media/ullmann/HDDGabriel/research/engines/panda3d/pandatool/src/win-stats/winStatsLabelStack.h,3,3,6
/media/ullmann/HDDGabriel/research/engines/panda3d/panda/src/pgraph/renderEffects.cxx,16,1,17
/media/ullmann/HDDGabriel/research/engines/panda3d/panda/src/putil/compareTo.h,2,3,5
/media/ullmann/HDDGabriel/research/engines/panda3d/pandatool/src/win-stats/winStatsLabel.cxx,4,1,5
/media/ullmann/HDDGabriel/research/engines/panda3d/panda/src/chan/partBundleNode.cxx,6,1,7
/media/ullmann/HDDGabriel/research/engines/panda3d/pandatool/src/palettizer/txaFile.cxx,7,1,8
/media/ullmann/HDDGabriel/research/engines/panda3d/panda/src/ode/config_ode.cxx,35,1,36
/media/ullmann/HDDGabriel/research/engines/panda3d/pandatool/src/lwo/iffChunk.h,4,6,10
/media/ullmann/HDDGabriel/research/engines/panda3d/pandatool/src/lwo/iffChunk.I,0,1,1
/media/ullmann/HDDGabriel/research/engines/panda3d/dtool/src/prc/configVariableString.h,3,29,32
/media/ullmann/HDDGabriel/research/engines/panda3d/panda/src/linmath/lvec2_ops.h,9,2,11
/media/ullmann/HDDGabriel/research/engines/panda3d/panda/src/linmath/dblnames.h,0,51,51
/media/ullmann/HDDGabriel/research/engines/panda3d/panda/src/collide/collisionBox.cxx,25,1,26
/media/ullmann/HDDGabriel/research/engines/panda3d/pandatool/src/egg-qtess/isoPlacer.h,3,2,5
/media/ullmann/HDDGabriel/research/engines/panda3d/panda/src/chan/animBundleNode.h,5,9,14
/media/ullmann/HDDGabriel/research/engines/panda3d/dtool/src/dtoolbase/deletedBufferChain.cxx,2,1,3
/media/ullmann/HDDGabriel/research/engines/panda3d/dtool/src/dtoolbase/deletedBufferChain.h,9,3,12
/media/ullmann/HDDGabriel/research/engines/panda3d/panda/src/bullet/bulletMultiSphereShape.h,7,2,9
/media/ullmann/HDDGabriel/research/engines/panda3d/panda/src/mathutil/pta_LVecBase3.h,3,11,14
/media/ullmann/HDDGabriel/research/engines/panda3d/panda/src/text/textNode.cxx,35,1,36
/media/ullmann/HDDGabriel/research/engines/panda3d/pandatool/src/flt/fltGroup.cxx,4,1,5
/media/ullmann/HDDGabriel/research/engines/panda3d/panda/src/pgraph/cullFaceAttrib.cxx,7,1,8
/media/ullmann/HDDGabriel/research/engines/panda3d/dtool/src/prc/configDeclaration.h,8,6,14
/media/ullmann/HDDGabriel/research/engines/panda3d/panda/src/pgraph/light.h,11,9,20
/media/ullmann/HDDGabriel/research/engines/panda3d/panda/src/audiotraits/fmodAudioManager.h,3,3,6
/media/ullmann/HDDGabriel/research/engines/panda3d/panda/src/char/p3char_composite1.cxx,4,0,4
/media/ullmann/HDDGabriel/research/engines/panda3d/panda/src/particlesystem/sparkleParticleRenderer.cxx,7,1,8
/media/ullmann/HDDGabriel/research/engines/panda3d/panda/src/text/dynamicTextFont.h,10,7,17
/media/ullmann/HDDGabriel/research/engines/panda3d/panda/src/collide/collisionParabola.cxx,12,1,13
/media/ullmann/HDDGabriel/research/engines/panda3d/dtool/src/prc/configVariableInt64.h,4,3,7
/media/ullmann/HDDGabriel/research/engines/panda3d/panda/src/egg2pg/save_egg_file.cxx,7,1,8
/media/ullmann/HDDGabriel/research/engines/panda3d/panda/src/egg2pg/save_egg_file.h,4,4,8
/media/ullmann/HDDGabriel/research/engines/panda3d/panda/src/ode/odeBallJoint.cxx,2,1,3
/media/ullmann/HDDGabriel/research/engines/panda3d/contrib/src/ai/aiPathFinder.h,3,3,6
/media/ullmann/HDDGabriel/research/engines/panda3d/panda/src/grutil/lineSegs.h,8,4,12
/media/ullmann/HDDGabriel/research/engines/panda3d/panda/src/pgraph/lightAttrib.h,7,14,21
/media/ullmann/HDDGabriel/research/engines/panda3d/panda/src/pgraphnodes/shaderGenerator.h,13,6,19
/media/ullmann/HDDGabriel/research/engines/panda3d/panda/src/pgraph/rescaleNormalAttrib.cxx,10,1,11
/media/ullmann/HDDGabriel/research/engines/panda3d/panda/src/putil/ioPtaDatagramFloat.cxx,4,1,5
/media/ullmann/HDDGabriel/research/engines/panda3d/panda/src/putil/ioPtaDatagramFloat.h,3,1,4
/media/ullmann/HDDGabriel/research/engines/panda3d/panda/src/pgraph/internalNameCollection.cxx,2,1,3
/media/ullmann/HDDGabriel/research/engines/panda3d/panda/src/tinydisplay/tinyGraphicsBuffer.h,4,5,9
/media/ullmann/HDDGabriel/research/engines/panda3d/panda/src/pgraph/modelPool.h,8,2,10
/media/ullmann/HDDGabriel/research/engines/panda3d/dtool/src/dtoolutil/test_touch.cxx,2,0,2
/media/ullmann/HDDGabriel/research/engines/panda3d/pandatool/src/eggprogs/eggRetargetAnim.h,3,1,4
/media/ullmann/HDDGabriel/research/engines/panda3d/panda/src/bullet/bulletSliderConstraint.cxx,4,1,5
/media/ullmann/HDDGabriel/research/engines/panda3d/panda/src/bullet/bulletTranslationalLimitMotor.h,5,2,7
/media/ullmann/HDDGabriel/research/engines/panda3d/panda/src/pgraph/textureAttrib.I,0,1,1
/media/ullmann/HDDGabriel/research/engines/panda3d/panda/src/pgraph/nodePathComponent.h,13,6,19
/media/ullmann/HDDGabriel/research/engines/panda3d/contrib/src/rplight/iesDataset.h,5,1,6
/media/ullmann/HDDGabriel/research/engines/panda3d/panda/src/express/pta_float.h,3,8,11
/media/ullmann/HDDGabriel/research/engines/panda3d/panda/src/pstatclient/test_client.cxx,11,0,11
/media/ullmann/HDDGabriel/research/engines/panda3d/panda/src/net/queuedConnectionReader.h,6,14,20
/media/ullmann/HDDGabriel/research/engines/panda3d/panda/src/net/config_net.h,7,14,21
/media/ullmann/HDDGabriel/research/engines/panda3d/panda/src/vrpn/vrpnTracker.h,4,2,6
/media/ullmann/HDDGabriel/research/engines/panda3d/panda/src/vrpn/vrpn_interface.h,8,5,13
/media/ullmann/HDDGabriel/research/engines/panda3d/panda/src/linmath/lvecBase2_ext.h,6,2,8
/media/ullmann/HDDGabriel/research/engines/panda3d/panda/src/linmath/fltnames.h,0,52,52
/media/ullmann/HDDGabriel/research/engines/panda3d/panda/src/putil/simpleHashMap.h,4,6,10
/media/ullmann/HDDGabriel/research/engines/panda3d/panda/src/androiddisplay/p3androiddisplay_composite1.cxx,4,0,4
/media/ullmann/HDDGabriel/research/engines/panda3d/panda/src/androiddisplay/androidGraphicsPipe.cxx,5,1,6
/media/ullmann/HDDGabriel/research/engines/panda3d/panda/src/gobj/bufferContextChain.cxx,3,1,4
/media/ullmann/HDDGabriel/research/engines/panda3d/panda/src/gobj/bufferContextChain.h,3,3,6
/media/ullmann/HDDGabriel/research/engines/panda3d/panda/src/glstuff/glstuff_src.h,14,3,17
/media/ullmann/HDDGabriel/research/engines/panda3d/panda/src/glstuff/glVertexBufferContext_src.h,4,1,5
/media/ullmann/HDDGabriel/research/engines/panda3d/dtool/src/parser-inc/ws2tcpip.h,0,2,2
/media/ullmann/HDDGabriel/research/engines/panda3d/panda/src/bullet/bulletConvexHullShape.cxx,5,1,6
/media/ullmann/HDDGabriel/research/engines/panda3d/dtool/src/cppparser/cppStructType.cxx,12,1,13
/media/ullmann/HDDGabriel/research/engines/panda3d/panda/src/pipeline/threadDummyImpl.cxx,6,1,7
/media/ullmann/HDDGabriel/research/engines/panda3d/panda/src/device/linuxJoystickDevice.cxx,5,1,6
/media/ullmann/HDDGabriel/research/engines/panda3d/dtool/src/parser-inc/fcntl.h,0,19,19
/media/ullmann/HDDGabriel/research/engines/panda3d/dtool/src/dtoolbase/p3dtoolbase_composite1.cxx,10,0,10
/media/ullmann/HDDGabriel/research/engines/panda3d/dtool/src/dtoolbase/memoryBase.cxx,1,1,2
/media/ullmann/HDDGabriel/research/engines/panda3d/panda/src/linmath/lvector3.cxx,5,1,6
/media/ullmann/HDDGabriel/research/engines/panda3d/panda/src/linmath/intnames.h,0,30,30
/media/ullmann/HDDGabriel/research/engines/panda3d/panda/src/linmath/lvector2.h,8,7,15
/media/ullmann/HDDGabriel/research/engines/panda3d/pandatool/src/palettizer/texturePosition.h,3,3,6
/media/ullmann/HDDGabriel/research/engines/panda3d/panda/src/putil/typedWritable.h,7,25,32
/media/ullmann/HDDGabriel/research/engines/panda3d/panda/src/egg/eggMesherFanMaker.h,9,2,11
/media/ullmann/HDDGabriel/research/engines/panda3d/pandatool/src/palettizer/paletteImage.cxx,15,1,16
/media/ullmann/HDDGabriel/research/engines/panda3d/dtool/src/dtoolbase/mutexPosixImpl.cxx,2,1,3
/media/ullmann/HDDGabriel/research/engines/panda3d/dtool/src/dtoolbase/mutexPosixImpl.h,6,4,10
/media/ullmann/HDDGabriel/research/engines/panda3d/panda/src/chan/animBundleNode.cxx,5,1,6
/media/ullmann/HDDGabriel/research/engines/panda3d/panda/src/egg/eggGroup.cxx,9,1,10
/media/ullmann/HDDGabriel/research/engines/panda3d/panda/src/egg/eggSAnimData.h,3,14,17
/media/ullmann/HDDGabriel/research/engines/panda3d/panda/src/egg/eggSAnimData.I,0,1,1
/media/ullmann/HDDGabriel/research/engines/panda3d/pandatool/src/eggcharbase/eggJointData.cxx,11,1,12
/media/ullmann/HDDGabriel/research/engines/panda3d/dtool/src/prc/notifyCategory.h,7,4,11
/media/ullmann/HDDGabriel/research/engines/panda3d/pandatool/src/maya/p3maya_composite1.cxx,6,0,6
/media/ullmann/HDDGabriel/research/engines/panda3d/pandatool/src/maya/mayaApi.cxx,6,1,7
/media/ullmann/HDDGabriel/research/engines/panda3d/panda/src/egg/eggMaterialCollection.cxx,7,1,8
/media/ullmann/HDDGabriel/research/engines/panda3d/panda/src/egg/eggMaterial.h,4,14,18
/media/ullmann/HDDGabriel/research/engines/panda3d/pandatool/src/daeegg/daeMaterials.h,8,4,12
/media/ullmann/HDDGabriel/research/engines/panda3d/panda/src/linmath/lvector3.h,10,12,22
/media/ullmann/HDDGabriel/research/engines/panda3d/panda/src/pgraphnodes/sphereLight.h,4,4,8
/media/ullmann/HDDGabriel/research/engines/panda3d/panda/src/pgraphnodes/pointLight.h,3,10,13
/media/ullmann/HDDGabriel/research/engines/panda3d/panda/src/tform/p3tform_composite1.cxx,5,0,5
/media/ullmann/HDDGabriel/research/engines/panda3d/panda/src/tform/mouseSubregion.cxx,2,1,3
/media/ullmann/HDDGabriel/research/engines/panda3d/panda/src/gobj/geomVertexArrayData.h,19,12,31
/media/ullmann/HDDGabriel/research/engines/panda3d/pandatool/src/maxegg/p3maxegg_composite1.cxx,5,0,5
/media/ullmann/HDDGabriel/research/engines/panda3d/pandatool/src/maxegg/maxOptionsDialog.cxx,1,1,2
/media/ullmann/HDDGabriel/research/engines/panda3d/panda/src/bullet/bulletPersistentManifold.cxx,3,1,4
/media/ullmann/HDDGabriel/research/engines/panda3d/panda/src/bullet/bulletPersistentManifold.h,4,2,6
/media/ullmann/HDDGabriel/research/engines/panda3d/panda/src/grutil/fisheyeMaker.h,5,1,6
/media/ullmann/HDDGabriel/research/engines/panda3d/panda/src/grutil/fisheyeMaker.I,0,1,1
/media/ullmann/HDDGabriel/research/engines/panda3d/panda/src/parametrics/hermiteCurve.cxx,10,1,11
/media/ullmann/HDDGabriel/research/engines/panda3d/panda/src/tinydisplay/memory.cxx,2,1,3
/media/ullmann/HDDGabriel/research/engines/panda3d/panda/src/tinydisplay/zgl.h,8,13,21
/media/ullmann/HDDGabriel/research/engines/panda3d/panda/src/putil/indirectCompareSort.h,2,0,2
/media/ullmann/HDDGabriel/research/engines/panda3d/panda/src/putil/indirectCompareSort.I,0,1,1
/media/ullmann/HDDGabriel/research/engines/panda3d/panda/src/ffmpeg/ffmpegVideoCursor.h,12,3,15
/media/ullmann/HDDGabriel/research/engines/panda3d/panda/src/cull/p3cull_composite2.cxx,4,0,4
/media/ullmann/HDDGabriel/research/engines/panda3d/dtool/src/cppparser/cppTBDType.cxx,3,1,4
/media/ullmann/HDDGabriel/research/engines/panda3d/dtool/src/dtoolbase/cmath.h,5,33,38
/media/ullmann/HDDGabriel/research/engines/panda3d/pandatool/src/flt/fltRecordWriter.cxx,6,1,7
/media/ullmann/HDDGabriel/research/engines/panda3d/pandatool/src/pstatserver/pStatStripChart.h,7,1,8
/media/ullmann/HDDGabriel/research/engines/panda3d/pandatool/src/pstatserver/pStatGraph.h,6,5,11
/media/ullmann/HDDGabriel/research/engines/panda3d/panda/src/grutil/sceneGraphAnalyzerMeter.cxx,10,1,11
/media/ullmann/HDDGabriel/research/engines/panda3d/dtool/src/dtoolutil/vector_float.h,2,4,6
/media/ullmann/HDDGabriel/research/engines/panda3d/dtool/src/dtoolutil/vector_src.h,1,13,14
/media/ullmann/HDDGabriel/research/engines/panda3d/pandatool/src/mayaegg/mayaNodeDesc.h,4,3,7
/media/ullmann/HDDGabriel/research/engines/panda3d/panda/src/pgui/p3pgui_composite2.cxx,8,0,8
/media/ullmann/HDDGabriel/research/engines/panda3d/panda/src/pgui/pgSliderBar.cxx,7,1,8
/media/ullmann/HDDGabriel/research/engines/panda3d/panda/src/pgraph/camera.h,11,20,31
/media/ullmann/HDDGabriel/research/engines/panda3d/panda/src/physics/physicsObjectCollection.cxx,2,1,3
/media/ullmann/HDDGabriel/research/engines/panda3d/pandatool/src/eggcharbase/p3eggcharbase_composite1.cxx,15,0,15
/media/ullmann/HDDGabriel/research/engines/panda3d/panda/src/audiotraits/fmod_audio_composite1.cxx,3,0,3
/media/ullmann/HDDGabriel/research/engines/panda3d/panda/src/pgraphnodes/spotlight.h,4,8,12
/media/ullmann/HDDGabriel/research/engines/panda3d/panda/src/express/weakPointerToVoid.cxx,1,1,2
/media/ullmann/HDDGabriel/research/engines/panda3d/panda/src/express/weakPointerToVoid.h,5,3,8
/media/ullmann/HDDGabriel/research/engines/panda3d/panda/src/pgraph/cullFaceAttrib.h,3,21,24
/media/ullmann/HDDGabriel/research/engines/panda3d/panda/src/bullet/bulletClosestHitSweepResult.h,8,2,10
/media/ullmann/HDDGabriel/research/engines/panda3d/panda/src/pgraph/renderAttrib.cxx,6,1,7
/media/ullmann/HDDGabriel/research/engines/panda3d/pandatool/src/palettizer/textureMemoryCounter.cxx,8,1,9
/media/ullmann/HDDGabriel/research/engines/panda3d/pandatool/src/palettizer/textureMemoryCounter.h,2,2,4
/media/ullmann/HDDGabriel/research/engines/panda3d/dtool/src/prc/p3prc_composite2.cxx,15,0,15
/media/ullmann/HDDGabriel/research/engines/panda3d/dtool/src/prc/configVariableList.cxx,1,1,2
/media/ullmann/HDDGabriel/research/engines/panda3d/pandatool/src/xfile/standard_templates.cxx,3,1,4
/media/ullmann/HDDGabriel/research/engines/panda3d/pandatool/src/xfile/standardTemplates.x.c,1,1,2
/media/ullmann/HDDGabriel/research/engines/panda3d/panda/src/ode/odeSpace.cxx,8,1,9
/media/ullmann/HDDGabriel/research/engines/panda3d/panda/src/ode/odeHashSpace.h,6,6,12
/media/ullmann/HDDGabriel/research/engines/panda3d/dtool/src/prc/streamWriter.h,6,10,16
/media/ullmann/HDDGabriel/research/engines/panda3d/panda/src/egg2pg/load_egg_file.h,4,5,9
/media/ullmann/HDDGabriel/research/engines/panda3d/panda/src/recorder/recorderBase.I,0,1,1
/media/ullmann/HDDGabriel/research/engines/panda3d/panda/src/pipeline/cycleData.h,4,37,41
/media/ullmann/HDDGabriel/research/engines/panda3d/pandatool/src/xfile/xParserDefs.h,4,1,5
/media/ullmann/HDDGabriel/research/engines/panda3d/pandatool/src/xfile/windowsGuid.h,2,5,7
/media/ullmann/HDDGabriel/research/engines/panda3d/panda/src/tform/driveInterface.h,7,3,10
/media/ullmann/HDDGabriel/research/engines/panda3d/pandatool/src/lwo/lwoSurfaceBlockProjection.cxx,4,1,5
/media/ullmann/HDDGabriel/research/engines/panda3d/panda/src/windisplay/winGraphicsPipe.h,4,6,10
/media/ullmann/HDDGabriel/research/engines/panda3d/panda/src/gobj/texturePool.h,9,17,26
/media/ullmann/HDDGabriel/research/engines/panda3d/panda/src/tinydisplay/tinySDLGraphicsWindow.h,6,3,9
/media/ullmann/HDDGabriel/research/engines/panda3d/direct/src/interval/cLerpAnimEffectInterval.h,5,2,7
/media/ullmann/HDDGabriel/research/engines/panda3d/direct/src/interval/cLerpInterval.h,2,4,6
/media/ullmann/HDDGabriel/research/engines/panda3d/pandatool/src/gtk-stats/gtkStatsFlameGraph.cxx,4,1,5
/media/ullmann/HDDGabriel/research/engines/panda3d/panda/src/gobj/lens.h,12,24,36
/media/ullmann/HDDGabriel/research/engines/panda3d/panda/src/putil/factoryBase.cxx,3,1,4
/media/ullmann/HDDGabriel/research/engines/panda3d/panda/src/pgraphnodes/switchNode.h,3,5,8
/media/ullmann/HDDGabriel/research/engines/panda3d/panda/src/pgraph/stencilAttrib.h,3,4,7
/media/ullmann/HDDGabriel/research/engines/panda3d/pandatool/src/flt/fltTransformScale.cxx,3,1,4
/media/ullmann/HDDGabriel/research/engines/panda3d/pandatool/src/flt/fltTransformScale.h,1,3,4
/media/ullmann/HDDGabriel/research/engines/panda3d/panda/src/glxdisplay/glxGraphicsPixmap.h,4,3,7
/media/ullmann/HDDGabriel/research/engines/panda3d/panda/src/glxdisplay/glxGraphicsPixmap.I,0,1,1
/media/ullmann/HDDGabriel/research/engines/panda3d/direct/src/interval/cInterval_ext.cxx,3,0,3
/media/ullmann/HDDGabriel/research/engines/panda3d/direct/src/interval/cInterval_ext.h,4,1,5
/media/ullmann/HDDGabriel/research/engines/panda3d/panda/src/physics/linearForce.h,2,12,14
/media/ullmann/HDDGabriel/research/engines/panda3d/panda/src/pgraph/renderModeAttrib.h,4,19,23
/media/ullmann/HDDGabriel/research/engines/panda3d/panda/src/pgraph/modelFlattenRequest.h,6,2,8
/media/ullmann/HDDGabriel/research/engines/panda3d/dtool/src/interrogatedb/interrogateComponent.h,5,7,12
/media/ullmann/HDDGabriel/research/engines/panda3d/panda/src/parametrics/sheetNode.h,5,3,8
/media/ullmann/HDDGabriel/research/engines/panda3d/panda/src/parametrics/nurbsSurfaceEvaluator.h,12,6,18
/media/ullmann/HDDGabriel/research/engines/panda3d/dtool/src/prc/bigEndian.h,4,4,8
/media/ullmann/HDDGabriel/research/engines/panda3d/dtool/src/prc/reversedNumericData.h,3,4,7
/media/ullmann/HDDGabriel/research/engines/panda3d/panda/src/putil/animInterface.h,8,6,14
/media/ullmann/HDDGabriel/research/engines/panda3d/panda/src/putil/animInterface.I,0,1,1
/media/ullmann/HDDGabriel/research/engines/panda3d/panda/src/pnmimage/p3pnmimage_composite2.cxx,8,0,8
/media/ullmann/HDDGabriel/research/engines/panda3d/panda/src/pnmimage/pnmImageHeader.cxx,8,1,9
/media/ullmann/HDDGabriel/research/engines/panda3d/pandatool/src/maya/mayaShaders.cxx,6,1,7
/media/ullmann/HDDGabriel/research/engines/panda3d/pandatool/src/maya/maya_funcs.h,6,4,10
/media/ullmann/HDDGabriel/research/engines/panda3d/panda/src/tinydisplay/tinyGraphicsStateGuardian.h,9,13,22
/media/ullmann/HDDGabriel/research/engines/panda3d/pandatool/src/dxfegg/dxfToEggLayer.h,3,2,5
/media/ullmann/HDDGabriel/research/engines/panda3d/panda/src/display/frameBufferProperties.h,4,12,16
/media/ullmann/HDDGabriel/research/engines/panda3d/panda/src/pipeline/reMutex.h,4,15,19
/media/ullmann/HDDGabriel/research/engines/panda3d/panda/src/audiotraits/fmodAudioSound.cxx,10,1,11
/media/ullmann/HDDGabriel/research/engines/panda3d/panda/src/pipeline/reMutexHolder.h,3,13,16
/media/ullmann/HDDGabriel/research/engines/panda3d/panda/src/downloader/httpEnum.cxx,1,1,2
/media/ullmann/HDDGabriel/research/engines/panda3d/panda/src/downloader/httpEnum.h,1,4,5
/media/ullmann/HDDGabriel/research/engines/panda3d/panda/src/egg/eggMorphList.h,5,7,12
/media/ullmann/HDDGabriel/research/engines/panda3d/panda/src/display/graphicsWindowInputDevice.h,3,3,6
/media/ullmann/HDDGabriel/research/engines/panda3d/pandatool/src/dxfegg/dxfToEggConverter.h,0,2,2
/media/ullmann/HDDGabriel/research/engines/panda3d/dtool/src/prc/configVariableDouble.cxx,2,1,3
/media/ullmann/HDDGabriel/research/engines/panda3d/contrib/src/speedtree/speedTreeNode.h,13,5,18
/media/ullmann/HDDGabriel/research/engines/panda3d/contrib/src/speedtree/speedtree_api.h,2,5,7
/media/ullmann/HDDGabriel/research/engines/panda3d/panda/src/ode/odeJoint_ext.h,5,1,6
/media/ullmann/HDDGabriel/research/engines/panda3d/panda/src/vision/openCVTexture.cxx,12,1,13
/media/ullmann/HDDGabriel/research/engines/panda3d/panda/src/vision/openCVTexture.h,3,2,5
/media/ullmann/HDDGabriel/research/engines/panda3d/dtool/src/dtoolutil/textEncoder_ext.cxx,1,1,2
/media/ullmann/HDDGabriel/research/engines/panda3d/dtool/src/interrogate/interrogateBuilder.cxx,36,1,37
/media/ullmann/HDDGabriel/research/engines/panda3d/dtool/src/cppparser/cppTypedefType.h,2,12,14
/media/ullmann/HDDGabriel/research/engines/panda3d/panda/src/pnmimage/pnmImageHeader.h,11,10,21
/media/ullmann/HDDGabriel/research/engines/panda3d/panda/src/grutil/shaderTerrainMesh.h,15,2,17
/media/ullmann/HDDGabriel/research/engines/panda3d/panda/src/ode/odeUtil_ext.cxx,4,1,5
/media/ullmann/HDDGabriel/research/engines/panda3d/panda/src/ode/odeUtil_ext.h,5,1,6
/media/ullmann/HDDGabriel/research/engines/panda3d/panda/src/device/inputDeviceManager.cxx,6,1,7
/media/ullmann/HDDGabriel/research/engines/panda3d/contrib/src/ai/obstacleAvoidance.cxx,2,1,3
/media/ullmann/HDDGabriel/research/engines/panda3d/contrib/src/ai/aiWorld.h,3,3,6
/media/ullmann/HDDGabriel/research/engines/panda3d/dtool/src/dtoolutil/pandaFileStreamBuf.cxx,8,1,9
/media/ullmann/HDDGabriel/research/engines/panda3d/panda/src/physics/linearCylinderVortexForce.cxx,4,1,5
/media/ullmann/HDDGabriel/research/engines/panda3d/dtool/src/dtoolbase/nearly_zero.h,1,18,19
/media/ullmann/HDDGabriel/research/engines/panda3d/panda/src/text/config_text.cxx,14,1,15
/media/ullmann/HDDGabriel/research/engines/panda3d/pandatool/src/eggbase/eggBase.h,1,4,5
/media/ullmann/HDDGabriel/research/engines/panda3d/panda/src/glesgsg/config_glesgsg.h,3,3,6
/media/ullmann/HDDGabriel/research/engines/panda3d/panda/src/recorder/config_recorder.h,3,5,8
/media/ullmann/HDDGabriel/research/engines/panda3d/pandatool/src/bam/eggToBam.cxx,19,0,19
/media/ullmann/HDDGabriel/research/engines/panda3d/dtool/src/prc/streamWrapper.h,4,9,13
/media/ullmann/HDDGabriel/research/engines/panda3d/dtool/src/dtoolbase/atomicAdjust.h,7,18,25
/media/ullmann/HDDGabriel/research/engines/panda3d/pandatool/src/eggbase/eggReader.cxx,9,1,10
/media/ullmann/HDDGabriel/research/engines/panda3d/panda/src/pnmimagetypes/stb_image.h,9,1,10
/media/ullmann/HDDGabriel/research/engines/panda3d/contrib/src/speedtree/stTree.h,4,4,8
/media/ullmann/HDDGabriel/research/engines/panda3d/panda/src/chan/partGroup.cxx,11,1,12
/media/ullmann/HDDGabriel/research/engines/panda3d/dtool/src/prc/p3prc_composite1.cxx,15,0,15
/media/ullmann/HDDGabriel/research/engines/panda3d/dtool/src/prc/configVariableBool.cxx,2,1,3
/media/ullmann/HDDGabriel/research/engines/panda3d/dtool/src/prckeys/makePrcKey.cxx,11,0,11
/media/ullmann/HDDGabriel/research/engines/panda3d/dtool/src/parser-inc/openssl/rand.h,0,4,4
/media/ullmann/HDDGabriel/research/engines/panda3d/panda/src/pgui/pgEntry.I,0,1,1
/media/ullmann/HDDGabriel/research/engines/panda3d/panda/src/express/memoryInfo.cxx,3,1,4
/media/ullmann/HDDGabriel/research/engines/panda3d/panda/src/express/memoryInfo.h,3,3,6
/media/ullmann/HDDGabriel/research/engines/panda3d/pandatool/src/flt/fltInstanceRef.h,1,3,4
/media/ullmann/HDDGabriel/research/engines/panda3d/panda/src/egg/eggTextureCollection.cxx,8,1,9
/media/ullmann/HDDGabriel/research/engines/panda3d/panda/src/text/textFont.h,7,9,16
/media/ullmann/HDDGabriel/research/engines/panda3d/panda/src/text/textGlyph.h,7,8,15
/media/ullmann/HDDGabriel/research/engines/panda3d/panda/src/gobj/geomVertexFormat.h,14,28,42
/media/ullmann/HDDGabriel/research/engines/panda3d/pandatool/src/ptloader/config_ptloader.h,4,2,6
/media/ullmann/HDDGabriel/research/engines/panda3d/panda/src/particlesystem/geomParticleRenderer.cxx,6,1,7
/media/ullmann/HDDGabriel/research/engines/panda3d/panda/src/gobj/p3gobj_composite2.cxx,36,0,36
/media/ullmann/HDDGabriel/research/engines/panda3d/panda/src/gobj/videoTexture.cxx,4,1,5
/media/ullmann/HDDGabriel/research/engines/panda3d/panda/src/text/staticTextFont.cxx,10,1,11
/media/ullmann/HDDGabriel/research/engines/panda3d/panda/src/event/asyncFuture.h,6,9,15
/media/ullmann/HDDGabriel/research/engines/panda3d/panda/src/event/asyncFuture.I,0,1,1
/media/ullmann/HDDGabriel/research/engines/panda3d/contrib/src/rplight/rpLight.cxx,1,1,2
/media/ullmann/HDDGabriel/research/engines/panda3d/contrib/src/rplight/rpLight.h,5,5,10
/media/ullmann/HDDGabriel/research/engines/panda3d/panda/src/net/datagramGeneratorNet.cxx,4,1,5
/media/ullmann/HDDGabriel/research/engines/panda3d/panda/src/text/textAssembler.cxx,22,1,23
/media/ullmann/HDDGabriel/research/engines/panda3d/panda/src/text/dynamicTextPage.h,6,4,10
/media/ullmann/HDDGabriel/research/engines/panda3d/panda/src/collide/collisionInvSphere.cxx,19,1,20
/media/ullmann/HDDGabriel/research/engines/panda3d/panda/src/movies/opusAudioCursor.cxx,5,1,6
/media/ullmann/HDDGabriel/research/engines/panda3d/panda/src/movies/opusAudioCursor.h,4,3,7
/media/ullmann/HDDGabriel/research/engines/panda3d/panda/src/express/typedReferenceCount.I,0,1,1
/media/ullmann/HDDGabriel/research/engines/panda3d/panda/src/x11display/p3x11display_composite1.cxx,3,0,3
/media/ullmann/HDDGabriel/research/engines/panda3d/panda/src/pgraphnodes/spotlight.cxx,10,1,11
/media/ullmann/HDDGabriel/research/engines/panda3d/dtool/src/parser-inc/set,0,17,17
/media/ullmann/HDDGabriel/research/engines/panda3d/panda/src/event/pointerEvent.h,3,4,7
/media/ullmann/HDDGabriel/research/engines/panda3d/panda/src/x11display/config_x11display.h,5,4,9
/media/ullmann/HDDGabriel/research/engines/panda3d/panda/src/pstatclient/pStatClientVersion.h,4,4,8
/media/ullmann/HDDGabriel/research/engines/panda3d/panda/src/putil/linkedListNode.h,3,8,11
/media/ullmann/HDDGabriel/research/engines/panda3d/panda/src/egg/config_egg.h,7,15,22
/media/ullmann/HDDGabriel/research/engines/panda3d/panda/src/pgui/pgMouseWatcherRegion.h,3,3,6
/media/ullmann/HDDGabriel/research/engines/panda3d/panda/src/pgui/pgMouseWatcherRegion.I,0,1,1
/media/ullmann/HDDGabriel/research/engines/panda3d/panda/src/egg/pt_EggMaterial.cxx,1,1,2
/media/ullmann/HDDGabriel/research/engines/panda3d/panda/src/egg/pt_EggMaterial.h,3,7,10
/media/ullmann/HDDGabriel/research/engines/panda3d/panda/src/pgraph/materialAttrib.h,4,14,18
/media/ullmann/HDDGabriel/research/engines/panda3d/panda/src/pgraph/texGenAttrib.h,8,15,23
/media/ullmann/HDDGabriel/research/engines/panda3d/panda/src/egldisplay/eglGraphicsPipe.cxx,7,1,8
/media/ullmann/HDDGabriel/research/engines/panda3d/panda/src/egldisplay/eglGraphicsStateGuardian.h,4,6,10
/media/ullmann/HDDGabriel/research/engines/panda3d/panda/src/pipeline/p3pipeline_composite2.cxx,23,0,23
/media/ullmann/HDDGabriel/research/engines/panda3d/pandatool/src/gtk-stats/gtkStatsStripChart.h,2,2,4
/media/ullmann/HDDGabriel/research/engines/panda3d/pandatool/src/bam/ptsToBam.cxx,9,0,9
/media/ullmann/HDDGabriel/research/engines/panda3d/panda/src/particlesystem/baseParticleFactory.h,6,5,11
/media/ullmann/HDDGabriel/research/engines/panda3d/panda/src/pgraph/internalNameCollection.h,4,3,7
/media/ullmann/HDDGabriel/research/engines/panda3d/pandatool/src/flt/fltMesh.cxx,6,1,7
/media/ullmann/HDDGabriel/research/engines/panda3d/dtool/src/interrogate/typeManager.cxx,17,1,18
/media/ullmann/HDDGabriel/research/engines/panda3d/dtool/src/cppparser/cppFunctionGroup.h,2,12,14
/media/ullmann/HDDGabriel/research/engines/panda3d/panda/src/express/ramfile_ext.h,4,1,5
/media/ullmann/HDDGabriel/research/engines/panda3d/panda/src/collide/collisionVisualizer.h,8,3,11
/media/ullmann/HDDGabriel/research/engines/panda3d/panda/src/pgraph/pythonLoaderFileType.h,3,3,6
/media/ullmann/HDDGabriel/research/engines/panda3d/panda/src/glstuff/glSamplerContext_src.h,3,1,4
/media/ullmann/HDDGabriel/research/engines/panda3d/panda/src/parametrics/curveFitter.h,5,3,8
/media/ullmann/HDDGabriel/research/engines/panda3d/panda/src/linmath/lpoint4.cxx,5,1,6
/media/ullmann/HDDGabriel/research/engines/panda3d/dtool/src/parser-inc/stdio.h,1,55,56
/media/ullmann/HDDGabriel/research/engines/panda3d/pandatool/src/palettizer/textureReference.cxx,21,1,22
/media/ullmann/HDDGabriel/research/engines/panda3d/pandatool/src/palettizer/destTextureImage.h,1,6,7
/media/ullmann/HDDGabriel/research/engines/panda3d/panda/src/pipeline/threadSimpleImpl.cxx,4,1,5
/media/ullmann/HDDGabriel/research/engines/panda3d/panda/src/pipeline/threadSimpleManager.h,12,4,16
/media/ullmann/HDDGabriel/research/engines/panda3d/pandatool/src/flt/fltMesh.h,4,3,7
/media/ullmann/HDDGabriel/research/engines/panda3d/panda/src/putil/typedWritable.cxx,6,1,7
/media/ullmann/HDDGabriel/research/engines/panda3d/pandatool/src/flt/fltObject.h,1,3,4
/media/ullmann/HDDGabriel/research/engines/panda3d/panda/src/linmath/lvecBase4.cxx,5,1,6
/media/ullmann/HDDGabriel/research/engines/panda3d/panda/src/pgraphnodes/selectiveChildNode.h,3,5,8
/media/ullmann/HDDGabriel/research/engines/panda3d/panda/src/egg/eggMaterialCollection.h,6,6,12
/media/ullmann/HDDGabriel/research/engines/panda3d/panda/src/egg/vector_PT_EggMaterial.h,5,2,7
/media/ullmann/HDDGabriel/research/engines/panda3d/panda/src/movies/wavAudioCursor.h,4,3,7
/media/ullmann/HDDGabriel/research/engines/panda3d/panda/src/movies/movieAudioCursor.h,6,12,18
/media/ullmann/HDDGabriel/research/engines/panda3d/panda/src/downloader/httpClient.cxx,12,1,13
/media/ullmann/HDDGabriel/research/engines/panda3d/panda/src/text/default_font.cxx,4,1,5
/media/ullmann/HDDGabriel/research/engines/panda3d/panda/src/framework/windowFramework.h,20,3,23
/media/ullmann/HDDGabriel/research/engines/panda3d/panda/src/gobj/simpleLru.h,6,5,11
/media/ullmann/HDDGabriel/research/engines/panda3d/contrib/src/rplight/shadowManager.h,12,2,14
/media/ullmann/HDDGabriel/research/engines/panda3d/panda/src/pipeline/threadPosixImpl.h,7,2,9
/media/ullmann/HDDGabriel/research/engines/panda3d/pandatool/src/daeegg/daeCharacter.h,5,4,9
/media/ullmann/HDDGabriel/research/engines/panda3d/dtool/src/dtoolbase/typeHandle.h,4,22,26
/media/ullmann/HDDGabriel/research/engines/panda3d/pandatool/src/xfileprogs/xFileToEgg.h,1,1,2
/media/ullmann/HDDGabriel/research/engines/panda3d/panda/src/audio/config_audio.cxx,9,1,10
/media/ullmann/HDDGabriel/research/engines/panda3d/panda/src/audio/nullAudioManager.h,2,3,5
/media/ullmann/HDDGabriel/research/engines/panda3d/panda/src/chan/animChannelMatrixXfmTable.h,6,5,11
/media/ullmann/HDDGabriel/research/engines/panda3d/panda/src/express/pta_stdfloat.h,3,8,11
/media/ullmann/HDDGabriel/research/engines/panda3d/dtool/src/dtoolbase/addHash.cxx,1,1,2
/media/ullmann/HDDGabriel/research/engines/panda3d/dtool/src/dtoolbase/addHash.h,4,2,6
/media/ullmann/HDDGabriel/research/engines/panda3d/panda/src/gobj/vertexTransform.I,0,1,1
/media/ullmann/HDDGabriel/research/engines/panda3d/panda/src/cull/cullBinFixed.h,7,2,9
/media/ullmann/HDDGabriel/research/engines/panda3d/panda/src/ode/odeSpace_ext.cxx,7,1,8
/media/ullmann/HDDGabriel/research/engines/panda3d/panda/src/pnmimagetypes/pnmFileTypeSGI.h,4,4,8
/media/ullmann/HDDGabriel/research/engines/panda3d/panda/src/gobj/transformTable.h,11,7,18
/media/ullmann/HDDGabriel/research/engines/panda3d/panda/src/dxgsg9/config_dxgsg9.cxx,14,1,15
/media/ullmann/HDDGabriel/research/engines/panda3d/dtool/src/prc/configVariableList.h,3,11,14
/media/ullmann/HDDGabriel/research/engines/panda3d/panda/src/char/characterJointEffect.cxx,9,1,10
/media/ullmann/HDDGabriel/research/engines/panda3d/panda/src/putil/cachedTypedWritableReferenceCount.h,3,4,7
/media/ullmann/HDDGabriel/research/engines/panda3d/panda/src/gobj/geomTrifans.cxx,6,1,7
/media/ullmann/HDDGabriel/research/engines/panda3d/panda/src/gobj/geomVertexRewriter.h,4,21,25
/media/ullmann/HDDGabriel/research/engines/panda3d/dtool/src/cppparser/cppExpression.cxx,18,1,19
/media/ullmann/HDDGabriel/research/engines/panda3d/dtool/src/cppparser/cppStructType.h,7,14,21
/media/ullmann/HDDGabriel/research/engines/panda3d/panda/src/display/stereoDisplayRegion.cxx,2,1,3
/media/ullmann/HDDGabriel/research/engines/panda3d/panda/src/egg/eggAttributes.cxx,5,1,6
/media/ullmann/HDDGabriel/research/engines/panda3d/panda/src/mathutil/unionBoundingVolume.h,4,5,9
/media/ullmann/HDDGabriel/research/engines/panda3d/panda/src/pstatclient/config_pstatclient.cxx,3,1,4
/media/ullmann/HDDGabriel/research/engines/panda3d/dtool/src/interrogate/parameterRemapHandleToInt.cxx,8,1,9
/media/ullmann/HDDGabriel/research/engines/panda3d/panda/src/putil/nodeCachedReferenceCount.h,4,5,9
/media/ullmann/HDDGabriel/research/engines/panda3d/panda/src/putil/nodeCachedReferenceCount.I,0,1,1
/media/ullmann/HDDGabriel/research/engines/panda3d/panda/src/bullet/bulletSoftBodyNode.h,13,5,18
/media/ullmann/HDDGabriel/research/engines/panda3d/panda/src/putil/collideMask.h,2,15,17
/media/ullmann/HDDGabriel/research/engines/panda3d/dtool/src/dtoolbase/atomicAdjustWin32Impl.cxx,2,1,3
/media/ullmann/HDDGabriel/research/engines/panda3d/panda/src/egg/eggCoordinateSystem.h,5,6,11
/media/ullmann/HDDGabriel/research/engines/panda3d/panda/src/event/asyncFuture_ext.h,3,2,5
/media/ullmann/HDDGabriel/research/engines/panda3d/panda/src/linmath/lrotation.h,7,2,9
/media/ullmann/HDDGabriel/research/engines/panda3d/dtool/src/dtoolbase/dlmalloc_src.cxx,14,1,15
/media/ullmann/HDDGabriel/research/engines/panda3d/pandatool/src/egg-mkfont/eggMakeFont.cxx,14,1,15
/media/ullmann/HDDGabriel/research/engines/panda3d/panda/src/gobj/geomVertexReader.h,7,32,39
/media/ullmann/HDDGabriel/research/engines/panda3d/panda/src/cull/cullBinFixed.cxx,7,1,8
/media/ullmann/HDDGabriel/research/engines/panda3d/panda/src/physics/p3physics_composite2.cxx,14,0,14
/media/ullmann/HDDGabriel/research/engines/panda3d/panda/src/physics/physical.cxx,3,1,4
/media/ullmann/HDDGabriel/research/engines/panda3d/dtool/src/cppparser/cppMakeSeq.h,4,4,8
/media/ullmann/HDDGabriel/research/engines/panda3d/panda/src/pstatclient/p3pstatclient_composite2.cxx,6,0,6
/media/ullmann/HDDGabriel/research/engines/panda3d/panda/src/device/config_device.cxx,17,1,18
/media/ullmann/HDDGabriel/research/engines/panda3d/panda/src/device/clientBase.h,11,8,19
/media/ullmann/HDDGabriel/research/engines/panda3d/panda/src/pipeline/mutexTrueImpl.h,4,5,9
/media/ullmann/HDDGabriel/research/engines/panda3d/panda/src/mathutil/test_mathutil.cxx,5,0,5
/media/ullmann/HDDGabriel/research/engines/panda3d/dtool/src/prc/configVariableFilename.cxx,3,1,4
/media/ullmann/HDDGabriel/research/engines/panda3d/panda/src/pgraph/decalEffect.h,3,7,10
/media/ullmann/HDDGabriel/research/engines/panda3d/panda/src/grutil/multitexReducer.cxx,24,0,24
/media/ullmann/HDDGabriel/research/engines/panda3d/panda/src/egg/eggTextureCollection.h,6,15,21
/media/ullmann/HDDGabriel/research/engines/panda3d/panda/src/audio/audioManager.h,7,11,18
/media/ullmann/HDDGabriel/research/engines/panda3d/panda/src/grutil/pipeOcclusionCullTraverser.h,7,2,9
/media/ullmann/HDDGabriel/research/engines/panda3d/panda/src/pgraph/cullTraverser.h,14,38,52
/media/ullmann/HDDGabriel/research/engines/panda3d/dtool/src/interrogatedb/interrogateMakeSeq.cxx,3,1,4
/media/ullmann/HDDGabriel/research/engines/panda3d/dtool/src/interrogatedb/interrogateMakeSeq.h,3,2,5
/media/ullmann/HDDGabriel/research/engines/panda3d/panda/src/tform/buttonThrower.I,0,1,1
/media/ullmann/HDDGabriel/research/engines/panda3d/panda/src/egldisplay/eglGraphicsWindow.h,4,4,8
/media/ullmann/HDDGabriel/research/engines/panda3d/panda/src/egldisplay/eglGraphicsPipe.h,4,12,16
/media/ullmann/HDDGabriel/research/engines/panda3d/panda/src/gobj/p3gobj_composite1.cxx,41,0,41
/media/ullmann/HDDGabriel/research/engines/panda3d/panda/src/gobj/geomTristrips.cxx,8,1,9
/media/ullmann/HDDGabriel/research/engines/panda3d/contrib/src/ai/meshNode.h,1,3,4
/media/ullmann/HDDGabriel/research/engines/panda3d/panda/src/express/namable.cxx,1,1,2
/media/ullmann/HDDGabriel/research/engines/panda3d/panda/src/downloader/httpAuthorization.h,5,4,9
/media/ullmann/HDDGabriel/research/engines/panda3d/panda/src/downloader/httpAuthorization.I,0,1,1
/media/ullmann/HDDGabriel/research/engines/panda3d/panda/src/movies/dr_flac.h,7,0,7
/media/ullmann/HDDGabriel/research/engines/panda3d/panda/src/downloader/virtualFileHTTP.h,5,3,8
/media/ullmann/HDDGabriel/research/engines/panda3d/panda/src/downloader/virtualFileHTTP.I,0,1,1
/media/ullmann/HDDGabriel/research/engines/panda3d/panda/src/pgraph/occluderNode.h,7,6,13
/media/ullmann/HDDGabriel/research/engines/panda3d/panda/src/grutil/heightfieldTesselator.h,13,1,14
/media/ullmann/HDDGabriel/research/engines/panda3d/panda/src/linmath/lorientation.cxx,4,1,5
/media/ullmann/HDDGabriel/research/engines/panda3d/panda/src/linmath/lorientation_src.cxx,0,1,1
/media/ullmann/HDDGabriel/research/engines/panda3d/panda/src/bullet/bulletVehicle.h,6,3,9
/media/ullmann/HDDGabriel/research/engines/panda3d/panda/src/express/virtualFileSystem_ext.h,4,1,5
/media/ullmann/HDDGabriel/research/engines/panda3d/panda/src/movies/inkblotVideoCursor.cxx,2,1,3
/media/ullmann/HDDGabriel/research/engines/panda3d/panda/src/movies/inkblotVideoCursor.h,6,3,9
/media/ullmann/HDDGabriel/research/engines/panda3d/panda/src/gobj/geomVertexArrayData_ext.h,4,1,5
/media/ullmann/HDDGabriel/research/engines/panda3d/panda/src/particlesystem/orientedParticle.I,0,1,1
/media/ullmann/HDDGabriel/research/engines/panda3d/panda/src/display/subprocessWindow.cxx,6,1,7
/media/ullmann/HDDGabriel/research/engines/panda3d/panda/src/display/subprocessWindow.h,7,2,9
/media/ullmann/HDDGabriel/research/engines/panda3d/dtool/src/interrogate/interfaceMakerC.cxx,11,1,12
/media/ullmann/HDDGabriel/research/engines/panda3d/dtool/src/cppparser/cppFunctionType.h,2,18,20
/media/ullmann/HDDGabriel/research/engines/panda3d/panda/src/mathutil/perlinNoise.h,7,3,10
/media/ullmann/HDDGabriel/research/engines/panda3d/panda/src/bullet/bulletShape.cxx,3,1,4
/media/ullmann/HDDGabriel/research/engines/panda3d/panda/src/pgraph/renderState.cxx,23,1,24
/media/ullmann/HDDGabriel/research/engines/panda3d/panda/src/pgraph/p3pgraph_composite3.cxx,29,0,29
/media/ullmann/HDDGabriel/research/engines/panda3d/panda/src/collide/collisionRay.cxx,15,1,16
/media/ullmann/HDDGabriel/research/engines/panda3d/panda/src/pgraph/loaderFileTypeRegistry.cxx,7,1,8
/media/ullmann/HDDGabriel/research/engines/panda3d/dtool/src/dtoolutil/load_dso.h,3,9,12
/media/ullmann/HDDGabriel/research/engines/panda3d/panda/src/nativenet/buffered_datagramconnection.h,7,3,10
/media/ullmann/HDDGabriel/research/engines/panda3d/panda/src/nativenet/buffered_datagramwriter.h,2,1,3
/media/ullmann/HDDGabriel/research/engines/panda3d/dtool/src/cppparser/cppParser.cxx,6,1,7
/media/ullmann/HDDGabriel/research/engines/panda3d/dtool/src/cppparser/cppTypeParser.h,2,2,4
/media/ullmann/HDDGabriel/research/engines/panda3d/panda/src/x11display/x11GraphicsPipe.h,9,7,16
/media/ullmann/HDDGabriel/research/engines/panda3d/panda/src/gobj/bufferResidencyTracker.h,4,3,7
/media/ullmann/HDDGabriel/research/engines/panda3d/direct/src/dcparser/dcNumericRange.h,4,3,7
/media/ullmann/HDDGabriel/research/engines/panda3d/panda/src/express/virtualFileMountAndroidAsset.cxx,3,1,4
/media/ullmann/HDDGabriel/research/engines/panda3d/panda/src/express/trueClock.h,5,19,24
/media/ullmann/HDDGabriel/research/engines/panda3d/panda/src/bullet/bulletBodyNode.cxx,15,1,16
/media/ullmann/HDDGabriel/research/engines/panda3d/panda/src/cull/drawCullHandler.I,0,1,1
/media/ullmann/HDDGabriel/research/engines/panda3d/panda/src/windisplay/config_windisplay.h,4,7,11
/media/ullmann/HDDGabriel/research/engines/panda3d/pandatool/src/lwo/lwoClip.cxx,4,1,5
/media/ullmann/HDDGabriel/research/engines/panda3d/contrib/src/ai/seek.h,2,4,6
/media/ullmann/HDDGabriel/research/engines/panda3d/pandatool/src/lwo/lwoSurfaceSmoothingAngle.cxx,5,1,6
/media/ullmann/HDDGabriel/research/engines/panda3d/pandatool/src/lwo/iffInputFile.cxx,5,1,6
/media/ullmann/HDDGabriel/research/engines/panda3d/panda/src/mathutil/p3mathutil_composite1.cxx,13,0,13
/media/ullmann/HDDGabriel/research/engines/panda3d/panda/src/mathutil/boundingSphere.cxx,9,1,10
/media/ullmann/HDDGabriel/research/engines/panda3d/panda/src/downloader/chunkedStream.cxx,1,1,2
/media/ullmann/HDDGabriel/research/engines/panda3d/panda/src/downloader/chunkedStream.h,4,2,6
/media/ullmann/HDDGabriel/research/engines/panda3d/panda/src/gobj/geomLines.h,2,22,24
/media/ullmann/HDDGabriel/research/engines/panda3d/panda/src/egg/eggParameters.h,2,8,10
/media/ullmann/HDDGabriel/research/engines/panda3d/panda/src/physics/linearNoiseForce.h,4,2,6
/media/ullmann/HDDGabriel/research/engines/panda3d/dtool/src/interrogatedb/interrogate_interface.h,1,14,15
/media/ullmann/HDDGabriel/research/engines/panda3d/panda/src/gobj/geom.cxx,13,1,14
/media/ullmann/HDDGabriel/research/engines/panda3d/panda/src/tinydisplay/tinyTextureContext.h,5,3,8
/media/ullmann/HDDGabriel/research/engines/panda3d/panda/src/pnmtext/pnmTextMaker.cxx,4,1,5
/media/ullmann/HDDGabriel/research/engines/panda3d/panda/src/recorder/recorderHeader.h,5,4,9
/media/ullmann/HDDGabriel/research/engines/panda3d/panda/src/recorder/recorderHeader.I,0,1,1
/media/ullmann/HDDGabriel/research/engines/panda3d/panda/src/bullet/bulletContactCallbacks.h,9,1,10
/media/ullmann/HDDGabriel/research/engines/panda3d/panda/src/pgraph/rescaleNormalAttrib.h,3,9,12
/media/ullmann/HDDGabriel/research/engines/panda3d/panda/src/mathutil/triangulator.h,5,4,9
/media/ullmann/HDDGabriel/research/engines/panda3d/panda/src/pgraph/loader.h,11,15,26
/media/ullmann/HDDGabriel/research/engines/panda3d/panda/src/pgraphnodes/computeNode.h,6,2,8
/media/ullmann/HDDGabriel/research/engines/panda3d/panda/src/linmath/lvecBase4_ext.h,6,2,8
/media/ullmann/HDDGabriel/research/engines/panda3d/panda/src/grutil/meshDrawer.h,21,2,23
/media/ullmann/HDDGabriel/research/engines/panda3d/panda/src/express/patchfile.cxx,10,1,11
/media/ullmann/HDDGabriel/research/engines/panda3d/panda/src/display/standardMunger.cxx,7,1,8
/media/ullmann/HDDGabriel/research/engines/panda3d/panda/src/parametrics/piecewiseCurve.h,3,5,8
/media/ullmann/HDDGabriel/research/engines/panda3d/panda/src/display/get_x11.h,3,5,8
/media/ullmann/HDDGabriel/research/engines/panda3d/pandatool/src/imagebase/imageReader.cxx,1,1,2
/media/ullmann/HDDGabriel/research/engines/panda3d/pandatool/src/imagebase/imageReader.h,1,2,3
/media/ullmann/HDDGabriel/research/engines/panda3d/dtool/src/dtoolutil/textEncoder.h,4,21,25
/media/ullmann/HDDGabriel/research/engines/panda3d/direct/src/interval/cConstraintInterval.h,2,6,8
/media/ullmann/HDDGabriel/research/engines/panda3d/direct/src/interval/cConstraintInterval.I,0,1,1
/media/ullmann/HDDGabriel/research/engines/panda3d/panda/src/net/connection.cxx,14,1,15
/media/ullmann/HDDGabriel/research/engines/panda3d/panda/src/net/datagramTCPHeader.h,5,4,9
/media/ullmann/HDDGabriel/research/engines/panda3d/panda/src/gobj/geomVertexArrayData.cxx,13,1,14
/media/ullmann/HDDGabriel/research/engines/panda3d/pandatool/src/eggcharbase/eggJointNodePointer.h,3,3,6
/media/ullmann/HDDGabriel/research/engines/panda3d/panda/src/egg/eggGroup.h,11,52,63
/media/ullmann/HDDGabriel/research/engines/panda3d/panda/src/bullet/bulletConeShape.h,5,2,7
/media/ullmann/HDDGabriel/research/engines/panda3d/panda/src/collide/collisionHandlerPhysical_ext.cxx,2,1,3
/media/ullmann/HDDGabriel/research/engines/panda3d/panda/src/collide/collisionHandlerEvent_ext.h,4,2,6
/media/ullmann/HDDGabriel/research/engines/panda3d/contrib/src/rplight/pssmCameraRig.h,7,1,8
/media/ullmann/HDDGabriel/research/engines/panda3d/panda/src/ode/odeCylinderGeom.cxx,2,1,3
/media/ullmann/HDDGabriel/research/engines/panda3d/panda/src/pipeline/test_mutex.cxx,6,0,6
/media/ullmann/HDDGabriel/research/engines/panda3d/panda/src/downloader/config_downloader.cxx,6,1,7
/media/ullmann/HDDGabriel/research/engines/panda3d/panda/src/downloader/virtualFileMountHTTP.h,8,4,12
/media/ullmann/HDDGabriel/research/engines/panda3d/dtool/src/cppparser/cppTemplateScope.cxx,5,1,6
/media/ullmann/HDDGabriel/research/engines/panda3d/panda/src/device/inputDeviceNode.h,4,1,5
/media/ullmann/HDDGabriel/research/engines/panda3d/panda/src/dgraph/dataNode.h,4,15,19
/media/ullmann/HDDGabriel/research/engines/panda3d/dtool/src/prc/configVariableString.cxx,2,1,3
/media/ullmann/HDDGabriel/research/engines/panda3d/dtool/src/dtoolbase/mutexImpl.h,6,20,26
/media/ullmann/HDDGabriel/research/engines/panda3d/panda/src/skel/typedSkel.cxx,1,1,2
/media/ullmann/HDDGabriel/research/engines/panda3d/panda/src/skel/typedSkel.h,3,2,5
/media/ullmann/HDDGabriel/research/engines/panda3d/panda/src/linmath/config_linmath.h,4,14,18
/media/ullmann/HDDGabriel/research/engines/panda3d/panda/src/pipeline/conditionVarPosixImpl.cxx,3,1,4
/media/ullmann/HDDGabriel/research/engines/panda3d/panda/src/pipeline/conditionVarPosixImpl.h,7,3,10
/media/ullmann/HDDGabriel/research/engines/panda3d/panda/src/glxdisplay/glxGraphicsPipe.cxx,8,1,9
/media/ullmann/HDDGabriel/research/engines/panda3d/panda/src/pipeline/test_setjmp.cxx,2,0,2
/media/ullmann/HDDGabriel/research/engines/panda3d/dtool/src/dtoolutil/globPattern.h,4,23,27
/media/ullmann/HDDGabriel/research/engines/panda3d/panda/src/tinydisplay/p3tinydisplay_composite1.cxx,13,0,13
/media/ullmann/HDDGabriel/research/engines/panda3d/panda/src/tinydisplay/clip.cxx,2,1,3
/media/ullmann/HDDGabriel/research/engines/panda3d/panda/src/bullet/bulletDebugNode.cxx,13,1,14
/media/ullmann/HDDGabriel/research/engines/panda3d/panda/src/express/memoryUsagePointerCounts.h,2,2,4
/media/ullmann/HDDGabriel/research/engines/panda3d/direct/src/dcparser/dcField.cxx,6,1,7
/media/ullmann/HDDGabriel/research/engines/panda3d/direct/src/dcparser/dcmsgtypes.h,0,3,3
/media/ullmann/HDDGabriel/research/engines/panda3d/panda/src/glstuff/glGeomMunger_src.h,9,1,10
/media/ullmann/HDDGabriel/research/engines/panda3d/panda/src/express/weakPointerCallback.h,2,4,6
/media/ullmann/HDDGabriel/research/engines/panda3d/panda/src/gobj/indexBufferContext.h,6,6,12
/media/ullmann/HDDGabriel/research/engines/panda3d/panda/src/express/multifile.cxx,13,1,14
/media/ullmann/HDDGabriel/research/engines/panda3d/panda/src/glstuff/glShaderContext_src.h,8,1,9
/media/ullmann/HDDGabriel/research/engines/panda3d/panda/src/gobj/paramTexture.h,5,5,10
/media/ullmann/HDDGabriel/research/engines/panda3d/panda/src/char/p3char_composite2.cxx,4,0,4
/media/ullmann/HDDGabriel/research/engines/panda3d/panda/src/putil/paramValue.h,8,9,17
/media/ullmann/HDDGabriel/research/engines/panda3d/panda/src/mathutil/pta_LVecBase2_ext.h,2,0,2
/media/ullmann/HDDGabriel/research/engines/panda3d/pandatool/src/progbase/wordWrapStreamBuf.h,2,2,4
/media/ullmann/HDDGabriel/research/engines/panda3d/pandatool/src/progbase/wordWrapStreamBuf.I,0,1,1
/media/ullmann/HDDGabriel/research/engines/panda3d/panda/src/event/p3event_composite2.cxx,7,0,7
/media/ullmann/HDDGabriel/research/engines/panda3d/panda/src/event/eventQueue.cxx,3,1,4
/media/ullmann/HDDGabriel/research/engines/panda3d/panda/src/pipeline/conditionVarDummyImpl.h,4,2,6
/media/ullmann/HDDGabriel/research/engines/panda3d/panda/src/tinydisplay/tinyXGraphicsPipe.cxx,7,1,8
/media/ullmann/HDDGabriel/research/engines/panda3d/panda/src/tinydisplay/tinyXGraphicsWindow.h,5,3,8
/media/ullmann/HDDGabriel/research/engines/panda3d/panda/src/glstuff/glCgShaderContext_src.cxx,3,1,4
/media/ullmann/HDDGabriel/research/engines/panda3d/dtool/src/parser-inc/Cg/cgGL.h,0,2,2
/media/ullmann/HDDGabriel/research/engines/panda3d/panda/src/collide/collisionPlane.h,5,10,15
/media/ullmann/HDDGabriel/research/engines/panda3d/panda/src/windisplay/winGraphicsPipe.cxx,5,1,6
/media/ullmann/HDDGabriel/research/engines/panda3d/panda/src/ode/odeGeom.h,8,16,24
/media/ullmann/HDDGabriel/research/engines/panda3d/panda/src/pipeline/cycleDataStageWriter.h,5,11,16
/media/ullmann/HDDGabriel/research/engines/panda3d/panda/src/pipeline/cycleDataLockedStageReader.h,4,4,8
/media/ullmann/HDDGabriel/research/engines/panda3d/panda/src/downloader/decompressor.cxx,11,1,12
/media/ullmann/HDDGabriel/research/engines/panda3d/contrib/src/speedtree/speedTreeNode.cxx,23,1,24
/media/ullmann/HDDGabriel/research/engines/panda3d/pandatool/src/lwo/lwoSurface.cxx,8,1,9
/media/ullmann/HDDGabriel/research/engines/panda3d/dtool/src/parser-inc/pthread.h,0,9,9
/media/ullmann/HDDGabriel/research/engines/panda3d/dtool/src/cppparser/cppPreprocessor.h,10,9,19
/media/ullmann/HDDGabriel/research/engines/panda3d/dtool/src/parser-inc/list,0,4,4
/media/ullmann/HDDGabriel/research/engines/panda3d/contrib/src/ai/aiBehaviors.h,3,3,6
/media/ullmann/HDDGabriel/research/engines/panda3d/panda/src/pgraph/planeNode.cxx,13,1,14
/media/ullmann/HDDGabriel/research/engines/panda3d/panda/src/putil/doubleBitMask.h,4,4,8
/media/ullmann/HDDGabriel/research/engines/panda3d/panda/src/putil/bitMask.h,8,16,24
/media/ullmann/HDDGabriel/research/engines/panda3d/dtool/src/cppparser/cppFunctionGroup.cxx,4,1,5
/media/ullmann/HDDGabriel/research/engines/panda3d/panda/src/ode/odeGeom_ext.cxx,12,1,13
/media/ullmann/HDDGabriel/research/engines/panda3d/panda/src/event/asyncTaskManager.h,16,15,31
/media/ullmann/HDDGabriel/research/engines/panda3d/dtool/src/prckeys/signPrcFile_src.cxx,10,0,10
/media/ullmann/HDDGabriel/research/engines/panda3d/dtool/src/dtoolutil/panda_getopt.h,1,11,12
/media/ullmann/HDDGabriel/research/engines/panda3d/panda/src/physics/angularForce.cxx,1,1,2
/media/ullmann/HDDGabriel/research/engines/panda3d/panda/src/display/graphicsStateGuardian.cxx,44,0,44
/media/ullmann/HDDGabriel/research/engines/panda3d/dtool/src/parser-inc/netinet/in.h,2,5,7
/media/ullmann/HDDGabriel/research/engines/panda3d/panda/src/pipeline/conditionVarImpl.h,7,4,11
/media/ullmann/HDDGabriel/research/engines/panda3d/panda/src/pipeline/conditionVarSpinlockImpl.h,6,2,8
/media/ullmann/HDDGabriel/research/engines/panda3d/panda/src/putil/mouseData.h,1,6,7
/media/ullmann/HDDGabriel/research/engines/panda3d/panda/src/bullet/bulletManifoldPoint.h,5,4,9
/media/ullmann/HDDGabriel/research/engines/panda3d/dtool/src/dtoolutil/pfstreamBuf.cxx,2,1,3
/media/ullmann/HDDGabriel/research/engines/panda3d/dtool/src/dtoolutil/pfstreamBuf.h,4,2,6
/media/ullmann/HDDGabriel/research/engines/panda3d/panda/src/egg/eggNurbsCurve.cxx,2,1,3
/media/ullmann/HDDGabriel/research/engines/panda3d/panda/metalibs/pandagl/pandagl.cxx,10,0,10
/media/ullmann/HDDGabriel/research/engines/panda3d/panda/src/wgldisplay/config_wgldisplay.h,4,6,10
/media/ullmann/HDDGabriel/research/engines/panda3d/panda/src/pgraph/modelRoot.h,4,8,12
/media/ullmann/HDDGabriel/research/engines/panda3d/panda/src/net/test_udp.cxx,7,0,7
/media/ullmann/HDDGabriel/research/engines/panda3d/panda/src/pgraphnodes/p3pgraphnodes_composite1.cxx,11,0,11
/media/ullmann/HDDGabriel/research/engines/panda3d/panda/src/pgraphnodes/fadeLodNodeData.cxx,1,1,2
/media/ullmann/HDDGabriel/research/engines/panda3d/panda/src/wgldisplay/wglGraphicsStateGuardian.cxx,6,1,7
/media/ullmann/HDDGabriel/research/engines/panda3d/dtool/src/prc/nativeNumericData.h,4,3,7
/media/ullmann/HDDGabriel/research/engines/panda3d/pandatool/src/win-stats/winStatsMonitor.cxx,11,1,12
/media/ullmann/HDDGabriel/research/engines/panda3d/panda/src/pstatclient/pStatFrameData.h,4,14,18
/media/ullmann/HDDGabriel/research/engines/panda3d/panda/src/gobj/geomLinestripsAdjacency.cxx,8,1,9
/media/ullmann/HDDGabriel/research/engines/panda3d/panda/src/gobj/geomLinesAdjacency.h,2,4,6
/media/ullmann/HDDGabriel/research/engines/panda3d/direct/src/dcparser/dcArrayParameter.cxx,4,1,5
/media/ullmann/HDDGabriel/research/engines/panda3d/direct/src/dcparser/dcArrayParameter.h,3,4,7
/media/ullmann/HDDGabriel/research/engines/panda3d/contrib/src/rplight/p3rplight_composite1.cxx,13,0,13
/media/ullmann/HDDGabriel/research/engines/panda3d/contrib/src/rplight/tagStateManager.cxx,1,1,2
/media/ullmann/HDDGabriel/research/engines/panda3d/panda/src/gobj/preparedGraphicsObjects.I,0,1,1
/media/ullmann/HDDGabriel/research/engines/panda3d/panda/src/mathutil/pta_LMatrix3.h,3,6,9
/media/ullmann/HDDGabriel/research/engines/panda3d/panda/src/pgraphnodes/lightNode.cxx,5,1,6
/media/ullmann/HDDGabriel/research/engines/panda3d/panda/src/gobj/sliderTable.cxx,4,1,5
/media/ullmann/HDDGabriel/research/engines/panda3d/panda/src/collide/collisionEntry.cxx,3,1,4
/media/ullmann/HDDGabriel/research/engines/panda3d/panda/src/vrpn/vrpnAnalog.cxx,6,1,7
/media/ullmann/HDDGabriel/research/engines/panda3d/pandatool/src/maxegg/maxEgg.h,34,5,39
/media/ullmann/HDDGabriel/research/engines/panda3d/panda/src/downloader/download_utils.h,2,1,3
/media/ullmann/HDDGabriel/research/engines/panda3d/panda/src/device/clientDialDevice.h,3,4,7
/media/ullmann/HDDGabriel/research/engines/panda3d/panda/src/device/clientDevice.h,3,7,10
/media/ullmann/HDDGabriel/research/engines/panda3d/panda/src/pipeline/contextSwitch.h,2,2,4
/media/ullmann/HDDGabriel/research/engines/panda3d/panda/src/collide/collisionTraverser.I,0,1,1
/media/ullmann/HDDGabriel/research/engines/panda3d/panda/src/gobj/texturePool_ext.h,5,1,6
/media/ullmann/HDDGabriel/research/engines/panda3d/panda/src/bullet/bulletConvexPointCloudShape.cxx,4,1,5
/media/ullmann/HDDGabriel/research/engines/panda3d/panda/src/dgraph/dataGraphTraverser.h,5,5,10
/media/ullmann/HDDGabriel/research/engines/panda3d/panda/src/pstatclient/config_pstatclient.h,7,21,28
/media/ullmann/HDDGabriel/research/engines/panda3d/panda/src/pgraph/decalEffect.cxx,5,1,6
/media/ullmann/HDDGabriel/research/engines/panda3d/panda/src/cocoadisplay/cocoaGraphicsWindow.h,4,0,4
/media/ullmann/HDDGabriel/research/engines/panda3d/panda/src/egg2pg/eggBinner.cxx,9,1,10
/media/ullmann/HDDGabriel/research/engines/panda3d/panda/src/egg2pg/eggBinner.h,2,3,5
/media/ullmann/HDDGabriel/research/engines/panda3d/panda/src/pgraphnodes/lodNodeType.h,1,2,3
/media/ullmann/HDDGabriel/research/engines/panda3d/panda/src/pipeline/conditionVarSpinlockImpl.cxx,3,1,4
/media/ullmann/HDDGabriel/research/engines/panda3d/dtool/src/cppparser/p3cppParser_composite2.cxx,16,0,16
/media/ullmann/HDDGabriel/research/engines/panda3d/dtool/src/cppparser/cppArrayType.cxx,3,1,4
/media/ullmann/HDDGabriel/research/engines/panda3d/contrib/src/ai/config_ai.cxx,17,1,18
/media/ullmann/HDDGabriel/research/engines/panda3d/direct/src/interval/cIntervalManager.cxx,5,1,6
/media/ullmann/HDDGabriel/research/engines/panda3d/panda/src/pgraph/bamFile.cxx,11,1,12
/media/ullmann/HDDGabriel/research/engines/panda3d/panda/src/gobj/bufferResidencyTracker.I,0,1,1
/media/ullmann/HDDGabriel/research/engines/panda3d/pandatool/src/xfileegg/p3xfileegg_composite1.cxx,8,0,8
/media/ullmann/HDDGabriel/research/engines/panda3d/panda/src/express/weakPointerToBase.h,4,2,6
/media/ullmann/HDDGabriel/research/engines/panda3d/panda/src/express/weakPointerToBase.I,0,1,1
/media/ullmann/HDDGabriel/research/engines/panda3d/panda/src/linmath/lvecBase2.h,16,11,27
/media/ullmann/HDDGabriel/research/engines/panda3d/direct/src/showbase/showBase.cxx,7,0,7
/media/ullmann/HDDGabriel/research/engines/panda3d/dtool/src/parser-inc/locale.h,0,3,3
/media/ullmann/HDDGabriel/research/engines/panda3d/panda/src/cull/binCullHandler.cxx,2,1,3
/media/ullmann/HDDGabriel/research/engines/panda3d/panda/src/display/p3display_composite1.cxx,14,0,14
/media/ullmann/HDDGabriel/research/engines/panda3d/panda/src/display/displayRegionDrawCallbackData.cxx,7,1,8
/media/ullmann/HDDGabriel/research/engines/panda3d/panda/src/text/staticTextFont.h,10,5,15
/media/ullmann/HDDGabriel/research/engines/panda3d/panda/src/pgraph/p3pgraph_composite2.cxx,25,0,25
/media/ullmann/HDDGabriel/research/engines/panda3d/panda/src/pgraph/geomDrawCallbackData.cxx,3,1,4
/media/ullmann/HDDGabriel/research/engines/panda3d/panda/src/pgraphnodes/fadeLodNode.h,3,4,7
/media/ullmann/HDDGabriel/research/engines/panda3d/panda/src/pgraphnodes/fadeLodNode.I,0,1,1
/media/ullmann/HDDGabriel/research/engines/panda3d/panda/src/movies/opusAudio.cxx,4,1,5
/media/ullmann/HDDGabriel/research/engines/panda3d/panda/src/movies/opusAudio.h,3,3,6
/media/ullmann/HDDGabriel/research/engines/panda3d/panda/src/putil/paramPyObject.cxx,1,1,2
/media/ullmann/HDDGabriel/research/engines/panda3d/pandatool/src/flt/fltTransformRotateAboutEdge.cxx,3,1,4
/media/ullmann/HDDGabriel/research/engines/panda3d/panda/src/collide/collisionLine.h,3,10,13
/media/ullmann/HDDGabriel/research/engines/panda3d/panda/src/mathutil/boundingBox.h,4,23,27
/media/ullmann/HDDGabriel/research/engines/panda3d/panda/src/collide/collisionHandlerGravity.cxx,6,1,7
/media/ullmann/HDDGabriel/research/engines/panda3d/panda/src/collide/config_collide.h,5,25,30
/media/ullmann/HDDGabriel/research/engines/panda3d/pandatool/src/pandatoolbase/pandatoolbase.h,2,6,8
/media/ullmann/HDDGabriel/research/engines/panda3d/pandatool/src/pandatoolbase/pandatoolsymbols.h,0,1,1
/media/ullmann/HDDGabriel/research/engines/panda3d/panda/src/collide/collisionHandlerPusher.cxx,7,1,8
/media/ullmann/HDDGabriel/research/engines/panda3d/panda/src/collide/collisionHandlerPusher.h,3,5,8
/media/ullmann/HDDGabriel/research/engines/panda3d/panda/src/express/datagramIterator.cxx,2,1,3
/media/ullmann/HDDGabriel/research/engines/panda3d/pandatool/src/flt/fltRecordReader.cxx,4,1,5
/media/ullmann/HDDGabriel/research/engines/panda3d/panda/src/text/fontPool.cxx,9,1,10
/media/ullmann/HDDGabriel/research/engines/panda3d/panda/src/tinydisplay/tinyXGraphicsPipe.h,7,4,11
/media/ullmann/HDDGabriel/research/engines/panda3d/panda/src/bullet/bulletConvexPointCloudShape.h,6,2,8
/media/ullmann/HDDGabriel/research/engines/panda3d/panda/src/pgui/config_pgui.cxx,15,1,16
/media/ullmann/HDDGabriel/research/engines/panda3d/panda/src/pgui/pgButton.h,6,4,10
/media/ullmann/HDDGabriel/research/engines/panda3d/panda/src/putil/clockObject.h,13,62,75
/media/ullmann/HDDGabriel/research/engines/panda3d/panda/src/net/queuedReturn.h,10,4,14
/media/ullmann/HDDGabriel/research/engines/panda3d/panda/src/display/displayInformation.h,1,6,7
/media/ullmann/HDDGabriel/research/engines/panda3d/panda/src/putil/modifierButtons.h,4,14,18
/media/ullmann/HDDGabriel/research/engines/panda3d/panda/src/putil/sparseArray_ext.h,5,1,6
/media/ullmann/HDDGabriel/research/engines/panda3d/panda/src/putil/sparseArray.h,4,7,11
/media/ullmann/HDDGabriel/research/engines/panda3d/panda/src/collide/collisionPlane.cxx,21,1,22
/media/ullmann/HDDGabriel/research/engines/panda3d/pandatool/src/maya/config_maya.h,3,6,9
/media/ullmann/HDDGabriel/research/engines/panda3d/panda/src/pgraph/depthWriteAttrib.h,3,15,18
/media/ullmann/HDDGabriel/research/engines/panda3d/panda/src/pgraph/stencilAttrib.cxx,7,1,8
/media/ullmann/HDDGabriel/research/engines/panda3d/panda/src/event/eventParameter.h,8,14,22
/media/ullmann/HDDGabriel/research/engines/panda3d/dtool/src/cppparser/cppTemplateScope.h,3,8,11
/media/ullmann/HDDGabriel/research/engines/panda3d/dtool/src/cppparser/cppTemplateParameterList.h,4,7,11
/media/ullmann/HDDGabriel/research/engines/panda3d/panda/src/dxml/config_dxml.h,3,1,4
/media/ullmann/HDDGabriel/research/engines/panda3d/pandatool/src/daeegg/daeToEggConverter.cxx,16,1,17
/media/ullmann/HDDGabriel/research/engines/panda3d/pandatool/src/egg-qtess/config_egg_qtess.cxx,2,1,3
/media/ullmann/HDDGabriel/research/engines/panda3d/panda/src/bullet/bulletTriangleMesh.cxx,6,1,7
/media/ullmann/HDDGabriel/research/engines/panda3d/panda/src/pgraphnodes/callbackNode.h,5,4,9
/media/ullmann/HDDGabriel/research/engines/panda3d/panda/src/pgraphnodes/callbackNode.I,0,1,1
/media/ullmann/HDDGabriel/research/engines/panda3d/panda/src/grutil/config_grutil.h,6,9,15
/media/ullmann/HDDGabriel/research/engines/panda3d/pandatool/src/progbase/p3progbase_composite1.cxx,4,0,4
/media/ullmann/HDDGabriel/research/engines/panda3d/pandatool/src/progbase/wordWrapStream.cxx,1,1,2
/media/ullmann/HDDGabriel/research/engines/panda3d/panda/src/pipeline/pipeline.h,10,7,17
/media/ullmann/HDDGabriel/research/engines/panda3d/dtool/src/interrogate/functionWriters.h,3,3,6
/media/ullmann/HDDGabriel/research/engines/panda3d/pandatool/src/flt/fltBead.cxx,13,1,14
/media/ullmann/HDDGabriel/research/engines/panda3d/pandatool/src/flt/fltBead.h,3,7,10
/media/ullmann/HDDGabriel/research/engines/panda3d/panda/src/pgraphnodes/uvScrollNode.cxx,10,1,11
/media/ullmann/HDDGabriel/research/engines/panda3d/panda/src/mathutil/randomizer.h,5,4,9
/media/ullmann/HDDGabriel/research/engines/panda3d/panda/src/text/textNode.h,16,11,27
/media/ullmann/HDDGabriel/research/engines/panda3d/panda/src/egg/vector_PT_EggVertex.h,5,3,8
/media/ullmann/HDDGabriel/research/engines/panda3d/panda/src/pnmimagetypes/pnmFileTypeJPG.cxx,4,1,5
/media/ullmann/HDDGabriel/research/engines/panda3d/panda/src/text/textGraphic.cxx,1,1,2
/media/ullmann/HDDGabriel/research/engines/panda3d/panda/src/text/textGraphic.h,5,2,7
/media/ullmann/HDDGabriel/research/engines/panda3d/panda/src/mathutil/look_at.h,7,22,29
/media/ullmann/HDDGabriel/research/engines/panda3d/panda/src/recorder/socketStreamRecorder.cxx,4,1,5
/media/ullmann/HDDGabriel/research/engines/panda3d/panda/src/putil/drawMask.h,2,6,8
/media/ullmann/HDDGabriel/research/engines/panda3d/pandatool/src/pstatserver/pStatClientData.h,7,11,18
/media/ullmann/HDDGabriel/research/engines/panda3d/dtool/src/interrogate/interfaceMakerPythonSimple.h,3,2,5
/media/ullmann/HDDGabriel/research/engines/panda3d/pandatool/src/pfmprogs/pfmTrans.h,4,1,5
/media/ullmann/HDDGabriel/research/engines/panda3d/panda/src/collide/config_collide.cxx,30,1,31
/media/ullmann/HDDGabriel/research/engines/panda3d/panda/src/collide/collisionNode.h,5,20,25
/media/ullmann/HDDGabriel/research/engines/panda3d/panda/src/gobj/geomPatches.h,2,7,9
/media/ullmann/HDDGabriel/research/engines/panda3d/dtool/src/cppparser/cppClosureType.h,2,3,5
/media/ullmann/HDDGabriel/research/engines/panda3d/pandatool/src/maya/post_maya_include.h,0,6,6
/media/ullmann/HDDGabriel/research/engines/panda3d/dtool/src/prc/streamWriter_ext.h,4,1,5
/media/ullmann/HDDGabriel/research/engines/panda3d/panda/src/pgraph/cullResult.cxx,18,1,19
/media/ullmann/HDDGabriel/research/engines/panda3d/panda/src/chan/config_chan.h,4,15,19
/media/ullmann/HDDGabriel/research/engines/panda3d/panda/src/pgraph/attribNodeRegistry.h,5,4,9
/media/ullmann/HDDGabriel/research/engines/panda3d/panda/src/physics/linearRandomForce.h,5,3,8
/media/ullmann/HDDGabriel/research/engines/panda3d/panda/src/androiddisplay/config_androiddisplay.cxx,8,1,9
/media/ullmann/HDDGabriel/research/engines/panda3d/panda/src/egldisplay/config_egldisplay.h,5,9,14
/media/ullmann/HDDGabriel/research/engines/panda3d/panda/src/pstatclient/pStatCollectorDef.h,2,21,23
/media/ullmann/HDDGabriel/research/engines/panda3d/panda/src/physics/baseForce.cxx,2,1,3
/media/ullmann/HDDGabriel/research/engines/panda3d/pandatool/src/flt/fltVertex.cxx,4,1,5
/media/ullmann/HDDGabriel/research/engines/panda3d/pandatool/src/flt/fltRecordWriter.h,4,34,38
/media/ullmann/HDDGabriel/research/engines/panda3d/direct/src/directd/directd.cxx,6,0,6
/media/ullmann/HDDGabriel/research/engines/panda3d/panda/src/ode/odeContactJoint.h,7,4,11
/media/ullmann/HDDGabriel/research/engines/panda3d/panda/src/putil/callbackData.h,3,12,15
/media/ullmann/HDDGabriel/research/engines/panda3d/panda/src/egg/eggVertexPool.cxx,5,1,6
/media/ullmann/HDDGabriel/research/engines/panda3d/panda/src/pgraph/test_pgraph.cxx,5,0,5
/media/ullmann/HDDGabriel/research/engines/panda3d/panda/src/pgraph/shaderAttrib_ext.h,4,1,5
/media/ullmann/HDDGabriel/research/engines/panda3d/dtool/src/interrogate/parameterRemap.h,3,14,17
/media/ullmann/HDDGabriel/research/engines/panda3d/pandatool/src/eggcharbase/config_eggcharbase.cxx,12,1,13
/media/ullmann/HDDGabriel/research/engines/panda3d/pandatool/src/eggcharbase/eggJointPointer.h,4,4,8
/media/ullmann/HDDGabriel/research/engines/panda3d/panda/src/text/p3text_composite2.cxx,7,0,7
/media/ullmann/HDDGabriel/research/engines/panda3d/panda/src/pgraph/p3pgraph_composite4.cxx,27,0,27
/media/ullmann/HDDGabriel/research/engines/panda3d/panda/src/nativenet/time_base.h,12,1,13
/media/ullmann/HDDGabriel/research/engines/panda3d/panda/src/nativenet/time_general.h,0,1,1
/media/ullmann/HDDGabriel/research/engines/panda3d/pandatool/src/eggcharbase/eggMatrixTablePointer.cxx,6,1,7
/media/ullmann/HDDGabriel/research/engines/panda3d/panda/src/collide/collisionSegment.h,3,10,13
/media/ullmann/HDDGabriel/research/engines/panda3d/panda/src/express/openSSLWrapper.h,9,10,19
/media/ullmann/HDDGabriel/research/engines/panda3d/dtool/src/parser-inc/openssl/x509v3.h,0,1,1
/media/ullmann/HDDGabriel/research/engines/panda3d/panda/src/particlesystem/particleSystem.h,12,4,16
/media/ullmann/HDDGabriel/research/engines/panda3d/panda/src/gobj/geomVertexArrayFormat.cxx,9,1,10
/media/ullmann/HDDGabriel/research/engines/panda3d/direct/src/dcparser/dcField_ext.cxx,5,1,6
/media/ullmann/HDDGabriel/research/engines/panda3d/panda/src/pgraph/occluderEffect.cxx,9,1,10
/media/ullmann/HDDGabriel/research/engines/panda3d/panda/src/dxgsg9/dxIndexBufferContext9.cxx,5,1,6
/media/ullmann/HDDGabriel/research/engines/panda3d/dtool/src/prc/configVariableManager.cxx,5,1,6
/media/ullmann/HDDGabriel/research/engines/panda3d/panda/src/device/evdevInputDevice.cxx,6,1,7
/media/ullmann/HDDGabriel/research/engines/panda3d/panda/src/pgraph/loaderFileTypeRegistry_ext.h,4,1,5
/media/ullmann/HDDGabriel/research/engines/panda3d/panda/src/glstuff/glBufferContext_src.h,4,1,5
/media/ullmann/HDDGabriel/research/engines/panda3d/panda/src/glstuff/glBufferContext_src.I,0,1,1
/media/ullmann/HDDGabriel/research/engines/panda3d/pandatool/src/deploy-stub/android_main.cxx,12,0,12
/media/ullmann/HDDGabriel/research/engines/panda3d/panda/src/mathutil/perlinNoise3.h,3,2,5
/media/ullmann/HDDGabriel/research/engines/panda3d/panda/src/ode/odeGeom.cxx,13,1,14
/media/ullmann/HDDGabriel/research/engines/panda3d/direct/src/interval/config_interval.h,4,9,13
/media/ullmann/HDDGabriel/research/engines/panda3d/panda/src/collide/collisionHandlerEvent_ext.cxx,4,1,5
/media/ullmann/HDDGabriel/research/engines/panda3d/pandatool/src/lwo/lwoSurfaceBlockVMapName.h,1,3,4
/media/ullmann/HDDGabriel/research/engines/panda3d/panda/src/android/pnmFileTypeAndroidWriter.cxx,3,1,4
/media/ullmann/HDDGabriel/research/engines/panda3d/panda/src/ode/odeHashSpace.cxx,2,1,3
/media/ullmann/HDDGabriel/research/engines/panda3d/pandatool/src/eggcharbase/eggSliderData.cxx,9,1,10
/media/ullmann/HDDGabriel/research/engines/panda3d/pandatool/src/eggcharbase/eggSliderData.h,2,4,6
/media/ullmann/HDDGabriel/research/engines/panda3d/pandatool/src/assimp/loaderFileTypeAssimp.cxx,3,1,4
/media/ullmann/HDDGabriel/research/engines/panda3d/pandatool/src/assimp/assimpLoader.h,6,2,8
/media/ullmann/HDDGabriel/research/engines/panda3d/panda/src/mathutil/intersectionBoundingVolume.h,4,3,7
/media/ullmann/HDDGabriel/research/engines/panda3d/direct/src/interval/lerpblend.h,1,2,3
/media/ullmann/HDDGabriel/research/engines/panda3d/pandatool/src/egg-palettize/txaFileFilter.cxx,6,0,6
/media/ullmann/HDDGabriel/research/engines/panda3d/panda/src/gobj/vertexTransform.cxx,5,1,6
/media/ullmann/HDDGabriel/research/engines/panda3d/contrib/src/rplight/pssmCameraRig.cxx,3,1,4
/media/ullmann/HDDGabriel/research/engines/panda3d/panda/src/gobj/geomTriangles.h,2,38,40
/media/ullmann/HDDGabriel/research/engines/panda3d/panda/src/bullet/bulletHelper.cxx,8,1,9
/media/ullmann/HDDGabriel/research/engines/panda3d/panda/src/bullet/bulletGhostNode.h,7,4,11
/media/ullmann/HDDGabriel/research/engines/panda3d/pandatool/src/lwo/lwoPolygons.h,5,3,8
/media/ullmann/HDDGabriel/research/engines/panda3d/panda/src/pstatclient/pStatProperties.cxx,10,1,11
/media/ullmann/HDDGabriel/research/engines/panda3d/direct/src/interval/cInterval.cxx,7,1,8
/media/ullmann/HDDGabriel/research/engines/panda3d/panda/src/event/event.h,4,12,16
/media/ullmann/HDDGabriel/research/engines/panda3d/pandatool/src/eggcharbase/eggBackPointer.cxx,2,1,3
/media/ullmann/HDDGabriel/research/engines/panda3d/panda/src/putil/typedWritable_ext.cxx,2,1,3
/media/ullmann/HDDGabriel/research/engines/panda3d/panda/src/chan/animChannelMatrixFixed.h,4,3,7
/media/ullmann/HDDGabriel/research/engines/panda3d/panda/src/x11display/x11GraphicsPipe.I,0,1,1
/media/ullmann/HDDGabriel/research/engines/panda3d/panda/src/pgraph/texMatrixAttrib.cxx,8,1,9
/media/ullmann/HDDGabriel/research/engines/panda3d/panda/src/grutil/config_grutil.cxx,14,1,15
/media/ullmann/HDDGabriel/research/engines/panda3d/pandatool/src/flt/fltInstanceDefinition.cxx,3,1,4
/media/ullmann/HDDGabriel/research/engines/panda3d/pandatool/src/win-stats/winStatsChartMenu.h,1,2,3
/media/ullmann/HDDGabriel/research/engines/panda3d/panda/src/linmath/lpoint3.h,9,6,15
/media/ullmann/HDDGabriel/research/engines/panda3d/pandatool/src/eggcharbase/eggMatrixTablePointer.h,4,3,7
/media/ullmann/HDDGabriel/research/engines/panda3d/panda/src/dxml/tinyxml.cpp,5,1,6
/media/ullmann/HDDGabriel/research/engines/panda3d/dtool/src/parser-inc/sstream,0,7,7
/media/ullmann/HDDGabriel/research/engines/panda3d/panda/src/pipeline/config_pipeline.h,5,11,16
/media/ullmann/HDDGabriel/research/engines/panda3d/panda/src/pgraph/logicOpAttrib.h,4,4,8
/media/ullmann/HDDGabriel/research/engines/panda3d/direct/src/dcparser/dcSwitchParameter.h,2,3,5
/media/ullmann/HDDGabriel/research/engines/panda3d/panda/src/pgraph/modelPool.cxx,5,1,6
/media/ullmann/HDDGabriel/research/engines/panda3d/panda/src/grutil/shaderTerrainMesh.cxx,22,1,23
/media/ullmann/HDDGabriel/research/engines/panda3d/panda/src/ode/odeContact.h,7,3,10
/media/ullmann/HDDGabriel/research/engines/panda3d/panda/src/text/config_text.h,9,14,23
/media/ullmann/HDDGabriel/research/engines/panda3d/panda/src/gobj/material.I,0,1,1
/media/ullmann/HDDGabriel/research/engines/panda3d/panda/src/egg/eggBinMaker.h,6,4,10
/media/ullmann/HDDGabriel/research/engines/panda3d/panda/src/egg/eggObject.h,6,11,17
/media/ullmann/HDDGabriel/research/engines/panda3d/panda/src/physics/physical.h,11,5,16
/media/ullmann/HDDGabriel/research/engines/panda3d/panda/src/physics/physical.I,0,1,1
/media/ullmann/HDDGabriel/research/engines/panda3d/pandatool/src/win-stats/winStatsPianoRoll.cxx,3,1,4
/media/ullmann/HDDGabriel/research/engines/panda3d/pandatool/src/lwo/lwoGroupChunk.h,4,8,12
/media/ullmann/HDDGabriel/research/engines/panda3d/panda/src/putil/config_putil.cxx,35,1,36
/media/ullmann/HDDGabriel/research/engines/panda3d/pandatool/src/pstatserver/pStatViewLevel.h,2,2,4
/media/ullmann/HDDGabriel/research/engines/panda3d/panda/src/device/trackerNode.h,9,2,11
/media/ullmann/HDDGabriel/research/engines/panda3d/panda/src/device/trackerNode.I,0,1,1
/media/ullmann/HDDGabriel/research/engines/panda3d/panda/src/parametrics/parametricCurve.cxx,9,1,10
/media/ullmann/HDDGabriel/research/engines/panda3d/panda/src/physics/actorNode.h,3,4,7
/media/ullmann/HDDGabriel/research/engines/panda3d/panda/src/physics/actorNode.I,0,1,1
/media/ullmann/HDDGabriel/research/engines/panda3d/panda/src/mathutil/perlinNoise2.h,3,4,7
/media/ullmann/HDDGabriel/research/engines/panda3d/panda/src/text/textGraphic.I,0,1,1
/media/ullmann/HDDGabriel/research/engines/panda3d/panda/src/glesgsg/glesgsg.h,4,4,8
/media/ullmann/HDDGabriel/research/engines/panda3d/pandatool/src/egg-palettize/eggPalettize.cxx,8,0,8
/media/ullmann/HDDGabriel/research/engines/panda3d/pandatool/src/palettizer/imageFile.h,3,6,9
/media/ullmann/HDDGabriel/research/engines/panda3d/dtool/src/prc/configVariableDouble.I,0,1,1
/media/ullmann/HDDGabriel/research/engines/panda3d/panda/src/pgraph/cullTraverser.cxx,23,1,24
/media/ullmann/HDDGabriel/research/engines/panda3d/dtool/src/cppparser/cppInstance.cxx,13,1,14
/media/ullmann/HDDGabriel/research/engines/panda3d/dtool/src/cppparser/cppReferenceType.h,2,12,14
/media/ullmann/HDDGabriel/research/engines/panda3d/panda/src/pgraph/polylightEffect.cxx,9,1,10
/media/ullmann/HDDGabriel/research/engines/panda3d/pandatool/src/lwoegg/cLwoSurface.cxx,8,1,9
/media/ullmann/HDDGabriel/research/engines/panda3d/panda/src/text/textFont.cxx,9,1,10
/media/ullmann/HDDGabriel/research/engines/panda3d/dtool/src/dtoolbase/typeRegistry.h,8,6,14
/media/ullmann/HDDGabriel/research/engines/panda3d/panda/src/egldisplay/eglGraphicsPixmap.cxx,7,1,8
/media/ullmann/HDDGabriel/research/engines/panda3d/panda/src/egldisplay/eglGraphicsPixmap.h,3,3,6
/media/ullmann/HDDGabriel/research/engines/panda3d/panda/src/vision/p3vision_composite1.cxx,9,0,9
/media/ullmann/HDDGabriel/research/engines/panda3d/panda/src/vision/webcamVideoOpenCV.cxx,3,1,4
/media/ullmann/HDDGabriel/research/engines/panda3d/panda/src/chan/animBundle.h,4,12,16
/media/ullmann/HDDGabriel/research/engines/panda3d/panda/src/pgraph/showBoundsEffect.cxx,5,1,6
/media/ullmann/HDDGabriel/research/engines/panda3d/panda/src/gobj/adaptiveLru.cxx,4,1,5
/media/ullmann/HDDGabriel/research/engines/panda3d/contrib/src/rplight/tagStateManager.h,9,2,11
/media/ullmann/HDDGabriel/research/engines/panda3d/panda/src/gobj/samplerContext.cxx,1,1,2
/media/ullmann/HDDGabriel/research/engines/panda3d/panda/src/gobj/samplerContext.h,6,5,11
/media/ullmann/HDDGabriel/research/engines/panda3d/panda/src/pipeline/pipeline.cxx,4,1,5
/media/ullmann/HDDGabriel/research/engines/panda3d/panda/src/pgraph/texMatrixAttrib.h,7,16,23
/media/ullmann/HDDGabriel/research/engines/panda3d/panda/src/pipeline/test_threaddata.cxx,5,0,5
/media/ullmann/HDDGabriel/research/engines/panda3d/panda/src/gobj/textureReloadRequest.h,7,3,10
/media/ullmann/HDDGabriel/research/engines/panda3d/pandatool/src/eggprogs/eggMakeTube.cxx,7,0,7
/media/ullmann/HDDGabriel/research/engines/panda3d/panda/src/movies/vorbisAudio.cxx,4,1,5
/media/ullmann/HDDGabriel/research/engines/panda3d/panda/src/net/connection.h,5,19,24
/media/ullmann/HDDGabriel/research/engines/panda3d/panda/src/gobj/geomVertexColumn.I,0,1,1
/media/ullmann/HDDGabriel/research/engines/panda3d/pandatool/src/imageprogs/imageFixHiddenColor.h,1,1,2
/media/ullmann/HDDGabriel/research/engines/panda3d/pandatool/src/imageprogs/imageFixHiddenColor.I,0,1,1
/media/ullmann/HDDGabriel/research/engines/panda3d/panda/src/express/hashVal.h,9,7,16
/media/ullmann/HDDGabriel/research/engines/panda3d/panda/src/express/referenceCount.cxx,3,1,4
/media/ullmann/HDDGabriel/research/engines/panda3d/panda/src/glxdisplay/glxGraphicsStateGuardian.h,6,6,12
/media/ullmann/HDDGabriel/research/engines/panda3d/panda/src/glxdisplay/posixGraphicsStateGuardian.h,3,4,7
/media/ullmann/HDDGabriel/research/engines/panda3d/panda/src/egg/eggObject.cxx,1,1,2
/media/ullmann/HDDGabriel/research/engines/panda3d/panda/src/net/datagramQueue.cxx,3,1,4
/media/ullmann/HDDGabriel/research/engines/panda3d/panda/src/collide/collisionVisualizer.cxx,20,1,21
/media/ullmann/HDDGabriel/research/engines/panda3d/pandatool/src/palettizer/destTextureImage.cxx,9,1,10
/media/ullmann/HDDGabriel/research/engines/panda3d/pandatool/src/palettizer/palettizer.h,6,14,20
/media/ullmann/HDDGabriel/research/engines/panda3d/panda/src/putil/factoryBase.h,7,2,9
/media/ullmann/HDDGabriel/research/engines/panda3d/panda/src/display/frameBufferProperties_ext.h,4,1,5
/media/ullmann/HDDGabriel/research/engines/panda3d/pandatool/src/egg-mkfont/rangeIterator.h,3,2,5
/media/ullmann/HDDGabriel/research/engines/panda3d/panda/src/mathutil/fftCompressor.h,6,5,11
/media/ullmann/HDDGabriel/research/engines/panda3d/panda/src/chan/vector_PartGroupStar.h,4,3,7
/media/ullmann/HDDGabriel/research/engines/panda3d/pandatool/src/fltegg/fltToEggLevelState.cxx,5,0,5
/media/ullmann/HDDGabriel/research/engines/panda3d/panda/src/ode/odeSimpleSpace.h,5,6,11
/media/ullmann/HDDGabriel/research/engines/panda3d/panda/src/pgraph/modelSaveRequest.h,8,3,11
/media/ullmann/HDDGabriel/research/engines/panda3d/panda/src/pgraph/modelSaveRequest.I,0,1,1
/media/ullmann/HDDGabriel/research/engines/panda3d/panda/src/downloader/httpCookie.h,4,3,7
/media/ullmann/HDDGabriel/research/engines/panda3d/panda/src/downloader/httpCookie.I,0,1,1
/media/ullmann/HDDGabriel/research/engines/panda3d/pandatool/src/flt/fltTransformRotateScale.cxx,5,1,6
/media/ullmann/HDDGabriel/research/engines/panda3d/panda/src/display/graphicsWindowProcCallbackData.h,4,4,8
/media/ullmann/HDDGabriel/research/engines/panda3d/panda/src/pgraph/renderEffect.cxx,4,1,5
/media/ullmann/HDDGabriel/research/engines/panda3d/panda/src/putil/bitArray.cxx,4,1,5
/media/ullmann/HDDGabriel/research/engines/panda3d/panda/src/pgraph/textureStageCollection.h,4,3,7
/media/ullmann/HDDGabriel/research/engines/panda3d/panda/src/egg/eggVertex.cxx,12,1,13
/media/ullmann/HDDGabriel/research/engines/panda3d/dtool/src/interrogate/interfaceMaker.cxx,26,1,27
/media/ullmann/HDDGabriel/research/engines/panda3d/dtool/src/interrogate/parameterRemapThis.h,2,3,5
/media/ullmann/HDDGabriel/research/engines/panda3d/panda/src/framework/pandaFramework.cxx,19,1,20
/media/ullmann/HDDGabriel/research/engines/panda3d/panda/src/vision/webcamVideoOpenCV.h,2,3,5
/media/ullmann/HDDGabriel/research/engines/panda3d/panda/src/vision/webcamVideo.h,2,6,8
/media/ullmann/HDDGabriel/research/engines/panda3d/direct/src/deadrec/smoothMover.h,6,1,7
/media/ullmann/HDDGabriel/research/engines/panda3d/panda/src/display/graphicsEngine.h,19,15,34
/media/ullmann/HDDGabriel/research/engines/panda3d/panda/src/glstuff/glmisc_src.h,6,1,7
/media/ullmann/HDDGabriel/research/engines/panda3d/panda/src/bullet/bulletSoftBodyNode.cxx,10,1,11
/media/ullmann/HDDGabriel/research/engines/panda3d/panda/src/pipeline/reMutexSpinlockImpl.h,4,2,6
/media/ullmann/HDDGabriel/research/engines/panda3d/panda/src/pipeline/reMutexSpinlockImpl.I,0,1,1
/media/ullmann/HDDGabriel/research/engines/panda3d/panda/src/tform/p3tform_composite2.cxx,7,0,7
/media/ullmann/HDDGabriel/research/engines/panda3d/panda/src/tform/mouseWatcherParameter.cxx,1,1,2
/media/ullmann/HDDGabriel/research/engines/panda3d/panda/src/pgraphnodes/pointLight.cxx,7,1,8
/media/ullmann/HDDGabriel/research/engines/panda3d/panda/src/egg/eggGroupUniquifier.h,2,4,6
/media/ullmann/HDDGabriel/research/engines/panda3d/panda/src/downloader/p3downloader_composite1.cxx,12,0,12
/media/ullmann/HDDGabriel/research/engines/panda3d/panda/src/parametrics/nurbsCurveEvaluator.h,12,7,19
/media/ullmann/HDDGabriel/research/engines/panda3d/panda/src/glxdisplay/glxGraphicsWindow.cxx,15,1,16
/media/ullmann/HDDGabriel/research/engines/panda3d/panda/src/display/graphicsPipe.h,6,34,40
/media/ullmann/HDDGabriel/research/engines/panda3d/panda/src/androiddisplay/androidGraphicsStateGuardian.cxx,3,1,4
/media/ullmann/HDDGabriel/research/engines/panda3d/panda/src/collide/collisionRecorder.h,4,5,9
/media/ullmann/HDDGabriel/research/engines/panda3d/panda/src/pgraph/auxSceneData.h,4,4,8
/media/ullmann/HDDGabriel/research/engines/panda3d/panda/src/pgraph/accumulatedAttribs.h,6,7,13
/media/ullmann/HDDGabriel/research/engines/panda3d/panda/src/dxml/tinyxmlerror.cpp,1,1,2
/media/ullmann/HDDGabriel/research/engines/panda3d/panda/src/dxml/tinyxml.h,5,4,9
/media/ullmann/HDDGabriel/research/engines/panda3d/dtool/src/interrogatedb/interrogateType.cxx,5,1,6
/media/ullmann/HDDGabriel/research/engines/panda3d/panda/src/device/winInputDeviceManager.h,2,4,6
/media/ullmann/HDDGabriel/research/engines/panda3d/panda/src/device/inputDeviceManager.h,6,8,14
/media/ullmann/HDDGabriel/research/engines/panda3d/panda/src/mathutil/p3mathutil_composite2.cxx,19,0,19
/media/ullmann/HDDGabriel/research/engines/panda3d/panda/src/mathutil/stackedPerlinNoise3.cxx,1,1,2
/media/ullmann/HDDGabriel/research/engines/panda3d/panda/src/pgraph/colorBlendAttrib.cxx,7,1,8
/media/ullmann/HDDGabriel/research/engines/panda3d/panda/src/pgraph/colorBlendAttrib.h,4,10,14
/media/ullmann/HDDGabriel/research/engines/panda3d/panda/src/pgraphnodes/config_pgraphnodes.h,9,5,14
/media/ullmann/HDDGabriel/research/engines/panda3d/dtool/src/prc/androidLogStream.h,4,3,7
/media/ullmann/HDDGabriel/research/engines/panda3d/panda/src/ode/odeCappedCylinderGeom.h,6,4,10
/media/ullmann/HDDGabriel/research/engines/panda3d/panda/src/ode/odeCappedCylinderGeom.I,0,1,1
/media/ullmann/HDDGabriel/research/engines/panda3d/pandatool/src/mayaprogs/mayaPview.cxx,11,0,11
/media/ullmann/HDDGabriel/research/engines/panda3d/dtool/src/parser-inc/process.h,0,3,3
/media/ullmann/HDDGabriel/research/engines/panda3d/panda/src/linmath/lvector2.cxx,5,1,6
/media/ullmann/HDDGabriel/research/engines/panda3d/panda/src/linmath/lvector2_src.cxx,0,1,1
/media/ullmann/HDDGabriel/research/engines/panda3d/panda/src/distort/projectionScreen.cxx,12,1,13
/media/ullmann/HDDGabriel/research/engines/panda3d/panda/src/grutil/multitexReducer.h,13,3,16
/media/ullmann/HDDGabriel/research/engines/panda3d/panda/src/pgraph/cullBin.I,0,1,1
/media/ullmann/HDDGabriel/research/engines/panda3d/panda/src/chan/animChannelMatrixXfmTable.cxx,11,1,12
/media/ullmann/HDDGabriel/research/engines/panda3d/panda/src/dxgsg9/dxVertexBufferContext9.cxx,7,1,8
/media/ullmann/HDDGabriel/research/engines/panda3d/direct/src/dcparser/dcSimpleParameter.cxx,8,1,9
/media/ullmann/HDDGabriel/research/engines/panda3d/panda/src/linmath/mathNumbers.h,3,16,19
/media/ullmann/HDDGabriel/research/engines/panda3d/panda/src/event/eventHandler.cxx,3,1,4
/media/ullmann/HDDGabriel/research/engines/panda3d/panda/src/event/config_event.h,2,11,13
/media/ullmann/HDDGabriel/research/engines/panda3d/panda/src/downloader/httpBasicAuthorization.h,3,2,5
/media/ullmann/HDDGabriel/research/engines/panda3d/panda/src/downloader/httpBasicAuthorization.I,0,1,1
/media/ullmann/HDDGabriel/research/engines/panda3d/pandatool/src/flt/fltError.h,0,4,4
/media/ullmann/HDDGabriel/research/engines/panda3d/pandatool/src/pstatserver/pStatFlameGraph.cxx,7,1,8
/media/ullmann/HDDGabriel/research/engines/panda3d/panda/src/glstuff/glstuff_src.cxx,14,3,17
/media/ullmann/HDDGabriel/research/engines/panda3d/panda/src/glstuff/glGeomContext_src.cxx,0,1,1
/media/ullmann/HDDGabriel/research/engines/panda3d/panda/src/event/asyncTaskCollection.cxx,2,1,3
/media/ullmann/HDDGabriel/research/engines/panda3d/panda/src/display/subprocessWindowBuffer.cxx,6,1,7
/media/ullmann/HDDGabriel/research/engines/panda3d/panda/src/display/subprocessWindowBuffer.h,4,2,6
/media/ullmann/HDDGabriel/research/engines/panda3d/dtool/src/dtoolbase/memoryHook.h,6,13,19
/media/ullmann/HDDGabriel/research/engines/panda3d/panda/src/gles2gsg/gles2gsg.cxx,2,1,3
/media/ullmann/HDDGabriel/research/engines/panda3d/panda/src/pgraphnodes/lodNode.cxx,26,1,27
/media/ullmann/HDDGabriel/research/engines/panda3d/panda/src/parametrics/p3parametrics_composite2.cxx,12,0,12
/media/ullmann/HDDGabriel/research/engines/panda3d/panda/src/parametrics/nurbsSurfaceResult.cxx,2,1,3
/media/ullmann/HDDGabriel/research/engines/panda3d/pandatool/src/mayaegg/mayaNodeTree.cxx,13,1,14
/media/ullmann/HDDGabriel/research/engines/panda3d/dtool/src/prc/configVariableInt.cxx,2,1,3
/media/ullmann/HDDGabriel/research/engines/panda3d/panda/src/mathutil/boundingHexahedron.h,6,16,22
/media/ullmann/HDDGabriel/research/engines/panda3d/panda/src/pipeline/conditionVar.h,4,15,19
/media/ullmann/HDDGabriel/research/engines/panda3d/panda/src/putil/bamReader.I,0,1,1
/media/ullmann/HDDGabriel/research/engines/panda3d/pandatool/src/flt/fltVectorRecord.cxx,3,1,4
/media/ullmann/HDDGabriel/research/engines/panda3d/panda/src/express/nodePointerTo.h,3,3,6
/media/ullmann/HDDGabriel/research/engines/panda3d/panda/src/express/nodePointerTo.I,0,1,1
/media/ullmann/HDDGabriel/research/engines/panda3d/panda/src/mathutil/geometricBoundingVolume.h,5,25,30
/media/ullmann/HDDGabriel/research/engines/panda3d/panda/src/pgraph/materialAttrib.I,0,1,1
/media/ullmann/HDDGabriel/research/engines/panda3d/panda/src/chan/animChannelScalarTable.cxx,9,1,10
/media/ullmann/HDDGabriel/research/engines/panda3d/panda/src/egldisplay/config_egldisplay.cxx,9,1,10
/media/ullmann/HDDGabriel/research/engines/panda3d/panda/src/display/graphicsPipeSelection.h,7,13,20
/media/ullmann/HDDGabriel/research/engines/panda3d/panda/src/device/linuxJoystickDevice.h,2,3,5
/media/ullmann/HDDGabriel/research/engines/panda3d/panda/src/device/inputDevice.h,13,12,25
/media/ullmann/HDDGabriel/research/engines/panda3d/panda/src/particlesystem/orientedParticleFactory.cxx,2,0,2
/media/ullmann/HDDGabriel/research/engines/panda3d/direct/src/interval/cMetaInterval.h,8,3,11
/media/ullmann/HDDGabriel/research/engines/panda3d/panda/src/mathutil/boundingBox.cxx,9,1,10
/media/ullmann/HDDGabriel/research/engines/panda3d/panda/src/mathutil/config_mathutil.h,5,19,24
/media/ullmann/HDDGabriel/research/engines/panda3d/panda/src/putil/autoTextureScale.h,1,3,4
/media/ullmann/HDDGabriel/research/engines/panda3d/dtool/src/interrogate/interfaceMaker.h,7,5,12
/media/ullmann/HDDGabriel/research/engines/panda3d/pandatool/src/flt/fltLightSourceDefinition.h,2,3,5
/media/ullmann/HDDGabriel/research/engines/panda3d/panda/src/x11display/x11GraphicsPipe.cxx,6,1,7
/media/ullmann/HDDGabriel/research/engines/panda3d/pandatool/src/xfile/xFile.h,7,4,11
/media/ullmann/HDDGabriel/research/engines/panda3d/panda/src/pgraph/depthWriteAttrib.cxx,7,1,8
/media/ullmann/HDDGabriel/research/engines/panda3d/panda/src/pgui/pgButton.cxx,7,1,8
/media/ullmann/HDDGabriel/research/engines/panda3d/pandatool/src/assimp/loaderFileTypeAssimp.h,2,2,4
/media/ullmann/HDDGabriel/research/engines/panda3d/panda/src/device/clientTrackerDevice.cxx,1,1,2
/media/ullmann/HDDGabriel/research/engines/panda3d/panda/src/particlesystem/config_particlesystem.cxx,4,1,5
/media/ullmann/HDDGabriel/research/engines/panda3d/panda/src/collide/collisionPolygon.h,6,12,18
/media/ullmann/HDDGabriel/research/engines/panda3d/dtool/src/test_interrogate/test_interrogate.cxx,8,0,8
/media/ullmann/HDDGabriel/research/engines/panda3d/panda/src/egg/eggNode.cxx,9,1,10
/media/ullmann/HDDGabriel/research/engines/panda3d/direct/src/dcparser/dcField.h,7,8,15
/media/ullmann/HDDGabriel/research/engines/panda3d/panda/src/downloadertools/multify.cxx,11,0,11
/media/ullmann/HDDGabriel/research/engines/panda3d/panda/src/char/characterJoint.cxx,8,1,9
/media/ullmann/HDDGabriel/research/engines/panda3d/panda/src/char/characterJointEffect.h,7,3,10
/media/ullmann/HDDGabriel/research/engines/panda3d/panda/src/dxgsg9/dxIndexBufferContext9.h,4,3,7
/media/ullmann/HDDGabriel/research/engines/panda3d/panda/src/tform/mouseWatcher.h,18,3,21
/media/ullmann/HDDGabriel/research/engines/panda3d/panda/src/collide/collisionVisualizer.I,0,1,1
/media/ullmann/HDDGabriel/research/engines/panda3d/panda/src/pgraphnodes/uvScrollNode.h,4,4,8
/media/ullmann/HDDGabriel/research/engines/panda3d/panda/src/pnmimagetypes/pnmFileTypePNM.h,4,2,6
/media/ullmann/HDDGabriel/research/engines/panda3d/pandatool/src/lwo/lwoDiscontinuousVertexMap.h,3,3,6
/media/ullmann/HDDGabriel/research/engines/panda3d/pandatool/src/flt/fltLocalVertexPool.cxx,5,1,6
/media/ullmann/HDDGabriel/research/engines/panda3d/pandatool/src/flt/fltLocalVertexPool.h,5,4,9
/media/ullmann/HDDGabriel/research/engines/panda3d/panda/src/tinydisplay/tinyWinGraphicsWindow.h,4,3,7
/media/ullmann/HDDGabriel/research/engines/panda3d/dtool/src/dtoolbase/deletedBufferChain.I,0,1,1
/media/ullmann/HDDGabriel/research/engines/panda3d/contrib/src/ai/aiBehaviors.cxx,11,1,12
/media/ullmann/HDDGabriel/research/engines/panda3d/contrib/src/ai/arrival.h,2,3,5
/media/ullmann/HDDGabriel/research/engines/panda3d/pandatool/src/flt/fltExternalReference.h,2,3,5
/media/ullmann/HDDGabriel/research/engines/panda3d/panda/src/vision/webcamVideoDS.cxx,4,1,5
/media/ullmann/HDDGabriel/research/engines/panda3d/dtool/src/parser-inc/control.h,0,1,1
/media/ullmann/HDDGabriel/research/engines/panda3d/panda/src/pipeline/lightReMutex.h,4,17,21
/media/ullmann/HDDGabriel/research/engines/panda3d/panda/src/gobj/vertexDataBuffer.h,9,4,13
/media/ullmann/HDDGabriel/research/engines/panda3d/panda/src/gobj/vertexDataBuffer.I,0,1,1
/media/ullmann/HDDGabriel/research/engines/panda3d/pandatool/src/lwo/lwoSurfaceBlockTMap.cxx,7,1,8
/media/ullmann/HDDGabriel/research/engines/panda3d/panda/src/tform/mouseWatcherGroup.h,3,4,7
/media/ullmann/HDDGabriel/research/engines/panda3d/panda/src/tform/mouseWatcherBase.h,8,3,11
/media/ullmann/HDDGabriel/research/engines/panda3d/pandatool/src/eggbase/eggMultiBase.cxx,6,1,7
/media/ullmann/HDDGabriel/research/engines/panda3d/panda/src/mathutil/stackedPerlinNoise2.cxx,1,1,2
/media/ullmann/HDDGabriel/research/engines/panda3d/panda/src/bullet/bulletTriangleMesh.h,10,4,14
/media/ullmann/HDDGabriel/research/engines/panda3d/dtool/src/prc/prcKeyRegistry.h,3,4,7
/media/ullmann/HDDGabriel/research/engines/panda3d/dtool/src/dtoolbase/atomicAdjustGccImpl.h,3,1,4
/media/ullmann/HDDGabriel/research/engines/panda3d/dtool/src/cppparser/cppInstanceIdentifier.h,3,4,7
/media/ullmann/HDDGabriel/research/engines/panda3d/panda/src/pgraphnodes/shaderGenerator.cxx,28,1,29
/media/ullmann/HDDGabriel/research/engines/panda3d/dtool/src/parser-inc/atomic,0,4,4
/media/ullmann/HDDGabriel/research/engines/panda3d/panda/src/egg2pg/deferredNodeProperty.cxx,4,1,5
/media/ullmann/HDDGabriel/research/engines/panda3d/panda/src/bullet/bulletGenericConstraint.cxx,3,1,4
/media/ullmann/HDDGabriel/research/engines/panda3d/panda/src/bullet/bulletGenericConstraint.h,9,2,11
/media/ullmann/HDDGabriel/research/engines/panda3d/panda/src/pgraph/bamFile.h,7,13,20
/media/ullmann/HDDGabriel/research/engines/panda3d/panda/src/parametrics/nurbsCurve.h,6,6,12
/media/ullmann/HDDGabriel/research/engines/panda3d/direct/src/dcparser/dcKeyword.cxx,3,1,4
/media/ullmann/HDDGabriel/research/engines/panda3d/direct/src/dcparser/dcKeyword.h,2,3,5
/media/ullmann/HDDGabriel/research/engines/panda3d/panda/src/movies/config_movies.cxx,20,1,21
/media/ullmann/HDDGabriel/research/engines/panda3d/panda/src/vision/arToolKit.cxx,7,1,8
/media/ullmann/HDDGabriel/research/engines/panda3d/panda/src/gobj/orthographicLens.cxx,3,1,4
/media/ullmann/HDDGabriel/research/engines/panda3d/pandatool/src/imageprogs/imageResize.cxx,2,0,2
/media/ullmann/HDDGabriel/research/engines/panda3d/pandatool/src/imageprogs/imageResize.h,1,1,2
/media/ullmann/HDDGabriel/research/engines/panda3d/panda/src/chan/partSubset.cxx,1,1,2
/media/ullmann/HDDGabriel/research/engines/panda3d/panda/src/egg/eggCoordinateSystem.cxx,2,1,3
/media/ullmann/HDDGabriel/research/engines/panda3d/panda/src/egg/eggGroupNode.cxx,25,1,26
/media/ullmann/HDDGabriel/research/engines/panda3d/panda/src/egg/eggCompositePrimitive.h,3,7,10
/media/ullmann/HDDGabriel/research/engines/panda3d/panda/src/pgraph/cullBinManager.h,10,7,17
/media/ullmann/HDDGabriel/research/engines/panda3d/panda/src/glstuff/glShaderContext_src.cxx,9,1,10
/media/ullmann/HDDGabriel/research/engines/panda3d/panda/src/pnmtext/freetypeFace.h,7,3,10
/media/ullmann/HDDGabriel/research/engines/panda3d/panda/src/pgraphnodes/p3pgraphnodes_composite2.cxx,11,0,11
/media/ullmann/HDDGabriel/research/engines/panda3d/panda/src/pgraphnodes/rectangleLight.cxx,6,1,7
/media/ullmann/HDDGabriel/research/engines/panda3d/pandatool/src/win-stats/winStatsTimeline.h,2,2,4
/media/ullmann/HDDGabriel/research/engines/panda3d/panda/src/pgraph/fogAttrib.h,4,12,16
/media/ullmann/HDDGabriel/research/engines/panda3d/direct/src/distributed/cDistributedSmoothNodeBase.cxx,4,0,4
/media/ullmann/HDDGabriel/research/engines/panda3d/panda/src/express/pointerToArrayBase.h,7,2,9
/media/ullmann/HDDGabriel/research/engines/panda3d/panda/src/express/pointerToArrayBase.I,0,1,1
/media/ullmann/HDDGabriel/research/engines/panda3d/dtool/src/cppparser/cppFile.cxx,2,1,3
/media/ullmann/HDDGabriel/research/engines/panda3d/dtool/src/cppparser/cppPreprocessor.cxx,21,1,22
/media/ullmann/HDDGabriel/research/engines/panda3d/contrib/src/rplight/gpuCommand.cxx,4,1,5
/media/ullmann/HDDGabriel/research/engines/panda3d/panda/src/express/subfileInfo.cxx,1,1,2
/media/ullmann/HDDGabriel/research/engines/panda3d/panda/src/audiotraits/openalAudioSound.h,6,3,9
/media/ullmann/HDDGabriel/research/engines/panda3d/direct/src/deadrec/config_deadrec.cxx,2,1,3
/media/ullmann/HDDGabriel/research/engines/panda3d/panda/src/linmath/lquaternion.h,11,6,17
/media/ullmann/HDDGabriel/research/engines/panda3d/panda/src/express/password_hash.cxx,4,1,5
/media/ullmann/HDDGabriel/research/engines/panda3d/panda/src/parametrics/nurbsSurfaceEvaluator.cxx,1,1,2
/media/ullmann/HDDGabriel/research/engines/panda3d/panda/src/dxgsg9/dxTextureContext9.cxx,8,1,9
/media/ullmann/HDDGabriel/research/engines/panda3d/pandatool/src/gtk-stats/gtkStatsLabel.cxx,4,1,5
/media/ullmann/HDDGabriel/research/engines/panda3d/panda/src/pnmimage/convert_srgb.h,4,8,12
/media/ullmann/HDDGabriel/research/engines/panda3d/dtool/src/parser-inc/highgui.h,0,1,1
/media/ullmann/HDDGabriel/research/engines/panda3d/panda/src/ode/odeContactJoint.cxx,2,1,3
/media/ullmann/HDDGabriel/research/engines/panda3d/panda/src/pgui/config_pgui.h,3,3,6
/media/ullmann/HDDGabriel/research/engines/panda3d/panda/src/device/virtualMouse.cxx,2,1,3
/media/ullmann/HDDGabriel/research/engines/panda3d/dtool/src/prc/configVariableBase.cxx,2,1,3
/media/ullmann/HDDGabriel/research/engines/panda3d/panda/src/mathutil/boundingPlane.h,4,11,15
/media/ullmann/HDDGabriel/research/engines/panda3d/panda/src/chan/animChannelScalarDynamic.cxx,10,1,11
/media/ullmann/HDDGabriel/research/engines/panda3d/panda/src/glgsg/glgsg.h,5,14,19
/media/ullmann/HDDGabriel/research/engines/panda3d/panda/src/android/android_main.cxx,12,0,12
/media/ullmann/HDDGabriel/research/engines/panda3d/pandatool/src/converter/eggToSomethingConverter.h,4,1,5
/media/ullmann/HDDGabriel/research/engines/panda3d/dtool/src/parser-inc/string,0,27,27
/media/ullmann/HDDGabriel/research/engines/panda3d/direct/src/dcparser/dcClass.h,8,7,15
/media/ullmann/HDDGabriel/research/engines/panda3d/dtool/src/cppparser/cppExtensionType.cxx,5,1,6
/media/ullmann/HDDGabriel/research/engines/panda3d/panda/src/express/encrypt_string.h,3,3,6
/media/ullmann/HDDGabriel/research/engines/panda3d/pandatool/src/lwo/lwoDiscontinuousVertexMap.cxx,5,1,6
/media/ullmann/HDDGabriel/research/engines/panda3d/pandatool/src/lwo/lwoInputFile.h,3,32,35
/media/ullmann/HDDGabriel/research/engines/panda3d/pandatool/src/daeprogs/daeToEgg.cxx,1,0,1
/media/ullmann/HDDGabriel/research/engines/panda3d/pandatool/src/daeprogs/daeToEgg.h,0,1,1
/media/ullmann/HDDGabriel/research/engines/panda3d/dtool/src/interrogate/parameterRemapBasicStringPtrToString.h,2,2,4
/media/ullmann/HDDGabriel/research/engines/panda3d/contrib/src/speedtree/stTerrain.cxx,2,1,3
/media/ullmann/HDDGabriel/research/engines/panda3d/panda/src/event/asyncTaskPause.cxx,1,1,2
/media/ullmann/HDDGabriel/research/engines/panda3d/panda/src/event/asyncTaskPause.h,3,2,5
/media/ullmann/HDDGabriel/research/engines/panda3d/panda/src/pgraph/geomTransformer.h,6,5,11
/media/ullmann/HDDGabriel/research/engines/panda3d/panda/src/pgraph/geomTransformer.I,0,1,1
/media/ullmann/HDDGabriel/research/engines/panda3d/panda/src/movies/opusAudio.I,0,1,1
/media/ullmann/HDDGabriel/research/engines/panda3d/panda/src/mathutil/finiteBoundingVolume.cxx,3,1,4
/media/ullmann/HDDGabriel/research/engines/panda3d/panda/src/mathutil/finiteBoundingVolume.h,2,6,8
/media/ullmann/HDDGabriel/research/engines/panda3d/panda/src/express/patchfile.h,13,2,15
/media/ullmann/HDDGabriel/research/engines/panda3d/pandatool/src/lwo/lwoSurfaceSidedness.cxx,4,1,5
/media/ullmann/HDDGabriel/research/engines/panda3d/panda/src/pgraph/renderModeAttrib.cxx,7,1,8
/media/ullmann/HDDGabriel/research/engines/panda3d/panda/src/grutil/meshDrawer2D.cxx,17,1,18
/media/ullmann/HDDGabriel/research/engines/panda3d/panda/src/egg/eggMiscFuncs.cxx,4,1,5
/media/ullmann/HDDGabriel/research/engines/panda3d/dtool/src/dtoolbase/typeRegistryNode.h,7,3,10
/media/ullmann/HDDGabriel/research/engines/panda3d/pandatool/src/flt/fltVertex.h,4,5,9
/media/ullmann/HDDGabriel/research/engines/panda3d/panda/src/egg/eggSwitchCondition.h,3,7,10
/media/ullmann/HDDGabriel/research/engines/panda3d/panda/src/chan/config_chan.cxx,21,1,22
/media/ullmann/HDDGabriel/research/engines/panda3d/direct/src/interval/cConstrainHprInterval.h,5,2,7
/media/ullmann/HDDGabriel/research/engines/panda3d/panda/src/gobj/geomCacheManager.cxx,6,1,7
/media/ullmann/HDDGabriel/research/engines/panda3d/contrib/src/ai/evade.h,2,4,6
/media/ullmann/HDDGabriel/research/engines/panda3d/panda/src/express/virtualFileSimple.cxx,4,1,5
/media/ullmann/HDDGabriel/research/engines/panda3d/panda/src/event/buttonEventList.I,0,1,1
/media/ullmann/HDDGabriel/research/engines/panda3d/panda/src/dxml/config_dxml.cxx,4,1,5
/media/ullmann/HDDGabriel/research/engines/panda3d/panda/src/pgui/pgItemNotify.h,3,4,7
/media/ullmann/HDDGabriel/research/engines/panda3d/panda/src/putil/callbackObject_ext.h,6,0,6
/media/ullmann/HDDGabriel/research/engines/panda3d/panda/src/putil/pythonCallbackObject.h,4,3,7
/media/ullmann/HDDGabriel/research/engines/panda3d/panda/src/egg2pg/egg_parametrics.h,5,3,8
/media/ullmann/HDDGabriel/research/engines/panda3d/panda/src/linmath/lorientation.h,6,2,8
/media/ullmann/HDDGabriel/research/engines/panda3d/panda/src/linmath/lmatrix_ext.h,6,0,6
/media/ullmann/HDDGabriel/research/engines/panda3d/panda/src/char/config_char.h,3,3,6
/media/ullmann/HDDGabriel/research/engines/panda3d/panda/src/egg/eggPoolUniquifier.cxx,6,1,7
/media/ullmann/HDDGabriel/research/engines/panda3d/panda/src/egg/eggNode.h,8,16,24
/media/ullmann/HDDGabriel/research/engines/panda3d/panda/src/putil/timedCycle.h,3,1,4
/media/ullmann/HDDGabriel/research/engines/panda3d/panda/src/egg/eggExternalReference.h,3,7,10
/media/ullmann/HDDGabriel/research/engines/panda3d/contrib/src/ai/evade.cxx,1,1,2
/media/ullmann/HDDGabriel/research/engines/panda3d/panda/src/nativenet/p3nativenet_composite1.cxx,9,0,9
/media/ullmann/HDDGabriel/research/engines/panda3d/panda/src/nativenet/socket_address.cxx,2,1,3
/media/ullmann/HDDGabriel/research/engines/panda3d/panda/src/dxgsg9/dxIndexBufferContext9.I,0,1,1
/media/ullmann/HDDGabriel/research/engines/panda3d/contrib/src/rplight/config_rplight.h,5,1,6
/media/ullmann/HDDGabriel/research/engines/panda3d/pandatool/src/win-stats/winstats_composite1.cxx,11,0,11
/media/ullmann/HDDGabriel/research/engines/panda3d/pandatool/src/win-stats/winStats.cxx,3,1,4
/media/ullmann/HDDGabriel/research/engines/panda3d/pandatool/src/progbase/wordWrapStreamBuf.cxx,4,1,5
/media/ullmann/HDDGabriel/research/engines/panda3d/panda/src/grutil/meshDrawer2D.h,21,2,23
/media/ullmann/HDDGabriel/research/engines/panda3d/dtool/src/dtoolbase/stl_compares.h,8,4,12
/media/ullmann/HDDGabriel/research/engines/panda3d/panda/src/gobj/geomTristrips.h,2,29,31
/media/ullmann/HDDGabriel/research/engines/panda3d/pandatool/src/palettizer/config_palettizer.h,0,1,1
/media/ullmann/HDDGabriel/research/engines/panda3d/panda/src/pipeline/conditionVar.cxx,1,1,2
/media/ullmann/HDDGabriel/research/engines/panda3d/panda/src/bullet/bulletWheel.cxx,2,1,3
/media/ullmann/HDDGabriel/research/engines/panda3d/panda/src/bullet/bulletWheel.h,6,2,8
/media/ullmann/HDDGabriel/research/engines/panda3d/panda/src/egg/eggMorph.h,5,2,7
/media/ullmann/HDDGabriel/research/engines/panda3d/panda/src/bullet/bulletTriangleMeshShape.cxx,7,1,8
/media/ullmann/HDDGabriel/research/engines/panda3d/panda/src/pgraph/renderAttribRegistry.cxx,4,1,5
/media/ullmann/HDDGabriel/research/engines/panda3d/panda/src/putil/writableParam.h,5,3,8
/media/ullmann/HDDGabriel/research/engines/panda3d/panda/metalibs/pandagles2/pandagles2.cxx,6,0,6
/media/ullmann/HDDGabriel/research/engines/panda3d/panda/src/linmath/lvecBase3_src.h,1,1,2
/media/ullmann/HDDGabriel/research/engines/panda3d/panda/src/putil/bitMask.cxx,2,1,3
/media/ullmann/HDDGabriel/research/engines/panda3d/dtool/src/parser-inc/type_traits,0,2,2
/media/ullmann/HDDGabriel/research/engines/panda3d/panda/src/putil/typedWritable_ext.h,4,2,6
/media/ullmann/HDDGabriel/research/engines/panda3d/pandatool/src/pstatserver/pStatPianoRoll.h,7,1,8
/media/ullmann/HDDGabriel/research/engines/panda3d/panda/src/grutil/rigidBodyCombiner.h,5,2,7
/media/ullmann/HDDGabriel/research/engines/panda3d/panda/src/downloader/bioPtr.I,0,1,1
/media/ullmann/HDDGabriel/research/engines/panda3d/panda/src/gobj/vertexSlider.h,10,6,16
/media/ullmann/HDDGabriel/research/engines/panda3d/panda/src/bullet/bulletGhostNode.cxx,3,1,4
/media/ullmann/HDDGabriel/research/engines/panda3d/panda/src/recorder/recorderHeader.cxx,5,1,6
/media/ullmann/HDDGabriel/research/engines/panda3d/dtool/src/cppparser/cppExpressionParser.cxx,2,1,3
/media/ullmann/HDDGabriel/research/engines/panda3d/dtool/src/cppparser/cppExpression.h,2,14,16
/media/ullmann/HDDGabriel/research/engines/panda3d/pandatool/src/pfmprogs/config_pfmprogs.cxx,2,0,2
/media/ullmann/HDDGabriel/research/engines/panda3d/panda/src/distort/config_distort.cxx,7,1,8
/media/ullmann/HDDGabriel/research/engines/panda3d/panda/src/distort/cylindricalLens.h,3,2,5
/media/ullmann/HDDGabriel/research/engines/panda3d/pandatool/src/palettizer/imageFile.cxx,11,1,12
/media/ullmann/HDDGabriel/research/engines/panda3d/panda/src/pipeline/conditionVarWin32Impl.h,5,4,9
/media/ullmann/HDDGabriel/research/engines/panda3d/dtool/src/dtoolbase/mutexWin32Impl.h,4,4,8
/media/ullmann/HDDGabriel/research/engines/panda3d/panda/src/egg/eggMiscFuncs.h,3,10,13
/media/ullmann/HDDGabriel/research/engines/panda3d/panda/src/mathutil/linmath_events.cxx,1,1,2
/media/ullmann/HDDGabriel/research/engines/panda3d/panda/src/mathutil/linmath_events.h,3,11,14
/media/ullmann/HDDGabriel/research/engines/panda3d/panda/metalibs/pandafx/pandafx.cxx,2,0,2
/media/ullmann/HDDGabriel/research/engines/panda3d/panda/src/distort/config_distort.h,3,4,7
/media/ullmann/HDDGabriel/research/engines/panda3d/panda/src/framework/config_framework.h,6,4,10
/media/ullmann/HDDGabriel/research/engines/panda3d/dtool/src/cppparser/cppParameterList.h,3,12,15
/media/ullmann/HDDGabriel/research/engines/panda3d/contrib/src/ai/aiWorld.cxx,1,1,2
/media/ullmann/HDDGabriel/research/engines/panda3d/panda/src/pgraph/nodePathCollection_ext.h,4,1,5
/media/ullmann/HDDGabriel/research/engines/panda3d/panda/src/recorder/recorderFrame.cxx,5,1,6
/media/ullmann/HDDGabriel/research/engines/panda3d/panda/src/recorder/recorderTable.h,6,7,13
/media/ullmann/HDDGabriel/research/engines/panda3d/panda/src/linmath/lvector4.cxx,5,1,6
/media/ullmann/HDDGabriel/research/engines/panda3d/panda/src/linmath/lvector4_src.cxx,0,1,1
/media/ullmann/HDDGabriel/research/engines/panda3d/panda/src/grutil/meshDrawer.cxx,17,1,18
/media/ullmann/HDDGabriel/research/engines/panda3d/panda/src/pnmimage/pnmPainter.h,3,3,6
/media/ullmann/HDDGabriel/research/engines/panda3d/panda/src/vision/webcamVideoCursorV4L.cxx,8,1,9
/media/ullmann/HDDGabriel/research/engines/panda3d/dtool/src/parser-inc/sys/mman.h,1,7,8
/media/ullmann/HDDGabriel/research/engines/panda3d/panda/src/grutil/nodeVertexTransform.h,4,3,7
/media/ullmann/HDDGabriel/research/engines/panda3d/dtool/src/parser-inc/stdint.h,0,17,17
/media/ullmann/HDDGabriel/research/engines/panda3d/panda/src/collide/collisionTraverser_ext.h,4,1,5
/media/ullmann/HDDGabriel/research/engines/panda3d/panda/src/express/windowsRegistry.cxx,4,1,5
/media/ullmann/HDDGabriel/research/engines/panda3d/panda/src/putil/autoTextureScale.cxx,3,1,4
/media/ullmann/HDDGabriel/research/engines/panda3d/panda/src/express/virtualFile.h,8,15,23
/media/ullmann/HDDGabriel/research/engines/panda3d/panda/src/pgraph/portalNode.h,7,4,11
/media/ullmann/HDDGabriel/research/engines/panda3d/panda/src/dxgsg9/wdxGraphicsWindow9.cxx,12,1,13
/media/ullmann/HDDGabriel/research/engines/panda3d/panda/src/collide/collisionHandlerQueue_ext.h,4,1,5
/media/ullmann/HDDGabriel/research/engines/panda3d/pandatool/src/xfileegg/xFileFace.cxx,3,1,4
/media/ullmann/HDDGabriel/research/engines/panda3d/pandatool/src/egg-qtess/qtessSurface.h,9,4,13
/media/ullmann/HDDGabriel/research/engines/panda3d/panda/src/putil/test_linestream.cxx,2,0,2
/media/ullmann/HDDGabriel/research/engines/panda3d/dtool/src/dtoolutil/lineStream.h,3,4,7
/media/ullmann/HDDGabriel/research/engines/panda3d/pandatool/src/palettizer/textureImage.h,9,14,23
/media/ullmann/HDDGabriel/research/engines/panda3d/panda/src/collide/collisionHandlerEvent.h,8,5,13
/media/ullmann/HDDGabriel/research/engines/panda3d/panda/src/pipeline/lightMutexHolder.cxx,1,1,2
/media/ullmann/HDDGabriel/research/engines/panda3d/dtool/src/interrogatedb/py_compat.h,2,2,4
/media/ullmann/HDDGabriel/research/engines/panda3d/panda/src/gobj/matrixLens.h,3,4,7
/media/ullmann/HDDGabriel/research/engines/panda3d/panda/src/skel/config_skel.cxx,4,1,5
/media/ullmann/HDDGabriel/research/engines/panda3d/panda/src/skel/config_skel.h,5,1,6
/media/ullmann/HDDGabriel/research/engines/panda3d/dtool/src/interrogate/interrogate_composite2.cxx,17,0,17
/media/ullmann/HDDGabriel/research/engines/panda3d/dtool/src/interrogate/parameterRemapToString.cxx,3,1,4
/media/ullmann/HDDGabriel/research/engines/panda3d/panda/src/putil/callbackData.cxx,1,1,2
/media/ullmann/HDDGabriel/research/engines/panda3d/panda/src/downloader/socketStream.I,0,1,1
/media/ullmann/HDDGabriel/research/engines/panda3d/panda/metalibs/pandadx9/pandadx9.cxx,3,0,3
/media/ullmann/HDDGabriel/research/engines/panda3d/panda/src/dxgsg9/config_dxgsg9.h,6,11,17
/media/ullmann/HDDGabriel/research/engines/panda3d/contrib/src/speedtree/stTerrain.I,0,1,1
/media/ullmann/HDDGabriel/research/engines/panda3d/pandatool/src/bam/bamInfo.cxx,12,0,12
/media/ullmann/HDDGabriel/research/engines/panda3d/panda/src/recorder/recorderFrame.h,6,4,10
/media/ullmann/HDDGabriel/research/engines/panda3d/panda/src/egg2pg/config_egg2pg.cxx,7,1,8
/media/ullmann/HDDGabriel/research/engines/panda3d/panda/src/particlesystem/tangentRingEmitter.cxx,1,1,2
/media/ullmann/HDDGabriel/research/engines/panda3d/panda/src/gobj/internalName.cxx,6,1,7
/media/ullmann/HDDGabriel/research/engines/panda3d/panda/src/egg/eggVertexUV.h,5,4,9
/media/ullmann/HDDGabriel/research/engines/panda3d/panda/src/pgraph/audioVolumeAttrib.cxx,8,1,9
/media/ullmann/HDDGabriel/research/engines/panda3d/panda/src/particlesystem/colorInterpolationManager.cxx,2,1,3
/media/ullmann/HDDGabriel/research/engines/panda3d/panda/src/pgraph/occluderNode.cxx,25,1,26
/media/ullmann/HDDGabriel/research/engines/panda3d/panda/src/pgraphnodes/sphereLight.cxx,6,1,7
/media/ullmann/HDDGabriel/research/engines/panda3d/dtool/src/cppparser/cppGlobals.h,1,5,6
/media/ullmann/HDDGabriel/research/engines/panda3d/pandatool/src/egg-qtess/qtessSurface.I,0,1,1
/media/ullmann/HDDGabriel/research/engines/panda3d/pandatool/src/lwo/lwoSurfaceBlockTMap.h,1,3,4
/media/ullmann/HDDGabriel/research/engines/panda3d/panda/src/gobj/shaderContext.h,5,7,12
/media/ullmann/HDDGabriel/research/engines/panda3d/dtool/src/parser-inc/sys/select.h,1,0,1
/media/ullmann/HDDGabriel/research/engines/panda3d/pandatool/src/palettizer/filenameUnifier.cxx,2,1,3
/media/ullmann/HDDGabriel/research/engines/panda3d/pandatool/src/palettizer/texturePosition.cxx,5,1,6
/media/ullmann/HDDGabriel/research/engines/panda3d/contrib/src/speedtree/config_speedtree.cxx,9,1,10
/media/ullmann/HDDGabriel/research/engines/panda3d/panda/src/net/connectionListener.cxx,7,1,8
/media/ullmann/HDDGabriel/research/engines/panda3d/panda/src/pipeline/threadDummyImpl.h,7,2,9
/media/ullmann/HDDGabriel/research/engines/panda3d/panda/src/physics/config_physics.h,3,11,14
/media/ullmann/HDDGabriel/research/engines/panda3d/panda/src/collide/collisionLevelStateBase.h,14,3,17
/media/ullmann/HDDGabriel/research/engines/panda3d/pandatool/src/pandatoolbase/distanceUnit.cxx,4,1,5
/media/ullmann/HDDGabriel/research/engines/panda3d/pandatool/src/pandatoolbase/distanceUnit.h,1,1,2
/media/ullmann/HDDGabriel/research/engines/panda3d/panda/src/pgraph/transparencyAttrib.h,3,23,26
/media/ullmann/HDDGabriel/research/engines/panda3d/dtool/src/dtoolbase/mutexDummyImpl.h,3,2,5
/media/ullmann/HDDGabriel/research/engines/panda3d/panda/src/recorder/p3recorder_composite2.cxx,4,0,4
/media/ullmann/HDDGabriel/research/engines/panda3d/panda/src/linmath/lcast_to_src.h,1,1,2
/media/ullmann/HDDGabriel/research/engines/panda3d/panda/src/linmath/lcast_to_src.I,0,1,1
/media/ullmann/HDDGabriel/research/engines/panda3d/panda/src/physics/angularForce.h,1,7,8
/media/ullmann/HDDGabriel/research/engines/panda3d/panda/src/pgraphnodes/rectangleLight.h,4,2,6
/media/ullmann/HDDGabriel/research/engines/panda3d/dtool/src/interrogatedb/p3interrogatedb_composite1.cxx,7,0,7
/media/ullmann/HDDGabriel/research/engines/panda3d/dtool/src/interrogatedb/interrogateDatabase.cxx,4,1,5
/media/ullmann/HDDGabriel/research/engines/panda3d/panda/src/pgraphnodes/sequenceNode.h,5,5,10
/media/ullmann/HDDGabriel/research/engines/panda3d/panda/src/collide/collisionSegment.cxx,18,1,19
/media/ullmann/HDDGabriel/research/engines/panda3d/panda/src/chan/animGroup.cxx,9,1,10
/media/ullmann/HDDGabriel/research/engines/panda3d/panda/src/gobj/simpleAllocator.h,5,5,10
/media/ullmann/HDDGabriel/research/engines/panda3d/panda/src/ode/p3ode_composite1.cxx,12,0,12
/media/ullmann/HDDGabriel/research/engines/panda3d/panda/src/ode/odeJointGroup.cxx,2,1,3
/media/ullmann/HDDGabriel/research/engines/panda3d/panda/src/gobj/vertexDataSaveFile.cxx,8,1,9
/media/ullmann/HDDGabriel/research/engines/panda3d/dtool/src/dtoolbase/plist.h,5,23,28
/media/ullmann/HDDGabriel/research/engines/panda3d/dtool/src/dtoolbase/register_type.h,4,14,18
/media/ullmann/HDDGabriel/research/engines/panda3d/panda/src/express/trueClock.cxx,8,1,9
/media/ullmann/HDDGabriel/research/engines/panda3d/panda/src/dxgsg9/wdxGraphicsWindow9.h,5,3,8
/media/ullmann/HDDGabriel/research/engines/panda3d/panda/src/pgraph/texGenAttrib.cxx,8,1,9
/media/ullmann/HDDGabriel/research/engines/panda3d/panda/src/pnmimagetypes/pnmFileTypeBMP.h,4,4,8
/media/ullmann/HDDGabriel/research/engines/panda3d/panda/src/bullet/bulletSoftBodyControl.h,5,2,7
/media/ullmann/HDDGabriel/research/engines/panda3d/panda/src/pgraph/cullBinManager.cxx,6,1,7
/media/ullmann/HDDGabriel/research/engines/panda3d/pandatool/src/maxprogs/maxEggImport.cxx,6,0,6
/media/ullmann/HDDGabriel/research/engines/panda3d/pandatool/src/maxprogs/maxImportRes.h,0,1,1
/media/ullmann/HDDGabriel/research/engines/panda3d/pandatool/src/xfile/xFileDataDef.h,8,4,12
/media/ullmann/HDDGabriel/research/engines/panda3d/pandatool/src/xfile/xFileDataObject.h,5,10,15
/media/ullmann/HDDGabriel/research/engines/panda3d/panda/src/display/windowProperties.cxx,3,1,4
/media/ullmann/HDDGabriel/research/engines/panda3d/direct/src/dcparser/dcAtomicField.cxx,6,1,7
/media/ullmann/HDDGabriel/research/engines/panda3d/pandatool/src/daeegg/config_daeegg.cxx,4,1,5
/media/ullmann/HDDGabriel/research/engines/panda3d/panda/src/ode/odeSphereGeom.h,5,4,9
/media/ullmann/HDDGabriel/research/engines/panda3d/panda/src/bullet/bulletSoftBodyShape.cxx,3,1,4
/media/ullmann/HDDGabriel/research/engines/panda3d/panda/src/bullet/bulletSoftBodyShape.h,4,3,7
/media/ullmann/HDDGabriel/research/engines/panda3d/dtool/src/prc/configVariableEnum.cxx,1,1,2
/media/ullmann/HDDGabriel/research/engines/panda3d/direct/src/interval/cConstrainPosInterval.h,4,2,6
/media/ullmann/HDDGabriel/research/engines/panda3d/panda/src/express/zipArchive.cxx,13,1,14
/media/ullmann/HDDGabriel/research/engines/panda3d/contrib/src/rplight/rpSpotLight.h,3,1,4
/media/ullmann/HDDGabriel/research/engines/panda3d/contrib/src/rplight/rpSpotLight.I,0,1,1
/media/ullmann/HDDGabriel/research/engines/panda3d/panda/metalibs/pandagles/pandagles.h,1,1,2
/media/ullmann/HDDGabriel/research/engines/panda3d/panda/src/pgraph/textureStageCollection.cxx,4,1,5
/media/ullmann/HDDGabriel/research/engines/panda3d/panda/src/gobj/materialPool.cxx,3,1,4
/media/ullmann/HDDGabriel/research/engines/panda3d/panda/src/pgraph/nodePathCollection.h,4,16,20
/media/ullmann/HDDGabriel/research/engines/panda3d/panda/src/egldisplay/eglGraphicsBuffer.h,3,3,6
/media/ullmann/HDDGabriel/research/engines/panda3d/panda/src/egg/eggCoordinateSystem_ext.h,4,1,5
/media/ullmann/HDDGabriel/research/engines/panda3d/panda/src/display/standardMunger.I,0,1,1
/media/ullmann/HDDGabriel/research/engines/panda3d/panda/src/recorder/socketStreamRecorder.h,5,2,7
/media/ullmann/HDDGabriel/research/engines/panda3d/panda/src/pgraph/scissorAttrib.cxx,7,1,8
/media/ullmann/HDDGabriel/research/engines/panda3d/panda/src/movies/flacAudioCursor.cxx,4,1,5
/media/ullmann/HDDGabriel/research/engines/panda3d/dtool/src/prc/notifySeverity.h,1,6,7
/media/ullmann/HDDGabriel/research/engines/panda3d/dtool/src/cppparser/cppTBDType.h,2,3,5
/media/ullmann/HDDGabriel/research/engines/panda3d/panda/src/display/renderBuffer.h,1,8,9
/media/ullmann/HDDGabriel/research/engines/panda3d/panda/src/pgraph/shaderInput_ext.h,4,3,7
/media/ullmann/HDDGabriel/research/engines/panda3d/panda/src/express/datagramIterator.I,0,1,1
/media/ullmann/HDDGabriel/research/engines/panda3d/pandatool/src/flt/fltVertexList.cxx,4,1,5
/media/ullmann/HDDGabriel/research/engines/panda3d/pandatool/src/xfile/p3xfile_composite1.cxx,17,0,17
/media/ullmann/HDDGabriel/research/engines/panda3d/pandatool/src/xfile/xFileArrayDef.cxx,3,1,4
/media/ullmann/HDDGabriel/research/engines/panda3d/panda/src/particlesystem/rectangleEmitter.h,2,2,4
/media/ullmann/HDDGabriel/research/engines/panda3d/panda/src/particlesystem/rectangleEmitter.I,0,1,1
/media/ullmann/HDDGabriel/research/engines/panda3d/panda/src/pgraph/billboardEffect.h,5,8,13
/media/ullmann/HDDGabriel/research/engines/panda3d/pandatool/src/imagebase/imageFilter.h,2,1,3
/media/ullmann/HDDGabriel/research/engines/panda3d/panda/src/putil/portalMask.h,2,1,3
/media/ullmann/HDDGabriel/research/engines/panda3d/panda/src/express/ordered_vector.h,7,23,30
/media/ullmann/HDDGabriel/research/engines/panda3d/panda/src/bullet/bulletConeTwistConstraint.h,6,2,8
/media/ullmann/HDDGabriel/research/engines/panda3d/panda/src/iphonedisplay/iPhoneGraphicsWindow.h,5,1,6
/media/ullmann/HDDGabriel/research/engines/panda3d/panda/src/pgraph/transparencyAttrib.cxx,7,1,8
/media/ullmann/HDDGabriel/research/engines/panda3d/panda/src/event/asyncTaskManager.cxx,10,1,11
/media/ullmann/HDDGabriel/research/engines/panda3d/panda/src/chan/animBundle.cxx,6,1,7
/media/ullmann/HDDGabriel/research/engines/panda3d/dtool/src/dtoolbase/lookup3.h,2,2,4
/media/ullmann/HDDGabriel/research/engines/panda3d/panda/src/collide/collisionNode.cxx,17,1,18
/media/ullmann/HDDGabriel/research/engines/panda3d/pandatool/src/mayaprogs/mayaConversionClient.h,6,3,9
/media/ullmann/HDDGabriel/research/engines/panda3d/pandatool/src/mayaprogs/mayaConversionServer.h,4,5,9
/media/ullmann/HDDGabriel/research/engines/panda3d/panda/src/vrpn/vrpnDial.h,4,2,6
/media/ullmann/HDDGabriel/research/engines/panda3d/panda/src/ode/odeMass.h,5,3,8
/media/ullmann/HDDGabriel/research/engines/panda3d/panda/src/egg/eggTable.I,0,1,1
/media/ullmann/HDDGabriel/research/engines/panda3d/panda/src/device/clientBase.cxx,2,1,3
/media/ullmann/HDDGabriel/research/engines/panda3d/panda/src/bullet/bulletRigidBodyNode.h,7,11,18
/media/ullmann/HDDGabriel/research/engines/panda3d/panda/src/bullet/bulletRigidBodyNode.I,0,1,1
/media/ullmann/HDDGabriel/research/engines/panda3d/panda/src/text/textProperties.h,8,5,13
/media/ullmann/HDDGabriel/research/engines/panda3d/panda/src/event/asyncFuture.cxx,7,1,8
/media/ullmann/HDDGabriel/research/engines/panda3d/panda/src/pstatclient/pStatClientControlMessage.cxx,5,1,6
/media/ullmann/HDDGabriel/research/engines/panda3d/panda/src/pstatclient/pStatClientControlMessage.h,3,4,7
/media/ullmann/HDDGabriel/research/engines/panda3d/contrib/src/speedtree/loaderFileTypeStf.cxx,2,1,3
/media/ullmann/HDDGabriel/research/engines/panda3d/contrib/src/speedtree/loaderFileTypeStf.h,1,2,3
/media/ullmann/HDDGabriel/research/engines/panda3d/panda/src/tinydisplay/tinyWinGraphicsPipe.h,4,4,8
/media/ullmann/HDDGabriel/research/engines/panda3d/panda/src/pgraphnodes/callbackNode.cxx,8,1,9
/media/ullmann/HDDGabriel/research/engines/panda3d/panda/src/express/hashVal.cxx,5,1,6
/media/ullmann/HDDGabriel/research/engines/panda3d/panda/src/downloader/bioStreamBuf.cxx,4,1,5
/media/ullmann/HDDGabriel/research/engines/panda3d/panda/src/downloader/bioStreamBuf.h,3,2,5
/media/ullmann/HDDGabriel/research/engines/panda3d/panda/src/bullet/bulletSoftBodyConfig.h,4,2,6
/media/ullmann/HDDGabriel/research/engines/panda3d/panda/src/egg/eggPatch.h,3,5,8
/media/ullmann/HDDGabriel/research/engines/panda3d/panda/src/egg/eggPatch.I,0,1,1
/media/ullmann/HDDGabriel/research/engines/panda3d/panda/src/express/virtualFileMountRamdisk.cxx,3,1,4
/media/ullmann/HDDGabriel/research/engines/panda3d/panda/src/express/virtualFileMountRamdisk.h,5,3,8
/media/ullmann/HDDGabriel/research/engines/panda3d/panda/src/display/drawableRegion.h,5,4,9
/media/ullmann/HDDGabriel/research/engines/panda3d/dtool/src/prc/config_prc.cxx,4,1,5
/media/ullmann/HDDGabriel/research/engines/panda3d/panda/src/display/drawableRegion.cxx,2,1,3
/media/ullmann/HDDGabriel/research/engines/panda3d/panda/src/particlesystem/sparkleParticleRenderer.h,9,1,10
/media/ullmann/HDDGabriel/research/engines/panda3d/panda/src/express/zStream.cxx,1,1,2
/media/ullmann/HDDGabriel/research/engines/panda3d/panda/src/express/zStream.h,3,20,23
/media/ullmann/HDDGabriel/research/engines/panda3d/dtool/src/dtoolutil/panda_getopt_impl.cxx,2,1,3
/media/ullmann/HDDGabriel/research/engines/panda3d/dtool/src/dtoolutil/panda_getopt_impl.h,1,1,2
/media/ullmann/HDDGabriel/research/engines/panda3d/panda/src/pgraph/accumulatedAttribs.cxx,10,1,11
/media/ullmann/HDDGabriel/research/engines/panda3d/panda/src/ode/odeWorld.cxx,3,1,4
/media/ullmann/HDDGabriel/research/engines/panda3d/panda/src/recorder/recorderController.h,8,6,14
/media/ullmann/HDDGabriel/research/engines/panda3d/panda/src/bullet/bulletTickCallbackData.cxx,1,1,2
/media/ullmann/HDDGabriel/research/engines/panda3d/panda/src/egg/eggTexture.h,7,33,40
/media/ullmann/HDDGabriel/research/engines/panda3d/panda/src/putil/modifierButtons.cxx,2,1,3
/media/ullmann/HDDGabriel/research/engines/panda3d/panda/src/gobj/geomLinestrips.cxx,8,1,9
/media/ullmann/HDDGabriel/research/engines/panda3d/pandatool/src/flt/fltHeader.cxx,10,1,11
/media/ullmann/HDDGabriel/research/engines/panda3d/panda/src/express/virtualFileMountZip.cxx,2,1,3
/media/ullmann/HDDGabriel/research/engines/panda3d/panda/src/cocoadisplay/cocoaGraphicsPipe.h,6,3,9
/media/ullmann/HDDGabriel/research/engines/panda3d/dtool/src/interrogatedb/interrogateElement.cxx,4,1,5
/media/ullmann/HDDGabriel/research/engines/panda3d/panda/src/express/virtualFileComposite.h,3,3,6
/media/ullmann/HDDGabriel/research/engines/panda3d/panda/src/gobj/geomLinesAdjacency.cxx,7,1,8
/media/ullmann/HDDGabriel/research/engines/panda3d/panda/src/movies/movieVideoCursor.cxx,6,1,7
/media/ullmann/HDDGabriel/research/engines/panda3d/panda/src/grutil/pipeOcclusionCullTraverser.I,0,1,1
/media/ullmann/HDDGabriel/research/engines/panda3d/dtool/src/dtoolbase/typeHandle_ext.h,4,1,5
/media/ullmann/HDDGabriel/research/engines/panda3d/pandatool/src/lwoegg/cLwoPolygons.cxx,9,1,10
/media/ullmann/HDDGabriel/research/engines/panda3d/pandatool/src/lwoegg/cLwoPoints.h,4,3,7
/media/ullmann/HDDGabriel/research/engines/panda3d/panda/src/egg/eggBinMaker.cxx,6,1,7
/media/ullmann/HDDGabriel/research/engines/panda3d/pandatool/src/win-stats/winStatsGraph.cxx,5,1,6
/media/ullmann/HDDGabriel/research/engines/panda3d/panda/src/pgraph/cullableObject.cxx,19,1,20
/media/ullmann/HDDGabriel/research/engines/panda3d/panda/src/pgraph/lensNode.cxx,8,1,9
/media/ullmann/HDDGabriel/research/engines/panda3d/panda/src/net/queuedReturn.I,0,1,1
/media/ullmann/HDDGabriel/research/engines/panda3d/direct/src/distributed/cConnectionRepository.h,13,2,15
/media/ullmann/HDDGabriel/research/engines/panda3d/panda/src/grutil/lineSegs.I,0,1,1
/media/ullmann/HDDGabriel/research/engines/panda3d/panda/src/pgraph/modelNode.cxx,4,1,5
/media/ullmann/HDDGabriel/research/engines/panda3d/panda/src/movies/movieTypeRegistry.cxx,6,1,7
/media/ullmann/HDDGabriel/research/engines/panda3d/panda/src/bullet/bulletBodyNode.h,10,5,15
/media/ullmann/HDDGabriel/research/engines/panda3d/panda/src/glstuff/glVertexBufferContext_src.cxx,0,1,1
/media/ullmann/HDDGabriel/research/engines/panda3d/pandatool/src/imagebase/p3imagebase_composite1.cxx,4,0,4
/media/ullmann/HDDGabriel/research/engines/panda3d/pandatool/src/imagebase/imageBase.cxx,1,1,2
/media/ullmann/HDDGabriel/research/engines/panda3d/panda/src/collide/collisionHandlerPhysical.h,7,6,13
/media/ullmann/HDDGabriel/research/engines/panda3d/dtool/src/cppparser/cppInstanceIdentifier.cxx,9,1,10
/media/ullmann/HDDGabriel/research/engines/panda3d/dtool/src/cppparser/cppSimpleType.h,2,14,16
/media/ullmann/HDDGabriel/research/engines/panda3d/dtool/src/dtoolbase/p3dtoolbase_composite2.cxx,12,0,12
/media/ullmann/HDDGabriel/research/engines/panda3d/panda/src/audio/p3audio_composite1.cxx,7,0,7
/media/ullmann/HDDGabriel/research/engines/panda3d/panda/src/audio/audioSound.cxx,1,1,2
/media/ullmann/HDDGabriel/research/engines/panda3d/panda/src/express/virtualFile.cxx,6,1,7
/media/ullmann/HDDGabriel/research/engines/panda3d/dtool/src/parser-inc/ogg/ogg.h,2,2,4
/media/ullmann/HDDGabriel/research/engines/panda3d/panda/src/gobj/geomPatches.cxx,6,1,7
/media/ullmann/HDDGabriel/research/engines/panda3d/dtool/src/dtoolutil/iostream_ext.h,4,1,5
/media/ullmann/HDDGabriel/research/engines/panda3d/panda/src/bullet/bulletSoftBodyConfig.I,0,1,1
/media/ullmann/HDDGabriel/research/engines/panda3d/panda/src/mathutil/pta_LMatrix4.h,3,6,9
/media/ullmann/HDDGabriel/research/engines/panda3d/dtool/src/prc/configVariableManager.h,7,6,13
/media/ullmann/HDDGabriel/research/engines/panda3d/dtool/src/interrogate/functionRemap.cxx,19,1,20
/media/ullmann/HDDGabriel/research/engines/panda3d/dtool/src/interrogate/parameterRemapConstToNonConst.cxx,3,1,4
/media/ullmann/HDDGabriel/research/engines/panda3d/dtool/src/interrogate/parameterRemapConstToNonConst.h,2,2,4
/media/ullmann/HDDGabriel/research/engines/panda3d/panda/src/pipeline/threadWin32Impl.cxx,6,1,7
/media/ullmann/HDDGabriel/research/engines/panda3d/panda/src/gobj/geomVertexData.cxx,10,1,11
/media/ullmann/HDDGabriel/research/engines/panda3d/panda/src/device/clientDialDevice.I,0,1,1
/media/ullmann/HDDGabriel/research/engines/panda3d/dtool/src/parser-inc/iostream,0,15,15
/media/ullmann/HDDGabriel/research/engines/panda3d/panda/src/express/circBuffer.h,2,2,4
/media/ullmann/HDDGabriel/research/engines/panda3d/pandatool/src/flt/config_flt.h,2,7,9
/media/ullmann/HDDGabriel/research/engines/panda3d/panda/src/express/datagram.cxx,3,1,4
/media/ullmann/HDDGabriel/research/engines/panda3d/panda/src/linmath/lrotation.cxx,4,1,5
/media/ullmann/HDDGabriel/research/engines/panda3d/pandatool/src/lwoegg/cLwoSurfaceBlockTMap.cxx,4,1,5
/media/ullmann/HDDGabriel/research/engines/panda3d/pandatool/src/bam/ptsToBam.h,5,1,6
/media/ullmann/HDDGabriel/research/engines/panda3d/panda/src/pgraph/depthOffsetAttrib.h,4,15,19
/media/ullmann/HDDGabriel/research/engines/panda3d/panda/src/tform/trackball.h,6,4,10
/media/ullmann/HDDGabriel/research/engines/panda3d/panda/src/tform/mouseInterfaceNode.h,4,3,7
/media/ullmann/HDDGabriel/research/engines/panda3d/panda/metalibs/pandagl/pandagl.h,1,1,2
/media/ullmann/HDDGabriel/research/engines/panda3d/panda/src/egg/eggFilenameNode.h,4,7,11
/media/ullmann/HDDGabriel/research/engines/panda3d/panda/src/egg/eggFilenameNode.I,0,1,1
/media/ullmann/HDDGabriel/research/engines/panda3d/pandatool/src/dxf/dxfFile.h,5,2,7
/media/ullmann/HDDGabriel/research/engines/panda3d/pandatool/src/palettizer/pal_string_utils.h,1,4,5
/media/ullmann/HDDGabriel/research/engines/panda3d/panda/src/bullet/bulletHeightfieldShape.h,8,2,10
/media/ullmann/HDDGabriel/research/engines/panda3d/dtool/src/dtoolbase/typeRegistryNode.cxx,3,1,4
/media/ullmann/HDDGabriel/research/engines/panda3d/panda/src/pipeline/pipelineCyclerDummyImpl.cxx,1,1,2
/media/ullmann/HDDGabriel/research/engines/panda3d/panda/src/pgraphnodes/fadeLodNode.cxx,10,1,11
/media/ullmann/HDDGabriel/research/engines/panda3d/panda/src/bullet/bulletTranslationalLimitMotor.cxx,2,1,3
/media/ullmann/HDDGabriel/research/engines/panda3d/panda/src/particlesystem/tangentRingEmitter.I,0,1,1
/media/ullmann/HDDGabriel/research/engines/panda3d/panda/src/parametrics/hermiteCurve.h,2,5,7
/media/ullmann/HDDGabriel/research/engines/panda3d/pandatool/src/progbase/withOutputFile.cxx,4,1,5
/media/ullmann/HDDGabriel/research/engines/panda3d/panda/src/tform/mouseWatcherRegion.h,7,6,13
/media/ullmann/HDDGabriel/research/engines/panda3d/panda/src/pipeline/mutexDirect.h,4,3,7
/media/ullmann/HDDGabriel/research/engines/panda3d/panda/src/gobj/geomMunger.cxx,6,1,7
/media/ullmann/HDDGabriel/research/engines/panda3d/dtool/src/dtoolbase/typeHandle.cxx,2,1,3
/media/ullmann/HDDGabriel/research/engines/panda3d/panda/src/vision/webcamVideoV4L.h,2,3,5
/media/ullmann/HDDGabriel/research/engines/panda3d/pandatool/src/palettizer/palettizer.cxx,16,1,17
/media/ullmann/HDDGabriel/research/engines/panda3d/panda/src/parametrics/nurbsVertex.h,5,5,10
/media/ullmann/HDDGabriel/research/engines/panda3d/panda/src/egg/eggNameUniquifier.h,3,4,7
/media/ullmann/HDDGabriel/research/engines/panda3d/direct/src/interval/cLerpInterval.cxx,2,1,3
/media/ullmann/HDDGabriel/research/engines/panda3d/pandatool/src/assimp/config_assimp.cxx,4,1,5
/media/ullmann/HDDGabriel/research/engines/panda3d/pandatool/src/assimp/config_assimp.h,4,7,11
/media/ullmann/HDDGabriel/research/engines/panda3d/pandatool/src/egg-mkfont/rangeDescription.cxx,3,1,4
/media/ullmann/HDDGabriel/research/engines/panda3d/panda/src/parametrics/nurbsCurveResult.cxx,2,1,3
/media/ullmann/HDDGabriel/research/engines/panda3d/panda/src/putil/bamCacheIndex.cxx,6,1,7
/media/ullmann/HDDGabriel/research/engines/panda3d/direct/src/dcparser/dcPackerCatalog.h,2,3,5
/media/ullmann/HDDGabriel/research/engines/panda3d/pandatool/src/egg-mkfont/rangeIterator.I,0,1,1
/media/ullmann/HDDGabriel/research/engines/panda3d/panda/src/dxgsg9/wdxGraphicsPipe9.cxx,5,1,6
/media/ullmann/HDDGabriel/research/engines/panda3d/panda/src/downloader/config_downloader.h,9,18,27
/media/ullmann/HDDGabriel/research/engines/panda3d/dtool/src/prc/configVariableFilename.h,4,12,16
/media/ullmann/HDDGabriel/research/engines/panda3d/panda/src/device/analogNode.I,0,1,1
/media/ullmann/HDDGabriel/research/engines/panda3d/panda/src/chan/animChannel.h,4,10,14
/media/ullmann/HDDGabriel/research/engines/panda3d/panda/src/egg2pg/animBundleMaker.cxx,12,1,13
/media/ullmann/HDDGabriel/research/engines/panda3d/pandatool/src/xfileprogs/eggToX.cxx,1,0,1
/media/ullmann/HDDGabriel/research/engines/panda3d/pandatool/src/xfileprogs/eggToX.h,1,1,2
/media/ullmann/HDDGabriel/research/engines/panda3d/panda/src/pgraphnodes/sequenceNode.cxx,3,1,4
/media/ullmann/HDDGabriel/research/engines/panda3d/panda/src/linmath/lpoint4.h,7,4,11
/media/ullmann/HDDGabriel/research/engines/panda3d/panda/src/bullet/bulletConeShape.I,0,1,1
/media/ullmann/HDDGabriel/research/engines/panda3d/panda/src/bullet/bulletWorld.cxx,9,1,10
/media/ullmann/HDDGabriel/research/engines/panda3d/panda/src/event/buttonEvent.cxx,5,1,6
/media/ullmann/HDDGabriel/research/engines/panda3d/dtool/src/prc/configVariableCore.cxx,7,1,8
/media/ullmann/HDDGabriel/research/engines/panda3d/panda/src/particlesystem/particleSystemManager.cxx,7,1,8
/media/ullmann/HDDGabriel/research/engines/panda3d/panda/src/particlesystem/particleSystemManager.h,5,2,7
/media/ullmann/HDDGabriel/research/engines/panda3d/panda/src/chan/animPreloadTable.h,5,5,10
/media/ullmann/HDDGabriel/research/engines/panda3d/panda/src/glstuff/glOcclusionQueryContext_src.h,4,1,5
/media/ullmann/HDDGabriel/research/engines/panda3d/panda/src/putil/doubleBitMask_ext.h,6,0,6
/media/ullmann/HDDGabriel/research/engines/panda3d/pandatool/src/imageprogs/imageFixHiddenColor.cxx,2,0,2
/media/ullmann/HDDGabriel/research/engines/panda3d/panda/src/ode/odeQuadTreeSpace.cxx,2,1,3
/media/ullmann/HDDGabriel/research/engines/panda3d/pandatool/src/lwo/lwoSurfaceBlockTransform.cxx,4,1,5
/media/ullmann/HDDGabriel/research/engines/panda3d/panda/src/egg/eggTable.cxx,3,1,4
/media/ullmann/HDDGabriel/research/engines/panda3d/panda/src/downloader/urlSpec.h,3,12,15
/media/ullmann/HDDGabriel/research/engines/panda3d/panda/src/downloader/urlSpec.I,0,1,1
/media/ullmann/HDDGabriel/research/engines/panda3d/panda/src/express/test_zstream.cxx,4,0,4
/media/ullmann/HDDGabriel/research/engines/panda3d/dtool/src/parser-inc/zlib.h,1,4,5
/media/ullmann/HDDGabriel/research/engines/panda3d/dtool/src/cppparser/cppEnumType.cxx,9,1,10
/media/ullmann/HDDGabriel/research/engines/panda3d/panda/src/egg/eggAttributes.h,7,5,12
/media/ullmann/HDDGabriel/research/engines/panda3d/panda/src/egg/eggUserData.h,3,6,9
/media/ullmann/HDDGabriel/research/engines/panda3d/panda/src/egg/eggUserData.I,0,1,1
/media/ullmann/HDDGabriel/research/engines/panda3d/panda/src/pnmimagetypes/pnmFileTypeSGI.cxx,5,1,6
/media/ullmann/HDDGabriel/research/engines/panda3d/dtool/src/dtoolutil/filename.cxx,16,1,17
/media/ullmann/HDDGabriel/research/engines/panda3d/dtool/src/dtoolutil/filename_assist.h,1,1,2
/media/ullmann/HDDGabriel/research/engines/panda3d/panda/src/pipeline/threadImpl.h,6,1,7
/media/ullmann/HDDGabriel/research/engines/panda3d/panda/src/pipeline/threadSimpleImpl.h,8,7,15
/media/ullmann/HDDGabriel/research/engines/panda3d/panda/src/express/windowsRegistry.h,1,2,3
/media/ullmann/HDDGabriel/research/engines/panda3d/pandatool/src/palettizer/paletteImage.h,2,8,10
/media/ullmann/HDDGabriel/research/engines/panda3d/pandatool/src/palettizer/texturePlacement.cxx,14,1,15
/media/ullmann/HDDGabriel/research/engines/panda3d/panda/src/express/stringStreamBuf.cxx,3,1,4
/media/ullmann/HDDGabriel/research/engines/panda3d/panda/src/pgraphnodes/shaderGenerator.I,0,1,1
/media/ullmann/HDDGabriel/research/engines/panda3d/panda/src/pgraph/shaderAttrib.h,14,18,32
/media/ullmann/HDDGabriel/research/engines/panda3d/pandatool/src/xfile/xFileDataObjectDouble.h,2,4,6
/media/ullmann/HDDGabriel/research/engines/panda3d/panda/src/nativenet/socket_portable.h,16,4,20
/media/ullmann/HDDGabriel/research/engines/panda3d/contrib/src/ai/aiNode.h,1,2,3
/media/ullmann/HDDGabriel/research/engines/panda3d/pandatool/src/gtk-stats/gtkStatsLabelStack.h,1,5,6
/media/ullmann/HDDGabriel/research/engines/panda3d/pandatool/src/mayaegg/mayaNodeDesc.cxx,6,1,7
/media/ullmann/HDDGabriel/research/engines/panda3d/contrib/src/ai/arrival.cxx,3,1,4
/media/ullmann/HDDGabriel/research/engines/panda3d/contrib/src/ai/pursue.h,2,4,6
/media/ullmann/HDDGabriel/research/engines/panda3d/pandatool/src/xfileegg/xFileMesh.cxx,12,1,13
/media/ullmann/HDDGabriel/research/engines/panda3d/pandatool/src/xfileegg/xFileFace.h,1,2,3
/media/ullmann/HDDGabriel/research/engines/panda3d/panda/src/pgraphnodes/lightLensNode.h,7,9,16
/media/ullmann/HDDGabriel/research/engines/panda3d/panda/src/glxdisplay/glxGraphicsWindow.h,5,4,9
/media/ullmann/HDDGabriel/research/engines/panda3d/direct/src/dcparser/dcSwitch.cxx,6,1,7
/media/ullmann/HDDGabriel/research/engines/panda3d/panda/src/express/zStream.I,0,1,1
/media/ullmann/HDDGabriel/research/engines/panda3d/dtool/src/interrogatedb/interrogate_interface.cxx,5,1,6
/media/ullmann/HDDGabriel/research/engines/panda3d/panda/src/downloader/downloadDb.cxx,7,1,8
/media/ullmann/HDDGabriel/research/engines/panda3d/panda/src/pgraph/portalClipper.cxx,18,1,19
/media/ullmann/HDDGabriel/research/engines/panda3d/panda/src/gobj/transformTable.cxx,3,1,4
/media/ullmann/HDDGabriel/research/engines/panda3d/panda/src/putil/pythonCallbackObject.cxx,5,1,6
/media/ullmann/HDDGabriel/research/engines/panda3d/dtool/src/parser-inc/Eigen/StdVector,0,1,1
/media/ullmann/HDDGabriel/research/engines/panda3d/panda/src/particlesystem/baseParticleRenderer.cxx,5,1,6
/media/ullmann/HDDGabriel/research/engines/panda3d/contrib/src/speedtree/stTransform.cxx,1,1,2
/media/ullmann/HDDGabriel/research/engines/panda3d/panda/src/downloader/patcher.h,5,1,6
/media/ullmann/HDDGabriel/research/engines/panda3d/panda/src/downloader/patcher.I,0,1,1
/media/ullmann/HDDGabriel/research/engines/panda3d/panda/src/tform/transform2sg.h,3,3,6
/media/ullmann/HDDGabriel/research/engines/panda3d/panda/src/pgraph/texMatrixAttrib.I,0,1,1
/media/ullmann/HDDGabriel/research/engines/panda3d/panda/src/egg/eggMesherFanMaker.cxx,4,1,5
/media/ullmann/HDDGabriel/research/engines/panda3d/panda/src/putil/clockObject.cxx,5,1,6
/media/ullmann/HDDGabriel/research/engines/panda3d/panda/src/tinydisplay/tinyTextureContext.I,0,1,1
/media/ullmann/HDDGabriel/research/engines/panda3d/pandatool/src/flt/fltPackedColor.h,3,4,7
/media/ullmann/HDDGabriel/research/engines/panda3d/pandatool/src/flt/fltPackedColor.I,0,1,1
/media/ullmann/HDDGabriel/research/engines/panda3d/panda/src/pgraphnodes/lightNode.h,4,3,7
/media/ullmann/HDDGabriel/research/engines/panda3d/panda/src/pipeline/reMutexDirect.cxx,2,1,3
/media/ullmann/HDDGabriel/research/engines/panda3d/pandatool/src/mayaprogs/normal_test.cxx,4,0,4
/media/ullmann/HDDGabriel/research/engines/panda3d/panda/src/framework/pandaFramework.h,14,9,23
/media/ullmann/HDDGabriel/research/engines/panda3d/panda/src/pgraph/shaderAttrib_ext.cxx,2,1,3
/media/ullmann/HDDGabriel/research/engines/panda3d/panda/src/pgraph/workingNodePath.h,4,6,10
/media/ullmann/HDDGabriel/research/engines/panda3d/panda/src/pgraph/workingNodePath.I,0,1,1
/media/ullmann/HDDGabriel/research/engines/panda3d/panda/src/tinydisplay/store_pixel.cxx,5,1,6
/media/ullmann/HDDGabriel/research/engines/panda3d/panda/src/tinydisplay/store_pixel_table.h,0,2,2
/media/ullmann/HDDGabriel/research/engines/panda3d/direct/src/interval/cConstrainHprInterval.cxx,3,1,4
/media/ullmann/HDDGabriel/research/engines/panda3d/panda/src/gobj/geomPrimitive.cxx,19,1,20
/media/ullmann/HDDGabriel/research/engines/panda3d/contrib/src/ai/flock.h,2,4,6
/media/ullmann/HDDGabriel/research/engines/panda3d/panda/src/physics/angularEulerIntegrator.cxx,4,1,5
/media/ullmann/HDDGabriel/research/engines/panda3d/panda/src/putil/modifierButtons.I,0,1,1
/media/ullmann/HDDGabriel/research/engines/panda3d/panda/src/downloader/httpClient.h,12,4,16
/media/ullmann/HDDGabriel/research/engines/panda3d/panda/src/particlesystem/p3particlesystem_composite2.cxx,11,0,11
/media/ullmann/HDDGabriel/research/engines/panda3d/panda/src/particlesystem/baseParticle.cxx,1,1,2
/media/ullmann/HDDGabriel/research/engines/panda3d/panda/src/cull/config_cull.cxx,8,1,9
/media/ullmann/HDDGabriel/research/engines/panda3d/panda/src/windisplay/p3windisplay_composite1.cxx,3,0,3
/media/ullmann/HDDGabriel/research/engines/panda3d/contrib/src/rplight/config_rplight.cxx,4,1,5
/media/ullmann/HDDGabriel/research/engines/panda3d/pandatool/src/palettizer/paletteGroup.h,7,12,19
/media/ullmann/HDDGabriel/research/engines/panda3d/panda/src/ode/odeSpace_ext.h,6,1,7
/media/ullmann/HDDGabriel/research/engines/panda3d/panda/src/ode/odeSpace_ext.I,0,1,1
/media/ullmann/HDDGabriel/research/engines/panda3d/pandatool/src/text-stats/textStats.h,2,2,4
/media/ullmann/HDDGabriel/research/engines/panda3d/dtool/src/parser-inc/fstream,0,7,7
/media/ullmann/HDDGabriel/research/engines/panda3d/pandatool/src/gtk-stats/gtkStatsMonitor.cxx,10,1,11
/media/ullmann/HDDGabriel/research/engines/panda3d/pandatool/src/gtk-stats/gtkStatsTimeline.h,1,2,3
/media/ullmann/HDDGabriel/research/engines/panda3d/panda/src/mathutil/parabola.h,6,6,12
/media/ullmann/HDDGabriel/research/engines/panda3d/panda/src/pgraphnodes/nodeCullCallbackData.cxx,6,1,7
/media/ullmann/HDDGabriel/research/engines/panda3d/panda/src/putil/bamCacheRecord.cxx,7,1,8
/media/ullmann/HDDGabriel/research/engines/panda3d/dtool/src/prc/notify.cxx,12,1,13
/media/ullmann/HDDGabriel/research/engines/panda3d/panda/src/dxgsg9/wdxGraphicsBuffer9.cxx,4,1,5
/media/ullmann/HDDGabriel/research/engines/panda3d/panda/src/downloadertools/pzip.cxx,5,0,5
/media/ullmann/HDDGabriel/research/engines/panda3d/dtool/src/dtoolutil/preprocess_argv.h,1,15,16
/media/ullmann/HDDGabriel/research/engines/panda3d/panda/src/linmath/coordinateSystem.cxx,7,1,8
/media/ullmann/HDDGabriel/research/engines/panda3d/panda/src/gobj/preparedGraphicsObjects.cxx,15,1,16
/media/ullmann/HDDGabriel/research/engines/panda3d/panda/src/gobj/geomContext.h,4,4,8
/media/ullmann/HDDGabriel/research/engines/panda3d/panda/metalibs/pandaegg/pandaegg.cxx,3,0,3
/media/ullmann/HDDGabriel/research/engines/panda3d/panda/src/gobj/geomContext.I,0,1,1
/media/ullmann/HDDGabriel/research/engines/panda3d/dtool/src/cppparser/cppParameterList.cxx,2,1,3
/media/ullmann/HDDGabriel/research/engines/panda3d/panda/src/pnmimage/pnmimage_base.cxx,6,1,7
/media/ullmann/HDDGabriel/research/engines/panda3d/pandatool/src/text-stats/textMonitor.cxx,6,0,6
/media/ullmann/HDDGabriel/research/engines/panda3d/panda/src/device/evdevInputDevice.h,2,5,7
/media/ullmann/HDDGabriel/research/engines/panda3d/pandatool/src/lwo/iffGenericChunk.h,3,3,6
/media/ullmann/HDDGabriel/research/engines/panda3d/pandatool/src/lwo/iffGenericChunk.I,0,1,1
/media/ullmann/HDDGabriel/research/engines/panda3d/panda/src/pgui/pgMouseWatcherParameter.h,4,7,11
/media/ullmann/HDDGabriel/research/engines/panda3d/panda/src/grutil/cardMaker.cxx,9,1,10
/media/ullmann/HDDGabriel/research/engines/panda3d/panda/src/gobj/geomCacheManager.h,5,5,10
/media/ullmann/HDDGabriel/research/engines/panda3d/dtool/src/parser-inc/sys/ioctl.h,0,4,4
/media/ullmann/HDDGabriel/research/engines/panda3d/panda/src/pgraph/alphaTestAttrib.cxx,8,1,9
/media/ullmann/HDDGabriel/research/engines/panda3d/dtool/src/interrogate/parameterRemapEnumToInt.cxx,6,1,7
/media/ullmann/HDDGabriel/research/engines/panda3d/panda/src/egg/eggPatch.cxx,5,1,6
/media/ullmann/HDDGabriel/research/engines/panda3d/dtool/src/interrogate/parameterRemapPTToPointer.cxx,8,1,9
/media/ullmann/HDDGabriel/research/engines/panda3d/direct/src/dcparser/dcPackData.h,2,3,5
/media/ullmann/HDDGabriel/research/engines/panda3d/panda/src/ode/odeBallJoint.h,6,4,10
/media/ullmann/HDDGabriel/research/engines/panda3d/panda/src/pnmimagetypes/p3pnmimagetypes_composite2.cxx,10,0,10
/media/ullmann/HDDGabriel/research/engines/panda3d/panda/src/pnmimagetypes/pnmFileTypePNM.cxx,4,1,5
/media/ullmann/HDDGabriel/research/engines/panda3d/pandatool/src/pstatserver/pStatListener.cxx,3,1,4
/media/ullmann/HDDGabriel/research/engines/panda3d/pandatool/src/pstatserver/pStatListener.h,2,2,4
/media/ullmann/HDDGabriel/research/engines/panda3d/panda/src/display/graphicsThreadingModel.h,2,3,5
/media/ullmann/HDDGabriel/research/engines/panda3d/panda/src/collide/p3collide_ext_composite.cxx,5,0,5
/media/ullmann/HDDGabriel/research/engines/panda3d/panda/src/collide/collisionTraverser_ext.cxx,1,1,2
/media/ullmann/HDDGabriel/research/engines/panda3d/panda/src/net/datagramSinkNet.cxx,2,1,3
/media/ullmann/HDDGabriel/research/engines/panda3d/panda/src/bullet/bulletClosestHitRayResult.h,8,2,10
/media/ullmann/HDDGabriel/research/engines/panda3d/pandatool/src/egg-qtess/config_egg_qtess.h,1,4,5
/media/ullmann/HDDGabriel/research/engines/panda3d/panda/src/ode/odeCollisionEntry.h,4,4,8
/media/ullmann/HDDGabriel/research/engines/panda3d/panda/src/ode/odeCollisionEntry.I,0,1,1
/media/ullmann/HDDGabriel/research/engines/panda3d/panda/src/pstatclient/pStatCollectorForward.h,4,1,5
/media/ullmann/HDDGabriel/research/engines/panda3d/dtool/src/dtoolbase/typedObject.I,0,1,1
/media/ullmann/HDDGabriel/research/engines/panda3d/panda/src/tform/mouseInterfaceNode.cxx,5,1,6
/media/ullmann/HDDGabriel/research/engines/panda3d/panda/src/collide/collisionFloorMesh.cxx,21,1,22
/media/ullmann/HDDGabriel/research/engines/panda3d/panda/src/mathutil/boundingLine.h,3,8,11
/media/ullmann/HDDGabriel/research/engines/panda3d/panda/src/mathutil/boundingLine.I,0,1,1
/media/ullmann/HDDGabriel/research/engines/panda3d/panda/src/vision/config_vision.h,3,4,7
/media/ullmann/HDDGabriel/research/engines/panda3d/panda/src/movies/movieVideoCursor.I,0,1,1
/media/ullmann/HDDGabriel/research/engines/panda3d/panda/src/bullet/bulletConeTwistConstraint.cxx,4,1,5
/media/ullmann/HDDGabriel/research/engines/panda3d/panda/src/gobj/geomCacheEntry.h,7,6,13
/media/ullmann/HDDGabriel/research/engines/panda3d/panda/src/egldisplay/eglGraphicsWindow.cxx,14,1,15
/media/ullmann/HDDGabriel/research/engines/panda3d/direct/src/dcparser/p3dcparser_composite2.cxx,11,0,11
/media/ullmann/HDDGabriel/research/engines/panda3d/dtool/src/parser-inc/cmath,0,1,1
/media/ullmann/HDDGabriel/research/engines/panda3d/dtool/src/parser-inc/io.h,0,4,4
/media/ullmann/HDDGabriel/research/engines/panda3d/pandatool/src/egg-qtess/qtessInputEntry.cxx,8,1,9
/media/ullmann/HDDGabriel/research/engines/panda3d/pandatool/src/lwoegg/cLwoLayer.h,3,4,7
/media/ullmann/HDDGabriel/research/engines/panda3d/pandatool/src/lwoegg/cLwoLayer.I,0,1,1
/media/ullmann/HDDGabriel/research/engines/panda3d/direct/src/interval/showInterval.h,3,2,5
/media/ullmann/HDDGabriel/research/engines/panda3d/panda/src/windisplay/winGraphicsWindow.h,4,6,10
/media/ullmann/HDDGabriel/research/engines/panda3d/pandatool/src/eggcharbase/eggVertexPointer.cxx,1,1,2
/media/ullmann/HDDGabriel/research/engines/panda3d/panda/src/egldisplay/p3egldisplay_composite1.cxx,6,0,6
/media/ullmann/HDDGabriel/research/engines/panda3d/panda/src/egldisplay/eglGraphicsStateGuardian.cxx,3,1,4
/media/ullmann/HDDGabriel/research/engines/panda3d/pandatool/src/maya/mayaShader.h,4,3,7
/media/ullmann/HDDGabriel/research/engines/panda3d/dtool/src/interrogate/interrogate_composite1.cxx,12,0,12
/media/ullmann/HDDGabriel/research/engines/panda3d/dtool/src/interrogate/functionWriter.cxx,1,1,2
/media/ullmann/HDDGabriel/research/engines/panda3d/panda/src/downloader/downloadDb.h,11,1,12
/media/ullmann/HDDGabriel/research/engines/panda3d/panda/src/downloader/downloadDb.I,0,1,1
/media/ullmann/HDDGabriel/research/engines/panda3d/dtool/src/interrogate/functionWriterPtrToPython.h,1,2,3
/media/ullmann/HDDGabriel/research/engines/panda3d/dtool/src/interrogate/functionWriter.h,1,4,5
/media/ullmann/HDDGabriel/research/engines/panda3d/panda/src/egg/eggVertexUV.cxx,3,1,4
/media/ullmann/HDDGabriel/research/engines/panda3d/pandatool/src/palettizer/palettePage.h,3,4,7
/media/ullmann/HDDGabriel/research/engines/panda3d/pandatool/src/mayaprogs/mayaToEgg.cxx,3,0,3
/media/ullmann/HDDGabriel/research/engines/panda3d/pandatool/src/mayaprogs/mayaToEgg.h,0,3,3
/media/ullmann/HDDGabriel/research/engines/panda3d/pandatool/src/lwo/lwoSurfaceBlockImage.cxx,4,1,5
/media/ullmann/HDDGabriel/research/engines/panda3d/panda/src/chan/bindAnimRequest.I,0,1,1
/media/ullmann/HDDGabriel/research/engines/panda3d/dtool/src/interrogate/parameterRemapBasicStringToString.cxx,3,1,4
/media/ullmann/HDDGabriel/research/engines/panda3d/panda/src/pgraph/shaderAttrib.I,0,1,1
/media/ullmann/HDDGabriel/research/engines/panda3d/direct/src/dcparser/dcSubatomicType.h,1,6,7
/media/ullmann/HDDGabriel/research/engines/panda3d/panda/src/putil/factoryParams.h,8,6,14
/media/ullmann/HDDGabriel/research/engines/panda3d/panda/src/putil/factoryParam.h,4,5,9
/media/ullmann/HDDGabriel/research/engines/panda3d/panda/src/ode/odeSliderJoint.cxx,2,1,3
/media/ullmann/HDDGabriel/research/engines/panda3d/panda/src/egg/eggPoint.cxx,2,1,3
/media/ullmann/HDDGabriel/research/engines/panda3d/panda/src/bullet/bulletDebugNode.h,4,3,7
/media/ullmann/HDDGabriel/research/engines/panda3d/panda/src/display/parasiteBuffer.h,5,3,8
/media/ullmann/HDDGabriel/research/engines/panda3d/panda/src/display/parasiteBuffer.I,0,1,1
/media/ullmann/HDDGabriel/research/engines/panda3d/pandatool/src/eggprogs/eggTextureCards.cxx,8,0,8
/media/ullmann/HDDGabriel/research/engines/panda3d/panda/src/device/trackerNode.cxx,4,1,5
/media/ullmann/HDDGabriel/research/engines/panda3d/panda/src/device/clientTrackerDevice.h,4,4,8
/media/ullmann/HDDGabriel/research/engines/panda3d/dtool/src/dtoolbase/typeHandle_ext.cxx,1,0,1
/media/ullmann/HDDGabriel/research/engines/panda3d/panda/src/distort/pSphereLens.h,3,2,5
/media/ullmann/HDDGabriel/research/engines/panda3d/panda/src/egg/eggCurve.cxx,3,1,4
/media/ullmann/HDDGabriel/research/engines/panda3d/panda/src/putil/cachedTypedWritableReferenceCount.I,0,1,1
/media/ullmann/HDDGabriel/research/engines/panda3d/panda/src/putil/bamWriter.cxx,10,1,11
/media/ullmann/HDDGabriel/research/engines/panda3d/panda/src/glesgsg/p3glesgsg_composite1.cxx,2,0,2
/media/ullmann/HDDGabriel/research/engines/panda3d/panda/src/glesgsg/config_glesgsg.cxx,3,1,4
/media/ullmann/HDDGabriel/research/engines/panda3d/panda/src/pipeline/test_atomic.cxx,5,0,5
/media/ullmann/HDDGabriel/research/engines/panda3d/panda/src/parametrics/nurbsCurveResult.I,0,1,1
/media/ullmann/HDDGabriel/research/engines/panda3d/panda/src/bullet/bulletMinkowskiSumShape.cxx,2,1,3
/media/ullmann/HDDGabriel/research/engines/panda3d/pandatool/src/eggbase/eggMultiBase.h,4,2,6
/media/ullmann/HDDGabriel/research/engines/panda3d/panda/src/event/config_event.cxx,14,1,15
/media/ullmann/HDDGabriel/research/engines/panda3d/pandatool/src/lwoegg/cLwoPoints.I,0,1,1
/media/ullmann/HDDGabriel/research/engines/panda3d/panda/src/pgraph/cullHandler.I,0,1,1
/media/ullmann/HDDGabriel/research/engines/panda3d/panda/src/putil/bamWriter.I,0,1,1
/media/ullmann/HDDGabriel/research/engines/panda3d/pandatool/src/pstatserver/pStatThreadData.h,3,3,6
/media/ullmann/HDDGabriel/research/engines/panda3d/pandatool/src/lwo/lwoSurfaceBlockAxis.cxx,4,1,5
/media/ullmann/HDDGabriel/research/engines/panda3d/pandatool/src/mayaegg/config_mayaegg.h,1,5,6
/media/ullmann/HDDGabriel/research/engines/panda3d/panda/src/display/graphicsBuffer.h,5,14,19
/media/ullmann/HDDGabriel/research/engines/panda3d/panda/src/display/graphicsBuffer.I,0,1,1
/media/ullmann/HDDGabriel/research/engines/panda3d/panda/src/gobj/geomVertexRewriter.cxx,1,1,2
/media/ullmann/HDDGabriel/research/engines/panda3d/dtool/src/interrogatedb/interrogate_datafile.h,3,9,12
/media/ullmann/HDDGabriel/research/engines/panda3d/panda/src/egg/eggXfmAnimData.cxx,10,1,11
/media/ullmann/HDDGabriel/research/engines/panda3d/panda/src/grutil/pfmVizzer.h,6,2,8
/media/ullmann/HDDGabriel/research/engines/panda3d/panda/src/bullet/bulletBoxShape.cxx,3,1,4
/media/ullmann/HDDGabriel/research/engines/panda3d/panda/src/bullet/bulletBoxShape.h,6,3,9
/media/ullmann/HDDGabriel/research/engines/panda3d/panda/src/bullet/bulletConvexHullShape.h,8,2,10
/media/ullmann/HDDGabriel/research/engines/panda3d/panda/src/bullet/bulletConvexHullShape.I,0,1,1
/media/ullmann/HDDGabriel/research/engines/panda3d/pandatool/src/flt/fltTransformGeneralMatrix.cxx,3,1,4
/media/ullmann/HDDGabriel/research/engines/panda3d/panda/src/egg/pt_EggVertex.h,3,7,10
/media/ullmann/HDDGabriel/research/engines/panda3d/panda/src/pnmimage/pnmimage_base.h,2,9,11
/media/ullmann/HDDGabriel/research/engines/panda3d/panda/src/tinydisplay/tinyGraphicsBuffer.cxx,5,1,6
/media/ullmann/HDDGabriel/research/engines/panda3d/panda/src/express/virtualFileSystem.cxx,16,1,17
/media/ullmann/HDDGabriel/research/engines/panda3d/direct/src/dcparser/dcTypedef.h,2,4,6
/media/ullmann/HDDGabriel/research/engines/panda3d/pandatool/src/win-stats/winStatsLabelStack.cxx,3,1,4
/media/ullmann/HDDGabriel/research/engines/panda3d/dtool/src/dtoolutil/p3dtoolutil_ext_composite.cxx,4,0,4
/media/ullmann/HDDGabriel/research/engines/panda3d/dtool/src/dtoolutil/iostream_ext.cxx,1,1,2
/media/ullmann/HDDGabriel/research/engines/panda3d/panda/src/pgraph/modelNode.h,3,11,14
/media/ullmann/HDDGabriel/research/engines/panda3d/panda/src/dxgsg9/dxVertexBufferContext9.h,5,4,9
/media/ullmann/HDDGabriel/research/engines/panda3d/panda/src/express/subfileInfo.h,4,6,10
/media/ullmann/HDDGabriel/research/engines/panda3d/panda/src/express/subfileInfo.I,0,1,1
/media/ullmann/HDDGabriel/research/engines/panda3d/panda/src/gobj/geomVertexColumn.cxx,4,1,5
/media/ullmann/HDDGabriel/research/engines/panda3d/panda/src/audio/audioLoadRequest.cxx,2,1,3
/media/ullmann/HDDGabriel/research/engines/panda3d/panda/src/egg/eggXfmSAnim.cxx,9,1,10
/media/ullmann/HDDGabriel/research/engines/panda3d/dtool/src/prc/configFlags.h,5,8,13
/media/ullmann/HDDGabriel/research/engines/panda3d/panda/src/gsgbase/graphicsOutputBase.h,3,5,8
/media/ullmann/HDDGabriel/research/engines/panda3d/panda/src/pnmimage/pnmbitio.cxx,2,1,3
/media/ullmann/HDDGabriel/research/engines/panda3d/direct/src/interval/cLerpAnimEffectInterval.cxx,3,1,4
/media/ullmann/HDDGabriel/research/engines/panda3d/dtool/src/parser-inc/errno.h,0,15,15
/media/ullmann/HDDGabriel/research/engines/panda3d/panda/src/collide/collisionHandlerEvent.cxx,4,1,5
/media/ullmann/HDDGabriel/research/engines/panda3d/panda/src/ode/odeJointCollection.cxx,1,1,2
/media/ullmann/HDDGabriel/research/engines/panda3d/panda/src/express/pointerToVoid.cxx,1,1,2
/media/ullmann/HDDGabriel/research/engines/panda3d/panda/src/express/pointerToVoid.h,6,4,10
/media/ullmann/HDDGabriel/research/engines/panda3d/panda/src/egg/eggMesherStrip.h,6,4,10
/media/ullmann/HDDGabriel/research/engines/panda3d/panda/src/egg/eggMesherStrip.I,0,1,1
/media/ullmann/HDDGabriel/research/engines/panda3d/panda/src/pipeline/mutexSimpleImpl.h,5,2,7
/media/ullmann/HDDGabriel/research/engines/panda3d/pandatool/src/lwo/lwoLayer.h,2,3,5
/media/ullmann/HDDGabriel/research/engines/panda3d/panda/src/pgui/pgTop.h,6,5,11
/media/ullmann/HDDGabriel/research/engines/panda3d/panda/src/gsgbase/graphicsOutputBase.I,0,1,1
/media/ullmann/HDDGabriel/research/engines/panda3d/panda/src/device/linuxInputDeviceManager.h,1,4,5
/media/ullmann/HDDGabriel/research/engines/panda3d/contrib/src/ai/aiPathFinder.cxx,1,1,2
/media/ullmann/HDDGabriel/research/engines/panda3d/panda/src/gles2gsg/config_gles2gsg.h,3,3,6
/media/ullmann/HDDGabriel/research/engines/panda3d/panda/src/pgraph/materialCollection.h,4,3,7
/media/ullmann/HDDGabriel/research/engines/panda3d/panda/src/express/virtualFileMountMultifile.cxx,2,1,3
/media/ullmann/HDDGabriel/research/engines/panda3d/panda/src/text/fontPool.h,7,2,9
/media/ullmann/HDDGabriel/research/engines/panda3d/panda/src/particlesystem/lineParticleRenderer.I,0,1,1
/media/ullmann/HDDGabriel/research/engines/panda3d/pandatool/src/eggcharbase/eggJointData.h,5,5,10
/media/ullmann/HDDGabriel/research/engines/panda3d/pandatool/src/eggcharbase/eggJointData.I,0,1,1
/media/ullmann/HDDGabriel/research/engines/panda3d/panda/src/gobj/geomEnums.h,1,13,14
/media/ullmann/HDDGabriel/research/engines/panda3d/panda/src/ode/odeJoint_ext.cxx,13,1,14
/media/ullmann/HDDGabriel/research/engines/panda3d/dtool/src/dtoolutil/executionEnvironment.cxx,7,1,8
/media/ullmann/HDDGabriel/research/engines/panda3d/panda/src/tform/config_tform.cxx,11,1,12
/media/ullmann/HDDGabriel/research/engines/panda3d/panda/src/particlesystem/lineParticleRenderer.cxx,7,1,8
/media/ullmann/HDDGabriel/research/engines/panda3d/panda/src/dxml/p3dxml_composite1.cxx,2,0,2
/media/ullmann/HDDGabriel/research/engines/panda3d/panda/src/dxml/tinyxml_composite1.cxx,3,1,4
/media/ullmann/HDDGabriel/research/engines/panda3d/panda/src/express/test_ordered_vector.cxx,1,0,1
/media/ullmann/HDDGabriel/research/engines/panda3d/panda/src/grutil/cardMaker.h,7,5,12
/media/ullmann/HDDGabriel/research/engines/panda3d/panda/src/pgraph/occluderNode.I,0,1,1
/media/ullmann/HDDGabriel/research/engines/panda3d/pandatool/src/imageprogs/imageInfo.cxx,2,0,2
/media/ullmann/HDDGabriel/research/engines/panda3d/pandatool/src/imageprogs/imageInfo.h,0,1,1
/media/ullmann/HDDGabriel/research/engines/panda3d/dtool/src/dtoolbase/patomic.cxx,2,1,3
/media/ullmann/HDDGabriel/research/engines/panda3d/panda/src/display/windowHandle.cxx,1,1,2
/media/ullmann/HDDGabriel/research/engines/panda3d/dtool/src/dtoolutil/dSearchPath.cxx,4,1,5
/media/ullmann/HDDGabriel/research/engines/panda3d/dtool/src/parser-inc/iterator,0,11,11
/media/ullmann/HDDGabriel/research/engines/panda3d/panda/src/express/dcast.cxx,3,1,4
/media/ullmann/HDDGabriel/research/engines/panda3d/pandatool/src/pstatserver/pStatReader.h,6,4,10
/media/ullmann/HDDGabriel/research/engines/panda3d/panda/src/ode/odeBoxGeom.h,6,4,10
/media/ullmann/HDDGabriel/research/engines/panda3d/panda/src/tform/mouseWatcherRegion.cxx,2,1,3
/media/ullmann/HDDGabriel/research/engines/panda3d/panda/src/glxdisplay/posixGraphicsStateGuardian.cxx,2,1,3
/media/ullmann/HDDGabriel/research/engines/panda3d/pandatool/src/lwoegg/lwoToEggConverter.cxx,8,1,9
/media/ullmann/HDDGabriel/research/engines/panda3d/pandatool/src/lwoegg/cLwoPolygons.h,4,2,6
/media/ullmann/HDDGabriel/research/engines/panda3d/panda/src/physics/physicsCollisionHandler.cxx,8,1,9
/media/ullmann/HDDGabriel/research/engines/panda3d/panda/src/audio/audio.h,4,1,5
/media/ullmann/HDDGabriel/research/engines/panda3d/panda/src/gobj/geomVertexAnimationSpec.h,3,4,7
/media/ullmann/HDDGabriel/research/engines/panda3d/panda/src/linmath/lvec4_ops.h,9,1,10
/media/ullmann/HDDGabriel/research/engines/panda3d/pandatool/src/vrmlprogs/vrmlToEgg.cxx,1,0,1
/media/ullmann/HDDGabriel/research/engines/panda3d/pandatool/src/vrmlprogs/vrmlToEgg.h,0,1,1
/media/ullmann/HDDGabriel/research/engines/panda3d/dtool/src/dtoolutil/string_utils.cxx,4,1,5
/media/ullmann/HDDGabriel/research/engines/panda3d/pandatool/src/lwoegg/cLwoClip.cxx,3,1,4
/media/ullmann/HDDGabriel/research/engines/panda3d/pandatool/src/lwoegg/lwoToEggConverter.h,4,9,13
/media/ullmann/HDDGabriel/research/engines/panda3d/panda/src/linmath/p3linmath_composite1.cxx,10,0,10
/media/ullmann/HDDGabriel/research/engines/panda3d/dtool/src/prc/configVariable_ext.cxx,1,1,2
/media/ullmann/HDDGabriel/research/engines/panda3d/dtool/src/prc/configVariable_ext.h,4,1,5
/media/ullmann/HDDGabriel/research/engines/panda3d/panda/src/ode/odePlaneGeom.h,5,4,9
/media/ullmann/HDDGabriel/research/engines/panda3d/pandatool/src/eggprogs/eggListTextures.cxx,3,0,3
/media/ullmann/HDDGabriel/research/engines/panda3d/panda/src/putil/cPointerCallbackObject.h,3,3,6
/media/ullmann/HDDGabriel/research/engines/panda3d/panda/src/putil/bam.h,1,8,9
/media/ullmann/HDDGabriel/research/engines/panda3d/panda/src/gobj/transformBlendTable.cxx,4,1,5
/media/ullmann/HDDGabriel/research/engines/panda3d/panda/src/gobj/lens.I,0,1,1
/media/ullmann/HDDGabriel/research/engines/panda3d/panda/src/net/connectionManager.cxx,11,1,12
/media/ullmann/HDDGabriel/research/engines/panda3d/pandatool/src/pstatserver/pStatTimeline.cxx,6,1,7
/media/ullmann/HDDGabriel/research/engines/panda3d/panda/src/pgraph/compassEffect.cxx,8,1,9
/media/ullmann/HDDGabriel/research/engines/panda3d/panda/src/net/queuedConnectionReader.cxx,4,1,5
/media/ullmann/HDDGabriel/research/engines/panda3d/panda/src/putil/sparseArray_ext.I,0,1,1
/media/ullmann/HDDGabriel/research/engines/panda3d/panda/src/pgraph/cullHandler.cxx,6,1,7
/media/ullmann/HDDGabriel/research/engines/panda3d/panda/src/gobj/videoTexture.h,5,3,8
/media/ullmann/HDDGabriel/research/engines/panda3d/panda/src/putil/iterator_types.h,1,2,3
/media/ullmann/HDDGabriel/research/engines/panda3d/dtool/src/parser-inc/wtypes.h,0,3,3
/media/ullmann/HDDGabriel/research/engines/panda3d/panda/src/linmath/lvec3_ops.h,9,2,11
/media/ullmann/HDDGabriel/research/engines/panda3d/panda/src/mathutil/boundingLine.cxx,5,1,6
/media/ullmann/HDDGabriel/research/engines/panda3d/panda/src/audio/audioSound.h,5,12,17
/media/ullmann/HDDGabriel/research/engines/panda3d/panda/src/display/graphicsPipeSelection_ext.h,4,1,5
/media/ullmann/HDDGabriel/research/engines/panda3d/panda/src/pgraphnodes/fadeLodNodeData.h,2,3,5
/media/ullmann/HDDGabriel/research/engines/panda3d/dtool/src/dtoolbase/typeRegistry.I,0,1,1
/media/ullmann/HDDGabriel/research/engines/panda3d/pandatool/src/flt/fltMeshPrimitive.cxx,5,1,6
/media/ullmann/HDDGabriel/research/engines/panda3d/panda/src/collide/collisionParabola.h,4,9,13
/media/ullmann/HDDGabriel/research/engines/panda3d/panda/src/egg/vector_PT_EggVertex.cxx,2,1,3
/media/ullmann/HDDGabriel/research/engines/panda3d/panda/src/net/datagramQueue.h,5,2,7
/media/ullmann/HDDGabriel/research/engines/panda3d/dtool/src/dtoolbase/memoryHook.I,0,1,1
/media/ullmann/HDDGabriel/research/engines/panda3d/pandatool/src/daeegg/config_daeegg.h,1,4,5
/media/ullmann/HDDGabriel/research/engines/panda3d/panda/src/particlesystem/pointEmitter.h,2,2,4
/media/ullmann/HDDGabriel/research/engines/panda3d/panda/src/egg/vector_PT_EggTexture.h,5,3,8
/media/ullmann/HDDGabriel/research/engines/panda3d/panda/src/display/graphicsPipe.cxx,9,1,10
/media/ullmann/HDDGabriel/research/engines/panda3d/panda/src/cull/cullBinFrontToBack.cxx,7,1,8
/media/ullmann/HDDGabriel/research/engines/panda3d/panda/src/pgraphnodes/ambientLight.I,0,1,1
/media/ullmann/HDDGabriel/research/engines/panda3d/panda/src/bullet/bulletSphericalConstraint.h,6,2,8
/media/ullmann/HDDGabriel/research/engines/panda3d/panda/src/bullet/bulletVehicle.I,0,1,1
/media/ullmann/HDDGabriel/research/engines/panda3d/panda/src/display/graphicsBuffer.cxx,1,1,2
/media/ullmann/HDDGabriel/research/engines/panda3d/panda/src/putil/buttonMap.cxx,2,1,3
/media/ullmann/HDDGabriel/research/engines/panda3d/panda/src/putil/buttonMap.h,6,4,10
/media/ullmann/HDDGabriel/research/engines/panda3d/panda/src/express/memoryUsagePointers_ext.cxx,1,1,2
/media/ullmann/HDDGabriel/research/engines/panda3d/panda/src/express/memoryUsagePointers_ext.h,4,1,5
/media/ullmann/HDDGabriel/research/engines/panda3d/panda/src/event/throw_event.I,0,1,1
/media/ullmann/HDDGabriel/research/engines/panda3d/pandatool/src/flt/fltLOD.h,1,3,4
/media/ullmann/HDDGabriel/research/engines/panda3d/panda/src/gles2gsg/config_gles2gsg.cxx,3,1,4
/media/ullmann/HDDGabriel/research/engines/panda3d/pandatool/src/lwo/iffChunk.cxx,3,1,4
/media/ullmann/HDDGabriel/research/engines/panda3d/panda/src/pipeline/mutexDirect.cxx,1,1,2
/media/ullmann/HDDGabriel/research/engines/panda3d/pandatool/src/maxegg/maxOptionsDialog.h,0,1,1
/media/ullmann/HDDGabriel/research/engines/panda3d/panda/src/mathutil/triangulator.cxx,2,1,3
/media/ullmann/HDDGabriel/research/engines/panda3d/pandatool/src/lwo/lwoSurfaceBlockChannel.cxx,4,1,5
/media/ullmann/HDDGabriel/research/engines/panda3d/panda/src/pgraph/transformState.cxx,12,1,13
/media/ullmann/HDDGabriel/research/engines/panda3d/panda/src/egg/eggAnimPreload.I,0,1,1
/media/ullmann/HDDGabriel/research/engines/panda3d/pandatool/src/imageprogs/imageTrans.cxx,2,0,2
/media/ullmann/HDDGabriel/research/engines/panda3d/panda/src/pgraph/texProjectorEffect.h,5,3,8
/media/ullmann/HDDGabriel/research/engines/panda3d/panda/src/device/linuxInputDeviceManager.cxx,8,1,9
/media/ullmann/HDDGabriel/research/engines/panda3d/dtool/src/parser-inc/sys/inotify.h,0,1,1
/media/ullmann/HDDGabriel/research/engines/panda3d/panda/src/audio/audioManager.cxx,9,1,10
/media/ullmann/HDDGabriel/research/engines/panda3d/pandatool/src/converter/somethingToEggConverter.h,5,1,6
/media/ullmann/HDDGabriel/research/engines/panda3d/panda/src/pgraph/instanceList.I,0,1,1
/media/ullmann/HDDGabriel/research/engines/panda3d/panda/src/gles2gsg/p3gles2gsg_composite1.cxx,2,0,2
/media/ullmann/HDDGabriel/research/engines/panda3d/panda/src/egg2pg/characterMaker.h,6,2,8
/media/ullmann/HDDGabriel/research/engines/panda3d/pandatool/src/daeegg/daeCharacter.cxx,8,1,9
/media/ullmann/HDDGabriel/research/engines/panda3d/pandatool/src/daeegg/fcollada_utils.h,1,3,4
/media/ullmann/HDDGabriel/research/engines/panda3d/panda/src/gobj/queryContext.h,3,3,6
/media/ullmann/HDDGabriel/research/engines/panda3d/panda/src/gobj/queryContext.I,0,1,1
/media/ullmann/HDDGabriel/research/engines/panda3d/panda/src/putil/datagramInputFile.h,6,6,12
/media/ullmann/HDDGabriel/research/engines/panda3d/panda/src/express/fileReference.h,4,7,11
/media/ullmann/HDDGabriel/research/engines/panda3d/panda/src/particlesystem/pointEmitter.I,0,1,1
/media/ullmann/HDDGabriel/research/engines/panda3d/panda/src/vision/webcamVideoCursorV4L.h,3,3,6
/media/ullmann/HDDGabriel/research/engines/panda3d/panda/src/pgraph/instancedNode.cxx,5,1,6
/media/ullmann/HDDGabriel/research/engines/panda3d/panda/src/pgraph/instancedNode.h,5,2,7
/media/ullmann/HDDGabriel/research/engines/panda3d/contrib/src/rplight/gpuCommandList.h,3,2,5
/media/ullmann/HDDGabriel/research/engines/panda3d/panda/src/net/connectionReader.cxx,15,1,16
/media/ullmann/HDDGabriel/research/engines/panda3d/panda/src/gobj/texturePoolFilter.h,5,7,12
/media/ullmann/HDDGabriel/research/engines/panda3d/panda/src/distort/nonlinearImager.cxx,10,1,11
/media/ullmann/HDDGabriel/research/engines/panda3d/panda/src/pstatclient/p3pstatclient_composite1.cxx,6,0,6
/media/ullmann/HDDGabriel/research/engines/panda3d/dtool/src/interrogate/functionRemap.h,4,7,11
/media/ullmann/HDDGabriel/research/engines/panda3d/panda/src/downloader/virtualFileHTTP.cxx,6,1,7
/media/ullmann/HDDGabriel/research/engines/panda3d/panda/src/express/stringStream.h,5,4,9
/media/ullmann/HDDGabriel/research/engines/panda3d/panda/src/pnmimagetypes/pnmFileTypeBMPReader.cxx,4,1,5
/media/ullmann/HDDGabriel/research/engines/panda3d/dtool/src/parser-inc/jni.h,0,10,10
/media/ullmann/HDDGabriel/research/engines/panda3d/panda/src/pgraph/colorScaleAttrib.cxx,8,1,9
/media/ullmann/HDDGabriel/research/engines/panda3d/pandatool/src/assimp/pandaLogger.h,1,2,3
/media/ullmann/HDDGabriel/research/engines/panda3d/dtool/src/dtoolutil/textEncoder.cxx,4,1,5
/media/ullmann/HDDGabriel/research/engines/panda3d/dtool/src/dtoolutil/unicodeLatinMap.h,2,5,7
/media/ullmann/HDDGabriel/research/engines/panda3d/panda/src/particlesystem/particles.h,2,0,2
/media/ullmann/HDDGabriel/research/engines/panda3d/panda/src/particlesystem/pointParticle.h,1,3,4
/media/ullmann/HDDGabriel/research/engines/panda3d/panda/src/android/config_android.h,6,4,10
/media/ullmann/HDDGabriel/research/engines/panda3d/panda/src/mathutil/perlinNoise2.cxx,2,1,3
/media/ullmann/HDDGabriel/research/engines/panda3d/panda/src/wgldisplay/wglGraphicsStateGuardian.h,4,5,9
/media/ullmann/HDDGabriel/research/engines/panda3d/panda/src/wgldisplay/wglext.h,1,2,3
/media/ullmann/HDDGabriel/research/engines/panda3d/panda/src/recorder/recorderController.cxx,7,1,8
/media/ullmann/HDDGabriel/research/engines/panda3d/panda/src/chan/animPreloadTable.cxx,6,1,7
/media/ullmann/HDDGabriel/research/engines/panda3d/panda/src/tform/trackball.cxx,11,1,12
/media/ullmann/HDDGabriel/research/engines/panda3d/panda/src/mathutil/pta_LMatrix4.cxx,1,1,2
/media/ullmann/HDDGabriel/research/engines/panda3d/panda/src/egg/eggGroupNode.I,0,1,1
/media/ullmann/HDDGabriel/research/engines/panda3d/panda/src/movies/inkblotVideo.cxx,2,1,3
/media/ullmann/HDDGabriel/research/engines/panda3d/panda/src/linmath/lvector4_src.h,1,1,2
/media/ullmann/HDDGabriel/research/engines/panda3d/panda/src/linmath/lvector4_src.I,0,1,1
/media/ullmann/HDDGabriel/research/engines/panda3d/panda/src/pipeline/pipelineCyclerTrueImpl.I,0,1,1
/media/ullmann/HDDGabriel/research/engines/panda3d/pandatool/src/pandatoolbase/pathReplace.h,9,1,10
/media/ullmann/HDDGabriel/research/engines/panda3d/panda/src/chan/animChannelBase.h,5,6,11
/media/ullmann/HDDGabriel/research/engines/panda3d/panda/src/device/dialNode.h,5,2,7
/media/ullmann/HDDGabriel/research/engines/panda3d/panda/src/tinydisplay/zbuffer.cxx,6,1,7
/media/ullmann/HDDGabriel/research/engines/panda3d/panda/src/movies/userDataAudioCursor.h,7,3,10
/media/ullmann/HDDGabriel/research/engines/panda3d/panda/src/physics/physicsManager.h,12,6,18
/media/ullmann/HDDGabriel/research/engines/panda3d/pandatool/src/flt/fltTransformRotateAboutPoint.cxx,3,1,4
/media/ullmann/HDDGabriel/research/engines/panda3d/direct/src/dcparser/dcClassParameter.cxx,4,1,5
/media/ullmann/HDDGabriel/research/engines/panda3d/direct/src/dcparser/dcClassParameter.h,2,6,8
/media/ullmann/HDDGabriel/research/engines/panda3d/panda/src/grutil/heightfieldTesselator.I,0,1,1
/media/ullmann/HDDGabriel/research/engines/panda3d/panda/src/putil/paramValue.cxx,2,1,3
/media/ullmann/HDDGabriel/research/engines/panda3d/dtool/src/interrogate/typeManager.h,1,18,19
/media/ullmann/HDDGabriel/research/engines/panda3d/panda/src/grutil/geoMipTerrain.h,8,2,10
/media/ullmann/HDDGabriel/research/engines/panda3d/pandatool/src/flt/fltLightSourceDefinition.cxx,3,1,4
/media/ullmann/HDDGabriel/research/engines/panda3d/panda/src/egg/eggVertex.I,0,1,1
/media/ullmann/HDDGabriel/research/engines/panda3d/panda/src/tinydisplay/error.cxx,2,1,3
/media/ullmann/HDDGabriel/research/engines/panda3d/dtool/src/parser-inc/stdarg.h,0,6,6
/media/ullmann/HDDGabriel/research/engines/panda3d/panda/src/chan/animChannelMatrixFixed.cxx,2,1,3
/media/ullmann/HDDGabriel/research/engines/panda3d/panda/src/tform/driveInterface.cxx,12,1,13
/media/ullmann/HDDGabriel/research/engines/panda3d/panda/src/pgraph/auxBitplaneAttrib.cxx,7,1,8
/media/ullmann/HDDGabriel/research/engines/panda3d/panda/src/pgraph/loaderFileType.cxx,3,1,4
/media/ullmann/HDDGabriel/research/engines/panda3d/panda/src/vision/config_vision.cxx,10,1,11
/media/ullmann/HDDGabriel/research/engines/panda3d/dtool/src/prc/configVariableSearchPath.cxx,2,1,3
/media/ullmann/HDDGabriel/research/engines/panda3d/dtool/src/prc/configVariableSearchPath.h,4,8,12
/media/ullmann/HDDGabriel/research/engines/panda3d/panda/src/gobj/geomTriangles.cxx,7,1,8
/media/ullmann/HDDGabriel/research/engines/panda3d/panda/src/text/geomTextGlyph.cxx,4,1,5
/media/ullmann/HDDGabriel/research/engines/panda3d/panda/src/bullet/bulletConeShape.cxx,3,1,4
/media/ullmann/HDDGabriel/research/engines/panda3d/panda/src/recorder/config_recorder.cxx,8,1,9
/media/ullmann/HDDGabriel/research/engines/panda3d/panda/src/pgui/pgMouseWatcherGroup.I,0,1,1
/media/ullmann/HDDGabriel/research/engines/panda3d/panda/src/physics/forceNode.h,4,6,10
/media/ullmann/HDDGabriel/research/engines/panda3d/pandatool/src/flt/fltMaterial.cxx,3,1,4
/media/ullmann/HDDGabriel/research/engines/panda3d/panda/src/pnmtext/pnmTextMaker.h,6,2,8
/media/ullmann/HDDGabriel/research/engines/panda3d/panda/src/pnmtext/freetypeFont.h,10,3,13
/media/ullmann/HDDGabriel/research/engines/panda3d/pandatool/src/palettizer/sourceTextureImage.cxx,8,1,9
/media/ullmann/HDDGabriel/research/engines/panda3d/panda/src/collide/p3collide_composite1.cxx,15,0,15
/media/ullmann/HDDGabriel/research/engines/panda3d/panda/src/collide/collisionHandler.cxx,1,1,2
/media/ullmann/HDDGabriel/research/engines/panda3d/panda/src/physics/forceNode.cxx,2,1,3
/media/ullmann/HDDGabriel/research/engines/panda3d/dtool/src/interrogate/interfaceMakerPythonObj.cxx,12,1,13
/media/ullmann/HDDGabriel/research/engines/panda3d/panda/src/glstuff/glmisc_src.cxx,1,1,2
/media/ullmann/HDDGabriel/research/engines/panda3d/panda/src/pgraph/depthBiasAttrib.h,4,4,8
/media/ullmann/HDDGabriel/research/engines/panda3d/panda/src/mathutil/boundingVolume.cxx,11,1,12
/media/ullmann/HDDGabriel/research/engines/panda3d/panda/src/express/weakReferenceList.cxx,3,1,4
/media/ullmann/HDDGabriel/research/engines/panda3d/panda/src/event/eventQueue.h,6,7,13
/media/ullmann/HDDGabriel/research/engines/panda3d/panda/src/event/pt_Event.h,3,7,10
/media/ullmann/HDDGabriel/research/engines/panda3d/panda/src/ode/odeSurfaceParameters.cxx,2,1,3
/media/ullmann/HDDGabriel/research/engines/panda3d/panda/src/pnmimage/p3pnmimage_composite1.cxx,7,0,7
/media/ullmann/HDDGabriel/research/engines/panda3d/pandatool/src/dxfprogs/eggToDXFLayer.h,3,2,5
/media/ullmann/HDDGabriel/research/engines/panda3d/dtool/src/cppparser/cppTypeParser.cxx,2,1,3
/media/ullmann/HDDGabriel/research/engines/panda3d/panda/src/putil/vector_ushort.cxx,2,1,3
/media/ullmann/HDDGabriel/research/engines/panda3d/dtool/src/dtoolutil/vector_src.cxx,0,14,14
/media/ullmann/HDDGabriel/research/engines/panda3d/panda/src/putil/copyOnWriteObject.cxx,3,1,4
/media/ullmann/HDDGabriel/research/engines/panda3d/panda/src/gobj/vertexDataBlock.cxx,1,1,2
/media/ullmann/HDDGabriel/research/engines/panda3d/panda/src/gobj/vertexDataBlock.h,5,3,8
/media/ullmann/HDDGabriel/research/engines/panda3d/pandatool/src/mayaprogs/mayaConversionServer.cxx,5,0,5
/media/ullmann/HDDGabriel/research/engines/panda3d/pandatool/src/mayaprogs/eggToMaya.h,0,3,3
/media/ullmann/HDDGabriel/research/engines/panda3d/pandatool/src/pstatserver/pStatPianoRoll.cxx,6,1,7
/media/ullmann/HDDGabriel/research/engines/panda3d/panda/src/dxgsg9/dxTextureContext9.h,4,4,8
/media/ullmann/HDDGabriel/research/engines/panda3d/panda/src/vrpn/vrpnButton.cxx,6,1,7
/media/ullmann/HDDGabriel/research/engines/panda3d/panda/src/vrpn/vrpnButton.h,4,2,6
/media/ullmann/HDDGabriel/research/engines/panda3d/dtool/src/parser-inc/sys/sysinfo.h,0,1,1
/media/ullmann/HDDGabriel/research/engines/panda3d/panda/src/dgraph/dataNodeTransmit.cxx,3,1,4
/media/ullmann/HDDGabriel/research/engines/panda3d/panda/src/event/pointerEventList.h,6,5,11
/media/ullmann/HDDGabriel/research/engines/panda3d/dtool/src/dtoolutil/pandaSystem.cxx,2,1,3
/media/ullmann/HDDGabriel/research/engines/panda3d/panda/src/bullet/bulletTickCallbackData.h,5,3,8
/media/ullmann/HDDGabriel/research/engines/panda3d/panda/src/putil/cPointerCallbackObject.I,0,1,1
/media/ullmann/HDDGabriel/research/engines/panda3d/panda/src/device/inputDeviceSet.h,4,2,6
/media/ullmann/HDDGabriel/research/engines/panda3d/pandatool/src/eggcharbase/eggComponentData.cxx,4,1,5
/media/ullmann/HDDGabriel/research/engines/panda3d/pandatool/src/eggcharbase/eggComponentData.h,4,4,8
/media/ullmann/HDDGabriel/research/engines/panda3d/panda/src/pnmimage/convert_srgb_sse2.cxx,3,0,3
/media/ullmann/HDDGabriel/research/engines/panda3d/dtool/src/parser-inc/xmmintrin.h,0,1,1
/media/ullmann/HDDGabriel/research/engines/panda3d/panda/src/ode/odeWorld.h,8,5,13
/media/ullmann/HDDGabriel/research/engines/panda3d/panda/src/ode/odeHelperStructs.h,0,1,1
/media/ullmann/HDDGabriel/research/engines/panda3d/panda/src/bullet/bulletSphereShape.h,6,3,9
/media/ullmann/HDDGabriel/research/engines/panda3d/pandatool/src/xfileegg/xFileVertex.cxx,3,1,4
/media/ullmann/HDDGabriel/research/engines/panda3d/dtool/src/interrogate/parameterRemapReferenceToPointer.cxx,7,1,8
/media/ullmann/HDDGabriel/research/engines/panda3d/panda/src/putil/doubleBitMask.I,0,1,1
/media/ullmann/HDDGabriel/research/engines/panda3d/dtool/src/parser-inc/malloc.h,0,4,4
/media/ullmann/HDDGabriel/research/engines/panda3d/panda/src/pgraph/depthOffsetAttrib.cxx,7,1,8
/media/ullmann/HDDGabriel/research/engines/panda3d/pandatool/src/xfile/xFileDataDef.cxx,10,1,11
/media/ullmann/HDDGabriel/research/engines/panda3d/pandatool/src/xfile/xFileDataObjectInteger.h,2,4,6
/media/ullmann/HDDGabriel/research/engines/panda3d/panda/src/express/datagramGenerator.h,3,5,8
/media/ullmann/HDDGabriel/research/engines/panda3d/panda/src/express/datagramGenerator.I,0,1,1
/media/ullmann/HDDGabriel/research/engines/panda3d/panda/src/glstuff/glpure.cxx,1,0,1
/media/ullmann/HDDGabriel/research/engines/panda3d/panda/src/collide/collisionRay.h,4,11,15
/media/ullmann/HDDGabriel/research/engines/panda3d/panda/src/collide/collisionRay.I,0,1,1
/media/ullmann/HDDGabriel/research/engines/panda3d/panda/src/pgui/pgVirtualFrame.cxx,3,1,4
/media/ullmann/HDDGabriel/research/engines/panda3d/panda/src/pgui/pgVirtualFrame.h,4,3,7
/media/ullmann/HDDGabriel/research/engines/panda3d/panda/src/gsgbase/p3gsgbase_composite1.cxx,3,0,3
/media/ullmann/HDDGabriel/research/engines/panda3d/panda/src/gsgbase/graphicsOutputBase.cxx,1,1,2
/media/ullmann/HDDGabriel/research/engines/panda3d/panda/src/nativenet/socket_ip.h,5,9,14
/media/ullmann/HDDGabriel/research/engines/panda3d/panda/src/gobj/geomTristripsAdjacency.cxx,7,1,8
/media/ullmann/HDDGabriel/research/engines/panda3d/dtool/src/interrogate/parameterRemapReferenceToPointer.h,2,2,4
/media/ullmann/HDDGabriel/research/engines/panda3d/panda/src/putil/ioPtaDatagramShort.cxx,4,1,5
/media/ullmann/HDDGabriel/research/engines/panda3d/contrib/src/speedtree/pandaspeedtree_composite1.cxx,9,0,9
/media/ullmann/HDDGabriel/research/engines/panda3d/panda/src/display/graphicsStateGuardian.I,0,1,1
/media/ullmann/HDDGabriel/research/engines/panda3d/panda/src/pgraph/renderAttribRegistry.h,6,4,10
/media/ullmann/HDDGabriel/research/engines/panda3d/panda/src/tinydisplay/zdither.cxx,4,1,5
/media/ullmann/HDDGabriel/research/engines/panda3d/panda/src/collide/collisionFloorMesh.h,6,3,9
/media/ullmann/HDDGabriel/research/engines/panda3d/dtool/src/interrogate/parameterRemapCharStarToString.cxx,1,1,2
/media/ullmann/HDDGabriel/research/engines/panda3d/panda/src/vrpn/config_vrpn.cxx,8,1,9
/media/ullmann/HDDGabriel/research/engines/panda3d/dtool/src/parser-inc/thread,0,1,1
/media/ullmann/HDDGabriel/research/engines/panda3d/dtool/src/interrogatedb/py_panda.cxx,3,0,3
/media/ullmann/HDDGabriel/research/engines/panda3d/panda/src/putil/datagramOutputFile.h,8,6,14
/media/ullmann/HDDGabriel/research/engines/panda3d/panda/src/gobj/samplerState.h,8,12,20
/media/ullmann/HDDGabriel/research/engines/panda3d/panda/src/physics/linearUserDefinedForce.h,2,2,4
/media/ullmann/HDDGabriel/research/engines/panda3d/dtool/src/cppparser/cppVisibility.h,1,6,7
/media/ullmann/HDDGabriel/research/engines/panda3d/panda/src/linmath/lpoint4_ext.h,7,0,7
/media/ullmann/HDDGabriel/research/engines/panda3d/panda/src/egg/eggXfmAnimData.h,4,6,10
/media/ullmann/HDDGabriel/research/engines/panda3d/pandatool/src/pfmprogs/pfmBba.cxx,3,0,3
/media/ullmann/HDDGabriel/research/engines/panda3d/pandatool/src/pfmprogs/config_pfmprogs.h,3,3,6
/media/ullmann/HDDGabriel/research/engines/panda3d/panda/src/particlesystem/baseParticle.h,3,13,16
/media/ullmann/HDDGabriel/research/engines/panda3d/panda/src/chan/animControl.I,0,1,1
/media/ullmann/HDDGabriel/research/engines/panda3d/panda/src/putil/timedCycle.cxx,3,1,4
/media/ullmann/HDDGabriel/research/engines/panda3d/panda/src/pgraph/shaderInput_ext.cxx,2,1,3
/media/ullmann/HDDGabriel/research/engines/panda3d/panda/src/express/nodePointerTo.cxx,1,1,2
/media/ullmann/HDDGabriel/research/engines/panda3d/pandatool/src/flt/fltTransformRecord.h,2,10,12
/media/ullmann/HDDGabriel/research/engines/panda3d/pandatool/src/xfile/xFile.cxx,10,1,11
/media/ullmann/HDDGabriel/research/engines/panda3d/dtool/src/dtoolbase/typeRegistry.cxx,7,1,8
/media/ullmann/HDDGabriel/research/engines/panda3d/panda/src/testbed/pview.cxx,17,0,17
/media/ullmann/HDDGabriel/research/engines/panda3d/pandatool/src/lwoegg/p3lwoegg_composite1.cxx,9,0,9
/media/ullmann/HDDGabriel/research/engines/panda3d/pandatool/src/lwoegg/cLwoSurfaceBlock.cxx,4,1,5
/media/ullmann/HDDGabriel/research/engines/panda3d/panda/src/linmath/lorientation_src.h,1,1,2
/media/ullmann/HDDGabriel/research/engines/panda3d/dtool/src/dtoolutil/vector_uchar.h,2,23,25
/media/ullmann/HDDGabriel/research/engines/panda3d/panda/src/pgui/pgTop.I,0,1,1
/media/ullmann/HDDGabriel/research/engines/panda3d/panda/src/express/pta_double.h,3,12,15
/media/ullmann/HDDGabriel/research/engines/panda3d/panda/src/display/graphicsDevice.h,3,4,7
/media/ullmann/HDDGabriel/research/engines/panda3d/panda/src/pipeline/lightMutexDirect.h,5,2,7
/media/ullmann/HDDGabriel/research/engines/panda3d/dtool/src/dtoolutil/vector_float.cxx,2,1,3
/media/ullmann/HDDGabriel/research/engines/panda3d/panda/src/pipeline/lightReMutexHolder.h,3,21,24
/media/ullmann/HDDGabriel/research/engines/panda3d/panda/src/pipeline/lightReMutexHolder.I,0,1,1
/media/ullmann/HDDGabriel/research/engines/panda3d/panda/src/ffmpeg/ffmpegAudioCursor.h,7,3,10
/media/ullmann/HDDGabriel/research/engines/panda3d/pandatool/src/eggbase/p3eggbase_composite1.cxx,11,0,11
/media/ullmann/HDDGabriel/research/engines/panda3d/pandatool/src/eggbase/eggFilter.cxx,1,1,2
/media/ullmann/HDDGabriel/research/engines/panda3d/panda/src/pstatclient/pStatFrameData.cxx,6,1,7
/media/ullmann/HDDGabriel/research/engines/panda3d/panda/src/physics/baseIntegrator.h,9,3,12
/media/ullmann/HDDGabriel/research/engines/panda3d/panda/src/physics/baseIntegrator.I,0,1,1
/media/ullmann/HDDGabriel/research/engines/panda3d/direct/src/dcparser/dcSimpleParameter.h,4,4,8
/media/ullmann/HDDGabriel/research/engines/panda3d/panda/src/pipeline/psemaphore.cxx,1,1,2
/media/ullmann/HDDGabriel/research/engines/panda3d/panda/src/putil/copyOnWritePointer.cxx,3,1,4
/media/ullmann/HDDGabriel/research/engines/panda3d/panda/src/downloadertools/punzip.cxx,5,0,5
/media/ullmann/HDDGabriel/research/engines/panda3d/dtool/src/cppparser/cppTemplateParameterList.cxx,4,1,5
/media/ullmann/HDDGabriel/research/engines/panda3d/panda/src/event/pythonTask.cxx,7,0,7
/media/ullmann/HDDGabriel/research/engines/panda3d/pandatool/src/pstatserver/pStatTimeline.h,5,1,6
/media/ullmann/HDDGabriel/research/engines/panda3d/panda/src/audio/filterProperties.h,3,5,8
/media/ullmann/HDDGabriel/research/engines/panda3d/panda/src/egg/eggMesher.h,10,3,13
/media/ullmann/HDDGabriel/research/engines/panda3d/dtool/src/parser-inc/openssl/md5.h,0,2,2
/media/ullmann/HDDGabriel/research/engines/panda3d/panda/src/display/graphicsWindow_ext.cxx,2,1,3
/media/ullmann/HDDGabriel/research/engines/panda3d/panda/src/display/graphicsWindow_ext.h,5,1,6
/media/ullmann/HDDGabriel/research/engines/panda3d/panda/src/nativenet/socket_udp_outgoing.cxx,1,1,2
/media/ullmann/HDDGabriel/research/engines/panda3d/panda/src/egg/vector_PT_EggMaterial.cxx,2,1,3
/media/ullmann/HDDGabriel/research/engines/panda3d/panda/src/device/xInputDevice.cxx,4,1,5
/media/ullmann/HDDGabriel/research/engines/panda3d/panda/src/device/xInputDevice.h,2,4,6
/media/ullmann/HDDGabriel/research/engines/panda3d/panda/src/bullet/bulletFilterCallbackData.cxx,1,1,2
/media/ullmann/HDDGabriel/research/engines/panda3d/panda/src/chan/p3chan_composite1.cxx,14,0,14
/media/ullmann/HDDGabriel/research/engines/panda3d/panda/src/chan/animControl.cxx,7,1,8
/media/ullmann/HDDGabriel/research/engines/panda3d/panda/src/pgraph/sceneSetup.h,9,12,21
/media/ullmann/HDDGabriel/research/engines/panda3d/pandatool/src/daeegg/pre_fcollada_include.h,1,4,5
/media/ullmann/HDDGabriel/research/engines/panda3d/panda/src/event/asyncFuture_ext.cxx,7,0,7
/media/ullmann/HDDGabriel/research/engines/panda3d/panda/src/text/textProperties.cxx,11,1,12
/media/ullmann/HDDGabriel/research/engines/panda3d/panda/src/bullet/bulletAllHitsRayResult.h,8,2,10
/media/ullmann/HDDGabriel/research/engines/panda3d/panda/src/distort/oSphereLens.h,3,2,5
/media/ullmann/HDDGabriel/research/engines/panda3d/panda/src/tinydisplay/tinySDLGraphicsPipe.cxx,6,1,7
/media/ullmann/HDDGabriel/research/engines/panda3d/dtool/src/parser-inc/typeinfo,0,1,1
/media/ullmann/HDDGabriel/research/engines/panda3d/panda/src/express/buffer.h,3,4,7
/media/ullmann/HDDGabriel/research/engines/panda3d/panda/src/egg/lexerDefs.h,3,5,8
/media/ullmann/HDDGabriel/research/engines/panda3d/dtool/src/interrogate/parameterRemapReferenceToConcrete.h,2,2,4
/media/ullmann/HDDGabriel/research/engines/panda3d/pandatool/src/flt/fltExternalReference.cxx,4,1,5
/media/ullmann/HDDGabriel/research/engines/panda3d/pandatool/src/maya/mayaShaderColorDef.h,4,3,7
/media/ullmann/HDDGabriel/research/engines/panda3d/pandatool/src/gtk-stats/gtkStatsStripChart.cxx,4,1,5
/media/ullmann/HDDGabriel/research/engines/panda3d/panda/src/physics/angularEulerIntegrator.h,1,1,2
/media/ullmann/HDDGabriel/research/engines/panda3d/panda/src/physics/angularIntegrator.h,3,4,7
/media/ullmann/HDDGabriel/research/engines/panda3d/panda/src/pgraph/compassEffect.h,5,7,12
/media/ullmann/HDDGabriel/research/engines/panda3d/panda/src/physics/p3physics_composite1.cxx,15,0,15
/media/ullmann/HDDGabriel/research/engines/panda3d/panda/src/physics/linearControlForce.cxx,5,1,6
/media/ullmann/HDDGabriel/research/engines/panda3d/panda/src/linmath/lmatrix3_src.h,2,1,3
/media/ullmann/HDDGabriel/research/engines/panda3d/panda/src/putil/buttonRegistry.cxx,3,1,4
/media/ullmann/HDDGabriel/research/engines/panda3d/panda/src/collide/collisionInvSphere.h,3,4,7
/media/ullmann/HDDGabriel/research/engines/panda3d/direct/src/dcparser/dcMolecularField.cxx,4,1,5
/media/ullmann/HDDGabriel/research/engines/panda3d/pandatool/src/lwo/lwoSurfaceParameter.h,1,3,4
/media/ullmann/HDDGabriel/research/engines/panda3d/panda/src/pnmtext/pnmTextGlyph.h,4,3,7
/media/ullmann/HDDGabriel/research/engines/panda3d/pandatool/src/assimp/pandaLogger.cxx,1,1,2
/media/ullmann/HDDGabriel/research/engines/panda3d/panda/src/display/graphicsPipeSelection.cxx,9,1,10
/media/ullmann/HDDGabriel/research/engines/panda3d/panda/src/tinydisplay/ztriangle_3.cxx,6,0,6
/media/ullmann/HDDGabriel/research/engines/panda3d/panda/src/putil/paramValue.I,0,1,1
/media/ullmann/HDDGabriel/research/engines/panda3d/panda/src/ode/odeSphereGeom.I,0,1,1
/media/ullmann/HDDGabriel/research/engines/panda3d/pandatool/src/lwo/lwoSurfaceSmoothingAngle.h,1,3,4
/media/ullmann/HDDGabriel/research/engines/panda3d/contrib/src/rplight/pointerSlotStorage.h,1,1,2
/media/ullmann/HDDGabriel/research/engines/panda3d/panda/src/collide/collisionSolid.h,11,15,26
/media/ullmann/HDDGabriel/research/engines/panda3d/panda/src/pgraph/modelLoadRequest.cxx,3,1,4
/media/ullmann/HDDGabriel/research/engines/panda3d/panda/src/pstatclient/pStatThread.h,4,4,8
/media/ullmann/HDDGabriel/research/engines/panda3d/panda/src/particlesystem/lineEmitter.h,2,2,4
/media/ullmann/HDDGabriel/research/engines/panda3d/panda/src/particlesystem/lineEmitter.I,0,1,1
/media/ullmann/HDDGabriel/research/engines/panda3d/panda/src/vision/webcamVideoCursorOpenCV.h,3,3,6
/media/ullmann/HDDGabriel/research/engines/panda3d/pandatool/src/pstatserver/pStatStripChart.cxx,8,1,9
/media/ullmann/HDDGabriel/research/engines/panda3d/panda/src/recorder/mouseRecorder.h,5,3,8
/media/ullmann/HDDGabriel/research/engines/panda3d/panda/src/gobj/texture.I,0,1,1
/media/ullmann/HDDGabriel/research/engines/panda3d/panda/src/linmath/lquaternion.cxx,4,1,5
/media/ullmann/HDDGabriel/research/engines/panda3d/pandatool/src/mayaprogs/mayaEggImport.cxx,4,0,4
/media/ullmann/HDDGabriel/research/engines/panda3d/panda/src/bullet/bulletTriangleMeshShape.h,6,3,9
/media/ullmann/HDDGabriel/research/engines/panda3d/panda/src/display/graphicsThreadingModel.cxx,1,1,2
/media/ullmann/HDDGabriel/research/engines/panda3d/panda/src/nativenet/buffered_datagramreader.h,4,1,5
/media/ullmann/HDDGabriel/research/engines/panda3d/panda/src/nativenet/buffered_datagramreader.I,0,1,1
/media/ullmann/HDDGabriel/research/engines/panda3d/panda/src/collide/collisionTube.h,1,0,1
/media/ullmann/HDDGabriel/research/engines/panda3d/panda/src/physics/physicsCollisionHandler.h,3,2,5
/media/ullmann/HDDGabriel/research/engines/panda3d/panda/src/nativenet/socket_tcp.h,3,7,10
/media/ullmann/HDDGabriel/research/engines/panda3d/pandatool/src/lwo/lwoHeader.cxx,4,1,5
/media/ullmann/HDDGabriel/research/engines/panda3d/panda/src/downloader/urlSpec.cxx,4,1,5
/media/ullmann/HDDGabriel/research/engines/panda3d/dtool/src/dtoolutil/globPattern_ext.h,4,1,5
/media/ullmann/HDDGabriel/research/engines/panda3d/panda/src/gobj/savedContext.cxx,2,1,3
/media/ullmann/HDDGabriel/research/engines/panda3d/panda/src/movies/movieVideo.h,7,9,16
/media/ullmann/HDDGabriel/research/engines/panda3d/panda/src/chan/animChannelBase.cxx,5,1,6
/media/ullmann/HDDGabriel/research/engines/panda3d/pandatool/src/maya/maya_funcs.cxx,3,1,4
/media/ullmann/HDDGabriel/research/engines/panda3d/dtool/src/dtoolbase/ptmalloc2_smp_src.cxx,15,1,16
/media/ullmann/HDDGabriel/research/engines/panda3d/dtool/src/prc/reversedNumericData.cxx,2,1,3
/media/ullmann/HDDGabriel/research/engines/panda3d/panda/src/mathutil/omniBoundingVolume.cxx,4,1,5
/media/ullmann/HDDGabriel/research/engines/panda3d/dtool/src/prc/encryptStreamBuf.h,2,2,4
/media/ullmann/HDDGabriel/research/engines/panda3d/panda/src/pgraph/audioVolumeAttrib.h,4,3,7
/media/ullmann/HDDGabriel/research/engines/panda3d/pandatool/src/flt/fltInstanceDefinition.h,1,6,7
/media/ullmann/HDDGabriel/research/engines/panda3d/dtool/src/interrogatedb/interrogate_datafile.cxx,1,1,2
/media/ullmann/HDDGabriel/research/engines/panda3d/panda/src/display/frameBufferProperties_ext.cxx,1,1,2
/media/ullmann/HDDGabriel/research/engines/panda3d/panda/src/bullet/bulletSoftBodyWorldInfo.h,5,3,8
/media/ullmann/HDDGabriel/research/engines/panda3d/panda/src/pgraph/fogAttrib.cxx,6,1,7
/media/ullmann/HDDGabriel/research/engines/panda3d/panda/src/downloader/httpDigestAuthorization.cxx,7,1,8
/media/ullmann/HDDGabriel/research/engines/panda3d/pandatool/src/win-stats/winStatsStripChart.cxx,4,1,5
/media/ullmann/HDDGabriel/research/engines/panda3d/panda/src/putil/bamReader_ext.h,4,1,5
/media/ullmann/HDDGabriel/research/engines/panda3d/panda/src/tform/mouseSubregion.h,6,2,8
/media/ullmann/HDDGabriel/research/engines/panda3d/panda/src/gobj/geomTrianglesAdjacency.cxx,6,1,7
/media/ullmann/HDDGabriel/research/engines/panda3d/dtool/src/prc/configVariableInt64.I,0,1,1
/media/ullmann/HDDGabriel/research/engines/panda3d/panda/src/ode/odeFixedJoint.cxx,2,1,3
/media/ullmann/HDDGabriel/research/engines/panda3d/pandatool/src/lwo/lwoSurfaceBlockProjection.h,1,3,4
/media/ullmann/HDDGabriel/research/engines/panda3d/pandatool/src/xfile/xFileDataNode.h,6,4,10
/media/ullmann/HDDGabriel/research/engines/panda3d/panda/src/bullet/bulletVehicle.cxx,5,1,6
/media/ullmann/HDDGabriel/research/engines/panda3d/panda/src/mathutil/parabola_src.h,1,1,2
/media/ullmann/HDDGabriel/research/engines/panda3d/panda/src/mathutil/parabola_src.I,0,1,1
/media/ullmann/HDDGabriel/research/engines/panda3d/pandatool/src/deploy-stub/deploy-stub.c,8,0,8
/media/ullmann/HDDGabriel/research/engines/panda3d/pandatool/src/lwo/lwoSurfaceBlockHeader.h,1,4,5
/media/ullmann/HDDGabriel/research/engines/panda3d/panda/src/pipeline/mutexDebug.h,7,6,13
/media/ullmann/HDDGabriel/research/engines/panda3d/panda/src/linmath/config_linmath.cxx,4,1,5
/media/ullmann/HDDGabriel/research/engines/panda3d/panda/src/pgui/pgScrollFrame.h,6,2,8
/media/ullmann/HDDGabriel/research/engines/panda3d/pandatool/src/lwo/lwoStillImage.h,2,3,5
/media/ullmann/HDDGabriel/research/engines/panda3d/panda/src/bullet/bulletCapsuleShape.cxx,2,1,3
/media/ullmann/HDDGabriel/research/engines/panda3d/panda/src/linmath/test_math.cxx,6,0,6
/media/ullmann/HDDGabriel/research/engines/panda3d/dtool/src/interrogate/interfaceMakerPythonSimple.cxx,10,1,11
/media/ullmann/HDDGabriel/research/engines/panda3d/panda/src/express/typedReferenceCount.cxx,1,1,2
/media/ullmann/HDDGabriel/research/engines/panda3d/panda/src/event/genericAsyncTask.h,3,6,9
/media/ullmann/HDDGabriel/research/engines/panda3d/dtool/src/prc/configPageManager.h,7,6,13
/media/ullmann/HDDGabriel/research/engines/panda3d/pandatool/src/lwoegg/cLwoPolygons.I,0,1,1
/media/ullmann/HDDGabriel/research/engines/panda3d/pandatool/src/egg-qtess/subdivSegment.h,3,2,5
/media/ullmann/HDDGabriel/research/engines/panda3d/pandatool/src/lwo/lwoSurfaceBlockCoordSys.cxx,4,1,5
/media/ullmann/HDDGabriel/research/engines/panda3d/pandatool/src/eggbase/eggSingleBase.cxx,7,1,8
/media/ullmann/HDDGabriel/research/engines/panda3d/panda/src/grutil/pfmVizzer.cxx,11,1,12
/media/ullmann/HDDGabriel/research/engines/panda3d/panda/src/bullet/bullet_utils.I,0,1,1
/media/ullmann/HDDGabriel/research/engines/panda3d/panda/src/chan/movingPartMatrix.h,6,3,9
/media/ullmann/HDDGabriel/research/engines/panda3d/panda/src/chan/movingPart.h,4,2,6
/media/ullmann/HDDGabriel/research/engines/panda3d/panda/src/text/textProperties.I,0,1,1
/media/ullmann/HDDGabriel/research/engines/panda3d/pandatool/src/xfile/standardTemplates.x.pz.c,1,1,2
/media/ullmann/HDDGabriel/research/engines/panda3d/panda/src/express/zStreamBuf.h,2,2,4
/media/ullmann/HDDGabriel/research/engines/panda3d/panda/src/bullet/bulletSoftBodyWorldInfo.I,0,1,1
/media/ullmann/HDDGabriel/research/engines/panda3d/panda/src/gobj/userVertexTransform.h,7,4,11
/media/ullmann/HDDGabriel/research/engines/panda3d/dtool/src/interrogatedb/config_interrogatedb.h,3,4,7
/media/ullmann/HDDGabriel/research/engines/panda3d/panda/src/pnmimagetypes/pnmFileTypePfm.h,5,2,7
/media/ullmann/HDDGabriel/research/engines/panda3d/panda/src/pgraph/auxBitplaneAttrib.h,3,4,7
/media/ullmann/HDDGabriel/research/engines/panda3d/pandatool/src/vrmlegg/indexedFaceSet.cxx,7,0,7
/media/ullmann/HDDGabriel/research/engines/panda3d/panda/src/nativenet/socket_address.h,4,5,9
/media/ullmann/HDDGabriel/research/engines/panda3d/panda/metalibs/panda/panda.h,1,1,2
/media/ullmann/HDDGabriel/research/engines/panda3d/panda/src/pgraph/cullBinManager.I,0,1,1
/media/ullmann/HDDGabriel/research/engines/panda3d/dtool/src/interrogatedb/config_interrogatedb.cxx,5,1,6
/media/ullmann/HDDGabriel/research/engines/panda3d/panda/src/putil/factoryBase.I,0,1,1
/media/ullmann/HDDGabriel/research/engines/panda3d/panda/src/downloader/patcher.cxx,4,1,5
/media/ullmann/HDDGabriel/research/engines/panda3d/panda/src/pipeline/threadWin32Impl.h,7,2,9
/media/ullmann/HDDGabriel/research/engines/panda3d/panda/src/nativenet/socket_udp.cxx,1,1,2
/media/ullmann/HDDGabriel/research/engines/panda3d/panda/src/nativenet/socket_udp.h,2,6,8
/media/ullmann/HDDGabriel/research/engines/panda3d/panda/src/linmath/lquaternion_src.cxx,3,1,4
/media/ullmann/HDDGabriel/research/engines/panda3d/panda/src/gobj/geomLinestripsAdjacency.h,2,3,5
/media/ullmann/HDDGabriel/research/engines/panda3d/pandatool/src/converter/eggToSomethingConverter.cxx,2,0,2
/media/ullmann/HDDGabriel/research/engines/panda3d/contrib/src/speedtree/stBasicTerrain.cxx,4,1,5
/media/ullmann/HDDGabriel/research/engines/panda3d/dtool/src/interrogate/parameterRemapReferenceToConcrete.cxx,7,1,8
/media/ullmann/HDDGabriel/research/engines/panda3d/dtool/src/parser-inc/android/log.h,3,6,9
/media/ullmann/HDDGabriel/research/engines/panda3d/pandatool/src/egg-optchar/eggOptchar.h,4,1,5
/media/ullmann/HDDGabriel/research/engines/panda3d/panda/src/express/virtualFileMountAndroidAsset.h,6,4,10
/media/ullmann/HDDGabriel/research/engines/panda3d/panda/src/ode/odeUniversalJoint.h,6,4,10
/media/ullmann/HDDGabriel/research/engines/panda3d/panda/src/egg2pg/loaderFileTypeEgg.cxx,4,1,5
/media/ullmann/HDDGabriel/research/engines/panda3d/dtool/src/cppparser/cppConstType.cxx,1,1,2
/media/ullmann/HDDGabriel/research/engines/panda3d/dtool/src/dtoolutil/win32ArgParser.cxx,7,1,8
/media/ullmann/HDDGabriel/research/engines/panda3d/panda/src/testbed/test_lod.cxx,4,0,4
/media/ullmann/HDDGabriel/research/engines/panda3d/panda/src/chan/animGroup.h,6,5,11
/media/ullmann/HDDGabriel/research/engines/panda3d/pandatool/src/eggcharbase/eggVertexPointer.h,3,3,6
/media/ullmann/HDDGabriel/research/engines/panda3d/panda/src/tinydisplay/tinyOffscreenGraphicsPipe.cxx,6,1,7
/media/ullmann/HDDGabriel/research/engines/panda3d/pandatool/src/vrmlegg/vrmlToEggConverter.h,1,1,2
/media/ullmann/HDDGabriel/research/engines/panda3d/direct/src/motiontrail/config_motiontrail.h,3,1,4
/media/ullmann/HDDGabriel/research/engines/panda3d/pandatool/src/win-stats/winStatsLabel.h,2,3,5
/media/ullmann/HDDGabriel/research/engines/panda3d/dtool/src/interrogatedb/interrogateFunction.h,5,7,12
/media/ullmann/HDDGabriel/research/engines/panda3d/pandatool/src/dxf/dxfLayerMap.cxx,2,1,3
/media/ullmann/HDDGabriel/research/engines/panda3d/panda/src/movies/userDataAudio.I,0,1,1
/media/ullmann/HDDGabriel/research/engines/panda3d/panda/src/putil/vector_ulong.h,3,1,4
/media/ullmann/HDDGabriel/research/engines/panda3d/panda/src/bullet/bulletSliderConstraint.h,6,2,8
/media/ullmann/HDDGabriel/research/engines/panda3d/panda/src/bullet/bulletConstraint.h,4,8,12
/media/ullmann/HDDGabriel/research/engines/panda3d/panda/src/downloader/chunkedStreamBuf.h,5,2,7
/media/ullmann/HDDGabriel/research/engines/panda3d/pandatool/src/pstatserver/p3pstatserver_composite1.cxx,13,0,13
/media/ullmann/HDDGabriel/research/engines/panda3d/panda/src/putil/buttonHandle.cxx,2,1,3
/media/ullmann/HDDGabriel/research/engines/panda3d/panda/src/text/dynamicTextGlyph.cxx,13,1,14
/media/ullmann/HDDGabriel/research/engines/panda3d/panda/src/text/geomTextGlyph.h,4,5,9
/media/ullmann/HDDGabriel/research/engines/panda3d/panda/src/chan/movingPartScalar.cxx,7,1,8
/media/ullmann/HDDGabriel/research/engines/panda3d/panda/src/chan/movingPartBase.h,5,3,8
/media/ullmann/HDDGabriel/research/engines/panda3d/dtool/src/parser-inc/openssl/x509.h,1,1,2
/media/ullmann/HDDGabriel/research/engines/panda3d/dtool/src/parser-inc/openssl/ssl.h,0,5,5
/media/ullmann/HDDGabriel/research/engines/panda3d/panda/src/display/windowProperties_ext.h,4,2,6
/media/ullmann/HDDGabriel/research/engines/panda3d/panda/src/net/p3net_composite1.cxx,9,0,9
/media/ullmann/HDDGabriel/research/engines/panda3d/panda/src/linmath/lpoint3_ext.h,7,0,7
/media/ullmann/HDDGabriel/research/engines/panda3d/panda/src/putil/bamCacheIndex.h,9,4,13
/media/ullmann/HDDGabriel/research/engines/panda3d/panda/src/egg2pg/eggRenderState.cxx,25,1,26
/media/ullmann/HDDGabriel/research/engines/panda3d/panda/src/express/memoryUsagePointers.cxx,4,1,5
/media/ullmann/HDDGabriel/research/engines/panda3d/panda/src/downloader/documentSpec.cxx,2,1,3
/media/ullmann/HDDGabriel/research/engines/panda3d/panda/metalibs/pandadx9/pandadx9.h,1,1,2
/media/ullmann/HDDGabriel/research/engines/panda3d/panda/src/gobj/vertexBufferContext.h,6,6,12
/media/ullmann/HDDGabriel/research/engines/panda3d/panda/src/particlesystem/p3particlesystem_composite1.cxx,16,0,16
/media/ullmann/HDDGabriel/research/engines/panda3d/panda/src/particlesystem/zSpinParticleFactory.cxx,2,1,3
/media/ullmann/HDDGabriel/research/engines/panda3d/direct/src/dcparser/p3dcparser_composite1.cxx,12,0,12
/media/ullmann/HDDGabriel/research/engines/panda3d/direct/src/dcparser/dcDeclaration.cxx,1,1,2
/media/ullmann/HDDGabriel/research/engines/panda3d/dtool/src/interrogatedb/interrogateFunctionWrapper.h,4,2,6
/media/ullmann/HDDGabriel/research/engines/panda3d/contrib/src/ai/wander.h,1,3,4
/media/ullmann/HDDGabriel/research/engines/panda3d/pandatool/src/flt/fltVertex.I,0,1,1
/media/ullmann/HDDGabriel/research/engines/panda3d/panda/src/ffmpeg/p3ffmpeg_composite1.cxx,6,0,6
/media/ullmann/HDDGabriel/research/engines/panda3d/panda/src/ffmpeg/ffmpegAudioCursor.cxx,3,1,4
/media/ullmann/HDDGabriel/research/engines/panda3d/panda/src/pgraph/shaderPool.I,0,1,1
/media/ullmann/HDDGabriel/research/engines/panda3d/pandatool/src/flt/fltCurve.cxx,5,1,6
/media/ullmann/HDDGabriel/research/engines/panda3d/panda/src/express/nodeReferenceCount.cxx,1,1,2
/media/ullmann/HDDGabriel/research/engines/panda3d/panda/src/putil/bamReader_ext.cxx,3,1,4
/media/ullmann/HDDGabriel/research/engines/panda3d/panda/src/pipeline/pythonThread.h,2,6,8
/media/ullmann/HDDGabriel/research/engines/panda3d/panda/src/distort/cylindricalLens.I,0,1,1
/media/ullmann/HDDGabriel/research/engines/panda3d/pandatool/src/egg-qtess/isoPlacer.cxx,5,1,6
/media/ullmann/HDDGabriel/research/engines/panda3d/panda/src/glgsg/glgsg.cxx,2,1,3
/media/ullmann/HDDGabriel/research/engines/panda3d/dtool/src/prc/configVariable.cxx,2,1,3
/media/ullmann/HDDGabriel/research/engines/panda3d/dtool/src/interrogate/parameterRemapHandleToInt.h,2,3,5
/media/ullmann/HDDGabriel/research/engines/panda3d/panda/src/egg/eggAnimData.h,6,5,11
/media/ullmann/HDDGabriel/research/engines/panda3d/panda/src/pnmimage/pnmBrush.h,5,6,11
/media/ullmann/HDDGabriel/research/engines/panda3d/panda/src/pgraphnodes/nodeCullCallbackData.h,5,3,8
/media/ullmann/HDDGabriel/research/engines/panda3d/panda/src/pgraphnodes/nodeCullCallbackData.I,0,1,1
/media/ullmann/HDDGabriel/research/engines/panda3d/panda/src/nativenet/socket_udp_incoming.h,2,4,6
/media/ullmann/HDDGabriel/research/engines/panda3d/panda/src/event/pointerEventList.I,0,1,1
/media/ullmann/HDDGabriel/research/engines/panda3d/panda/src/windisplay/winGraphicsWindow.I,0,1,1
/media/ullmann/HDDGabriel/research/engines/panda3d/dtool/src/interrogate/interrogateBuilder.h,6,13,19
/media/ullmann/HDDGabriel/research/engines/panda3d/direct/src/interval/lerp_helpers.h,0,2,2
/media/ullmann/HDDGabriel/research/engines/panda3d/panda/src/ode/odeConvexGeom.h,6,1,7
/media/ullmann/HDDGabriel/research/engines/panda3d/panda/src/cull/cullBinFrontToBack.h,7,2,9
/media/ullmann/HDDGabriel/research/engines/panda3d/panda/src/pgui/pgCullTraverser.h,4,4,8
/media/ullmann/HDDGabriel/research/engines/panda3d/panda/src/egg2pg/egg_parametrics.cxx,2,1,3
/media/ullmann/HDDGabriel/research/engines/panda3d/panda/src/downloader/virtualFileMountHTTP.I,0,1,1
/media/ullmann/HDDGabriel/research/engines/panda3d/panda/src/pgraph/transformState_ext.h,4,1,5
/media/ullmann/HDDGabriel/research/engines/panda3d/panda/src/net/connectionReader.h,10,7,17
/media/ullmann/HDDGabriel/research/engines/panda3d/panda/src/chan/auto_bind.h,3,2,5
/media/ullmann/HDDGabriel/research/engines/panda3d/panda/src/testbed/test_texmem.cxx,6,0,6
/media/ullmann/HDDGabriel/research/engines/panda3d/pandatool/src/mayaegg/mayaEggLoader.cxx,17,0,17
/media/ullmann/HDDGabriel/research/engines/panda3d/pandatool/src/mayaegg/mayaEggLoader.h,0,1,1
/media/ullmann/HDDGabriel/research/engines/panda3d/panda/src/iphonedisplay/iPhoneGraphicsPipe.h,3,0,3
/media/ullmann/HDDGabriel/research/engines/panda3d/panda/src/pgraph/cullBin.cxx,7,1,8
/media/ullmann/HDDGabriel/research/engines/panda3d/panda/src/glxdisplay/config_glxdisplay.h,5,8,13
/media/ullmann/HDDGabriel/research/engines/panda3d/panda/src/collide/collisionHandlerPusher.I,0,1,1
/media/ullmann/HDDGabriel/research/engines/panda3d/dtool/src/parser-inc/arpa/inet.h,2,3,5
/media/ullmann/HDDGabriel/research/engines/panda3d/pandatool/src/flt/fltTransformGeneralMatrix.h,1,3,4
/media/ullmann/HDDGabriel/research/engines/panda3d/pandatool/src/vrml/standard_nodes.cxx,3,0,3
/media/ullmann/HDDGabriel/research/engines/panda3d/pandatool/src/vrml/standardNodes.wrl.pz.c,1,1,2
/media/ullmann/HDDGabriel/research/engines/panda3d/panda/src/express/virtualFileMountSystem.cxx,2,1,3
/media/ullmann/HDDGabriel/research/engines/panda3d/dtool/src/cppparser/cppToken.h,2,3,5
/media/ullmann/HDDGabriel/research/engines/panda3d/panda/src/pipeline/conditionVarSimpleImpl.cxx,3,1,4
/media/ullmann/HDDGabriel/research/engines/panda3d/panda/src/egg/eggVertexAux.h,5,3,8
/media/ullmann/HDDGabriel/research/engines/panda3d/panda/src/movies/inkblotVideo.h,2,3,5
/media/ullmann/HDDGabriel/research/engines/panda3d/panda/src/gobj/occlusionQueryContext.h,3,5,8
/media/ullmann/HDDGabriel/research/engines/panda3d/pandatool/src/flt/fltTransformPut.cxx,4,1,5
/media/ullmann/HDDGabriel/research/engines/panda3d/pandatool/src/flt/fltTransformPut.h,1,3,4
/media/ullmann/HDDGabriel/research/engines/panda3d/pandatool/src/pstatserver/pStatViewLevel.cxx,5,1,6
/media/ullmann/HDDGabriel/research/engines/panda3d/panda/src/egg/eggLine.I,0,1,1
/media/ullmann/HDDGabriel/research/engines/panda3d/pandatool/src/eggbase/eggToSomething.cxx,1,1,2
/media/ullmann/HDDGabriel/research/engines/panda3d/panda/src/text/cmss12.bam.pz_src.c,1,1,2
/media/ullmann/HDDGabriel/research/engines/panda3d/dtool/src/interrogate/parameterRemapBasicStringRefToString.h,2,2,4
/media/ullmann/HDDGabriel/research/engines/panda3d/panda/src/ode/odePlaneGeom.cxx,2,1,3
/media/ullmann/HDDGabriel/research/engines/panda3d/contrib/src/speedtree/loaderFileTypeSrt.h,1,2,3
/media/ullmann/HDDGabriel/research/engines/panda3d/dtool/src/prc/littleEndian.h,4,4,8
/media/ullmann/HDDGabriel/research/engines/panda3d/panda/src/parametrics/nurbsCurveInterface.h,4,4,8
/media/ullmann/HDDGabriel/research/engines/panda3d/panda/src/ffmpeg/ffmpegAudio.cxx,4,1,5
/media/ullmann/HDDGabriel/research/engines/panda3d/panda/src/egg/eggNode_ext.cxx,2,1,3
/media/ullmann/HDDGabriel/research/engines/panda3d/panda/src/ode/odeHinge2Joint.cxx,2,1,3
/media/ullmann/HDDGabriel/research/engines/panda3d/panda/src/ode/odeSliderJoint.h,5,4,9
/media/ullmann/HDDGabriel/research/engines/panda3d/dtool/src/dtoolutil/vector_stdfloat.h,3,5,8
/media/ullmann/HDDGabriel/research/engines/panda3d/pandatool/src/eggprogs/eggCrop.cxx,5,0,5
/media/ullmann/HDDGabriel/research/engines/panda3d/panda/src/wgldisplay/wglGraphicsBuffer.h,6,4,10
/media/ullmann/HDDGabriel/research/engines/panda3d/panda/src/collide/collisionHandlerGravity.h,3,3,6
/media/ullmann/HDDGabriel/research/engines/panda3d/panda/src/nativenet/ringbuffer.h,2,2,4
/media/ullmann/HDDGabriel/research/engines/panda3d/panda/src/nativenet/ringbuffer.I,0,1,1
/media/ullmann/HDDGabriel/research/engines/panda3d/panda/src/pstatclient/pStatCollectorForward.I,0,1,1
/media/ullmann/HDDGabriel/research/engines/panda3d/panda/src/net/recentConnectionReader.cxx,3,1,4
/media/ullmann/HDDGabriel/research/engines/panda3d/panda/src/express/pta_int.h,3,9,12
/media/ullmann/HDDGabriel/research/engines/panda3d/pandatool/src/mayaprogs/eggToMayaClient.cxx,1,0,1
/media/ullmann/HDDGabriel/research/engines/panda3d/panda/src/egg2pg/loaderFileTypeEgg.h,2,2,4
/media/ullmann/HDDGabriel/research/engines/panda3d/dtool/src/cppparser/cppDeclaration.cxx,2,1,3
/media/ullmann/HDDGabriel/research/engines/panda3d/dtool/src/prc/configFlags.cxx,1,1,2
/media/ullmann/HDDGabriel/research/engines/panda3d/panda/src/pnmimage/pnmReader.cxx,3,1,4
/media/ullmann/HDDGabriel/research/engines/panda3d/pandatool/src/flt/fltBeadID.cxx,3,1,4
/media/ullmann/HDDGabriel/research/engines/panda3d/panda/src/text/dynamicTextFont.cxx,16,1,17
/media/ullmann/HDDGabriel/research/engines/panda3d/panda/src/collide/collisionCapsule.I,0,1,1
/media/ullmann/HDDGabriel/research/engines/panda3d/panda/src/pstatclient/pStatClientImpl.h,9,3,12
/media/ullmann/HDDGabriel/research/engines/panda3d/panda/src/event/event.cxx,2,1,3
/media/ullmann/HDDGabriel/research/engines/panda3d/pandatool/src/palettizer/txaFile.h,4,2,6
/media/ullmann/HDDGabriel/research/engines/panda3d/pandatool/src/xfile/xFileDataNodeReference.cxx,2,1,3
/media/ullmann/HDDGabriel/research/engines/panda3d/pandatool/src/xfile/xFileDataNodeReference.h,3,2,5
/media/ullmann/HDDGabriel/research/engines/panda3d/panda/src/gobj/occlusionQueryContext.I,0,1,1
/media/ullmann/HDDGabriel/research/engines/panda3d/panda/src/express/stringStream_ext.h,4,1,5
/media/ullmann/HDDGabriel/research/engines/panda3d/panda/src/gobj/material.cxx,7,1,8
/media/ullmann/HDDGabriel/research/engines/panda3d/panda/src/putil/nameUniquifier.cxx,3,1,4
/media/ullmann/HDDGabriel/research/engines/panda3d/panda/src/net/netAddress.h,3,18,21
/media/ullmann/HDDGabriel/research/engines/panda3d/contrib/src/speedtree/loaderFileTypeSrt.cxx,3,1,4
/media/ullmann/HDDGabriel/research/engines/panda3d/panda/src/bullet/bulletSoftBodyMaterial.cxx,2,1,3
/media/ullmann/HDDGabriel/research/engines/panda3d/panda/src/bullet/bulletSoftBodyMaterial.h,4,2,6
/media/ullmann/HDDGabriel/research/engines/panda3d/panda/src/cull/cullBinBackToFront.h,7,2,9
/media/ullmann/HDDGabriel/research/engines/panda3d/panda/src/movies/microphoneAudioDS.cxx,2,1,3
/media/ullmann/HDDGabriel/research/engines/panda3d/panda/src/device/dialNode.cxx,4,1,5
/media/ullmann/HDDGabriel/research/engines/panda3d/direct/src/interval/lerpblend.cxx,1,1,2
/media/ullmann/HDDGabriel/research/engines/panda3d/pandatool/src/mayaprogs/blend_test.cxx,4,0,4
/media/ullmann/HDDGabriel/research/engines/panda3d/panda/src/iphonedisplay/viewController.h,1,0,1
/media/ullmann/HDDGabriel/research/engines/panda3d/panda/src/pgui/pgWaitBar.cxx,3,1,4
/media/ullmann/HDDGabriel/research/engines/panda3d/pandatool/src/xfileegg/xFileMaker.cxx,16,1,17
/media/ullmann/HDDGabriel/research/engines/panda3d/panda/src/event/buttonEvent.I,0,1,1
/media/ullmann/HDDGabriel/research/engines/panda3d/pandatool/src/eggcharbase/eggCharacterData.cxx,7,1,8
/media/ullmann/HDDGabriel/research/engines/panda3d/pandatool/src/eggcharbase/eggCharacterCollection.h,5,3,8
/media/ullmann/HDDGabriel/research/engines/panda3d/panda/src/putil/bitArray.I,0,1,1
/media/ullmann/HDDGabriel/research/engines/panda3d/panda/src/bullet/bulletRigidBodyNode.cxx,4,1,5
/media/ullmann/HDDGabriel/research/engines/panda3d/panda/src/gobj/adaptiveLru.I,0,1,1
/media/ullmann/HDDGabriel/research/engines/panda3d/panda/src/linmath/lvector2_ext.h,7,0,7
/media/ullmann/HDDGabriel/research/engines/panda3d/panda/src/net/p3net_composite2.cxx,8,0,8
/media/ullmann/HDDGabriel/research/engines/panda3d/panda/src/net/datagramUDPHeader.cxx,5,1,6
/media/ullmann/HDDGabriel/research/engines/panda3d/panda/src/pgraph/nodePathComponent.cxx,2,1,3
/media/ullmann/HDDGabriel/research/engines/panda3d/panda/src/wgldisplay/config_wgldisplay.cxx,8,1,9
/media/ullmann/HDDGabriel/research/engines/panda3d/panda/src/express/nodePointerToBase.cxx,1,1,2
/media/ullmann/HDDGabriel/research/engines/panda3d/pandatool/src/xfile/xFileTemplate.h,3,7,10
/media/ullmann/HDDGabriel/research/engines/panda3d/panda/src/physics/baseIntegrator.cxx,4,1,5
/media/ullmann/HDDGabriel/research/engines/panda3d/pandatool/src/assimp/pandaIOSystem.h,2,2,4
/media/ullmann/HDDGabriel/research/engines/panda3d/dtool/src/dtoolbase/dtoolbase_cc.h,9,1,10
/media/ullmann/HDDGabriel/research/engines/panda3d/dtool/src/parser-inc/new,0,1,1
/media/ullmann/HDDGabriel/research/engines/panda3d/dtool/src/dtoolutil/unicodeLatinMap.cxx,1,1,2
/media/ullmann/HDDGabriel/research/engines/panda3d/panda/src/express/compress_string.h,2,3,5
/media/ullmann/HDDGabriel/research/engines/panda3d/panda/src/dxgsg9/dxShaderContext9.cxx,9,1,10
/media/ullmann/HDDGabriel/research/engines/panda3d/panda/src/dxgsg9/dxShaderContext9.h,6,3,9
/media/ullmann/HDDGabriel/research/engines/panda3d/panda/src/chan/partBundleNode.I,0,1,1
/media/ullmann/HDDGabriel/research/engines/panda3d/pandatool/src/lwoegg/cLwoPoints.cxx,5,1,6
/media/ullmann/HDDGabriel/research/engines/panda3d/panda/src/gobj/materialPool.h,6,5,11
/media/ullmann/HDDGabriel/research/engines/panda3d/panda/src/express/pointerToArray.cxx,1,1,2
/media/ullmann/HDDGabriel/research/engines/panda3d/panda/src/glxdisplay/posixGraphicsStateGuardian.I,0,1,1
/media/ullmann/HDDGabriel/research/engines/panda3d/dtool/src/cppparser/cppParser.h,5,8,13
/media/ullmann/HDDGabriel/research/engines/panda3d/panda/src/express/pointerToBase.cxx,1,1,2
/media/ullmann/HDDGabriel/research/engines/panda3d/panda/src/movies/userDataAudioCursor.cxx,1,1,2
/media/ullmann/HDDGabriel/research/engines/panda3d/panda/src/linmath/lpoint2.h,7,8,15
/media/ullmann/HDDGabriel/research/engines/panda3d/panda/src/physics/linearEulerIntegrator.h,1,1,2
/media/ullmann/HDDGabriel/research/engines/panda3d/panda/src/pgraph/logicOpAttrib.cxx,7,1,8
/media/ullmann/HDDGabriel/research/engines/panda3d/pandatool/src/xfile/xFileNode.cxx,8,1,9
/media/ullmann/HDDGabriel/research/engines/panda3d/pandatool/src/xfile/xFileDataNodeTemplate.h,7,7,14
/media/ullmann/HDDGabriel/research/engines/panda3d/direct/src/dcparser/dcField_ext.h,4,3,7
/media/ullmann/HDDGabriel/research/engines/panda3d/pandatool/src/converter/somethingToEggConverter.cxx,3,0,3
/media/ullmann/HDDGabriel/research/engines/panda3d/panda/src/pgui/pgMouseWatcherBackground.h,2,2,4
/media/ullmann/HDDGabriel/research/engines/panda3d/panda/src/pgraph/light.cxx,5,1,6
/media/ullmann/HDDGabriel/research/engines/panda3d/panda/src/ode/odeFixedJoint.h,6,4,10
/media/ullmann/HDDGabriel/research/engines/panda3d/pandatool/src/dxfprogs/eggToDXF.h,1,2,3
/media/ullmann/HDDGabriel/research/engines/panda3d/dtool/src/dtoolbase/pstrtod.cxx,4,1,5
/media/ullmann/HDDGabriel/research/engines/panda3d/dtool/src/parser-inc/limits,0,2,2
/media/ullmann/HDDGabriel/research/engines/panda3d/panda/src/dxgsg9/dxVertexBufferContext9.I,0,1,1
/media/ullmann/HDDGabriel/research/engines/panda3d/panda/src/particlesystem/zSpinParticle.h,2,2,4
/media/ullmann/HDDGabriel/research/engines/panda3d/panda/src/physics/linearUserDefinedForce.cxx,1,1,2
/media/ullmann/HDDGabriel/research/engines/panda3d/panda/src/net/datagram_ui.cxx,6,0,6
/media/ullmann/HDDGabriel/research/engines/panda3d/dtool/src/dtoolutil/filename_ext.h,4,1,5
/media/ullmann/HDDGabriel/research/engines/panda3d/pandatool/src/flt/fltTexture.h,3,3,6
/media/ullmann/HDDGabriel/research/engines/panda3d/panda/src/express/stringStream.I,0,1,1
/media/ullmann/HDDGabriel/research/engines/panda3d/panda/src/egg2pg/load_egg_file.cxx,7,1,8
/media/ullmann/HDDGabriel/research/engines/panda3d/panda/src/bullet/bullet_utils.cxx,2,1,3
/media/ullmann/HDDGabriel/research/engines/panda3d/panda/src/pgraph/polylightNode.h,8,5,13
/media/ullmann/HDDGabriel/research/engines/panda3d/panda/src/putil/factoryParams.I,0,1,1
/media/ullmann/HDDGabriel/research/engines/panda3d/dtool/src/prc/configPage.h,3,6,9
/media/ullmann/HDDGabriel/research/engines/panda3d/pandatool/src/flt/fltTransformRotateAboutEdge.h,1,3,4
/media/ullmann/HDDGabriel/research/engines/panda3d/panda/src/putil/firstOfPairCompare.h,2,0,2
/media/ullmann/HDDGabriel/research/engines/panda3d/panda/src/physics/linearVectorForce.cxx,5,1,6
/media/ullmann/HDDGabriel/research/engines/panda3d/panda/src/gobj/vertexDataPage.cxx,10,1,11
/media/ullmann/HDDGabriel/research/engines/panda3d/pandatool/src/pstatserver/pStatStripChart.I,0,1,1
/media/ullmann/HDDGabriel/research/engines/panda3d/panda/src/movies/vorbisAudioCursor.h,5,3,8
/media/ullmann/HDDGabriel/research/engines/panda3d/panda/src/device/ioKitInputDeviceManager.cxx,2,1,3
/media/ullmann/HDDGabriel/research/engines/panda3d/panda/src/device/ioKitInputDevice.h,2,2,4
/media/ullmann/HDDGabriel/research/engines/panda3d/panda/src/gobj/geomVertexFormat.cxx,7,1,8
/media/ullmann/HDDGabriel/research/engines/panda3d/panda/src/mathutil/perlinNoise3.cxx,2,1,3
/media/ullmann/HDDGabriel/research/engines/panda3d/panda/src/egg/eggMesherStrip.cxx,8,1,9
/media/ullmann/HDDGabriel/research/engines/panda3d/panda/src/express/stringStreamBuf.h,3,2,5
/media/ullmann/HDDGabriel/research/engines/panda3d/panda/src/pgraph/camera.cxx,4,1,5
/media/ullmann/HDDGabriel/research/engines/panda3d/pandatool/src/win-stats/winStatsFlameGraph.cxx,4,1,5
/media/ullmann/HDDGabriel/research/engines/panda3d/panda/src/ffmpeg/ffmpegVirtualFile.h,6,3,9
/media/ullmann/HDDGabriel/research/engines/panda3d/dtool/src/interrogate/parameterRemapThis.cxx,6,1,7
/media/ullmann/HDDGabriel/research/engines/panda3d/panda/src/pgui/pgSliderBar.h,6,5,11
/media/ullmann/HDDGabriel/research/engines/panda3d/panda/src/pnmtext/pnmTextGlyph.I,0,1,1
/media/ullmann/HDDGabriel/research/engines/panda3d/panda/src/cull/cullBinStateSorted.I,0,1,1
/media/ullmann/HDDGabriel/research/engines/panda3d/panda/src/pgui/pgTop.cxx,5,1,6
/media/ullmann/HDDGabriel/research/engines/panda3d/pandatool/src/lwo/lwoSurfaceBlockHeader.cxx,8,1,9
/media/ullmann/HDDGabriel/research/engines/panda3d/panda/src/egg/pt_EggTexture.cxx,1,1,2
/media/ullmann/HDDGabriel/research/engines/panda3d/panda/src/pnmimagetypes/pnmFileTypeIMG.h,4,2,6
/media/ullmann/HDDGabriel/research/engines/panda3d/pandatool/src/eggcharbase/eggScalarTablePointer.h,3,3,6
/media/ullmann/HDDGabriel/research/engines/panda3d/panda/src/gobj/userVertexSlider.h,7,2,9
/media/ullmann/HDDGabriel/research/engines/panda3d/panda/src/gobj/userVertexSlider.I,0,1,1
/media/ullmann/HDDGabriel/research/engines/panda3d/panda/src/pipeline/cycleDataStageWriter.cxx,1,1,2
/media/ullmann/HDDGabriel/research/engines/panda3d/direct/src/directd/directd.h,7,1,8
/media/ullmann/HDDGabriel/research/engines/panda3d/panda/src/grutil/sceneGraphAnalyzerMeter.h,9,3,12
/media/ullmann/HDDGabriel/research/engines/panda3d/panda/src/audiotraits/config_fmodAudio.h,4,3,7
/media/ullmann/HDDGabriel/research/engines/panda3d/panda/src/egg/eggVertexAux.cxx,3,1,4
/media/ullmann/HDDGabriel/research/engines/panda3d/panda/src/pnmimage/pnmImage.I,0,1,1
/media/ullmann/HDDGabriel/research/engines/panda3d/panda/src/egg/eggSurface.h,3,5,8
/media/ullmann/HDDGabriel/research/engines/panda3d/pandatool/src/egg-palettize/txaFileFilter.I,0,1,1
/media/ullmann/HDDGabriel/research/engines/panda3d/pandatool/src/pandatoolbase/pathStore.h,1,2,3
/media/ullmann/HDDGabriel/research/engines/panda3d/dtool/src/parser-inc/limits.h,0,4,4
/media/ullmann/HDDGabriel/research/engines/panda3d/panda/src/pgraph/geomDrawCallbackData.I,0,1,1
/media/ullmann/HDDGabriel/research/engines/panda3d/panda/src/ode/odeHingeJoint.h,5,4,9
/media/ullmann/HDDGabriel/research/engines/panda3d/panda/src/ode/odeHingeJoint.I,0,1,1
/media/ullmann/HDDGabriel/research/engines/panda3d/dtool/src/dtoolbase/pdtoa.h,1,4,5
/media/ullmann/HDDGabriel/research/engines/panda3d/panda/src/wgldisplay/wglGraphicsBuffer.cxx,6,1,7
/media/ullmann/HDDGabriel/research/engines/panda3d/panda/src/linmath/lvecBase2_src.h,1,1,2
/media/ullmann/HDDGabriel/research/engines/panda3d/panda/src/downloadertools/pencrypt.cxx,5,0,5
/media/ullmann/HDDGabriel/research/engines/panda3d/panda/src/egg/eggXfmSAnim.I,0,1,1
/media/ullmann/HDDGabriel/research/engines/panda3d/panda/src/physics/forceNode.I,0,1,1
/media/ullmann/HDDGabriel/research/engines/panda3d/panda/src/pipeline/threadSimpleManager.cxx,5,1,6
/media/ullmann/HDDGabriel/research/engines/panda3d/panda/src/gobj/texturePool_ext.cxx,3,1,4
/media/ullmann/HDDGabriel/research/engines/panda3d/panda/src/pipeline/mutexDebug.cxx,3,1,4
/media/ullmann/HDDGabriel/research/engines/panda3d/dtool/src/dtoolbase/mutexDummyImpl.I,0,1,1
/media/ullmann/HDDGabriel/research/engines/panda3d/panda/src/express/compress_string.cxx,4,1,5
/media/ullmann/HDDGabriel/research/engines/panda3d/dtool/src/interrogate/functionWriterPtrFromPython.cxx,5,1,6
/media/ullmann/HDDGabriel/research/engines/panda3d/panda/src/pnmimage/pnmbitio.h,2,3,5
/media/ullmann/HDDGabriel/research/engines/panda3d/panda/src/text/textGlyph.cxx,5,1,6
/media/ullmann/HDDGabriel/research/engines/panda3d/panda/src/distort/fisheyeLens.h,3,2,5
/media/ullmann/HDDGabriel/research/engines/panda3d/panda/src/downloader/bioStreamPtr.h,4,4,8
/media/ullmann/HDDGabriel/research/engines/panda3d/panda/src/downloader/bioStreamPtr.I,0,1,1
/media/ullmann/HDDGabriel/research/engines/panda3d/panda/src/display/graphicsWindowProcCallbackData.cxx,2,1,3
/media/ullmann/HDDGabriel/research/engines/panda3d/direct/src/showbase/showBase.h,9,1,10
/media/ullmann/HDDGabriel/research/engines/panda3d/panda/src/collide/collisionHandlerQueue.cxx,3,1,4
/media/ullmann/HDDGabriel/research/engines/panda3d/panda/src/collide/collisionHandlerQueue.h,4,3,7
/media/ullmann/HDDGabriel/research/engines/panda3d/panda/src/mathutil/perlinNoise.cxx,1,1,2
/media/ullmann/HDDGabriel/research/engines/panda3d/panda/src/mathutil/unionBoundingVolume.cxx,4,1,5
/media/ullmann/HDDGabriel/research/engines/panda3d/pandatool/src/vrml/vrmlNodeType.cxx,5,0,5
/media/ullmann/HDDGabriel/research/engines/panda3d/panda/src/gobj/matrixLens.cxx,4,1,5
/media/ullmann/HDDGabriel/research/engines/panda3d/panda/src/express/ramfile.h,4,7,11
/media/ullmann/HDDGabriel/research/engines/panda3d/panda/src/pgraph/occluderEffect.h,7,5,12
/media/ullmann/HDDGabriel/research/engines/panda3d/pandatool/src/egg-qtess/qtessGlobals.h,0,4,4
/media/ullmann/HDDGabriel/research/engines/panda3d/panda/src/pipeline/reMutexDirect.h,5,3,8
/media/ullmann/HDDGabriel/research/engines/panda3d/panda/src/downloader/identityStreamBuf.h,5,2,7
/media/ullmann/HDDGabriel/research/engines/panda3d/panda/src/physics/physicsObjectCollection.h,4,2,6
/media/ullmann/HDDGabriel/research/engines/panda3d/panda/src/windisplay/winDetectDx9.cxx,5,0,5
/media/ullmann/HDDGabriel/research/engines/panda3d/panda/src/char/jointVertexTransform.I,0,1,1
/media/ullmann/HDDGabriel/research/engines/panda3d/panda/src/doc/sampleClass.h,3,1,4
/media/ullmann/HDDGabriel/research/engines/panda3d/panda/src/doc/sampleClass.I,0,1,1
/media/ullmann/HDDGabriel/research/engines/panda3d/panda/src/ode/odeNullJoint.h,5,4,9
/media/ullmann/HDDGabriel/research/engines/panda3d/panda/src/downloader/extractor.cxx,5,1,6
/media/ullmann/HDDGabriel/research/engines/panda3d/direct/src/dcparser/dcLexerDefs.h,1,3,4
/media/ullmann/HDDGabriel/research/engines/panda3d/panda/src/pgraph/materialAttrib.cxx,6,1,7
/media/ullmann/HDDGabriel/research/engines/panda3d/panda/src/linmath/p3linmath_composite2.cxx,9,0,9
/media/ullmann/HDDGabriel/research/engines/panda3d/pandatool/src/eggcharbase/eggComponentData.I,0,1,1
/media/ullmann/HDDGabriel/research/engines/panda3d/panda/src/downloader/multiplexStream.h,5,2,7
/media/ullmann/HDDGabriel/research/engines/panda3d/panda/src/downloader/multiplexStream.I,0,1,1
/media/ullmann/HDDGabriel/research/engines/panda3d/panda/src/mathutil/stackedPerlinNoise3.h,4,1,5
/media/ullmann/HDDGabriel/research/engines/panda3d/panda/src/mathutil/stackedPerlinNoise3.I,0,1,1
/media/ullmann/HDDGabriel/research/engines/panda3d/panda/src/android/pview.cxx,9,0,9
/media/ullmann/HDDGabriel/research/engines/panda3d/panda/src/putil/colorSpace.cxx,7,1,8
/media/ullmann/HDDGabriel/research/engines/panda3d/panda/src/pnmimagetypes/pnmFileTypeJPGWriter.cxx,5,1,6
/media/ullmann/HDDGabriel/research/engines/panda3d/panda/src/particlesystem/colorInterpolationManager.I,0,1,1
/media/ullmann/HDDGabriel/research/engines/panda3d/pandatool/src/gtk-stats/gtkStatsServer.h,0,3,3
/media/ullmann/HDDGabriel/research/engines/panda3d/pandatool/src/flt/fltLOD.cxx,3,1,4
/media/ullmann/HDDGabriel/research/engines/panda3d/pandatool/src/eggcharbase/eggCharacterDb.cxx,2,1,3
/media/ullmann/HDDGabriel/research/engines/panda3d/pandatool/src/eggcharbase/eggCharacterData.h,8,5,13
/media/ullmann/HDDGabriel/research/engines/panda3d/pandatool/src/lwo/lwoVertexMap.cxx,4,1,5
/media/ullmann/HDDGabriel/research/engines/panda3d/pandatool/src/lwo/lwoVertexMap.h,2,3,5
/media/ullmann/HDDGabriel/research/engines/panda3d/panda/src/linmath/lvec3_ops_src.h,1,1,2
/media/ullmann/HDDGabriel/research/engines/panda3d/panda/src/linmath/lvec3_ops_src.I,0,1,1
/media/ullmann/HDDGabriel/research/engines/panda3d/pandatool/src/xfileegg/xFileMaterial.cxx,7,1,8
/media/ullmann/HDDGabriel/research/engines/panda3d/pandatool/src/xfile/xFileDataObjectDouble.cxx,3,1,4
/media/ullmann/HDDGabriel/research/engines/panda3d/panda/src/recorder/recorderFrame.I,0,1,1
/media/ullmann/HDDGabriel/research/engines/panda3d/panda/src/pgraph/fog.I,0,1,1
/media/ullmann/HDDGabriel/research/engines/panda3d/panda/src/device/buttonNode.h,5,2,7
/media/ullmann/HDDGabriel/research/engines/panda3d/panda/src/display/displaySearchParameters.h,1,3,4
/media/ullmann/HDDGabriel/research/engines/panda3d/panda/src/egg/eggPoint.I,0,1,1
/media/ullmann/HDDGabriel/research/engines/panda3d/panda/src/pgraph/portalNode.I,0,1,1
/media/ullmann/HDDGabriel/research/engines/panda3d/panda/src/putil/configurable.cxx,1,1,2
/media/ullmann/HDDGabriel/research/engines/panda3d/panda/src/event/asyncTask.I,0,1,1
/media/ullmann/HDDGabriel/research/engines/panda3d/panda/src/movies/vorbisAudioCursor.cxx,4,1,5
/media/ullmann/HDDGabriel/research/engines/panda3d/panda/src/dxgsg9/dxGraphicsDevice9.h,3,2,5
/media/ullmann/HDDGabriel/research/engines/panda3d/pandatool/src/lwo/lwoPolygons.cxx,4,1,5
/media/ullmann/HDDGabriel/research/engines/panda3d/dtool/src/cppparser/cppIdentifier.cxx,7,1,8
/media/ullmann/HDDGabriel/research/engines/panda3d/panda/src/pipeline/conditionVarDebug.h,4,3,7
/media/ullmann/HDDGabriel/research/engines/panda3d/panda/src/egg/eggPolysetMaker.h,3,6,9
/media/ullmann/HDDGabriel/research/engines/panda3d/panda/src/pgraphnodes/pointLight.I,0,1,1
/media/ullmann/HDDGabriel/research/engines/panda3d/panda/src/putil/compareTo.I,0,1,1
/media/ullmann/HDDGabriel/research/engines/panda3d/panda/src/mathutil/geometricBoundingVolume.cxx,1,1,2
/media/ullmann/HDDGabriel/research/engines/panda3d/pandatool/src/xfileegg/xFileAnimationSet.h,5,3,8
/media/ullmann/HDDGabriel/research/engines/panda3d/pandatool/src/xfileegg/xFileAnimationSet.I,0,1,1
/media/ullmann/HDDGabriel/research/engines/panda3d/panda/src/egg/eggNode_ext.h,5,1,6
/media/ullmann/HDDGabriel/research/engines/panda3d/pandatool/src/egg-qtess/qtessInputEntry.h,3,3,6
/media/ullmann/HDDGabriel/research/engines/panda3d/panda/src/gobj/pythonTexturePoolFilter.cxx,3,1,4
/media/ullmann/HDDGabriel/research/engines/panda3d/panda/src/chan/auto_bind.cxx,6,1,7
/media/ullmann/HDDGabriel/research/engines/panda3d/panda/src/glxdisplay/panda_glxext.h,2,2,4
/media/ullmann/HDDGabriel/research/engines/panda3d/dtool/src/parser-inc/inttypes.h,1,4,5
/media/ullmann/HDDGabriel/research/engines/panda3d/panda/src/pgraph/alphaTestAttrib.I,0,1,1
/media/ullmann/HDDGabriel/research/engines/panda3d/panda/src/putil/colorSpace.h,1,3,4
/media/ullmann/HDDGabriel/research/engines/panda3d/pandatool/src/eggprogs/eggMakeTube.h,0,1,1
/media/ullmann/HDDGabriel/research/engines/panda3d/panda/src/iphonedisplay/config_iphonedisplay.h,4,0,4
/media/ullmann/HDDGabriel/research/engines/panda3d/panda/src/pipeline/cycleDataStageReader.I,0,1,1
/media/ullmann/HDDGabriel/research/engines/panda3d/panda/src/ode/odeTriMeshGeom.cxx,2,1,3
/media/ullmann/HDDGabriel/research/engines/panda3d/panda/src/putil/p3putil_ext_composite.cxx,6,0,6
/media/ullmann/HDDGabriel/research/engines/panda3d/panda/src/tinydisplay/zbuffer.h,3,12,15
/media/ullmann/HDDGabriel/research/engines/panda3d/panda/src/glstuff/glCgShaderContext_src.h,7,1,8
/media/ullmann/HDDGabriel/research/engines/panda3d/panda/src/parametrics/parametricCurveCollection.cxx,8,1,9
/media/ullmann/HDDGabriel/research/engines/panda3d/panda/src/pnmtext/config_pnmtext.h,4,4,8
/media/ullmann/HDDGabriel/research/engines/panda3d/panda/src/device/clientBase.I,0,1,1
/media/ullmann/HDDGabriel/research/engines/panda3d/pandatool/src/flt/fltTransformTranslate.cxx,3,1,4
/media/ullmann/HDDGabriel/research/engines/panda3d/dtool/src/parser-inc/ft2build.h,0,4,4
/media/ullmann/HDDGabriel/research/engines/panda3d/panda/src/glstuff/glImmediateModeSender_src.h,3,1,4
/media/ullmann/HDDGabriel/research/engines/panda3d/panda/src/grutil/cardMaker.I,0,1,1
/media/ullmann/HDDGabriel/research/engines/panda3d/panda/src/egg/eggTexture.cxx,5,1,6
/media/ullmann/HDDGabriel/research/engines/panda3d/panda/src/pnmtext/p3pnmtext_composite1.cxx,5,0,5
/media/ullmann/HDDGabriel/research/engines/panda3d/panda/src/gobj/textureContext.I,0,1,1
/media/ullmann/HDDGabriel/research/engines/panda3d/panda/src/chan/animBundle.I,0,1,1
/media/ullmann/HDDGabriel/research/engines/panda3d/panda/src/express/pointerToBase.h,6,3,9
/media/ullmann/HDDGabriel/research/engines/panda3d/dtool/src/dtoolbase/typeHandle.I,0,1,1
/media/ullmann/HDDGabriel/research/engines/panda3d/pandatool/src/xfileegg/xFileAnimationSet.cxx,7,1,8
/media/ullmann/HDDGabriel/research/engines/panda3d/panda/src/dgraph/config_dgraph.cxx,4,1,5
/media/ullmann/HDDGabriel/research/engines/panda3d/panda/src/glgsg/config_glgsg.h,3,4,7
/media/ullmann/HDDGabriel/research/engines/panda3d/panda/src/express/subStreamBuf.h,2,2,4
/media/ullmann/HDDGabriel/research/engines/panda3d/panda/src/downloader/bioPtr.cxx,11,1,12
/media/ullmann/HDDGabriel/research/engines/panda3d/panda/src/pgraph/stateMunger.h,4,6,10
/media/ullmann/HDDGabriel/research/engines/panda3d/panda/src/display/graphicsDevice.I,0,1,1
/media/ullmann/HDDGabriel/research/engines/panda3d/panda/src/mathutil/stackedPerlinNoise2.h,4,3,7
/media/ullmann/HDDGabriel/research/engines/panda3d/panda/src/express/memoryUsagePointerCounts.I,0,1,1
/media/ullmann/HDDGabriel/research/engines/panda3d/dtool/src/cppparser/cppGlobals.cxx,1,1,2
/media/ullmann/HDDGabriel/research/engines/panda3d/dtool/src/cppparser/cppSimpleType.cxx,2,1,3
/media/ullmann/HDDGabriel/research/engines/panda3d/pandatool/src/dxfprogs/eggToDXFLayer.cxx,6,0,6
/media/ullmann/HDDGabriel/research/engines/panda3d/panda/src/linmath/lvecBase3_ext.h,6,2,8
/media/ullmann/HDDGabriel/research/engines/panda3d/pandatool/src/daeegg/daeMaterials.cxx,5,1,6
/media/ullmann/HDDGabriel/research/engines/panda3d/panda/src/particlesystem/emitters.h,10,0,10
/media/ullmann/HDDGabriel/research/engines/panda3d/pandatool/src/eggprogs/eggToC.h,1,1,2
/media/ullmann/HDDGabriel/research/engines/panda3d/pandatool/src/fltprogs/fltInfo.cxx,2,0,2
/media/ullmann/HDDGabriel/research/engines/panda3d/pandatool/src/fltprogs/fltInfo.h,0,1,1
/media/ullmann/HDDGabriel/research/engines/panda3d/panda/src/pipeline/threadSimpleManager.I,0,1,1
/media/ullmann/HDDGabriel/research/engines/panda3d/dtool/src/cppparser/cppTypedefType.cxx,5,1,6
/media/ullmann/HDDGabriel/research/engines/panda3d/panda/src/putil/callbackData.I,0,1,1
/media/ullmann/HDDGabriel/research/engines/panda3d/panda/src/glstuff/glGeomContext_src.h,8,1,9
/media/ullmann/HDDGabriel/research/engines/panda3d/panda/src/collide/collisionPolygon_ext.cxx,2,1,3
/media/ullmann/HDDGabriel/research/engines/panda3d/pandatool/src/lwo/lwoPoints.h,2,3,5
/media/ullmann/HDDGabriel/research/engines/panda3d/panda/src/ode/odeSphereGeom.cxx,2,1,3
/media/ullmann/HDDGabriel/research/engines/panda3d/dtool/src/dtoolutil/config_dtoolutil.cxx,3,1,4
/media/ullmann/HDDGabriel/research/engines/panda3d/dtool/src/cppparser/cppNameComponent.h,3,3,6
/media/ullmann/HDDGabriel/research/engines/panda3d/panda/src/event/genericAsyncTask.cxx,2,1,3
/media/ullmann/HDDGabriel/research/engines/panda3d/panda/src/pnmimagetypes/pnmFileTypeTGA.cxx,6,1,7
/media/ullmann/HDDGabriel/research/engines/panda3d/panda/src/ode/odePlane2dJoint.h,5,4,9
/media/ullmann/HDDGabriel/research/engines/panda3d/panda/src/tinydisplay/tinyWinGraphicsWindow.cxx,7,1,8
/media/ullmann/HDDGabriel/research/engines/panda3d/panda/src/cull/p3cull_composite1.cxx,4,0,4
/media/ullmann/HDDGabriel/research/engines/panda3d/panda/src/pnmimage/pfmFile_ext.h,4,1,5
/media/ullmann/HDDGabriel/research/engines/panda3d/panda/src/bullet/bulletClosestHitRayResult.cxx,1,1,2
/media/ullmann/HDDGabriel/research/engines/panda3d/panda/src/device/inputDeviceSet.cxx,2,1,3
/media/ullmann/HDDGabriel/research/engines/panda3d/pandatool/src/xfileegg/xFileToEggConverter.h,7,4,11
/media/ullmann/HDDGabriel/research/engines/panda3d/pandatool/src/gtk-stats/gtkstats_composite1.cxx,11,0,11
/media/ullmann/HDDGabriel/research/engines/panda3d/pandatool/src/gtk-stats/gtkStatsServer.cxx,2,1,3
/media/ullmann/HDDGabriel/research/engines/panda3d/panda/src/glxdisplay/glxGraphicsStateGuardian.cxx,4,1,5
/media/ullmann/HDDGabriel/research/engines/panda3d/dtool/src/dtoolbase/neverFreeMemory.I,0,1,1
/media/ullmann/HDDGabriel/research/engines/panda3d/direct/src/interval/cLerpNodePathInterval.h,4,2,6
/media/ullmann/HDDGabriel/research/engines/panda3d/panda/src/ffmpeg/ffmpegVideo.cxx,5,1,6
/media/ullmann/HDDGabriel/research/engines/panda3d/panda/src/parametrics/nurbsCurveInterface.I,0,1,1
/media/ullmann/HDDGabriel/research/engines/panda3d/panda/src/framework/windowFramework.I,0,1,1
/media/ullmann/HDDGabriel/research/engines/panda3d/pandatool/src/pandatoolbase/animationConvert.cxx,3,1,4
/media/ullmann/HDDGabriel/research/engines/panda3d/pandatool/src/eggcharbase/eggBackPointer.h,1,5,6
/media/ullmann/HDDGabriel/research/engines/panda3d/panda/src/audiotraits/fmodAudioSound.h,5,3,8
/media/ullmann/HDDGabriel/research/engines/panda3d/panda/src/egg/eggData.I,0,1,1
/media/ullmann/HDDGabriel/research/engines/panda3d/panda/src/pgraph/findApproxPath.h,6,4,10
/media/ullmann/HDDGabriel/research/engines/panda3d/panda/src/egg/eggSwitchCondition.cxx,2,1,3
/media/ullmann/HDDGabriel/research/engines/panda3d/pandatool/src/eggcharbase/eggCharacterFilter.cxx,3,1,4
/media/ullmann/HDDGabriel/research/engines/panda3d/panda/src/glstuff/glImmediateModeSender_src.cxx,0,1,1
/media/ullmann/HDDGabriel/research/engines/panda3d/panda/src/net/datagram_ui.h,2,6,8
/media/ullmann/HDDGabriel/research/engines/panda3d/pandatool/src/lwo/lwoTags.cxx,4,1,5
/media/ullmann/HDDGabriel/research/engines/panda3d/pandatool/src/fltegg/fltToEggLevelState.h,1,2,3
/media/ullmann/HDDGabriel/research/engines/panda3d/panda/src/egg/eggRenderMode.I,0,1,1
/media/ullmann/HDDGabriel/research/engines/panda3d/panda/src/x11display/config_x11display.cxx,6,1,7
/media/ullmann/HDDGabriel/research/engines/panda3d/pandatool/src/eggcharbase/eggSliderPointer.cxx,1,1,2
/media/ullmann/HDDGabriel/research/engines/panda3d/panda/src/pnmimagetypes/p3pnmimagetypes_composite1.cxx,9,0,9
/media/ullmann/HDDGabriel/research/engines/panda3d/panda/src/pipeline/lightMutexDirect.I,0,1,1
/media/ullmann/HDDGabriel/research/engines/panda3d/panda/src/pipeline/pmutex.cxx,2,1,3
/media/ullmann/HDDGabriel/research/engines/panda3d/panda/src/pstatclient/pStatThread.I,0,1,1
/media/ullmann/HDDGabriel/research/engines/panda3d/panda/src/bullet/bulletSoftBodyWorldInfo.cxx,2,1,3
/media/ullmann/HDDGabriel/research/engines/panda3d/pandatool/src/xfile/xFileDataObjectInteger.cxx,3,1,4
/media/ullmann/HDDGabriel/research/engines/panda3d/panda/src/distort/p3distort_composite1.cxx,7,0,7
/media/ullmann/HDDGabriel/research/engines/panda3d/panda/src/pgraph/portalClipper.I,0,1,1
/media/ullmann/HDDGabriel/research/engines/panda3d/pandatool/src/eggbase/somethingToEgg.cxx,2,1,3
/media/ullmann/HDDGabriel/research/engines/panda3d/panda/src/downloader/multiplexStreamBuf.h,5,2,7
/media/ullmann/HDDGabriel/research/engines/panda3d/panda/src/pnmimagetypes/pnmFileTypePNG.cxx,5,1,6
/media/ullmann/HDDGabriel/research/engines/panda3d/panda/src/event/asyncTaskSequence.cxx,2,1,3
/media/ullmann/HDDGabriel/research/engines/panda3d/pandatool/src/mayaegg/mayaBlendDesc.cxx,2,1,3
/media/ullmann/HDDGabriel/research/engines/panda3d/panda/src/express/p3express_ext_composite.cxx,5,0,5
/media/ullmann/HDDGabriel/research/engines/panda3d/panda/src/express/ramfile_ext.cxx,1,1,2
/media/ullmann/HDDGabriel/research/engines/panda3d/panda/src/express/weakPointerTo.cxx,1,1,2
/media/ullmann/HDDGabriel/research/engines/panda3d/panda/src/cocoadisplay/config_cocoadisplay.h,3,1,4
/media/ullmann/HDDGabriel/research/engines/panda3d/panda/src/gobj/shaderBuffer.cxx,2,1,3
/media/ullmann/HDDGabriel/research/engines/panda3d/pandatool/src/imagebase/imageBase.h,2,3,5
/media/ullmann/HDDGabriel/research/engines/panda3d/pandatool/src/pstatserver/pStatGraph.I,0,1,1
/media/ullmann/HDDGabriel/research/engines/panda3d/panda/src/nativenet/socket_tcp_listen.h,3,5,8
/media/ullmann/HDDGabriel/research/engines/panda3d/panda/src/tinydisplay/tinyGeomMunger.h,5,3,8
/media/ullmann/HDDGabriel/research/engines/panda3d/dtool/src/cppparser/cppType.cxx,8,1,9
/media/ullmann/HDDGabriel/research/engines/panda3d/panda/src/collide/collisionHandlerFluidPusher.h,4,2,6
/media/ullmann/HDDGabriel/research/engines/panda3d/panda/src/express/error_utils.h,1,4,5
/media/ullmann/HDDGabriel/research/engines/panda3d/panda/src/tform/transform2sg.cxx,4,1,5
/media/ullmann/HDDGabriel/research/engines/panda3d/panda/src/particlesystem/sparkleParticleRenderer.I,0,1,1
/media/ullmann/HDDGabriel/research/engines/panda3d/panda/src/collide/collisionHandlerPhysical.cxx,3,1,4
/media/ullmann/HDDGabriel/research/engines/panda3d/panda/src/x11display/x11GraphicsWindow.h,5,7,12
/media/ullmann/HDDGabriel/research/engines/panda3d/panda/src/ode/odeSurfaceParameters.h,5,3,8
/media/ullmann/HDDGabriel/research/engines/panda3d/pandatool/src/pstatserver/pStatFlameGraph.I,0,1,1
/media/ullmann/HDDGabriel/research/engines/panda3d/pandatool/src/eggcharbase/eggSliderPointer.h,2,5,7
/media/ullmann/HDDGabriel/research/engines/panda3d/panda/src/tinydisplay/specbuf.cxx,3,1,4
/media/ullmann/HDDGabriel/research/engines/panda3d/panda/src/linmath/lvecBase3.cxx,5,1,6
/media/ullmann/HDDGabriel/research/engines/panda3d/direct/src/dcparser/dcFile.h,3,3,6
/media/ullmann/HDDGabriel/research/engines/panda3d/direct/src/dcparser/dcKeywordList.h,1,3,4
/media/ullmann/HDDGabriel/research/engines/panda3d/dtool/src/cppparser/cppUsing.cxx,2,1,3
/media/ullmann/HDDGabriel/research/engines/panda3d/panda/src/gobj/userVertexTransform.cxx,3,1,4
/media/ullmann/HDDGabriel/research/engines/panda3d/panda/src/audio/audioLoadRequest.h,6,3,9
/media/ullmann/HDDGabriel/research/engines/panda3d/panda/src/pipeline/pipelineCycler.cxx,1,1,2
/media/ullmann/HDDGabriel/research/engines/panda3d/panda/src/express/virtualFileSimple.h,3,4,7
/media/ullmann/HDDGabriel/research/engines/panda3d/panda/src/pgraph/polylightNode.cxx,10,1,11
/media/ullmann/HDDGabriel/research/engines/panda3d/pandatool/src/objprogs/eggToObj.cxx,5,0,5
/media/ullmann/HDDGabriel/research/engines/panda3d/panda/src/putil/bamCacheIndex.I,0,1,1
/media/ullmann/HDDGabriel/research/engines/panda3d/panda/src/skel/p3skel_composite1.cxx,3,0,3
/media/ullmann/HDDGabriel/research/engines/panda3d/dtool/src/prc/p3prc_ext_composite.cxx,3,0,3
/media/ullmann/HDDGabriel/research/engines/panda3d/dtool/src/prc/streamWriter_ext.cxx,1,1,2
/media/ullmann/HDDGabriel/research/engines/panda3d/panda/src/net/config_net.cxx,4,1,5
/media/ullmann/HDDGabriel/research/engines/panda3d/panda/src/grutil/pfmVizzer.I,0,1,1
/media/ullmann/HDDGabriel/research/engines/panda3d/panda/src/pipeline/mainThread.h,2,4,6
/media/ullmann/HDDGabriel/research/engines/panda3d/pandatool/src/egg-optchar/eggOptchar.cxx,15,0,15
/media/ullmann/HDDGabriel/research/engines/panda3d/pandatool/src/egg-optchar/vertexMembership.h,2,2,4
/media/ullmann/HDDGabriel/research/engines/panda3d/dtool/src/interrogate/interrogate_module.cxx,8,0,8
/media/ullmann/HDDGabriel/research/engines/panda3d/pandatool/src/flt/fltOpcode.cxx,1,1,2
/media/ullmann/HDDGabriel/research/engines/panda3d/dtool/src/cppparser/cppMakeProperty.h,3,2,5
/media/ullmann/HDDGabriel/research/engines/panda3d/panda/src/pgui/pgMouseWatcherBackground.cxx,2,1,3
/media/ullmann/HDDGabriel/research/engines/panda3d/panda/src/audio/nullAudioSound.h,1,3,4
/media/ullmann/HDDGabriel/research/engines/panda3d/panda/src/ffmpeg/ffmpegAudio.h,3,3,6
/media/ullmann/HDDGabriel/research/engines/panda3d/panda/src/pipeline/conditionVarDummyImpl.I,0,1,1
/media/ullmann/HDDGabriel/research/engines/panda3d/panda/src/express/datagramSink.cxx,2,1,3
/media/ullmann/HDDGabriel/research/engines/panda3d/panda/src/putil/test_bam.cxx,4,0,4
/media/ullmann/HDDGabriel/research/engines/panda3d/panda/src/text/textPropertiesManager.h,5,3,8
/media/ullmann/HDDGabriel/research/engines/panda3d/panda/src/dxgsg9/vertexElementArray.h,0,2,2
/media/ullmann/HDDGabriel/research/engines/panda3d/panda/src/device/inputDeviceManager.I,0,1,1
/media/ullmann/HDDGabriel/research/engines/panda3d/pandatool/src/imagebase/imageWriter.h,3,2,5
/media/ullmann/HDDGabriel/research/engines/panda3d/dtool/src/dtoolbase/mutexPosixImpl.I,0,1,1
/media/ullmann/HDDGabriel/research/engines/panda3d/panda/src/express/buffer.cxx,1,1,2
/media/ullmann/HDDGabriel/research/engines/panda3d/panda/src/pgraph/cullBinEnums.h,1,2,3
/media/ullmann/HDDGabriel/research/engines/panda3d/panda/src/testbed/test_map.cxx,4,0,4
/media/ullmann/HDDGabriel/research/engines/panda3d/panda/src/pgraph/cacheStats.cxx,1,1,2
/media/ullmann/HDDGabriel/research/engines/panda3d/panda/src/net/netAddress.cxx,2,1,3
/media/ullmann/HDDGabriel/research/engines/panda3d/panda/src/linmath/lpoint2.cxx,5,1,6
/media/ullmann/HDDGabriel/research/engines/panda3d/dtool/src/cppparser/cppNameComponent.cxx,2,1,3
/media/ullmann/HDDGabriel/research/engines/panda3d/dtool/src/dtoolbase/typeRegistryNode.I,0,1,1
/media/ullmann/HDDGabriel/research/engines/panda3d/panda/src/ode/odeContactGeom.cxx,2,1,3
/media/ullmann/HDDGabriel/research/engines/panda3d/panda/src/bullet/bulletRotationalLimitMotor.h,5,2,7
/media/ullmann/HDDGabriel/research/engines/panda3d/pandatool/src/mayaprogs/config_mayaloader.cxx,2,0,2
/media/ullmann/HDDGabriel/research/engines/panda3d/pandatool/src/maya/mayaShader.cxx,8,1,9
/media/ullmann/HDDGabriel/research/engines/panda3d/panda/src/pnmimage/pnm-image-filter.cxx,8,1,9
/media/ullmann/HDDGabriel/research/engines/panda3d/pandatool/src/lwo/lwoPolygonTags.cxx,4,1,5
/media/ullmann/HDDGabriel/research/engines/panda3d/dtool/src/interrogatedb/interrogateElement.h,3,3,6
/media/ullmann/HDDGabriel/research/engines/panda3d/dtool/src/parser-inc/openssl/err.h,0,3,3
/media/ullmann/HDDGabriel/research/engines/panda3d/panda/src/glxdisplay/config_glxdisplay.cxx,10,1,11
/media/ullmann/HDDGabriel/research/engines/panda3d/panda/src/collide/collisionHandlerFloor.h,3,3,6
/media/ullmann/HDDGabriel/research/engines/panda3d/panda/src/collide/collisionHandlerFloor.I,0,1,1
/media/ullmann/HDDGabriel/research/engines/panda3d/panda/src/egg/eggTriangleFan.cxx,4,1,5
/media/ullmann/HDDGabriel/research/engines/panda3d/panda/src/pgraph/weakNodePath.cxx,1,1,2
/media/ullmann/HDDGabriel/research/engines/panda3d/panda/src/mathutil/pta_LVecBase2.cxx,1,1,2
/media/ullmann/HDDGabriel/research/engines/panda3d/panda/src/movies/flacAudio.h,2,3,5
/media/ullmann/HDDGabriel/research/engines/panda3d/panda/src/bullet/bulletRotationalLimitMotor.I,0,1,1
/media/ullmann/HDDGabriel/research/engines/panda3d/panda/src/collide/collisionHandlerFluidPusher.cxx,7,1,8
/media/ullmann/HDDGabriel/research/engines/panda3d/panda/src/device/trackerData.h,3,4,7
/media/ullmann/HDDGabriel/research/engines/panda3d/panda/src/androiddisplay/androidGraphicsPipe.I,0,1,1
/media/ullmann/HDDGabriel/research/engines/panda3d/dtool/src/parser-inc/opencv2/highgui/highgui.hpp,0,2,2
/media/ullmann/HDDGabriel/research/engines/panda3d/panda/src/display/displaySearchParameters.cxx,1,1,2
/media/ullmann/HDDGabriel/research/engines/panda3d/panda/metalibs/pandagles/pandagles.cxx,6,0,6
/media/ullmann/HDDGabriel/research/engines/panda3d/panda/src/egg/eggNurbsSurface.h,6,9,15
/media/ullmann/HDDGabriel/research/engines/panda3d/panda/src/egg/eggTriangleStrip.h,3,6,9
/media/ullmann/HDDGabriel/research/engines/panda3d/panda/src/linmath/lpoint2_ext.h,7,0,7
/media/ullmann/HDDGabriel/research/engines/panda3d/pandatool/src/egg-mkfont/eggMakeFont.h,5,1,6
/media/ullmann/HDDGabriel/research/engines/panda3d/pandatool/src/flt/fltCurve.h,4,3,7
/media/ullmann/HDDGabriel/research/engines/panda3d/pandatool/src/flt/fltCurve.I,0,1,1
/media/ullmann/HDDGabriel/research/engines/panda3d/panda/src/nativenet/socket_base.h,10,1,11
/media/ullmann/HDDGabriel/research/engines/panda3d/panda/src/nativenet/socket_selector.h,0,1,1
/media/ullmann/HDDGabriel/research/engines/panda3d/pandatool/src/xfile/xFileDataObjectArray.cxx,3,1,4
/media/ullmann/HDDGabriel/research/engines/panda3d/dtool/src/prc/configVariableManager.I,0,1,1
/media/ullmann/HDDGabriel/research/engines/panda3d/panda/src/egg/p3egg_ext_composite.cxx,4,0,4
/media/ullmann/HDDGabriel/research/engines/panda3d/panda/src/egg/eggComment_ext.cxx,1,1,2
/media/ullmann/HDDGabriel/research/engines/panda3d/panda/src/glxdisplay/glxGraphicsBuffer.h,4,3,7
/media/ullmann/HDDGabriel/research/engines/panda3d/panda/src/pnmimagetypes/pnmFileTypeTIFF.h,5,2,7
/media/ullmann/HDDGabriel/research/engines/panda3d/pandatool/src/egg-optchar/eggOptcharUserData.h,3,3,6
/media/ullmann/HDDGabriel/research/engines/panda3d/pandatool/src/egg-optchar/eggOptcharUserData.I,0,1,1
/media/ullmann/HDDGabriel/research/engines/panda3d/panda/src/tinydisplay/image_util.cxx,1,1,2
/media/ullmann/HDDGabriel/research/engines/panda3d/dtool/src/prc/encryptStreamBuf.cxx,8,1,9
/media/ullmann/HDDGabriel/research/engines/panda3d/panda/src/linmath/lvecBase4_src.h,1,1,2
/media/ullmann/HDDGabriel/research/engines/panda3d/panda/src/linmath/lvecBase4_src.I,0,1,1
/media/ullmann/HDDGabriel/research/engines/panda3d/panda/src/express/test_types.cxx,6,0,6
/media/ullmann/HDDGabriel/research/engines/panda3d/dtool/src/parser-inc/sys/socket.h,0,5,5
/media/ullmann/HDDGabriel/research/engines/panda3d/panda/src/linmath/lvector2_ext_src.h,1,1,2
/media/ullmann/HDDGabriel/research/engines/panda3d/pandatool/src/lwo/lwoSurfaceBlockChannel.h,1,3,4
/media/ullmann/HDDGabriel/research/engines/panda3d/panda/src/putil/factoryParam.cxx,1,1,2
/media/ullmann/HDDGabriel/research/engines/panda3d/panda/src/collide/collisionGeom.h,3,3,6
/media/ullmann/HDDGabriel/research/engines/panda3d/panda/src/collide/collisionGeom.I,0,1,1
/media/ullmann/HDDGabriel/research/engines/panda3d/dtool/src/interrogatedb/interrogateComponent.cxx,2,1,3
/media/ullmann/HDDGabriel/research/engines/panda3d/panda/src/net/queuedConnectionListener.cxx,2,1,3
/media/ullmann/HDDGabriel/research/engines/panda3d/panda/src/gobj/internalName_ext.h,4,1,5
/media/ullmann/HDDGabriel/research/engines/panda3d/panda/src/egg/eggComment.cxx,4,1,5
/media/ullmann/HDDGabriel/research/engines/panda3d/panda/src/pnmimage/pnmFileTypeRegistry.cxx,7,1,8
/media/ullmann/HDDGabriel/research/engines/panda3d/panda/src/putil/bamReaderParam.h,3,3,6
/media/ullmann/HDDGabriel/research/engines/panda3d/pandatool/src/daeprogs/eggToDAE.cxx,2,0,2
/media/ullmann/HDDGabriel/research/engines/panda3d/pandatool/src/eggbase/eggSingleBase.h,4,3,7
/media/ullmann/HDDGabriel/research/engines/panda3d/pandatool/src/deploy-stub/frozen_dllmain.c,1,0,1
/media/ullmann/HDDGabriel/research/engines/panda3d/panda/src/pnmimagetypes/pnmFileTypePfm.cxx,5,1,6
/media/ullmann/HDDGabriel/research/engines/panda3d/panda/src/pgui/pgWaitBar.h,3,2,5
/media/ullmann/HDDGabriel/research/engines/panda3d/dtool/src/prc/streamReader.cxx,2,1,3
/media/ullmann/HDDGabriel/research/engines/panda3d/panda/src/distort/pSphereLens.cxx,2,1,3
/media/ullmann/HDDGabriel/research/engines/panda3d/direct/src/interval/cInterval.I,0,1,1
/media/ullmann/HDDGabriel/research/engines/panda3d/panda/src/device/ioKitInputDevice.cxx,5,1,6
/media/ullmann/HDDGabriel/research/engines/panda3d/panda/src/bullet/bulletHelper.h,7,2,9
/media/ullmann/HDDGabriel/research/engines/panda3d/panda/src/gobj/p3gobj_ext_composite.cxx,6,0,6
/media/ullmann/HDDGabriel/research/engines/panda3d/panda/src/putil/cachedTypedWritableReferenceCount.cxx,1,1,2
/media/ullmann/HDDGabriel/research/engines/panda3d/panda/src/ffmpeg/ffmpegVirtualFile.cxx,4,1,5
/media/ullmann/HDDGabriel/research/engines/panda3d/panda/src/gobj/geomContext.cxx,1,1,2
/media/ullmann/HDDGabriel/research/engines/panda3d/pandatool/src/xfile/config_xfile.h,1,4,5
/media/ullmann/HDDGabriel/research/engines/panda3d/dtool/src/prc/streamWriter.cxx,1,1,2
/media/ullmann/HDDGabriel/research/engines/panda3d/panda/src/androiddisplay/androidGraphicsWindow.cxx,14,1,15
/media/ullmann/HDDGabriel/research/engines/panda3d/panda/src/pgraphnodes/lodNode.I,0,1,1
/media/ullmann/HDDGabriel/research/engines/panda3d/pandatool/src/flt/fltMesh.I,0,1,1
/media/ullmann/HDDGabriel/research/engines/panda3d/panda/src/audiotraits/config_openalAudio.h,4,2,6
/media/ullmann/HDDGabriel/research/engines/panda3d/panda/src/event/pt_Event.cxx,1,1,2
/media/ullmann/HDDGabriel/research/engines/panda3d/panda/src/linmath/lvec4_ops_src.h,1,1,2
/media/ullmann/HDDGabriel/research/engines/panda3d/panda/src/pgui/pgVirtualFrame.I,0,1,1
/media/ullmann/HDDGabriel/research/engines/panda3d/pandatool/src/egg-qtess/egg-qtess_composite1.cxx,8,0,8
/media/ullmann/HDDGabriel/research/engines/panda3d/pandatool/src/egg-qtess/qtessGlobals.cxx,1,1,2
/media/ullmann/HDDGabriel/research/engines/panda3d/panda/src/device/inputDevice.cxx,1,1,2
/media/ullmann/HDDGabriel/research/engines/panda3d/panda/src/pgraphnodes/switchNode.cxx,3,1,4
/media/ullmann/HDDGabriel/research/engines/panda3d/panda/src/recorder/recorderController.I,0,1,1
/media/ullmann/HDDGabriel/research/engines/panda3d/panda/src/express/checksumHashGenerator.h,3,6,9
/media/ullmann/HDDGabriel/research/engines/panda3d/panda/src/express/checksumHashGenerator.I,0,1,1
/media/ullmann/HDDGabriel/research/engines/panda3d/contrib/src/speedtree/stTree.I,0,1,1
/media/ullmann/HDDGabriel/research/engines/panda3d/pandatool/src/xfile/xFileDataObject.cxx,9,1,10
/media/ullmann/HDDGabriel/research/engines/panda3d/panda/src/downloader/httpAuthorization.cxx,4,1,5
/media/ullmann/HDDGabriel/research/engines/panda3d/panda/src/physics/physicalNode.cxx,3,1,4
/media/ullmann/HDDGabriel/research/engines/panda3d/panda/src/event/eventHandler.h,8,7,15
/media/ullmann/HDDGabriel/research/engines/panda3d/panda/src/express/circBuffer.I,0,1,1
/media/ullmann/HDDGabriel/research/engines/panda3d/panda/src/putil/cPointerCallbackObject.cxx,1,1,2
/media/ullmann/HDDGabriel/research/engines/panda3d/panda/src/mathutil/stackedPerlinNoise2.I,0,1,1
/media/ullmann/HDDGabriel/research/engines/panda3d/dtool/src/prc/prcKeyRegistry.cxx,4,1,5
/media/ullmann/HDDGabriel/research/engines/panda3d/dtool/src/prc/streamReader_ext.cxx,2,1,3
/media/ullmann/HDDGabriel/research/engines/panda3d/dtool/src/prc/streamReader_ext.h,4,1,5
/media/ullmann/HDDGabriel/research/engines/panda3d/panda/src/express/pStatCollectorForwardBase.cxx,1,1,2
/media/ullmann/HDDGabriel/research/engines/panda3d/panda/src/pgraph/texProjectorEffect.cxx,10,1,11
/media/ullmann/HDDGabriel/research/engines/panda3d/pandatool/src/flt/fltVertexList.h,4,3,7
/media/ullmann/HDDGabriel/research/engines/panda3d/panda/src/express/virtualFileMountMultifile.I,0,1,1
/media/ullmann/HDDGabriel/research/engines/panda3d/panda/src/pgraph/loaderFileTypeRegistry_ext.cxx,2,1,3
/media/ullmann/HDDGabriel/research/engines/panda3d/panda/src/egg/eggNurbsSurface.cxx,2,1,3
/media/ullmann/HDDGabriel/research/engines/panda3d/panda/src/dgraph/dataGraphTraverser.cxx,4,1,5
/media/ullmann/HDDGabriel/research/engines/panda3d/panda/src/ode/odeHingeJoint.cxx,2,1,3
/media/ullmann/HDDGabriel/research/engines/panda3d/dtool/src/cppparser/cppClassTemplateParameter.cxx,2,1,3
/media/ullmann/HDDGabriel/research/engines/panda3d/panda/src/nativenet/config_nativenet.cxx,11,1,12
/media/ullmann/HDDGabriel/research/engines/panda3d/panda/src/glxdisplay/glxGraphicsBuffer.cxx,7,1,8
/media/ullmann/HDDGabriel/research/engines/panda3d/panda/src/pipeline/cycleData.cxx,1,1,2
/media/ullmann/HDDGabriel/research/engines/panda3d/pandatool/src/eggcharbase/eggJointNodePointer.cxx,6,1,7
/media/ullmann/HDDGabriel/research/engines/panda3d/panda/src/egg/eggTransform.h,5,6,11
/media/ullmann/HDDGabriel/research/engines/panda3d/panda/src/pnmimagetypes/pnmFileTypeStbImage.h,4,2,6
/media/ullmann/HDDGabriel/research/engines/panda3d/dtool/src/dtoolutil/lineStreamBuf.h,3,2,5
/media/ullmann/HDDGabriel/research/engines/panda3d/pandatool/src/egg-optchar/config_egg_optchar.cxx,3,0,3
/media/ullmann/HDDGabriel/research/engines/panda3d/panda/src/wgldisplay/wglGraphicsPipe.cxx,6,1,7
/media/ullmann/HDDGabriel/research/engines/panda3d/panda/src/wgldisplay/wglGraphicsWindow.h,3,3,6
/media/ullmann/HDDGabriel/research/engines/panda3d/panda/src/egg/eggParameters.cxx,2,1,3
/media/ullmann/HDDGabriel/research/engines/panda3d/panda/src/pipeline/mutexSimpleImpl.cxx,4,1,5
/media/ullmann/HDDGabriel/research/engines/panda3d/direct/src/motiontrail/cMotionTrail.cxx,3,0,3
/media/ullmann/HDDGabriel/research/engines/panda3d/pandatool/src/imagebase/imageWriter.cxx,1,1,2
/media/ullmann/HDDGabriel/research/engines/panda3d/dtool/src/dtoolbase/atomicAdjustI386Impl.cxx,1,1,2
/media/ullmann/HDDGabriel/research/engines/panda3d/panda/src/putil/uniqueIdAllocator.h,3,1,4
/media/ullmann/HDDGabriel/research/engines/panda3d/pandatool/src/gtk-stats/gtkStatsTimeline.cxx,4,1,5
/media/ullmann/HDDGabriel/research/engines/panda3d/panda/src/linmath/lmatrix4_src.h,1,1,2
/media/ullmann/HDDGabriel/research/engines/panda3d/pandatool/src/gtk-stats/gtkStatsLabelStack.cxx,3,1,4
/media/ullmann/HDDGabriel/research/engines/panda3d/panda/src/parametrics/config_parametrics.cxx,10,1,11
/media/ullmann/HDDGabriel/research/engines/panda3d/panda/src/parametrics/ropeNode.h,6,3,9
/media/ullmann/HDDGabriel/research/engines/panda3d/panda/src/pgraph/loaderFileTypeRegistry.h,3,10,13
/media/ullmann/HDDGabriel/research/engines/panda3d/dtool/src/cppparser/cppUsing.h,2,2,4
/media/ullmann/HDDGabriel/research/engines/panda3d/panda/src/androiddisplay/config_androiddisplay.h,5,6,11
/media/ullmann/HDDGabriel/research/engines/panda3d/panda/src/ode/odeTriMeshGeom.h,6,4,10
/media/ullmann/HDDGabriel/research/engines/panda3d/panda/src/downloader/httpChannel.cxx,15,1,16
/media/ullmann/HDDGabriel/research/engines/panda3d/pandatool/src/lwo/lwoSurface.h,1,3,4
/media/ullmann/HDDGabriel/research/engines/panda3d/panda/src/vrpn/p3vrpn_composite1.cxx,10,0,10
/media/ullmann/HDDGabriel/research/engines/panda3d/direct/src/dcparser/dcAtomicField.h,6,4,10
/media/ullmann/HDDGabriel/research/engines/panda3d/contrib/src/ai/pursue.cxx,1,1,2
/media/ullmann/HDDGabriel/research/engines/panda3d/panda/src/downloader/virtualFileMountHTTP.cxx,3,1,4
/media/ullmann/HDDGabriel/research/engines/panda3d/panda/src/chan/animChannelFixed.cxx,1,1,2
/media/ullmann/HDDGabriel/research/engines/panda3d/panda/src/chan/animChannelFixed.h,3,3,6
/media/ullmann/HDDGabriel/research/engines/panda3d/panda/src/net/test_spam_client.cxx,9,0,9
/media/ullmann/HDDGabriel/research/engines/panda3d/panda/src/windisplay/winDetectDx.h,2,1,3
/media/ullmann/HDDGabriel/research/engines/panda3d/panda/src/express/virtualFileMountSystem.h,3,3,6
/media/ullmann/HDDGabriel/research/engines/panda3d/panda/src/particlesystem/baseParticleFactory.cxx,1,1,2
/media/ullmann/HDDGabriel/research/engines/panda3d/pandatool/src/xfileegg/xFileMaterial.h,2,4,6
/media/ullmann/HDDGabriel/research/engines/panda3d/pandatool/src/lwo/iffId.h,2,3,5
/media/ullmann/HDDGabriel/research/engines/panda3d/panda/src/egg/eggComment_ext.h,4,1,5
/media/ullmann/HDDGabriel/research/engines/panda3d/pandatool/src/mayaprogs/mayaSavePview.cxx,3,0,3
/media/ullmann/HDDGabriel/research/engines/panda3d/panda/src/physics/forces.h,9,2,11
/media/ullmann/HDDGabriel/research/engines/panda3d/dtool/src/parser-inc/vorbis/codec.h,1,2,3
/media/ullmann/HDDGabriel/research/engines/panda3d/pandatool/src/maya/config_maya.cxx,2,1,3
/media/ullmann/HDDGabriel/research/engines/panda3d/panda/src/display/displayRegionCullCallbackData.h,3,3,6
/media/ullmann/HDDGabriel/research/engines/panda3d/panda/src/vrpn/vrpnButtonDevice.h,3,4,7
/media/ullmann/HDDGabriel/research/engines/panda3d/pandatool/src/flt/fltUnsupportedRecord.cxx,3,1,4
/media/ullmann/HDDGabriel/research/engines/panda3d/panda/src/bullet/bulletSphereShape.cxx,2,1,3
/media/ullmann/HDDGabriel/research/engines/panda3d/dtool/src/dtoolbase/mutexDummyImpl.cxx,2,1,3
/media/ullmann/HDDGabriel/research/engines/panda3d/panda/src/android/android_native_app_glue.h,1,4,5
/media/ullmann/HDDGabriel/research/engines/panda3d/panda/src/putil/loaderOptions.cxx,3,1,4
/media/ullmann/HDDGabriel/research/engines/panda3d/pandatool/src/pstatserver/pStatView.h,6,2,8
/media/ullmann/HDDGabriel/research/engines/panda3d/panda/src/pgraphnodes/computeNode.cxx,8,1,9
/media/ullmann/HDDGabriel/research/engines/panda3d/direct/src/directbase/directbase.h,2,1,3
/media/ullmann/HDDGabriel/research/engines/panda3d/panda/src/physics/linearControlForce.h,2,2,4
/media/ullmann/HDDGabriel/research/engines/panda3d/panda/src/egg/eggGroupNode_ext.h,4,1,5
/media/ullmann/HDDGabriel/research/engines/panda3d/panda/src/pipeline/conditionVarWin32Impl.cxx,2,1,3
/media/ullmann/HDDGabriel/research/engines/panda3d/panda/src/express/hashGeneratorBase.cxx,1,1,2
/media/ullmann/HDDGabriel/research/engines/panda3d/panda/src/express/hashGeneratorBase.h,2,2,4
/media/ullmann/HDDGabriel/research/engines/panda3d/panda/src/movies/microphoneAudio.h,2,2,4
/media/ullmann/HDDGabriel/research/engines/panda3d/panda/src/egg/eggAnimData.cxx,1,1,2
/media/ullmann/HDDGabriel/research/engines/panda3d/pandatool/src/eggbase/eggMakeSomething.cxx,1,1,2
/media/ullmann/HDDGabriel/research/engines/panda3d/pandatool/src/eggbase/eggMakeSomething.h,1,1,2
/media/ullmann/HDDGabriel/research/engines/panda3d/panda/src/collide/collisionLevelStateBase.cxx,5,1,6
/media/ullmann/HDDGabriel/research/engines/panda3d/pandatool/src/win-stats/winStatsStripChart.h,3,2,5
/media/ullmann/HDDGabriel/research/engines/panda3d/panda/src/linmath/dbl2fltnames.h,1,1,2
/media/ullmann/HDDGabriel/research/engines/panda3d/panda/src/pnmimagetypes/pnmFileTypeBMPWriter.cxx,8,1,9
/media/ullmann/HDDGabriel/research/engines/panda3d/panda/src/pnmimage/ppmcmap.h,2,4,6
/media/ullmann/HDDGabriel/research/engines/panda3d/dtool/src/dtoolbase/mutexSpinlockImpl.h,4,3,7
/media/ullmann/HDDGabriel/research/engines/panda3d/panda/src/nativenet/config_nativenet.h,2,4,6
/media/ullmann/HDDGabriel/research/engines/panda3d/panda/src/express/virtualFile.I,0,1,1
/media/ullmann/HDDGabriel/research/engines/panda3d/panda/src/pipeline/cyclerHolder.I,0,1,1
/media/ullmann/HDDGabriel/research/engines/panda3d/pandatool/src/eggprogs/eggTopstrip.h,2,1,3
/media/ullmann/HDDGabriel/research/engines/panda3d/panda/src/downloader/decompressor.h,3,1,4
/media/ullmann/HDDGabriel/research/engines/panda3d/dtool/src/parser-inc/opus/opus.h,1,1,2
/media/ullmann/HDDGabriel/research/engines/panda3d/dtool/src/parser-inc/opus/opus_types.h,1,1,2
/media/ullmann/HDDGabriel/research/engines/panda3d/panda/src/physics/linearSinkForce.h,1,2,3
/media/ullmann/HDDGabriel/research/engines/panda3d/panda/src/physics/linearDistanceForce.h,2,3,5
/media/ullmann/HDDGabriel/research/engines/panda3d/panda/src/glstuff/panda_glext.h,4,1,5
/media/ullmann/HDDGabriel/research/engines/panda3d/panda/src/putil/factory.h,3,4,7
/media/ullmann/HDDGabriel/research/engines/panda3d/contrib/src/rplight/rpPointLight.h,3,2,5
/media/ullmann/HDDGabriel/research/engines/panda3d/panda/src/parametrics/nurbsSurfaceResult.h,5,4,9
/media/ullmann/HDDGabriel/research/engines/panda3d/panda/src/pandabase/pandasymbols.h,0,1,1
/media/ullmann/HDDGabriel/research/engines/panda3d/direct/src/dcparser/dcClass_ext.h,4,2,6
/media/ullmann/HDDGabriel/research/engines/panda3d/panda/src/ode/odeUniversalJoint.cxx,2,1,3
/media/ullmann/HDDGabriel/research/engines/panda3d/pandatool/src/eggprogs/eggTextureCards.h,3,1,4
/media/ullmann/HDDGabriel/research/engines/panda3d/panda/src/bullet/bulletBodyNode.I,0,1,1
/media/ullmann/HDDGabriel/research/engines/panda3d/dtool/src/interrogate/parameterRemapConcreteToPointer.cxx,8,1,9
/media/ullmann/HDDGabriel/research/engines/panda3d/panda/src/grutil/frameRateMeter.cxx,11,1,12
/media/ullmann/HDDGabriel/research/engines/panda3d/panda/src/pipeline/conditionVarDirect.cxx,1,1,2
/media/ullmann/HDDGabriel/research/engines/panda3d/panda/src/particlesystem/discEmitter.cxx,1,1,2
/media/ullmann/HDDGabriel/research/engines/panda3d/panda/src/particlesystem/discEmitter.h,2,2,4
/media/ullmann/HDDGabriel/research/engines/panda3d/panda/src/parametrics/nurbsBasisVector.h,5,5,10
/media/ullmann/HDDGabriel/research/engines/panda3d/panda/src/mathutil/randomizer.cxx,1,1,2
/media/ullmann/HDDGabriel/research/engines/panda3d/panda/src/collide/collisionSolid.I,0,1,1
/media/ullmann/HDDGabriel/research/engines/panda3d/dtool/src/interrogate/parameterRemapEnumToInt.h,2,2,4
/media/ullmann/HDDGabriel/research/engines/panda3d/panda/src/tinydisplay/store_pixel_code.h,1,1,2
/media/ullmann/HDDGabriel/research/engines/panda3d/panda/src/tinydisplay/store_pixel.h,0,1,1
/media/ullmann/HDDGabriel/research/engines/panda3d/panda/src/pgraph/scissorEffect.h,5,4,9
/media/ullmann/HDDGabriel/research/engines/panda3d/pandatool/src/maxegg/maxToEggConverter.h,0,1,1
/media/ullmann/HDDGabriel/research/engines/panda3d/panda/src/putil/sparseArray.I,0,1,1
/media/ullmann/HDDGabriel/research/engines/panda3d/dtool/src/dtoolutil/load_dso.cxx,3,1,4
/media/ullmann/HDDGabriel/research/engines/panda3d/panda/src/linmath/lpoint3_ext_src.h,1,1,2
/media/ullmann/HDDGabriel/research/engines/panda3d/panda/src/linmath/lpoint3_ext_src.I,0,1,1
/media/ullmann/HDDGabriel/research/engines/panda3d/pandatool/src/win-stats/winStatsPianoRoll.h,3,2,5
/media/ullmann/HDDGabriel/research/engines/panda3d/panda/src/pgui/pgSliderBarNotify.cxx,2,1,3
/media/ullmann/HDDGabriel/research/engines/panda3d/panda/src/pipeline/lightReMutexHolder.cxx,1,1,2
/media/ullmann/HDDGabriel/research/engines/panda3d/panda/src/vision/webcamVideoV4L.cxx,5,1,6
/media/ullmann/HDDGabriel/research/engines/panda3d/panda/src/putil/bamEnums.cxx,3,1,4
/media/ullmann/HDDGabriel/research/engines/panda3d/panda/src/putil/bamEnums.h,1,5,6
/media/ullmann/HDDGabriel/research/engines/panda3d/panda/src/particlesystem/sphereSurfaceEmitter.h,2,3,5
/media/ullmann/HDDGabriel/research/engines/panda3d/pandatool/src/lwoegg/cLwoClip.h,3,3,6
/media/ullmann/HDDGabriel/research/engines/panda3d/panda/src/display/frameBufferProperties.I,0,1,1
/media/ullmann/HDDGabriel/research/engines/panda3d/panda/src/linmath/cast_to_double.h,2,0,2
/media/ullmann/HDDGabriel/research/engines/panda3d/panda/src/particlesystem/boxEmitter.h,2,2,4
/media/ullmann/HDDGabriel/research/engines/panda3d/direct/src/interval/cConstraintInterval.cxx,1,1,2
/media/ullmann/HDDGabriel/research/engines/panda3d/pandatool/src/xfile/xFileArrayDef.h,3,2,5
/media/ullmann/HDDGabriel/research/engines/panda3d/pandatool/src/xfile/xFileArrayDef.I,0,1,1
/media/ullmann/HDDGabriel/research/engines/panda3d/pandatool/src/lwo/lwoInputFile.I,0,1,1
/media/ullmann/HDDGabriel/research/engines/panda3d/dtool/src/dtoolutil/win32ArgParser.h,4,2,6
/media/ullmann/HDDGabriel/research/engines/panda3d/panda/src/net/test_raw_server.cxx,10,0,10
/media/ullmann/HDDGabriel/research/engines/panda3d/pandatool/src/xfileegg/xFileVertex.h,1,2,3
/media/ullmann/HDDGabriel/research/engines/panda3d/panda/src/pgraph/renderState.I,0,1,1
/media/ullmann/HDDGabriel/research/engines/panda3d/panda/src/express/pta_float.cxx,1,1,2
/media/ullmann/HDDGabriel/research/engines/panda3d/pandatool/src/lwo/lwoHeader.h,2,3,5
/media/ullmann/HDDGabriel/research/engines/panda3d/panda/src/express/pta_uchar.cxx,1,1,2
/media/ullmann/HDDGabriel/research/engines/panda3d/panda/src/gobj/geomPoints.cxx,5,1,6
/media/ullmann/HDDGabriel/research/engines/panda3d/pandatool/src/progbase/programBase.h,7,4,11
/media/ullmann/HDDGabriel/research/engines/panda3d/pandatool/src/pandatoolbase/config_pandatoolbase.h,2,3,5
/media/ullmann/HDDGabriel/research/engines/panda3d/panda/src/pgraph/depthTestAttrib.cxx,7,1,8
/media/ullmann/HDDGabriel/research/engines/panda3d/panda/src/egg/eggTriangleStrip.cxx,4,1,5
/media/ullmann/HDDGabriel/research/engines/panda3d/panda/src/pipeline/threadDummyImpl.I,0,1,1
/media/ullmann/HDDGabriel/research/engines/panda3d/panda/src/net/datagramUDPHeader.h,5,3,8
/media/ullmann/HDDGabriel/research/engines/panda3d/panda/src/glstuff/glSamplerContext_src.cxx,1,1,2
/media/ullmann/HDDGabriel/research/engines/panda3d/panda/src/express/weakPointerCallback.I,0,1,1
/media/ullmann/HDDGabriel/research/engines/panda3d/panda/src/egg/test_egg.cxx,2,0,2
/media/ullmann/HDDGabriel/research/engines/panda3d/panda/src/glstuff/glGeomContext_src.I,0,1,1
/media/ullmann/HDDGabriel/research/engines/panda3d/panda/src/framework/config_framework.cxx,3,1,4
/media/ullmann/HDDGabriel/research/engines/panda3d/panda/src/putil/vector_ushort.h,3,2,5
/media/ullmann/HDDGabriel/research/engines/panda3d/panda/src/display/displayRegion.I,0,1,1
/media/ullmann/HDDGabriel/research/engines/panda3d/panda/src/putil/nameUniquifier.h,4,5,9
/media/ullmann/HDDGabriel/research/engines/panda3d/panda/src/pipeline/cycleDataWriter.I,0,1,1
/media/ullmann/HDDGabriel/research/engines/panda3d/dtool/src/dtoolutil/test_pfstream.cxx,2,0,2
/media/ullmann/HDDGabriel/research/engines/panda3d/dtool/src/dtoolutil/pfstream.h,2,3,5
/media/ullmann/HDDGabriel/research/engines/panda3d/panda/src/downloader/httpDigestAuthorization.h,3,2,5
/media/ullmann/HDDGabriel/research/engines/panda3d/panda/src/collide/collisionHandlerHighestEvent.h,6,2,8
/media/ullmann/HDDGabriel/research/engines/panda3d/panda/src/pipeline/contextSwitch.c,7,0,7
/media/ullmann/HDDGabriel/research/engines/panda3d/panda/src/wgldisplay/wglGraphicsPipe.h,3,6,9
/media/ullmann/HDDGabriel/research/engines/panda3d/panda/src/display/graphicsWindowInputDevice.cxx,4,1,5
/media/ullmann/HDDGabriel/research/engines/panda3d/panda/src/express/weakPointerTo.I,0,1,1
/media/ullmann/HDDGabriel/research/engines/panda3d/dtool/src/dtoolbase/register_type.cxx,1,1,2
/media/ullmann/HDDGabriel/research/engines/panda3d/panda/src/parametrics/cubicCurveseg.h,2,4,6
/media/ullmann/HDDGabriel/research/engines/panda3d/pandatool/src/flt/fltUnsupportedRecord.h,2,4,6
/media/ullmann/HDDGabriel/research/engines/panda3d/pandatool/src/pandatoolbase/pandatoolbase.cxx,1,1,2
/media/ullmann/HDDGabriel/research/engines/panda3d/panda/src/chan/animChannel.cxx,2,1,3
/media/ullmann/HDDGabriel/research/engines/panda3d/pandatool/src/gtk-stats/gtkStatsGraph.cxx,4,1,5
/media/ullmann/HDDGabriel/research/engines/panda3d/panda/src/pgraph/modelFlattenRequest.cxx,2,1,3
/media/ullmann/HDDGabriel/research/engines/panda3d/pandatool/src/fltegg/fltToEggConverter.h,8,2,10
/media/ullmann/HDDGabriel/research/engines/panda3d/pandatool/src/flt/fltTransformRotateAboutPoint.h,1,3,4
/media/ullmann/HDDGabriel/research/engines/panda3d/pandatool/src/egg-mkfont/egg-mkfont_composite1.cxx,3,0,3
/media/ullmann/HDDGabriel/research/engines/panda3d/pandatool/src/egg-mkfont/rangeIterator.cxx,1,1,2
/media/ullmann/HDDGabriel/research/engines/panda3d/panda/src/particlesystem/baseParticleFactory.I,0,1,1
/media/ullmann/HDDGabriel/research/engines/panda3d/panda/src/egg/eggPolygon.cxx,5,1,6
/media/ullmann/HDDGabriel/research/engines/panda3d/panda/src/pnmimagetypes/pnmFileTypeSoftImage.cxx,4,1,5
/media/ullmann/HDDGabriel/research/engines/panda3d/panda/src/ode/odeRayGeom.h,5,4,9
/media/ullmann/HDDGabriel/research/engines/panda3d/panda/src/pnmimage/ppmcmap.cxx,1,1,2
/media/ullmann/HDDGabriel/research/engines/panda3d/dtool/src/parser-inc/stdmat.h,0,2,2
/media/ullmann/HDDGabriel/research/engines/panda3d/panda/src/downloader/httpBasicAuthorization.cxx,1,1,2
/media/ullmann/HDDGabriel/research/engines/panda3d/dtool/src/interrogate/functionWriterPtrFromPython.h,1,2,3
/media/ullmann/HDDGabriel/research/engines/panda3d/panda/src/tinydisplay/tinySDLGraphicsPipe.h,4,4,8
/media/ullmann/HDDGabriel/research/engines/panda3d/panda/src/pipeline/cycleDataLockedReader.cxx,1,1,2
/media/ullmann/HDDGabriel/research/engines/panda3d/direct/src/dcparser/dcClass_ext.cxx,8,1,9
/media/ullmann/HDDGabriel/research/engines/panda3d/panda/src/text/textPropertiesManager.I,0,1,1
/media/ullmann/HDDGabriel/research/engines/panda3d/direct/src/dcparser/dcPacker.cxx,7,1,8
/media/ullmann/HDDGabriel/research/engines/panda3d/pandatool/src/flt/fltGeometry.cxx,5,1,6
/media/ullmann/HDDGabriel/research/engines/panda3d/pandatool/src/xfileegg/xFileNormal.h,1,2,3
/media/ullmann/HDDGabriel/research/engines/panda3d/panda/src/event/eventParameter.cxx,2,1,3
/media/ullmann/HDDGabriel/research/engines/panda3d/panda/src/grutil/nodeVertexTransform.I,0,1,1
/media/ullmann/HDDGabriel/research/engines/panda3d/panda/src/bullet/bulletContactResult.h,5,2,7
/media/ullmann/HDDGabriel/research/engines/panda3d/panda/src/gobj/geomEnums.cxx,3,1,4
/media/ullmann/HDDGabriel/research/engines/panda3d/panda/src/ode/odeSimpleSpace.cxx,2,1,3
/media/ullmann/HDDGabriel/research/engines/panda3d/panda/src/display/post_x11_include.h,0,2,2
/media/ullmann/HDDGabriel/research/engines/panda3d/pandatool/src/eggcharbase/eggCharacterDb.h,2,5,7
/media/ullmann/HDDGabriel/research/engines/panda3d/pandatool/src/eggcharbase/eggCharacterDb.I,0,1,1
/media/ullmann/HDDGabriel/research/engines/panda3d/dtool/src/dtoolbase/mutexSpinlockImpl.cxx,2,1,3
/media/ullmann/HDDGabriel/research/engines/panda3d/panda/src/physics/test_physics.cxx,4,0,4
/media/ullmann/HDDGabriel/research/engines/panda3d/panda/src/pgraphnodes/switchNode.I,0,1,1
/media/ullmann/HDDGabriel/research/engines/panda3d/panda/src/cull/config_cull.h,6,1,7
/media/ullmann/HDDGabriel/research/engines/panda3d/pandatool/src/fltprogs/eggToFlt.h,3,1,4
/media/ullmann/HDDGabriel/research/engines/panda3d/panda/src/chan/partBundleHandle.cxx,1,0,1
/media/ullmann/HDDGabriel/research/engines/panda3d/panda/src/chan/partBundleHandle.h,4,2,6
/media/ullmann/HDDGabriel/research/engines/panda3d/panda/src/event/asyncTaskChain.I,0,1,1
/media/ullmann/HDDGabriel/research/engines/panda3d/dtool/src/dtoolbase/atomicAdjustI386Impl.h,4,2,6
/media/ullmann/HDDGabriel/research/engines/panda3d/pandatool/src/flt/fltGeometry.h,5,4,9
/media/ullmann/HDDGabriel/research/engines/panda3d/panda/src/pgraph/materialCollection.cxx,2,1,3
/media/ullmann/HDDGabriel/research/engines/panda3d/panda/src/nativenet/socket_udp_outgoing.h,3,3,6
/media/ullmann/HDDGabriel/research/engines/panda3d/panda/src/ode/odeUniversalJoint.I,0,1,1
/media/ullmann/HDDGabriel/research/engines/panda3d/panda/src/collide/collisionLevelState.cxx,1,1,2
/media/ullmann/HDDGabriel/research/engines/panda3d/pandatool/src/win-stats/winStatsMenuId.h,0,1,1
/media/ullmann/HDDGabriel/research/engines/panda3d/pandatool/src/pstatserver/pStatView.cxx,7,1,8
/media/ullmann/HDDGabriel/research/engines/panda3d/panda/src/ode/odeConvexGeom.I,0,1,1
/media/ullmann/HDDGabriel/research/engines/panda3d/panda/src/egg/eggObject.I,0,1,1
/media/ullmann/HDDGabriel/research/engines/panda3d/panda/src/ffmpeg/config_ffmpeg.cxx,8,1,9
/media/ullmann/HDDGabriel/research/engines/panda3d/panda/src/gobj/paramTexture.cxx,2,1,3
/media/ullmann/HDDGabriel/research/engines/panda3d/panda/src/event/p3event_composite1.cxx,12,0,12
/media/ullmann/HDDGabriel/research/engines/panda3d/panda/src/event/pointerEventList.cxx,6,1,7
/media/ullmann/HDDGabriel/research/engines/panda3d/panda/src/express/weakReferenceList.h,5,3,8
/media/ullmann/HDDGabriel/research/engines/panda3d/panda/src/express/weakReferenceList.I,0,1,1
/media/ullmann/HDDGabriel/research/engines/panda3d/dtool/src/parser-inc/Max.h,0,3,3
/media/ullmann/HDDGabriel/research/engines/panda3d/pandatool/src/lwoegg/cLwoLayer.cxx,3,1,4
/media/ullmann/HDDGabriel/research/engines/panda3d/panda/src/char/characterJointBundle.cxx,5,1,6
/media/ullmann/HDDGabriel/research/engines/panda3d/panda/src/char/characterJointBundle.h,5,3,8
/media/ullmann/HDDGabriel/research/engines/panda3d/panda/src/particlesystem/baseParticle.I,0,1,1
/media/ullmann/HDDGabriel/research/engines/panda3d/pandatool/src/lwo/lwoSurfaceBlockImage.h,1,3,4
/media/ullmann/HDDGabriel/research/engines/panda3d/panda/src/pipeline/threadPriority.cxx,3,1,4
/media/ullmann/HDDGabriel/research/engines/panda3d/panda/src/device/clientDevice.cxx,3,1,4
/media/ullmann/HDDGabriel/research/engines/panda3d/contrib/src/rplight/gpuCommand.I,0,1,1
/media/ullmann/HDDGabriel/research/engines/panda3d/direct/src/directdServer/directdServer.h,1,1,2
/media/ullmann/HDDGabriel/research/engines/panda3d/panda/src/pgraph/colorBlendAttrib.I,0,1,1
/media/ullmann/HDDGabriel/research/engines/panda3d/panda/src/ode/odeCylinderGeom.h,6,3,9
/media/ullmann/HDDGabriel/research/engines/panda3d/contrib/src/ai/aiNode.cxx,1,1,2
/media/ullmann/HDDGabriel/research/engines/panda3d/panda/src/physics/linearJitterForce.h,1,2,3
/media/ullmann/HDDGabriel/research/engines/panda3d/dtool/src/interrogate/functionWriters.cxx,1,1,2
/media/ullmann/HDDGabriel/research/engines/panda3d/panda/src/parametrics/nurbsCurveInterface.cxx,3,1,4
/media/ullmann/HDDGabriel/research/engines/panda3d/panda/src/audiotraits/openal_audio_composite1.cxx,3,0,3
/media/ullmann/HDDGabriel/research/engines/panda3d/direct/src/dcparser/p3dcparser_ext_composite.cxx,3,0,3
/media/ullmann/HDDGabriel/research/engines/panda3d/panda/src/framework/rock_floor.rgb_src.c,1,1,2
/media/ullmann/HDDGabriel/research/engines/panda3d/panda/src/bullet/bulletHeightfieldShape.cxx,3,1,4
/media/ullmann/HDDGabriel/research/engines/panda3d/panda/src/express/pStatCollectorForwardBase.h,2,3,5
/media/ullmann/HDDGabriel/research/engines/panda3d/pandatool/src/eggcharbase/config_eggcharbase.h,1,1,2
/media/ullmann/HDDGabriel/research/engines/panda3d/direct/src/interval/cConstrainPosInterval.cxx,3,1,4
/media/ullmann/HDDGabriel/research/engines/panda3d/panda/src/express/fileReference.I,0,1,1
/media/ullmann/HDDGabriel/research/engines/panda3d/panda/src/gobj/geomPrimitive.I,0,1,1
/media/ullmann/HDDGabriel/research/engines/panda3d/panda/src/gobj/perspectiveLens.I,0,1,1
/media/ullmann/HDDGabriel/research/engines/panda3d/panda/src/egg/eggUtilities.I,0,1,1
/media/ullmann/HDDGabriel/research/engines/panda3d/direct/src/motiontrail/config_motiontrail.cxx,2,0,2
/media/ullmann/HDDGabriel/research/engines/panda3d/panda/src/gobj/shaderContext.I,0,1,1
/media/ullmann/HDDGabriel/research/engines/panda3d/panda/src/putil/bitArray_ext.cxx,1,1,2
/media/ullmann/HDDGabriel/research/engines/panda3d/panda/src/putil/bitArray_ext.h,5,1,6
/media/ullmann/HDDGabriel/research/engines/panda3d/panda/src/putil/animInterface.cxx,6,1,7
/media/ullmann/HDDGabriel/research/engines/panda3d/panda/src/gobj/vertexDataSaveFile.h,6,4,10
/media/ullmann/HDDGabriel/research/engines/panda3d/dtool/src/cppparser/cppNamespace.cxx,4,1,5
/media/ullmann/HDDGabriel/research/engines/panda3d/dtool/src/cppparser/cppNamespace.h,2,2,4
/media/ullmann/HDDGabriel/research/engines/panda3d/direct/src/interval/cConstrainTransformInterval.h,3,2,5
/media/ullmann/HDDGabriel/research/engines/panda3d/panda/src/egg/eggSAnimData.cxx,5,1,6
/media/ullmann/HDDGabriel/research/engines/panda3d/pandatool/src/lwo/lwoTags.h,3,3,6
/media/ullmann/HDDGabriel/research/engines/panda3d/panda/src/audiotraits/openalAudioSound.cxx,4,1,5
/media/ullmann/HDDGabriel/research/engines/panda3d/panda/src/mathutil/test_tri.cxx,2,0,2
/media/ullmann/HDDGabriel/research/engines/panda3d/panda/src/express/make_ca_bundle.cxx,3,0,3
/media/ullmann/HDDGabriel/research/engines/panda3d/panda/src/audio/audioManager.I,0,1,1
/media/ullmann/HDDGabriel/research/engines/panda3d/pandatool/src/gtk-stats/gtkStatsPianoRoll.cxx,4,1,5
/media/ullmann/HDDGabriel/research/engines/panda3d/pandatool/src/palettizer/textureProperties.cxx,8,1,9
/media/ullmann/HDDGabriel/research/engines/panda3d/contrib/src/ai/wander.cxx,1,1,2
/media/ullmann/HDDGabriel/research/engines/panda3d/panda/src/pnmimagetypes/pnmFileTypePNG.h,4,2,6
/media/ullmann/HDDGabriel/research/engines/panda3d/panda/src/mathutil/plane_src.h,1,1,2
/media/ullmann/HDDGabriel/research/engines/panda3d/panda/src/mathutil/plane_src.I,0,1,1
/media/ullmann/HDDGabriel/research/engines/panda3d/panda/src/pnmimage/config_pnmimage.cxx,4,1,5
/media/ullmann/HDDGabriel/research/engines/panda3d/panda/src/event/buttonEventList.cxx,3,1,4
/media/ullmann/HDDGabriel/research/engines/panda3d/dtool/src/cppparser/cppManifest.cxx,3,1,4
/media/ullmann/HDDGabriel/research/engines/panda3d/pandatool/src/palettizer/omitReason.cxx,1,1,2
/media/ullmann/HDDGabriel/research/engines/panda3d/panda/src/tform/config_tform.h,4,4,8
/media/ullmann/HDDGabriel/research/engines/panda3d/panda/src/pgraph/findApproxPath.I,0,1,1
/media/ullmann/HDDGabriel/research/engines/panda3d/pandatool/src/vrmlegg/vrmlToEggConverter.cxx,7,0,7
/media/ullmann/HDDGabriel/research/engines/panda3d/pandatool/src/egg-qtess/eggQtess.cxx,3,1,4
/media/ullmann/HDDGabriel/research/engines/panda3d/dtool/src/dtoolbase/stl_compares.I,0,1,1
/media/ullmann/HDDGabriel/research/engines/panda3d/panda/src/linmath/lpoint3.cxx,5,1,6
/media/ullmann/HDDGabriel/research/engines/panda3d/dtool/src/dtoolutil/lineStream.I,0,1,1
/media/ullmann/HDDGabriel/research/engines/panda3d/panda/src/ode/odeSpace.I,0,1,1
/media/ullmann/HDDGabriel/research/engines/panda3d/panda/src/gobj/texturePoolFilter.cxx,1,1,2
/media/ullmann/HDDGabriel/research/engines/panda3d/dtool/src/cppparser/cppPointerType.cxx,6,1,7
/media/ullmann/HDDGabriel/research/engines/panda3d/pandatool/src/daeprogs/eggToDAE.h,2,1,3
/media/ullmann/HDDGabriel/research/engines/panda3d/panda/src/pgraph/cullPlanes.cxx,6,1,7
/media/ullmann/HDDGabriel/research/engines/panda3d/panda/src/linmath/lquaternion_src.h,1,1,2
/media/ullmann/HDDGabriel/research/engines/panda3d/panda/src/linmath/lquaternion_src.I,0,1,1
/media/ullmann/HDDGabriel/research/engines/panda3d/panda/src/putil/doubleBitMask_ext.I,0,1,1
/media/ullmann/HDDGabriel/research/engines/panda3d/panda/src/gobj/orthographicLens.I,0,1,1
/media/ullmann/HDDGabriel/research/engines/panda3d/panda/src/mathutil/pta_LMatrix4_ext.h,2,0,2
/media/ullmann/HDDGabriel/research/engines/panda3d/panda/src/particlesystem/orientedParticleFactory.h,3,2,5
/media/ullmann/HDDGabriel/research/engines/panda3d/dtool/src/interrogate/functionWriterPtrToPython.cxx,6,1,7
/media/ullmann/HDDGabriel/research/engines/panda3d/panda/src/display/graphicsDevice.cxx,3,1,4
/media/ullmann/HDDGabriel/research/engines/panda3d/panda/src/text/dynamicTextFont.I,0,1,1
/media/ullmann/HDDGabriel/research/engines/panda3d/panda/src/android/jni_NativeOStream.cxx,2,1,3
/media/ullmann/HDDGabriel/research/engines/panda3d/panda/src/putil/datagramBuffer.h,5,3,8
/media/ullmann/HDDGabriel/research/engines/panda3d/dtool/src/prc/androidLogStream.cxx,3,1,4
/media/ullmann/HDDGabriel/research/engines/panda3d/panda/src/physics/linearEulerIntegrator.cxx,4,1,5
/media/ullmann/HDDGabriel/research/engines/panda3d/dtool/src/dtoolbase/lookup3.c,5,0,5
/media/ullmann/HDDGabriel/research/engines/panda3d/panda/src/display/subprocessWindowBuffer.I,0,1,1
/media/ullmann/HDDGabriel/research/engines/panda3d/pandatool/src/flt/fltMaterial.h,2,9,11
/media/ullmann/HDDGabriel/research/engines/panda3d/pandatool/src/win-stats/winStatsTimeline.cxx,3,1,4
/media/ullmann/HDDGabriel/research/engines/panda3d/panda/src/linmath/lvecBase2.cxx,5,1,6
/media/ullmann/HDDGabriel/research/engines/panda3d/panda/src/gobj/geomTristripsAdjacency.h,2,3,5
/media/ullmann/HDDGabriel/research/engines/panda3d/pandatool/src/xfile/xLexerDefs.h,0,5,5
/media/ullmann/HDDGabriel/research/engines/panda3d/panda/src/parametrics/nurbsBasisVector.cxx,1,1,2
/media/ullmann/HDDGabriel/research/engines/panda3d/panda/src/particlesystem/baseParticleEmitter.cxx,2,1,3
/media/ullmann/HDDGabriel/research/engines/panda3d/panda/src/putil/factoryParams.cxx,1,1,2
/media/ullmann/HDDGabriel/research/engines/panda3d/dtool/src/parser-inc/squish.h,0,1,1
/media/ullmann/HDDGabriel/research/engines/panda3d/panda/src/mathutil/intersectionBoundingVolume.cxx,4,1,5
/media/ullmann/HDDGabriel/research/engines/panda3d/pandatool/src/lwoegg/cLwoSurfaceBlock.h,2,3,5
/media/ullmann/HDDGabriel/research/engines/panda3d/panda/src/express/pointerToBase.I,0,1,1
/media/ullmann/HDDGabriel/research/engines/panda3d/pandatool/src/win-stats/winStatsChartMenu.cxx,2,1,3
/media/ullmann/HDDGabriel/research/engines/panda3d/panda/src/linmath/lvector3_src.cxx,0,1,1
/media/ullmann/HDDGabriel/research/engines/panda3d/pandatool/src/lwo/lwoSurfaceSidedness.h,1,3,4
/media/ullmann/HDDGabriel/research/engines/panda3d/direct/src/interval/hideInterval.cxx,1,1,2
/media/ullmann/HDDGabriel/research/engines/panda3d/panda/src/vision/webcamVideoCursorOpenCV.cxx,5,1,6
/media/ullmann/HDDGabriel/research/engines/panda3d/contrib/src/ai/seek.cxx,1,1,2
/media/ullmann/HDDGabriel/research/engines/panda3d/panda/src/cull/cullBinUnsorted.h,4,2,6
/media/ullmann/HDDGabriel/research/engines/panda3d/panda/src/glstuff/glGeomMunger_src.cxx,2,1,3
/media/ullmann/HDDGabriel/research/engines/panda3d/direct/src/interval/cConstrainPosHprInterval.cxx,3,1,4
/media/ullmann/HDDGabriel/research/engines/panda3d/panda/src/physics/linearSinkForce.cxx,1,1,2
/media/ullmann/HDDGabriel/research/engines/panda3d/panda/src/express/virtualFileList.cxx,1,1,2
/media/ullmann/HDDGabriel/research/engines/panda3d/panda/src/express/virtualFileList.h,4,4,8
/media/ullmann/HDDGabriel/research/engines/panda3d/panda/src/pgraph/scissorEffect.I,0,1,1
/media/ullmann/HDDGabriel/research/engines/panda3d/panda/src/gobj/matrixLens.I,0,1,1
/media/ullmann/HDDGabriel/research/engines/panda3d/panda/src/express/stringStream_ext.cxx,1,1,2
/media/ullmann/HDDGabriel/research/engines/panda3d/dtool/src/parser-inc/openssl/rsa.h,0,1,1
/media/ullmann/HDDGabriel/research/engines/panda3d/panda/src/vrpn/vrpnAnalogDevice.cxx,2,1,3
/media/ullmann/HDDGabriel/research/engines/panda3d/panda/src/pnmimage/pnmBrush.I,0,1,1
/media/ullmann/HDDGabriel/research/engines/panda3d/panda/src/dxgsg9/dxGraphicsStateGuardian9.I,0,1,1
/media/ullmann/HDDGabriel/research/engines/panda3d/panda/src/ode/odePlane2dJoint.cxx,2,1,3
/media/ullmann/HDDGabriel/research/engines/panda3d/panda/src/pgraph/pythonLoaderFileType.cxx,6,1,7
/media/ullmann/HDDGabriel/research/engines/panda3d/panda/src/framework/shuttle_controls.bam_src.c,1,1,2
/media/ullmann/HDDGabriel/research/engines/panda3d/panda/src/pgui/pgWaitBar.I,0,1,1
/media/ullmann/HDDGabriel/research/engines/panda3d/dtool/src/parser-inc/android/asset_manager.h,0,1,1
/media/ullmann/HDDGabriel/research/engines/panda3d/panda/src/egg2pg/p3egg2pg_composite2.cxx,6,0,6
/media/ullmann/HDDGabriel/research/engines/panda3d/panda/src/pgraph/colorAttrib.cxx,7,1,8
/media/ullmann/HDDGabriel/research/engines/panda3d/panda/src/putil/linkedListNode.I,0,1,1
/media/ullmann/HDDGabriel/research/engines/panda3d/pandatool/src/egg-qtess/subdivSegment.I,0,1,1
/media/ullmann/HDDGabriel/research/engines/panda3d/dtool/src/dtoolbase/atomicAdjustDummyImpl.h,4,2,6
/media/ullmann/HDDGabriel/research/engines/panda3d/panda/src/egg/eggPolysetMaker.cxx,2,1,3
/media/ullmann/HDDGabriel/research/engines/panda3d/panda/src/glstuff/glGeomMunger_src.I,0,1,1
/media/ullmann/HDDGabriel/research/engines/panda3d/panda/src/downloader/chunkedStreamBuf.cxx,3,1,4
/media/ullmann/HDDGabriel/research/engines/panda3d/pandatool/src/xfile/xFileDataNodeReference.I,0,1,1
/media/ullmann/HDDGabriel/research/engines/panda3d/panda/src/collide/collisionHandlerFloor.cxx,5,1,6
/media/ullmann/HDDGabriel/research/engines/panda3d/panda/src/linmath/cast_to_double.I,0,1,1
/media/ullmann/HDDGabriel/research/engines/panda3d/pandatool/src/dxf/dxfLayerMap.h,1,2,3
/media/ullmann/HDDGabriel/research/engines/panda3d/panda/src/express/weakPointerToBase.cxx,1,1,2
/media/ullmann/HDDGabriel/research/engines/panda3d/dtool/src/dtoolutil/lineStream.cxx,1,1,2
/media/ullmann/HDDGabriel/research/engines/panda3d/panda/src/putil/vector_writable.cxx,2,1,3
/media/ullmann/HDDGabriel/research/engines/panda3d/panda/src/movies/microphoneAudio.I,0,1,1
/media/ullmann/HDDGabriel/research/engines/panda3d/panda/src/express/memoryUsage.I,0,1,1
/media/ullmann/HDDGabriel/research/engines/panda3d/panda/src/pstatclient/pStatTimer.I,0,1,1
/media/ullmann/HDDGabriel/research/engines/panda3d/panda/src/linmath/lpoint3_src.h,1,1,2
/media/ullmann/HDDGabriel/research/engines/panda3d/panda/src/linmath/lpoint3_src.I,0,1,1
/media/ullmann/HDDGabriel/research/engines/panda3d/pandatool/src/pfmprogs/pfmTrans.cxx,9,0,9
/media/ullmann/HDDGabriel/research/engines/panda3d/panda/src/ode/odeGeom_ext.h,6,2,8
/media/ullmann/HDDGabriel/research/engines/panda3d/dtool/src/interrogatedb/interrogateFunction.cxx,4,1,5
/media/ullmann/HDDGabriel/research/engines/panda3d/panda/src/bullet/bulletSphericalConstraint.I,0,1,1
/media/ullmann/HDDGabriel/research/engines/panda3d/panda/src/event/eventHandler.I,0,1,1
/media/ullmann/HDDGabriel/research/engines/panda3d/pandatool/src/gtk-stats/gtkStatsLabel.h,0,3,3
/media/ullmann/HDDGabriel/research/engines/panda3d/panda/src/gobj/shaderContext.cxx,3,1,4
/media/ullmann/HDDGabriel/research/engines/panda3d/dtool/src/cppparser/cppExpressionParser.h,2,3,5
/media/ullmann/HDDGabriel/research/engines/panda3d/panda/src/pipeline/externalThread.h,2,3,5
/media/ullmann/HDDGabriel/research/engines/panda3d/panda/src/tinydisplay/tinyOffscreenGraphicsPipe.h,5,2,7
/media/ullmann/HDDGabriel/research/engines/panda3d/pandatool/src/flt/fltTrackplane.h,1,2,3
/media/ullmann/HDDGabriel/research/engines/panda3d/panda/src/mathutil/parabola.cxx,4,1,5
/media/ullmann/HDDGabriel/research/engines/panda3d/panda/src/pgraph/weakNodePath.h,5,3,8
/media/ullmann/HDDGabriel/research/engines/panda3d/panda/src/pipeline/contextSwitch_longjmp_src.c,1,1,2
/media/ullmann/HDDGabriel/research/engines/panda3d/panda/src/mathutil/look_at.cxx,4,1,5
/media/ullmann/HDDGabriel/research/engines/panda3d/pandatool/src/eggbase/eggWriter.cxx,4,1,5
/media/ullmann/HDDGabriel/research/engines/panda3d/pandatool/src/eggbase/eggWriter.h,3,3,6
/media/ullmann/HDDGabriel/research/engines/panda3d/panda/src/glstuff/glIndexBufferContext_src.cxx,0,1,1
/media/ullmann/HDDGabriel/research/engines/panda3d/pandatool/src/maya/mayaShaderColorDef.cxx,8,1,9
/media/ullmann/HDDGabriel/research/engines/panda3d/panda/src/mathutil/unionBoundingVolume.I,0,1,1
/media/ullmann/HDDGabriel/research/engines/panda3d/panda/src/gobj/geomVertexWriter.cxx,1,1,2
/media/ullmann/HDDGabriel/research/engines/panda3d/panda/src/glesgsg/panda_esglext.h,0,1,1
/media/ullmann/HDDGabriel/research/engines/panda3d/pandatool/src/flt/fltVectorRecord.h,2,3,5
/media/ullmann/HDDGabriel/research/engines/panda3d/panda/src/display/pStatGPUTimer.h,5,5,10
/media/ullmann/HDDGabriel/research/engines/panda3d/panda/src/framework/pandaFramework.I,0,1,1
/media/ullmann/HDDGabriel/research/engines/panda3d/contrib/src/speedtree/stTree.cxx,2,1,3
/media/ullmann/HDDGabriel/research/engines/panda3d/pandatool/src/eggcharbase/eggScalarTablePointer.cxx,2,1,3
/media/ullmann/HDDGabriel/research/engines/panda3d/panda/src/express/memoryUsagePointerCounts.cxx,2,1,3
/media/ullmann/HDDGabriel/research/engines/panda3d/dtool/src/dtoolbase/atomicAdjustDummyImpl.cxx,2,1,3
/media/ullmann/HDDGabriel/research/engines/panda3d/panda/src/parametrics/piecewiseCurve.cxx,7,1,8
/media/ullmann/HDDGabriel/research/engines/panda3d/dtool/src/cppparser/cppTypeDeclaration.cxx,1,1,2
/media/ullmann/HDDGabriel/research/engines/panda3d/panda/src/pgraph/transformState_ext.cxx,1,1,2
/media/ullmann/HDDGabriel/research/engines/panda3d/dtool/src/dtoolbase/deletedChain.T,0,1,1
/media/ullmann/HDDGabriel/research/engines/panda3d/panda/src/event/test_task.cxx,4,0,4
/media/ullmann/HDDGabriel/research/engines/panda3d/dtool/src/dtoolutil/pfstream.cxx,1,1,2
/media/ullmann/HDDGabriel/research/engines/panda3d/panda/src/parametrics/nurbsSurfaceResult.I,0,1,1
/media/ullmann/HDDGabriel/research/engines/panda3d/pandatool/src/mayaprogs/mayaConversionClient.cxx,3,0,3
/media/ullmann/HDDGabriel/research/engines/panda3d/panda/src/pgraph/occluderEffect.I,0,1,1
/media/ullmann/HDDGabriel/research/engines/panda3d/pandatool/src/eggcharbase/eggCharacterFilter.h,0,1,1
/media/ullmann/HDDGabriel/research/engines/panda3d/panda/src/pnmimage/pnmImageHeader.I,0,1,1
/media/ullmann/HDDGabriel/research/engines/panda3d/pandatool/src/pstatserver/pStatThreadData.cxx,4,1,5
/media/ullmann/HDDGabriel/research/engines/panda3d/dtool/src/dtoolbase/atomicAdjustPosixImpl.cxx,2,1,3
/media/ullmann/HDDGabriel/research/engines/panda3d/dtool/src/dtoolbase/atomicAdjustPosixImpl.h,5,2,7
/media/ullmann/HDDGabriel/research/engines/panda3d/panda/src/tinydisplay/zline.cxx,4,1,5
/media/ullmann/HDDGabriel/research/engines/panda3d/panda/src/chan/vector_PartGroupStar.cxx,2,1,3
/media/ullmann/HDDGabriel/research/engines/panda3d/panda/src/pipeline/thread.cxx,6,1,7
/media/ullmann/HDDGabriel/research/engines/panda3d/panda/src/recorder/recorderBase.cxx,1,1,2
/media/ullmann/HDDGabriel/research/engines/panda3d/panda/src/putil/factoryParam.I,0,1,1
/media/ullmann/HDDGabriel/research/engines/panda3d/panda/src/pipeline/lightReMutexDirect.h,5,2,7
/media/ullmann/HDDGabriel/research/engines/panda3d/panda/src/downloader/identityStreamBuf.I,0,1,1
/media/ullmann/HDDGabriel/research/engines/panda3d/contrib/src/rplight/shadowManager.cxx,1,1,2
/media/ullmann/HDDGabriel/research/engines/panda3d/pandatool/src/imageprogs/imageTransformColors.cxx,4,0,4
/media/ullmann/HDDGabriel/research/engines/panda3d/panda/src/putil/bamReaderParam.cxx,1,1,2
/media/ullmann/HDDGabriel/research/engines/panda3d/panda/src/tform/buttonThrower.cxx,8,1,9
/media/ullmann/HDDGabriel/research/engines/panda3d/panda/src/egg/vector_PT_EggTexture.cxx,2,1,3
/media/ullmann/HDDGabriel/research/engines/panda3d/pandatool/src/eggprogs/eggRetargetAnim.cxx,4,0,4
/media/ullmann/HDDGabriel/research/engines/panda3d/panda/src/glstuff/glTextureContext_src.h,5,1,6
/media/ullmann/HDDGabriel/research/engines/panda3d/dtool/src/cppparser/cppFunctionType.cxx,4,1,5
/media/ullmann/HDDGabriel/research/engines/panda3d/panda/src/pgraph/paramNodePath.I,0,1,1
/media/ullmann/HDDGabriel/research/engines/panda3d/pandatool/src/assimp/pandaIOStream.cxx,1,1,2
/media/ullmann/HDDGabriel/research/engines/panda3d/pandatool/src/xfile/xFileDataNode.I,0,1,1
/media/ullmann/HDDGabriel/research/engines/panda3d/pandatool/src/pstatserver/pStatMonitor.cxx,2,1,3
/media/ullmann/HDDGabriel/research/engines/panda3d/panda/src/linmath/lpoint4_src.h,1,1,2
/media/ullmann/HDDGabriel/research/engines/panda3d/panda/src/linmath/lpoint4_src.I,0,1,1
/media/ullmann/HDDGabriel/research/engines/panda3d/panda/src/putil/pta_ushort.h,3,4,7
/media/ullmann/HDDGabriel/research/engines/panda3d/pandatool/src/egg-qtess/qtessInputEntry.I,0,1,1
/media/ullmann/HDDGabriel/research/engines/panda3d/panda/src/tinydisplay/zfeatures.h,0,2,2
/media/ullmann/HDDGabriel/research/engines/panda3d/pandatool/src/palettizer/palettePage.cxx,11,1,12
/media/ullmann/HDDGabriel/research/engines/panda3d/pandatool/src/lwo/iffId.cxx,2,1,3
/media/ullmann/HDDGabriel/research/engines/panda3d/pandatool/src/imagebase/imageFilter.cxx,1,1,2
/media/ullmann/HDDGabriel/research/engines/panda3d/panda/src/bullet/bulletCapsuleShape.h,6,3,9
/media/ullmann/HDDGabriel/research/engines/panda3d/pandatool/src/win-stats/winStatsServer.h,0,3,3
/media/ullmann/HDDGabriel/research/engines/panda3d/panda/src/cocoadisplay/cocoaGraphicsWindow.I,0,1,1
/media/ullmann/HDDGabriel/research/engines/panda3d/panda/src/pgraph/cullTraverserData.cxx,11,1,12
/media/ullmann/HDDGabriel/research/engines/panda3d/direct/src/deadrec/smoothMover.I,0,1,1
/media/ullmann/HDDGabriel/research/engines/panda3d/panda/src/vrpn/vrpnTracker.cxx,6,1,7
/media/ullmann/HDDGabriel/research/engines/panda3d/panda/src/putil/pbitops.h,3,6,9
/media/ullmann/HDDGabriel/research/engines/panda3d/panda/src/putil/pbitops.I,0,1,1
/media/ullmann/HDDGabriel/research/engines/panda3d/panda/src/putil/globalPointerRegistry.I,0,1,1
/media/ullmann/HDDGabriel/research/engines/panda3d/panda/src/linmath/lvec2_ops_src.h,1,1,2
/media/ullmann/HDDGabriel/research/engines/panda3d/dtool/src/parser-inc/iskin.h,0,2,2
/media/ullmann/HDDGabriel/research/engines/panda3d/panda/src/ode/odeBoxGeom.I,0,1,1
/media/ullmann/HDDGabriel/research/engines/panda3d/panda/src/net/datagramTCPHeader.I,0,1,1
/media/ullmann/HDDGabriel/research/engines/panda3d/panda/src/physics/angularIntegrator.cxx,1,1,2
/media/ullmann/HDDGabriel/research/engines/panda3d/pandatool/src/objegg/objToEggConverter.h,10,1,11
/media/ullmann/HDDGabriel/research/engines/panda3d/panda/src/downloadertools/pdecrypt.cxx,5,0,5
/media/ullmann/HDDGabriel/research/engines/panda3d/panda/src/egg/eggVertexPool.I,0,1,1
/media/ullmann/HDDGabriel/research/engines/panda3d/pandatool/src/lwo/lwoSurfaceBlockVMapName.cxx,4,1,5
/media/ullmann/HDDGabriel/research/engines/panda3d/panda/src/pipeline/cycleDataLockedStageReader.cxx,1,1,2
/media/ullmann/HDDGabriel/research/engines/panda3d/panda/src/collide/collisionHandlerPhysical_ext.h,4,1,5
/media/ullmann/HDDGabriel/research/engines/panda3d/panda/src/gobj/geomVertexFormat.I,0,1,1
/media/ullmann/HDDGabriel/research/engines/panda3d/pandatool/src/lwo/lwoSurfaceBlockRepeat.cxx,4,1,5
/media/ullmann/HDDGabriel/research/engines/panda3d/panda/src/pgraph/logicOpAttrib.I,0,1,1
/media/ullmann/HDDGabriel/research/engines/panda3d/pandatool/src/flt/fltEyepoint.cxx,3,1,4
/media/ullmann/HDDGabriel/research/engines/panda3d/panda/src/egg/eggComment.I,0,1,1
/media/ullmann/HDDGabriel/research/engines/panda3d/dtool/src/dtoolutil/config_dtoolutil.h,2,3,5
/media/ullmann/HDDGabriel/research/engines/panda3d/dtool/src/interrogatedb/py_wrappers.cxx,1,0,1
/media/ullmann/HDDGabriel/research/engines/panda3d/dtool/src/interrogatedb/py_wrappers.h,1,2,3
/media/ullmann/HDDGabriel/research/engines/panda3d/panda/src/grutil/geoMipTerrain.cxx,14,1,15
/media/ullmann/HDDGabriel/research/engines/panda3d/panda/src/gobj/bufferContext.I,0,1,1
/media/ullmann/HDDGabriel/research/engines/panda3d/pandatool/src/progbase/programBase.cxx,17,1,18
/media/ullmann/HDDGabriel/research/engines/panda3d/panda/src/putil/writableConfigurable.h,2,2,4
/media/ullmann/HDDGabriel/research/engines/panda3d/panda/src/gobj/materialPool.I,0,1,1
/media/ullmann/HDDGabriel/research/engines/panda3d/panda/src/putil/nodeCachedReferenceCount.cxx,1,1,2
/media/ullmann/HDDGabriel/research/engines/panda3d/panda/src/putil/bitMask_ext.h,5,1,6
/media/ullmann/HDDGabriel/research/engines/panda3d/contrib/src/ai/pathFind.h,4,4,8
/media/ullmann/HDDGabriel/research/engines/panda3d/dtool/src/interrogate/interrogate.cxx,8,1,9
/media/ullmann/HDDGabriel/research/engines/panda3d/direct/src/dcparser/dcSwitchParameter.cxx,3,1,4
/media/ullmann/HDDGabriel/research/engines/panda3d/direct/src/dcparser/dcSwitch.h,3,4,7
/media/ullmann/HDDGabriel/research/engines/panda3d/pandatool/src/lwo/lwoSurfaceBlockOpacity.h,1,3,4
/media/ullmann/HDDGabriel/research/engines/panda3d/panda/src/display/windowProperties_ext.cxx,1,1,2
/media/ullmann/HDDGabriel/research/engines/panda3d/dtool/src/parser-inc/setjmp.h,0,6,6
/media/ullmann/HDDGabriel/research/engines/panda3d/panda/src/pnmimage/pnm-image-filter-sparse-core.cxx,0,1,1
/media/ullmann/HDDGabriel/research/engines/panda3d/panda/src/device/clientTrackerDevice.I,0,1,1
/media/ullmann/HDDGabriel/research/engines/panda3d/panda/src/text/default_font.h,1,2,3
/media/ullmann/HDDGabriel/research/engines/panda3d/panda/src/putil/typedWritableReferenceCount.cxx,2,1,3
/media/ullmann/HDDGabriel/research/engines/panda3d/pandatool/src/lwo/lwoClip.h,1,3,4
/media/ullmann/HDDGabriel/research/engines/panda3d/panda/src/putil/writableConfigurable.cxx,1,1,2
/media/ullmann/HDDGabriel/research/engines/panda3d/panda/src/display/mouseAndKeyboard.cxx,6,1,7
/media/ullmann/HDDGabriel/research/engines/panda3d/panda/src/physics/linearDistanceForce.cxx,1,1,2
/media/ullmann/HDDGabriel/research/engines/panda3d/pandatool/src/palettizer/textureRequest.cxx,2,1,3
/media/ullmann/HDDGabriel/research/engines/panda3d/dtool/src/dtoolutil/p3dtoolutil_composite1.cxx,9,0,9
/media/ullmann/HDDGabriel/research/engines/panda3d/dtool/src/dtoolutil/lineStreamBuf.cxx,1,1,2
/media/ullmann/HDDGabriel/research/engines/panda3d/panda/src/egldisplay/eglGraphicsBuffer.cxx,6,1,7
/media/ullmann/HDDGabriel/research/engines/panda3d/panda/src/cull/cullBinFixed.I,0,1,1
/media/ullmann/HDDGabriel/research/engines/panda3d/panda/src/linmath/lsimpleMatrix.h,3,3,6
/media/ullmann/HDDGabriel/research/engines/panda3d/panda/src/distort/nonlinearImager.I,0,1,1
/media/ullmann/HDDGabriel/research/engines/panda3d/panda/src/linmath/luse.cxx,1,1,2
/media/ullmann/HDDGabriel/research/engines/panda3d/panda/src/bullet/bulletShape.I,0,1,1
/media/ullmann/HDDGabriel/research/engines/panda3d/panda/src/pgraph/instancedNode.I,0,1,1
/media/ullmann/HDDGabriel/research/engines/panda3d/panda/src/egg/eggMaterial.cxx,2,1,3
/media/ullmann/HDDGabriel/research/engines/panda3d/dtool/src/cppparser/cppClosureType.cxx,3,1,4
/media/ullmann/HDDGabriel/research/engines/panda3d/panda/src/glesgsg/glesgsg.cxx,2,1,3
/media/ullmann/HDDGabriel/research/engines/panda3d/dtool/src/parser-inc/ostream,0,1,1
/media/ullmann/HDDGabriel/research/engines/panda3d/panda/src/android/pnmFileTypeAndroid.cxx,2,1,3
/media/ullmann/HDDGabriel/research/engines/panda3d/pandatool/src/flt/fltFace.cxx,5,1,6
/media/ullmann/HDDGabriel/research/engines/panda3d/panda/src/linmath/lmatrix.cxx,5,1,6
/media/ullmann/HDDGabriel/research/engines/panda3d/panda/src/linmath/lmatrix4_src.cxx,0,1,1
/media/ullmann/HDDGabriel/research/engines/panda3d/panda/src/bullet/bulletHingeConstraint.h,6,2,8
/media/ullmann/HDDGabriel/research/engines/panda3d/panda/src/bullet/bulletMultiSphereShape.cxx,3,1,4
/media/ullmann/HDDGabriel/research/engines/panda3d/panda/src/pgraphnodes/ambientLight.cxx,5,1,6
/media/ullmann/HDDGabriel/research/engines/panda3d/pandatool/src/lwoegg/cLwoSurfaceBlockTMap.h,2,2,4
/media/ullmann/HDDGabriel/research/engines/panda3d/pandatool/src/objegg/config_objegg.cxx,2,0,2
/media/ullmann/HDDGabriel/research/engines/panda3d/panda/src/pgraph/workingNodePath.cxx,1,1,2
/media/ullmann/HDDGabriel/research/engines/panda3d/panda/src/express/copy_stream.cxx,1,1,2
/media/ullmann/HDDGabriel/research/engines/panda3d/panda/src/framework/p3framework_composite1.cxx,3,0,3
/media/ullmann/HDDGabriel/research/engines/panda3d/pandatool/src/miscprogs/binToC.cxx,1,0,1
/media/ullmann/HDDGabriel/research/engines/panda3d/pandatool/src/miscprogs/binToC.h,0,1,1
/media/ullmann/HDDGabriel/research/engines/panda3d/direct/src/interval/waitInterval.cxx,2,1,3
/media/ullmann/HDDGabriel/research/engines/panda3d/direct/src/interval/waitInterval.h,2,3,5
/media/ullmann/HDDGabriel/research/engines/panda3d/panda/src/net/queuedConnectionListener.I,0,1,1
/media/ullmann/HDDGabriel/research/engines/panda3d/pandatool/src/pstatserver/pStatClientData.cxx,3,1,4
/media/ullmann/HDDGabriel/research/engines/panda3d/panda/src/gobj/queryContext.cxx,1,1,2
/media/ullmann/HDDGabriel/research/engines/panda3d/panda/src/gobj/perspectiveLens.cxx,2,1,3
/media/ullmann/HDDGabriel/research/engines/panda3d/panda/src/pgraphnodes/sequenceNode.I,0,1,1
/media/ullmann/HDDGabriel/research/engines/panda3d/panda/src/display/p3display_ext_composite.cxx,6,0,6
/media/ullmann/HDDGabriel/research/engines/panda3d/panda/src/gobj/geomVertexAnimationSpec.cxx,3,1,4
/media/ullmann/HDDGabriel/research/engines/panda3d/panda/src/mathutil/triangulator3.h,4,2,6
/media/ullmann/HDDGabriel/research/engines/panda3d/panda/src/pipeline/lightReMutexDirect.cxx,2,1,3
/media/ullmann/HDDGabriel/research/engines/panda3d/pandatool/src/maxegg/maxNodeDesc.cxx,1,1,2
/media/ullmann/HDDGabriel/research/engines/panda3d/panda/src/putil/uniqueIdAllocator.cxx,5,1,6
/media/ullmann/HDDGabriel/research/engines/panda3d/panda/src/particlesystem/sphereVolumeEmitter.h,2,2,4
/media/ullmann/HDDGabriel/research/engines/panda3d/contrib/src/speedtree/config_speedtree.h,7,1,8
/media/ullmann/HDDGabriel/research/engines/panda3d/panda/src/audio/nullAudioSound.cxx,1,1,2
/media/ullmann/HDDGabriel/research/engines/panda3d/pandatool/src/lwo/lwoSurfaceColor.cxx,4,1,5
/media/ullmann/HDDGabriel/research/engines/panda3d/panda/src/gobj/geomCacheEntry.I,0,1,1
/media/ullmann/HDDGabriel/research/engines/panda3d/dtool/src/prc/encryptStream.I,0,1,1
/media/ullmann/HDDGabriel/research/engines/panda3d/panda/src/cull/cullBinUnsorted.cxx,4,1,5
/media/ullmann/HDDGabriel/research/engines/panda3d/dtool/src/dtoolbase/pdtoa.cxx,6,1,7
/media/ullmann/HDDGabriel/research/engines/panda3d/dtool/src/parser-inc/deque,0,1,1
/media/ullmann/HDDGabriel/research/engines/panda3d/dtool/src/interrogatedb/indexRemapper.cxx,1,1,2
/media/ullmann/HDDGabriel/research/engines/panda3d/panda/src/putil/nameUniquifier.I,0,1,1
/media/ullmann/HDDGabriel/research/engines/panda3d/pandatool/src/mayaprogs/mayaToEggClient.cxx,1,0,1
/media/ullmann/HDDGabriel/research/engines/panda3d/dtool/src/parser-inc/synchapi.h,1,1,2
/media/ullmann/HDDGabriel/research/engines/panda3d/dtool/src/parser-inc/winnt.h,0,1,1
/media/ullmann/HDDGabriel/research/engines/panda3d/panda/src/egg2pg/p3egg2pg_composite1.cxx,6,0,6
/media/ullmann/HDDGabriel/research/engines/panda3d/panda/src/particlesystem/arcEmitter.cxx,1,1,2
/media/ullmann/HDDGabriel/research/engines/panda3d/panda/src/particlesystem/arcEmitter.h,2,1,3
/media/ullmann/HDDGabriel/research/engines/panda3d/panda/src/cull/cullBinFrontToBack.I,0,1,1
/media/ullmann/HDDGabriel/research/engines/panda3d/panda/src/linmath/lmatrix3_src.cxx,0,1,1
/media/ullmann/HDDGabriel/research/engines/panda3d/panda/src/bullet/bulletTriangleMesh.I,0,1,1
/media/ullmann/HDDGabriel/research/engines/panda3d/pandatool/src/bam/eggToBam.h,2,1,3
/media/ullmann/HDDGabriel/research/engines/panda3d/dtool/src/interrogate/parameterRemapPTToPointer.h,2,2,4
/media/ullmann/HDDGabriel/research/engines/panda3d/pandatool/src/dxfprogs/eggToDXF.cxx,3,0,3
/media/ullmann/HDDGabriel/research/engines/panda3d/panda/src/physics/linearVectorForce.h,2,2,4
/media/ullmann/HDDGabriel/research/engines/panda3d/panda/src/particlesystem/ringEmitter.h,2,3,5
/media/ullmann/HDDGabriel/research/engines/panda3d/panda/src/downloader/extractor.I,0,1,1
/media/ullmann/HDDGabriel/research/engines/panda3d/panda/src/putil/simpleHashMap.cxx,1,1,2
/media/ullmann/HDDGabriel/research/engines/panda3d/panda/src/gobj/savedContext.h,3,5,8
/media/ullmann/HDDGabriel/research/engines/panda3d/panda/src/pgui/pgSliderBarNotify.h,3,3,6
/media/ullmann/HDDGabriel/research/engines/panda3d/panda/src/gobj/geomTrianglesAdjacency.h,2,3,5
/media/ullmann/HDDGabriel/research/engines/panda3d/pandatool/src/maxegg/maxNodeDesc.h,0,1,1
/media/ullmann/HDDGabriel/research/engines/panda3d/panda/src/pnmimage/convert_srgb.cxx,2,1,3
/media/ullmann/HDDGabriel/research/engines/panda3d/panda/src/glstuff/glOcclusionQueryContext_src.cxx,4,1,5
/media/ullmann/HDDGabriel/research/engines/panda3d/panda/src/express/password_hash.h,1,1,2
/media/ullmann/HDDGabriel/research/engines/panda3d/panda/src/vision/webcamVideo.I,0,1,1
/media/ullmann/HDDGabriel/research/engines/panda3d/panda/src/mathutil/pta_LMatrix3_ext.h,2,0,2
/media/ullmann/HDDGabriel/research/engines/panda3d/pandatool/src/lwo/lwoSurfaceBlockCoordSys.h,1,3,4
/media/ullmann/HDDGabriel/research/engines/panda3d/contrib/src/rplight/iesDataset.cxx,2,1,3
/media/ullmann/HDDGabriel/research/engines/panda3d/panda/src/particlesystem/pointEmitter.cxx,1,1,2
/media/ullmann/HDDGabriel/research/engines/panda3d/panda/src/parametrics/nurbsCurve.I,0,1,1
/media/ullmann/HDDGabriel/research/engines/panda3d/dtool/src/prc/configDeclaration.I,0,1,1
/media/ullmann/HDDGabriel/research/engines/panda3d/panda/src/pnmtext/freetypeFace.cxx,2,1,3
/media/ullmann/HDDGabriel/research/engines/panda3d/panda/src/skel/basicSkel.h,2,2,4
/media/ullmann/HDDGabriel/research/engines/panda3d/panda/src/skel/basicSkel.I,0,1,1
/media/ullmann/HDDGabriel/research/engines/panda3d/panda/src/bullet/bulletConstraint.cxx,3,1,4
/media/ullmann/HDDGabriel/research/engines/panda3d/pandatool/src/fltprogs/fltToEgg.h,1,1,2
/media/ullmann/HDDGabriel/research/engines/panda3d/panda/src/text/textFont.I,0,1,1
/media/ullmann/HDDGabriel/research/engines/panda3d/pandatool/src/lwoegg/cLwoClip.I,0,1,1
/media/ullmann/HDDGabriel/research/engines/panda3d/panda/src/pgraph/colorAttrib.I,0,1,1
/media/ullmann/HDDGabriel/research/engines/panda3d/panda/src/gobj/savedContext.I,0,1,1
/media/ullmann/HDDGabriel/research/engines/panda3d/panda/src/gobj/texturePeeker.h,4,5,9
/media/ullmann/HDDGabriel/research/engines/panda3d/panda/src/bullet/bulletTriangleMeshShape.I,0,1,1
/media/ullmann/HDDGabriel/research/engines/panda3d/panda/src/device/ioKitInputDeviceManager.h,1,2,3
/media/ullmann/HDDGabriel/research/engines/panda3d/panda/src/pgraph/shaderPool.cxx,7,1,8
/media/ullmann/HDDGabriel/research/engines/panda3d/pandatool/src/converter/eggToSomethingConverter.I,0,1,1
/media/ullmann/HDDGabriel/research/engines/panda3d/panda/src/ffmpeg/ffmpegVideo.h,3,3,6
/media/ullmann/HDDGabriel/research/engines/panda3d/pandatool/src/lwoegg/cLwoSurface.h,9,3,12
/media/ullmann/HDDGabriel/research/engines/panda3d/panda/src/egg/eggAttributes.I,0,1,1
/media/ullmann/HDDGabriel/research/engines/panda3d/pandatool/src/text-stats/textMonitor.h,3,2,5
/media/ullmann/HDDGabriel/research/engines/panda3d/pandatool/src/text-stats/textMonitor.I,0,1,1
/media/ullmann/HDDGabriel/research/engines/panda3d/panda/src/ode/p3ode_ext_composite.cxx,5,0,5
/media/ullmann/HDDGabriel/research/engines/panda3d/panda/src/linmath/lmatrix4_src.I,0,1,1
/media/ullmann/HDDGabriel/research/engines/panda3d/panda/src/putil/test_glob.cxx,1,0,1
/media/ullmann/HDDGabriel/research/engines/panda3d/panda/src/downloader/chunkedStreamBuf.I,0,1,1
/media/ullmann/HDDGabriel/research/engines/panda3d/panda/src/pgraph/rescaleNormalAttrib.I,0,1,1
/media/ullmann/HDDGabriel/research/engines/panda3d/panda/src/egg/eggMorphList.cxx,2,1,3
/media/ullmann/HDDGabriel/research/engines/panda3d/panda/src/collide/collisionHandlerQueue_ext.cxx,1,1,2
/media/ullmann/HDDGabriel/research/engines/panda3d/pandatool/src/vrml/standard_nodes.h,0,2,2
/media/ullmann/HDDGabriel/research/engines/panda3d/panda/src/pipeline/lightReMutex.I,0,1,1
/media/ullmann/HDDGabriel/research/engines/panda3d/pandatool/src/pandatoolbase/pathReplace.cxx,5,1,6
/media/ullmann/HDDGabriel/research/engines/panda3d/pandatool/src/lwoegg/lwoToEggConverter.I,0,1,1
/media/ullmann/HDDGabriel/research/engines/panda3d/panda/src/gobj/textureReloadRequest.cxx,2,1,3
/media/ullmann/HDDGabriel/research/engines/panda3d/panda/src/movies/wavAudio.cxx,4,1,5
/media/ullmann/HDDGabriel/research/engines/panda3d/pandatool/src/xfile/xFileDataObjectString.cxx,3,1,4
/media/ullmann/HDDGabriel/research/engines/panda3d/panda/src/ode/odeNullJoint.I,0,1,1
/media/ullmann/HDDGabriel/research/engines/panda3d/pandatool/src/flt/fltTransformRecord.cxx,1,1,2
/media/ullmann/HDDGabriel/research/engines/panda3d/panda/src/pnmimagetypes/pnmFileTypeSoftImage.h,4,2,6
/media/ullmann/HDDGabriel/research/engines/panda3d/panda/src/putil/sparseArray_ext.cxx,1,1,2
/media/ullmann/HDDGabriel/research/engines/panda3d/dtool/src/parser-inc/opus/opusfile.h,1,1,2
/media/ullmann/HDDGabriel/research/engines/panda3d/panda/src/putil/copyOnWritePointer.h,5,7,12
/media/ullmann/HDDGabriel/research/engines/panda3d/panda/src/gobj/bufferContext.cxx,1,1,2
/media/ullmann/HDDGabriel/research/engines/panda3d/pandatool/src/flt/fltOpcode.h,0,4,4
/media/ullmann/HDDGabriel/research/engines/panda3d/panda/src/physics/linearDistanceForce.I,0,1,1
/media/ullmann/HDDGabriel/research/engines/panda3d/panda/src/pgraph/sceneSetup.cxx,1,1,2
/media/ullmann/HDDGabriel/research/engines/panda3d/dtool/src/parser-inc/iparamm2.h,0,1,1
/media/ullmann/HDDGabriel/research/engines/panda3d/panda/src/pipeline/cycleData.I,0,1,1
/media/ullmann/HDDGabriel/research/engines/panda3d/panda/src/pnmimage/pfmFile.I,0,1,1
/media/ullmann/HDDGabriel/research/engines/panda3d/dtool/src/parser-inc/zconf.h,0,1,1
/media/ullmann/HDDGabriel/research/engines/panda3d/panda/src/mathutil/boundingHexahedron.I,0,1,1
/media/ullmann/HDDGabriel/research/engines/panda3d/panda/src/particlesystem/sphereVolumeEmitter.cxx,1,1,2
/media/ullmann/HDDGabriel/research/engines/panda3d/dtool/src/parser-inc/vorbis/vorbisfile.h,2,1,3
/media/ullmann/HDDGabriel/research/engines/panda3d/panda/src/tinydisplay/tinyWinGraphicsWindow.I,0,1,1
/media/ullmann/HDDGabriel/research/engines/panda3d/panda/src/pgraph/renderEffect.I,0,1,1
/media/ullmann/HDDGabriel/research/engines/panda3d/panda/src/tinydisplay/ztriangle_code_2.h,1,1,2
/media/ullmann/HDDGabriel/research/engines/panda3d/panda/src/express/pointerTo.I,0,1,1
/media/ullmann/HDDGabriel/research/engines/panda3d/panda/src/event/asyncTaskManager.I,0,1,1
/media/ullmann/HDDGabriel/research/engines/panda3d/panda/src/distort/oSphereLens.cxx,2,1,3
/media/ullmann/HDDGabriel/research/engines/panda3d/panda/src/putil/vector_typedWritable.cxx,2,1,3
/media/ullmann/HDDGabriel/research/engines/panda3d/panda/src/pgraph/findApproxLevelEntry.cxx,4,1,5
/media/ullmann/HDDGabriel/research/engines/panda3d/panda/src/mathutil/boundingPlane.cxx,5,1,6
/media/ullmann/HDDGabriel/research/engines/panda3d/panda/src/pgraph/cullTraverserData.I,0,1,1
/media/ullmann/HDDGabriel/research/engines/panda3d/pandatool/src/maya/mayaShaders.h,3,1,4
/media/ullmann/HDDGabriel/research/engines/panda3d/dtool/src/parser-inc/cxtypes.h,3,0,3
/media/ullmann/HDDGabriel/research/engines/panda3d/panda/src/pipeline/conditionVarDirect.h,4,2,6
/media/ullmann/HDDGabriel/research/engines/panda3d/panda/src/putil/factory.I,0,1,1
/media/ullmann/HDDGabriel/research/engines/panda3d/pandatool/src/bam/bamToEgg.cxx,5,0,5
/media/ullmann/HDDGabriel/research/engines/panda3d/dtool/src/parser-inc/openssl/evp.h,1,5,6
/media/ullmann/HDDGabriel/research/engines/panda3d/panda/src/dxgsg9/dxOcclusionQueryContext9.h,4,3,7
/media/ullmann/HDDGabriel/research/engines/panda3d/dtool/src/interrogatedb/interrogateFunctionWrapper.cxx,4,1,5
/media/ullmann/HDDGabriel/research/engines/panda3d/panda/src/net/datagramTCPHeader.cxx,5,1,6
/media/ullmann/HDDGabriel/research/engines/panda3d/pandatool/src/gtk-stats/gtkStatsPianoRoll.h,2,2,4
/media/ullmann/HDDGabriel/research/engines/panda3d/pandatool/src/egg-mkfont/rangeDescription.h,2,3,5
/media/ullmann/HDDGabriel/research/engines/panda3d/dtool/src/dtoolutil/textEncoder_ext.I,0,1,1
/media/ullmann/HDDGabriel/research/engines/panda3d/panda/src/pgui/pgMouseWatcherParameter.I,0,1,1
/media/ullmann/HDDGabriel/research/engines/panda3d/panda/src/androiddisplay/androidGraphicsStateGuardian.h,3,4,7
/media/ullmann/HDDGabriel/research/engines/panda3d/panda/src/cocoadisplay/cocoaGraphicsStateGuardian.h,4,0,4
/media/ullmann/HDDGabriel/research/engines/panda3d/panda/src/pnmimage/pnm-image-filter-core.cxx,0,1,1
/media/ullmann/HDDGabriel/research/engines/panda3d/pandatool/src/xfile/windowsGuid.cxx,3,1,4
/media/ullmann/HDDGabriel/research/engines/panda3d/panda/src/express/weakPointerToVoid.I,0,1,1
/media/ullmann/HDDGabriel/research/engines/panda3d/dtool/src/parser-inc/avio.h,1,0,1
/media/ullmann/HDDGabriel/research/engines/panda3d/panda/src/express/ordered_vector.I,0,1,1
/media/ullmann/HDDGabriel/research/engines/panda3d/panda/src/gobj/geomCacheEntry.cxx,5,1,6
/media/ullmann/HDDGabriel/research/engines/panda3d/dtool/src/cppparser/cppReferenceType.cxx,3,1,4
/media/ullmann/HDDGabriel/research/engines/panda3d/dtool/src/interrogate/parameterRemapUnchanged.h,2,7,9
/media/ullmann/HDDGabriel/research/engines/panda3d/panda/src/physics/linearFrictionForce.cxx,2,1,3
/media/ullmann/HDDGabriel/research/engines/panda3d/dtool/src/dtoolutil/vector_uchar.cxx,2,1,3
/media/ullmann/HDDGabriel/research/engines/panda3d/panda/src/gobj/textureStagePool.cxx,5,1,6
/media/ullmann/HDDGabriel/research/engines/panda3d/pandatool/src/flt/fltInstanceRef.cxx,5,1,6
/media/ullmann/HDDGabriel/research/engines/panda3d/panda/src/express/weakPointerCallback.cxx,1,1,2
/media/ullmann/HDDGabriel/research/engines/panda3d/pandatool/src/maya/pre_maya_include.h,0,6,6
/media/ullmann/HDDGabriel/research/engines/panda3d/panda/src/pgraph/renderState_ext.cxx,1,1,2
/media/ullmann/HDDGabriel/research/engines/panda3d/panda/src/pgraph/renderState_ext.h,4,1,5
/media/ullmann/HDDGabriel/research/engines/panda3d/panda/src/bullet/bulletSoftBodyControl.I,0,1,1
/media/ullmann/HDDGabriel/research/engines/panda3d/panda/src/bullet/bulletCylinderShape.h,5,2,7
/media/ullmann/HDDGabriel/research/engines/panda3d/panda/src/gobj/indexBufferContext.cxx,1,1,2
/media/ullmann/HDDGabriel/research/engines/panda3d/dtool/src/interrogatedb/p3interrogatedb_composite2.cxx,6,0,6
/media/ullmann/HDDGabriel/research/engines/panda3d/panda/src/mathutil/mersenne.h,1,2,3
/media/ullmann/HDDGabriel/research/engines/panda3d/panda/src/gobj/simpleAllocator.cxx,1,1,2
/media/ullmann/HDDGabriel/research/engines/panda3d/pandatool/src/dxfprogs/dxfToEgg.cxx,1,0,1
/media/ullmann/HDDGabriel/research/engines/panda3d/pandatool/src/dxfprogs/dxfToEgg.h,0,1,1
/media/ullmann/HDDGabriel/research/engines/panda3d/panda/src/bullet/bulletManifoldPoint.cxx,2,1,3
/media/ullmann/HDDGabriel/research/engines/panda3d/panda/src/pgraph/weakNodePath.I,0,1,1
/media/ullmann/HDDGabriel/research/engines/panda3d/pandatool/src/vrml/parse_vrml.cxx,7,0,7
/media/ullmann/HDDGabriel/research/engines/panda3d/pandatool/src/vrml/vrmlParserDefs.h,0,1,1
/media/ullmann/HDDGabriel/research/engines/panda3d/panda/src/particlesystem/particlefactories.h,3,0,3
/media/ullmann/HDDGabriel/research/engines/panda3d/panda/src/text/textPropertiesManager.cxx,2,1,3
/media/ullmann/HDDGabriel/research/engines/panda3d/panda/src/glgsg/config_glgsg.cxx,3,1,4
/media/ullmann/HDDGabriel/research/engines/panda3d/panda/src/mathutil/triangulator3.I,0,1,1
/media/ullmann/HDDGabriel/research/engines/panda3d/panda/src/pgraph/texGenAttrib.I,0,1,1
/media/ullmann/HDDGabriel/research/engines/panda3d/pandatool/src/egg-optchar/vertexMembership.I,0,1,1
/media/ullmann/HDDGabriel/research/engines/panda3d/dtool/src/parser-inc/netdb.h,2,2,4
/media/ullmann/HDDGabriel/research/engines/panda3d/panda/src/chan/animGroup.I,0,1,1
/media/ullmann/HDDGabriel/research/engines/panda3d/panda/src/display/frameBufferProperties.cxx,5,1,6
/media/ullmann/HDDGabriel/research/engines/panda3d/panda/src/windisplay/config_windisplay.cxx,4,1,5
/media/ullmann/HDDGabriel/research/engines/panda3d/panda/src/pgraph/auxSceneData.cxx,2,1,3
/media/ullmann/HDDGabriel/research/engines/panda3d/pandatool/src/xfile/xFileTemplate.cxx,2,1,3
/media/ullmann/HDDGabriel/research/engines/panda3d/pandatool/src/dxfprogs/dxfPoints.cxx,1,0,1
/media/ullmann/HDDGabriel/research/engines/panda3d/pandatool/src/dxfprogs/dxfPoints.h,0,1,1
/media/ullmann/HDDGabriel/research/engines/panda3d/panda/src/egg/pt_EggVertex.cxx,1,1,2
/media/ullmann/HDDGabriel/research/engines/panda3d/panda/src/particlesystem/ringEmitter.cxx,1,1,2
/media/ullmann/HDDGabriel/research/engines/panda3d/panda/src/event/asyncTaskSequence.I,0,1,1
/media/ullmann/HDDGabriel/research/engines/panda3d/panda/src/chan/animBundleNode.I,0,1,1
/media/ullmann/HDDGabriel/research/engines/panda3d/panda/src/pgraph/modelRoot.cxx,1,1,2
/media/ullmann/HDDGabriel/research/engines/panda3d/panda/src/putil/ioPtaDatagramShort.h,3,1,4
/media/ullmann/HDDGabriel/research/engines/panda3d/panda/src/movies/wavAudio.h,3,3,6
/media/ullmann/HDDGabriel/research/engines/panda3d/pandatool/src/maya/maya_funcs.T,0,1,1
/media/ullmann/HDDGabriel/research/engines/panda3d/panda/src/mathutil/pta_LVecBase3.cxx,1,1,2
/media/ullmann/HDDGabriel/research/engines/panda3d/panda/src/pgraph/paramNodePath.cxx,4,1,5
/media/ullmann/HDDGabriel/research/engines/panda3d/panda/src/pgraph/nodePath_ext.h,5,1,6
/media/ullmann/HDDGabriel/research/engines/panda3d/panda/src/vrpn/vrpnTrackerDevice.cxx,2,1,3
/media/ullmann/HDDGabriel/research/engines/panda3d/pandatool/src/vrmlprogs/vrmlTrans.cxx,1,0,1
/media/ullmann/HDDGabriel/research/engines/panda3d/pandatool/src/vrmlprogs/vrmlTrans.h,0,1,1
/media/ullmann/HDDGabriel/research/engines/panda3d/pandatool/src/xfile/xFileDataObject.I,0,1,1
/media/ullmann/HDDGabriel/research/engines/panda3d/panda/src/dxgsg9/dxOcclusionQueryContext9.I,0,1,1
/media/ullmann/HDDGabriel/research/engines/panda3d/panda/src/wgldisplay/wglGraphicsWindow.I,0,1,1
/media/ullmann/HDDGabriel/research/engines/panda3d/panda/src/putil/copyOnWritePointer.I,0,1,1
/media/ullmann/HDDGabriel/research/engines/panda3d/panda/src/bullet/bulletGhostNode.I,0,1,1
/media/ullmann/HDDGabriel/research/engines/panda3d/panda/src/tinydisplay/td_light.cxx,2,1,3
/media/ullmann/HDDGabriel/research/engines/panda3d/panda/src/express/hashVal.I,0,1,1
/media/ullmann/HDDGabriel/research/engines/panda3d/panda/src/pgraph/depthBiasAttrib.I,0,1,1
/media/ullmann/HDDGabriel/research/engines/panda3d/panda/src/pgraph/showBoundsEffect.I,0,1,1
/media/ullmann/HDDGabriel/research/engines/panda3d/panda/src/net/recentConnectionReader.h,4,2,6
/media/ullmann/HDDGabriel/research/engines/panda3d/panda/src/bullet/bulletAllHitsRayResult.cxx,1,1,2
/media/ullmann/HDDGabriel/research/engines/panda3d/panda/src/mathutil/pta_LMatrix3.cxx,1,1,2
/media/ullmann/HDDGabriel/research/engines/panda3d/dtool/src/dtoolutil/preprocess_argv.cxx,2,1,3
/media/ullmann/HDDGabriel/research/engines/panda3d/panda/src/bullet/bulletClosestHitSweepResult.I,0,1,1
/media/ullmann/HDDGabriel/research/engines/panda3d/pandatool/src/egg-qtess/subdivSegment.cxx,1,1,2
/media/ullmann/HDDGabriel/research/engines/panda3d/pandatool/src/assimp/pandaIOStream.h,1,2,3
/media/ullmann/HDDGabriel/research/engines/panda3d/panda/src/event/pythonTask.I,0,1,1
/media/ullmann/HDDGabriel/research/engines/panda3d/panda/src/event/pointerEvent.cxx,3,1,4
/media/ullmann/HDDGabriel/research/engines/panda3d/pandatool/src/flt/fltPackedColor.cxx,3,1,4
/media/ullmann/HDDGabriel/research/engines/panda3d/panda/src/display/parasiteBuffer.cxx,2,1,3
/media/ullmann/HDDGabriel/research/engines/panda3d/panda/src/display/graphicsPipeSelection_ext.cxx,2,1,3
/media/ullmann/HDDGabriel/research/engines/panda3d/pandatool/src/egg-optchar/config_egg_optchar.h,0,1,1
/media/ullmann/HDDGabriel/research/engines/panda3d/panda/src/pstatclient/pStatCollectorDef.cxx,3,1,4
/media/ullmann/HDDGabriel/research/engines/panda3d/panda/src/downloader/httpDate.I,0,1,1
/media/ullmann/HDDGabriel/research/engines/panda3d/panda/src/putil/indirectCompareTo.I,0,1,1
/media/ullmann/HDDGabriel/research/engines/panda3d/pandatool/src/dxf/dxfFile.cxx,3,1,4
/media/ullmann/HDDGabriel/research/engines/panda3d/panda/src/egg/eggRenderMode.cxx,4,1,5
/media/ullmann/HDDGabriel/research/engines/panda3d/panda/src/egg/eggVertexAux.I,0,1,1
/media/ullmann/HDDGabriel/research/engines/panda3d/panda/src/char/characterJoint.I,0,1,1
/media/ullmann/HDDGabriel/research/engines/panda3d/panda/src/mathutil/boundingPlane.I,0,1,1
/media/ullmann/HDDGabriel/research/engines/panda3d/panda/src/linmath/lcast_to.h,3,1,4
/media/ullmann/HDDGabriel/research/engines/panda3d/dtool/src/parser-inc/hash_map,0,2,2
/media/ullmann/HDDGabriel/research/engines/panda3d/dtool/src/dtoolutil/filename.I,0,1,1
/media/ullmann/HDDGabriel/research/engines/panda3d/panda/src/downloader/multiplexStreamBuf.I,0,1,1
/media/ullmann/HDDGabriel/research/engines/panda3d/panda/src/tinydisplay/ztriangle_4.cxx,6,0,6
/media/ullmann/HDDGabriel/research/engines/panda3d/dtool/src/parser-inc/vrpn_Tracker.h,0,1,1
/media/ullmann/HDDGabriel/research/engines/panda3d/panda/src/pipeline/pythonThread.cxx,3,0,3
/media/ullmann/HDDGabriel/research/engines/panda3d/panda/src/bullet/bulletPersistentManifold.I,0,1,1
/media/ullmann/HDDGabriel/research/engines/panda3d/panda/src/parametrics/p3parametrics_composite1.cxx,5,0,5
/media/ullmann/HDDGabriel/research/engines/panda3d/panda/src/parametrics/cubicCurveseg.cxx,7,1,8
/media/ullmann/HDDGabriel/research/engines/panda3d/panda/src/egg/eggSurface.I,0,1,1
/media/ullmann/HDDGabriel/research/engines/panda3d/panda/src/express/zStreamBuf.cxx,3,1,4
/media/ullmann/HDDGabriel/research/engines/panda3d/panda/src/gobj/texturePoolFilter.I,0,1,1
/media/ullmann/HDDGabriel/research/engines/panda3d/panda/src/physics/physicsObject.cxx,1,1,2
/media/ullmann/HDDGabriel/research/engines/panda3d/dtool/src/interrogate/parameterRemapBasicStringPtrToString.cxx,2,1,3
/media/ullmann/HDDGabriel/research/engines/panda3d/panda/src/express/openSSLWrapper.cxx,3,1,4
/media/ullmann/HDDGabriel/research/engines/panda3d/panda/src/tinydisplay/ztriangle_code_3.h,1,1,2
/media/ullmann/HDDGabriel/research/engines/panda3d/panda/src/tinydisplay/ztriangle_two.h,1,4,5
/media/ullmann/HDDGabriel/research/engines/panda3d/panda/src/downloader/download_utils.cxx,4,1,5
/media/ullmann/HDDGabriel/research/engines/panda3d/panda/src/physics/physicsManager.I,0,1,1
/media/ullmann/HDDGabriel/research/engines/panda3d/panda/src/putil/bamCache.I,0,1,1
/media/ullmann/HDDGabriel/research/engines/panda3d/panda/src/pipeline/lightMutexDirect.cxx,1,1,2
/media/ullmann/HDDGabriel/research/engines/panda3d/direct/src/directbase/directbase.cxx,1,0,1
/media/ullmann/HDDGabriel/research/engines/panda3d/pandatool/src/egg-palettize/eggPalettize.h,0,1,1
/media/ullmann/HDDGabriel/research/engines/panda3d/panda/src/linmath/lmat_ops_src.h,1,1,2
/media/ullmann/HDDGabriel/research/engines/panda3d/panda/src/linmath/lmat_ops_src.I,0,1,1
/media/ullmann/HDDGabriel/research/engines/panda3d/panda/src/cull/cullBinBackToFront.cxx,7,1,8
/media/ullmann/HDDGabriel/research/engines/panda3d/panda/src/pipeline/reMutex_ext.h,5,0,5
/media/ullmann/HDDGabriel/research/engines/panda3d/pandatool/src/eggbase/eggFilter.h,2,2,4
/media/ullmann/HDDGabriel/research/engines/panda3d/panda/src/express/referenceCount.I,0,1,1
/media/ullmann/HDDGabriel/research/engines/panda3d/pandatool/src/xfileprogs/xFileToEgg.cxx,1,0,1
/media/ullmann/HDDGabriel/research/engines/panda3d/pandatool/src/lwo/lwoStillImage.cxx,4,1,5
/media/ullmann/HDDGabriel/research/engines/panda3d/direct/src/interval/cConstrainPosHprInterval.h,5,2,7
/media/ullmann/HDDGabriel/research/engines/panda3d/panda/src/pnmimagetypes/pnmFileTypeStbImage.cxx,5,1,6
/media/ullmann/HDDGabriel/research/engines/panda3d/panda/src/gobj/geomVertexArrayData.I,0,1,1
/media/ullmann/HDDGabriel/research/engines/panda3d/panda/src/particlesystem/particleCommonFuncs.h,0,3,3
/media/ullmann/HDDGabriel/research/engines/panda3d/panda/src/mathutil/plane.cxx,4,1,5
/media/ullmann/HDDGabriel/research/engines/panda3d/panda/src/ode/odeJoint.I,0,1,1
/media/ullmann/HDDGabriel/research/engines/panda3d/panda/src/pnmimage/pnmBrush.cxx,4,1,5
/media/ullmann/HDDGabriel/research/engines/panda3d/panda/src/pgraph/geomNode.I,0,1,1
/media/ullmann/HDDGabriel/research/engines/panda3d/panda/src/tform/mouseSubregion.I,0,1,1
/media/ullmann/HDDGabriel/research/engines/panda3d/direct/src/dcparser/primeNumberGenerator.cxx,1,1,2
/media/ullmann/HDDGabriel/research/engines/panda3d/dtool/src/dtoolbase/dtoolsymbols.h,0,1,1
/media/ullmann/HDDGabriel/research/engines/panda3d/pandatool/src/maxegg/maxEgg.cxx,1,1,2
/media/ullmann/HDDGabriel/research/engines/panda3d/panda/src/gobj/geomVertexData.I,0,1,1
/media/ullmann/HDDGabriel/research/engines/panda3d/panda/src/putil/bitMask.I,0,1,1
/media/ullmann/HDDGabriel/research/engines/panda3d/pandatool/src/vrml/parse_vrml.h,2,1,3
/media/ullmann/HDDGabriel/research/engines/panda3d/panda/src/ode/odeConvexGeom.cxx,2,0,2
/media/ullmann/HDDGabriel/research/engines/panda3d/panda/src/putil/updateSeq.cxx,1,1,2
/media/ullmann/HDDGabriel/research/engines/panda3d/contrib/src/ai/meshNode.cxx,1,1,2
/media/ullmann/HDDGabriel/research/engines/panda3d/panda/src/pgui/pgItem.I,0,1,1
/media/ullmann/HDDGabriel/research/engines/panda3d/panda/src/display/graphicsPipe.I,0,1,1
/media/ullmann/HDDGabriel/research/engines/panda3d/panda/src/pipeline/pipelineCyclerLinks.h,4,2,6
/media/ullmann/HDDGabriel/research/engines/panda3d/panda/src/mathutil/omniBoundingVolume.I,0,1,1
/media/ullmann/HDDGabriel/research/engines/panda3d/panda/src/ode/odeAMotorJoint.cxx,2,1,3
/media/ullmann/HDDGabriel/research/engines/panda3d/panda/src/express/openSSLWrapper.I,0,1,1
/media/ullmann/HDDGabriel/research/engines/panda3d/panda/src/express/datagram.I,0,1,1
/media/ullmann/HDDGabriel/research/engines/panda3d/panda/src/pipeline/conditionVarDebug.cxx,3,1,4
/media/ullmann/HDDGabriel/research/engines/panda3d/panda/src/event/eventQueue.I,0,1,1
/media/ullmann/HDDGabriel/research/engines/panda3d/panda/src/pgraph/cacheStats.h,5,3,8
/media/ullmann/HDDGabriel/research/engines/panda3d/direct/src/dcparser/dcPackerInterface.I,0,1,1
/media/ullmann/HDDGabriel/research/engines/panda3d/panda/src/egg/eggCurve.h,3,5,8
/media/ullmann/HDDGabriel/research/engines/panda3d/panda/src/pipeline/test_diners.cxx,8,0,8
/media/ullmann/HDDGabriel/research/engines/panda3d/panda/src/grutil/p3grutil_composite2.cxx,7,0,7
/media/ullmann/HDDGabriel/research/engines/panda3d/panda/src/putil/doubleBitMask.cxx,2,1,3
/media/ullmann/HDDGabriel/research/engines/panda3d/panda/src/pgraph/cullableObject.I,0,1,1
/media/ullmann/HDDGabriel/research/engines/panda3d/panda/src/tinydisplay/tinyTextureContext.cxx,2,1,3
/media/ullmann/HDDGabriel/research/engines/panda3d/panda/src/putil/bamReaderParam.I,0,1,1
/media/ullmann/HDDGabriel/research/engines/panda3d/panda/metalibs/pandaode/pandaode.h,1,1,2
/media/ullmann/HDDGabriel/research/engines/panda3d/panda/src/gobj/vertexBufferContext.cxx,2,1,3
/media/ullmann/HDDGabriel/research/engines/panda3d/panda/src/linmath/flt2dblnames.h,1,1,2
/media/ullmann/HDDGabriel/research/engines/panda3d/direct/src/dcparser/dcPackData.I,0,1,1
/media/ullmann/HDDGabriel/research/engines/panda3d/panda/src/android/jni_NativeIStream.cxx,1,1,2
/media/ullmann/HDDGabriel/research/engines/panda3d/panda/src/egg/eggMorphList.I,0,1,1
/media/ullmann/HDDGabriel/research/engines/panda3d/dtool/src/parser-inc/utility,0,1,1
/media/ullmann/HDDGabriel/research/engines/panda3d/panda/src/egg/eggTransform.I,0,1,1
/media/ullmann/HDDGabriel/research/engines/panda3d/pandatool/src/lwo/config_lwo.h,0,2,2
/media/ullmann/HDDGabriel/research/engines/panda3d/panda/src/gobj/texturePeeker.I,0,1,1
/media/ullmann/HDDGabriel/research/engines/panda3d/pandatool/src/eggcharbase/eggJointPointer.cxx,1,1,2
/media/ullmann/HDDGabriel/research/engines/panda3d/dtool/src/parser-inc/sys/timeb.h,0,2,2
/media/ullmann/HDDGabriel/research/engines/panda3d/panda/src/mathutil/pta_LVecBase3_ext.h,2,0,2
/media/ullmann/HDDGabriel/research/engines/panda3d/panda/src/tinydisplay/ztriangle_code_1.h,1,1,2
/media/ullmann/HDDGabriel/research/engines/panda3d/panda/src/mathutil/triangulator3.cxx,2,1,3
/media/ullmann/HDDGabriel/research/engines/panda3d/panda/src/bullet/bulletBaseCharacterControllerNode.cxx,1,1,2
/media/ullmann/HDDGabriel/research/engines/panda3d/panda/src/express/pointerTo.cxx,1,1,2
/media/ullmann/HDDGabriel/research/engines/panda3d/panda/src/display/displayInformation.cxx,2,1,3
/media/ullmann/HDDGabriel/research/engines/panda3d/dtool/src/prc/streamWrapper.cxx,1,1,2
/media/ullmann/HDDGabriel/research/engines/panda3d/dtool/metalibs/dtoolconfig/pydtool.cxx,4,0,4
/media/ullmann/HDDGabriel/research/engines/panda3d/panda/src/pgraph/pandaNode.I,0,1,1
/media/ullmann/HDDGabriel/research/engines/panda3d/panda/src/egg/eggMorph.I,0,1,1
/media/ullmann/HDDGabriel/research/engines/panda3d/panda/src/androiddisplay/androidGraphicsStateGuardian.I,0,1,1
/media/ullmann/HDDGabriel/research/engines/panda3d/panda/src/putil/callbackObject.cxx,1,1,2
/media/ullmann/HDDGabriel/research/engines/panda3d/panda/src/physics/physicsManager.cxx,4,1,5
/media/ullmann/HDDGabriel/research/engines/panda3d/dtool/src/cppparser/cppTypeProxy.h,2,2,4
/media/ullmann/HDDGabriel/research/engines/panda3d/pandatool/src/vrml/vrmlNode.cxx,3,0,3
/media/ullmann/HDDGabriel/research/engines/panda3d/dtool/src/dtoolutil/lineStreamBuf.I,0,1,1
/media/ullmann/HDDGabriel/research/engines/panda3d/panda/src/char/characterJointBundle.I,0,1,1
/media/ullmann/HDDGabriel/research/engines/panda3d/panda/src/putil/datagramBuffer.cxx,1,1,2
/media/ullmann/HDDGabriel/research/engines/panda3d/panda/src/particlesystem/sphereSurfaceEmitter.I,0,1,1
/media/ullmann/HDDGabriel/research/engines/panda3d/panda/src/pnmtext/config_pnmtext.cxx,3,1,4
/media/ullmann/HDDGabriel/research/engines/panda3d/panda/src/glstuff/glVertexBufferContext_src.I,0,1,1
/media/ullmann/HDDGabriel/research/engines/panda3d/pandatool/src/dxfegg/dxfToEggConverter.cxx,3,0,3
/media/ullmann/HDDGabriel/research/engines/panda3d/dtool/src/cppparser/cppCommentBlock.cxx,1,1,2
/media/ullmann/HDDGabriel/research/engines/panda3d/panda/src/particlesystem/zSpinParticleFactory.h,2,2,4
/media/ullmann/HDDGabriel/research/engines/panda3d/dtool/src/interrogatedb/interrogateFunctionWrapper.I,0,1,1
/media/ullmann/HDDGabriel/research/engines/panda3d/panda/src/mathutil/pta_LVecBase4.cxx,1,1,2
/media/ullmann/HDDGabriel/research/engines/panda3d/panda/src/downloader/bioStream.I,0,1,1
/media/ullmann/HDDGabriel/research/engines/panda3d/panda/src/particlesystem/sphereSurfaceEmitter.cxx,1,1,2
/media/ullmann/HDDGabriel/research/engines/panda3d/panda/src/bullet/bulletBaseCharacterControllerNode.I,0,1,1
/media/ullmann/HDDGabriel/research/engines/panda3d/panda/src/egg/eggMesherEdge.cxx,2,1,3
/media/ullmann/HDDGabriel/research/engines/panda3d/dtool/src/parser-inc/iomanip,0,3,3
/media/ullmann/HDDGabriel/research/engines/panda3d/dtool/src/parser-inc/vrpn_Button.h,0,1,1
/media/ullmann/HDDGabriel/research/engines/panda3d/panda/src/pstatclient/pStatCollector.cxx,1,1,2
/media/ullmann/HDDGabriel/research/engines/panda3d/panda/src/bullet/bulletSoftBodyControl.cxx,1,1,2
/media/ullmann/HDDGabriel/research/engines/panda3d/panda/src/express/datagramSink.I,0,1,1
/media/ullmann/HDDGabriel/research/engines/panda3d/panda/src/movies/movieAudioCursor.cxx,1,1,2
/media/ullmann/HDDGabriel/research/engines/panda3d/panda/src/device/dialNode.I,0,1,1
/media/ullmann/HDDGabriel/research/engines/panda3d/pandatool/src/progbase/withOutputFile.h,3,1,4
/media/ullmann/HDDGabriel/research/engines/panda3d/direct/src/dcparser/dcTypedef.cxx,4,1,5
/media/ullmann/HDDGabriel/research/engines/panda3d/panda/src/device/evdevInputDevice.I,0,1,1
/media/ullmann/HDDGabriel/research/engines/panda3d/dtool/src/cppparser/cppMakeProperty.cxx,2,1,3
/media/ullmann/HDDGabriel/research/engines/panda3d/dtool/src/dtoolbase/atomicAdjustPosixImpl.I,0,1,1
/media/ullmann/HDDGabriel/research/engines/panda3d/panda/src/pgui/pgItemNotify.cxx,2,1,3
/media/ullmann/HDDGabriel/research/engines/panda3d/pandatool/src/lwo/lwoSurfaceColor.h,2,3,5
/media/ullmann/HDDGabriel/research/engines/panda3d/panda/src/mathutil/perlinNoise3.I,0,1,1
/media/ullmann/HDDGabriel/research/engines/panda3d/panda/src/net/connectionListener.h,2,4,6
/media/ullmann/HDDGabriel/research/engines/panda3d/panda/src/android/python_main.cxx,4,0,4
/media/ullmann/HDDGabriel/research/engines/panda3d/panda/src/mathutil/boundingVolume.I,0,1,1
/media/ullmann/HDDGabriel/research/engines/panda3d/panda/src/particlesystem/rectangleEmitter.cxx,1,1,2
/media/ullmann/HDDGabriel/research/engines/panda3d/panda/src/display/windowProperties.I,0,1,1
/media/ullmann/HDDGabriel/research/engines/panda3d/panda/src/downloader/multiplexStream.cxx,1,1,2
/media/ullmann/HDDGabriel/research/engines/panda3d/panda/src/dxgsg9/vertexElementArray.cxx,2,1,3
/media/ullmann/HDDGabriel/research/engines/panda3d/panda/src/pipeline/contextSwitch_posix_src.c,2,1,3
/media/ullmann/HDDGabriel/research/engines/panda3d/panda/src/express/nodeReferenceCount.I,0,1,1
/media/ullmann/HDDGabriel/research/engines/panda3d/panda/src/pstatclient/pStatClientImpl.I,0,1,1
/media/ullmann/HDDGabriel/research/engines/panda3d/pandatool/src/flt/fltTransformRotateScale.h,1,3,4
/media/ullmann/HDDGabriel/research/engines/panda3d/panda/src/tinydisplay/srgb_tables.cxx,0,1,1
/media/ullmann/HDDGabriel/research/engines/panda3d/panda/src/linmath/lvector2_src.h,1,1,2
/media/ullmann/HDDGabriel/research/engines/panda3d/panda/src/linmath/lvector2_src.I,0,1,1
/media/ullmann/HDDGabriel/research/engines/panda3d/panda/src/glxdisplay/glxGraphicsStateGuardian.I,0,1,1
/media/ullmann/HDDGabriel/research/engines/panda3d/dtool/src/interrogatedb/dtool_super_base.cxx,1,0,1
/media/ullmann/HDDGabriel/research/engines/panda3d/panda/src/linmath/lvector3_src.h,1,1,2
/media/ullmann/HDDGabriel/research/engines/panda3d/panda/src/display/graphicsThreadingModel.I,0,1,1
/media/ullmann/HDDGabriel/research/engines/panda3d/contrib/src/rplight/internalLightManager.I,0,1,1
/media/ullmann/HDDGabriel/research/engines/panda3d/panda/src/putil/simpleHashMap.I,0,1,1
/media/ullmann/HDDGabriel/research/engines/panda3d/panda/src/bullet/bulletFilterCallbackData.h,6,3,9
/media/ullmann/HDDGabriel/research/engines/panda3d/panda/src/chan/partBundle.I,0,1,1
/media/ullmann/HDDGabriel/research/engines/panda3d/panda/src/nativenet/buffered_datagramconnection.cxx,1,1,2
/media/ullmann/HDDGabriel/research/engines/panda3d/panda/src/gobj/paramTexture.I,0,1,1
/media/ullmann/HDDGabriel/research/engines/panda3d/panda/src/putil/datagramOutputFile.cxx,4,1,5
/media/ullmann/HDDGabriel/research/engines/panda3d/panda/src/pnmtext/pnmTextMaker.I,0,1,1
/media/ullmann/HDDGabriel/research/engines/panda3d/panda/src/linmath/lvec2_ops_src.I,0,1,1
/media/ullmann/HDDGabriel/research/engines/panda3d/panda/src/putil/paramPyObject.I,0,1,1
/media/ullmann/HDDGabriel/research/engines/panda3d/panda/src/pgui/pgScrollFrame.cxx,1,1,2
/media/ullmann/HDDGabriel/research/engines/panda3d/panda/src/gobj/textureCollection_ext.h,4,1,5
/media/ullmann/HDDGabriel/research/engines/panda3d/panda/src/egg/eggTransform.cxx,1,1,2
/media/ullmann/HDDGabriel/research/engines/panda3d/panda/src/express/virtualFileSystem.I,0,1,1
/media/ullmann/HDDGabriel/research/engines/panda3d/panda/src/linmath/cast_to_float.h,2,0,2
/media/ullmann/HDDGabriel/research/engines/panda3d/panda/src/vrpn/vrpnButtonDevice.I,0,1,1
/media/ullmann/HDDGabriel/research/engines/panda3d/pandatool/src/eggcharbase/eggCharacterCollection.I,0,1,1
/media/ullmann/HDDGabriel/research/engines/panda3d/dtool/src/cppparser/cppTypeDeclaration.h,2,5,7
/media/ullmann/HDDGabriel/research/engines/panda3d/pandatool/src/egg-qtess/qtessInputFile.cxx,3,1,4
/media/ullmann/HDDGabriel/research/engines/panda3d/contrib/src/contribbase/contribbase.cxx,1,0,1
/media/ullmann/HDDGabriel/research/engines/panda3d/contrib/src/contribbase/contribbase.h,2,1,3
/media/ullmann/HDDGabriel/research/engines/panda3d/panda/src/glgsg/p3glgsg_composite1.cxx,2,0,2
/media/ullmann/HDDGabriel/research/engines/panda3d/panda/src/particlesystem/baseParticleRenderer.I,0,1,1
/media/ullmann/HDDGabriel/research/engines/panda3d/pandatool/src/lwo/lwoBoundingBox.cxx,4,1,5
/media/ullmann/HDDGabriel/research/engines/panda3d/panda/src/pgui/pgButtonNotify.h,3,3,6
/media/ullmann/HDDGabriel/research/engines/panda3d/panda/src/pgraph/nodePathComponent.I,0,1,1
/media/ullmann/HDDGabriel/research/engines/panda3d/panda/src/gobj/simpleAllocator.I,0,1,1
/media/ullmann/HDDGabriel/research/engines/panda3d/panda/src/linmath/lvecBase4_ext_src.h,1,1,2
/media/ullmann/HDDGabriel/research/engines/panda3d/panda/src/distort/cylindricalLens.cxx,2,1,3
/media/ullmann/HDDGabriel/research/engines/panda3d/panda/src/net/queuedConnectionManager.cxx,2,1,3
/media/ullmann/HDDGabriel/research/engines/panda3d/dtool/src/prc/configVariableFilename.I,0,1,1
/media/ullmann/HDDGabriel/research/engines/panda3d/pandatool/src/flt/fltFace.h,2,3,5
/media/ullmann/HDDGabriel/research/engines/panda3d/pandatool/src/flt/fltFace.I,0,1,1
/media/ullmann/HDDGabriel/research/engines/panda3d/panda/src/pipeline/contextSwitch_windows_src.c,2,1,3
/media/ullmann/HDDGabriel/research/engines/panda3d/panda/src/bullet/bulletHingeConstraint.I,0,1,1
/media/ullmann/HDDGabriel/research/engines/panda3d/panda/src/mathutil/pta_LVecBase4_ext.h,2,0,2
/media/ullmann/HDDGabriel/research/engines/panda3d/panda/src/putil/datagramInputFile.I,0,1,1
/media/ullmann/HDDGabriel/research/engines/panda3d/panda/src/egldisplay/eglGraphicsWindow.I,0,1,1
/media/ullmann/HDDGabriel/research/engines/panda3d/panda/src/putil/load_prc_file.h,2,3,5
/media/ullmann/HDDGabriel/research/engines/panda3d/panda/src/pgraph/nodePathCollection_ext.cxx,1,1,2
/media/ullmann/HDDGabriel/research/engines/panda3d/panda/metalibs/pandafx/pandafx.h,1,1,2
/media/ullmann/HDDGabriel/research/engines/panda3d/panda/src/pstatclient/pStatClientVersion.I,0,1,1
/media/ullmann/HDDGabriel/research/engines/panda3d/panda/src/tinydisplay/tinyGraphicsStateGuardian.I,0,1,1
/media/ullmann/HDDGabriel/research/engines/panda3d/panda/src/physics/angularVectorForce.h,2,3,5
/media/ullmann/HDDGabriel/research/engines/panda3d/panda/src/particlesystem/zSpinParticle.cxx,2,1,3
/media/ullmann/HDDGabriel/research/engines/panda3d/panda/src/movies/userDataAudio.cxx,2,1,3
/media/ullmann/HDDGabriel/research/engines/panda3d/dtool/src/interrogate/parameterRemapConcreteToPointer.h,2,2,4
/media/ullmann/HDDGabriel/research/engines/panda3d/panda/src/egg/eggUtilities.cxx,5,1,6
/media/ullmann/HDDGabriel/research/engines/panda3d/panda/src/pgraph/shadeModelAttrib.I,0,1,1
/media/ullmann/HDDGabriel/research/engines/panda3d/panda/src/linmath/lvecBase4_src.cxx,0,1,1
/media/ullmann/HDDGabriel/research/engines/panda3d/panda/src/glstuff/glGraphicsBuffer_src.h,3,1,4
/media/ullmann/HDDGabriel/research/engines/panda3d/panda/src/display/windowHandle.I,0,1,1
/media/ullmann/HDDGabriel/research/engines/panda3d/direct/src/dcparser/hashGenerator.cxx,2,1,3
/media/ullmann/HDDGabriel/research/engines/panda3d/panda/src/pipeline/threadPosixImpl.I,0,1,1
/media/ullmann/HDDGabriel/research/engines/panda3d/direct/src/dcparser/dcDeclaration.h,1,5,6
/media/ullmann/HDDGabriel/research/engines/panda3d/pandatool/src/pandatoolbase/pathStore.cxx,3,1,4
/media/ullmann/HDDGabriel/research/engines/panda3d/dtool/src/dtoolutil/globPattern.cxx,3,1,4
/media/ullmann/HDDGabriel/research/engines/panda3d/panda/src/movies/movieVideo.I,0,1,1
/media/ullmann/HDDGabriel/research/engines/panda3d/dtool/src/interrogatedb/interrogateManifest.h,3,3,6
/media/ullmann/HDDGabriel/research/engines/panda3d/panda/src/pgraph/transformState.I,0,1,1
/media/ullmann/HDDGabriel/research/engines/panda3d/panda/src/pgraph/modelPool.I,0,1,1
/media/ullmann/HDDGabriel/research/engines/panda3d/direct/src/directdServer/directdServer.cxx,1,0,1
/media/ullmann/HDDGabriel/research/engines/panda3d/dtool/src/prc/configVariableEnum.I,0,1,1
/media/ullmann/HDDGabriel/research/engines/panda3d/pandatool/src/eggprogs/eggListTextures.h,0,1,1
/media/ullmann/HDDGabriel/research/engines/panda3d/panda/src/egldisplay/eglGraphicsStateGuardian.I,0,1,1
/media/ullmann/HDDGabriel/research/engines/panda3d/direct/src/interval/cConstrainHprInterval.I,0,1,1
/media/ullmann/HDDGabriel/research/engines/panda3d/panda/src/display/displayRegionCullCallbackData.I,0,1,1
/media/ullmann/HDDGabriel/research/engines/panda3d/panda/src/egg/eggGroupUniquifier.cxx,4,1,5
/media/ullmann/HDDGabriel/research/engines/panda3d/panda/src/pipeline/reMutexHolder.I,0,1,1
/media/ullmann/HDDGabriel/research/engines/panda3d/panda/src/pnmimage/pfmFile_ext.cxx,1,0,1
/media/ullmann/HDDGabriel/research/engines/panda3d/pandatool/src/xfile/xFileParseData.cxx,2,1,3
/media/ullmann/HDDGabriel/research/engines/panda3d/panda/src/ode/odeHashSpace.I,0,1,1
/media/ullmann/HDDGabriel/research/engines/panda3d/panda/src/gobj/vertexBufferContext.I,0,1,1
/media/ullmann/HDDGabriel/research/engines/panda3d/contrib/src/speedtree/speedTreeNode.I,0,1,1
/media/ullmann/HDDGabriel/research/engines/panda3d/pandatool/src/maya/maya_funcs.I,0,1,1
/media/ullmann/HDDGabriel/research/engines/panda3d/panda/metalibs/pandabullet/pandabullet.cxx,2,0,2
/media/ullmann/HDDGabriel/research/engines/panda3d/panda/src/pipeline/reMutexHolder.cxx,1,1,2
/media/ullmann/HDDGabriel/research/engines/panda3d/panda/src/recorder/recorderTable.I,0,1,1
/media/ullmann/HDDGabriel/research/engines/panda3d/direct/src/interval/cConstrainTransformInterval.cxx,3,1,4
/media/ullmann/HDDGabriel/research/engines/panda3d/panda/src/pipeline/mainThread.cxx,1,1,2
/media/ullmann/HDDGabriel/research/engines/panda3d/panda/src/pgraph/modelLoadRequest.I,0,1,1
/media/ullmann/HDDGabriel/research/engines/panda3d/panda/src/egg/eggTriangleFan.I,0,1,1
/media/ullmann/HDDGabriel/research/engines/panda3d/panda/src/dxgsg9/dxGraphicsDevice9.cxx,2,1,3
/media/ullmann/HDDGabriel/research/engines/panda3d/panda/src/mathutil/look_at_src.h,1,1,2
/media/ullmann/HDDGabriel/research/engines/panda3d/panda/src/mathutil/look_at_src.I,0,1,1
/media/ullmann/HDDGabriel/research/engines/panda3d/panda/src/dgraph/p3dgraph_composite2.cxx,2,0,2
/media/ullmann/HDDGabriel/research/engines/panda3d/panda/src/nativenet/socket_ip.cxx,1,1,2
/media/ullmann/HDDGabriel/research/engines/panda3d/panda/src/pipeline/conditionVarSpinlockImpl.I,0,1,1
/media/ullmann/HDDGabriel/research/engines/panda3d/panda/src/gobj/simpleLru.I,0,1,1
/media/ullmann/HDDGabriel/research/engines/panda3d/panda/src/linmath/lpoint2_src.cxx,0,1,1
/media/ullmann/HDDGabriel/research/engines/panda3d/panda/src/gobj/vertexDataBook.I,0,1,1
/media/ullmann/HDDGabriel/research/engines/panda3d/panda/src/egg/eggCoordinateSystem_ext.cxx,1,1,2
/media/ullmann/HDDGabriel/research/engines/panda3d/panda/src/ode/odePlane2dJoint.I,0,1,1
/media/ullmann/HDDGabriel/research/engines/panda3d/direct/src/deadrec/config_deadrec.h,2,2,4
/media/ullmann/HDDGabriel/research/engines/panda3d/panda/src/tinydisplay/tinyGraphicsBuffer.I,0,1,1
/media/ullmann/HDDGabriel/research/engines/panda3d/panda/src/iphone/config_iphone.h,4,0,4
/media/ullmann/HDDGabriel/research/engines/panda3d/panda/src/downloader/decompressor.I,0,1,1
/media/ullmann/HDDGabriel/research/engines/panda3d/dtool/src/prc/prcKeyRegistry.I,0,1,1
/media/ullmann/HDDGabriel/research/engines/panda3d/panda/src/egg/eggNode.I,0,1,1
/media/ullmann/HDDGabriel/research/engines/panda3d/direct/src/dcparser/dcPackerCatalog.cxx,4,1,5
/media/ullmann/HDDGabriel/research/engines/panda3d/panda/src/gobj/textureCollection.cxx,2,1,3
/media/ullmann/HDDGabriel/research/engines/panda3d/pandatool/src/dxf/dxfLayer.h,1,2,3
/media/ullmann/HDDGabriel/research/engines/panda3d/panda/src/grutil/rigidBodyCombiner.I,0,1,1
/media/ullmann/HDDGabriel/research/engines/panda3d/pandatool/src/lwo/lwoPolygonTags.h,1,3,4
/media/ullmann/HDDGabriel/research/engines/panda3d/panda/src/bullet/bulletHeightfieldShape.I,0,1,1
/media/ullmann/HDDGabriel/research/engines/panda3d/panda/src/pnmimage/pnmPainter.I,0,1,1
/media/ullmann/HDDGabriel/research/engines/panda3d/direct/src/interval/showInterval.I,0,1,1
/media/ullmann/HDDGabriel/research/engines/panda3d/pandatool/src/xfile/xFileDataObjectInteger.I,0,1,1
/media/ullmann/HDDGabriel/research/engines/panda3d/dtool/src/test_interrogate/test_lib.cxx,2,0,2
/media/ullmann/HDDGabriel/research/engines/panda3d/dtool/src/test_interrogate/test_lib.h,0,1,1
/media/ullmann/HDDGabriel/research/engines/panda3d/panda/src/ode/odeBody_ext.I,0,1,1
/media/ullmann/HDDGabriel/research/engines/panda3d/panda/src/tinydisplay/tinyGeomMunger.cxx,2,1,3
/media/ullmann/HDDGabriel/research/engines/panda3d/contrib/src/ai/flee.h,2,4,6
/media/ullmann/HDDGabriel/research/engines/panda3d/panda/src/pipeline/lightMutex.cxx,1,0,1
/media/ullmann/HDDGabriel/research/engines/panda3d/panda/metalibs/pandaode/pandaode.cxx,2,0,2
/media/ullmann/HDDGabriel/research/engines/panda3d/panda/src/pipeline/reMutex.I,0,1,1
/media/ullmann/HDDGabriel/research/engines/panda3d/contrib/src/ai/flee.cxx,1,1,2
/media/ullmann/HDDGabriel/research/engines/panda3d/panda/src/text/textNode.I,0,1,1
/media/ullmann/HDDGabriel/research/engines/panda3d/panda/src/display/subprocessWindow.I,0,1,1
/media/ullmann/HDDGabriel/research/engines/panda3d/dtool/src/dtoolutil/panda_getopt_long.h,1,4,5
/media/ullmann/HDDGabriel/research/engines/panda3d/pandatool/src/egg-qtess/qtessInputFile.I,0,1,1
/media/ullmann/HDDGabriel/research/engines/panda3d/panda/src/bullet/bulletContactResult.cxx,1,1,2
/media/ullmann/HDDGabriel/research/engines/panda3d/panda/src/gobj/texturePeeker.cxx,1,1,2
/media/ullmann/HDDGabriel/research/engines/panda3d/panda/src/tinydisplay/ztriangle_table.h,0,6,6
/media/ullmann/HDDGabriel/research/engines/panda3d/panda/src/pipeline/reMutex_ext.I,0,1,1
/media/ullmann/HDDGabriel/research/engines/panda3d/contrib/src/rplight/shadowAtlas.cxx,2,1,3
/media/ullmann/HDDGabriel/research/engines/panda3d/dtool/src/dtoolbase/pallocator.T,0,1,1
/media/ullmann/HDDGabriel/research/engines/panda3d/panda/src/ode/odeSurfaceParameters.I,0,1,1
/media/ullmann/HDDGabriel/research/engines/panda3d/dtool/src/prc/configVariableInt.I,0,1,1
/media/ullmann/HDDGabriel/research/engines/panda3d/panda/src/gobj/transformBlend.cxx,4,1,5
/media/ullmann/HDDGabriel/research/engines/panda3d/panda/src/movies/vorbisAudioCursor.I,0,1,1
/media/ullmann/HDDGabriel/research/engines/panda3d/direct/src/interval/showInterval.cxx,1,1,2
/media/ullmann/HDDGabriel/research/engines/panda3d/panda/src/tform/mouseWatcher.I,0,1,1
/media/ullmann/HDDGabriel/research/engines/panda3d/panda/src/display/graphicsWindowProcCallbackData.I,0,1,1
/media/ullmann/HDDGabriel/research/engines/panda3d/direct/src/interval/cLerpInterval.I,0,1,1
/media/ullmann/HDDGabriel/research/engines/panda3d/pandatool/src/objegg/eggToObjConverter.h,2,1,3
/media/ullmann/HDDGabriel/research/engines/panda3d/panda/src/putil/vector_typedWritable.h,3,2,5
/media/ullmann/HDDGabriel/research/engines/panda3d/panda/src/ode/odeWorld.I,0,1,1
/media/ullmann/HDDGabriel/research/engines/panda3d/panda/src/linmath/lmatrix3_ext_src.h,1,1,2
/media/ullmann/HDDGabriel/research/engines/panda3d/panda/src/linmath/lmatrix3_ext_src.I,0,1,1
/media/ullmann/HDDGabriel/research/engines/panda3d/panda/src/downloader/identityStreamBuf.cxx,2,1,3
/media/ullmann/HDDGabriel/research/engines/panda3d/pandatool/src/mayaprogs/eggToMayaBin.cxx,1,0,1
/media/ullmann/HDDGabriel/research/engines/panda3d/panda/src/putil/firstOfPairLess.h,2,0,2
/media/ullmann/HDDGabriel/research/engines/panda3d/panda/src/putil/firstOfPairLess.I,0,1,1
/media/ullmann/HDDGabriel/research/engines/panda3d/pandatool/src/mayaegg/config_mayaegg.cxx,6,1,7
/media/ullmann/HDDGabriel/research/engines/panda3d/panda/src/physics/linearCylinderVortexForce.h,2,2,4
/media/ullmann/HDDGabriel/research/engines/panda3d/panda/src/linmath/mathNumbers.cxx,2,1,3
/media/ullmann/HDDGabriel/research/engines/panda3d/panda/src/gobj/geomVertexReader.I,0,1,1
/media/ullmann/HDDGabriel/research/engines/panda3d/pandatool/src/pandatoolbase/animationConvert.h,1,1,2
/media/ullmann/HDDGabriel/research/engines/panda3d/panda/src/pgui/pgMouseWatcherRegion.cxx,3,1,4
/media/ullmann/HDDGabriel/research/engines/panda3d/panda/src/pipeline/cycleDataStageReader.cxx,1,1,2
/media/ullmann/HDDGabriel/research/engines/panda3d/dtool/src/prc/streamReader.I,0,1,1
/media/ullmann/HDDGabriel/research/engines/panda3d/panda/src/gobj/textureStagePool.I,0,1,1
/media/ullmann/HDDGabriel/research/engines/panda3d/panda/src/gobj/textureStage.cxx,4,1,5
/media/ullmann/HDDGabriel/research/engines/panda3d/panda/src/pipeline/mutexSimpleImpl.I,0,1,1
/media/ullmann/HDDGabriel/research/engines/panda3d/panda/src/vrpn/vrpnAnalog.h,4,2,6
/media/ullmann/HDDGabriel/research/engines/panda3d/panda/src/gobj/simpleLru.cxx,2,1,3
/media/ullmann/HDDGabriel/research/engines/panda3d/panda/src/particlesystem/orientedParticleFactory.I,0,1,1
/media/ullmann/HDDGabriel/research/engines/panda3d/pandatool/src/dxf/p3dxf_composite1.cxx,4,0,4
/media/ullmann/HDDGabriel/research/engines/panda3d/pandatool/src/dxf/dxfVertex.cxx,1,1,2
/media/ullmann/HDDGabriel/research/engines/panda3d/panda/src/mathutil/boundingSphere.I,0,1,1
/media/ullmann/HDDGabriel/research/engines/panda3d/panda/src/pgraph/renderModeAttrib.I,0,1,1
/media/ullmann/HDDGabriel/research/engines/panda3d/panda/src/pipeline/contextSwitch_ucontext_src.c,1,1,2
/media/ullmann/HDDGabriel/research/engines/panda3d/panda/src/putil/copyOnWriteObject.I,0,1,1
/media/ullmann/HDDGabriel/research/engines/panda3d/panda/src/bullet/bulletClosestHitSweepResult.cxx,1,1,2
/media/ullmann/HDDGabriel/research/engines/panda3d/panda/src/parametrics/nurbsSurfaceEvaluator.I,0,1,1
/media/ullmann/HDDGabriel/research/engines/panda3d/panda/src/event/eventReceiver.cxx,1,1,2
/media/ullmann/HDDGabriel/research/engines/panda3d/panda/src/event/eventReceiver.h,2,1,3
/media/ullmann/HDDGabriel/research/engines/panda3d/panda/src/mathutil/mersenne.cxx,2,1,3
/media/ullmann/HDDGabriel/research/engines/panda3d/panda/src/bullet/bulletCharacterControllerNode.I,0,1,1
/media/ullmann/HDDGabriel/research/engines/panda3d/panda/src/parametrics/nurbsCurveEvaluator.cxx,1,1,2
/media/ullmann/HDDGabriel/research/engines/panda3d/panda/src/vision/webcamVideo.cxx,3,1,4
/media/ullmann/HDDGabriel/research/engines/panda3d/panda/src/putil/indirectCompareNames.I,0,1,1
/media/ullmann/HDDGabriel/research/engines/panda3d/panda/src/pipeline/threadWin32Impl.I,0,1,1
/media/ullmann/HDDGabriel/research/engines/panda3d/panda/src/glstuff/glGraphicsBuffer_src.cxx,1,1,2
/media/ullmann/HDDGabriel/research/engines/panda3d/panda/src/grutil/nodeVertexTransform.cxx,1,1,2
/media/ullmann/HDDGabriel/research/engines/panda3d/direct/src/interval/cLerpNodePathInterval.I,0,1,1
/media/ullmann/HDDGabriel/research/engines/panda3d/panda/src/physics/physicsObjectCollection.I,0,1,1
/media/ullmann/HDDGabriel/research/engines/panda3d/panda/src/vrpn/vrpnButton.I,0,1,1
/media/ullmann/HDDGabriel/research/engines/panda3d/panda/src/cull/cullBinBackToFront.I,0,1,1
/media/ullmann/HDDGabriel/research/engines/panda3d/panda/src/putil/clockObject.I,0,1,1
/media/ullmann/HDDGabriel/research/engines/panda3d/panda/src/downloader/httpClient.I,0,1,1
/media/ullmann/HDDGabriel/research/engines/panda3d/pandatool/src/eggbase/eggMultiFilter.cxx,3,1,4
/media/ullmann/HDDGabriel/research/engines/panda3d/panda/src/egg/eggTriangleStrip.I,0,1,1
/media/ullmann/HDDGabriel/research/engines/panda3d/dtool/src/dtoolutil/executionEnvironment.I,0,1,1
/media/ullmann/HDDGabriel/research/engines/panda3d/dtool/src/dtoolbase/atomicAdjustWin32Impl.h,5,2,7
/media/ullmann/HDDGabriel/research/engines/panda3d/panda/src/pipeline/blockerSimple.I,0,1,1
/media/ullmann/HDDGabriel/research/engines/panda3d/dtool/src/dtoolbase/register_type.I,0,1,1
/media/ullmann/HDDGabriel/research/engines/panda3d/panda/src/gobj/animateVerticesRequest.h,5,2,7
/media/ullmann/HDDGabriel/research/engines/panda3d/panda/src/pgraph/stateMunger.cxx,1,1,2
/media/ullmann/HDDGabriel/research/engines/panda3d/panda/src/pnmimage/pnmWriter.cxx,2,1,3
/media/ullmann/HDDGabriel/research/engines/panda3d/contrib/src/rplight/shadowManager.I,0,1,1
/media/ullmann/HDDGabriel/research/engines/panda3d/panda/src/express/virtualFileSystem_ext.cxx,2,1,3
/media/ullmann/HDDGabriel/research/engines/panda3d/dtool/src/cppparser/cppVisibility.cxx,1,1,2
/media/ullmann/HDDGabriel/research/engines/panda3d/panda/src/gobj/geomVertexAnimationSpec.I,0,1,1
/media/ullmann/HDDGabriel/research/engines/panda3d/panda/src/particlesystem/ringEmitter.I,0,1,1
/media/ullmann/HDDGabriel/research/engines/panda3d/panda/src/pgraphnodes/directionalLight.I,0,1,1
/media/ullmann/HDDGabriel/research/engines/panda3d/panda/src/vision/openCVTexture.I,0,1,1
/media/ullmann/HDDGabriel/research/engines/panda3d/pandatool/src/eggbase/eggMultiFilter.h,1,1,2
/media/ullmann/HDDGabriel/research/engines/panda3d/panda/src/text/staticTextFont.I,0,1,1
/media/ullmann/HDDGabriel/research/engines/panda3d/panda/src/bullet/bulletCylinderShape.cxx,2,1,3
/media/ullmann/HDDGabriel/research/engines/panda3d/pandatool/src/dxf/dxfVertex.h,2,2,4
/media/ullmann/HDDGabriel/research/engines/panda3d/dtool/src/dtoolbase/mutexWin32Impl.I,0,1,1
/media/ullmann/HDDGabriel/research/engines/panda3d/panda/src/express/ordered_vector.T,0,1,1
/media/ullmann/HDDGabriel/research/engines/panda3d/panda/src/pgraph/nodePath.I,0,1,1
/media/ullmann/HDDGabriel/research/engines/panda3d/pandatool/src/imageprogs/imageTransformColors.h,4,1,5
/media/ullmann/HDDGabriel/research/engines/panda3d/panda/src/display/displayRegionDrawCallbackData.I,0,1,1
/media/ullmann/HDDGabriel/research/engines/panda3d/panda/src/movies/vorbisAudio.h,3,3,6
/media/ullmann/HDDGabriel/research/engines/panda3d/panda/src/collide/collisionLevelStateBase.I,0,1,1
/media/ullmann/HDDGabriel/research/engines/panda3d/panda/src/gobj/geomVertexWriter.I,0,1,1
/media/ullmann/HDDGabriel/research/engines/panda3d/panda/src/putil/updateSeq.I,0,1,1
/media/ullmann/HDDGabriel/research/engines/panda3d/panda/src/mathutil/intersectionBoundingVolume.I,0,1,1
/media/ullmann/HDDGabriel/research/engines/panda3d/pandatool/src/imageprogs/imageTrans.h,0,1,1
/media/ullmann/HDDGabriel/research/engines/panda3d/panda/src/collide/collisionHandlerFluidPusher.I,0,1,1
/media/ullmann/HDDGabriel/research/engines/panda3d/panda/src/ode/odeHinge2Joint.I,0,1,1
/media/ullmann/HDDGabriel/research/engines/panda3d/panda/src/movies/inkblotVideo.I,0,1,1
/media/ullmann/HDDGabriel/research/engines/panda3d/panda/src/mathutil/parabola_src.cxx,0,1,1
/media/ullmann/HDDGabriel/research/engines/panda3d/panda/src/pipeline/conditionVar.I,0,1,1
/media/ullmann/HDDGabriel/research/engines/panda3d/dtool/src/prc/configFlags.I,0,1,1
/media/ullmann/HDDGabriel/research/engines/panda3d/panda/src/pipeline/reMutexSpinlockImpl.cxx,3,1,4
/media/ullmann/HDDGabriel/research/engines/panda3d/panda/src/gobj/geomVertexRewriter.I,0,1,1
/media/ullmann/HDDGabriel/research/engines/panda3d/panda/src/cocoadisplay/cocoaGraphicsBuffer.h,3,0,3
/media/ullmann/HDDGabriel/research/engines/panda3d/panda/src/cocoadisplay/cocoaGraphicsBuffer.I,0,1,1
/media/ullmann/HDDGabriel/research/engines/panda3d/dtool/src/parser-inc/vrpn_Configure.h,0,1,1
/media/ullmann/HDDGabriel/research/engines/panda3d/panda/src/gobj/animateVerticesRequest.cxx,2,1,3
/media/ullmann/HDDGabriel/research/engines/panda3d/pandatool/src/objegg/config_objegg.h,1,3,4
/media/ullmann/HDDGabriel/research/engines/panda3d/pandatool/src/mayaegg/mayaEggGroupUserData.h,2,4,6
/media/ullmann/HDDGabriel/research/engines/panda3d/panda/src/mathutil/boundingHexahedron.cxx,7,1,8
/media/ullmann/HDDGabriel/research/engines/panda3d/contrib/src/rplight/rpSpotLight.cxx,2,1,3
/media/ullmann/HDDGabriel/research/engines/panda3d/pandatool/src/eggbase/eggReader.h,2,2,4
/media/ullmann/HDDGabriel/research/engines/panda3d/panda/src/char/characterVertexSlider.cxx,5,1,6
/media/ullmann/HDDGabriel/research/engines/panda3d/panda/src/particlesystem/discEmitter.I,0,1,1
/media/ullmann/HDDGabriel/research/engines/panda3d/pandatool/src/pstatserver/pStatMonitor.I,0,1,1
/media/ullmann/HDDGabriel/research/engines/panda3d/panda/src/pstatclient/pStatClientVersion.cxx,2,1,3
/media/ullmann/HDDGabriel/research/engines/panda3d/panda/src/grutil/frameRateMeter.I,0,1,1
/media/ullmann/HDDGabriel/research/engines/panda3d/dtool/src/dtoolutil/vector_int.cxx,2,1,3
/media/ullmann/HDDGabriel/research/engines/panda3d/panda/src/grutil/sceneGraphAnalyzerMeter.I,0,1,1
/media/ullmann/HDDGabriel/research/engines/panda3d/panda/src/ode/odeContact.cxx,2,1,3
/media/ullmann/HDDGabriel/research/engines/panda3d/panda/src/net/netDatagram.cxx,1,1,2
/media/ullmann/HDDGabriel/research/engines/panda3d/dtool/src/interrogatedb/interrogateDatabase.I,0,1,1
/media/ullmann/HDDGabriel/research/engines/panda3d/dtool/src/interrogatedb/interrogateMakeSeq.I,0,1,1
/media/ullmann/HDDGabriel/research/engines/panda3d/panda/src/linmath/lpoint2_ext_src.h,1,1,2
/media/ullmann/HDDGabriel/research/engines/panda3d/panda/src/doc/sampleClass.cxx,1,0,1
/media/ullmann/HDDGabriel/research/engines/panda3d/panda/src/bullet/bulletTranslationalLimitMotor.I,0,1,1
/media/ullmann/HDDGabriel/research/engines/panda3d/panda/src/nativenet/socket_tcp.cxx,1,1,2
/media/ullmann/HDDGabriel/research/engines/panda3d/panda/src/ode/odeCollisionEntry.cxx,1,1,2
/media/ullmann/HDDGabriel/research/engines/panda3d/panda/src/net/netDatagram.I,0,1,1
/media/ullmann/HDDGabriel/research/engines/panda3d/dtool/src/dtoolutil/string_utils.I,0,1,1
/media/ullmann/HDDGabriel/research/engines/panda3d/panda/src/gobj/shader.I,0,1,1
/media/ullmann/HDDGabriel/research/engines/panda3d/panda/src/tinydisplay/ztriangle_table.cxx,3,0,3
/media/ullmann/HDDGabriel/research/engines/panda3d/panda/src/downloader/httpDate.cxx,2,1,3
/media/ullmann/HDDGabriel/research/engines/panda3d/panda/src/dgraph/p3dgraph_composite1.cxx,2,0,2
/media/ullmann/HDDGabriel/research/engines/panda3d/direct/src/dcparser/dcPackerCatalog.I,0,1,1
/media/ullmann/HDDGabriel/research/engines/panda3d/panda/src/express/fileReference.cxx,1,1,2
/media/ullmann/HDDGabriel/research/engines/panda3d/pandatool/src/daeegg/p3daeegg_composite1.cxx,4,0,4
/media/ullmann/HDDGabriel/research/engines/panda3d/contrib/src/ai/aiCharacter.cxx,1,1,2
/media/ullmann/HDDGabriel/research/engines/panda3d/direct/src/dcparser/dcPacker_ext.cxx,4,1,5
/media/ullmann/HDDGabriel/research/engines/panda3d/panda/src/pgraph/lensNode.I,0,1,1
/media/ullmann/HDDGabriel/research/engines/panda3d/panda/src/tinydisplay/vertex.cxx,2,1,3
/media/ullmann/HDDGabriel/research/engines/panda3d/panda/src/mathutil/perlinNoise.I,0,1,1
/media/ullmann/HDDGabriel/research/engines/panda3d/panda/src/mathutil/plane_src.cxx,0,1,1
/media/ullmann/HDDGabriel/research/engines/panda3d/pandatool/src/maxegg/maxNodeTree.cxx,1,1,2
/media/ullmann/HDDGabriel/research/engines/panda3d/panda/src/glxdisplay/glxGraphicsBuffer.I,0,1,1
/media/ullmann/HDDGabriel/research/engines/panda3d/panda/src/collide/collisionPolygon.I,0,1,1
/media/ullmann/HDDGabriel/research/engines/panda3d/contrib/src/speedtree/speedtree_api.cxx,1,1,2
/media/ullmann/HDDGabriel/research/engines/panda3d/panda/src/putil/writableParam.cxx,1,1,2
/media/ullmann/HDDGabriel/research/engines/panda3d/panda/src/pgraph/depthTestAttrib.I,0,1,1
/media/ullmann/HDDGabriel/research/engines/panda3d/panda/src/event/genericAsyncTask.I,0,1,1
/media/ullmann/HDDGabriel/research/engines/panda3d/panda/src/pgraph/modelSaveRequest.cxx,3,1,4
/media/ullmann/HDDGabriel/research/engines/panda3d/panda/src/text/textGlyph.I,0,1,1
/media/ullmann/HDDGabriel/research/engines/panda3d/dtool/src/dtoolbase/mutexWin32Impl.cxx,2,1,3
/media/ullmann/HDDGabriel/research/engines/panda3d/panda/src/collide/collisionHandlerHighestEvent.cxx,4,1,5
/media/ullmann/HDDGabriel/research/engines/panda3d/panda/src/dxgsg9/wdxGraphicsPipe9.I,0,1,1
/media/ullmann/HDDGabriel/research/engines/panda3d/dtool/src/parser-inc/mathematics.h,1,0,1
/media/ullmann/HDDGabriel/research/engines/panda3d/dtool/src/parser-inc/rational.h,0,1,1
/media/ullmann/HDDGabriel/research/engines/panda3d/panda/src/tform/mouseInterfaceNode.I,0,1,1
/media/ullmann/HDDGabriel/research/engines/panda3d/panda/src/pgraph/shaderInput.I,0,1,1
/media/ullmann/HDDGabriel/research/engines/panda3d/pandatool/src/bam/bamInfo.h,3,1,4
/media/ullmann/HDDGabriel/research/engines/panda3d/panda/src/collide/collisionBox.I,0,1,1
/media/ullmann/HDDGabriel/research/engines/panda3d/panda/src/mathutil/look_at_src.cxx,0,1,1
/media/ullmann/HDDGabriel/research/engines/panda3d/panda/src/linmath/deg_2_rad.I,0,1,1
/media/ullmann/HDDGabriel/research/engines/panda3d/panda/src/cocoadisplay/cocoaGraphicsStateGuardian.I,0,1,1
/media/ullmann/HDDGabriel/research/engines/panda3d/direct/src/interval/hideInterval.h,3,2,5
/media/ullmann/HDDGabriel/research/engines/panda3d/dtool/src/dtoolbase/dtool_platform.h,0,1,1
/media/ullmann/HDDGabriel/research/engines/panda3d/panda/src/putil/bitArray_ext.I,0,1,1
/media/ullmann/HDDGabriel/research/engines/panda3d/panda/src/chan/animChannelFixed.I,0,1,1
/media/ullmann/HDDGabriel/research/engines/panda3d/panda/src/ode/odeAMotorJoint.I,0,1,1
/media/ullmann/HDDGabriel/research/engines/panda3d/dtool/src/prc/notifyCategory.I,0,1,1
/media/ullmann/HDDGabriel/research/engines/panda3d/panda/src/pnmimagetypes/bmp.h,2,2,4
/media/ullmann/HDDGabriel/research/engines/panda3d/pandatool/src/lwo/lwoPoints.cxx,4,1,5
/media/ullmann/HDDGabriel/research/engines/panda3d/dtool/src/interrogate/interfaceMakerC.h,3,2,5
/media/ullmann/HDDGabriel/research/engines/panda3d/pandatool/src/progbase/test_prog.cxx,2,0,2
/media/ullmann/HDDGabriel/research/engines/panda3d/panda/src/particlesystem/arcEmitter.I,0,1,1
/media/ullmann/HDDGabriel/research/engines/panda3d/direct/src/dcparser/dcPacker.I,0,1,1
/media/ullmann/HDDGabriel/research/engines/panda3d/panda/src/gobj/geom.I,0,1,1
/media/ullmann/HDDGabriel/research/engines/panda3d/pandatool/src/lwo/lwoSurfaceBlockOpacity.cxx,4,1,5
/media/ullmann/HDDGabriel/research/engines/panda3d/panda/src/pipeline/pmutex_ext.h,5,0,5
/media/ullmann/HDDGabriel/research/engines/panda3d/panda/src/pipeline/pmutex_ext.I,0,1,1
/media/ullmann/HDDGabriel/research/engines/panda3d/panda/src/pipeline/conditionVarSimpleImpl.I,0,1,1
/media/ullmann/HDDGabriel/research/engines/panda3d/dtool/src/interrogatedb/interrogateManifest.I,0,1,1
/media/ullmann/HDDGabriel/research/engines/panda3d/panda/src/bullet/bulletCylinderShape.I,0,1,1
/media/ullmann/HDDGabriel/research/engines/panda3d/pandatool/src/pstatserver/pStatTimeline.I,0,1,1
/media/ullmann/HDDGabriel/research/engines/panda3d/panda/src/text/dynamicTextPage.I,0,1,1
/media/ullmann/HDDGabriel/research/engines/panda3d/panda/src/downloader/identityStream.I,0,1,1
/media/ullmann/HDDGabriel/research/engines/panda3d/panda/src/express/memoryInfo.I,0,1,1
/media/ullmann/HDDGabriel/research/engines/panda3d/panda/src/linmath/configVariableColor.I,0,1,1
/media/ullmann/HDDGabriel/research/engines/panda3d/pandatool/src/eggcharbase/eggSliderData.I,0,1,1
/media/ullmann/HDDGabriel/research/engines/panda3d/pandatool/src/mayaprogs/eggToMaya.cxx,2,0,2
/media/ullmann/HDDGabriel/research/engines/panda3d/panda/src/ode/odeMass.cxx,2,1,3
/media/ullmann/HDDGabriel/research/engines/panda3d/panda/src/chan/movingPartScalar.h,5,3,8
/media/ullmann/HDDGabriel/research/engines/panda3d/panda/src/linmath/lpoint4_src.cxx,0,1,1
/media/ullmann/HDDGabriel/research/engines/panda3d/panda/src/gobj/geomVertexArrayFormat.I,0,1,1
/media/ullmann/HDDGabriel/research/engines/panda3d/panda/src/audio/audioLoadRequest.I,0,1,1
/media/ullmann/HDDGabriel/research/engines/panda3d/panda/src/dxgsg9/wdxGraphicsBuffer9.I,0,1,1
/media/ullmann/HDDGabriel/research/engines/panda3d/panda/src/text/cmss12.bam_src.c,1,1,2
/media/ullmann/HDDGabriel/research/engines/panda3d/panda/src/ode/odeUtil.cxx,1,1,2
/media/ullmann/HDDGabriel/research/engines/panda3d/panda/src/dgraph/dataGraphTraverser.I,0,1,1
/media/ullmann/HDDGabriel/research/engines/panda3d/panda/src/express/zipArchive.I,0,1,1
/media/ullmann/HDDGabriel/research/engines/panda3d/pandatool/src/mayaegg/mayaEggGroupUserData.I,0,1,1
/media/ullmann/HDDGabriel/research/engines/panda3d/dtool/src/interrogatedb/py_compat.cxx,2,0,2
/media/ullmann/HDDGabriel/research/engines/panda3d/panda/src/glstuff/glShaderContext_src.I,0,1,1
/media/ullmann/HDDGabriel/research/engines/panda3d/panda/src/egg/eggAnimData.I,0,1,1
/media/ullmann/HDDGabriel/research/engines/panda3d/panda/src/express/namable.I,0,1,1
/media/ullmann/HDDGabriel/research/engines/panda3d/panda/src/pipeline/cycleDataLockedReader.I,0,1,1
/media/ullmann/HDDGabriel/research/engines/panda3d/dtool/src/dtoolbase/addHash.I,0,1,1
/media/ullmann/HDDGabriel/research/engines/panda3d/panda/src/text/persans.ttf_src.c,1,1,2
/media/ullmann/HDDGabriel/research/engines/panda3d/pandatool/src/xfile/windowsGuid.I,0,1,1
/media/ullmann/HDDGabriel/research/engines/panda3d/panda/src/pnmimage/convert_srgb.I,0,1,1
/media/ullmann/HDDGabriel/research/engines/panda3d/panda/src/pgui/pgSliderBar.I,0,1,1
/media/ullmann/HDDGabriel/research/engines/panda3d/panda/src/express/subStream.h,4,4,8
/media/ullmann/HDDGabriel/research/engines/panda3d/panda/src/pgraph/renderAttrib.I,0,1,1
/media/ullmann/HDDGabriel/research/engines/panda3d/pandatool/src/palettizer/pal_string_utils.cxx,3,1,4
/media/ullmann/HDDGabriel/research/engines/panda3d/panda/src/device/clientAnalogDevice.cxx,2,1,3
/media/ullmann/HDDGabriel/research/engines/panda3d/panda/src/bullet/bulletMinkowskiSumShape.I,0,1,1
/media/ullmann/HDDGabriel/research/engines/panda3d/panda/src/grutil/meshDrawer.I,0,1,1
/media/ullmann/HDDGabriel/research/engines/panda3d/panda/src/chan/animPreloadTable.I,0,1,1
/media/ullmann/HDDGabriel/research/engines/panda3d/panda/src/pgraph/colorWriteAttrib.I,0,1,1
/media/ullmann/HDDGabriel/research/engines/panda3d/panda/src/pipeline/mutexDirect.I,0,1,1
/media/ullmann/HDDGabriel/research/engines/panda3d/pandatool/src/vrml/standardNodes.wrl.c,1,1,2
/media/ullmann/HDDGabriel/research/engines/panda3d/panda/src/movies/opusAudioCursor.I,0,1,1
/media/ullmann/HDDGabriel/research/engines/panda3d/panda/src/putil/buttonRegistry.I,0,1,1
/media/ullmann/HDDGabriel/research/engines/panda3d/dtool/src/prc/configPageManager.I,0,1,1
/media/ullmann/HDDGabriel/research/engines/panda3d/dtool/src/dtoolbase/neverFreeMemory.cxx,3,1,4
/media/ullmann/HDDGabriel/research/engines/panda3d/panda/src/device/phidsdi.h,0,2,2
/media/ullmann/HDDGabriel/research/engines/panda3d/panda/src/tform/mouseWatcherParameter.I,0,1,1
/media/ullmann/HDDGabriel/research/engines/panda3d/panda/src/pgraphnodes/sphereLight.I,0,1,1
/media/ullmann/HDDGabriel/research/engines/panda3d/panda/src/glstuff/glOcclusionQueryContext_src.I,0,1,1
/media/ullmann/HDDGabriel/research/engines/panda3d/panda/src/egg/eggMesherFanMaker.I,0,1,1
/media/ullmann/HDDGabriel/research/engines/panda3d/panda/src/display/graphicsPipeSelection.I,0,1,1
/media/ullmann/HDDGabriel/research/engines/panda3d/panda/src/linmath/lsimpleMatrix.I,0,1,1
/media/ullmann/HDDGabriel/research/engines/panda3d/pandatool/src/lwo/lwoChunk.cxx,1,1,2
/media/ullmann/HDDGabriel/research/engines/panda3d/panda/src/physics/physicsObject.I,0,1,1
/media/ullmann/HDDGabriel/research/engines/panda3d/dtool/src/parser-inc/libavformat/avio.h,1,0,1
/media/ullmann/HDDGabriel/research/engines/panda3d/panda/src/recorder/mouseRecorder.cxx,5,1,6
/media/ullmann/HDDGabriel/research/engines/panda3d/pandatool/src/lwo/iffId.I,0,1,1
/media/ullmann/HDDGabriel/research/engines/panda3d/panda/src/display/graphicsWindowInputDevice.I,0,1,1
/media/ullmann/HDDGabriel/research/engines/panda3d/dtool/src/parser-inc/dirent.h,0,2,2
/media/ullmann/HDDGabriel/research/engines/panda3d/direct/src/dcparser/dcSubatomicType.cxx,1,1,2
/media/ullmann/HDDGabriel/research/engines/panda3d/panda/src/net/connectionReader.I,0,1,1
/media/ullmann/HDDGabriel/research/engines/panda3d/panda/src/particlesystem/lineEmitter.cxx,1,1,2
/media/ullmann/HDDGabriel/research/engines/panda3d/pandatool/src/fltprogs/fltToEgg.cxx,1,0,1
/media/ullmann/HDDGabriel/research/engines/panda3d/dtool/src/interrogate/parameterRemapCharStarToString.h,2,2,4
/media/ullmann/HDDGabriel/research/engines/panda3d/panda/src/express/pta_int.cxx,1,1,2
/media/ullmann/HDDGabriel/research/engines/panda3d/direct/src/interval/cMetaInterval.I,0,1,1
/media/ullmann/HDDGabriel/research/engines/panda3d/pandatool/src/gtk-stats/gtkStatsChartMenu.h,0,2,2
/media/ullmann/HDDGabriel/research/engines/panda3d/panda/src/bullet/bulletSphereShape.I,0,1,1
/media/ullmann/HDDGabriel/research/engines/panda3d/panda/src/tinydisplay/td_texture.cxx,1,1,2
/media/ullmann/HDDGabriel/research/engines/panda3d/pandatool/src/xfile/xFileDataObjectDouble.I,0,1,1
/media/ullmann/HDDGabriel/research/engines/panda3d/pandatool/src/assimp/assimpLoader.I,0,1,1
/media/ullmann/HDDGabriel/research/engines/panda3d/dtool/src/dtoolutil/globPattern_ext.cxx,1,1,2
/media/ullmann/HDDGabriel/research/engines/panda3d/panda/src/express/checksumHashGenerator.cxx,1,1,2
/media/ullmann/HDDGabriel/research/engines/panda3d/dtool/src/parser-inc/btBulletDynamicsCommon.h,0,1,1
/media/ullmann/HDDGabriel/research/engines/panda3d/dtool/src/interrogatedb/interrogateType.I,0,1,1
/media/ullmann/HDDGabriel/research/engines/panda3d/pandatool/src/xfile/xFileDataNode.cxx,2,1,3
/media/ullmann/HDDGabriel/research/engines/panda3d/panda/src/pipeline/lightMutex.I,0,1,1
/media/ullmann/HDDGabriel/research/engines/panda3d/panda/src/windisplay/winGraphicsPipe.I,0,1,1
/media/ullmann/HDDGabriel/research/engines/panda3d/panda/src/express/virtualFileMountRamdisk.I,0,1,1
/media/ullmann/HDDGabriel/research/engines/panda3d/panda/metalibs/pandagles2/pandagles2.h,1,1,2
/media/ullmann/HDDGabriel/research/engines/panda3d/panda/src/bullet/bulletTickCallbackData.I,0,1,1
/media/ullmann/HDDGabriel/research/engines/panda3d/dtool/src/parser-inc/queue,0,1,1
/media/ullmann/HDDGabriel/research/engines/panda3d/panda/src/ode/odeSimpleSpace.I,0,1,1
/media/ullmann/HDDGabriel/research/engines/panda3d/dtool/src/parser-inc/cv.h,0,1,1
/media/ullmann/HDDGabriel/research/engines/panda3d/panda/src/egg2pg/eggRenderState.I,0,1,1
/media/ullmann/HDDGabriel/research/engines/panda3d/panda/src/collide/collisionHandlerEvent.I,0,1,1
/media/ullmann/HDDGabriel/research/engines/panda3d/panda/src/char/characterJointEffect.I,0,1,1
/media/ullmann/HDDGabriel/research/engines/panda3d/contrib/src/ai/flock.cxx,1,1,2
/media/ullmann/HDDGabriel/research/engines/panda3d/panda/src/putil/linkedListNode.cxx,1,1,2
/media/ullmann/HDDGabriel/research/engines/panda3d/panda/src/pipeline/externalThread.cxx,1,1,2
/media/ullmann/HDDGabriel/research/engines/panda3d/panda/src/pipeline/pmutex.I,0,1,1
/media/ullmann/HDDGabriel/research/engines/panda3d/panda/src/physics/linearControlForce.I,0,1,1
/media/ullmann/HDDGabriel/research/engines/panda3d/panda/src/putil/datagramOutputFile.I,0,1,1
/media/ullmann/HDDGabriel/research/engines/panda3d/dtool/src/prc/configPage.I,0,1,1
/media/ullmann/HDDGabriel/research/engines/panda3d/panda/src/distort/pSphereLens.I,0,1,1
/media/ullmann/HDDGabriel/research/engines/panda3d/panda/src/putil/callbackObject.I,0,1,1
/media/ullmann/HDDGabriel/research/engines/panda3d/panda/src/androiddisplay/androidGraphicsWindow.I,0,1,1
/media/ullmann/HDDGabriel/research/engines/panda3d/pandatool/src/flt/fltLocalVertexPool.I,0,1,1
/media/ullmann/HDDGabriel/research/engines/panda3d/panda/src/pgraphnodes/spotlight.I,0,1,1
/media/ullmann/HDDGabriel/research/engines/panda3d/pandatool/src/xfile/xFileParseData.I,0,1,1
/media/ullmann/HDDGabriel/research/engines/panda3d/panda/src/bullet/bulletClosestHitRayResult.I,0,1,1
/media/ullmann/HDDGabriel/research/engines/panda3d/panda/src/express/pointerToArrayBase.cxx,1,0,1
/media/ullmann/HDDGabriel/research/engines/panda3d/panda/src/pnmtext/pnmTextGlyph.cxx,2,1,3
/media/ullmann/HDDGabriel/research/engines/panda3d/panda/src/egldisplay/eglGraphicsPipe.I,0,1,1
/media/ullmann/HDDGabriel/research/engines/panda3d/dtool/src/prc/configVariableBool.I,0,1,1
/media/ullmann/HDDGabriel/research/engines/panda3d/panda/src/downloader/httpEntityTag.I,0,1,1
/media/ullmann/HDDGabriel/research/engines/panda3d/direct/src/dcparser/dcPackData.cxx,1,1,2
/media/ullmann/HDDGabriel/research/engines/panda3d/panda/src/gobj/vertexDataPage.I,0,1,1
/media/ullmann/HDDGabriel/research/engines/panda3d/panda/src/gobj/transformBlendTable.I,0,1,1
/media/ullmann/HDDGabriel/research/engines/panda3d/panda/src/bullet/bulletBoxShape.I,0,1,1
/media/ullmann/HDDGabriel/research/engines/panda3d/panda/src/audio/nullAudioManager.cxx,1,1,2
/media/ullmann/HDDGabriel/research/engines/panda3d/panda/src/bullet/bulletSoftBodyMaterial.I,0,1,1
/media/ullmann/HDDGabriel/research/engines/panda3d/panda/src/express/buffer.I,0,1,1
/media/ullmann/HDDGabriel/research/engines/panda3d/dtool/src/dtoolutil/pandaFileStreamBuf.h,2,3,5
/media/ullmann/HDDGabriel/research/engines/panda3d/pandatool/src/win-stats/winStatsLabel.I,0,1,1
/media/ullmann/HDDGabriel/research/engines/panda3d/contrib/src/rplight/tagStateManager.I,0,1,1
/media/ullmann/HDDGabriel/research/engines/panda3d/panda/src/tinydisplay/ztriangle.h,0,1,1
/media/ullmann/HDDGabriel/research/engines/panda3d/dtool/src/parser-inc/ucontext.h,0,1,1
/media/ullmann/HDDGabriel/research/engines/panda3d/dtool/src/interrogatedb/interrogate_datafile.I,0,1,1
/media/ullmann/HDDGabriel/research/engines/panda3d/panda/src/nativenet/membuffer.h,1,1,2
/media/ullmann/HDDGabriel/research/engines/panda3d/panda/src/ode/odeRayGeom.I,0,1,1
/media/ullmann/HDDGabriel/research/engines/panda3d/panda/src/bullet/bulletWorld.I,0,1,1
/media/ullmann/HDDGabriel/research/engines/panda3d/panda/src/particlesystem/zSpinParticle.I,0,1,1
/media/ullmann/HDDGabriel/research/engines/panda3d/pandatool/src/gtk-stats/gtkStatsChartMenu.cxx,2,1,3
/media/ullmann/HDDGabriel/research/engines/panda3d/panda/src/pgraph/polylightNode.I,0,1,1
/media/ullmann/HDDGabriel/research/engines/panda3d/panda/src/egg/eggUserData.cxx,1,1,2
/media/ullmann/HDDGabriel/research/engines/panda3d/dtool/src/parser-inc/istdplug.h,0,3,3
/media/ullmann/HDDGabriel/research/engines/panda3d/panda/src/bullet/bulletDebugNode.I,0,1,1
/media/ullmann/HDDGabriel/research/engines/panda3d/panda/src/pgraph/cullFaceAttrib.I,0,1,1
/media/ullmann/HDDGabriel/research/engines/panda3d/panda/src/pipeline/genericThread.cxx,2,1,3
/media/ullmann/HDDGabriel/research/engines/panda3d/panda/src/putil/pointerData.cxx,1,1,2
/media/ullmann/HDDGabriel/research/engines/panda3d/panda/src/gobj/userVertexSlider.cxx,3,1,4
/media/ullmann/HDDGabriel/research/engines/panda3d/dtool/src/interrogate/parameterRemapUnchanged.cxx,1,1,2
/media/ullmann/HDDGabriel/research/engines/panda3d/panda/src/egg/eggLine.cxx,2,1,3
/media/ullmann/HDDGabriel/research/engines/panda3d/panda/src/putil/callbackObject_ext.I,0,1,1
/media/ullmann/HDDGabriel/research/engines/panda3d/panda/src/gobj/geomVertexReader.cxx,1,1,2
/media/ullmann/HDDGabriel/research/engines/panda3d/panda/src/tform/mouseWatcherRegion.I,0,1,1
/media/ullmann/HDDGabriel/research/engines/panda3d/panda/src/bullet/bulletConeTwistConstraint.I,0,1,1
/media/ullmann/HDDGabriel/research/engines/panda3d/panda/src/tinydisplay/srgb_tables.h,0,1,1
/media/ullmann/HDDGabriel/research/engines/panda3d/panda/src/chan/movingPartScalar.I,0,1,1
/media/ullmann/HDDGabriel/research/engines/panda3d/panda/src/dxgsg9/dxTextureContext9.I,0,1,1
/media/ullmann/HDDGabriel/research/engines/panda3d/pandatool/src/eggbase/somethingToEgg.h,1,1,2
/media/ullmann/HDDGabriel/research/engines/panda3d/panda/src/bullet/bulletSoftBodyNode.I,0,1,1
/media/ullmann/HDDGabriel/research/engines/panda3d/panda/src/tinydisplay/ztriangle_code_4.h,1,1,2
/media/ullmann/HDDGabriel/research/engines/panda3d/panda/src/movies/flacAudioCursor.I,0,1,1
/media/ullmann/HDDGabriel/research/engines/panda3d/panda/metalibs/pandaegg/pandaegg.h,1,2,3
/media/ullmann/HDDGabriel/research/engines/panda3d/panda/src/express/virtualFileMountSystem.I,0,1,1
/media/ullmann/HDDGabriel/research/engines/panda3d/panda/src/particlesystem/pointParticle.cxx,1,1,2
/media/ullmann/HDDGabriel/research/engines/panda3d/panda/src/gobj/samplerState.I,0,1,1
/media/ullmann/HDDGabriel/research/engines/panda3d/panda/src/pgraph/billboardEffect.I,0,1,1
/media/ullmann/HDDGabriel/research/engines/panda3d/panda/src/express/subStreamBuf.cxx,3,1,4
/media/ullmann/HDDGabriel/research/engines/panda3d/panda/src/chan/animChannelMatrixFixed.I,0,1,1
/media/ullmann/HDDGabriel/research/engines/panda3d/panda/src/express/virtualFileMountZip.I,0,1,1
/media/ullmann/HDDGabriel/research/engines/panda3d/panda/src/nativenet/socket_tcp_listen.cxx,1,1,2
/media/ullmann/HDDGabriel/research/engines/panda3d/panda/src/pgraph/sceneSetup.I,0,1,1
/media/ullmann/HDDGabriel/research/engines/panda3d/dtool/src/parser-inc/netinet/tcp.h,0,1,1
/media/ullmann/HDDGabriel/research/engines/panda3d/dtool/src/parser-inc/cxcore.h,0,1,1
/media/ullmann/HDDGabriel/research/engines/panda3d/panda/src/particlesystem/baseParticleEmitter.I,0,1,1
/media/ullmann/HDDGabriel/research/engines/panda3d/panda/src/linmath/lvector2_ext_src.I,0,1,1
/media/ullmann/HDDGabriel/research/engines/panda3d/panda/src/physics/linearSourceForce.h,1,2,3
/media/ullmann/HDDGabriel/research/engines/panda3d/panda/src/display/graphicsWindowProc.cxx,1,1,2
/media/ullmann/HDDGabriel/research/engines/panda3d/panda/src/display/graphicsWindowProc.h,2,3,5
/media/ullmann/HDDGabriel/research/engines/panda3d/panda/src/ode/odeTriMeshGeom.I,0,1,1
/media/ullmann/HDDGabriel/research/engines/panda3d/dtool/src/dtoolbase/fakestringstream.h,2,1,3
/media/ullmann/HDDGabriel/research/engines/panda3d/panda/src/mathutil/perlinNoise2.I,0,1,1
/media/ullmann/HDDGabriel/research/engines/panda3d/panda/src/parametrics/nurbsVertex.cxx,1,1,2
/media/ullmann/HDDGabriel/research/engines/panda3d/panda/src/egg/eggCurve.I,0,1,1
/media/ullmann/HDDGabriel/research/engines/panda3d/panda/metalibs/pandaphysics/pandaphysics.h,1,1,2
/media/ullmann/HDDGabriel/research/engines/panda3d/panda/src/display/nativeWindowHandle.I,0,1,1
/media/ullmann/HDDGabriel/research/engines/panda3d/panda/src/collide/collisionEntry.I,0,1,1
/media/ullmann/HDDGabriel/research/engines/panda3d/panda/src/pgraph/light.I,0,1,1
/media/ullmann/HDDGabriel/research/engines/panda3d/panda/src/express/ordered_vector.cxx,1,1,2
/media/ullmann/HDDGabriel/research/engines/panda3d/pandatool/src/imagebase/imageWriter.I,0,1,1
/media/ullmann/HDDGabriel/research/engines/panda3d/dtool/src/parser-inc/iparamb2.h,0,2,2
/media/ullmann/HDDGabriel/research/engines/panda3d/pandatool/src/lwoprogs/lwoScan.cxx,1,0,1
/media/ullmann/HDDGabriel/research/engines/panda3d/pandatool/src/lwoprogs/lwoScan.h,1,1,2
/media/ullmann/HDDGabriel/research/engines/panda3d/panda/src/glstuff/glBufferContext_src.cxx,0,1,1
/media/ullmann/HDDGabriel/research/engines/panda3d/pandatool/src/pstatserver/pStatThreadData.I,0,1,1
/media/ullmann/HDDGabriel/research/engines/panda3d/pandatool/src/lwo/test_lwo.cxx,3,0,3
/media/ullmann/HDDGabriel/research/engines/panda3d/panda/src/express/ramfile.cxx,1,1,2
/media/ullmann/HDDGabriel/research/engines/panda3d/dtool/src/parser-inc/Eigen/Dense,0,1,1
/media/ullmann/HDDGabriel/research/engines/panda3d/panda/src/char/character.I,0,1,1
/media/ullmann/HDDGabriel/research/engines/panda3d/panda/src/collide/collisionLevelState.h,6,2,8
/media/ullmann/HDDGabriel/research/engines/panda3d/pandatool/src/xfile/xFileDataNodeTemplate.I,0,1,1
/media/ullmann/HDDGabriel/research/engines/panda3d/panda/src/nativenet/membuffer.I,0,1,1
/media/ullmann/HDDGabriel/research/engines/panda3d/panda/src/cocoadisplay/cocoaGraphicsPipe.I,0,1,1
/media/ullmann/HDDGabriel/research/engines/panda3d/panda/src/gobj/vertexDataBlock.I,0,1,1
/media/ullmann/HDDGabriel/research/engines/panda3d/panda/src/vrpn/vrpnTracker.I,0,1,1
/media/ullmann/HDDGabriel/research/engines/panda3d/panda/src/glstuff/glImmediateModeSender_src.I,0,1,1
/media/ullmann/HDDGabriel/research/engines/panda3d/pandatool/src/gtk-stats/gtkStatsFlameGraph.h,1,2,3
/media/ullmann/HDDGabriel/research/engines/panda3d/panda/src/egg/eggCompositePrimitive.cxx,3,1,4
/media/ullmann/HDDGabriel/research/engines/panda3d/panda/src/pgraph/stateMunger.I,0,1,1
/media/ullmann/HDDGabriel/research/engines/panda3d/panda/src/pnmtext/freetypeFace.I,0,1,1
/media/ullmann/HDDGabriel/research/engines/panda3d/panda/src/pgraph/cullPlanes.I,0,1,1
/media/ullmann/HDDGabriel/research/engines/panda3d/panda/src/pgui/pgSliderBarNotify.I,0,1,1
/media/ullmann/HDDGabriel/research/engines/panda3d/panda/src/iphonedisplay/eaglView.h,1,0,1
/media/ullmann/HDDGabriel/research/engines/panda3d/panda/src/pstatclient/pStatCollectorForward.cxx,1,1,2
/media/ullmann/HDDGabriel/research/engines/panda3d/pandatool/src/xfile/xFileTemplate.I,0,1,1
/media/ullmann/HDDGabriel/research/engines/panda3d/panda/src/collide/collisionRecorder.cxx,2,1,3
/media/ullmann/HDDGabriel/research/engines/panda3d/panda/src/particlesystem/particleSystemManager.I,0,1,1
/media/ullmann/HDDGabriel/research/engines/panda3d/panda/src/pgui/test_pgentry.cxx,2,0,2
/media/ullmann/HDDGabriel/research/engines/panda3d/pandatool/src/lwo/lwoHeader.I,0,1,1
/media/ullmann/HDDGabriel/research/engines/panda3d/panda/src/putil/vector_writable.h,3,1,4
/media/ullmann/HDDGabriel/research/engines/panda3d/dtool/src/interrogatedb/interrogateManifest.cxx,3,1,4
/media/ullmann/HDDGabriel/research/engines/panda3d/panda/src/wgldisplay/wglGraphicsPipe.I,0,1,1
/media/ullmann/HDDGabriel/research/engines/panda3d/panda/src/collide/collisionRecorder.I,0,1,1
/media/ullmann/HDDGabriel/research/engines/panda3d/dtool/src/dtoolbase/indent.cxx,1,0,1
/media/ullmann/HDDGabriel/research/engines/panda3d/panda/src/pgraphnodes/lightNode.I,0,1,1
/media/ullmann/HDDGabriel/research/engines/panda3d/panda/src/linmath/lvector3_ext_src.h,1,1,2
/media/ullmann/HDDGabriel/research/engines/panda3d/panda/src/linmath/lmatrix3_src.I,0,1,1
/media/ullmann/HDDGabriel/research/engines/panda3d/pandatool/src/gtk-stats/gtkStatsMonitor.I,0,1,1
/media/ullmann/HDDGabriel/research/engines/panda3d/panda/src/express/virtualFileList.I,0,1,1
/media/ullmann/HDDGabriel/research/engines/panda3d/panda/src/display/touchInfo.cxx,1,1,2
/media/ullmann/HDDGabriel/research/engines/panda3d/panda/src/putil/timedCycle.I,0,1,1
/media/ullmann/HDDGabriel/research/engines/panda3d/panda/src/physics/linearCylinderVortexForce.I,0,1,1
/media/ullmann/HDDGabriel/research/engines/panda3d/panda/src/linmath/lvecBase3_ext_src.h,1,1,2
/media/ullmann/HDDGabriel/research/engines/panda3d/panda/src/linmath/lvecBase3_ext_src.I,0,1,1
/media/ullmann/HDDGabriel/research/engines/panda3d/panda/src/egg/eggExternalReference.I,0,1,1
/media/ullmann/HDDGabriel/research/engines/panda3d/panda/src/gobj/geomMunger.I,0,1,1
/media/ullmann/HDDGabriel/research/engines/panda3d/pandatool/src/imageprogs/imageTransformColors.I,0,1,1
/media/ullmann/HDDGabriel/research/engines/panda3d/panda/src/linmath/lpoint3_src.cxx,0,1,1
/media/ullmann/HDDGabriel/research/engines/panda3d/panda/src/pipeline/lightReMutexDirect.I,0,1,1
/media/ullmann/HDDGabriel/research/engines/panda3d/panda/src/pnmtext/freetypeFont.I,0,1,1
/media/ullmann/HDDGabriel/research/engines/panda3d/panda/src/express/temporaryFile.cxx,1,1,2
/media/ullmann/HDDGabriel/research/engines/panda3d/panda/src/bullet/bulletWheel.I,0,1,1
/media/ullmann/HDDGabriel/research/engines/panda3d/dtool/src/dtoolbase/cmath.I,0,1,1
/media/ullmann/HDDGabriel/research/engines/panda3d/panda/src/distort/oSphereLens.I,0,1,1
/media/ullmann/HDDGabriel/research/engines/panda3d/dtool/src/interrogate/parameterRemap.I,0,1,1
/media/ullmann/HDDGabriel/research/engines/panda3d/panda/src/bullet/bulletContactResult.I,0,1,1
/media/ullmann/HDDGabriel/research/engines/panda3d/panda/src/chan/movingPartMatrix.I,0,1,1
/media/ullmann/HDDGabriel/research/engines/panda3d/panda/src/pgui/pgMouseWatcherParameter.cxx,1,1,2
/media/ullmann/HDDGabriel/research/engines/panda3d/panda/src/physics/linearVectorForce.I,0,1,1
/media/ullmann/HDDGabriel/research/engines/panda3d/panda/src/pipeline/thread.I,0,1,1
/media/ullmann/HDDGabriel/research/engines/panda3d/panda/src/egg/eggCoordinateSystem.I,0,1,1
/media/ullmann/HDDGabriel/research/engines/panda3d/pandatool/src/fltegg/fltToEggLevelState.I,0,1,1
/media/ullmann/HDDGabriel/research/engines/panda3d/dtool/src/interrogatedb/interrogateElement.I,0,1,1
/media/ullmann/HDDGabriel/research/engines/panda3d/panda/src/pnmimage/pnmWriter.I,0,1,1
/media/ullmann/HDDGabriel/research/engines/panda3d/panda/src/pgui/pgCullTraverser.cxx,1,1,2
/media/ullmann/HDDGabriel/research/engines/panda3d/panda/src/pgraph/internalNameCollection.I,0,1,1
/media/ullmann/HDDGabriel/research/engines/panda3d/panda/src/pgraphnodes/uvScrollNode.I,0,1,1
/media/ullmann/HDDGabriel/research/engines/panda3d/pandatool/src/pstatserver/pStatPianoRoll.I,0,1,1
/media/ullmann/HDDGabriel/research/engines/panda3d/panda/src/text/geomTextGlyph.I,0,1,1
/media/ullmann/HDDGabriel/research/engines/panda3d/panda/src/pnmimagetypes/colrops.c,2,0,2
/media/ullmann/HDDGabriel/research/engines/panda3d/pandatool/src/win-stats/winStatsMonitor.I,0,1,1
/media/ullmann/HDDGabriel/research/engines/panda3d/panda/metalibs/pandaegg/pandaeggnopg.cxx,2,0,2
/media/ullmann/HDDGabriel/research/engines/panda3d/panda/src/ode/odeContact.I,0,1,1
/media/ullmann/HDDGabriel/research/engines/panda3d/panda/src/pgraph/decalEffect.I,0,1,1
/media/ullmann/HDDGabriel/research/engines/panda3d/direct/src/dcparser/dcClass.I,0,1,1
/media/ullmann/HDDGabriel/research/engines/panda3d/panda/src/pgraph/cullTraverser.I,0,1,1
/media/ullmann/HDDGabriel/research/engines/panda3d/panda/src/express/hashGeneratorBase.I,0,1,1
/media/ullmann/HDDGabriel/research/engines/panda3d/dtool/src/dtoolbase/atomicAdjustDummyImpl.I,0,1,1
/media/ullmann/HDDGabriel/research/engines/panda3d/panda/src/egg/eggVertexUV.I,0,1,1
/media/ullmann/HDDGabriel/research/engines/panda3d/panda/src/gobj/bufferContextChain.I,0,1,1
/media/ullmann/HDDGabriel/research/engines/panda3d/panda/src/nativenet/time_clock.h,1,1,2
/media/ullmann/HDDGabriel/research/engines/panda3d/panda/src/express/pointerToVoid.I,0,1,1
/media/ullmann/HDDGabriel/research/engines/panda3d/pandatool/src/progbase/programBase.I,0,1,1
/media/ullmann/HDDGabriel/research/engines/panda3d/panda/src/ode/odeBallJoint.I,0,1,1
/media/ullmann/HDDGabriel/research/engines/panda3d/panda/src/skel/typedSkel.I,0,1,1
/media/ullmann/HDDGabriel/research/engines/panda3d/panda/src/linmath/mathNumbers.I,0,1,1
/media/ullmann/HDDGabriel/research/engines/panda3d/panda/src/vrpn/vrpnAnalog.I,0,1,1
/media/ullmann/HDDGabriel/research/engines/panda3d/panda/src/pgraphnodes/rectangleLight.I,0,1,1
/media/ullmann/HDDGabriel/research/engines/panda3d/panda/src/putil/configurable.h,2,2,4
/media/ullmann/HDDGabriel/research/engines/panda3d/panda/src/pipeline/conditionVarWin32Impl.I,0,1,1
/media/ullmann/HDDGabriel/research/engines/panda3d/panda/src/pipeline/conditionVarDebug.I,0,1,1
/media/ullmann/HDDGabriel/research/engines/panda3d/panda/src/downloader/httpChannel.I,0,1,1
/media/ullmann/HDDGabriel/research/engines/panda3d/panda/src/glxdisplay/glxGraphicsPipe.I,0,1,1
/media/ullmann/HDDGabriel/research/engines/panda3d/panda/src/physics/linearJitterForce.cxx,1,1,2
/media/ullmann/HDDGabriel/research/engines/panda3d/panda/src/linmath/lvector3_ext_src.I,0,1,1
/media/ullmann/HDDGabriel/research/engines/panda3d/pandatool/src/vrmlegg/vrmlAppearance.cxx,2,0,2
/media/ullmann/HDDGabriel/research/engines/panda3d/panda/src/pnmimage/pnmReader.I,0,1,1
/media/ullmann/HDDGabriel/research/engines/panda3d/panda/src/linmath/lvec4_ops_src.I,0,1,1
/media/ullmann/HDDGabriel/research/engines/panda3d/panda/src/particlesystem/particleSystem.I,0,1,1
/media/ullmann/HDDGabriel/research/engines/panda3d/panda/src/audio/audioSound.I,0,1,1
/media/ullmann/HDDGabriel/research/engines/panda3d/panda/src/collide/collisionSegment.I,0,1,1
/media/ullmann/HDDGabriel/research/engines/panda3d/pandatool/src/progbase/wordWrapStream.h,1,3,4
/media/ullmann/HDDGabriel/research/engines/panda3d/pandatool/src/lwoegg/cLwoSurfaceBlockTMap.I,0,1,1
/media/ullmann/HDDGabriel/research/engines/panda3d/panda/src/dxgsg9/wdxGraphicsWindow9.I,0,1,1
/media/ullmann/HDDGabriel/research/engines/panda3d/panda/src/pgraph/findApproxLevelEntry.I,0,1,1
/media/ullmann/HDDGabriel/research/engines/panda3d/panda/src/collide/collisionGeom.cxx,1,1,2
/media/ullmann/HDDGabriel/research/engines/panda3d/panda/src/express/pointerToArray_ext.I,0,1,1
/media/ullmann/HDDGabriel/research/engines/panda3d/panda/src/express/datagram_ext.h,5,0,5
/media/ullmann/HDDGabriel/research/engines/panda3d/panda/src/ode/odeGeom.I,0,1,1
/media/ullmann/HDDGabriel/research/engines/panda3d/direct/src/dcparser/dcindent.cxx,1,1,2
/media/ullmann/HDDGabriel/research/engines/panda3d/panda/src/movies/movieAudioCursor.I,0,1,1
/media/ullmann/HDDGabriel/research/engines/panda3d/contrib/src/rplight/shadowSource.cxx,1,1,2
/media/ullmann/HDDGabriel/research/engines/panda3d/panda/src/ode/odeLMotorJoint.I,0,1,1
/media/ullmann/HDDGabriel/research/engines/panda3d/dtool/src/parser-inc/alloca.h,0,1,1
/media/ullmann/HDDGabriel/research/engines/panda3d/panda/src/egg/eggCompositePrimitive.I,0,1,1
/media/ullmann/HDDGabriel/research/engines/panda3d/panda/src/particlesystem/boxEmitter.cxx,1,1,2
/media/ullmann/HDDGabriel/research/engines/panda3d/panda/src/linmath/lvecBase2_src.cxx,0,1,1
/media/ullmann/HDDGabriel/research/engines/panda3d/panda/src/ode/odeJointGroup.I,0,1,1
/media/ullmann/HDDGabriel/research/engines/panda3d/panda/src/grutil/multitexReducer.I,0,1,1
/media/ullmann/HDDGabriel/research/engines/panda3d/panda/src/chan/movingPart.I,0,1,1
/media/ullmann/HDDGabriel/research/engines/panda3d/panda/src/collide/collisionNode.I,0,1,1
/media/ullmann/HDDGabriel/research/engines/panda3d/pandatool/src/objegg/objToEggConverter.I,0,1,1
/media/ullmann/HDDGabriel/research/engines/panda3d/panda/src/collide/collisionFloorMesh.I,0,1,1
/media/ullmann/HDDGabriel/research/engines/panda3d/panda/src/pgraph/cacheStats.I,0,1,1
/media/ullmann/HDDGabriel/research/engines/panda3d/direct/src/dcparser/dcAtomicField.I,0,1,1
/media/ullmann/HDDGabriel/research/engines/panda3d/panda/src/linmath/lrotation_src.cxx,0,1,1
/media/ullmann/HDDGabriel/research/engines/panda3d/panda/src/pgraph/renderEffects.I,0,1,1
/media/ullmann/HDDGabriel/research/engines/panda3d/panda/src/ode/odeCylinderGeom.I,0,1,1
/media/ullmann/HDDGabriel/research/engines/panda3d/panda/src/movies/inkblotVideoCursor.I,0,1,1
/media/ullmann/HDDGabriel/research/engines/panda3d/panda/src/express/virtualFileComposite.cxx,1,1,2
/media/ullmann/HDDGabriel/research/engines/panda3d/panda/src/audiotraits/fmodAudioSound.I,0,1,1
/media/ullmann/HDDGabriel/research/engines/panda3d/panda/src/pgraph/cullResult.I,0,1,1
/media/ullmann/HDDGabriel/research/engines/panda3d/panda/src/display/stereoDisplayRegion.I,0,1,1
/media/ullmann/HDDGabriel/research/engines/panda3d/panda/src/putil/datagramBuffer.I,0,1,1
/media/ullmann/HDDGabriel/research/engines/panda3d/pandatool/src/mayaprogs/mayaPview.h,1,1,2
/media/ullmann/HDDGabriel/research/engines/panda3d/panda/src/pgraph/camera.I,0,1,1
/media/ullmann/HDDGabriel/research/engines/panda3d/panda/src/pgraph/nodePathCollection.I,0,1,1
/media/ullmann/HDDGabriel/research/engines/panda3d/panda/src/iphonedisplay/iPhoneGraphicsWindow.I,0,1,1
/media/ullmann/HDDGabriel/research/engines/panda3d/panda/src/pgraph/lightRampAttrib.I,0,1,1
/media/ullmann/HDDGabriel/research/engines/panda3d/panda/src/egg/eggMesher.I,0,1,1
/media/ullmann/HDDGabriel/research/engines/panda3d/panda/src/egg/eggNurbsCurve.I,0,1,1
/media/ullmann/HDDGabriel/research/engines/panda3d/panda/src/egg/eggTextureCollection.I,0,1,1
/media/ullmann/HDDGabriel/research/engines/panda3d/direct/src/dcparser/dcKeywordList.cxx,3,1,4
/media/ullmann/HDDGabriel/research/engines/panda3d/panda/src/event/asyncTaskCollection.I,0,1,1
/media/ullmann/HDDGabriel/research/engines/panda3d/dtool/src/prc/encryptStream.cxx,1,1,2
/media/ullmann/HDDGabriel/research/engines/panda3d/pandatool/src/lwoegg/cLwoSurface.I,0,1,1
/media/ullmann/HDDGabriel/research/engines/panda3d/direct/src/interval/cConstrainPosInterval.I,0,1,1
/media/ullmann/HDDGabriel/research/engines/panda3d/panda/src/movies/movieTypeRegistry.I,0,1,1
/media/ullmann/HDDGabriel/research/engines/panda3d/contrib/src/rplight/gpuCommandList.cxx,1,1,2
/media/ullmann/HDDGabriel/research/engines/panda3d/panda/src/pnmimage/pnmPainter.cxx,1,1,2
/media/ullmann/HDDGabriel/research/engines/panda3d/panda/src/device/trackerData.I,0,1,1
/media/ullmann/HDDGabriel/research/engines/panda3d/panda/src/net/datagramUDPHeader.I,0,1,1
/media/ullmann/HDDGabriel/research/engines/panda3d/panda/src/pgraph/transparencyAttrib.I,0,1,1
/media/ullmann/HDDGabriel/research/engines/panda3d/panda/src/bullet/bulletFilterCallbackData.I,0,1,1
/media/ullmann/HDDGabriel/research/engines/panda3d/pandatool/src/xfileegg/xFileNormal.cxx,3,1,4
/media/ullmann/HDDGabriel/research/engines/panda3d/panda/src/egg/eggFilenameNode.cxx,1,1,2
/media/ullmann/HDDGabriel/research/engines/panda3d/panda/src/pgui/pgButtonNotify.I,0,1,1
/media/ullmann/HDDGabriel/research/engines/panda3d/pandatool/src/flt/fltGeometry.I,0,1,1
/media/ullmann/HDDGabriel/research/engines/panda3d/panda/src/distort/projectionScreen.I,0,1,1
/media/ullmann/HDDGabriel/research/engines/panda3d/panda/src/express/stringStreamBuf.I,0,1,1
/media/ullmann/HDDGabriel/research/engines/panda3d/dtool/src/dtoolbase/atomicAdjustI386Impl.I,0,1,1
/media/ullmann/HDDGabriel/research/engines/panda3d/panda/src/physics/linearNoiseForce.I,0,1,1
/media/ullmann/HDDGabriel/research/engines/panda3d/pandatool/src/pfmprogs/pfmBba.h,4,1,5
/media/ullmann/HDDGabriel/research/engines/panda3d/contrib/src/rplight/pssmCameraRig.I,0,1,1
/media/ullmann/HDDGabriel/research/engines/panda3d/pandatool/src/mayaprogs/mayaToEggBin.cxx,1,0,1
/media/ullmann/HDDGabriel/research/engines/panda3d/panda/src/distort/fisheyeLens.I,0,1,1
/media/ullmann/HDDGabriel/research/engines/panda3d/panda/src/display/graphicsStateGuardian_ext.cxx,2,1,3
/media/ullmann/HDDGabriel/research/engines/panda3d/panda/src/nativenet/socket_udp_incoming.cxx,1,1,2
/media/ullmann/HDDGabriel/research/engines/panda3d/dtool/src/cppparser/cppTypeProxy.cxx,2,1,3
/media/ullmann/HDDGabriel/research/engines/panda3d/panda/src/ode/odeContactGeom.I,0,1,1
/media/ullmann/HDDGabriel/research/engines/panda3d/pandatool/src/xfile/standard_templates.h,0,2,2
/media/ullmann/HDDGabriel/research/engines/panda3d/panda/src/pgraph/bamFile.I,0,1,1
/media/ullmann/HDDGabriel/research/engines/panda3d/direct/src/interval/waitInterval.I,0,1,1
/media/ullmann/HDDGabriel/research/engines/panda3d/panda/src/pipeline/pipelineCyclerLinks.I,0,1,1
/media/ullmann/HDDGabriel/research/engines/panda3d/panda/src/physics/linearSourceForce.cxx,1,1,2
/media/ullmann/HDDGabriel/research/engines/panda3d/panda/src/pstatclient/pStatCollector.I,0,1,1
/media/ullmann/HDDGabriel/research/engines/panda3d/pandatool/src/eggprogs/eggTrans.cxx,2,0,2
/media/ullmann/HDDGabriel/research/engines/panda3d/pandatool/src/eggprogs/eggTrans.h,0,1,1
/media/ullmann/HDDGabriel/research/engines/panda3d/panda/src/gobj/textureCollection.I,0,1,1
/media/ullmann/HDDGabriel/research/engines/panda3d/panda/src/pipeline/conditionVarFull.h,1,0,1
/media/ullmann/HDDGabriel/research/engines/panda3d/panda/src/pstatclient/pStatFrameData.I,0,1,1
/media/ullmann/HDDGabriel/research/engines/panda3d/pandatool/src/converter/somethingToEggConverter.I,0,1,1
/media/ullmann/HDDGabriel/research/engines/panda3d/panda/src/putil/typedWritable.I,0,1,1
/media/ullmann/HDDGabriel/research/engines/panda3d/dtool/src/parser-inc/hash_set,0,1,1
/media/ullmann/HDDGabriel/research/engines/panda3d/panda/src/pipeline/conditionVarPosixImpl.I,0,1,1
/media/ullmann/HDDGabriel/research/engines/panda3d/panda/src/linmath/lpoint4_ext_src.h,1,1,2
/media/ullmann/HDDGabriel/research/engines/panda3d/pandatool/src/dxf/dxfLayer.cxx,1,1,2
/media/ullmann/HDDGabriel/research/engines/panda3d/panda/src/pgui/pgCullTraverser.I,0,1,1
/media/ullmann/HDDGabriel/research/engines/panda3d/panda/src/gsgbase/test_gsgbase.cxx,1,0,1
/media/ullmann/HDDGabriel/research/engines/panda3d/panda/src/pgraphnodes/computeNode.I,0,1,1
/media/ullmann/HDDGabriel/research/engines/panda3d/dtool/src/interrogate/parameterRemap.cxx,1,1,2
/media/ullmann/HDDGabriel/research/engines/panda3d/panda/src/pgraph/auxBitplaneAttrib.I,0,1,1
/media/ullmann/HDDGabriel/research/engines/panda3d/panda/src/physics/linearRandomForce.I,0,1,1
/media/ullmann/HDDGabriel/research/engines/panda3d/panda/src/express/stringStream.cxx,1,1,2
/media/ullmann/HDDGabriel/research/engines/panda3d/panda/src/vrpn/vrpnDial.I,0,1,1
/media/ullmann/HDDGabriel/research/engines/panda3d/panda/src/display/displayRegionCullCallbackData.cxx,4,1,5
/media/ullmann/HDDGabriel/research/engines/panda3d/panda/src/bullet/bulletMultiSphereShape.I,0,1,1
/media/ullmann/HDDGabriel/research/engines/panda3d/panda/src/event/asyncTaskPause.I,0,1,1
/media/ullmann/HDDGabriel/research/engines/panda3d/panda/src/nativenet/socket_address.I,0,1,1
/media/ullmann/HDDGabriel/research/engines/panda3d/panda/src/pipeline/threadSimpleImpl.I,0,1,1
/media/ullmann/HDDGabriel/research/engines/panda3d/panda/src/downloader/documentSpec.I,0,1,1
/media/ullmann/HDDGabriel/research/engines/panda3d/panda/src/linmath/lrotation_src.h,1,1,2
/media/ullmann/HDDGabriel/research/engines/panda3d/panda/src/linmath/lrotation_src.I,0,1,1
/media/ullmann/HDDGabriel/research/engines/panda3d/contrib/src/rplight/rpPointLight.I,0,1,1
/media/ullmann/HDDGabriel/research/engines/panda3d/direct/src/interval/cConstrainPosHprInterval.I,0,1,1
/media/ullmann/HDDGabriel/research/engines/panda3d/panda/src/mathutil/triangulator.I,0,1,1
/media/ullmann/HDDGabriel/research/engines/panda3d/pandatool/src/xfile/xFile.I,0,1,1
/media/ullmann/HDDGabriel/research/engines/panda3d/panda/src/grutil/shaderTerrainMesh.I,0,1,1
/media/ullmann/HDDGabriel/research/engines/panda3d/panda/src/egg/eggGroup.I,0,1,1
/usr/include/malloc.h,0,2,2
/media/ullmann/HDDGabriel/research/engines/panda3d/panda/src/bullet/bulletConstraint.I,0,1,1
/media/ullmann/HDDGabriel/research/engines/panda3d/panda/src/putil/buttonMap.I,0,1,1
/media/ullmann/HDDGabriel/research/engines/panda3d/panda/src/pgraph/lightAttrib.I,0,1,1
/media/ullmann/HDDGabriel/research/engines/panda3d/panda/src/pgraph/depthWriteAttrib.I,0,1,1
/media/ullmann/HDDGabriel/research/engines/panda3d/pandatool/src/lwoegg/cLwoSurfaceBlock.I,0,1,1
/media/ullmann/HDDGabriel/research/engines/panda3d/dtool/src/interrogate/parameterRemapBasicStringRefToString.cxx,2,1,3
/media/ullmann/HDDGabriel/research/engines/panda3d/panda/src/tinydisplay/zline.h,0,1,1
/media/ullmann/HDDGabriel/research/engines/panda3d/panda/src/express/ca_bundle_data_src.c,0,1,1
/media/ullmann/HDDGabriel/research/engines/panda3d/panda/src/linmath/cast_to_float.I,0,1,1
/media/ullmann/HDDGabriel/research/engines/panda3d/panda/src/audio/filterProperties.I,0,1,1
/media/ullmann/HDDGabriel/research/engines/panda3d/panda/src/pgui/pgButtonNotify.cxx,2,1,3
/media/ullmann/HDDGabriel/research/engines/panda3d/panda/src/parametrics/ropeNode.I,0,1,1
/media/ullmann/HDDGabriel/research/engines/panda3d/pandatool/src/egg-optchar/eggOptcharUserData.cxx,1,0,1
/media/ullmann/HDDGabriel/research/engines/panda3d/panda/src/audio/filterProperties.cxx,1,1,2
/media/ullmann/HDDGabriel/research/engines/panda3d/panda/src/egg2pg/eggLoader.I,0,1,1
/media/ullmann/HDDGabriel/research/engines/panda3d/dtool/src/interrogatedb/interrogateFunction.I,0,1,1
/media/ullmann/HDDGabriel/research/engines/panda3d/dtool/src/dtoolutil/pandaFileStream.cxx,1,1,2
/media/ullmann/HDDGabriel/research/engines/panda3d/panda/src/skel/basicSkel.cxx,1,1,2
/media/ullmann/HDDGabriel/research/engines/panda3d/panda/src/physics/angularVectorForce.cxx,1,1,2
/media/ullmann/HDDGabriel/research/engines/panda3d/panda/src/char/characterVertexSlider.I,0,1,1
/media/ullmann/HDDGabriel/research/engines/panda3d/dtool/src/prc/streamWrapper.I,0,1,1
/media/ullmann/HDDGabriel/research/engines/panda3d/panda/src/tinydisplay/tinyXGraphicsWindow.I,0,1,1
/media/ullmann/HDDGabriel/research/engines/panda3d/panda/src/physics/linearRandomForce.cxx,1,1,2
/media/ullmann/HDDGabriel/research/engines/panda3d/pandatool/src/xfileprogs/xFileTrans.cxx,1,0,1
/media/ullmann/HDDGabriel/research/engines/panda3d/pandatool/src/xfileprogs/xFileTrans.h,0,1,1
/media/ullmann/HDDGabriel/research/engines/panda3d/panda/src/pgraph/stencilAttrib.I,0,1,1
/media/ullmann/HDDGabriel/research/engines/panda3d/pandatool/src/fltprogs/fltTrans.cxx,1,0,1
/media/ullmann/HDDGabriel/research/engines/panda3d/pandatool/src/fltprogs/fltTrans.h,0,1,1
/media/ullmann/HDDGabriel/research/engines/panda3d/dtool/src/parser-inc/memory,0,1,1
/media/ullmann/HDDGabriel/research/engines/panda3d/panda/src/putil/typedWritableReferenceCount.I,0,1,1
/media/ullmann/HDDGabriel/research/engines/panda3d/pandatool/src/lwo/iffGenericChunk.cxx,3,1,4
/media/ullmann/HDDGabriel/research/engines/panda3d/dtool/src/dtoolbase/dtoolbase.cxx,2,1,3
/media/ullmann/HDDGabriel/research/engines/panda3d/panda/src/bullet/bulletContactCallbackData.I,0,1,1
/media/ullmann/HDDGabriel/research/engines/panda3d/panda/src/device/clientDevice.I,0,1,1
/media/ullmann/HDDGabriel/research/engines/panda3d/panda/src/movies/movieAudio.I,0,1,1
/media/ullmann/HDDGabriel/research/engines/panda3d/panda/src/device/inputDevice.I,0,1,1
/media/ullmann/HDDGabriel/research/engines/panda3d/panda/src/event/eventParameter.I,0,1,1
/media/ullmann/HDDGabriel/research/engines/panda3d/panda/src/egg/eggXfmAnimData.I,0,1,1
/media/ullmann/HDDGabriel/research/engines/panda3d/contrib/src/contribbase/contribsymbols.h,0,1,1
/media/ullmann/HDDGabriel/research/engines/panda3d/pandatool/src/eggbase/eggConverter.cxx,1,1,2
/media/ullmann/HDDGabriel/research/engines/panda3d/panda/src/parametrics/nurbsBasisVector.I,0,1,1
/media/ullmann/HDDGabriel/research/engines/panda3d/panda/src/ffmpeg/ffmpegAudioCursor.I,0,1,1
/media/ullmann/HDDGabriel/research/engines/panda3d/panda/src/nativenet/buffered_datagramwriter.I,0,1,1
/media/ullmann/HDDGabriel/research/engines/panda3d/panda/src/express/virtualFileComposite.I,0,1,1
/media/ullmann/HDDGabriel/research/engines/panda3d/panda/src/gobj/textureReloadRequest.I,0,1,1
/media/ullmann/HDDGabriel/research/engines/panda3d/panda/src/gobj/vertexSlider.I,0,1,1
/media/ullmann/HDDGabriel/research/engines/panda3d/panda/src/chan/animControlCollection.I,0,1,1
/media/ullmann/HDDGabriel/research/engines/panda3d/panda/src/downloader/bioStreamPtr.cxx,1,1,2
/media/ullmann/HDDGabriel/research/engines/panda3d/panda/src/x11display/x11GraphicsWindow.I,0,1,1
/media/ullmann/HDDGabriel/research/engines/panda3d/panda/src/express/indirectLess.I,0,1,1
/media/ullmann/HDDGabriel/research/engines/panda3d/dtool/src/parser-inc/netinet/ip.h,0,1,1
/media/ullmann/HDDGabriel/research/engines/panda3d/panda/src/chan/partSubset.I,0,1,1
/media/ullmann/HDDGabriel/research/engines/panda3d/dtool/src/parser-inc/Forest/Forest.h,0,1,1
/media/ullmann/HDDGabriel/research/engines/panda3d/panda/src/pgraph/accumulatedAttribs.I,0,1,1
/media/ullmann/HDDGabriel/research/engines/panda3d/panda/src/gobj/textureCollection_ext.cxx,1,1,2
/media/ullmann/HDDGabriel/research/engines/panda3d/panda/src/bullet/bulletManifoldPoint.I,0,1,1
/media/ullmann/HDDGabriel/research/engines/panda3d/panda/src/downloader/httpDigestAuthorization.I,0,1,1
/media/ullmann/HDDGabriel/research/engines/panda3d/dtool/src/prc/encryptStreamBuf.I,0,1,1
/media/ullmann/HDDGabriel/research/engines/panda3d/panda/src/putil/gamepadButton.cxx,2,1,3
/media/ullmann/HDDGabriel/research/engines/panda3d/dtool/src/prc/reversedNumericData.I,0,1,1
/media/ullmann/HDDGabriel/research/engines/panda3d/panda/src/pgraph/attribNodeRegistry.I,0,1,1
/media/ullmann/HDDGabriel/research/engines/panda3d/panda/src/ode/odeBody.I,0,1,1
/media/ullmann/HDDGabriel/research/engines/panda3d/pandatool/src/flt/fltTransformTranslate.h,1,3,4
/media/ullmann/HDDGabriel/research/engines/panda3d/panda/src/gobj/transformBlend.I,0,1,1
/media/ullmann/HDDGabriel/research/engines/panda3d/pandatool/src/eggprogs/eggCrop.h,0,1,1
/media/ullmann/HDDGabriel/research/engines/panda3d/panda/src/pgraphnodes/selectiveChildNode.cxx,1,1,2
/media/ullmann/HDDGabriel/research/engines/panda3d/dtool/src/dtoolbase/atomicAdjustGccImpl.I,0,1,1
/media/ullmann/HDDGabriel/research/engines/panda3d/panda/src/event/event.I,0,1,1
/media/ullmann/HDDGabriel/research/engines/panda3d/direct/src/dcparser/dcFile.I,0,1,1
/media/ullmann/HDDGabriel/research/engines/panda3d/panda/src/linmath/compose_matrix_src.I,0,1,1
/media/ullmann/HDDGabriel/research/engines/panda3d/contrib/src/rplight/internalLightManager.cxx,2,1,3
/media/ullmann/HDDGabriel/research/engines/panda3d/dtool/src/prc/configVariableList.I,0,1,1
/media/ullmann/HDDGabriel/research/engines/panda3d/panda/src/pipeline/reMutexDirect.I,0,1,1
/media/ullmann/HDDGabriel/research/engines/panda3d/direct/src/dcparser/primeNumberGenerator.h,2,3,5
/media/ullmann/HDDGabriel/research/engines/panda3d/pandatool/src/mayaprogs/mayaSavePview.h,0,1,1
/media/ullmann/HDDGabriel/research/engines/panda3d/panda/src/grutil/geoMipTerrain.I,0,1,1
/media/ullmann/HDDGabriel/research/engines/panda3d/panda/src/express/ramfile.I,0,1,1
/media/ullmann/HDDGabriel/research/engines/panda3d/contrib/src/rplight/rpLight.I,0,1,1
/media/ullmann/HDDGabriel/research/engines/panda3d/panda/src/particlesystem/zSpinParticleFactory.I,0,1,1
/media/ullmann/HDDGabriel/research/engines/panda3d/panda/src/egg/eggSurface.cxx,1,1,2
/media/ullmann/HDDGabriel/research/engines/panda3d/panda/src/movies/userDataAudioCursor.I,0,1,1
/media/ullmann/HDDGabriel/research/engines/panda3d/panda/src/parametrics/sheetNode.I,0,1,1
/media/ullmann/HDDGabriel/research/engines/panda3d/panda/src/collide/collisionHandler.I,0,1,1
/media/ullmann/HDDGabriel/research/engines/panda3d/contrib/src/rplight/rpPointLight.cxx,1,1,2
/media/ullmann/HDDGabriel/research/engines/panda3d/dtool/src/prc/configVariableString.I,0,1,1
/media/ullmann/HDDGabriel/research/engines/panda3d/dtool/src/prc/notifyCategoryProxy.I,0,1,1
/media/ullmann/HDDGabriel/research/engines/panda3d/panda/src/express/subStream.cxx,1,1,2
/media/ullmann/HDDGabriel/research/engines/panda3d/panda/src/egg/eggGroupNode_ext.cxx,1,1,2
/media/ullmann/HDDGabriel/research/engines/panda3d/direct/src/interval/cConstrainTransformInterval.I,0,1,1
/media/ullmann/HDDGabriel/research/engines/panda3d/pandatool/src/objprogs/objToEgg.cxx,1,0,1
/media/ullmann/HDDGabriel/research/engines/panda3d/pandatool/src/objprogs/objToEgg.h,0,1,1
/media/ullmann/HDDGabriel/research/engines/panda3d/dtool/src/dtoolbase/patomic.I,0,1,1
/media/ullmann/HDDGabriel/research/engines/panda3d/panda/src/display/graphicsEngine.I,0,1,1
/media/ullmann/HDDGabriel/research/engines/panda3d/pandatool/src/flt/fltMeshPrimitive.I,0,1,1
/media/ullmann/HDDGabriel/research/engines/panda3d/panda/src/audiotraits/openalAudioSound.I,0,1,1
/media/ullmann/HDDGabriel/research/engines/panda3d/panda/src/pipeline/pipeline.I,0,1,1
/media/ullmann/HDDGabriel/research/engines/panda3d/panda/src/parametrics/nurbsCurveEvaluator.I,0,1,1
/media/ullmann/HDDGabriel/research/engines/panda3d/dtool/src/prc/configVariableInt64.cxx,2,1,3
/media/ullmann/HDDGabriel/research/engines/panda3d/panda/src/mathutil/frustum_src.h,1,1,2
/media/ullmann/HDDGabriel/research/engines/panda3d/panda/src/mathutil/frustum_src.I,0,1,1
/media/ullmann/HDDGabriel/research/engines/panda3d/panda/src/pgraph/colorScaleAttrib.I,0,1,1
/media/ullmann/HDDGabriel/research/engines/panda3d/panda/src/gobj/videoTexture.I,0,1,1
/media/ullmann/HDDGabriel/research/engines/panda3d/panda/src/tinydisplay/init.cxx,1,1,2
/media/ullmann/HDDGabriel/research/engines/panda3d/panda/src/device/linuxJoystickDevice.I,0,1,1
/media/ullmann/HDDGabriel/research/engines/panda3d/panda/src/wgldisplay/wglGraphicsBuffer.I,0,1,1
/media/ullmann/HDDGabriel/research/engines/panda3d/panda/src/bullet/bulletPlaneShape.I,0,1,1
/media/ullmann/HDDGabriel/research/engines/panda3d/panda/src/chan/animChannelMatrixXfmTable.I,0,1,1
/media/ullmann/HDDGabriel/research/engines/panda3d/pandatool/src/assimp/pandaIOSystem.cxx,2,1,3
/media/ullmann/HDDGabriel/research/engines/panda3d/contrib/src/rplight/shadowSource.I,0,1,1
/media/ullmann/HDDGabriel/research/engines/panda3d/panda/src/chan/animChannelMatrixDynamic.I,0,1,1
/media/ullmann/HDDGabriel/research/engines/panda3d/pandatool/src/gtk-stats/gtkStatsMenuId.h,0,1,1
/media/ullmann/HDDGabriel/research/engines/panda3d/dtool/src/prc/pnotify.I,0,1,1
/media/ullmann/HDDGabriel/research/engines/panda3d/panda/src/egg2pg/eggSaver.I,0,1,1
/media/ullmann/HDDGabriel/research/engines/panda3d/panda/src/mathutil/rotate_to_src.cxx,0,1,1
/media/ullmann/HDDGabriel/research/engines/panda3d/panda/src/collide/collisionHandlerPhysical.I,0,1,1
/media/ullmann/HDDGabriel/research/engines/panda3d/panda/src/putil/pta_ushort.cxx,1,1,2
/media/ullmann/HDDGabriel/research/engines/panda3d/panda/src/pipeline/lightMutexHolder.I,0,1,1
/media/ullmann/HDDGabriel/research/engines/panda3d/panda/src/particlesystem/spriteParticleRenderer.I,0,1,1
/media/ullmann/HDDGabriel/research/engines/panda3d/panda/src/device/clientButtonDevice.I,0,1,1
/media/ullmann/HDDGabriel/research/engines/panda3d/dtool/src/interrogatedb/interrogateComponent.I,0,1,1
/media/ullmann/HDDGabriel/research/engines/panda3d/pandatool/src/imageprogs/imageResize.I,0,1,1
/media/ullmann/HDDGabriel/research/engines/panda3d/panda/src/bullet/bulletAllHitsRayResult.I,0,1,1
/media/ullmann/HDDGabriel/research/engines/panda3d/panda/src/display/drawableRegion.I,0,1,1
/media/ullmann/HDDGabriel/research/engines/panda3d/panda/src/pipeline/conditionVarDirect.I,0,1,1
/media/ullmann/HDDGabriel/research/engines/panda3d/panda/src/physics/linearUserDefinedForce.I,0,1,1
/media/ullmann/HDDGabriel/research/engines/panda3d/panda/src/chan/partBundleHandle.I,0,1,1
/media/ullmann/HDDGabriel/research/engines/panda3d/dtool/src/parser-inc/ode/ode.h,0,1,1
/media/ullmann/HDDGabriel/research/engines/panda3d/pandatool/src/mayaegg/mayaEggGroupUserData.cxx,1,1,2
/media/ullmann/HDDGabriel/research/engines/panda3d/panda/src/egg/eggMiscFuncs.I,0,1,1
/media/ullmann/HDDGabriel/research/engines/panda3d/panda/src/express/copy_stream.h,1,1,2
/media/ullmann/HDDGabriel/research/engines/panda3d/pandatool/src/lwo/lwoSurfaceBlockRepeat.h,1,3,4
/media/ullmann/HDDGabriel/research/engines/panda3d/panda/src/pgraph/textureStageCollection.I,0,1,1
/media/ullmann/HDDGabriel/research/engines/panda3d/panda/src/glstuff/glCgShaderContext_src.I,0,1,1
/media/ullmann/HDDGabriel/research/engines/panda3d/panda/src/chan/animChannelBase.I,0,1,1
/media/ullmann/HDDGabriel/research/engines/panda3d/panda/metalibs/pandabullet/pandabullet.h,1,1,2
/media/ullmann/HDDGabriel/research/engines/panda3d/panda/src/pipeline/lightReMutex.cxx,1,0,1
/media/ullmann/HDDGabriel/research/engines/panda3d/panda/src/dxgsg9/dxGeomMunger9.I,0,1,1
/media/ullmann/HDDGabriel/research/engines/panda3d/panda/src/bullet/bulletHelper.I,0,1,1
/media/ullmann/HDDGabriel/research/engines/panda3d/panda/src/egg/eggBin.cxx,1,1,2
/media/ullmann/HDDGabriel/research/engines/panda3d/panda/src/chan/movingPartBase.I,0,1,1
/media/ullmann/HDDGabriel/research/engines/panda3d/panda/src/dxgsg9/dxShaderContext9.I,0,1,1
/media/ullmann/HDDGabriel/research/engines/panda3d/panda/src/express/patchfile.I,0,1,1
/media/ullmann/HDDGabriel/research/engines/panda3d/dtool/src/dtoolbase/mutexSpinlockImpl.I,0,1,1
/media/ullmann/HDDGabriel/research/engines/panda3d/panda/src/pipeline/reMutex.cxx,1,1,2
/media/ullmann/HDDGabriel/research/engines/panda3d/panda/src/downloader/chunkedStream.I,0,1,1
/media/ullmann/HDDGabriel/research/engines/panda3d/dtool/src/parser-inc/vrpn_Connection.h,0,1,1
/media/ullmann/HDDGabriel/research/engines/panda3d/panda/src/tinydisplay/tinyWinGraphicsPipe.I,0,1,1
/media/ullmann/HDDGabriel/research/engines/panda3d/panda/src/physics/linearForce.I,0,1,1
/media/ullmann/HDDGabriel/research/engines/panda3d/pandatool/src/flt/fltError.cxx,1,1,2
/media/ullmann/HDDGabriel/research/engines/panda3d/panda/src/ffmpeg/ffmpegVirtualFile.I,0,1,1
/media/ullmann/HDDGabriel/research/engines/panda3d/panda/src/gobj/samplerContext.I,0,1,1
/media/ullmann/HDDGabriel/research/engines/panda3d/dtool/src/prc/configVariable.I,0,1,1
/media/ullmann/HDDGabriel/research/engines/panda3d/panda/src/express/temporaryFile.I,0,1,1
/media/ullmann/HDDGabriel/research/engines/panda3d/pandatool/src/egg-mkfont/rangeDescription.I,0,1,1
/media/ullmann/HDDGabriel/research/engines/panda3d/panda/src/putil/bitMask_ext.I,0,1,1
/media/ullmann/HDDGabriel/research/engines/panda3d/panda/src/text/fontPool.I,0,1,1
/media/ullmann/HDDGabriel/research/engines/panda3d/dtool/src/parser-inc/ogg/os_types.h,0,1,1
/media/ullmann/HDDGabriel/research/engines/panda3d/dtool/src/dtoolutil/pfstream.I,0,1,1
/media/ullmann/HDDGabriel/research/engines/panda3d/panda/src/tinydisplay/tinyXGraphicsPipe.I,0,1,1
/media/ullmann/HDDGabriel/research/engines/panda3d/panda/src/recorder/p3recorder_composite1.cxx,4,0,4
/media/ullmann/HDDGabriel/research/engines/panda3d/panda/src/event/pointerEvent.I,0,1,1
/media/ullmann/HDDGabriel/research/engines/panda3d/dtool/src/dtoolutil/textEncoder.I,0,1,1
/media/ullmann/HDDGabriel/research/engines/panda3d/panda/src/ffmpeg/ffmpegVideoCursor.I,0,1,1
/media/ullmann/HDDGabriel/research/engines/panda3d/panda/src/gobj/geomCacheManager.I,0,1,1
/media/ullmann/HDDGabriel/research/engines/panda3d/panda/src/pipeline/cycleDataReader.cxx,1,1,2
/media/ullmann/HDDGabriel/research/engines/panda3d/panda/src/express/datagram_ext.I,0,1,1
/media/ullmann/HDDGabriel/research/engines/panda3d/panda/src/vrpn/vrpnDialDevice.I,0,1,1
/media/ullmann/HDDGabriel/research/engines/panda3d/dtool/src/parser-inc/glew/glew.h,0,1,1
/media/ullmann/HDDGabriel/research/engines/panda3d/panda/src/gobj/internalName.I,0,1,1
/media/ullmann/HDDGabriel/research/engines/panda3d/panda/src/mathutil/boundingBox.I,0,1,1
/media/ullmann/HDDGabriel/research/engines/panda3d/panda/src/bullet/bulletGenericConstraint.I,0,1,1
/media/ullmann/HDDGabriel/research/engines/panda3d/dtool/src/parser-inc/openssl/pem.h,0,3,3
/media/ullmann/HDDGabriel/research/engines/panda3d/panda/src/putil/vector_ulong.cxx,2,0,2
/media/ullmann/HDDGabriel/research/engines/panda3d/panda/src/bullet/bulletSoftBodyShape.I,0,1,1
/media/ullmann/HDDGabriel/research/engines/panda3d/panda/src/pipeline/cycleDataReader.I,0,1,1
/media/ullmann/HDDGabriel/research/engines/panda3d/panda/src/ode/odeContactJoint.I,0,1,1
/media/ullmann/HDDGabriel/research/engines/panda3d/dtool/src/dtoolutil/pandaFileStream.I,0,1,1
/media/ullmann/HDDGabriel/research/engines/panda3d/dtool/src/parser-inc/opencv2/core/core.hpp,0,1,1
/media/ullmann/HDDGabriel/research/engines/panda3d/panda/src/glstuff/glGraphicsBuffer_src.I,0,1,1
/media/ullmann/HDDGabriel/research/engines/panda3d/pandatool/src/pstatserver/pStatView.I,0,1,1
/media/ullmann/HDDGabriel/research/engines/panda3d/panda/src/pgraph/audioVolumeAttrib.I,0,1,1
/media/ullmann/HDDGabriel/research/engines/panda3d/panda/src/pipeline/cycleDataStageWriter.I,0,1,1
/media/ullmann/HDDGabriel/research/engines/panda3d/panda/src/device/trackerData.cxx,1,1,2
/media/ullmann/HDDGabriel/research/engines/panda3d/panda/src/pipeline/pipelineCyclerTrivialImpl.cxx,1,1,2
/media/ullmann/HDDGabriel/research/engines/panda3d/panda/src/gobj/geomVertexArrayData_ext.cxx,1,1,2
/media/ullmann/HDDGabriel/research/engines/panda3d/panda/src/egg/eggNurbsSurface.I,0,1,1
/media/ullmann/HDDGabriel/research/engines/panda3d/direct/src/dcparser/dcNumericRange.I,0,1,1
/media/ullmann/HDDGabriel/research/engines/panda3d/panda/src/pgui/pgItemNotify.I,0,1,1
/media/ullmann/HDDGabriel/research/engines/panda3d/panda/src/wgldisplay/wglGraphicsStateGuardian.I,0,1,1
/media/ullmann/HDDGabriel/research/engines/panda3d/panda/src/putil/pythonCallbackObject.I,0,1,1
/media/ullmann/HDDGabriel/research/engines/panda3d/panda/src/recorder/socketStreamRecorder.I,0,1,1
/media/ullmann/HDDGabriel/research/engines/panda3d/panda/src/pgraph/depthOffsetAttrib.I,0,1,1
/media/ullmann/HDDGabriel/research/engines/panda3d/panda/src/putil/buttonHandle.I,0,1,1
/media/ullmann/HDDGabriel/research/engines/panda3d/panda/src/express/trueClock.I,0,1,1
/media/ullmann/HDDGabriel/research/engines/panda3d/panda/src/ode/odeSliderJoint.I,0,1,1
/media/ullmann/HDDGabriel/research/engines/panda3d/panda/src/pgraph/auxSceneData.I,0,1,1
/media/ullmann/HDDGabriel/research/engines/panda3d/pandatool/src/maxegg/maxEggLoader.h,0,1,1
/media/ullmann/HDDGabriel/research/engines/panda3d/pandatool/src/lwoprogs/lwoToEgg.h,1,1,2
/media/ullmann/HDDGabriel/research/engines/panda3d/pandatool/src/xfile/xFileDataObjectArray.I,0,1,1
/media/ullmann/HDDGabriel/research/engines/panda3d/dtool/src/prc/nativeNumericData.cxx,1,1,2
/media/ullmann/HDDGabriel/research/engines/panda3d/panda/src/gobj/textureStage.I,0,1,1
/media/ullmann/HDDGabriel/research/engines/panda3d/panda/src/egg/eggTexture.I,0,1,1
/media/ullmann/HDDGabriel/research/engines/panda3d/direct/src/directbase/directsymbols.h,0,1,1
/media/ullmann/HDDGabriel/research/engines/panda3d/dtool/src/dtoolutil/filename_ext.cxx,1,1,2
/media/ullmann/HDDGabriel/research/engines/panda3d/panda/src/glstuff/glIndexBufferContext_src.I,0,1,1
/media/ullmann/HDDGabriel/research/engines/panda3d/panda/src/ode/odePlaneGeom.I,0,1,1
/media/ullmann/HDDGabriel/research/engines/panda3d/panda/src/express/virtualFileMountAndroidAsset.I,0,1,1
/media/ullmann/HDDGabriel/research/engines/panda3d/panda/src/pgraph/nodePath_ext.I,0,1,1
/media/ullmann/HDDGabriel/research/engines/panda3d/panda/src/grutil/meshDrawer2D.I,0,1,1
/media/ullmann/HDDGabriel/research/engines/panda3d/dtool/src/dtoolbase/atomicAdjustWin32Impl.I,0,1,1
/media/ullmann/HDDGabriel/research/engines/panda3d/panda/src/dgraph/dataNode.I,0,1,1
/media/ullmann/HDDGabriel/research/engines/panda3d/panda/src/pgraph/modelFlattenRequest.I,0,1,1
/media/ullmann/HDDGabriel/research/engines/panda3d/dtool/src/parser-inc/cfloat,0,1,1
/media/ullmann/HDDGabriel/research/engines/panda3d/panda/src/glstuff/glTextureContext_src.cxx,1,1,2
/media/ullmann/HDDGabriel/research/engines/panda3d/panda/src/mathutil/randomizer.I,0,1,1
/media/ullmann/HDDGabriel/research/engines/panda3d/panda/src/physics/physicalNode.I,0,1,1
/media/ullmann/HDDGabriel/research/engines/panda3d/pandatool/src/lwoprogs/lwoToEgg.cxx,1,0,1
/media/ullmann/HDDGabriel/research/engines/panda3d/panda/src/mathutil/geometricBoundingVolume.I,0,1,1
/media/ullmann/HDDGabriel/research/engines/panda3d/panda/src/tinydisplay/tinyOffscreenGraphicsPipe.I,0,1,1
/media/ullmann/HDDGabriel/research/engines/panda3d/panda/src/ode/odeFixedJoint.I,0,1,1
/media/ullmann/HDDGabriel/research/engines/panda3d/direct/src/interval/hideInterval.I,0,1,1
/media/ullmann/HDDGabriel/research/engines/panda3d/panda/src/linmath/lvector4_ext_src.h,1,1,2
/media/ullmann/HDDGabriel/research/engines/panda3d/panda/src/linmath/lvector4_ext_src.I,0,1,1
/media/ullmann/HDDGabriel/research/engines/panda3d/panda/src/collide/collisionLevelState.I,0,1,1
/media/ullmann/HDDGabriel/research/engines/panda3d/panda/src/particlesystem/boxEmitter.I,0,1,1
/media/ullmann/HDDGabriel/research/engines/panda3d/pandatool/src/fltegg/fltToEggConverter.I,0,1,1
/media/ullmann/HDDGabriel/research/engines/panda3d/panda/src/ode/odeMass.I,0,1,1
/media/ullmann/HDDGabriel/research/engines/panda3d/panda/src/ode/odeJointCollection.I,0,1,1
/media/ullmann/HDDGabriel/research/engines/panda3d/panda/src/putil/writableParam.I,0,1,1
/media/ullmann/HDDGabriel/research/engines/panda3d/panda/src/gobj/vertexDataSaveFile.I,0,1,1
/media/ullmann/HDDGabriel/research/engines/panda3d/panda/src/ffmpeg/ffmpegVideo.I,0,1,1
/media/ullmann/HDDGabriel/research/engines/panda3d/panda/src/grutil/movieTexture.I,0,1,1
/media/ullmann/HDDGabriel/research/engines/panda3d/panda/src/chan/partGroup.I,0,1,1
/media/ullmann/HDDGabriel/research/engines/panda3d/panda/src/express/virtualFileMount.I,0,1,1
/media/ullmann/HDDGabriel/research/engines/panda3d/direct/src/distributed/cConnectionRepository.I,0,1,1
/media/ullmann/HDDGabriel/research/engines/panda3d/panda/src/cull/binCullHandler.I,0,1,1
/media/ullmann/HDDGabriel/research/engines/panda3d/panda/src/nativenet/time_out.h,0,1,1
/media/ullmann/HDDGabriel/research/engines/panda3d/pandatool/src/objprogs/eggToObj.h,0,1,1
/media/ullmann/HDDGabriel/research/engines/panda3d/pandatool/src/egg-optchar/vertexMembership.cxx,1,0,1
/media/ullmann/HDDGabriel/research/engines/panda3d/panda/src/pgui/pgFrameStyle.I,0,1,1
/media/ullmann/HDDGabriel/research/engines/panda3d/panda/src/bullet/bulletCapsuleShape.I,0,1,1
/media/ullmann/HDDGabriel/research/engines/panda3d/panda/src/linmath/lvecBase2_ext_src.h,1,1,2
/media/ullmann/HDDGabriel/research/engines/panda3d/panda/src/linmath/lvecBase2_ext_src.I,0,1,1
/media/ullmann/HDDGabriel/research/engines/panda3d/panda/src/pgraph/compassEffect.I,0,1,1
/media/ullmann/HDDGabriel/research/engines/panda3d/panda/src/glstuff/glTextureContext_src.I,0,1,1
/media/ullmann/HDDGabriel/research/engines/panda3d/panda/src/linmath/lvector3_src.I,0,1,1
/media/ullmann/HDDGabriel/research/engines/panda3d/panda/src/movies/wavAudioCursor.I,0,1,1
/media/ullmann/HDDGabriel/research/engines/panda3d/panda/src/pgraph/materialCollection.I,0,1,1
/media/ullmann/HDDGabriel/research/engines/panda3d/dtool/src/prc/nativeNumericData.I,0,1,1
/media/ullmann/HDDGabriel/research/engines/panda3d/panda/src/pstatclient/pStatClient.I,0,1,1
/media/ullmann/HDDGabriel/research/engines/panda3d/panda/src/ode/odeTriMeshData.I,0,1,1
/media/ullmann/HDDGabriel/research/engines/panda3d/panda/src/pgraphnodes/lightLensNode.I,0,1,1
/media/ullmann/HDDGabriel/research/engines/panda3d/panda/src/device/clientAnalogDevice.I,0,1,1
/media/ullmann/HDDGabriel/research/engines/panda3d/panda/src/collide/collisionInvSphere.I,0,1,1
/media/ullmann/HDDGabriel/research/engines/panda3d/panda/src/egg/eggMaterialCollection.I,0,1,1
/media/ullmann/HDDGabriel/research/engines/panda3d/panda/src/express/dcast.T,0,1,1
/media/ullmann/HDDGabriel/research/engines/panda3d/panda/src/movies/wavAudio.I,0,1,1
/media/ullmann/HDDGabriel/research/engines/panda3d/panda/src/gobj/internalName_ext.cxx,1,1,2
/media/ullmann/HDDGabriel/research/engines/panda3d/panda/src/pgraph/polylightEffect.I,0,1,1
/media/ullmann/HDDGabriel/research/engines/panda3d/panda/src/gobj/animateVerticesRequest.I,0,1,1
/media/ullmann/HDDGabriel/research/engines/panda3d/panda/src/device/clientDialDevice.cxx,2,1,3
/media/ullmann/HDDGabriel/research/engines/panda3d/panda/src/collide/collisionParabola.I,0,1,1
/media/ullmann/HDDGabriel/research/engines/panda3d/panda/src/particlesystem/sphereVolumeEmitter.I,0,1,1
/media/ullmann/HDDGabriel/research/engines/panda3d/pandatool/src/maxegg/maxResource.h,0,1,1
/media/ullmann/HDDGabriel/research/engines/panda3d/panda/src/express/pointerToArray.I,0,1,1
/media/ullmann/HDDGabriel/research/engines/panda3d/pandatool/src/text-stats/textStats.cxx,3,0,3
/media/ullmann/HDDGabriel/research/engines/panda3d/panda/src/gobj/occlusionQueryContext.cxx,1,1,2
/media/ullmann/HDDGabriel/research/engines/panda3d/dtool/src/dtoolbase/indent.I,0,1,1
/media/ullmann/HDDGabriel/research/engines/panda3d/pandatool/src/eggcharbase/eggCharacterData.I,0,1,1
/media/ullmann/HDDGabriel/research/engines/panda3d/panda/src/express/multifile.I,0,1,1
/media/ullmann/HDDGabriel/research/engines/panda3d/panda/src/pgraphnodes/sceneGraphAnalyzer.I,0,1,1
/media/ullmann/HDDGabriel/research/engines/panda3d/panda/src/bullet/bulletSliderConstraint.I,0,1,1
/media/ullmann/HDDGabriel/research/engines/panda3d/panda/src/physics/angularVectorForce.I,0,1,1
/media/ullmann/HDDGabriel/research/engines/panda3d/panda/src/express/subStream.I,0,1,1
/media/ullmann/HDDGabriel/research/engines/panda3d/dtool/src/prc/configVariableCore.I,0,1,1
/media/ullmann/HDDGabriel/research/engines/panda3d/panda/src/physics/baseForce.I,0,1,1
/media/ullmann/HDDGabriel/research/engines/panda3d/dtool/src/parser-inc/Cg/cg.h,0,2,2
/media/ullmann/HDDGabriel/research/engines/panda3d/panda/src/egg/eggPrimitive.I,0,1,1
/media/ullmann/HDDGabriel/research/engines/panda3d/panda/src/pgui/pgScrollFrame.I,0,1,1
/media/ullmann/HDDGabriel/research/engines/panda3d/direct/src/dcparser/dcField.I,0,1,1
/media/ullmann/HDDGabriel/research/engines/panda3d/panda/src/collide/collisionHandlerGravity.I,0,1,1
/media/ullmann/HDDGabriel/research/engines/panda3d/panda/src/pipeline/psemaphore.I,0,1,1
/media/ullmann/HDDGabriel/research/engines/panda3d/dtool/src/parser-inc/vrpn_Analog.h,0,1,1
/media/ullmann/HDDGabriel/research/engines/panda3d/panda/src/putil/loaderOptions.I,0,1,1
/media/ullmann/HDDGabriel/research/engines/panda3d/pandatool/src/maxegg/maxNodeTree.h,0,1,1
/media/ullmann/HDDGabriel/research/engines/panda3d/dtool/src/dtoolutil/globPattern.I,0,1,1
/media/ullmann/HDDGabriel/research/engines/panda3d/direct/src/interval/cIntervalManager.I,0,1,1
/media/ullmann/HDDGabriel/research/engines/panda3d/panda/src/movies/vorbisAudio.I,0,1,1
/media/ullmann/HDDGabriel/research/engines/panda3d/panda/src/nativenet/time_span.h,0,1,1
/media/ullmann/HDDGabriel/research/engines/panda3d/panda/src/physics/physicsCollisionHandler.I,0,1,1
/media/ullmann/HDDGabriel/research/engines/panda3d/panda/src/dgraph/dataNodeTransmit.I,0,1,1
/media/ullmann/HDDGabriel/research/engines/panda3d/panda/src/pipeline/mutexDebug.I,0,1,1
/media/ullmann/HDDGabriel/research/engines/panda3d/panda/src/pgraph/loader.I,0,1,1
/media/ullmann/HDDGabriel/research/engines/panda3d/panda/src/linmath/lvecBase3_src.I,0,1,1
/media/ullmann/HDDGabriel/research/engines/panda3d/dtool/src/parser-inc/vrpn_Dial.h,0,1,1
/media/ullmann/HDDGabriel/research/engines/panda3d/contrib/src/speedtree/stBasicTerrain.I,0,1,1
/media/ullmann/HDDGabriel/research/engines/panda3d/panda/src/device/inputDeviceSet.I,0,1,1
/media/ullmann/HDDGabriel/research/engines/panda3d/panda/src/collide/collisionPlane.I,0,1,1
/media/ullmann/HDDGabriel/research/engines/panda3d/panda/src/egg/eggMesherEdge.I,0,1,1
/media/ullmann/HDDGabriel/research/engines/panda3d/panda/src/putil/firstOfPairCompare.I,0,1,1
/media/ullmann/HDDGabriel/research/engines/panda3d/panda/src/egg/eggNamedObject.I,0,1,1
/media/ullmann/HDDGabriel/research/engines/panda3d/dtool/src/prc/configVariableSearchPath.I,0,1,1
/media/ullmann/HDDGabriel/research/engines/panda3d/panda/src/pgraph/texProjectorEffect.I,0,1,1
/media/ullmann/HDDGabriel/research/engines/panda3d/dtool/src/prc/streamWriter.I,0,1,1
/media/ullmann/HDDGabriel/research/engines/panda3d/panda/src/linmath/lpoint2_ext_src.I,0,1,1
/media/ullmann/HDDGabriel/research/engines/panda3d/panda/src/particlesystem/pointParticleRenderer.I,0,1,1
/media/ullmann/HDDGabriel/research/engines/panda3d/panda/src/tform/mouseWatcherBase.I,0,1,1
/media/ullmann/HDDGabriel/research/engines/panda3d/panda/src/text/textAssembler.I,0,1,1
/media/ullmann/HDDGabriel/research/engines/panda3d/panda/src/chan/animChannel.I,0,1,1
/media/ullmann/HDDGabriel/research/engines/panda3d/direct/src/interval/cLerpAnimEffectInterval.I,0,1,1
/media/ullmann/HDDGabriel/research/engines/panda3d/direct/src/directdServer/directdClient.cxx,1,0,1
/media/ullmann/HDDGabriel/research/engines/panda3d/direct/src/directdServer/directdClient.h,0,1,1
/media/ullmann/HDDGabriel/research/engines/panda3d/panda/src/linmath/lvecBase2_src.I,0,1,1
/media/ullmann/HDDGabriel/research/engines/panda3d/panda/src/pgraph/fogAttrib.I,0,1,1
/media/ullmann/HDDGabriel/research/engines/panda3d/panda/src/pipeline/genericThread.I,0,1,1
/media/ullmann/HDDGabriel/research/engines/panda3d/pandatool/src/progbase/withOutputFile.I,0,1,1
/media/ullmann/HDDGabriel/research/engines/panda3d/panda/src/linmath/lorientation_src.I,0,1,1
/media/ullmann/HDDGabriel/research/engines/panda3d/panda/src/tform/mouseWatcherGroup.cxx,1,1,2
/media/ullmann/HDDGabriel/research/engines/panda3d/panda/src/pgraph/renderAttribRegistry.I,0,1,1
/media/ullmann/HDDGabriel/research/engines/panda3d/panda/src/ode/odeGeom_ext.I,0,1,1
/media/ullmann/HDDGabriel/research/engines/panda3d/panda/src/pgraph/modelNode.I,0,1,1
/media/ullmann/HDDGabriel/research/engines/panda3d/panda/src/gobj/indexBufferContext.I,0,1,1
/media/ullmann/HDDGabriel/research/engines/panda3d/panda/src/pgraph/modelRoot.I,0,1,1
/media/ullmann/HDDGabriel/research/engines/panda3d/panda/src/pgui/pgButton.I,0,1,1
/media/ullmann/HDDGabriel/research/engines/panda3d/panda/src/pipeline/mutexHolder.I,0,1,1
/media/ullmann/HDDGabriel/research/engines/panda3d/pandatool/src/eggcharbase/eggJointPointer.I,0,1,1
/media/ullmann/HDDGabriel/research/engines/panda3d/pandatool/src/xfile/xFileDataDef.I,0,1,1
/media/ullmann/HDDGabriel/research/engines/panda3d/pandatool/src/eggprogs/eggRename.cxx,1,0,1
/media/ullmann/HDDGabriel/research/engines/panda3d/pandatool/src/eggprogs/eggRename.h,0,1,1
/media/ullmann/HDDGabriel/research/engines/panda3d/panda/src/putil/pbitops.cxx,1,1,2
/media/ullmann/HDDGabriel/research/engines/panda3d/panda/src/express/virtualFileSimple.I,0,1,1
/media/ullmann/HDDGabriel/research/engines/panda3d/panda/src/pandabase/pandabase.cxx,1,0,1
/media/ullmann/HDDGabriel/research/engines/panda3d/panda/src/display/callbackGraphicsWindow.I,0,1,1
/media/ullmann/HDDGabriel/research/engines/panda3d/panda/src/tinydisplay/tinyGeomMunger.I,0,1,1
/media/ullmann/HDDGabriel/research/engines/panda3d/panda/src/device/buttonNode.I,0,1,1
/media/ullmann/HDDGabriel/research/engines/panda3d/panda/src/parametrics/nurbsVertex.I,0,1,1
/media/ullmann/HDDGabriel/research/engines/panda3d/dtool/src/parser-inc/phyexp.h,0,1,1
/media/ullmann/HDDGabriel/research/engines/panda3d/panda/src/linmath/lvecBase3_src.cxx,0,1,1
/media/ullmann/HDDGabriel/research/engines/panda3d/panda/src/pgraphnodes/selectiveChildNode.I,0,1,1
/media/ullmann/HDDGabriel/research/engines/panda3d/panda/src/tinydisplay/tinySDLGraphicsWindow.I,0,1,1
/media/ullmann/HDDGabriel/research/engines/panda3d/panda/src/ffmpeg/ffmpegAudio.I,0,1,1
/media/ullmann/HDDGabriel/research/engines/panda3d/panda/src/vrpn/vrpnClient.I,0,1,1
/media/ullmann/HDDGabriel/research/engines/panda3d/panda/src/tinydisplay/tinySDLGraphicsPipe.I,0,1,1
/media/ullmann/HDDGabriel/research/engines/panda3d/panda/src/pgraph/antialiasAttrib.I,0,1,1
/media/ullmann/HDDGabriel/research/engines/panda3d/pandatool/src/egg-qtess/isoPlacer.I,0,1,1
/media/ullmann/HDDGabriel/research/engines/panda3d/dtool/src/parser-inc/float.h,0,1,1
/media/ullmann/HDDGabriel/research/engines/panda3d/panda/src/pipeline/pipelineCycler.I,0,1,1
/media/ullmann/HDDGabriel/research/engines/panda3d/panda/src/display/pStatGPUTimer.I,0,1,1
/media/ullmann/HDDGabriel/research/engines/panda3d/panda/src/parametrics/curveFitter.I,0,1,1
/media/ullmann/HDDGabriel/research/engines/panda3d/panda/src/egg/eggMaterial.I,0,1,1
/media/ullmann/HDDGabriel/research/engines/panda3d/direct/src/showbase/extend_frozen.c,1,0,1
/media/ullmann/HDDGabriel/research/engines/panda3d/panda/src/pgraph/sceneGraphReducer.I,0,1,1
/media/ullmann/HDDGabriel/research/engines/panda3d/panda/src/collide/collisionLine.I,0,1,1
/media/ullmann/HDDGabriel/research/engines/panda3d/panda/src/gobj/userVertexTransform.I,0,1,1
/media/ullmann/HDDGabriel/research/engines/panda3d/dtool/src/interrogatedb/py_panda.I,0,1,1
/media/ullmann/HDDGabriel/research/engines/panda3d/panda/src/tform/driveInterface.I,0,1,1
/media/ullmann/HDDGabriel/research/engines/panda3d/panda/src/linmath/lvecBase4_ext_src.I,0,1,1
/media/ullmann/HDDGabriel/research/engines/panda3d/dtool/src/parser-inc/sys/malloc.h,0,1,1
/media/ullmann/HDDGabriel/research/engines/panda3d/panda/src/linmath/lpoint4_ext_src.I,0,1,1
/media/ullmann/HDDGabriel/research/engines/panda3d/panda/src/chan/animChannelScalarDynamic.I,0,1,1
/media/ullmann/HDDGabriel/research/engines/panda3d/pandatool/src/pandatoolbase/pathReplace.I,0,1,1
/media/ullmann/HDDGabriel/research/engines/panda3d/panda/src/bullet/bulletConvexPointCloudShape.I,0,1,1
/media/ullmann/HDDGabriel/research/engines/panda3d/panda/src/cull/cullBinUnsorted.I,0,1,1
/media/ullmann/HDDGabriel/research/engines/panda3d/dtool/src/parser-inc/Core/Core.h,0,1,1
/media/ullmann/HDDGabriel/research/engines/panda3d/panda/src/gobj/transformTable.I,0,1,1
/media/ullmann/HDDGabriel/research/engines/panda3d/panda/src/display/graphicsOutput.I,0,1,1
/media/ullmann/HDDGabriel/research/engines/panda3d/panda/src/gobj/texturePool.I,0,1,1
/media/ullmann/HDDGabriel/research/engines/panda3d/panda/src/pipeline/cycleDataLockedStageReader.I,0,1,1
/media/ullmann/HDDGabriel/research/engines/panda3d/pandatool/src/bam/bamToEgg.h,0,1,1
/media/ullmann/HDDGabriel/research/engines/panda3d/pandatool/src/pstatserver/pStatViewLevel.I,0,1,1
