edge,includes,includedby,sum
/media/ullmann/hdd/research/engines/Piccolo/engine/3rdparty/glm/glm/vec2.hpp,10,10,20
/media/ullmann/hdd/research/engines/Piccolo/engine/3rdparty/glm/glm/ext/vector_bool2.hpp,1,2,3
/media/ullmann/hdd/research/engines/Piccolo/engine/source/editor/source/editor_ui.cpp,19,0,19
/media/ullmann/hdd/research/engines/Piccolo/engine/source/runtime/function/global/global_context.h,0,19,19
/media/ullmann/hdd/research/engines/Piccolo/engine/3rdparty/glm/glm/gtc/matrix_integer.hpp,9,1,10
/media/ullmann/hdd/research/engines/Piccolo/engine/3rdparty/glm/glm/mat4x4.hpp,4,13,17
/media/ullmann/hdd/research/engines/Piccolo/engine/3rdparty/glm/glm/ext.hpp,212,0,212
/media/ullmann/hdd/research/engines/Piccolo/engine/3rdparty/glm/glm/gtx/orthonormalize.hpp,4,1,5
/media/ullmann/hdd/research/engines/Piccolo/engine/3rdparty/glm/glm/gtx/quaternion.hpp,6,4,10
/media/ullmann/hdd/research/engines/Piccolo/engine/3rdparty/glm/glm/gtc/constants.hpp,2,9,11
/media/ullmann/hdd/research/engines/Piccolo/engine/3rdparty/glm/glm/mat3x3.hpp,4,13,17
/media/ullmann/hdd/research/engines/Piccolo/engine/3rdparty/glm/glm/gtx/gradient_paint.hpp,3,1,4
/media/ullmann/hdd/research/engines/Piccolo/engine/3rdparty/glm/glm/gtx/gradient_paint.inl,0,1,1
/media/ullmann/hdd/research/engines/Piccolo/engine/3rdparty/glm/glm/ext/vector_bool4.hpp,1,2,3
/media/ullmann/hdd/research/engines/Piccolo/engine/3rdparty/glm/glm/gtx/component_wise.hpp,3,3,6
/media/ullmann/hdd/research/engines/Piccolo/engine/3rdparty/glm/glm/gtx/component_wise.inl,0,1,1
/media/ullmann/hdd/research/engines/Piccolo/engine/3rdparty/glm/glm/gtc/bitfield.hpp,7,2,9
/media/ullmann/hdd/research/engines/Piccolo/engine/3rdparty/glm/glm/detail/qualifier.hpp,1,33,34
/media/ullmann/hdd/research/engines/Piccolo/engine/3rdparty/glm/glm/ext/matrix_double3x4_precision.hpp,1,2,3
/media/ullmann/hdd/research/engines/Piccolo/engine/3rdparty/glm/glm/ext/vector_double2.hpp,1,2,3
/media/ullmann/hdd/research/engines/Piccolo/engine/3rdparty/glm/glm/detail/type_vec2.hpp,4,16,20
/media/ullmann/hdd/research/engines/Piccolo/engine/3rdparty/glm/glm/gtx/texture.hpp,4,0,4
/media/ullmann/hdd/research/engines/Piccolo/engine/3rdparty/glm/glm/gtx/texture.inl,0,1,1
/media/ullmann/hdd/research/engines/Piccolo/engine/3rdparty/glm/glm/mat3x4.hpp,4,10,14
/media/ullmann/hdd/research/engines/Piccolo/engine/3rdparty/glm/glm/ext/matrix_double3x4.hpp,1,2,3
/media/ullmann/hdd/research/engines/Piccolo/engine/3rdparty/glm/glm/detail/type_mat3x3.hpp,2,7,9
/media/ullmann/hdd/research/engines/Piccolo/engine/3rdparty/glm/glm/detail/type_vec3.hpp,4,18,22
/media/ullmann/hdd/research/engines/Piccolo/engine/3rdparty/glm/glm/gtc/matrix_inverse.hpp,6,1,7
/media/ullmann/hdd/research/engines/Piccolo/engine/3rdparty/glm/glm/detail/setup.hpp,1,33,34
/media/ullmann/hdd/research/engines/Piccolo/engine/3rdparty/glm/glm/gtc/matrix_access.hpp,2,1,3
/media/ullmann/hdd/research/engines/Piccolo/engine/3rdparty/glm/glm/gtc/matrix_access.inl,0,1,1
/media/ullmann/hdd/research/engines/Piccolo/engine/3rdparty/spdlog/include/spdlog/sinks/base_sink.h,1,1,2
/media/ullmann/hdd/research/engines/Piccolo/engine/3rdparty/spdlog/include/spdlog/sinks/base_sink-inl.h,0,1,1
/media/ullmann/hdd/research/engines/Piccolo/engine/3rdparty/glm/glm/ext/matrix_int4x4.hpp,1,1,2
/media/ullmann/hdd/research/engines/Piccolo/engine/3rdparty/glm/glm/detail/type_mat3x4.hpp,3,5,8
/media/ullmann/hdd/research/engines/Piccolo/engine/3rdparty/glm/glm/detail/type_mat3x4.inl,0,1,1
/media/ullmann/hdd/research/engines/Piccolo/engine/source/runtime/core/color/color.h,2,1,3
/media/ullmann/hdd/research/engines/Piccolo/engine/source/runtime/core/meta/reflection/reflection.h,1,32,33
/media/ullmann/hdd/research/engines/Piccolo/engine/3rdparty/glm/glm/gtc/ulp.hpp,5,1,6
/media/ullmann/hdd/research/engines/Piccolo/engine/3rdparty/glm/glm/ext/scalar_int_sized.hpp,1,19,20
/media/ullmann/hdd/research/engines/Piccolo/engine/3rdparty/glm/glm/ext/matrix_float4x2_precision.hpp,1,2,3
/media/ullmann/hdd/research/engines/Piccolo/engine/3rdparty/glm/glm/gtc/quaternion.hpp,17,12,29
/media/ullmann/hdd/research/engines/Piccolo/engine/3rdparty/glm/glm/ext/quaternion_double_precision.hpp,1,2,3
/media/ullmann/hdd/research/engines/Piccolo/engine/source/runtime/function/animation/node.cpp,2,0,2
/media/ullmann/hdd/research/engines/Piccolo/engine/source/runtime/core/math/math.h,1,12,13
/media/ullmann/hdd/research/engines/Piccolo/engine/3rdparty/glm/glm/gtc/matrix_transform.hpp,8,5,13
/media/ullmann/hdd/research/engines/Piccolo/engine/3rdparty/glm/glm/ext/matrix_projection.hpp,5,2,7
/media/ullmann/hdd/research/engines/Piccolo/engine/source/runtime/function/physics/jolt/utils.cpp,2,0,2
/media/ullmann/hdd/research/engines/Piccolo/engine/source/runtime/resource/res_type/components/rigid_body.h,4,7,11
/media/ullmann/hdd/research/engines/Piccolo/engine/source/runtime/function/render/passes/main_camera_pass.h,6,4,10
/media/ullmann/hdd/research/engines/Piccolo/engine/source/runtime/function/render/passes/combine_ui_pass.h,1,3,4
/media/ullmann/hdd/research/engines/Piccolo/engine/3rdparty/glm/glm/gtc/type_precision.hpp,25,6,31
/media/ullmann/hdd/research/engines/Piccolo/engine/3rdparty/glm/glm/ext/vector_int1_sized.hpp,2,3,5
/media/ullmann/hdd/research/engines/Piccolo/engine/3rdparty/glm/glm/gtc/type_ptr.hpp,15,2,17
/media/ullmann/hdd/research/engines/Piccolo/engine/3rdparty/glm/glm/mat4x2.hpp,4,10,14
/media/ullmann/hdd/research/engines/Piccolo/engine/3rdparty/glm/glm/detail/type_mat4x2.hpp,3,4,7
/media/ullmann/hdd/research/engines/Piccolo/engine/3rdparty/glm/glm/detail/type_mat4x2.inl,0,1,1
/media/ullmann/hdd/research/engines/Piccolo/engine/source/runtime/function/framework/component/motor/motor_component.cpp,13,0,13
/media/ullmann/hdd/research/engines/Piccolo/engine/source/runtime/function/controller/character_controller.h,3,3,6
/media/ullmann/hdd/research/engines/Piccolo/engine/3rdparty/glm/glm/mat4x3.hpp,4,10,14
/media/ullmann/hdd/research/engines/Piccolo/engine/3rdparty/glm/glm/gtx/vector_angle.hpp,5,1,6
/media/ullmann/hdd/research/engines/Piccolo/engine/3rdparty/glm/glm/gtx/rotate_vector.hpp,5,2,7
/media/ullmann/hdd/research/engines/Piccolo/engine/source/runtime/core/math/math.cpp,2,0,2
/media/ullmann/hdd/research/engines/Piccolo/engine/source/runtime/core/math/matrix4.h,5,8,13
/media/ullmann/hdd/research/engines/Piccolo/engine/3rdparty/glm/glm/ext/quaternion_common.hpp,6,2,8
/media/ullmann/hdd/research/engines/Piccolo/engine/3rdparty/glm/glm/ext/scalar_constants.hpp,2,6,8
/media/ullmann/hdd/research/engines/Piccolo/engine/3rdparty/JoltPhysics/Jolt/Core/Profiler.h,1,0,1
/media/ullmann/hdd/research/engines/Piccolo/engine/3rdparty/JoltPhysics/Jolt/Core/Profiler.inl,0,1,1
/media/ullmann/hdd/research/engines/Piccolo/engine/source/runtime/function/framework/component/camera/camera_component.cpp,13,0,13
/media/ullmann/hdd/research/engines/Piccolo/engine/source/runtime/function/input/input_system.h,1,9,10
/media/ullmann/hdd/research/engines/Piccolo/engine/3rdparty/spdlog/include/spdlog/details/synchronous_factory.h,1,0,1
/media/ullmann/hdd/research/engines/Piccolo/engine/3rdparty/spdlog/include/spdlog/details/registry.h,1,1,2
/media/ullmann/hdd/research/engines/Piccolo/engine/source/runtime/function/framework/level/level.cpp,9,0,9
/media/ullmann/hdd/research/engines/Piccolo/engine/source/runtime/function/framework/object/object.h,3,13,16
/media/ullmann/hdd/research/engines/Piccolo/engine/source/runtime/resource/res_type/common/world.h,1,1,2
/media/ullmann/hdd/research/engines/Piccolo/engine/source/runtime/function/render/render_system.cpp,13,0,13
/media/ullmann/hdd/research/engines/Piccolo/engine/source/runtime/function/render/render_pass.h,3,13,16
/media/ullmann/hdd/research/engines/Piccolo/engine/source/runtime/core/math/axis_aligned.cpp,1,0,1
/media/ullmann/hdd/research/engines/Piccolo/engine/source/runtime/core/math/axis_aligned.h,2,5,7
/media/ullmann/hdd/research/engines/Piccolo/engine/source/runtime/engine.cpp,8,0,8
/media/ullmann/hdd/research/engines/Piccolo/engine/source/runtime/core/base/macro.h,2,27,29
/media/ullmann/hdd/research/engines/Piccolo/engine/3rdparty/glm/glm/gtc/vec1.hpp,10,8,18
/media/ullmann/hdd/research/engines/Piccolo/engine/3rdparty/glm/glm/ext/vector_int1.hpp,1,3,4
/media/ullmann/hdd/research/engines/Piccolo/engine/3rdparty/glm/glm/ext/vector_bool1.hpp,1,2,3
/media/ullmann/hdd/research/engines/Piccolo/engine/3rdparty/glm/glm/detail/type_vec1.hpp,4,9,13
/media/ullmann/hdd/research/engines/Piccolo/engine/3rdparty/glm/glm/fwd.hpp,1,1,2
/media/ullmann/hdd/research/engines/Piccolo/engine/3rdparty/stb/stb_herringbone_wang_tile.h,2,0,2
/media/ullmann/hdd/research/engines/Piccolo/engine/3rdparty/stb/stb_image.h,0,2,2
/media/ullmann/hdd/research/engines/Piccolo/engine/source/runtime/function/render/render_pipeline.h,1,2,3
/media/ullmann/hdd/research/engines/Piccolo/engine/source/runtime/function/physics/physics_system.cpp,5,0,5
/media/ullmann/hdd/research/engines/Piccolo/engine/3rdparty/glm/glm/gtx/extended_min_max.hpp,3,1,4
/media/ullmann/hdd/research/engines/Piccolo/engine/3rdparty/glm/glm/glm.hpp,23,44,67
/media/ullmann/hdd/research/engines/Piccolo/engine/source/editor/source/editor_input_manager.cpp,12,0,12
/media/ullmann/hdd/research/engines/Piccolo/engine/source/runtime/core/math/quaternion.cpp,3,0,3
/media/ullmann/hdd/research/engines/Piccolo/engine/source/runtime/core/math/quaternion.h,2,8,10
/media/ullmann/hdd/research/engines/Piccolo/engine/source/runtime/function/render/passes/ui_pass.h,1,3,4
/media/ullmann/hdd/research/engines/Piccolo/engine/3rdparty/glm/glm/gtc/type_aligned.hpp,13,1,14
/media/ullmann/hdd/research/engines/Piccolo/engine/3rdparty/glm/glm/detail/type_mat2x4.hpp,3,5,8
/media/ullmann/hdd/research/engines/Piccolo/engine/3rdparty/glm/glm/detail/type_mat2x4.inl,0,1,1
/media/ullmann/hdd/research/engines/Piccolo/engine/3rdparty/glm/glm/ext/quaternion_float_precision.hpp,1,2,3
/media/ullmann/hdd/research/engines/Piccolo/engine/3rdparty/glm/glm/detail/type_quat.hpp,9,4,13
/media/ullmann/hdd/research/engines/Piccolo/engine/3rdparty/glm/glm/ext/vector_integer.hpp,6,1,7
/media/ullmann/hdd/research/engines/Piccolo/engine/3rdparty/glm/glm/common.hpp,3,15,18
/media/ullmann/hdd/research/engines/Piccolo/engine/3rdparty/glm/glm/gtx/scalar_multiplication.hpp,5,1,6
/media/ullmann/hdd/research/engines/Piccolo/engine/3rdparty/glm/glm/ext/matrix_int3x2_sized.hpp,2,1,3
/media/ullmann/hdd/research/engines/Piccolo/engine/3rdparty/glm/glm/mat3x2.hpp,4,10,14
/media/ullmann/hdd/research/engines/Piccolo/engine/source/editor/source/editor_scene_manager.cpp,12,0,12
/media/ullmann/hdd/research/engines/Piccolo/engine/source/runtime/engine.h,0,12,12
/media/ullmann/hdd/research/engines/Piccolo/engine/source/runtime/core/math/math_headers.h,11,3,14
/media/ullmann/hdd/research/engines/Piccolo/engine/3rdparty/glm/glm/gtx/common.hpp,5,0,5
/media/ullmann/hdd/research/engines/Piccolo/engine/3rdparty/glm/glm/ext/vector_int3_sized.hpp,2,3,5
/media/ullmann/hdd/research/engines/Piccolo/engine/3rdparty/glm/glm/ext/matrix_common.hpp,3,1,4
/media/ullmann/hdd/research/engines/Piccolo/engine/3rdparty/glm/glm/ext/quaternion_transform.hpp,4,2,6
/media/ullmann/hdd/research/engines/Piccolo/engine/3rdparty/glm/glm/ext/matrix_double3x2.hpp,1,2,3
/media/ullmann/hdd/research/engines/Piccolo/engine/3rdparty/glm/glm/detail/type_mat3x2.hpp,3,5,8
/media/ullmann/hdd/research/engines/Piccolo/engine/3rdparty/glm/glm/gtx/dual_quaternion.hpp,4,4,8
/media/ullmann/hdd/research/engines/Piccolo/engine/source/runtime/function/physics/ray.h,1,2,3
/media/ullmann/hdd/research/engines/Piccolo/engine/source/runtime/core/math/vector3.h,3,27,30
/media/ullmann/hdd/research/engines/Piccolo/engine/3rdparty/glm/glm/ext/vector_float4_precision.hpp,1,2,3
/media/ullmann/hdd/research/engines/Piccolo/engine/3rdparty/glm/glm/vec3.hpp,10,13,23
/media/ullmann/hdd/research/engines/Piccolo/engine/3rdparty/glm/glm/ext/matrix_int3x2.hpp,1,1,2
/media/ullmann/hdd/research/engines/Piccolo/engine/3rdparty/glm/glm/ext/matrix_uint3x3_sized.hpp,2,1,3
/media/ullmann/hdd/research/engines/Piccolo/engine/source/meta_parser/parser/language_types/type_info.cpp,2,0,2
/media/ullmann/hdd/research/engines/Piccolo/engine/source/meta_parser/parser/language_types/type_info.h,4,3,7
/media/ullmann/hdd/research/engines/Piccolo/engine/source/runtime/function/physics/physics_system.h,4,3,7
/media/ullmann/hdd/research/engines/Piccolo/engine/source/runtime/core/math/transform.h,4,12,16
/media/ullmann/hdd/research/engines/Piccolo/engine/3rdparty/spdlog/tests/test_systemd.cpp,1,0,1
/media/ullmann/hdd/research/engines/Piccolo/engine/3rdparty/spdlog/tests/includes.h,2,21,23
/media/ullmann/hdd/research/engines/Piccolo/engine/source/runtime/function/animation/animation_loader.h,4,2,6
/media/ullmann/hdd/research/engines/Piccolo/engine/source/runtime/resource/res_type/data/animation_clip.h,2,4,6
/media/ullmann/hdd/research/engines/Piccolo/engine/3rdparty/glm/glm/gtc/color_space.hpp,6,1,7
/media/ullmann/hdd/research/engines/Piccolo/engine/3rdparty/glm/glm/vec4.hpp,10,11,21
/media/ullmann/hdd/research/engines/Piccolo/engine/3rdparty/JoltPhysics/Jolt/Math/DVec3.h,1,0,1
/media/ullmann/hdd/research/engines/Piccolo/engine/3rdparty/JoltPhysics/Jolt/Math/DVec3.inl,0,1,1
/media/ullmann/hdd/research/engines/Piccolo/engine/source/runtime/function/render/render_camera.h,1,12,13
/media/ullmann/hdd/research/engines/Piccolo/engine/3rdparty/glm/glm/ext/matrix_transform.hpp,5,2,7
/media/ullmann/hdd/research/engines/Piccolo/engine/3rdparty/glm/glm/ext/matrix_float3x3_precision.hpp,1,2,3
/media/ullmann/hdd/research/engines/Piccolo/engine/source/meta_parser/parser/cursor/cursor.h,1,6,7
/media/ullmann/hdd/research/engines/Piccolo/engine/source/meta_parser/parser/cursor/cursor_type.h,0,2,2
/media/ullmann/hdd/research/engines/Piccolo/engine/3rdparty/glm/glm/ext/vector_bool1_precision.hpp,1,2,3
/media/ullmann/hdd/research/engines/Piccolo/engine/3rdparty/glm/glm/ext/vector_bool3.hpp,1,2,3
/media/ullmann/hdd/research/engines/Piccolo/engine/3rdparty/glm/glm/gtc/random.hpp,4,1,5
/media/ullmann/hdd/research/engines/Piccolo/engine/3rdparty/glm/glm/ext/scalar_uint_sized.hpp,1,18,19
/media/ullmann/hdd/research/engines/Piccolo/engine/3rdparty/glm/glm/exponential.hpp,5,7,12
/media/ullmann/hdd/research/engines/Piccolo/engine/3rdparty/glm/glm/ext/quaternion_trigonometric.hpp,5,2,7
/media/ullmann/hdd/research/engines/Piccolo/engine/3rdparty/glm/glm/ext/matrix_float4x2.hpp,1,2,3
/media/ullmann/hdd/research/engines/Piccolo/engine/source/runtime/function/framework/component/animation/animation_component.cpp,3,0,3
/media/ullmann/hdd/research/engines/Piccolo/engine/source/runtime/function/framework/component/animation/animation_component.h,3,3,6
/media/ullmann/hdd/research/engines/Piccolo/engine/3rdparty/tinyobjloader/examples/viewer/viewer.cc,3,0,3
/media/ullmann/hdd/research/engines/Piccolo/engine/3rdparty/tinyobjloader/examples/viewer/stb_image.h,0,1,1
/media/ullmann/hdd/research/engines/Piccolo/engine/3rdparty/glm/glm/gtx/scalar_relational.hpp,2,0,2
/media/ullmann/hdd/research/engines/Piccolo/engine/3rdparty/glm/glm/gtx/scalar_relational.inl,0,1,1
/media/ullmann/hdd/research/engines/Piccolo/engine/3rdparty/glm/glm/ext/matrix_uint2x3_sized.hpp,2,1,3
/media/ullmann/hdd/research/engines/Piccolo/engine/3rdparty/JoltPhysics/Jolt/Math/Vec4.h,1,0,1
/media/ullmann/hdd/research/engines/Piccolo/engine/3rdparty/JoltPhysics/Jolt/Math/Vec4.inl,0,1,1
/media/ullmann/hdd/research/engines/Piccolo/engine/source/runtime/function/render/render_resource.cpp,9,0,9
/media/ullmann/hdd/research/engines/Piccolo/engine/source/runtime/function/render/rhi/vulkan/vulkan_rhi.h,1,15,16
/media/ullmann/hdd/research/engines/Piccolo/engine/3rdparty/glfw/src/x11_platform.h,8,0,8
/media/ullmann/hdd/research/engines/Piccolo/engine/3rdparty/glfw/src/posix_thread.h,0,4,4
/media/ullmann/hdd/research/engines/Piccolo/engine/3rdparty/glm/glm/ext/matrix_int4x3_sized.hpp,2,1,3
/media/ullmann/hdd/research/engines/Piccolo/engine/3rdparty/imgui/imgui_draw.cpp,5,1,6
/media/ullmann/hdd/research/engines/Piccolo/engine/3rdparty/imgui/misc/freetype/imgui_freetype.h,0,2,2
/media/ullmann/hdd/research/engines/Piccolo/engine/3rdparty/glm/glm/gtx/hash.hpp,16,0,16
/media/ullmann/hdd/research/engines/Piccolo/engine/3rdparty/tinyobjloader/examples/viewer/trackball.cc,1,0,1
/media/ullmann/hdd/research/engines/Piccolo/engine/3rdparty/tinyobjloader/examples/viewer/trackball.h,0,2,2
/media/ullmann/hdd/research/engines/Piccolo/engine/3rdparty/stb/tests/test_ds_cpp.cpp,1,0,1
/media/ullmann/hdd/research/engines/Piccolo/engine/3rdparty/stb/stb_ds.h,0,3,3
/media/ullmann/hdd/research/engines/Piccolo/engine/3rdparty/glm/glm/ext/scalar_integer.hpp,7,1,8
/media/ullmann/hdd/research/engines/Piccolo/engine/3rdparty/spdlog/tests/test_eventlog.cpp,2,0,2
/media/ullmann/hdd/research/engines/Piccolo/engine/3rdparty/glm/glm/ext/vector_uint3_sized.hpp,2,3,5
/media/ullmann/hdd/research/engines/Piccolo/engine/source/runtime/function/render/render_common.h,3,4,7
/media/ullmann/hdd/research/engines/Piccolo/engine/3rdparty/glm/glm/mat2x3.hpp,4,10,14
/media/ullmann/hdd/research/engines/Piccolo/engine/3rdparty/glm/glm/ext/matrix_float3x2_precision.hpp,1,2,3
/media/ullmann/hdd/research/engines/Piccolo/engine/3rdparty/imgui/backends/imgui_impl_glut.cpp,1,0,1
/media/ullmann/hdd/research/engines/Piccolo/engine/3rdparty/imgui/backends/imgui_impl_glut.h,0,1,1
/media/ullmann/hdd/research/engines/Piccolo/engine/3rdparty/glfw/src/win32_platform.h,4,0,4
/media/ullmann/hdd/research/engines/Piccolo/engine/3rdparty/glfw/src/win32_joystick.h,0,1,1
/media/ullmann/hdd/research/engines/Piccolo/engine/3rdparty/glm/glm/ext/matrix_float3x4.hpp,1,2,3
/media/ullmann/hdd/research/engines/Piccolo/engine/source/meta_parser/parser/common/precompiled.h,2,14,16
/media/ullmann/hdd/research/engines/Piccolo/engine/source/meta_parser/parser/meta/meta_data_config.h,0,1,1
/media/ullmann/hdd/research/engines/Piccolo/engine/source/runtime/function/framework/component/rigidbody/rigidbody_component.cpp,8,0,8
/media/ullmann/hdd/research/engines/Piccolo/engine/source/runtime/function/character/character.h,2,4,6
/media/ullmann/hdd/research/engines/Piccolo/engine/3rdparty/glm/glm/ext/matrix_float3x3.hpp,1,2,3
/media/ullmann/hdd/research/engines/Piccolo/engine/3rdparty/glm/glm/gtx/norm.hpp,4,2,6
/media/ullmann/hdd/research/engines/Piccolo/engine/3rdparty/glm/glm/ext/matrix_double3x2_precision.hpp,1,2,3
/media/ullmann/hdd/research/engines/Piccolo/engine/source/runtime/function/render/render_pipeline_base.h,2,2,4
/media/ullmann/hdd/research/engines/Piccolo/engine/source/runtime/function/render/render_pipeline.cpp,11,0,11
/media/ullmann/hdd/research/engines/Piccolo/engine/source/runtime/function/render/passes/point_light_pass.h,1,2,3
/media/ullmann/hdd/research/engines/Piccolo/engine/3rdparty/glfw/src/egl_context.c,1,0,1
/media/ullmann/hdd/research/engines/Piccolo/engine/3rdparty/glfw/src/internal.h,1,31,32
/media/ullmann/hdd/research/engines/Piccolo/engine/3rdparty/glm/glm/detail/type_float.hpp,1,1,2
/media/ullmann/hdd/research/engines/Piccolo/engine/source/meta_parser/parser/generator/serializer_generator.h,1,2,3
/media/ullmann/hdd/research/engines/Piccolo/engine/source/meta_parser/parser/generator/generator.h,1,4,5
/media/ullmann/hdd/research/engines/Piccolo/engine/source/runtime/function/render/glm_wrapper.h,1,4,5
/media/ullmann/hdd/research/engines/Piccolo/engine/source/editor/include/editor_input_manager.h,2,4,6
/media/ullmann/hdd/research/engines/Piccolo/engine/3rdparty/glm/glm/ext/matrix_float4x4_precision.hpp,1,2,3
/media/ullmann/hdd/research/engines/Piccolo/engine/3rdparty/glm/glm/ext/matrix_uint2x2.hpp,1,1,2
/media/ullmann/hdd/research/engines/Piccolo/engine/3rdparty/glm/glm/mat2x2.hpp,4,12,16
/media/ullmann/hdd/research/engines/Piccolo/engine/source/runtime/function/render/render_resource.h,4,6,10
/media/ullmann/hdd/research/engines/Piccolo/engine/3rdparty/glm/glm/ext/quaternion_exponential.hpp,5,2,7
/media/ullmann/hdd/research/engines/Piccolo/engine/3rdparty/glm/glm/ext/vector_bool4_precision.hpp,1,2,3
/media/ullmann/hdd/research/engines/Piccolo/engine/3rdparty/glm/glm/detail/type_vec4.hpp,4,17,21
/media/ullmann/hdd/research/engines/Piccolo/engine/3rdparty/glm/glm/vector_relational.hpp,3,7,10
/media/ullmann/hdd/research/engines/Piccolo/engine/3rdparty/glm/glm/ext/matrix_int4x4_sized.hpp,2,1,3
/media/ullmann/hdd/research/engines/Piccolo/engine/3rdparty/glm/glm/ext/vector_int4_sized.hpp,2,3,5
/media/ullmann/hdd/research/engines/Piccolo/engine/3rdparty/glm/glm/geometric.hpp,2,14,16
/media/ullmann/hdd/research/engines/Piccolo/engine/3rdparty/glm/glm/ext/matrix_int3x4_sized.hpp,2,1,3
/media/ullmann/hdd/research/engines/Piccolo/engine/3rdparty/glm/glm/integer.hpp,4,2,6
/media/ullmann/hdd/research/engines/Piccolo/engine/3rdparty/glm/glm/detail/func_integer.inl,0,1,1
/media/ullmann/hdd/research/engines/Piccolo/engine/3rdparty/glm/glm/gtc/reciprocal.hpp,2,1,3
/media/ullmann/hdd/research/engines/Piccolo/engine/3rdparty/glm/glm/gtc/reciprocal.inl,0,1,1
/media/ullmann/hdd/research/engines/Piccolo/engine/3rdparty/spdlog/bench/bench.cpp,1,0,1
/media/ullmann/hdd/research/engines/Piccolo/engine/3rdparty/spdlog/bench/utils.h,0,2,2
/media/ullmann/hdd/research/engines/Piccolo/engine/3rdparty/glm/glm/gtx/integer.hpp,3,1,4
/media/ullmann/hdd/research/engines/Piccolo/engine/3rdparty/glm/glm/gtx/matrix_major_storage.hpp,2,1,3
/media/ullmann/hdd/research/engines/Piccolo/engine/3rdparty/glm/glm/gtx/matrix_major_storage.inl,0,1,1
/media/ullmann/hdd/research/engines/Piccolo/engine/3rdparty/glm/glm/detail/type_mat2x2.hpp,2,6,8
/media/ullmann/hdd/research/engines/Piccolo/engine/source/meta_parser/parser/language_types/class.cpp,2,0,2
/media/ullmann/hdd/research/engines/Piccolo/engine/source/meta_parser/parser/language_types/class.h,2,6,8
/media/ullmann/hdd/research/engines/Piccolo/engine/3rdparty/glm/glm/ext/matrix_uint4x3_sized.hpp,2,1,3
/media/ullmann/hdd/research/engines/Piccolo/engine/3rdparty/glm/glm/ext/vector_uint4.hpp,1,3,4
/media/ullmann/hdd/research/engines/Piccolo/engine/source/runtime/function/framework/component/motor/motor_component.h,3,3,6
/media/ullmann/hdd/research/engines/Piccolo/engine/source/runtime/resource/res_type/components/motor.h,3,2,5
/media/ullmann/hdd/research/engines/Piccolo/engine/source/runtime/function/framework/component/mesh/mesh_component.cpp,9,0,9
/media/ullmann/hdd/research/engines/Piccolo/engine/source/runtime/function/render/render_system.h,4,12,16
/media/ullmann/hdd/research/engines/Piccolo/engine/source/runtime/resource/res_type/data/basic_shape.h,2,3,5
/media/ullmann/hdd/research/engines/Piccolo/engine/source/runtime/function/animation/utilities.cpp,2,0,2
/media/ullmann/hdd/research/engines/Piccolo/engine/source/runtime/function/animation/node.h,3,3,6
/media/ullmann/hdd/research/engines/Piccolo/engine/source/runtime/function/framework/object/object.cpp,7,0,7
/media/ullmann/hdd/research/engines/Piccolo/engine/source/runtime/resource/asset_manager/asset_manager.h,2,11,13
/media/ullmann/hdd/research/engines/Piccolo/engine/3rdparty/glm/glm/gtx/functions.hpp,4,1,5
/media/ullmann/hdd/research/engines/Piccolo/engine/3rdparty/glm/glm/gtx/functions.inl,0,1,1
/media/ullmann/hdd/research/engines/Piccolo/engine/3rdparty/VulkanSDK/include/vulkan/vulkan_core.h,1,1,2
/media/ullmann/hdd/research/engines/Piccolo/engine/3rdparty/VulkanSDK/include/vulkan/vk_platform.h,0,2,2
/media/ullmann/hdd/research/engines/Piccolo/engine/source/runtime/function/render/render_pipeline_base.cpp,2,0,2
/media/ullmann/hdd/research/engines/Piccolo/engine/3rdparty/glm/glm/ext/scalar_relational.hpp,2,1,3
/media/ullmann/hdd/research/engines/Piccolo/engine/3rdparty/glm/glm/detail/type_mat4x3.hpp,3,5,8
/media/ullmann/hdd/research/engines/Piccolo/engine/source/runtime/function/physics/jolt/utils.h,4,3,7
/media/ullmann/hdd/research/engines/Piccolo/engine/3rdparty/glm/glm/ext/matrix_transform.inl,0,1,1
/media/ullmann/hdd/research/engines/Piccolo/engine/3rdparty/glfw/src/init.c,1,0,1
/media/ullmann/hdd/research/engines/Piccolo/engine/3rdparty/glm/glm/gtx/optimum_pow.hpp,2,3,5
/media/ullmann/hdd/research/engines/Piccolo/engine/3rdparty/glm/glm/ext/matrix_clip_space.hpp,4,2,6
/media/ullmann/hdd/research/engines/Piccolo/engine/3rdparty/imgui/misc/single_file/imgui_single_file.h,6,0,6
/media/ullmann/hdd/research/engines/Piccolo/engine/source/editor/source/editor_global_context.cpp,5,0,5
/media/ullmann/hdd/research/engines/Piccolo/engine/3rdparty/spdlog/include/spdlog/fmt/bundled/format-inl.h,1,1,2
/media/ullmann/hdd/research/engines/Piccolo/engine/3rdparty/spdlog/include/spdlog/fmt/bundled/format.h,3,10,13
/media/ullmann/hdd/research/engines/Piccolo/engine/source/runtime/function/global/global_context.cpp,12,0,12
/media/ullmann/hdd/research/engines/Piccolo/engine/3rdparty/glm/glm/ext/vector_relational.hpp,2,6,8
/media/ullmann/hdd/research/engines/Piccolo/engine/3rdparty/glm/glm/ext/vector_int2_sized.hpp,2,3,5
/media/ullmann/hdd/research/engines/Piccolo/engine/source/meta_parser/parser/meta/meta_utils.h,3,3,6
/media/ullmann/hdd/research/engines/Piccolo/engine/3rdparty/glm/glm/packing.hpp,4,1,5
/media/ullmann/hdd/research/engines/Piccolo/engine/3rdparty/stb/tests/oversample/main.c,1,0,1
/media/ullmann/hdd/research/engines/Piccolo/engine/3rdparty/stb/tests/oversample/stb_wingraph.h,0,1,1
/media/ullmann/hdd/research/engines/Piccolo/engine/3rdparty/glm/glm/ext/quaternion_relational.hpp,2,3,5
/media/ullmann/hdd/research/engines/Piccolo/engine/source/runtime/resource/res_type/common/level.h,3,1,4
/media/ullmann/hdd/research/engines/Piccolo/engine/3rdparty/glm/glm/ext/matrix_int3x3_sized.hpp,2,1,3
/media/ullmann/hdd/research/engines/Piccolo/engine/source/runtime/function/framework/component/component.h,1,8,9
/media/ullmann/hdd/research/engines/Piccolo/engine/3rdparty/glm/glm/gtc/noise.hpp,10,1,11
/media/ullmann/hdd/research/engines/Piccolo/engine/3rdparty/glm/glm/gtc/noise.inl,0,1,1
/media/ullmann/hdd/research/engines/Piccolo/engine/3rdparty/glm/glm/ext/matrix_float2x4_precision.hpp,1,2,3
/media/ullmann/hdd/research/engines/Piccolo/engine/3rdparty/tinyobjloader/examples/obj_sticher/obj_sticher.cc,2,0,2
/media/ullmann/hdd/research/engines/Piccolo/engine/3rdparty/tinyobjloader/examples/obj_sticher/obj_writer.h,1,2,3
/media/ullmann/hdd/research/engines/Piccolo/engine/3rdparty/glm/glm/gtx/io.hpp,3,0,3
/media/ullmann/hdd/research/engines/Piccolo/engine/3rdparty/glm/glm/gtx/io.inl,0,1,1
/media/ullmann/hdd/research/engines/Piccolo/engine/source/runtime/function/render/passes/fxaa_pass.cpp,6,0,6
/media/ullmann/hdd/research/engines/Piccolo/engine/source/runtime/function/render/passes/fxaa_pass.h,1,2,3
/media/ullmann/hdd/research/engines/Piccolo/engine/source/runtime/function/animation/skeleton.h,2,3,5
/media/ullmann/hdd/research/engines/Piccolo/engine/source/runtime/resource/res_type/components/animation.h,2,2,4
/media/ullmann/hdd/research/engines/Piccolo/engine/3rdparty/spdlog/tests/main.cpp,1,0,1
/media/ullmann/hdd/research/engines/Piccolo/engine/3rdparty/spdlog/tests/catch.hpp,0,2,2
/media/ullmann/hdd/research/engines/Piccolo/engine/source/meta_parser/parser/generator/generator.cpp,3,0,3
/media/ullmann/hdd/research/engines/Piccolo/engine/3rdparty/spdlog/tests/test_stdout_api.cpp,1,0,1
/media/ullmann/hdd/research/engines/Piccolo/engine/3rdparty/spdlog/include/spdlog/fmt/bundled/color.h,1,0,1
/media/ullmann/hdd/research/engines/Piccolo/engine/3rdparty/glm/glm/detail/type_vec2.inl,0,1,1
/media/ullmann/hdd/research/engines/Piccolo/engine/3rdparty/glfw/src/null_joystick.c,1,0,1
/media/ullmann/hdd/research/engines/Piccolo/engine/3rdparty/glfw/src/wgl_context.h,0,1,1
/media/ullmann/hdd/research/engines/Piccolo/engine/3rdparty/glm/glm/gtx/color_space.hpp,2,1,3
/media/ullmann/hdd/research/engines/Piccolo/engine/source/runtime/core/log/log_system.h,0,3,3
/media/ullmann/hdd/research/engines/Piccolo/engine/3rdparty/glm/glm/detail/type_mat4x4.hpp,2,7,9
/media/ullmann/hdd/research/engines/Piccolo/engine/source/runtime/function/character/character.cpp,5,0,5
/media/ullmann/hdd/research/engines/Piccolo/engine/3rdparty/glm/glm/gtx/color_space_YCoCg.hpp,2,1,3
/media/ullmann/hdd/research/engines/Piccolo/engine/3rdparty/glm/glm/gtx/color_space_YCoCg.inl,0,1,1
/media/ullmann/hdd/research/engines/Piccolo/engine/3rdparty/glm/glm/ext/scalar_packing.hpp,2,1,3
/media/ullmann/hdd/research/engines/Piccolo/engine/3rdparty/glm/glm/ext/scalar_packing.inl,0,1,1
/media/ullmann/hdd/research/engines/Piccolo/engine/source/runtime/function/render/render_pass_base.h,1,3,4
/media/ullmann/hdd/research/engines/Piccolo/engine/source/runtime/function/render/rhi.h,0,5,5
/media/ullmann/hdd/research/engines/Piccolo/engine/source/editor/include/editor_ui.h,5,2,7
/media/ullmann/hdd/research/engines/Piccolo/engine/source/editor/include/axis.h,2,3,5
/media/ullmann/hdd/research/engines/Piccolo/engine/3rdparty/glm/glm/ext/quaternion_exponential.inl,0,1,1
/media/ullmann/hdd/research/engines/Piccolo/engine/source/runtime/core/math/random.h,0,2,2
/media/ullmann/hdd/research/engines/Piccolo/engine/source/runtime/function/animation/animation_loader.cpp,6,0,6
/media/ullmann/hdd/research/engines/Piccolo/engine/source/runtime/function/animation/utilities.h,0,3,3
/media/ullmann/hdd/research/engines/Piccolo/engine/3rdparty/glm/glm/gtx/matrix_decompose.hpp,7,0,7
/media/ullmann/hdd/research/engines/Piccolo/engine/source/meta_parser/parser/cursor/cursor.cpp,3,0,3
/media/ullmann/hdd/research/engines/Piccolo/engine/3rdparty/glm/glm/ext/quaternion_transform.inl,0,1,1
/media/ullmann/hdd/research/engines/Piccolo/engine/3rdparty/imgui/imstb_truetype.h,0,1,1
/media/ullmann/hdd/research/engines/Piccolo/engine/3rdparty/glm/glm/gtc/color_space.inl,0,1,1
/media/ullmann/hdd/research/engines/Piccolo/engine/3rdparty/imgui/backends/imgui_impl_android.cpp,1,0,1
/media/ullmann/hdd/research/engines/Piccolo/engine/3rdparty/imgui/backends/imgui_impl_android.h,0,1,1
/media/ullmann/hdd/research/engines/Piccolo/engine/3rdparty/glm/glm/ext/quaternion_geometric.hpp,4,3,7
/media/ullmann/hdd/research/engines/Piccolo/engine/3rdparty/glm/glm/trigonometric.hpp,3,8,11
/media/ullmann/hdd/research/engines/Piccolo/engine/source/runtime/function/physics/physics_scene.h,1,6,7
/media/ullmann/hdd/research/engines/Piccolo/engine/3rdparty/tinyobjloader/experimental/tinyobj_loader_opt.h,1,1,2
/media/ullmann/hdd/research/engines/Piccolo/engine/3rdparty/tinyobjloader/experimental/lfpAlloc/Allocator.hpp,0,1,1
/media/ullmann/hdd/research/engines/Piccolo/engine/3rdparty/glm/glm/gtc/integer.hpp,6,3,9
/media/ullmann/hdd/research/engines/Piccolo/engine/3rdparty/glm/glm/simd/exponential.h,1,0,1
/media/ullmann/hdd/research/engines/Piccolo/engine/3rdparty/glm/glm/simd/platform.h,1,3,4
/media/ullmann/hdd/research/engines/Piccolo/engine/3rdparty/glm/glm/gtx/bit.hpp,2,1,3
/media/ullmann/hdd/research/engines/Piccolo/engine/3rdparty/glm/glm/gtx/bit.inl,0,1,1
/media/ullmann/hdd/research/engines/Piccolo/engine/3rdparty/tinyobjloader/examples/voxelize/main.cc,2,0,2
/media/ullmann/hdd/research/engines/Piccolo/engine/3rdparty/tinyobjloader/examples/voxelize/voxelizer.h,0,1,1
/media/ullmann/hdd/research/engines/Piccolo/engine/3rdparty/glm/glm/ext/vector_uint2_sized.hpp,2,3,5
/media/ullmann/hdd/research/engines/Piccolo/engine/3rdparty/glm/glm/gtx/transform2.hpp,3,1,4
/media/ullmann/hdd/research/engines/Piccolo/engine/3rdparty/glm/glm/gtx/transform.hpp,3,3,6
/media/ullmann/hdd/research/engines/Piccolo/engine/3rdparty/glm/glm/ext/matrix_double2x3.hpp,1,2,3
/media/ullmann/hdd/research/engines/Piccolo/engine/3rdparty/glm/glm/detail/type_mat2x3.hpp,3,5,8
/media/ullmann/hdd/research/engines/Piccolo/engine/source/runtime/function/framework/level/level.h,1,7,8
/media/ullmann/hdd/research/engines/Piccolo/engine/3rdparty/spdlog/include/spdlog/pattern_formatter.h,1,0,1
/media/ullmann/hdd/research/engines/Piccolo/engine/3rdparty/spdlog/include/spdlog/pattern_formatter-inl.h,0,1,1
/media/ullmann/hdd/research/engines/Piccolo/engine/3rdparty/glm/glm/gtx/matrix_transform_2d.hpp,3,0,3
/media/ullmann/hdd/research/engines/Piccolo/engine/source/meta_parser/parser/parser/parser.h,6,4,10
/media/ullmann/hdd/research/engines/Piccolo/engine/source/meta_parser/parser/common/schema_module.h,1,2,3
/media/ullmann/hdd/research/engines/Piccolo/engine/3rdparty/glm/glm/ext/vector_int3.hpp,1,3,4
/media/ullmann/hdd/research/engines/Piccolo/engine/3rdparty/glm/glm/ext/vector_int2.hpp,1,3,4
/media/ullmann/hdd/research/engines/Piccolo/engine/3rdparty/glm/glm/gtx/number_precision.hpp,3,1,4
/media/ullmann/hdd/research/engines/Piccolo/engine/source/editor/include/editor_scene_manager.h,3,5,8
/media/ullmann/hdd/research/engines/Piccolo/engine/source/runtime/function/render/render_object.h,2,4,6
/media/ullmann/hdd/research/engines/Piccolo/engine/3rdparty/glm/glm/ext/vector_bool3_precision.hpp,1,2,3
/media/ullmann/hdd/research/engines/Piccolo/engine/source/editor/source/editor_file_service.cpp,6,0,6
/media/ullmann/hdd/research/engines/Piccolo/engine/source/runtime/resource/config_manager/config_manager.h,0,10,10
/media/ullmann/hdd/research/engines/Piccolo/engine/3rdparty/glm/glm/matrix.hpp,15,4,19
/media/ullmann/hdd/research/engines/Piccolo/engine/3rdparty/glm/glm/ext/matrix_double2x2.hpp,1,2,3
/media/ullmann/hdd/research/engines/Piccolo/engine/3rdparty/glm/glm/gtx/extend.hpp,2,1,3
/media/ullmann/hdd/research/engines/Piccolo/engine/3rdparty/glm/glm/gtx/extend.inl,0,1,1
/media/ullmann/hdd/research/engines/Piccolo/engine/3rdparty/spdlog/tests/test_async.cpp,2,0,2
/media/ullmann/hdd/research/engines/Piccolo/engine/3rdparty/spdlog/tests/test_sink.h,0,9,9
/media/ullmann/hdd/research/engines/Piccolo/engine/3rdparty/glfw/src/xkb_unicode.h,0,2,2
/media/ullmann/hdd/research/engines/Piccolo/engine/source/runtime/function/physics/physics_manager.cpp,7,0,7
/media/ullmann/hdd/research/engines/Piccolo/engine/3rdparty/glm/glm/ext/matrix_uint3x4_sized.hpp,2,1,3
/media/ullmann/hdd/research/engines/Piccolo/engine/3rdparty/glm/glm/gtx/optimum_pow.inl,0,1,1
/media/ullmann/hdd/research/engines/Piccolo/engine/source/meta_parser/parser/generator/serializer_generator.cpp,3,0,3
/media/ullmann/hdd/research/engines/Piccolo/engine/source/runtime/function/render/render_scene.h,6,4,10
/media/ullmann/hdd/research/engines/Piccolo/engine/source/runtime/function/render/render_entity.h,2,3,5
/media/ullmann/hdd/research/engines/Piccolo/engine/source/runtime/function/render/passes/pick_pass.cpp,5,0,5
/media/ullmann/hdd/research/engines/Piccolo/engine/source/runtime/function/render/render_helper.h,1,7,8
/media/ullmann/hdd/research/engines/Piccolo/engine/3rdparty/glm/glm/gtx/color_encoding.hpp,4,1,5
/media/ullmann/hdd/research/engines/Piccolo/engine/source/runtime/function/render/render_resource_base.h,3,3,6
/media/ullmann/hdd/research/engines/Piccolo/engine/3rdparty/glm/glm/ext/vector_double3_precision.hpp,1,2,3
/media/ullmann/hdd/research/engines/Piccolo/engine/3rdparty/glfw/src/win32_monitor.c,1,0,1
/media/ullmann/hdd/research/engines/Piccolo/engine/3rdparty/glm/glm/ext/matrix_uint3x2_sized.hpp,2,1,3
/media/ullmann/hdd/research/engines/Piccolo/engine/3rdparty/glm/glm/gtx/matrix_query.hpp,3,1,4
/media/ullmann/hdd/research/engines/Piccolo/engine/3rdparty/glm/glm/gtx/matrix_query.inl,0,1,1
/media/ullmann/hdd/research/engines/Piccolo/engine/source/runtime/function/render/render_swap_context.h,3,5,8
/media/ullmann/hdd/research/engines/Piccolo/engine/source/runtime/core/math/vector2.cpp,1,0,1
/media/ullmann/hdd/research/engines/Piccolo/engine/source/runtime/core/math/vector2.h,2,8,10
/media/ullmann/hdd/research/engines/Piccolo/engine/3rdparty/glm/glm/gtx/hash.inl,0,1,1
/media/ullmann/hdd/research/engines/Piccolo/engine/source/runtime/resource/res_type/global/global_rendering.h,4,1,5
/media/ullmann/hdd/research/engines/Piccolo/engine/3rdparty/glfw/include/GLFW/glfw3.h,0,1,1
/media/ullmann/hdd/research/engines/Piccolo/engine/3rdparty/imgui/imgui_tables.cpp,2,1,3
/media/ullmann/hdd/research/engines/Piccolo/engine/3rdparty/imgui/imgui_internal.h,2,4,6
/media/ullmann/hdd/research/engines/Piccolo/engine/source/runtime/function/render/passes/tone_mapping_pass.cpp,3,0,3
/media/ullmann/hdd/research/engines/Piccolo/engine/source/runtime/function/render/rhi/vulkan/vulkan_util.h,2,11,13
/media/ullmann/hdd/research/engines/Piccolo/engine/3rdparty/glm/glm/gtx/vector_query.hpp,2,3,5
/media/ullmann/hdd/research/engines/Piccolo/engine/3rdparty/glm/glm/gtx/vector_query.inl,0,1,1
/media/ullmann/hdd/research/engines/Piccolo/engine/source/runtime/core/math/vector4.h,3,4,7
/media/ullmann/hdd/research/engines/Piccolo/engine/3rdparty/glm/glm/detail/_vectorize.hpp,0,5,5
/media/ullmann/hdd/research/engines/Piccolo/engine/3rdparty/glm/glm/ext/vector_uint1_sized.hpp,2,3,5
/media/ullmann/hdd/research/engines/Piccolo/engine/3rdparty/glm/glm/ext/vector_uint1.hpp,1,3,4
/media/ullmann/hdd/research/engines/Piccolo/engine/source/runtime/function/render/render_pass.cpp,4,0,4
/media/ullmann/hdd/research/engines/Piccolo/engine/3rdparty/glm/glm/ext/scalar_ulp.hpp,4,2,6
/media/ullmann/hdd/research/engines/Piccolo/engine/3rdparty/glm/glm/ext/scalar_ulp.inl,0,1,1
/media/ullmann/hdd/research/engines/Piccolo/engine/3rdparty/glm/glm/detail/_swizzle.hpp,0,4,4
/media/ullmann/hdd/research/engines/Piccolo/engine/3rdparty/glm/glm/ext/scalar_common.hpp,2,3,5
/media/ullmann/hdd/research/engines/Piccolo/engine/3rdparty/glm/glm/gtx/exterior_product.hpp,3,0,3
/media/ullmann/hdd/research/engines/Piccolo/engine/3rdparty/glfw/deps/getopt.c,1,0,1
/media/ullmann/hdd/research/engines/Piccolo/engine/3rdparty/glfw/deps/getopt.h,0,1,1
/media/ullmann/hdd/research/engines/Piccolo/engine/3rdparty/glm/glm/ext/matrix_double2x2_precision.hpp,1,2,3
/media/ullmann/hdd/research/engines/Piccolo/engine/3rdparty/glfw/src/win32_window.c,1,0,1
/media/ullmann/hdd/research/engines/Piccolo/engine/source/runtime/resource/res_type/common/object.h,1,2,3
/media/ullmann/hdd/research/engines/Piccolo/engine/3rdparty/glm/glm/gtx/vector_angle.inl,0,1,1
/media/ullmann/hdd/research/engines/Piccolo/engine/3rdparty/glm/glm/ext/matrix_int4x2_sized.hpp,2,1,3
/media/ullmann/hdd/research/engines/Piccolo/engine/3rdparty/glm/glm/detail/type_half.hpp,2,0,2
/media/ullmann/hdd/research/engines/Piccolo/engine/3rdparty/glm/glm/ext/matrix_float4x3_precision.hpp,1,2,3
/media/ullmann/hdd/research/engines/Piccolo/engine/source/runtime/function/framework/world/world_manager.h,1,11,12
/media/ullmann/hdd/research/engines/Piccolo/engine/3rdparty/stb/tests/caveview/cave_main.c,3,0,3
/media/ullmann/hdd/research/engines/Piccolo/engine/3rdparty/stb/tests/caveview/stb_gl.h,0,3,3
/media/ullmann/hdd/research/engines/Piccolo/engine/3rdparty/glm/glm/gtc/round.hpp,6,1,7
/media/ullmann/hdd/research/engines/Piccolo/engine/3rdparty/glm/glm/gtc/round.inl,0,1,1
/media/ullmann/hdd/research/engines/Piccolo/engine/source/runtime/function/framework/component/transform/transform_component.h,4,11,15
/media/ullmann/hdd/research/engines/Piccolo/engine/source/runtime/function/render/passes/main_camera_pass.cpp,6,0,6
/media/ullmann/hdd/research/engines/Piccolo/engine/source/runtime/function/render/window_system.h,0,9,9
/media/ullmann/hdd/research/engines/Piccolo/engine/3rdparty/glm/glm/gtx/fast_square_root.hpp,4,2,6
/media/ullmann/hdd/research/engines/Piccolo/engine/3rdparty/VulkanSDK/include/vulkan/vulkan.h,6,0,6
/media/ullmann/hdd/research/engines/Piccolo/engine/3rdparty/VulkanSDK/include/vulkan/vulkan_win32.h,0,1,1
/media/ullmann/hdd/research/engines/Piccolo/engine/3rdparty/glm/glm/ext/vector_uint2.hpp,1,4,5
/media/ullmann/hdd/research/engines/Piccolo/engine/source/runtime/function/render/render_scene.cpp,5,0,5
/media/ullmann/hdd/research/engines/Piccolo/engine/source/editor/source/editor.cpp,9,0,9
/media/ullmann/hdd/research/engines/Piccolo/engine/3rdparty/imgui/imgui.cpp,2,1,3
/media/ullmann/hdd/research/engines/Piccolo/engine/3rdparty/glfw/src/egl_context.h,0,4,4
/media/ullmann/hdd/research/engines/Piccolo/engine/3rdparty/glm/glm/ext/matrix_uint3x3.hpp,1,1,2
/media/ullmann/hdd/research/engines/Piccolo/engine/source/runtime/function/physics/collision_detection.h,5,2,7
/media/ullmann/hdd/research/engines/Piccolo/engine/source/runtime/core/base/hash.h,0,2,2
/media/ullmann/hdd/research/engines/Piccolo/engine/source/runtime/resource/res_type/components/camera.h,2,2,4
/media/ullmann/hdd/research/engines/Piccolo/engine/3rdparty/glm/glm/gtx/matrix_factorisation.hpp,2,0,2
/media/ullmann/hdd/research/engines/Piccolo/engine/3rdparty/glm/glm/simd/common.h,1,1,2
/media/ullmann/hdd/research/engines/Piccolo/engine/source/runtime/core/math/matrix3.h,3,5,8
/media/ullmann/hdd/research/engines/Piccolo/engine/source/runtime/function/animation/animation_system.h,5,2,7
/media/ullmann/hdd/research/engines/Piccolo/engine/3rdparty/glm/glm/ext/matrix_uint2x4_sized.hpp,2,1,3
/media/ullmann/hdd/research/engines/Piccolo/engine/3rdparty/glm/glm/gtx/normal.hpp,2,1,3
/media/ullmann/hdd/research/engines/Piccolo/engine/3rdparty/glm/glm/ext/vector_uint3.hpp,1,3,4
/media/ullmann/hdd/research/engines/Piccolo/engine/3rdparty/spdlog/tests/test_stopwatch.cpp,2,0,2
/media/ullmann/hdd/research/engines/Piccolo/engine/3rdparty/JoltPhysics/Jolt/Math/Vec3.h,1,0,1
/media/ullmann/hdd/research/engines/Piccolo/engine/3rdparty/JoltPhysics/Jolt/Math/Vec3.inl,0,1,1
/media/ullmann/hdd/research/engines/Piccolo/engine/3rdparty/glm/glm/ext/matrix_uint2x4.hpp,1,1,2
/media/ullmann/hdd/research/engines/Piccolo/engine/3rdparty/glm/glm/mat2x4.hpp,4,10,14
/media/ullmann/hdd/research/engines/Piccolo/engine/3rdparty/spdlog/include/spdlog/fmt/bundled/xchar.h,1,2,3
/media/ullmann/hdd/research/engines/Piccolo/engine/source/runtime/function/render/passes/color_grading_pass.cpp,3,0,3
/media/ullmann/hdd/research/engines/Piccolo/engine/source/runtime/function/framework/component/camera/camera_component.h,3,2,5
/media/ullmann/hdd/research/engines/Piccolo/engine/3rdparty/glm/glm/ext/matrix_uint3x4.hpp,1,1,2
/media/ullmann/hdd/research/engines/Piccolo/engine/3rdparty/glm/glm/gtx/vec_swizzle.hpp,1,1,2
/media/ullmann/hdd/research/engines/Piccolo/engine/3rdparty/glfw/src/xkb_unicode.c,1,0,1
/media/ullmann/hdd/research/engines/Piccolo/engine/3rdparty/glm/glm/ext/scalar_constants.inl,0,1,1
/media/ullmann/hdd/research/engines/Piccolo/engine/3rdparty/stb/tests/caveview/stb_glprog.h,1,3,4
/media/ullmann/hdd/research/engines/Piccolo/engine/3rdparty/stb/tests/caveview/glext.h,0,1,1
/media/ullmann/hdd/research/engines/Piccolo/engine/source/runtime/function/controller/character_controller.cpp,6,0,6
/media/ullmann/hdd/research/engines/Piccolo/engine/3rdparty/glm/glm/ext/matrix_relational.hpp,2,1,3
/media/ullmann/hdd/research/engines/Piccolo/engine/3rdparty/glfw/deps/tinycthread.c,1,0,1
/media/ullmann/hdd/research/engines/Piccolo/engine/3rdparty/glfw/deps/tinycthread.h,0,1,1
/media/ullmann/hdd/research/engines/Piccolo/engine/source/meta_parser/parser/meta/meta_info.h,1,2,3
/media/ullmann/hdd/research/engines/Piccolo/engine/3rdparty/JoltPhysics/PerformanceTest/PerformanceTest.cpp,2,0,2
/media/ullmann/hdd/research/engines/Piccolo/engine/3rdparty/JoltPhysics/PerformanceTest/RagdollScene.h,2,1,3
/media/ullmann/hdd/research/engines/Piccolo/engine/source/meta_parser/parser/template_manager/template_manager.cpp,1,0,1
/media/ullmann/hdd/research/engines/Piccolo/engine/source/meta_parser/parser/template_manager/template_manager.h,1,3,4
/media/ullmann/hdd/research/engines/Piccolo/engine/source/runtime/function/physics/physics_actor.h,4,5,9
/media/ullmann/hdd/research/engines/Piccolo/engine/3rdparty/glfw/src/input.c,2,0,2
/media/ullmann/hdd/research/engines/Piccolo/engine/3rdparty/glm/glm/gtx/common.inl,0,1,1
/media/ullmann/hdd/research/engines/Piccolo/engine/3rdparty/spdlog/tests/test_misc.cpp,2,0,2
/media/ullmann/hdd/research/engines/Piccolo/engine/3rdparty/glm/glm/gtx/wrap.hpp,5,1,6
/media/ullmann/hdd/research/engines/Piccolo/engine/3rdparty/glm/glm/ext/vector_common.hpp,3,3,6
/media/ullmann/hdd/research/engines/Piccolo/engine/3rdparty/glm/glm/ext/vector_float2_precision.hpp,1,2,3
/media/ullmann/hdd/research/engines/Piccolo/engine/source/runtime/platform/path/path.h,0,3,3
/media/ullmann/hdd/research/engines/Piccolo/engine/3rdparty/glm/glm/gtx/rotate_normalized_axis.hpp,4,0,4
/media/ullmann/hdd/research/engines/Piccolo/engine/3rdparty/json11/json11.cpp,1,0,1
/media/ullmann/hdd/research/engines/Piccolo/engine/3rdparty/json11/json11.hpp,0,1,1
/media/ullmann/hdd/research/engines/Piccolo/engine/source/editor/source/main.cpp,2,0,2
/media/ullmann/hdd/research/engines/Piccolo/engine/source/meta_parser/parser/common/namespace.h,0,3,3
/media/ullmann/hdd/research/engines/Piccolo/engine/3rdparty/VulkanSDK/include/vulkan/vulkan_xcb.h,0,1,1
/media/ullmann/hdd/research/engines/Piccolo/engine/3rdparty/glm/glm/gtx/wrap.inl,0,1,1
/media/ullmann/hdd/research/engines/Piccolo/engine/3rdparty/spdlog/include/spdlog/details/registry-inl.h,0,1,1
/media/ullmann/hdd/research/engines/Piccolo/engine/3rdparty/JoltPhysics/UnitTests/UnitTestFramework.h,1,1,2
/media/ullmann/hdd/research/engines/Piccolo/engine/3rdparty/JoltPhysics/UnitTests/doctest.h,0,2,2
/media/ullmann/hdd/research/engines/Piccolo/engine/3rdparty/glfw/src/osmesa_context.c,1,0,1
/media/ullmann/hdd/research/engines/Piccolo/engine/3rdparty/glm/glm/gtx/spline.hpp,3,1,4
/media/ullmann/hdd/research/engines/Piccolo/engine/source/runtime/resource/asset_manager/asset_manager.cpp,3,0,3
/media/ullmann/hdd/research/engines/Piccolo/engine/source/runtime/function/render/passes/tone_mapping_pass.h,1,3,4
/media/ullmann/hdd/research/engines/Piccolo/engine/3rdparty/glfw/src/cocoa_platform.h,5,0,5
/media/ullmann/hdd/research/engines/Piccolo/engine/source/runtime/function/render/render_camera.cpp,1,0,1
/media/ullmann/hdd/research/engines/Piccolo/engine/3rdparty/glm/glm/gtx/intersect.hpp,5,1,6
/media/ullmann/hdd/research/engines/Piccolo/engine/3rdparty/glm/glm/gtc/epsilon.hpp,3,4,7
/media/ullmann/hdd/research/engines/Piccolo/engine/3rdparty/glm/glm/gtc/epsilon.inl,0,1,1
/media/ullmann/hdd/research/engines/Piccolo/engine/source/runtime/function/render/light.h,2,1,3
/media/ullmann/hdd/research/engines/Piccolo/engine/source/runtime/function/render/render_type.h,1,7,8
/media/ullmann/hdd/research/engines/Piccolo/engine/source/runtime/function/animation/animation_system.cpp,4,0,4
/media/ullmann/hdd/research/engines/Piccolo/engine/3rdparty/glm/glm/ext/matrix_int2x2_sized.hpp,2,1,3
/media/ullmann/hdd/research/engines/Piccolo/engine/3rdparty/tinyobjloader/tiny_obj_loader.h,1,7,8
/media/ullmann/hdd/research/engines/Piccolo/engine/3rdparty/tinyobjloader/mapbox/earcut.hpp,0,1,1
/media/ullmann/hdd/research/engines/Piccolo/engine/source/runtime/core/meta/reflection/reflection.cpp,1,0,1
/media/ullmann/hdd/research/engines/Piccolo/engine/3rdparty/stb/tests/c_lexer_test.c,1,0,1
/media/ullmann/hdd/research/engines/Piccolo/engine/3rdparty/stb/stb_c_lexer.h,0,2,2
/media/ullmann/hdd/research/engines/Piccolo/engine/3rdparty/glm/glm/ext/matrix_double4x3_precision.hpp,1,2,3
/media/ullmann/hdd/research/engines/Piccolo/engine/3rdparty/glm/glm/ext/vector_double4.hpp,1,2,3
/media/ullmann/hdd/research/engines/Piccolo/engine/3rdparty/glm/glm/ext/scalar_integer.inl,0,1,1
/media/ullmann/hdd/research/engines/Piccolo/engine/3rdparty/glfw/src/posix_time.h,0,3,3
/media/ullmann/hdd/research/engines/Piccolo/engine/source/runtime/function/render/render_mesh.h,1,6,7
/media/ullmann/hdd/research/engines/Piccolo/engine/3rdparty/glm/glm/detail/type_mat4x4.inl,0,1,1
/media/ullmann/hdd/research/engines/Piccolo/engine/3rdparty/glm/glm/ext/vector_uint4_sized.hpp,2,3,5
/media/ullmann/hdd/research/engines/Piccolo/engine/source/editor/include/editor_file_service.h,0,2,2
/media/ullmann/hdd/research/engines/Piccolo/engine/3rdparty/glfw/src/win32_time.c,1,0,1
/media/ullmann/hdd/research/engines/Piccolo/engine/3rdparty/glm/glm/ext/vector_common.inl,0,1,1
/media/ullmann/hdd/research/engines/Piccolo/engine/source/editor/include/editor_global_context.h,0,5,5
/media/ullmann/hdd/research/engines/Piccolo/engine/source/runtime/resource/res_type/components/motor.cpp,2,0,2
/media/ullmann/hdd/research/engines/Piccolo/engine/source/runtime/function/framework/object/object_id_allocator.h,0,5,5
/media/ullmann/hdd/research/engines/Piccolo/engine/3rdparty/spdlog/tests/test_daily_logger.cpp,1,0,1
/media/ullmann/hdd/research/engines/Piccolo/engine/source/runtime/resource/res_type/data/mesh_data.h,1,1,2
/media/ullmann/hdd/research/engines/Piccolo/engine/source/runtime/function/ui/window_ui.cpp,1,0,1
/media/ullmann/hdd/research/engines/Piccolo/engine/source/runtime/function/ui/window_ui.h,0,3,3
/media/ullmann/hdd/research/engines/Piccolo/engine/source/runtime/resource/res_type/data/material.h,1,1,2
/media/ullmann/hdd/research/engines/Piccolo/engine/3rdparty/VulkanSDK/include/vulkan/vulkan_android.h,0,1,1
/media/ullmann/hdd/research/engines/Piccolo/engine/3rdparty/glm/glm/gtx/color_space.inl,0,1,1
/media/ullmann/hdd/research/engines/Piccolo/engine/source/editor/include/editor.h,1,4,5
/media/ullmann/hdd/research/engines/Piccolo/engine/source/runtime/resource/res_type/data/blend_state.h,3,2,5
/media/ullmann/hdd/research/engines/Piccolo/engine/source/runtime/function/input/input_system.cpp,7,0,7
/media/ullmann/hdd/research/engines/Piccolo/engine/3rdparty/spdlog/include/spdlog/details/periodic_worker.h,1,0,1
/media/ullmann/hdd/research/engines/Piccolo/engine/3rdparty/spdlog/include/spdlog/details/periodic_worker-inl.h,0,1,1
/media/ullmann/hdd/research/engines/Piccolo/engine/3rdparty/glm/glm/ext/matrix_int4x2.hpp,1,1,2
/media/ullmann/hdd/research/engines/Piccolo/engine/3rdparty/glfw/src/wl_platform.h,7,0,7
/media/ullmann/hdd/research/engines/Piccolo/engine/3rdparty/glfw/src/osmesa_context.h,0,5,5
/media/ullmann/hdd/research/engines/Piccolo/engine/3rdparty/glm/glm/ext/matrix_float2x2.hpp,1,2,3
/media/ullmann/hdd/research/engines/Piccolo/engine/3rdparty/spdlog/tests/test_backtrace.cpp,2,0,2
/media/ullmann/hdd/research/engines/Piccolo/engine/3rdparty/glm/glm/gtx/spline.inl,0,1,1
/media/ullmann/hdd/research/engines/Piccolo/engine/3rdparty/glm/glm/detail/type_half.inl,0,1,1
/media/ullmann/hdd/research/engines/Piccolo/engine/source/runtime/platform/file_service/file_service.h,0,3,3
/media/ullmann/hdd/research/engines/Piccolo/engine/3rdparty/glm/glm/ext/vector_float3_precision.hpp,1,2,3
/media/ullmann/hdd/research/engines/Piccolo/engine/3rdparty/glm/glm/ext/matrix_double3x3_precision.hpp,1,2,3
/media/ullmann/hdd/research/engines/Piccolo/engine/source/runtime/function/render/passes/point_light_pass.cpp,5,0,5
/media/ullmann/hdd/research/engines/Piccolo/engine/3rdparty/glm/glm/gtc/bitfield.inl,0,1,1
/media/ullmann/hdd/research/engines/Piccolo/engine/3rdparty/glm/glm/ext/vector_double3.hpp,1,2,3
/media/ullmann/hdd/research/engines/Piccolo/engine/3rdparty/glm/glm/gtc/ulp.inl,0,1,1
/media/ullmann/hdd/research/engines/Piccolo/engine/3rdparty/glm/glm/detail/_noise.hpp,1,1,2
/media/ullmann/hdd/research/engines/Piccolo/engine/3rdparty/glm/glm/ext/matrix_float4x3.hpp,1,2,3
/media/ullmann/hdd/research/engines/Piccolo/engine/3rdparty/glm/glm/ext/matrix_uint2x3.hpp,1,1,2
/media/ullmann/hdd/research/engines/Piccolo/engine/3rdparty/glm/glm/ext/matrix_double4x4_precision.hpp,1,2,3
/media/ullmann/hdd/research/engines/Piccolo/engine/source/runtime/resource/res_type/data/skeleton_mask.h,1,4,5
/media/ullmann/hdd/research/engines/Piccolo/engine/3rdparty/glm/glm/ext/matrix_double3x3.hpp,1,2,3
/media/ullmann/hdd/research/engines/Piccolo/engine/source/runtime/resource/res_type/data/animation_skeleton_node_map.h,1,3,4
/media/ullmann/hdd/research/engines/Piccolo/engine/3rdparty/spdlog/include/spdlog/cfg/helpers.h,1,0,1
/media/ullmann/hdd/research/engines/Piccolo/engine/3rdparty/spdlog/include/spdlog/cfg/helpers-inl.h,0,1,1
/media/ullmann/hdd/research/engines/Piccolo/engine/3rdparty/glm/glm/ext/vector_double4_precision.hpp,2,2,4
/media/ullmann/hdd/research/engines/Piccolo/engine/3rdparty/spdlog/include/spdlog/common.h,1,0,1
/media/ullmann/hdd/research/engines/Piccolo/engine/3rdparty/spdlog/include/spdlog/common-inl.h,0,1,1
/media/ullmann/hdd/research/engines/Piccolo/engine/source/runtime/core/meta/reflection/reflection_register.cpp,4,0,4
/media/ullmann/hdd/research/engines/Piccolo/engine/source/runtime/core/meta/json.h,0,3,3
/media/ullmann/hdd/research/engines/Piccolo/engine/3rdparty/glm/glm/ext/matrix_float3x2.hpp,1,2,3
/media/ullmann/hdd/research/engines/Piccolo/engine/3rdparty/stb/tests/caveview/cave_mesher.c,4,0,4
/media/ullmann/hdd/research/engines/Piccolo/engine/3rdparty/stb/tests/caveview/caveview.h,1,3,4
/media/ullmann/hdd/research/engines/Piccolo/engine/3rdparty/glm/glm/ext/matrix_uint2x2_sized.hpp,2,1,3
/media/ullmann/hdd/research/engines/Piccolo/engine/3rdparty/stb/tests/caveview/cave_parse.h,0,4,4
/media/ullmann/hdd/research/engines/Piccolo/engine/3rdparty/glfw/src/window.c,1,0,1
/media/ullmann/hdd/research/engines/Piccolo/engine/3rdparty/glm/glm/detail/_swizzle_func.hpp,0,4,4
/media/ullmann/hdd/research/engines/Piccolo/engine/3rdparty/imgui/backends/imgui_impl_allegro5.cpp,1,0,1
/media/ullmann/hdd/research/engines/Piccolo/engine/3rdparty/imgui/backends/imgui_impl_allegro5.h,0,1,1
/media/ullmann/hdd/research/engines/Piccolo/engine/source/meta_parser/parser/cursor/cursor_type.cpp,3,0,3
/media/ullmann/hdd/research/engines/Piccolo/engine/3rdparty/glm/glm/ext/quaternion_double.hpp,1,2,3
/media/ullmann/hdd/research/engines/Piccolo/engine/3rdparty/stb/tests/test_ds.c,1,0,1
/media/ullmann/hdd/research/engines/Piccolo/engine/3rdparty/glm/glm/gtx/closest_point.hpp,2,2,4
/media/ullmann/hdd/research/engines/Piccolo/engine/source/meta_parser/parser/generator/reflection_generator.h,1,2,3
/media/ullmann/hdd/research/engines/Piccolo/engine/3rdparty/glm/glm/gtx/matrix_transform_2d.inl,0,1,1
/media/ullmann/hdd/research/engines/Piccolo/engine/3rdparty/glfw/src/null_platform.h,4,0,4
/media/ullmann/hdd/research/engines/Piccolo/engine/3rdparty/glm/glm/ext/matrix_float2x3.hpp,1,2,3
/media/ullmann/hdd/research/engines/Piccolo/engine/source/runtime/core/math/matrix3.cpp,1,0,1
/media/ullmann/hdd/research/engines/Piccolo/engine/3rdparty/JoltPhysics/Jolt/Physics/Body/Body.h,1,0,1
/media/ullmann/hdd/research/engines/Piccolo/engine/3rdparty/JoltPhysics/Jolt/Physics/Body/Body.inl,0,1,1
/media/ullmann/hdd/research/engines/Piccolo/engine/source/runtime/function/physics/collision_detection.cpp,1,0,1
/media/ullmann/hdd/research/engines/Piccolo/engine/source/runtime/function/framework/object/object_id_allocator.cpp,2,0,2
/media/ullmann/hdd/research/engines/Piccolo/engine/3rdparty/imgui/backends/imgui_impl_glfw.cpp,1,0,1
/media/ullmann/hdd/research/engines/Piccolo/engine/3rdparty/imgui/backends/imgui_impl_glfw.h,0,1,1
/media/ullmann/hdd/research/engines/Piccolo/engine/source/runtime/platform/file_service/file_service.cpp,1,0,1
/media/ullmann/hdd/research/engines/Piccolo/engine/source/runtime/resource/res_type/components/camera.cpp,2,0,2
/media/ullmann/hdd/research/engines/Piccolo/engine/3rdparty/glm/glm/detail/_fixes.hpp,0,3,3
/media/ullmann/hdd/research/engines/Piccolo/engine/3rdparty/imgui/backends/imgui_impl_dx12.cpp,1,0,1
/media/ullmann/hdd/research/engines/Piccolo/engine/3rdparty/imgui/backends/imgui_impl_dx12.h,0,1,1
/media/ullmann/hdd/research/engines/Piccolo/engine/3rdparty/glm/glm/ext/matrix_float2x2_precision.hpp,1,2,3
/media/ullmann/hdd/research/engines/Piccolo/engine/3rdparty/glm/glm/ext/quaternion_trigonometric.inl,0,1,1
/media/ullmann/hdd/research/engines/Piccolo/engine/3rdparty/glm/glm/gtx/range.hpp,3,1,4
/media/ullmann/hdd/research/engines/Piccolo/engine/source/runtime/function/physics/physics_scene.cpp,5,0,5
/media/ullmann/hdd/research/engines/Piccolo/engine/source/runtime/function/render/render_resource_base.cpp,6,0,6
/media/ullmann/hdd/research/engines/Piccolo/engine/source/meta_parser/parser/parser/parser.cpp,5,0,5
/media/ullmann/hdd/research/engines/Piccolo/engine/3rdparty/imgui/examples/libs/usynergy/uSynergy.c,1,0,1
/media/ullmann/hdd/research/engines/Piccolo/engine/3rdparty/imgui/examples/libs/usynergy/uSynergy.h,0,1,1
/media/ullmann/hdd/research/engines/Piccolo/engine/source/runtime/function/physics/physics_manager.h,1,4,5
/media/ullmann/hdd/research/engines/Piccolo/engine/3rdparty/glm/glm/gtc/integer.inl,0,1,1
/media/ullmann/hdd/research/engines/Piccolo/engine/3rdparty/glm/glm/ext/vector_float2.hpp,1,3,4
/media/ullmann/hdd/research/engines/Piccolo/engine/3rdparty/stb/tests/caveview/cave_parse.c,1,0,1
/media/ullmann/hdd/research/engines/Piccolo/engine/3rdparty/glfw/src/linux_joystick.h,0,2,2
/media/ullmann/hdd/research/engines/Piccolo/engine/3rdparty/glm/glm/gtx/log_base.hpp,2,1,3
/media/ullmann/hdd/research/engines/Piccolo/engine/3rdparty/glm/glm/gtx/std_based_type.hpp,2,1,3
/media/ullmann/hdd/research/engines/Piccolo/engine/source/runtime/function/physics/physics_aabb_shape.h,2,0,2
/media/ullmann/hdd/research/engines/Piccolo/engine/3rdparty/glm/glm/gtx/matrix_decompose.inl,0,1,1
/media/ullmann/hdd/research/engines/Piccolo/engine/3rdparty/spdlog/tests/test_file_logging.cpp,1,0,1
/media/ullmann/hdd/research/engines/Piccolo/engine/source/meta_parser/parser/generator/reflection_generator.cpp,4,0,4
/media/ullmann/hdd/research/engines/Piccolo/engine/source/runtime/function/framework/component/mesh/mesh_component.h,3,2,5
/media/ullmann/hdd/research/engines/Piccolo/engine/source/runtime/resource/res_type/components/mesh.h,2,1,3
/media/ullmann/hdd/research/engines/Piccolo/engine/3rdparty/glm/glm/ext/vector_float3.hpp,1,2,3
/media/ullmann/hdd/research/engines/Piccolo/engine/3rdparty/glm/glm/gtx/mixed_product.hpp,2,1,3
/media/ullmann/hdd/research/engines/Piccolo/engine/3rdparty/glm/glm/ext/matrix_float2x3_precision.hpp,1,2,3
/media/ullmann/hdd/research/engines/Piccolo/engine/source/runtime/function/physics/physics_actor.cpp,4,0,4
/media/ullmann/hdd/research/engines/Piccolo/engine/3rdparty/spdlog/tests/test_create_dir.cpp,1,0,1
/media/ullmann/hdd/research/engines/Piccolo/engine/3rdparty/imgui/misc/freetype/imgui_freetype.cpp,1,0,1
/media/ullmann/hdd/research/engines/Piccolo/engine/3rdparty/glm/glm/ext/matrix_float3x4_precision.hpp,1,2,3
/media/ullmann/hdd/research/engines/Piccolo/engine/source/meta_parser/parser/main.cpp,2,0,2
/media/ullmann/hdd/research/engines/Piccolo/engine/3rdparty/stb/tests/caveview/cave_render.c,4,0,4
/media/ullmann/hdd/research/engines/Piccolo/engine/3rdparty/spdlog/tests/test_fmt_helper.cpp,1,0,1
/media/ullmann/hdd/research/engines/Piccolo/engine/3rdparty/glm/glm/ext/vector_bool2_precision.hpp,1,2,3
/media/ullmann/hdd/research/engines/Piccolo/engine/3rdparty/glm/glm/gtx/matrix_operation.hpp,2,1,3
/media/ullmann/hdd/research/engines/Piccolo/engine/source/runtime/resource/res_type/data/skeleton_data.h,2,3,5
/media/ullmann/hdd/research/engines/Piccolo/engine/3rdparty/glm/glm/ext/matrix_float4x4.hpp,1,2,3
/media/ullmann/hdd/research/engines/Piccolo/engine/3rdparty/glm/glm/gtx/type_trait.hpp,4,0,4
/media/ullmann/hdd/research/engines/Piccolo/engine/3rdparty/glm/glm/gtx/type_trait.inl,0,1,1
/media/ullmann/hdd/research/engines/Piccolo/engine/3rdparty/glm/glm/gtx/fast_trigonometry.hpp,2,1,3
/media/ullmann/hdd/research/engines/Piccolo/engine/3rdparty/glm/glm/gtx/fast_trigonometry.inl,0,1,1
/media/ullmann/hdd/research/engines/Piccolo/engine/3rdparty/glm/glm/ext/matrix_uint3x2.hpp,1,1,2
/media/ullmann/hdd/research/engines/Piccolo/engine/3rdparty/glm/glm/gtx/normalize_dot.hpp,2,1,3
/media/ullmann/hdd/research/engines/Piccolo/engine/3rdparty/glm/glm/ext/matrix_double4x4.hpp,1,2,3
/media/ullmann/hdd/research/engines/Piccolo/engine/3rdparty/glm/glm/ext/vector_int4.hpp,1,3,4
/media/ullmann/hdd/research/engines/Piccolo/engine/3rdparty/glm/glm/gtx/handed_coordinate_space.hpp,2,1,3
/media/ullmann/hdd/research/engines/Piccolo/engine/3rdparty/glm/glm/gtx/string_cast.hpp,5,1,6
/media/ullmann/hdd/research/engines/Piccolo/engine/3rdparty/glfw/src/vulkan.c,1,0,1
/media/ullmann/hdd/research/engines/Piccolo/engine/3rdparty/spdlog/tests/test_pattern_formatter.cpp,2,0,2
/media/ullmann/hdd/research/engines/Piccolo/engine/3rdparty/glm/glm/ext/matrix_projection.inl,0,1,1
/media/ullmann/hdd/research/engines/Piccolo/engine/3rdparty/spdlog/tests/test_dup_filter.cpp,2,0,2
/media/ullmann/hdd/research/engines/Piccolo/engine/source/runtime/resource/res_type/data/camera_config.h,3,1,4
/media/ullmann/hdd/research/engines/Piccolo/engine/3rdparty/spdlog/include/spdlog/details/file_helper.h,1,0,1
/media/ullmann/hdd/research/engines/Piccolo/engine/3rdparty/spdlog/include/spdlog/details/file_helper-inl.h,0,1,1
/media/ullmann/hdd/research/engines/Piccolo/engine/3rdparty/JoltPhysics/Jolt/Core/LockFreeHashMap.h,1,0,1
/media/ullmann/hdd/research/engines/Piccolo/engine/3rdparty/JoltPhysics/Jolt/Core/LockFreeHashMap.inl,0,1,1
/media/ullmann/hdd/research/engines/Piccolo/engine/3rdparty/glm/glm/ext/quaternion_geometric.inl,0,1,1
/media/ullmann/hdd/research/engines/Piccolo/engine/3rdparty/glm/glm/gtx/string_cast.inl,0,1,1
/media/ullmann/hdd/research/engines/Piccolo/engine/3rdparty/spdlog/include/spdlog/sinks/stdout_color_sinks.h,1,0,1
/media/ullmann/hdd/research/engines/Piccolo/engine/3rdparty/spdlog/include/spdlog/sinks/stdout_color_sinks-inl.h,0,1,1
/media/ullmann/hdd/research/engines/Piccolo/engine/3rdparty/glm/glm/detail/type_vec3.inl,0,1,1
/media/ullmann/hdd/research/engines/Piccolo/engine/source/runtime/function/framework/world/world_manager.cpp,6,0,6
/media/ullmann/hdd/research/engines/Piccolo/engine/3rdparty/glm/glm/gtx/fast_exponential.hpp,2,1,3
/media/ullmann/hdd/research/engines/Piccolo/engine/source/runtime/core/meta/meta_example.cpp,2,0,2
/media/ullmann/hdd/research/engines/Piccolo/engine/3rdparty/JoltPhysics/UnitTests/PhysicsTestContext.cpp,2,0,2
/media/ullmann/hdd/research/engines/Piccolo/engine/3rdparty/glm/glm/ext/quaternion_float.hpp,1,2,3
/media/ullmann/hdd/research/engines/Piccolo/engine/source/runtime/function/framework/component/transform/transform_component.cpp,3,0,3
/media/ullmann/hdd/research/engines/Piccolo/engine/source/runtime/function/framework/component/rigidbody/rigidbody_component.h,3,2,5
/media/ullmann/hdd/research/engines/Piccolo/engine/3rdparty/glm/glm/gtx/raw_data.hpp,3,1,4
/media/ullmann/hdd/research/engines/Piccolo/engine/3rdparty/glm/glm/gtx/projection.hpp,2,2,4
/media/ullmann/hdd/research/engines/Piccolo/engine/3rdparty/glm/glm/gtx/projection.inl,0,1,1
/media/ullmann/hdd/research/engines/Piccolo/engine/3rdparty/glfw/src/null_joystick.h,0,3,3
/media/ullmann/hdd/research/engines/Piccolo/engine/3rdparty/glfw/src/x11_init.c,1,0,1
/media/ullmann/hdd/research/engines/Piccolo/engine/3rdparty/glfw/src/x11_monitor.c,1,0,1
/media/ullmann/hdd/research/engines/Piccolo/engine/3rdparty/glm/glm/ext/vector_packing.hpp,2,2,4
/media/ullmann/hdd/research/engines/Piccolo/engine/3rdparty/glm/glm/ext/vector_packing.inl,0,1,1
/media/ullmann/hdd/research/engines/Piccolo/engine/3rdparty/spdlog/tests/test_mpmc_q.cpp,1,0,1
/media/ullmann/hdd/research/engines/Piccolo/engine/source/runtime/function/render/passes/directional_light_pass.cpp,5,0,5
/media/ullmann/hdd/research/engines/Piccolo/engine/source/runtime/function/render/passes/directional_light_pass.h,1,2,3
/media/ullmann/hdd/research/engines/Piccolo/engine/3rdparty/glfw/src/wl_init.c,1,0,1
/media/ullmann/hdd/research/engines/Piccolo/engine/source/runtime/core/meta/meta_example.h,1,1,2
/media/ullmann/hdd/research/engines/Piccolo/engine/3rdparty/glm/glm/gtx/matrix_factorisation.inl,0,1,1
/media/ullmann/hdd/research/engines/Piccolo/engine/3rdparty/glm/glm/gtx/polar_coordinates.hpp,2,1,3
/media/ullmann/hdd/research/engines/Piccolo/engine/3rdparty/JoltPhysics/UnitTests/PhysicsTestContext.h,1,1,2
/media/ullmann/hdd/research/engines/Piccolo/engine/3rdparty/JoltPhysics/UnitTests/Layers.h,0,1,1
/media/ullmann/hdd/research/engines/Piccolo/engine/3rdparty/glm/glm/ext/matrix_int2x3.hpp,1,1,2
/media/ullmann/hdd/research/engines/Piccolo/engine/3rdparty/glm/glm/ext/vector_double1.hpp,1,2,3
/media/ullmann/hdd/research/engines/Piccolo/engine/source/runtime/function/render/render_helper.cpp,4,0,4
/media/ullmann/hdd/research/engines/Piccolo/engine/3rdparty/glm/glm/ext/matrix_double4x2_precision.hpp,1,2,3
/media/ullmann/hdd/research/engines/Piccolo/engine/3rdparty/glm/glm/gtx/easing.hpp,4,0,4
/media/ullmann/hdd/research/engines/Piccolo/engine/3rdparty/glfw/src/win32_init.c,1,0,1
/media/ullmann/hdd/research/engines/Piccolo/engine/3rdparty/glm/glm/ext/vector_float1.hpp,1,2,3
/media/ullmann/hdd/research/engines/Piccolo/engine/3rdparty/glfw/src/wgl_context.c,1,0,1
/media/ullmann/hdd/research/engines/Piccolo/engine/3rdparty/imgui/backends/imgui_impl_dx9.cpp,1,0,1
/media/ullmann/hdd/research/engines/Piccolo/engine/3rdparty/imgui/backends/imgui_impl_dx9.h,0,1,1
/media/ullmann/hdd/research/engines/Piccolo/engine/3rdparty/glm/glm/ext/vector_double1_precision.hpp,1,2,3
/media/ullmann/hdd/research/engines/Piccolo/engine/3rdparty/glm/glm/gtx/std_based_type.inl,0,1,1
/media/ullmann/hdd/research/engines/Piccolo/engine/3rdparty/JoltPhysics/Jolt/Math/UVec4.h,1,0,1
/media/ullmann/hdd/research/engines/Piccolo/engine/3rdparty/JoltPhysics/Jolt/Math/UVec4.inl,0,1,1
/media/ullmann/hdd/research/engines/Piccolo/engine/3rdparty/glm/glm/ext/matrix_clip_space.inl,0,1,1
/media/ullmann/hdd/research/engines/Piccolo/engine/3rdparty/tinyobjloader/tests/tester.cc,2,0,2
/media/ullmann/hdd/research/engines/Piccolo/engine/3rdparty/tinyobjloader/tests/acutest.h,0,1,1
/media/ullmann/hdd/research/engines/Piccolo/engine/3rdparty/spdlog/include/spdlog/sinks/ansicolor_sink.h,1,0,1
/media/ullmann/hdd/research/engines/Piccolo/engine/3rdparty/spdlog/include/spdlog/sinks/ansicolor_sink-inl.h,0,1,1
/media/ullmann/hdd/research/engines/Piccolo/engine/3rdparty/glm/glm/detail/func_exponential.inl,0,1,1
/media/ullmann/hdd/research/engines/Piccolo/engine/3rdparty/glm/glm/ext/matrix_int2x4_sized.hpp,2,1,3
/media/ullmann/hdd/research/engines/Piccolo/engine/3rdparty/glm/glm/ext/matrix_double2x4.hpp,1,2,3
/media/ullmann/hdd/research/engines/Piccolo/engine/source/runtime/function/render/rhi.cpp,1,0,1
/media/ullmann/hdd/research/engines/Piccolo/engine/3rdparty/tinyobjloader/experimental/viewer.cc,2,0,2
/media/ullmann/hdd/research/engines/Piccolo/engine/3rdparty/tinyobjloader/experimental/trackball.h,0,2,2
/media/ullmann/hdd/research/engines/Piccolo/engine/3rdparty/stb/tests/stblib_test_companion.c,1,0,1
/media/ullmann/hdd/research/engines/Piccolo/engine/3rdparty/stb/tests/prerelease/stb_lib.h,0,2,2
/media/ullmann/hdd/research/engines/Piccolo/engine/source/runtime/resource/config_manager/config_manager.cpp,2,0,2
/media/ullmann/hdd/research/engines/Piccolo/engine/3rdparty/spdlog/include/spdlog/details/os.h,1,0,1
/media/ullmann/hdd/research/engines/Piccolo/engine/3rdparty/spdlog/include/spdlog/details/os-inl.h,0,1,1
/media/ullmann/hdd/research/engines/Piccolo/engine/3rdparty/spdlog/include/spdlog/sinks/rotating_file_sink.h,1,0,1
/media/ullmann/hdd/research/engines/Piccolo/engine/3rdparty/spdlog/include/spdlog/sinks/rotating_file_sink-inl.h,0,1,1
/media/ullmann/hdd/research/engines/Piccolo/engine/3rdparty/glm/glm/gtx/perpendicular.hpp,3,1,4
/media/ullmann/hdd/research/engines/Piccolo/engine/3rdparty/imgui/backends/imgui_impl_sdlrenderer.cpp,1,0,1
/media/ullmann/hdd/research/engines/Piccolo/engine/3rdparty/imgui/backends/imgui_impl_sdlrenderer.h,0,1,1
/media/ullmann/hdd/research/engines/Piccolo/engine/3rdparty/glm/glm/ext/matrix_float2x4.hpp,1,2,3
/media/ullmann/hdd/research/engines/Piccolo/engine/3rdparty/spdlog/tests/test_time_point.cpp,2,0,2
/media/ullmann/hdd/research/engines/Piccolo/engine/3rdparty/glfw/src/wl_window.c,1,0,1
/media/ullmann/hdd/research/engines/Piccolo/engine/3rdparty/glm/glm/detail/type_mat3x2.inl,0,1,1
/media/ullmann/hdd/research/engines/Piccolo/engine/3rdparty/glm/glm/ext/matrix_int2x2.hpp,1,1,2
/media/ullmann/hdd/research/engines/Piccolo/engine/3rdparty/glm/glm/detail/func_trigonometric.inl,0,1,1
/media/ullmann/hdd/research/engines/Piccolo/engine/3rdparty/glm/glm/gtc/packing.hpp,3,1,4
/media/ullmann/hdd/research/engines/Piccolo/engine/3rdparty/glm/glm/gtc/packing.inl,0,1,1
/media/ullmann/hdd/research/engines/Piccolo/engine/source/meta_parser/parser/meta/meta_info.cpp,2,0,2
/media/ullmann/hdd/research/engines/Piccolo/engine/3rdparty/glm/glm/ext/vector_float1_precision.hpp,1,2,3
/media/ullmann/hdd/research/engines/Piccolo/engine/3rdparty/imgui/backends/imgui_impl_wgpu.cpp,1,0,1
/media/ullmann/hdd/research/engines/Piccolo/engine/3rdparty/imgui/backends/imgui_impl_wgpu.h,0,1,1
/media/ullmann/hdd/research/engines/Piccolo/engine/source/runtime/core/meta/serializer/serializer.h,2,3,5
/media/ullmann/hdd/research/engines/Piccolo/engine/3rdparty/glm/glm/gtx/intersect.inl,0,1,1
/media/ullmann/hdd/research/engines/Piccolo/engine/3rdparty/glm/glm/ext/matrix_int4x3.hpp,1,1,2
/media/ullmann/hdd/research/engines/Piccolo/engine/3rdparty/stb/tests/test_siphash.c,1,0,1
/media/ullmann/hdd/research/engines/Piccolo/engine/3rdparty/stb/stb_image_write.h,0,1,1
/media/ullmann/hdd/research/engines/Piccolo/engine/source/runtime/function/render/rhi/vulkan/vulkan_util.cpp,2,0,2
/media/ullmann/hdd/research/engines/Piccolo/engine/3rdparty/spdlog/tests/test_registry.cpp,1,0,1
/media/ullmann/hdd/research/engines/Piccolo/engine/3rdparty/glm/glm/gtx/type_aligned.hpp,3,0,3
/media/ullmann/hdd/research/engines/Piccolo/engine/3rdparty/glm/glm/gtx/type_aligned.inl,0,1,1
/media/ullmann/hdd/research/engines/Piccolo/engine/3rdparty/spdlog/include/spdlog/fmt/bundled/compile.h,1,0,1
/media/ullmann/hdd/research/engines/Piccolo/engine/3rdparty/glm/glm/ext/matrix_double2x3_precision.hpp,1,2,3
/media/ullmann/hdd/research/engines/Piccolo/engine/3rdparty/glm/glm/ext/vector_float4.hpp,1,3,4
/media/ullmann/hdd/research/engines/Piccolo/engine/source/runtime/function/render/render_pass_base.cpp,2,0,2
/media/ullmann/hdd/research/engines/Piccolo/engine/source/runtime/function/animation/skeleton.cpp,3,0,3
/media/ullmann/hdd/research/engines/Piccolo/engine/3rdparty/glm/glm/detail/func_vector_relational.inl,0,1,1
/media/ullmann/hdd/research/engines/Piccolo/engine/source/runtime/function/render/passes/pick_pass.h,2,2,4
/media/ullmann/hdd/research/engines/Piccolo/engine/source/meta_parser/parser/language_types/field.cpp,3,0,3
/media/ullmann/hdd/research/engines/Piccolo/engine/source/meta_parser/parser/language_types/field.h,1,2,3
/media/ullmann/hdd/research/engines/Piccolo/engine/3rdparty/glm/glm/detail/type_mat3x3.inl,0,1,1
/media/ullmann/hdd/research/engines/Piccolo/engine/3rdparty/imgui/backends/imgui_impl_vulkan.cpp,1,0,1
/media/ullmann/hdd/research/engines/Piccolo/engine/3rdparty/imgui/backends/imgui_impl_vulkan.h,0,1,1
/media/ullmann/hdd/research/engines/Piccolo/engine/3rdparty/glm/glm/gtx/compatibility.hpp,3,1,4
/media/ullmann/hdd/research/engines/Piccolo/engine/3rdparty/glm/glm/gtx/compatibility.inl,0,1,1
/media/ullmann/hdd/research/engines/Piccolo/engine/source/runtime/function/render/passes/ui_pass.cpp,4,0,4
/media/ullmann/hdd/research/engines/Piccolo/engine/source/runtime/function/physics/physics_config.h,1,2,3
/media/ullmann/hdd/research/engines/Piccolo/engine/3rdparty/glm/glm/gtx/associated_min_max.hpp,2,1,3
/media/ullmann/hdd/research/engines/Piccolo/engine/3rdparty/JoltPhysics/Jolt/Math/Vec8.h,1,0,1
/media/ullmann/hdd/research/engines/Piccolo/engine/3rdparty/JoltPhysics/Jolt/Math/Vec8.inl,0,1,1
/media/ullmann/hdd/research/engines/Piccolo/engine/3rdparty/tinyobjloader/tiny_obj_loader.cc,1,0,1
/media/ullmann/hdd/research/engines/Piccolo/engine/3rdparty/glm/glm/gtx/norm.inl,0,1,1
/media/ullmann/hdd/research/engines/Piccolo/engine/3rdparty/glm/glm/ext/matrix_uint4x3.hpp,1,1,2
/media/ullmann/hdd/research/engines/Piccolo/engine/3rdparty/glm/glm/gtx/integer.inl,0,1,1
/media/ullmann/hdd/research/engines/Piccolo/engine/source/runtime/function/render/passes/color_grading_pass.h,1,3,4
/media/ullmann/hdd/research/engines/Piccolo/engine/source/runtime/function/render/passes/combine_ui_pass.cpp,3,0,3
/media/ullmann/hdd/research/engines/Piccolo/engine/3rdparty/glm/glm/ext/scalar_common.inl,0,1,1
/media/ullmann/hdd/research/engines/Piccolo/engine/3rdparty/glm/glm/ext/vector_ulp.hpp,2,1,3
/media/ullmann/hdd/research/engines/Piccolo/engine/3rdparty/imgui/imgui.h,1,7,8
/media/ullmann/hdd/research/engines/Piccolo/engine/3rdparty/glm/glm/gtc/quaternion.inl,0,1,1
/media/ullmann/hdd/research/engines/Piccolo/engine/3rdparty/spdlog/include/spdlog/sinks/dup_filter_sink.h,1,0,1
/media/ullmann/hdd/research/engines/Piccolo/engine/3rdparty/spdlog/include/spdlog/sinks/dist_sink.h,1,1,2
/media/ullmann/hdd/research/engines/Piccolo/engine/3rdparty/glfw/src/posix_time.c,1,0,1
/media/ullmann/hdd/research/engines/Piccolo/engine/3rdparty/glm/glm/detail/type_mat2x3.inl,0,1,1
/media/ullmann/hdd/research/engines/Piccolo/engine/source/runtime/core/math/vector4.cpp,1,0,1
/media/ullmann/hdd/research/engines/Piccolo/engine/3rdparty/glfw/src/cocoa_joystick.h,0,1,1
/media/ullmann/hdd/research/engines/Piccolo/engine/3rdparty/imgui/backends/imgui_impl_dx11.cpp,1,0,1
/media/ullmann/hdd/research/engines/Piccolo/engine/3rdparty/imgui/backends/imgui_impl_dx11.h,0,1,1
/media/ullmann/hdd/research/engines/Piccolo/engine/3rdparty/imgui/imgui_widgets.cpp,3,1,4
/media/ullmann/hdd/research/engines/Piccolo/engine/3rdparty/glm/glm/gtx/matrix_interpolation.hpp,2,1,3
/media/ullmann/hdd/research/engines/Piccolo/engine/3rdparty/glm/glm/ext/vector_double2_precision.hpp,1,2,3
/media/ullmann/hdd/research/engines/Piccolo/engine/3rdparty/glm/glm/simd/geometric.h,1,1,2
/media/ullmann/hdd/research/engines/Piccolo/engine/3rdparty/spdlog/include/spdlog/fmt/bundled/chrono.h,1,0,1
/media/ullmann/hdd/research/engines/Piccolo/engine/3rdparty/glm/glm/gtx/exterior_product.inl,0,1,1
/media/ullmann/hdd/research/engines/Piccolo/engine/3rdparty/imgui/imstb_textedit.h,0,2,2
/media/ullmann/hdd/research/engines/Piccolo/engine/3rdparty/spdlog/include/spdlog/spdlog.h,1,0,1
/media/ullmann/hdd/research/engines/Piccolo/engine/3rdparty/spdlog/include/spdlog/spdlog-inl.h,0,1,1
/media/ullmann/hdd/research/engines/Piccolo/engine/3rdparty/glm/glm/detail/type_mat4x3.inl,0,1,1
/media/ullmann/hdd/research/engines/Piccolo/engine/3rdparty/glm/glm/detail/type_quat.inl,0,1,1
/media/ullmann/hdd/research/engines/Piccolo/engine/3rdparty/glm/glm/ext/vector_relational.inl,0,1,1
/media/ullmann/hdd/research/engines/Piccolo/engine/source/runtime/function/physics/physics_shape_base.h,1,4,5
/media/ullmann/hdd/research/engines/Piccolo/engine/3rdparty/VulkanSDK/include/vulkan/vulkan_metal.h,0,1,1
/media/ullmann/hdd/research/engines/Piccolo/engine/3rdparty/glm/glm/gtx/matrix_cross_product.hpp,2,1,3
/media/ullmann/hdd/research/engines/Piccolo/engine/3rdparty/spdlog/include/spdlog/details/thread_pool.h,1,0,1
/media/ullmann/hdd/research/engines/Piccolo/engine/3rdparty/spdlog/include/spdlog/details/thread_pool-inl.h,0,1,1
/media/ullmann/hdd/research/engines/Piccolo/engine/source/runtime/function/render/window_system.cpp,2,0,2
/media/ullmann/hdd/research/engines/Piccolo/engine/3rdparty/glm/glm/ext/scalar_relational.inl,0,1,1
/media/ullmann/hdd/research/engines/Piccolo/engine/3rdparty/spdlog/include/spdlog/fmt/bundled/printf.h,1,0,1
/media/ullmann/hdd/research/engines/Piccolo/engine/3rdparty/glfw/src/null_monitor.c,1,0,1
/media/ullmann/hdd/research/engines/Piccolo/engine/3rdparty/spdlog/tests/utils.h,0,1,1
/media/ullmann/hdd/research/engines/Piccolo/engine/3rdparty/spdlog/bench/async_bench.cpp,1,0,1
/media/ullmann/hdd/research/engines/Piccolo/engine/source/meta_parser/parser/meta/meta_utils.cpp,2,0,2
/media/ullmann/hdd/research/engines/Piccolo/engine/3rdparty/JoltPhysics/Jolt/Core/FixedSizeFreeList.h,1,0,1
/media/ullmann/hdd/research/engines/Piccolo/engine/3rdparty/JoltPhysics/Jolt/Core/FixedSizeFreeList.inl,0,1,1
/media/ullmann/hdd/research/engines/Piccolo/engine/3rdparty/glm/glm/detail/type_vec4.inl,0,1,1
/media/ullmann/hdd/research/engines/Piccolo/engine/source/editor/source/axis.cpp,1,0,1
/media/ullmann/hdd/research/engines/Piccolo/engine/3rdparty/glm/glm/gtc/matrix_transform.inl,0,1,1
/media/ullmann/hdd/research/engines/Piccolo/engine/3rdparty/imgui/backends/imgui_impl_opengl3.cpp,2,0,2
/media/ullmann/hdd/research/engines/Piccolo/engine/3rdparty/imgui/backends/imgui_impl_opengl3_loader.h,0,1,1
/media/ullmann/hdd/research/engines/Piccolo/engine/3rdparty/spdlog/include/spdlog/fmt/bundled/ostream.h,1,0,1
/media/ullmann/hdd/research/engines/Piccolo/engine/3rdparty/spdlog/include/spdlog/sinks/wincolor_sink.h,1,0,1
/media/ullmann/hdd/research/engines/Piccolo/engine/3rdparty/spdlog/include/spdlog/sinks/wincolor_sink-inl.h,0,1,1
/media/ullmann/hdd/research/engines/Piccolo/engine/source/runtime/function/physics/physics_obb_shape.h,2,0,2
/media/ullmann/hdd/research/engines/Piccolo/engine/3rdparty/spdlog/include/spdlog/fmt/bundled/core.h,1,2,3
/media/ullmann/hdd/research/engines/Piccolo/engine/3rdparty/glm/glm/gtx/rotate_normalized_axis.inl,0,1,1
/media/ullmann/hdd/research/engines/Piccolo/engine/3rdparty/glm/glm/gtx/associated_min_max.inl,0,1,1
/media/ullmann/hdd/research/engines/Piccolo/engine/3rdparty/glm/glm/detail/func_common.inl,0,1,1
/media/ullmann/hdd/research/engines/Piccolo/engine/3rdparty/glm/glm/ext/matrix_uint4x2_sized.hpp,2,1,3
/media/ullmann/hdd/research/engines/Piccolo/engine/3rdparty/imgui/backends/imgui_impl_sdl.cpp,1,0,1
/media/ullmann/hdd/research/engines/Piccolo/engine/3rdparty/imgui/backends/imgui_impl_sdl.h,0,1,1
/media/ullmann/hdd/research/engines/Piccolo/engine/3rdparty/glm/glm/ext/matrix_uint4x4_sized.hpp,2,1,3
/media/ullmann/hdd/research/engines/Piccolo/engine/3rdparty/glm/glm/gtx/euler_angles.hpp,2,1,3
/media/ullmann/hdd/research/engines/Piccolo/engine/3rdparty/spdlog/include/spdlog/fmt/bundled/locale.h,1,0,1
/media/ullmann/hdd/research/engines/Piccolo/engine/3rdparty/glm/glm/gtc/random.inl,0,1,1
/media/ullmann/hdd/research/engines/Piccolo/engine/3rdparty/imgui/backends/imgui_impl_win32.cpp,1,0,1
/media/ullmann/hdd/research/engines/Piccolo/engine/3rdparty/imgui/backends/imgui_impl_win32.h,0,1,1
/media/ullmann/hdd/research/engines/Piccolo/engine/3rdparty/glm/glm/gtx/fast_square_root.inl,0,1,1
/media/ullmann/hdd/research/engines/Piccolo/engine/3rdparty/glfw/src/mappings.h,0,1,1
/media/ullmann/hdd/research/engines/Piccolo/engine/3rdparty/spdlog/tests/test_cfg.cpp,2,0,2
/media/ullmann/hdd/research/engines/Piccolo/engine/3rdparty/glm/glm/ext/matrix_double4x2.hpp,1,2,3
/media/ullmann/hdd/research/engines/Piccolo/engine/3rdparty/stb/tests/stblib_test.c,1,0,1
/media/ullmann/hdd/research/engines/Piccolo/engine/3rdparty/glm/glm/gtx/normalize_dot.inl,0,1,1
/media/ullmann/hdd/research/engines/Piccolo/engine/3rdparty/glm/glm/gtc/type_ptr.inl,0,1,1
/media/ullmann/hdd/research/engines/Piccolo/engine/3rdparty/glm/glm/gtx/polar_coordinates.inl,0,1,1
/media/ullmann/hdd/research/engines/Piccolo/engine/3rdparty/JoltPhysics/PerformanceTest/ConvexVsMeshScene.h,2,1,3
/media/ullmann/hdd/research/engines/Piccolo/engine/3rdparty/JoltPhysics/PerformanceTest/Layers.h,0,2,2
/media/ullmann/hdd/research/engines/Piccolo/engine/3rdparty/glm/glm/gtx/transform.inl,0,1,1
/media/ullmann/hdd/research/engines/Piccolo/engine/3rdparty/glm/glm/gtx/fast_exponential.inl,0,1,1
/media/ullmann/hdd/research/engines/Piccolo/engine/3rdparty/glm/glm/ext/matrix_int3x3.hpp,1,1,2
/media/ullmann/hdd/research/engines/Piccolo/engine/3rdparty/glm/glm/ext/matrix_int2x3_sized.hpp,2,1,3
/media/ullmann/hdd/research/engines/Piccolo/engine/3rdparty/glm/glm/detail/func_packing.inl,0,1,1
/media/ullmann/hdd/research/engines/Piccolo/engine/3rdparty/glm/glm/ext/matrix_double2x4_precision.hpp,1,2,3
/media/ullmann/hdd/research/engines/Piccolo/engine/source/runtime/function/physics/physics_sphere_shape.h,1,0,1
/media/ullmann/hdd/research/engines/Piccolo/engine/3rdparty/glm/glm/gtx/extended_min_max.inl,0,1,1
/media/ullmann/hdd/research/engines/Piccolo/engine/3rdparty/imgui/backends/imgui_impl_opengl3.h,0,1,1
/media/ullmann/hdd/research/engines/Piccolo/engine/3rdparty/glm/glm/gtx/easing.inl,0,1,1
/media/ullmann/hdd/research/engines/Piccolo/engine/3rdparty/spdlog/tests/utils.cpp,1,0,1
/media/ullmann/hdd/research/engines/Piccolo/engine/source/runtime/core/math/vector3.cpp,1,0,1
/media/ullmann/hdd/research/engines/Piccolo/engine/3rdparty/glfw/src/win32_joystick.c,1,0,1
/media/ullmann/hdd/research/engines/Piccolo/engine/3rdparty/glm/glm/ext/matrix_uint4x2.hpp,1,1,2
/media/ullmann/hdd/research/engines/Piccolo/engine/3rdparty/glm/glm/ext/quaternion_relational.inl,0,1,1
/media/ullmann/hdd/research/engines/Piccolo/engine/3rdparty/glfw/src/x11_window.c,1,0,1
/media/ullmann/hdd/research/engines/Piccolo/engine/3rdparty/spdlog/include/spdlog/fmt/bundled/args.h,1,0,1
/media/ullmann/hdd/research/engines/Piccolo/engine/3rdparty/imgui/imconfig.h,0,1,1
/media/ullmann/hdd/research/engines/Piccolo/engine/source/runtime/function/render/rhi/vulkan/vulkan_rhi.cpp,3,0,3
/media/ullmann/hdd/research/engines/Piccolo/engine/source/runtime/core/meta/reflection/reflection_register.h,0,2,2
/media/ullmann/hdd/research/engines/Piccolo/engine/3rdparty/glm/glm/ext/matrix_relational.inl,0,1,1
/media/ullmann/hdd/research/engines/Piccolo/engine/source/runtime/function/render/render_guid_allocator.h,0,2,2
/media/ullmann/hdd/research/engines/Piccolo/engine/3rdparty/glm/glm/gtx/matrix_operation.inl,0,1,1
/media/ullmann/hdd/research/engines/Piccolo/engine/3rdparty/glm/glm/ext/matrix_double4x3.hpp,1,2,3
/media/ullmann/hdd/research/engines/Piccolo/engine/3rdparty/JoltPhysics/Jolt/Core/JobSystem.h,1,0,1
/media/ullmann/hdd/research/engines/Piccolo/engine/3rdparty/JoltPhysics/Jolt/Core/JobSystem.inl,0,1,1
/media/ullmann/hdd/research/engines/Piccolo/engine/3rdparty/glm/glm/gtx/transform2.inl,0,1,1
/media/ullmann/hdd/research/engines/Piccolo/engine/3rdparty/glfw/src/nsgl_context.h,0,1,1
/media/ullmann/hdd/research/engines/Piccolo/engine/3rdparty/glm/glm/gtx/handed_coordinate_space.inl,0,1,1
/media/ullmann/hdd/research/engines/Piccolo/engine/3rdparty/glm/glm/gtx/orthonormalize.inl,0,1,1
/media/ullmann/hdd/research/engines/Piccolo/engine/3rdparty/spdlog/include/spdlog/details/log_msg_buffer.h,1,0,1
/media/ullmann/hdd/research/engines/Piccolo/engine/3rdparty/spdlog/include/spdlog/details/log_msg_buffer-inl.h,0,1,1
/media/ullmann/hdd/research/engines/Piccolo/engine/3rdparty/glm/glm/ext/matrix_int3x4.hpp,1,1,2
/media/ullmann/hdd/research/engines/Piccolo/engine/3rdparty/imgui/backends/imgui_impl_opengl2.cpp,1,0,1
/media/ullmann/hdd/research/engines/Piccolo/engine/3rdparty/imgui/backends/imgui_impl_opengl2.h,0,1,1
/media/ullmann/hdd/research/engines/Piccolo/engine/3rdparty/glm/glm/gtx/number_precision.inl,0,1,1
/media/ullmann/hdd/research/engines/Piccolo/engine/3rdparty/imgui/imstb_rectpack.h,0,1,1
/media/ullmann/hdd/research/engines/Piccolo/engine/3rdparty/spdlog/include/spdlog/fmt/bundled/ranges.h,1,0,1
/media/ullmann/hdd/research/engines/Piccolo/engine/source/runtime/function/render/render_swap_context.cpp,1,0,1
/media/ullmann/hdd/research/engines/Piccolo/engine/3rdparty/glm/glm/ext/matrix_int2x4.hpp,1,1,2
/media/ullmann/hdd/research/engines/Piccolo/engine/3rdparty/glm/glm/gtx/closest_point.inl,0,1,1
/media/ullmann/hdd/research/engines/Piccolo/engine/3rdparty/JoltPhysics/Jolt/Math/Quat.h,1,0,1
/media/ullmann/hdd/research/engines/Piccolo/engine/3rdparty/JoltPhysics/Jolt/Math/Quat.inl,0,1,1
/media/ullmann/hdd/research/engines/Piccolo/engine/3rdparty/glm/glm/ext/matrix_uint4x4.hpp,1,1,2
/media/ullmann/hdd/research/engines/Piccolo/engine/3rdparty/glm/glm/gtx/rotate_vector.inl,0,1,1
/media/ullmann/hdd/research/engines/Piccolo/engine/3rdparty/glfw/src/null_window.c,1,0,1
/media/ullmann/hdd/research/engines/Piccolo/engine/3rdparty/JoltPhysics/Jolt/Physics/Body/MotionProperties.h,1,0,1
/media/ullmann/hdd/research/engines/Piccolo/engine/3rdparty/JoltPhysics/Jolt/Physics/Body/MotionProperties.inl,0,1,1
/media/ullmann/hdd/research/engines/Piccolo/engine/3rdparty/imgui/imgui_demo.cpp,1,1,2
/media/ullmann/hdd/research/engines/Piccolo/engine/source/runtime/function/physics/ray.cpp,1,0,1
/media/ullmann/hdd/research/engines/Piccolo/engine/3rdparty/imgui/misc/cpp/imgui_stdlib.cpp,1,0,1
/media/ullmann/hdd/research/engines/Piccolo/engine/3rdparty/imgui/misc/cpp/imgui_stdlib.h,0,1,1
/media/ullmann/hdd/research/engines/Piccolo/engine/source/runtime/platform/path/path.cpp,1,0,1
/media/ullmann/hdd/research/engines/Piccolo/engine/3rdparty/JoltPhysics/Jolt/Math/Mat44.h,1,0,1
/media/ullmann/hdd/research/engines/Piccolo/engine/3rdparty/JoltPhysics/Jolt/Math/Mat44.inl,0,1,1
/media/ullmann/hdd/research/engines/Piccolo/engine/3rdparty/spdlog/tests/test_errors.cpp,1,0,1
/media/ullmann/hdd/research/engines/Piccolo/engine/3rdparty/glm/glm/gtx/matrix_cross_product.inl,0,1,1
/media/ullmann/hdd/research/engines/Piccolo/engine/3rdparty/glm/glm/gtx/normal.inl,0,1,1
/media/ullmann/hdd/research/engines/Piccolo/engine/source/runtime/core/math/matrix4.cpp,1,0,1
/media/ullmann/hdd/research/engines/Piccolo/engine/3rdparty/glfw/src/null_init.c,1,0,1
/media/ullmann/hdd/research/engines/Piccolo/engine/3rdparty/glm/glm/gtc/matrix_inverse.inl,0,1,1
/media/ullmann/hdd/research/engines/Piccolo/engine/3rdparty/spdlog/include/spdlog/async_logger.h,1,0,1
/media/ullmann/hdd/research/engines/Piccolo/engine/3rdparty/spdlog/include/spdlog/async_logger-inl.h,0,1,1
/media/ullmann/hdd/research/engines/Piccolo/engine/3rdparty/spdlog/include/spdlog/logger.h,1,0,1
/media/ullmann/hdd/research/engines/Piccolo/engine/3rdparty/spdlog/include/spdlog/logger-inl.h,0,1,1
/media/ullmann/hdd/research/engines/Piccolo/engine/3rdparty/spdlog/include/spdlog/details/backtracer.h,1,0,1
/media/ullmann/hdd/research/engines/Piccolo/engine/3rdparty/spdlog/include/spdlog/details/backtracer-inl.h,0,1,1
/media/ullmann/hdd/research/engines/Piccolo/engine/3rdparty/spdlog/include/spdlog/sinks/basic_file_sink.h,1,0,1
/media/ullmann/hdd/research/engines/Piccolo/engine/3rdparty/spdlog/include/spdlog/sinks/basic_file_sink-inl.h,0,1,1
/media/ullmann/hdd/research/engines/Piccolo/engine/3rdparty/glfw/src/linux_joystick.c,1,0,1
/media/ullmann/hdd/research/engines/Piccolo/engine/3rdparty/glm/glm/simd/neon.h,0,1,1
/media/ullmann/hdd/research/engines/Piccolo/engine/3rdparty/glm/glm/ext/quaternion_common.inl,0,1,1
/media/ullmann/hdd/research/engines/Piccolo/engine/3rdparty/spdlog/include/spdlog/sinks/sink.h,1,0,1
/media/ullmann/hdd/research/engines/Piccolo/engine/3rdparty/spdlog/include/spdlog/sinks/sink-inl.h,0,1,1
/media/ullmann/hdd/research/engines/Piccolo/engine/3rdparty/glm/glm/simd/matrix.h,1,0,1
/media/ullmann/hdd/research/engines/Piccolo/engine/source/runtime/core/log/log_system.cpp,1,0,1
/media/ullmann/hdd/research/engines/Piccolo/engine/3rdparty/glm/glm/detail/compute_vector_relational.hpp,1,0,1
/media/ullmann/hdd/research/engines/Piccolo/engine/3rdparty/stb/tests/stbi_read_fuzzer.c,1,0,1
/media/ullmann/hdd/research/engines/Piccolo/engine/3rdparty/imgui/backends/imgui_impl_dx10.cpp,1,0,1
/media/ullmann/hdd/research/engines/Piccolo/engine/3rdparty/imgui/backends/imgui_impl_dx10.h,0,1,1
/media/ullmann/hdd/research/engines/Piccolo/engine/3rdparty/spdlog/tests/test_file_helper.cpp,1,0,1
/media/ullmann/hdd/research/engines/Piccolo/engine/3rdparty/JoltPhysics/Jolt/Math/UVec8.h,1,0,1
/media/ullmann/hdd/research/engines/Piccolo/engine/3rdparty/JoltPhysics/Jolt/Math/UVec8.inl,0,1,1
/media/ullmann/hdd/research/engines/Piccolo/engine/source/meta_parser/parser/meta/meta_utils.hpp,0,1,1
/media/ullmann/hdd/research/engines/Piccolo/engine/3rdparty/glm/glm/detail/func_geometric.inl,0,1,1
/media/ullmann/hdd/research/engines/Piccolo/engine/3rdparty/glfw/src/context.c,1,0,1
/media/ullmann/hdd/research/engines/Piccolo/engine/3rdparty/JoltPhysics/PerformanceTest/PerformanceTestScene.h,0,2,2
/media/ullmann/hdd/research/engines/Piccolo/engine/3rdparty/glfw/src/glx_context.c,1,0,1
/media/ullmann/hdd/research/engines/Piccolo/engine/3rdparty/glm/glm/detail/func_matrix.inl,0,1,1
/media/ullmann/hdd/research/engines/Piccolo/engine/3rdparty/glfw/src/cocoa_time.c,1,0,1
/media/ullmann/hdd/research/engines/Piccolo/engine/3rdparty/glfw/src/wl_monitor.c,1,0,1
/media/ullmann/hdd/research/engines/Piccolo/engine/source/runtime/resource/res_type/components/rigid_body.cpp,2,0,2
/media/ullmann/hdd/research/engines/Piccolo/engine/3rdparty/spdlog/tests/test_macros.cpp,1,0,1
/media/ullmann/hdd/research/engines/Piccolo/engine/3rdparty/glm/glm/gtx/quaternion.inl,0,1,1
/media/ullmann/hdd/research/engines/Piccolo/engine/3rdparty/glm/glm/gtx/color_encoding.inl,0,1,1
/media/ullmann/hdd/research/engines/Piccolo/engine/3rdparty/glm/glm/gtx/euler_angles.inl,0,1,1
/media/ullmann/hdd/research/engines/Piccolo/engine/source/runtime/core/math/math_marcos.h,0,1,1
/media/ullmann/hdd/research/engines/Piccolo/engine/3rdparty/glfw/src/posix_thread.c,1,0,1
/media/ullmann/hdd/research/engines/Piccolo/engine/source/runtime/core/meta/serializer/serializer.cpp,1,0,1
/media/ullmann/hdd/research/engines/Piccolo/engine/3rdparty/glm/glm/ext/vector_ulp.inl,0,1,1
/media/ullmann/hdd/research/engines/Piccolo/engine/3rdparty/stb/tests/stb_c_lexer_fuzzer.cpp,1,0,1
/media/ullmann/hdd/research/engines/Piccolo/engine/3rdparty/glm/glm/detail/compute_common.hpp,1,0,1
/media/ullmann/hdd/research/engines/Piccolo/engine/3rdparty/glm/glm/gtc/constants.inl,0,1,1
/media/ullmann/hdd/research/engines/Piccolo/engine/3rdparty/glm/glm/gtx/perpendicular.inl,0,1,1
/media/ullmann/hdd/research/engines/Piccolo/engine/3rdparty/glfw/src/monitor.c,1,0,1
/media/ullmann/hdd/research/engines/Piccolo/engine/3rdparty/glm/glm/gtx/raw_data.inl,0,1,1
/media/ullmann/hdd/research/engines/Piccolo/engine/3rdparty/tinyobjloader/examples/obj_sticher/obj_writer.cc,1,0,1
/media/ullmann/hdd/research/engines/Piccolo/engine/3rdparty/tinyobjloader/loader_example.cc,1,0,1
/media/ullmann/hdd/research/engines/Piccolo/engine/3rdparty/glm/glm/ext/matrix_common.inl,0,1,1
/media/ullmann/hdd/research/engines/Piccolo/engine/3rdparty/spdlog/include/spdlog/details/log_msg.h,1,0,1
/media/ullmann/hdd/research/engines/Piccolo/engine/3rdparty/spdlog/include/spdlog/details/log_msg-inl.h,0,1,1
/media/ullmann/hdd/research/engines/Piccolo/engine/3rdparty/glm/glm/gtx/matrix_interpolation.inl,0,1,1
/media/ullmann/hdd/research/engines/Piccolo/engine/3rdparty/glfw/src/win32_thread.c,1,0,1
/media/ullmann/hdd/research/engines/Piccolo/engine/3rdparty/glm/glm/gtx/dual_quaternion.inl,0,1,1
/media/ullmann/hdd/research/engines/Piccolo/engine/3rdparty/glm/glm/gtx/log_base.inl,0,1,1
/media/ullmann/hdd/research/engines/Piccolo/engine/3rdparty/tinyobjloader/experimental/trackball.cc,1,0,1
/media/ullmann/hdd/research/engines/Piccolo/engine/3rdparty/glm/glm/gtc/type_precision.inl,0,1,1
/media/ullmann/hdd/research/engines/Piccolo/engine/3rdparty/JoltPhysics/UnitTests/UnitTestFramework.cpp,1,0,1
/media/ullmann/hdd/research/engines/Piccolo/engine/3rdparty/glm/glm/ext/vector_integer.inl,0,1,1
/media/ullmann/hdd/research/engines/Piccolo/engine/3rdparty/glm/glm/detail/type_vec1.inl,0,1,1
/media/ullmann/hdd/research/engines/Piccolo/engine/3rdparty/spdlog/include/spdlog/sinks/stdout_sinks.h,1,0,1
/media/ullmann/hdd/research/engines/Piccolo/engine/3rdparty/spdlog/include/spdlog/sinks/stdout_sinks-inl.h,0,1,1
/media/ullmann/hdd/research/engines/Piccolo/engine/3rdparty/glm/glm/gtx/mixed_product.inl,0,1,1
/media/ullmann/hdd/research/engines/Piccolo/engine/3rdparty/glfw/src/glx_context.h,0,1,1
/media/ullmann/hdd/research/engines/Piccolo/engine/3rdparty/glm/glm/detail/type_mat2x2.inl,0,1,1
/media/ullmann/hdd/research/engines/Piccolo/engine/3rdparty/spdlog/include/spdlog/fmt/bundled/os.h,1,0,1
