edge,includes,includedby,sum
/media/ullmann/HDDGabriel/engines/UnrealEngine/Engine/Source/ThirdParty/SDL2/SDL-gui-backend/src/thread/os2/SDL_systls.c,0,3,3
/media/ullmann/HDDGabriel/engines/UnrealEngine/Engine/Source/ThirdParty/SDL2/SDL-gui-backend/src/thread/SDL_thread_c.h,13,9,22
/media/ullmann/HDDGabriel/engines/UnrealEngine/Engine/Source/ThirdParty/WebRTC/4147/Include/third_party/libyuv/include/libyuv.h,0,17,17
/media/ullmann/HDDGabriel/engines/UnrealEngine/Engine/Source/ThirdParty/WebRTC/4147/Include/third_party/libyuv/include/libyuv/rotate_argb.h,1,0,1
/media/ullmann/HDDGabriel/engines/UnrealEngine/Engine/Source/ThirdParty/WebRTC/4147/Include/tools/clang/blink_gc_plugin/tests/cycle_ptrs.h,0,1,1
/media/ullmann/HDDGabriel/engines/UnrealEngine/Engine/Source/ThirdParty/WebRTC/4147/Include/tools/clang/blink_gc_plugin/tests/heap/stubs.h,53,0,53
/media/ullmann/HDDGabriel/engines/UnrealEngine/Engine/Source/Runtime/Engine/Public/GeneratedCodeHelpers.h,0,4,4
/media/ullmann/HDDGabriel/engines/UnrealEngine/Engine/Source/Runtime/Core/Public/Containers/EnumAsByte.h,4,0,4
/media/ullmann/HDDGabriel/engines/UnrealEngine/Engine/Source/ThirdParty/FreeType2/FreeType2-2.4.12/src/type42/t42objs.c,1,3,4
/media/ullmann/HDDGabriel/engines/UnrealEngine/Engine/Source/ThirdParty/FreeType2/FreeType2-2.4.12/src/type42/t42objs.h,3,1,4
/media/ullmann/HDDGabriel/engines/UnrealEngine/Engine/Source/ThirdParty/SDL2/SDL-gui-backend/src/video/SDL_blit.c,0,8,8
/media/ullmann/HDDGabriel/engines/UnrealEngine/Engine/Source/ThirdParty/SDL2/SDL-gui-backend/src/video/SDL_blit.h,18,1,19
/media/ullmann/HDDGabriel/engines/UnrealEngine/Engine/Source/ThirdParty/Android/libunwind/libunwind/src/sh/Lis_signal_frame.c,0,1,1
/media/ullmann/HDDGabriel/engines/UnrealEngine/Engine/Source/ThirdParty/Android/libunwind/libunwind/src/sh/Gis_signal_frame.c,1,1,2
/media/ullmann/HDDGabriel/engines/UnrealEngine/Engine/Source/ThirdParty/CryptoPP/5.6.5/include/modarith.h,16,5,21
/media/ullmann/HDDGabriel/engines/UnrealEngine/Engine/Source/ThirdParty/CryptoPP/5.6.5/include/cryptlib.h,95,3,98
/media/ullmann/HDDGabriel/engines/UnrealEngine/Engine/Source/ThirdParty/mtlpp/mtlpp-master-7efad47/src/command_encoder.hpp,4,5,9
/media/ullmann/HDDGabriel/engines/UnrealEngine/Engine/Source/ThirdParty/mtlpp/mtlpp-master-7efad47/src/command_encoder.mm,1,0,1
/media/ullmann/HDDGabriel/engines/UnrealEngine/Engine/Source/ThirdParty/ICU/icu4c-53_1/source/common/unifilt.cpp,0,3,3
/media/ullmann/HDDGabriel/engines/UnrealEngine/Engine/Source/ThirdParty/ICU/icu4c-53_1/source/common/unicode/rep.h,2,0,2
/media/ullmann/HDDGabriel/engines/UnrealEngine/Engine/Source/ThirdParty/Intel/TBB/IntelTBB-2019u8/include/tbb/tbb.h,0,50,50
/media/ullmann/HDDGabriel/engines/UnrealEngine/Engine/Source/ThirdParty/Intel/TBB/IntelTBB-2019u8/include/tbb/concurrent_map.h,1,2,3
/media/ullmann/HDDGabriel/engines/UnrealEngine/Engine/Source/ThirdParty/OpenSubdiv/OpenSubdiv-3.4.4/examples/glEvalLimit/particles.cpp,0,1,1
/media/ullmann/HDDGabriel/engines/UnrealEngine/Engine/Source/ThirdParty/OpenSubdiv/OpenSubdiv-3.4.4/examples/glEvalLimit/particles.h,2,0,2
/media/ullmann/HDDGabriel/engines/UnrealEngine/Engine/Source/ThirdParty/PhysX3/PhysX_3.4/Source/PhysXVehicle/src/PxVehicleWheels.cpp,0,3,3
/media/ullmann/HDDGabriel/engines/UnrealEngine/Engine/Source/ThirdParty/PhysX3/PhysX_3.4/Source/PhysXVehicle/src/PxVehicleSuspLimitConstraintShader.h,6,0,6
/media/ullmann/HDDGabriel/engines/UnrealEngine/Engine/Source/Programs/UnrealLightmass/Private/ImportExport/Importer.cpp,0,3,3
/media/ullmann/HDDGabriel/engines/UnrealEngine/Engine/Source/Programs/UnrealLightmass/Private/ImportExport/LightmassScene.h,2,0,2
/media/ullmann/HDDGabriel/engines/UnrealEngine/Engine/Source/ThirdParty/zlib/zlib-1.2.5/Src/contrib/infback9/infback9.c,0,4,4
/media/ullmann/HDDGabriel/engines/UnrealEngine/Engine/Source/ThirdParty/zlib/zlib-1.2.5/Src/contrib/infback9/infback9.h,1,0,1
/media/ullmann/HDDGabriel/engines/UnrealEngine/Engine/Source/ThirdParty/Intel/TBB/IntelTBB-2019u8/src/tbb/dynamic_link.cpp,2,2,4
/media/ullmann/HDDGabriel/engines/UnrealEngine/Engine/Source/ThirdParty/Intel/TBB/IntelTBB-2019u8/src/tbb/tbb_misc.h,17,0,17
/media/ullmann/HDDGabriel/engines/UnrealEngine/Engine/Source/ThirdParty/nvTextureTools/nvTextureTools-2.0.6/src/src/nvtt/tools/decompress.cpp,0,1,1
/media/ullmann/HDDGabriel/engines/UnrealEngine/Engine/Source/ThirdParty/nvTextureTools/nvTextureTools-2.0.6/src/src/nvtt/tools/cmdline.h,8,0,8
/media/ullmann/HDDGabriel/engines/UnrealEngine/Engine/Source/ThirdParty/Python3/Win64/include/internal/pycore_gil.h,2,2,4
/media/ullmann/HDDGabriel/engines/UnrealEngine/Engine/Source/ThirdParty/Python3/Win64/include/internal/pycore_atomic.h,3,0,3
/media/ullmann/HDDGabriel/engines/UnrealEngine/Engine/Source/ThirdParty/FreeImage/FreeImage-3.18.0/Source/OpenEXR/Imath/ImathLineAlgo.h,1,4,5
/media/ullmann/HDDGabriel/engines/UnrealEngine/Engine/Source/ThirdParty/FreeImage/FreeImage-3.18.0/Source/OpenEXR/Imath/ImathFun.h,5,4,9
/media/ullmann/HDDGabriel/engines/UnrealEngine/Engine/Source/ThirdParty/CryptoPP/5.6.2/include/pubkey.h,14,5,19
/media/ullmann/HDDGabriel/engines/UnrealEngine/Engine/Source/ThirdParty/CryptoPP/5.6.2/include/fips140.h,7,2,9
/media/ullmann/HDDGabriel/engines/UnrealEngine/Engine/Source/ThirdParty/ShaderConductor/ShaderConductor/External/DirectXShaderCompiler/tools/clang/lib/Headers/immintrin.h,1,26,27
/media/ullmann/HDDGabriel/engines/UnrealEngine/Engine/Source/ThirdParty/ShaderConductor/ShaderConductor/External/DirectXShaderCompiler/tools/clang/lib/Headers/avx512vldqintrin.h,1,0,1
/media/ullmann/HDDGabriel/engines/UnrealEngine/Engine/Source/ThirdParty/SDL2/SDL-gui-backend/src/video/android/SDL_androidtouch.c,0,5,5
/media/ullmann/HDDGabriel/engines/UnrealEngine/Engine/Source/ThirdParty/SDL2/SDL-gui-backend/src/events/SDL_mouse_c.h,31,1,32
/media/ullmann/HDDGabriel/engines/UnrealEngine/Engine/Source/ThirdParty/Boost/boost-1_70_0/include/boost/polygon/voronoi_builder.hpp,1,4,5
/media/ullmann/HDDGabriel/engines/UnrealEngine/Engine/Source/ThirdParty/Boost/boost-1_70_0/include/boost/polygon/voronoi_geometry_type.hpp,2,0,2
/media/ullmann/HDDGabriel/engines/UnrealEngine/Engine/Source/ThirdParty/FreeImage/FreeImage-3.18.0/Source/OpenEXR/IlmImf/ImfDeepTiledOutputPart.cpp,0,3,3
/media/ullmann/HDDGabriel/engines/UnrealEngine/Engine/Source/ThirdParty/FreeImage/FreeImage-3.18.0/Source/OpenEXR/IlmImf/ImfDeepTiledOutputPart.h,1,4,5
/media/ullmann/HDDGabriel/engines/UnrealEngine/Engine/Source/ThirdParty/CryptoPP/5.6.2/include/elgamal.cpp,0,4,4
/media/ullmann/HDDGabriel/engines/UnrealEngine/Engine/Source/ThirdParty/CryptoPP/5.6.2/include/asn.h,21,2,23
/media/ullmann/HDDGabriel/engines/UnrealEngine/Engine/Source/ThirdParty/openexr/openexr-3.1.1/src/lib/OpenEXRCore/std_attr.c,0,1,1
/media/ullmann/HDDGabriel/engines/UnrealEngine/Engine/Source/ThirdParty/openexr/openexr-3.1.1/src/lib/OpenEXRCore/openexr_std_attr.h,2,1,3
/media/ullmann/HDDGabriel/engines/UnrealEngine/Engine/Source/ThirdParty/PhysX3/APEX_1.4/module/destructible/include/DestructibleActorImpl.h,3,4,7
/media/ullmann/HDDGabriel/engines/UnrealEngine/Engine/Source/ThirdParty/PhysX3/APEX_1.4/module/destructible/fracture/Actor.h,5,1,6
/media/ullmann/HDDGabriel/engines/UnrealEngine/Engine/Source/ThirdParty/SDL2/SDL-gui-backend/src/audio/alsa/SDL_alsa_audio.h,1,2,3
/media/ullmann/HDDGabriel/engines/UnrealEngine/Engine/Source/ThirdParty/SDL2/SDL-gui-backend/src/audio/SDL_sysaudio.h,38,3,41
/media/ullmann/HDDGabriel/engines/UnrealEngine/Engine/Source/ThirdParty/ICU/icu4c-53_1/source/common/uniset.cpp,0,18,18
/media/ullmann/HDDGabriel/engines/UnrealEngine/Engine/Source/ThirdParty/ICU/icu4c-53_1/source/common/ustrfmt.h,9,1,10
/media/ullmann/HDDGabriel/engines/UnrealEngine/Engine/Source/ThirdParty/ICU/icu4c-53_1/source/i18n/dtitvfmt.cpp,0,7,7
/media/ullmann/HDDGabriel/engines/UnrealEngine/Engine/Source/ThirdParty/ICU/icu4c-53_1/source/i18n/unicode/dtitvinf.h,2,0,2
/media/ullmann/HDDGabriel/engines/UnrealEngine/Engine/Source/ThirdParty/CryptoPP/5.6.2/include/validat1.cpp,0,33,33
/media/ullmann/HDDGabriel/engines/UnrealEngine/Engine/Source/ThirdParty/CryptoPP/5.6.2/include/3way.h,2,2,4
/media/ullmann/HDDGabriel/engines/UnrealEngine/Engine/Source/ThirdParty/ICU/icu4c-64_1/source/i18n/number_asformat.h,2,9,11
/media/ullmann/HDDGabriel/engines/UnrealEngine/Engine/Source/ThirdParty/ICU/icu4c-64_1/source/i18n/number_types.h,28,5,33
/media/ullmann/HDDGabriel/engines/UnrealEngine/Engine/Source/ThirdParty/llvm/8/include/llvm/DebugInfo/PDB/PDBSymbolTypeUDT.h,0,5,5
/media/ullmann/HDDGabriel/engines/UnrealEngine/Engine/Source/ThirdParty/llvm/8/include/llvm/DebugInfo/PDB/PDBSymbol.h,32,4,36
/media/ullmann/HDDGabriel/engines/UnrealEngine/Engine/Source/Runtime/Foliage/Public/FoliageType_Actor.h,0,1,1
/media/ullmann/HDDGabriel/engines/UnrealEngine/Engine/Source/Runtime/Foliage/Public/FoliageType.h,3,0,3
/media/ullmann/HDDGabriel/engines/UnrealEngine/Engine/Source/Developer/LogVisualizer/Private/VisualLoggerRenderingActor.cpp,0,2,2
/media/ullmann/HDDGabriel/engines/UnrealEngine/Engine/Source/Developer/LogVisualizer/Private/VisualLoggerRenderingActor.h,3,0,3
/media/ullmann/HDDGabriel/engines/UnrealEngine/Engine/Source/Editor/TranslationEditor/Private/TranslationDataManager.cpp,0,2,2
/media/ullmann/HDDGabriel/engines/UnrealEngine/Engine/Source/Editor/TranslationEditor/Private/TranslationDataManager.h,4,0,4
/media/ullmann/HDDGabriel/engines/UnrealEngine/Engine/Source/ThirdParty/Oculus/LibOVRPlatform/LibOVRPlatform/include/OVR_Platform.h,0,122,122
/media/ullmann/HDDGabriel/engines/UnrealEngine/Engine/Source/ThirdParty/Oculus/LibOVRPlatform/LibOVRPlatform/include/OVR_PlatformInitialize.h,2,2,4
/media/ullmann/HDDGabriel/engines/UnrealEngine/Engine/Source/ThirdParty/PhysX3/PhysX_3.4/Source/GeomUtils/src/mesh/GuBV4_CapsuleSweep.cpp,0,8,8
/media/ullmann/HDDGabriel/engines/UnrealEngine/Engine/Source/ThirdParty/PhysX3/PhysX_3.4/Source/GeomUtils/src/mesh/GuBV4_BoxBoxOverlapTest.h,2,0,2
/media/ullmann/HDDGabriel/engines/UnrealEngine/Engine/Source/Editor/FoliageEdit/Private/FoliageTypeCustomizationHelpers.cpp,0,1,1
/media/ullmann/HDDGabriel/engines/UnrealEngine/Engine/Source/Editor/FoliageEdit/Private/FoliageTypeCustomizationHelpers.h,3,0,3
/media/ullmann/HDDGabriel/engines/UnrealEngine/Engine/Source/ThirdParty/Intel/Embree/Embree2140/src/kernels/builders/presplit.h,1,6,7
/media/ullmann/HDDGabriel/engines/UnrealEngine/Engine/Source/ThirdParty/Intel/Embree/Embree2140/src/kernels/common/scene.h,30,13,43
/media/ullmann/HDDGabriel/engines/UnrealEngine/Engine/Source/ThirdParty/mtlpp/mtlpp-master-7efad47/src/render_pipeline.hpp,1,9,10
/media/ullmann/HDDGabriel/engines/UnrealEngine/Engine/Source/ThirdParty/mtlpp/mtlpp-master-7efad47/src/pixel_format.hpp,4,1,5
/media/ullmann/HDDGabriel/engines/UnrealEngine/Engine/Source/ThirdParty/Intel/Embree/Embree270/src/kernels/xeon/builders/heuristic_strand_array.h,1,4,5
/media/ullmann/HDDGabriel/engines/UnrealEngine/Engine/Source/ThirdParty/Intel/Embree/Embree270/src/kernels/algorithms/parallel_reduce.h,5,1,6
/media/ullmann/HDDGabriel/engines/UnrealEngine/Engine/Source/ThirdParty/OpenVDB/Deploy/openvdb-8.1.0/include/openvdb/math/HalfLimits.h,0,1,1
/media/ullmann/HDDGabriel/engines/UnrealEngine/Engine/Source/ThirdParty/OpenVDB/Deploy/openvdb-8.1.0/include/openvdb/math/Half.h,1,0,1
/media/ullmann/HDDGabriel/engines/UnrealEngine/Engine/Source/Runtime/Renderer/Private/SceneTextureParameters.cpp,0,5,5
/media/ullmann/HDDGabriel/engines/UnrealEngine/Engine/Source/Runtime/Renderer/Private/ScenePrivate.h,77,25,102
/media/ullmann/HDDGabriel/engines/UnrealEngine/Engine/Source/ThirdParty/CryptoPP/5.6.5/include/sha3.h,2,2,4
/media/ullmann/HDDGabriel/engines/UnrealEngine/Engine/Source/ThirdParty/coremod/coremod-4.2.6/src/lfo.c,0,1,1
/media/ullmann/HDDGabriel/engines/UnrealEngine/Engine/Source/ThirdParty/coremod/coremod-4.2.6/src/lfo.h,2,0,2
/media/ullmann/HDDGabriel/engines/UnrealEngine/Engine/Source/ThirdParty/FreeImage/FreeImage-3.18.0/Source/LibOpenJPEG/invert.c,0,1,1
/media/ullmann/HDDGabriel/engines/UnrealEngine/Engine/Source/ThirdParty/FreeImage/FreeImage-3.18.0/Source/LibOpenJPEG/opj_includes.h,25,26,51
/media/ullmann/HDDGabriel/engines/UnrealEngine/Engine/Source/ThirdParty/ICU/icu4c-64_1/source/i18n/name2uni.h,2,1,3
/media/ullmann/HDDGabriel/engines/UnrealEngine/Engine/Source/ThirdParty/ICU/icu4c-64_1/source/i18n/unicode/translit.h,21,0,21
/media/ullmann/HDDGabriel/engines/UnrealEngine/Engine/Source/Runtime/CoreUObject/Public/CoreUObject.h,0,72,72
/media/ullmann/HDDGabriel/engines/UnrealEngine/Engine/Source/Runtime/CoreUObject/Public/UObject/LinkerLoad.h,1,0,1
/media/ullmann/HDDGabriel/engines/UnrealEngine/Engine/Source/ThirdParty/Intel/MetricsDiscovery/MetricsDiscoveryHelper/samples/range_sample_dx11/imgui/imgui_draw.cpp,0,4,4
/media/ullmann/HDDGabriel/engines/UnrealEngine/Engine/Source/ThirdParty/Intel/MetricsDiscovery/MetricsDiscoveryHelper/samples/range_sample_dx11/imgui/imgui_internal.h,2,1,3
/media/ullmann/HDDGabriel/engines/UnrealEngine/Engine/Source/Editor/Persona/Private/PersonaModule.cpp,0,36,36
/media/ullmann/HDDGabriel/engines/UnrealEngine/Engine/Source/Editor/Persona/Private/Customization/SkeletalMeshRegionCustomization.h,1,0,1
/media/ullmann/HDDGabriel/engines/UnrealEngine/Engine/Source/ThirdParty/Boost/boost-1_70_0/include/boost/polygon/polygon_traits.hpp,3,18,21
/media/ullmann/HDDGabriel/engines/UnrealEngine/Engine/Source/ThirdParty/Boost/boost-1_70_0/include/boost/polygon/polygon_45_with_holes_data.hpp,2,2,4
/media/ullmann/HDDGabriel/engines/UnrealEngine/Engine/Source/ThirdParty/Imath/Imath-3.1.3/src/python/PyImath/PyImathVec3fd.cpp,0,3,3
/media/ullmann/HDDGabriel/engines/UnrealEngine/Engine/Source/ThirdParty/Imath/Imath-3.1.3/src/python/PyImath/PyImathVec3ArrayImpl.h,2,7,9
/media/ullmann/HDDGabriel/engines/UnrealEngine/Engine/Source/ThirdParty/HarfBuzz/harfbuzz-2.4.0/src/hb-static.cc,2,9,11
/media/ullmann/HDDGabriel/engines/UnrealEngine/Engine/Source/ThirdParty/HarfBuzz/harfbuzz-2.4.0/src/hb-ot-head-table.hh,2,0,2
/media/ullmann/HDDGabriel/engines/UnrealEngine/Engine/Source/ThirdParty/Oculus/LibOVRPlatform/LibOVRPlatform/include/OVR_Requests_Room.h,1,6,7
/media/ullmann/HDDGabriel/engines/UnrealEngine/Engine/Source/ThirdParty/Oculus/LibOVRPlatform/LibOVRPlatform/include/OVR_RoomArray.h,3,2,5
/media/ullmann/HDDGabriel/engines/UnrealEngine/Engine/Source/ThirdParty/ICU/icu4c-53_1/source/i18n/dtfmtsym.cpp,0,6,6
/media/ullmann/HDDGabriel/engines/UnrealEngine/Engine/Source/ThirdParty/ICU/icu4c-53_1/source/i18n/unicode/smpdtfmt.h,10,0,10
/media/ullmann/HDDGabriel/engines/UnrealEngine/Engine/Source/ThirdParty/PhysX3/APEX_1.4/module/destructible/include/autogen/ModuleDestructibleRegistration.h,0,13,13
/media/ullmann/HDDGabriel/engines/UnrealEngine/Engine/Source/ThirdParty/PhysX3/APEX_1.4/module/destructible/include/autogen/DestructibleAssetCollisionDataSet.h,1,0,1
/media/ullmann/HDDGabriel/engines/UnrealEngine/Engine/Source/ThirdParty/ICU/icu4c-53_1/source/common/ucnv2022.cpp,0,13,13
/media/ullmann/HDDGabriel/engines/UnrealEngine/Engine/Source/ThirdParty/ICU/icu4c-53_1/source/common/unicode/utypes.h,198,0,198
/media/ullmann/HDDGabriel/engines/UnrealEngine/Engine/Source/ThirdParty/ICU/icu4c-64_1/source/common/ucnvmbcs.cpp,0,15,15
/media/ullmann/HDDGabriel/engines/UnrealEngine/Engine/Source/ThirdParty/ICU/icu4c-64_1/source/common/unicode/utf8.h,17,0,17
/media/ullmann/HDDGabriel/engines/UnrealEngine/Engine/Source/ThirdParty/hlslcc/hlslcc/src/hlslcc_lib/hlsl_lexer.cpp,0,2,2
/media/ullmann/HDDGabriel/engines/UnrealEngine/Engine/Source/ThirdParty/hlslcc/hlslcc/src/hlslcc_lib/ShaderCompilerCommon.h,73,0,73
/media/ullmann/HDDGabriel/engines/UnrealEngine/Engine/Source/ThirdParty/Crunch/src/crnlib/lzma_Threads.cpp,0,2,2
/media/ullmann/HDDGabriel/engines/UnrealEngine/Engine/Source/ThirdParty/Crunch/src/crnlib/crn_core.h,78,12,90
/media/ullmann/HDDGabriel/engines/UnrealEngine/Engine/Source/Runtime/Core/Public/CoreSharedPCH.h,0,211,211
/media/ullmann/HDDGabriel/engines/UnrealEngine/Engine/Source/Runtime/Core/Public/Math/IntVector.h,3,0,3
/media/ullmann/HDDGabriel/engines/UnrealEngine/Engine/Source/ThirdParty/OpenVDB/openvdb-8.1.0/openvdb/openvdb/math/Operators.h,0,4,4
/media/ullmann/HDDGabriel/engines/UnrealEngine/Engine/Source/ThirdParty/OpenVDB/openvdb-8.1.0/openvdb/openvdb/math/Stencils.h,1,0,1
/media/ullmann/HDDGabriel/engines/UnrealEngine/Engine/Source/Editor/Persona/Private/SAnimationBlendSpace.cpp,0,3,3
/media/ullmann/HDDGabriel/engines/UnrealEngine/Engine/Source/Editor/Persona/Private/PersonaBlendSpaceAnalysis.h,2,0,2
/media/ullmann/HDDGabriel/engines/UnrealEngine/Engine/Source/ThirdParty/ICU/icu4c-53_1/source/tools/genrb/wrtxml.cpp,0,6,6
/media/ullmann/HDDGabriel/engines/UnrealEngine/Engine/Source/ThirdParty/ICU/icu4c-53_1/source/tools/genrb/errmsg.h,7,0,7
/media/ullmann/HDDGabriel/engines/UnrealEngine/Engine/Source/Editor/DeviceProfileEditor/Private/DeviceProfileEditorModule.cpp,0,1,1
/media/ullmann/HDDGabriel/engines/UnrealEngine/Engine/Source/Editor/DeviceProfileEditor/Private/SDeviceProfileEditor.h,2,0,2
/media/ullmann/HDDGabriel/engines/UnrealEngine/Engine/Source/ThirdParty/FreeType2/FreeType2-2.4.12/src/sfnt/sfdriver.c,1,11,12
/media/ullmann/HDDGabriel/engines/UnrealEngine/Engine/Source/ThirdParty/FreeType2/FreeType2-2.4.12/src/sfnt/sfobjs.h,2,0,2
/media/ullmann/HDDGabriel/engines/UnrealEngine/Engine/Source/ThirdParty/FreeType2/FreeType2-2.6/Src/smooth/ftgrays.c,1,3,4
/media/ullmann/HDDGabriel/engines/UnrealEngine/Engine/Source/ThirdParty/FreeType2/FreeType2-2.6/Src/smooth/ftsmerrs.h,3,0,3
/media/ullmann/HDDGabriel/engines/UnrealEngine/Engine/Source/ThirdParty/openexr/openexr-3.1.1/src/examples/drawImage.cpp,0,2,2
/media/ullmann/HDDGabriel/engines/UnrealEngine/Engine/Source/ThirdParty/openexr/openexr-3.1.1/src/examples/drawImage.h,7,1,8
/media/ullmann/HDDGabriel/engines/UnrealEngine/Engine/Source/ThirdParty/FreeType2/FreeType2-2.10.4/src/cid/cidriver.c,1,3,4
/media/ullmann/HDDGabriel/engines/UnrealEngine/Engine/Source/ThirdParty/FreeType2/FreeType2-2.10.4/src/cid/cidgload.h,3,1,4
/media/ullmann/HDDGabriel/engines/UnrealEngine/Engine/Source/ThirdParty/FreeImage/FreeImage-3.18.0/Source/OpenEXR/IlmImf/ImfLut.h,2,4,6
/media/ullmann/HDDGabriel/engines/UnrealEngine/Engine/Source/ThirdParty/FreeImage/FreeImage-3.18.0/Source/OpenEXR/IlmImf/ImfExport.h,68,0,68
/media/ullmann/HDDGabriel/engines/UnrealEngine/Engine/Source/ThirdParty/ICU/icu4c-64_1/source/common/uniset_props.cpp,0,25,25
/media/ullmann/HDDGabriel/engines/UnrealEngine/Engine/Source/ThirdParty/ICU/icu4c-64_1/source/common/unicode/uchar.h,28,0,28
/media/ullmann/HDDGabriel/engines/UnrealEngine/Engine/Source/ThirdParty/WebRTC/4147/Include/third_party/libsrtp/crypto/include/aes.h,1,2,3
/media/ullmann/HDDGabriel/engines/UnrealEngine/Engine/Source/ThirdParty/WebRTC/4147/Include/third_party/libsrtp/crypto/include/err.h,6,0,6
/media/ullmann/HDDGabriel/engines/UnrealEngine/Engine/Source/Runtime/Core/Public/Core.h,0,298,298
/media/ullmann/HDDGabriel/engines/UnrealEngine/Engine/Source/Runtime/Core/Public/Containers/ContainersFwd.h,5,0,5
/media/ullmann/HDDGabriel/engines/UnrealEngine/Engine/Source/ThirdParty/ICU/icu4c-64_1/source/common/ubidi_props.cpp,0,11,11
/media/ullmann/HDDGabriel/engines/UnrealEngine/Engine/Source/ThirdParty/ICU/icu4c-64_1/source/common/ucln_cmn.h,28,2,30
/media/ullmann/HDDGabriel/engines/UnrealEngine/Engine/Source/Editor/BlueprintGraph/Classes/K2Node_EnumEquality.h,1,1,2
/media/ullmann/HDDGabriel/engines/UnrealEngine/Engine/Source/Editor/BlueprintGraph/Classes/K2Node.h,54,0,54
/media/ullmann/HDDGabriel/engines/UnrealEngine/Engine/Source/Runtime/Net/Core/Public/Net/Core/Trace/NetTrace.h,0,1,1
/media/ullmann/HDDGabriel/engines/UnrealEngine/Engine/Source/Runtime/Net/Core/Public/Net/Core/Trace/Private/NetTraceInternal.h,1,0,1
/media/ullmann/HDDGabriel/engines/UnrealEngine/Engine/Source/ThirdParty/ICU/icu4c-64_1/source/test/cintltst/ccaltst.c,0,3,3
/media/ullmann/HDDGabriel/engines/UnrealEngine/Engine/Source/ThirdParty/ICU/icu4c-64_1/source/test/cintltst/cformtst.h,10,1,11
/media/ullmann/HDDGabriel/engines/UnrealEngine/Engine/Source/ThirdParty/ICU/icu4c-53_1/source/layout/MarkToLigaturePosnSubtables.cpp,0,10,10
/media/ullmann/HDDGabriel/engines/UnrealEngine/Engine/Source/ThirdParty/ICU/icu4c-53_1/source/layout/MarkArrays.h,4,3,7
/media/ullmann/HDDGabriel/engines/UnrealEngine/Engine/Source/ThirdParty/CryptoPP/5.6.5/include/gfpcrypt.h,14,11,25
/media/ullmann/HDDGabriel/engines/UnrealEngine/Engine/Source/ThirdParty/CryptoPP/5.6.5/include/integer.h,44,3,47
/media/ullmann/HDDGabriel/engines/UnrealEngine/Engine/Source/Editor/Sequencer/Private/SKeyNavigationButtons.h,1,4,5
/media/ullmann/HDDGabriel/engines/UnrealEngine/Engine/Source/Editor/Sequencer/Private/DisplayNodes/SequencerObjectBindingNode.h,11,0,11
/media/ullmann/HDDGabriel/engines/UnrealEngine/Engine/Source/ThirdParty/FreeImage/FreeImage-3.18.0/Source/OpenEXR/Imath/ImathFrustum.h,1,7,8
/media/ullmann/HDDGabriel/engines/UnrealEngine/Engine/Source/ThirdParty/FreeImage/FreeImage-3.18.0/Source/OpenEXR/Imath/ImathLine.h,4,4,8
/media/ullmann/HDDGabriel/engines/UnrealEngine/Engine/Source/ThirdParty/FreeImage/FreeImage-3.18.0/Source/OpenEXR/IlmImf/ImfMultiPartInputFile.h,10,5,15
/media/ullmann/HDDGabriel/engines/UnrealEngine/Engine/Source/ThirdParty/FreeImage/FreeImage-3.18.0/Source/OpenEXR/IlmImf/ImfGenericInputFile.h,7,4,11
/media/ullmann/HDDGabriel/engines/UnrealEngine/Engine/Source/ThirdParty/ICU/icu4c-53_1/source/i18n/calendar.cpp,0,20,20
/media/ullmann/HDDGabriel/engines/UnrealEngine/Engine/Source/ThirdParty/ICU/icu4c-53_1/source/i18n/unicode/gregocal.h,16,0,16
/media/ullmann/HDDGabriel/engines/UnrealEngine/Engine/Source/ThirdParty/Intel/Embree/Embree270/src/kernels/common/default.h,39,31,70
/media/ullmann/HDDGabriel/engines/UnrealEngine/Engine/Source/ThirdParty/Intel/Embree/Embree270/src/common/tasking/taskscheduler_tbb.h,5,8,13
/media/ullmann/HDDGabriel/engines/UnrealEngine/Engine/Source/ThirdParty/Intel/Embree/Embree2140/src/kernels/bvh/bvh4_factory.cpp,0,16,16
/media/ullmann/HDDGabriel/engines/UnrealEngine/Engine/Source/ThirdParty/Intel/Embree/Embree2140/src/kernels/geometry/trianglev.h,7,1,8
/media/ullmann/HDDGabriel/engines/UnrealEngine/Engine/Source/ThirdParty/ICU/icu4c-53_1/source/i18n/smpdtfmt.cpp,0,19,19
/media/ullmann/HDDGabriel/engines/UnrealEngine/Engine/Source/Developer/AssetTools/Private/AssetTypeActions/AssetTypeActions_MaterialFunctionInstance.h,1,1,2
/media/ullmann/HDDGabriel/engines/UnrealEngine/Engine/Source/Developer/AssetTools/Private/AssetTypeActions/AssetTypeActions_MaterialFunction.h,2,0,2
/media/ullmann/HDDGabriel/engines/UnrealEngine/Engine/Source/ThirdParty/SDL2/SDL-gui-backend/include/SDL_misc.h,1,3,4
/media/ullmann/HDDGabriel/engines/UnrealEngine/Engine/Source/ThirdParty/SDL2/SDL-gui-backend/include/SDL_stdinc.h,44,3,47
/media/ullmann/HDDGabriel/engines/UnrealEngine/Engine/Source/ThirdParty/ShaderConductor/ShaderConductor/External/DirectXShaderCompiler/include/llvm/CodeGen/PBQP/ReductionRules.h,0,3,3
/media/ullmann/HDDGabriel/engines/UnrealEngine/Engine/Source/ThirdParty/ShaderConductor/ShaderConductor/External/DirectXShaderCompiler/include/llvm/CodeGen/PBQP/Solution.h,1,2,3
/media/ullmann/HDDGabriel/engines/UnrealEngine/Engine/Source/Runtime/VulkanRHI/Private/VulkanPipeline.cpp,0,5,5
/media/ullmann/HDDGabriel/engines/UnrealEngine/Engine/Source/Runtime/VulkanRHI/Private/VulkanContext.h,21,3,24
/media/ullmann/HDDGabriel/engines/UnrealEngine/Engine/Source/ThirdParty/WebRTC/4147/Include/third_party/libjpeg_turbo/jdcoefct.h,0,1,1
/media/ullmann/HDDGabriel/engines/UnrealEngine/Engine/Source/ThirdParty/WebRTC/4147/Include/third_party/libjpeg_turbo/jpeglib.h,5,5,10
/media/ullmann/HDDGabriel/engines/UnrealEngine/Engine/Source/ThirdParty/ShaderConductor/ShaderConductor/External/DirectXShaderCompiler/tools/llvm-diff/DifferenceEngine.h,2,2,4
/media/ullmann/HDDGabriel/engines/UnrealEngine/Engine/Source/ThirdParty/ShaderConductor/ShaderConductor/External/DirectXShaderCompiler/tools/llvm-diff/DiffLog.h,4,0,4
/media/ullmann/HDDGabriel/engines/UnrealEngine/Engine/Source/Developer/IOS/IOSTargetPlatform/Private/IOSDeviceHelper.cpp,0,3,3
/media/ullmann/HDDGabriel/engines/UnrealEngine/Engine/Source/Developer/IOS/IOSTargetPlatform/Private/IOSDeviceHelper.h,2,0,2
/media/ullmann/HDDGabriel/engines/UnrealEngine/Engine/Source/ThirdParty/ICU/icu4c-53_1/source/common/servlkf.cpp,0,10,10
/media/ullmann/HDDGabriel/engines/UnrealEngine/Engine/Source/ThirdParty/ICU/icu4c-53_1/source/common/charstr.h,15,4,19
/media/ullmann/HDDGabriel/engines/UnrealEngine/Engine/Source/ThirdParty/ICU/icu4c-64_1/source/i18n/number_currencysymbols.cpp,0,2,2
/media/ullmann/HDDGabriel/engines/UnrealEngine/Engine/Source/ThirdParty/ICU/icu4c-64_1/source/i18n/numparse_types.h,25,1,26
/media/ullmann/HDDGabriel/engines/UnrealEngine/Engine/Source/ThirdParty/ICU/icu4c-64_1/source/common/icuplug.cpp,0,7,7
/media/ullmann/HDDGabriel/engines/UnrealEngine/Engine/Source/ThirdParty/ICU/icu4c-64_1/source/common/ucln.h,4,1,5
/media/ullmann/HDDGabriel/engines/UnrealEngine/Engine/Source/ThirdParty/ICU/icu4c-53_1/source/layout/ContextualGlyphSubstProc2.cpp,0,9,9
/media/ullmann/HDDGabriel/engines/UnrealEngine/Engine/Source/ThirdParty/ICU/icu4c-53_1/source/layout/StateTableProcessor2.h,9,5,14
/media/ullmann/HDDGabriel/engines/UnrealEngine/Engine/Source/ThirdParty/ICU/icu4c-53_1/source/test/intltest/ucaconf.cpp,0,1,1
/media/ullmann/HDDGabriel/engines/UnrealEngine/Engine/Source/ThirdParty/ICU/icu4c-53_1/source/test/intltest/ucaconf.h,4,1,5
/media/ullmann/HDDGabriel/engines/UnrealEngine/Engine/Source/ThirdParty/Imath/Imath-3.1.3/src/python/PyImath/PyImathVec3si.cpp,0,2,2
/media/ullmann/HDDGabriel/engines/UnrealEngine/Engine/Source/ThirdParty/Imath/Imath-3.1.3/src/python/PyImath/PyImathVec3Impl.h,2,4,6
/media/ullmann/HDDGabriel/engines/UnrealEngine/Engine/Source/Runtime/Portal/Proxies/Private/PortalProxiesModule.cpp,0,3,3
/media/ullmann/HDDGabriel/engines/UnrealEngine/Engine/Source/Runtime/Portal/Proxies/Private/Application/PortalApplicationWindowProxy.h,1,0,1
/media/ullmann/HDDGabriel/engines/UnrealEngine/Engine/Source/ThirdParty/ICU/icu4c-64_1/source/common/ucnvsel.cpp,0,14,14
/media/ullmann/HDDGabriel/engines/UnrealEngine/Engine/Source/ThirdParty/ICU/icu4c-64_1/source/common/ucmndata.h,7,2,9
/media/ullmann/HDDGabriel/engines/UnrealEngine/Engine/Source/ThirdParty/Crunch/src/crnlib/lzma_7zBuf2.cpp,0,2,2
/media/ullmann/HDDGabriel/engines/UnrealEngine/Engine/Source/ThirdParty/Crunch/src/crnlib/lzma_7zBuf.h,2,1,3
/media/ullmann/HDDGabriel/engines/UnrealEngine/Engine/Source/Editor/PropertyEditor/Private/SDetailsViewBase.cpp,0,12,12
/media/ullmann/HDDGabriel/engines/UnrealEngine/Engine/Source/Editor/PropertyEditor/Private/DetailCategoryBuilderImpl.h,15,4,19
/media/ullmann/HDDGabriel/engines/UnrealEngine/Engine/Source/ThirdParty/ICU/icu4c-53_1/source/common/ucnv_ct.c,0,12,12
/media/ullmann/HDDGabriel/engines/UnrealEngine/Engine/Source/ThirdParty/ICU/icu4c-53_1/source/common/ucnvmbcs.h,5,4,9
/media/ullmann/HDDGabriel/engines/UnrealEngine/Engine/Source/ThirdParty/Intel/Embree/Embree2140/src/kernels/subdiv/bezier_curve.h,9,1,10
/media/ullmann/HDDGabriel/engines/UnrealEngine/Engine/Source/ThirdParty/Intel/Embree/Embree2140/src/kernels/common/default.h,28,6,34
/media/ullmann/HDDGabriel/engines/UnrealEngine/Engine/Source/ThirdParty/libOpus/opus-1.1/silk/enc_API.c,0,6,6
/media/ullmann/HDDGabriel/engines/UnrealEngine/Engine/Source/ThirdParty/libOpus/opus-1.1/silk/typedef.h,9,0,9
/media/ullmann/HDDGabriel/engines/UnrealEngine/Engine/Source/ThirdParty/Python3/Linux/include/python3.9/Python.h,0,74,74
/media/ullmann/HDDGabriel/engines/UnrealEngine/Engine/Source/ThirdParty/Python3/Linux/include/python3.9/pystrcmp.h,1,0,1
/media/ullmann/HDDGabriel/engines/UnrealEngine/Engine/Source/ThirdParty/Intel/TBB/IntelTBB-2019u8/examples/parallel_for/tachyon/src/tgafile.cpp,0,6,6
/media/ullmann/HDDGabriel/engines/UnrealEngine/Engine/Source/ThirdParty/Intel/TBB/IntelTBB-2019u8/examples/parallel_for/tachyon/src/types.h,39,0,39
/media/ullmann/HDDGabriel/engines/UnrealEngine/Engine/Source/ThirdParty/Intel/Embree/Embree270/src/kernels/common/subdiv/catmullclark_ring.h,1,4,5
/media/ullmann/HDDGabriel/engines/UnrealEngine/Engine/Source/ThirdParty/Intel/Embree/Embree270/src/kernels/common/geometry.h,12,1,13
/media/ullmann/HDDGabriel/engines/UnrealEngine/Engine/Source/ThirdParty/Intel/Embree/Embree270/src/kernels/xeon/bvh8/bvh8_intersector1.cpp,0,8,8
/media/ullmann/HDDGabriel/engines/UnrealEngine/Engine/Source/ThirdParty/Intel/Embree/Embree270/src/kernels/xeon/geometry/intersector_iterators.h,16,6,22
/media/ullmann/HDDGabriel/engines/UnrealEngine/Engine/Source/ThirdParty/CryptoPP/5.6.5/include/mars.h,4,2,6
/media/ullmann/HDDGabriel/engines/UnrealEngine/Engine/Source/ThirdParty/CryptoPP/5.6.5/include/seckey.h,30,4,34
/media/ullmann/HDDGabriel/engines/UnrealEngine/Engine/Source/Runtime/Renderer/Private/BasePassRendering.cpp,0,14,14
/media/ullmann/HDDGabriel/engines/UnrealEngine/Engine/Source/Runtime/Renderer/Private/EditorPrimitivesRendering.h,4,0,4
/media/ullmann/HDDGabriel/engines/UnrealEngine/Engine/Source/Editor/Persona/Private/PersonaPreviewSceneController.cpp,0,1,1
/media/ullmann/HDDGabriel/engines/UnrealEngine/Engine/Source/Editor/Persona/Private/AnimationEditorPreviewScene.h,10,0,10
/media/ullmann/HDDGabriel/engines/UnrealEngine/Engine/Source/ThirdParty/ICU/icu4c-53_1/source/i18n/rbt.h,6,1,7
/media/ullmann/HDDGabriel/engines/UnrealEngine/Engine/Source/ThirdParty/ICU/icu4c-53_1/source/i18n/unicode/translit.h,21,0,21
/media/ullmann/HDDGabriel/engines/UnrealEngine/Engine/Source/ThirdParty/FreeType2/FreeType2-2.4.12/src/cff/cffdrivr.c,1,7,8
/media/ullmann/HDDGabriel/engines/UnrealEngine/Engine/Source/ThirdParty/FreeType2/FreeType2-2.4.12/src/cff/cffdrivr.h,1,0,1
/media/ullmann/HDDGabriel/engines/UnrealEngine/Engine/Source/ThirdParty/ICU/icu4c-53_1/source/common/ruleiter.cpp,0,6,6
/media/ullmann/HDDGabriel/engines/UnrealEngine/Engine/Source/ThirdParty/ICU/icu4c-53_1/source/common/ruleiter.h,4,1,5
/media/ullmann/HDDGabriel/engines/UnrealEngine/Engine/Source/Editor/BlueprintGraph/Classes/K2Node_StructMemberSet.h,1,2,3
/media/ullmann/HDDGabriel/engines/UnrealEngine/Engine/Source/ThirdParty/Intel/TBB/IntelTBB-2019u8/examples/parallel_for/tachyon/src/extvol.cpp,0,12,12
/media/ullmann/HDDGabriel/engines/UnrealEngine/Engine/Source/ThirdParty/Intel/TBB/IntelTBB-2019u8/examples/parallel_for/tachyon/src/util.h,30,1,31
/media/ullmann/HDDGabriel/engines/UnrealEngine/Engine/Source/ThirdParty/FreeImage/FreeImage-3.18.0/Source/OpenEXR/IlmImf/ImfDeepScanLineOutputPart.h,1,4,5
/media/ullmann/HDDGabriel/engines/UnrealEngine/Engine/Source/ThirdParty/FreeImage/FreeImage-3.18.0/Source/OpenEXR/IlmImf/ImfMultiPartOutputFile.h,5,6,11
/media/ullmann/HDDGabriel/engines/UnrealEngine/Engine/Source/ThirdParty/HarfBuzz/harfbuzz-2.4.0/src/hb-ot-color.cc,0,9,9
/media/ullmann/HDDGabriel/engines/UnrealEngine/Engine/Source/ThirdParty/HarfBuzz/harfbuzz-2.4.0/src/hb-ot-color-cpal-table.hh,1,0,1
/media/ullmann/HDDGabriel/engines/UnrealEngine/Engine/Source/Editor/Sequencer/Private/Sequencer.cpp,0,18,18
/media/ullmann/HDDGabriel/engines/UnrealEngine/Engine/Source/Editor/Sequencer/Private/SequencerContextMenus.h,5,2,7
/media/ullmann/HDDGabriel/engines/UnrealEngine/Engine/Source/ThirdParty/ICU/icu4c-53_1/source/layout/IndicRearrangementProcessor2.cpp,0,9,9
/media/ullmann/HDDGabriel/engines/UnrealEngine/Engine/Source/ThirdParty/ICU/icu4c-53_1/source/layout/LETypes.h,181,0,181
/media/ullmann/HDDGabriel/engines/UnrealEngine/Engine/Source/Runtime/VulkanRHI/Private/VulkanRHI.cpp,0,10,10
/media/ullmann/HDDGabriel/engines/UnrealEngine/Engine/Source/Runtime/VulkanRHI/Private/VulkanPendingState.h,14,5,19
/media/ullmann/HDDGabriel/engines/UnrealEngine/Engine/Source/ThirdParty/ICU/icu4c-53_1/source/layout/SegmentArrayProcessor.cpp,0,8,8
/media/ullmann/HDDGabriel/engines/UnrealEngine/Engine/Source/ThirdParty/ICU/icu4c-53_1/source/i18n/chnsecal.cpp,0,5,5
/media/ullmann/HDDGabriel/engines/UnrealEngine/Engine/Source/ThirdParty/ICU/icu4c-53_1/source/i18n/gregoimp.h,25,0,25
/media/ullmann/HDDGabriel/engines/UnrealEngine/Engine/Source/ThirdParty/PhysX3/NvCloth/samples/external/imgui/1.49/imgui.cpp,0,3,3
/media/ullmann/HDDGabriel/engines/UnrealEngine/Engine/Source/ThirdParty/PhysX3/NvCloth/samples/external/imgui/1.49/stb_textedit.h,2,0,2
/media/ullmann/HDDGabriel/engines/UnrealEngine/Engine/Source/ThirdParty/GoogleGameSDK/gamesdk/src/swappy/common/ChoreographerThread.cpp,0,4,4
/media/ullmann/HDDGabriel/engines/UnrealEngine/Engine/Source/ThirdParty/GoogleGameSDK/gamesdk/src/swappy/common/Thread.h,10,0,10
/media/ullmann/HDDGabriel/engines/UnrealEngine/Engine/Source/Runtime/Engine/Public/EngineMinimal.h,1,51,52
/media/ullmann/HDDGabriel/engines/UnrealEngine/Engine/Source/Runtime/Engine/Public/MeshBatch.h,8,7,15
/media/ullmann/HDDGabriel/engines/UnrealEngine/Engine/Source/Runtime/Experimental/Chaos/Public/Chaos/ConvexStructureData.h,0,1,1
/media/ullmann/HDDGabriel/engines/UnrealEngine/Engine/Source/Runtime/Experimental/Chaos/Public/Chaos/ChaosArchive.h,21,1,22
/media/ullmann/HDDGabriel/engines/UnrealEngine/Engine/Source/ThirdParty/ICU/icu4c-64_1/source/common/ucnv_err.cpp,0,7,7
/media/ullmann/HDDGabriel/engines/UnrealEngine/Engine/Source/ThirdParty/ICU/icu4c-64_1/source/common/unicode/utypes.h,224,0,224
/media/ullmann/HDDGabriel/engines/UnrealEngine/Engine/Source/ThirdParty/CryptoPP/5.6.5/include/validat1.cpp,0,44,44
/media/ullmann/HDDGabriel/engines/UnrealEngine/Engine/Source/ThirdParty/CryptoPP/5.6.5/include/dmac.h,2,1,3
/media/ullmann/HDDGabriel/engines/UnrealEngine/Engine/Source/ThirdParty/FreeType2/FreeType2-2.6/Src/cff/cff.c,0,16,16
/media/ullmann/HDDGabriel/engines/UnrealEngine/Engine/Source/ThirdParty/FreeType2/FreeType2-2.6/Src/cff/cf2intrp.c,1,7,8
/media/ullmann/HDDGabriel/engines/UnrealEngine/Engine/Source/ThirdParty/HarfBuzz/harfbuzz-2.4.0/src/hb-ot.h,9,9,18
/media/ullmann/HDDGabriel/engines/UnrealEngine/Engine/Source/ThirdParty/HarfBuzz/harfbuzz-2.4.0/src/hb-ot-color.h,1,2,3
/media/ullmann/HDDGabriel/engines/UnrealEngine/Engine/Source/ThirdParty/libOpus/opus-1.3.1-12/silk/enc_API.c,0,6,6
/media/ullmann/HDDGabriel/engines/UnrealEngine/Engine/Source/ThirdParty/libOpus/opus-1.3.1-12/silk/API.h,2,3,5
/media/ullmann/HDDGabriel/engines/UnrealEngine/Engine/Source/ThirdParty/ICU/icu4c-53_1/source/common/ucnv_cnv.c,0,7,7
/media/ullmann/HDDGabriel/engines/UnrealEngine/Engine/Source/ThirdParty/ICU/icu4c-53_1/source/common/ucnv_bld.h,20,8,28
/media/ullmann/HDDGabriel/engines/UnrealEngine/Engine/Source/ThirdParty/FreeImage/FreeImage-3.18.0/Source/LibOpenJPEG/opj_malloc.h,1,0,1
/media/ullmann/HDDGabriel/engines/UnrealEngine/Engine/Source/Runtime/RigVM/Public/RigVMCore/RigVM.h,0,8,8
/media/ullmann/HDDGabriel/engines/UnrealEngine/Engine/Source/Runtime/RigVM/Public/RigVMCore/RigVMByteCode.h,1,3,4
/media/ullmann/HDDGabriel/engines/UnrealEngine/Engine/Source/ThirdParty/ICU/icu4c-53_1/source/common/bmpset.cpp,0,7,7
/media/ullmann/HDDGabriel/engines/UnrealEngine/Engine/Source/Editor/DataTableEditor/Private/CompositeDataTableEditor.cpp,0,3,3
/media/ullmann/HDDGabriel/engines/UnrealEngine/Engine/Source/Editor/DataTableEditor/Private/SCompositeRowEditor.h,2,1,3
/media/ullmann/HDDGabriel/engines/UnrealEngine/Engine/Source/ThirdParty/openexr/openexr-3.1.1/src/lib/OpenEXR/ImfLineOrderAttribute.h,2,4,6
/media/ullmann/HDDGabriel/engines/UnrealEngine/Engine/Source/ThirdParty/openexr/openexr-3.1.1/src/lib/OpenEXR/ImfAttribute.h,25,3,28
/media/ullmann/HDDGabriel/engines/UnrealEngine/Engine/Source/Editor/EditorStyle/Public/EditorStyle.h,0,4,4
/media/ullmann/HDDGabriel/engines/UnrealEngine/Engine/Source/Editor/EditorStyle/Public/EditorStyleSet.h,1,0,1
/media/ullmann/HDDGabriel/engines/UnrealEngine/Engine/Source/ThirdParty/ICU/icu4c-64_1/source/i18n/anytrans.h,2,1,3
/media/ullmann/HDDGabriel/engines/UnrealEngine/Engine/Source/Developer/SettingsEditor/Private/SettingsEditorModule.cpp,0,3,3
/media/ullmann/HDDGabriel/engines/UnrealEngine/Engine/Source/Developer/SettingsEditor/Private/Widgets/SSettingsEditor.h,1,0,1
/media/ullmann/HDDGabriel/engines/UnrealEngine/Engine/Source/Developer/Localization/Public/LocalizationSettings.h,0,1,1
/media/ullmann/HDDGabriel/engines/UnrealEngine/Engine/Source/Developer/Localization/Public/LocalizationTargetTypes.h,1,1,2
/media/ullmann/HDDGabriel/engines/UnrealEngine/Engine/Source/ThirdParty/MCPP/mcpp-2.7.2/cpp-test/test-t/nest5.h,1,1,2
/media/ullmann/HDDGabriel/engines/UnrealEngine/Engine/Source/ThirdParty/MCPP/mcpp-2.7.2/cpp-test/test-t/nest6.h,1,1,2
/media/ullmann/HDDGabriel/engines/UnrealEngine/Engine/Source/ThirdParty/PhysX3/APEX_1.4/module/clothing/embedded/LowLevelCloth/src/SwSolver.cpp,0,9,9
/media/ullmann/HDDGabriel/engines/UnrealEngine/Engine/Source/ThirdParty/PhysX3/APEX_1.4/module/clothing/embedded/LowLevelCloth/src/ClothImpl.h,3,1,4
/media/ullmann/HDDGabriel/engines/UnrealEngine/Engine/Source/ThirdParty/Alembic/alembic-1.8.2/prman/Procedural/WriteGeo.h,2,1,3
/media/ullmann/HDDGabriel/engines/UnrealEngine/Engine/Source/ThirdParty/Alembic/alembic-1.8.2/prman/Procedural/ProcArgs.h,5,0,5
/media/ullmann/HDDGabriel/engines/UnrealEngine/Engine/Source/ThirdParty/CryptoPP/5.6.5/include/pubkey.h,19,11,30
/media/ullmann/HDDGabriel/engines/UnrealEngine/Engine/Source/ThirdParty/CryptoPP/5.6.5/include/eprecomp.h,5,5,10
/media/ullmann/HDDGabriel/engines/UnrealEngine/Engine/Source/ThirdParty/SDL2/SDL-gui-backend/src/libm/s_fabs.c,0,2,2
/media/ullmann/HDDGabriel/engines/UnrealEngine/Engine/Source/ThirdParty/SDL2/SDL-gui-backend/src/libm/math_private.h,20,0,20
/media/ullmann/HDDGabriel/engines/UnrealEngine/Engine/Source/ThirdParty/PhysX3/PhysX_3.4/Source/PhysX/src/NpActor.cpp,0,10,10
/media/ullmann/HDDGabriel/engines/UnrealEngine/Engine/Source/ThirdParty/PhysX3/PhysX_3.4/Source/PhysX/src/NpScene.h,12,2,14
/media/ullmann/HDDGabriel/engines/UnrealEngine/Engine/Source/ThirdParty/CryptoPP/5.6.2/include/mars.h,4,2,6
/media/ullmann/HDDGabriel/engines/UnrealEngine/Engine/Source/Programs/UnrealHeaderTool/Private/Scope.cpp,0,5,5
/media/ullmann/HDDGabriel/engines/UnrealEngine/Engine/Source/Programs/UnrealHeaderTool/Private/Scope.h,5,1,6
/media/ullmann/HDDGabriel/engines/UnrealEngine/Engine/Source/ThirdParty/SDL2/SDL-gui-backend/src/video/directfb/SDL_DirectFB_events.c,0,11,11
/media/ullmann/HDDGabriel/engines/UnrealEngine/Engine/Source/ThirdParty/SDL2/SDL-gui-backend/src/video/directfb/SDL_DirectFB_events.h,2,1,3
/media/ullmann/HDDGabriel/engines/UnrealEngine/Engine/Source/ThirdParty/SDL2/SDL-gui-backend/src/video/offscreen/SDL_offscreenwindow.c,0,4,4
/media/ullmann/HDDGabriel/engines/UnrealEngine/Engine/Source/ThirdParty/SDL2/SDL-gui-backend/src/video/SDL_sysvideo.h,126,2,128
/media/ullmann/HDDGabriel/engines/UnrealEngine/Engine/Source/ThirdParty/Intel/TBB/IntelTBB-2019u8/examples/parallel_for/tachyon/src/tachyon_video.cpp,0,5,5
/media/ullmann/HDDGabriel/engines/UnrealEngine/Engine/Source/ThirdParty/ShaderConductor/ShaderConductor/External/DirectXShaderCompiler/lib/Transforms/ObjCARC/ObjCARCContract.cpp,0,4,4
/media/ullmann/HDDGabriel/engines/UnrealEngine/Engine/Source/ThirdParty/ShaderConductor/ShaderConductor/External/DirectXShaderCompiler/lib/Transforms/ObjCARC/ARCRuntimeEntryPoints.h,2,1,3
/media/ullmann/HDDGabriel/engines/UnrealEngine/Engine/Source/ThirdParty/OpenSubdiv/Deploy/OpenSubdiv-3.4.4/include/opensubdiv/osd/mesh.h,1,6,7
/media/ullmann/HDDGabriel/engines/UnrealEngine/Engine/Source/ThirdParty/OpenSubdiv/Deploy/OpenSubdiv-3.4.4/include/opensubdiv/far/patchTableFactory.h,1,3,4
/media/ullmann/HDDGabriel/engines/UnrealEngine/Engine/Source/ThirdParty/CryptoPP/5.6.2/include/dll.h,5,28,33
/media/ullmann/HDDGabriel/engines/UnrealEngine/Engine/Source/ThirdParty/CryptoPP/5.6.2/include/osrng.h,5,6,11
/media/ullmann/HDDGabriel/engines/UnrealEngine/Engine/Source/Developer/SlateReflector/Private/InputEventVisualizer.cpp,0,1,1
/media/ullmann/HDDGabriel/engines/UnrealEngine/Engine/Source/Developer/SlateReflector/Private/InputEventVisualizer.h,2,0,2
/media/ullmann/HDDGabriel/engines/UnrealEngine/Engine/Source/ThirdParty/ICU/icu4c-53_1/source/common/ucnv.c,0,16,16
/media/ullmann/HDDGabriel/engines/UnrealEngine/Engine/Source/ThirdParty/ICU/icu4c-53_1/source/common/uassert.h,74,1,75
/media/ullmann/HDDGabriel/engines/UnrealEngine/Engine/Source/Editor/StatsViewer/Private/SStatsViewer.cpp,0,5,5
/media/ullmann/HDDGabriel/engines/UnrealEngine/Engine/Source/Editor/StatsViewer/Private/StatsCustomColumn.h,2,0,2
/media/ullmann/HDDGabriel/engines/UnrealEngine/Engine/Source/ThirdParty/Alembic/alembic-1.8.2/python/PyAlembic/PyOGeomParamPOD.cpp,0,2,2
/media/ullmann/HDDGabriel/engines/UnrealEngine/Engine/Source/ThirdParty/Alembic/alembic-1.8.2/python/PyAlembic/PyOGeomParam.h,4,2,6
/media/ullmann/HDDGabriel/engines/UnrealEngine/Engine/Source/ThirdParty/SDL2/SDL-gui-backend/src/thread/generic/SDL_syscond.c,0,2,2
/media/ullmann/HDDGabriel/engines/UnrealEngine/Engine/Source/ThirdParty/SDL2/SDL-gui-backend/src/thread/generic/SDL_syscond_c.h,2,1,3
/media/ullmann/HDDGabriel/engines/UnrealEngine/Engine/Source/Runtime/Engine/Public/BonePose.h,2,4,6
/media/ullmann/HDDGabriel/engines/UnrealEngine/Engine/Source/Runtime/Engine/Public/CustomBoneIndexArray.h,4,0,4
/media/ullmann/HDDGabriel/engines/UnrealEngine/Engine/Source/ThirdParty/openexr/openexr-3.1.1/src/lib/OpenEXR/ImfB44Compressor.cpp,0,9,9
/media/ullmann/HDDGabriel/engines/UnrealEngine/Engine/Source/ThirdParty/openexr/openexr-3.1.1/src/lib/OpenEXR/ImfCheckedArithmetic.h,9,1,10
/media/ullmann/HDDGabriel/engines/UnrealEngine/Engine/Source/ThirdParty/OpenVDB/openvdb-8.1.0/openvdb_ax/openvdb_ax/ax.cc,0,6,6
/media/ullmann/HDDGabriel/engines/UnrealEngine/Engine/Source/ThirdParty/OpenVDB/openvdb-8.1.0/openvdb_ax/openvdb_ax/compiler/VolumeExecutable.h,3,2,5
/media/ullmann/HDDGabriel/engines/UnrealEngine/Engine/Source/Developer/ScreenShotComparisonTools/Public/ScreenShotComparisonTools.h,0,3,3
/media/ullmann/HDDGabriel/engines/UnrealEngine/Engine/Source/Developer/ScreenShotComparisonTools/Public/Interfaces/IScreenShotManager.h,1,0,1
/media/ullmann/HDDGabriel/engines/UnrealEngine/Engine/Source/ThirdParty/FreeImage/FreeImage-3.18.0/Source/LibRawLite/src/libraw_cxx.cpp,0,2,2
/media/ullmann/HDDGabriel/engines/UnrealEngine/Engine/Source/ThirdParty/FreeImage/FreeImage-3.18.0/Source/LibRawLite/src/libraw_fuji_compressed.cpp,1,0,1
/media/ullmann/HDDGabriel/engines/UnrealEngine/Engine/Source/ThirdParty/OpenSubdiv/OpenSubdiv-3.4.4/opensubdiv/far/stencilBuilder.h,2,2,4
/media/ullmann/HDDGabriel/engines/UnrealEngine/Engine/Source/ThirdParty/OpenSubdiv/OpenSubdiv-3.4.4/opensubdiv/version.h,101,0,101
/media/ullmann/HDDGabriel/engines/UnrealEngine/Engine/Source/ThirdParty/ICU/icu4c-53_1/source/i18n/tzgnames.cpp,0,11,11
/media/ullmann/HDDGabriel/engines/UnrealEngine/Engine/Source/ThirdParty/ICU/icu4c-53_1/source/i18n/unicode/msgfmt.h,15,0,15
/media/ullmann/HDDGabriel/engines/UnrealEngine/Engine/Source/ThirdParty/FreeType2/FreeType2-2.6/Src/truetype/ttgload.h,3,2,5
/media/ullmann/HDDGabriel/engines/UnrealEngine/Engine/Source/ThirdParty/FreeType2/FreeType2-2.6/Src/truetype/ttinterp.h,4,1,5
/media/ullmann/HDDGabriel/engines/UnrealEngine/Engine/Source/ThirdParty/Imath/Imath-3.1.3/src/ImathTest/testInvert.cpp,0,1,1
/media/ullmann/HDDGabriel/engines/UnrealEngine/Engine/Source/ThirdParty/Imath/Imath-3.1.3/src/ImathTest/testInvert.h,2,0,2
/media/ullmann/HDDGabriel/engines/UnrealEngine/Engine/Source/ThirdParty/SDL2/SDL-gui-backend/src/audio/SDL_audio.c,0,4,4
/media/ullmann/HDDGabriel/engines/UnrealEngine/Engine/Source/ThirdParty/SDL2/SDL-gui-backend/src/thread/SDL_systhread.h,20,2,22
/media/ullmann/HDDGabriel/engines/UnrealEngine/Engine/Source/Programs/UnrealTraceServer/src/StoreService.cpp,0,7,7
/media/ullmann/HDDGabriel/engines/UnrealEngine/Engine/Source/Programs/UnrealTraceServer/src/StoreService.h,3,0,3
/media/ullmann/HDDGabriel/engines/UnrealEngine/Engine/Source/ThirdParty/FreeImage/FreeImage-3.18.0/Source/OpenEXR/IlmImf/ImfTiledOutputFile.cpp,0,21,21
/media/ullmann/HDDGabriel/engines/UnrealEngine/Engine/Source/ThirdParty/FreeImage/FreeImage-3.18.0/Source/OpenEXR/IlmImf/ImfOutputPartData.h,6,4,10
/media/ullmann/HDDGabriel/engines/UnrealEngine/Engine/Source/ThirdParty/libOpus/opus-1.1/silk/VQ_WMat_EC.c,0,1,1
/media/ullmann/HDDGabriel/engines/UnrealEngine/Engine/Source/ThirdParty/libOpus/opus-1.1/silk/main.h,38,7,45
/media/ullmann/HDDGabriel/engines/UnrealEngine/Engine/Source/ThirdParty/Oculus/LibOVRPlatform/LibOVRPlatform/include/OVR_RoomJoinability.h,1,1,2
/media/ullmann/HDDGabriel/engines/UnrealEngine/Engine/Source/ThirdParty/Oculus/LibOVRPlatform/LibOVRPlatform/include/OVR_Platform_Defs.h,155,0,155
/media/ullmann/HDDGabriel/engines/UnrealEngine/Engine/Source/Programs/UnrealTraceServer/src/Asio.cpp,0,2,2
/media/ullmann/HDDGabriel/engines/UnrealEngine/Engine/Source/Programs/UnrealTraceServer/src/Pch.h,15,1,16
/media/ullmann/HDDGabriel/engines/UnrealEngine/Engine/Source/ThirdParty/openexr/openexr-3.1.1/src/lib/OpenEXR/ImfFrameBuffer.h,9,3,12
/media/ullmann/HDDGabriel/engines/UnrealEngine/Engine/Source/ThirdParty/openexr/openexr-3.1.1/src/lib/OpenEXR/ImfForward.h,44,2,46
/media/ullmann/HDDGabriel/engines/UnrealEngine/Engine/Source/Runtime/Engine/Public/Subsystems/WorldSubsystem.h,1,1,2
/media/ullmann/HDDGabriel/engines/UnrealEngine/Engine/Source/Runtime/Engine/Public/Subsystems/Subsystem.h,3,0,3
/media/ullmann/HDDGabriel/engines/UnrealEngine/Engine/Source/ThirdParty/ShaderConductor/ShaderConductor/External/DirectXShaderCompiler/include/llvm/DebugInfo/PDB/PDBSymbolFuncDebugStart.h,0,2,2
/media/ullmann/HDDGabriel/engines/UnrealEngine/Engine/Source/ThirdParty/ShaderConductor/ShaderConductor/External/DirectXShaderCompiler/include/llvm/DebugInfo/PDB/PDBTypes.h,40,0,40
/media/ullmann/HDDGabriel/engines/UnrealEngine/Engine/Source/ThirdParty/ICU/icu4c-53_1/source/i18n/collationtailoring.cpp,0,3,3
/media/ullmann/HDDGabriel/engines/UnrealEngine/Engine/Source/ThirdParty/ICU/icu4c-53_1/source/i18n/collationsettings.h,13,2,15
/media/ullmann/HDDGabriel/engines/UnrealEngine/Engine/Source/ThirdParty/ICU/icu4c-64_1/source/common/ubidiwrt.cpp,0,8,8
/media/ullmann/HDDGabriel/engines/UnrealEngine/Engine/Source/ThirdParty/ICU/icu4c-64_1/source/common/unicode/ustring.h,53,0,53
/media/ullmann/HDDGabriel/engines/UnrealEngine/Engine/Source/ThirdParty/HarfBuzz/harfbuzz-2.4.0/src/hb-graphite2.cc,0,3,3
/media/ullmann/HDDGabriel/engines/UnrealEngine/Engine/Source/ThirdParty/HarfBuzz/harfbuzz-2.4.0/src/hb-shaper-impl.hh,6,0,6
/media/ullmann/HDDGabriel/engines/UnrealEngine/Engine/Source/Runtime/SignalProcessing/Public/DSP/AllPassFractionalDelay.h,1,2,3
/media/ullmann/HDDGabriel/engines/UnrealEngine/Engine/Source/Runtime/SignalProcessing/Public/DSP/BufferVectorOperations.h,5,0,5
/media/ullmann/HDDGabriel/engines/UnrealEngine/Engine/Source/Developer/DesktopPlatform/Private/DesktopPlatformModule.cpp,0,1,1
/media/ullmann/HDDGabriel/engines/UnrealEngine/Engine/Source/Developer/DesktopPlatform/Private/DesktopPlatformPrivate.h,3,4,7
/media/ullmann/HDDGabriel/engines/UnrealEngine/Engine/Source/ThirdParty/Vorbis/libvorbis-1.3.2/vq/vqgen.c,0,2,2
/media/ullmann/HDDGabriel/engines/UnrealEngine/Engine/Source/ThirdParty/Vorbis/libvorbis-1.3.2/vq/bookutil.h,7,1,8
/media/ullmann/HDDGabriel/engines/UnrealEngine/Engine/Source/ThirdParty/SDL2/SDL-gui-backend/src/haptic/SDL_syshaptic.h,9,1,10
/media/ullmann/HDDGabriel/engines/UnrealEngine/Engine/Source/ThirdParty/SDL2/SDL-gui-backend/src/SDL_internal.h,638,2,640
/media/ullmann/HDDGabriel/engines/UnrealEngine/Engine/Source/Programs/Enterprise/Datasmith/DatasmithSketchUpRubyExporter/Private/DatasmithSketchUpMesh.h,4,3,7
/media/ullmann/HDDGabriel/engines/UnrealEngine/Engine/Source/Programs/Enterprise/Datasmith/DatasmithSketchUpRubyExporter/Private/DatasmithSketchUpCommon.h,12,2,14
/media/ullmann/HDDGabriel/engines/UnrealEngine/Engine/Source/ThirdParty/Perforce/P4Api.Net/p4bridge/stdafx.h,13,4,17
/media/ullmann/HDDGabriel/engines/UnrealEngine/Engine/Source/ThirdParty/Perforce/P4Api.Net/p4bridge/Lock.h,4,0,4
/media/ullmann/HDDGabriel/engines/UnrealEngine/Engine/Source/ThirdParty/Oculus/LibOVRPlatform/LibOVRPlatform/include/OVR_AchievementProgressArray.h,3,2,5
/media/ullmann/HDDGabriel/engines/UnrealEngine/Engine/Source/ThirdParty/ICU/icu4c-53_1/source/common/servloc.h,6,8,14
/media/ullmann/HDDGabriel/engines/UnrealEngine/Engine/Source/ThirdParty/ICU/icu4c-53_1/source/common/serv.h,2,7,9
/media/ullmann/HDDGabriel/engines/UnrealEngine/Engine/Source/ThirdParty/FreeImage/FreeImage-3.18.0/Source/FreeImage/PSDParser.cpp,0,2,2
/media/ullmann/HDDGabriel/engines/UnrealEngine/Engine/Source/ThirdParty/FreeImage/FreeImage-3.18.0/Source/FreeImage/PSDParser.h,3,0,3
/media/ullmann/HDDGabriel/engines/UnrealEngine/Engine/Source/ThirdParty/ICU/icu4c-64_1/source/test/intltest/localebuildertest.h,2,1,3
/media/ullmann/HDDGabriel/engines/UnrealEngine/Engine/Source/ThirdParty/ICU/icu4c-64_1/source/test/intltest/intltest.h,128,0,128
/media/ullmann/HDDGabriel/engines/UnrealEngine/Engine/Source/ThirdParty/openexr/openexr-3.1.1/src/lib/OpenEXR/ImfDeepTiledInputFile.cpp,0,17,17
/media/ullmann/HDDGabriel/engines/UnrealEngine/Engine/Source/ThirdParty/openexr/openexr-3.1.1/src/lib/OpenEXR/ImfTiledMisc.h,7,2,9
/media/ullmann/HDDGabriel/engines/UnrealEngine/Engine/Source/ThirdParty/HarfBuzz/harfbuzz-2.4.0/src/hb-ot-shape-complex-use.cc,0,4,4
/media/ullmann/HDDGabriel/engines/UnrealEngine/Engine/Source/ThirdParty/HarfBuzz/harfbuzz-2.4.0/src/hb-ot-shape-complex-use.hh,3,0,3
/media/ullmann/HDDGabriel/engines/UnrealEngine/Engine/Source/ThirdParty/FreeImage/FreeImage-3.18.0/Source/OpenEXR/IlmImf/ImfDeepFrameBuffer.cpp,0,2,2
/media/ullmann/HDDGabriel/engines/UnrealEngine/Engine/Source/ThirdParty/FreeImage/FreeImage-3.18.0/Source/OpenEXR/IlmImf/ImfDeepFrameBuffer.h,5,3,8
/media/ullmann/HDDGabriel/engines/UnrealEngine/Engine/Source/Programs/Enterprise/Datasmith/DatasmithARCHICADExporter/Private/Synchronizer.h,11,4,15
/media/ullmann/HDDGabriel/engines/UnrealEngine/Engine/Source/Programs/Enterprise/Datasmith/DatasmithARCHICADExporter/Private/Utils/AddonTools.h,41,4,45
/media/ullmann/HDDGabriel/engines/UnrealEngine/Engine/Source/ThirdParty/openexr/Deploy/openexr-3.1.1/include/OpenEXR/ImfDeepImage.h,1,4,5
/media/ullmann/HDDGabriel/engines/UnrealEngine/Engine/Source/ThirdParty/openexr/Deploy/openexr-3.1.1/include/OpenEXR/ImfTileDescription.h,14,2,16
/media/ullmann/HDDGabriel/engines/UnrealEngine/Engine/Source/ThirdParty/openexr/openexr-3.1.1/src/lib/OpenEXR/ImfVecAttribute.h,4,3,7
/media/ullmann/HDDGabriel/engines/UnrealEngine/Engine/Source/Editor/BlueprintGraph/Private/BasicTokenParser.cpp,0,1,1
/media/ullmann/HDDGabriel/engines/UnrealEngine/Engine/Source/Editor/BlueprintGraph/Private/BasicTokenParser.h,2,0,2
/media/ullmann/HDDGabriel/engines/UnrealEngine/Engine/Source/ThirdParty/Windows/DirectX/Include/XAudio2.h,0,3,3
/media/ullmann/HDDGabriel/engines/UnrealEngine/Engine/Source/ThirdParty/Windows/DirectX/Include/audiodefs.h,3,0,3
/media/ullmann/HDDGabriel/engines/UnrealEngine/Engine/Source/ThirdParty/ICU/icu4c-53_1/source/common/wintz.c,0,5,5
/media/ullmann/HDDGabriel/engines/UnrealEngine/Engine/Source/ThirdParty/ICU/icu4c-53_1/source/common/unicode/ures.h,14,0,14
/media/ullmann/HDDGabriel/engines/UnrealEngine/Engine/Source/ThirdParty/PhysX3/PxShared/src/foundation/include/PsInlineAoS.h,1,4,5
/media/ullmann/HDDGabriel/engines/UnrealEngine/Engine/Source/ThirdParty/PhysX3/PxShared/src/foundation/include/unix/PsUnixTrigConstants.h,1,0,1
/media/ullmann/HDDGabriel/engines/UnrealEngine/Engine/Source/ThirdParty/ICU/icu4c-64_1/source/test/cintltst/cfintst.h,1,1,2
/media/ullmann/HDDGabriel/engines/UnrealEngine/Engine/Source/ThirdParty/ICU/icu4c-64_1/source/test/cintltst/cintltst.h,114,0,114
/media/ullmann/HDDGabriel/engines/UnrealEngine/Engine/Source/ThirdParty/ICU/icu4c-53_1/source/i18n/tmutfmt.cpp,0,4,4
/media/ullmann/HDDGabriel/engines/UnrealEngine/Engine/Source/ThirdParty/ICU/icu4c-53_1/source/i18n/unicode/decimfmt.h,15,0,15
/media/ullmann/HDDGabriel/engines/UnrealEngine/Engine/Source/Runtime/Engine/Public/VorbisAudioInfo.h,0,1,1
/media/ullmann/HDDGabriel/engines/UnrealEngine/Engine/Source/Runtime/Engine/Public/AudioDecompress.h,3,1,4
/media/ullmann/HDDGabriel/engines/UnrealEngine/Engine/Source/ThirdParty/FreeType2/FreeType2-2.10.4/src/base/ftbase.c,0,18,18
/media/ullmann/HDDGabriel/engines/UnrealEngine/Engine/Source/ThirdParty/FreeType2/FreeType2-2.10.4/src/base/ftdbgmem.c,1,0,1
/media/ullmann/HDDGabriel/engines/UnrealEngine/Engine/Source/ThirdParty/Intel/Embree/Embree270/src/kernels/xeon/bvh4/bvh4_intersector_node.h,10,1,11
/media/ullmann/HDDGabriel/engines/UnrealEngine/Engine/Source/ThirdParty/Intel/Embree/Embree270/src/kernels/xeon/bvh4/bvh4.h,23,7,30
/media/ullmann/HDDGabriel/engines/UnrealEngine/Engine/Source/Runtime/NavigationSystem/Public/NavigationSystem.h,0,6,6
/media/ullmann/HDDGabriel/engines/UnrealEngine/Engine/Source/Runtime/NavigationSystem/Public/NavFilters/NavigationQueryFilter.h,4,0,4
/media/ullmann/HDDGabriel/engines/UnrealEngine/Engine/Source/Runtime/GeometryCore/Public/Polyline3.h,0,4,4
/media/ullmann/HDDGabriel/engines/UnrealEngine/Engine/Source/Runtime/GeometryCore/Public/VectorTypes.h,23,1,24
/media/ullmann/HDDGabriel/engines/UnrealEngine/Engine/Source/ThirdParty/SDL2/SDL-gui-backend/src/video/emscripten/SDL_emscriptenevents.c,0,6,6
/media/ullmann/HDDGabriel/engines/UnrealEngine/Engine/Source/ThirdParty/SDL2/SDL-gui-backend/src/video/emscripten/SDL_emscriptenvideo.h,6,3,9
/media/ullmann/HDDGabriel/engines/UnrealEngine/Engine/Source/ThirdParty/ICU/icu4c-64_1/source/i18n/csdetect.cpp,0,10,10
/media/ullmann/HDDGabriel/engines/UnrealEngine/Engine/Source/ThirdParty/ICU/icu4c-64_1/source/i18n/csdetect.h,2,0,2
/media/ullmann/HDDGabriel/engines/UnrealEngine/Engine/Source/ThirdParty/Oculus/LibOVRPlatform/LibOVRPlatform/include/OVR_RoomOptions.h,2,4,6
/media/ullmann/HDDGabriel/engines/UnrealEngine/Engine/Source/Runtime/PhysicsCore/Public/ChaosInterfaceWrapperCore.h,3,4,7
/media/ullmann/HDDGabriel/engines/UnrealEngine/Engine/Source/Runtime/PhysicsCore/Public/PhysXPublicCore.h,6,3,9
/media/ullmann/HDDGabriel/engines/UnrealEngine/Engine/Source/ThirdParty/Intel/ISPC/ispc-1.16.1/examples/cpu/deferred/main.cpp,0,2,2
/media/ullmann/HDDGabriel/engines/UnrealEngine/Engine/Source/ThirdParty/Intel/ISPC/ispc-1.16.1/examples/cpu/deferred/deferred.h,3,0,3
/media/ullmann/HDDGabriel/engines/UnrealEngine/Engine/Source/ThirdParty/FreeType2/FreeType2-2.6/Src/autofit/hbshim.c,1,5,6
/media/ullmann/HDDGabriel/engines/UnrealEngine/Engine/Source/ThirdParty/FreeType2/FreeType2-2.6/Src/autofit/afcover.h,2,0,2
/media/ullmann/HDDGabriel/engines/UnrealEngine/Engine/Source/ThirdParty/Intel/Embree/Embree270/src/kernels/xeon/bvh4/bvh4_intersector4_hybrid.cpp,0,9,9
/media/ullmann/HDDGabriel/engines/UnrealEngine/Engine/Source/ThirdParty/ShaderConductor/ShaderConductor/External/DirectXShaderCompiler/utils/TableGen/DFAPacketizerEmitter.cpp,0,1,1
/media/ullmann/HDDGabriel/engines/UnrealEngine/Engine/Source/ThirdParty/ShaderConductor/ShaderConductor/External/DirectXShaderCompiler/utils/TableGen/CodeGenTarget.h,21,2,23
/media/ullmann/HDDGabriel/engines/UnrealEngine/Engine/Source/ThirdParty/Intel/TBB/IntelTBB-2019u8/src/test/test_semaphore.cpp,0,6,6
/media/ullmann/HDDGabriel/engines/UnrealEngine/Engine/Source/ThirdParty/Intel/TBB/IntelTBB-2019u8/src/tbb/semaphore.h,5,0,5
/media/ullmann/HDDGabriel/engines/UnrealEngine/Engine/Source/ThirdParty/ICU/icu4c-53_1/source/common/normlzr.cpp,0,11,11
/media/ullmann/HDDGabriel/engines/UnrealEngine/Engine/Source/ThirdParty/ICU/icu4c-53_1/source/common/cmemory.h,122,2,124
/media/ullmann/HDDGabriel/engines/UnrealEngine/Engine/Source/ThirdParty/ShaderConductor/ShaderConductor/External/DirectXShaderCompiler/lib/Support/COM.cpp,0,2,2
/media/ullmann/HDDGabriel/engines/UnrealEngine/Engine/Source/ThirdParty/ShaderConductor/ShaderConductor/External/DirectXShaderCompiler/lib/Support/Windows/COM.inc,1,0,1
/media/ullmann/HDDGabriel/engines/UnrealEngine/Engine/Source/ThirdParty/OpenSubdiv/OpenSubdiv-3.4.4/examples/glEvalLimit/glEvalLimit.cpp,0,10,10
/media/ullmann/HDDGabriel/engines/UnrealEngine/Engine/Source/ThirdParty/OpenSubdiv/OpenSubdiv-3.4.4/regression/common/arg_utils.h,14,1,15
/media/ullmann/HDDGabriel/engines/UnrealEngine/Engine/Source/ThirdParty/Imath/Imath-3.1.3/src/python/PyImath/PyImathMatrix22.cpp,0,6,6
/media/ullmann/HDDGabriel/engines/UnrealEngine/Engine/Source/ThirdParty/Imath/Imath-3.1.3/src/python/PyImath/PyImathMathExc.h,23,0,23
/media/ullmann/HDDGabriel/engines/UnrealEngine/Engine/Source/ThirdParty/SDL2/SDL-gui-backend/include/SDL_rect.h,4,6,10
/media/ullmann/HDDGabriel/engines/UnrealEngine/Engine/Source/ThirdParty/SDL2/SDL-gui-backend/include/close_code.h,59,0,59
/media/ullmann/HDDGabriel/engines/UnrealEngine/Engine/Source/ThirdParty/Intel/ISPC/ispc-1.17.0/builtins/builtins-c-cpu.cpp,0,1,1
/media/ullmann/HDDGabriel/engines/UnrealEngine/Engine/Source/ThirdParty/Intel/ISPC/ispc-1.17.0/builtins/array.hpp,1,0,1
/media/ullmann/HDDGabriel/engines/UnrealEngine/Engine/Source/ThirdParty/libPNG/libPNG-1.6.37/contrib/visupng/VisualPng.c,0,1,1
/media/ullmann/HDDGabriel/engines/UnrealEngine/Engine/Source/ThirdParty/libPNG/libPNG-1.6.37/contrib/visupng/resource.h,1,0,1
/media/ullmann/HDDGabriel/engines/UnrealEngine/Engine/Source/ThirdParty/FreeType2/FreeType2-2.6/Src/cff/cf2stack.c,1,5,6
/media/ullmann/HDDGabriel/engines/UnrealEngine/Engine/Source/ThirdParty/FreeType2/FreeType2-2.6/Src/cff/cf2font.h,6,2,8
/media/ullmann/HDDGabriel/engines/UnrealEngine/Engine/Source/ThirdParty/libOpus/opus-1.1/celt/celt_decoder.c,0,15,15
/media/ullmann/HDDGabriel/engines/UnrealEngine/Engine/Source/ThirdParty/libOpus/opus-1.1/celt/celt.h,5,3,8
/media/ullmann/HDDGabriel/engines/UnrealEngine/Engine/Source/ThirdParty/PhysX3/PhysX_3.4/Source/PhysX/src/NpActor.h,4,1,5
/media/ullmann/HDDGabriel/engines/UnrealEngine/Engine/Source/ThirdParty/PhysX3/PhysX_3.4/Source/PhysX/src/NpConnector.h,2,0,2
/media/ullmann/HDDGabriel/engines/UnrealEngine/Engine/Source/ThirdParty/FreeType2/FreeType2-2.10.0/src/sfnt/sfnt.c,0,12,12
/media/ullmann/HDDGabriel/engines/UnrealEngine/Engine/Source/ThirdParty/FreeType2/FreeType2-2.10.0/src/sfnt/sfobjs.c,1,6,7
/media/ullmann/HDDGabriel/engines/UnrealEngine/Engine/Source/ThirdParty/OpenVDB/openvdb-8.1.0/openvdb/openvdb/tools/LevelSetFracture.h,0,3,3
/media/ullmann/HDDGabriel/engines/UnrealEngine/Engine/Source/ThirdParty/OpenVDB/openvdb-8.1.0/openvdb/openvdb/tools/GridTransformer.h,3,5,8
/media/ullmann/HDDGabriel/engines/UnrealEngine/Engine/Source/Editor/StaticMeshEditor/Private/StaticMeshEditorModeUILayer.cpp,0,2,2
/media/ullmann/HDDGabriel/engines/UnrealEngine/Engine/Source/Editor/StaticMeshEditor/Private/StaticMeshEditor.h,4,0,4
/media/ullmann/HDDGabriel/engines/UnrealEngine/Engine/Source/ThirdParty/Boost/boost-1_70_0/include/boost/safe_numerics/automatic.hpp,0,7,7
/media/ullmann/HDDGabriel/engines/UnrealEngine/Engine/Source/ThirdParty/Boost/boost-1_70_0/include/boost/safe_numerics/checked_default.hpp,2,1,3
/media/ullmann/HDDGabriel/engines/UnrealEngine/Engine/Source/Runtime/Engine/Classes/Kismet/GameplayStaticsTypes.h,1,1,2
/media/ullmann/HDDGabriel/engines/UnrealEngine/Engine/Source/Runtime/Engine/Classes/Kismet/KismetSystemLibrary.h,1,0,1
/media/ullmann/HDDGabriel/engines/UnrealEngine/Engine/Source/ThirdParty/EOSSDK/SDK/Include/eos_userinfo.h,0,1,1
/media/ullmann/HDDGabriel/engines/UnrealEngine/Engine/Source/ThirdParty/EOSSDK/SDK/Include/eos_userinfo_types.h,2,1,3
/media/ullmann/HDDGabriel/engines/UnrealEngine/Engine/Source/Developer/TraceInsights/Private/Insights/InsightsSettings.cpp,0,1,1
/media/ullmann/HDDGabriel/engines/UnrealEngine/Engine/Source/Developer/TraceInsights/Private/Insights/InsightsSettings.h,1,0,1
/media/ullmann/HDDGabriel/engines/UnrealEngine/Engine/Source/ThirdParty/CryptoPP/5.6.2/include/cryptlib.cpp,0,10,10
/media/ullmann/HDDGabriel/engines/UnrealEngine/Engine/Source/ThirdParty/PhysX3/PhysX_3.4/Source/LowLevelParticles/src/PtCollisionCapsule.cpp,0,1,1
/media/ullmann/HDDGabriel/engines/UnrealEngine/Engine/Source/ThirdParty/PhysX3/PhysX_3.4/Source/LowLevelParticles/src/PtCollisionMethods.h,7,4,11
/media/ullmann/HDDGabriel/engines/UnrealEngine/Engine/Source/ThirdParty/Intel/TBB/IntelTBB-2019u8/examples/parallel_for/tachyon/src/sphere.cpp,0,7,7
/media/ullmann/HDDGabriel/engines/UnrealEngine/Engine/Source/ThirdParty/Intel/TBB/IntelTBB-2019u8/examples/parallel_for/tachyon/src/sphere.h,4,0,4
/media/ullmann/HDDGabriel/engines/UnrealEngine/Engine/Source/ThirdParty/openexr/openexr-3.1.1/src/lib/OpenEXR/dwaLookups.cpp,0,3,3
/media/ullmann/HDDGabriel/engines/UnrealEngine/Engine/Source/ThirdParty/openexr/openexr-3.1.1/src/lib/OpenEXR/ImfIO.h,11,1,12
/media/ullmann/HDDGabriel/engines/UnrealEngine/Engine/Source/ThirdParty/ICU/icu4c-64_1/source/test/intltest/restest.h,2,1,3
/media/ullmann/HDDGabriel/engines/UnrealEngine/Engine/Source/Runtime/Windows/AudioMixerXAudio2/Private/WindowsMMNotificationClient.cpp,0,3,3
/media/ullmann/HDDGabriel/engines/UnrealEngine/Engine/Source/Runtime/Windows/AudioMixerXAudio2/Private/WindowsMMNotificationClient.h,2,0,2
/media/ullmann/HDDGabriel/engines/UnrealEngine/Engine/Source/Editor/Persona/Private/AnimTimeline/SAnimOutlinerItem.cpp,0,4,4
/media/ullmann/HDDGabriel/engines/UnrealEngine/Engine/Source/Editor/Persona/Private/AnimTimeline/SAnimOutliner.h,5,1,6
/media/ullmann/HDDGabriel/engines/UnrealEngine/Engine/Source/Runtime/Engine/Private/PhysicsEngine/CollisionAnalyzerCapture.cpp,0,1,1
/media/ullmann/HDDGabriel/engines/UnrealEngine/Engine/Source/Runtime/Engine/Private/PhysicsEngine/CollisionAnalyzerCapture.h,2,0,2
/media/ullmann/HDDGabriel/engines/UnrealEngine/Engine/Source/ThirdParty/Boost/boost-1_70_0/include/boost/polygon/polygon.hpp,1,49,50
/media/ullmann/HDDGabriel/engines/UnrealEngine/Engine/Source/ThirdParty/Boost/boost-1_70_0/include/boost/polygon/polygon_90_data.hpp,3,0,3
/media/ullmann/HDDGabriel/engines/UnrealEngine/Engine/Source/ThirdParty/FreeType2/FreeType2-2.4.12/src/cff/cf2font.c,1,5,6
/media/ullmann/HDDGabriel/engines/UnrealEngine/Engine/Source/ThirdParty/FreeType2/FreeType2-2.4.12/src/cff/cf2error.h,9,1,10
/media/ullmann/HDDGabriel/engines/UnrealEngine/Engine/Source/ThirdParty/Android/libunwind/libunwind/src/unwind/GetLanguageSpecificData.c,0,1,1
/media/ullmann/HDDGabriel/engines/UnrealEngine/Engine/Source/ThirdParty/Android/libunwind/libunwind/src/unwind/unwind-internal.h,18,0,18
/media/ullmann/HDDGabriel/engines/UnrealEngine/Engine/Source/ThirdParty/PhysX3/PhysX_3.4/Source/LowLevelDynamics/src/DySolverConstraints.cpp,0,6,6
/media/ullmann/HDDGabriel/engines/UnrealEngine/Engine/Source/ThirdParty/PhysX3/PhysX_3.4/Source/LowLevelDynamics/src/DySolverBody.h,15,0,15
/media/ullmann/HDDGabriel/engines/UnrealEngine/Engine/Source/ThirdParty/Intel/Embree/Embree270/src/kernels/xeonphi/bvh4i/bvh4i_intersector16_single.cpp,0,2,2
/media/ullmann/HDDGabriel/engines/UnrealEngine/Engine/Source/ThirdParty/Intel/Embree/Embree270/src/kernels/xeonphi/bvh4i/bvh4i_leaf_intersector.h,6,11,17
/media/ullmann/HDDGabriel/engines/UnrealEngine/Engine/Source/ThirdParty/openexr/Deploy/openexr-3.1.1/include/OpenEXR/ImfHeader.h,4,7,11
/media/ullmann/HDDGabriel/engines/UnrealEngine/Engine/Source/ThirdParty/openexr/Deploy/openexr-3.1.1/include/OpenEXR/ImfCompression.h,3,2,5
/media/ullmann/HDDGabriel/engines/UnrealEngine/Engine/Source/Editor/AnimGraph/Public/AnimGraphNode_BlendListByEnum.h,0,1,1
/media/ullmann/HDDGabriel/engines/UnrealEngine/Engine/Source/Editor/AnimGraph/Public/AnimGraphNode_BlendListBase.h,4,1,5
/media/ullmann/HDDGabriel/engines/UnrealEngine/Engine/Source/ThirdParty/Intel/Embree/Embree270/src/kernels/xeonphi/geometry/triangle1mc_intersector16_moeller.h,1,3,4
/media/ullmann/HDDGabriel/engines/UnrealEngine/Engine/Source/ThirdParty/Intel/Embree/Embree270/src/kernels/common/ray16.h,27,1,28
/media/ullmann/HDDGabriel/engines/UnrealEngine/Engine/Source/ThirdParty/libjpeg-turbo/include/cmyk.h,0,2,2
/media/ullmann/HDDGabriel/engines/UnrealEngine/Engine/Source/ThirdParty/libjpeg-turbo/include/jinclude.h,2,0,2
/media/ullmann/HDDGabriel/engines/UnrealEngine/Engine/Source/ThirdParty/ICU/icu4c-53_1/source/layout/SubtableProcessor.cpp,0,4,4
/media/ullmann/HDDGabriel/engines/UnrealEngine/Engine/Source/ThirdParty/ICU/icu4c-53_1/source/layout/SubtableProcessor.h,23,2,25
/media/ullmann/HDDGabriel/engines/UnrealEngine/Engine/Source/ThirdParty/FreeType2/FreeType2-2.10.4/src/cid/cidload.h,3,1,4
/media/ullmann/HDDGabriel/engines/UnrealEngine/Engine/Source/ThirdParty/FreeType2/FreeType2-2.10.4/src/cid/cidparse.h,2,0,2
/media/ullmann/HDDGabriel/engines/UnrealEngine/Engine/Source/Runtime/SlateCore/Public/SlateCore.h,0,86,86
/media/ullmann/HDDGabriel/engines/UnrealEngine/Engine/Source/Runtime/SlateCore/Public/Brushes/SlateColorBrush.h,1,0,1
/media/ullmann/HDDGabriel/engines/UnrealEngine/Engine/Source/ThirdParty/FreeType2/FreeType2-2.4.12/src/gzip/ftgzip.c,0,13,13
/media/ullmann/HDDGabriel/engines/UnrealEngine/Engine/Source/ThirdParty/FreeType2/FreeType2-2.4.12/src/gzip/infblock.c,1,5,6
/media/ullmann/HDDGabriel/engines/UnrealEngine/Engine/Source/ThirdParty/libOpus/opus-1.0.3/silk/main.h,38,7,45
/media/ullmann/HDDGabriel/engines/UnrealEngine/Engine/Source/ThirdParty/libOpus/opus-1.0.3/silk/PLC.h,3,1,4
/media/ullmann/HDDGabriel/engines/UnrealEngine/Engine/Source/ThirdParty/Intel/Embree/Embree270/src/common/math/vec4.h,1,10,11
/media/ullmann/HDDGabriel/engines/UnrealEngine/Engine/Source/ThirdParty/Intel/Embree/Embree270/src/common/simd/avx512.h,9,6,15
/media/ullmann/HDDGabriel/engines/UnrealEngine/Engine/Source/ThirdParty/FreeType2/FreeType2-2.6/Src/cache/ftcmru.c,1,2,3
/media/ullmann/HDDGabriel/engines/UnrealEngine/Engine/Source/ThirdParty/FreeType2/FreeType2-2.6/Src/cache/ftcerror.h,8,0,8
/media/ullmann/HDDGabriel/engines/UnrealEngine/Engine/Source/ThirdParty/ICU/icu4c-53_1/source/layout/PairPositioningSubtables.h,2,6,8
/media/ullmann/HDDGabriel/engines/UnrealEngine/Engine/Source/ThirdParty/HarfBuzz/harfbuzz-1.2.4/src/hb-directwrite.cc,0,5,5
/media/ullmann/HDDGabriel/engines/UnrealEngine/Engine/Source/ThirdParty/HarfBuzz/harfbuzz-1.2.4/src/hb-ot-tag.h,4,1,5
/media/ullmann/HDDGabriel/engines/UnrealEngine/Engine/Source/ThirdParty/mtlpp/mtlpp-master-7efad47/src/argument_encoder.hpp,1,3,4
/media/ullmann/HDDGabriel/engines/UnrealEngine/Engine/Source/ThirdParty/mtlpp/mtlpp-master-7efad47/src/imp_ArgumentEncoder.hpp,1,1,2
/media/ullmann/HDDGabriel/engines/UnrealEngine/Engine/Source/ThirdParty/Intel/ISPC/ispc-1.16.1/examples/cpu/gmres/main.cpp,0,4,4
/media/ullmann/HDDGabriel/engines/UnrealEngine/Engine/Source/ThirdParty/Intel/ISPC/ispc-1.16.1/examples/common/timing.h,15,0,15
/media/ullmann/HDDGabriel/engines/UnrealEngine/Engine/Source/ThirdParty/ICU/icu4c-64_1/source/common/uresdata.cpp,0,14,14
/media/ullmann/HDDGabriel/engines/UnrealEngine/Engine/Source/ThirdParty/ICU/icu4c-64_1/source/common/cmemory.h,139,3,142
/media/ullmann/HDDGabriel/engines/UnrealEngine/Engine/Source/Runtime/Renderer/Private/ClusteredDeferredShadingPass.cpp,0,6,6
/media/ullmann/HDDGabriel/engines/UnrealEngine/Engine/Source/Runtime/Renderer/Private/LightSceneInfo.h,16,0,16
/media/ullmann/HDDGabriel/engines/UnrealEngine/Engine/Source/ThirdParty/SDL2/SDL-gui-backend/include/SDL_config.h,5,10,15
/media/ullmann/HDDGabriel/engines/UnrealEngine/Engine/Source/ThirdParty/SDL2/SDL-gui-backend/include/SDL_config_os2.h,1,1,2
/media/ullmann/HDDGabriel/engines/UnrealEngine/Engine/Source/ThirdParty/EOSSDK/SDK/Bin/Android/include/eos_sdk.h,0,27,27
/media/ullmann/HDDGabriel/engines/UnrealEngine/Engine/Source/ThirdParty/EOSSDK/SDK/Bin/Android/include/eos_leaderboards_types.h,2,2,4
/media/ullmann/HDDGabriel/engines/UnrealEngine/Engine/Source/ThirdParty/Alembic/alembic-1.8.2/python/PyAlembic/PyOFaceSet.cpp,0,3,3
/media/ullmann/HDDGabriel/engines/UnrealEngine/Engine/Source/ThirdParty/Alembic/alembic-1.8.2/python/PyAlembic/PyOGeomBaseSchema.h,7,1,8
/media/ullmann/HDDGabriel/engines/UnrealEngine/Engine/Source/ThirdParty/PhysX3/PhysX_3.4/Source/PhysXExtensions/src/ExtCpuWorkerThread.cpp,0,3,3
/media/ullmann/HDDGabriel/engines/UnrealEngine/Engine/Source/ThirdParty/PhysX3/PhysX_3.4/Source/PhysXExtensions/src/ExtDefaultCpuDispatcher.h,3,1,4
/media/ullmann/HDDGabriel/engines/UnrealEngine/Engine/Source/Editor/UnrealEd/Private/UnrealEdSrv.cpp,0,2,2
/media/ullmann/HDDGabriel/engines/UnrealEngine/Engine/Source/Editor/UnrealEd/Private/FbxExporter.h,3,0,3
/media/ullmann/HDDGabriel/engines/UnrealEngine/Engine/Source/ThirdParty/ShaderConductor/ShaderConductor/External/DirectXShaderCompiler/lib/DxilDia/DxilDiaTable.cpp,0,10,10
/media/ullmann/HDDGabriel/engines/UnrealEngine/Engine/Source/ThirdParty/ShaderConductor/ShaderConductor/External/DirectXShaderCompiler/lib/DxilDia/DxilDiaTableInputAssemblyFile.h,2,1,3
/media/ullmann/HDDGabriel/engines/UnrealEngine/Engine/Source/Runtime/Core/Public/Math/RangeSet.h,3,0,3
/media/ullmann/HDDGabriel/engines/UnrealEngine/Engine/Source/Runtime/SlateCore/Public/Input/DragAndDrop.h,1,0,1
/media/ullmann/HDDGabriel/engines/UnrealEngine/Engine/Source/ThirdParty/Intel/ISPC/ispc-1.16.1/src/builtins.cpp,0,8,8
/media/ullmann/HDDGabriel/engines/UnrealEngine/Engine/Source/ThirdParty/Intel/ISPC/ispc-1.16.1/src/llvmutil.h,10,1,11
/media/ullmann/HDDGabriel/engines/UnrealEngine/Engine/Source/ThirdParty/FreeImage/FreeImage-3.18.0/Source/LibTIFF4/tiffiop.h,46,3,49
/media/ullmann/HDDGabriel/engines/UnrealEngine/Engine/Source/ThirdParty/FreeImage/FreeImage-3.18.0/Source/LibTIFF4/tiffio.h,1,2,3
/media/ullmann/HDDGabriel/engines/UnrealEngine/Engine/Source/ThirdParty/FreeImage/FreeImage-3.18.0/Source/OpenEXR/Imath/ImathColorAlgo.h,1,5,6
/media/ullmann/HDDGabriel/engines/UnrealEngine/Engine/Source/ThirdParty/FreeImage/FreeImage-3.18.0/Source/OpenEXR/Imath/ImathLimits.h,11,1,12
/media/ullmann/HDDGabriel/engines/UnrealEngine/Engine/Source/ThirdParty/ICU/icu4c-64_1/source/layoutex/playout.cpp,0,3,3
/media/ullmann/HDDGabriel/engines/UnrealEngine/Engine/Source/ThirdParty/ICU/icu4c-64_1/source/layoutex/layout/playout.h,1,1,2
/media/ullmann/HDDGabriel/engines/UnrealEngine/Engine/Source/ThirdParty/ICU/icu4c-64_1/source/i18n/uni2name.cpp,0,1,1
/media/ullmann/HDDGabriel/engines/UnrealEngine/Engine/Source/ThirdParty/ICU/icu4c-64_1/source/i18n/uni2name.h,2,1,3
/media/ullmann/HDDGabriel/engines/UnrealEngine/Engine/Source/ThirdParty/Intel/TBB/IntelTBB-2019u8/include/tbb/compat/ppl.h,0,8,8
/media/ullmann/HDDGabriel/engines/UnrealEngine/Engine/Source/ThirdParty/Intel/TBB/IntelTBB-2019u8/include/tbb/combinable.h,2,2,4
/media/ullmann/HDDGabriel/engines/UnrealEngine/Engine/Source/Runtime/Experimental/ChaosVehicles/ChaosVehiclesCore/Public/SimpleVehicle.h,1,10,11
/media/ullmann/HDDGabriel/engines/UnrealEngine/Engine/Source/Runtime/Experimental/ChaosVehicles/ChaosVehiclesCore/Public/EngineSystem.h,1,2,3
/media/ullmann/HDDGabriel/engines/UnrealEngine/Engine/Source/ThirdParty/CryptoPP/5.6.2/include/bench2.cpp,0,20,20
/media/ullmann/HDDGabriel/engines/UnrealEngine/Engine/Source/ThirdParty/CryptoPP/5.6.2/include/rw.h,5,1,6
/media/ullmann/HDDGabriel/engines/UnrealEngine/Engine/Source/ThirdParty/ICU/icu4c-53_1/source/layout/LELanguages.h,4,1,5
/media/ullmann/HDDGabriel/engines/UnrealEngine/Engine/Source/ThirdParty/SDL2/SDL-gui-backend/src/video/kmsdrm/SDL_kmsdrmvulkan.h,2,3,5
/media/ullmann/HDDGabriel/engines/UnrealEngine/Engine/Source/ThirdParty/SDL2/SDL-gui-backend/src/video/SDL_vulkan_internal.h,11,4,15
/media/ullmann/HDDGabriel/engines/UnrealEngine/Engine/Source/ThirdParty/Intel/TBB/IntelTBB-2019u8/src/tbb/custom_scheduler.h,1,3,4
/media/ullmann/HDDGabriel/engines/UnrealEngine/Engine/Source/ThirdParty/Intel/TBB/IntelTBB-2019u8/src/tbb/observer_proxy.h,4,1,5
/media/ullmann/HDDGabriel/engines/UnrealEngine/Engine/Source/ThirdParty/libOpus/opus-1.1/celt/mdct.c,0,6,6
/media/ullmann/HDDGabriel/engines/UnrealEngine/Engine/Source/ThirdParty/libOpus/opus-1.1/celt/stack_alloc.h,11,1,12
/media/ullmann/HDDGabriel/engines/UnrealEngine/Engine/Source/ThirdParty/openexr/Deploy/openexr-3.1.1/include/OpenEXR/IlmThreadMutex.h,0,3,3
/media/ullmann/HDDGabriel/engines/UnrealEngine/Engine/Source/ThirdParty/openexr/Deploy/openexr-3.1.1/include/OpenEXR/IlmThreadNamespace.h,5,1,6
/media/ullmann/HDDGabriel/engines/UnrealEngine/Engine/Source/ThirdParty/Imath/Imath-3.1.3/src/ImathTest/half_c_main.c,0,2,2
/media/ullmann/HDDGabriel/engines/UnrealEngine/Engine/Source/ThirdParty/Imath/Imath-3.1.3/src/ImathTest/eLut.h,2,0,2
/media/ullmann/HDDGabriel/engines/UnrealEngine/Engine/Source/Runtime/Windows/D3D11RHI/Private/HoloLens/HoloLensD3D11ConstantBuffer.cpp,0,1,1
/media/ullmann/HDDGabriel/engines/UnrealEngine/Engine/Source/Runtime/Windows/D3D11RHI/Private/HoloLens/HoloLensD3D11ConstantBuffer.h,2,0,2
/media/ullmann/HDDGabriel/engines/UnrealEngine/Engine/Source/Runtime/Engine/Classes/Kismet/GameplayStatics.h,0,1,1
/media/ullmann/HDDGabriel/engines/UnrealEngine/Engine/Source/ThirdParty/Intel/TBB/IntelTBB-2019u8/src/tbb/tools_api/ittnotify_static.h,1,1,2
/media/ullmann/HDDGabriel/engines/UnrealEngine/Engine/Source/ThirdParty/Intel/TBB/IntelTBB-2019u8/src/tbb/tools_api/ittnotify_config.h,3,1,4
/media/ullmann/HDDGabriel/engines/UnrealEngine/Engine/Source/ThirdParty/HarfBuzz/harfbuzz-2.4.0/src/hb-subset-input.cc,0,2,2
/media/ullmann/HDDGabriel/engines/UnrealEngine/Engine/Source/ThirdParty/HarfBuzz/harfbuzz-2.4.0/src/hb-set.hh,5,0,5
/media/ullmann/HDDGabriel/engines/UnrealEngine/Engine/Source/Runtime/Experimental/Chaos/Private/Chaos/Collision/PBDCollisionConstraint.cpp,0,1,1
/media/ullmann/HDDGabriel/engines/UnrealEngine/Engine/Source/Runtime/Experimental/Chaos/Private/Chaos/Collision/PBDCollisionSolver.h,3,0,3
/media/ullmann/HDDGabriel/engines/UnrealEngine/Engine/Source/Runtime/Core/Public/Containers/StringConv.h,3,0,3
/media/ullmann/HDDGabriel/engines/UnrealEngine/Engine/Source/ThirdParty/ICU/icu4c-64_1/source/common/ucnv_lmb.cpp,0,10,10
/media/ullmann/HDDGabriel/engines/UnrealEngine/Engine/Source/ThirdParty/OpenSubdiv/OpenSubdiv-3.4.4/opensubdiv/far/catmarkPatchBuilder.h,2,2,4
/media/ullmann/HDDGabriel/engines/UnrealEngine/Engine/Source/ThirdParty/OpenSubdiv/OpenSubdiv-3.4.4/regression/far_regression/far_regression.cpp,0,4,4
/media/ullmann/HDDGabriel/engines/UnrealEngine/Engine/Source/ThirdParty/OpenSubdiv/OpenSubdiv-3.4.4/regression/common/far_utils.h,19,1,20
/media/ullmann/HDDGabriel/engines/UnrealEngine/Engine/Source/ThirdParty/Intel/TBB/IntelTBB-2019u8/src/perf/statistics.cpp,1,2,3
/media/ullmann/HDDGabriel/engines/UnrealEngine/Engine/Source/ThirdParty/Intel/TBB/IntelTBB-2019u8/src/perf/statistics.h,3,1,4
/media/ullmann/HDDGabriel/engines/UnrealEngine/Engine/Source/ThirdParty/FreeType2/FreeType2-2.10.4/src/cache/ftcbasic.c,1,5,6
/media/ullmann/HDDGabriel/engines/UnrealEngine/Engine/Source/ThirdParty/FreeType2/FreeType2-2.10.4/src/cache/ftcglyph.h,5,1,6
/media/ullmann/HDDGabriel/engines/UnrealEngine/Engine/Source/ThirdParty/ICU/icu4c-64_1/source/common/loclikely.cpp,0,14,14
/media/ullmann/HDDGabriel/engines/UnrealEngine/Engine/Source/ThirdParty/EOSSDK/SDK/Bin/Android/include/eos_achievements_types.h,2,2,4
/media/ullmann/HDDGabriel/engines/UnrealEngine/Engine/Source/ThirdParty/EOSSDK/SDK/Bin/Android/include/eos_common.h,30,2,32
/media/ullmann/HDDGabriel/engines/UnrealEngine/Engine/Source/ThirdParty/FreeType2/FreeType2-2.10.4/src/truetype/ttgload.c,1,5,6
/media/ullmann/HDDGabriel/engines/UnrealEngine/Engine/Source/ThirdParty/FreeType2/FreeType2-2.10.4/src/truetype/ttsubpix.h,3,2,5
/media/ullmann/HDDGabriel/engines/UnrealEngine/Engine/Source/ThirdParty/SDL2/SDL-gui-backend/src/thread/windows/SDL_sysmutex.c,0,2,2
/media/ullmann/HDDGabriel/engines/UnrealEngine/Engine/Source/ThirdParty/SDL2/SDL-gui-backend/src/thread/windows/SDL_sysmutex_c.h,2,2,4
/media/ullmann/HDDGabriel/engines/UnrealEngine/Engine/Source/ThirdParty/PhysX3/PhysX_3.4/Include/PxPhysicsAPI.h,0,132,132
/media/ullmann/HDDGabriel/engines/UnrealEngine/Engine/Source/ThirdParty/PhysX3/PhysX_3.4/Include/PxArticulation.h,1,2,3
/media/ullmann/HDDGabriel/engines/UnrealEngine/Engine/Source/ThirdParty/ICU/icu4c-64_1/source/i18n/number_currencysymbols.h,6,2,8
/media/ullmann/HDDGabriel/engines/UnrealEngine/Engine/Source/ThirdParty/Boost/boost-1_70_0/include/boost/spirit/home/support/detail/lexer/parser/parser.hpp,1,8,9
/media/ullmann/HDDGabriel/engines/UnrealEngine/Engine/Source/ThirdParty/Boost/boost-1_70_0/include/boost/spirit/home/support/detail/lexer/parser/tokeniser/re_tokeniser.hpp,1,5,6
/media/ullmann/HDDGabriel/engines/UnrealEngine/Engine/Source/ThirdParty/FreeType2/FreeType2-2.10.0/src/pfr/pfrobjs.c,1,6,7
/media/ullmann/HDDGabriel/engines/UnrealEngine/Engine/Source/ThirdParty/FreeType2/FreeType2-2.10.0/src/pfr/pfrgload.h,2,1,3
/media/ullmann/HDDGabriel/engines/UnrealEngine/Engine/Source/Editor/PropertyEditor/Private/ItemPropertyNode.cpp,0,4,4
/media/ullmann/HDDGabriel/engines/UnrealEngine/Engine/Source/Editor/PropertyEditor/Private/PropertyEditorHelpers.h,16,3,19
/media/ullmann/HDDGabriel/engines/UnrealEngine/Engine/Source/ThirdParty/WebRTC/4147/Include/sdk/objc/native/src/audio/audio_device_module_ios.h,0,1,1
/media/ullmann/HDDGabriel/engines/UnrealEngine/Engine/Source/ThirdParty/WebRTC/4147/Include/sdk/objc/native/src/audio/audio_device_ios.h,1,2,3
/media/ullmann/HDDGabriel/engines/UnrealEngine/Engine/Source/ThirdParty/WebRTC/4147/Include/third_party/opus/src/silk/main.h,1,9,10
/media/ullmann/HDDGabriel/engines/UnrealEngine/Engine/Source/ThirdParty/WebRTC/4147/Include/third_party/opus/src/silk/debug.h,1,1,2
/media/ullmann/HDDGabriel/engines/UnrealEngine/Engine/Source/Runtime/Apple/MetalRHI/Private/MetalCommandBufferFence.cpp,0,2,2
/media/ullmann/HDDGabriel/engines/UnrealEngine/Engine/Source/Runtime/Apple/MetalRHI/Private/MetalCommandBufferFence.h,4,0,4
/media/ullmann/HDDGabriel/engines/UnrealEngine/Engine/Source/ThirdParty/ShaderConductor/ShaderConductor/External/DirectXShaderCompiler/tools/clang/lib/CodeGen/CGVTT.cpp,0,2,2
/media/ullmann/HDDGabriel/engines/UnrealEngine/Engine/Source/ThirdParty/ShaderConductor/ShaderConductor/External/DirectXShaderCompiler/tools/clang/lib/CodeGen/CGCXXABI.h,21,1,22
/media/ullmann/HDDGabriel/engines/UnrealEngine/Engine/Source/ThirdParty/Intel/Embree/Embree2140/src/kernels/geometry/trianglev_intersector.h,4,3,7
/media/ullmann/HDDGabriel/engines/UnrealEngine/Engine/Source/ThirdParty/Intel/Embree/Embree2140/src/kernels/geometry/triangle.h,12,1,13
/media/ullmann/HDDGabriel/engines/UnrealEngine/Engine/Source/Editor/AnimationBlueprintEditor/Private/AnimationGraphFactory.cpp,0,15,15
/media/ullmann/HDDGabriel/engines/UnrealEngine/Engine/Source/Editor/AnimationBlueprintEditor/Private/AnimationNodes/SAnimNodeReference.h,2,0,2
/media/ullmann/HDDGabriel/engines/UnrealEngine/Engine/Source/ThirdParty/Intel/Embree/Embree270/Win64/include/embree2/rtcore.h,0,3,3
/media/ullmann/HDDGabriel/engines/UnrealEngine/Engine/Source/ThirdParty/Intel/Embree/Embree270/Win64/include/embree2/rtcore_geometry.h,1,0,1
/media/ullmann/HDDGabriel/engines/UnrealEngine/Engine/Source/ThirdParty/ICU/icu4c-64_1/source/common/ucnv_set.cpp,0,5,5
/media/ullmann/HDDGabriel/engines/UnrealEngine/Engine/Source/ThirdParty/libOpus/opus-1.3.1-12/silk/main.h,38,9,47
/media/ullmann/HDDGabriel/engines/UnrealEngine/Engine/Source/ThirdParty/libOpus/opus-1.3.1-12/silk/debug.h,2,1,3
/media/ullmann/HDDGabriel/engines/UnrealEngine/Engine/Source/ThirdParty/ICU/icu4c-53_1/source/i18n/uregion.cpp,0,2,2
/media/ullmann/HDDGabriel/engines/UnrealEngine/Engine/Source/ThirdParty/ICU/icu4c-53_1/source/i18n/unicode/region.h,2,0,2
/media/ullmann/HDDGabriel/engines/UnrealEngine/Engine/Source/ThirdParty/FreeType2/FreeType2-2.6/Src/autofit/aflatin2.c,1,5,6
/media/ullmann/HDDGabriel/engines/UnrealEngine/Engine/Source/ThirdParty/FreeType2/FreeType2-2.6/Src/autofit/afwarp.h,5,1,6
/media/ullmann/HDDGabriel/engines/UnrealEngine/Engine/Source/Developer/OutputLog/Private/OutputLogModule.cpp,0,5,5
/media/ullmann/HDDGabriel/engines/UnrealEngine/Engine/Source/Developer/OutputLog/Private/SDeviceOutputLog.h,2,1,3
/media/ullmann/HDDGabriel/engines/UnrealEngine/Engine/Source/ThirdParty/Perforce/P4Api.Net/p4bridge-unit-test/TestP4BridgeClient.cpp,0,6,6
/media/ullmann/HDDGabriel/engines/UnrealEngine/Engine/Source/ThirdParty/Perforce/P4Api.Net/p4bridge-unit-test/UnitTestFrameWork.h,8,0,8
/media/ullmann/HDDGabriel/engines/UnrealEngine/Engine/Source/Developer/DerivedDataCache/Private/MemoryCacheStore.cpp,0,3,3
/media/ullmann/HDDGabriel/engines/UnrealEngine/Engine/Source/Developer/DerivedDataCache/Private/DerivedDataBackendInterface.h,12,1,13
/media/ullmann/HDDGabriel/engines/UnrealEngine/Engine/Source/ThirdParty/PhysX3/APEX_1.4/module/destructible_legacy/include/autogen/ModuleDestructibleLegacyRegistration.h,0,81,81
/media/ullmann/HDDGabriel/engines/UnrealEngine/Engine/Source/ThirdParty/PhysX3/APEX_1.4/module/destructible_legacy/include/autogen/SurfaceTraceSetParameters_0p1.h,1,0,1
/media/ullmann/HDDGabriel/engines/UnrealEngine/Engine/Source/ThirdParty/FreeType2/FreeType2-2.10.4/src/cache/ftcsbits.c,1,3,4
/media/ullmann/HDDGabriel/engines/UnrealEngine/Engine/Source/ThirdParty/FreeType2/FreeType2-2.10.4/src/cache/ftcerror.h,8,0,8
/media/ullmann/HDDGabriel/engines/UnrealEngine/Engine/Source/ThirdParty/EOSSDK/SDK/Include/eos_anticheatserver_types.h,2,2,4
/media/ullmann/HDDGabriel/engines/UnrealEngine/Engine/Source/ThirdParty/EOSSDK/SDK/Include/eos_common.h,30,2,32
/media/ullmann/HDDGabriel/engines/UnrealEngine/Engine/Source/Developer/Windows/LiveCodingServer/Private/External/LC_Allocators.h,7,3,10
/media/ullmann/HDDGabriel/engines/UnrealEngine/Engine/Source/Developer/Windows/LiveCodingServer/Private/External/LC_PoolAllocator.h,3,1,4
/media/ullmann/HDDGabriel/engines/UnrealEngine/Engine/Source/ThirdParty/openexr/openexr-3.1.1/src/lib/OpenEXR/ImfTiledRgbaFile.cpp,0,10,10
/media/ullmann/HDDGabriel/engines/UnrealEngine/Engine/Source/ThirdParty/openexr/openexr-3.1.1/src/lib/OpenEXR/ImfRgbaFile.h,5,6,11
/media/ullmann/HDDGabriel/engines/UnrealEngine/Engine/Source/Editor/TranslationEditor/Private/TranslationUnit.cpp,0,1,1
/media/ullmann/HDDGabriel/engines/UnrealEngine/Engine/Source/Editor/TranslationEditor/Private/TranslationUnit.h,4,0,4
/media/ullmann/HDDGabriel/engines/UnrealEngine/Engine/Source/Runtime/Apple/AGXRHI/Private/AGXRenderPass.h,3,2,5
/media/ullmann/HDDGabriel/engines/UnrealEngine/Engine/Source/Runtime/Apple/AGXRHI/Private/AGXRHIPrivate.h,38,3,41
/media/ullmann/HDDGabriel/engines/UnrealEngine/Engine/Source/ThirdParty/SDL2/SDL-gui-backend/src/video/android/SDL_androidvideo.c,0,15,15
/media/ullmann/HDDGabriel/engines/UnrealEngine/Engine/Source/ThirdParty/SDL2/SDL-gui-backend/src/video/android/SDL_androidmouse.h,3,1,4
/media/ullmann/HDDGabriel/engines/UnrealEngine/Engine/Source/Runtime/Slate/Public/SlateExtras.h,1,133,134
/media/ullmann/HDDGabriel/engines/UnrealEngine/Engine/Source/Runtime/Slate/Public/Framework/Docking/LayoutService.h,2,0,2
/media/ullmann/HDDGabriel/engines/UnrealEngine/Engine/Source/ThirdParty/CryptoPP/5.6.2/include/hmac.h,7,2,9
/media/ullmann/HDDGabriel/engines/UnrealEngine/Engine/Source/ThirdParty/CryptoPP/5.6.2/include/secblock.h,39,2,41
/media/ullmann/HDDGabriel/engines/UnrealEngine/Engine/Source/ThirdParty/SpeedTree/SpeedTreeSDK-v7.0/Source/Core/Source/Core.cpp,0,3,3
/media/ullmann/HDDGabriel/engines/UnrealEngine/Engine/Source/ThirdParty/SpeedTree/SpeedTreeSDK-v7.0/Source/Core/Source/ErrorHandler.h,2,0,2
/media/ullmann/HDDGabriel/engines/UnrealEngine/Engine/Source/ThirdParty/FreeImage/FreeImage-3.18.0/Source/LibJPEG/jmemname.c,0,3,3
/media/ullmann/HDDGabriel/engines/UnrealEngine/Engine/Source/ThirdParty/FreeImage/FreeImage-3.18.0/Source/LibJPEG/jmemsys.h,6,0,6
/media/ullmann/HDDGabriel/engines/UnrealEngine/Engine/Source/ThirdParty/ICU/icu4c-64_1/source/i18n/number_decimalquantity.cpp,0,6,6
/media/ullmann/HDDGabriel/engines/UnrealEngine/Engine/Source/ThirdParty/ICU/icu4c-64_1/source/i18n/number_roundingutils.h,6,1,7
/media/ullmann/HDDGabriel/engines/UnrealEngine/Engine/Source/ThirdParty/ICU/icu4c-64_1/source/common/caniter.cpp,0,11,11
/media/ullmann/HDDGabriel/engines/UnrealEngine/Engine/Source/ThirdParty/FreeImage/FreeImage-3.18.0/Source/OpenEXR/IlmImf/ImfTiledOutputPart.cpp,0,2,2
/media/ullmann/HDDGabriel/engines/UnrealEngine/Engine/Source/ThirdParty/FreeImage/FreeImage-3.18.0/Source/OpenEXR/IlmImf/ImfNamespace.h,154,0,154
/media/ullmann/HDDGabriel/engines/UnrealEngine/Engine/Source/ThirdParty/ICU/icu4c-53_1/source/common/stringtriebuilder.cpp,0,5,5
/media/ullmann/HDDGabriel/engines/UnrealEngine/Engine/Source/ThirdParty/ICU/icu4c-53_1/source/common/unicode/stringtriebuilder.h,1,0,1
/media/ullmann/HDDGabriel/engines/UnrealEngine/Engine/Source/ThirdParty/OpenVDB/openvdb-8.1.0/openvdb/openvdb/math/Vec4.h,1,3,4
/media/ullmann/HDDGabriel/engines/UnrealEngine/Engine/Source/ThirdParty/OpenVDB/openvdb-8.1.0/openvdb/openvdb/math/Tuple.h,3,1,4
/media/ullmann/HDDGabriel/engines/UnrealEngine/Engine/Source/ThirdParty/FontConfig/fontconfig-2.13.94/src/fcint.h,30,5,35
/media/ullmann/HDDGabriel/engines/UnrealEngine/Engine/Source/ThirdParty/FontConfig/fontconfig-2.13.94/src/fcmutex.h,1,1,2
/media/ullmann/HDDGabriel/engines/UnrealEngine/Engine/Source/ThirdParty/ShaderConductor/ShaderConductor/External/DirectXShaderCompiler/lib/CodeGen/AsmPrinter/AsmPrinterDwarf.cpp,0,3,3
/media/ullmann/HDDGabriel/engines/UnrealEngine/Engine/Source/ThirdParty/ShaderConductor/ShaderConductor/External/DirectXShaderCompiler/lib/CodeGen/AsmPrinter/ByteStreamer.h,4,1,5
/media/ullmann/HDDGabriel/engines/UnrealEngine/Engine/Source/ThirdParty/WebRTC/4147/Include/third_party/libvpx/source/libvpx/vp8/encoder/tokenize.h,1,1,2
/media/ullmann/HDDGabriel/engines/UnrealEngine/Engine/Source/ThirdParty/WebRTC/4147/Include/third_party/libvpx/source/libvpx/vp8/encoder/block.h,3,0,3
/media/ullmann/HDDGabriel/engines/UnrealEngine/Engine/Source/ThirdParty/Breakpad/src/third_party/libdisasm/ia32_modrm.c,0,3,3
/media/ullmann/HDDGabriel/engines/UnrealEngine/Engine/Source/ThirdParty/Breakpad/src/third_party/libdisasm/x86_imm.h,3,1,4
/media/ullmann/HDDGabriel/engines/UnrealEngine/Engine/Source/Editor/Sequencer/Private/SSequencerTreeView.h,8,3,11
/media/ullmann/HDDGabriel/engines/UnrealEngine/Engine/Source/ThirdParty/llvm/8/include/llvm/DebugInfo/PDB/PDBSymbolAnnotation.h,0,2,2
/media/ullmann/HDDGabriel/engines/UnrealEngine/Engine/Source/ThirdParty/llvm/8/include/llvm/DebugInfo/PDB/PDBTypes.h,39,0,39
/media/ullmann/HDDGabriel/engines/UnrealEngine/Engine/Source/ThirdParty/PhysX3/NvCloth/src/cuda/CuCloth.h,5,9,14
/media/ullmann/HDDGabriel/engines/UnrealEngine/Engine/Source/ThirdParty/PhysX3/NvCloth/src/cuda/CuContextLock.h,9,0,9
/media/ullmann/HDDGabriel/engines/UnrealEngine/Engine/Source/ThirdParty/Intel/Embree/Embree270/src/kernels/xeon/bvh4/bvh4_intersector1.cpp,0,17,17
/media/ullmann/HDDGabriel/engines/UnrealEngine/Engine/Source/ThirdParty/Intel/Embree/Embree270/src/kernels/xeon/geometry/triangle4v.h,12,1,13
/media/ullmann/HDDGabriel/engines/UnrealEngine/Engine/Source/Editor/ContentBrowser/Private/ContentBrowserSingleton.cpp,0,10,10
/media/ullmann/HDDGabriel/engines/UnrealEngine/Engine/Source/Editor/ContentBrowser/Private/SContentBrowser.h,4,0,4
/media/ullmann/HDDGabriel/engines/UnrealEngine/Engine/Source/ThirdParty/PhysX3/APEX_1.4/include/RenderMeshAsset.h,1,5,6
/media/ullmann/HDDGabriel/engines/UnrealEngine/Engine/Source/ThirdParty/PhysX3/APEX_1.4/include/Asset.h,3,3,6
/media/ullmann/HDDGabriel/engines/UnrealEngine/Engine/Source/ThirdParty/FreeType2/FreeType2-2.10.4/src/gxvalid/gxvmod.c,1,3,4
/media/ullmann/HDDGabriel/engines/UnrealEngine/Engine/Source/ThirdParty/FreeType2/FreeType2-2.10.4/src/gxvalid/gxvmod.h,1,0,1
/media/ullmann/HDDGabriel/engines/UnrealEngine/Engine/Source/ThirdParty/ICU/icu4c-64_1/source/i18n/rbt_set.cpp,0,2,2
/media/ullmann/HDDGabriel/engines/UnrealEngine/Engine/Source/ThirdParty/ICU/icu4c-64_1/source/i18n/rbt_rule.h,4,1,5
/media/ullmann/HDDGabriel/engines/UnrealEngine/Engine/Source/ThirdParty/openexr/Deploy/openexr-3.1.1/include/OpenEXR/ImfLineOrderAttribute.h,0,4,4
/media/ullmann/HDDGabriel/engines/UnrealEngine/Engine/Source/ThirdParty/openexr/Deploy/openexr-3.1.1/include/OpenEXR/ImfExport.h,50,1,51
/media/ullmann/HDDGabriel/engines/UnrealEngine/Engine/Source/ThirdParty/PhysX3/PhysX_3.4/Source/PhysXCooking/src/Adjacencies.cpp,0,2,2
/media/ullmann/HDDGabriel/engines/UnrealEngine/Engine/Source/ThirdParty/PhysX3/PhysX_3.4/Source/PhysXCooking/src/Adjacencies.h,1,0,1
/media/ullmann/HDDGabriel/engines/UnrealEngine/Engine/Source/ThirdParty/OpenSubdiv/OpenSubdiv-3.4.4/examples/dxPtexViewer/dxPtexViewer.cpp,0,10,10
/media/ullmann/HDDGabriel/engines/UnrealEngine/Engine/Source/ThirdParty/OpenSubdiv/OpenSubdiv-3.4.4/examples/common/d3d11PtexMipmapTexture.h,2,0,2
/media/ullmann/HDDGabriel/engines/UnrealEngine/Engine/Source/ThirdParty/ICU/icu4c-64_1/source/test/intltest/uvectest.h,2,1,3
/media/ullmann/HDDGabriel/engines/UnrealEngine/Engine/Source/ThirdParty/Boost/boost-1_70_0/include/boost/spirit/home/support/detail/lexer/file_input.hpp,0,3,3
/media/ullmann/HDDGabriel/engines/UnrealEngine/Engine/Source/ThirdParty/Boost/boost-1_70_0/include/boost/spirit/home/support/detail/lexer/char_traits.hpp,6,0,6
/media/ullmann/HDDGabriel/engines/UnrealEngine/Engine/Source/ThirdParty/FreeType2/FreeType2-2.10.0/src/pshinter/pshrec.c,1,3,4
/media/ullmann/HDDGabriel/engines/UnrealEngine/Engine/Source/ThirdParty/FreeType2/FreeType2-2.10.0/src/pshinter/pshalgo.h,3,2,5
/media/ullmann/HDDGabriel/engines/UnrealEngine/Engine/Source/Runtime/Apple/AGXRHI/Private/AGXCommandEncoder.cpp,0,6,6
/media/ullmann/HDDGabriel/engines/UnrealEngine/Engine/Source/Runtime/Apple/AGXRHI/Private/AGXShaderTypes.h,11,5,16
/media/ullmann/HDDGabriel/engines/UnrealEngine/Engine/Source/ThirdParty/ShaderConductor/ShaderConductor/External/DirectXShaderCompiler/tools/clang/unittests/HLSL/ShaderOpTest.cpp,0,1,1
/media/ullmann/HDDGabriel/engines/UnrealEngine/Engine/Source/ThirdParty/ShaderConductor/ShaderConductor/External/DirectXShaderCompiler/tools/clang/unittests/HLSL/ShaderOpTest.h,2,0,2
/media/ullmann/HDDGabriel/engines/UnrealEngine/Engine/Source/Editor/SceneOutliner/Public/WorldTreeItem.h,1,1,2
/media/ullmann/HDDGabriel/engines/UnrealEngine/Engine/Source/Editor/SceneOutliner/Public/ISceneOutlinerTreeItem.h,13,1,14
/media/ullmann/HDDGabriel/engines/UnrealEngine/Engine/Source/ThirdParty/ICU/icu4c-64_1/source/common/umapfile.h,3,3,6
/media/ullmann/HDDGabriel/engines/UnrealEngine/Engine/Source/ThirdParty/ICU/icu4c-64_1/source/common/unicode/udata.h,31,0,31
/media/ullmann/HDDGabriel/engines/UnrealEngine/Engine/Source/ThirdParty/FreeType2/FreeType2-2.6/Src/sfnt/ttload.c,1,2,3
/media/ullmann/HDDGabriel/engines/UnrealEngine/Engine/Source/ThirdParty/FreeType2/FreeType2-2.6/Src/sfnt/sferrors.h,11,0,11
/media/ullmann/HDDGabriel/engines/UnrealEngine/Engine/Source/Editor/SceneOutliner/Public/SSceneOutliner.h,1,7,8
/media/ullmann/HDDGabriel/engines/UnrealEngine/Engine/Source/Editor/SceneOutliner/Public/SOutlinerTreeView.h,1,1,2
/media/ullmann/HDDGabriel/engines/UnrealEngine/Engine/Source/ThirdParty/OpenSubdiv/OpenSubdiv-3.4.4/opensubdiv/vtr/level.h,15,5,20
/media/ullmann/HDDGabriel/engines/UnrealEngine/Engine/Source/ThirdParty/OpenSubdiv/OpenSubdiv-3.4.4/opensubdiv/vtr/types.h,10,2,12
/media/ullmann/HDDGabriel/engines/UnrealEngine/Engine/Source/ThirdParty/PhysX3/APEX_1.4/shared/general/HACD/include/dgSphere.h,0,4,4
/media/ullmann/HDDGabriel/engines/UnrealEngine/Engine/Source/ThirdParty/PhysX3/APEX_1.4/shared/general/HACD/include/dgQuaternion.h,2,1,3
/media/ullmann/HDDGabriel/engines/UnrealEngine/Engine/Source/ThirdParty/libOpus/opus-1.3.1-12/celt/celt.c,0,15,15
/media/ullmann/HDDGabriel/engines/UnrealEngine/Engine/Source/ThirdParty/libOpus/opus-1.3.1-12/celt/bands.h,5,5,10
/media/ullmann/HDDGabriel/engines/UnrealEngine/Engine/Source/ThirdParty/openexr/openexr-3.1.1/src/lib/OpenEXR/ImfDeepScanLineInputFile.cpp,0,15,15
/media/ullmann/HDDGabriel/engines/UnrealEngine/Engine/Source/ThirdParty/openexr/openexr-3.1.1/src/lib/OpenEXR/ImfStdIO.h,15,3,18
/media/ullmann/HDDGabriel/engines/UnrealEngine/Engine/Source/ThirdParty/CryptoPP/5.6.5/include/xtrcrypt.cpp,0,7,7
/media/ullmann/HDDGabriel/engines/UnrealEngine/Engine/Source/ThirdParty/CryptoPP/5.6.5/include/asn.h,24,6,30
/media/ullmann/HDDGabriel/engines/UnrealEngine/Engine/Source/Developer/ToolMenus/Public/ToolMenu.h,1,4,5
/media/ullmann/HDDGabriel/engines/UnrealEngine/Engine/Source/Developer/ToolMenus/Public/ToolMenuSection.h,3,2,5
/media/ullmann/HDDGabriel/engines/UnrealEngine/Engine/Source/Runtime/Engine/Public/EngineSharedPCH.h,0,55,55
/media/ullmann/HDDGabriel/engines/UnrealEngine/Engine/Source/Runtime/Engine/Public/CollisionQueryParams.h,5,0,5
/media/ullmann/HDDGabriel/engines/UnrealEngine/Engine/Source/ThirdParty/ICU/icu4c-64_1/source/io/uprintf.cpp,0,5,5
/media/ullmann/HDDGabriel/engines/UnrealEngine/Engine/Source/ThirdParty/ICU/icu4c-64_1/source/io/ucln_io.h,3,0,3
/media/ullmann/HDDGabriel/engines/UnrealEngine/Engine/Source/ThirdParty/ICU/icu4c-53_1/source/common/unicode/uset.h,20,0,20
/media/ullmann/HDDGabriel/engines/UnrealEngine/Engine/Source/ThirdParty/Crunch/src/crnlib/lzma_LzFindMt.h,2,2,4
/media/ullmann/HDDGabriel/engines/UnrealEngine/Engine/Source/ThirdParty/Crunch/src/crnlib/lzma_LzFind.h,3,1,4
/media/ullmann/HDDGabriel/engines/UnrealEngine/Engine/Source/Editor/Sequencer/Public/ISequencerModule.h,2,5,7
/media/ullmann/HDDGabriel/engines/UnrealEngine/Engine/Source/Editor/Sequencer/Public/ISequencer.h,4,2,6
/media/ullmann/HDDGabriel/engines/UnrealEngine/Engine/Source/ThirdParty/ICU/icu4c-53_1/source/test/intltest/itmajor.cpp,0,18,18
/media/ullmann/HDDGabriel/engines/UnrealEngine/Engine/Source/ThirdParty/ICU/icu4c-53_1/source/test/intltest/icusvtst.h,2,1,3
/media/ullmann/HDDGabriel/engines/UnrealEngine/Engine/Source/ThirdParty/PhysX3/PhysX_3.4/Include/PxQueryReport.h,4,1,5
/media/ullmann/HDDGabriel/engines/UnrealEngine/Engine/Source/ThirdParty/ICU/icu4c-53_1/source/layout/SimpleArrayProcessor.cpp,0,8,8
/media/ullmann/HDDGabriel/engines/UnrealEngine/Engine/Source/ThirdParty/ICU/icu4c-53_1/source/layout/LEGlyphStorage.h,47,2,49
/media/ullmann/HDDGabriel/engines/UnrealEngine/Engine/Source/ThirdParty/FBX/2020.2/include/fbxsdk.h,0,170,170
/media/ullmann/HDDGabriel/engines/UnrealEngine/Engine/Source/ThirdParty/FBX/2020.2/include/fbxsdk/scene/animation/fbxanimcurvefilters.h,1,0,1
/media/ullmann/HDDGabriel/engines/UnrealEngine/Engine/Source/ThirdParty/FreeImage/FreeImage-3.18.0/Source/OpenEXR/IlmImf/ImfPizCompressor.cpp,0,11,11
/media/ullmann/HDDGabriel/engines/UnrealEngine/Engine/Source/ThirdParty/FreeImage/FreeImage-3.18.0/Source/OpenEXR/IlmImf/ImfWav.h,2,2,4
/media/ullmann/HDDGabriel/engines/UnrealEngine/Engine/Source/ThirdParty/ICU/icu4c-64_1/source/common/localsvc.h,1,1,2
/media/ullmann/HDDGabriel/engines/UnrealEngine/Engine/Source/ThirdParty/ShaderConductor/ShaderConductor/External/DirectXShaderCompiler/lib/DxilDia/DxcPixLiveVariables.cpp,0,4,4
/media/ullmann/HDDGabriel/engines/UnrealEngine/Engine/Source/ThirdParty/ShaderConductor/ShaderConductor/External/DirectXShaderCompiler/lib/DxilDia/DxcPixLiveVariables_FragmentIterator.h,2,0,2
/media/ullmann/HDDGabriel/engines/UnrealEngine/Engine/Source/ThirdParty/Crunch/src/crnlib/crn_comp.cpp,0,4,4
/media/ullmann/HDDGabriel/engines/UnrealEngine/Engine/Source/ThirdParty/Crunch/src/crnlib/crn_console.h,12,1,13
/media/ullmann/HDDGabriel/engines/UnrealEngine/Engine/Source/Runtime/Navmesh/Public/Recast/Recast.h,0,1,1
/media/ullmann/HDDGabriel/engines/UnrealEngine/Engine/Source/Runtime/Navmesh/Public/Recast/RecastLargeWorldCoordinates.h,1,0,1
/media/ullmann/HDDGabriel/engines/UnrealEngine/Engine/Source/ThirdParty/ICU/icu4c-53_1/source/common/ucharstrieiterator.cpp,0,4,4
/media/ullmann/HDDGabriel/engines/UnrealEngine/Engine/Source/ThirdParty/ICU/icu4c-53_1/source/common/unicode/ucharstrie.h,5,0,5
/media/ullmann/HDDGabriel/engines/UnrealEngine/Engine/Source/ThirdParty/ICU/icu4c-53_1/source/test/intltest/dcfmtest.h,2,1,3
/media/ullmann/HDDGabriel/engines/UnrealEngine/Engine/Source/ThirdParty/ICU/icu4c-53_1/source/test/intltest/intltest.h,114,0,114
/media/ullmann/HDDGabriel/engines/UnrealEngine/Engine/Source/Editor/PropertyEditor/Private/PropertyHandleImpl.cpp,0,7,7
/media/ullmann/HDDGabriel/engines/UnrealEngine/Engine/Source/Editor/PropertyEditor/Private/StructurePropertyNode.h,7,1,8
/media/ullmann/HDDGabriel/engines/UnrealEngine/Engine/Source/Editor/SkeletonEditor/Private/SkeletonTreeSummoner.cpp,0,2,2
/media/ullmann/HDDGabriel/engines/UnrealEngine/Engine/Source/Editor/SkeletonEditor/Private/SkeletonTreeSummoner.h,2,0,2
/media/ullmann/HDDGabriel/engines/UnrealEngine/Engine/Source/ThirdParty/PhysX3/PhysX_3.4/Include/GeomUtils/GuContactBuffer.h,0,1,1
/media/ullmann/HDDGabriel/engines/UnrealEngine/Engine/Source/ThirdParty/PhysX3/PhysX_3.4/Include/GeomUtils/GuContactPoint.h,1,0,1
/media/ullmann/HDDGabriel/engines/UnrealEngine/Engine/Source/ThirdParty/openexr/openexr-3.1.1/src/test/OpenEXRTest/testMultiPartApi.cpp,0,3,3
/media/ullmann/HDDGabriel/engines/UnrealEngine/Engine/Source/ThirdParty/openexr/openexr-3.1.1/src/test/OpenEXRTest/random.h,18,0,18
/media/ullmann/HDDGabriel/engines/UnrealEngine/Engine/Source/ThirdParty/openexr/openexr-3.1.1/src/lib/OpenEXR/ImfTiledInputFile.cpp,0,19,19
/media/ullmann/HDDGabriel/engines/UnrealEngine/Engine/Source/ThirdParty/openexr/openexr-3.1.1/src/lib/OpenEXR/ImfInputStreamMutex.h,6,1,7
/media/ullmann/HDDGabriel/engines/UnrealEngine/Engine/Source/Editor/UnrealEd/Private/SEditorViewportToolBarMenuButton.cpp,0,1,1
/media/ullmann/HDDGabriel/engines/UnrealEngine/Engine/Source/Editor/UnrealEd/Private/SEditorViewportToolBarMenuButton.h,3,0,3
/media/ullmann/HDDGabriel/engines/UnrealEngine/Engine/Source/ThirdParty/FreeImage/FreeImage-3.18.0/Source/OpenEXR/IlmImf/ImfDeepScanLineOutputFile.cpp,0,15,15
/media/ullmann/HDDGabriel/engines/UnrealEngine/Engine/Source/ThirdParty/FreeImage/FreeImage-3.18.0/Source/OpenEXR/IlmImf/ImfCompressor.h,18,4,22
/media/ullmann/HDDGabriel/engines/UnrealEngine/Engine/Source/ThirdParty/CryptoPP/5.6.5/include/eccrypto.cpp,1,13,14
/media/ullmann/HDDGabriel/engines/UnrealEngine/Engine/Source/ThirdParty/CryptoPP/5.6.5/include/pch.h,127,0,127
/media/ullmann/HDDGabriel/engines/UnrealEngine/Engine/Source/Runtime/Renderer/Private/VT/UniqueRequestList.h,0,3,3
/media/ullmann/HDDGabriel/engines/UnrealEngine/Engine/Source/Runtime/Renderer/Private/VT/VirtualTextureProducer.h,2,2,4
/media/ullmann/HDDGabriel/engines/UnrealEngine/Engine/Source/ThirdParty/ICU/icu4c-64_1/source/test/cintltst/trie2test.c,0,1,1
/media/ullmann/HDDGabriel/engines/UnrealEngine/Engine/Source/ThirdParty/Intel/TBB/IntelTBB-2019u8/include/tbb/internal/_concurrent_unordered_impl.h,2,8,10
/media/ullmann/HDDGabriel/engines/UnrealEngine/Engine/Source/ThirdParty/Intel/TBB/IntelTBB-2019u8/include/tbb/tbb_allocator.h,8,1,9
/media/ullmann/HDDGabriel/engines/UnrealEngine/Engine/Source/ThirdParty/libPNG/libPNG-1.5.27/contrib/gregbook/readppm.c,0,1,1
/media/ullmann/HDDGabriel/engines/UnrealEngine/Engine/Source/ThirdParty/libPNG/libPNG-1.5.27/contrib/gregbook/readpng.h,4,0,4
/media/ullmann/HDDGabriel/engines/UnrealEngine/Engine/Source/ThirdParty/ICU/icu4c-53_1/source/common/ures_cnv.c,0,7,7
/media/ullmann/HDDGabriel/engines/UnrealEngine/Engine/Source/ThirdParty/ICU/icu4c-53_1/source/common/unicode/ucnv.h,31,0,31
/media/ullmann/HDDGabriel/engines/UnrealEngine/Engine/Source/ThirdParty/Intel/Embree/Embree2140/src/kernels/geometry/primitive.cpp,0,14,14
/media/ullmann/HDDGabriel/engines/UnrealEngine/Engine/Source/ThirdParty/Intel/Embree/Embree2140/src/kernels/geometry/bezier1i.h,6,2,8
/media/ullmann/HDDGabriel/engines/UnrealEngine/Engine/Source/ThirdParty/OpenSubdiv/OpenSubdiv-3.4.4/regression/shapes/all.h,13,118,131
/media/ullmann/HDDGabriel/engines/UnrealEngine/Engine/Source/ThirdParty/OpenSubdiv/OpenSubdiv-3.4.4/regression/shapes/catmark_square_hedit1.h,2,0,2
/media/ullmann/HDDGabriel/engines/UnrealEngine/Engine/Source/ThirdParty/Intel/TBB/IntelTBB-2019u8/examples/parallel_for/tachyon/src/grid.cpp,0,7,7
/media/ullmann/HDDGabriel/engines/UnrealEngine/Engine/Source/ThirdParty/Intel/TBB/IntelTBB-2019u8/examples/parallel_for/tachyon/src/machine.h,37,0,37
/media/ullmann/HDDGabriel/engines/UnrealEngine/Engine/Source/ThirdParty/SDL2/SDL-gui-backend/include/SDL_platform.h,13,2,15
/media/ullmann/HDDGabriel/engines/UnrealEngine/Engine/Source/ThirdParty/OpenAL/1.15.1/include/AL/alext.h,0,3,3
/media/ullmann/HDDGabriel/engines/UnrealEngine/Engine/Source/ThirdParty/OpenAL/1.15.1/include/AL/al.h,2,0,2
/media/ullmann/HDDGabriel/engines/UnrealEngine/Engine/Source/ThirdParty/Boost/boost-1_70_0/include/boost/polygon/voronoi.hpp,0,5,5
/media/ullmann/HDDGabriel/engines/UnrealEngine/Engine/Source/ThirdParty/Boost/boost-1_70_0/include/boost/polygon/point_concept.hpp,6,2,8
/media/ullmann/HDDGabriel/engines/UnrealEngine/Engine/Source/ThirdParty/Intel/Embree/Embree270/src/kernels/xeon/bvh8/bvh8_intersector8_chunk.cpp,0,5,5
/media/ullmann/HDDGabriel/engines/UnrealEngine/Engine/Source/ThirdParty/CryptoPP/5.6.2/include/esign.h,4,3,7
/media/ullmann/HDDGabriel/engines/UnrealEngine/Engine/Source/ThirdParty/CryptoPP/5.6.2/include/integer.h,12,2,14
/media/ullmann/HDDGabriel/engines/UnrealEngine/Engine/Source/ThirdParty/PhysX3/NvCloth/src/SwCloth.h,7,6,13
/media/ullmann/HDDGabriel/engines/UnrealEngine/Engine/Source/ThirdParty/PhysX3/NvCloth/src/Vec4T.h,5,0,5
/media/ullmann/HDDGabriel/engines/UnrealEngine/Engine/Source/ThirdParty/ICU/icu4c-53_1/source/common/normalizer2impl.cpp,0,13,13
/media/ullmann/HDDGabriel/engines/UnrealEngine/Engine/Source/ThirdParty/PhysX3/APEX_1.4/common/include/InplaceStorage.h,1,1,2
/media/ullmann/HDDGabriel/engines/UnrealEngine/Engine/Source/ThirdParty/PhysX3/APEX_1.4/common/include/InplaceTypes.h,3,0,3
/media/ullmann/HDDGabriel/engines/UnrealEngine/Engine/Source/Runtime/Renderer/Private/SkyAtmosphereRendering.cpp,0,9,9
/media/ullmann/HDDGabriel/engines/UnrealEngine/Engine/Source/Runtime/Renderer/Private/DeferredShadingRenderer.h,41,10,51
/media/ullmann/HDDGabriel/engines/UnrealEngine/Engine/Source/ThirdParty/Intel/Embree/Embree2140/src/kernels/bvh/bvh_intersector_stream.cpp,0,19,19
/media/ullmann/HDDGabriel/engines/UnrealEngine/Engine/Source/ThirdParty/Intel/Embree/Embree2140/src/kernels/geometry/quadv_intersector.h,4,3,7
/media/ullmann/HDDGabriel/engines/UnrealEngine/Engine/Source/ThirdParty/Expat/expat-2.2.10/lib/xmltok.c,0,13,13
/media/ullmann/HDDGabriel/engines/UnrealEngine/Engine/Source/ThirdParty/Expat/expat-2.2.10/lib/winconfig.h,3,0,3
/media/ullmann/HDDGabriel/engines/UnrealEngine/Engine/Source/ThirdParty/PhysX3/PhysX_3.4/Source/PhysXExtensions/src/ExtExtensions.cpp,0,8,8
/media/ullmann/HDDGabriel/engines/UnrealEngine/Engine/Source/ThirdParty/PhysX3/PhysX_3.4/Source/PhysXExtensions/src/ExtPvd.h,3,0,3
/media/ullmann/HDDGabriel/engines/UnrealEngine/Engine/Source/ThirdParty/HarfBuzz/harfbuzz-2.4.0/src/hb-shape.cc,0,6,6
/media/ullmann/HDDGabriel/engines/UnrealEngine/Engine/Source/ThirdParty/HarfBuzz/harfbuzz-2.4.0/src/hb-shaper.hh,3,0,3
/media/ullmann/HDDGabriel/engines/UnrealEngine/Engine/Source/Runtime/FriendsAndChat/Public/FriendsAndChat.h,0,7,7
/media/ullmann/HDDGabriel/engines/UnrealEngine/Engine/Source/Runtime/FriendsAndChat/Public/FriendsChatChromeStyle.h,2,0,2
/media/ullmann/HDDGabriel/engines/UnrealEngine/Engine/Source/ThirdParty/FreeImage/FreeImage-3.18.0/Source/LibJPEG/jfdctint.c,0,3,3
/media/ullmann/HDDGabriel/engines/UnrealEngine/Engine/Source/ThirdParty/FreeImage/FreeImage-3.18.0/Source/LibJPEG/jinclude.h,56,1,57
/media/ullmann/HDDGabriel/engines/UnrealEngine/Engine/Source/ThirdParty/openexr/Deploy/openexr-3.1.1/include/OpenEXR/ImfPartHelper.h,0,8,8
/media/ullmann/HDDGabriel/engines/UnrealEngine/Engine/Source/ThirdParty/openexr/Deploy/openexr-3.1.1/include/OpenEXR/ImfForward.h,34,2,36
/media/ullmann/HDDGabriel/engines/UnrealEngine/Engine/Source/ThirdParty/Intel/ISPC/ispc-1.17.0/examples/cpu/gmres/main.cpp,0,4,4
/media/ullmann/HDDGabriel/engines/UnrealEngine/Engine/Source/ThirdParty/Intel/ISPC/ispc-1.17.0/examples/cpu/gmres/util.h,1,1,2
/media/ullmann/HDDGabriel/engines/UnrealEngine/Engine/Source/ThirdParty/FreeImage/FreeImage-3.18.0/Source/LibJXR/jxrgluelib/JXRGluePFC.c,0,1,1
/media/ullmann/HDDGabriel/engines/UnrealEngine/Engine/Source/ThirdParty/FreeImage/FreeImage-3.18.0/Source/LibJXR/jxrgluelib/JXRGlue.h,5,1,6
/media/ullmann/HDDGabriel/engines/UnrealEngine/Engine/Source/ThirdParty/Oculus/LibOVRPlatform/LibOVRPlatform/include/OVR_MatchmakingOptions.h,2,3,5
/media/ullmann/HDDGabriel/engines/UnrealEngine/Engine/Source/ThirdParty/ICU/icu4c-64_1/source/common/utext.cpp,0,13,13
/media/ullmann/HDDGabriel/engines/UnrealEngine/Engine/Source/ThirdParty/ICU/icu4c-64_1/source/common/unicode/chariter.h,8,0,8
/media/ullmann/HDDGabriel/engines/UnrealEngine/Engine/Source/ThirdParty/SDL2/SDL-gui-backend/src/render/direct3d11/SDL_render_d3d11.c,0,6,6
/media/ullmann/HDDGabriel/engines/UnrealEngine/Engine/Source/ThirdParty/SDL2/SDL-gui-backend/src/render/direct3d11/SDL_shaders_d3d11.h,2,1,3
/media/ullmann/HDDGabriel/engines/UnrealEngine/Engine/Source/Runtime/AVEncoder/Public/IMFSampleWrapper.h,0,2,2
/media/ullmann/HDDGabriel/engines/UnrealEngine/Engine/Source/Runtime/AVEncoder/Public/VideoCommon.h,5,1,6
/media/ullmann/HDDGabriel/engines/UnrealEngine/Engine/Source/ThirdParty/MCPP/mcpp-2.7.2/src/main.c,0,2,2
/media/ullmann/HDDGabriel/engines/UnrealEngine/Engine/Source/ThirdParty/MCPP/mcpp-2.7.2/src/internal.H,9,0,9
/media/ullmann/HDDGabriel/engines/UnrealEngine/Engine/Source/ThirdParty/PhysX3/PxShared/src/foundation/include/PsFPU.h,0,4,4
/media/ullmann/HDDGabriel/engines/UnrealEngine/Engine/Source/ThirdParty/PhysX3/PxShared/src/foundation/include/windows/PsWindowsFPU.h,1,0,1
/media/ullmann/HDDGabriel/engines/UnrealEngine/Engine/Source/ThirdParty/Intel/Embree/Embree270/src/kernels/xeon/geometry/triangle4i_intersector_pluecker.h,4,4,8
/media/ullmann/HDDGabriel/engines/UnrealEngine/Engine/Source/ThirdParty/Intel/Embree/Embree270/src/kernels/common/scene_triangle_mesh.h,5,2,7
/media/ullmann/HDDGabriel/engines/UnrealEngine/Engine/Source/ThirdParty/openexr/Deploy/openexr-3.1.1/include/OpenEXR/ImfMultiPartInputFile.h,1,3,4
/media/ullmann/HDDGabriel/engines/UnrealEngine/Engine/Source/ThirdParty/ICU/icu4c-64_1/source/common/ucnv.cpp,0,16,16
/media/ullmann/HDDGabriel/engines/UnrealEngine/Engine/Source/ThirdParty/ICU/icu4c-64_1/source/common/putilimp.h,27,2,29
/media/ullmann/HDDGabriel/engines/UnrealEngine/Engine/Source/ThirdParty/PhysX3/PxShared/src/pvd/src/PxProfileDataBuffer.h,3,2,5
/media/ullmann/HDDGabriel/engines/UnrealEngine/Engine/Source/ThirdParty/PhysX3/PxShared/src/pvd/src/PxProfileMemoryBuffer.h,2,1,3
/media/ullmann/HDDGabriel/engines/UnrealEngine/Engine/Source/ThirdParty/PhysX3/PhysX_3.4/Source/SceneQuery/src/SqPruningPool.cpp,0,1,1
/media/ullmann/HDDGabriel/engines/UnrealEngine/Engine/Source/ThirdParty/PhysX3/PhysX_3.4/Source/SceneQuery/src/SqPruningPool.h,5,2,7
/media/ullmann/HDDGabriel/engines/UnrealEngine/Engine/Source/ThirdParty/SDL2/SDL-gui-backend/src/video/vita/SDL_vitakeyboard.h,2,1,3
/media/ullmann/HDDGabriel/engines/UnrealEngine/Engine/Source/Developer/Windows/LiveCodingServer/Private/External/LC_Coff.h,6,2,8
/media/ullmann/HDDGabriel/engines/UnrealEngine/Engine/Source/Developer/Windows/LiveCodingServer/Private/External/LC_ImmutableString.h,5,0,5
/media/ullmann/HDDGabriel/engines/UnrealEngine/Engine/Source/ThirdParty/openexr/Deploy/openexr-3.1.1/include/OpenEXR/ImfStandardAttributes.h,1,16,17
/media/ullmann/HDDGabriel/engines/UnrealEngine/Engine/Source/ThirdParty/openexr/Deploy/openexr-3.1.1/include/OpenEXR/ImfKeyCodeAttribute.h,1,4,5
/media/ullmann/HDDGabriel/engines/UnrealEngine/Engine/Source/ThirdParty/openexr/openexr-3.1.1/src/lib/OpenEXR/ImfInputFile.cpp,0,14,14
/media/ullmann/HDDGabriel/engines/UnrealEngine/Engine/Source/ThirdParty/openexr/openexr-3.1.1/src/lib/OpenEXR/ImfPartType.h,15,2,17
/media/ullmann/HDDGabriel/engines/UnrealEngine/Engine/Source/ThirdParty/ICU/icu4c-53_1/source/test/cintltst/cdtrgtst.c,0,2,2
/media/ullmann/HDDGabriel/engines/UnrealEngine/Engine/Source/ThirdParty/ICU/icu4c-53_1/source/test/cintltst/cdtrgtst.h,1,1,2
/media/ullmann/HDDGabriel/engines/UnrealEngine/Engine/Source/Developer/TargetPlatform/Public/TargetPlatform.h,0,10,10
/media/ullmann/HDDGabriel/engines/UnrealEngine/Engine/Source/Developer/TargetPlatform/Public/Interfaces/IAudioFormatModule.h,1,0,1
/media/ullmann/HDDGabriel/engines/UnrealEngine/Engine/Source/ThirdParty/WebRTC/4147/Include/third_party/libvpx/source/config/linux/arm/vp9_rtcd.h,0,1,1
/media/ullmann/HDDGabriel/engines/UnrealEngine/Engine/Source/ThirdParty/WebRTC/4147/Include/third_party/libvpx/source/config/linux/arm/vpx_config.h,4,0,4
/media/ullmann/HDDGabriel/engines/UnrealEngine/Engine/Source/ThirdParty/EOSSDK/SDK/Bin/IOS/EOSSDK.framework/Headers/eos_presence.h,0,1,1
/media/ullmann/HDDGabriel/engines/UnrealEngine/Engine/Source/ThirdParty/EOSSDK/SDK/Bin/IOS/EOSSDK.framework/Headers/eos_presence_types.h,2,2,4
/media/ullmann/HDDGabriel/engines/UnrealEngine/Engine/Source/Runtime/ClothingSystemRuntimeNv/Public/ClothingSimulationNv.h,1,2,3
/media/ullmann/HDDGabriel/engines/UnrealEngine/Engine/Source/Runtime/ClothingSystemRuntimeNv/Public/ClothConfigNv.h,1,0,1
/media/ullmann/HDDGabriel/engines/UnrealEngine/Engine/Source/Editor/PlacementMode/Public/IPlacementModeModule.h,2,1,3
/media/ullmann/HDDGabriel/engines/UnrealEngine/Engine/Source/Editor/PlacementMode/Public/ActorPlacementInfo.h,1,0,1
/media/ullmann/HDDGabriel/engines/UnrealEngine/Engine/Source/ThirdParty/FreeType2/FreeType2-2.10.0/src/cache/ftccache.c,1,3,4
/media/ullmann/HDDGabriel/engines/UnrealEngine/Engine/Source/ThirdParty/FreeType2/FreeType2-2.10.0/src/cache/ftccback.h,7,5,12
/media/ullmann/HDDGabriel/engines/UnrealEngine/Engine/Source/Editor/AnimGraph/Public/AnimNodeEditMode.h,0,1,1
/media/ullmann/HDDGabriel/engines/UnrealEngine/Engine/Source/Editor/AnimGraph/Public/IAnimNodeEditMode.h,1,0,1
/media/ullmann/HDDGabriel/engines/UnrealEngine/Engine/Source/ThirdParty/ICU/icu4c-64_1/source/common/bytesinkutil.h,7,5,12
/media/ullmann/HDDGabriel/engines/UnrealEngine/Engine/Source/ThirdParty/ICU/icu4c-64_1/source/common/uassert.h,92,1,93
/media/ullmann/HDDGabriel/engines/UnrealEngine/Engine/Source/ThirdParty/openexr/openexr-3.1.1/src/lib/OpenEXR/ImfEnvmapAttribute.h,3,3,6
/media/ullmann/HDDGabriel/engines/UnrealEngine/Engine/Source/ThirdParty/openexr/openexr-3.1.1/src/lib/OpenEXR/ImfExport.h,56,0,56
/media/ullmann/HDDGabriel/engines/UnrealEngine/Engine/Source/ThirdParty/SDL2/SDL-gui-backend/src/video/windows/SDL_windowsvideo.h,14,12,26
/media/ullmann/HDDGabriel/engines/UnrealEngine/Engine/Source/ThirdParty/SDL2/SDL-gui-backend/src/video/windows/SDL_windowsevents.h,1,1,2
/media/ullmann/HDDGabriel/engines/UnrealEngine/Engine/Source/ThirdParty/GoogleGameSDK/gamesdk/src/swappy/common/FrameStatistics.cpp,0,1,1
/media/ullmann/HDDGabriel/engines/UnrealEngine/Engine/Source/ThirdParty/GoogleGameSDK/gamesdk/src/swappy/common/FrameStatistics.h,1,2,3
/media/ullmann/HDDGabriel/engines/UnrealEngine/Engine/Source/ThirdParty/ICU/icu4c-53_1/source/test/intltest/itformat.cpp,0,45,45
/media/ullmann/HDDGabriel/engines/UnrealEngine/Engine/Source/ThirdParty/ICU/icu4c-53_1/source/test/intltest/dtfmtrtts.h,2,1,3
/media/ullmann/HDDGabriel/engines/UnrealEngine/Engine/Source/Editor/ContentBrowser/Private/SCollectionView.cpp,0,6,6
/media/ullmann/HDDGabriel/engines/UnrealEngine/Engine/Source/Editor/ContentBrowser/Private/ContentBrowserUtils.h,17,0,17
/media/ullmann/HDDGabriel/engines/UnrealEngine/Engine/Source/ThirdParty/CryptoPP/5.6.5/include/cast.cpp,0,3,3
/media/ullmann/HDDGabriel/engines/UnrealEngine/Engine/Source/ThirdParty/CryptoPP/5.6.5/include/cast.h,4,2,6
/media/ullmann/HDDGabriel/engines/UnrealEngine/Engine/Source/ThirdParty/ICU/icu4c-53_1/source/i18n/umsg.cpp,0,3,3
/media/ullmann/HDDGabriel/engines/UnrealEngine/Engine/Source/ThirdParty/CryptoPP/5.6.5/include/blake2.cpp,0,7,7
/media/ullmann/HDDGabriel/engines/UnrealEngine/Engine/Source/ThirdParty/CryptoPP/5.6.5/include/config.h,64,0,64
/media/ullmann/HDDGabriel/engines/UnrealEngine/Engine/Source/Runtime/Networking/Public/Networking.h,0,11,11
/media/ullmann/HDDGabriel/engines/UnrealEngine/Engine/Source/Runtime/Networking/Public/Interfaces/IPv4/IPv4Address.h,1,0,1
/media/ullmann/HDDGabriel/engines/UnrealEngine/Engine/Source/Developer/MeshSimplifier/Private/MeshSimplify.h,2,2,4
/media/ullmann/HDDGabriel/engines/UnrealEngine/Engine/Source/Developer/MeshSimplifier/Private/MeshSimplifyElements.h,1,1,2
/media/ullmann/HDDGabriel/engines/UnrealEngine/Engine/Source/ThirdParty/ICU/icu4c-53_1/source/common/ucharstrie.cpp,0,7,7
/media/ullmann/HDDGabriel/engines/UnrealEngine/Engine/Source/ThirdParty/ICU/icu4c-53_1/source/common/unicode/utf16.h,43,0,43
/media/ullmann/HDDGabriel/engines/UnrealEngine/Engine/Source/ThirdParty/openexr/Deploy/openexr-3.1.1/include/OpenEXR/ImfChromaticities.h,2,2,4
/media/ullmann/HDDGabriel/engines/UnrealEngine/Engine/Source/ThirdParty/ShaderConductor/ShaderConductor/External/DirectXShaderCompiler/lib/Transforms/InstCombine/InstCombineSimplifyDemanded.cpp,0,1,1
/media/ullmann/HDDGabriel/engines/UnrealEngine/Engine/Source/ThirdParty/ShaderConductor/ShaderConductor/External/DirectXShaderCompiler/lib/Transforms/InstCombine/InstCombineInternal.h,13,0,13
/media/ullmann/HDDGabriel/engines/UnrealEngine/Engine/Source/ThirdParty/OpenVDB/openvdb-8.1.0/openvdb/openvdb/math/FiniteDifference.h,1,3,4
/media/ullmann/HDDGabriel/engines/UnrealEngine/Engine/Source/ThirdParty/OpenVDB/openvdb-8.1.0/openvdb/openvdb/math/Vec3.h,12,2,14
/media/ullmann/HDDGabriel/engines/UnrealEngine/Engine/Source/ThirdParty/CryptoPP/5.6.5/include/bench2.cpp,0,26,26
/media/ullmann/HDDGabriel/engines/UnrealEngine/Engine/Source/ThirdParty/CryptoPP/5.6.5/include/randpool.h,7,5,12
/media/ullmann/HDDGabriel/engines/UnrealEngine/Engine/Source/ThirdParty/FreeType2/FreeType2-2.10.4/src/type1/t1load.c,1,3,4
/media/ullmann/HDDGabriel/engines/UnrealEngine/Engine/Source/ThirdParty/FreeType2/FreeType2-2.10.4/src/type1/t1tokens.h,1,0,1
/media/ullmann/HDDGabriel/engines/UnrealEngine/Engine/Source/Editor/Persona/Private/SSkeletonSlotNames.cpp,0,3,3
/media/ullmann/HDDGabriel/engines/UnrealEngine/Engine/Source/Editor/Persona/Private/TabSpawners.h,7,1,8
/media/ullmann/HDDGabriel/engines/UnrealEngine/Engine/Source/ThirdParty/FBX/2020.2/include/fbxsdk/scene/geometry/fbxopticalreference.h,1,0,1
/media/ullmann/HDDGabriel/engines/UnrealEngine/Engine/Source/ThirdParty/Imath/Imath-3.1.3/src/python/PyImath/PyImathVec4fd.cpp,0,3,3
/media/ullmann/HDDGabriel/engines/UnrealEngine/Engine/Source/ThirdParty/Imath/Imath-3.1.3/src/python/PyImath/PyImathExport.h,38,0,38
/media/ullmann/HDDGabriel/engines/UnrealEngine/Engine/Source/ThirdParty/Intel/Embree/Embree2140/src/common/lexers/tokenstream.h,1,1,2
/media/ullmann/HDDGabriel/engines/UnrealEngine/Engine/Source/ThirdParty/Intel/Embree/Embree2140/src/common/lexers/stream.h,3,4,7
/media/ullmann/HDDGabriel/engines/UnrealEngine/Engine/Source/ThirdParty/FreeImage/FreeImage-3.18.0/Source/LibJPEG/jcmainct.c,0,2,2
/media/ullmann/HDDGabriel/engines/UnrealEngine/Engine/Source/ThirdParty/ICU/icu4c-64_1/source/test/intltest/itutil.cpp,0,17,17
/media/ullmann/HDDGabriel/engines/UnrealEngine/Engine/Source/ThirdParty/ICU/icu4c-64_1/source/test/intltest/utxttest.h,2,1,3
/media/ullmann/HDDGabriel/engines/UnrealEngine/Engine/Source/ThirdParty/ICU/icu4c-53_1/source/common/ustr_cnv.c,0,7,7
/media/ullmann/HDDGabriel/engines/UnrealEngine/Engine/Source/ThirdParty/openexr/openexr-3.1.1/src/test/OpenEXRCoreTest/compression.cpp,0,4,4
/media/ullmann/HDDGabriel/engines/UnrealEngine/Engine/Source/ThirdParty/openexr/openexr-3.1.1/src/test/OpenEXRCoreTest/write.h,3,0,3
/media/ullmann/HDDGabriel/engines/UnrealEngine/Engine/Source/Editor/SceneOutliner/Public/SceneOutliner.h,0,10,10
/media/ullmann/HDDGabriel/engines/UnrealEngine/Engine/Source/Editor/SceneOutliner/Public/SceneOutlinerFwd.h,11,0,11
/media/ullmann/HDDGabriel/engines/UnrealEngine/Engine/Source/Editor/UATHelper/UATHelperModule.cpp,0,4,4
/media/ullmann/HDDGabriel/engines/UnrealEngine/Engine/Source/Developer/MessageLog/Public/IMessageLogListing.h,2,0,2
/media/ullmann/HDDGabriel/engines/UnrealEngine/Engine/Source/ThirdParty/FreeType2/FreeType2-2.10.0/src/pfr/pfrcmap.h,2,1,3
/media/ullmann/HDDGabriel/engines/UnrealEngine/Engine/Source/ThirdParty/FreeType2/FreeType2-2.10.0/src/pfr/pfrtypes.h,3,0,3
/media/ullmann/HDDGabriel/engines/UnrealEngine/Engine/Source/ThirdParty/Intel/Embree/Embree270/src/kernels/xeonphi/geometry/virtual_accel_intersector1.h,2,2,4
/media/ullmann/HDDGabriel/engines/UnrealEngine/Engine/Source/ThirdParty/ICU/icu4c-64_1/source/common/ucnv_ext.cpp,0,8,8
/media/ullmann/HDDGabriel/engines/UnrealEngine/Engine/Source/ThirdParty/ICU/icu4c-64_1/source/common/ucnv_ext.h,5,3,8
/media/ullmann/HDDGabriel/engines/UnrealEngine/Engine/Source/Developer/TraceInsights/Private/Insights/ViewModels/TimerNode.cpp,0,1,1
/media/ullmann/HDDGabriel/engines/UnrealEngine/Engine/Source/Developer/TraceInsights/Private/Insights/ViewModels/TimerNode.h,1,0,1
/media/ullmann/HDDGabriel/engines/UnrealEngine/Engine/Source/ThirdParty/Intel/ISPC/ispc-1.17.0/src/expr.cpp,0,8,8
/media/ullmann/HDDGabriel/engines/UnrealEngine/Engine/Source/ThirdParty/Intel/ISPC/ispc-1.17.0/src/type.h,12,2,14
/media/ullmann/HDDGabriel/engines/UnrealEngine/Engine/Source/ThirdParty/Boost/boost-1_70_0/include/boost/polygon/segment_concept.hpp,5,3,8
/media/ullmann/HDDGabriel/engines/UnrealEngine/Engine/Source/ThirdParty/CryptoPP/5.6.2/include/rabin.h,2,3,5
/media/ullmann/HDDGabriel/engines/UnrealEngine/Engine/Source/ThirdParty/CryptoPP/5.6.2/include/oaep.h,4,2,6
/media/ullmann/HDDGabriel/engines/UnrealEngine/Engine/Source/Runtime/Renderer/Private/IndirectLightRendering.cpp,0,17,17
/media/ullmann/HDDGabriel/engines/UnrealEngine/Engine/Source/Runtime/Renderer/Private/RendererModule.h,25,0,25
/media/ullmann/HDDGabriel/engines/UnrealEngine/Engine/Source/ThirdParty/ICU/icu4c-64_1/source/i18n/number_longnames.h,3,2,5
/media/ullmann/HDDGabriel/engines/UnrealEngine/Engine/Source/ThirdParty/ICU/icu4c-64_1/source/i18n/number_utils.h,19,9,28
/media/ullmann/HDDGabriel/engines/UnrealEngine/Engine/Source/Editor/Persona/Private/AnimTimeline/SAnimTrackResizeArea.cpp,0,2,2
/media/ullmann/HDDGabriel/engines/UnrealEngine/Engine/Source/Editor/Persona/Private/AnimTimeline/AnimTimelineTrack.h,24,1,25
/media/ullmann/HDDGabriel/engines/UnrealEngine/Engine/Source/ThirdParty/nvTextureTools/nvTextureTools-2.0.8/src/src/nvimage/ImageIO.cpp,0,5,5
/media/ullmann/HDDGabriel/engines/UnrealEngine/Engine/Source/ThirdParty/nvTextureTools/nvTextureTools-2.0.8/src/src/nvimage/PsdFile.h,1,0,1
/media/ullmann/HDDGabriel/engines/UnrealEngine/Engine/Source/Developer/AssetTools/Private/AssetTools.cpp,0,90,90
/media/ullmann/HDDGabriel/engines/UnrealEngine/Engine/Source/Developer/AssetTools/Private/AssetTypeActions/AssetTypeActions_PhysicalMaterialMask.h,1,0,1
/media/ullmann/HDDGabriel/engines/UnrealEngine/Engine/Source/Editor/CurveEditor/Public/IBufferedCurveModel.h,2,1,3
/media/ullmann/HDDGabriel/engines/UnrealEngine/Engine/Source/Editor/CurveEditor/Public/CurveDataAbstraction.h,2,1,3
/media/ullmann/HDDGabriel/engines/UnrealEngine/Engine/Source/ThirdParty/Intel/Embree/Embree2140/src/common/simd/sse.cpp,0,1,1
/media/ullmann/HDDGabriel/engines/UnrealEngine/Engine/Source/ThirdParty/Intel/Embree/Embree2140/src/common/simd/sse.h,10,8,18
/media/ullmann/HDDGabriel/engines/UnrealEngine/Engine/Source/ThirdParty/ICU/icu4c-64_1/source/common/serv.cpp,0,3,3
/media/ullmann/HDDGabriel/engines/UnrealEngine/Engine/Source/ThirdParty/PhysX3/NvCloth/samples/SampleBase/scene/SceneController.cpp,0,1,1
/media/ullmann/HDDGabriel/engines/UnrealEngine/Engine/Source/ThirdParty/PhysX3/NvCloth/samples/SampleBase/scene/SceneController.h,1,0,1
/media/ullmann/HDDGabriel/engines/UnrealEngine/Engine/Source/ThirdParty/hlslcc/hlslcc/src/hlslcc_lib/ir.h,57,6,63
/media/ullmann/HDDGabriel/engines/UnrealEngine/Engine/Source/ThirdParty/hlslcc/hlslcc/src/hlslcc_lib/glsl_types.h,46,1,47
/media/ullmann/HDDGabriel/engines/UnrealEngine/Engine/Source/ThirdParty/Intel/TBB/IntelTBB-2019u8/include/tbb/flow_graph.h,2,24,26
/media/ullmann/HDDGabriel/engines/UnrealEngine/Engine/Source/ThirdParty/Intel/TBB/IntelTBB-2019u8/include/tbb/internal/_flow_graph_async_msg_impl.h,1,0,1
/media/ullmann/HDDGabriel/engines/UnrealEngine/Engine/Source/ThirdParty/OpenSubdiv/OpenSubdiv-3.4.4/opensubdiv/osd/d3d11LegacyGregoryPatchTable.h,1,3,4
/media/ullmann/HDDGabriel/engines/UnrealEngine/Engine/Source/ThirdParty/OpenSubdiv/OpenSubdiv-3.4.4/opensubdiv/osd/nonCopyable.h,9,0,9
/media/ullmann/HDDGabriel/engines/UnrealEngine/Engine/Source/ThirdParty/Oculus/LibOVRPlatform/LibOVRPlatform/include/OVR_TimeWindow.h,2,1,3
/media/ullmann/HDDGabriel/engines/UnrealEngine/Engine/Source/ThirdParty/ICU/icu4c-53_1/source/common/resbund_cnv.cpp,0,3,3
/media/ullmann/HDDGabriel/engines/UnrealEngine/Engine/Source/ThirdParty/Intel/ISPC/ispc-1.16.1/benchmarks/01_trivial/05_packed_load_store.cpp,0,1,1
/media/ullmann/HDDGabriel/engines/UnrealEngine/Engine/Source/ThirdParty/Intel/ISPC/ispc-1.16.1/benchmarks/common.h,5,0,5
/media/ullmann/HDDGabriel/engines/UnrealEngine/Engine/Source/ThirdParty/ICU/icu4c-53_1/source/i18n/measfmt.cpp,0,10,10
/media/ullmann/HDDGabriel/engines/UnrealEngine/Engine/Source/ThirdParty/ICU/icu4c-53_1/source/i18n/sharedpluralrules.h,3,0,3
/media/ullmann/HDDGabriel/engines/UnrealEngine/Engine/Source/Programs/Enterprise/Datasmith/DatasmithCADWorker/Private/DatasmithCADWorker.cpp,0,2,2
/media/ullmann/HDDGabriel/engines/UnrealEngine/Engine/Source/Programs/Enterprise/Datasmith/DatasmithCADWorker/Private/DatasmithCADWorkerImpl.h,2,1,3
/media/ullmann/HDDGabriel/engines/UnrealEngine/Engine/Source/Runtime/Renderer/Private/Lumen/LumenHardwareRayTracingCommon.h,8,2,10
/media/ullmann/HDDGabriel/engines/UnrealEngine/Engine/Source/Runtime/Renderer/Private/Lumen/LumenScreenProbeGather.h,12,2,14
/media/ullmann/HDDGabriel/engines/UnrealEngine/Engine/Source/ThirdParty/SDL2/SDL-gui-backend/src/video/wayland/SDL_waylandtouch.c,0,3,3
/media/ullmann/HDDGabriel/engines/UnrealEngine/Engine/Source/Editor/Sequencer/Private/SequencerHotspots.cpp,0,9,9
/media/ullmann/HDDGabriel/engines/UnrealEngine/Engine/Source/Editor/Sequencer/Private/SequencerCommonHelpers.h,12,1,13
/media/ullmann/HDDGabriel/engines/UnrealEngine/Engine/Source/ThirdParty/Intel/Embree/Embree270/src/kernels/xeon/bvh8/bvh8.h,10,6,16
/media/ullmann/HDDGabriel/engines/UnrealEngine/Engine/Source/ThirdParty/Intel/Embree/Embree270/src/kernels/common/accel.h,10,1,11
/media/ullmann/HDDGabriel/engines/UnrealEngine/Engine/Source/Runtime/Engine/Public/AnimationRuntime.h,0,3,3
/media/ullmann/HDDGabriel/engines/UnrealEngine/Engine/Source/ThirdParty/OpenVDB/openvdb-8.1.0/openvdb_ax/openvdb_ax/codegen/Utils.h,10,3,13
/media/ullmann/HDDGabriel/engines/UnrealEngine/Engine/Source/ThirdParty/OpenVDB/openvdb-8.1.0/openvdb_ax/openvdb_ax/Exceptions.h,11,0,11
/media/ullmann/HDDGabriel/engines/UnrealEngine/Engine/Source/ThirdParty/SDL2/SDL-gui-backend/src/joystick/psp/SDL_sysjoystick.c,0,4,4
/media/ullmann/HDDGabriel/engines/UnrealEngine/Engine/Source/ThirdParty/ICU/icu4c-53_1/source/io/ucln_io.c,0,1,1
/media/ullmann/HDDGabriel/engines/UnrealEngine/Engine/Source/ThirdParty/ICU/icu4c-53_1/source/io/ucln_io.h,3,0,3
/media/ullmann/HDDGabriel/engines/UnrealEngine/Engine/Source/ThirdParty/FreeType2/FreeType2-2.4.12/src/gxvalid/gxvalid.c,0,22,22
/media/ullmann/HDDGabriel/engines/UnrealEngine/Engine/Source/ThirdParty/FreeType2/FreeType2-2.4.12/src/gxvalid/gxvmorx2.c,1,1,2
/media/ullmann/HDDGabriel/engines/UnrealEngine/Engine/Source/Runtime/D3D12RHI/Private/D3D12Query.cpp,0,1,1
/media/ullmann/HDDGabriel/engines/UnrealEngine/Engine/Source/Runtime/D3D12RHI/Private/D3D12RHIPrivate.h,32,25,57
/media/ullmann/HDDGabriel/engines/UnrealEngine/Engine/Source/ThirdParty/SDL2/SDL-gui-backend/src/core/linux/SDL_threadprio.c,0,2,2
/media/ullmann/HDDGabriel/engines/UnrealEngine/Engine/Source/ThirdParty/SDL2/SDL-gui-backend/src/core/linux/SDL_dbus.h,9,1,10
/media/ullmann/HDDGabriel/engines/UnrealEngine/Engine/Source/ThirdParty/FreeImage/FreeImage-3.18.0/Source/LibOpenJPEG/invert.h,1,0,1
/media/ullmann/HDDGabriel/engines/UnrealEngine/Engine/Source/ThirdParty/FreeType2/FreeType2-2.10.4/src/psaux/psobjs.c,1,4,5
/media/ullmann/HDDGabriel/engines/UnrealEngine/Engine/Source/ThirdParty/FreeType2/FreeType2-2.10.4/src/psaux/psauxmod.h,2,0,2
/media/ullmann/HDDGabriel/engines/UnrealEngine/Engine/Source/ThirdParty/Intel/TBB/IntelTBB-2019u8/src/test/harness_inject_scheduler.h,5,20,25
/media/ullmann/HDDGabriel/engines/UnrealEngine/Engine/Source/ThirdParty/Intel/TBB/IntelTBB-2019u8/src/tbb/spin_mutex.cpp,1,2,3
/media/ullmann/HDDGabriel/engines/UnrealEngine/Engine/Source/Editor/AnimGraph/Public/AnimGraphNode_StateMachine.h,0,1,1
/media/ullmann/HDDGabriel/engines/UnrealEngine/Engine/Source/Editor/AnimGraph/Public/AnimGraphNode_StateMachineBase.h,1,1,2
/media/ullmann/HDDGabriel/engines/UnrealEngine/Engine/Source/ThirdParty/HarfBuzz/harfbuzz-2.4.0/src/test.cc,0,3,3
/media/ullmann/HDDGabriel/engines/UnrealEngine/Engine/Source/ThirdParty/HarfBuzz/harfbuzz-2.4.0/src/hb-ft.h,5,1,6
/media/ullmann/HDDGabriel/engines/UnrealEngine/Engine/Source/ThirdParty/SDL2/SDL-gui-backend/src/stdlib/SDL_getenv.c,0,3,3
/media/ullmann/HDDGabriel/engines/UnrealEngine/Engine/Source/Editor/Sequencer/Private/SSequencerSection.cpp,0,4,4
/media/ullmann/HDDGabriel/engines/UnrealEngine/Engine/Source/Editor/Sequencer/Private/Sequencer.h,29,5,34
/media/ullmann/HDDGabriel/engines/UnrealEngine/Engine/Source/ThirdParty/Intel/ISPC/ispc-1.17.0/examples/cpu/aobench/ao.cpp,0,1,1
/media/ullmann/HDDGabriel/engines/UnrealEngine/Engine/Source/ThirdParty/Intel/ISPC/ispc-1.17.0/examples/common/timing.h,15,0,15
/media/ullmann/HDDGabriel/engines/UnrealEngine/Engine/Source/ThirdParty/PLCrashReporter/PLCrashReporter/Source/PLCrashFrameWalker.c,0,6,6
/media/ullmann/HDDGabriel/engines/UnrealEngine/Engine/Source/ThirdParty/PLCrashReporter/PLCrashReporter/Source/PLCrashFrameStackUnwind.h,2,1,3
/media/ullmann/HDDGabriel/engines/UnrealEngine/Engine/Source/ThirdParty/Boost/boost-1_70_0/include/boost/polygon/polygon_set_concept.hpp,2,2,4
/media/ullmann/HDDGabriel/engines/UnrealEngine/Engine/Source/ThirdParty/Boost/boost-1_70_0/include/boost/polygon/detail/polygon_simplify.hpp,1,0,1
/media/ullmann/HDDGabriel/engines/UnrealEngine/Engine/Source/ThirdParty/ICU/icu4c-53_1/source/common/ulist.c,0,4,4
/media/ullmann/HDDGabriel/engines/UnrealEngine/Engine/Source/ThirdParty/ICU/icu4c-53_1/source/common/ulist.h,1,2,3
/media/ullmann/HDDGabriel/engines/UnrealEngine/Engine/Source/ThirdParty/CryptoPP/5.6.2/include/zdeflate.cpp,0,2,2
/media/ullmann/HDDGabriel/engines/UnrealEngine/Engine/Source/ThirdParty/CryptoPP/5.6.2/include/pch.h,123,0,123
/media/ullmann/HDDGabriel/engines/UnrealEngine/Engine/Source/ThirdParty/CryptoPP/5.6.5/include/rsa.h,5,7,12
/media/ullmann/HDDGabriel/engines/UnrealEngine/Engine/Source/ThirdParty/WebRTC/4147/Include/base/environment.h,0,1,1
/media/ullmann/HDDGabriel/engines/UnrealEngine/Engine/Source/ThirdParty/WebRTC/4147/Include/base/memory,15,0,15
/media/ullmann/HDDGabriel/engines/UnrealEngine/Engine/Source/ThirdParty/FreeImage/FreeImage-3.18.0/Source/OpenEXR/IlmImf/ImfMultiPartInputFile.cpp,0,18,18
/media/ullmann/HDDGabriel/engines/UnrealEngine/Engine/Source/ThirdParty/FreeImage/FreeImage-3.18.0/Source/OpenEXR/IlmImf/ImfFloatAttribute.h,7,1,8
/media/ullmann/HDDGabriel/engines/UnrealEngine/Engine/Source/ThirdParty/PhysX3/PhysX_3.4/Source/GeomUtils/src/contact/GuLegacyContactSphereHeightField.cpp,0,1,1
/media/ullmann/HDDGabriel/engines/UnrealEngine/Engine/Source/ThirdParty/PhysX3/PhysX_3.4/Source/GeomUtils/src/contact/GuContactMethodImpl.h,19,0,19
/media/ullmann/HDDGabriel/engines/UnrealEngine/Engine/Source/ThirdParty/FreeType2/FreeType2-2.6/Src/winfonts/winfnt.c,0,2,2
/media/ullmann/HDDGabriel/engines/UnrealEngine/Engine/Source/ThirdParty/FreeType2/FreeType2-2.6/Src/winfonts/fnterrs.h,1,0,1
/media/ullmann/HDDGabriel/engines/UnrealEngine/Engine/Source/Runtime/VulkanRHI/Private/VulkanPipelineState.cpp,0,7,7
/media/ullmann/HDDGabriel/engines/UnrealEngine/Engine/Source/Runtime/VulkanRHI/Private/VulkanRHIPrivate.h,33,7,40
/media/ullmann/HDDGabriel/engines/UnrealEngine/Engine/Source/ThirdParty/mtlpp/mtlpp-master-7efad47/src/library.hpp,2,4,6
/media/ullmann/HDDGabriel/engines/UnrealEngine/Engine/Source/ThirdParty/mtlpp/mtlpp-master-7efad47/src/declare.hpp,38,1,39
/media/ullmann/HDDGabriel/engines/UnrealEngine/Engine/Source/ThirdParty/ICU/icu4c-64_1/source/tools/gennorm2/extradata.cpp,0,2,2
/media/ullmann/HDDGabriel/engines/UnrealEngine/Engine/Source/ThirdParty/ICU/icu4c-64_1/source/tools/gennorm2/extradata.h,2,1,3
/media/ullmann/HDDGabriel/engines/UnrealEngine/Engine/Source/ThirdParty/ICU/icu4c-64_1/source/i18n/casetrn.cpp,0,1,1
/media/ullmann/HDDGabriel/engines/UnrealEngine/Engine/Source/ThirdParty/ICU/icu4c-64_1/source/i18n/tolowtrn.h,3,2,5
/media/ullmann/HDDGabriel/engines/UnrealEngine/Engine/Source/Runtime/VulkanRHI/Private/VulkanCommands.cpp,0,4,4
/media/ullmann/HDDGabriel/engines/UnrealEngine/Engine/Source/ThirdParty/HarfBuzz/harfbuzz-2.4.0/src/hb-ot-name.cc,0,4,4
/media/ullmann/HDDGabriel/engines/UnrealEngine/Engine/Source/ThirdParty/HarfBuzz/harfbuzz-2.4.0/src/hb-utf.hh,2,0,2
/media/ullmann/HDDGabriel/engines/UnrealEngine/Engine/Source/Runtime/Landscape/Classes/LandscapeMeshCollisionComponent.h,0,1,1
/media/ullmann/HDDGabriel/engines/UnrealEngine/Engine/Source/Runtime/Landscape/Classes/LandscapeHeightfieldCollisionComponent.h,1,0,1
/media/ullmann/HDDGabriel/engines/UnrealEngine/Engine/Source/ThirdParty/libOpus/opus-1.1/silk/NLSF2A.c,0,2,2
/media/ullmann/HDDGabriel/engines/UnrealEngine/Engine/Source/ThirdParty/libOpus/opus-1.1/silk/tables.h,11,2,13
/media/ullmann/HDDGabriel/engines/UnrealEngine/Engine/Source/ThirdParty/ICU/icu4c-53_1/source/samples/layout/GDIFontInstance.cpp,0,3,3
/media/ullmann/HDDGabriel/engines/UnrealEngine/Engine/Source/ThirdParty/ICU/icu4c-53_1/source/samples/layout/GDIFontInstance.h,3,3,6
/media/ullmann/HDDGabriel/engines/UnrealEngine/Engine/Source/ThirdParty/Alembic/alembic-1.8.2/python/PyAlembic/PyIGeomParamMatrixQuadColorNormal.cpp,0,2,2
/media/ullmann/HDDGabriel/engines/UnrealEngine/Engine/Source/ThirdParty/Alembic/alembic-1.8.2/python/PyAlembic/PyIGeomParam.h,4,1,5
/media/ullmann/HDDGabriel/engines/UnrealEngine/Engine/Source/Runtime/XmlParser/Public/XmlParser.h,0,2,2
/media/ullmann/HDDGabriel/engines/UnrealEngine/Engine/Source/Runtime/XmlParser/Public/XmlFile.h,1,1,2
/media/ullmann/HDDGabriel/engines/UnrealEngine/Engine/Source/ThirdParty/Perforce/P4Api.Net/p4bridge/ClientManager.h,2,1,3
/media/ullmann/HDDGabriel/engines/UnrealEngine/Engine/Source/ThirdParty/ICU/icu4c-64_1/source/common/normalizer2.cpp,0,13,13
/media/ullmann/HDDGabriel/engines/UnrealEngine/Engine/Source/ThirdParty/ICU/icu4c-64_1/source/common/normalizer2impl.h,11,10,21
/media/ullmann/HDDGabriel/engines/UnrealEngine/Engine/Source/ThirdParty/Python3/Win64/include/pymem.h,2,2,4
/media/ullmann/HDDGabriel/engines/UnrealEngine/Engine/Source/ThirdParty/Python3/Win64/include/cpython/pymem.h,1,0,1
/media/ullmann/HDDGabriel/engines/UnrealEngine/Engine/Source/ThirdParty/FreeType2/FreeType2-2.10.0/src/gxvalid/gxvtrak.c,1,2,3
/media/ullmann/HDDGabriel/engines/UnrealEngine/Engine/Source/ThirdParty/FreeType2/FreeType2-2.10.0/src/gxvalid/gxvcommn.h,13,1,14
/media/ullmann/HDDGabriel/engines/UnrealEngine/Engine/Source/ThirdParty/CryptoPP/5.6.5/include/esign.cpp,0,9,9
/media/ullmann/HDDGabriel/engines/UnrealEngine/Engine/Source/ThirdParty/CryptoPP/5.6.5/include/nbtheory.h,15,3,18
/media/ullmann/HDDGabriel/engines/UnrealEngine/Engine/Source/ThirdParty/Crunch/src/crnlib/crn_texture_conversion.h,1,4,5
/media/ullmann/HDDGabriel/engines/UnrealEngine/Engine/Source/ThirdParty/Crunch/src/crnlib/crn_dxt_image.h,5,4,9
/media/ullmann/HDDGabriel/engines/UnrealEngine/Engine/Source/ThirdParty/Android/libunwind/libunwind/src/arm/Lis_signal_frame.c,0,1,1
/media/ullmann/HDDGabriel/engines/UnrealEngine/Engine/Source/ThirdParty/Android/libunwind/libunwind/src/arm/Gis_signal_frame.c,1,1,2
/media/ullmann/HDDGabriel/engines/UnrealEngine/Engine/Source/Developer/Windows/LiveCodingServer/Private/External/LC_ServerCommandThread.h,2,5,7
/media/ullmann/HDDGabriel/engines/UnrealEngine/Engine/Source/Developer/Windows/LiveCodingServer/Private/External/LC_DuplexPipeServer.h,2,0,2
/media/ullmann/HDDGabriel/engines/UnrealEngine/Engine/Source/ThirdParty/Imath/Imath-3.1.3/src/python/PyImath/PyImathMatrix44.cpp,0,7,7
/media/ullmann/HDDGabriel/engines/UnrealEngine/Engine/Source/ThirdParty/Imath/Imath-3.1.3/src/python/PyImath/PyImathVec.h,15,2,17
/media/ullmann/HDDGabriel/engines/UnrealEngine/Engine/Source/ThirdParty/ICU/icu4c-64_1/source/test/intltest/itspoof.h,2,1,3
/media/ullmann/HDDGabriel/engines/UnrealEngine/Engine/Source/ThirdParty/FreeType2/FreeType2-2.10.0/src/sfnt/ttcmap.c,1,5,6
/media/ullmann/HDDGabriel/engines/UnrealEngine/Engine/Source/ThirdParty/FreeType2/FreeType2-2.10.0/src/sfnt/ttcmap.h,3,0,3
/media/ullmann/HDDGabriel/engines/UnrealEngine/Engine/Source/ThirdParty/WebRTC/4147/Include/base/file_version_info_win.h,0,1,1
/media/ullmann/HDDGabriel/engines/UnrealEngine/Engine/Source/ThirdParty/ShaderConductor/ShaderConductor/External/DirectXShaderCompiler/lib/DxilDia/DxilDiaSession.cpp,0,8,8
/media/ullmann/HDDGabriel/engines/UnrealEngine/Engine/Source/ThirdParty/ShaderConductor/ShaderConductor/External/DirectXShaderCompiler/lib/DxilDia/DxilDia.h,14,0,14
/media/ullmann/HDDGabriel/engines/UnrealEngine/Engine/Source/ThirdParty/libOpus/opus-1.0.3/silk/LPC_inv_pred_gain.c,0,1,1
/media/ullmann/HDDGabriel/engines/UnrealEngine/Engine/Source/ThirdParty/libOpus/opus-1.0.3/silk/SigProc_FIX.h,28,6,34
/media/ullmann/HDDGabriel/engines/UnrealEngine/Engine/Source/ThirdParty/PhysX3/PhysX_3.4/Source/LowLevelDynamics/src/DyArticulationHelper.cpp,0,8,8
/media/ullmann/HDDGabriel/engines/UnrealEngine/Engine/Source/ThirdParty/PhysX3/PhysX_3.4/Source/LowLevelDynamics/src/DySolverConstraintDesc.h,20,1,21
/media/ullmann/HDDGabriel/engines/UnrealEngine/Engine/Source/ThirdParty/SDL2/SDL-gui-backend/src/render/vitagxm/SDL_render_vita_gxm_tools.c,0,6,6
/media/ullmann/HDDGabriel/engines/UnrealEngine/Engine/Source/ThirdParty/SDL2/SDL-gui-backend/src/render/vitagxm/SDL_render_vita_gxm_shaders.h,1,0,1
/media/ullmann/HDDGabriel/engines/UnrealEngine/Engine/Source/ThirdParty/ICU/icu4c-64_1/source/i18n/quantityformatter.cpp,0,9,9
/media/ullmann/HDDGabriel/engines/UnrealEngine/Engine/Source/ThirdParty/ICU/icu4c-64_1/source/i18n/number_stringbuilder.h,11,3,14
/media/ullmann/HDDGabriel/engines/UnrealEngine/Engine/Source/ThirdParty/ICU/icu4c-53_1/source/i18n/tznames_impl.cpp,0,5,5
/media/ullmann/HDDGabriel/engines/UnrealEngine/Engine/Source/ThirdParty/ICU/icu4c-53_1/source/i18n/zonemeta.h,6,0,6
/media/ullmann/HDDGabriel/engines/UnrealEngine/Engine/Source/ThirdParty/Python3/Win64/include/Python.h,0,74,74
/media/ullmann/HDDGabriel/engines/UnrealEngine/Engine/Source/ThirdParty/Python3/Win64/include/pydebug.h,1,0,1
/media/ullmann/HDDGabriel/engines/UnrealEngine/Engine/Source/ThirdParty/ShaderConductor/ShaderConductor/External/DirectXShaderCompiler/tools/llvm-cov/CodeCoverage.cpp,0,5,5
/media/ullmann/HDDGabriel/engines/UnrealEngine/Engine/Source/ThirdParty/ShaderConductor/ShaderConductor/External/DirectXShaderCompiler/tools/llvm-cov/RenderingSupport.h,3,0,3
/media/ullmann/HDDGabriel/engines/UnrealEngine/Engine/Source/ThirdParty/Intel/Embree/Embree2140/src/common/tasking/taskschedulerinternal.h,2,9,11
/media/ullmann/HDDGabriel/engines/UnrealEngine/Engine/Source/ThirdParty/Intel/Embree/Embree2140/src/common/sys/condition.h,5,1,6
/media/ullmann/HDDGabriel/engines/UnrealEngine/Engine/Source/ThirdParty/OpenSubdiv/OpenSubdiv-3.4.4/opensubdiv/hbr/faceEdit.h,0,2,2
/media/ullmann/HDDGabriel/engines/UnrealEngine/Engine/Source/ThirdParty/ICU/icu4c-53_1/source/i18n/measure.cpp,0,2,2
/media/ullmann/HDDGabriel/engines/UnrealEngine/Engine/Source/ThirdParty/ICU/icu4c-53_1/source/i18n/unicode/measunit.h,2,0,2
/media/ullmann/HDDGabriel/engines/UnrealEngine/Engine/Source/Runtime/Core/Public/Containers/ArrayView.h,2,0,2
/media/ullmann/HDDGabriel/engines/UnrealEngine/Engine/Source/Editor/Kismet/Private/BlueprintEditor.cpp,0,12,12
/media/ullmann/HDDGabriel/engines/UnrealEngine/Engine/Source/Editor/Kismet/Private/SBlueprintPalette.h,6,0,6
/media/ullmann/HDDGabriel/engines/UnrealEngine/Engine/Source/Editor/DetailCustomizations/Private/DetailCustomizations.cpp,0,131,131
/media/ullmann/HDDGabriel/engines/UnrealEngine/Engine/Source/Editor/DetailCustomizations/Private/ParticleSysParamStructCustomization.h,2,0,2
/media/ullmann/HDDGabriel/engines/UnrealEngine/Engine/Source/ThirdParty/Intel/TBB/IntelTBB-2019u8/src/tbb/tbb_main.cpp,1,5,6
/media/ullmann/HDDGabriel/engines/UnrealEngine/Engine/Source/ThirdParty/Intel/TBB/IntelTBB-2019u8/src/tbb/tbb_main.h,4,2,6
/media/ullmann/HDDGabriel/engines/UnrealEngine/Engine/Source/ThirdParty/llvm/8/include/llvm/DebugInfo/PDB/DIA/DIAFrameData.h,0,1,1
/media/ullmann/HDDGabriel/engines/UnrealEngine/Engine/Source/ThirdParty/llvm/8/include/llvm/DebugInfo/PDB/DIA/DIASupport.h,17,0,17
/media/ullmann/HDDGabriel/engines/UnrealEngine/Engine/Source/ThirdParty/ICU/icu4c-64_1/source/common/rbbiscan.h,2,10,12
/media/ullmann/HDDGabriel/engines/UnrealEngine/Engine/Source/ThirdParty/ICU/icu4c-64_1/source/common/unicode/symtable.h,5,0,5
/media/ullmann/HDDGabriel/engines/UnrealEngine/Engine/Source/ThirdParty/Crunch/src/crnlib/crn_dds_comp.h,3,3,6
/media/ullmann/HDDGabriel/engines/UnrealEngine/Engine/Source/ThirdParty/Crunch/src/crnlib/crn_texture_comp.h,5,1,6
/media/ullmann/HDDGabriel/engines/UnrealEngine/Engine/Source/Editor/UnrealEd/Public/UnrealEd.h,0,29,29
/media/ullmann/HDDGabriel/engines/UnrealEngine/Engine/Source/Editor/UnrealEd/Public/FileHelpers.h,2,1,3
/media/ullmann/HDDGabriel/engines/UnrealEngine/Engine/Source/ThirdParty/ICU/icu4c-53_1/source/tools/toolutil/pkg_icu.cpp,0,5,5
/media/ullmann/HDDGabriel/engines/UnrealEngine/Engine/Source/ThirdParty/ICU/icu4c-53_1/source/tools/toolutil/pkg_icu.h,1,0,1
/media/ullmann/HDDGabriel/engines/UnrealEngine/Engine/Source/Editor/PListEditor/Private/SPlistEditor.cpp,0,5,5
/media/ullmann/HDDGabriel/engines/UnrealEngine/Engine/Source/Editor/PListEditor/Private/PListNodeString.h,2,1,3
/media/ullmann/HDDGabriel/engines/UnrealEngine/Engine/Source/ThirdParty/hlslcc/hlslcc/src/hlslcc_lib/strtod.cpp,0,1,1
/media/ullmann/HDDGabriel/engines/UnrealEngine/Engine/Source/ThirdParty/hlslcc/hlslcc/src/hlslcc_lib/strtod.h,1,0,1
/media/ullmann/HDDGabriel/engines/UnrealEngine/Engine/Source/ThirdParty/Boost/boost-1_70_0/include/boost/polygon/rectangle_concept.hpp,5,9,14
/media/ullmann/HDDGabriel/engines/UnrealEngine/Engine/Source/ThirdParty/PhysX3/PhysX_3.4/Source/PhysXCooking/src/convex/ConvexMeshBuilder.cpp,0,4,4
/media/ullmann/HDDGabriel/engines/UnrealEngine/Engine/Source/ThirdParty/PhysX3/PhysX_3.4/Source/PhysXCooking/src/convex/ConvexMeshBuilder.h,1,1,2
/media/ullmann/HDDGabriel/engines/UnrealEngine/Engine/Source/ThirdParty/ICU/icu4c-53_1/source/tools/toolutil/pkg_genc.c,0,4,4
/media/ullmann/HDDGabriel/engines/UnrealEngine/Engine/Source/ThirdParty/ICU/icu4c-53_1/source/tools/toolutil/toolutil.h,7,0,7
/media/ullmann/HDDGabriel/engines/UnrealEngine/Engine/Source/ThirdParty/PhysX3/APEX_1.4/module/destructible_legacy/include/autogen/DestructibleAssetParameters_0p11.h,1,0,1
/media/ullmann/HDDGabriel/engines/UnrealEngine/Engine/Source/ThirdParty/Boost/boost-1_70_0/include/boost/polygon/interval_data.hpp,4,2,6
/media/ullmann/HDDGabriel/engines/UnrealEngine/Engine/Source/Editor/DetailCustomizations/Private/PoseAssetDetails.cpp,0,1,1
/media/ullmann/HDDGabriel/engines/UnrealEngine/Engine/Source/Editor/DetailCustomizations/Private/PoseAssetDetails.h,2,0,2
/media/ullmann/HDDGabriel/engines/UnrealEngine/Engine/Source/Runtime/Renderer/Private/SceneVisibility.cpp,0,17,17
/media/ullmann/HDDGabriel/engines/UnrealEngine/Engine/Source/Runtime/Renderer/Private/TranslucentRendering.h,15,3,18
/media/ullmann/HDDGabriel/engines/UnrealEngine/Engine/Source/Editor/IntroTutorials/Private/STutorialEditableText.cpp,0,3,3
/media/ullmann/HDDGabriel/engines/UnrealEngine/Engine/Source/Editor/IntroTutorials/Private/TutorialImageDecorator.h,3,0,3
/media/ullmann/HDDGabriel/engines/UnrealEngine/Engine/Source/ThirdParty/SDL2/SDL-gui-backend/src/video/uikit/SDL_uikitvulkan.h,0,3,3
/media/ullmann/HDDGabriel/engines/UnrealEngine/Engine/Source/ThirdParty/Intel/Embree/Embree270/src/kernels/common/subdiv/catmullclark_patch.h,7,2,9
/media/ullmann/HDDGabriel/engines/UnrealEngine/Engine/Source/Programs/Enterprise/Datasmith/DatasmithSketchUpRubyExporter/Private/DatasmithSketchUpString.cpp,0,1,1
/media/ullmann/HDDGabriel/engines/UnrealEngine/Engine/Source/Programs/Enterprise/Datasmith/DatasmithSketchUpRubyExporter/Private/DatasmithSketchUpString.h,10,2,12
/media/ullmann/HDDGabriel/engines/UnrealEngine/Engine/Source/ThirdParty/coremod/coremod-4.2.6/src/effects.c,0,6,6
/media/ullmann/HDDGabriel/engines/UnrealEngine/Engine/Source/ThirdParty/coremod/coremod-4.2.6/src/mixer.h,8,0,8
/media/ullmann/HDDGabriel/engines/UnrealEngine/Engine/Source/Editor/BlueprintGraph/Private/K2Node_MathExpression.cpp,0,1,1
/media/ullmann/HDDGabriel/engines/UnrealEngine/Engine/Source/ThirdParty/OpenVDB/openvdb-8.1.0/openvdb_ax/openvdb_ax/test/frontend/TestLocalNode.cc,0,1,1
/media/ullmann/HDDGabriel/engines/UnrealEngine/Engine/Source/ThirdParty/OpenVDB/openvdb-8.1.0/openvdb_ax/openvdb_ax/test/util.h,34,0,34
/media/ullmann/HDDGabriel/engines/UnrealEngine/Engine/Source/Programs/Enterprise/Datasmith/DatasmithARCHICADExporter/Private/Palette.cpp,0,7,7
/media/ullmann/HDDGabriel/engines/UnrealEngine/Engine/Source/Programs/Enterprise/Datasmith/DatasmithARCHICADExporter/Private/Utils/TAssValueName.h,10,1,11
/media/ullmann/HDDGabriel/engines/UnrealEngine/Engine/Source/Editor/PropertyEditor/Private/PropertyEditorHelpers.cpp,0,18,18
/media/ullmann/HDDGabriel/engines/UnrealEngine/Engine/Source/Editor/PropertyEditor/Private/UserInterface/PropertyEditor/SPropertyEditorTitle.h,1,0,1
/media/ullmann/HDDGabriel/engines/UnrealEngine/Engine/Source/ThirdParty/hlslcc/hlslcc/src/hlslcc_lib/hlslcc.cpp,0,14,14
/media/ullmann/HDDGabriel/engines/UnrealEngine/Engine/Source/ThirdParty/hlslcc/hlslcc/src/hlslcc_lib/ir_track_image_access.h,1,0,1
/media/ullmann/HDDGabriel/engines/UnrealEngine/Engine/Source/ThirdParty/SDL2/SDL-gui-backend/src/haptic/windows/SDL_dinputhaptic.c,0,5,5
/media/ullmann/HDDGabriel/engines/UnrealEngine/Engine/Source/ThirdParty/CryptoPP/5.6.2/include/zlib.cpp,0,4,4
/media/ullmann/HDDGabriel/engines/UnrealEngine/Engine/Source/ThirdParty/CryptoPP/5.6.2/include/zlib.h,1,3,4
/media/ullmann/HDDGabriel/engines/UnrealEngine/Engine/Source/ThirdParty/Intel/Embree/Embree270/src/kernels/xeon/bvh4/bvh4_intersector8_hybrid.h,1,3,4
/media/ullmann/HDDGabriel/engines/UnrealEngine/Engine/Source/ThirdParty/Intel/Embree/Embree270/src/kernels/common/ray8.h,9,1,10
/media/ullmann/HDDGabriel/engines/UnrealEngine/Engine/Source/Editor/ContentBrowser/Private/PathViewTypes.cpp,0,1,1
/media/ullmann/HDDGabriel/engines/UnrealEngine/Engine/Source/Editor/ContentBrowser/Private/PathViewTypes.h,4,0,4
/media/ullmann/HDDGabriel/engines/UnrealEngine/Engine/Source/ThirdParty/Oculus/LibOVRPlatform/LibOVRPlatform/include/OVR_RichPresenceOptions.h,2,3,5
/media/ullmann/HDDGabriel/engines/UnrealEngine/Engine/Source/ThirdParty/Oculus/LibOVRPlatform/LibOVRPlatform/include/OVR_RichPresenceExtraContext.h,1,1,2
/media/ullmann/HDDGabriel/engines/UnrealEngine/Engine/Source/Developer/AssetTools/Private/AssetTypeActions/AssetTypeActions_AimOffset1D.h,1,0,1
/media/ullmann/HDDGabriel/engines/UnrealEngine/Engine/Source/Runtime/Renderer/Private/TranslucentLighting.cpp,0,13,13
/media/ullmann/HDDGabriel/engines/UnrealEngine/Engine/Source/ThirdParty/ShaderConductor/ShaderConductor/External/DirectXShaderCompiler/tools/clang/lib/Sema/SemaExprCXX.cpp,0,2,2
/media/ullmann/HDDGabriel/engines/UnrealEngine/Engine/Source/ThirdParty/ShaderConductor/ShaderConductor/External/DirectXShaderCompiler/tools/clang/lib/Sema/TreeTransform.h,6,1,7
/media/ullmann/HDDGabriel/engines/UnrealEngine/Engine/Source/ThirdParty/PhysX3/PhysX_3.4/Source/GeomUtils/src/sweep/GuSweepBoxTriangle_FeatureBased.cpp,0,2,2
/media/ullmann/HDDGabriel/engines/UnrealEngine/Engine/Source/ThirdParty/PhysX3/PhysX_3.4/Source/GeomUtils/src/sweep/GuSweepTriangleUtils.h,4,0,4
/media/ullmann/HDDGabriel/engines/UnrealEngine/Engine/Source/ThirdParty/Android/libunwind/libunwind/src/ptrace/_UPT_access_reg.c,0,1,1
/media/ullmann/HDDGabriel/engines/UnrealEngine/Engine/Source/ThirdParty/Android/libunwind/libunwind/src/ptrace/_UPT_internal.h,12,0,12
/media/ullmann/HDDGabriel/engines/UnrealEngine/Engine/Source/ThirdParty/ICU/icu4c-64_1/source/common/ucurr.cpp,0,25,25
/media/ullmann/HDDGabriel/engines/UnrealEngine/Engine/Source/ThirdParty/ICU/icu4c-64_1/source/common/unicode/utf16.h,49,0,49
/media/ullmann/HDDGabriel/engines/UnrealEngine/Engine/Source/ThirdParty/SDL2/SDL-gui-backend/src/video/wayland/SDL_waylandopengles.c,0,8,8
/media/ullmann/HDDGabriel/engines/UnrealEngine/Engine/Source/ThirdParty/SDL2/SDL-gui-backend/src/video/wayland/SDL_waylandwindow.h,7,4,11
/media/ullmann/HDDGabriel/engines/UnrealEngine/Engine/Source/ThirdParty/PhysX3/APEX_1.4/shared/general/meshimport/include/utils/MiVector.h,1,1,2
/media/ullmann/HDDGabriel/engines/UnrealEngine/Engine/Source/ThirdParty/PhysX3/APEX_1.4/shared/general/meshimport/include/utils/MiPlatformConfig.h,11,2,13
/media/ullmann/HDDGabriel/engines/UnrealEngine/Engine/Source/ThirdParty/ICU/icu4c-64_1/source/i18n/number_rounding.cpp,0,5,5
/media/ullmann/HDDGabriel/engines/UnrealEngine/Engine/Source/ThirdParty/ICU/icu4c-64_1/source/i18n/number_decimalquantity.h,26,3,29
/media/ullmann/HDDGabriel/engines/UnrealEngine/Engine/Source/ThirdParty/libOpus/opus-1.3.1-12/include/opus_projection.h,0,1,1
/media/ullmann/HDDGabriel/engines/UnrealEngine/Engine/Source/ThirdParty/libOpus/opus-1.3.1-12/include/opus_multistream.h,1,1,2
/media/ullmann/HDDGabriel/engines/UnrealEngine/Engine/Source/ThirdParty/ICU/icu4c-53_1/source/common/ucat.c,0,4,4
/media/ullmann/HDDGabriel/engines/UnrealEngine/Engine/Source/ThirdParty/ICU/icu4c-53_1/source/common/unicode/ucat.h,1,0,1
/media/ullmann/HDDGabriel/engines/UnrealEngine/Engine/Source/ThirdParty/Intel/TBB/IntelTBB-2019u8/include/tbb/iterators.h,1,3,4
/media/ullmann/HDDGabriel/engines/UnrealEngine/Engine/Source/ThirdParty/Intel/TBB/IntelTBB-2019u8/include/tbb/tbb_stddef.h,36,1,37
/media/ullmann/HDDGabriel/engines/UnrealEngine/Engine/Source/ThirdParty/HarfBuzz/harfbuzz-1.2.4/src/hb-directwrite.h,1,1,2
/media/ullmann/HDDGabriel/engines/UnrealEngine/Engine/Source/ThirdParty/HarfBuzz/harfbuzz-1.2.4/src/hb.h,18,11,29
/media/ullmann/HDDGabriel/engines/UnrealEngine/Engine/Source/ThirdParty/Intel/Embree/Embree2140/src/kernels/builders/heuristic_binning.h,3,4,7
/media/ullmann/HDDGabriel/engines/UnrealEngine/Engine/Source/ThirdParty/Intel/Embree/Embree2140/src/kernels/builders/priminfo.h,5,1,6
/media/ullmann/HDDGabriel/engines/UnrealEngine/Engine/Source/ThirdParty/Intel/TBB/IntelTBB-2019u8/examples/parallel_for/tachyon/src/plane.cpp,0,7,7
/media/ullmann/HDDGabriel/engines/UnrealEngine/Engine/Source/Runtime/Online/BuildPatchServices/Private/BuildPatchInstaller.cpp,0,36,36
/media/ullmann/HDDGabriel/engines/UnrealEngine/Engine/Source/Runtime/Online/BuildPatchServices/Private/Installer/Statistics/FileOperationTracker.h,1,0,1
/media/ullmann/HDDGabriel/engines/UnrealEngine/Engine/Source/ThirdParty/FreeImage/FreeImage-3.18.0/Source/FreeImageToolkit/Resize.h,2,1,3
/media/ullmann/HDDGabriel/engines/UnrealEngine/Engine/Source/ThirdParty/FreeImage/FreeImage-3.18.0/Source/FreeImageToolkit/Filters.h,1,0,1
/media/ullmann/HDDGabriel/engines/UnrealEngine/Engine/Source/ThirdParty/Boost/boost-1_70_0/include/boost/outcome.hpp,0,3,3
/media/ullmann/HDDGabriel/engines/UnrealEngine/Engine/Source/ThirdParty/Boost/boost-1_70_0/include/boost/outcome/try.hpp,1,1,2
/media/ullmann/HDDGabriel/engines/UnrealEngine/Engine/Source/ThirdParty/Oculus/LibOVRPlatform/LibOVRPlatform/include/OVR_Room.h,7,10,17
/media/ullmann/HDDGabriel/engines/UnrealEngine/Engine/Source/ThirdParty/SDL2/SDL-gui-backend/src/video/winrt/SDL_winrtmouse.cpp,0,7,7
/media/ullmann/HDDGabriel/engines/UnrealEngine/Engine/Source/ThirdParty/SDL2/SDL-gui-backend/src/events/SDL_touch_c.h,14,2,16
/media/ullmann/HDDGabriel/engines/UnrealEngine/Engine/Source/ThirdParty/libcurl/include/Linux/x86_64-unknown-linux-gnu/curl/multi.h,1,1,2
/media/ullmann/HDDGabriel/engines/UnrealEngine/Engine/Source/ThirdParty/libcurl/include/Linux/x86_64-unknown-linux-gnu/curl/curl.h,3,6,9
/media/ullmann/HDDGabriel/engines/UnrealEngine/Engine/Source/ThirdParty/SDL2/SDL-gui-backend/src/audio/wasapi/SDL_wasapi_winrt.cpp,0,5,5
/media/ullmann/HDDGabriel/engines/UnrealEngine/Engine/Source/ThirdParty/SDL2/SDL-gui-backend/src/audio/wasapi/SDL_wasapi.h,3,2,5
/media/ullmann/HDDGabriel/engines/UnrealEngine/Engine/Source/ThirdParty/OpenSubdiv/OpenSubdiv-3.4.4/opensubdiv/osd/mtlLegacyGregoryPatchTable.h,0,4,4
/media/ullmann/HDDGabriel/engines/UnrealEngine/Engine/Source/ThirdParty/OpenSubdiv/OpenSubdiv-3.4.4/opensubdiv/far/patchTable.h,13,5,18
/media/ullmann/HDDGabriel/engines/UnrealEngine/Engine/Source/ThirdParty/ICU/icu4c-64_1/source/i18n/plurrule.cpp,0,8,8
/media/ullmann/HDDGabriel/engines/UnrealEngine/Engine/Source/ThirdParty/ICU/icu4c-64_1/source/i18n/ucln_in.h,37,0,37
/media/ullmann/HDDGabriel/engines/UnrealEngine/Engine/Source/Editor/LocalizationDashboard/Private/LocalizationDashboard.cpp,0,3,3
/media/ullmann/HDDGabriel/engines/UnrealEngine/Engine/Source/Editor/LocalizationDashboard/Private/LocalizationDashboardSettings.h,2,0,2
/media/ullmann/HDDGabriel/engines/UnrealEngine/Engine/Source/ThirdParty/FreeType2/FreeType2-2.4.12/src/raster/ftrend1.c,1,4,5
/media/ullmann/HDDGabriel/engines/UnrealEngine/Engine/Source/ThirdParty/FreeType2/FreeType2-2.4.12/src/raster/rastpic.h,3,0,3
/media/ullmann/HDDGabriel/engines/UnrealEngine/Engine/Source/ThirdParty/FreeType2/FreeType2-2.6/Src/autofit/afwrtsys.h,3,5,8
/media/ullmann/HDDGabriel/engines/UnrealEngine/Engine/Source/ThirdParty/FreeType2/FreeType2-2.6/Src/autofit/afcjk.h,3,2,5
/media/ullmann/HDDGabriel/engines/UnrealEngine/Engine/Source/Developer/TraceServices/Private/Modules/NetProfilerModule.cpp,0,1,1
/media/ullmann/HDDGabriel/engines/UnrealEngine/Engine/Source/Developer/TraceServices/Private/Modules/NetProfilerModule.h,2,0,2
/media/ullmann/HDDGabriel/engines/UnrealEngine/Engine/Source/Runtime/Core/Public/HAL/Event.h,2,0,2
/media/ullmann/HDDGabriel/engines/UnrealEngine/Engine/Source/ThirdParty/xxhash/tests/multiInclude.c,0,1,1
/media/ullmann/HDDGabriel/engines/UnrealEngine/Engine/Source/ThirdParty/xxhash/xxhash.h,8,0,8
/media/ullmann/HDDGabriel/engines/UnrealEngine/Engine/Source/ThirdParty/ICU/icu4c-64_1/source/i18n/collationcompare.cpp,0,5,5
/media/ullmann/HDDGabriel/engines/UnrealEngine/Engine/Source/ThirdParty/ICU/icu4c-64_1/source/i18n/unicode/ucol.h,19,0,19
/media/ullmann/HDDGabriel/engines/UnrealEngine/Engine/Source/ThirdParty/SDL2/SDL-gui-backend/src/video/dummy/SDL_nullevents.c,0,4,4
/media/ullmann/HDDGabriel/engines/UnrealEngine/Engine/Source/ThirdParty/SDL2/SDL-gui-backend/src/events/SDL_events_c.h,52,10,62
/media/ullmann/HDDGabriel/engines/UnrealEngine/Engine/Source/Runtime/Slate/Public/Widgets/Layout/SSeparator.h,3,0,3
/media/ullmann/HDDGabriel/engines/UnrealEngine/Engine/Source/ThirdParty/FreeImage/FreeImage-3.18.0/Source/OpenEXR/IlmImf/ImfGenericOutputFile.h,7,6,13
/media/ullmann/HDDGabriel/engines/UnrealEngine/Engine/Source/ThirdParty/FreeImage/FreeImage-3.18.0/Source/OpenEXR/IlmImf/ImfVersion.h,13,2,15
/media/ullmann/HDDGabriel/engines/UnrealEngine/Engine/Source/ThirdParty/PhysX3/APEX_1.4/shared/general/meshimport/src/MeshImport/ExportFBX.cpp,0,1,1
/media/ullmann/HDDGabriel/engines/UnrealEngine/Engine/Source/ThirdParty/PhysX3/APEX_1.4/shared/general/meshimport/src/MeshImport/ExportFBX.h,2,0,2
/media/ullmann/HDDGabriel/engines/UnrealEngine/Engine/Source/ThirdParty/Intel/Embree/Embree3122/Linux/x86_64-unknown-linux-gnu/include/embree3/rtcore_buffer.h,2,1,3
/media/ullmann/HDDGabriel/engines/UnrealEngine/Engine/Source/ThirdParty/Intel/Embree/Embree3122/Linux/x86_64-unknown-linux-gnu/include/embree3/rtcore_device.h,3,1,4
/media/ullmann/HDDGabriel/engines/UnrealEngine/Engine/Source/Runtime/UMG/Public/UMG.h,0,80,80
/media/ullmann/HDDGabriel/engines/UnrealEngine/Engine/Source/Runtime/UMG/Public/Components/InputKeySelector.h,1,0,1
/media/ullmann/HDDGabriel/engines/UnrealEngine/Engine/Source/ThirdParty/SDL2/SDL-gui-backend/src/video/x11/SDL_x11window.c,0,11,11
/media/ullmann/HDDGabriel/engines/UnrealEngine/Engine/Source/ThirdParty/SDL2/SDL-gui-backend/src/video/x11/SDL_x11video.h,17,13,30
/media/ullmann/HDDGabriel/engines/UnrealEngine/Engine/Source/ThirdParty/MCPP/mcpp-2.7.2/test-c/nest3.h,1,1,2
/media/ullmann/HDDGabriel/engines/UnrealEngine/Engine/Source/ThirdParty/MCPP/mcpp-2.7.2/test-c/nest4.h,1,1,2
/media/ullmann/HDDGabriel/engines/UnrealEngine/Engine/Source/ThirdParty/ICU/icu4c-53_1/source/layout/LEInsertionList.h,3,1,4
/media/ullmann/HDDGabriel/engines/UnrealEngine/Engine/Source/ThirdParty/FreeType2/FreeType2-2.10.4/src/sfnt/sfdriver.c,1,12,13
/media/ullmann/HDDGabriel/engines/UnrealEngine/Engine/Source/ThirdParty/FreeType2/FreeType2-2.10.4/src/sfnt/ttbdf.h,3,1,4
/media/ullmann/HDDGabriel/engines/UnrealEngine/Engine/Source/Editor/PhysicsAssetEditor/Private/PhysicsAssetEditorPhysicsHandleComponent.cpp,0,2,2
/media/ullmann/HDDGabriel/engines/UnrealEngine/Engine/Source/Editor/PhysicsAssetEditor/Private/PhysicsAssetEditorPhysicsHandleComponent.h,4,0,4
/media/ullmann/HDDGabriel/engines/UnrealEngine/Engine/Source/Editor/FoliageEdit/Private/FoliageTypeFactory.cpp,0,1,1
/media/ullmann/HDDGabriel/engines/UnrealEngine/Engine/Source/Editor/FoliageEdit/Private/FoliageTypeFactory.h,1,0,1
/media/ullmann/HDDGabriel/engines/UnrealEngine/Engine/Source/Developer/StandaloneRenderer/Private/OpenGL/SlateOpenGLShaders.h,0,1,1
/media/ullmann/HDDGabriel/engines/UnrealEngine/Engine/Source/Developer/StandaloneRenderer/Private/OpenGL/SlateOpenGLTextures.h,1,0,1
/media/ullmann/HDDGabriel/engines/UnrealEngine/Engine/Source/ThirdParty/CryptoPP/5.6.5/include/mqv.h,4,6,10
/media/ullmann/HDDGabriel/engines/UnrealEngine/Engine/Source/Developer/Windows/LiveCoding/Private/External/LC_Process.cpp,0,7,7
/media/ullmann/HDDGabriel/engines/UnrealEngine/Engine/Source/Developer/Windows/LiveCoding/Private/External/LC_WindowsInternalFunctions.h,2,2,4
/media/ullmann/HDDGabriel/engines/UnrealEngine/Engine/Source/Runtime/Sockets/Public/MultichannelTcpReceiver.h,2,2,4
/media/ullmann/HDDGabriel/engines/UnrealEngine/Engine/Source/Runtime/Sockets/Public/NetworkMessage.h,3,0,3
/media/ullmann/HDDGabriel/engines/UnrealEngine/Engine/Source/Editor/Sequencer/Private/SequencerNodeTree.cpp,0,11,11
/media/ullmann/HDDGabriel/engines/UnrealEngine/Engine/Source/Editor/Sequencer/Private/DisplayNodes/SequencerRootNode.h,1,0,1
/media/ullmann/HDDGabriel/engines/UnrealEngine/Engine/Source/ThirdParty/Imath/Imath-3.1.3/src/python/PyImath/imathmodule.cpp,0,20,20
/media/ullmann/HDDGabriel/engines/UnrealEngine/Engine/Source/ThirdParty/Imath/Imath-3.1.3/src/python/PyImath/PyImathAutovectorize.h,4,3,7
/media/ullmann/HDDGabriel/engines/UnrealEngine/Engine/Source/ThirdParty/Android/libunwind/libunwind/src/aarch64/Gstep.c,1,2,3
/media/ullmann/HDDGabriel/engines/UnrealEngine/Engine/Source/ThirdParty/Android/libunwind/libunwind/src/aarch64/offsets.h,2,0,2
/media/ullmann/HDDGabriel/engines/UnrealEngine/Engine/Source/Developer/TraceInsights/Private/Insights/ViewModels/Filters.cpp,0,1,1
/media/ullmann/HDDGabriel/engines/UnrealEngine/Engine/Source/Developer/TraceInsights/Private/Insights/ViewModels/Filters.h,1,0,1
/media/ullmann/HDDGabriel/engines/UnrealEngine/Engine/Source/ThirdParty/Alembic/alembic-1.8.2/bin/AbcStitcher/AbcStitcher.cpp,0,1,1
/media/ullmann/HDDGabriel/engines/UnrealEngine/Engine/Source/ThirdParty/Alembic/alembic-1.8.2/bin/AbcStitcher/util.h,2,0,2
/media/ullmann/HDDGabriel/engines/UnrealEngine/Engine/Source/ThirdParty/ICU/icu4c-64_1/source/common/ucnv_bld.cpp,0,21,21
/media/ullmann/HDDGabriel/engines/UnrealEngine/Engine/Source/ThirdParty/ICU/icu4c-64_1/source/common/umutex.h,38,4,42
/media/ullmann/HDDGabriel/engines/UnrealEngine/Engine/Source/ThirdParty/Intel/Embree/Embree270/src/kernels/xeon/geometry/instance_intersector1.cpp,0,1,1
/media/ullmann/HDDGabriel/engines/UnrealEngine/Engine/Source/ThirdParty/Intel/Embree/Embree270/src/kernels/xeon/geometry/instance_intersector1.h,1,2,3
/media/ullmann/HDDGabriel/engines/UnrealEngine/Engine/Source/ThirdParty/FreeType2/FreeType2-2.4.12/src/autofit/aflatin2.c,1,5,6
/media/ullmann/HDDGabriel/engines/UnrealEngine/Engine/Source/ThirdParty/FreeType2/FreeType2-2.4.12/src/autofit/aferrors.h,10,0,10
/media/ullmann/HDDGabriel/engines/UnrealEngine/Engine/Source/Runtime/Renderer/Private/SceneCore.cpp,0,8,8
/media/ullmann/HDDGabriel/engines/UnrealEngine/Engine/Source/Runtime/Renderer/Private/VelocityRendering.h,8,1,9
/media/ullmann/HDDGabriel/engines/UnrealEngine/Engine/Source/Runtime/ImageWrapper/Private/TgaImageSupport.cpp,0,1,1
/media/ullmann/HDDGabriel/engines/UnrealEngine/Engine/Source/Runtime/ImageWrapper/Private/ImageWrapperPrivate.h,2,0,2
/media/ullmann/HDDGabriel/engines/UnrealEngine/Engine/Source/ThirdParty/SDL2/SDL-gui-backend/src/core/winrt/SDL_winrtapp_direct3d.cpp,0,12,12
/media/ullmann/HDDGabriel/engines/UnrealEngine/Engine/Source/ThirdParty/CryptoPP/5.6.5/include/ecp.h,5,7,12
/media/ullmann/HDDGabriel/engines/UnrealEngine/Engine/Source/Developer/AssetTools/Private/AssetTypeActions/AssetTypeActions_CompositeDataTable.h,1,1,2
/media/ullmann/HDDGabriel/engines/UnrealEngine/Engine/Source/Developer/AssetTools/Private/AssetTypeActions/AssetTypeActions_DataTable.h,3,0,3
/media/ullmann/HDDGabriel/engines/UnrealEngine/Engine/Source/Runtime/Engine/Public/SoundDefinitions.h,0,16,16
/media/ullmann/HDDGabriel/engines/UnrealEngine/Engine/Source/Runtime/Engine/Public/AudioDevice.h,1,7,8
/media/ullmann/HDDGabriel/engines/UnrealEngine/Engine/Source/ThirdParty/FreeType2/FreeType2-2.10.0/src/autofit/aflatin2.c,1,5,6
/media/ullmann/HDDGabriel/engines/UnrealEngine/Engine/Source/ThirdParty/FreeType2/FreeType2-2.10.0/src/autofit/aferrors.h,9,0,9
/media/ullmann/HDDGabriel/engines/UnrealEngine/Engine/Source/Developer/DerivedDataCache/Private/DerivedDataCacheModule.cpp,0,2,2
/media/ullmann/HDDGabriel/engines/UnrealEngine/Engine/Source/Developer/DerivedDataCache/Private/DerivedDataBuildPrivate.h,11,0,11
/media/ullmann/HDDGabriel/engines/UnrealEngine/Engine/Source/ThirdParty/ICU/icu4c-53_1/source/layout/MultipleSubstSubtables.h,2,5,7
/media/ullmann/HDDGabriel/engines/UnrealEngine/Engine/Source/ThirdParty/ICU/icu4c-53_1/source/layout/OpenTypeTables.h,75,2,77
/media/ullmann/HDDGabriel/engines/UnrealEngine/Engine/Source/ThirdParty/Intel/Embree/Embree2140/src/kernels/geometry/triangle_intersector_moeller.h,5,2,7
/media/ullmann/HDDGabriel/engines/UnrealEngine/Engine/Source/ThirdParty/CryptoPP/5.6.5/include/luc.h,3,8,11
/media/ullmann/HDDGabriel/engines/UnrealEngine/Engine/Source/ThirdParty/CryptoPP/5.6.5/include/dh.h,7,3,10
/media/ullmann/HDDGabriel/engines/UnrealEngine/Engine/Source/Runtime/SlateCore/Private/Debugging/ConsoleSlateDebuggerPaint.cpp,0,2,2
/media/ullmann/HDDGabriel/engines/UnrealEngine/Engine/Source/Runtime/SlateCore/Private/Debugging/ConsoleSlateDebuggerPaint.h,2,0,2
/media/ullmann/HDDGabriel/engines/UnrealEngine/Engine/Source/ThirdParty/ICU/icu4c-64_1/source/common/brkiter.cpp,0,16,16
/media/ullmann/HDDGabriel/engines/UnrealEngine/Engine/Source/ThirdParty/ICU/icu4c-64_1/source/common/unicode/brkiter.h,14,0,14
/media/ullmann/HDDGabriel/engines/UnrealEngine/Engine/Source/ThirdParty/libOpus/opus-1.3.1-12/silk/init_decoder.c,0,1,1
/media/ullmann/HDDGabriel/engines/UnrealEngine/Engine/Source/ThirdParty/ICU/icu4c-64_1/source/common/resbund.cpp,0,6,6
/media/ullmann/HDDGabriel/engines/UnrealEngine/Engine/Source/ThirdParty/ICU/icu4c-64_1/source/common/uresimp.h,20,3,23
/media/ullmann/HDDGabriel/engines/UnrealEngine/Engine/Source/ThirdParty/SDL2/SDL-gui-backend/src/video/vivante/SDL_vivantevideo.c,0,8,8
/media/ullmann/HDDGabriel/engines/UnrealEngine/Engine/Source/ThirdParty/SDL2/SDL-gui-backend/include/SDL_rwops.h,5,4,9
/media/ullmann/HDDGabriel/engines/UnrealEngine/Engine/Source/ThirdParty/Imath/Imath-3.1.3/src/python/PyImath/PyImathColor4ArrayImpl.h,1,3,4
/media/ullmann/HDDGabriel/engines/UnrealEngine/Engine/Source/ThirdParty/FreeImage/FreeImage-3.18.0/Source/OpenEXR/IlmImf/ImfB44Compressor.h,2,4,6
/media/ullmann/HDDGabriel/engines/UnrealEngine/Engine/Source/Runtime/Online/XMPP/Public/XmppChat.h,2,1,3
/media/ullmann/HDDGabriel/engines/UnrealEngine/Engine/Source/Runtime/Online/XMPP/Public/XmppConnection.h,7,0,7
/media/ullmann/HDDGabriel/engines/UnrealEngine/Engine/Source/ThirdParty/ICU/icu4c-64_1/source/test/cintltst/cnmdptst.h,1,1,2
/media/ullmann/HDDGabriel/engines/UnrealEngine/Engine/Source/ThirdParty/ICU/icu4c-53_1/source/common/unistr_titlecase_brkiter.cpp,0,7,7
/media/ullmann/HDDGabriel/engines/UnrealEngine/Engine/Source/ThirdParty/FreeType2/FreeType2-2.4.12/src/winfonts/winfnt.c,0,2,2
/media/ullmann/HDDGabriel/engines/UnrealEngine/Engine/Source/ThirdParty/FreeType2/FreeType2-2.4.12/src/winfonts/winfnt.h,1,0,1
/media/ullmann/HDDGabriel/engines/UnrealEngine/Engine/Source/Runtime/Online/HTTPServer/Private/HttpRequestHandlerIterator.h,3,1,4
/media/ullmann/HDDGabriel/engines/UnrealEngine/Engine/Source/Runtime/Online/HTTPServer/Private/HttpRequestHandlerRegistrar.h,3,0,3
/media/ullmann/HDDGabriel/engines/UnrealEngine/Engine/Source/ThirdParty/rpclib/Source/include/rpc/msgpack/type.hpp,0,44,44
/media/ullmann/HDDGabriel/engines/UnrealEngine/Engine/Source/ThirdParty/rpclib/Source/include/rpc/msgpack/adaptor/boost/fusion.hpp,1,0,1
/media/ullmann/HDDGabriel/engines/UnrealEngine/Engine/Source/Runtime/Engine/Public/AudioDeviceManager.h,2,1,3
/media/ullmann/HDDGabriel/engines/UnrealEngine/Engine/Source/ThirdParty/ICU/icu4c-53_1/source/layout/TrimmedArrayProcessor2.cpp,0,8,8
/media/ullmann/HDDGabriel/engines/UnrealEngine/Engine/Source/ThirdParty/ICU/icu4c-53_1/source/layout/NonContextualGlyphSubst.h,24,4,28
/media/ullmann/HDDGabriel/engines/UnrealEngine/Engine/Source/ThirdParty/FreeType2/FreeType2-2.10.0/src/gxvalid/gxvmort.h,7,2,9
/media/ullmann/HDDGabriel/engines/UnrealEngine/Engine/Source/ThirdParty/ICU/icu4c-53_1/source/common/ucnvlat1.c,0,6,6
/media/ullmann/HDDGabriel/engines/UnrealEngine/Engine/Source/ThirdParty/Oculus/LibOVRPlatform/LibOVRPlatform/include/OVR_Types.h,57,4,61
/media/ullmann/HDDGabriel/engines/UnrealEngine/Engine/Source/ThirdParty/PhysX3/NvCloth/src/SwCollision.cpp,0,7,7
/media/ullmann/HDDGabriel/engines/UnrealEngine/Engine/Source/ThirdParty/PhysX3/NvCloth/src/SwClothData.h,5,0,5
/media/ullmann/HDDGabriel/engines/UnrealEngine/Engine/Source/ThirdParty/ICU/icu4c-64_1/source/i18n/windtfmt.cpp,0,9,9
/media/ullmann/HDDGabriel/engines/UnrealEngine/Engine/Source/ThirdParty/ICU/icu4c-64_1/source/i18n/unicode/datefmt.h,11,0,11
/media/ullmann/HDDGabriel/engines/UnrealEngine/Engine/Source/ThirdParty/ICU/icu4c-53_1/source/common/resbund.cpp,0,6,6
/media/ullmann/HDDGabriel/engines/UnrealEngine/Engine/Source/ThirdParty/ICU/icu4c-53_1/source/common/umutex.h,29,3,32
/media/ullmann/HDDGabriel/engines/UnrealEngine/Engine/Source/ThirdParty/Python3/Linux/include/python3.9/tracemalloc.h,1,0,1
/media/ullmann/HDDGabriel/engines/UnrealEngine/Engine/Source/ThirdParty/Android/libunwind/libunwind/src/arm/Linit.c,0,1,1
/media/ullmann/HDDGabriel/engines/UnrealEngine/Engine/Source/ThirdParty/Android/libunwind/libunwind/src/arm/Ginit.c,1,1,2
/media/ullmann/HDDGabriel/engines/UnrealEngine/Engine/Source/Runtime/Core/Public/HAL/PlatformMath.h,3,0,3
/media/ullmann/HDDGabriel/engines/UnrealEngine/Engine/Source/ThirdParty/SDL2/SDL-gui-backend/src/video/wayland/SDL_waylandkeyboard.c,0,4,4
/media/ullmann/HDDGabriel/engines/UnrealEngine/Engine/Source/ThirdParty/PhysX3/APEX_1.4/shared/internal/include/authoring/ApexCSGDefs.h,0,1,1
/media/ullmann/HDDGabriel/engines/UnrealEngine/Engine/Source/ThirdParty/PhysX3/APEX_1.4/shared/internal/include/authoring/ApexGSA.h,1,1,2
/media/ullmann/HDDGabriel/engines/UnrealEngine/Engine/Source/ThirdParty/FreeType2/FreeType2-2.4.12/src/cff/cffload.c,1,3,4
/media/ullmann/HDDGabriel/engines/UnrealEngine/Engine/Source/ThirdParty/FreeType2/FreeType2-2.4.12/src/cff/cffload.h,5,1,6
/media/ullmann/HDDGabriel/engines/UnrealEngine/Engine/Source/ThirdParty/Intel/TBB/IntelTBB-2019u8/examples/parallel_for/tachyon/src/render.cpp,0,13,13
/media/ullmann/HDDGabriel/engines/UnrealEngine/Engine/Source/Programs/UnrealHeaderTool/Private/IScriptGeneratorPluginInterface.cpp,0,2,2
/media/ullmann/HDDGabriel/engines/UnrealEngine/Engine/Source/Programs/UnrealHeaderTool/Private/UnrealHeaderTool.h,15,0,15
/media/ullmann/HDDGabriel/engines/UnrealEngine/Engine/Source/ThirdParty/ICU/icu4c-64_1/source/i18n/reldatefmt.cpp,0,18,18
/media/ullmann/HDDGabriel/engines/UnrealEngine/Engine/Source/ThirdParty/ICU/icu4c-64_1/source/i18n/sharednumberformat.h,4,0,4
/media/ullmann/HDDGabriel/engines/UnrealEngine/Engine/Source/ThirdParty/ICU/icu4c-64_1/source/i18n/dtptngen.cpp,0,9,9
/media/ullmann/HDDGabriel/engines/UnrealEngine/Engine/Source/ThirdParty/SpeedTree/SpeedTreeSDK-v7.0/Include/Core/Set.h,0,5,5
/media/ullmann/HDDGabriel/engines/UnrealEngine/Engine/Source/ThirdParty/SpeedTree/SpeedTreeSDK-v7.0/Include/Core/BlockPool.h,2,0,2
/media/ullmann/HDDGabriel/engines/UnrealEngine/Engine/Source/ThirdParty/FreeType2/FreeType2-2.4.12/src/cache/ftcmanag.h,5,2,7
/media/ullmann/HDDGabriel/engines/UnrealEngine/Engine/Source/ThirdParty/FreeType2/FreeType2-2.4.12/src/cache/ftccache.h,1,1,2
/media/ullmann/HDDGabriel/engines/UnrealEngine/Engine/Source/ThirdParty/Intel/Embree/Embree270/src/kernels/common/device.cpp,0,11,11
/media/ullmann/HDDGabriel/engines/UnrealEngine/Engine/Source/ThirdParty/Intel/Embree/Embree270/src/kernels/common/scene_instance.h,9,1,10
/media/ullmann/HDDGabriel/engines/UnrealEngine/Engine/Source/ThirdParty/PhysX3/PxShared/src/pvd/src/PxProfileEventSystem.h,2,4,6
/media/ullmann/HDDGabriel/engines/UnrealEngine/Engine/Source/ThirdParty/PhysX3/PxShared/src/pvd/src/PxProfileEventSender.h,5,1,6
/media/ullmann/HDDGabriel/engines/UnrealEngine/Engine/Source/ThirdParty/ICU/icu4c-53_1/source/common/usprep.cpp,0,15,15
/media/ullmann/HDDGabriel/engines/UnrealEngine/Engine/Source/ThirdParty/Android/libunwind/libunwind/src/arm/Linit_remote.c,0,1,1
/media/ullmann/HDDGabriel/engines/UnrealEngine/Engine/Source/ThirdParty/Android/libunwind/libunwind/src/arm/Ginit_remote.c,1,2,3
/media/ullmann/HDDGabriel/engines/UnrealEngine/Engine/Source/ThirdParty/Intel/Embree/Embree270/src/kernels/xeon/bvh4/bvh4_intersector16_chunk.cpp,0,14,14
/media/ullmann/HDDGabriel/engines/UnrealEngine/Engine/Source/ThirdParty/Intel/Embree/Embree270/src/kernels/xeon/geometry/triangle4v_mb.h,7,1,8
/media/ullmann/HDDGabriel/engines/UnrealEngine/Engine/Source/ThirdParty/CryptoPP/5.6.5/include/keccak.h,2,2,4
/media/ullmann/HDDGabriel/engines/UnrealEngine/Engine/Source/ThirdParty/CryptoPP/5.6.5/include/secblock.h,73,3,76
/media/ullmann/HDDGabriel/engines/UnrealEngine/Engine/Source/ThirdParty/xxhash/tests/collisions/allcodecs/dummy.c,0,1,1
/media/ullmann/HDDGabriel/engines/UnrealEngine/Engine/Source/ThirdParty/xxhash/tests/collisions/allcodecs/dummy.h,1,0,1
/media/ullmann/HDDGabriel/engines/UnrealEngine/Engine/Source/Runtime/Apple/MetalRHI/Private/MetalCommandBuffer.cpp,0,5,5
/media/ullmann/HDDGabriel/engines/UnrealEngine/Engine/Source/Runtime/Apple/MetalRHI/Private/MetalBlitCommandEncoder.h,3,1,4
/media/ullmann/HDDGabriel/engines/UnrealEngine/Engine/Source/ThirdParty/ICU/icu4c-53_1/source/samples/layout/sfnt.h,4,0,4
/media/ullmann/HDDGabriel/engines/UnrealEngine/Engine/Source/ThirdParty/PhysX3/PhysX_3.4/Source/LowLevelDynamics/src/DyContactPrep4PF.cpp,0,13,13
/media/ullmann/HDDGabriel/engines/UnrealEngine/Engine/Source/ThirdParty/PhysX3/PhysX_3.4/Source/LowLevelDynamics/src/DyContactPrep.h,7,2,9
/media/ullmann/HDDGabriel/engines/UnrealEngine/Engine/Source/ThirdParty/Intel/Embree/Embree270/src/kernels/xeonphi/bvh4i/bvh4i_intersector16_hybrid.cpp,0,2,2
/media/ullmann/HDDGabriel/engines/UnrealEngine/Engine/Source/ThirdParty/ICU/icu4c-53_1/source/layout/CursiveAttachmentSubtables.cpp,0,8,8
/media/ullmann/HDDGabriel/engines/UnrealEngine/Engine/Source/Runtime/NavigationSystem/Public/NavigationDataHandler.h,0,2,2
/media/ullmann/HDDGabriel/engines/UnrealEngine/Engine/Source/Runtime/NavigationSystem/Public/NavigationDirtyAreasController.h,2,0,2
/media/ullmann/HDDGabriel/engines/UnrealEngine/Engine/Source/ThirdParty/Steamworks/Steamv147/sdk/public/steam/isteamscreenshots.h,1,1,2
/media/ullmann/HDDGabriel/engines/UnrealEngine/Engine/Source/ThirdParty/Steamworks/Steamv147/sdk/public/steam/steam_api_common.h,27,3,30
/media/ullmann/HDDGabriel/engines/UnrealEngine/Engine/Source/Runtime/Core/Public/HAL/TlsAutoCleanup.h,2,0,2
/media/ullmann/HDDGabriel/engines/UnrealEngine/Engine/Source/ThirdParty/PhysX3/NvCloth/src/SwSolver.cpp,0,8,8
/media/ullmann/HDDGabriel/engines/UnrealEngine/Engine/Source/ThirdParty/PhysX3/NvCloth/src/SwSolverKernel.h,2,3,5
/media/ullmann/HDDGabriel/engines/UnrealEngine/Engine/Source/ThirdParty/PhysX3/PhysX_3.4/Source/PhysX/src/NpArticulationLink.h,10,1,11
/media/ullmann/HDDGabriel/engines/UnrealEngine/Engine/Source/ThirdParty/ICU/icu4c-53_1/source/test/intltest/jamotest.cpp,0,1,1
/media/ullmann/HDDGabriel/engines/UnrealEngine/Engine/Source/ThirdParty/ICU/icu4c-53_1/source/test/intltest/jamotest.h,2,1,3
/media/ullmann/HDDGabriel/engines/UnrealEngine/Engine/Source/ThirdParty/ICU/icu4c-53_1/source/common/propname.cpp,0,11,11
/media/ullmann/HDDGabriel/engines/UnrealEngine/Engine/Source/ThirdParty/ICU/icu4c-53_1/source/common/propname.h,2,5,7
/media/ullmann/HDDGabriel/engines/UnrealEngine/Engine/Source/ThirdParty/ICU/icu4c-53_1/source/common/unicode/resbund.h,8,0,8
/media/ullmann/HDDGabriel/engines/UnrealEngine/Engine/Source/Editor/DetailCustomizations/Private/SceneComponentDetails.cpp,0,2,2
/media/ullmann/HDDGabriel/engines/UnrealEngine/Engine/Source/Editor/DetailCustomizations/Private/ComponentTransformDetails.h,3,0,3
/media/ullmann/HDDGabriel/engines/UnrealEngine/Engine/Source/ThirdParty/ICU/icu4c-53_1/source/samples/layout/UnicodeReader.h,5,1,6
/media/ullmann/HDDGabriel/engines/UnrealEngine/Engine/Source/ThirdParty/ICU/icu4c-53_1/source/samples/layout/GUISupport.h,11,0,11
/media/ullmann/HDDGabriel/engines/UnrealEngine/Engine/Source/ThirdParty/Oculus/LibOVRPlatform/LibOVRPlatform/include/OVR_Error.h,2,1,3
/media/ullmann/HDDGabriel/engines/UnrealEngine/Engine/Source/Runtime/Core/Private/Tests/Misc/PathsTest.cpp,0,1,1
/media/ullmann/HDDGabriel/engines/UnrealEngine/Engine/Source/Runtime/Core/Private/Tests/Misc/PathTests.h,2,0,2
/media/ullmann/HDDGabriel/engines/UnrealEngine/Engine/Source/ThirdParty/PhysX3/APEX_1.4/module/clothing/embedded/LowLevelCloth/include/PhaseConfig.h,1,1,2
/media/ullmann/HDDGabriel/engines/UnrealEngine/Engine/Source/ThirdParty/PhysX3/APEX_1.4/module/clothing/embedded/LowLevelCloth/include/Types.h,5,0,5
/media/ullmann/HDDGabriel/engines/UnrealEngine/Engine/Source/Programs/UnrealTraceServer/src/Cbor.cpp,0,3,3
/media/ullmann/HDDGabriel/engines/UnrealEngine/Engine/Source/Programs/UnrealTraceServer/src/Cbor.h,2,1,3
/media/ullmann/HDDGabriel/engines/UnrealEngine/Engine/Source/ThirdParty/PhysX3/NvCloth/src/TripletScheduler.cpp,0,1,1
/media/ullmann/HDDGabriel/engines/UnrealEngine/Engine/Source/ThirdParty/PhysX3/NvCloth/src/TripletScheduler.h,4,1,5
/media/ullmann/HDDGabriel/engines/UnrealEngine/Engine/Source/ThirdParty/FreeImage/FreeImage-3.18.0/Source/OpenEXR/IlmImf/ImfKeyCode.cpp,0,2,2
/media/ullmann/HDDGabriel/engines/UnrealEngine/Engine/Source/ThirdParty/WindowsMixedRealityInterop/MixedRealityInterop/MixedRealityInterop.cpp,0,9,9
/media/ullmann/HDDGabriel/engines/UnrealEngine/Engine/Source/ThirdParty/WindowsMixedRealityInterop/MixedRealityInterop/SceneUnderstandingObserver.h,2,0,2
/media/ullmann/HDDGabriel/engines/UnrealEngine/Engine/Source/ThirdParty/SDL2/SDL-gui-backend/src/video/SDL_video.c,0,18,18
/media/ullmann/HDDGabriel/engines/UnrealEngine/Engine/Source/ThirdParty/SDL2/SDL-gui-backend/src/video/cocoa/SDL_cocoamessagebox.h,1,1,2
/media/ullmann/HDDGabriel/engines/UnrealEngine/Engine/Source/ThirdParty/Intel/TBB/IntelTBB-2019u8/src/test/test_lambda.cpp,0,4,4
/media/ullmann/HDDGabriel/engines/UnrealEngine/Engine/Source/ThirdParty/Intel/TBB/IntelTBB-2019u8/src/test/harness_assert.h,47,0,47
/media/ullmann/HDDGabriel/engines/UnrealEngine/Engine/Source/ThirdParty/FreeImage/FreeImage-3.18.0/Source/LibJPEG/jdatasrc.c,0,3,3
/media/ullmann/HDDGabriel/engines/UnrealEngine/Engine/Source/ThirdParty/FreeImage/FreeImage-3.18.0/Source/LibJPEG/jerror.h,7,0,7
/media/ullmann/HDDGabriel/engines/UnrealEngine/Engine/Source/ThirdParty/ICU/icu4c-53_1/source/extra/uconv/uwmsg.c,0,1,1
/media/ullmann/HDDGabriel/engines/UnrealEngine/Engine/Source/ThirdParty/ICU/icu4c-53_1/source/extra/uconv/unicode/uwmsg.h,2,0,2
/media/ullmann/HDDGabriel/engines/UnrealEngine/Engine/Source/ThirdParty/PhysX3/APEX_1.4/module/framework_legacy/include/autogen/ModuleFrameworkLegacyRegistration.h,0,24,24
/media/ullmann/HDDGabriel/engines/UnrealEngine/Engine/Source/ThirdParty/PhysX3/APEX_1.4/module/framework_legacy/include/autogen/BufferU16x3_0p0.h,1,0,1
/media/ullmann/HDDGabriel/engines/UnrealEngine/Engine/Source/ThirdParty/ICU/icu4c-53_1/source/test/cintltst/cmsgtst.c,0,3,3
/media/ullmann/HDDGabriel/engines/UnrealEngine/Engine/Source/ThirdParty/ICU/icu4c-53_1/source/test/cintltst/cmsgtst.h,1,1,2
/media/ullmann/HDDGabriel/engines/UnrealEngine/Engine/Source/Programs/Enterprise/Datasmith/DatasmithARCHICADExporter/Private/LoadDatasmithDlls.cpp,0,6,6
/media/ullmann/HDDGabriel/engines/UnrealEngine/Engine/Source/Programs/Enterprise/Datasmith/DatasmithARCHICADExporter/Private/Utils/LocalizeTools.h,3,1,4
/media/ullmann/HDDGabriel/engines/UnrealEngine/Engine/Source/ThirdParty/OpenSubdiv/OpenSubdiv-3.4.4/opensubdiv/osd/clGLVertexBuffer.cpp,0,1,1
/media/ullmann/HDDGabriel/engines/UnrealEngine/Engine/Source/ThirdParty/OpenSubdiv/OpenSubdiv-3.4.4/opensubdiv/osd/clGLVertexBuffer.h,1,3,4
/media/ullmann/HDDGabriel/engines/UnrealEngine/Engine/Source/Editor/Persona/Private/AnimTimeline/SAnimOutliner.cpp,0,6,6
/media/ullmann/HDDGabriel/engines/UnrealEngine/Engine/Source/Editor/Persona/Private/AnimTimeline/SAnimTrack.h,3,1,4
/media/ullmann/HDDGabriel/engines/UnrealEngine/Engine/Source/ThirdParty/ICU/icu4c-64_1/source/common/servrbf.cpp,0,10,10
/media/ullmann/HDDGabriel/engines/UnrealEngine/Engine/Source/ThirdParty/CryptoPP/5.6.2/include/gcm.h,3,2,5
/media/ullmann/HDDGabriel/engines/UnrealEngine/Engine/Source/ThirdParty/CryptoPP/5.6.2/include/authenc.h,4,2,6
/media/ullmann/HDDGabriel/engines/UnrealEngine/Engine/Source/ThirdParty/FreeType2/FreeType2-2.10.4/src/type42/t42parse.c,1,2,3
/media/ullmann/HDDGabriel/engines/UnrealEngine/Engine/Source/ThirdParty/FreeType2/FreeType2-2.10.4/src/type42/t42parse.h,2,1,3
/media/ullmann/HDDGabriel/engines/UnrealEngine/Engine/Source/ThirdParty/Vorbis/libvorbis-1.3.2/lib/lsp.c,0,6,6
/media/ullmann/HDDGabriel/engines/UnrealEngine/Engine/Source/ThirdParty/Vorbis/libvorbis-1.3.2/lib/lookup.h,2,0,2
/media/ullmann/HDDGabriel/engines/UnrealEngine/Engine/Source/ThirdParty/FreeType2/FreeType2-2.10.0/src/autofit/aftypes.h,8,5,13
/media/ullmann/HDDGabriel/engines/UnrealEngine/Engine/Source/ThirdParty/FreeType2/FreeType2-2.10.0/src/autofit/afstyles.h,3,0,3
/media/ullmann/HDDGabriel/engines/UnrealEngine/Engine/Source/ThirdParty/OpenSubdiv/OpenSubdiv-3.4.4/opensubdiv/vtr/triRefinement.cpp,0,4,4
/media/ullmann/HDDGabriel/engines/UnrealEngine/Engine/Source/ThirdParty/ICU/icu4c-53_1/source/i18n/uspoof_impl.cpp,0,4,4
/media/ullmann/HDDGabriel/engines/UnrealEngine/Engine/Source/ThirdParty/ICU/icu4c-53_1/source/i18n/identifier_info.h,3,1,4
/media/ullmann/HDDGabriel/engines/UnrealEngine/Engine/Source/ThirdParty/ICU/icu4c-53_1/source/test/intltest/itspoof.h,2,1,3
/media/ullmann/HDDGabriel/engines/UnrealEngine/Engine/Source/ThirdParty/Intel/Embree/Embree270/src/kernels/xeon/bvh8/bvh8_intersector16_hybrid.cpp,0,7,7
/media/ullmann/HDDGabriel/engines/UnrealEngine/Engine/Source/ThirdParty/Intel/Embree/Embree270/src/kernels/xeon/geometry/triangle8.h,20,1,21
/media/ullmann/HDDGabriel/engines/UnrealEngine/Engine/Source/ThirdParty/ICU/icu4c-53_1/source/test/cintltst/capitst.c,0,3,3
/media/ullmann/HDDGabriel/engines/UnrealEngine/Engine/Source/ThirdParty/ICU/icu4c-53_1/source/test/cintltst/cintltst.h,108,0,108
/media/ullmann/HDDGabriel/engines/UnrealEngine/Engine/Source/Runtime/Engine/Public/ParticleDefinitions.h,0,29,29
/media/ullmann/HDDGabriel/engines/UnrealEngine/Engine/Source/Runtime/Engine/Public/TimerManager.h,5,0,5
/media/ullmann/HDDGabriel/engines/UnrealEngine/Engine/Source/ThirdParty/Intel/Embree/Embree270/src/common/sys/barrier.h,4,2,6
/media/ullmann/HDDGabriel/engines/UnrealEngine/Engine/Source/ThirdParty/Intel/Embree/Embree270/src/common/sys/sysinfo.h,9,1,10
/media/ullmann/HDDGabriel/engines/UnrealEngine/Engine/Source/Editor/Sequencer/Private/SSequencer.h,9,1,10
/media/ullmann/HDDGabriel/engines/UnrealEngine/Engine/Source/ThirdParty/Intel/Embree/Embree270/src/common/sys/intrinsics.h,10,1,11
/media/ullmann/HDDGabriel/engines/UnrealEngine/Engine/Source/ThirdParty/Intel/Embree/Embree270/src/common/sys/platform.h,23,0,23
/media/ullmann/HDDGabriel/engines/UnrealEngine/Engine/Source/ThirdParty/ICU/icu4c-53_1/source/i18n/unicode/dcfmtsym.h,6,0,6
/media/ullmann/HDDGabriel/engines/UnrealEngine/Engine/Source/ThirdParty/FreeType2/FreeType2-2.4.12/src/cff/cf2ft.h,13,3,16
/media/ullmann/HDDGabriel/engines/UnrealEngine/Engine/Source/ThirdParty/FreeType2/FreeType2-2.4.12/src/cff/cffgload.h,3,1,4
/media/ullmann/HDDGabriel/engines/UnrealEngine/Engine/Source/Runtime/ColorManagement/Public/ColorSpace.h,0,1,1
/media/ullmann/HDDGabriel/engines/UnrealEngine/Engine/Source/Runtime/ColorManagement/Public/ColorManagementDefines.h,2,0,2
/media/ullmann/HDDGabriel/engines/UnrealEngine/Engine/Source/Editor/AnimGraph/Public/AnimGraphNode_TwistCorrectiveNode.h,0,1,1
/media/ullmann/HDDGabriel/engines/UnrealEngine/Engine/Source/Editor/AnimGraph/Public/AnimGraphNode_SkeletalControlBase.h,21,1,22
/media/ullmann/HDDGabriel/engines/UnrealEngine/Engine/Source/ThirdParty/CryptoPP/5.6.5/include/regtest.cpp,0,49,49
/media/ullmann/HDDGabriel/engines/UnrealEngine/Engine/Source/ThirdParty/CryptoPP/5.6.5/include/modes.h,10,6,16
/media/ullmann/HDDGabriel/engines/UnrealEngine/Engine/Source/ThirdParty/ICU/icu4c-64_1/source/i18n/collationiterator.h,12,2,14
/media/ullmann/HDDGabriel/engines/UnrealEngine/Engine/Source/ThirdParty/ICU/icu4c-64_1/source/i18n/collation.h,32,0,32
/media/ullmann/HDDGabriel/engines/UnrealEngine/Engine/Source/Developer/Windows/LiveCodingServer/Private/External/LC_LiveModule.cpp,0,23,23
/media/ullmann/HDDGabriel/engines/UnrealEngine/Engine/Source/Developer/Windows/LiveCodingServer/Private/External/LC_Disassembler.h,3,0,3
/media/ullmann/HDDGabriel/engines/UnrealEngine/Engine/Source/ThirdParty/libOpus/opus-1.1/silk/float/find_LPC_FLP.c,0,1,1
/media/ullmann/HDDGabriel/engines/UnrealEngine/Engine/Source/ThirdParty/libOpus/opus-1.1/silk/float/main_FLP.h,18,2,20
/media/ullmann/HDDGabriel/engines/UnrealEngine/Engine/Source/Programs/UnrealLightmass/Private/CPUSolver/CPUSolver.cpp,0,1,1
/media/ullmann/HDDGabriel/engines/UnrealEngine/Engine/Source/Programs/UnrealLightmass/Private/CPUSolver/CPUSolver.h,1,0,1
/media/ullmann/HDDGabriel/engines/UnrealEngine/Engine/Source/ThirdParty/FreeType2/FreeType2-2.4.12/src/gxvalid/gxvmod.c,1,3,4
/media/ullmann/HDDGabriel/engines/UnrealEngine/Engine/Source/ThirdParty/FreeType2/FreeType2-2.4.12/src/gxvalid/gxvmod.h,1,0,1
/media/ullmann/HDDGabriel/engines/UnrealEngine/Engine/Source/ThirdParty/ICU/icu4c-53_1/source/i18n/csdetect.cpp,0,10,10
/media/ullmann/HDDGabriel/engines/UnrealEngine/Engine/Source/ThirdParty/ICU/icu4c-53_1/source/i18n/inputext.h,4,0,4
/media/ullmann/HDDGabriel/engines/UnrealEngine/Engine/Source/ThirdParty/PhysX3/PhysX_3.4/Source/PhysX/src/NpVolumeCache.cpp,0,4,4
/media/ullmann/HDDGabriel/engines/UnrealEngine/Engine/Source/ThirdParty/PhysX3/PhysX_3.4/Source/PhysX/src/NpVolumeCache.h,2,0,2
/media/ullmann/HDDGabriel/engines/UnrealEngine/Engine/Source/Runtime/Core/Public/Misc/CString.h,3,0,3
/media/ullmann/HDDGabriel/engines/UnrealEngine/Engine/Source/ThirdParty/ICU/icu4c-64_1/source/samples/layout/layout.cpp,0,6,6
/media/ullmann/HDDGabriel/engines/UnrealEngine/Engine/Source/ThirdParty/ICU/icu4c-64_1/source/samples/layout/GDIGUISupport.h,3,1,4
/media/ullmann/HDDGabriel/engines/UnrealEngine/Engine/Source/Runtime/Core/Public/Delegates/DelegateSettings.h,3,0,3
/media/ullmann/HDDGabriel/engines/UnrealEngine/Engine/Source/ThirdParty/libcurl/include/Android/x86/curl/curl.h,2,6,8
/media/ullmann/HDDGabriel/engines/UnrealEngine/Engine/Source/ThirdParty/libcurl/include/Android/x86/curl/multi.h,1,1,2
/media/ullmann/HDDGabriel/engines/UnrealEngine/Engine/Source/ThirdParty/ICU/icu4c-64_1/source/i18n/number_microprops.h,5,9,14
/media/ullmann/HDDGabriel/engines/UnrealEngine/Engine/Source/ThirdParty/ICU/icu4c-64_1/source/i18n/unicode/numberformatter.h,21,0,21
/media/ullmann/HDDGabriel/engines/UnrealEngine/Engine/Source/ThirdParty/Intel/Embree/Embree2140/src/kernels/subdiv/patch.h,7,6,13
/media/ullmann/HDDGabriel/engines/UnrealEngine/Engine/Source/ThirdParty/Intel/Embree/Embree2140/src/kernels/subdiv/catmullclark_patch.h,6,2,8
/media/ullmann/HDDGabriel/engines/UnrealEngine/Engine/Source/ThirdParty/ICU/icu4c-53_1/source/common/unicode/ucnv_err.h,8,0,8
/media/ullmann/HDDGabriel/engines/UnrealEngine/Engine/Source/ThirdParty/ICU/icu4c-64_1/source/test/intltest/dtfmttst.cpp,0,3,3
/media/ullmann/HDDGabriel/engines/UnrealEngine/Engine/Source/ThirdParty/ICU/icu4c-64_1/source/test/intltest/windttst.h,2,0,2
/media/ullmann/HDDGabriel/engines/UnrealEngine/Engine/Source/ThirdParty/rpclib/Source/include/rpc/msgpack/adaptor/cpp17/optional.hpp,1,0,1
/media/ullmann/HDDGabriel/engines/UnrealEngine/Engine/Source/ThirdParty/SDL2/SDL-gui-backend/src/video/psp/SDL_pspgl.c,0,3,3
/media/ullmann/HDDGabriel/engines/UnrealEngine/Engine/Source/ThirdParty/Windows/DirectXLegacy/Include/d3dx9effect.h,1,1,2
/media/ullmann/HDDGabriel/engines/UnrealEngine/Engine/Source/ThirdParty/Windows/DirectXLegacy/Include/d3dx9.h,8,9,17
/media/ullmann/HDDGabriel/engines/UnrealEngine/Engine/Source/ThirdParty/libOpus/opus-1.0.3/silk/control_SNR.c,0,2,2
/media/ullmann/HDDGabriel/engines/UnrealEngine/Engine/Source/ThirdParty/libOpus/opus-1.0.3/silk/tuning_parameters.h,6,0,6
/media/ullmann/HDDGabriel/engines/UnrealEngine/Engine/Source/Runtime/CoreUObject/Public/UObject/Script.h,2,0,2
/media/ullmann/HDDGabriel/engines/UnrealEngine/Engine/Source/Editor/MaterialEditor/Private/SMaterialLayersFunctionsTree.cpp,0,2,2
/media/ullmann/HDDGabriel/engines/UnrealEngine/Engine/Source/Editor/MaterialEditor/Private/MaterialEditorInstanceDetailCustomization.h,4,0,4
/media/ullmann/HDDGabriel/engines/UnrealEngine/Engine/Source/ThirdParty/FreeImage/FreeImage-3.18.0/Source/OpenEXR/IlmImf/ImfForward.h,33,1,34
/media/ullmann/HDDGabriel/engines/UnrealEngine/Engine/Source/ThirdParty/SDL2/SDL-gui-backend/src/joystick/SDL_joystick.c,0,8,8
/media/ullmann/HDDGabriel/engines/UnrealEngine/Engine/Source/ThirdParty/Android/libunwind/libunwind/src/ia64/Gglobal.c,1,1,2
/media/ullmann/HDDGabriel/engines/UnrealEngine/Engine/Source/ThirdParty/Android/libunwind/libunwind/src/ia64/unwind_i.h,16,0,16
/media/ullmann/HDDGabriel/engines/UnrealEngine/Engine/Source/Runtime/VulkanRHI/Private/VulkanViewport.h,2,1,3
/media/ullmann/HDDGabriel/engines/UnrealEngine/Engine/Source/ThirdParty/Android/libunwind/libunwind/src/unwind/BacktraceWrapper.c,0,1,1
/media/ullmann/HDDGabriel/engines/UnrealEngine/Engine/Source/ThirdParty/Android/libunwind/libunwind/src/unwind/Backtrace.c,1,1,2
/media/ullmann/HDDGabriel/engines/UnrealEngine/Engine/Source/ThirdParty/ICU/icu4c-64_1/source/i18n/number_compact.h,3,4,7
/media/ullmann/HDDGabriel/engines/UnrealEngine/Engine/Source/ThirdParty/Alembic/alembic-1.8.2/maya/AbcExport/MayaMeshWriter.h,2,3,5
/media/ullmann/HDDGabriel/engines/UnrealEngine/Engine/Source/ThirdParty/Alembic/alembic-1.8.2/maya/AbcExport/MayaFaceSetWriter.h,2,2,4
/media/ullmann/HDDGabriel/engines/UnrealEngine/Engine/Source/ThirdParty/FreeType2/FreeType2-2.10.0/src/base/ftbase.c,0,18,18
/media/ullmann/HDDGabriel/engines/UnrealEngine/Engine/Source/ThirdParty/FreeType2/FreeType2-2.10.0/src/base/ftsnames.c,1,0,1
/media/ullmann/HDDGabriel/engines/UnrealEngine/Engine/Source/ThirdParty/ShaderConductor/ShaderConductor/External/DirectXShaderCompiler/tools/clang/lib/Format/WhitespaceManager.cpp,0,1,1
/media/ullmann/HDDGabriel/engines/UnrealEngine/Engine/Source/ThirdParty/ShaderConductor/ShaderConductor/External/DirectXShaderCompiler/tools/clang/lib/Format/WhitespaceManager.h,5,1,6
/media/ullmann/HDDGabriel/engines/UnrealEngine/Engine/Source/ThirdParty/Boost/boost-1_70_0/include/boost/outcome/std_result.hpp,2,7,9
/media/ullmann/HDDGabriel/engines/UnrealEngine/Engine/Source/ThirdParty/Boost/boost-1_70_0/include/boost/outcome/detail/trait_std_error_code.hpp,1,1,2
/media/ullmann/HDDGabriel/engines/UnrealEngine/Engine/Source/ThirdParty/PhysX3/PhysX_3.4/Include/PxQueryFiltering.h,4,4,8
/media/ullmann/HDDGabriel/engines/UnrealEngine/Engine/Source/ThirdParty/PhysX3/PhysX_3.4/Include/PxClient.h,5,0,5
/media/ullmann/HDDGabriel/engines/UnrealEngine/Engine/Source/ThirdParty/OpenVDB/Deploy/openvdb-8.1.0/include/openvdb/points/PointGroup.h,2,6,8
/media/ullmann/HDDGabriel/engines/UnrealEngine/Engine/Source/ThirdParty/OpenVDB/Deploy/openvdb-8.1.0/include/openvdb/points/PointDataGrid.h,8,5,13
/media/ullmann/HDDGabriel/engines/UnrealEngine/Engine/Source/ThirdParty/FreeType2/FreeType2-2.10.4/src/sfnt/sfobjs.c,1,8,9
/media/ullmann/HDDGabriel/engines/UnrealEngine/Engine/Source/ThirdParty/Intel/Embree/Embree270/src/kernels/xeonphi/builders/parallel_builder.h,3,6,9
/media/ullmann/HDDGabriel/engines/UnrealEngine/Engine/Source/ThirdParty/Intel/Embree/Embree270/src/kernels/common/alloc.h,5,1,6
/media/ullmann/HDDGabriel/engines/UnrealEngine/Engine/Source/ThirdParty/ShaderConductor/ShaderConductor/External/DirectXShaderCompiler/lib/Transforms/ObjCARC/PtrState.cpp,0,3,3
/media/ullmann/HDDGabriel/engines/UnrealEngine/Engine/Source/ThirdParty/ShaderConductor/ShaderConductor/External/DirectXShaderCompiler/lib/Transforms/ObjCARC/DependencyAnalysis.h,4,0,4
/media/ullmann/HDDGabriel/engines/UnrealEngine/Engine/Source/ThirdParty/Intel/ISPC/ispc-1.17.0/src/func.cpp,0,9,9
/media/ullmann/HDDGabriel/engines/UnrealEngine/Engine/Source/ThirdParty/Intel/ISPC/ispc-1.17.0/src/util.h,16,1,17
/media/ullmann/HDDGabriel/engines/UnrealEngine/Engine/Source/ThirdParty/ICU/icu4c-64_1/source/common/bytesinkutil.cpp,0,10,10
/media/ullmann/HDDGabriel/engines/UnrealEngine/Engine/Source/ThirdParty/FreeType2/FreeType2-2.6/Include/fttypes.h,0,1,1
/media/ullmann/HDDGabriel/engines/UnrealEngine/Engine/Source/ThirdParty/FreeType2/FreeType2-2.6/Include/ft2build.h,40,1,41
/media/ullmann/HDDGabriel/engines/UnrealEngine/Engine/Source/ThirdParty/PhysX3/APEX_1.4/shared/general/HACD/include/dgVector.h,7,1,8
/media/ullmann/HDDGabriel/engines/UnrealEngine/Engine/Source/ThirdParty/PhysX3/APEX_1.4/shared/general/HACD/include/dgTypes.h,17,0,17
/media/ullmann/HDDGabriel/engines/UnrealEngine/Engine/Source/ThirdParty/Android/libunwind/libunwind/src/x86/Gregs.c,1,2,3
/media/ullmann/HDDGabriel/engines/UnrealEngine/Engine/Source/ThirdParty/Android/libunwind/libunwind/src/x86/unwind_i.h,14,0,14
/media/ullmann/HDDGabriel/engines/UnrealEngine/Engine/Source/ThirdParty/SDL2/SDL-gui-backend/src/video/windows/SDL_windowsshape.c,0,3,3
/media/ullmann/HDDGabriel/engines/UnrealEngine/Engine/Source/ThirdParty/SDL2/SDL-gui-backend/src/video/windows/SDL_windowsshape.h,3,3,6
/media/ullmann/HDDGabriel/engines/UnrealEngine/Engine/Source/ThirdParty/ICU/icu4c-53_1/source/i18n/decimfmt.cpp,0,15,15
/media/ullmann/HDDGabriel/engines/UnrealEngine/Engine/Source/ThirdParty/ICU/icu4c-53_1/source/i18n/unicode/ucurr.h,4,0,4
/media/ullmann/HDDGabriel/engines/UnrealEngine/Engine/Source/ThirdParty/PhysX3/APEX_1.4/module/destructible_legacy/include/autogen/DestructibleDebugRenderParams_0p0.h,1,0,1
/media/ullmann/HDDGabriel/engines/UnrealEngine/Engine/Source/ThirdParty/PhysX3/APEX_1.4/module/clothing/embedded/LowLevelCloth/src/Simd4f.h,6,4,10
/media/ullmann/HDDGabriel/engines/UnrealEngine/Engine/Source/ThirdParty/PhysX3/APEX_1.4/module/clothing/embedded/LowLevelCloth/src/neon/Simd4f.h,1,0,1
/media/ullmann/HDDGabriel/engines/UnrealEngine/Engine/Source/Runtime/Core/Public/CoreMinimal.h,2,151,153
/media/ullmann/HDDGabriel/engines/UnrealEngine/Engine/Source/Runtime/Core/Public/Templates/Less.h,3,1,4
/media/ullmann/HDDGabriel/engines/UnrealEngine/Engine/Source/ThirdParty/ShaderConductor/ShaderConductor/External/DirectXShaderCompiler/lib/IR/DebugInfoMetadata.cpp,0,2,2
/media/ullmann/HDDGabriel/engines/UnrealEngine/Engine/Source/ThirdParty/ShaderConductor/ShaderConductor/External/DirectXShaderCompiler/lib/IR/LLVMContextImpl.h,14,2,16
/media/ullmann/HDDGabriel/engines/UnrealEngine/Engine/Source/Runtime/Renderer/Private/CapsuleShadowRendering.cpp,0,9,9
/media/ullmann/HDDGabriel/engines/UnrealEngine/Engine/Source/Runtime/Renderer/Private/Strata/Strata.h,16,0,16
/media/ullmann/HDDGabriel/engines/UnrealEngine/Engine/Source/ThirdParty/ICU/icu4c-53_1/source/i18n/collationsettings.cpp,0,3,3
/media/ullmann/HDDGabriel/engines/UnrealEngine/Engine/Source/ThirdParty/ICU/icu4c-53_1/source/i18n/collation.h,34,0,34
/media/ullmann/HDDGabriel/engines/UnrealEngine/Engine/Source/ThirdParty/ICU/icu4c-64_1/source/test/intltest/tsmthred.cpp,0,4,4
/media/ullmann/HDDGabriel/engines/UnrealEngine/Engine/Source/ThirdParty/ICU/icu4c-64_1/source/test/intltest/ucaconf.h,3,1,4
/media/ullmann/HDDGabriel/engines/UnrealEngine/Engine/Source/ThirdParty/Intel/Embree/Embree270/src/kernels/xeon/bvh4/bvh4_builder_sah.cpp,1,13,14
/media/ullmann/HDDGabriel/engines/UnrealEngine/Engine/Source/Editor/PhysicsAssetEditor/Private/PhysicsAssetGraph/PhysicsAssetGraphPanelNodeFactory.cpp,0,6,6
/media/ullmann/HDDGabriel/engines/UnrealEngine/Engine/Source/Editor/PhysicsAssetEditor/Private/PhysicsAssetGraph/PhysicsAssetGraphPanelNodeFactory.h,1,0,1
/media/ullmann/HDDGabriel/engines/UnrealEngine/Engine/Source/ThirdParty/Expat/expat-2.2.10/lib/xmlparse.c,0,7,7
/media/ullmann/HDDGabriel/engines/UnrealEngine/Engine/Source/ThirdParty/OpenVDB/openvdb-8.1.0/openvdb_ax/openvdb_ax/compiler/Compiler.cc,0,3,3
/media/ullmann/HDDGabriel/engines/UnrealEngine/Engine/Source/ThirdParty/llvm/8/include/llvm/DebugInfo/PDB/PDBSymbolTypeFunctionArg.h,0,2,2
/media/ullmann/HDDGabriel/engines/UnrealEngine/Engine/Source/ThirdParty/Intel/MetricsDiscovery/MetricsDiscoveryHelper/samples/range_sample_dx11/imgui/imgui_demo.cpp,0,1,1
/media/ullmann/HDDGabriel/engines/UnrealEngine/Engine/Source/ThirdParty/Intel/MetricsDiscovery/MetricsDiscoveryHelper/samples/range_sample_dx11/imgui/imgui.h,3,1,4
/media/ullmann/HDDGabriel/engines/UnrealEngine/Engine/Source/ThirdParty/PhysX3/NvCloth/samples/SampleBase/renderer/RendererHBAO.cpp,0,2,2
/media/ullmann/HDDGabriel/engines/UnrealEngine/Engine/Source/ThirdParty/PhysX3/NvCloth/samples/SampleBase/renderer/Renderer.h,9,5,14
/media/ullmann/HDDGabriel/engines/UnrealEngine/Engine/Source/ThirdParty/openexr/Deploy/openexr-3.1.1/include/OpenEXR/openexr_std_attr.h,1,1,2
/media/ullmann/HDDGabriel/engines/UnrealEngine/Engine/Source/ThirdParty/openexr/Deploy/openexr-3.1.1/include/OpenEXR/openexr_attr.h,3,1,4
/media/ullmann/HDDGabriel/engines/UnrealEngine/Engine/Source/Editor/Experimental/HordeExecutor/Private/HordeMessages.cpp,0,1,1
/media/ullmann/HDDGabriel/engines/UnrealEngine/Engine/Source/Editor/Experimental/HordeExecutor/Private/HordeMessages.h,2,0,2
/media/ullmann/HDDGabriel/engines/UnrealEngine/Engine/Source/Editor/UnrealEd/Private/Cooker/CookPlatformManager.cpp,0,2,2
/media/ullmann/HDDGabriel/engines/UnrealEngine/Engine/Source/Editor/UnrealEd/Private/Cooker/CookRequests.h,4,1,5
/media/ullmann/HDDGabriel/engines/UnrealEngine/Engine/Source/ThirdParty/libPNG/libPNG-1.5.27/pngwutil.c,0,1,1
/media/ullmann/HDDGabriel/engines/UnrealEngine/Engine/Source/ThirdParty/libPNG/libPNG-1.5.27/pngpriv.h,16,4,20
/media/ullmann/HDDGabriel/engines/UnrealEngine/Engine/Source/ThirdParty/ICU/icu4c-64_1/source/test/intltest/listformattertest.h,2,2,4
/media/ullmann/HDDGabriel/engines/UnrealEngine/Engine/Source/Developer/OutputLog/Private/SOutputLog.h,4,0,4
/media/ullmann/HDDGabriel/engines/UnrealEngine/Engine/Source/ThirdParty/PhysX3/PhysX_3.4/Source/SimulationController/src/ScConstraintGroupNode.cpp,0,5,5
/media/ullmann/HDDGabriel/engines/UnrealEngine/Engine/Source/ThirdParty/PhysX3/PhysX_3.4/Source/SimulationController/src/ScConstraintSim.h,8,0,8
/media/ullmann/HDDGabriel/engines/UnrealEngine/Engine/Source/Runtime/Engine/Public/SceneManagement.h,11,9,20
/media/ullmann/HDDGabriel/engines/UnrealEngine/Engine/Source/Runtime/Engine/Public/BatchedElements.h,7,2,9
/media/ullmann/HDDGabriel/engines/UnrealEngine/Engine/Source/ThirdParty/OpenSubdiv/OpenSubdiv-3.4.4/opensubdiv/far/patchBasis.cpp,0,2,2
/media/ullmann/HDDGabriel/engines/UnrealEngine/Engine/Source/ThirdParty/OpenSubdiv/OpenSubdiv-3.4.4/opensubdiv/far/patchDescriptor.h,11,3,14
/media/ullmann/HDDGabriel/engines/UnrealEngine/Engine/Source/ThirdParty/PhysX3/PhysX_3.4/Source/LowLevelDynamics/src/DyArticulationScalar.h,4,2,6
/media/ullmann/HDDGabriel/engines/UnrealEngine/Engine/Source/ThirdParty/PhysX3/PhysX_3.4/Source/LowLevelDynamics/src/DyArticulationUtils.h,9,2,11
/media/ullmann/HDDGabriel/engines/UnrealEngine/Engine/Source/Runtime/Online/SSL/Private/SslManager.cpp,0,2,2
/media/ullmann/HDDGabriel/engines/UnrealEngine/Engine/Source/Runtime/Online/SSL/Private/SslManager.h,2,0,2
/media/ullmann/HDDGabriel/engines/UnrealEngine/Engine/Source/ThirdParty/Intel/ISPC/ispc-1.16.1/examples/cpu/gmres/matrix.cpp,0,2,2
/media/ullmann/HDDGabriel/engines/UnrealEngine/Engine/Source/ThirdParty/Intel/ISPC/ispc-1.16.1/examples/cpu/gmres/mmio.h,2,0,2
/media/ullmann/HDDGabriel/engines/UnrealEngine/Engine/Source/ThirdParty/ICU/icu4c-64_1/source/common/ucnv_u32.cpp,0,6,6
/media/ullmann/HDDGabriel/engines/UnrealEngine/Engine/Source/ThirdParty/ICU/icu4c-64_1/source/common/ucnv_cnv.h,22,5,27
/media/ullmann/HDDGabriel/engines/UnrealEngine/Engine/Source/ThirdParty/llvm/8/include/llvm/DebugInfo/PDB/PDBSymbolTypeCustom.h,0,2,2
/media/ullmann/HDDGabriel/engines/UnrealEngine/Engine/Source/ThirdParty/FreeImage/FreeImage-3.18.0/Source/OpenEXR/IlmImf/ImfCompositeDeepScanLine.h,2,3,5
/media/ullmann/HDDGabriel/engines/UnrealEngine/Engine/Source/Editor/BehaviorTreeEditor/Classes/BehaviorTreeDecoratorGraphNode_Decorator.h,0,1,1
/media/ullmann/HDDGabriel/engines/UnrealEngine/Engine/Source/Editor/BehaviorTreeEditor/Classes/BehaviorTreeDecoratorGraphNode.h,2,0,2
/media/ullmann/HDDGabriel/engines/UnrealEngine/Engine/Source/ThirdParty/libstrophe/libstrophe-0.9.3/src/sha1.c,0,2,2
/media/ullmann/HDDGabriel/engines/UnrealEngine/Engine/Source/ThirdParty/libstrophe/libstrophe-0.9.3/src/sha1.h,7,1,8
/media/ullmann/HDDGabriel/engines/UnrealEngine/Engine/Source/ThirdParty/PhysX3/PhysX_3.4/Source/PhysXExtensions/src/ExtFixedJoint.h,5,1,6
/media/ullmann/HDDGabriel/engines/UnrealEngine/Engine/Source/ThirdParty/PhysX3/PhysX_3.4/Source/PhysXExtensions/src/ExtJoint.h,9,1,10
/media/ullmann/HDDGabriel/engines/UnrealEngine/Engine/Source/Runtime/Renderer/Private/ScreenSpaceRayTracing.cpp,0,5,5
/media/ullmann/HDDGabriel/engines/UnrealEngine/Engine/Source/ThirdParty/ICU/icu4c-53_1/source/test/intltest/tmsgfmt.cpp,0,1,1
/media/ullmann/HDDGabriel/engines/UnrealEngine/Engine/Source/ThirdParty/ICU/icu4c-53_1/source/test/intltest/tmsgfmt.h,2,1,3
/media/ullmann/HDDGabriel/engines/UnrealEngine/Engine/Source/ThirdParty/OpenSubdiv/OpenSubdiv-3.4.4/examples/glFVarViewer/glFVarViewer.cpp,0,10,10
/media/ullmann/HDDGabriel/engines/UnrealEngine/Engine/Source/ThirdParty/OpenSubdiv/OpenSubdiv-3.4.4/examples/common/glShaderCache.h,7,1,8
/media/ullmann/HDDGabriel/engines/UnrealEngine/Engine/Source/Developer/LogVisualizer/Private/SVisualLoggerTimeSlider.cpp,0,2,2
/media/ullmann/HDDGabriel/engines/UnrealEngine/Engine/Source/Developer/LogVisualizer/Private/SVisualLoggerTimeSlider.h,2,0,2
/media/ullmann/HDDGabriel/engines/UnrealEngine/Engine/Source/ThirdParty/PhysX3/APEX_1.4/module/destructible/include/DestructibleScene.h,2,5,7
/media/ullmann/HDDGabriel/engines/UnrealEngine/Engine/Source/ThirdParty/PhysX3/APEX_1.4/module/destructible/include/ModulePerfScope.h,1,0,1
/media/ullmann/HDDGabriel/engines/UnrealEngine/Engine/Source/ThirdParty/SDL2/SDL-gui-backend/src/video/wayland/SDL_waylandvideo.h,13,5,18
/media/ullmann/HDDGabriel/engines/UnrealEngine/Engine/Source/ThirdParty/Intel/Embree/Embree270/src/kernels/xeon/geometry/primitive.cpp,0,13,13
/media/ullmann/HDDGabriel/engines/UnrealEngine/Engine/Source/ThirdParty/openexr/openexr-3.1.1/src/lib/OpenEXRCore/internal_zip.c,0,4,4
/media/ullmann/HDDGabriel/engines/UnrealEngine/Engine/Source/ThirdParty/openexr/openexr-3.1.1/src/lib/OpenEXRCore/internal_decompress.h,7,1,8
/media/ullmann/HDDGabriel/engines/UnrealEngine/Engine/Source/Runtime/RenderCore/Public/OculusShaders.h,0,5,5
/media/ullmann/HDDGabriel/engines/UnrealEngine/Engine/Source/Runtime/RenderCore/Public/GlobalShader.h,9,1,10
/media/ullmann/HDDGabriel/engines/UnrealEngine/Engine/Source/ThirdParty/FreeType2/FreeType2-2.10.4/src/bdf/bdfdrivr.c,1,3,4
/media/ullmann/HDDGabriel/engines/UnrealEngine/Engine/Source/ThirdParty/FreeType2/FreeType2-2.10.4/src/bdf/bdfdrivr.h,1,1,2
/media/ullmann/HDDGabriel/engines/UnrealEngine/Engine/Source/ThirdParty/HarfBuzz/harfbuzz-2.4.0/src/hb-ot-shape-complex-khmer.cc,0,3,3
/media/ullmann/HDDGabriel/engines/UnrealEngine/Engine/Source/ThirdParty/HarfBuzz/harfbuzz-2.4.0/src/hb-ot-shape-complex-khmer-machine.hh,1,0,1
/media/ullmann/HDDGabriel/engines/UnrealEngine/Engine/Source/Runtime/Renderer/Private/PrimitiveSceneInfo.cpp,0,10,10
/media/ullmann/HDDGabriel/engines/UnrealEngine/Engine/Source/Editor/DataLayerEditor/Private/DataLayer/DataLayerHierarchy.cpp,0,5,5
/media/ullmann/HDDGabriel/engines/UnrealEngine/Engine/Source/Editor/DataLayerEditor/Private/DataLayer/DataLayerActorTreeItem.h,4,0,4
/media/ullmann/HDDGabriel/engines/UnrealEngine/Engine/Source/ThirdParty/PhysX3/APEX_1.4/module/destructible/fracture/SimScene.cpp,0,12,12
/media/ullmann/HDDGabriel/engines/UnrealEngine/Engine/Source/ThirdParty/PhysX3/APEX_1.4/module/destructible/fracture/FracturePattern.h,3,4,7
/media/ullmann/HDDGabriel/engines/UnrealEngine/Engine/Source/Runtime/Apple/MetalRHI/Private/MetalStateCache.cpp,0,7,7
/media/ullmann/HDDGabriel/engines/UnrealEngine/Engine/Source/Runtime/Apple/MetalRHI/Private/MetalStateCache.h,2,4,6
/media/ullmann/HDDGabriel/engines/UnrealEngine/Engine/Source/Editor/Persona/Private/PoseWatchManagerColumnLabel.h,2,4,6
/media/ullmann/HDDGabriel/engines/UnrealEngine/Engine/Source/Editor/Persona/Private/PoseWatchManagerPublicTypes.h,6,0,6
/media/ullmann/HDDGabriel/engines/UnrealEngine/Engine/Source/Runtime/Core/Public/Internationalization/TextLocalizationManager.h,3,0,3
/media/ullmann/HDDGabriel/engines/UnrealEngine/Engine/Source/ThirdParty/Imath/Deploy/Imath-3.1.3/include/Imath/ImathPlane.h,2,4,6
/media/ullmann/HDDGabriel/engines/UnrealEngine/Engine/Source/ThirdParty/Imath/Deploy/Imath-3.1.3/include/Imath/ImathVec.h,15,4,19
/media/ullmann/HDDGabriel/engines/UnrealEngine/Engine/Source/Runtime/HardwareSurvey/Public/HardwareSurvey.h,0,1,1
/media/ullmann/HDDGabriel/engines/UnrealEngine/Engine/Source/Runtime/HardwareSurvey/Public/IHardwareSurveyModule.h,1,0,1
/media/ullmann/HDDGabriel/engines/UnrealEngine/Engine/Source/Editor/LevelEditor/Private/SInViewportDetails.cpp,0,2,2
/media/ullmann/HDDGabriel/engines/UnrealEngine/Engine/Source/Editor/LevelEditor/Private/LevelEditorGenericDetails.h,3,0,3
/media/ullmann/HDDGabriel/engines/UnrealEngine/Engine/Source/ThirdParty/PhysX3/PhysX_3.4/Source/SimulationController/src/ScScene.cpp,0,15,15
/media/ullmann/HDDGabriel/engines/UnrealEngine/Engine/Source/ThirdParty/PhysX3/PhysX_3.4/Source/SimulationController/src/ScStaticSim.h,7,1,8
/media/ullmann/HDDGabriel/engines/UnrealEngine/Engine/Source/ThirdParty/openexr/openexr-3.1.1/src/lib/OpenEXR/ImfTiledInputFile.h,6,4,10
/media/ullmann/HDDGabriel/engines/UnrealEngine/Engine/Source/Runtime/Renderer/Private/SceneRendering.cpp,0,30,30
/media/ullmann/HDDGabriel/engines/UnrealEngine/Engine/Source/ThirdParty/SDL2/SDL-gui-backend/src/haptic/android/SDL_syshaptic.c,0,6,6
/media/ullmann/HDDGabriel/engines/UnrealEngine/Engine/Source/ThirdParty/SDL2/SDL-gui-backend/src/joystick/android/SDL_sysjoystick_c.h,3,2,5
/media/ullmann/HDDGabriel/engines/UnrealEngine/Engine/Source/ThirdParty/Intel/Embree/Embree2140/src/common/math/affinespace.h,0,4,4
/media/ullmann/HDDGabriel/engines/UnrealEngine/Engine/Source/ThirdParty/Intel/Embree/Embree2140/src/common/math/linearspace3.h,2,2,4
/media/ullmann/HDDGabriel/engines/UnrealEngine/Engine/Source/ThirdParty/HarfBuzz/harfbuzz-2.4.0/src/hb-ot-face.cc,0,15,15
/media/ullmann/HDDGabriel/engines/UnrealEngine/Engine/Source/ThirdParty/HarfBuzz/harfbuzz-2.4.0/src/hb-ot-cmap-table.hh,6,0,6
/media/ullmann/HDDGabriel/engines/UnrealEngine/Engine/Source/Runtime/Renderer/Private/DistanceFieldObjectCulling.cpp,0,8,8
/media/ullmann/HDDGabriel/engines/UnrealEngine/Engine/Source/Runtime/Renderer/Private/DistanceFieldLightingPost.h,6,1,7
/media/ullmann/HDDGabriel/engines/UnrealEngine/Engine/Source/ThirdParty/ICU/icu4c-53_1/source/test/intltest/ucdtest.h,2,1,3
/media/ullmann/HDDGabriel/engines/UnrealEngine/Engine/Source/Runtime/InteractiveToolsFramework/Public/ToolTargetManager.h,0,2,2
/media/ullmann/HDDGabriel/engines/UnrealEngine/Engine/Source/Runtime/InteractiveToolsFramework/Public/ToolTargets/ToolTarget.h,4,0,4
/media/ullmann/HDDGabriel/engines/UnrealEngine/Engine/Source/ThirdParty/ICU/icu4c-53_1/source/samples/layout/gdiglue.cpp,0,6,6
/media/ullmann/HDDGabriel/engines/UnrealEngine/Engine/Source/ThirdParty/ICU/icu4c-53_1/source/samples/layout/rsurface.h,6,0,6
/media/ullmann/HDDGabriel/engines/UnrealEngine/Engine/Source/Editor/DetailCustomizations/Private/MaterialExpressionTextureBaseDetails.h,2,0,2
/media/ullmann/HDDGabriel/engines/UnrealEngine/Engine/Source/ThirdParty/Breakpad/src/google_breakpad/common/minidump_format.h,0,13,13
/media/ullmann/HDDGabriel/engines/UnrealEngine/Engine/Source/ThirdParty/Breakpad/src/google_breakpad/common/minidump_exception_win32.h,1,0,1
/media/ullmann/HDDGabriel/engines/UnrealEngine/Engine/Source/ThirdParty/FreeType2/FreeType2-2.6/Src/cache/ftccache.h,1,1,2
/media/ullmann/HDDGabriel/engines/UnrealEngine/Engine/Source/ThirdParty/FreeType2/FreeType2-2.6/Src/cache/ftcmru.h,4,0,4
/media/ullmann/HDDGabriel/engines/UnrealEngine/Engine/Source/ThirdParty/ICU/icu4c-64_1/source/i18n/unicode/unum.h,10,0,10
/media/ullmann/HDDGabriel/engines/UnrealEngine/Engine/Source/ThirdParty/ICU/icu4c-64_1/source/common/uprops.cpp,0,17,17
/media/ullmann/HDDGabriel/engines/UnrealEngine/Engine/Source/ThirdParty/ICU/icu4c-64_1/source/common/mutex.h,18,3,21
/media/ullmann/HDDGabriel/engines/UnrealEngine/Engine/Source/ThirdParty/ICU/icu4c-53_1/source/i18n/timezone.cpp,0,9,9
/media/ullmann/HDDGabriel/engines/UnrealEngine/Engine/Source/ThirdParty/ICU/icu4c-53_1/source/i18n/olsontz.h,7,1,8
/media/ullmann/HDDGabriel/engines/UnrealEngine/Engine/Source/ThirdParty/SDL2/SDL-gui-backend/include/SDL.h,4,35,39
/media/ullmann/HDDGabriel/engines/UnrealEngine/Engine/Source/ThirdParty/SDL2/SDL-gui-backend/include/SDL_metal.h,1,3,4
/media/ullmann/HDDGabriel/engines/UnrealEngine/Engine/Source/ThirdParty/SDL2/SDL-gui-backend/src/audio/qsa/SDL_qsa_audio.c,0,4,4
/media/ullmann/HDDGabriel/engines/UnrealEngine/Engine/Source/ThirdParty/SDL2/SDL-gui-backend/src/audio/qsa/SDL_qsa_audio.h,1,2,3
/media/ullmann/HDDGabriel/engines/UnrealEngine/Engine/Source/ThirdParty/VHACD/inc/btConvexHullComputer.h,0,2,2
/media/ullmann/HDDGabriel/engines/UnrealEngine/Engine/Source/ThirdParty/VHACD/inc/btAlignedObjectArray.h,1,2,3
/media/ullmann/HDDGabriel/engines/UnrealEngine/Engine/Source/Runtime/Core/Public/Misc/OutputDeviceDebug.h,1,0,1
/media/ullmann/HDDGabriel/engines/UnrealEngine/Engine/Source/ThirdParty/WebRTC/4147/Include/third_party/libvpx/source/libvpx/vp8/encoder/segmentation.h,0,1,1
/media/ullmann/HDDGabriel/engines/UnrealEngine/Engine/Source/ThirdParty/WebRTC/4147/Include/third_party/libvpx/source/libvpx/vp8/encoder/onyx_int.h,5,5,10
/media/ullmann/HDDGabriel/engines/UnrealEngine/Engine/Source/ThirdParty/ICU/icu4c-64_1/source/i18n/buddhcal.h,2,2,4
/media/ullmann/HDDGabriel/engines/UnrealEngine/Engine/Source/ThirdParty/ICU/icu4c-64_1/source/i18n/unicode/calendar.h,24,0,24
/media/ullmann/HDDGabriel/engines/UnrealEngine/Engine/Source/ThirdParty/FreeType2/FreeType2-2.10.4/src/psaux/psaux.c,0,16,16
/media/ullmann/HDDGabriel/engines/UnrealEngine/Engine/Source/ThirdParty/FreeType2/FreeType2-2.10.4/src/psaux/t1cmap.c,1,2,3
/media/ullmann/HDDGabriel/engines/UnrealEngine/Engine/Source/ThirdParty/FreeImage/FreeImage-3.18.0/Source/FreeImage/J2KHelper.cpp,0,2,2
/media/ullmann/HDDGabriel/engines/UnrealEngine/Engine/Source/ThirdParty/FreeImage/FreeImage-3.18.0/Source/FreeImage/J2KHelper.h,3,0,3
/media/ullmann/HDDGabriel/engines/UnrealEngine/Engine/Source/Editor/UnrealEd/Private/UnrealEdEngine.cpp,0,7,7
/media/ullmann/HDDGabriel/engines/UnrealEngine/Engine/Source/Editor/UnrealEd/Private/Settings/ProjectPackagingSettingsCustomization.h,1,0,1
/media/ullmann/HDDGabriel/engines/UnrealEngine/Engine/Source/Programs/UnrealLightmass/Private/Lighting/SampleVolume.cpp,0,3,3
/media/ullmann/HDDGabriel/engines/UnrealEngine/Engine/Source/Programs/UnrealLightmass/Private/Lighting/Raster.h,6,0,6
/media/ullmann/HDDGabriel/engines/UnrealEngine/Engine/Source/Runtime/Renderer/Private/MobileDeferredShadingPass.cpp,0,5,5
/media/ullmann/HDDGabriel/engines/UnrealEngine/Engine/Source/Runtime/Renderer/Private/MobileDeferredShadingPass.h,2,0,2
/media/ullmann/HDDGabriel/engines/UnrealEngine/Engine/Source/ThirdParty/ICU/icu4c-53_1/source/i18n/tznames.cpp,0,3,3
/media/ullmann/HDDGabriel/engines/UnrealEngine/Engine/Source/ThirdParty/ICU/icu4c-53_1/source/i18n/unicode/tznames.h,4,0,4
/media/ullmann/HDDGabriel/engines/UnrealEngine/Engine/Source/ThirdParty/FreeType2/FreeType2-2.10.4/src/type1/type1.c,0,6,6
/media/ullmann/HDDGabriel/engines/UnrealEngine/Engine/Source/ThirdParty/ICU/icu4c-64_1/source/test/intltest/tscoll.cpp,0,23,23
/media/ullmann/HDDGabriel/engines/UnrealEngine/Engine/Source/ThirdParty/ICU/icu4c-64_1/source/test/intltest/allcoll.h,2,1,3
/media/ullmann/HDDGabriel/engines/UnrealEngine/Engine/Source/ThirdParty/ICU/icu4c-53_1/source/i18n/rbt_pars.cpp,0,9,9
/media/ullmann/HDDGabriel/engines/UnrealEngine/Engine/Source/ThirdParty/ICU/icu4c-53_1/source/i18n/funcrepl.h,2,1,3
/media/ullmann/HDDGabriel/engines/UnrealEngine/Engine/Source/ThirdParty/FreeType2/FreeType2-2.6/Src/pfr/pfrload.h,4,1,5
/media/ullmann/HDDGabriel/engines/UnrealEngine/Engine/Source/ThirdParty/FreeType2/FreeType2-2.6/Src/pfr/pfrobjs.h,5,1,6
/media/ullmann/HDDGabriel/engines/UnrealEngine/Engine/Source/ThirdParty/PhysX3/PhysX_3.4/Source/LowLevelDynamics/src/DyContactPrepPF.cpp,0,13,13
/media/ullmann/HDDGabriel/engines/UnrealEngine/Engine/Source/ThirdParty/PhysX3/PhysX_3.4/Source/LowLevelDynamics/src/DyThreadContext.h,6,3,9
/media/ullmann/HDDGabriel/engines/UnrealEngine/Engine/Source/Editor/MaterialEditor/Private/MaterialEditor.cpp,0,16,16
/media/ullmann/HDDGabriel/engines/UnrealEngine/Engine/Source/Editor/MaterialEditor/Private/Tabs/MaterialEditorTabFactories.h,2,0,2
/media/ullmann/HDDGabriel/engines/UnrealEngine/Engine/Source/Editor/DetailCustomizations/Private/VectorStructCustomization.h,2,0,2
/media/ullmann/HDDGabriel/engines/UnrealEngine/Engine/Source/ThirdParty/CryptoPP/5.6.5/include/socketft.h,2,5,7
/media/ullmann/HDDGabriel/engines/UnrealEngine/Engine/Source/ThirdParty/CryptoPP/5.6.5/include/network.h,3,4,7
/media/ullmann/HDDGabriel/engines/UnrealEngine/Engine/Source/ThirdParty/FreeType2/FreeType2-2.6/Src/cff/cf2blues.c,1,4,5
/media/ullmann/HDDGabriel/engines/UnrealEngine/Engine/Source/ThirdParty/FreeType2/FreeType2-2.6/Src/cff/cf2hints.h,4,0,4
/media/ullmann/HDDGabriel/engines/UnrealEngine/Engine/Source/ThirdParty/ICU/icu4c-53_1/source/common/util.h,5,3,8
/media/ullmann/HDDGabriel/engines/UnrealEngine/Engine/Source/Runtime/Engine/Public/GPUSkinPublicDefs.h,5,0,5
/media/ullmann/HDDGabriel/engines/UnrealEngine/Engine/Source/ThirdParty/ShaderConductor/ShaderConductor/External/SPIRV-Cross/spirv_cross_c.cpp,0,8,8
/media/ullmann/HDDGabriel/engines/UnrealEngine/Engine/Source/ThirdParty/ShaderConductor/ShaderConductor/External/SPIRV-Cross/spirv_cpp.hpp,3,1,4
/media/ullmann/HDDGabriel/engines/UnrealEngine/Engine/Source/ThirdParty/ICU/icu4c-64_1/source/i18n/regexst.h,4,1,5
/media/ullmann/HDDGabriel/engines/UnrealEngine/Engine/Source/ThirdParty/ICU/icu4c-64_1/source/i18n/regeximp.h,5,0,5
/media/ullmann/HDDGabriel/engines/UnrealEngine/Engine/Source/ThirdParty/openexr/openexr-3.1.1/Contrib/DtexToExr/PxDeepOutRow.h,2,2,4
/media/ullmann/HDDGabriel/engines/UnrealEngine/Engine/Source/ThirdParty/openexr/openexr-3.1.1/Contrib/DtexToExr/PxDeepOutPixel.h,3,1,4
/media/ullmann/HDDGabriel/engines/UnrealEngine/Engine/Source/ThirdParty/nvTextureTools/nvTextureTools-2.0.6/src/gnuwin32/include/png.h,0,2,2
/media/ullmann/HDDGabriel/engines/UnrealEngine/Engine/Source/ThirdParty/nvTextureTools/nvTextureTools-2.0.6/src/gnuwin32/include/pngconf.h,1,0,1
/media/ullmann/HDDGabriel/engines/UnrealEngine/Engine/Source/ThirdParty/Intel/TBB/IntelTBB-2019u8/src/test/test_task_priority.cpp,0,3,3
/media/ullmann/HDDGabriel/engines/UnrealEngine/Engine/Source/ThirdParty/Intel/TBB/IntelTBB-2019u8/src/test/harness_bad_expr.h,4,0,4
/media/ullmann/HDDGabriel/engines/UnrealEngine/Engine/Source/ThirdParty/Intel/TBB/IntelTBB-2019u8/src/test/test_eh_flow_graph.cpp,0,5,5
/media/ullmann/HDDGabriel/engines/UnrealEngine/Engine/Source/ThirdParty/Intel/TBB/IntelTBB-2019u8/src/test/harness_defs.h,26,0,26
/media/ullmann/HDDGabriel/engines/UnrealEngine/Engine/Source/Runtime/Engine/Private/SceneManagement.cpp,0,2,2
/media/ullmann/HDDGabriel/engines/UnrealEngine/Engine/Source/Runtime/Renderer/Private/SceneCore.h,12,0,12
/media/ullmann/HDDGabriel/engines/UnrealEngine/Engine/Source/ThirdParty/FreeType2/FreeType2-2.10.0/src/otvalid/otvalid.c,0,8,8
/media/ullmann/HDDGabriel/engines/UnrealEngine/Engine/Source/ThirdParty/FreeType2/FreeType2-2.10.0/src/otvalid/otvgdef.c,1,2,3
/media/ullmann/HDDGabriel/engines/UnrealEngine/Engine/Source/Runtime/AssetRegistry/Private/AssetRegistryState.cpp,0,6,6
/media/ullmann/HDDGabriel/engines/UnrealEngine/Engine/Source/Runtime/AssetRegistry/Private/AssetRegistryImpl.h,2,1,3
/media/ullmann/HDDGabriel/engines/UnrealEngine/Engine/Source/Runtime/LiveLinkInterface/Public/ILiveLinkClient.h,0,4,4
/media/ullmann/HDDGabriel/engines/UnrealEngine/Engine/Source/Runtime/LiveLinkInterface/Public/LiveLinkPresetTypes.h,1,2,3
/media/ullmann/HDDGabriel/engines/UnrealEngine/Engine/Source/ThirdParty/xxhash/tests/ppc_define.c,0,1,1
/media/ullmann/HDDGabriel/engines/UnrealEngine/Engine/Source/ThirdParty/ShaderConductor/ShaderConductor/External/DirectXShaderCompiler/tools/lli/ChildTarget/ChildTarget.cpp,0,5,5
/media/ullmann/HDDGabriel/engines/UnrealEngine/Engine/Source/ThirdParty/ShaderConductor/ShaderConductor/External/DirectXShaderCompiler/tools/lli/Unix/RPCChannel.inc,2,0,2
/media/ullmann/HDDGabriel/engines/UnrealEngine/Engine/Source/ThirdParty/OpenSubdiv/OpenSubdiv-3.4.4/examples/glStencilViewer/glStencilViewer.cpp,0,9,9
/media/ullmann/HDDGabriel/engines/UnrealEngine/Engine/Source/ThirdParty/Intel/TBB/IntelTBB-2019u8/src/old/concurrent_vector_v2.cpp,0,2,2
/media/ullmann/HDDGabriel/engines/UnrealEngine/Engine/Source/ThirdParty/Intel/TBB/IntelTBB-2019u8/src/tbb/itt_notify.h,25,2,27
/media/ullmann/HDDGabriel/engines/UnrealEngine/Engine/Source/ThirdParty/FreeImage/FreeImage-3.18.0/Source/LibTIFF4/mkg3states.c,0,2,2
/media/ullmann/HDDGabriel/engines/UnrealEngine/Engine/Source/ThirdParty/FreeImage/FreeImage-3.18.0/Source/LibTIFF4/tif_fax3.h,3,1,4
/media/ullmann/HDDGabriel/engines/UnrealEngine/Engine/Source/Editor/DetailCustomizations/Private/PostProcessSettingsCustomization.h,2,0,2
/media/ullmann/HDDGabriel/engines/UnrealEngine/Engine/Source/ThirdParty/libOpus/opus-1.1/celt/bands.c,0,10,10
/media/ullmann/HDDGabriel/engines/UnrealEngine/Engine/Source/ThirdParty/ICU/icu4c-64_1/source/common/normlzr.cpp,0,11,11
/media/ullmann/HDDGabriel/engines/UnrealEngine/Engine/Source/ThirdParty/ICU/icu4c-64_1/source/common/unicode/unistr.h,48,0,48
/media/ullmann/HDDGabriel/engines/UnrealEngine/Engine/Source/ThirdParty/openexr/openexr-3.1.1/Contrib/DtexToExr/PxFourChanDeepRgba.h,1,2,3
/media/ullmann/HDDGabriel/engines/UnrealEngine/Engine/Source/ThirdParty/openexr/openexr-3.1.1/Contrib/DtexToExr/PxDeepUtils.h,8,0,8
/media/ullmann/HDDGabriel/engines/UnrealEngine/Engine/Source/ThirdParty/FreeType2/FreeType2-2.6/Src/cff/cffobjs.c,1,5,6
/media/ullmann/HDDGabriel/engines/UnrealEngine/Engine/Source/ThirdParty/FreeType2/FreeType2-2.6/Src/cff/cffobjs.h,4,1,5
/media/ullmann/HDDGabriel/engines/UnrealEngine/Engine/Source/ThirdParty/Crunch/src/crnlib/crn_core.cpp,0,2,2
/media/ullmann/HDDGabriel/engines/UnrealEngine/Engine/Source/ThirdParty/Crunch/src/crnlib/crn_winhdr.h,12,0,12
/media/ullmann/HDDGabriel/engines/UnrealEngine/Engine/Source/ThirdParty/ICU/icu4c-64_1/source/test/intltest/tsdtfmsy.h,2,1,3
/media/ullmann/HDDGabriel/engines/UnrealEngine/Engine/Source/ThirdParty/ICU/icu4c-64_1/source/i18n/decNumber.cpp,0,2,2
/media/ullmann/HDDGabriel/engines/UnrealEngine/Engine/Source/ThirdParty/ICU/icu4c-64_1/source/i18n/decNumber.h,7,0,7
/media/ullmann/HDDGabriel/engines/UnrealEngine/Engine/Source/ThirdParty/Intel/Embree/Embree2140/src/common/simd/vint4_sse2.h,1,1,2
/media/ullmann/HDDGabriel/engines/UnrealEngine/Engine/Source/Runtime/Slate/Public/Slate.h,0,2,2
/media/ullmann/HDDGabriel/engines/UnrealEngine/Engine/Source/ThirdParty/FreeType2/FreeType2-2.10.4/src/type42/type42.c,0,3,3
/media/ullmann/HDDGabriel/engines/UnrealEngine/Engine/Source/ThirdParty/FreeType2/FreeType2-2.10.4/src/type42/t42objs.c,1,3,4
/media/ullmann/HDDGabriel/engines/UnrealEngine/Engine/Source/ThirdParty/CryptoPP/5.6.2/include/modes.h,10,6,16
/media/ullmann/HDDGabriel/engines/UnrealEngine/Engine/Source/ThirdParty/CryptoPP/5.6.2/include/argnames.h,13,1,14
/media/ullmann/HDDGabriel/engines/UnrealEngine/Engine/Source/Editor/BlueprintGraph/Classes/K2Node_BreakStruct.h,0,1,1
/media/ullmann/HDDGabriel/engines/UnrealEngine/Engine/Source/Editor/BlueprintGraph/Classes/K2Node_StructMemberGet.h,1,2,3
/media/ullmann/HDDGabriel/engines/UnrealEngine/Engine/Source/Editor/UnrealEd/Public/EditorModeManager.h,2,3,5
/media/ullmann/HDDGabriel/engines/UnrealEngine/Engine/Source/Editor/UnrealEd/Public/Editor.h,6,1,7
/media/ullmann/HDDGabriel/engines/UnrealEngine/Engine/Source/ThirdParty/FreeType2/FreeType2-2.6/Src/type42/t42objs.c,1,3,4
/media/ullmann/HDDGabriel/engines/UnrealEngine/Engine/Source/ThirdParty/FreeType2/FreeType2-2.6/Src/type42/t42objs.h,3,1,4
/media/ullmann/HDDGabriel/engines/UnrealEngine/Engine/Source/Runtime/MovieSceneTracks/Private/Evaluation/MovieSceneSkeletalAnimationTemplate.cpp,0,1,1
/media/ullmann/HDDGabriel/engines/UnrealEngine/Engine/Source/Runtime/AnimGraphRuntime/Public/AnimSequencerInstance.h,2,1,3
/media/ullmann/HDDGabriel/engines/UnrealEngine/Engine/Source/ThirdParty/FreeImage/FreeImage-3.18.0/Source/OpenEXR/IlmImf/ImfChannelList.cpp,0,2,2
/media/ullmann/HDDGabriel/engines/UnrealEngine/Engine/Source/ThirdParty/openexr/openexr-3.1.1/src/lib/OpenEXRUtil/ImfDeepImageChannel.cpp,0,3,3
/media/ullmann/HDDGabriel/engines/UnrealEngine/Engine/Source/ThirdParty/openexr/openexr-3.1.1/src/lib/OpenEXRUtil/ImfUtilExport.h,17,0,17
/media/ullmann/HDDGabriel/engines/UnrealEngine/Engine/Source/ThirdParty/FreeType2/FreeType2-2.10.0/src/gzip/zutil.h,7,1,8
/media/ullmann/HDDGabriel/engines/UnrealEngine/Engine/Source/ThirdParty/FreeType2/FreeType2-2.10.0/src/gzip/zlib.h,3,1,4
/media/ullmann/HDDGabriel/engines/UnrealEngine/Engine/Source/ThirdParty/ICU/icu4c-64_1/source/i18n/dangical.cpp,0,6,6
/media/ullmann/HDDGabriel/engines/UnrealEngine/Engine/Source/ThirdParty/ICU/icu4c-64_1/source/i18n/dangical.h,2,3,5
/media/ullmann/HDDGabriel/engines/UnrealEngine/Engine/Source/ThirdParty/Boost/boost-1_70_0/include/boost/polygon/point_data.hpp,3,2,5
/media/ullmann/HDDGabriel/engines/UnrealEngine/Engine/Source/ThirdParty/Android/libunwind/libunwind/src/x86/Lstep.c,0,1,1
/media/ullmann/HDDGabriel/engines/UnrealEngine/Engine/Source/ThirdParty/Android/libunwind/libunwind/src/x86/Gstep.c,1,2,3
/media/ullmann/HDDGabriel/engines/UnrealEngine/Engine/Source/ThirdParty/FontConfig/fontconfig-2.13.94/src/fcinit.c,0,1,1
/media/ullmann/HDDGabriel/engines/UnrealEngine/Engine/Source/ThirdParty/FreeType2/FreeType2-2.4.12/src/cff/cff.c,0,16,16
/media/ullmann/HDDGabriel/engines/UnrealEngine/Engine/Source/ThirdParty/FreeType2/FreeType2-2.4.12/src/cff/cf2ft.c,1,3,4
/media/ullmann/HDDGabriel/engines/UnrealEngine/Engine/Source/ThirdParty/libPNG/libPNG-1.6.37/png.h,20,2,22
/media/ullmann/HDDGabriel/engines/UnrealEngine/Engine/Source/ThirdParty/libPNG/libPNG-1.6.37/pnglibconf.h,2,0,2
/media/ullmann/HDDGabriel/engines/UnrealEngine/Engine/Source/ThirdParty/ShaderConductor/ShaderConductor/External/DirectXShaderCompiler/include/dxc/dxcapi.internal.h,0,1,1
/media/ullmann/HDDGabriel/engines/UnrealEngine/Engine/Source/ThirdParty/ShaderConductor/ShaderConductor/External/DirectXShaderCompiler/include/dxc/dxcapi.h,2,0,2
/media/ullmann/HDDGabriel/engines/UnrealEngine/Engine/Source/ThirdParty/FreeType2/FreeType2-2.6/Src/psnames/psmodule.c,1,4,5
/media/ullmann/HDDGabriel/engines/UnrealEngine/Engine/Source/ThirdParty/FreeType2/FreeType2-2.6/Src/psnames/psnamerr.h,2,0,2
/media/ullmann/HDDGabriel/engines/UnrealEngine/Engine/Source/ThirdParty/FreeType2/FreeType2-2.4.12/src/base/ftbase.c,0,14,14
/media/ullmann/HDDGabriel/engines/UnrealEngine/Engine/Source/ThirdParty/FreeType2/FreeType2-2.4.12/src/base/fttrigon.c,1,0,1
/media/ullmann/HDDGabriel/engines/UnrealEngine/Engine/Source/Editor/SceneOutliner/Private/ActorDescTreeItem.cpp,0,1,1
/media/ullmann/HDDGabriel/engines/UnrealEngine/Engine/Source/Editor/SceneOutliner/Private/SSocketChooser.h,7,0,7
/media/ullmann/HDDGabriel/engines/UnrealEngine/Engine/Source/ThirdParty/Intel/ISPC/ispc-1.17.0/examples/xpu/sgemm/sgemm.cpp,0,2,2
/media/ullmann/HDDGabriel/engines/UnrealEngine/Engine/Source/ThirdParty/Intel/ISPC/ispc-1.17.0/examples/xpu/sgemm/sgemm.hpp,3,0,3
/media/ullmann/HDDGabriel/engines/UnrealEngine/Engine/Source/ThirdParty/FreeType2/FreeType2-2.4.12/src/truetype/ttinterp.c,1,3,4
/media/ullmann/HDDGabriel/engines/UnrealEngine/Engine/Source/ThirdParty/FreeType2/FreeType2-2.4.12/src/truetype/ttsubpix.h,3,2,5
/media/ullmann/HDDGabriel/engines/UnrealEngine/Engine/Source/ThirdParty/libOpus/opus-1.1/speex_resampler/resample.c,0,4,4
/media/ullmann/HDDGabriel/engines/UnrealEngine/Engine/Source/ThirdParty/libOpus/opus-1.1/speex_resampler/resample_sse.h,1,0,1
/media/ullmann/HDDGabriel/engines/UnrealEngine/Engine/Source/ThirdParty/libPNG/libPNG-1.5.27/contrib/gregbook/rpng-x.c,0,1,1
/media/ullmann/HDDGabriel/engines/UnrealEngine/Engine/Source/Runtime/Engine/Private/Streaming/Texture2DStreamIn_IO_AsyncCreate.h,1,1,2
/media/ullmann/HDDGabriel/engines/UnrealEngine/Engine/Source/Runtime/Engine/Private/Streaming/Texture2DStreamIn_IO.h,3,1,4
/media/ullmann/HDDGabriel/engines/UnrealEngine/Engine/Source/ThirdParty/Intel/TBB/IntelTBB-2019u8/examples/graph/fgbzip2/compress.cpp,0,1,1
/media/ullmann/HDDGabriel/engines/UnrealEngine/Engine/Source/ThirdParty/Intel/TBB/IntelTBB-2019u8/examples/graph/fgbzip2/bzlib_private.h,7,1,8
/media/ullmann/HDDGabriel/engines/UnrealEngine/Engine/Source/ThirdParty/OpenVDB/openvdb-8.1.0/openvdb/openvdb/points/PointConversion.h,0,6,6
/media/ullmann/HDDGabriel/engines/UnrealEngine/Engine/Source/ThirdParty/OpenVDB/openvdb-8.1.0/openvdb/openvdb/points/PointDataGrid.h,10,5,15
/media/ullmann/HDDGabriel/engines/UnrealEngine/Engine/Source/ThirdParty/PhysX3/PhysX_3.4/Source/PhysXExtensions/src/ExtRevoluteJointSolverPrep.cpp,0,2,2
/media/ullmann/HDDGabriel/engines/UnrealEngine/Engine/Source/ThirdParty/PhysX3/PhysX_3.4/Source/PhysXExtensions/src/ExtConstraintHelper.h,10,1,11
/media/ullmann/HDDGabriel/engines/UnrealEngine/Engine/Source/ThirdParty/Python3/Linux/include/python3.9/import.h,1,1,2
/media/ullmann/HDDGabriel/engines/UnrealEngine/Engine/Source/Editor/Kismet/Public/SMyBlueprint.h,0,1,1
/media/ullmann/HDDGabriel/engines/UnrealEngine/Engine/Source/Editor/Kismet/Public/BlueprintEditor.h,6,2,8
/media/ullmann/HDDGabriel/engines/UnrealEngine/Engine/Source/Runtime/Core/Public/HAL/UnrealMemory.h,3,0,3
/media/ullmann/HDDGabriel/engines/UnrealEngine/Engine/Source/Runtime/Renderer/Private/VisualizeTexturePresent.h,4,1,5
/media/ullmann/HDDGabriel/engines/UnrealEngine/Engine/Source/ThirdParty/ICU/icu4c-53_1/source/i18n/dtptngen.cpp,0,11,11
/media/ullmann/HDDGabriel/engines/UnrealEngine/Engine/Source/ThirdParty/HarfBuzz/harfbuzz-1.2.4/src/hb-ot-layout.cc,0,7,7
/media/ullmann/HDDGabriel/engines/UnrealEngine/Engine/Source/ThirdParty/HarfBuzz/harfbuzz-1.2.4/src/hb-ot-layout-private.hh,6,0,6
/media/ullmann/HDDGabriel/engines/UnrealEngine/Engine/Source/ThirdParty/ICU/icu4c-64_1/source/i18n/collationsettings.h,13,2,15
/media/ullmann/HDDGabriel/engines/UnrealEngine/Engine/Source/ThirdParty/Intel/TBB/IntelTBB-2019u8/examples/parallel_for/tachyon/src/objbound.cpp,0,5,5
/media/ullmann/HDDGabriel/engines/UnrealEngine/Engine/Source/ThirdParty/Intel/TBB/IntelTBB-2019u8/include/tbb/internal/_x86_rtm_rw_mutex_impl.h,1,4,5
/media/ullmann/HDDGabriel/engines/UnrealEngine/Engine/Source/ThirdParty/Imath/Deploy/Imath-3.1.3/include/Imath/half.h,3,3,6
/media/ullmann/HDDGabriel/engines/UnrealEngine/Engine/Source/ThirdParty/Imath/Deploy/Imath-3.1.3/include/Imath/ImathPlatform.h,5,1,6
/media/ullmann/HDDGabriel/engines/UnrealEngine/Engine/Source/Runtime/Apple/MetalRHI/Private/MetalContext.h,3,6,9
/media/ullmann/HDDGabriel/engines/UnrealEngine/Engine/Source/Runtime/Apple/MetalRHI/Private/MetalCommandEncoder.h,5,7,12
/media/ullmann/HDDGabriel/engines/UnrealEngine/Engine/Source/ThirdParty/SDL2/SDL-gui-backend/src/video/x11/SDL_x11framebuffer.c,0,3,3
/media/ullmann/HDDGabriel/engines/UnrealEngine/Engine/Source/ThirdParty/SDL2/SDL-gui-backend/src/joystick/emscripten/SDL_sysjoystick.c,0,3,3
/media/ullmann/HDDGabriel/engines/UnrealEngine/Engine/Source/ThirdParty/SDL2/SDL-gui-backend/src/joystick/SDL_joystick_c.h,17,1,18
/media/ullmann/HDDGabriel/engines/UnrealEngine/Engine/Source/ThirdParty/CryptoPP/5.6.5/include/winpipes.cpp,0,4,4
/media/ullmann/HDDGabriel/engines/UnrealEngine/Engine/Source/ThirdParty/libOpus/opus-1.3.1-12/celt/stack_alloc.h,11,1,12
/media/ullmann/HDDGabriel/engines/UnrealEngine/Engine/Source/ThirdParty/libOpus/opus-1.3.1-12/celt/os_support.h,16,0,16
/media/ullmann/HDDGabriel/engines/UnrealEngine/Engine/Source/ThirdParty/Eigen/Eigen/src/Eigenvalues/GeneralizedSelfAdjointEigenSolver.h,0,1,1
/media/ullmann/HDDGabriel/engines/UnrealEngine/Engine/Source/ThirdParty/Eigen/Eigen/src/Eigenvalues/Tridiagonalization.h,2,0,2
/media/ullmann/HDDGabriel/engines/UnrealEngine/Engine/Source/ThirdParty/HarfBuzz/harfbuzz-2.4.0/src/hb-ot-font.cc,0,17,17
/media/ullmann/HDDGabriel/engines/UnrealEngine/Engine/Source/ThirdParty/HarfBuzz/harfbuzz-2.4.0/src/hb-ot-os2-table.hh,3,0,3
/media/ullmann/HDDGabriel/engines/UnrealEngine/Engine/Source/ThirdParty/Steamworks/Steamv146/sdk/public/steam/isteamhttp.h,1,2,3
/media/ullmann/HDDGabriel/engines/UnrealEngine/Engine/Source/ThirdParty/Steamworks/Steamv146/sdk/public/steam/steamhttpenums.h,1,0,1
/media/ullmann/HDDGabriel/engines/UnrealEngine/Engine/Source/ThirdParty/ICU/icu4c-64_1/source/common/unicode/locid.h,14,0,14
/media/ullmann/HDDGabriel/engines/UnrealEngine/Engine/Source/ThirdParty/OpenVDB/openvdb-8.1.0/openvdb/openvdb/io/Queue.cc,0,3,3
/media/ullmann/HDDGabriel/engines/UnrealEngine/Engine/Source/ThirdParty/OpenVDB/openvdb-8.1.0/openvdb/openvdb/io/Queue.h,1,0,1
/media/ullmann/HDDGabriel/engines/UnrealEngine/Engine/Source/ThirdParty/ShaderConductor/ShaderConductor/External/DirectXShaderCompiler/lib/CodeGen/AsmPrinter/DwarfCompileUnit.cpp,0,2,2
/media/ullmann/HDDGabriel/engines/UnrealEngine/Engine/Source/ThirdParty/ShaderConductor/ShaderConductor/External/DirectXShaderCompiler/lib/CodeGen/AsmPrinter/DwarfCompileUnit.h,5,1,6
/media/ullmann/HDDGabriel/engines/UnrealEngine/Engine/Source/ThirdParty/SDL2/SDL-gui-backend/src/video/riscos/SDL_riscosframebuffer.c,0,5,5
/media/ullmann/HDDGabriel/engines/UnrealEngine/Engine/Source/ThirdParty/ICU/icu4c-64_1/source/i18n/erarules.cpp,0,3,3
/media/ullmann/HDDGabriel/engines/UnrealEngine/Engine/Source/ThirdParty/ICU/icu4c-64_1/source/i18n/unicode/ucal.h,5,0,5
/media/ullmann/HDDGabriel/engines/UnrealEngine/Engine/Source/Developer/Windows/LiveCodingServer/Private/External/LC_ServerCommandThread.cpp,0,16,16
/media/ullmann/HDDGabriel/engines/UnrealEngine/Engine/Source/Developer/Windows/LiveCodingServer/Private/External/LC_AppSettings.h,10,1,11
/media/ullmann/HDDGabriel/engines/UnrealEngine/Engine/Source/ThirdParty/ICU/icu4c-64_1/source/common/locdspnm.cpp,0,15,15
/media/ullmann/HDDGabriel/engines/UnrealEngine/Engine/Source/ThirdParty/ICU/icu4c-64_1/source/common/ureslocs.h,3,2,5
/media/ullmann/HDDGabriel/engines/UnrealEngine/Engine/Source/Runtime/D3D12RHI/Private/Windows/WindowsD3D12Device.cpp,0,2,2
/media/ullmann/HDDGabriel/engines/UnrealEngine/Engine/Source/Runtime/HeadMountedDisplay/Public/IHeadMountedDisplayModule.h,9,0,9
/media/ullmann/HDDGabriel/engines/UnrealEngine/Engine/Source/ThirdParty/SDL2/SDL-gui-backend/src/video/android/SDL_androidwindow.h,6,3,9
/media/ullmann/HDDGabriel/engines/UnrealEngine/Engine/Source/ThirdParty/SDL2/SDL-gui-backend/src/video/SDL_egl_c.h,24,2,26
/media/ullmann/HDDGabriel/engines/UnrealEngine/Engine/Source/ThirdParty/OpenVDB/openvdb-8.1.0/openvdb/openvdb/points/AttributeArrayString.h,4,1,5
/media/ullmann/HDDGabriel/engines/UnrealEngine/Engine/Source/ThirdParty/openexr/openexr-3.1.1/src/examples/namespaceAlias.h,8,0,8
/media/ullmann/HDDGabriel/engines/UnrealEngine/Engine/Source/Editor/MaterialEditor/Private/MaterialEditor.h,11,2,13
/media/ullmann/HDDGabriel/engines/UnrealEngine/Engine/Source/Editor/PropertyEditor/Public/IDetailsView.h,4,2,6
/media/ullmann/HDDGabriel/engines/UnrealEngine/Engine/Source/ThirdParty/ICU/icu4c-53_1/source/test/intltest/srchtest.h,2,1,3
/media/ullmann/HDDGabriel/engines/UnrealEngine/Engine/Source/ThirdParty/CryptoPP/5.6.2/include/modarith.h,10,4,14
/media/ullmann/HDDGabriel/engines/UnrealEngine/Engine/Source/ThirdParty/CryptoPP/5.6.2/include/algebra.h,7,2,9
/media/ullmann/HDDGabriel/engines/UnrealEngine/Engine/Source/ThirdParty/PhysX3/NvCloth/src/dx/DxCloth.cpp,0,9,9
/media/ullmann/HDDGabriel/engines/UnrealEngine/Engine/Source/ThirdParty/PhysX3/NvCloth/src/dx/DxCloth.h,5,8,13
/media/ullmann/HDDGabriel/engines/UnrealEngine/Engine/Source/ThirdParty/Android/libunwind/libunwind/src/x86_64/Gregs.c,1,1,2
/media/ullmann/HDDGabriel/engines/UnrealEngine/Engine/Source/ThirdParty/Android/libunwind/libunwind/src/x86_64/unwind_i.h,16,0,16
/media/ullmann/HDDGabriel/engines/UnrealEngine/Engine/Source/ThirdParty/Intel/TBB/IntelTBB-2019u8/src/test/test_join_node_key_matching.cpp,0,1,1
/media/ullmann/HDDGabriel/engines/UnrealEngine/Engine/Source/ThirdParty/Intel/TBB/IntelTBB-2019u8/src/test/test_join_node.h,3,2,5
/media/ullmann/HDDGabriel/engines/UnrealEngine/Engine/Source/ThirdParty/Crunch/src/crnlib/crn_dxt5a.h,5,1,6
/media/ullmann/HDDGabriel/engines/UnrealEngine/Engine/Source/ThirdParty/coremod/coremod-4.2.6/src/player.c,0,5,5
/media/ullmann/HDDGabriel/engines/UnrealEngine/Engine/Source/ThirdParty/coremod/coremod-4.2.6/src/virtual.h,7,1,8
/media/ullmann/HDDGabriel/engines/UnrealEngine/Engine/Source/ThirdParty/ICU/icu4c-64_1/source/common/unicode/uniset.h,29,0,29
/media/ullmann/HDDGabriel/engines/UnrealEngine/Engine/Source/ThirdParty/ICU/icu4c-64_1/source/common/normalizer2impl.cpp,0,20,20
/media/ullmann/HDDGabriel/engines/UnrealEngine/Engine/Source/ThirdParty/ICU/icu4c-64_1/source/common/uset_imp.h,8,2,10
/media/ullmann/HDDGabriel/engines/UnrealEngine/Engine/Source/Runtime/WebBrowser/Private/WebBrowserSingleton.h,2,2,4
/media/ullmann/HDDGabriel/engines/UnrealEngine/Engine/Source/Runtime/WebBrowser/Private/CEF/CEFSchemeHandler.h,2,0,2
/media/ullmann/HDDGabriel/engines/UnrealEngine/Engine/Source/ThirdParty/EOSSDK/SDK/Bin/Android/include/eos_achievements.h,0,1,1
/media/ullmann/HDDGabriel/engines/UnrealEngine/Engine/Source/Developer/Windows/LiveCoding/Private/External/LC_DuplexPipeClient.cpp,0,2,2
/media/ullmann/HDDGabriel/engines/UnrealEngine/Engine/Source/Developer/Windows/LiveCoding/Private/External/LC_Logging.h,18,1,19
/media/ullmann/HDDGabriel/engines/UnrealEngine/Engine/Source/ThirdParty/Intel/ISPC/ispc-1.16.1/src/func.cpp,0,9,9
/media/ullmann/HDDGabriel/engines/UnrealEngine/Engine/Source/ThirdParty/Intel/ISPC/ispc-1.16.1/src/sym.h,11,2,13
/media/ullmann/HDDGabriel/engines/UnrealEngine/Engine/Source/ThirdParty/ICU/icu4c-64_1/source/common/ucnvscsu.cpp,0,7,7
/media/ullmann/HDDGabriel/engines/UnrealEngine/Engine/Source/ThirdParty/OpenVDB/openvdb-8.1.0/openvdb/openvdb/openvdb.cc,0,5,5
/media/ullmann/HDDGabriel/engines/UnrealEngine/Engine/Source/ThirdParty/OpenVDB/openvdb-8.1.0/openvdb/openvdb/tools/PointIndexGrid.h,2,1,3
/media/ullmann/HDDGabriel/engines/UnrealEngine/Engine/Source/ThirdParty/PhysX3/APEX_1.4/module/clothing/embedded/LowLevelCloth/src/TripletScheduler.cpp,0,1,1
/media/ullmann/HDDGabriel/engines/UnrealEngine/Engine/Source/ThirdParty/PhysX3/APEX_1.4/module/clothing/embedded/LowLevelCloth/src/TripletScheduler.h,2,2,4
/media/ullmann/HDDGabriel/engines/UnrealEngine/Engine/Source/ThirdParty/ICU/icu4c-53_1/source/layout/DeviceTables.cpp,0,4,4
/media/ullmann/HDDGabriel/engines/UnrealEngine/Engine/Source/ThirdParty/ICU/icu4c-53_1/source/layout/LESwaps.h,58,1,59
/media/ullmann/HDDGabriel/engines/UnrealEngine/Engine/Source/ThirdParty/ICU/icu4c-53_1/source/test/intltest/windttst.cpp,0,2,2
/media/ullmann/HDDGabriel/engines/UnrealEngine/Engine/Source/ThirdParty/ICU/icu4c-53_1/source/test/intltest/winutil.h,3,0,3
/media/ullmann/HDDGabriel/engines/UnrealEngine/Engine/Source/ThirdParty/ICU/icu4c-53_1/source/common/unicode/uscript.h,11,0,11
/media/ullmann/HDDGabriel/engines/UnrealEngine/Engine/Source/Editor/MovieSceneTools/Private/MovieSceneToolsModule.cpp,0,38,38
/media/ullmann/HDDGabriel/engines/UnrealEngine/Engine/Source/Editor/MovieSceneTools/Private/TrackEditors/MaterialParameterCollectionTrackEditor.h,1,0,1
/media/ullmann/HDDGabriel/engines/UnrealEngine/Engine/Source/ThirdParty/OpenSubdiv/Deploy/OpenSubdiv-3.4.4/include/opensubdiv/sdc/loopScheme.h,1,2,3
/media/ullmann/HDDGabriel/engines/UnrealEngine/Engine/Source/ThirdParty/OpenSubdiv/Deploy/OpenSubdiv-3.4.4/include/opensubdiv/sdc/scheme.h,3,4,7
/media/ullmann/HDDGabriel/engines/UnrealEngine/Engine/Source/ThirdParty/OpenVDB/Deploy/openvdb-8.1.0/include/openvdb/math/Vec4.h,1,3,4
/media/ullmann/HDDGabriel/engines/UnrealEngine/Engine/Source/ThirdParty/OpenVDB/Deploy/openvdb-8.1.0/include/openvdb/math/Tuple.h,3,1,4
/media/ullmann/HDDGabriel/engines/UnrealEngine/Engine/Source/ThirdParty/FreeImage/FreeImage-3.18.0/Source/LibJPEG/jcmarker.c,0,2,2
/media/ullmann/HDDGabriel/engines/UnrealEngine/Engine/Source/ThirdParty/Steamworks/Steamv147/sdk/public/steam/isteamremoteplay.h,1,1,2
/media/ullmann/HDDGabriel/engines/UnrealEngine/Engine/Source/ThirdParty/SDL2/SDL-gui-backend/src/audio/wasapi/SDL_wasapi_win32.c,0,5,5
/media/ullmann/HDDGabriel/engines/UnrealEngine/Engine/Source/ThirdParty/PhysX3/PhysX_3.4/Source/PhysXCharacterKinematic/src/CctCharacterControllerCallbacks.cpp,0,3,3
/media/ullmann/HDDGabriel/engines/UnrealEngine/Engine/Source/ThirdParty/PhysX3/PhysX_3.4/Source/PhysXCharacterKinematic/src/CctObstacleContext.h,4,0,4
/media/ullmann/HDDGabriel/engines/UnrealEngine/Engine/Source/Developer/Merge/Private/Merge.cpp,0,3,3
/media/ullmann/HDDGabriel/engines/UnrealEngine/Engine/Source/Developer/Merge/Private/BlueprintMergeData.h,6,0,6
/media/ullmann/HDDGabriel/engines/UnrealEngine/Engine/Source/ThirdParty/openexr/openexr-3.1.1/src/lib/OpenEXRCore/memory.c,0,1,1
/media/ullmann/HDDGabriel/engines/UnrealEngine/Engine/Source/ThirdParty/openexr/openexr-3.1.1/src/lib/OpenEXRCore/internal_memory.h,3,1,4
/media/ullmann/HDDGabriel/engines/UnrealEngine/Engine/Source/ThirdParty/ICU/icu4c-53_1/source/layout/IndicRearrangementProcessor2.h,2,5,7
/media/ullmann/HDDGabriel/engines/UnrealEngine/Engine/Source/ThirdParty/Intel/Embree/Embree2140/src/common/math/vec3ba.h,2,3,5
/media/ullmann/HDDGabriel/engines/UnrealEngine/Engine/Source/ThirdParty/Intel/Embree/Embree2140/src/common/math/math.h,15,2,17
/media/ullmann/HDDGabriel/engines/UnrealEngine/Engine/Source/Runtime/ClothingSystemRuntimeCommon/Public/ClothLODData.h,1,2,3
/media/ullmann/HDDGabriel/engines/UnrealEngine/Engine/Source/Runtime/ClothingSystemRuntimeCommon/Public/ClothPhysicalMeshData.h,2,2,4
/media/ullmann/HDDGabriel/engines/UnrealEngine/Engine/Source/ThirdParty/OpenVDB/Deploy/openvdb-8.1.0/include/openvdb/points/PointConversion.h,0,6,6
/media/ullmann/HDDGabriel/engines/UnrealEngine/Engine/Source/ThirdParty/OpenVDB/Deploy/openvdb-8.1.0/include/openvdb/points/AttributeArrayString.h,3,1,4
/media/ullmann/HDDGabriel/engines/UnrealEngine/Engine/Source/Editor/BlueprintGraph/Private/DynamicCastHandler.cpp,0,1,1
/media/ullmann/HDDGabriel/engines/UnrealEngine/Engine/Source/Editor/BlueprintGraph/Private/DynamicCastHandler.h,3,0,3
/media/ullmann/HDDGabriel/engines/UnrealEngine/Engine/Source/ThirdParty/Vorbis/libvorbis-1.3.2/lib/lookup.c,1,4,5
/media/ullmann/HDDGabriel/engines/UnrealEngine/Engine/Source/Runtime/Renderer/Private/Lumen/LumenSceneRendering.h,7,1,8
/media/ullmann/HDDGabriel/engines/UnrealEngine/Engine/Source/ThirdParty/SDL2/SDL-gui-backend/src/video/pandora/SDL_pandora.h,1,2,3
/media/ullmann/HDDGabriel/engines/UnrealEngine/Engine/Source/ThirdParty/FreeType2/FreeType2-2.10.4/src/base/ftutil.c,1,0,1
/media/ullmann/HDDGabriel/engines/UnrealEngine/Engine/Source/Runtime/Core/Public/Misc/QueuedThreadPool.h,3,0,3
/media/ullmann/HDDGabriel/engines/UnrealEngine/Engine/Source/ThirdParty/Intel/TBB/IntelTBB-2019u8/src/test/test_join_node.cpp,0,1,1
/media/ullmann/HDDGabriel/engines/UnrealEngine/Engine/Source/ThirdParty/ICU/icu4c-53_1/source/test/intltest/aliastst.cpp,0,1,1
/media/ullmann/HDDGabriel/engines/UnrealEngine/Engine/Source/ThirdParty/ICU/icu4c-53_1/source/test/intltest/aliastst.h,2,1,3
/media/ullmann/HDDGabriel/engines/UnrealEngine/Engine/Source/ThirdParty/Imath/Imath-3.1.3/src/python/PyImath/PyImathBufferProtocol.h,3,0,3
/media/ullmann/HDDGabriel/engines/UnrealEngine/Engine/Source/ThirdParty/nvTextureTools/nvTextureTools-2.0.6/src/src/nvcore/Library.cpp,0,2,2
/media/ullmann/HDDGabriel/engines/UnrealEngine/Engine/Source/ThirdParty/nvTextureTools/nvTextureTools-2.0.6/src/src/nvcore/Library.h,1,0,1
/media/ullmann/HDDGabriel/engines/UnrealEngine/Engine/Source/ThirdParty/mtlpp/mtlpp-master-7efad47/src/capture_scope.hpp,1,3,4
/media/ullmann/HDDGabriel/engines/UnrealEngine/Engine/Source/ThirdParty/mtlpp/mtlpp-master-7efad47/src/ns.hpp,21,3,24
/media/ullmann/HDDGabriel/engines/UnrealEngine/Engine/Source/ThirdParty/Imath/Deploy/Imath-3.1.3/include/Imath/ImathInterval.h,0,3,3
/media/ullmann/HDDGabriel/engines/UnrealEngine/Engine/Source/ThirdParty/CryptoPP/5.6.2/include/adhoc.cpp,0,4,4
/media/ullmann/HDDGabriel/engines/UnrealEngine/Engine/Source/ThirdParty/CryptoPP/5.6.2/include/files.h,9,3,12
/media/ullmann/HDDGabriel/engines/UnrealEngine/Engine/Source/ThirdParty/PhysX3/PhysX_3.4/Source/PhysX/src/buffering/ScbShape.cpp,0,1,1
/media/ullmann/HDDGabriel/engines/UnrealEngine/Engine/Source/ThirdParty/PhysX3/PhysX_3.4/Source/PhysX/src/buffering/ScbShape.h,5,2,7
/media/ullmann/HDDGabriel/engines/UnrealEngine/Engine/Source/ThirdParty/SDL2/SDL-gui-backend/include/SDL_error.h,20,3,23
/media/ullmann/HDDGabriel/engines/UnrealEngine/Engine/Source/ThirdParty/SDL2/SDL-gui-backend/include/begin_code.h,59,0,59
/media/ullmann/HDDGabriel/engines/UnrealEngine/Engine/Source/ThirdParty/libOpus/opus-1.1/celt/bands.h,5,5,10
/media/ullmann/HDDGabriel/engines/UnrealEngine/Engine/Source/ThirdParty/libOpus/opus-1.1/celt/rate.h,11,2,13
/media/ullmann/HDDGabriel/engines/UnrealEngine/Engine/Source/ThirdParty/EOSSDK/SDK/Include/eos_rtc.h,0,2,2
/media/ullmann/HDDGabriel/engines/UnrealEngine/Engine/Source/ThirdParty/EOSSDK/SDK/Include/eos_rtc_audio_types.h,2,1,3
/media/ullmann/HDDGabriel/engines/UnrealEngine/Engine/Source/Programs/UnrealLightmass/Private/Lighting/PrecomputedVisibility.cpp,0,3,3
/media/ullmann/HDDGabriel/engines/UnrealEngine/Engine/Source/Developer/TraceServices/Private/TraceServicesModule.cpp,0,12,12
/media/ullmann/HDDGabriel/engines/UnrealEngine/Engine/Source/Developer/TraceServices/Private/Modules/TasksModule.h,2,0,2
/media/ullmann/HDDGabriel/engines/UnrealEngine/Engine/Source/ThirdParty/FreeType2/FreeType2-2.10.4/src/truetype/ttobjs.c,1,5,6
/media/ullmann/HDDGabriel/engines/UnrealEngine/Engine/Source/ThirdParty/FreeType2/FreeType2-2.10.4/src/truetype/ttinterp.h,4,1,5
/media/ullmann/HDDGabriel/engines/UnrealEngine/Engine/Source/Runtime/Engine/Private/UnrealEngine.cpp,0,3,3
/media/ullmann/HDDGabriel/engines/UnrealEngine/Engine/Source/Runtime/Engine/Private/Streaming/StreamingManagerTexture.h,2,0,2
/media/ullmann/HDDGabriel/engines/UnrealEngine/Engine/Source/ThirdParty/Steamworks/Steamv151/sdk/public/steam/isteamremotestorage.h,3,1,4
/media/ullmann/HDDGabriel/engines/UnrealEngine/Engine/Source/ThirdParty/Steamworks/Steamv151/sdk/public/steam/steam_api_common.h,29,3,32
/media/ullmann/HDDGabriel/engines/UnrealEngine/Engine/Source/Developer/AssetTools/Private/AssetTypeActions/AssetTypeActions_SkeletalMesh.cpp,0,1,1
/media/ullmann/HDDGabriel/engines/UnrealEngine/Engine/Source/Editor/PhysicsAssetEditor/Public/PhysicsAssetEditorModule.h,2,0,2
/media/ullmann/HDDGabriel/engines/UnrealEngine/Engine/Source/Developer/Windows/LiveCodingServer/Private/External/LC_Patch.cpp,0,2,2
/media/ullmann/HDDGabriel/engines/UnrealEngine/Engine/Source/Developer/Windows/LiveCodingServer/Private/External/LC_Assembler.h,2,0,2
/media/ullmann/HDDGabriel/engines/UnrealEngine/Engine/Source/Editor/UnrealEd/Private/Fbx/ReimportFbxSceneFactory.cpp,0,2,2
/media/ullmann/HDDGabriel/engines/UnrealEngine/Engine/Source/Editor/UnrealEd/Private/Fbx/SSceneBaseMeshListView.h,2,0,2
/media/ullmann/HDDGabriel/engines/UnrealEngine/Engine/Source/ThirdParty/ICU/icu4c-53_1/source/i18n/search.cpp,0,2,2
/media/ullmann/HDDGabriel/engines/UnrealEngine/Engine/Source/ThirdParty/ICU/icu4c-53_1/source/i18n/usrchimp.h,4,2,6
/media/ullmann/HDDGabriel/engines/UnrealEngine/Engine/Source/ThirdParty/FreeImage/FreeImage-3.18.0/Source/LibTIFF4/tif_jpeg_12.c,0,2,2
/media/ullmann/HDDGabriel/engines/UnrealEngine/Engine/Source/Editor/LevelAssetEditor/Private/LevelAssetEditorViewport.cpp,0,2,2
/media/ullmann/HDDGabriel/engines/UnrealEngine/Engine/Source/Editor/LevelAssetEditor/Private/LevelEditorViewportInterface.h,2,0,2
/media/ullmann/HDDGabriel/engines/UnrealEngine/Engine/Source/ThirdParty/PhysX3/PhysX_3.4/Source/GeomUtils/src/distance/GuDistanceSegmentTriangle.cpp,0,5,5
/media/ullmann/HDDGabriel/engines/UnrealEngine/Engine/Source/ThirdParty/PhysX3/PhysX_3.4/Source/GeomUtils/src/distance/GuDistanceSegmentTriangle.h,1,0,1
/media/ullmann/HDDGabriel/engines/UnrealEngine/Engine/Source/ThirdParty/ICU/icu4c-53_1/source/i18n/ucol_res.cpp,0,8,8
/media/ullmann/HDDGabriel/engines/UnrealEngine/Engine/Source/ThirdParty/ICU/icu4c-53_1/source/i18n/collationtailoring.h,10,1,11
/media/ullmann/HDDGabriel/engines/UnrealEngine/Engine/Source/ThirdParty/Imath/Deploy/Imath-3.1.3/include/Imath/ImathFrustum.h,1,7,8
/media/ullmann/HDDGabriel/engines/UnrealEngine/Engine/Source/ThirdParty/FakeIt/2.0.2/tests/tpunit++main.cpp,0,1,1
/media/ullmann/HDDGabriel/engines/UnrealEngine/Engine/Source/ThirdParty/FakeIt/2.0.2/tests/tpunit++.hpp,24,0,24
/media/ullmann/HDDGabriel/engines/UnrealEngine/Engine/Source/Runtime/Slate/Public/SlateSharedPCH.h,0,53,53
/media/ullmann/HDDGabriel/engines/UnrealEngine/Engine/Source/Runtime/Slate/Public/Widgets/Input/SComboBox.h,3,0,3
/media/ullmann/HDDGabriel/engines/UnrealEngine/Engine/Source/ThirdParty/FakeIt/2.0.2/tests/dtor_mocking_tests.cpp,0,1,1
/media/ullmann/HDDGabriel/engines/UnrealEngine/Engine/Source/Editor/DetailCustomizations/Private/DebugCameraControllerSettingsCustomization.cpp,0,1,1
/media/ullmann/HDDGabriel/engines/UnrealEngine/Engine/Source/Editor/DetailCustomizations/Private/DebugCameraControllerSettingsCustomization.h,2,0,2
/media/ullmann/HDDGabriel/engines/UnrealEngine/Engine/Source/Runtime/Core/Public/Delegates/IDelegateInstance.h,3,0,3
/media/ullmann/HDDGabriel/engines/UnrealEngine/Engine/Source/ThirdParty/Expat/expat-2.2.10/tests/structdata.c,0,2,2
/media/ullmann/HDDGabriel/engines/UnrealEngine/Engine/Source/ThirdParty/Expat/expat-2.2.10/tests/minicheck.h,4,0,4
/media/ullmann/HDDGabriel/engines/UnrealEngine/Engine/Source/Runtime/ImageWrapper/Private/Formats/TgaImageWrapper.cpp,0,1,1
/media/ullmann/HDDGabriel/engines/UnrealEngine/Engine/Source/Runtime/ImageWrapper/Private/Formats/TgaImageWrapper.h,2,0,2
/media/ullmann/HDDGabriel/engines/UnrealEngine/Engine/Source/ThirdParty/ICU/icu4c-53_1/source/i18n/dtitvinf.cpp,0,4,4
/media/ullmann/HDDGabriel/engines/UnrealEngine/Engine/Source/Editor/PropertyEditor/Private/DetailLayoutBuilderImpl.cpp,0,10,10
/media/ullmann/HDDGabriel/engines/UnrealEngine/Engine/Source/Editor/PropertyEditor/Private/PropertyHandleImpl.h,9,1,10
/media/ullmann/HDDGabriel/engines/UnrealEngine/Engine/Source/ThirdParty/FreeType2/FreeType2-2.6/Src/cff/cf2arrst.c,1,4,5
/media/ullmann/HDDGabriel/engines/UnrealEngine/Engine/Source/ThirdParty/FreeType2/FreeType2-2.6/Src/cff/cf2arrst.h,2,1,3
/media/ullmann/HDDGabriel/engines/UnrealEngine/Engine/Source/ThirdParty/Python3/Mac/include/Python.h,0,74,74
/media/ullmann/HDDGabriel/engines/UnrealEngine/Engine/Source/ThirdParty/Python3/Mac/include/pyerrors.h,1,1,2
/media/ullmann/HDDGabriel/engines/UnrealEngine/Engine/Source/ThirdParty/ICU/icu4c-53_1/source/i18n/unicode/calendar.h,23,0,23
/media/ullmann/HDDGabriel/engines/UnrealEngine/Engine/Source/ThirdParty/ShaderConductor/ShaderConductor/External/DirectXShaderCompiler/tools/clang/tools/libclang/ARCMigrate.cpp,0,1,1
/media/ullmann/HDDGabriel/engines/UnrealEngine/Engine/Source/ThirdParty/ShaderConductor/ShaderConductor/External/DirectXShaderCompiler/tools/clang/tools/libclang/CXString.h,16,0,16
/media/ullmann/HDDGabriel/engines/UnrealEngine/Engine/Source/Editor/Sequencer/Private/SSequencerGroupManager.cpp,0,4,4
/media/ullmann/HDDGabriel/engines/UnrealEngine/Engine/Source/Editor/Sequencer/Private/SSequencerGroupManager.h,3,0,3
/media/ullmann/HDDGabriel/engines/UnrealEngine/Engine/Source/ThirdParty/Intel/ISPC/ispc-1.16.1/src/opt.cpp,0,7,7
/media/ullmann/HDDGabriel/engines/UnrealEngine/Engine/Source/ThirdParty/Intel/ISPC/ispc-1.16.1/src/opt.h,2,1,3
/media/ullmann/HDDGabriel/engines/UnrealEngine/Engine/Source/Runtime/Online/BuildPatchServices/Private/BuildPatchServicesModule.cpp,0,14,14
/media/ullmann/HDDGabriel/engines/UnrealEngine/Engine/Source/Runtime/Online/BuildPatchServices/Private/Generation/ChunkDeltaOptimiser.h,1,0,1
/media/ullmann/HDDGabriel/engines/UnrealEngine/Engine/Source/ThirdParty/OpenVDB/openvdb-8.1.0/openvdb_ax/openvdb_ax/test/frontend/TestSyntaxFailures.cc,0,1,1
/media/ullmann/HDDGabriel/engines/UnrealEngine/Engine/Source/ThirdParty/ICU/icu4c-64_1/source/common/ubrk.cpp,0,10,10
/media/ullmann/HDDGabriel/engines/UnrealEngine/Engine/Source/ThirdParty/PhysX3/NvCloth/src/cuda/CuClothData.cpp,0,6,6
/media/ullmann/HDDGabriel/engines/UnrealEngine/Engine/Source/ThirdParty/PhysX3/PhysX_3.4/Source/LowLevelDynamics/src/DySolverControlPF.cpp,0,9,9
/media/ullmann/HDDGabriel/engines/UnrealEngine/Engine/Source/ThirdParty/PhysX3/PhysX_3.4/Source/LowLevelDynamics/src/DySolverContact.h,15,0,15
/media/ullmann/HDDGabriel/engines/UnrealEngine/Engine/Source/ThirdParty/PhysX3/APEX_1.4/module/clothing/include/ClothingPhysicalMeshImpl.h,0,1,1
/media/ullmann/HDDGabriel/engines/UnrealEngine/Engine/Source/ThirdParty/PhysX3/APEX_1.4/module/clothing/include/ModuleClothingImpl.h,2,1,3
/media/ullmann/HDDGabriel/engines/UnrealEngine/Engine/Source/ThirdParty/CryptoPP/5.6.2/include/randpool.cpp,0,5,5
/media/ullmann/HDDGabriel/engines/UnrealEngine/Engine/Source/ThirdParty/CryptoPP/5.6.2/include/hrtimer.h,5,1,6
/media/ullmann/HDDGabriel/engines/UnrealEngine/Engine/Source/ThirdParty/PhysX3/PhysX_3.4/Source/PhysXExtensions/src/ExtPvd.cpp,0,8,8
/media/ullmann/HDDGabriel/engines/UnrealEngine/Engine/Source/ThirdParty/PhysX3/PhysX_3.4/Source/PhysXExtensions/src/ExtPrismaticJoint.h,5,1,6
/media/ullmann/HDDGabriel/engines/UnrealEngine/Engine/Source/ThirdParty/Intel/Embree/Embree2140/src/common/simd/avx512.h,5,11,16
/media/ullmann/HDDGabriel/engines/UnrealEngine/Engine/Source/ThirdParty/Intel/Embree/Embree2140/src/common/math/constants.h,4,2,6
/media/ullmann/HDDGabriel/engines/UnrealEngine/Engine/Source/ThirdParty/MCPP/mcpp-2.7.2/test-c/n_28.c,0,2,2
/media/ullmann/HDDGabriel/engines/UnrealEngine/Engine/Source/ThirdParty/MCPP/mcpp-2.7.2/test-c/defs.h,55,0,55
/media/ullmann/HDDGabriel/engines/UnrealEngine/Engine/Source/Editor/UMGEditor/Classes/WidgetPaletteFavorites.cpp,0,1,1
/media/ullmann/HDDGabriel/engines/UnrealEngine/Engine/Source/Editor/UMGEditor/Classes/WidgetPaletteFavorites.h,1,0,1
/media/ullmann/HDDGabriel/engines/UnrealEngine/Engine/Source/ThirdParty/ICU/icu4c-53_1/source/common/normalizer2.cpp,0,12,12
/media/ullmann/HDDGabriel/engines/UnrealEngine/Engine/Source/ThirdParty/ICU/icu4c-53_1/source/common/unicode/normalizer2.h,6,0,6
/media/ullmann/HDDGabriel/engines/UnrealEngine/Engine/Source/ThirdParty/Intel/TBB/IntelTBB-2019u8/examples/parallel_for/tachyon/src/global.cpp,0,4,4
/media/ullmann/HDDGabriel/engines/UnrealEngine/Engine/Source/ThirdParty/CryptoPP/5.6.5/include/idea.h,3,2,5
/media/ullmann/HDDGabriel/engines/UnrealEngine/Engine/Source/Runtime/Apple/AGXRHI/Private/AGXContext.h,2,6,8
/media/ullmann/HDDGabriel/engines/UnrealEngine/Engine/Source/ThirdParty/mtlpp/mtlpp-master-7efad47/src/imp_Resource.hpp,5,1,6
/media/ullmann/HDDGabriel/engines/UnrealEngine/Engine/Source/ThirdParty/mtlpp/mtlpp-master-7efad47/src/imp_Object.hpp,15,1,16
/media/ullmann/HDDGabriel/engines/UnrealEngine/Engine/Source/ThirdParty/openexr/openexr-3.1.1/src/bin/exrmultiview/makeMultiView.cpp,0,3,3
/media/ullmann/HDDGabriel/engines/UnrealEngine/Engine/Source/ThirdParty/openexr/openexr-3.1.1/src/bin/exrmultiview/namespaceAlias.h,5,0,5
/media/ullmann/HDDGabriel/engines/UnrealEngine/Engine/Source/ThirdParty/OpenVDB/Deploy/openvdb-8.1.0/include/openvdb/Metadata.h,2,5,7
/media/ullmann/HDDGabriel/engines/UnrealEngine/Engine/Source/ThirdParty/OpenVDB/Deploy/openvdb-8.1.0/include/openvdb/Exceptions.h,3,0,3
/media/ullmann/HDDGabriel/engines/UnrealEngine/Engine/Source/ThirdParty/Imath/Imath-3.1.3/src/python/PyImath/PyImathBox.cpp,0,7,7
/media/ullmann/HDDGabriel/engines/UnrealEngine/Engine/Source/ThirdParty/ICU/icu4c-53_1/source/common/locbased.cpp,0,2,2
/media/ullmann/HDDGabriel/engines/UnrealEngine/Engine/Source/ThirdParty/ICU/icu4c-53_1/source/common/locbased.h,2,2,4
/media/ullmann/HDDGabriel/engines/UnrealEngine/Engine/Source/ThirdParty/ICU/icu4c-53_1/source/test/cintltst/cjaptst.c,0,4,4
/media/ullmann/HDDGabriel/engines/UnrealEngine/Engine/Source/ThirdParty/openexr/openexr-3.1.1/src/lib/OpenEXR/ImfDeepScanLineOutputFile.cpp,0,15,15
/media/ullmann/HDDGabriel/engines/UnrealEngine/Engine/Source/ThirdParty/openexr/openexr-3.1.1/src/lib/OpenEXR/ImfDeepFrameBuffer.h,6,2,8
/media/ullmann/HDDGabriel/engines/UnrealEngine/Engine/Source/Runtime/CoreUObject/Public/UObject/UnrealType.h,2,0,2
/media/ullmann/HDDGabriel/engines/UnrealEngine/Engine/Source/Runtime/RenderCore/Public/GenerateMips.h,0,1,1
/media/ullmann/HDDGabriel/engines/UnrealEngine/Engine/Source/Runtime/RenderCore/Public/RenderGraphDefinitions.h,9,2,11
/media/ullmann/HDDGabriel/engines/UnrealEngine/Engine/Source/ThirdParty/ShaderConductor/ShaderConductor/External/DirectXShaderCompiler/tools/clang/tools/libclang/IndexTypeSourceInfo.cpp,0,1,1
/media/ullmann/HDDGabriel/engines/UnrealEngine/Engine/Source/ThirdParty/ShaderConductor/ShaderConductor/External/DirectXShaderCompiler/tools/clang/tools/libclang/IndexingContext.h,5,2,7
/media/ullmann/HDDGabriel/engines/UnrealEngine/Engine/Source/ThirdParty/FreeType2/FreeType2-2.4.12/src/pshinter/pshalgo.h,3,2,5
/media/ullmann/HDDGabriel/engines/UnrealEngine/Engine/Source/ThirdParty/FreeType2/FreeType2-2.4.12/src/pshinter/pshrec.h,3,1,4
/media/ullmann/HDDGabriel/engines/UnrealEngine/Engine/Source/ThirdParty/FreeType2/FreeType2-2.4.12/src/gzip/zutil.h,7,1,8
/media/ullmann/HDDGabriel/engines/UnrealEngine/Engine/Source/ThirdParty/FreeType2/FreeType2-2.4.12/src/gzip/zlib.h,3,1,4
/media/ullmann/HDDGabriel/engines/UnrealEngine/Engine/Source/ThirdParty/Python3/Mac/include/object.h,2,1,3
/media/ullmann/HDDGabriel/engines/UnrealEngine/Engine/Source/ThirdParty/Python3/Mac/include/cpython/object.h,1,0,1
/media/ullmann/HDDGabriel/engines/UnrealEngine/Engine/Source/ThirdParty/mtlpp/mtlpp-master-7efad47/src/texture.hpp,6,6,12
/media/ullmann/HDDGabriel/engines/UnrealEngine/Engine/Source/ThirdParty/mtlpp/mtlpp-master-7efad47/src/imp_Texture.hpp,2,1,3
/media/ullmann/HDDGabriel/engines/UnrealEngine/Engine/Source/ThirdParty/FreeImage/FreeImage-3.18.0/Source/OpenEXR/IlmImf/ImfGenericOutputFile.cpp,0,8,8
/media/ullmann/HDDGabriel/engines/UnrealEngine/Engine/Source/ThirdParty/WebRTC/4147/Include/third_party/libvpx/source/libvpx/vp8/common/blockd.h,4,2,6
/media/ullmann/HDDGabriel/engines/UnrealEngine/Engine/Source/ThirdParty/WebRTC/4147/Include/third_party/libvpx/source/libvpx/vp8/common/treecoder.h,5,0,5
/media/ullmann/HDDGabriel/engines/UnrealEngine/Engine/Source/Runtime/PhysicsCore/Public/SQCapture.h,1,7,8
/media/ullmann/HDDGabriel/engines/UnrealEngine/Engine/Source/Runtime/AVEncoder/Private/Decoders/VideoDecoderH264_Impl.cpp,0,2,2
/media/ullmann/HDDGabriel/engines/UnrealEngine/Engine/Source/Runtime/AVEncoder/Private/Decoders/VideoDecoderH264_Impl.h,2,0,2
/media/ullmann/HDDGabriel/engines/UnrealEngine/Engine/Source/ThirdParty/libstrophe/libstrophe-0.9.3/src/common.h,22,8,30
/media/ullmann/HDDGabriel/engines/UnrealEngine/Engine/Source/ThirdParty/libstrophe/libstrophe-0.9.3/src/parser.h,5,0,5
/media/ullmann/HDDGabriel/engines/UnrealEngine/Engine/Source/ThirdParty/ICU/icu4c-64_1/source/common/uloc_keytype.cpp,0,13,13
/media/ullmann/HDDGabriel/engines/UnrealEngine/Engine/Source/ThirdParty/ICU/icu4c-64_1/source/common/cstring.h,72,2,74
/media/ullmann/HDDGabriel/engines/UnrealEngine/Engine/Source/Editor/ViewportInteraction/ViewportWorldInteraction.cpp,0,2,2
/media/ullmann/HDDGabriel/engines/UnrealEngine/Engine/Source/Editor/ViewportInteraction/ViewportInteractionInputProcessor.h,2,0,2
/media/ullmann/HDDGabriel/engines/UnrealEngine/Engine/Source/ThirdParty/PhysX3/NvCloth/src/cuda/CuCloth.cpp,0,10,10
/media/ullmann/HDDGabriel/engines/UnrealEngine/Engine/Source/ThirdParty/PhysX3/NvCloth/src/ClothImpl.h,9,0,9
/media/ullmann/HDDGabriel/engines/UnrealEngine/Engine/Source/Runtime/AudioLink/AudioLinkEngine/Private/BufferedListenerBase.cpp,0,1,1
/media/ullmann/HDDGabriel/engines/UnrealEngine/Engine/Source/Runtime/AudioLink/AudioLinkEngine/Private/BufferedListenerBase.h,3,0,3
/media/ullmann/HDDGabriel/engines/UnrealEngine/Engine/Source/ThirdParty/FreeType2/FreeType2-2.4.12/src/otvalid/otvcommn.c,1,1,2
/media/ullmann/HDDGabriel/engines/UnrealEngine/Engine/Source/ThirdParty/FreeType2/FreeType2-2.4.12/src/otvalid/otvcommn.h,8,1,9
/media/ullmann/HDDGabriel/engines/UnrealEngine/Engine/Source/ThirdParty/ShaderConductor/ShaderConductor/External/DirectXShaderCompiler/lib/CodeGen/SplitKit.cpp,0,1,1
/media/ullmann/HDDGabriel/engines/UnrealEngine/Engine/Source/ThirdParty/ShaderConductor/ShaderConductor/External/DirectXShaderCompiler/lib/CodeGen/SplitKit.h,2,1,3
/media/ullmann/HDDGabriel/engines/UnrealEngine/Engine/Source/ThirdParty/Intel/TBB/IntelTBB-2019u8/src/test/harness_barrier.h,31,0,31
/media/ullmann/HDDGabriel/engines/UnrealEngine/Engine/Source/ThirdParty/ICU/icu4c-53_1/source/common/unicode/putil.h,20,0,20
/media/ullmann/HDDGabriel/engines/UnrealEngine/Engine/Source/ThirdParty/ICU/icu4c-53_1/source/i18n/transreg.cpp,0,8,8
/media/ullmann/HDDGabriel/engines/UnrealEngine/Engine/Source/ThirdParty/ICU/icu4c-53_1/source/i18n/nultrans.h,4,1,5
/media/ullmann/HDDGabriel/engines/UnrealEngine/Engine/Source/Developer/TraceServices/Private/AnalysisServicePrivate.h,2,2,4
/media/ullmann/HDDGabriel/engines/UnrealEngine/Engine/Source/Developer/TraceServices/Private/Common/StringStore.h,1,0,1
/media/ullmann/HDDGabriel/engines/UnrealEngine/Engine/Source/ThirdParty/PhysX3/NvCloth/samples/SampleBase/scene/scenes/CapsuleScene.cpp,0,1,1
/media/ullmann/HDDGabriel/engines/UnrealEngine/Engine/Source/ThirdParty/PhysX3/NvCloth/samples/SampleBase/scene/scenes/CapsuleScene.h,1,0,1
/media/ullmann/HDDGabriel/engines/UnrealEngine/Engine/Source/ThirdParty/FreeType2/FreeType2-2.10.4/include/freetype/internal/ftdebug.h,0,1,1
/media/ullmann/HDDGabriel/engines/UnrealEngine/Engine/Source/ThirdParty/FreeType2/FreeType2-2.10.4/include/freetype/internal/compiler-macros.h,7,0,7
/media/ullmann/HDDGabriel/engines/UnrealEngine/Engine/Source/ThirdParty/Intel/Embree/Embree2140/src/kernels/builders/primrefgen.cpp,0,3,3
/media/ullmann/HDDGabriel/engines/UnrealEngine/Engine/Source/ThirdParty/Intel/Embree/Embree2140/src/kernels/builders/primrefgen.h,5,4,9
/media/ullmann/HDDGabriel/engines/UnrealEngine/Engine/Source/ThirdParty/ICU/icu4c-53_1/source/samples/layout/ScriptCompositeFontInstance.h,5,1,6
/media/ullmann/HDDGabriel/engines/UnrealEngine/Engine/Source/ThirdParty/ICU/icu4c-53_1/source/samples/layout/FontMap.h,7,1,8
/media/ullmann/HDDGabriel/engines/UnrealEngine/Engine/Source/Developer/Windows/LiveCoding/Private/External/LC_ClientStartupThread.h,2,4,6
/media/ullmann/HDDGabriel/engines/UnrealEngine/Engine/Source/Developer/Windows/LiveCoding/Private/External/LC_ThreadTypes.h,6,2,8
/media/ullmann/HDDGabriel/engines/UnrealEngine/Engine/Source/ThirdParty/SDL2/SDL-gui-backend/src/libm/s_scalbn.c,0,2,2
/media/ullmann/HDDGabriel/engines/UnrealEngine/Engine/Source/ThirdParty/SDL2/SDL-gui-backend/src/libm/math_libm.h,21,1,22
/media/ullmann/HDDGabriel/engines/UnrealEngine/Engine/Source/ThirdParty/openexr/openexr-3.1.1/src/lib/OpenEXR/ImfDeepScanLineInputFile.h,6,4,10
/media/ullmann/HDDGabriel/engines/UnrealEngine/Engine/Source/ThirdParty/ICU/icu4c-64_1/source/test/cintltst/nccbtst.c,0,2,2
/media/ullmann/HDDGabriel/engines/UnrealEngine/Engine/Source/Runtime/Engine/Private/Texture2D.cpp,0,14,14
/media/ullmann/HDDGabriel/engines/UnrealEngine/Engine/Source/Runtime/Engine/Private/Streaming/Texture2DMipDataProvider_IO.h,4,0,4
/media/ullmann/HDDGabriel/engines/UnrealEngine/Engine/Source/ThirdParty/FreeType2/FreeType2-2.10.0/src/otvalid/otvbase.c,1,2,3
/media/ullmann/HDDGabriel/engines/UnrealEngine/Engine/Source/ThirdParty/FreeType2/FreeType2-2.10.0/src/otvalid/otvcommn.h,8,1,9
/media/ullmann/HDDGabriel/engines/UnrealEngine/Engine/Source/Editor/ClothPainter/Private/ClothPainter.cpp,0,5,5
/media/ullmann/HDDGabriel/engines/UnrealEngine/Engine/Source/Editor/ClothPainter/Private/ClothPaintTools.h,2,1,3
/media/ullmann/HDDGabriel/engines/UnrealEngine/Engine/Source/ThirdParty/libOpus/opus-1.3.1-12/silk/NLSF_decode.c,0,1,1
/media/ullmann/HDDGabriel/engines/UnrealEngine/Engine/Source/ThirdParty/mtlpp/mtlpp-master-7efad47/src/pipeline.hpp,3,2,5
/media/ullmann/HDDGabriel/engines/UnrealEngine/Engine/Source/ThirdParty/ShaderConductor/ShaderConductor/External/DirectXShaderCompiler/tools/clang/lib/Driver/SanitizerArgs.cpp,0,1,1
/media/ullmann/HDDGabriel/engines/UnrealEngine/Engine/Source/ThirdParty/ShaderConductor/ShaderConductor/External/DirectXShaderCompiler/tools/clang/lib/Driver/Tools.h,6,0,6
/media/ullmann/HDDGabriel/engines/UnrealEngine/Engine/Source/ThirdParty/ICU/icu4c-64_1/source/i18n/dcfmtsym.cpp,0,5,5
/media/ullmann/HDDGabriel/engines/UnrealEngine/Engine/Source/ThirdParty/ICU/icu4c-64_1/source/i18n/unicode/decimfmt.h,17,0,17
/media/ullmann/HDDGabriel/engines/UnrealEngine/Engine/Source/ThirdParty/Intel/Embree/Embree2140/src/common/sys/network.cpp,0,3,3
/media/ullmann/HDDGabriel/engines/UnrealEngine/Engine/Source/ThirdParty/Intel/Embree/Embree2140/src/common/sys/string.h,6,1,7
/media/ullmann/HDDGabriel/engines/UnrealEngine/Engine/Source/ThirdParty/CryptoPP/5.6.2/include/pssr.h,6,3,9
/media/ullmann/HDDGabriel/engines/UnrealEngine/Engine/Source/ThirdParty/PhysX3/APEX_1.4/shared/general/meshimport/src/MeshImport/ExportEZB.cpp,0,1,1
/media/ullmann/HDDGabriel/engines/UnrealEngine/Engine/Source/ThirdParty/PhysX3/APEX_1.4/shared/general/meshimport/src/MeshImport/ExportEZB.h,3,0,3
/media/ullmann/HDDGabriel/engines/UnrealEngine/Engine/Source/ThirdParty/openexr/Deploy/openexr-3.1.1/include/OpenEXR/ImfDeepTiledInputPart.h,0,2,2
/media/ullmann/HDDGabriel/engines/UnrealEngine/Engine/Source/ThirdParty/Oculus/LibOVRPlatform/LibOVRPlatform/include/OVR_Voip_LowLevel.h,1,5,6
/media/ullmann/HDDGabriel/engines/UnrealEngine/Engine/Source/ThirdParty/Oculus/LibOVRPlatform/LibOVRPlatform/include/OVR_VoipEncoder.h,2,1,3
/media/ullmann/HDDGabriel/engines/UnrealEngine/Engine/Source/Editor/KismetCompiler/Public/KismetCompilerMisc.h,1,2,3
/media/ullmann/HDDGabriel/engines/UnrealEngine/Engine/Source/Editor/KismetCompiler/Public/BlueprintCompiledStatement.h,3,0,3
/media/ullmann/HDDGabriel/engines/UnrealEngine/Engine/Source/ThirdParty/PLCrashReporter/PLCrashReporter/Source/PLCrashAsyncDwarfCIE.hpp,3,5,8
/media/ullmann/HDDGabriel/engines/UnrealEngine/Engine/Source/ThirdParty/PLCrashReporter/PLCrashReporter/Source/PLCrashAsyncMObject.h,6,1,7
/media/ullmann/HDDGabriel/engines/UnrealEngine/Engine/Source/Runtime/Datasmith/DatasmithCore/Public/DatasmithVariantElements.h,2,2,4
/media/ullmann/HDDGabriel/engines/UnrealEngine/Engine/Source/Runtime/Datasmith/DatasmithCore/Public/DatasmithDefinitions.h,4,0,4
/media/ullmann/HDDGabriel/engines/UnrealEngine/Engine/Source/ThirdParty/ICU/icu4c-64_1/source/common/ucasemap_imp.h,8,5,13
/media/ullmann/HDDGabriel/engines/UnrealEngine/Engine/Source/ThirdParty/CryptoPP/5.6.5/include/dh.cpp,0,2,2
/media/ullmann/HDDGabriel/engines/UnrealEngine/Engine/Source/ThirdParty/SDL2/SDL-gui-backend/src/audio/paudio/SDL_paudio.h,1,2,3
/media/ullmann/HDDGabriel/engines/UnrealEngine/Engine/Source/ThirdParty/SDL2/SDL-gui-backend/src/video/emscripten/SDL_emscriptenframebuffer.h,2,1,3
/media/ullmann/HDDGabriel/engines/UnrealEngine/Engine/Source/ThirdParty/Boost/boost-1_70_0/include/boost/polygon/polygon_45_set_data.hpp,3,5,8
/media/ullmann/HDDGabriel/engines/UnrealEngine/Engine/Source/ThirdParty/FreeType2/FreeType2-2.4.12/src/pfr/pfr.c,0,6,6
/media/ullmann/HDDGabriel/engines/UnrealEngine/Engine/Source/ThirdParty/FreeType2/FreeType2-2.4.12/src/pfr/pfrdrivr.c,1,3,4
/media/ullmann/HDDGabriel/engines/UnrealEngine/Engine/Source/ThirdParty/Intel/TBB/IntelTBB-2019u8/include/tbb/tbb_thread.h,4,5,9
/media/ullmann/HDDGabriel/engines/UnrealEngine/Engine/Source/ThirdParty/Intel/TBB/IntelTBB-2019u8/include/tbb/atomic.h,20,1,21
/media/ullmann/HDDGabriel/engines/UnrealEngine/Engine/Source/ThirdParty/ICU/icu4c-53_1/source/i18n/udat.cpp,0,10,10
/media/ullmann/HDDGabriel/engines/UnrealEngine/Engine/Source/ThirdParty/libOpus/opus-1.1/celt/celt_encoder.c,0,15,15
/media/ullmann/HDDGabriel/engines/UnrealEngine/Engine/Source/ThirdParty/libOpus/opus-1.1/celt/pitch.h,6,4,10
/media/ullmann/HDDGabriel/engines/UnrealEngine/Engine/Source/ThirdParty/Imath/Imath-3.1.3/src/python/PyImath/PyImath.h,32,5,37
/media/ullmann/HDDGabriel/engines/UnrealEngine/Engine/Source/ThirdParty/FreeType2/FreeType2-2.4.12/src/pfr/pfrcmap.h,2,1,3
/media/ullmann/HDDGabriel/engines/UnrealEngine/Engine/Source/ThirdParty/FreeType2/FreeType2-2.4.12/src/pfr/pfrtypes.h,3,0,3
/media/ullmann/HDDGabriel/engines/UnrealEngine/Engine/Source/Runtime/Online/HTTP/Private/HttpModule.cpp,0,2,2
/media/ullmann/HDDGabriel/engines/UnrealEngine/Engine/Source/Runtime/Online/HTTP/Private/HttpTests.h,2,0,2
/media/ullmann/HDDGabriel/engines/UnrealEngine/Engine/Source/Runtime/Renderer/Private/DistortionRendering.cpp,0,7,7
/media/ullmann/HDDGabriel/engines/UnrealEngine/Engine/Source/Runtime/Renderer/Private/DistortionRendering.h,4,0,4
/media/ullmann/HDDGabriel/engines/UnrealEngine/Engine/Source/Runtime/Slate/Public/Framework/Text/SlateWidgetRun.h,2,0,2
/media/ullmann/HDDGabriel/engines/UnrealEngine/Engine/Source/Editor/EnvironmentLightingViewer/Private/EnvironmentLightingModule.cpp,0,3,3
/media/ullmann/HDDGabriel/engines/UnrealEngine/Engine/Source/Editor/WorkspaceMenuStructure/Public/WorkspaceMenuStructure.h,12,0,12
/media/ullmann/HDDGabriel/engines/UnrealEngine/Engine/Source/ThirdParty/SDL2/SDL-gui-backend/include/SDL_power.h,1,3,4
/media/ullmann/HDDGabriel/engines/UnrealEngine/Engine/Source/Runtime/Apple/AGXRHI/Public/AGXRHIContext.h,0,3,3
/media/ullmann/HDDGabriel/engines/UnrealEngine/Engine/Source/Runtime/Apple/AGXRHI/Public/AGXResources.h,1,0,1
/media/ullmann/HDDGabriel/engines/UnrealEngine/Engine/Source/Editor/SourceControlWindows/Private/SSourceControlSubmit.cpp,0,1,1
/media/ullmann/HDDGabriel/engines/UnrealEngine/Engine/Source/Editor/SourceControlWindows/Private/SSourceControlSubmit.h,3,1,4
/media/ullmann/HDDGabriel/engines/UnrealEngine/Engine/Source/ThirdParty/PhysX3/NvCloth/src/SwCloth.cpp,0,6,6
/media/ullmann/HDDGabriel/engines/UnrealEngine/Engine/Source/ThirdParty/PhysX3/NvCloth/src/SwFabric.h,7,0,7
/media/ullmann/HDDGabriel/engines/UnrealEngine/Engine/Source/Editor/LandscapeEditor/Private/LandscapeEditorDetailCustomization_LayersBrushStack.cpp,0,3,3
/media/ullmann/HDDGabriel/engines/UnrealEngine/Engine/Source/Editor/LandscapeEditor/Private/LandscapeEditorDetailCustomization_LayersBrushStack.h,3,2,5
/media/ullmann/HDDGabriel/engines/UnrealEngine/Engine/Source/ThirdParty/ICU/icu4c-64_1/source/i18n/nfrule.cpp,0,9,9
/media/ullmann/HDDGabriel/engines/UnrealEngine/Engine/Source/ThirdParty/ICU/icu4c-64_1/source/i18n/unicode/upluralrules.h,3,0,3
/media/ullmann/HDDGabriel/engines/UnrealEngine/Engine/Source/Editor/DataLayerEditor/Private/DataLayer/DataLayerMode.cpp,0,8,8
/media/ullmann/HDDGabriel/engines/UnrealEngine/Engine/Source/Editor/DataLayerEditor/Private/DataLayer/DataLayerHierarchy.h,2,0,2
/media/ullmann/HDDGabriel/engines/UnrealEngine/Engine/Source/Runtime/Core/Public/GenericPlatform/GenericPlatformStackWalk.h,1,0,1
/media/ullmann/HDDGabriel/engines/UnrealEngine/Engine/Source/ThirdParty/CryptoPP/5.6.5/include/chacha.h,2,2,4
/media/ullmann/HDDGabriel/engines/UnrealEngine/Engine/Source/ThirdParty/CryptoPP/5.6.5/include/strciphr.h,9,6,15
/media/ullmann/HDDGabriel/engines/UnrealEngine/Engine/Source/ThirdParty/PhysX3/PhysX_3.4/Source/LowLevelDynamics/src/DySpatial.h,5,0,5
/media/ullmann/HDDGabriel/engines/UnrealEngine/Engine/Source/Editor/UnrealEd/Public/UnrealEdSharedPCH.h,0,11,11
/media/ullmann/HDDGabriel/engines/UnrealEngine/Engine/Source/Editor/UnrealEd/Public/EditorViewportClient.h,5,2,7
/media/ullmann/HDDGabriel/engines/UnrealEngine/Engine/Source/Runtime/Renderer/Private/CustomDepthRendering.cpp,0,5,5
/media/ullmann/HDDGabriel/engines/UnrealEngine/Engine/Source/Runtime/Renderer/Private/SceneRendering.h,50,12,62
/media/ullmann/HDDGabriel/engines/UnrealEngine/Engine/Source/Editor/UnrealEd/Private/Cooker/CookPackageData.cpp,0,1,1
/media/ullmann/HDDGabriel/engines/UnrealEngine/Engine/Source/Editor/UnrealEd/Private/Cooker/CookPackageData.h,4,1,5
/media/ullmann/HDDGabriel/engines/UnrealEngine/Engine/Source/Editor/ContentBrowser/Private/SourcesViewWidgets.cpp,0,5,5
/media/ullmann/HDDGabriel/engines/UnrealEngine/Engine/Source/Editor/ContentBrowser/Private/DragDropHandler.h,5,0,5
/media/ullmann/HDDGabriel/engines/UnrealEngine/Engine/Source/Editor/UnrealEd/Public/EditorViewportLayoutFourPanes.h,0,1,1
/media/ullmann/HDDGabriel/engines/UnrealEngine/Engine/Source/Editor/UnrealEd/Public/AssetEditorViewportLayout.h,6,2,8
/media/ullmann/HDDGabriel/engines/UnrealEngine/Engine/Source/Editor/DetailCustomizations/Private/PhysicsConstraintComponentDetails.cpp,0,1,1
/media/ullmann/HDDGabriel/engines/UnrealEngine/Engine/Source/Editor/DetailCustomizations/Private/PhysicsConstraintComponentDetails.h,2,0,2
/media/ullmann/HDDGabriel/engines/UnrealEngine/Engine/Source/ThirdParty/PhysX3/APEX_1.4/module/destructible/fracture/Core/Delaunay2dBase.cpp,0,1,1
/media/ullmann/HDDGabriel/engines/UnrealEngine/Engine/Source/ThirdParty/PhysX3/APEX_1.4/module/destructible/fracture/Core/Delaunay2dBase.h,3,0,3
/media/ullmann/HDDGabriel/engines/UnrealEngine/Engine/Source/ThirdParty/ShaderConductor/ShaderConductor/External/DirectXShaderCompiler/tools/clang/lib/Headers/smmintrin.h,2,2,4
/media/ullmann/HDDGabriel/engines/UnrealEngine/Engine/Source/ThirdParty/ShaderConductor/ShaderConductor/External/DirectXShaderCompiler/tools/clang/lib/Headers/tmmintrin.h,2,1,3
/media/ullmann/HDDGabriel/engines/UnrealEngine/Engine/Source/ThirdParty/ICU/icu4c-53_1/source/common/normalizer2impl.h,8,9,17
/media/ullmann/HDDGabriel/engines/UnrealEngine/Engine/Source/ThirdParty/ICU/icu4c-53_1/source/common/mutex.h,10,3,13
/media/ullmann/HDDGabriel/engines/UnrealEngine/Engine/Source/ThirdParty/ShaderConductor/ShaderConductor/External/DirectXShaderCompiler/lib/CodeGen/CriticalAntiDepBreaker.h,2,1,3
/media/ullmann/HDDGabriel/engines/UnrealEngine/Engine/Source/ThirdParty/ShaderConductor/ShaderConductor/External/DirectXShaderCompiler/lib/CodeGen/AntiDepBreaker.h,3,0,3
/media/ullmann/HDDGabriel/engines/UnrealEngine/Engine/Source/ThirdParty/ICU/icu4c-53_1/source/test/cintltst/cformtst.h,5,1,6
/media/ullmann/HDDGabriel/engines/UnrealEngine/Engine/Source/ThirdParty/FreeType2/FreeType2-2.6/Src/pcf/pcfutil.c,1,1,2
/media/ullmann/HDDGabriel/engines/UnrealEngine/Engine/Source/ThirdParty/FreeType2/FreeType2-2.6/Src/pcf/pcfutil.h,2,0,2
/media/ullmann/HDDGabriel/engines/UnrealEngine/Engine/Source/ThirdParty/SDL2/SDL-gui-backend/include/SDL_shape.h,1,7,8
/media/ullmann/HDDGabriel/engines/UnrealEngine/Engine/Source/ThirdParty/SDL2/SDL-gui-backend/include/SDL_video.h,13,6,19
/media/ullmann/HDDGabriel/engines/UnrealEngine/Engine/Source/ThirdParty/Crunch/src/crnlib/crn_file_utils.cpp,0,4,4
/media/ullmann/HDDGabriel/engines/UnrealEngine/Engine/Source/ThirdParty/Crunch/src/crnlib/crn_strutils.h,8,0,8
/media/ullmann/HDDGabriel/engines/UnrealEngine/Engine/Source/ThirdParty/PhysX3/PxShared/src/foundation/include/PsUtilities.h,0,3,3
/media/ullmann/HDDGabriel/engines/UnrealEngine/Engine/Source/ThirdParty/PhysX3/PxShared/src/foundation/include/PsIntrinsics.h,5,2,7
/media/ullmann/HDDGabriel/engines/UnrealEngine/Engine/Source/ThirdParty/ICU/icu4c-53_1/source/common/rbbisetb.h,3,4,7
/media/ullmann/HDDGabriel/engines/UnrealEngine/Engine/Source/ThirdParty/ICU/icu4c-53_1/source/common/rbbirb.h,9,8,17
/media/ullmann/HDDGabriel/engines/UnrealEngine/Engine/Source/ThirdParty/ICU/icu4c-53_1/source/layout/NonContextualGlyphSubstProc.cpp,0,11,11
/media/ullmann/HDDGabriel/engines/UnrealEngine/Engine/Source/ThirdParty/ICU/icu4c-53_1/source/layout/SegmentArrayProcessor.h,2,5,7
/media/ullmann/HDDGabriel/engines/UnrealEngine/Engine/Source/Runtime/Renderer/Private/VolumetricRenderTarget.cpp,0,6,6
/media/ullmann/HDDGabriel/engines/UnrealEngine/Engine/Source/Developer/TraceServices/Private/AnalysisService.cpp,0,13,13
/media/ullmann/HDDGabriel/engines/UnrealEngine/Engine/Source/Developer/TraceServices/Private/Model/ThreadsPrivate.h,1,0,1
/media/ullmann/HDDGabriel/engines/UnrealEngine/Engine/Source/ThirdParty/libOpus/opus-1.1/silk/structs.h,4,3,7
/media/ullmann/HDDGabriel/engines/UnrealEngine/Engine/Source/ThirdParty/ICU/icu4c-53_1/source/i18n/windtfmt.cpp,0,10,10
/media/ullmann/HDDGabriel/engines/UnrealEngine/Engine/Source/ThirdParty/ICU/icu4c-53_1/source/i18n/unicode/datefmt.h,11,0,11
/media/ullmann/HDDGabriel/engines/UnrealEngine/Engine/Source/ThirdParty/Intel/Embree/Embree2140/src/kernels/geometry/quadi_intersector.h,4,3,7
/media/ullmann/HDDGabriel/engines/UnrealEngine/Engine/Source/ThirdParty/Intel/Embree/Embree2140/src/kernels/geometry/quadi.h,7,2,9
/media/ullmann/HDDGabriel/engines/UnrealEngine/Engine/Source/ThirdParty/Python3/Linux/include/python3.9/pyport.h,2,2,4
/media/ullmann/HDDGabriel/engines/UnrealEngine/Engine/Source/Runtime/Core/Public/Serialization/MemoryArchive.h,2,0,2
/media/ullmann/HDDGabriel/engines/UnrealEngine/Engine/Source/ThirdParty/Oculus/LibOVRPlatform/LibOVRPlatform/include/OVR_LinkedAccount.h,2,2,4
/media/ullmann/HDDGabriel/engines/UnrealEngine/Engine/Source/Runtime/Experimental/ChaosVehicles/ChaosVehiclesCore/Public/ArcadeSystem.h,1,2,3
/media/ullmann/HDDGabriel/engines/UnrealEngine/Engine/Source/Runtime/Portal/Proxies/Private/Account/PortalUserProxy.h,1,0,1
/media/ullmann/HDDGabriel/engines/UnrealEngine/Engine/Source/ThirdParty/Intel/Embree/Embree270/src/kernels/xeonphi/geometry/subdivpatch1.h,4,7,11
/media/ullmann/HDDGabriel/engines/UnrealEngine/Engine/Source/ThirdParty/Intel/Embree/Embree270/src/kernels/common/subdiv/subdivpatch1base.h,5,11,16
/media/ullmann/HDDGabriel/engines/UnrealEngine/Engine/Source/ThirdParty/Vorbis/libvorbis-1.3.2/lib/vorbisenc.c,0,12,12
/media/ullmann/HDDGabriel/engines/UnrealEngine/Engine/Source/ThirdParty/Vorbis/libvorbis-1.3.2/lib/modes/setup_16.h,1,2,3
/media/ullmann/HDDGabriel/engines/UnrealEngine/Engine/Source/Runtime/Slate/Public/Framework/Text/ILineHighlighter.h,2,0,2
/media/ullmann/HDDGabriel/engines/UnrealEngine/Engine/Source/ThirdParty/Intel/ISPC/ispc-1.16.1/src/llvmutil.cpp,0,3,3
/media/ullmann/HDDGabriel/engines/UnrealEngine/Engine/Source/ThirdParty/Intel/ISPC/ispc-1.16.1/src/ispc.h,16,3,19
/media/ullmann/HDDGabriel/engines/UnrealEngine/Engine/Source/ThirdParty/SDL2/SDL-gui-backend/src/render/opengles2/SDL_shaders_gles2.c,0,2,2
/media/ullmann/HDDGabriel/engines/UnrealEngine/Engine/Source/Editor/Experimental/EditorInteractiveToolsFramework/Public/EditorInteractiveGizmoManager.h,0,1,1
/media/ullmann/HDDGabriel/engines/UnrealEngine/Engine/Source/Editor/Experimental/EditorInteractiveToolsFramework/Public/EditorInteractiveGizmoRegistry.h,2,1,3
/media/ullmann/HDDGabriel/engines/UnrealEngine/Engine/Source/ThirdParty/openexr/openexr-3.1.1/src/lib/IlmThread/IlmThreadSemaphore.cpp,0,1,1
/media/ullmann/HDDGabriel/engines/UnrealEngine/Engine/Source/ThirdParty/openexr/openexr-3.1.1/src/lib/IlmThread/IlmThreadSemaphore.h,6,2,8
/media/ullmann/HDDGabriel/engines/UnrealEngine/Engine/Source/ThirdParty/FreeImage/FreeImage-3.18.0/Source/OpenEXR/IlmImf/ImfThreading.h,22,2,24
/media/ullmann/HDDGabriel/engines/UnrealEngine/Engine/Source/ThirdParty/Crunch/src/crnlib/lzma_LzmaLib.cpp,0,5,5
/media/ullmann/HDDGabriel/engines/UnrealEngine/Engine/Source/ThirdParty/Crunch/src/crnlib/lzma_LzmaLib.h,2,1,3
/media/ullmann/HDDGabriel/engines/UnrealEngine/Engine/Source/ThirdParty/ICU/icu4c-53_1/source/common/uniset_props.cpp,0,27,27
/media/ullmann/HDDGabriel/engines/UnrealEngine/Engine/Source/ThirdParty/Intel/Embree/Embree270/src/kernels/xeon/bvh4/bvh4_intersector4_chunk.cpp,0,14,14
/media/ullmann/HDDGabriel/engines/UnrealEngine/Engine/Source/ThirdParty/Intel/Embree/Embree270/src/kernels/xeon/geometry/triangle_intersector_moeller.h,13,2,15
/media/ullmann/HDDGabriel/engines/UnrealEngine/Engine/Source/ThirdParty/SDL2/SDL-gui-backend/src/video/android/SDL_androidvideo.h,11,2,13
/media/ullmann/HDDGabriel/engines/UnrealEngine/Engine/Source/ThirdParty/FreeType2/FreeType2-2.10.4/src/sfnt/sfnt.c,0,15,15
/media/ullmann/HDDGabriel/engines/UnrealEngine/Engine/Source/ThirdParty/HarfBuzz/harfbuzz-2.4.0/src/hb-ot-face.hh,10,0,10
/media/ullmann/HDDGabriel/engines/UnrealEngine/Engine/Source/Runtime/RenderCore/Public/MediaShaders.h,0,3,3
/media/ullmann/HDDGabriel/engines/UnrealEngine/Engine/Source/Runtime/RenderCore/Public/Shader.h,11,6,17
/media/ullmann/HDDGabriel/engines/UnrealEngine/Engine/Source/ThirdParty/openexr/openexr-3.1.1/src/lib/OpenEXR/ImfDwaCompressor.cpp,0,16,16
/media/ullmann/HDDGabriel/engines/UnrealEngine/Engine/Source/ThirdParty/openexr/openexr-3.1.1/src/lib/OpenEXR/ImfSystemSpecific.h,4,3,7
/media/ullmann/HDDGabriel/engines/UnrealEngine/Engine/Source/ThirdParty/ICU/icu4c-64_1/source/i18n/uspoof_build.cpp,0,4,4
/media/ullmann/HDDGabriel/engines/UnrealEngine/Engine/Source/ThirdParty/ICU/icu4c-64_1/source/i18n/uspoof_conf.h,2,2,4
/media/ullmann/HDDGabriel/engines/UnrealEngine/Engine/Source/ThirdParty/CryptoPP/5.6.5/include/gost.cpp,0,3,3
/media/ullmann/HDDGabriel/engines/UnrealEngine/Engine/Source/ThirdParty/CryptoPP/5.6.5/include/misc.h,82,4,86
/media/ullmann/HDDGabriel/engines/UnrealEngine/Engine/Source/ThirdParty/Android/libunwind/libunwind/src/mi/Lset_fpreg.c,0,1,1
/media/ullmann/HDDGabriel/engines/UnrealEngine/Engine/Source/ThirdParty/Android/libunwind/libunwind/src/mi/Gset_fpreg.c,1,0,1
/media/ullmann/HDDGabriel/engines/UnrealEngine/Engine/Source/Developer/TraceInsights/Private/Insights/TaskGraphProfiler/TaskGraphProfilerManager.cpp,0,1,1
/media/ullmann/HDDGabriel/engines/UnrealEngine/Engine/Source/Developer/TraceInsights/Private/Insights/TaskGraphProfiler/TaskGraphProfilerManager.h,1,0,1
/media/ullmann/HDDGabriel/engines/UnrealEngine/Engine/Source/Developer/TraceInsights/Private/Insights/Table/ViewModels/TreeNodeSorting.cpp,0,1,1
/media/ullmann/HDDGabriel/engines/UnrealEngine/Engine/Source/Developer/TraceInsights/Private/Insights/Table/ViewModels/TreeNodeSorting.h,1,0,1
/media/ullmann/HDDGabriel/engines/UnrealEngine/Engine/Source/Developer/AssetTools/Private/AssetTypeActions/AssetTypeActions_BlendSpace1D.h,1,0,1
/media/ullmann/HDDGabriel/engines/UnrealEngine/Engine/Source/ThirdParty/PhysX3/PhysX_3.4/Source/SimulationController/src/ScTriggerInteraction.h,3,1,4
/media/ullmann/HDDGabriel/engines/UnrealEngine/Engine/Source/ThirdParty/PhysX3/PhysX_3.4/Source/SimulationController/src/ScRbElementInteraction.h,4,2,6
/media/ullmann/HDDGabriel/engines/UnrealEngine/Engine/Source/Runtime/FriendsAndChat/Public/FriendsAndChatStyle.h,1,5,6
/media/ullmann/HDDGabriel/engines/UnrealEngine/Engine/Source/Runtime/FriendsAndChat/Public/FriendsChatStyle.h,2,0,2
/media/ullmann/HDDGabriel/engines/UnrealEngine/Engine/Source/ThirdParty/FreeImage/FreeImage-3.18.0/Source/OpenEXR/IlmImf/ImfKeyCodeAttribute.h,3,3,6
/media/ullmann/HDDGabriel/engines/UnrealEngine/Engine/Source/Runtime/Renderer/Private/MobileShadingRenderer.cpp,0,23,23
/media/ullmann/HDDGabriel/engines/UnrealEngine/Engine/Source/ThirdParty/PhysX3/PhysX_3.4/Source/PhysXVehicle/src/PxVehicleDrive4W.cpp,0,3,3
/media/ullmann/HDDGabriel/engines/UnrealEngine/Engine/Source/ThirdParty/ShaderConductor/ShaderConductor/External/DirectXShaderCompiler/lib/CodeGen/AsmPrinter/AsmPrinter.cpp,0,4,4
/media/ullmann/HDDGabriel/engines/UnrealEngine/Engine/Source/ThirdParty/ShaderConductor/ShaderConductor/External/DirectXShaderCompiler/lib/CodeGen/AsmPrinter/WinException.h,2,1,3
/media/ullmann/HDDGabriel/engines/UnrealEngine/Engine/Source/ThirdParty/PhysX3/PxShared/src/pvd/src/PxProfileEventNames.h,3,2,5
/media/ullmann/HDDGabriel/engines/UnrealEngine/Engine/Source/ThirdParty/PhysX3/PxShared/src/pvd/src/PxProfileEventId.h,6,1,7
/media/ullmann/HDDGabriel/engines/UnrealEngine/Engine/Source/ThirdParty/Python3/Linux/include/python3.9/tupleobject.h,1,1,2
/media/ullmann/HDDGabriel/engines/UnrealEngine/Engine/Source/ThirdParty/mtlpp/mtlpp-master-7efad47/src/tools.hpp,1,3,4
/media/ullmann/HDDGabriel/engines/UnrealEngine/Engine/Source/Runtime/GameplayMediaEncoder/Private/IbmLiveStreaming.cpp,0,1,1
/media/ullmann/HDDGabriel/engines/UnrealEngine/Engine/Source/Runtime/GameplayMediaEncoder/Private/IbmLiveStreaming.h,2,1,3
/media/ullmann/HDDGabriel/engines/UnrealEngine/Engine/Source/ThirdParty/ShaderConductor/ShaderConductor/External/DirectXShaderCompiler/tools/clang/lib/CodeGen/CGClass.cpp,0,5,5
/media/ullmann/HDDGabriel/engines/UnrealEngine/Engine/Source/ThirdParty/ShaderConductor/ShaderConductor/External/DirectXShaderCompiler/tools/clang/lib/CodeGen/CGBlocks.h,4,5,9
/media/ullmann/HDDGabriel/engines/UnrealEngine/Engine/Source/ThirdParty/ICU/icu4c-64_1/source/i18n/wintzimpl.cpp,0,3,3
/media/ullmann/HDDGabriel/engines/UnrealEngine/Engine/Source/ThirdParty/ICU/icu4c-64_1/source/i18n/wintzimpl.h,2,0,2
/media/ullmann/HDDGabriel/engines/UnrealEngine/Engine/Source/Editor/Persona/Private/TabSpawners.cpp,0,15,15
/media/ullmann/HDDGabriel/engines/UnrealEngine/Engine/Source/Editor/Persona/Private/SAnimBlueprintParentPlayerList.h,2,1,3
/media/ullmann/HDDGabriel/engines/UnrealEngine/Engine/Source/ThirdParty/EOSSDK/SDK/Include/eos_titlestorage_types.h,2,1,3
/media/ullmann/HDDGabriel/engines/UnrealEngine/Engine/Source/ThirdParty/libPNG/libPNG-1.5.27/pngrutil.c,0,1,1
/media/ullmann/HDDGabriel/engines/UnrealEngine/Engine/Source/ThirdParty/ICU/icu4c-64_1/source/i18n/rbnf.cpp,0,7,7
/media/ullmann/HDDGabriel/engines/UnrealEngine/Engine/Source/ThirdParty/ICU/icu4c-53_1/source/common/utrie2_builder.cpp,0,5,5
/media/ullmann/HDDGabriel/engines/UnrealEngine/Engine/Source/ThirdParty/Alembic/alembic-1.8.2/maya/AbcExport/MayaNurbsSurfaceWriter.h,2,3,5
/media/ullmann/HDDGabriel/engines/UnrealEngine/Engine/Source/ThirdParty/Alembic/alembic-1.8.2/maya/AbcExport/AttributesWriter.h,9,2,11
/media/ullmann/HDDGabriel/engines/UnrealEngine/Engine/Source/ThirdParty/PhysX3/NvCloth/src/dx/DxSolver.cpp,0,8,8
/media/ullmann/HDDGabriel/engines/UnrealEngine/Engine/Source/ThirdParty/PhysX3/NvCloth/src/dx/DxFabric.h,7,3,10
/media/ullmann/HDDGabriel/engines/UnrealEngine/Engine/Source/ThirdParty/openexr/openexr-3.1.1/src/lib/OpenEXR/ImfThreading.h,22,2,24
/media/ullmann/HDDGabriel/engines/UnrealEngine/Engine/Source/ThirdParty/libOpus/opus-1.3.1-12/silk/typedef.h,9,0,9
/media/ullmann/HDDGabriel/engines/UnrealEngine/Engine/Source/Editor/ContentBrowser/Private/ContentBrowserUtils.cpp,0,4,4
/media/ullmann/HDDGabriel/engines/UnrealEngine/Engine/Source/ThirdParty/CryptoPP/5.6.2/include/filters.cpp,0,5,5
/media/ullmann/HDDGabriel/engines/UnrealEngine/Engine/Source/ThirdParty/CryptoPP/5.6.2/include/filters.h,18,6,24
/media/ullmann/HDDGabriel/engines/UnrealEngine/Engine/Source/ThirdParty/FreeImage/FreeImage-3.18.0/Source/OpenEXR/IlmImf/ImfMultiPartOutputFile.cpp,0,16,16
/media/ullmann/HDDGabriel/engines/UnrealEngine/Engine/Source/ThirdParty/FreeImage/FreeImage-3.18.0/Source/OpenEXR/IlmImf/ImfDeepTiledOutputFile.h,3,7,10
/media/ullmann/HDDGabriel/engines/UnrealEngine/Engine/Source/ThirdParty/FBX/2020.2/include/fbxsdk/core/base/fbxpair.h,1,0,1
/media/ullmann/HDDGabriel/engines/UnrealEngine/Engine/Source/Editor/IntroTutorials/Private/EditorTutorialDetailsCustomization.cpp,0,1,1
/media/ullmann/HDDGabriel/engines/UnrealEngine/Engine/Source/Editor/IntroTutorials/Private/EditorTutorialDetailsCustomization.h,2,0,2
/media/ullmann/HDDGabriel/engines/UnrealEngine/Engine/Source/Developer/AssetTools/Private/AssetTypeActions/AssetTypeActions_FbxSceneImportData.h,1,0,1
/media/ullmann/HDDGabriel/engines/UnrealEngine/Engine/Source/Runtime/Core/Public/Math/Color.h,3,0,3
/media/ullmann/HDDGabriel/engines/UnrealEngine/Engine/Source/ThirdParty/libOpus/opus-1.3.1-12/silk/decode_frame.c,0,2,2
/media/ullmann/HDDGabriel/engines/UnrealEngine/Engine/Source/ThirdParty/libOpus/opus-1.3.1-12/silk/PLC.h,3,1,4
/media/ullmann/HDDGabriel/engines/UnrealEngine/Engine/Source/ThirdParty/SDL2/SDL-gui-backend/include/SDL_syswm.h,0,7,7
/media/ullmann/HDDGabriel/engines/UnrealEngine/Engine/Source/ThirdParty/SDL2/SDL-gui-backend/include/SDL_egl.h,1,0,1
/media/ullmann/HDDGabriel/engines/UnrealEngine/Engine/Source/ThirdParty/PhysX3/NvCloth/samples/external/imgui/1.49/imgui_draw.cpp,0,4,4
/media/ullmann/HDDGabriel/engines/UnrealEngine/Engine/Source/ThirdParty/PhysX3/NvCloth/samples/external/imgui/1.49/stb_truetype.h,1,0,1
/media/ullmann/HDDGabriel/engines/UnrealEngine/Engine/Source/ThirdParty/EOSSDK/SDK/Bin/IOS/EOSSDK.framework/Headers/eos_sdk.h,0,27,27
/media/ullmann/HDDGabriel/engines/UnrealEngine/Engine/Source/ThirdParty/EOSSDK/SDK/Bin/IOS/EOSSDK.framework/Headers/eos_custominvites_types.h,2,1,3
/media/ullmann/HDDGabriel/engines/UnrealEngine/Engine/Source/ThirdParty/openexr/Deploy/openexr-3.1.1/include/OpenEXR/ImfRgbaYca.h,0,4,4
/media/ullmann/HDDGabriel/engines/UnrealEngine/Engine/Source/Runtime/Online/XMPP/Public/XmppPubSub.h,1,1,2
/media/ullmann/HDDGabriel/engines/UnrealEngine/Engine/Source/Editor/PropertyEditor/Private/UserInterface/PropertyEditor/SPropertyEditorEditInline.h,2,0,2
/media/ullmann/HDDGabriel/engines/UnrealEngine/Engine/Source/ThirdParty/ICU/icu4c-53_1/source/common/bytestrie.cpp,0,6,6
/media/ullmann/HDDGabriel/engines/UnrealEngine/Engine/Source/ThirdParty/Crunch/src/crnlib/crn_hash_map.h,4,3,7
/media/ullmann/HDDGabriel/engines/UnrealEngine/Engine/Source/ThirdParty/Crunch/src/crnlib/crn_hash.h,6,0,6
/media/ullmann/HDDGabriel/engines/UnrealEngine/Engine/Source/ThirdParty/ICU/icu4c-53_1/source/common/ucnvsel.cpp,0,13,13
/media/ullmann/HDDGabriel/engines/UnrealEngine/Engine/Source/ThirdParty/ICU/icu4c-53_1/source/common/unicode/uniset.h,24,0,24
/media/ullmann/HDDGabriel/engines/UnrealEngine/Engine/Source/ThirdParty/CryptoPP/5.6.5/include/hrtimer.cpp,0,4,4
/media/ullmann/HDDGabriel/engines/UnrealEngine/Engine/Source/ThirdParty/CryptoPP/5.6.5/include/hrtimer.h,6,1,7
/media/ullmann/HDDGabriel/engines/UnrealEngine/Engine/Source/ThirdParty/Intel/Embree/Embree2140/src/kernels/geometry/object.h,6,1,7
/media/ullmann/HDDGabriel/engines/UnrealEngine/Engine/Source/ThirdParty/Intel/Embree/Embree2140/src/kernels/geometry/primitive.h,16,2,18
/media/ullmann/HDDGabriel/engines/UnrealEngine/Engine/Source/ThirdParty/Intel/Embree/Embree270/src/kernels/xeon/geometry/bezier1v.h,10,3,13
/media/ullmann/HDDGabriel/engines/UnrealEngine/Engine/Source/ThirdParty/Crunch/src/crnlib/crn_value.h,2,3,5
/media/ullmann/HDDGabriel/engines/UnrealEngine/Engine/Source/ThirdParty/Crunch/src/crnlib/crn_vec.h,10,2,12
/media/ullmann/HDDGabriel/engines/UnrealEngine/Engine/Source/Editor/Kismet/Private/FindInBlueprints.cpp,0,1,1
/media/ullmann/HDDGabriel/engines/UnrealEngine/Engine/Source/Editor/Kismet/Private/FiBSearchInstance.h,3,0,3
/media/ullmann/HDDGabriel/engines/UnrealEngine/Engine/Source/ThirdParty/Steamworks/Steamv151/sdk/public/steam/isteamapplist.h,1,2,3
/media/ullmann/HDDGabriel/engines/UnrealEngine/Engine/Source/ThirdParty/Steamworks/Steamv151/sdk/public/steam/steamtypes.h,4,0,4
/media/ullmann/HDDGabriel/engines/UnrealEngine/Engine/Source/Developer/Virtualization/Private/VirtualizationFileBackend.cpp,0,2,2
/media/ullmann/HDDGabriel/engines/UnrealEngine/Engine/Source/Developer/Virtualization/Private/VirtualizationUtilities.h,3,0,3
/media/ullmann/HDDGabriel/engines/UnrealEngine/Engine/Source/ThirdParty/Crunch/src/crnlib/crn_lzma_codec.h,3,1,4
/media/ullmann/HDDGabriel/engines/UnrealEngine/Engine/Source/ThirdParty/Crunch/src/crnlib/crn_packed_uint.h,1,0,1
/media/ullmann/HDDGabriel/engines/UnrealEngine/Engine/Source/Programs/SwitchboardListener/Private/SwitchboardProtocol.cpp,0,4,4
/media/ullmann/HDDGabriel/engines/UnrealEngine/Engine/Source/Programs/SwitchboardListener/Private/SwitchboardProtocol.h,2,0,2
/media/ullmann/HDDGabriel/engines/UnrealEngine/Engine/Source/ThirdParty/WebRTC/4147/Include/third_party/libvpx/source/config/nacl/vpx_dsp_rtcd.h,0,1,1
/media/ullmann/HDDGabriel/engines/UnrealEngine/Engine/Source/ThirdParty/WebRTC/4147/Include/third_party/libvpx/source/config/nacl/vpx_config.h,4,0,4
/media/ullmann/HDDGabriel/engines/UnrealEngine/Engine/Source/ThirdParty/SDL2/SDL-gui-backend/src/video/haiku/SDL_bopengl.cc,0,4,4
/media/ullmann/HDDGabriel/engines/UnrealEngine/Engine/Source/ThirdParty/Oculus/LibOVRPlatform/LibOVRPlatform/include/OVR_Requests_Livestreaming.h,1,2,3
/media/ullmann/HDDGabriel/engines/UnrealEngine/Engine/Source/ThirdParty/SDL2/SDL-gui-backend/src/haptic/SDL_haptic.c,0,4,4
/media/ullmann/HDDGabriel/engines/UnrealEngine/Engine/Source/ThirdParty/hlslcc/hlslcc/src/hlslcc_lib/ir_visitor.h,29,0,29
/media/ullmann/HDDGabriel/engines/UnrealEngine/Engine/Source/ThirdParty/ICU/icu4c-64_1/source/common/ustrcase_locale.cpp,0,9,9
/media/ullmann/HDDGabriel/engines/UnrealEngine/Engine/Source/ThirdParty/ICU/icu4c-64_1/source/common/unicode/casemap.h,6,0,6
/media/ullmann/HDDGabriel/engines/UnrealEngine/Engine/Source/ThirdParty/Imath/Imath-3.1.3/src/python/PyImath/PyImathVec4ArrayImpl.h,2,6,8
/media/ullmann/HDDGabriel/engines/UnrealEngine/Engine/Source/ThirdParty/Imath/Imath-3.1.3/src/python/PyImath/PyImathOperators.h,9,2,11
/media/ullmann/HDDGabriel/engines/UnrealEngine/Engine/Source/Editor/DataLayerEditor/Private/DataLayer/SDataLayerBrowser.cpp,0,9,9
/media/ullmann/HDDGabriel/engines/UnrealEngine/Engine/Source/Editor/DataLayerEditor/Private/DataLayer/DataLayersActorDescTreeItem.h,3,0,3
/media/ullmann/HDDGabriel/engines/UnrealEngine/Engine/Source/ThirdParty/ShaderConductor/ShaderConductor/External/DirectXShaderCompiler/tools/clang/lib/Headers/x86intrin.h,1,14,15
/media/ullmann/HDDGabriel/engines/UnrealEngine/Engine/Source/ThirdParty/ShaderConductor/ShaderConductor/External/DirectXShaderCompiler/tools/clang/lib/Headers/fma4intrin.h,2,1,3
/media/ullmann/HDDGabriel/engines/UnrealEngine/Engine/Source/ThirdParty/ICU/icu4c-64_1/source/samples/msgfmt/main.cpp,0,1,1
/media/ullmann/HDDGabriel/engines/UnrealEngine/Engine/Source/ThirdParty/ICU/icu4c-64_1/source/samples/msgfmt/util.h,1,0,1
/media/ullmann/HDDGabriel/engines/UnrealEngine/Engine/Source/ThirdParty/Steamworks/Steamv146/sdk/public/steam/steam_api.h,2,23,25
/media/ullmann/HDDGabriel/engines/UnrealEngine/Engine/Source/ThirdParty/Steamworks/Steamv146/sdk/public/steam/isteamcontroller.h,1,2,3
/media/ullmann/HDDGabriel/engines/UnrealEngine/Engine/Source/Runtime/LiveLinkInterface/Public/LiveLinkTypes.h,11,1,12
/media/ullmann/HDDGabriel/engines/UnrealEngine/Engine/Source/ThirdParty/openexr/openexr-3.1.1/src/test/OpenEXRTest/compareB44.cpp,0,1,1
/media/ullmann/HDDGabriel/engines/UnrealEngine/Engine/Source/ThirdParty/openexr/openexr-3.1.1/src/test/OpenEXRTest/compareB44.h,7,0,7
/media/ullmann/HDDGabriel/engines/UnrealEngine/Engine/Source/ThirdParty/openexr/Deploy/openexr-3.1.1/include/OpenEXR/ImfImageIO.h,0,3,3
/media/ullmann/HDDGabriel/engines/UnrealEngine/Engine/Source/ThirdParty/openexr/Deploy/openexr-3.1.1/include/OpenEXR/ImfImage.h,3,5,8
/media/ullmann/HDDGabriel/engines/UnrealEngine/Engine/Source/ThirdParty/PhysX3/APEX_1.4/shared/general/meshimport/include/utils/MiAsciiConversion.h,1,2,3
/media/ullmann/HDDGabriel/engines/UnrealEngine/Engine/Source/ThirdParty/PhysX3/APEX_1.4/shared/general/meshimport/include/utils/MiAsciiConversion.inl,1,0,1
/media/ullmann/HDDGabriel/engines/UnrealEngine/Engine/Source/ThirdParty/ICU/icu4c-53_1/source/test/intltest/dadrfmt.cpp,0,4,4
/media/ullmann/HDDGabriel/engines/UnrealEngine/Engine/Source/ThirdParty/ICU/icu4c-53_1/source/test/intltest/fldset.h,3,0,3
/media/ullmann/HDDGabriel/engines/UnrealEngine/Engine/Source/ThirdParty/Imath/Deploy/Imath-3.1.3/include/Imath/ImathMath.h,5,2,7
/media/ullmann/HDDGabriel/engines/UnrealEngine/Engine/Source/ThirdParty/Imath/Deploy/Imath-3.1.3/include/Imath/ImathNamespace.h,28,1,29
/media/ullmann/HDDGabriel/engines/UnrealEngine/Engine/Source/ThirdParty/FBX/2020.2/include/fbxsdk/scene/fbxcontainer.h,1,0,1
/media/ullmann/HDDGabriel/engines/UnrealEngine/Engine/Source/ThirdParty/ICU/icu4c-53_1/source/common/ucase.cpp,0,14,14
/media/ullmann/HDDGabriel/engines/UnrealEngine/Engine/Source/ThirdParty/ICU/icu4c-53_1/source/common/utrie2.h,12,5,17
/media/ullmann/HDDGabriel/engines/UnrealEngine/Engine/Source/ThirdParty/FreeType2/FreeType2-2.4.12/src/autofit/aflatin2.h,3,1,4
/media/ullmann/HDDGabriel/engines/UnrealEngine/Engine/Source/ThirdParty/Vorbis/libvorbis-1.3.2/lib/floor0.c,0,8,8
/media/ullmann/HDDGabriel/engines/UnrealEngine/Engine/Source/ThirdParty/Vorbis/libvorbis-1.3.2/lib/misc.h,24,0,24
/media/ullmann/HDDGabriel/engines/UnrealEngine/Engine/Source/Runtime/Experimental/Chaos/Public/PBDRigidsSolver.h,2,24,26
/media/ullmann/HDDGabriel/engines/UnrealEngine/Engine/Source/Runtime/Experimental/Chaos/Public/Chaos/Defines.h,3,1,4
/media/ullmann/HDDGabriel/engines/UnrealEngine/Engine/Source/Runtime/Windows/AudioMixerXAudio2/Private/AudioMixerPlatformWindows.cpp,0,5,5
/media/ullmann/HDDGabriel/engines/UnrealEngine/Engine/Source/Runtime/Windows/AudioMixerXAudio2/Private/ScopedCom.h,2,0,2
/media/ullmann/HDDGabriel/engines/UnrealEngine/Engine/Source/ThirdParty/SDL2/SDL-gui-backend/src/video/offscreen/SDL_offscreenframebuffer.c,0,3,3
/media/ullmann/HDDGabriel/engines/UnrealEngine/Engine/Source/ThirdParty/Intel/Embree/Embree2140/src/kernels/builders/heuristic_strand_array.h,1,4,5
/media/ullmann/HDDGabriel/engines/UnrealEngine/Engine/Source/ThirdParty/PhysX3/NvCloth/src/dx/DxFactory.h,7,3,10
/media/ullmann/HDDGabriel/engines/UnrealEngine/Engine/Source/ThirdParty/PhysX3/NvCloth/src/IndexPair.h,5,0,5
/media/ullmann/HDDGabriel/engines/UnrealEngine/Engine/Source/ThirdParty/PhysX3/PhysX_3.4/Source/LowLevelCloth/src/Simd4i.h,1,4,5
/media/ullmann/HDDGabriel/engines/UnrealEngine/Engine/Source/ThirdParty/PhysX3/PhysX_3.4/Source/LowLevelCloth/src/scalar/Simd4i.h,1,0,1
/media/ullmann/HDDGabriel/engines/UnrealEngine/Engine/Source/ThirdParty/FreeType2/FreeType2-2.6/Src/pshinter/pshalgo.c,1,2,3
/media/ullmann/HDDGabriel/engines/UnrealEngine/Engine/Source/ThirdParty/FreeType2/FreeType2-2.6/Src/pshinter/pshalgo.h,3,2,5
/media/ullmann/HDDGabriel/engines/UnrealEngine/Engine/Source/ThirdParty/libOpus/opus-1.1/src/analysis.h,2,1,3
/media/ullmann/HDDGabriel/engines/UnrealEngine/Engine/Source/ThirdParty/libOpus/opus-1.1/src/opus_private.h,10,0,10
/media/ullmann/HDDGabriel/engines/UnrealEngine/Engine/Source/ThirdParty/FreeImage/FreeImage-3.18.0/Source/LibOpenJPEG/jp2.c,0,1,1
/media/ullmann/HDDGabriel/engines/UnrealEngine/Engine/Source/ThirdParty/llvm/8/include/llvm/DebugInfo/PDB/DIA/DIAInjectedSource.h,0,1,1
/media/ullmann/HDDGabriel/engines/UnrealEngine/Engine/Source/ThirdParty/CryptoPP/5.6.5/include/ecp.cpp,0,8,8
/media/ullmann/HDDGabriel/engines/UnrealEngine/Engine/Source/ThirdParty/ShaderConductor/ShaderConductor/External/DirectXShaderCompiler/lib/Transforms/InstCombine/InstCombineAddSub.cpp,0,1,1
/media/ullmann/HDDGabriel/engines/UnrealEngine/Engine/Source/Runtime/CoreUObject/Public/CoreUObjectSharedPCH.h,0,16,16
/media/ullmann/HDDGabriel/engines/UnrealEngine/Engine/Source/Runtime/CoreUObject/Public/UObject/CoreNative.h,2,0,2
/media/ullmann/HDDGabriel/engines/UnrealEngine/Engine/Source/ThirdParty/OpenVDB/openvdb-8.1.0/openvdb/openvdb/points/PointCount.h,2,3,5
/media/ullmann/HDDGabriel/engines/UnrealEngine/Engine/Source/ThirdParty/OpenVDB/openvdb-8.1.0/openvdb/openvdb/points/PointMask.h,1,2,3
/media/ullmann/HDDGabriel/engines/UnrealEngine/Engine/Source/ThirdParty/ShaderConductor/ShaderConductor/External/DirectXShaderCompiler/tools/clang/tools/dxcompiler/dxcshadersourceinfo.cpp,0,1,1
/media/ullmann/HDDGabriel/engines/UnrealEngine/Engine/Source/ThirdParty/ShaderConductor/ShaderConductor/External/DirectXShaderCompiler/tools/clang/tools/dxcompiler/dxcshadersourceinfo.h,3,0,3
/media/ullmann/HDDGabriel/engines/UnrealEngine/Engine/Source/Runtime/Core/Private/Memory/MemoryArena.cpp,0,2,2
/media/ullmann/HDDGabriel/engines/UnrealEngine/Engine/Source/ThirdParty/dlmalloc/malloc-2.8.6.c,1,1,2
/media/ullmann/HDDGabriel/engines/UnrealEngine/Engine/Source/ThirdParty/Android/libunwind/libunwind/src/arm/regname.c,0,1,1
/media/ullmann/HDDGabriel/engines/UnrealEngine/Engine/Source/ThirdParty/Android/libunwind/libunwind/src/arm/unwind_i.h,13,0,13
/media/ullmann/HDDGabriel/engines/UnrealEngine/Engine/Source/Editor/PhysicsAssetEditor/Private/PhysicsAssetEditorAnimInstance.cpp,0,2,2
/media/ullmann/HDDGabriel/engines/UnrealEngine/Engine/Source/Editor/PhysicsAssetEditor/Private/PhysicsAssetEditorAnimInstance.h,5,0,5
/media/ullmann/HDDGabriel/engines/UnrealEngine/Engine/Source/ThirdParty/ICU/icu4c-53_1/source/common/ubidi.c,0,9,9
/media/ullmann/HDDGabriel/engines/UnrealEngine/Engine/Source/Runtime/Landscape/Classes/LandscapeStreamingProxy.h,0,1,1
/media/ullmann/HDDGabriel/engines/UnrealEngine/Engine/Source/Runtime/Landscape/Classes/LandscapeProxy.h,2,3,5
/media/ullmann/HDDGabriel/engines/UnrealEngine/Engine/Source/ThirdParty/SDL2/SDL-gui-backend/src/video/vita/SDL_vitagl_c.h,1,1,2
/media/ullmann/HDDGabriel/engines/UnrealEngine/Engine/Source/ThirdParty/SDL2/SDL-gui-backend/src/video/vita/SDL_vitavideo.h,10,3,13
/media/ullmann/HDDGabriel/engines/UnrealEngine/Engine/Source/ThirdParty/OpenVDB/Deploy/openvdb-8.1.0/include/openvdb/tools/TopologyToLevelSet.h,0,3,3
/media/ullmann/HDDGabriel/engines/UnrealEngine/Engine/Source/ThirdParty/OpenVDB/Deploy/openvdb-8.1.0/include/openvdb/tools/SignedFloodFill.h,8,0,8
/media/ullmann/HDDGabriel/engines/UnrealEngine/Engine/Source/ThirdParty/CryptoPP/5.6.5/include/test.cpp,0,22,22
/media/ullmann/HDDGabriel/engines/UnrealEngine/Engine/Source/ThirdParty/Android/libunwind/libunwind/include/libunwind-hppa.h,1,2,3
/media/ullmann/HDDGabriel/engines/UnrealEngine/Engine/Source/ThirdParty/Android/libunwind/libunwind/include/libunwind-common.h,10,0,10
/media/ullmann/HDDGabriel/engines/UnrealEngine/Engine/Source/ThirdParty/FreeType2/FreeType2-2.6/Src/gxvalid/gxvalid.c,0,22,22
/media/ullmann/HDDGabriel/engines/UnrealEngine/Engine/Source/ThirdParty/FreeType2/FreeType2-2.6/Src/gxvalid/gxvjust.c,1,2,3
/media/ullmann/HDDGabriel/engines/UnrealEngine/Engine/Source/Editor/FoliageEdit/Private/SFoliagePalette.cpp,0,5,5
/media/ullmann/HDDGabriel/engines/UnrealEngine/Engine/Source/Editor/FoliageEdit/Private/FoliagePaletteItem.h,2,1,3
/media/ullmann/HDDGabriel/engines/UnrealEngine/Engine/Source/ThirdParty/llvm/8/include/llvm/DebugInfo/PDB/IPDBInjectedSource.h,0,1,1
/media/ullmann/HDDGabriel/engines/UnrealEngine/Engine/Source/ThirdParty/FreeType2/FreeType2-2.4.12/src/sfnt/sfnt.c,0,10,10
/media/ullmann/HDDGabriel/engines/UnrealEngine/Engine/Source/ThirdParty/FreeType2/FreeType2-2.4.12/src/sfnt/ttload.c,1,2,3
/media/ullmann/HDDGabriel/engines/UnrealEngine/Engine/Source/Editor/PropertyEditor/Public/PropertyEditorModule.h,7,3,10
/media/ullmann/HDDGabriel/engines/UnrealEngine/Engine/Source/Programs/UnrealVersionSelector/Private/Linux/LinuxPlatformInstallation.h,1,1,2
/media/ullmann/HDDGabriel/engines/UnrealEngine/Engine/Source/Programs/UnrealVersionSelector/Private/GenericPlatform/GenericPlatformInstallation.h,3,0,3
/media/ullmann/HDDGabriel/engines/UnrealEngine/Engine/Source/Runtime/Online/Voice/Private/Windows/VoiceModuleWindows.cpp,0,2,2
/media/ullmann/HDDGabriel/engines/UnrealEngine/Engine/Source/Runtime/Online/Voice/Private/Windows/VoiceCaptureWindows.h,2,0,2
/media/ullmann/HDDGabriel/engines/UnrealEngine/Engine/Source/Runtime/Renderer/Private/ShadowSetup.cpp,0,12,12
/media/ullmann/HDDGabriel/engines/UnrealEngine/Engine/Source/Runtime/Experimental/GeometryCollectionEngine/Public/ChaosBlueprint.h,0,4,4
/media/ullmann/HDDGabriel/engines/UnrealEngine/Engine/Source/Runtime/Experimental/GeometryCollectionEngine/Public/ChaosCollisionEventFilter.h,1,1,2
/media/ullmann/HDDGabriel/engines/UnrealEngine/Engine/Source/ThirdParty/Unix/LibCxx/include/c++/v1/__function_like.h,0,2,2
/media/ullmann/HDDGabriel/engines/UnrealEngine/Engine/Source/ThirdParty/Unix/LibCxx/include/c++/v1/__config,20,0,20
/media/ullmann/HDDGabriel/engines/UnrealEngine/Engine/Source/ThirdParty/ShaderConductor/ShaderConductor/External/DirectXShaderCompiler/tools/clang/lib/CodeGen/CGExprScalar.cpp,0,7,7
/media/ullmann/HDDGabriel/engines/UnrealEngine/Engine/Source/ThirdParty/ShaderConductor/ShaderConductor/External/DirectXShaderCompiler/tools/clang/lib/CodeGen/CodeGenModule.h,34,3,37
/media/ullmann/HDDGabriel/engines/UnrealEngine/Engine/Source/ThirdParty/CryptoPP/5.6.5/include/elgamal.h,2,7,9
/media/ullmann/HDDGabriel/engines/UnrealEngine/Engine/Source/Runtime/Apple/MetalRHI/Private/MetalShaderTypes.h,11,5,16
/media/ullmann/HDDGabriel/engines/UnrealEngine/Engine/Source/Runtime/Apple/MetalRHI/Private/Shaders/Types/MetalComputeShader.h,2,0,2
/media/ullmann/HDDGabriel/engines/UnrealEngine/Engine/Source/ThirdParty/Vorbis/libvorbis-1.3.2/lib/psy.c,0,8,8
/media/ullmann/HDDGabriel/engines/UnrealEngine/Engine/Source/ThirdParty/Vorbis/libvorbis-1.3.2/lib/lpc.h,6,0,6
/media/ullmann/HDDGabriel/engines/UnrealEngine/Engine/Source/ThirdParty/FreeType2/FreeType2-2.6/Src/truetype/truetype.c,0,8,8
/media/ullmann/HDDGabriel/engines/UnrealEngine/Engine/Source/ThirdParty/FreeType2/FreeType2-2.6/Src/truetype/ttpload.c,1,3,4
/media/ullmann/HDDGabriel/engines/UnrealEngine/Engine/Source/Editor/Persona/Private/SAnimTimingPanel.cpp,0,2,2
/media/ullmann/HDDGabriel/engines/UnrealEngine/Engine/Source/Editor/Persona/Private/STimingTrack.h,2,1,3
/media/ullmann/HDDGabriel/engines/UnrealEngine/Engine/Source/Runtime/StorageServerClient/Private/StorageServerPackageStore.cpp,0,1,1
/media/ullmann/HDDGabriel/engines/UnrealEngine/Engine/Source/Runtime/StorageServerClient/Private/StorageServerPackageStore.h,2,0,2
/media/ullmann/HDDGabriel/engines/UnrealEngine/Engine/Source/ThirdParty/libPNG/libPNG-1.6.37/contrib/libtests/pngstest.c,0,3,3
/media/ullmann/HDDGabriel/engines/UnrealEngine/Engine/Source/ThirdParty/mtlpp/mtlpp-master-7efad47/src/imp_CaptureScope.hpp,1,1,2
/media/ullmann/HDDGabriel/engines/UnrealEngine/Engine/Source/Editor/Persona/Private/AnimTimeline/AnimTimelineTrack_Curve.cpp,0,2,2
/media/ullmann/HDDGabriel/engines/UnrealEngine/Engine/Source/Editor/Persona/Private/AnimTimeline/AnimTimelineTrack_Curve.h,5,2,7
/media/ullmann/HDDGabriel/engines/UnrealEngine/Engine/Source/ThirdParty/OpenVDB/openvdb-8.1.0/openvdb_ax/openvdb_ax/ast/Parse.h,1,2,3
/media/ullmann/HDDGabriel/engines/UnrealEngine/Engine/Source/ThirdParty/OpenVDB/openvdb-8.1.0/openvdb_ax/openvdb_ax/ast/AST.h,9,1,10
/media/ullmann/HDDGabriel/engines/UnrealEngine/Engine/Source/ThirdParty/HarfBuzz/harfbuzz-1.2.4/src/main.cc,0,4,4
/media/ullmann/HDDGabriel/engines/UnrealEngine/Engine/Source/ThirdParty/HarfBuzz/harfbuzz-1.2.4/src/hb-mutex-private.hh,3,0,3
/media/ullmann/HDDGabriel/engines/UnrealEngine/Engine/Source/ThirdParty/ICU/icu4c-53_1/source/common/rbbirb.cpp,0,18,18
/media/ullmann/HDDGabriel/engines/UnrealEngine/Engine/Source/ThirdParty/ICU/icu4c-53_1/source/common/unicode/brkiter.h,11,0,11
/media/ullmann/HDDGabriel/engines/UnrealEngine/Engine/Source/ThirdParty/xxhash/xxhsum.c,0,2,2
/media/ullmann/HDDGabriel/engines/UnrealEngine/Engine/Source/ThirdParty/xxhash/xxh_x86dispatch.h,1,1,2
/media/ullmann/HDDGabriel/engines/UnrealEngine/Engine/Source/ThirdParty/CryptoPP/5.6.5/include/square.cpp,0,5,5
/media/ullmann/HDDGabriel/engines/UnrealEngine/Engine/Source/Runtime/Renderer/Private/DebugProbeRendering.cpp,0,5,5
/media/ullmann/HDDGabriel/engines/UnrealEngine/Engine/Source/ThirdParty/ICU/icu4c-64_1/source/i18n/uspoof_conf.cpp,0,4,4
/media/ullmann/HDDGabriel/engines/UnrealEngine/Engine/Source/ThirdParty/ICU/icu4c-64_1/source/i18n/unicode/uspoof.h,5,0,5
/media/ullmann/HDDGabriel/engines/UnrealEngine/Engine/Source/Runtime/Core/Public/GenericPlatform/GenericPlatformMath.h,2,0,2
/media/ullmann/HDDGabriel/engines/UnrealEngine/Engine/Source/ThirdParty/FreeType2/FreeType2-2.4.12/src/cff/cf2error.c,1,2,3
/media/ullmann/HDDGabriel/engines/UnrealEngine/Engine/Source/ThirdParty/Intel/TBB/IntelTBB-2019u8/examples/parallel_for/tachyon/src/api.cpp,0,24,24
/media/ullmann/HDDGabriel/engines/UnrealEngine/Engine/Source/ThirdParty/Intel/TBB/IntelTBB-2019u8/examples/parallel_for/tachyon/src/render.h,2,0,2
/media/ullmann/HDDGabriel/engines/UnrealEngine/Engine/Source/Editor/ContentBrowser/Private/SPathPicker.cpp,0,3,3
/media/ullmann/HDDGabriel/engines/UnrealEngine/Engine/Source/ThirdParty/ICU/icu4c-64_1/source/common/static_unicode_sets.cpp,0,8,8
/media/ullmann/HDDGabriel/engines/UnrealEngine/Engine/Source/Editor/CurveTableEditor/Private/CurveTableEditorModule.cpp,0,2,2
/media/ullmann/HDDGabriel/engines/UnrealEngine/Engine/Source/Editor/CurveTableEditor/Private/CurveTableEditor.h,3,1,4
/media/ullmann/HDDGabriel/engines/UnrealEngine/Engine/Source/ThirdParty/SDL2/SDL-gui-backend/src/render/vitagxm/SDL_render_vita_gxm.c,0,5,5
/media/ullmann/HDDGabriel/engines/UnrealEngine/Engine/Source/ThirdParty/SDL2/SDL-gui-backend/src/render/vitagxm/SDL_render_vita_gxm_tools.h,3,3,6
/media/ullmann/HDDGabriel/engines/UnrealEngine/Engine/Source/ThirdParty/Alembic/alembic-1.8.2/maya/AbcImport/NodeIteratorVisitorHelper.cpp,0,4,4
/media/ullmann/HDDGabriel/engines/UnrealEngine/Engine/Source/ThirdParty/Alembic/alembic-1.8.2/maya/AbcImport/NodeIteratorVisitorHelper.h,13,0,13
/media/ullmann/HDDGabriel/engines/UnrealEngine/Engine/Source/ThirdParty/Intel/Embree/Embree270/src/kernels/common/subdiv/tessellation.h,4,0,4
/media/ullmann/HDDGabriel/engines/UnrealEngine/Engine/Source/Runtime/MovieScene/Public/Channels/MovieSceneByteChannel.h,0,3,3
/media/ullmann/HDDGabriel/engines/UnrealEngine/Engine/Source/Runtime/MovieScene/Public/Channels/MovieSceneChannelTraits.h,9,1,10
/media/ullmann/HDDGabriel/engines/UnrealEngine/Engine/Source/ThirdParty/Imath/Imath-3.1.3/src/python/PyImath/PyImathStringArrayRegister.h,2,1,3
/media/ullmann/HDDGabriel/engines/UnrealEngine/Engine/Source/ThirdParty/FreeImage/FreeImage-3.18.0/Source/OpenEXR/IexMath/IexMathFpu.cpp,0,1,1
/media/ullmann/HDDGabriel/engines/UnrealEngine/Engine/Source/ThirdParty/FreeImage/FreeImage-3.18.0/Source/OpenEXR/IexMath/IexMathFpu.h,2,1,3
/media/ullmann/HDDGabriel/engines/UnrealEngine/Engine/Source/ThirdParty/Intel/ISPC/ispc-1.17.0/examples/cpu/gmres/algorithm.cpp,0,2,2
/media/ullmann/HDDGabriel/engines/UnrealEngine/Engine/Source/ThirdParty/Intel/ISPC/ispc-1.17.0/examples/cpu/gmres/debug.h,2,0,2
/media/ullmann/HDDGabriel/engines/UnrealEngine/Engine/Source/ThirdParty/ICU/icu4c-64_1/source/i18n/numsys_impl.h,1,1,2
/media/ullmann/HDDGabriel/engines/UnrealEngine/Engine/Source/ThirdParty/ICU/icu4c-64_1/source/i18n/unicode/numsys.h,9,0,9
/media/ullmann/HDDGabriel/engines/UnrealEngine/Engine/Source/Programs/UnrealLightmass/Private/Lighting/Lighting.h,1,11,12
/media/ullmann/HDDGabriel/engines/UnrealEngine/Engine/Source/Programs/UnrealLightmass/Private/Lighting/FluidSurface.h,2,2,4
/media/ullmann/HDDGabriel/engines/UnrealEngine/Engine/Source/ThirdParty/Python3/Linux/include/python3.9/internal/pycore_object.h,0,3,3
/media/ullmann/HDDGabriel/engines/UnrealEngine/Engine/Source/ThirdParty/Python3/Linux/include/python3.9/internal/pycore_pystate.h,1,1,2
/media/ullmann/HDDGabriel/engines/UnrealEngine/Engine/Source/ThirdParty/MCPP/mcpp-2.7.2/cpp-test/test-l/nest16.h,1,1,2
/media/ullmann/HDDGabriel/engines/UnrealEngine/Engine/Source/ThirdParty/MCPP/mcpp-2.7.2/cpp-test/test-l/nest17.h,1,1,2
/media/ullmann/HDDGabriel/engines/UnrealEngine/Engine/Source/Editor/SceneOutliner/Public/SceneOutlinerDragDrop.h,2,2,4
/media/ullmann/HDDGabriel/engines/UnrealEngine/Engine/Source/ThirdParty/Android/libunwind/libunwind/src/arm/Lex_tables.c,0,1,1
/media/ullmann/HDDGabriel/engines/UnrealEngine/Engine/Source/ThirdParty/Android/libunwind/libunwind/src/arm/Gex_tables.c,1,0,1
/media/ullmann/HDDGabriel/engines/UnrealEngine/Engine/Source/ThirdParty/Boost/boost-1_70_0/include/boost/safe_numerics/safe_integer_literal.hpp,0,3,3
/media/ullmann/HDDGabriel/engines/UnrealEngine/Engine/Source/ThirdParty/Boost/boost-1_70_0/include/boost/safe_numerics/checked_integer.hpp,5,5,10
/media/ullmann/HDDGabriel/engines/UnrealEngine/Engine/Source/Runtime/Renderer/Private/SkyPassRendering.cpp,0,6,6
/media/ullmann/HDDGabriel/engines/UnrealEngine/Engine/Source/Runtime/Renderer/Private/MobileBasePassRendering.h,9,7,16
/media/ullmann/HDDGabriel/engines/UnrealEngine/Engine/Source/Runtime/Renderer/Private/VT/VirtualTextureTest.cpp,0,4,4
/media/ullmann/HDDGabriel/engines/UnrealEngine/Engine/Source/Runtime/Renderer/Private/VT/VirtualTextureSpace.h,6,4,10
/media/ullmann/HDDGabriel/engines/UnrealEngine/Engine/Source/ThirdParty/PhysX3/PxShared/src/pvd/src/PxProfileMemoryEventRecorder.h,2,4,6
/media/ullmann/HDDGabriel/engines/UnrealEngine/Engine/Source/ThirdParty/PhysX3/PxShared/src/pvd/src/PxProfileBase.h,21,0,21
/media/ullmann/HDDGabriel/engines/UnrealEngine/Engine/Source/ThirdParty/llvm/8/include/llvm/DebugInfo/PDB/IPDBRawSymbol.h,1,1,2
/media/ullmann/HDDGabriel/engines/UnrealEngine/Engine/Source/ThirdParty/OpenSubdiv/OpenSubdiv-3.4.4/regression/shapes/catmark_gregory_test1.h,1,0,1
/media/ullmann/HDDGabriel/engines/UnrealEngine/Engine/Source/ThirdParty/Oculus/LibOVRPlatform/LibOVRPlatform/include/OVR_Message.h,1,66,67
/media/ullmann/HDDGabriel/engines/UnrealEngine/Engine/Source/ThirdParty/Oculus/LibOVRPlatform/LibOVRPlatform/include/OVR_AssetFileDownloadResult.h,2,2,4
/media/ullmann/HDDGabriel/engines/UnrealEngine/Engine/Source/ThirdParty/ICU/icu4c-64_1/source/common/bytestrie.cpp,0,6,6
/media/ullmann/HDDGabriel/engines/UnrealEngine/Engine/Source/ThirdParty/PhysX3/PhysX_3.4/Source/SimulationController/src/ScBodyCoreKinematic.cpp,0,1,1
/media/ullmann/HDDGabriel/engines/UnrealEngine/Engine/Source/ThirdParty/PhysX3/PhysX_3.4/Source/SimulationController/src/ScSimStateData.h,2,0,2
/media/ullmann/HDDGabriel/engines/UnrealEngine/Engine/Source/Editor/AnimationModifiers/Private/SAnimationModifierContentBrowserWindow.cpp,0,3,3
/media/ullmann/HDDGabriel/engines/UnrealEngine/Engine/Source/Editor/AnimationModifiers/Private/SAnimationModifierContentBrowserWindow.h,2,0,2
/media/ullmann/HDDGabriel/engines/UnrealEngine/Engine/Source/ThirdParty/ICU/icu4c-64_1/source/common/ucnv_cb.cpp,0,5,5
/media/ullmann/HDDGabriel/engines/UnrealEngine/Engine/Source/Programs/Enterprise/Datasmith/DatasmithARCHICADExporter/Private/SyncDatabase.cpp,0,9,9
/media/ullmann/HDDGabriel/engines/UnrealEngine/Engine/Source/Programs/Enterprise/Datasmith/DatasmithARCHICADExporter/Private/SyncDatabase.h,2,2,4
/media/ullmann/HDDGabriel/engines/UnrealEngine/Engine/Source/Runtime/RenderCore/Private/RenderGraphPrivate.cpp,0,1,1
/media/ullmann/HDDGabriel/engines/UnrealEngine/Engine/Source/Runtime/RenderCore/Private/RenderGraphPrivate.h,8,0,8
/media/ullmann/HDDGabriel/engines/UnrealEngine/Engine/Source/ThirdParty/Intel/TBB/IntelTBB-2019u8/src/test/test_atomic.cpp,0,4,4
/media/ullmann/HDDGabriel/engines/UnrealEngine/Engine/Source/ThirdParty/SDL2/SDL-gui-backend/src/video/kmsdrm/SDL_kmsdrmvideo.c,0,13,13
/media/ullmann/HDDGabriel/engines/UnrealEngine/Engine/Source/ThirdParty/SDL2/SDL-gui-backend/src/core/openbsd/SDL_wscons.h,3,0,3
/media/ullmann/HDDGabriel/engines/UnrealEngine/Engine/Source/ThirdParty/ICU/icu4c-53_1/source/test/cintltst/cldrtest.c,0,1,1
/media/ullmann/HDDGabriel/engines/UnrealEngine/Engine/Source/Editor/PhysicsAssetEditor/Private/PhysicsAssetEditorModule.cpp,0,3,3
/media/ullmann/HDDGabriel/engines/UnrealEngine/Engine/Source/Editor/PhysicsAssetEditor/Private/PhysicsAssetEditorSharedData.h,6,0,6
/media/ullmann/HDDGabriel/engines/UnrealEngine/Engine/Source/Runtime/Renderer/Private/Nanite/Nanite.h,7,6,13
/media/ullmann/HDDGabriel/engines/UnrealEngine/Engine/Source/ThirdParty/Vorbis/libvorbis-1.3.2/lib/psytune.c,0,12,12
/media/ullmann/HDDGabriel/engines/UnrealEngine/Engine/Source/ThirdParty/Vorbis/libvorbis-1.3.2/lib/smallft.h,5,0,5
/media/ullmann/HDDGabriel/engines/UnrealEngine/Engine/Source/ThirdParty/ShaderConductor/ShaderConductor/External/DirectXShaderCompiler/include/llvm/DebugInfo/PDB/PDBSymbolTypeTypedef.h,0,2,2
/media/ullmann/HDDGabriel/engines/UnrealEngine/Engine/Source/ThirdParty/ShaderConductor/ShaderConductor/External/DirectXShaderCompiler/include/llvm/DebugInfo/PDB/PDBSymbol.h,31,4,35
/media/ullmann/HDDGabriel/engines/UnrealEngine/Engine/Source/ThirdParty/CryptoPP/5.6.5/include/validate.h,7,1,8
/media/ullmann/HDDGabriel/engines/UnrealEngine/Engine/Source/ThirdParty/Intel/TBB/IntelTBB-2019u8/examples/parallel_for/tachyon/src/trace.tbb1d.cpp,0,14,14
/media/ullmann/HDDGabriel/engines/UnrealEngine/Engine/Source/ThirdParty/Intel/TBB/IntelTBB-2019u8/examples/parallel_for/tachyon/src/global.h,11,0,11
/media/ullmann/HDDGabriel/engines/UnrealEngine/Engine/Source/ThirdParty/Python3/Win64/include/pymath.h,1,1,2
/media/ullmann/HDDGabriel/engines/UnrealEngine/Engine/Source/ThirdParty/Python3/Win64/include/pyconfig.h,4,0,4
/media/ullmann/HDDGabriel/engines/UnrealEngine/Engine/Source/ThirdParty/OpenVDB/openvdb-8.1.0/openvdb_houdini/openvdb_houdini/Utils.cc,0,2,2
/media/ullmann/HDDGabriel/engines/UnrealEngine/Engine/Source/ThirdParty/OpenVDB/openvdb-8.1.0/openvdb_houdini/openvdb_houdini/GEO_PrimVDB.h,5,1,6
/media/ullmann/HDDGabriel/engines/UnrealEngine/Engine/Source/ThirdParty/PhysX3/PhysX_3.4/Source/GeomUtils/src/GuSweepMTD.cpp,0,3,3
/media/ullmann/HDDGabriel/engines/UnrealEngine/Engine/Source/ThirdParty/PhysX3/PhysX_3.4/Source/GeomUtils/src/GuInternal.h,12,1,13
/media/ullmann/HDDGabriel/engines/UnrealEngine/Engine/Source/ThirdParty/Windows/DirectXLegacy/Include/d3dx9math.h,1,2,3
/media/ullmann/HDDGabriel/engines/UnrealEngine/Engine/Source/ThirdParty/MCPP/mcpp-2.7.2/cpp-test/test-t/u_1_1.c,0,4,4
/media/ullmann/HDDGabriel/engines/UnrealEngine/Engine/Source/ThirdParty/MCPP/mcpp-2.7.2/cpp-test/test-t/unbal4.h,1,0,1
/media/ullmann/HDDGabriel/engines/UnrealEngine/Engine/Source/ThirdParty/ICU/icu4c-53_1/source/common/ucmndata.h,7,2,9
/media/ullmann/HDDGabriel/engines/UnrealEngine/Engine/Source/ThirdParty/ICU/icu4c-53_1/source/common/unicode/udata.h,30,0,30
/media/ullmann/HDDGabriel/engines/UnrealEngine/Engine/Source/ThirdParty/FakeIt/2.0.2/config/tpunit/fakeit.hpp,0,1,1
/media/ullmann/HDDGabriel/engines/UnrealEngine/Engine/Source/ThirdParty/FakeIt/2.0.2/config/tpunit/fakeit_instance.hpp,1,1,2
/media/ullmann/HDDGabriel/engines/UnrealEngine/Engine/Source/ThirdParty/ICU/icu4c-53_1/source/common/lrucache.h,1,2,3
/media/ullmann/HDDGabriel/engines/UnrealEngine/Engine/Source/ThirdParty/ICU/icu4c-53_1/source/common/sharedobject.h,2,2,4
/media/ullmann/HDDGabriel/engines/UnrealEngine/Engine/Source/ThirdParty/FreeType2/FreeType2-2.6/Src/truetype/ttgxvar.c,1,3,4
/media/ullmann/HDDGabriel/engines/UnrealEngine/Engine/Source/ThirdParty/FreeType2/FreeType2-2.6/Src/truetype/tterrors.h,7,0,7
/media/ullmann/HDDGabriel/engines/UnrealEngine/Engine/Source/ThirdParty/Alembic/alembic-1.8.2/lib/Alembic/AbcMaterial/InternalUtil.cpp,0,1,1
/media/ullmann/HDDGabriel/engines/UnrealEngine/Engine/Source/ThirdParty/Alembic/alembic-1.8.2/lib/Alembic/AbcMaterial/InternalUtil.h,3,0,3
/media/ullmann/HDDGabriel/engines/UnrealEngine/Engine/Source/Editor/Persona/Private/AnimTimeline/AnimTimelineTrack_Notifies.h,5,1,6
/media/ullmann/HDDGabriel/engines/UnrealEngine/Engine/Source/ThirdParty/PhysX3/PxShared/src/pvd/src/PxPvdUserRenderer.cpp,0,6,6
/media/ullmann/HDDGabriel/engines/UnrealEngine/Engine/Source/ThirdParty/PhysX3/PxShared/src/pvd/src/PxPvdUserRenderTypes.h,2,0,2
/media/ullmann/HDDGabriel/engines/UnrealEngine/Engine/Source/ThirdParty/PhysX3/NvCloth/samples/SampleBase/renderer/Renderer.cpp,0,3,3
/media/ullmann/HDDGabriel/engines/UnrealEngine/Engine/Source/ThirdParty/PhysX3/NvCloth/samples/SampleBase/renderer/PxRenderBuffer.h,2,1,3
/media/ullmann/HDDGabriel/engines/UnrealEngine/Engine/Source/ThirdParty/OpenSubdiv/OpenSubdiv-3.4.4/examples/common/d3d11Hud.h,3,1,4
/media/ullmann/HDDGabriel/engines/UnrealEngine/Engine/Source/ThirdParty/CryptoPP/5.6.5/include/gzip.h,2,4,6
/media/ullmann/HDDGabriel/engines/UnrealEngine/Engine/Source/ThirdParty/CryptoPP/5.6.5/include/zdeflate.h,5,3,8
/media/ullmann/HDDGabriel/engines/UnrealEngine/Engine/Source/Programs/Enterprise/Datasmith/DatasmithSketchUpRubyExporter/Private/DatasmithSketchUpMaterial.cpp,0,12,12
/media/ullmann/HDDGabriel/engines/UnrealEngine/Engine/Source/Programs/Enterprise/Datasmith/DatasmithSketchUpRubyExporter/Private/DatasmithSketchUpExportContext.h,7,3,10
/media/ullmann/HDDGabriel/engines/UnrealEngine/Engine/Source/Runtime/Renderer/Private/VT/VirtualTextureAllocator.h,2,1,3
/media/ullmann/HDDGabriel/engines/UnrealEngine/Engine/Source/Runtime/Renderer/Private/VT/VirtualTextureShared.h,8,0,8
/media/ullmann/HDDGabriel/engines/UnrealEngine/Engine/Source/Editor/MovieSceneTools/Private/TrackEditors/PropertyTrackEditors/ColorPropertyTrackEditor.h,1,0,1
/media/ullmann/HDDGabriel/engines/UnrealEngine/Engine/Source/ThirdParty/ICU/icu4c-53_1/source/i18n/ethpccal.h,2,2,4
/media/ullmann/HDDGabriel/engines/UnrealEngine/Engine/Source/ThirdParty/ICU/icu4c-53_1/source/i18n/uitercollationiterator.cpp,0,5,5
/media/ullmann/HDDGabriel/engines/UnrealEngine/Engine/Source/ThirdParty/ICU/icu4c-53_1/source/i18n/collationdata.h,25,1,26
/media/ullmann/HDDGabriel/engines/UnrealEngine/Engine/Source/ThirdParty/Android/libunwind/libunwind/src/mips/Lget_proc_info.c,0,1,1
/media/ullmann/HDDGabriel/engines/UnrealEngine/Engine/Source/ThirdParty/Android/libunwind/libunwind/src/mips/Gget_proc_info.c,1,1,2
/media/ullmann/HDDGabriel/engines/UnrealEngine/Engine/Source/ThirdParty/MCPP/mcpp-2.7.2/src/system.H,9,0,9
/media/ullmann/HDDGabriel/engines/UnrealEngine/Engine/Source/Developer/DerivedDataCache/Public/DerivedDataBuildInputResolver.h,0,3,3
/media/ullmann/HDDGabriel/engines/UnrealEngine/Engine/Source/Developer/DerivedDataCache/Public/DerivedDataRequestTypes.h,5,0,5
/media/ullmann/HDDGabriel/engines/UnrealEngine/Engine/Source/Runtime/Renderer/Private/ScreenSpaceDenoise.h,7,1,8
/media/ullmann/HDDGabriel/engines/UnrealEngine/Engine/Source/Editor/BlueprintGraph/Classes/K2Node_Event.h,10,2,12
/media/ullmann/HDDGabriel/engines/UnrealEngine/Engine/Source/Editor/BlueprintGraph/Classes/K2Node_EditablePinBase.h,3,1,4
/media/ullmann/HDDGabriel/engines/UnrealEngine/Engine/Source/Programs/Enterprise/Datasmith/DatasmithARCHICADExporter/Private/Commander.cpp,0,12,12
/media/ullmann/HDDGabriel/engines/UnrealEngine/Engine/Source/Programs/Enterprise/Datasmith/DatasmithARCHICADExporter/Private/ReportWindow.h,3,1,4
/media/ullmann/HDDGabriel/engines/UnrealEngine/Engine/Source/ThirdParty/CryptoPP/5.6.5/include/stdcpp.h,21,0,21
/media/ullmann/HDDGabriel/engines/UnrealEngine/Engine/Source/ThirdParty/Intel/TBB/IntelTBB-2019u8/examples/parallel_for/tachyon/src/trace.simple.cpp,0,14,14
/media/ullmann/HDDGabriel/engines/UnrealEngine/Engine/Source/ThirdParty/Intel/TBB/IntelTBB-2019u8/examples/parallel_for/tachyon/src/camera.h,7,0,7
/media/ullmann/HDDGabriel/engines/UnrealEngine/Engine/Source/Programs/UnrealTraceServer/src/Recorder.cpp,0,5,5
/media/ullmann/HDDGabriel/engines/UnrealEngine/Engine/Source/Developer/AutomationDriver/Public/IDriverSequence.h,1,1,2
/media/ullmann/HDDGabriel/engines/UnrealEngine/Engine/Source/Developer/AutomationDriver/Public/WaitUntil.h,3,0,3
/media/ullmann/HDDGabriel/engines/UnrealEngine/Engine/Source/ThirdParty/Intel/TBB/IntelTBB-2019u8/examples/parallel_for/tachyon/src/parse.cpp,0,3,3
/media/ullmann/HDDGabriel/engines/UnrealEngine/Engine/Source/ThirdParty/Intel/TBB/IntelTBB-2019u8/examples/parallel_for/tachyon/src/api.h,6,0,6
/media/ullmann/HDDGabriel/engines/UnrealEngine/Engine/Source/Developer/Windows/LiveCoding/Private/LiveCodingLog.cpp,0,1,1
/media/ullmann/HDDGabriel/engines/UnrealEngine/Engine/Source/Developer/Windows/LiveCoding/Private/LiveCodingLog.h,2,0,2
/media/ullmann/HDDGabriel/engines/UnrealEngine/Engine/Source/ThirdParty/ICU/icu4c-64_1/source/common/rbbinode.cpp,0,10,10
/media/ullmann/HDDGabriel/engines/UnrealEngine/Engine/Source/ThirdParty/ICU/icu4c-53_1/source/i18n/indiancal.h,2,1,3
/media/ullmann/HDDGabriel/engines/UnrealEngine/Engine/Source/ThirdParty/Alembic/alembic-1.8.2/python/PyAlembic/PyOMaterial.cpp,0,3,3
/media/ullmann/HDDGabriel/engines/UnrealEngine/Engine/Source/ThirdParty/Alembic/alembic-1.8.2/python/PyAlembic/PyOSchemaObject.h,12,1,13
/media/ullmann/HDDGabriel/engines/UnrealEngine/Engine/Source/ThirdParty/FreeImage/FreeImage-3.18.0/Source/OpenEXR/Imath/ImathColorAlgo.cpp,0,1,1
/media/ullmann/HDDGabriel/engines/UnrealEngine/Engine/Source/ThirdParty/CryptoPP/5.6.5/include/ec2n.cpp,0,7,7
/media/ullmann/HDDGabriel/engines/UnrealEngine/Engine/Source/ThirdParty/FreeType2/FreeType2-2.4.12/src/autofit/afglobal.c,1,8,9
/media/ullmann/HDDGabriel/engines/UnrealEngine/Engine/Source/ThirdParty/CryptoPP/5.6.2/include/algparam.h,13,3,16
/media/ullmann/HDDGabriel/engines/UnrealEngine/Engine/Source/ThirdParty/OpenVDB/openvdb-8.1.0/openvdb_ax/openvdb_ax/test/frontend/TestArrayPack.cc,0,1,1
/media/ullmann/HDDGabriel/engines/UnrealEngine/Engine/Source/ThirdParty/PhysX3/PhysX_3.4/Source/PhysXExtensions/src/ExtJointMetaDataExtensions.h,1,0,1
/media/ullmann/HDDGabriel/engines/UnrealEngine/Engine/Source/ThirdParty/Intel/TBB/IntelTBB-2019u8/src/test/test_inits_loop.cpp,0,1,1
/media/ullmann/HDDGabriel/engines/UnrealEngine/Engine/Source/ThirdParty/Intel/TBB/IntelTBB-2019u8/src/test/harness.h,125,4,129
/media/ullmann/HDDGabriel/engines/UnrealEngine/Engine/Source/ThirdParty/SDL2/SDL-gui-backend/src/video/yuv2rgb/yuv_rgb.c,0,4,4
/media/ullmann/HDDGabriel/engines/UnrealEngine/Engine/Source/ThirdParty/SDL2/SDL-gui-backend/src/video/yuv2rgb/yuv_rgb.h,2,0,2
/media/ullmann/HDDGabriel/engines/UnrealEngine/Engine/Source/ThirdParty/ICU/icu4c-53_1/source/common/uresbund.cpp,0,16,16
/media/ullmann/HDDGabriel/engines/UnrealEngine/Engine/Source/ThirdParty/ICU/icu4c-53_1/source/common/ucln_cmn.h,30,2,32
/media/ullmann/HDDGabriel/engines/UnrealEngine/Engine/Source/ThirdParty/Imath/Imath-3.1.3/src/python/PyImath/PyImathBasicTypes.cpp,0,6,6
/media/ullmann/HDDGabriel/engines/UnrealEngine/Engine/Source/ThirdParty/SDL2/SDL-gui-backend/src/haptic/windows/SDL_dinputhaptic_c.h,3,2,5
/media/ullmann/HDDGabriel/engines/UnrealEngine/Engine/Source/Editor/Sequencer/Private/SequencerTrackFilters.h,3,0,3
/media/ullmann/HDDGabriel/engines/UnrealEngine/Engine/Source/ThirdParty/ICU/icu4c-64_1/source/common/unistrappender.h,0,5,5
/media/ullmann/HDDGabriel/engines/UnrealEngine/Engine/Source/ThirdParty/Intel/Embree/Embree270/src/kernels/xeonphi/bvh4hair/bvh4hair_builder.h,1,6,7
/media/ullmann/HDDGabriel/engines/UnrealEngine/Engine/Source/ThirdParty/Intel/Embree/Embree270/src/kernels/xeonphi/geometry/bezier1i.h,4,2,6
/media/ullmann/HDDGabriel/engines/UnrealEngine/Engine/Source/ThirdParty/Expat/expat-2.2.10/lib/xmlrole.c,0,5,5
/media/ullmann/HDDGabriel/engines/UnrealEngine/Engine/Source/ThirdParty/Expat/expat-2.2.10/lib/expat_external.h,3,0,3
/media/ullmann/HDDGabriel/engines/UnrealEngine/Engine/Source/ThirdParty/ICU/icu4c-53_1/source/test/intltest/itrbbi.h,2,1,3
/media/ullmann/HDDGabriel/engines/UnrealEngine/Engine/Source/ThirdParty/ICU/icu4c-53_1/source/test/cintltst/idnatest.c,0,1,1
/media/ullmann/HDDGabriel/engines/UnrealEngine/Engine/Source/Programs/UnrealHeaderTool/Private/UnrealTypeDefinitionInfo.cpp,0,12,12
/media/ullmann/HDDGabriel/engines/UnrealEngine/Engine/Source/Programs/UnrealHeaderTool/Private/PropertyTypes.h,3,1,4
/media/ullmann/HDDGabriel/engines/UnrealEngine/Engine/Source/ThirdParty/CryptoPP/5.6.5/include/bench1.cpp,0,12,12
/media/ullmann/HDDGabriel/engines/UnrealEngine/Engine/Source/ThirdParty/CryptoPP/5.6.5/include/aes.h,8,1,9
/media/ullmann/HDDGabriel/engines/UnrealEngine/Engine/Source/ThirdParty/OpenSubdiv/OpenSubdiv-3.4.4/opensubdiv/far/topologyRefiner.cpp,0,6,6
/media/ullmann/HDDGabriel/engines/UnrealEngine/Engine/Source/ThirdParty/OpenSubdiv/OpenSubdiv-3.4.4/opensubdiv/vtr/quadRefinement.h,2,2,4
/media/ullmann/HDDGabriel/engines/UnrealEngine/Engine/Source/ThirdParty/PhysX3/APEX_1.4/module/destructible_legacy/include/autogen/DestructibleActorParam_0p12.h,1,0,1
/media/ullmann/HDDGabriel/engines/UnrealEngine/Engine/Source/ThirdParty/PhysX3/PhysX_3.4/Source/PhysX/src/NpScene.cpp,0,11,11
/media/ullmann/HDDGabriel/engines/UnrealEngine/Engine/Source/ThirdParty/PhysX3/PhysX_3.4/Source/PhysX/src/NpBatchQuery.h,2,0,2
/media/ullmann/HDDGabriel/engines/UnrealEngine/Engine/Source/ThirdParty/ICU/icu4c-53_1/source/common/unicode/unistr.h,32,0,32
/media/ullmann/HDDGabriel/engines/UnrealEngine/Engine/Source/ThirdParty/OpenSubdiv/OpenSubdiv-3.4.4/regression/shapes/catmark_flap2.h,1,0,1
/media/ullmann/HDDGabriel/engines/UnrealEngine/Engine/Source/ThirdParty/ICU/icu4c-53_1/source/test/intltest/idnaref.cpp,0,4,4
/media/ullmann/HDDGabriel/engines/UnrealEngine/Engine/Source/ThirdParty/ICU/icu4c-53_1/source/test/intltest/testidna.h,4,1,5
/media/ullmann/HDDGabriel/engines/UnrealEngine/Engine/Source/ThirdParty/FreeType2/FreeType2-2.10.0/src/pfr/pfrgload.c,1,4,5
/media/ullmann/HDDGabriel/engines/UnrealEngine/Engine/Source/ThirdParty/FreeType2/FreeType2-2.10.0/src/pfr/pfrload.h,4,1,5
/media/ullmann/HDDGabriel/engines/UnrealEngine/Engine/Source/ThirdParty/Oculus/LibOVRPlatform/LibOVRPlatform/include/OVR_Requests_CloudStorage.h,1,6,7
/media/ullmann/HDDGabriel/engines/UnrealEngine/Engine/Source/ThirdParty/Oculus/LibOVRPlatform/LibOVRPlatform/include/OVR_CloudStorage.h,3,0,3
/media/ullmann/HDDGabriel/engines/UnrealEngine/Engine/Source/Editor/BlueprintGraph/Classes/K2Node_SpawnActorFromClass.h,0,2,2
/media/ullmann/HDDGabriel/engines/UnrealEngine/Engine/Source/ThirdParty/Intel/Embree/Embree2140/src/kernels/geometry/bezier_hair_intersector.h,2,2,4
/media/ullmann/HDDGabriel/engines/UnrealEngine/Engine/Source/ThirdParty/Intel/Embree/Embree2140/src/kernels/common/ray.h,26,1,27
/media/ullmann/HDDGabriel/engines/UnrealEngine/Engine/Source/Editor/DetailCustomizations/Private/StaticMeshComponentDetails.h,2,0,2
/media/ullmann/HDDGabriel/engines/UnrealEngine/Engine/Source/ThirdParty/ICU/icu4c-53_1/source/i18n/uspoof_wsconf.cpp,0,5,5
/media/ullmann/HDDGabriel/engines/UnrealEngine/Engine/Source/ThirdParty/ICU/icu4c-53_1/source/i18n/unicode/uregex.h,5,0,5
/media/ullmann/HDDGabriel/engines/UnrealEngine/Engine/Source/ThirdParty/PhysX3/PhysX_3.4/Source/PhysX/src/NpMetaData.cpp,0,9,9
/media/ullmann/HDDGabriel/engines/UnrealEngine/Engine/Source/ThirdParty/PhysX3/PhysX_3.4/Source/PhysX/src/NpShapeManager.h,4,1,5
/media/ullmann/HDDGabriel/engines/UnrealEngine/Engine/Source/Runtime/HeadMountedDisplay/Public/DefaultSpectatorScreenController.h,1,2,3
/media/ullmann/HDDGabriel/engines/UnrealEngine/Engine/Source/Runtime/HeadMountedDisplay/Public/ISpectatorScreenController.h,1,0,1
/media/ullmann/HDDGabriel/engines/UnrealEngine/Engine/Source/ThirdParty/libOpus/opus-1.1/celt/cwrs.c,0,4,4
/media/ullmann/HDDGabriel/engines/UnrealEngine/Engine/Source/ThirdParty/libOpus/opus-1.1/celt/os_support.h,16,0,16
/media/ullmann/HDDGabriel/engines/UnrealEngine/Engine/Source/ThirdParty/ICU/icu4c-64_1/source/common/locid.cpp,0,17,17
/media/ullmann/HDDGabriel/engines/UnrealEngine/Engine/Source/ThirdParty/Python3/Win64/include/rangeobject.h,1,0,1
/media/ullmann/HDDGabriel/engines/UnrealEngine/Engine/Source/ThirdParty/FreeType2/FreeType2-2.4.12/src/cache/ftcache.c,0,8,8
/media/ullmann/HDDGabriel/engines/UnrealEngine/Engine/Source/ThirdParty/FreeType2/FreeType2-2.4.12/src/cache/ftcbasic.c,1,5,6
/media/ullmann/HDDGabriel/engines/UnrealEngine/Engine/Source/Runtime/Apple/MetalRHI/Private/MetalPipeline.cpp,0,9,9
/media/ullmann/HDDGabriel/engines/UnrealEngine/Engine/Source/Runtime/Apple/MetalRHI/Private/MetalCommandBuffer.h,23,0,23
/media/ullmann/HDDGabriel/engines/UnrealEngine/Engine/Source/ThirdParty/libOpus/opus-1.0.3/silk/enc_API.c,0,6,6
/media/ullmann/HDDGabriel/engines/UnrealEngine/Engine/Source/ThirdParty/libOpus/opus-1.0.3/silk/API.h,2,3,5
/media/ullmann/HDDGabriel/engines/UnrealEngine/Engine/Source/ThirdParty/ICU/icu4c-53_1/source/layout/LookupProcessor.h,11,4,15
/media/ullmann/HDDGabriel/engines/UnrealEngine/Engine/Source/ThirdParty/ICU/icu4c-53_1/source/layout/LETableReference.h,8,2,10
/media/ullmann/HDDGabriel/engines/UnrealEngine/Engine/Source/ThirdParty/ICU/icu4c-64_1/source/common/ucnv2022.cpp,0,13,13
/media/ullmann/HDDGabriel/engines/UnrealEngine/Engine/Source/ThirdParty/ICU/icu4c-64_1/source/common/unicode/ucnv_err.h,8,0,8
/media/ullmann/HDDGabriel/engines/UnrealEngine/Engine/Source/Runtime/Renderer/Private/Nanite/NaniteShared.h,7,1,8
/media/ullmann/HDDGabriel/engines/UnrealEngine/Engine/Source/Runtime/Renderer/Private/Nanite/NaniteFeedback.h,2,0,2
/media/ullmann/HDDGabriel/engines/UnrealEngine/Engine/Source/ThirdParty/Vorbis/libvorbis-1.3.2/lib/psy.h,5,3,8
/media/ullmann/HDDGabriel/engines/UnrealEngine/Engine/Source/ThirdParty/Vorbis/libvorbis-1.3.2/lib/backends.h,1,1,2
/media/ullmann/HDDGabriel/engines/UnrealEngine/Engine/Source/ThirdParty/ICU/icu4c-53_1/source/tools/genrb/parse.cpp,0,6,6
/media/ullmann/HDDGabriel/engines/UnrealEngine/Engine/Source/ThirdParty/ICU/icu4c-53_1/source/tools/genrb/reslist.h,5,1,6
/media/ullmann/HDDGabriel/engines/UnrealEngine/Engine/Source/ThirdParty/FreeType2/FreeType2-2.6/Src/autofit/aferrors.h,10,0,10
/media/ullmann/HDDGabriel/engines/UnrealEngine/Engine/Source/Editor/ClothPainter/Private/SClothPaintTab.cpp,0,5,5
/media/ullmann/HDDGabriel/engines/UnrealEngine/Engine/Source/Editor/ClothPainter/Private/SClothPaintWidget.h,3,0,3
/media/ullmann/HDDGabriel/engines/UnrealEngine/Engine/Source/ThirdParty/PhysX3/APEX_1.4/include/UserRenderSurfaceBuffer.h,1,1,2
/media/ullmann/HDDGabriel/engines/UnrealEngine/Engine/Source/ThirdParty/PhysX3/APEX_1.4/include/UserRenderSurfaceBufferDesc.h,2,4,6
/media/ullmann/HDDGabriel/engines/UnrealEngine/Engine/Source/ThirdParty/OpenSubdiv/OpenSubdiv-3.4.4/regression/osd_regression/main.cpp,0,35,35
/media/ullmann/HDDGabriel/engines/UnrealEngine/Engine/Source/ThirdParty/OpenSubdiv/OpenSubdiv-3.4.4/regression/shapes/catmark_cube_corner2.h,2,0,2
/media/ullmann/HDDGabriel/engines/UnrealEngine/Engine/Source/ThirdParty/ShaderConductor/ShaderConductor/External/DirectXShaderCompiler/lib/IR/DiagnosticInfo.cpp,0,1,1
/media/ullmann/HDDGabriel/engines/UnrealEngine/Engine/Source/ThirdParty/ICU/icu4c-64_1/source/test/intltest/ucharstrietest.cpp,0,1,1
/media/ullmann/HDDGabriel/engines/UnrealEngine/Engine/Source/ThirdParty/ShaderConductor/ShaderConductor/External/DirectXShaderCompiler/lib/Transforms/InstCombine/InstCombineVectorOps.cpp,0,1,1
/media/ullmann/HDDGabriel/engines/UnrealEngine/Engine/Source/ThirdParty/WebRTC/4147/Include/third_party/opus/src/celt/static_modes_fixed.h,0,3,3
/media/ullmann/HDDGabriel/engines/UnrealEngine/Engine/Source/ThirdParty/WebRTC/4147/Include/third_party/opus/src/celt/static_modes_fixed_arm_ne10.h,1,0,1
/media/ullmann/HDDGabriel/engines/UnrealEngine/Engine/Source/ThirdParty/glslang/glslang/src/glslang_lib/glslang/MachineIndependent/preprocessor/Pp.cpp,0,2,2
/media/ullmann/HDDGabriel/engines/UnrealEngine/Engine/Source/ThirdParty/glslang/glslang/src/glslang_lib/glslang/MachineIndependent/preprocessor/PpTokens.h,6,0,6
/media/ullmann/HDDGabriel/engines/UnrealEngine/Engine/Source/ThirdParty/MCPP/mcpp-2.7.2/src/eval.c,0,2,2
/media/ullmann/HDDGabriel/engines/UnrealEngine/Engine/Source/Developer/MeshBuilder/Private/StaticMeshBuilder.cpp,0,2,2
/media/ullmann/HDDGabriel/engines/UnrealEngine/Engine/Source/Developer/MeshBuilder/Private/MeshDescriptionHelper.h,3,0,3
/media/ullmann/HDDGabriel/engines/UnrealEngine/Engine/Source/ThirdParty/OpenVDB/Deploy/openvdb-8.1.0/include/openvdb/util/CpuTimer.h,0,1,1
/media/ullmann/HDDGabriel/engines/UnrealEngine/Engine/Source/ThirdParty/OpenVDB/Deploy/openvdb-8.1.0/include/openvdb/util/Formats.h,1,0,1
/media/ullmann/HDDGabriel/engines/UnrealEngine/Engine/Source/ThirdParty/ICU/icu4c-53_1/source/layout/SingleTableProcessor.cpp,0,8,8
/media/ullmann/HDDGabriel/engines/UnrealEngine/Engine/Source/Runtime/Apple/AGXRHI/Private/Shaders/AGXShaderLibrary.cpp,0,3,3
/media/ullmann/HDDGabriel/engines/UnrealEngine/Engine/Source/Runtime/Apple/AGXRHI/Private/Shaders/AGXShaderLibrary.h,3,0,3
/media/ullmann/HDDGabriel/engines/UnrealEngine/Engine/Source/ThirdParty/ShaderConductor/ShaderConductor/External/DirectXShaderCompiler/tools/clang/lib/Format/BreakableToken.cpp,0,1,1
/media/ullmann/HDDGabriel/engines/UnrealEngine/Engine/Source/ThirdParty/ShaderConductor/ShaderConductor/External/DirectXShaderCompiler/tools/clang/lib/Format/BreakableToken.h,2,3,5
/media/ullmann/HDDGabriel/engines/UnrealEngine/Engine/Source/ThirdParty/PhysX3/PhysX_3.4/Source/PhysX/src/NpQueryShared.h,2,0,2
/media/ullmann/HDDGabriel/engines/UnrealEngine/Engine/Source/ThirdParty/PhysX3/PhysX_3.4/Source/GeomUtils/src/gjk/GuGJKTest.cpp,0,4,4
/media/ullmann/HDDGabriel/engines/UnrealEngine/Engine/Source/ThirdParty/PhysX3/PhysX_3.4/Source/GeomUtils/src/gjk/GuGJKTest.h,1,1,2
/media/ullmann/HDDGabriel/engines/UnrealEngine/Engine/Source/Runtime/Engine/Public/ActorDeferredScriptManager.h,0,2,2
/media/ullmann/HDDGabriel/engines/UnrealEngine/Engine/Source/Runtime/Engine/Public/AssetCompilingManager.h,7,0,7
/media/ullmann/HDDGabriel/engines/UnrealEngine/Engine/Source/Runtime/GeometryCore/Public/WeightMapTypes.h,0,2,2
/media/ullmann/HDDGabriel/engines/UnrealEngine/Engine/Source/ThirdParty/Oculus/LibOVRPlatform/LibOVRPlatform/include/OVR_ShareMediaStatus.h,1,1,2
/media/ullmann/HDDGabriel/engines/UnrealEngine/Engine/Source/ThirdParty/FreeType2/FreeType2-2.4.12/src/pshinter/pshglob.h,3,0,3
/media/ullmann/HDDGabriel/engines/UnrealEngine/Engine/Source/Editor/GraphEditor/Public/ConnectionDrawingPolicy.h,1,3,4
/media/ullmann/HDDGabriel/engines/UnrealEngine/Engine/Source/Editor/GraphEditor/Public/GraphSplineOverlapResult.h,2,1,3
/media/ullmann/HDDGabriel/engines/UnrealEngine/Engine/Source/ThirdParty/openexr/openexr-3.1.1/src/lib/OpenEXR/ImfAttribute.cpp,0,1,1
/media/ullmann/HDDGabriel/engines/UnrealEngine/Engine/Source/ThirdParty/FakeIt/2.0.2/tests/gcc_stubbing_multiple_values_tests.cpp,0,1,1
/media/ullmann/HDDGabriel/engines/UnrealEngine/Engine/Source/ThirdParty/ICU/icu4c-64_1/source/i18n/double-conversion-bignum.h,3,1,4
/media/ullmann/HDDGabriel/engines/UnrealEngine/Engine/Source/ThirdParty/ICU/icu4c-64_1/source/i18n/double-conversion-utils.h,10,0,10
/media/ullmann/HDDGabriel/engines/UnrealEngine/Engine/Source/ThirdParty/ICU/icu4c-64_1/source/common/unicode/ucnv.h,31,0,31
/media/ullmann/HDDGabriel/engines/UnrealEngine/Engine/Source/Runtime/Slate/Public/Widgets/Input/SButton.h,3,0,3
/media/ullmann/HDDGabriel/engines/UnrealEngine/Engine/Source/ThirdParty/ICU/icu4c-64_1/source/test/intltest/static_unisets_test.cpp,0,1,1
/media/ullmann/HDDGabriel/engines/UnrealEngine/Engine/Source/ThirdParty/ICU/icu4c-64_1/source/test/intltest/numbertest.h,14,2,16
/media/ullmann/HDDGabriel/engines/UnrealEngine/Engine/Source/ThirdParty/PhysX3/PhysX_3.4/Source/LowLevelDynamics/src/DySolverControl.h,4,2,6
/media/ullmann/HDDGabriel/engines/UnrealEngine/Engine/Source/ThirdParty/PhysX3/PhysX_3.4/Source/LowLevelDynamics/src/DySolverCore.h,3,0,3
/media/ullmann/HDDGabriel/engines/UnrealEngine/Engine/Source/Developer/Windows/LiveCodingServer/Private/External/LC_Settings.cpp,0,3,3
/media/ullmann/HDDGabriel/engines/UnrealEngine/Engine/Source/Developer/Windows/LiveCodingServer/Private/External/LC_Settings.h,2,1,3
/media/ullmann/HDDGabriel/engines/UnrealEngine/Engine/Source/ThirdParty/Intel/Embree/Embree270/src/kernels/xeon/bvh8/bvh8.cpp,0,7,7
/media/ullmann/HDDGabriel/engines/UnrealEngine/Engine/Source/ThirdParty/Intel/Embree/Embree270/src/kernels/xeon/bvh8/bvh8_statistics.h,3,1,4
/media/ullmann/HDDGabriel/engines/UnrealEngine/Engine/Source/Editor/UnrealEd/Private/LevelViewportClickHandlers.cpp,0,2,2
/media/ullmann/HDDGabriel/engines/UnrealEngine/Engine/Source/Editor/UnrealEd/Private/Editor/ActorPositioning.h,6,0,6
/media/ullmann/HDDGabriel/engines/UnrealEngine/Engine/Source/ThirdParty/ICU/icu4c-64_1/source/i18n/translit.cpp,0,21,21
/media/ullmann/HDDGabriel/engines/UnrealEngine/Engine/Source/ThirdParty/ICU/icu4c-64_1/source/i18n/nortrans.h,2,1,3
/media/ullmann/HDDGabriel/engines/UnrealEngine/Engine/Source/ThirdParty/MCPP/mcpp-2.7.2/test-l/nest79.h,1,1,2
/media/ullmann/HDDGabriel/engines/UnrealEngine/Engine/Source/ThirdParty/MCPP/mcpp-2.7.2/test-l/nest80.h,1,1,2
/media/ullmann/HDDGabriel/engines/UnrealEngine/Engine/Source/Developer/RigVMDeveloper/Public/RigVMTypeUtils.h,0,1,1
/media/ullmann/HDDGabriel/engines/UnrealEngine/Engine/Source/Developer/RigVMDeveloper/Public/RigVMDeveloperModule.h,2,0,2
/media/ullmann/HDDGabriel/engines/UnrealEngine/Engine/Source/ThirdParty/SDL2/SDL-gui-backend/include/SDL_surface.h,2,7,9
/media/ullmann/HDDGabriel/engines/UnrealEngine/Engine/Source/ThirdParty/SDL2/SDL-gui-backend/include/SDL_blendmode.h,1,2,3
/media/ullmann/HDDGabriel/engines/UnrealEngine/Engine/Source/ThirdParty/ICU/icu4c-53_1/source/common/uresdata.c,0,13,13
/media/ullmann/HDDGabriel/engines/UnrealEngine/Engine/Source/Programs/EpicWebHelper/Private/EpicWebHelperRemoteMethodHandler.cpp,0,3,3
/media/ullmann/HDDGabriel/engines/UnrealEngine/Engine/Source/Programs/EpicWebHelper/Private/EpicWebHelper.h,6,1,7
/media/ullmann/HDDGabriel/engines/UnrealEngine/Engine/Source/ThirdParty/ICU/icu4c-64_1/source/test/cintltst/cconvtst.c,0,2,2
/media/ullmann/HDDGabriel/engines/UnrealEngine/Engine/Source/Programs/ChaosVisualDebugger/Private/Windows/ChaosVisualDebuggerWindows.cpp,0,1,1
/media/ullmann/HDDGabriel/engines/UnrealEngine/Engine/Source/Programs/ChaosVisualDebugger/Private/Windows/ChaosVisualDebuggerWindows.h,1,0,1
/media/ullmann/HDDGabriel/engines/UnrealEngine/Engine/Source/ThirdParty/Crunch/src/crnlib/crn_texture_comp.cpp,0,5,5
/media/ullmann/HDDGabriel/engines/UnrealEngine/Engine/Source/Developer/DerivedDataCache/Public/DerivedDataBuildScheduler.h,0,3,3
/media/ullmann/HDDGabriel/engines/UnrealEngine/Engine/Source/Developer/DerivedDataCache/Public/DerivedDataBuildKey.h,3,1,4
/media/ullmann/HDDGabriel/engines/UnrealEngine/Engine/Source/ThirdParty/SDL2/SDL-gui-backend/include/SDL_gamecontroller.h,2,7,9
/media/ullmann/HDDGabriel/engines/UnrealEngine/Engine/Source/ThirdParty/Crunch/src/crnlib/crn_intersect.h,3,1,4
/media/ullmann/HDDGabriel/engines/UnrealEngine/Engine/Source/ThirdParty/Crunch/src/crnlib/crn_ray.h,1,1,2
/media/ullmann/HDDGabriel/engines/UnrealEngine/Engine/Source/ThirdParty/openexr/openexr-3.1.1/src/bin/exrenvmap/makeLatLongMap.cpp,0,3,3
/media/ullmann/HDDGabriel/engines/UnrealEngine/Engine/Source/ThirdParty/openexr/openexr-3.1.1/src/bin/exrenvmap/makeLatLongMap.h,2,2,4
/media/ullmann/HDDGabriel/engines/UnrealEngine/Engine/Source/ThirdParty/OpenSubdiv/OpenSubdiv-3.4.4/examples/glPtexViewer/glPtexViewer.cpp,0,11,11
/media/ullmann/HDDGabriel/engines/UnrealEngine/Engine/Source/ThirdParty/OpenSubdiv/OpenSubdiv-3.4.4/examples/common/glUtils.h,15,0,15
/media/ullmann/HDDGabriel/engines/UnrealEngine/Engine/Source/ThirdParty/openexr/Deploy/openexr-3.1.1/include/OpenEXR/ImfStringAttribute.h,1,3,4
/media/ullmann/HDDGabriel/engines/UnrealEngine/Engine/Source/ThirdParty/openexr/Deploy/openexr-3.1.1/include/OpenEXR/ImfNamespace.h,55,1,56
/media/ullmann/HDDGabriel/engines/UnrealEngine/Engine/Source/Runtime/AudioAnalyzer/Classes/AudioAnalyzerNRT.h,0,1,1
/media/ullmann/HDDGabriel/engines/UnrealEngine/Engine/Source/Runtime/AudioAnalyzer/Classes/AudioAnalyzerAsset.h,2,0,2
/media/ullmann/HDDGabriel/engines/UnrealEngine/Engine/Source/ThirdParty/OpenSubdiv/OpenSubdiv-3.4.4/opensubdiv/osd/tbbKernel.h,2,3,5
/media/ullmann/HDDGabriel/engines/UnrealEngine/Engine/Source/ThirdParty/OpenSubdiv/OpenSubdiv-3.4.4/opensubdiv/far/patchParam.h,4,2,6
/media/ullmann/HDDGabriel/engines/UnrealEngine/Engine/Source/ThirdParty/FreeImage/FreeImage-3.18.0/Source/OpenEXR/IlmImf/ImfHeader.cpp,0,29,29
/media/ullmann/HDDGabriel/engines/UnrealEngine/Engine/Source/ThirdParty/FreeImage/FreeImage-3.18.0/Source/OpenEXR/IlmImf/ImfRationalAttribute.h,3,2,5
/media/ullmann/HDDGabriel/engines/UnrealEngine/Engine/Source/Editor/AnimGraph/Public/AnimGraphNode_TransitionResult.h,0,1,1
/media/ullmann/HDDGabriel/engines/UnrealEngine/Engine/Source/Editor/AnimGraph/Public/AnimGraphNode_Base.h,37,0,37
/media/ullmann/HDDGabriel/engines/UnrealEngine/Engine/Source/Runtime/Core/Public/HoloLens/WindowsHWrapper.h,0,3,3
/media/ullmann/HDDGabriel/engines/UnrealEngine/Engine/Source/Runtime/Core/Public/HoloLens/PreHoloLensApi.h,1,0,1
/media/ullmann/HDDGabriel/engines/UnrealEngine/Engine/Source/ThirdParty/Intel/TBB/IntelTBB-2019u8/include/tbb/internal/_flow_graph_node_impl.h,1,1,2
/media/ullmann/HDDGabriel/engines/UnrealEngine/Engine/Source/ThirdParty/Intel/TBB/IntelTBB-2019u8/include/tbb/internal/_flow_graph_item_buffer_impl.h,1,0,1
/media/ullmann/HDDGabriel/engines/UnrealEngine/Engine/Source/ThirdParty/ICU/icu4c-53_1/source/test/cintltst/cbididat.c,0,1,1
/media/ullmann/HDDGabriel/engines/UnrealEngine/Engine/Source/ThirdParty/ICU/icu4c-53_1/source/test/cintltst/cbiditst.h,2,0,2
/media/ullmann/HDDGabriel/engines/UnrealEngine/Engine/Source/ThirdParty/PLCrashReporter/PLCrashReporter/Source/PLCrashFrameCompactUnwind.h,2,3,5
/media/ullmann/HDDGabriel/engines/UnrealEngine/Engine/Source/ThirdParty/PLCrashReporter/PLCrashReporter/Source/PLCrashAsyncCompactUnwindEncoding.h,3,4,7
/media/ullmann/HDDGabriel/engines/UnrealEngine/Engine/Source/ThirdParty/OpenVDB/openvdb-8.1.0/openvdb/openvdb/tools/MeshToVolume.h,1,3,4
/media/ullmann/HDDGabriel/engines/UnrealEngine/Engine/Source/ThirdParty/OpenVDB/openvdb-8.1.0/openvdb/openvdb/tools/Prune.h,10,0,10
/media/ullmann/HDDGabriel/engines/UnrealEngine/Engine/Source/Editor/LandscapeEditor/Private/LandscapeSplineDetails.cpp,0,2,2
/media/ullmann/HDDGabriel/engines/UnrealEngine/Engine/Source/Editor/LandscapeEditor/Private/LandscapeSplineDetails.h,2,0,2
/media/ullmann/HDDGabriel/engines/UnrealEngine/Engine/Source/ThirdParty/libOpus/opus-1.1/celt/kiss_fft.c,0,5,5
/media/ullmann/HDDGabriel/engines/UnrealEngine/Engine/Source/ThirdParty/libOpus/opus-1.1/celt/mathops.h,14,3,17
/media/ullmann/HDDGabriel/engines/UnrealEngine/Engine/Source/ThirdParty/ShaderConductor/ShaderConductor/External/DirectXShaderCompiler/tools/clang/lib/CodeGen/CodeGenModule.cpp,0,14,14
/media/ullmann/HDDGabriel/engines/UnrealEngine/Engine/Source/ThirdParty/ShaderConductor/ShaderConductor/External/DirectXShaderCompiler/tools/clang/lib/CodeGen/CGHLSLRuntime.h,13,0,13
/media/ullmann/HDDGabriel/engines/UnrealEngine/Engine/Source/ThirdParty/ICU/icu4c-64_1/source/io/locbund.cpp,0,2,2
/media/ullmann/HDDGabriel/engines/UnrealEngine/Engine/Source/Editor/CurveTableEditor/Private/CompositeCurveTableEditor.cpp,0,1,1
/media/ullmann/HDDGabriel/engines/UnrealEngine/Engine/Source/Editor/CurveTableEditor/Private/CompositeCurveTableEditor.h,2,1,3
/media/ullmann/HDDGabriel/engines/UnrealEngine/Engine/Source/ThirdParty/FreeType2/FreeType2-2.4.12/src/sfnt/ttkern.c,1,2,3
/media/ullmann/HDDGabriel/engines/UnrealEngine/Engine/Source/ThirdParty/Boost/boost-1_70_0/include/boost/polygon/detail/polygon_45_set_view.hpp,2,0,2
/media/ullmann/HDDGabriel/engines/UnrealEngine/Engine/Source/ThirdParty/FontConfig/fontconfig-2.13.94/src/fcstat.c,0,2,2
/media/ullmann/HDDGabriel/engines/UnrealEngine/Engine/Source/ThirdParty/FontConfig/fontconfig-2.13.94/src/fcarch.h,4,0,4
/media/ullmann/HDDGabriel/engines/UnrealEngine/Engine/Source/ThirdParty/Intel/Embree/Embree270/src/include/embree2/rtcore.h,4,3,7
/media/ullmann/HDDGabriel/engines/UnrealEngine/Engine/Source/ThirdParty/Intel/Embree/Embree270/src/include/embree2/rtcore_scene.h,1,0,1
/media/ullmann/HDDGabriel/engines/UnrealEngine/Engine/Source/ThirdParty/llvm/8/include/llvm/DebugInfo/PDB/DIA/DIASectionContrib.h,0,1,1
/media/ullmann/HDDGabriel/engines/UnrealEngine/Engine/Source/Runtime/Core/Private/Hash/xxhash.cpp,0,1,1
/media/ullmann/HDDGabriel/engines/UnrealEngine/Engine/Source/ThirdParty/FreeType2/FreeType2-2.4.12/src/otvalid/otvjstf.c,1,3,4
/media/ullmann/HDDGabriel/engines/UnrealEngine/Engine/Source/Editor/Kismet/Private/BitmaskLiteralDetails.cpp,0,1,1
/media/ullmann/HDDGabriel/engines/UnrealEngine/Engine/Source/Editor/Kismet/Private/BitmaskLiteralDetails.h,2,0,2
/media/ullmann/HDDGabriel/engines/UnrealEngine/Engine/Source/ThirdParty/ICU/icu4c-64_1/source/i18n/unicode/udatpg.h,3,0,3
/media/ullmann/HDDGabriel/engines/UnrealEngine/Engine/Source/ThirdParty/FreeImage/FreeImage-3.18.0/Source/OpenEXR/Iex/IexThrowErrnoExc.cpp,0,2,2
/media/ullmann/HDDGabriel/engines/UnrealEngine/Engine/Source/ThirdParty/FreeImage/FreeImage-3.18.0/Source/OpenEXR/Iex/IexThrowErrnoExc.h,2,2,4
/media/ullmann/HDDGabriel/engines/UnrealEngine/Engine/Source/ThirdParty/Intel/ISPC/ispc-1.16.1/benchmarks/01_trivial/04_fastdiv.cpp,0,1,1
/media/ullmann/HDDGabriel/engines/UnrealEngine/Engine/Source/ThirdParty/openexr/openexr-3.1.1/src/lib/OpenEXR/ImfChannelList.h,25,3,28
/media/ullmann/HDDGabriel/engines/UnrealEngine/Engine/Source/ThirdParty/ICU/icu4c-53_1/source/layout/MarkToMarkPosnSubtables.h,2,6,8
/media/ullmann/HDDGabriel/engines/UnrealEngine/Engine/Source/ThirdParty/ICU/icu4c-53_1/source/layout/AttachmentPosnSubtables.h,6,5,11
/media/ullmann/HDDGabriel/engines/UnrealEngine/Engine/Source/ThirdParty/ICU/icu4c-53_1/source/common/uhash.h,20,3,23
/media/ullmann/HDDGabriel/engines/UnrealEngine/Engine/Source/ThirdParty/FreeType2/FreeType2-2.6/Src/psaux/t1decode.c,1,3,4
/media/ullmann/HDDGabriel/engines/UnrealEngine/Engine/Source/ThirdParty/FreeType2/FreeType2-2.6/Src/psaux/psobjs.h,3,0,3
/media/ullmann/HDDGabriel/engines/UnrealEngine/Engine/Source/ThirdParty/ShaderConductor/ShaderConductor/External/DirectXShaderCompiler/include/llvm/DebugInfo/PDB/PDBSymbolThunk.h,0,2,2
/media/ullmann/HDDGabriel/engines/UnrealEngine/Engine/Source/ThirdParty/FreeImage/FreeImage-3.18.0/Source/OpenEXR/IlmImf/ImfChromaticitiesAttribute.h,6,2,8
/media/ullmann/HDDGabriel/engines/UnrealEngine/Engine/Source/ThirdParty/Steamworks/Steamv146/sdk/public/steam/isteamnetworkingsockets.h,0,1,1
/media/ullmann/HDDGabriel/engines/UnrealEngine/Engine/Source/ThirdParty/Steamworks/Steamv146/sdk/public/steam/steamnetworkingtypes.h,3,1,4
/media/ullmann/HDDGabriel/engines/UnrealEngine/Engine/Source/ThirdParty/Python3/Mac/include/genobject.h,1,1,2
/media/ullmann/HDDGabriel/engines/UnrealEngine/Engine/Source/ThirdParty/Python3/Mac/include/pystate.h,2,1,3
/media/ullmann/HDDGabriel/engines/UnrealEngine/Engine/Source/Editor/ActorPickerMode/Private/EditorModeActorPicker.cpp,0,1,1
/media/ullmann/HDDGabriel/engines/UnrealEngine/Engine/Source/Editor/ActorPickerMode/Private/EditorModeActorPicker.h,2,0,2
/media/ullmann/HDDGabriel/engines/UnrealEngine/Engine/Source/ThirdParty/ICU/icu4c-64_1/source/common/ucnv_cnv.cpp,0,7,7
/media/ullmann/HDDGabriel/engines/UnrealEngine/Engine/Source/ThirdParty/ICU/icu4c-64_1/source/common/unicode/uset.h,21,0,21
/media/ullmann/HDDGabriel/engines/UnrealEngine/Engine/Source/ThirdParty/PhysX3/PhysX_3.4/Source/PhysXVehicle/src/PxVehicleUpdate.cpp,0,4,4
/media/ullmann/HDDGabriel/engines/UnrealEngine/Engine/Source/ThirdParty/PhysX3/PhysX_3.4/Source/PhysXVehicle/src/PxVehicleLinearMath.h,1,0,1
/media/ullmann/HDDGabriel/engines/UnrealEngine/Engine/Source/Editor/UnrealEd/Private/Kismet2/Kismet2.cpp,0,4,4
/media/ullmann/HDDGabriel/engines/UnrealEngine/Engine/Source/Editor/Kismet/Public/BlueprintEditorModule.h,2,0,2
/media/ullmann/HDDGabriel/engines/UnrealEngine/Engine/Source/Runtime/Renderer/Private/SceneTextureReductions.h,4,2,6
/media/ullmann/HDDGabriel/engines/UnrealEngine/Engine/Source/ThirdParty/ICU/icu4c-64_1/source/common/ulocimp.h,11,2,13
/media/ullmann/HDDGabriel/engines/UnrealEngine/Engine/Source/ThirdParty/ICU/icu4c-64_1/source/common/icudataver.cpp,0,4,4
/media/ullmann/HDDGabriel/engines/UnrealEngine/Engine/Source/ThirdParty/ICU/icu4c-64_1/source/common/unicode/ures.h,18,0,18
/media/ullmann/HDDGabriel/engines/UnrealEngine/Engine/Source/Editor/Kismet/Private/SReplaceNodeReferences.cpp,0,1,1
/media/ullmann/HDDGabriel/engines/UnrealEngine/Engine/Source/Editor/Kismet/Private/SReplaceNodeReferences.h,4,0,4
/media/ullmann/HDDGabriel/engines/UnrealEngine/Engine/Source/Runtime/Renderer/Private/VolumetricCloudRendering.cpp,0,11,11
/media/ullmann/HDDGabriel/engines/UnrealEngine/Engine/Source/Runtime/Renderer/Private/DynamicPrimitiveDrawing.h,19,2,21
/media/ullmann/HDDGabriel/engines/UnrealEngine/Engine/Source/ThirdParty/CryptoPP/5.6.5/include/algparam.h,14,6,20
/media/ullmann/HDDGabriel/engines/UnrealEngine/Engine/Source/ThirdParty/MCPP/mcpp-2.7.2/test-l/nest2.h,1,1,2
/media/ullmann/HDDGabriel/engines/UnrealEngine/Engine/Source/ThirdParty/MCPP/mcpp-2.7.2/test-l/nest3.h,1,1,2
/media/ullmann/HDDGabriel/engines/UnrealEngine/Engine/Source/ThirdParty/CryptoPP/5.6.5/include/ec2n.h,6,7,13
/media/ullmann/HDDGabriel/engines/UnrealEngine/Engine/Source/ThirdParty/CryptoPP/5.6.5/include/gf2n.h,3,5,8
/media/ullmann/HDDGabriel/engines/UnrealEngine/Engine/Source/ThirdParty/ICU/icu4c-53_1/source/common/ustr_titlecase_brkiter.cpp,0,7,7
/media/ullmann/HDDGabriel/engines/UnrealEngine/Engine/Source/Runtime/MovieScene/Public/MovieSceneSpawnRegister.h,1,4,5
/media/ullmann/HDDGabriel/engines/UnrealEngine/Engine/Source/Runtime/MovieScene/Public/MovieSceneSequenceID.h,10,0,10
/media/ullmann/HDDGabriel/engines/UnrealEngine/Engine/Source/ThirdParty/ICU/icu4c-64_1/source/i18n/quant.cpp,0,1,1
/media/ullmann/HDDGabriel/engines/UnrealEngine/Engine/Source/ThirdParty/ICU/icu4c-64_1/source/i18n/quant.h,2,0,2
/media/ullmann/HDDGabriel/engines/UnrealEngine/Engine/Source/ThirdParty/PhysX3/PhysX_3.4/Source/SimulationController/src/ScInteraction.cpp,0,2,2
/media/ullmann/HDDGabriel/engines/UnrealEngine/Engine/Source/ThirdParty/PhysX3/PhysX_3.4/Source/SimulationController/src/ScInteraction.h,5,2,7
/media/ullmann/HDDGabriel/engines/UnrealEngine/Engine/Source/ThirdParty/ShaderConductor/ShaderConductor/External/DirectXShaderCompiler/lib/CodeGen/SelectionDAG/SelectionDAGBuilder.h,3,1,4
/media/ullmann/HDDGabriel/engines/UnrealEngine/Engine/Source/ThirdParty/ShaderConductor/ShaderConductor/External/DirectXShaderCompiler/lib/CodeGen/SelectionDAG/StatepointLowering.h,2,0,2
/media/ullmann/HDDGabriel/engines/UnrealEngine/Engine/Source/ThirdParty/FreeType2/FreeType2-2.4.12/src/sfnt/sfobjs.c,1,6,7
/media/ullmann/HDDGabriel/engines/UnrealEngine/Engine/Source/ThirdParty/Alembic/alembic-1.8.2/python/PyAlembic/PyMaterialAssignment.cpp,0,4,4
/media/ullmann/HDDGabriel/engines/UnrealEngine/Engine/Source/ThirdParty/Alembic/alembic-1.8.2/python/PyAlembic/PyTypeBindingUtil.h,4,1,5
/media/ullmann/HDDGabriel/engines/UnrealEngine/Engine/Source/ThirdParty/PhysX3/APEX_1.4/shared/external/include/SampleTriMeshActor.h,0,1,1
/media/ullmann/HDDGabriel/engines/UnrealEngine/Engine/Source/ThirdParty/PhysX3/APEX_1.4/shared/external/include/SampleShapeActor.h,6,0,6
/media/ullmann/HDDGabriel/engines/UnrealEngine/Engine/Source/ThirdParty/ICU/icu4c-64_1/source/test/letest/letest.cpp,0,4,4
/media/ullmann/HDDGabriel/engines/UnrealEngine/Engine/Source/ThirdParty/ICU/icu4c-64_1/source/test/letest/PortableFontInstance.h,4,3,7
/media/ullmann/HDDGabriel/engines/UnrealEngine/Engine/Source/ThirdParty/SDL2/SDL-gui-backend/src/video/SDL_surface.c,0,7,7
/media/ullmann/HDDGabriel/engines/UnrealEngine/Engine/Source/ThirdParty/SDL2/SDL-gui-backend/src/video/SDL_pixels_c.h,22,2,24
/media/ullmann/HDDGabriel/engines/UnrealEngine/Engine/Source/ThirdParty/PhysX3/NvCloth/src/SwCollision.h,2,2,4
/media/ullmann/HDDGabriel/engines/UnrealEngine/Engine/Source/ThirdParty/PhysX3/NvCloth/src/Simd.h,6,2,8
/media/ullmann/HDDGabriel/engines/UnrealEngine/Engine/Source/ThirdParty/libOpus/opus-1.0.3/silk/stereo_encode_pred.c,0,1,1
/media/ullmann/HDDGabriel/engines/UnrealEngine/Engine/Source/ThirdParty/ShaderConductor/ShaderConductor/External/DirectXShaderCompiler/include/dxc/Support/FileIOHelper.h,0,1,1
/media/ullmann/HDDGabriel/engines/UnrealEngine/Engine/Source/ThirdParty/ShaderConductor/ShaderConductor/External/DirectXShaderCompiler/include/dxc/Support/Global.h,1,0,1
/media/ullmann/HDDGabriel/engines/UnrealEngine/Engine/Source/ThirdParty/ICU/icu4c-53_1/source/test/intltest/regextst.h,2,1,3
/media/ullmann/HDDGabriel/engines/UnrealEngine/Engine/Source/ThirdParty/ICU/icu4c-64_1/source/common/servloc.h,6,8,14
/media/ullmann/HDDGabriel/engines/UnrealEngine/Engine/Source/Editor/Sequencer/Private/SSequencerTrackArea.cpp,0,8,8
/media/ullmann/HDDGabriel/engines/UnrealEngine/Engine/Source/Runtime/HeadMountedDisplay/Public/MotionControllerComponent.h,1,3,4
/media/ullmann/HDDGabriel/engines/UnrealEngine/Engine/Source/Runtime/HeadMountedDisplay/Public/IIdentifiableXRDevice.h,6,0,6
/media/ullmann/HDDGabriel/engines/UnrealEngine/Engine/Source/ThirdParty/Intel/Embree/Embree2140/src/kernels/bvh/bvh_intersector_hybrid.cpp,2,18,20
/media/ullmann/HDDGabriel/engines/UnrealEngine/Engine/Source/ThirdParty/Intel/Embree/Embree2140/src/kernels/bvh/bvh_intersector_single.h,3,4,7
/media/ullmann/HDDGabriel/engines/UnrealEngine/Engine/Source/Runtime/SignalProcessing/Public/DSP/DynamicDelayAPF.h,0,4,4
/media/ullmann/HDDGabriel/engines/UnrealEngine/Engine/Source/Runtime/CoreUObject/Public/Serialization/ArchiveUObject.h,2,0,2
/media/ullmann/HDDGabriel/engines/UnrealEngine/Engine/Source/ThirdParty/ICU/icu4c-53_1/source/test/perf/leperf/PortableFontInstance.h,3,3,6
/media/ullmann/HDDGabriel/engines/UnrealEngine/Engine/Source/ThirdParty/ICU/icu4c-53_1/source/test/perf/leperf/cmaps.h,2,1,3
/media/ullmann/HDDGabriel/engines/UnrealEngine/Engine/Source/Runtime/RenderCore/Public/CrossCompilerCommon.h,0,2,2
/media/ullmann/HDDGabriel/engines/UnrealEngine/Engine/Source/Runtime/RenderCore/Public/ShaderCore.h,4,1,5
/media/ullmann/HDDGabriel/engines/UnrealEngine/Engine/Source/Editor/AudioEditor/Private/AudioEditorModule.cpp,0,19,19
/media/ullmann/HDDGabriel/engines/UnrealEngine/Engine/Source/Editor/AudioEditor/Private/AssetTypeActions/AssetTypeActions_SoundWave.h,1,0,1
/media/ullmann/HDDGabriel/engines/UnrealEngine/Engine/Source/ThirdParty/Windows/DirectX/Include/d3d9.h,0,2,2
/media/ullmann/HDDGabriel/engines/UnrealEngine/Engine/Source/ThirdParty/Windows/DirectX/Include/d3d9caps.h,1,0,1
/media/ullmann/HDDGabriel/engines/UnrealEngine/Engine/Source/ThirdParty/SDL2/SDL-gui-backend/src/render/software/SDL_draw.h,6,2,8
/media/ullmann/HDDGabriel/engines/UnrealEngine/Engine/Source/ThirdParty/CryptoPP/5.6.2/include/nbtheory.h,15,2,17
/media/ullmann/HDDGabriel/engines/UnrealEngine/Engine/Source/ThirdParty/Intel/TBB/IntelTBB-2019u8/src/tbbmalloc/proxy.cpp,0,5,5
/media/ullmann/HDDGabriel/engines/UnrealEngine/Engine/Source/ThirdParty/Intel/TBB/IntelTBB-2019u8/src/tbbmalloc/proxy_overload_osx.h,1,0,1
/media/ullmann/HDDGabriel/engines/UnrealEngine/Engine/Source/Editor/PropertyEditor/Private/SDetailsViewBase.h,7,6,13
/media/ullmann/HDDGabriel/engines/UnrealEngine/Engine/Source/Editor/PropertyEditor/Private/IDetailsViewPrivate.h,3,2,5
/media/ullmann/HDDGabriel/engines/UnrealEngine/Engine/Source/ThirdParty/PhysX3/PhysX_3.4/Source/PhysXCooking/src/convex/InflationConvexHullLib.cpp,0,2,2
/media/ullmann/HDDGabriel/engines/UnrealEngine/Engine/Source/ThirdParty/PhysX3/PhysX_3.4/Source/PhysXCooking/src/convex/InflationConvexHullLib.h,1,1,2
/media/ullmann/HDDGabriel/engines/UnrealEngine/Engine/Source/ThirdParty/MCPP/mcpp-2.7.2/cpp-test/test-t/e_17_5.c,0,2,2
/media/ullmann/HDDGabriel/engines/UnrealEngine/Engine/Source/ThirdParty/MCPP/mcpp-2.7.2/cpp-test/test-t/unbal1.h,1,0,1
/media/ullmann/HDDGabriel/engines/UnrealEngine/Engine/Source/ThirdParty/ICU/icu4c-53_1/source/layout/HangulLayoutEngine.cpp,0,9,9
/media/ullmann/HDDGabriel/engines/UnrealEngine/Engine/Source/ThirdParty/ICU/icu4c-53_1/source/layout/LEScripts.h,7,1,8
/media/ullmann/HDDGabriel/engines/UnrealEngine/Engine/Source/Runtime/Renderer/Private/PostProcess/VisualizeMotionVectors.cpp,0,1,1
/media/ullmann/HDDGabriel/engines/UnrealEngine/Engine/Source/Runtime/Renderer/Private/PostProcess/PostProcessing.h,22,0,22
/media/ullmann/HDDGabriel/engines/UnrealEngine/Engine/Source/Editor/LandscapeEditor/Private/LandscapeEdModeErosionTools.cpp,0,2,2
/media/ullmann/HDDGabriel/engines/UnrealEngine/Engine/Source/Editor/LandscapeEditor/Private/LandscapeEdModeTools.h,8,1,9
/media/ullmann/HDDGabriel/engines/UnrealEngine/Engine/Source/ThirdParty/ICU/icu4c-64_1/source/test/perf/leperf/PortableFontInstance.h,3,3,6
/media/ullmann/HDDGabriel/engines/UnrealEngine/Engine/Source/ThirdParty/ICU/icu4c-64_1/source/test/perf/leperf/cmaps.h,2,1,3
/media/ullmann/HDDGabriel/engines/UnrealEngine/Engine/Source/ThirdParty/ICU/icu4c-64_1/source/common/ucnvisci.cpp,0,9,9
/media/ullmann/HDDGabriel/engines/UnrealEngine/Engine/Source/Runtime/Core/Private/HAL/LowLevelMemTrackerPrivate.h,2,1,3
/media/ullmann/HDDGabriel/engines/UnrealEngine/Engine/Source/Runtime/Core/Private/HAL/LowLevelMemoryUtils.h,1,0,1
/media/ullmann/HDDGabriel/engines/UnrealEngine/Engine/Source/ThirdParty/openexr/openexr-3.1.1/src/lib/OpenEXRUtil/ImfDeepImageLevel.h,4,4,8
/media/ullmann/HDDGabriel/engines/UnrealEngine/Engine/Source/Runtime/Core/Public/Templates/RemoveReference.h,3,0,3
/media/ullmann/HDDGabriel/engines/UnrealEngine/Engine/Source/ThirdParty/CryptoPP/5.6.5/include/camellia.h,3,3,6
/media/ullmann/HDDGabriel/engines/UnrealEngine/Engine/Source/ThirdParty/PhysX3/PhysX_3.4/Source/SimulationController/src/ScBodySim.h,16,3,19
/media/ullmann/HDDGabriel/engines/UnrealEngine/Engine/Source/ThirdParty/PhysX3/PhysX_3.4/Source/SimulationController/src/ScConstraintGroupNode.h,3,1,4
/media/ullmann/HDDGabriel/engines/UnrealEngine/Engine/Source/ThirdParty/PhysX3/PhysX_3.4/Source/PhysX/src/particles/NpParticleFluid.h,2,1,3
/media/ullmann/HDDGabriel/engines/UnrealEngine/Engine/Source/ThirdParty/libOpus/opus-1.3.1-12/silk/sum_sqr_shift.c,0,1,1
/media/ullmann/HDDGabriel/engines/UnrealEngine/Engine/Source/ThirdParty/libOpus/opus-1.3.1-12/silk/SigProc_FIX.h,30,12,42
/media/ullmann/HDDGabriel/engines/UnrealEngine/Engine/Source/Runtime/Renderer/Private/VisualizeVolumetricLightmap.cpp,0,4,4
/media/ullmann/HDDGabriel/engines/UnrealEngine/Engine/Source/Runtime/Renderer/Private/SpriteIndexBuffer.h,3,0,3
/media/ullmann/HDDGabriel/engines/UnrealEngine/Engine/Source/Editor/SceneOutliner/Public/ActorModeInteractive.h,1,1,2
/media/ullmann/HDDGabriel/engines/UnrealEngine/Engine/Source/Editor/SceneOutliner/Public/ActorMode.h,3,1,4
/media/ullmann/HDDGabriel/engines/UnrealEngine/Engine/Source/Editor/PhysicsAssetEditor/Private/PhysicsAssetEditorAnimInstanceProxy.cpp,0,2,2
/media/ullmann/HDDGabriel/engines/UnrealEngine/Engine/Source/Editor/PhysicsAssetEditor/Private/PhysicsAssetEditorAnimInstanceProxy.h,3,0,3
/media/ullmann/HDDGabriel/engines/UnrealEngine/Engine/Source/ThirdParty/SDL2/SDL-gui-backend/src/audio/nacl/SDL_naclaudio.c,0,4,4
/media/ullmann/HDDGabriel/engines/UnrealEngine/Engine/Source/ThirdParty/SDL2/SDL-gui-backend/src/audio/SDL_audio_c.h,34,1,35
/media/ullmann/HDDGabriel/engines/UnrealEngine/Engine/Source/ThirdParty/ICU/icu4c-53_1/source/common/dictionarydata.cpp,0,5,5
/media/ullmann/HDDGabriel/engines/UnrealEngine/Engine/Source/Runtime/Experimental/ChaosVehicles/ChaosVehiclesCore/Public/ThrustSystem.h,1,2,3
/media/ullmann/HDDGabriel/engines/UnrealEngine/Engine/Source/ThirdParty/Steamworks/Steamv146/sdk/public/steam/isteamremoteplay.h,1,1,2
/media/ullmann/HDDGabriel/engines/UnrealEngine/Engine/Source/ThirdParty/Steamworks/Steamv146/sdk/public/steam/steam_api_common.h,27,3,30
/media/ullmann/HDDGabriel/engines/UnrealEngine/Engine/Source/ThirdParty/PhysX3/APEX_1.4/shared/general/meshimport/include/utils/MiMapSet.h,1,2,3
/media/ullmann/HDDGabriel/engines/UnrealEngine/Engine/Source/ThirdParty/PhysX3/APEX_1.4/shared/general/meshimport/include/utils/MiMapSetInternal.h,1,1,2
/media/ullmann/HDDGabriel/engines/UnrealEngine/Engine/Source/ThirdParty/CryptoPP/5.6.2/include/winpipes.cpp,0,3,3
/media/ullmann/HDDGabriel/engines/UnrealEngine/Engine/Source/ThirdParty/WebRTC/4147/Include/third_party/libvpx/source/libvpx/vpxenc.h,0,1,1
/media/ullmann/HDDGabriel/engines/UnrealEngine/Engine/Source/ThirdParty/WebRTC/4147/Include/third_party/libvpx/source/libvpx/vpx/vpx_encoder.h,7,1,8
/media/ullmann/HDDGabriel/engines/UnrealEngine/Engine/Source/Runtime/Online/BuildPatchServices/Private/BuildPatchUtil.cpp,0,6,6
/media/ullmann/HDDGabriel/engines/UnrealEngine/Engine/Source/Runtime/Online/BuildPatchServices/Private/Common/FileSystem.h,6,0,6
/media/ullmann/HDDGabriel/engines/UnrealEngine/Engine/Source/Runtime/LiveLinkInterface/Public/ILiveLinkSource.h,0,2,2
/media/ullmann/HDDGabriel/engines/UnrealEngine/Engine/Source/ThirdParty/ICU/icu4c-64_1/source/i18n/fmtableimp.h,2,1,3
/media/ullmann/HDDGabriel/engines/UnrealEngine/Engine/Source/ThirdParty/OpenSubdiv/OpenSubdiv-3.4.4/opensubdiv/osd/tbbEvaluator.cpp,0,2,2
/media/ullmann/HDDGabriel/engines/UnrealEngine/Engine/Source/Editor/MovieSceneTools/Private/MovieSceneToolsProjectSettingsCustomization.h,2,0,2
/media/ullmann/HDDGabriel/engines/UnrealEngine/Engine/Source/Developer/TraceInsights/Private/Insights/MemoryProfiler/ViewModels/MemTagNode.cpp,0,1,1
/media/ullmann/HDDGabriel/engines/UnrealEngine/Engine/Source/Developer/TraceInsights/Private/Insights/MemoryProfiler/ViewModels/MemTagNode.h,1,0,1
/media/ullmann/HDDGabriel/engines/UnrealEngine/Engine/Source/Runtime/Engine/Public/Subsystems/AudioEngineSubsystem.h,1,2,3
/media/ullmann/HDDGabriel/engines/UnrealEngine/Engine/Source/Runtime/Engine/Public/Subsystems/SubsystemCollection.h,2,0,2
/media/ullmann/HDDGabriel/engines/UnrealEngine/Engine/Source/ThirdParty/ICU/icu4c-64_1/source/tools/genrb/read.c,0,2,2
/media/ullmann/HDDGabriel/engines/UnrealEngine/Engine/Source/ThirdParty/ICU/icu4c-64_1/source/tools/genrb/read.h,2,1,3
/media/ullmann/HDDGabriel/engines/UnrealEngine/Engine/Source/ThirdParty/OpenVDB/openvdb-8.1.0/openvdb_ax/openvdb_ax/test/backend/TestFunctionTypes.cc,0,1,1
/media/ullmann/HDDGabriel/engines/UnrealEngine/Engine/Source/ThirdParty/OpenVDB/openvdb-8.1.0/openvdb_ax/openvdb_ax/test/backend/util.h,8,0,8
/media/ullmann/HDDGabriel/engines/UnrealEngine/Engine/Source/Runtime/GeometryCore/Public/MeshAdapterTransforms.h,0,3,3
/media/ullmann/HDDGabriel/engines/UnrealEngine/Engine/Source/Runtime/GeometryCore/Public/FrameTypes.h,3,4,7
/media/ullmann/HDDGabriel/engines/UnrealEngine/Engine/Source/ThirdParty/nvTextureTools/nvTextureTools-2.0.8/src/src/nvtt/Compressor.cpp,0,8,8
/media/ullmann/HDDGabriel/engines/UnrealEngine/Engine/Source/ThirdParty/nvTextureTools/nvTextureTools-2.0.8/src/src/nvtt/Compressor.h,1,1,2
/media/ullmann/HDDGabriel/engines/UnrealEngine/Engine/Source/ThirdParty/openexr/openexr-3.1.1/src/bin/exrmakepreview/main.cpp,0,1,1
/media/ullmann/HDDGabriel/engines/UnrealEngine/Engine/Source/ThirdParty/openexr/openexr-3.1.1/src/bin/exrmakepreview/makePreview.h,2,0,2
/media/ullmann/HDDGabriel/engines/UnrealEngine/Engine/Source/Runtime/AVIWriter/Private/AVIWriter.cpp,0,2,2
/media/ullmann/HDDGabriel/engines/UnrealEngine/Engine/Source/Runtime/AVIWriter/Private/CapturePin.h,3,0,3
/media/ullmann/HDDGabriel/engines/UnrealEngine/Engine/Source/ThirdParty/Imath/Imath-3.1.3/src/Imath/ImathForward.h,0,2,2
/media/ullmann/HDDGabriel/engines/UnrealEngine/Engine/Source/ThirdParty/Imath/Imath-3.1.3/src/Imath/ImathNamespace.h,28,0,28
/media/ullmann/HDDGabriel/engines/UnrealEngine/Engine/Source/Programs/UnrealLightmass/Private/ImportExport/LightmassSwarm.h,4,2,6
/media/ullmann/HDDGabriel/engines/UnrealEngine/Engine/Source/Developer/LogVisualizer/Private/LogVisualizerSettings.cpp,0,1,1
/media/ullmann/HDDGabriel/engines/UnrealEngine/Engine/Source/Developer/LogVisualizer/Private/VisualLoggerDatabase.h,13,0,13
/media/ullmann/HDDGabriel/engines/UnrealEngine/Engine/Source/Editor/GameProjectGeneration/Private/SGetSuggestedIDEWidget.cpp,0,1,1
/media/ullmann/HDDGabriel/engines/UnrealEngine/Engine/Source/Editor/GameProjectGeneration/Private/SGetSuggestedIDEWidget.h,3,0,3
/media/ullmann/HDDGabriel/engines/UnrealEngine/Engine/Source/ThirdParty/PhysX3/NvCloth/src/SwSelfCollision.cpp,0,4,4
/media/ullmann/HDDGabriel/engines/UnrealEngine/Engine/Source/ThirdParty/Intel/Embree/Embree270/src/kernels/common/scene_bezier_curves.cpp,0,3,3
/media/ullmann/HDDGabriel/engines/UnrealEngine/Engine/Source/ThirdParty/Intel/Embree/Embree270/src/kernels/common/subdiv/bezier_curve.h,8,1,9
/media/ullmann/HDDGabriel/engines/UnrealEngine/Engine/Source/ThirdParty/ICU/icu4c-53_1/source/common/ucharstriebuilder.cpp,0,10,10
/media/ullmann/HDDGabriel/engines/UnrealEngine/Engine/Source/Editor/UnrealEd/Public/EditorUndoClient.h,4,0,4
/media/ullmann/HDDGabriel/engines/UnrealEngine/Engine/Source/ThirdParty/CryptoPP/5.6.2/include/shark.cpp,0,5,5
/media/ullmann/HDDGabriel/engines/UnrealEngine/Engine/Source/ThirdParty/ShaderConductor/ShaderConductor/External/DirectXShaderCompiler/lib/DxrFallback/StateFunctionTransform.cpp,0,5,5
/media/ullmann/HDDGabriel/engines/UnrealEngine/Engine/Source/ThirdParty/ShaderConductor/ShaderConductor/External/DirectXShaderCompiler/lib/DxrFallback/FunctionBuilder.h,2,0,2
/media/ullmann/HDDGabriel/engines/UnrealEngine/Engine/Source/Programs/Enterprise/Datasmith/DatasmithARCHICADExporter/Private/ElementID.cpp,0,1,1
/media/ullmann/HDDGabriel/engines/UnrealEngine/Engine/Source/Programs/Enterprise/Datasmith/DatasmithARCHICADExporter/Private/ElementID.h,4,4,8
/media/ullmann/HDDGabriel/engines/UnrealEngine/Engine/Source/ThirdParty/SDL2/SDL-gui-backend/src/video/x11/SDL_x11framebuffer.h,2,1,3
/media/ullmann/HDDGabriel/engines/UnrealEngine/Engine/Source/ThirdParty/CryptoPP/5.6.5/include/dll.h,5,28,33
/media/ullmann/HDDGabriel/engines/UnrealEngine/Engine/Source/ThirdParty/ShaderConductor/ShaderConductor/External/DirectXShaderCompiler/tools/clang/tools/libclang/CIndexHigh.cpp,0,5,5
/media/ullmann/HDDGabriel/engines/UnrealEngine/Engine/Source/ThirdParty/ShaderConductor/ShaderConductor/External/DirectXShaderCompiler/tools/clang/tools/libclang/CXTranslationUnit.h,15,2,17
/media/ullmann/HDDGabriel/engines/UnrealEngine/Engine/Source/ThirdParty/FreeImage/FreeImage-3.18.0/Source/OpenEXR/IlmImf/ImfFramesPerSecond.h,1,3,4
/media/ullmann/HDDGabriel/engines/UnrealEngine/Engine/Source/ThirdParty/FreeImage/FreeImage-3.18.0/Source/OpenEXR/IlmImf/ImfRational.h,3,2,5
/media/ullmann/HDDGabriel/engines/UnrealEngine/Engine/Source/Editor/AnimGraph/Public/AnimGraphNode_PoseByName.h,0,1,1
/media/ullmann/HDDGabriel/engines/UnrealEngine/Engine/Source/Editor/AnimGraph/Public/AnimGraphNode_AssetPlayerBase.h,5,1,6
/media/ullmann/HDDGabriel/engines/UnrealEngine/Engine/Source/ThirdParty/Intel/TBB/IntelTBB-2019u8/include/tbb/critical_section.h,2,5,7
/media/ullmann/HDDGabriel/engines/UnrealEngine/Engine/Source/ThirdParty/Intel/TBB/IntelTBB-2019u8/include/tbb/tbb_profiling.h,21,2,23
/media/ullmann/HDDGabriel/engines/UnrealEngine/Engine/Source/ThirdParty/Boost/boost-1_70_0/include/boost/concept_check.hpp,0,2,2
/media/ullmann/HDDGabriel/engines/UnrealEngine/Engine/Source/ThirdParty/Boost/boost-1_70_0/include/boost/iterator,7,0,7
/media/ullmann/HDDGabriel/engines/UnrealEngine/Engine/Source/Runtime/Renderer/Private/MobileBasePassRendering.cpp,0,6,6
/media/ullmann/HDDGabriel/engines/UnrealEngine/Engine/Source/Runtime/Renderer/Private/PostProcess/PostProcessPixelProjectedReflectionMobile.h,3,0,3
/media/ullmann/HDDGabriel/engines/UnrealEngine/Engine/Source/Runtime/Core/Public/Math/InterpCurve.h,3,0,3
/media/ullmann/HDDGabriel/engines/UnrealEngine/Engine/Source/ThirdParty/Oculus/LibOVRPlatform/LibOVRPlatform/include/OVR_Requests_Voip.h,1,2,3
/media/ullmann/HDDGabriel/engines/UnrealEngine/Engine/Source/ThirdParty/PLCrashReporter/PLCrashReporter/Source/PLCrashAsyncImageList.cpp,0,3,3
/media/ullmann/HDDGabriel/engines/UnrealEngine/Engine/Source/ThirdParty/PLCrashReporter/PLCrashReporter/Source/PLCrashAsync.h,19,0,19
/media/ullmann/HDDGabriel/engines/UnrealEngine/Engine/Source/ThirdParty/Boost/boost-1_70_0/include/boost/spirit/home/support/detail/lexer/generator.hpp,0,8,8
/media/ullmann/HDDGabriel/engines/UnrealEngine/Engine/Source/ThirdParty/Boost/boost-1_70_0/include/boost/spirit/home/support/detail/lexer/partition/charset.hpp,1,2,3
/media/ullmann/HDDGabriel/engines/UnrealEngine/Engine/Source/ThirdParty/glslang/glslang/src/glslang_lib/glslang/MachineIndependent/glslang_tab.cpp,0,4,4
/media/ullmann/HDDGabriel/engines/UnrealEngine/Engine/Source/ThirdParty/glslang/glslang/src/glslang_lib/glslang/Public/ShaderLang.h,9,2,11
/media/ullmann/HDDGabriel/engines/UnrealEngine/Engine/Source/ThirdParty/FreeType2/FreeType2-2.4.12/src/gxvalid/gxvcommn.c,1,1,2
/media/ullmann/HDDGabriel/engines/UnrealEngine/Engine/Source/Editor/FoliageEdit/Private/SFoliageEdit.cpp,0,4,4
/media/ullmann/HDDGabriel/engines/UnrealEngine/Engine/Source/Editor/FoliageEdit/Private/SFoliagePalette.h,3,1,4
/media/ullmann/HDDGabriel/engines/UnrealEngine/Engine/Source/ThirdParty/libOpus/opus-1.1/silk/tables_LTP.c,0,1,1
/media/ullmann/HDDGabriel/engines/UnrealEngine/Engine/Source/ThirdParty/Android/libunwind/libunwind/src/os-hpux.c,0,1,1
/media/ullmann/HDDGabriel/engines/UnrealEngine/Engine/Source/ThirdParty/Android/libunwind/libunwind/src/elf64.h,2,1,3
/media/ullmann/HDDGabriel/engines/UnrealEngine/Engine/Source/ThirdParty/CryptoPP/5.6.2/include/polynomi.h,2,3,5
/media/ullmann/HDDGabriel/engines/UnrealEngine/Engine/Source/ThirdParty/Oculus/LibOVRPlatform/LibOVRPlatform/include/OVR_MatchmakingEnqueueResult.h,4,2,6
/media/ullmann/HDDGabriel/engines/UnrealEngine/Engine/Source/ThirdParty/Oculus/LibOVRPlatform/LibOVRPlatform/include/OVR_MatchmakingAdminSnapshot.h,3,2,5
/media/ullmann/HDDGabriel/engines/UnrealEngine/Engine/Source/Editor/Sequencer/Private/SequencerSelection.h,2,2,4
/media/ullmann/HDDGabriel/engines/UnrealEngine/Engine/Source/Editor/Sequencer/Private/SequencerSelectedKey.h,7,0,7
/media/ullmann/HDDGabriel/engines/UnrealEngine/Engine/Source/ThirdParty/llvm/8/include/llvm/DebugInfo/PDB/PDBSymbolCompilandEnv.h,0,2,2
/media/ullmann/HDDGabriel/engines/UnrealEngine/Engine/Source/ThirdParty/CryptoPP/5.6.5/include/blowfish.cpp,0,3,3
/media/ullmann/HDDGabriel/engines/UnrealEngine/Engine/Source/ThirdParty/CryptoPP/5.6.5/include/blowfish.h,4,2,6
/media/ullmann/HDDGabriel/engines/UnrealEngine/Engine/Source/ThirdParty/WindowsMixedRealityInterop/MixedRealityInterop/QRCodeObserver.cpp,0,3,3
/media/ullmann/HDDGabriel/engines/UnrealEngine/Engine/Source/ThirdParty/WindowsMixedRealityInterop/MixedRealityInterop/FastConversion.h,4,0,4
/media/ullmann/HDDGabriel/engines/UnrealEngine/Engine/Source/Editor/DistCurveEditor/Private/CurveEditorViewportClient.cpp,0,5,5
/media/ullmann/HDDGabriel/engines/UnrealEngine/Engine/Source/Editor/DistCurveEditor/Private/SCurveEditorViewport.h,3,0,3
/media/ullmann/HDDGabriel/engines/UnrealEngine/Engine/Source/Editor/PhysicsAssetEditor/Private/PhysicsAssetEditor.cpp,0,14,14
/media/ullmann/HDDGabriel/engines/UnrealEngine/Engine/Source/Runtime/Analytics/Analytics/Public/Interfaces/IAnalyticsProvider.h,8,1,9
/media/ullmann/HDDGabriel/engines/UnrealEngine/Engine/Source/ThirdParty/SDL2/SDL-gui-backend/src/joystick/hidapi/SDL_hidapi_gamecube.c,0,6,6
/media/ullmann/HDDGabriel/engines/UnrealEngine/Engine/Source/ThirdParty/PhysX3/PhysX_3.4/Source/Common/src/CmRenderOutput.cpp,0,1,1
/media/ullmann/HDDGabriel/engines/UnrealEngine/Engine/Source/ThirdParty/PhysX3/PhysX_3.4/Source/Common/src/CmRenderOutput.h,2,2,4
/media/ullmann/HDDGabriel/engines/UnrealEngine/Engine/Source/ThirdParty/ShaderConductor/ShaderConductor/External/SPIRV-Cross/spirv_cross.hpp,5,3,8
/media/ullmann/HDDGabriel/engines/UnrealEngine/Engine/Source/ThirdParty/ShaderConductor/ShaderConductor/External/SPIRV-Cross/spirv_cross_parsed_ir.hpp,3,1,4
/media/ullmann/HDDGabriel/engines/UnrealEngine/Engine/Source/ThirdParty/ICU/icu4c-64_1/source/tools/genrb/parse.cpp,0,6,6
/media/ullmann/HDDGabriel/engines/UnrealEngine/Engine/Source/ThirdParty/ICU/icu4c-64_1/source/tools/genrb/reslist.h,5,1,6
/media/ullmann/HDDGabriel/engines/UnrealEngine/Engine/Source/ThirdParty/Intel/TBB/IntelTBB-2019u8/include/tbb/task_group.h,2,3,5
/media/ullmann/HDDGabriel/engines/UnrealEngine/Engine/Source/ThirdParty/Intel/TBB/IntelTBB-2019u8/include/tbb/task.h,13,3,16
/media/ullmann/HDDGabriel/engines/UnrealEngine/Engine/Source/Editor/VREditor/UI/VREditorFloatingCameraUI.h,2,1,3
/media/ullmann/HDDGabriel/engines/UnrealEngine/Engine/Source/Editor/VREditor/UI/VREditorFloatingUI.h,6,0,6
/media/ullmann/HDDGabriel/engines/UnrealEngine/Engine/Source/ThirdParty/Imath/Imath-3.1.3/src/python/PyImath/PyImathTask.h,4,1,5
/media/ullmann/HDDGabriel/engines/UnrealEngine/Engine/Source/ThirdParty/FreeImage/FreeImage-3.18.0/Source/LibRawLite/libraw/libraw.h,1,5,6
/media/ullmann/HDDGabriel/engines/UnrealEngine/Engine/Source/ThirdParty/FreeImage/FreeImage-3.18.0/Source/LibRawLite/libraw/libraw_alloc.h,1,1,2
/media/ullmann/HDDGabriel/engines/UnrealEngine/Engine/Source/ThirdParty/GoogleGameSDK/gamesdk/src/swappy/vulkan/swappyVk_c.cpp,0,1,1
/media/ullmann/HDDGabriel/engines/UnrealEngine/Engine/Source/ThirdParty/GoogleGameSDK/gamesdk/src/swappy/vulkan/SwappyVk.h,2,3,5
/media/ullmann/HDDGabriel/engines/UnrealEngine/Engine/Source/ThirdParty/ICU/icu4c-64_1/source/common/uinvchar.h,10,2,12
/media/ullmann/HDDGabriel/engines/UnrealEngine/Engine/Source/Runtime/Slate/Public/SlateBasics.h,2,97,99
/media/ullmann/HDDGabriel/engines/UnrealEngine/Engine/Source/Runtime/Slate/Public/Widgets/Input/SMultiLineEditableTextBox.h,2,0,2
/media/ullmann/HDDGabriel/engines/UnrealEngine/Engine/Source/ThirdParty/MCPP/mcpp-2.7.2/cpp-test/test-t/nest10.h,1,1,2
/media/ullmann/HDDGabriel/engines/UnrealEngine/Engine/Source/ThirdParty/MCPP/mcpp-2.7.2/cpp-test/test-t/nest11.h,1,1,2
/media/ullmann/HDDGabriel/engines/UnrealEngine/Engine/Source/ThirdParty/Android/libunwind/libunwind/src/arm/Lregs.c,0,1,1
/media/ullmann/HDDGabriel/engines/UnrealEngine/Engine/Source/ThirdParty/Android/libunwind/libunwind/src/arm/Gregs.c,1,1,2
/media/ullmann/HDDGabriel/engines/UnrealEngine/Engine/Source/ThirdParty/Intel/Embree/Embree270/src/kernels/xeon/builders/heuristic_spatial.h,2,2,4
/media/ullmann/HDDGabriel/engines/UnrealEngine/Engine/Source/ThirdParty/Intel/Embree/Embree270/src/kernels/xeon/builders/priminfo.h,5,1,6
/media/ullmann/HDDGabriel/engines/UnrealEngine/Engine/Source/ThirdParty/PhysX3/PhysX_3.4/Source/LowLevelCloth/src/windows/CuClothData.cpp,0,5,5
/media/ullmann/HDDGabriel/engines/UnrealEngine/Engine/Source/ThirdParty/PhysX3/PhysX_3.4/Source/LowLevelCloth/src/windows/CuCheckSuccess.h,6,0,6
/media/ullmann/HDDGabriel/engines/UnrealEngine/Engine/Source/Runtime/Core/Public/Misc/VarArgs.h,3,0,3
/media/ullmann/HDDGabriel/engines/UnrealEngine/Engine/Source/ThirdParty/ICU/icu4c-64_1/source/test/intltest/selfmts.h,2,1,3
/media/ullmann/HDDGabriel/engines/UnrealEngine/Engine/Source/ThirdParty/ICU/icu4c-64_1/source/common/punycode.cpp,0,9,9
/media/ullmann/HDDGabriel/engines/UnrealEngine/Engine/Source/ThirdParty/OpenVDB/openvdb-8.1.0/openvdb/openvdb/openvdb.h,2,8,10
/media/ullmann/HDDGabriel/engines/UnrealEngine/Engine/Source/ThirdParty/OpenVDB/openvdb-8.1.0/openvdb/openvdb/Metadata.h,3,4,7
/media/ullmann/HDDGabriel/engines/UnrealEngine/Engine/Source/ThirdParty/CryptoPP/5.6.5/include/validat2.cpp,0,33,33
/media/ullmann/HDDGabriel/engines/UnrealEngine/Engine/Source/ThirdParty/CryptoPP/5.6.5/include/smartptr.h,35,2,37
/media/ullmann/HDDGabriel/engines/UnrealEngine/Engine/Source/ThirdParty/PLCrashReporter/PLCrashReporter/Source/PLCrashAsyncThread_arm.c,0,2,2
/media/ullmann/HDDGabriel/engines/UnrealEngine/Engine/Source/Runtime/Renderer/Private/OIT/OIT.cpp,0,1,1
/media/ullmann/HDDGabriel/engines/UnrealEngine/Engine/Source/Runtime/Renderer/Private/OIT/OIT.h,2,0,2
/media/ullmann/HDDGabriel/engines/UnrealEngine/Engine/Source/Runtime/VulkanRHI/Private/VulkanVertexDeclaration.cpp,0,1,1
/media/ullmann/HDDGabriel/engines/UnrealEngine/Engine/Source/ThirdParty/Boost/boost-1_70_0/include/boost/polygon/polygon_45_set_concept.hpp,2,4,6
/media/ullmann/HDDGabriel/engines/UnrealEngine/Engine/Source/ThirdParty/Boost/boost-1_70_0/include/boost/polygon/detail/polygon_45_touch.hpp,3,0,3
/media/ullmann/HDDGabriel/engines/UnrealEngine/Engine/Source/ThirdParty/Intel/Embree/Embree2140/src/kernels/common/accel.h,7,3,10
/media/ullmann/HDDGabriel/engines/UnrealEngine/Engine/Source/Editor/GraphEditor/Private/NodeFactory.cpp,0,22,22
/media/ullmann/HDDGabriel/engines/UnrealEngine/Engine/Source/Editor/GraphEditor/Private/KismetNodes/SGraphNodeK2CreateDelegate.h,1,0,1
/media/ullmann/HDDGabriel/engines/UnrealEngine/Engine/Source/ThirdParty/Imath/Imath-3.1.3/src/python/PyImath/PyImath.cpp,0,2,2
/media/ullmann/HDDGabriel/engines/UnrealEngine/Engine/Source/Runtime/RenderCore/Public/ShaderCodeArchive.h,0,1,1
/media/ullmann/HDDGabriel/engines/UnrealEngine/Engine/Source/ThirdParty/ICU/icu4c-64_1/source/tools/makeconv/makeconv.cpp,0,2,2
/media/ullmann/HDDGabriel/engines/UnrealEngine/Engine/Source/ThirdParty/ICU/icu4c-64_1/source/tools/makeconv/genmbcs.h,3,1,4
/media/ullmann/HDDGabriel/engines/UnrealEngine/Engine/Source/ThirdParty/ICU/icu4c-53_1/source/layout/GlyphSubstLookupProc.h,2,10,12
/media/ullmann/HDDGabriel/engines/UnrealEngine/Engine/Source/ThirdParty/ICU/icu4c-53_1/source/layout/Lookups.h,11,2,13
/media/ullmann/HDDGabriel/engines/UnrealEngine/Engine/Source/Runtime/Apple/MetalRHI/Private/MetalProfiler.h,23,2,25
/media/ullmann/HDDGabriel/engines/UnrealEngine/Engine/Source/ThirdParty/WebRTC/4147/Include/third_party/libjpeg_turbo/jdsample.h,0,1,1
/media/ullmann/HDDGabriel/engines/UnrealEngine/Engine/Source/Runtime/AudioCaptureImplementations/IOS/AudioCaptureAudioUnit/Private/AudioCaptureAudioUnitModule.cpp,0,1,1
/media/ullmann/HDDGabriel/engines/UnrealEngine/Engine/Source/Runtime/AudioCaptureImplementations/IOS/AudioCaptureAudioUnit/Private/AudioCaptureAudioUnit.h,2,0,2
/media/ullmann/HDDGabriel/engines/UnrealEngine/Engine/Source/ThirdParty/FreeType2/FreeType2-2.10.0/src/cache/ftccmap.c,1,3,4
/media/ullmann/HDDGabriel/engines/UnrealEngine/Engine/Source/Editor/DetailCustomizations/Private/HardwareTargetingSettingsDetails.h,2,0,2
/media/ullmann/HDDGabriel/engines/UnrealEngine/Engine/Source/ThirdParty/Intel/TBB/IntelTBB-2019u8/examples/parallel_for/tachyon/src/pthread.cpp,0,1,1
/media/ullmann/HDDGabriel/engines/UnrealEngine/Engine/Source/ThirdParty/Intel/TBB/IntelTBB-2019u8/examples/parallel_for/tachyon/src/pthread_w.h,1,0,1
/media/ullmann/HDDGabriel/engines/UnrealEngine/Engine/Source/ThirdParty/ICU/icu4c-53_1/source/tools/genrb/read.c,0,2,2
/media/ullmann/HDDGabriel/engines/UnrealEngine/Engine/Source/ThirdParty/ICU/icu4c-53_1/source/tools/genrb/read.h,2,1,3
/media/ullmann/HDDGabriel/engines/UnrealEngine/Engine/Source/Runtime/WebBrowser/Private/CEF/CEFJSScripting.cpp,0,3,3
/media/ullmann/HDDGabriel/engines/UnrealEngine/Engine/Source/Runtime/WebBrowser/Private/CEF/CEFJSStructSerializerBackend.h,1,1,2
/media/ullmann/HDDGabriel/engines/UnrealEngine/Engine/Source/ThirdParty/FreeType2/FreeType2-2.4.12/src/cff/cf2hints.c,1,5,6
/media/ullmann/HDDGabriel/engines/UnrealEngine/Engine/Source/ThirdParty/FreeType2/FreeType2-2.4.12/src/cff/cf2hints.h,4,0,4
/media/ullmann/HDDGabriel/engines/UnrealEngine/Engine/Source/ThirdParty/CryptoPP/5.6.5/include/square.h,3,2,5
/media/ullmann/HDDGabriel/engines/UnrealEngine/Engine/Source/ThirdParty/CryptoPP/5.6.5/include/gf2n.cpp,0,12,12
/media/ullmann/HDDGabriel/engines/UnrealEngine/Engine/Source/ThirdParty/CryptoPP/5.6.5/include/filters.h,33,8,41
/media/ullmann/HDDGabriel/engines/UnrealEngine/Engine/Source/Developer/Merge/Private/SBlueprintMerge.cpp,0,5,5
/media/ullmann/HDDGabriel/engines/UnrealEngine/Engine/Source/Developer/Merge/Private/SMergeTreeView.h,2,1,3
/media/ullmann/HDDGabriel/engines/UnrealEngine/Engine/Source/Editor/SceneOutliner/Private/ActorBrowsingMode.cpp,0,2,2
/media/ullmann/HDDGabriel/engines/UnrealEngine/Engine/Source/ThirdParty/ICU/icu4c-64_1/source/common/utrie.cpp,0,3,3
/media/ullmann/HDDGabriel/engines/UnrealEngine/Engine/Source/ThirdParty/FreeType2/FreeType2-2.10.0/src/truetype/ttinterp.c,1,4,5
/media/ullmann/HDDGabriel/engines/UnrealEngine/Engine/Source/ThirdParty/FreeType2/FreeType2-2.10.0/src/truetype/ttgxvar.h,6,1,7
/media/ullmann/HDDGabriel/engines/UnrealEngine/Engine/Source/ThirdParty/ICU/icu4c-64_1/source/test/intltest/allcoll.cpp,0,3,3
/media/ullmann/HDDGabriel/engines/UnrealEngine/Engine/Source/ThirdParty/ICU/icu4c-64_1/source/test/cintltst/calldata.h,2,0,2
/media/ullmann/HDDGabriel/engines/UnrealEngine/Engine/Source/ThirdParty/ShaderConductor/ShaderConductor/External/DirectXShaderCompiler/lib/ExecutionEngine/RuntimeDyld/RuntimeDyldMachO.cpp,0,5,5
/media/ullmann/HDDGabriel/engines/UnrealEngine/Engine/Source/ThirdParty/ShaderConductor/ShaderConductor/External/DirectXShaderCompiler/lib/ExecutionEngine/RuntimeDyld/Targets/RuntimeDyldMachOAArch64.h,1,1,2
/media/ullmann/HDDGabriel/engines/UnrealEngine/Engine/Source/ThirdParty/OpenVDB/openvdb-8.1.0/openvdb_ax/openvdb_ax/test/integration/TestExternals.cc,0,3,3
/media/ullmann/HDDGabriel/engines/UnrealEngine/Engine/Source/Developer/MessageLog/Public/MessageLogModule.h,7,1,8
/media/ullmann/HDDGabriel/engines/UnrealEngine/Engine/Source/ThirdParty/OpenSubdiv/OpenSubdiv-3.4.4/opensubdiv/osd/clVertexBuffer.h,1,2,3
/media/ullmann/HDDGabriel/engines/UnrealEngine/Engine/Source/ThirdParty/OpenSubdiv/OpenSubdiv-3.4.4/opensubdiv/osd/opencl.h,7,0,7
/media/ullmann/HDDGabriel/engines/UnrealEngine/Engine/Source/ThirdParty/MCPP/mcpp-2.7.2/cpp-test/test-l/nest73.h,1,1,2
/media/ullmann/HDDGabriel/engines/UnrealEngine/Engine/Source/ThirdParty/MCPP/mcpp-2.7.2/cpp-test/test-l/nest74.h,1,1,2
/media/ullmann/HDDGabriel/engines/UnrealEngine/Engine/Source/Runtime/Datasmith/DirectLink/Private/DirectLinkEndpoint.cpp,0,7,7
/media/ullmann/HDDGabriel/engines/UnrealEngine/Engine/Source/Runtime/Datasmith/DirectLink/Private/DirectLinkStreamDescription.h,1,1,2
/media/ullmann/HDDGabriel/engines/UnrealEngine/Engine/Source/ThirdParty/FreeType2/FreeType2-2.4.12/src/gxvalid/gxvmorx.h,6,3,9
/media/ullmann/HDDGabriel/engines/UnrealEngine/Engine/Source/ThirdParty/FreeType2/FreeType2-2.4.12/src/gxvalid/gxvalid.h,13,1,14
/media/ullmann/HDDGabriel/engines/UnrealEngine/Engine/Source/ThirdParty/ICU/icu4c-53_1/source/common/putil.cpp,0,13,13
/media/ullmann/HDDGabriel/engines/UnrealEngine/Engine/Source/ThirdParty/SDL2/SDL-gui-backend/src/video/directfb/SDL_DirectFB_modes.h,6,1,7
/media/ullmann/HDDGabriel/engines/UnrealEngine/Engine/Source/ThirdParty/WebRTC/4147/Include/base/third_party/xdg_mime/xdgmimemagic.h,0,1,1
/media/ullmann/HDDGabriel/engines/UnrealEngine/Engine/Source/ThirdParty/WebRTC/4147/Include/base/third_party/xdg_mime/xdgmime.h,7,0,7
/media/ullmann/HDDGabriel/engines/UnrealEngine/Engine/Source/Runtime/Windows/D3D11RHI/Private/D3D11Commands.cpp,0,1,1
/media/ullmann/HDDGabriel/engines/UnrealEngine/Engine/Source/Runtime/Windows/D3D11RHI/Private/D3D11RHIPrivate.h,16,1,17
/media/ullmann/HDDGabriel/engines/UnrealEngine/Engine/Source/ThirdParty/ShaderConductor/ShaderConductor/External/SPIRV-Cross/spirv_hlsl.cpp,0,2,2
/media/ullmann/HDDGabriel/engines/UnrealEngine/Engine/Source/ThirdParty/ShaderConductor/ShaderConductor/External/SPIRV-Cross/spirv_hlsl.hpp,3,1,4
/media/ullmann/HDDGabriel/engines/UnrealEngine/Engine/Source/Runtime/Core/Public/Misc/DateTime.h,4,0,4
/media/ullmann/HDDGabriel/engines/UnrealEngine/Engine/Source/ThirdParty/libOpus/opus-1.0.3/src/opus_encoder.c,0,1,1
/media/ullmann/HDDGabriel/engines/UnrealEngine/Engine/Source/ThirdParty/libOpus/opus-1.0.3/src/opus_private.h,7,0,7
/media/ullmann/HDDGabriel/engines/UnrealEngine/Engine/Source/Editor/BlueprintGraph/Classes/K2Node_AssignmentStatement.h,0,1,1
/media/ullmann/HDDGabriel/engines/UnrealEngine/Engine/Source/ThirdParty/ShaderConductor/ShaderConductor/External/DirectXShaderCompiler/tools/clang/lib/StaticAnalyzer/Checkers/MacOSKeychainAPIChecker.cpp,0,1,1
/media/ullmann/HDDGabriel/engines/UnrealEngine/Engine/Source/ThirdParty/ShaderConductor/ShaderConductor/External/DirectXShaderCompiler/tools/clang/lib/StaticAnalyzer/Checkers/ClangSACheckers.h,66,0,66
/media/ullmann/HDDGabriel/engines/UnrealEngine/Engine/Source/Runtime/Renderer/Private/DistanceFieldLightingPost.cpp,0,6,6
/media/ullmann/HDDGabriel/engines/UnrealEngine/Engine/Source/ThirdParty/PLCrashReporter/PLCrashReporter/Source/PLCrashFrameStackUnwind.c,0,2,2
/media/ullmann/HDDGabriel/engines/UnrealEngine/Engine/Source/ThirdParty/Intel/Embree/Embree270/src/common/sys/regression.h,2,1,3
/media/ullmann/HDDGabriel/engines/UnrealEngine/Engine/Source/ThirdParty/EOSSDK/SDK/Include/eos_connect_types.h,1,1,2
/media/ullmann/HDDGabriel/engines/UnrealEngine/Engine/Source/ThirdParty/ICU/icu4c-64_1/source/i18n/double-conversion-bignum-dtoa.cpp,0,3,3
/media/ullmann/HDDGabriel/engines/UnrealEngine/Engine/Source/ThirdParty/SDL2/SDL-gui-backend/src/video/android/SDL_androidmessagebox.c,0,3,3
/media/ullmann/HDDGabriel/engines/UnrealEngine/Engine/Source/ThirdParty/SDL2/SDL-gui-backend/src/core/android/SDL_android.h,23,1,24
/media/ullmann/HDDGabriel/engines/UnrealEngine/Engine/Source/ThirdParty/PhysX3/PhysX_3.4/Source/LowLevelParticles/src/PtSpatialHash.h,7,4,11
/media/ullmann/HDDGabriel/engines/UnrealEngine/Engine/Source/ThirdParty/PhysX3/PhysX_3.4/Source/LowLevelParticles/src/PtSpatialHashHelper.h,3,1,4
/media/ullmann/HDDGabriel/engines/UnrealEngine/Engine/Source/ThirdParty/Crunch/src/crnlib/crn_command_line_params.cpp,0,5,5
/media/ullmann/HDDGabriel/engines/UnrealEngine/Engine/Source/ThirdParty/PhysX3/PhysX_3.4/Source/LowLevelParticles/src/PtBatcher.cpp,0,2,2
/media/ullmann/HDDGabriel/engines/UnrealEngine/Engine/Source/ThirdParty/PhysX3/PhysX_3.4/Source/LowLevelParticles/src/PtParticleSystemSimCpu.h,6,3,9
/media/ullmann/HDDGabriel/engines/UnrealEngine/Engine/Source/ThirdParty/openexr/Deploy/openexr-3.1.1/include/OpenEXR/IlmThreadPool.h,0,3,3
/media/ullmann/HDDGabriel/engines/UnrealEngine/Engine/Source/ThirdParty/openexr/Deploy/openexr-3.1.1/include/OpenEXR/IlmThreadConfig.h,6,0,6
/media/ullmann/HDDGabriel/engines/UnrealEngine/Engine/Source/ThirdParty/Intel/TBB/IntelTBB-2019u8/examples/parallel_for/tachyon/src/vol.cpp,0,11,11
/media/ullmann/HDDGabriel/engines/UnrealEngine/Engine/Source/ThirdParty/Intel/TBB/IntelTBB-2019u8/examples/parallel_for/tachyon/src/trace.h,9,0,9
/media/ullmann/HDDGabriel/engines/UnrealEngine/Engine/Source/Runtime/Engine/Private/PhysicsEngine/Experimental/ChaosCooking.cpp,0,1,1
/media/ullmann/HDDGabriel/engines/UnrealEngine/Engine/Source/Runtime/Engine/Private/PhysicsEngine/Experimental/ChaosDerivedDataUtil.h,3,0,3
/media/ullmann/HDDGabriel/engines/UnrealEngine/Engine/Source/ThirdParty/FreeImage/FreeImage-3.18.0/Source/OpenEXR/IlmImf/ImfChannelList.h,26,4,30
/media/ullmann/HDDGabriel/engines/UnrealEngine/Engine/Source/ThirdParty/FreeImage/FreeImage-3.18.0/Source/OpenEXR/IlmImf/ImfPixelType.h,4,1,5
/media/ullmann/HDDGabriel/engines/UnrealEngine/Engine/Source/Runtime/Datasmith/DirectLink/Public/DirectLinkParameterStore.h,1,2,3
/media/ullmann/HDDGabriel/engines/UnrealEngine/Engine/Source/Runtime/Datasmith/DirectLink/Public/DirectLinkSceneGraphNode.h,1,1,2
/media/ullmann/HDDGabriel/engines/UnrealEngine/Engine/Source/Programs/Enterprise/Datasmith/DatasmithMaxExporter/Private/DatasmithMaxCameraExporter.cpp,0,1,1
/media/ullmann/HDDGabriel/engines/UnrealEngine/Engine/Source/Programs/Enterprise/Datasmith/DatasmithMaxExporter/Private/VRayLights.h,2,0,2
/media/ullmann/HDDGabriel/engines/UnrealEngine/Engine/Source/ThirdParty/llvm/8/include/llvm/Support/AArch64TargetParser.h,0,1,1
/media/ullmann/HDDGabriel/engines/UnrealEngine/Engine/Source/ThirdParty/llvm/8/include/llvm/Support/AArch64TargetParser.def,1,0,1
/media/ullmann/HDDGabriel/engines/UnrealEngine/Engine/Source/Runtime/RHI/Public/RHIContext.h,1,1,2
/media/ullmann/HDDGabriel/engines/UnrealEngine/Engine/Source/Runtime/RHI/Public/RHIBreadcrumbs.h,1,1,2
/media/ullmann/HDDGabriel/engines/UnrealEngine/Engine/Source/ThirdParty/PhysX3/PxShared/src/foundation/include/PsCpu.h,0,1,1
/media/ullmann/HDDGabriel/engines/UnrealEngine/Engine/Source/ThirdParty/PhysX3/PxShared/src/foundation/include/Ps.h,12,0,12
/media/ullmann/HDDGabriel/engines/UnrealEngine/Engine/Source/ThirdParty/Intel/Embree/Embree2140/src/kernels/geometry/grid_soa.cpp,0,1,1
/media/ullmann/HDDGabriel/engines/UnrealEngine/Engine/Source/ThirdParty/Intel/Embree/Embree2140/src/kernels/geometry/grid_soa.h,5,7,12
/media/ullmann/HDDGabriel/engines/UnrealEngine/Engine/Source/ThirdParty/mtlpp/mtlpp-master-7efad47/src/mtlpp.hpp,2,32,34
/media/ullmann/HDDGabriel/engines/UnrealEngine/Engine/Source/ThirdParty/mtlpp/mtlpp-master-7efad47/src/depth_stencil.hpp,2,4,6
/media/ullmann/HDDGabriel/engines/UnrealEngine/Engine/Source/ThirdParty/PhysX3/PhysX_3.4/Source/PhysXCharacterKinematic/src/CctInternalStructs.h,2,1,3
/media/ullmann/HDDGabriel/engines/UnrealEngine/Engine/Source/ThirdParty/ICU/icu4c-64_1/source/test/intltest/itmajor.cpp,0,18,18
/media/ullmann/HDDGabriel/engines/UnrealEngine/Engine/Source/ThirdParty/ICU/icu4c-64_1/source/test/intltest/regextst.h,2,1,3
/media/ullmann/HDDGabriel/engines/UnrealEngine/Engine/Source/ThirdParty/libOpus/opus-1.3.1-12/silk/interpolate.c,0,1,1
/media/ullmann/HDDGabriel/engines/UnrealEngine/Engine/Source/ThirdParty/nvTextureTools/nvTextureTools-2.0.6/src/src/nvtt/CompressionOptions.cpp,0,2,2
/media/ullmann/HDDGabriel/engines/UnrealEngine/Engine/Source/ThirdParty/nvTextureTools/nvTextureTools-2.0.6/src/src/nvtt/CompressionOptions.h,4,1,5
/media/ullmann/HDDGabriel/engines/UnrealEngine/Engine/Source/ThirdParty/PhysX3/PhysX_3.4/Source/GeomUtils/src/mesh/GuBV4_SphereSweep.cpp,0,6,6
/media/ullmann/HDDGabriel/engines/UnrealEngine/Engine/Source/ThirdParty/PhysX3/PhysX_3.4/Source/GeomUtils/src/mesh/GuBV4_ProcessStreamOrdered_SegmentAABB_Inflated.h,2,0,2
/media/ullmann/HDDGabriel/engines/UnrealEngine/Engine/Source/ThirdParty/OpenSubdiv/OpenSubdiv-3.4.4/opensubdiv/vtr/level.cpp,0,7,7
/media/ullmann/HDDGabriel/engines/UnrealEngine/Engine/Source/ThirdParty/OpenSubdiv/OpenSubdiv-3.4.4/opensubdiv/vtr/stackBuffer.h,10,1,11
/media/ullmann/HDDGabriel/engines/UnrealEngine/Engine/Source/ThirdParty/Crunch/src/crnlib/crn_cfile_stream.h,4,1,5
/media/ullmann/HDDGabriel/engines/UnrealEngine/Engine/Source/ThirdParty/Crunch/src/crnlib/crn_data_stream.h,6,0,6
/media/ullmann/HDDGabriel/engines/UnrealEngine/Engine/Source/ThirdParty/ICU/icu4c-64_1/source/i18n/winnmfmt.h,2,3,5
/media/ullmann/HDDGabriel/engines/UnrealEngine/Engine/Source/ThirdParty/ICU/icu4c-64_1/source/i18n/unicode/format.h,7,0,7
/media/ullmann/HDDGabriel/engines/UnrealEngine/Engine/Source/ThirdParty/FreeType2/FreeType2-2.10.0/src/psaux/pshints.c,1,5,6
/media/ullmann/HDDGabriel/engines/UnrealEngine/Engine/Source/ThirdParty/FreeType2/FreeType2-2.10.0/src/psaux/psft.h,13,2,15
/media/ullmann/HDDGabriel/engines/UnrealEngine/Engine/Source/ThirdParty/CryptoPP/5.6.5/include/serpent.cpp,0,5,5
/media/ullmann/HDDGabriel/engines/UnrealEngine/Engine/Source/ThirdParty/CryptoPP/5.6.5/include/serpentp.h,2,0,2
/media/ullmann/HDDGabriel/engines/UnrealEngine/Engine/Source/ThirdParty/HarfBuzz/harfbuzz-2.4.0/src/hb-ot-font.h,1,1,2
/media/ullmann/HDDGabriel/engines/UnrealEngine/Engine/Source/Runtime/Apple/AGXRHI/Private/AGXUniformBufferCommands.cpp,0,2,2
/media/ullmann/HDDGabriel/engines/UnrealEngine/Engine/Source/ThirdParty/FreeType2/FreeType2-2.10.4/src/gxvalid/gxvmorx5.c,1,1,2
/media/ullmann/HDDGabriel/engines/UnrealEngine/Engine/Source/ThirdParty/FreeType2/FreeType2-2.10.4/src/gxvalid/gxvmorx.h,6,3,9
/media/ullmann/HDDGabriel/engines/UnrealEngine/Engine/Source/ThirdParty/PhysX3/NvCloth/samples/SampleBase/scene/scenes/SphereScene.cpp,0,1,1
/media/ullmann/HDDGabriel/engines/UnrealEngine/Engine/Source/ThirdParty/PhysX3/NvCloth/samples/SampleBase/scene/scenes/SphereScene.h,1,0,1
/media/ullmann/HDDGabriel/engines/UnrealEngine/Engine/Source/ThirdParty/Python3/Linux/include/python3.9/objimpl.h,1,2,3
/media/ullmann/HDDGabriel/engines/UnrealEngine/Engine/Source/ThirdParty/ICU/icu4c-64_1/source/common/rbbinode.h,7,3,10
/media/ullmann/HDDGabriel/engines/UnrealEngine/Engine/Source/ThirdParty/FreeImage/FreeImage-3.18.0/Source/OpenEXR/IlmImf/ImfDeepScanLineInputFile.cpp,0,15,15
/media/ullmann/HDDGabriel/engines/UnrealEngine/Engine/Source/ThirdParty/FreeType2/FreeType2-2.10.4/src/autofit/autofit.c,0,14,14
/media/ullmann/HDDGabriel/engines/UnrealEngine/Engine/Source/ThirdParty/FreeType2/FreeType2-2.10.4/src/autofit/afdummy.c,1,3,4
/media/ullmann/HDDGabriel/engines/UnrealEngine/Engine/Source/ThirdParty/openexr/openexr-3.1.1/src/lib/OpenEXR/ImfHeader.cpp,0,31,31
/media/ullmann/HDDGabriel/engines/UnrealEngine/Engine/Source/ThirdParty/openexr/openexr-3.1.1/src/lib/OpenEXR/ImfFloatAttribute.h,7,3,10
/media/ullmann/HDDGabriel/engines/UnrealEngine/Engine/Source/ThirdParty/xxhash/tests/bench/main.c,0,2,2
/media/ullmann/HDDGabriel/engines/UnrealEngine/Engine/Source/ThirdParty/xxhash/tests/bench/bhDisplay.h,3,1,4
/media/ullmann/HDDGabriel/engines/UnrealEngine/Engine/Source/Developer/Datasmith/DatasmithFacade/Public/DatasmithFacadeTexture.h,2,1,3
/media/ullmann/HDDGabriel/engines/UnrealEngine/Engine/Source/Developer/Datasmith/DatasmithFacade/Public/DatasmithFacadeElement.h,10,0,10
/media/ullmann/HDDGabriel/engines/UnrealEngine/Engine/Source/Runtime/Engine/Public/AudioVirtualLoop.h,1,1,2
/media/ullmann/HDDGabriel/engines/UnrealEngine/Engine/Source/ThirdParty/WebRTC/4147/Include/third_party/opus/src/silk/tables.h,1,2,3
/media/ullmann/HDDGabriel/engines/UnrealEngine/Engine/Source/ThirdParty/FreeType2/FreeType2-2.10.4/src/pcf/pcfutil.c,1,1,2
/media/ullmann/HDDGabriel/engines/UnrealEngine/Engine/Source/ThirdParty/FreeType2/FreeType2-2.10.4/src/pcf/pcfutil.h,2,0,2
/media/ullmann/HDDGabriel/engines/UnrealEngine/Engine/Source/ThirdParty/CryptoPP/5.6.2/include/regtest.cpp,0,44,44
/media/ullmann/HDDGabriel/engines/UnrealEngine/Engine/Source/Editor/AddContentDialog/Private/SAddContentDialog.cpp,0,2,2
/media/ullmann/HDDGabriel/engines/UnrealEngine/Engine/Source/Editor/AddContentDialog/Private/SAddContentDialog.h,2,0,2
/media/ullmann/HDDGabriel/engines/UnrealEngine/Engine/Source/Runtime/BinkAudioDecoder/SDK/BinkAudio/Src/binka_ue_decode_test.cpp,0,3,3
/media/ullmann/HDDGabriel/engines/UnrealEngine/Engine/Source/Runtime/BinkAudioDecoder/SDK/BinkAudio/Src/console.h,1,1,2
/media/ullmann/HDDGabriel/engines/UnrealEngine/Engine/Source/ThirdParty/FreeType2/FreeType2-2.10.4/src/gzip/infcodes.c,1,5,6
/media/ullmann/HDDGabriel/engines/UnrealEngine/Engine/Source/ThirdParty/FreeType2/FreeType2-2.10.4/src/gzip/infcodes.h,4,0,4
/media/ullmann/HDDGabriel/engines/UnrealEngine/Engine/Source/Programs/UnrealTraceServer/src/Store.h,4,4,8
/media/ullmann/HDDGabriel/engines/UnrealEngine/Engine/Source/Programs/UnrealTraceServer/src/Foundation.h,11,0,11
/media/ullmann/HDDGabriel/engines/UnrealEngine/Engine/Source/ThirdParty/FreeType2/FreeType2-2.10.0/src/type1/t1afm.h,3,1,4
/media/ullmann/HDDGabriel/engines/UnrealEngine/Engine/Source/ThirdParty/FreeType2/FreeType2-2.10.0/src/type1/t1objs.h,2,0,2
/media/ullmann/HDDGabriel/engines/UnrealEngine/Engine/Source/Runtime/Apple/AGXRHI/Private/AGXHashedVertexDescriptor.cpp,0,2,2
/media/ullmann/HDDGabriel/engines/UnrealEngine/Engine/Source/Runtime/Apple/AGXRHI/Private/AGXHashedVertexDescriptor.h,3,0,3
/media/ullmann/HDDGabriel/engines/UnrealEngine/Engine/Source/ThirdParty/HarfBuzz/harfbuzz-1.2.4/src/hb-glib.cc,0,3,3
/media/ullmann/HDDGabriel/engines/UnrealEngine/Engine/Source/ThirdParty/HarfBuzz/harfbuzz-1.2.4/src/hb-unicode-private.hh,5,0,5
/media/ullmann/HDDGabriel/engines/UnrealEngine/Engine/Source/ThirdParty/ShaderConductor/ShaderConductor/External/DirectXShaderCompiler/include/llvm/ExecutionEngine/Orc/CompileOnDemandLayer.h,0,3,3
/media/ullmann/HDDGabriel/engines/UnrealEngine/Engine/Source/ThirdParty/ShaderConductor/ShaderConductor/External/DirectXShaderCompiler/include/llvm/ExecutionEngine/Orc/LogicalDylib.h,1,0,1
/media/ullmann/HDDGabriel/engines/UnrealEngine/Engine/Source/Developer/ShaderCompilerCommon/Private/HlslLexer.cpp,0,1,1
/media/ullmann/HDDGabriel/engines/UnrealEngine/Engine/Source/Developer/ShaderCompilerCommon/Private/HlslLexer.h,2,1,3
/media/ullmann/HDDGabriel/engines/UnrealEngine/Engine/Source/Developer/AssetTools/Private/AssetTypeActions/AssetTypeActions_Texture2D.h,1,0,1
/media/ullmann/HDDGabriel/engines/UnrealEngine/Engine/Source/ThirdParty/Crunch/src/crnlib/crn_tree_clusterizer.h,1,2,3
/media/ullmann/HDDGabriel/engines/UnrealEngine/Engine/Source/ThirdParty/Crunch/src/crnlib/crn_threading.h,8,3,11
/media/ullmann/HDDGabriel/engines/UnrealEngine/Engine/Source/Runtime/Experimental/Chaos/Public/Chaos/TriangleMeshImplicitObject.h,1,6,7
/media/ullmann/HDDGabriel/engines/UnrealEngine/Engine/Source/Runtime/Experimental/Chaos/Public/Chaos/BoundingVolume.h,2,0,2
/media/ullmann/HDDGabriel/engines/UnrealEngine/Engine/Source/Runtime/Experimental/Chaos/Public/EventManager.h,2,4,6
/media/ullmann/HDDGabriel/engines/UnrealEngine/Engine/Source/Runtime/Experimental/Chaos/Public/Chaos/PBDRigidsEvolutionFwd.h,4,0,4
/media/ullmann/HDDGabriel/engines/UnrealEngine/Engine/Source/ThirdParty/ShaderConductor/ShaderConductor/External/DirectXShaderCompiler/lib/DxilDia/DxilDiaTableInjectedSources.h,3,2,5
/media/ullmann/HDDGabriel/engines/UnrealEngine/Engine/Source/Developer/AssetTools/Private/AssetTypeActions/AssetTypeActions_AnimBoneCompressionSettings.h,1,0,1
/media/ullmann/HDDGabriel/engines/UnrealEngine/Engine/Source/ThirdParty/PhysX3/APEX_1.4/shared/general/HACD/include/dgIntersections.h,2,2,4
/media/ullmann/HDDGabriel/engines/UnrealEngine/Engine/Source/Runtime/Datasmith/DirectLink/Public/DirectLinkConnectionRequestHandler.h,0,2,2
/media/ullmann/HDDGabriel/engines/UnrealEngine/Engine/Source/Runtime/Datasmith/DirectLink/Public/DirectLinkDeltaConsumer.h,1,1,2
/media/ullmann/HDDGabriel/engines/UnrealEngine/Engine/Source/Programs/Enterprise/Datasmith/DatasmithARCHICADExporter/Private/Utils/DebugTools.cpp,0,4,4
/media/ullmann/HDDGabriel/engines/UnrealEngine/Engine/Source/Programs/Enterprise/Datasmith/DatasmithARCHICADExporter/Private/Utils/CurrentOS.h,7,1,8
/media/ullmann/HDDGabriel/engines/UnrealEngine/Engine/Source/Editor/UnrealEd/Public/SAssetEditorViewport.h,0,1,1
/media/ullmann/HDDGabriel/engines/UnrealEngine/Engine/Source/Editor/UnrealEd/Public/SEditorViewport.h,4,1,5
/media/ullmann/HDDGabriel/engines/UnrealEngine/Engine/Source/ThirdParty/FreeType2/FreeType2-2.10.0/src/psaux/psblues.c,1,4,5
/media/ullmann/HDDGabriel/engines/UnrealEngine/Engine/Source/Programs/Enterprise/Datasmith/DatasmithSketchUpRubyExporter/Private/DatasmithSketchUpComponent.cpp,0,9,9
/media/ullmann/HDDGabriel/engines/UnrealEngine/Engine/Source/Programs/Enterprise/Datasmith/DatasmithSketchUpRubyExporter/Private/DatasmithSketchUpUtils.h,8,1,9
/media/ullmann/HDDGabriel/engines/UnrealEngine/Engine/Source/ThirdParty/Perforce/P4Api.Net/p4bridge-unit-test/stdafx.cpp,0,1,1
/media/ullmann/HDDGabriel/engines/UnrealEngine/Engine/Source/ThirdParty/Perforce/P4Api.Net/p4bridge-unit-test/stdafx.h,2,1,3
/media/ullmann/HDDGabriel/engines/UnrealEngine/Engine/Source/ThirdParty/ICU/icu4c-53_1/source/i18n/gender.cpp,0,3,3
/media/ullmann/HDDGabriel/engines/UnrealEngine/Engine/Source/ThirdParty/ICU/icu4c-53_1/source/i18n/unicode/ugender.h,1,0,1
/media/ullmann/HDDGabriel/engines/UnrealEngine/Engine/Source/ThirdParty/FreeType2/FreeType2-2.4.12/src/cff/cf2read.c,1,3,4
/media/ullmann/HDDGabriel/engines/UnrealEngine/Engine/Source/ThirdParty/hlslcc/hlslcc/src/hlslcc_lib/symbol_table.cpp,0,4,4
/media/ullmann/HDDGabriel/engines/UnrealEngine/Engine/Source/ThirdParty/hlslcc/hlslcc/src/hlslcc_lib/imports.h,5,1,6
/media/ullmann/HDDGabriel/engines/UnrealEngine/Engine/Source/Runtime/Renderer/Private/DepthRendering.cpp,0,9,9
/media/ullmann/HDDGabriel/engines/UnrealEngine/Engine/Source/Runtime/Renderer/Private/DepthRendering.h,7,1,8
/media/ullmann/HDDGabriel/engines/UnrealEngine/Engine/Source/Developer/ShaderCompilerCommon/Private/HlslUtils.cpp,0,3,3
/media/ullmann/HDDGabriel/engines/UnrealEngine/Engine/Source/Developer/ShaderCompilerCommon/Private/HlslAST.h,2,2,4
/media/ullmann/HDDGabriel/engines/UnrealEngine/Engine/Source/ThirdParty/openexr/Deploy/openexr-3.1.1/include/OpenEXR/ImfImageLevel.h,5,3,8
/media/ullmann/HDDGabriel/engines/UnrealEngine/Engine/Source/ThirdParty/openexr/Deploy/openexr-3.1.1/include/OpenEXR/ImfImageChannelRenaming.h,1,1,2
/media/ullmann/HDDGabriel/engines/UnrealEngine/Engine/Source/ThirdParty/Alembic/alembic-1.8.2/maya/AbcImport/CameraHelper.cpp,0,3,3
/media/ullmann/HDDGabriel/engines/UnrealEngine/Engine/Source/ThirdParty/mtlpp/mtlpp-master-7efad47/interpose/MTIParallelRenderCommandEncoder.hpp,0,1,1
/media/ullmann/HDDGabriel/engines/UnrealEngine/Engine/Source/ThirdParty/mtlpp/mtlpp-master-7efad47/interpose/MTICommandEncoder.hpp,4,1,5
/media/ullmann/HDDGabriel/engines/UnrealEngine/Engine/Source/ThirdParty/SDL2/SDL-gui-backend/src/joystick/hidapi/SDL_hidapijoystick_c.h,20,2,22
/media/ullmann/HDDGabriel/engines/UnrealEngine/Engine/Source/ThirdParty/openexr/openexr-3.1.1/src/lib/OpenEXR/ImfMatrixAttribute.h,4,3,7
/media/ullmann/HDDGabriel/engines/UnrealEngine/Engine/Source/ThirdParty/Intel/Embree/Embree2140/src/kernels/bvh/bvh8_factory.cpp,0,15,15
/media/ullmann/HDDGabriel/engines/UnrealEngine/Engine/Source/ThirdParty/Intel/Embree/Embree2140/src/kernels/bvh/bvh8_factory.h,3,4,7
/media/ullmann/HDDGabriel/engines/UnrealEngine/Engine/Source/ThirdParty/ICU/icu4c-53_1/source/test/cintltst/cmsccoll.c,0,3,3
/media/ullmann/HDDGabriel/engines/UnrealEngine/Engine/Source/ThirdParty/CryptoPP/5.6.5/include/skipjack.cpp,0,2,2
/media/ullmann/HDDGabriel/engines/UnrealEngine/Engine/Source/ThirdParty/CryptoPP/5.6.5/include/skipjack.h,4,2,6
/media/ullmann/HDDGabriel/engines/UnrealEngine/Engine/Source/ThirdParty/openexr/openexr-3.1.1/src/lib/OpenEXRCore/base.c,0,2,2
/media/ullmann/HDDGabriel/engines/UnrealEngine/Engine/Source/ThirdParty/openexr/openexr-3.1.1/src/lib/OpenEXRCore/openexr_base.h,4,1,5
/media/ullmann/HDDGabriel/engines/UnrealEngine/Engine/Source/ThirdParty/CryptoPP/5.6.2/include/sosemanuk.cpp,0,5,5
/media/ullmann/HDDGabriel/engines/UnrealEngine/Engine/Source/ThirdParty/CryptoPP/5.6.2/include/cpu.h,14,1,15
/media/ullmann/HDDGabriel/engines/UnrealEngine/Engine/Source/ThirdParty/PhysX3/PxShared/src/pvd/src/PxPvdMemClient.h,2,2,4
/media/ullmann/HDDGabriel/engines/UnrealEngine/Engine/Source/ThirdParty/PhysX3/PxShared/src/pvd/src/PxProfileMemory.h,3,3,6
/media/ullmann/HDDGabriel/engines/UnrealEngine/Engine/Source/ThirdParty/PhysX3/APEX_1.4/include/Apex.h,1,44,45
/media/ullmann/HDDGabriel/engines/UnrealEngine/Engine/Source/ThirdParty/PhysX3/APEX_1.4/include/RenderDataFormat.h,9,1,10
/media/ullmann/HDDGabriel/engines/UnrealEngine/Engine/Source/Developer/Apple/MetalShaderFormat/Private/MetalDerivedData.cpp,0,3,3
/media/ullmann/HDDGabriel/engines/UnrealEngine/Engine/Source/Developer/Apple/MetalShaderFormat/Private/MetalShaderFormat.h,3,0,3
/media/ullmann/HDDGabriel/engines/UnrealEngine/Engine/Source/ThirdParty/FreeType2/FreeType2-2.6/Src/type42/t42parse.h,2,1,3
/media/ullmann/HDDGabriel/engines/UnrealEngine/Engine/Source/ThirdParty/FreeType2/FreeType2-2.10.4/src/cff/cffdrivr.c,1,7,8
/media/ullmann/HDDGabriel/engines/UnrealEngine/Engine/Source/ThirdParty/FreeType2/FreeType2-2.10.4/src/cff/cffload.h,6,1,7
/media/ullmann/HDDGabriel/engines/UnrealEngine/Engine/Source/ThirdParty/ShaderConductor/ShaderConductor/External/DirectXShaderCompiler/tools/clang/lib/CodeGen/CodeGenFunction.h,37,7,44
/media/ullmann/HDDGabriel/engines/UnrealEngine/Engine/Source/ThirdParty/ShaderConductor/ShaderConductor/External/DirectXShaderCompiler/tools/clang/lib/CodeGen/CGDebugInfo.h,14,1,15
/media/ullmann/HDDGabriel/engines/UnrealEngine/Engine/Source/ThirdParty/FreeImage/FreeImage-3.18.0/TestAPI/testMPageMemory.cpp,0,1,1
/media/ullmann/HDDGabriel/engines/UnrealEngine/Engine/Source/ThirdParty/FreeImage/FreeImage-3.18.0/TestAPI/TestSuite.h,13,0,13
/media/ullmann/HDDGabriel/engines/UnrealEngine/Engine/Source/ThirdParty/Intel/TBB/IntelTBB-2019u8/src/tbb/governor.h,14,4,18
/media/ullmann/HDDGabriel/engines/UnrealEngine/Engine/Source/ThirdParty/openexr/openexr-3.1.1/src/test/OpenEXRCoreTest/main.cpp,0,6,6
/media/ullmann/HDDGabriel/engines/UnrealEngine/Engine/Source/ThirdParty/openexr/openexr-3.1.1/src/test/OpenEXRCoreTest/general_attr.h,2,0,2
/media/ullmann/HDDGabriel/engines/UnrealEngine/Engine/Source/Editor/PListEditor/Private/PListEditor.cpp,0,2,2
/media/ullmann/HDDGabriel/engines/UnrealEngine/Engine/Source/Editor/WorkspaceMenuStructure/Public/WorkspaceMenuStructureModule.h,14,0,14
/media/ullmann/HDDGabriel/engines/UnrealEngine/Engine/Source/ThirdParty/PhysX3/PxShared/src/pvd/src/PxProfileEventImpl.cpp,0,16,16
/media/ullmann/HDDGabriel/engines/UnrealEngine/Engine/Source/ThirdParty/PhysX3/PxShared/src/pvd/src/PxProfileEventSerialization.h,5,3,8
/media/ullmann/HDDGabriel/engines/UnrealEngine/Engine/Source/Editor/Sequencer/Private/SSequencerDebugVisualizer.cpp,0,1,1
/media/ullmann/HDDGabriel/engines/UnrealEngine/Engine/Source/Editor/Sequencer/Private/SSequencerDebugVisualizer.h,2,1,3
/media/ullmann/HDDGabriel/engines/UnrealEngine/Engine/Source/ThirdParty/OpenVDB/openvdb-8.1.0/openvdb/openvdb/points/PointAttribute.h,3,4,7
/media/ullmann/HDDGabriel/engines/UnrealEngine/Engine/Source/ThirdParty/ICU/icu4c-64_1/source/i18n/collationruleparser.h,3,1,4
/media/ullmann/HDDGabriel/engines/UnrealEngine/Engine/Source/ThirdParty/PhysX3/NvCloth/src/dx/DxContextLock.h,9,0,9
/media/ullmann/HDDGabriel/engines/UnrealEngine/Engine/Source/ThirdParty/ShaderConductor/ShaderConductor/External/DirectXShaderCompiler/lib/CodeGen/RegAllocGreedy.cpp,0,7,7
/media/ullmann/HDDGabriel/engines/UnrealEngine/Engine/Source/ThirdParty/ShaderConductor/ShaderConductor/External/DirectXShaderCompiler/lib/CodeGen/SpillPlacement.h,2,0,2
/media/ullmann/HDDGabriel/engines/UnrealEngine/Engine/Source/ThirdParty/ICU/icu4c-64_1/source/test/intltest/testidna.cpp,0,4,4
/media/ullmann/HDDGabriel/engines/UnrealEngine/Engine/Source/ThirdParty/ICU/icu4c-64_1/source/test/intltest/testidna.h,4,1,5
/media/ullmann/HDDGabriel/engines/UnrealEngine/Engine/Source/Runtime/MovieScene/Public/MovieSceneSequencePlayer.h,0,7,7
/media/ullmann/HDDGabriel/engines/UnrealEngine/Engine/Source/Runtime/MovieScene/Public/MovieSceneSequenceTickManager.h,1,1,2
/media/ullmann/HDDGabriel/engines/UnrealEngine/Engine/Source/ThirdParty/PhysX3/NvCloth/src/cuda/CuSolver.cpp,0,9,9
/media/ullmann/HDDGabriel/engines/UnrealEngine/Engine/Source/ThirdParty/PhysX3/NvCloth/src/cuda/CuSolver.h,3,6,9
/media/ullmann/HDDGabriel/engines/UnrealEngine/Engine/Source/Runtime/Engine/Public/ParticleHelper.h,4,5,9
/media/ullmann/HDDGabriel/engines/UnrealEngine/Engine/Source/Runtime/Renderer/Private/TranslucentRendering.cpp,0,13,13
/media/ullmann/HDDGabriel/engines/UnrealEngine/Engine/Source/Runtime/Renderer/Private/SceneTextureParameters.h,20,0,20
/media/ullmann/HDDGabriel/engines/UnrealEngine/Engine/Source/ThirdParty/Python3/Mac/include/codecs.h,1,0,1
/media/ullmann/HDDGabriel/engines/UnrealEngine/Engine/Source/ThirdParty/CryptoPP/5.6.2/include/eccrypto.h,4,11,15
/media/ullmann/HDDGabriel/engines/UnrealEngine/Engine/Source/ThirdParty/CryptoPP/5.6.2/include/sha.h,18,1,19
/media/ullmann/HDDGabriel/engines/UnrealEngine/Engine/Source/ThirdParty/ShaderConductor/ShaderConductor/External/DirectXShaderCompiler/lib/Fuzzer/FuzzerMutate.cpp,0,1,1
/media/ullmann/HDDGabriel/engines/UnrealEngine/Engine/Source/ThirdParty/ShaderConductor/ShaderConductor/External/DirectXShaderCompiler/lib/Fuzzer/FuzzerInternal.h,10,1,11
/media/ullmann/HDDGabriel/engines/UnrealEngine/Engine/Source/ThirdParty/OpenSubdiv/OpenSubdiv-3.4.4/opensubdiv/osd/glComputeEvaluator.h,1,4,5
/media/ullmann/HDDGabriel/engines/UnrealEngine/Engine/Source/ThirdParty/OpenSubdiv/OpenSubdiv-3.4.4/opensubdiv/osd/types.h,16,2,18
/media/ullmann/HDDGabriel/engines/UnrealEngine/Engine/Source/ThirdParty/OpenSubdiv/OpenSubdiv-3.4.4/examples/glShareTopology/scene.h,1,3,4
/media/ullmann/HDDGabriel/engines/UnrealEngine/Engine/Source/ThirdParty/OpenSubdiv/OpenSubdiv-3.4.4/examples/glShareTopology/sceneBase.h,2,0,2
/media/ullmann/HDDGabriel/engines/UnrealEngine/Engine/Source/Runtime/Online/Voice/Private/VoiceCodecOpus.h,2,1,3
/media/ullmann/HDDGabriel/engines/UnrealEngine/Engine/Source/Runtime/Online/Voice/Private/VoicePrivate.h,2,0,2
/media/ullmann/HDDGabriel/engines/UnrealEngine/Engine/Source/ThirdParty/ICU/icu4c-64_1/source/common/rbbiscan.cpp,0,15,15
/media/ullmann/HDDGabriel/engines/UnrealEngine/Engine/Source/ThirdParty/ICU/icu4c-64_1/source/test/intltest/tmsgfmt.h,2,1,3
/media/ullmann/HDDGabriel/engines/UnrealEngine/Engine/Source/ThirdParty/openexr/Deploy/openexr-3.1.1/include/OpenEXR/ImfRgbaFile.h,1,6,7
/media/ullmann/HDDGabriel/engines/UnrealEngine/Engine/Source/ThirdParty/openexr/Deploy/openexr-3.1.1/include/OpenEXR/ImfThreading.h,13,2,15
/media/ullmann/HDDGabriel/engines/UnrealEngine/Engine/Source/ThirdParty/SDL2/SDL-gui-backend/src/core/os2/geniconv/sys2utf8.c,0,2,2
/media/ullmann/HDDGabriel/engines/UnrealEngine/Engine/Source/ThirdParty/SDL2/SDL-gui-backend/src/core/os2/geniconv/geniconv.h,5,1,6
/media/ullmann/HDDGabriel/engines/UnrealEngine/Engine/Source/ThirdParty/SDL2/SDL-gui-backend/include/SDL_mutex.h,3,4,7
/media/ullmann/HDDGabriel/engines/UnrealEngine/Engine/Source/ThirdParty/CryptoPP/5.6.5/include/dll.cpp,0,2,2
/media/ullmann/HDDGabriel/engines/UnrealEngine/Engine/Source/Runtime/RenderCore/Public/RendererInterface.h,4,5,9
/media/ullmann/HDDGabriel/engines/UnrealEngine/Engine/Source/Runtime/RenderCore/Public/UniformBuffer.h,2,3,5
/media/ullmann/HDDGabriel/engines/UnrealEngine/Engine/Source/ThirdParty/Intel/Embree/Embree270/src/kernels/xeon/bvh4/bvh4_intersector1.h,4,3,7
/media/ullmann/HDDGabriel/engines/UnrealEngine/Engine/Source/ThirdParty/Intel/Embree/Embree2140/src/kernels/geometry/triangle_intersector.h,4,2,6
/media/ullmann/HDDGabriel/engines/UnrealEngine/Engine/Source/ThirdParty/SDL2/SDL-gui-backend/src/video/haiku/SDL_bvideo.cc,0,11,11
/media/ullmann/HDDGabriel/engines/UnrealEngine/Engine/Source/ThirdParty/SDL2/SDL-gui-backend/src/video/haiku/SDL_BWin.h,7,3,10
/media/ullmann/HDDGabriel/engines/UnrealEngine/Engine/Source/ThirdParty/FreeType2/FreeType2-2.10.0/src/pshinter/pshrec.h,3,1,4
/media/ullmann/HDDGabriel/engines/UnrealEngine/Engine/Source/ThirdParty/FreeType2/FreeType2-2.10.0/src/pshinter/pshglob.h,3,0,3
/media/ullmann/HDDGabriel/engines/UnrealEngine/Engine/Source/ThirdParty/ICU/icu4c-64_1/source/tools/toolutil/pkg_gencmn.cpp,0,4,4
/media/ullmann/HDDGabriel/engines/UnrealEngine/Engine/Source/ThirdParty/ICU/icu4c-64_1/source/tools/toolutil/toolutil.h,7,0,7
/media/ullmann/HDDGabriel/engines/UnrealEngine/Engine/Source/ThirdParty/ICU/icu4c-53_1/source/test/intltest/restsnew.cpp,0,1,1
/media/ullmann/HDDGabriel/engines/UnrealEngine/Engine/Source/ThirdParty/ICU/icu4c-53_1/source/test/intltest/restsnew.h,2,1,3
/media/ullmann/HDDGabriel/engines/UnrealEngine/Engine/Source/Editor/AudioEditor/Private/SoundCueGraphConnectionDrawingPolicy.h,2,0,2
/media/ullmann/HDDGabriel/engines/UnrealEngine/Engine/Source/Editor/BehaviorTreeEditor/Private/BehaviorTreeEditorTabs.cpp,0,1,1
/media/ullmann/HDDGabriel/engines/UnrealEngine/Engine/Source/Editor/BehaviorTreeEditor/Private/BehaviorTreeEditorTabs.h,4,0,4
/media/ullmann/HDDGabriel/engines/UnrealEngine/Engine/Source/ThirdParty/ICU/icu4c-53_1/source/layout/StateTableProcessor2.cpp,0,9,9
/media/ullmann/HDDGabriel/engines/UnrealEngine/Engine/Source/ThirdParty/Intel/Embree/Embree270/src/kernels/xeon/geometry/subdivpatch1.h,4,3,7
/media/ullmann/HDDGabriel/engines/UnrealEngine/Engine/Source/ThirdParty/Intel/Embree/Embree270/src/kernels/common/subdiv/bspline_patch.h,5,2,7
/media/ullmann/HDDGabriel/engines/UnrealEngine/Engine/Source/Developer/ProjectLauncher/Private/ProjectLauncherModule.cpp,0,2,2
/media/ullmann/HDDGabriel/engines/UnrealEngine/Engine/Source/Developer/ProjectLauncher/Private/Widgets/SProjectLauncher.h,2,0,2
/media/ullmann/HDDGabriel/engines/UnrealEngine/Engine/Source/ThirdParty/EOSSDK/SDK/Include/eos_sdk.h,0,27,27
/media/ullmann/HDDGabriel/engines/UnrealEngine/Engine/Source/ThirdParty/EOSSDK/SDK/Include/eos_progressionsnapshot_types.h,2,1,3
/media/ullmann/HDDGabriel/engines/UnrealEngine/Engine/Source/ThirdParty/ICU/icu4c-53_1/source/layout/SegmentSingleProcessor2.cpp,0,8,8
/media/ullmann/HDDGabriel/engines/UnrealEngine/Engine/Source/ThirdParty/ICU/icu4c-53_1/source/layout/NonContextualGlyphSubstProc2.h,12,4,16
/media/ullmann/HDDGabriel/engines/UnrealEngine/Engine/Source/ThirdParty/Alembic/alembic-1.8.2/python/PyAlembic/PyIPoints.cpp,0,4,4
/media/ullmann/HDDGabriel/engines/UnrealEngine/Engine/Source/ThirdParty/Alembic/alembic-1.8.2/python/PyAlembic/PyIGeomBaseSchema.h,7,1,8
/media/ullmann/HDDGabriel/engines/UnrealEngine/Engine/Source/ThirdParty/openexr/openexr-3.1.1/src/lib/OpenEXR/ImfCRgbaFile.cpp,0,13,13
/media/ullmann/HDDGabriel/engines/UnrealEngine/Engine/Source/ThirdParty/ICU/icu4c-64_1/source/io/uscanf_p.cpp,0,4,4
/media/ullmann/HDDGabriel/engines/UnrealEngine/Engine/Source/ThirdParty/ICU/icu4c-64_1/source/io/uscanf.h,3,1,4
/media/ullmann/HDDGabriel/engines/UnrealEngine/Engine/Source/ThirdParty/Android/libunwind/libunwind/include/dwarf-eh.h,0,1,1
/media/ullmann/HDDGabriel/engines/UnrealEngine/Engine/Source/ThirdParty/Android/libunwind/libunwind/include/dwarf.h,2,2,4
/media/ullmann/HDDGabriel/engines/UnrealEngine/Engine/Source/Editor/LevelEditor/Private/SLevelEditor.cpp,0,18,18
/media/ullmann/HDDGabriel/engines/UnrealEngine/Engine/Source/Editor/LevelEditor/Private/LevelEditorToolBar.h,2,1,3
/media/ullmann/HDDGabriel/engines/UnrealEngine/Engine/Source/ThirdParty/CryptoPP/5.6.5/include/panama.cpp,0,5,5
/media/ullmann/HDDGabriel/engines/UnrealEngine/Engine/Source/ThirdParty/Imath/Imath-3.1.3/src/python/PyImath/PyImathVec2Impl.h,2,7,9
/media/ullmann/HDDGabriel/engines/UnrealEngine/Engine/Source/ThirdParty/glslang/glslang/src/glslang_lib/hlsl/hlslGrammar.h,2,3,5
/media/ullmann/HDDGabriel/engines/UnrealEngine/Engine/Source/ThirdParty/glslang/glslang/src/glslang_lib/hlsl/hlslTokenStream.h,2,1,3
/media/ullmann/HDDGabriel/engines/UnrealEngine/Engine/Source/Runtime/Apple/MetalRHI/Private/MetalCaptureManager.h,2,0,2
/media/ullmann/HDDGabriel/engines/UnrealEngine/Engine/Source/ThirdParty/Imath/Deploy/Imath-3.1.3/include/Imath/ImathVecAlgo.h,1,2,3
/media/ullmann/HDDGabriel/engines/UnrealEngine/Engine/Source/ThirdParty/OpenVDB/openvdb-8.1.0/openvdb_ax/openvdb_ax/codegen/StandardFunctions.cc,0,8,8
/media/ullmann/HDDGabriel/engines/UnrealEngine/Engine/Source/ThirdParty/OpenVDB/openvdb-8.1.0/openvdb_ax/openvdb_ax/codegen/Types.h,14,1,15
/media/ullmann/HDDGabriel/engines/UnrealEngine/Engine/Source/ThirdParty/Intel/TBB/IntelTBB-2019u8/examples/parallel_for/tachyon/src/bndbox.cpp,0,7,7
/media/ullmann/HDDGabriel/engines/UnrealEngine/Engine/Source/ThirdParty/FreeType2/FreeType2-2.10.4/src/winfonts/winfnt.c,0,2,2
/media/ullmann/HDDGabriel/engines/UnrealEngine/Engine/Source/ThirdParty/FreeType2/FreeType2-2.10.4/src/winfonts/fnterrs.h,1,0,1
/media/ullmann/HDDGabriel/engines/UnrealEngine/Engine/Source/ThirdParty/SDL2/SDL-gui-backend/src/events/SDL_events.c,0,6,6
/media/ullmann/HDDGabriel/engines/UnrealEngine/Engine/Source/ThirdParty/Intel/TBB/IntelTBB-2019u8/include/tbb/machine/gcc_arm.h,0,1,1
/media/ullmann/HDDGabriel/engines/UnrealEngine/Engine/Source/ThirdParty/Intel/TBB/IntelTBB-2019u8/include/tbb/machine/gcc_generic.h,1,1,2
/media/ullmann/HDDGabriel/engines/UnrealEngine/Engine/Source/ThirdParty/glslang/glslang/src/glslang_lib/hlsl/hlslParseables.cpp,0,2,2
/media/ullmann/HDDGabriel/engines/UnrealEngine/Engine/Source/ThirdParty/glslang/glslang/src/glslang_lib/hlsl/hlslParseHelper.h,5,3,8
/media/ullmann/HDDGabriel/engines/UnrealEngine/Engine/Source/ThirdParty/ICU/icu4c-64_1/source/i18n/ztrans.cpp,0,2,2
/media/ullmann/HDDGabriel/engines/UnrealEngine/Engine/Source/ThirdParty/ICU/icu4c-64_1/source/i18n/unicode/tztrans.h,2,0,2
/media/ullmann/HDDGabriel/engines/UnrealEngine/Engine/Source/ThirdParty/PhysX3/APEX_1.4/module/destructible_legacy/include/autogen/DestructibleModuleParameters_0p1.h,1,0,1
/media/ullmann/HDDGabriel/engines/UnrealEngine/Engine/Source/ThirdParty/ICU/icu4c-64_1/source/i18n/decimfmt.cpp,0,8,8
/media/ullmann/HDDGabriel/engines/UnrealEngine/Engine/Source/ThirdParty/ICU/icu4c-64_1/source/i18n/number_utypes.h,11,5,16
/media/ullmann/HDDGabriel/engines/UnrealEngine/Engine/Source/ThirdParty/Imath/Deploy/Imath-3.1.3/include/Imath/ImathTypeTraits.h,1,1,2
/media/ullmann/HDDGabriel/engines/UnrealEngine/Engine/Source/ThirdParty/Windows/DirectXLegacy/Include/d3dx9anim.h,1,0,1
/media/ullmann/HDDGabriel/engines/UnrealEngine/Engine/Source/ThirdParty/llvm/8/include/llvm/BinaryFormat/ELF.h,0,18,18
/media/ullmann/HDDGabriel/engines/UnrealEngine/Engine/Source/ThirdParty/llvm/8/include/llvm/BinaryFormat/ELFRelocs/AArch64.def,1,0,1
/media/ullmann/HDDGabriel/engines/UnrealEngine/Engine/Source/ThirdParty/SDL2/SDL-gui-backend/src/video/x11/SDL_x11mouse.h,3,1,4
/media/ullmann/HDDGabriel/engines/UnrealEngine/Engine/Source/ThirdParty/ShaderConductor/ShaderConductor/External/DirectXShaderCompiler/lib/HLSL/HLMatrixLowerPass.cpp,0,1,1
/media/ullmann/HDDGabriel/engines/UnrealEngine/Engine/Source/ThirdParty/ShaderConductor/ShaderConductor/External/DirectXShaderCompiler/lib/HLSL/HLMatrixSubscriptUseReplacer.h,3,0,3
/media/ullmann/HDDGabriel/engines/UnrealEngine/Engine/Source/ThirdParty/ICU/icu4c-53_1/source/i18n/transreg.h,2,1,3
/media/ullmann/HDDGabriel/engines/UnrealEngine/Engine/Source/ThirdParty/CryptoPP/5.6.2/include/smartptr.h,9,1,10
/media/ullmann/HDDGabriel/engines/UnrealEngine/Engine/Source/ThirdParty/Intel/Embree/Embree2140/src/common/algorithms/parallel_prefix_sum.cpp,0,2,2
/media/ullmann/HDDGabriel/engines/UnrealEngine/Engine/Source/ThirdParty/Intel/Embree/Embree2140/src/common/algorithms/parallel_prefix_sum.h,5,1,6
/media/ullmann/HDDGabriel/engines/UnrealEngine/Engine/Source/ThirdParty/ICU/icu4c-53_1/source/test/intltest/dtifmtts.cpp,0,1,1
/media/ullmann/HDDGabriel/engines/UnrealEngine/Engine/Source/ThirdParty/ICU/icu4c-53_1/source/test/intltest/dtifmtts.h,2,1,3
/media/ullmann/HDDGabriel/engines/UnrealEngine/Engine/Source/ThirdParty/Imath/Imath-3.1.3/src/python/PyImath/PyImathShear.h,2,0,2
/media/ullmann/HDDGabriel/engines/UnrealEngine/Engine/Source/ThirdParty/libPNG/libPNG-1.5.2/pngvalid.c,0,2,2
/media/ullmann/HDDGabriel/engines/UnrealEngine/Engine/Source/ThirdParty/libPNG/libPNG-1.5.2/contrib/visupng/cexcept.h,2,0,2
/media/ullmann/HDDGabriel/engines/UnrealEngine/Engine/Source/ThirdParty/ICU/icu4c-64_1/source/samples/date/date.c,0,1,1
/media/ullmann/HDDGabriel/engines/UnrealEngine/Engine/Source/ThirdParty/ICU/icu4c-64_1/source/samples/date/uprint.h,2,0,2
/media/ullmann/HDDGabriel/engines/UnrealEngine/Engine/Source/Runtime/Apple/MetalRHI/Private/MetalRHIRenderQuery.cpp,0,6,6
/media/ullmann/HDDGabriel/engines/UnrealEngine/Engine/Source/Runtime/Apple/MetalRHI/Private/MetalRHIPrivate.h,44,3,47
/media/ullmann/HDDGabriel/engines/UnrealEngine/Engine/Source/ThirdParty/Intel/Embree/Embree2140/src/common/sys/thread.h,5,2,7
/media/ullmann/HDDGabriel/engines/UnrealEngine/Engine/Source/ThirdParty/Intel/Embree/Embree2140/src/common/sys/platform.h,21,0,21
/media/ullmann/HDDGabriel/engines/UnrealEngine/Engine/Source/ThirdParty/FreeType2/FreeType2-2.4.12/src/cff/cf2arrst.c,1,4,5
/media/ullmann/HDDGabriel/engines/UnrealEngine/Engine/Source/ThirdParty/FreeImage/FreeImage-3.18.0/Source/OpenEXR/IlmImf/ImfChannelListAttribute.h,2,3,5
/media/ullmann/HDDGabriel/engines/UnrealEngine/Engine/Source/ThirdParty/ICU/icu4c-53_1/source/common/uscript.c,0,7,7
/media/ullmann/HDDGabriel/engines/UnrealEngine/Engine/Source/ThirdParty/ICU/icu4c-64_1/source/common/filteredbrk.cpp,0,8,8
/media/ullmann/HDDGabriel/engines/UnrealEngine/Engine/Source/ThirdParty/ICU/icu4c-53_1/source/test/cintltst/cconvtst.c,0,2,2
/media/ullmann/HDDGabriel/engines/UnrealEngine/Engine/Source/ThirdParty/ICU/icu4c-53_1/source/test/cintltst/nucnvtst.h,2,1,3
/media/ullmann/HDDGabriel/engines/UnrealEngine/Engine/Source/Developer/MaterialBaking/Public/MaterialBakingStructures.h,0,1,1
/media/ullmann/HDDGabriel/engines/UnrealEngine/Engine/Source/Developer/MaterialBaking/Public/MaterialPropertyEx.h,1,0,1
/media/ullmann/HDDGabriel/engines/UnrealEngine/Engine/Source/Editor/Sequencer/Private/SSequencerTimePanel.cpp,0,2,2
/media/ullmann/HDDGabriel/engines/UnrealEngine/Engine/Source/Editor/Persona/Private/SMontageEditor.h,5,1,6
/media/ullmann/HDDGabriel/engines/UnrealEngine/Engine/Source/Editor/Persona/Private/SAnimEditorBase.h,8,2,10
/media/ullmann/HDDGabriel/engines/UnrealEngine/Engine/Source/ThirdParty/Intel/TBB/IntelTBB-2019u8/examples/concurrent_hash_map/count_strings/count_strings.cpp,0,1,1
/media/ullmann/HDDGabriel/engines/UnrealEngine/Engine/Source/ThirdParty/Intel/TBB/IntelTBB-2019u8/examples/common/utility/utility.h,20,0,20
/media/ullmann/HDDGabriel/engines/UnrealEngine/Engine/Source/ThirdParty/Python3/Mac/include/internal/pycore_object.h,0,3,3
/media/ullmann/HDDGabriel/engines/UnrealEngine/Engine/Source/ThirdParty/Python3/Mac/include/internal/pycore_interp.h,2,4,6
/media/ullmann/HDDGabriel/engines/UnrealEngine/Engine/Source/ThirdParty/Intel/TBB/IntelTBB-2019u8/src/rml/include/rml_tbb.h,6,1,7
/media/ullmann/HDDGabriel/engines/UnrealEngine/Engine/Source/ThirdParty/Intel/TBB/IntelTBB-2019u8/src/rml/include/rml_base.h,2,0,2
/media/ullmann/HDDGabriel/engines/UnrealEngine/Engine/Source/ThirdParty/Intel/Embree/Embree270/src/kernels/xeonphi/geometry/subdiv_intersector1.h,1,3,4
/media/ullmann/HDDGabriel/engines/UnrealEngine/Engine/Source/Runtime/VulkanRHI/Private/VulkanLLM.h,11,0,11
/media/ullmann/HDDGabriel/engines/UnrealEngine/Engine/Source/ThirdParty/PhysX3/PhysX_3.4/Source/LowLevelCloth/src/TripletScheduler.cpp,0,1,1
/media/ullmann/HDDGabriel/engines/UnrealEngine/Engine/Source/ThirdParty/PhysX3/PhysX_3.4/Source/LowLevelCloth/src/TripletScheduler.h,2,2,4
/media/ullmann/HDDGabriel/engines/UnrealEngine/Engine/Source/ThirdParty/WebRTC/4147/Include/tools/clang/blink_gc_plugin/tests/trace_after_dispatch_impl_error.h,0,1,1
/media/ullmann/HDDGabriel/engines/UnrealEngine/Engine/Source/ThirdParty/ICU/icu4c-64_1/source/i18n/calendar.cpp,0,21,21
/media/ullmann/HDDGabriel/engines/UnrealEngine/Engine/Source/ThirdParty/ICU/icu4c-64_1/source/i18n/unicode/basictz.h,6,0,6
/media/ullmann/HDDGabriel/engines/UnrealEngine/Engine/Source/ThirdParty/libOpus/opus-1.3.1-12/silk/NSQ_del_dec.c,0,3,3
/media/ullmann/HDDGabriel/engines/UnrealEngine/Engine/Source/ThirdParty/ICU/icu4c-53_1/source/common/unicode/strenum.h,3,0,3
/media/ullmann/HDDGabriel/engines/UnrealEngine/Engine/Source/ThirdParty/Windows/DirectX/Include/dxgi1_6.h,0,1,1
/media/ullmann/HDDGabriel/engines/UnrealEngine/Engine/Source/ThirdParty/Windows/DirectX/Include/dxgi1_5.h,2,1,3
/media/ullmann/HDDGabriel/engines/UnrealEngine/Engine/Source/ThirdParty/ICU/icu4c-53_1/source/layout/SegmentArrayProcessor2.h,2,5,7
/media/ullmann/HDDGabriel/engines/UnrealEngine/Engine/Source/ThirdParty/openexr/openexr-3.1.1/src/lib/IlmThread/IlmThreadSemaphoreOSX.cpp,0,1,1
/media/ullmann/HDDGabriel/engines/UnrealEngine/Engine/Source/Editor/CSVtoSVG/Private/CSVtoSVGModule.cpp,0,3,3
/media/ullmann/HDDGabriel/engines/UnrealEngine/Engine/Source/Editor/CSVtoSVG/Private/SCSVtoSVG.h,2,0,2
/media/ullmann/HDDGabriel/engines/UnrealEngine/Engine/Source/ThirdParty/PhysX3/PhysX_3.4/Source/SimulationController/src/ScSqBoundsManager.cpp,0,3,3
/media/ullmann/HDDGabriel/engines/UnrealEngine/Engine/Source/ThirdParty/PhysX3/PhysX_3.4/Source/SimulationController/src/ScShapeSim.h,10,2,12
/media/ullmann/HDDGabriel/engines/UnrealEngine/Engine/Source/ThirdParty/Imath/Imath-3.1.3/src/Imath/ImathMatrixAlgo.h,1,6,7
/media/ullmann/HDDGabriel/engines/UnrealEngine/Engine/Source/Editor/LandscapeEditor/Private/LandscapeEditorDetails.h,3,3,6
/media/ullmann/HDDGabriel/engines/UnrealEngine/Engine/Source/Editor/LandscapeEditor/Private/LandscapeEditorDetailCustomization_Layers.h,3,2,5
/media/ullmann/HDDGabriel/engines/UnrealEngine/Engine/Source/ThirdParty/openexr/Deploy/openexr-3.1.1/include/OpenEXR/IexBaseExc.h,7,2,9
/media/ullmann/HDDGabriel/engines/UnrealEngine/Engine/Source/ThirdParty/PhysX3/PxShared/src/pvd/src/PxProfileEvents.h,6,2,8
/media/ullmann/HDDGabriel/engines/UnrealEngine/Engine/Source/ThirdParty/HarfBuzz/harfbuzz-1.2.4/util/helper-cairo.cc,0,2,2
/media/ullmann/HDDGabriel/engines/UnrealEngine/Engine/Source/ThirdParty/HarfBuzz/harfbuzz-1.2.4/util/helper-cairo.hh,1,0,1
/media/ullmann/HDDGabriel/engines/UnrealEngine/Engine/Source/ThirdParty/Intel/ISPC/ispc-1.16.1/examples/xpu/common/share.h,0,1,1
/media/ullmann/HDDGabriel/engines/UnrealEngine/Engine/Source/ThirdParty/Intel/ISPC/ispc-1.16.1/examples/xpu/common/common_helpers.h,2,0,2
/media/ullmann/HDDGabriel/engines/UnrealEngine/Engine/Source/ThirdParty/ICU/icu4c-53_1/source/layout/LookupProcessor.cpp,0,12,12
/media/ullmann/HDDGabriel/engines/UnrealEngine/Engine/Source/ThirdParty/FBX/2020.2/include/fbxsdk/scene/geometry/fbxcamerastereo.h,1,0,1
/media/ullmann/HDDGabriel/engines/UnrealEngine/Engine/Source/ThirdParty/OpenVDB/openvdb-8.1.0/openvdb_ax/openvdb_ax/test/integration/TestAssign.cc,0,3,3
/media/ullmann/HDDGabriel/engines/UnrealEngine/Engine/Source/ThirdParty/OpenVDB/openvdb-8.1.0/openvdb_ax/openvdb_ax/test/integration/TestHarness.h,18,1,19
/media/ullmann/HDDGabriel/engines/UnrealEngine/Engine/Source/Editor/AnimGraph/Public/AnimGraphNode_AimOffsetLookAt.h,0,1,1
/media/ullmann/HDDGabriel/engines/UnrealEngine/Engine/Source/Editor/AnimGraph/Public/AnimGraphNode_BlendSpaceBase.h,4,1,5
/media/ullmann/HDDGabriel/engines/UnrealEngine/Engine/Source/ThirdParty/hlslcc/hlslcc/src/hlslcc_lib/ir_function.cpp,0,3,3
/media/ullmann/HDDGabriel/engines/UnrealEngine/Engine/Source/Editor/ContentBrowserData/Public/ContentBrowserDataDragDropOp.h,0,1,1
/media/ullmann/HDDGabriel/engines/UnrealEngine/Engine/Source/Editor/ContentBrowserData/Public/ContentBrowserItem.h,3,1,4
/media/ullmann/HDDGabriel/engines/UnrealEngine/Engine/Source/ThirdParty/libOpus/opus-1.3.1-12/celt/quant_bands.h,6,5,11
/media/ullmann/HDDGabriel/engines/UnrealEngine/Engine/Source/ThirdParty/libOpus/opus-1.3.1-12/celt/entdec.h,8,1,9
/media/ullmann/HDDGabriel/engines/UnrealEngine/Engine/Source/ThirdParty/PhysX3/PhysX_3.4/Source/LowLevelCloth/src/windows/CuFactory.cpp,0,6,6
/media/ullmann/HDDGabriel/engines/UnrealEngine/Engine/Source/ThirdParty/PhysX3/PhysX_3.4/Source/LowLevelCloth/src/windows/CuFabric.h,6,2,8
/media/ullmann/HDDGabriel/engines/UnrealEngine/Engine/Source/ThirdParty/OpenSubdiv/Deploy/OpenSubdiv-3.4.4/include/opensubdiv/far/topologyDescriptor.h,0,4,4
/media/ullmann/HDDGabriel/engines/UnrealEngine/Engine/Source/ThirdParty/OpenSubdiv/Deploy/OpenSubdiv-3.4.4/include/opensubdiv/far/error.h,3,1,4
/media/ullmann/HDDGabriel/engines/UnrealEngine/Engine/Source/ThirdParty/SDL2/SDL-gui-backend/src/render/software/SDL_rotate.c,0,3,3
/media/ullmann/HDDGabriel/engines/UnrealEngine/Engine/Source/ThirdParty/ShaderConductor/ShaderConductor/External/DirectXShaderCompiler/lib/DxilDia/DxilDiaTableSegmentMap.cpp,0,2,2
/media/ullmann/HDDGabriel/engines/UnrealEngine/Engine/Source/ThirdParty/ShaderConductor/ShaderConductor/External/DirectXShaderCompiler/lib/DxilDia/DxilDiaTableSegmentMap.h,2,1,3
/media/ullmann/HDDGabriel/engines/UnrealEngine/Engine/Source/Runtime/Renderer/Private/Renderer.cpp,0,17,17
/media/ullmann/HDDGabriel/engines/UnrealEngine/Engine/Source/Runtime/Renderer/Private/PostProcess/TemporalAA.h,8,1,9
/media/ullmann/HDDGabriel/engines/UnrealEngine/Engine/Source/ThirdParty/FreeImage/FreeImage-3.18.0/Source/OpenEXR/IlmImf/ImfDeepTiledOutputFile.cpp,0,20,20
/media/ullmann/HDDGabriel/engines/UnrealEngine/Engine/Source/ThirdParty/FreeImage/FreeImage-3.18.0/Source/LibJPEG/rdbmp.c,0,1,1
/media/ullmann/HDDGabriel/engines/UnrealEngine/Engine/Source/ThirdParty/FreeImage/FreeImage-3.18.0/Source/LibJPEG/cdjpeg.h,16,4,20
/media/ullmann/HDDGabriel/engines/UnrealEngine/Engine/Source/ThirdParty/Intel/TBB/IntelTBB-2019u8/include/tbb/internal/_node_handle_impl.h,2,2,4
/media/ullmann/HDDGabriel/engines/UnrealEngine/Engine/Source/ThirdParty/Intel/TBB/IntelTBB-2019u8/include/tbb/internal/_allocator_traits.h,7,1,8
/media/ullmann/HDDGabriel/engines/UnrealEngine/Engine/Source/ThirdParty/PhysX3/APEX_1.4/module/destructible_legacy/include/autogen/DestructibleAssetParameters_0p19.h,1,0,1
/media/ullmann/HDDGabriel/engines/UnrealEngine/Engine/Source/ThirdParty/ICU/icu4c-64_1/source/test/intltest/dcfmtest.cpp,0,2,2
/media/ullmann/HDDGabriel/engines/UnrealEngine/Engine/Source/ThirdParty/ICU/icu4c-64_1/source/test/intltest/dcfmtest.h,2,1,3
/media/ullmann/HDDGabriel/engines/UnrealEngine/Engine/Source/Editor/Persona/Private/BlendProfileCustomization.h,2,1,3
/media/ullmann/HDDGabriel/engines/UnrealEngine/Engine/Source/Editor/PropertyEditor/Public/IPropertyTypeCustomization.h,3,0,3
/media/ullmann/HDDGabriel/engines/UnrealEngine/Engine/Source/ThirdParty/ICU/icu4c-53_1/source/common/ucase.h,11,5,16
/media/ullmann/HDDGabriel/engines/UnrealEngine/Engine/Source/ThirdParty/hlslcc/hlslcc/src/hlslcc_lib/lower_texture_projection.cpp,0,2,2
/media/ullmann/HDDGabriel/engines/UnrealEngine/Engine/Source/ThirdParty/ICU/icu4c-64_1/source/i18n/astro.cpp,0,4,4
/media/ullmann/HDDGabriel/engines/UnrealEngine/Engine/Source/ThirdParty/ICU/icu4c-64_1/source/i18n/astro.h,5,1,6
/media/ullmann/HDDGabriel/engines/UnrealEngine/Engine/Source/ThirdParty/PhysX3/PhysX_3.4/Source/PhysX/src/buffering/ScbScene.h,5,3,8
/media/ullmann/HDDGabriel/engines/UnrealEngine/Engine/Source/ThirdParty/PhysX3/PhysX_3.4/Source/PhysX/src/buffering/ScbScenePvdClient.h,2,0,2
/media/ullmann/HDDGabriel/engines/UnrealEngine/Engine/Source/ThirdParty/ICU/icu4c-53_1/source/test/cintltst/ccaltst.c,0,3,3
/media/ullmann/HDDGabriel/engines/UnrealEngine/Engine/Source/ThirdParty/ICU/icu4c-53_1/source/test/cintltst/ccaltst.h,1,1,2
/media/ullmann/HDDGabriel/engines/UnrealEngine/Engine/Source/ThirdParty/ICU/icu4c-53_1/source/common/rbbisetb.cpp,0,9,9
/media/ullmann/HDDGabriel/engines/UnrealEngine/Engine/Source/ThirdParty/ICU/icu4c-53_1/source/common/cstring.h,67,2,69
/media/ullmann/HDDGabriel/engines/UnrealEngine/Engine/Source/ThirdParty/CryptoPP/5.6.5/include/datatest.cpp,0,13,13
/media/ullmann/HDDGabriel/engines/UnrealEngine/Engine/Source/Runtime/Online/HTTP/Private/NullHttp.h,2,0,2
/media/ullmann/HDDGabriel/engines/UnrealEngine/Engine/Source/ThirdParty/Oculus/LibOVRPlatform/LibOVRPlatform/include/OVR_Requests_User.h,1,6,7
/media/ullmann/HDDGabriel/engines/UnrealEngine/Engine/Source/Runtime/Core/Public/Math/Box.h,3,0,3
/media/ullmann/HDDGabriel/engines/UnrealEngine/Engine/Source/Editor/DetailCustomizations/Private/ActorComponentDetails.h,2,0,2
/media/ullmann/HDDGabriel/engines/UnrealEngine/Engine/Source/ThirdParty/FBX/2020.2/include/fbxsdk/fileio/fbxgloballightsettings.h,1,0,1
/media/ullmann/HDDGabriel/engines/UnrealEngine/Engine/Source/ThirdParty/OpenVDB/openvdb-8.1.0/openvdb/openvdb/util/Util.cc,0,1,1
/media/ullmann/HDDGabriel/engines/UnrealEngine/Engine/Source/ThirdParty/OpenVDB/openvdb-8.1.0/openvdb/openvdb/util/Util.h,1,0,1
/media/ullmann/HDDGabriel/engines/UnrealEngine/Engine/Source/ThirdParty/OpenSubdiv/OpenSubdiv-3.4.4/regression/shapes/catmark_cube_creases1.h,2,0,2
/media/ullmann/HDDGabriel/engines/UnrealEngine/Engine/Source/ThirdParty/CryptoPP/5.6.2/include/hrtimer.cpp,0,3,3
/media/ullmann/HDDGabriel/engines/UnrealEngine/Engine/Source/ThirdParty/PhysX3/PhysX_3.4/Source/LowLevelCloth/src/windows/CuContextLock.cpp,0,2,2
/media/ullmann/HDDGabriel/engines/UnrealEngine/Engine/Source/ThirdParty/PhysX3/PhysX_3.4/Source/LowLevelCloth/src/windows/CuFactory.h,6,0,6
/media/ullmann/HDDGabriel/engines/UnrealEngine/Engine/Source/Editor/Experimental/HordeExecutor/Private/Execution.cpp,0,2,2
/media/ullmann/HDDGabriel/engines/UnrealEngine/Engine/Source/Editor/Experimental/HordeExecutor/Private/Execution.h,2,0,2
/media/ullmann/HDDGabriel/engines/UnrealEngine/Engine/Source/ThirdParty/Intel/ISPC/ispc-1.16.1/examples/cpu/sgemm/SGEMM_main.cpp,0,1,1
/media/ullmann/HDDGabriel/engines/UnrealEngine/Engine/Source/ThirdParty/ICU/icu4c-53_1/source/common/rbbi.cpp,0,17,17
/media/ullmann/HDDGabriel/engines/UnrealEngine/Engine/Source/ThirdParty/ICU/icu4c-53_1/source/common/uvector.h,19,5,24
/media/ullmann/HDDGabriel/engines/UnrealEngine/Engine/Source/Editor/VirtualTexturingEditor/Private/VirtualTexturingEditorModule.cpp,0,3,3
/media/ullmann/HDDGabriel/engines/UnrealEngine/Engine/Source/Editor/VirtualTexturingEditor/Private/RuntimeVirtualTextureBuildStreamingMips.h,3,0,3
/media/ullmann/HDDGabriel/engines/UnrealEngine/Engine/Source/ThirdParty/PhysX3/PxShared/src/pvd/src/PxPvdFoundation.h,7,0,7
/media/ullmann/HDDGabriel/engines/UnrealEngine/Engine/Source/ThirdParty/ShaderConductor/ShaderConductor/External/DirectXShaderCompiler/tools/clang/unittests/Tooling/RewriterTest.cpp,0,1,1
/media/ullmann/HDDGabriel/engines/UnrealEngine/Engine/Source/ThirdParty/ShaderConductor/ShaderConductor/External/DirectXShaderCompiler/tools/clang/unittests/Tooling/RewriterTestContext.h,3,0,3
/media/ullmann/HDDGabriel/engines/UnrealEngine/Engine/Source/ThirdParty/ICU/icu4c-53_1/source/common/uidna.cpp,0,9,9
/media/ullmann/HDDGabriel/engines/UnrealEngine/Engine/Source/ThirdParty/SDL2/SDL-gui-backend/src/video/raspberry/SDL_rpiopengles.c,0,3,3
/media/ullmann/HDDGabriel/engines/UnrealEngine/Engine/Source/ThirdParty/HarfBuzz/harfbuzz-2.4.0/src/hb-ot-color-colr-table.hh,1,0,1
/media/ullmann/HDDGabriel/engines/UnrealEngine/Engine/Source/ThirdParty/CryptoPP/5.6.5/include/shark.cpp,0,5,5
/media/ullmann/HDDGabriel/engines/UnrealEngine/Engine/Source/ThirdParty/CryptoPP/5.6.5/include/gf256.h,3,2,5
/media/ullmann/HDDGabriel/engines/UnrealEngine/Engine/Source/ThirdParty/ICU/icu4c-64_1/source/i18n/collationbuilder.cpp,0,15,15
/media/ullmann/HDDGabriel/engines/UnrealEngine/Engine/Source/ThirdParty/ICU/icu4c-64_1/source/i18n/collationfastlatin.h,7,0,7
/media/ullmann/HDDGabriel/engines/UnrealEngine/Engine/Source/ThirdParty/ICU/icu4c-64_1/source/test/intltest/currcoll.h,2,1,3
/media/ullmann/HDDGabriel/engines/UnrealEngine/Engine/Source/ThirdParty/ICU/icu4c-64_1/source/test/intltest/tscoll.h,18,1,19
/media/ullmann/HDDGabriel/engines/UnrealEngine/Engine/Source/ThirdParty/PhysX3/PxShared/src/pvd/src/PxProfileEventBuffer.h,1,5,6
/media/ullmann/HDDGabriel/engines/UnrealEngine/Engine/Source/ThirdParty/SDL2/SDL-gui-backend/src/hidapi/SDL_hidapi.c,0,9,9
/media/ullmann/HDDGabriel/engines/UnrealEngine/Engine/Source/ThirdParty/SDL2/SDL-gui-backend/src/core/windows/SDL_windows.h,51,0,51
/media/ullmann/HDDGabriel/engines/UnrealEngine/Engine/Source/Developer/TraceInsights/Private/Insights/MemoryProfiler/ViewModels/MemAllocFilterValueConverter.cpp,0,1,1
/media/ullmann/HDDGabriel/engines/UnrealEngine/Engine/Source/Developer/TraceInsights/Private/Insights/MemoryProfiler/ViewModels/MemAllocFilterValueConverter.h,1,0,1
/media/ullmann/HDDGabriel/engines/UnrealEngine/Engine/Source/ThirdParty/ShaderConductor/ShaderConductor/External/DirectXShaderCompiler/tools/clang/lib/CodeGen/ItaniumCXXABI.cpp,0,7,7
/media/ullmann/HDDGabriel/engines/UnrealEngine/Engine/Source/ThirdParty/ShaderConductor/ShaderConductor/External/DirectXShaderCompiler/tools/clang/lib/CodeGen/CGCleanup.h,9,1,10
/media/ullmann/HDDGabriel/engines/UnrealEngine/Engine/Source/ThirdParty/ICU/icu4c-64_1/source/common/util_props.cpp,0,4,4
/media/ullmann/HDDGabriel/engines/UnrealEngine/Engine/Source/ThirdParty/Oculus/LibOVRPlatform/LibOVRPlatform/include/OVR_CloudStorageMetadata.h,5,3,8
/media/ullmann/HDDGabriel/engines/UnrealEngine/Engine/Source/Editor/PhysicsAssetEditor/Private/PhysicsAssetGraph/PhysicsAssetGraphNode_Constraint.h,6,1,7
/media/ullmann/HDDGabriel/engines/UnrealEngine/Engine/Source/Editor/LandscapeEditor/Public/LandscapeImportHelper.h,1,1,2
/media/ullmann/HDDGabriel/engines/UnrealEngine/Engine/Source/Editor/LandscapeEditor/Public/LandscapeFileFormatInterface.h,2,0,2
/media/ullmann/HDDGabriel/engines/UnrealEngine/Engine/Source/ThirdParty/FreeType2/FreeType2-2.6/Src/sfnt/ttsbit.c,1,4,5
/media/ullmann/HDDGabriel/engines/UnrealEngine/Engine/Source/ThirdParty/FreeType2/FreeType2-2.6/Src/sfnt/ttmtx.h,3,0,3
/media/ullmann/HDDGabriel/engines/UnrealEngine/Engine/Source/ThirdParty/PhysX3/APEX_1.4/module/emitter/include/ModuleEmitterImpl.h,1,3,4
/media/ullmann/HDDGabriel/engines/UnrealEngine/Engine/Source/ThirdParty/PhysX3/APEX_1.4/module/emitter/include/ModulePerfScope.h,1,0,1
/media/ullmann/HDDGabriel/engines/UnrealEngine/Engine/Source/ThirdParty/HarfBuzz/harfbuzz-1.2.4/src/hb-set.h,1,1,2
/media/ullmann/HDDGabriel/engines/UnrealEngine/Engine/Source/Editor/MovieSceneTools/Private/MovieSceneEventUtils.cpp,0,1,1
/media/ullmann/HDDGabriel/engines/UnrealEngine/Engine/Source/Editor/MovieSceneTools/Private/MovieSceneEventBlueprintExtension.h,2,0,2
/media/ullmann/HDDGabriel/engines/UnrealEngine/Engine/Source/ThirdParty/ICU/icu4c-53_1/source/test/intltest/measfmttest.cpp,0,1,1
/media/ullmann/HDDGabriel/engines/UnrealEngine/Engine/Source/ThirdParty/CryptoPP/5.6.5/include/gf2_32.cpp,0,3,3
/media/ullmann/HDDGabriel/engines/UnrealEngine/Engine/Source/ThirdParty/libOpus/opus-1.1/celt/celt.c,0,14,14
/media/ullmann/HDDGabriel/engines/UnrealEngine/Engine/Source/ThirdParty/Intel/TBB/IntelTBB-2019u8/src/test/test_rwm_upgrade_downgrade.cpp,0,1,1
/media/ullmann/HDDGabriel/engines/UnrealEngine/Engine/Source/Runtime/Renderer/Private/MobileDistortionPass.cpp,0,6,6
/media/ullmann/HDDGabriel/engines/UnrealEngine/Engine/Source/ThirdParty/libOpus/opus-1.3.1-12/celt/celt.h,5,3,8
/media/ullmann/HDDGabriel/engines/UnrealEngine/Engine/Source/ThirdParty/libOpus/opus-1.3.1-12/celt/entenc.h,8,1,9
/media/ullmann/HDDGabriel/engines/UnrealEngine/Engine/Source/ThirdParty/Imath/Deploy/Imath-3.1.3/include/Imath/ImathBoxAlgo.h,0,5,5
/media/ullmann/HDDGabriel/engines/UnrealEngine/Engine/Source/Runtime/Engine/Public/Engine.h,0,71,71
/media/ullmann/HDDGabriel/engines/UnrealEngine/Engine/Source/Runtime/Engine/Public/ComponentInstanceDataCache.h,5,0,5
/media/ullmann/HDDGabriel/engines/UnrealEngine/Engine/Source/Runtime/Apple/AGXRHI/Private/AGXTexture.cpp,0,3,3
/media/ullmann/HDDGabriel/engines/UnrealEngine/Engine/Source/Runtime/Apple/AGXRHI/Private/AGXLLM.h,8,1,9
/media/ullmann/HDDGabriel/engines/UnrealEngine/Engine/Source/ThirdParty/ICU/icu4c-64_1/source/common/uloc_tag.cpp,0,15,15
/media/ullmann/HDDGabriel/engines/UnrealEngine/Engine/Source/ThirdParty/ICU/icu4c-64_1/source/common/unicode/putil.h,21,0,21
/media/ullmann/HDDGabriel/engines/UnrealEngine/Engine/Source/ThirdParty/ICU/icu4c-64_1/source/common/ucnv_bld.h,21,8,29
/media/ullmann/HDDGabriel/engines/UnrealEngine/Engine/Source/ThirdParty/ICU/icu4c-64_1/source/test/letest/xmlreader.cpp,0,3,3
/media/ullmann/HDDGabriel/engines/UnrealEngine/Engine/Source/ThirdParty/ICU/icu4c-64_1/source/test/letest/letest.h,8,0,8
/media/ullmann/HDDGabriel/engines/UnrealEngine/Engine/Source/ThirdParty/Android/libunwind/libunwind/src/sh/Gcreate_addr_space.c,1,1,2
/media/ullmann/HDDGabriel/engines/UnrealEngine/Engine/Source/ThirdParty/Android/libunwind/libunwind/src/sh/unwind_i.h,13,0,13
/media/ullmann/HDDGabriel/engines/UnrealEngine/Engine/Source/ThirdParty/ICU/icu4c-64_1/source/common/static_unicode_sets.h,2,3,5
/media/ullmann/HDDGabriel/engines/UnrealEngine/Engine/Source/ThirdParty/PhysX3/APEX_1.4/shared/general/RenderDebug/include/ProcessRenderDebug.h,2,1,3
/media/ullmann/HDDGabriel/engines/UnrealEngine/Engine/Source/ThirdParty/PhysX3/APEX_1.4/shared/general/RenderDebug/include/RenderDebugImpl.h,3,1,4
/media/ullmann/HDDGabriel/engines/UnrealEngine/Engine/Source/ThirdParty/ICU/icu4c-53_1/source/layout/MorphTables.h,59,3,62
/media/ullmann/HDDGabriel/engines/UnrealEngine/Engine/Source/ThirdParty/OpenVDB/Deploy/openvdb-8.1.0/include/openvdb/math/Transform.h,4,1,5
/media/ullmann/HDDGabriel/engines/UnrealEngine/Engine/Source/ThirdParty/OpenVDB/Deploy/openvdb-8.1.0/include/openvdb/math/Maps.h,3,5,8
/media/ullmann/HDDGabriel/engines/UnrealEngine/Engine/Source/ThirdParty/Steamworks/Steamv147/sdk/public/steam/isteamgamecoordinator.h,0,1,1
/media/ullmann/HDDGabriel/engines/UnrealEngine/Engine/Source/Runtime/Engine/Public/BlueprintUtilities.h,4,0,4
/media/ullmann/HDDGabriel/engines/UnrealEngine/Engine/Source/Developer/Windows/LiveCodingServer/Private/External/LC_ModuleCache.cpp,0,2,2
/media/ullmann/HDDGabriel/engines/UnrealEngine/Engine/Source/Developer/Windows/LiveCodingServer/Private/External/LC_ModuleCache.h,4,2,6
/media/ullmann/HDDGabriel/engines/UnrealEngine/Engine/Source/ThirdParty/SDL2/SDL-gui-backend/src/render/software/SDL_render_sw.c,0,11,11
/media/ullmann/HDDGabriel/engines/UnrealEngine/Engine/Source/ThirdParty/PhysX3/PhysX_3.4/Source/LowLevelParticles/src/PtCollision.h,2,5,7
/media/ullmann/HDDGabriel/engines/UnrealEngine/Engine/Source/ThirdParty/ICU/icu4c-64_1/source/common/ucase.cpp,0,13,13
/media/ullmann/HDDGabriel/engines/UnrealEngine/Engine/Source/ThirdParty/ICU/icu4c-64_1/source/common/ucase.h,11,6,17
/media/ullmann/HDDGabriel/engines/UnrealEngine/Engine/Source/ThirdParty/Intel/ISPC/ispc-1.17.0/src/sym.cpp,0,3,3
/media/ullmann/HDDGabriel/engines/UnrealEngine/Engine/Source/ThirdParty/llvm/8/include/llvm/DebugInfo/PDB/PDBSymbolFunc.h,0,4,4
/media/ullmann/HDDGabriel/engines/UnrealEngine/Engine/Source/ThirdParty/llvm/8/include/llvm/DebugInfo/PDB/PDBSymbolTypeFunctionSig.h,1,2,3
/media/ullmann/HDDGabriel/engines/UnrealEngine/Engine/Source/ThirdParty/FreeType2/FreeType2-2.4.12/src/type1/t1gload.c,1,2,3
/media/ullmann/HDDGabriel/engines/UnrealEngine/Engine/Source/ThirdParty/FreeType2/FreeType2-2.4.12/src/type1/t1errors.h,6,0,6
/media/ullmann/HDDGabriel/engines/UnrealEngine/Engine/Source/Editor/LocalizationDashboard/Private/LocalizationDashboardModule.cpp,0,5,5
/media/ullmann/HDDGabriel/engines/UnrealEngine/Engine/Source/Editor/LocalizationDashboard/Private/LocalizationTargetDetailCustomization.h,2,0,2
/media/ullmann/HDDGabriel/engines/UnrealEngine/Engine/Source/ThirdParty/ICU/icu4c-53_1/source/common/ubidi_props.h,9,5,14
/media/ullmann/HDDGabriel/engines/UnrealEngine/Engine/Source/Editor/UnrealEd/Private/EditorModeManager.cpp,0,1,1
/media/ullmann/HDDGabriel/engines/UnrealEngine/Engine/Source/Editor/UnrealEd/Private/Tools/AssetEditorContextObject.h,1,0,1
/media/ullmann/HDDGabriel/engines/UnrealEngine/Engine/Source/ThirdParty/CryptoPP/5.6.2/include/adler32.cpp,0,2,2
/media/ullmann/HDDGabriel/engines/UnrealEngine/Engine/Source/ThirdParty/CryptoPP/5.6.2/include/adler32.h,4,1,5
/media/ullmann/HDDGabriel/engines/UnrealEngine/Engine/Source/ThirdParty/Boost/boost-1_70_0/include/boost/token_functions.hpp,0,1,1
/media/ullmann/HDDGabriel/engines/UnrealEngine/Engine/Source/ThirdParty/Boost/boost-1_70_0/include/boost/algorithm,5,0,5
/media/ullmann/HDDGabriel/engines/UnrealEngine/Engine/Source/ThirdParty/ICU/icu4c-53_1/source/layout/OpenTypeLayoutEngine.cpp,0,15,15
/media/ullmann/HDDGabriel/engines/UnrealEngine/Engine/Source/ThirdParty/PhysX3/PhysX_3.4/Source/PhysXExtensions/src/ExtMetaData.cpp,0,9,9
/media/ullmann/HDDGabriel/engines/UnrealEngine/Engine/Source/ThirdParty/PhysX3/PhysX_3.4/Source/PhysXExtensions/src/ExtSphericalJoint.h,5,1,6
/media/ullmann/HDDGabriel/engines/UnrealEngine/Engine/Source/Runtime/Json/Public/Json.h,0,11,11
/media/ullmann/HDDGabriel/engines/UnrealEngine/Engine/Source/Runtime/Json/Public/Serialization/JsonWriter.h,1,0,1
/media/ullmann/HDDGabriel/engines/UnrealEngine/Engine/Source/ThirdParty/ICU/icu4c-53_1/source/test/cintltst/nfsprep.c,0,2,2
/media/ullmann/HDDGabriel/engines/UnrealEngine/Engine/Source/ThirdParty/ICU/icu4c-53_1/source/test/intltest/regextst.cpp,0,2,2
/media/ullmann/HDDGabriel/engines/UnrealEngine/Engine/Source/ThirdParty/hlslcc/hlslcc/src/hlslcc_lib/opt_tree_grafting.cpp,0,8,8
/media/ullmann/HDDGabriel/engines/UnrealEngine/Engine/Source/ThirdParty/hlslcc/hlslcc/src/hlslcc_lib/ir_optimization.h,17,0,17
/media/ullmann/HDDGabriel/engines/UnrealEngine/Engine/Source/Programs/UnrealLightmass/Private/ImportExport/Mesh.cpp,0,2,2
/media/ullmann/HDDGabriel/engines/UnrealEngine/Engine/Source/Programs/UnrealLightmass/Private/ImportExport/Importer.h,4,1,5
/media/ullmann/HDDGabriel/engines/UnrealEngine/Engine/Source/ThirdParty/OpenVDB/openvdb-8.1.0/openvdb_ax/openvdb_ax/codegen/PointFunctions.cc,0,8,8
/media/ullmann/HDDGabriel/engines/UnrealEngine/Engine/Source/ThirdParty/WebRTC/4147/Include/rtc_base/ssl_stream_adapter.h,0,1,1
/media/ullmann/HDDGabriel/engines/UnrealEngine/Engine/Source/ThirdParty/WebRTC/4147/Include/rtc_base/memory,37,0,37
/media/ullmann/HDDGabriel/engines/UnrealEngine/Engine/Source/ThirdParty/Intel/Embree/Embree270/src/kernels/common/subdiv/patch_eval_simd.h,2,2,4
/media/ullmann/HDDGabriel/engines/UnrealEngine/Engine/Source/ThirdParty/Intel/Embree/Embree270/src/kernels/common/subdiv/feature_adaptive_eval_simd.h,1,1,2
/media/ullmann/HDDGabriel/engines/UnrealEngine/Engine/Source/ThirdParty/libPNG/libPNG-1.5.2/contrib/gregbook/readppm.c,0,1,1
/media/ullmann/HDDGabriel/engines/UnrealEngine/Engine/Source/ThirdParty/libPNG/libPNG-1.5.2/contrib/gregbook/readpng.h,4,0,4
/media/ullmann/HDDGabriel/engines/UnrealEngine/Engine/Source/ThirdParty/ICU/icu4c-64_1/source/common/ucnv_u7.cpp,0,6,6
/media/ullmann/HDDGabriel/engines/UnrealEngine/Engine/Source/ThirdParty/FreeType2/FreeType2-2.4.12/src/autofit/afindic.c,1,6,7
/media/ullmann/HDDGabriel/engines/UnrealEngine/Engine/Source/ThirdParty/FreeType2/FreeType2-2.4.12/src/autofit/afindic.h,3,1,4
/media/ullmann/HDDGabriel/engines/UnrealEngine/Engine/Source/Runtime/CoreUObject/Public/UObject/StructOnScope.h,1,0,1
/media/ullmann/HDDGabriel/engines/UnrealEngine/Engine/Source/Developer/Windows/LiveCodingServer/Private/External/LC_CodeCave.h,3,1,4
/media/ullmann/HDDGabriel/engines/UnrealEngine/Engine/Source/Developer/Windows/LiveCodingServer/Private/External/LC_Types.h,13,1,14
/media/ullmann/HDDGabriel/engines/UnrealEngine/Engine/Source/Developer/TraceInsights/Private/Insights/MemoryProfiler/Widgets/SMemTagTreeViewTableCell.cpp,0,1,1
/media/ullmann/HDDGabriel/engines/UnrealEngine/Engine/Source/Developer/TraceInsights/Private/Insights/MemoryProfiler/Widgets/SMemTagTreeViewTableCell.h,1,0,1
/media/ullmann/HDDGabriel/engines/UnrealEngine/Engine/Source/Runtime/BinkAudioDecoder/SDK/BinkAudio/Src/popmal.c,0,1,1
/media/ullmann/HDDGabriel/engines/UnrealEngine/Engine/Source/Runtime/BinkAudioDecoder/SDK/BinkAudio/Src/popmal.h,2,0,2
/media/ullmann/HDDGabriel/engines/UnrealEngine/Engine/Source/ThirdParty/ICU/icu4c-64_1/source/common/rbbitblb.h,3,5,8
/media/ullmann/HDDGabriel/engines/UnrealEngine/Engine/Source/ThirdParty/PhysX3/PhysX_3.4/Include/cloth/PxClothParticleData.h,1,0,1
/media/ullmann/HDDGabriel/engines/UnrealEngine/Engine/Source/ThirdParty/OpenVDB/Deploy/openvdb-8.1.0/include/openvdb/Types.h,4,3,7
/media/ullmann/HDDGabriel/engines/UnrealEngine/Engine/Source/ThirdParty/OpenVDB/Deploy/openvdb-8.1.0/include/openvdb/Platform.h,3,0,3
/media/ullmann/HDDGabriel/engines/UnrealEngine/Engine/Source/ThirdParty/ICU/icu4c-64_1/source/i18n/compactdecimalformat.cpp,0,3,3
/media/ullmann/HDDGabriel/engines/UnrealEngine/Engine/Source/ThirdParty/ICU/icu4c-64_1/source/i18n/number_mapper.h,5,6,11
/media/ullmann/HDDGabriel/engines/UnrealEngine/Engine/Source/Runtime/Core/Public/Containers/List.h,2,0,2
/media/ullmann/HDDGabriel/engines/UnrealEngine/Engine/Source/ThirdParty/OpenSubdiv/OpenSubdiv-3.4.4/opensubdiv/osd/tbbKernel.cpp,0,7,7
/media/ullmann/HDDGabriel/engines/UnrealEngine/Engine/Source/ThirdParty/ShaderConductor/ShaderConductor/External/DirectXShaderCompiler/tools/clang/lib/StaticAnalyzer/Checkers/RetainCountChecker.cpp,0,3,3
/media/ullmann/HDDGabriel/engines/UnrealEngine/Engine/Source/ThirdParty/ShaderConductor/ShaderConductor/External/DirectXShaderCompiler/tools/clang/lib/StaticAnalyzer/Checkers/SelectorExtras.h,3,0,3
/media/ullmann/HDDGabriel/engines/UnrealEngine/Engine/Source/Editor/AnimGraph/Public/AnimationGraph.h,4,1,5
/media/ullmann/HDDGabriel/engines/UnrealEngine/Engine/Source/ThirdParty/CryptoPP/5.6.2/include/seal.h,3,1,4
/media/ullmann/HDDGabriel/engines/UnrealEngine/Engine/Source/ThirdParty/FBX/2020.2/include/fbxsdk/scene/fbxaudiolayer.h,1,0,1
/media/ullmann/HDDGabriel/engines/UnrealEngine/Engine/Source/ThirdParty/OpenSubdiv/OpenSubdiv-3.4.4/examples/common/glHud.cpp,0,4,4
/media/ullmann/HDDGabriel/engines/UnrealEngine/Engine/Source/ThirdParty/OpenSubdiv/OpenSubdiv-3.4.4/examples/common/font_image.h,3,0,3
/media/ullmann/HDDGabriel/engines/UnrealEngine/Engine/Source/ThirdParty/hlslcc/hlslcc/src/hlslcc_lib/ir_validate.cpp,0,7,7
/media/ullmann/HDDGabriel/engines/UnrealEngine/Engine/Source/Runtime/NavigationSystem/Public/NavLinkCustomComponent.h,0,3,3
/media/ullmann/HDDGabriel/engines/UnrealEngine/Engine/Source/Runtime/NavigationSystem/Public/NavAreas/NavArea.h,4,0,4
/media/ullmann/HDDGabriel/engines/UnrealEngine/Engine/Source/ThirdParty/Unix/LibCxx/include/c++/v1/inttypes.h,0,2,2
/media/ullmann/HDDGabriel/engines/UnrealEngine/Engine/Source/ThirdParty/Unix/LibCxx/include/c++/v1/stdint.h,2,1,3
/media/ullmann/HDDGabriel/engines/UnrealEngine/Engine/Source/ThirdParty/CryptoPP/5.6.2/include/dh.h,7,1,8
/media/ullmann/HDDGabriel/engines/UnrealEngine/Engine/Source/Runtime/InteractiveToolsFramework/Public/ToolContextInterfaces.h,8,1,9
/media/ullmann/HDDGabriel/engines/UnrealEngine/Engine/Source/Runtime/InteractiveToolsFramework/Public/ComponentSourceInterfaces.h,3,1,4
/media/ullmann/HDDGabriel/engines/UnrealEngine/Engine/Source/ThirdParty/FreeType2/FreeType2-2.10.4/src/sfnt/sfwoff.h,2,0,2
/media/ullmann/HDDGabriel/engines/UnrealEngine/Engine/Source/ThirdParty/Steamworks/Steamv146/sdk/public/steam/isteammatchmaking.h,1,3,4
/media/ullmann/HDDGabriel/engines/UnrealEngine/Engine/Source/ThirdParty/ICU/icu4c-64_1/source/common/rbbisetb.h,3,5,8
/media/ullmann/HDDGabriel/engines/UnrealEngine/Engine/Source/ThirdParty/ICU/icu4c-64_1/source/common/uvector.h,20,5,25
/media/ullmann/HDDGabriel/engines/UnrealEngine/Engine/Source/Developer/DesktopPlatform/Private/Windows/DesktopPlatformWindows.h,2,2,4
/media/ullmann/HDDGabriel/engines/UnrealEngine/Engine/Source/Developer/DesktopPlatform/Private/Windows/WindowsRegistry.h,2,0,2
/media/ullmann/HDDGabriel/engines/UnrealEngine/Engine/Source/ThirdParty/libOpus/opus-1.0.3/silk/define.h,6,2,8
/media/ullmann/HDDGabriel/engines/UnrealEngine/Engine/Source/ThirdParty/Intel/TBB/IntelTBB-2019u8/examples/graph/fgbzip2/fgbzip2.cpp,0,2,2
/media/ullmann/HDDGabriel/engines/UnrealEngine/Engine/Source/ThirdParty/Intel/TBB/IntelTBB-2019u8/examples/graph/fgbzip2/bzlib.h,2,0,2
/media/ullmann/HDDGabriel/engines/UnrealEngine/Engine/Source/ThirdParty/FreeType2/FreeType2-2.10.4/src/truetype/ttgxvar.c,1,3,4
/media/ullmann/HDDGabriel/engines/UnrealEngine/Engine/Source/ThirdParty/FreeType2/FreeType2-2.10.4/src/truetype/ttpload.h,5,0,5
/media/ullmann/HDDGabriel/engines/UnrealEngine/Engine/Source/ThirdParty/SDL2/SDL-gui-backend/src/video/offscreen/SDL_offscreenvideo.c,0,8,8
/media/ullmann/HDDGabriel/engines/UnrealEngine/Engine/Source/ThirdParty/SDL2/SDL-gui-backend/src/video/offscreen/SDL_offscreenvideo.h,4,3,7
/media/ullmann/HDDGabriel/engines/UnrealEngine/Engine/Source/ThirdParty/Android/libunwind/libunwind/src/mi/Ldyn-extract.c,0,1,1
/media/ullmann/HDDGabriel/engines/UnrealEngine/Engine/Source/ThirdParty/Android/libunwind/libunwind/src/mi/Gdyn-extract.c,1,0,1
/media/ullmann/HDDGabriel/engines/UnrealEngine/Engine/Source/ThirdParty/ICU/icu4c-64_1/source/i18n/collationdatareader.cpp,0,10,10
/media/ullmann/HDDGabriel/engines/UnrealEngine/Engine/Source/ThirdParty/ICU/icu4c-64_1/source/i18n/collationkeys.h,3,2,5
/media/ullmann/HDDGabriel/engines/UnrealEngine/Engine/Source/ThirdParty/CryptoPP/5.6.5/include/lubyrack.h,0,2,2
/media/ullmann/HDDGabriel/engines/UnrealEngine/Engine/Source/ThirdParty/CryptoPP/5.6.5/include/simple.h,7,3,10
/media/ullmann/HDDGabriel/engines/UnrealEngine/Engine/Source/Runtime/Renderer/Private/RendererScene.cpp,0,19,19
/media/ullmann/HDDGabriel/engines/UnrealEngine/Engine/Source/ThirdParty/FreeType2/FreeType2-2.6/Src/type1/t1objs.c,1,4,5
/media/ullmann/HDDGabriel/engines/UnrealEngine/Engine/Source/ThirdParty/FreeType2/FreeType2-2.6/Src/type1/t1errors.h,6,0,6
/media/ullmann/HDDGabriel/engines/UnrealEngine/Engine/Source/ThirdParty/Intel/TBB/IntelTBB-2019u8/src/tbb/arena.h,5,10,15
/media/ullmann/HDDGabriel/engines/UnrealEngine/Engine/Source/ThirdParty/ShaderConductor/ShaderConductor/External/DirectXShaderCompiler/lib/Transforms/ObjCARC/ObjCARC.h,11,1,12
/media/ullmann/HDDGabriel/engines/UnrealEngine/Engine/Source/Runtime/SlateCore/Public/Styling/SlateWidgetStyle.h,1,0,1
/media/ullmann/HDDGabriel/engines/UnrealEngine/Engine/Source/ThirdParty/OpenVDB/Deploy/openvdb-8.1.0/include/openvdb/points/AttributeSet.h,6,1,7
/media/ullmann/HDDGabriel/engines/UnrealEngine/Engine/Source/ThirdParty/Intel/TBB/IntelTBB-2019u8/src/test/test_container_move_support.h,5,4,9
/media/ullmann/HDDGabriel/engines/UnrealEngine/Engine/Source/ThirdParty/OpenVDB/openvdb-8.1.0/openvdb/openvdb/tools/Morphology.h,7,3,10
/media/ullmann/HDDGabriel/engines/UnrealEngine/Engine/Source/ThirdParty/Intel/Embree/Embree2140/src/kernels/subdiv/feature_adaptive_eval_grid.h,2,5,7
/media/ullmann/HDDGabriel/engines/UnrealEngine/Engine/Source/ThirdParty/Intel/Embree/Embree2140/src/kernels/subdiv/tessellation.h,3,0,3
/media/ullmann/HDDGabriel/engines/UnrealEngine/Engine/Source/ThirdParty/Perforce/p4api-2018.1/Include/Mac/p4/clientapi.h,1,11,12
/media/ullmann/HDDGabriel/engines/UnrealEngine/Engine/Source/ThirdParty/Perforce/p4api-2018.1/Include/Mac/p4/clientresolvea.h,1,1,2
/media/ullmann/HDDGabriel/engines/UnrealEngine/Engine/Source/Runtime/RigVM/Public/RigVMCore/RigVMExternalVariable.h,1,2,3
/media/ullmann/HDDGabriel/engines/UnrealEngine/Engine/Source/Runtime/RigVM/Public/RigVMCore/RigVMTraits.h,5,0,5
/media/ullmann/HDDGabriel/engines/UnrealEngine/Engine/Source/ThirdParty/FreeImage/FreeImage-3.18.0/Source/OpenEXR/IlmImf/ImfPartType.h,15,2,17
/media/ullmann/HDDGabriel/engines/UnrealEngine/Engine/Source/Runtime/Core/Public/Serialization/MemoryWriter.h,2,0,2
/media/ullmann/HDDGabriel/engines/UnrealEngine/Engine/Source/ThirdParty/FreeImage/FreeImage-3.18.0/Source/FreeImage/PluginTIFF.cpp,0,4,4
/media/ullmann/HDDGabriel/engines/UnrealEngine/Engine/Source/ThirdParty/FreeImage/FreeImage-3.18.0/Source/OpenEXR/Half/half.h,5,1,6
/media/ullmann/HDDGabriel/engines/UnrealEngine/Engine/Source/Developer/TraceAnalysis/Private/Analysis/Engine.cpp,0,5,5
/media/ullmann/HDDGabriel/engines/UnrealEngine/Engine/Source/Developer/TraceAnalysis/Private/Analysis/Transport/PacketTransport.h,2,1,3
/media/ullmann/HDDGabriel/engines/UnrealEngine/Engine/Source/ThirdParty/Intel/Embree/Embree270/src/kernels/xeonphi/geometry/triangle1_intersector1_moeller.h,1,3,4
/media/ullmann/HDDGabriel/engines/UnrealEngine/Engine/Source/ThirdParty/Intel/Embree/Embree270/src/kernels/xeonphi/geometry/filter.h,8,3,11
/media/ullmann/HDDGabriel/engines/UnrealEngine/Engine/Source/ThirdParty/PhysX3/PhysX_3.4/Source/Common/src/CmUtils.h,3,1,4
/media/ullmann/HDDGabriel/engines/UnrealEngine/Engine/Source/ThirdParty/Oculus/LibOVRPlatform/LibOVRPlatform/include/OVR_VoipDecoder.h,2,1,3
/media/ullmann/HDDGabriel/engines/UnrealEngine/Engine/Source/ThirdParty/ICU/icu4c-53_1/source/test/cintltst/cturtst.c,0,4,4
/media/ullmann/HDDGabriel/engines/UnrealEngine/Engine/Source/ThirdParty/ICU/icu4c-53_1/source/test/cintltst/ccolltst.h,15,1,16
/media/ullmann/HDDGabriel/engines/UnrealEngine/Engine/Source/ThirdParty/hlslcc/hlslcc/src/hlslcc_lib/lower_if_to_cond_assign.cpp,0,4,4
/media/ullmann/HDDGabriel/engines/UnrealEngine/Engine/Source/ThirdParty/FreeImage/FreeImage-3.18.0/Source/OpenEXR/IlmImf/ImfDeepTiledInputPart.cpp,0,3,3
/media/ullmann/HDDGabriel/engines/UnrealEngine/Engine/Source/ThirdParty/Intel/Embree/Embree2140/src/kernels/geometry/subdivpatch1cached_intersector.h,4,4,8
/media/ullmann/HDDGabriel/engines/UnrealEngine/Engine/Source/ThirdParty/Intel/Embree/Embree2140/src/kernels/geometry/grid_soa_intersector1.h,2,3,5
/media/ullmann/HDDGabriel/engines/UnrealEngine/Engine/Source/ThirdParty/hlslcc/hlslcc/src/hlslcc_lib/opt_if_simplification.cpp,0,3,3
/media/ullmann/HDDGabriel/engines/UnrealEngine/Engine/Source/ThirdParty/PLCrashReporter/PLCrashReporter/Source/PLCrashAsyncThread_x86.c,0,2,2
/media/ullmann/HDDGabriel/engines/UnrealEngine/Engine/Source/ThirdParty/FreeType2/FreeType2-2.6/Include/ftmodapi.h,0,1,1
/media/ullmann/HDDGabriel/engines/UnrealEngine/Engine/Source/ThirdParty/Intel/TBB/IntelTBB-2019u8/examples/parallel_for/tachyon/src/main.cpp,0,7,7
/media/ullmann/HDDGabriel/engines/UnrealEngine/Engine/Source/ThirdParty/Intel/TBB/IntelTBB-2019u8/examples/parallel_for/tachyon/src/tachyon_video.h,10,1,11
/media/ullmann/HDDGabriel/engines/UnrealEngine/Engine/Source/ThirdParty/hlslcc/hlslcc/src/hlslcc_lib/ir_expression_flattening.cpp,0,6,6
/media/ullmann/HDDGabriel/engines/UnrealEngine/Engine/Source/Programs/Enterprise/Datasmith/DatasmithARCHICADExporter/Private/Utils/LibPartInfo.h,4,1,5
/media/ullmann/HDDGabriel/engines/UnrealEngine/Engine/Source/Runtime/Renderer/Private/DebugViewModeRendering.cpp,0,10,10
/media/ullmann/HDDGabriel/engines/UnrealEngine/Engine/Source/ThirdParty/EOSSDK/SDK/Bin/Android/include/eos_version.h,0,1,1
/media/ullmann/HDDGabriel/engines/UnrealEngine/Engine/Source/ThirdParty/EOSSDK/SDK/Bin/Android/include/eos_base.h,2,0,2
/media/ullmann/HDDGabriel/engines/UnrealEngine/Engine/Source/Runtime/Slate/Public/Framework/Text/DefaultLayoutBlock.h,2,0,2
/media/ullmann/HDDGabriel/engines/UnrealEngine/Engine/Source/ThirdParty/OpenSubdiv/Deploy/OpenSubdiv-3.4.4/include/opensubdiv/hbr/fvarData.h,2,2,4
/media/ullmann/HDDGabriel/engines/UnrealEngine/Engine/Source/ThirdParty/OpenSubdiv/Deploy/OpenSubdiv-3.4.4/include/opensubdiv/hbr/fvarEdit.h,1,3,4
/media/ullmann/HDDGabriel/engines/UnrealEngine/Engine/Source/ThirdParty/ICU/icu4c-53_1/source/common/uiter.cpp,0,9,9
/media/ullmann/HDDGabriel/engines/UnrealEngine/Engine/Source/Programs/HeadlessChaos/Public/HeadlessChaosTestSerialization.h,0,1,1
/media/ullmann/HDDGabriel/engines/UnrealEngine/Engine/Source/Programs/HeadlessChaos/Public/HeadlessChaosTestUtility.h,14,1,15
/media/ullmann/HDDGabriel/engines/UnrealEngine/Engine/Source/ThirdParty/ICU/icu4c-53_1/source/i18n/unicode/fieldpos.h,3,0,3
/media/ullmann/HDDGabriel/engines/UnrealEngine/Engine/Source/ThirdParty/ICU/icu4c-53_1/source/layout/GlyphPosnLookupProc.h,2,9,11
/media/ullmann/HDDGabriel/engines/UnrealEngine/Engine/Source/ThirdParty/ICU/icu4c-53_1/source/layout/LEFontInstance.h,38,1,39
/media/ullmann/HDDGabriel/engines/UnrealEngine/Engine/Source/ThirdParty/ICU/icu4c-64_1/source/i18n/csrutf8.h,3,1,4
/media/ullmann/HDDGabriel/engines/UnrealEngine/Engine/Source/ThirdParty/ICU/icu4c-64_1/source/i18n/csrecog.h,7,1,8
/media/ullmann/HDDGabriel/engines/UnrealEngine/Engine/Source/ThirdParty/OpenSubdiv/OpenSubdiv-3.4.4/opensubdiv/hbr/vertex.h,1,3,4
/media/ullmann/HDDGabriel/engines/UnrealEngine/Engine/Source/ThirdParty/OpenSubdiv/OpenSubdiv-3.4.4/opensubdiv/hbr/fvarData.h,2,2,4
/media/ullmann/HDDGabriel/engines/UnrealEngine/Engine/Source/ThirdParty/openexr/openexr-3.1.1/src/test/OpenEXRTest/testMultiPartThreading.cpp,0,3,3
/media/ullmann/HDDGabriel/engines/UnrealEngine/Engine/Source/ThirdParty/openexr/openexr-3.1.1/src/test/OpenEXRTest/testMultiPartThreading.h,2,0,2
/media/ullmann/HDDGabriel/engines/UnrealEngine/Engine/Source/ThirdParty/ShaderConductor/ShaderConductor/External/SPIRV-Tools/source/fuzz/fact_manager/fact_manager.cpp,0,1,1
/media/ullmann/HDDGabriel/engines/UnrealEngine/Engine/Source/ThirdParty/ShaderConductor/ShaderConductor/External/SPIRV-Tools/source/fuzz/fact_manager/fact_manager.h,1,0,1
/media/ullmann/HDDGabriel/engines/UnrealEngine/Engine/Source/Runtime/Core/Public/GenericPlatform/GenericPlatformStricmp.h,3,0,3
/media/ullmann/HDDGabriel/engines/UnrealEngine/Engine/Source/ThirdParty/libPNG/libPNG-1.5.2/contrib/visupng/PngFile.c,0,1,1
/media/ullmann/HDDGabriel/engines/UnrealEngine/Engine/Source/ThirdParty/SDL2/SDL-gui-backend/src/core/linux/SDL_evdev_kbd.c,0,5,5
/media/ullmann/HDDGabriel/engines/UnrealEngine/Engine/Source/ThirdParty/ShaderConductor/ShaderConductor/External/DirectXShaderCompiler/include/llvm/DebugInfo/PDB/PDBSymbolExe.h,0,2,2
/media/ullmann/HDDGabriel/engines/UnrealEngine/Engine/Source/ThirdParty/ICU/icu4c-53_1/source/test/perf/howExpensiveIs/sieve.cpp,0,1,1
/media/ullmann/HDDGabriel/engines/UnrealEngine/Engine/Source/ThirdParty/ICU/icu4c-53_1/source/test/perf/howExpensiveIs/sieve.h,2,0,2
/media/ullmann/HDDGabriel/engines/UnrealEngine/Engine/Source/ThirdParty/PhysX3/APEX_1.4/framework/include/autogen/ModuleFrameworkRegistration.h,0,21,21
/media/ullmann/HDDGabriel/engines/UnrealEngine/Engine/Source/ThirdParty/PhysX3/APEX_1.4/framework/include/autogen/BufferU32x1.h,1,0,1
/media/ullmann/HDDGabriel/engines/UnrealEngine/Engine/Source/ThirdParty/Oculus/LibOVRPlatform/LibOVRPlatform/include/OVR_RoomType.h,1,1,2
/media/ullmann/HDDGabriel/engines/UnrealEngine/Engine/Source/Editor/UnrealEd/Public/TickableEditorObject.h,5,0,5
/media/ullmann/HDDGabriel/engines/UnrealEngine/Engine/Source/Runtime/VulkanRHI/Public/VulkanConfiguration.h,0,1,1
/media/ullmann/HDDGabriel/engines/UnrealEngine/Engine/Source/Runtime/VulkanRHI/Public/VulkanCommon.h,1,0,1
/media/ullmann/HDDGabriel/engines/UnrealEngine/Engine/Source/Runtime/Online/BuildPatchServices/Private/BuildPatchInstaller.h,2,7,9
/media/ullmann/HDDGabriel/engines/UnrealEngine/Engine/Source/ThirdParty/ICU/icu4c-64_1/source/common/rbbi_cache.cpp,0,10,10
/media/ullmann/HDDGabriel/engines/UnrealEngine/Engine/Source/ThirdParty/ICU/icu4c-64_1/source/common/locutil.cpp,0,10,10
/media/ullmann/HDDGabriel/engines/UnrealEngine/Engine/Source/ThirdParty/SDL2/SDL-gui-backend/src/thread/pthread/SDL_systhread.c,0,5,5
/media/ullmann/HDDGabriel/engines/UnrealEngine/Engine/Source/ThirdParty/ShaderConductor/ShaderConductor/External/DirectXShaderCompiler/tools/dsymutil/dsymutil.h,3,1,4
/media/ullmann/HDDGabriel/engines/UnrealEngine/Engine/Source/ThirdParty/ShaderConductor/ShaderConductor/External/DirectXShaderCompiler/tools/dsymutil/DebugMap.h,5,0,5
/media/ullmann/HDDGabriel/engines/UnrealEngine/Engine/Source/ThirdParty/ShaderConductor/ShaderConductor/External/DirectXShaderCompiler/tools/clang/lib/SPIRV/SpirvBuilder.cpp,0,10,10
/media/ullmann/HDDGabriel/engines/UnrealEngine/Engine/Source/ThirdParty/ShaderConductor/ShaderConductor/External/DirectXShaderCompiler/tools/clang/lib/SPIRV/NonUniformVisitor.h,2,0,2
/media/ullmann/HDDGabriel/engines/UnrealEngine/Engine/Source/ThirdParty/ICU/icu4c-53_1/source/layout/MorphTables.cpp,0,10,10
/media/ullmann/HDDGabriel/engines/UnrealEngine/Engine/Source/ThirdParty/ShaderConductor/ShaderConductor/External/DirectXShaderCompiler/tools/clang/lib/Headers/__wmmintrin_aes.h,1,1,2
/media/ullmann/HDDGabriel/engines/UnrealEngine/Engine/Source/ThirdParty/ShaderConductor/ShaderConductor/External/DirectXShaderCompiler/tools/clang/lib/Headers/emmintrin.h,5,1,6
/media/ullmann/HDDGabriel/engines/UnrealEngine/Engine/Source/Runtime/Renderer/Private/Lumen/LumenTranslucencyVolumeHardwareRayTracing.cpp,0,4,4
/media/ullmann/HDDGabriel/engines/UnrealEngine/Engine/Source/Runtime/Renderer/Private/Lumen/LumenTracingUtils.h,16,2,18
/media/ullmann/HDDGabriel/engines/UnrealEngine/Engine/Source/ThirdParty/OpenVDB/openvdb-8.1.0/openvdb_ax/openvdb_ax/codegen/PointLeafLocalData.h,2,0,2
/media/ullmann/HDDGabriel/engines/UnrealEngine/Engine/Source/ThirdParty/OpenSubdiv/OpenSubdiv-3.4.4/regression/shapes/catmark_cube.h,2,0,2
/media/ullmann/HDDGabriel/engines/UnrealEngine/Engine/Source/ThirdParty/SDL2/SDL-gui-backend/src/video/vita/SDL_vitatouch.c,0,5,5
/media/ullmann/HDDGabriel/engines/UnrealEngine/Engine/Source/ThirdParty/SDL2/SDL-gui-backend/src/audio/os2/SDL_os2audio.h,1,2,3
/media/ullmann/HDDGabriel/engines/UnrealEngine/Engine/Source/ThirdParty/OpenVDB/Deploy/openvdb-8.1.0/include/openvdb/math/Vec3.h,12,2,14
/media/ullmann/HDDGabriel/engines/UnrealEngine/Engine/Source/ThirdParty/ICU/icu4c-64_1/source/i18n/ulocdata.cpp,0,1,1
/media/ullmann/HDDGabriel/engines/UnrealEngine/Engine/Source/ThirdParty/ICU/icu4c-64_1/source/i18n/unicode/ulocdata.h,2,0,2
/media/ullmann/HDDGabriel/engines/UnrealEngine/Engine/Source/ThirdParty/Intel/TBB/IntelTBB-2019u8/src/tbb/scheduler_common.h,9,1,10
/media/ullmann/HDDGabriel/engines/UnrealEngine/Engine/Source/ThirdParty/Intel/TBB/IntelTBB-2019u8/src/tbb/tbb_statistics.h,2,0,2
/media/ullmann/HDDGabriel/engines/UnrealEngine/Engine/Source/ThirdParty/OpenSubdiv/OpenSubdiv-3.4.4/regression/shapes/catmark_dart_edgecorner.h,2,0,2
/media/ullmann/HDDGabriel/engines/UnrealEngine/Engine/Source/ThirdParty/Oculus/LibOVRPlatform/LibOVRPlatform/include/OVR_ShareMediaResult.h,2,2,4
/media/ullmann/HDDGabriel/engines/UnrealEngine/Engine/Source/ThirdParty/Perforce/p4api-2018.1/Include/Win32/VS2015/p4/clientapi.h,1,11,12
/media/ullmann/HDDGabriel/engines/UnrealEngine/Engine/Source/ThirdParty/Perforce/p4api-2018.1/Include/Win32/VS2015/p4/strbuf.h,1,0,1
/media/ullmann/HDDGabriel/engines/UnrealEngine/Engine/Source/ThirdParty/ICU/icu4c-64_1/source/common/ucasemap.cpp,0,22,22
/media/ullmann/HDDGabriel/engines/UnrealEngine/Engine/Source/ThirdParty/CryptoPP/5.6.5/include/wake.cpp,0,3,3
/media/ullmann/HDDGabriel/engines/UnrealEngine/Engine/Source/ThirdParty/CryptoPP/5.6.5/include/wake.h,2,3,5
/media/ullmann/HDDGabriel/engines/UnrealEngine/Engine/Source/ThirdParty/ICU/icu4c-53_1/source/common/dictionarydata.h,3,6,9
/media/ullmann/HDDGabriel/engines/UnrealEngine/Engine/Source/Runtime/Experimental/Chaos/Public/Chaos/Sphere.h,0,1,1
/media/ullmann/HDDGabriel/engines/UnrealEngine/Engine/Source/ThirdParty/Imath/Imath-3.1.3/src/python/PyImath/PyImathAPI.h,2,0,2
/media/ullmann/HDDGabriel/engines/UnrealEngine/Engine/Source/ThirdParty/HWCPipe/include/vendor/arm/pmu/pmu_profiler.cpp,0,1,1
/media/ullmann/HDDGabriel/engines/UnrealEngine/Engine/Source/ThirdParty/HWCPipe/include/vendor/arm/pmu/pmu_profiler.h,2,1,3
/media/ullmann/HDDGabriel/engines/UnrealEngine/Engine/Source/Runtime/InteractiveToolsFramework/Public/ToolBuilderUtil.h,0,1,1
/media/ullmann/HDDGabriel/engines/UnrealEngine/Engine/Source/Runtime/InteractiveToolsFramework/Public/InteractiveToolBuilder.h,2,2,4
/media/ullmann/HDDGabriel/engines/UnrealEngine/Engine/Source/ThirdParty/ShaderConductor/ShaderConductor/External/DirectXShaderCompiler/tools/clang/lib/CodeGen/CGLoopInfo.h,2,0,2
/media/ullmann/HDDGabriel/engines/UnrealEngine/Engine/Source/ThirdParty/Python3/Mac/include/frameobject.h,0,2,2
/media/ullmann/HDDGabriel/engines/UnrealEngine/Engine/Source/ThirdParty/Python3/Mac/include/cpython/frameobject.h,1,0,1
/media/ullmann/HDDGabriel/engines/UnrealEngine/Engine/Source/ThirdParty/mtlpp/mtlpp-master-7efad47/src/render_command_encoder.hpp,2,13,15
/media/ullmann/HDDGabriel/engines/UnrealEngine/Engine/Source/ThirdParty/CryptoPP/5.6.5/include/salsa.cpp,0,6,6
/media/ullmann/HDDGabriel/engines/UnrealEngine/Engine/Source/ThirdParty/CryptoPP/5.6.5/include/salsa.h,2,2,4
/media/ullmann/HDDGabriel/engines/UnrealEngine/Engine/Source/Programs/Enterprise/Datasmith/DatasmithARCHICADExporter/Private/Utils/TimeStat.h,5,1,6
/media/ullmann/HDDGabriel/engines/UnrealEngine/Engine/Source/Runtime/Online/BuildPatchServices/Private/BuildPatchFileConstructor.cpp,0,12,12
/media/ullmann/HDDGabriel/engines/UnrealEngine/Engine/Source/Runtime/Online/BuildPatchServices/Private/Installer/ChunkSource.h,1,0,1
/media/ullmann/HDDGabriel/engines/UnrealEngine/Engine/Source/ThirdParty/MCPP/mcpp-2.7.2/cpp-test/test-l/nest8.h,1,1,2
/media/ullmann/HDDGabriel/engines/UnrealEngine/Engine/Source/ThirdParty/MCPP/mcpp-2.7.2/cpp-test/test-l/nest9.h,1,1,2
/media/ullmann/HDDGabriel/engines/UnrealEngine/Engine/Source/ThirdParty/ShaderConductor/ShaderConductor/External/DirectXShaderCompiler/tools/clang/unittests/HLSL/TestMain.cpp,0,1,1
/media/ullmann/HDDGabriel/engines/UnrealEngine/Engine/Source/ThirdParty/ShaderConductor/ShaderConductor/External/DirectXShaderCompiler/tools/clang/unittests/HLSL/HLSLTestOptions.h,2,0,2
/media/ullmann/HDDGabriel/engines/UnrealEngine/Engine/Source/ThirdParty/FreeType2/FreeType2-2.4.12/src/cff/cffobjs.c,1,5,6
/media/ullmann/HDDGabriel/engines/UnrealEngine/Engine/Source/ThirdParty/FreeType2/FreeType2-2.4.12/src/cff/cffpic.h,4,1,5
/media/ullmann/HDDGabriel/engines/UnrealEngine/Engine/Source/ThirdParty/Boost/boost-1_70_0/include/boost/spirit/home/support/detail/lexer/parser/tree/end_node.hpp,1,2,3
/media/ullmann/HDDGabriel/engines/UnrealEngine/Engine/Source/ThirdParty/ICU/icu4c-64_1/source/test/letest/gendata.cpp,0,4,4
/media/ullmann/HDDGabriel/engines/UnrealEngine/Engine/Source/ThirdParty/ICU/icu4c-64_1/source/test/letest/SimpleFontInstance.h,4,0,4
/media/ullmann/HDDGabriel/engines/UnrealEngine/Engine/Source/ThirdParty/CryptoPP/5.6.2/include/base64.h,4,1,5
/media/ullmann/HDDGabriel/engines/UnrealEngine/Engine/Source/ThirdParty/Intel/TBB/IntelTBB-2019u8/src/tbb/semaphore.cpp,2,3,5
/media/ullmann/HDDGabriel/engines/UnrealEngine/Engine/Source/ThirdParty/ICU/icu4c-64_1/source/test/intltest/rbbitst.cpp,0,2,2
/media/ullmann/HDDGabriel/engines/UnrealEngine/Engine/Source/ThirdParty/libPNG/libPNG-1.5.2/png.h,4,2,6
/media/ullmann/HDDGabriel/engines/UnrealEngine/Engine/Source/Editor/ConfigEditor/Private/STargetPlatformSelector.cpp,0,1,1
/media/ullmann/HDDGabriel/engines/UnrealEngine/Engine/Source/Editor/ConfigEditor/Private/STargetPlatformSelector.h,2,0,2
/media/ullmann/HDDGabriel/engines/UnrealEngine/Engine/Source/ThirdParty/PLCrashReporter/PLCrashReporter/Source/PLCrashFrameDWARFUnwind.cpp,0,5,5
/media/ullmann/HDDGabriel/engines/UnrealEngine/Engine/Source/ThirdParty/PLCrashReporter/PLCrashReporter/Source/PLCrashFeatureConfig.h,26,0,26
/media/ullmann/HDDGabriel/engines/UnrealEngine/Engine/Source/ThirdParty/Perforce/p4api-2018.1/Include/Win64/VS2015/p4/clientapi.h,1,11,12
/media/ullmann/HDDGabriel/engines/UnrealEngine/Engine/Source/ThirdParty/Perforce/p4api-2018.1/Include/Win64/VS2015/p4/clientmerge.h,2,0,2
/media/ullmann/HDDGabriel/engines/UnrealEngine/Engine/Source/ThirdParty/ShaderConductor/ShaderConductor/External/DirectXShaderCompiler/tools/clang/lib/CodeGen/CGCall.cpp,0,7,7
/media/ullmann/HDDGabriel/engines/UnrealEngine/Engine/Source/ThirdParty/ShaderConductor/ShaderConductor/External/DirectXShaderCompiler/tools/clang/lib/CodeGen/CGCall.h,9,3,12
/media/ullmann/HDDGabriel/engines/UnrealEngine/Engine/Source/ThirdParty/MCPP/mcpp-2.7.2/test-c/m_36_jis.c,0,1,1
/media/ullmann/HDDGabriel/engines/UnrealEngine/Engine/Source/Runtime/Renderer/Private/PostProcess/PostProcessMobile.h,2,1,3
/media/ullmann/HDDGabriel/engines/UnrealEngine/Engine/Source/Runtime/Apple/AGXRHI/Private/AGXCaptureManager.cpp,0,3,3
/media/ullmann/HDDGabriel/engines/UnrealEngine/Engine/Source/Runtime/Online/Voice/Public/VoiceModule.h,1,2,3
/media/ullmann/HDDGabriel/engines/UnrealEngine/Engine/Source/Runtime/Online/Voice/Public/Interfaces/VoiceCodec.h,1,0,1
/media/ullmann/HDDGabriel/engines/UnrealEngine/Engine/Source/Developer/NaniteBuilder/Private/NaniteBuilder.cpp,0,5,5
/media/ullmann/HDDGabriel/engines/UnrealEngine/Engine/Source/Developer/NaniteBuilder/Private/ClusterDAG.h,3,1,4
/media/ullmann/HDDGabriel/engines/UnrealEngine/Engine/Source/Runtime/Online/Voice/Private/Windows/VoiceCaptureWindows.cpp,0,1,1
/media/ullmann/HDDGabriel/engines/UnrealEngine/Engine/Source/Runtime/MovieScene/Public/Evaluation/MovieSceneTimeArray.h,0,3,3
/media/ullmann/HDDGabriel/engines/UnrealEngine/Engine/Source/Runtime/MovieScene/Public/Evaluation/MovieSceneTimeWarping.h,2,1,3
/media/ullmann/HDDGabriel/engines/UnrealEngine/Engine/Source/ThirdParty/ICU/icu4c-64_1/source/common/ucnvhz.cpp,0,9,9
/media/ullmann/HDDGabriel/engines/UnrealEngine/Engine/Source/ThirdParty/ICU/icu4c-64_1/source/common/ucnv_imp.h,8,3,11
/media/ullmann/HDDGabriel/engines/UnrealEngine/Engine/Source/ThirdParty/FreeType2/FreeType2-2.10.4/src/cid/cidparse.c,1,2,3
/media/ullmann/HDDGabriel/engines/UnrealEngine/Engine/Source/ThirdParty/FreeType2/FreeType2-2.10.4/src/cid/ciderrs.h,5,0,5
/media/ullmann/HDDGabriel/engines/UnrealEngine/Engine/Source/ThirdParty/ICU/icu4c-64_1/source/i18n/coleitr.cpp,0,8,8
/media/ullmann/HDDGabriel/engines/UnrealEngine/Engine/Source/ThirdParty/ICU/icu4c-64_1/source/i18n/unicode/tblcoll.h,12,0,12
/media/ullmann/HDDGabriel/engines/UnrealEngine/Engine/Source/ThirdParty/HarfBuzz/harfbuzz-1.2.4/src/test-would-substitute.cc,0,3,3
/media/ullmann/HDDGabriel/engines/UnrealEngine/Engine/Source/ThirdParty/HarfBuzz/harfbuzz-1.2.4/src/hb-ft.h,4,1,5
/media/ullmann/HDDGabriel/engines/UnrealEngine/Engine/Source/ThirdParty/EOSSDK/SDK/Bin/IOS/EOSSDK.framework/Headers/eos_progressionsnapshot.h,0,1,1
/media/ullmann/HDDGabriel/engines/UnrealEngine/Engine/Source/ThirdParty/EOSSDK/SDK/Bin/IOS/EOSSDK.framework/Headers/eos_progressionsnapshot_types.h,2,1,3
/media/ullmann/HDDGabriel/engines/UnrealEngine/Engine/Source/Programs/HeadlessChaos/Public/GeometryCollection/GeometryCollectionTestSerialization.h,0,1,1
/media/ullmann/HDDGabriel/engines/UnrealEngine/Engine/Source/Programs/HeadlessChaos/Public/GeometryCollection/GeometryCollectionTest.h,22,0,22
/media/ullmann/HDDGabriel/engines/UnrealEngine/Engine/Source/ThirdParty/Imath/Imath-3.1.3/src/python/PyImath/PyImathDecorators.h,23,0,23
/media/ullmann/HDDGabriel/engines/UnrealEngine/Engine/Source/ThirdParty/ICU/icu4c-64_1/source/common/uresbund.cpp,0,17,17
/media/ullmann/HDDGabriel/engines/UnrealEngine/Engine/Source/ThirdParty/ICU/icu4c-53_1/source/layout/SegmentArrayProcessor2.cpp,0,8,8
/media/ullmann/HDDGabriel/engines/UnrealEngine/Engine/Source/Editor/AnimationBlueprintEditor/Private/AnimationBlueprintEditorModule.cpp,0,4,4
/media/ullmann/HDDGabriel/engines/UnrealEngine/Engine/Source/Editor/AnimationBlueprintEditor/Private/AnimationBlueprintEditorModule.h,2,0,2
/media/ullmann/HDDGabriel/engines/UnrealEngine/Engine/Source/ThirdParty/SDL2/SDL-gui-backend/src/video/directfb/SDL_DirectFB_dyn.c,0,3,3
/media/ullmann/HDDGabriel/engines/UnrealEngine/Engine/Source/ThirdParty/SDL2/SDL-gui-backend/src/video/directfb/SDL_DirectFB_dyn.h,2,0,2
/media/ullmann/HDDGabriel/engines/UnrealEngine/Engine/Source/ThirdParty/FBX/2020.2/include/fbxsdk/scene/constraint/fbxconstraintparent.h,1,0,1
/media/ullmann/HDDGabriel/engines/UnrealEngine/Engine/Source/ThirdParty/FreeType2/FreeType2-2.6/Src/pfr/pfrobjs.c,1,6,7
/media/ullmann/HDDGabriel/engines/UnrealEngine/Engine/Source/ThirdParty/libOpus/opus-1.1/celt/celt_lpc.c,0,4,4
/media/ullmann/HDDGabriel/engines/UnrealEngine/Engine/Source/ThirdParty/GoogleGameSDK/gamesdk/src/swappy/common/SwappyDisplayManager.cpp,0,2,2
/media/ullmann/HDDGabriel/engines/UnrealEngine/Engine/Source/ThirdParty/GoogleGameSDK/gamesdk/src/swappy/common/Settings.h,6,1,7
/media/ullmann/HDDGabriel/engines/UnrealEngine/Engine/Source/ThirdParty/ICU/icu4c-53_1/source/common/locid.cpp,0,11,11
/media/ullmann/HDDGabriel/engines/UnrealEngine/Engine/Source/Runtime/Slate/Public/Framework/Docking/TabManager.h,3,0,3
/media/ullmann/HDDGabriel/engines/UnrealEngine/Engine/Source/ThirdParty/Alembic/alembic-1.8.2/python/PyAlembic/PyISchema.h,8,1,9
/media/ullmann/HDDGabriel/engines/UnrealEngine/Engine/Source/ThirdParty/Alembic/alembic-1.8.2/python/PyAlembic/Foundation.h,80,0,80
/media/ullmann/HDDGabriel/engines/UnrealEngine/Engine/Source/Runtime/Engine/Public/Physics/Experimental/PhysScene_Chaos.h,0,1,1
/media/ullmann/HDDGabriel/engines/UnrealEngine/Engine/Source/Runtime/Engine/Public/Physics/Experimental/PhysInterface_Chaos.h,1,1,2
/media/ullmann/HDDGabriel/engines/UnrealEngine/Engine/Source/ThirdParty/Intel/TBB/IntelTBB-2019u8/src/tbb/x86_rtm_rw_mutex.cpp,0,2,2
/media/ullmann/HDDGabriel/engines/UnrealEngine/Engine/Source/ThirdParty/SDL2/SDL-gui-backend/src/joystick/darwin/SDL_iokitjoystick.c,0,6,6
/media/ullmann/HDDGabriel/engines/UnrealEngine/Engine/Source/ThirdParty/HarfBuzz/harfbuzz-2.4.0/src/hb-ot-deprecated.h,1,2,3
/media/ullmann/HDDGabriel/engines/UnrealEngine/Engine/Source/ThirdParty/HarfBuzz/harfbuzz-2.4.0/src/hb-ot-name.h,4,1,5
/media/ullmann/HDDGabriel/engines/UnrealEngine/Engine/Source/Runtime/Core/Public/Math/ClipProjectionMatrix.h,3,0,3
/media/ullmann/HDDGabriel/engines/UnrealEngine/Engine/Source/ThirdParty/MCPP/mcpp-2.7.2/cpp-test/test-l/nest122.h,1,1,2
/media/ullmann/HDDGabriel/engines/UnrealEngine/Engine/Source/ThirdParty/MCPP/mcpp-2.7.2/cpp-test/test-l/nest123.h,1,1,2
/media/ullmann/HDDGabriel/engines/UnrealEngine/Engine/Source/Editor/PropertyEditor/Public/PropertyEditing.h,0,14,14
/media/ullmann/HDDGabriel/engines/UnrealEngine/Engine/Source/ThirdParty/CryptoPP/5.6.5/include/oaep.h,4,3,7
/media/ullmann/HDDGabriel/engines/UnrealEngine/Engine/Source/ThirdParty/Intel/TBB/IntelTBB-2019u8/examples/graph/logic_sim/test_all.cpp,0,6,6
/media/ullmann/HDDGabriel/engines/UnrealEngine/Engine/Source/ThirdParty/Intel/TBB/IntelTBB-2019u8/examples/graph/logic_sim/two_bit_adder.h,1,1,2
/media/ullmann/HDDGabriel/engines/UnrealEngine/Engine/Source/Developer/HoloLens/HoloLensTargetPlatform/Private/HoloLensTargetPlatform.cpp,0,2,2
/media/ullmann/HDDGabriel/engines/UnrealEngine/Engine/Source/Developer/HoloLens/HoloLensTargetPlatform/Private/HoloLensTargetPlatform.h,3,3,6
/media/ullmann/HDDGabriel/engines/UnrealEngine/Engine/Source/ThirdParty/Intel/ISPC/ispc-1.16.1/examples/xpu/sgemm/sgemm.cpp,0,2,2
/media/ullmann/HDDGabriel/engines/UnrealEngine/Engine/Source/ThirdParty/Intel/ISPC/ispc-1.16.1/examples/xpu/sgemm/Matrix.h,2,0,2
/media/ullmann/HDDGabriel/engines/UnrealEngine/Engine/Source/ThirdParty/ICU/icu4c-53_1/source/layout/GlyphPositioningTables.h,23,5,28
/media/ullmann/HDDGabriel/engines/UnrealEngine/Engine/Source/ThirdParty/ShaderConductor/ShaderConductor/External/DirectXShaderCompiler/tools/llvm-readobj/ObjDumper.cpp,0,3,3
/media/ullmann/HDDGabriel/engines/UnrealEngine/Engine/Source/ThirdParty/ShaderConductor/ShaderConductor/External/DirectXShaderCompiler/tools/llvm-readobj/ObjDumper.h,5,0,5
/media/ullmann/HDDGabriel/engines/UnrealEngine/Engine/Source/ThirdParty/Intel/Embree/Embree270/src/kernels/xeon/bvh4/bvh4_intersector16_hybrid.cpp,0,9,9
/media/ullmann/HDDGabriel/engines/UnrealEngine/Engine/Source/ThirdParty/Breakpad/src/third_party/libdisasm/ia32_invariant.c,0,3,3
/media/ullmann/HDDGabriel/engines/UnrealEngine/Engine/Source/ThirdParty/Breakpad/src/third_party/libdisasm/ia32_settings.h,4,1,5
/media/ullmann/HDDGabriel/engines/UnrealEngine/Engine/Source/ThirdParty/ShaderConductor/ShaderConductor/External/DirectXShaderCompiler/lib/DxilRootSignature/DxilRootSignatureSerializer.cpp,0,1,1
/media/ullmann/HDDGabriel/engines/UnrealEngine/Engine/Source/ThirdParty/ShaderConductor/ShaderConductor/External/DirectXShaderCompiler/lib/DxilRootSignature/DxilRootSignatureHelper.h,4,0,4
/media/ullmann/HDDGabriel/engines/UnrealEngine/Engine/Source/ThirdParty/openexr/openexr-3.1.1/src/bin/exrenvmap/resizeImage.h,4,1,5
/media/ullmann/HDDGabriel/engines/UnrealEngine/Engine/Source/ThirdParty/HarfBuzz/harfbuzz-1.2.4/test/api/test-cplusplus.cc,0,1,1
/media/ullmann/HDDGabriel/engines/UnrealEngine/Engine/Source/ThirdParty/HarfBuzz/harfbuzz-1.2.4/test/api/test-c.c,1,0,1
/media/ullmann/HDDGabriel/engines/UnrealEngine/Engine/Source/ThirdParty/Android/libunwind/libunwind/src/ptrace/_UPT_accessors.c,0,1,1
/media/ullmann/HDDGabriel/engines/UnrealEngine/Engine/Source/ThirdParty/PhysX3/PhysX_3.4/Source/LowLevelCloth/src/windows/CuSolver.cpp,0,7,7
/media/ullmann/HDDGabriel/engines/UnrealEngine/Engine/Source/ThirdParty/PhysX3/PhysX_3.4/Source/LowLevelCloth/src/windows/CuContextLock.h,9,0,9
/media/ullmann/HDDGabriel/engines/UnrealEngine/Engine/Source/Programs/UnrealTraceServer/src/StoreCborServer.cpp,0,8,8
/media/ullmann/HDDGabriel/engines/UnrealEngine/Engine/Source/Programs/UnrealTraceServer/src/TraceRelay.h,2,4,6
/media/ullmann/HDDGabriel/engines/UnrealEngine/Engine/Source/ThirdParty/ICU/icu4c-53_1/source/layout/CoverageTables.h,4,2,6
/media/ullmann/HDDGabriel/engines/UnrealEngine/Engine/Source/ThirdParty/Alembic/alembic-1.8.2/maya/AbcImport/util.h,12,1,13
/media/ullmann/HDDGabriel/engines/UnrealEngine/Engine/Source/ThirdParty/GoogleGameSDK/gamesdk/src/swappy/common/SwappyDisplayManager.h,2,0,2
/media/ullmann/HDDGabriel/engines/UnrealEngine/Engine/Source/Runtime/VulkanRHI/Private/VulkanQueue.cpp,0,4,4
/media/ullmann/HDDGabriel/engines/UnrealEngine/Engine/Source/Runtime/VulkanRHI/Private/VulkanQueue.h,2,0,2
/media/ullmann/HDDGabriel/engines/UnrealEngine/Engine/Source/ThirdParty/ShaderConductor/ShaderConductor/External/googletest/googletest/samples/sample1.cc,0,1,1
/media/ullmann/HDDGabriel/engines/UnrealEngine/Engine/Source/ThirdParty/ShaderConductor/ShaderConductor/External/googletest/googletest/samples/sample1.h,3,0,3
/media/ullmann/HDDGabriel/engines/UnrealEngine/Engine/Source/Runtime/Renderer/Private/RayTracing/RayTracingReflections.h,3,0,3
/media/ullmann/HDDGabriel/engines/UnrealEngine/Engine/Source/ThirdParty/OpenSubdiv/OpenSubdiv-3.4.4/opensubdiv/hbr/fvarEdit.h,1,3,4
/media/ullmann/HDDGabriel/engines/UnrealEngine/Engine/Source/ThirdParty/OpenSubdiv/OpenSubdiv-3.4.4/opensubdiv/hbr/vertexEdit.h,2,2,4
/media/ullmann/HDDGabriel/engines/UnrealEngine/Engine/Source/ThirdParty/Android/libunwind/libunwind/src/sh/Gget_proc_info.c,1,1,2
/media/ullmann/HDDGabriel/engines/UnrealEngine/Engine/Source/ThirdParty/FreeType2/FreeType2-2.10.4/src/cff/cffgload.c,1,3,4
/media/ullmann/HDDGabriel/engines/UnrealEngine/Engine/Source/ThirdParty/FreeType2/FreeType2-2.10.4/src/cff/cffgload.h,2,0,2
/media/ullmann/HDDGabriel/engines/UnrealEngine/Engine/Source/ThirdParty/FreeType2/FreeType2-2.4.12/src/bdf/bdflib.c,1,2,3
/media/ullmann/HDDGabriel/engines/UnrealEngine/Engine/Source/ThirdParty/FreeType2/FreeType2-2.4.12/src/bdf/bdf.h,3,0,3
/media/ullmann/HDDGabriel/engines/UnrealEngine/Engine/Source/ThirdParty/Intel/TBB/IntelTBB-2019u8/include/tbb/internal/_concurrent_queue_impl.h,1,7,8
/media/ullmann/HDDGabriel/engines/UnrealEngine/Engine/Source/ThirdParty/HarfBuzz/harfbuzz-2.4.0/src/hb-ot-name-language.cc,0,1,1
/media/ullmann/HDDGabriel/engines/UnrealEngine/Engine/Source/ThirdParty/HarfBuzz/harfbuzz-2.4.0/src/hb-ot-name-language.hh,1,0,1
/media/ullmann/HDDGabriel/engines/UnrealEngine/Engine/Source/Programs/Enterprise/Datasmith/DatasmithARCHICADExporter/Private/Utils/3DElement2String.cpp,0,4,4
/media/ullmann/HDDGabriel/engines/UnrealEngine/Engine/Source/Programs/Enterprise/Datasmith/DatasmithARCHICADExporter/Private/Utils/ElementTools.h,6,1,7
/media/ullmann/HDDGabriel/engines/UnrealEngine/Engine/Source/Runtime/ClothingSystemRuntimeCommon/Public/ClothLODData_Legacy.h,2,2,4
/media/ullmann/HDDGabriel/engines/UnrealEngine/Engine/Source/Runtime/ClothingSystemRuntimeCommon/Public/PointWeightMap.h,2,0,2
/media/ullmann/HDDGabriel/engines/UnrealEngine/Engine/Source/ThirdParty/ICU/icu4c-53_1/source/i18n/collationiterator.cpp,0,4,4
/media/ullmann/HDDGabriel/engines/UnrealEngine/Engine/Source/Runtime/Slate/Public/Widgets/Notifications/SProgressBar.h,2,0,2
/media/ullmann/HDDGabriel/engines/UnrealEngine/Engine/Source/ThirdParty/Intel/ISPC/ispc-1.16.1/examples/cpu/gmres/algorithm.cpp,0,2,2
/media/ullmann/HDDGabriel/engines/UnrealEngine/Engine/Source/ThirdParty/Intel/ISPC/ispc-1.16.1/examples/cpu/gmres/algorithm.h,2,1,3
/media/ullmann/HDDGabriel/engines/UnrealEngine/Engine/Source/Developer/AssetTools/Private/AssetTypeActions/AssetTypeActions_AnimBlueprintGeneratedClass.h,1,0,1
/media/ullmann/HDDGabriel/engines/UnrealEngine/Engine/Source/ThirdParty/SDL2/SDL-gui-backend/src/video/android/SDL_androidclipboard.h,2,1,3
/media/ullmann/HDDGabriel/engines/UnrealEngine/Engine/Source/Runtime/Slate/Public/SlateFwd.h,3,0,3
/media/ullmann/HDDGabriel/engines/UnrealEngine/Engine/Source/ThirdParty/WindowsMixedRealityInterop/MixedRealityInterop/GestureRecognizer.h,1,0,1
/media/ullmann/HDDGabriel/engines/UnrealEngine/Engine/Source/ThirdParty/SDL2/SDL-gui-backend/include/SDL_thread.h,2,6,8
/media/ullmann/HDDGabriel/engines/UnrealEngine/Engine/Source/ThirdParty/SDL2/SDL-gui-backend/src/video/winrt/SDL_winrtevents.cpp,0,8,8
/media/ullmann/HDDGabriel/engines/UnrealEngine/Engine/Source/ThirdParty/OpenSubdiv/OpenSubdiv-3.4.4/examples/common/patchColors.cpp,0,1,1
/media/ullmann/HDDGabriel/engines/UnrealEngine/Engine/Source/ThirdParty/OpenSubdiv/OpenSubdiv-3.4.4/examples/common/patchColors.h,3,0,3
/media/ullmann/HDDGabriel/engines/UnrealEngine/Engine/Source/ThirdParty/CryptoPP/5.6.5/include/bench.h,3,1,4
/media/ullmann/HDDGabriel/engines/UnrealEngine/Engine/Source/ThirdParty/PhysX3/PhysX_3.4/Source/LowLevelDynamics/src/DyArticulationScalar.cpp,0,4,4
/media/ullmann/HDDGabriel/engines/UnrealEngine/Engine/Source/Editor/VREditor/UI/VRRadialMenuHandler.cpp,0,9,9
/media/ullmann/HDDGabriel/engines/UnrealEngine/Engine/Source/Editor/VREditor/UI/VRRadialMenuHandler.h,2,0,2
/media/ullmann/HDDGabriel/engines/UnrealEngine/Engine/Source/ThirdParty/HarfBuzz/harfbuzz-1.2.4/src/hb-graphite2.cc,0,2,2
/media/ullmann/HDDGabriel/engines/UnrealEngine/Engine/Source/ThirdParty/HarfBuzz/harfbuzz-1.2.4/src/hb-graphite2.h,1,1,2
/media/ullmann/HDDGabriel/engines/UnrealEngine/Engine/Source/Runtime/UMG/Public/Blueprint/WidgetTree.h,2,0,2
/media/ullmann/HDDGabriel/engines/UnrealEngine/Engine/Source/ThirdParty/ICU/icu4c-64_1/source/i18n/csrucode.cpp,0,2,2
/media/ullmann/HDDGabriel/engines/UnrealEngine/Engine/Source/ThirdParty/ICU/icu4c-64_1/source/i18n/csmatch.h,8,0,8
/media/ullmann/HDDGabriel/engines/UnrealEngine/Engine/Source/ThirdParty/hlslcc/hlslcc/src/hlslcc_lib/ir_variable_refcount.h,3,3,6
/media/ullmann/HDDGabriel/engines/UnrealEngine/Engine/Source/ThirdParty/Intel/Embree/Embree2140/src/kernels/geometry/bezier1v.h,10,2,12
/media/ullmann/HDDGabriel/engines/UnrealEngine/Engine/Source/ThirdParty/rpclib/Source/include/rpc/msgpack/adaptor/string.hpp,1,0,1
/media/ullmann/HDDGabriel/engines/UnrealEngine/Engine/Source/ThirdParty/openexr/openexr-3.1.1/src/bin/exrmultiview/Image.h,2,1,3
/media/ullmann/HDDGabriel/engines/UnrealEngine/Engine/Source/Editor/Persona/Private/SSequenceEditor.h,2,2,4
/media/ullmann/HDDGabriel/engines/UnrealEngine/Engine/Source/ThirdParty/libOpus/opus-1.3.1-12/celt/_kiss_fft_guts.h,2,5,7
/media/ullmann/HDDGabriel/engines/UnrealEngine/Engine/Source/ThirdParty/libOpus/opus-1.3.1-12/celt/arm/kiss_fft_armv5e.h,1,0,1
/media/ullmann/HDDGabriel/engines/UnrealEngine/Engine/Source/ThirdParty/Oculus/LibOVRPlatform/LibOVRPlatform/include/OVR_Requests_Matchmaking.h,1,4,5
/media/ullmann/HDDGabriel/engines/UnrealEngine/Engine/Source/Editor/BlueprintGraph/Classes/K2Node_DynamicCast.h,1,1,2
/media/ullmann/HDDGabriel/engines/UnrealEngine/Engine/Source/ThirdParty/ICU/icu4c-53_1/source/layout/LayoutEngine.cpp,0,24,24
/media/ullmann/HDDGabriel/engines/UnrealEngine/Engine/Source/ThirdParty/libcurl/7_75_0/include/Android/curl/curl.h,3,7,10
/media/ullmann/HDDGabriel/engines/UnrealEngine/Engine/Source/ThirdParty/libcurl/7_75_0/include/Android/curl/easy.h,1,0,1
/media/ullmann/HDDGabriel/engines/UnrealEngine/Engine/Source/ThirdParty/HarfBuzz/harfbuzz-1.2.4/src/hb-gobject.h,1,2,3
/media/ullmann/HDDGabriel/engines/UnrealEngine/Engine/Source/ThirdParty/MCPP/mcpp-2.7.2/test-c/n_13_13.c,0,1,1
/media/ullmann/HDDGabriel/engines/UnrealEngine/Engine/Source/ThirdParty/FreeType2/FreeType2-2.10.0/src/cff/cffobjs.c,1,4,5
/media/ullmann/HDDGabriel/engines/UnrealEngine/Engine/Source/ThirdParty/FreeType2/FreeType2-2.10.0/src/cff/cffcmap.h,3,0,3
/media/ullmann/HDDGabriel/engines/UnrealEngine/Engine/Source/ThirdParty/OpenVDB/openvdb-8.1.0/openvdb/openvdb/points/PointScatter.h,0,3,3
/media/ullmann/HDDGabriel/engines/UnrealEngine/Engine/Source/Editor/AIGraph/Public/SGraphNodeAI.h,0,1,1
/media/ullmann/HDDGabriel/engines/UnrealEngine/Engine/Source/Editor/GraphEditor/Private/DragNode.h,3,0,3
/media/ullmann/HDDGabriel/engines/UnrealEngine/Engine/Source/ThirdParty/SDL2/SDL-gui-backend/src/core/winrt/SDL_winrtapp_xaml.cpp,0,5,5
/media/ullmann/HDDGabriel/engines/UnrealEngine/Engine/Source/ThirdParty/SDL2/SDL-gui-backend/src/video/winrt/SDL_winrtvideo_cpp.h,8,2,10
/media/ullmann/HDDGabriel/engines/UnrealEngine/Engine/Source/ThirdParty/ICU/icu4c-53_1/source/common/ucnvmbcs.c,0,14,14
/media/ullmann/HDDGabriel/engines/UnrealEngine/Engine/Source/ThirdParty/ICU/icu4c-53_1/source/common/ucnv_ext.h,5,3,8
/media/ullmann/HDDGabriel/engines/UnrealEngine/Engine/Source/ThirdParty/Intel/Embree/Embree3122/Linux/x86_64-unknown-linux-gnu/include/embree3/rtcore.h,0,9,9
/media/ullmann/HDDGabriel/engines/UnrealEngine/Engine/Source/ThirdParty/Intel/Embree/Embree3122/Linux/x86_64-unknown-linux-gnu/include/embree3/rtcore_geometry.h,1,2,3
/media/ullmann/HDDGabriel/engines/UnrealEngine/Engine/Source/ThirdParty/FreeType2/FreeType2-2.10.0/src/autofit/afglobal.h,8,5,13
/media/ullmann/HDDGabriel/engines/UnrealEngine/Engine/Source/ThirdParty/PhysX3/APEX_1.4/shared/external/include/SamplePlaneActor.h,0,1,1
/media/ullmann/HDDGabriel/engines/UnrealEngine/Engine/Source/Programs/UnrealLightmass/Private/Lighting/AdaptiveVolumetricLightmap.cpp,0,3,3
/media/ullmann/HDDGabriel/engines/UnrealEngine/Engine/Source/ThirdParty/ICU/icu4c-53_1/source/common/udata.cpp,0,15,15
/media/ullmann/HDDGabriel/engines/UnrealEngine/Engine/Source/ThirdParty/Imath/Imath-3.1.3/src/python/PyImath/PyImathFixedArray.h,14,1,15
/media/ullmann/HDDGabriel/engines/UnrealEngine/Engine/Source/ThirdParty/Breakpad/src/client/windows/tests/crash_generation_app/crash_generation_app.h,0,1,1
/media/ullmann/HDDGabriel/engines/UnrealEngine/Engine/Source/ThirdParty/Breakpad/src/client/windows/tests/crash_generation_app/resource.h,1,0,1
/media/ullmann/HDDGabriel/engines/UnrealEngine/Engine/Source/ThirdParty/PhysX3/APEX_1.4/shared/general/HACD/include/dgGraph.h,0,2,2
/media/ullmann/HDDGabriel/engines/UnrealEngine/Engine/Source/ThirdParty/PhysX3/APEX_1.4/shared/general/HACD/include/dgList.h,3,1,4
/media/ullmann/HDDGabriel/engines/UnrealEngine/Engine/Source/ThirdParty/PhysX3/PhysX_3.4/Source/LowLevelCloth/src/SwCollision.cpp,0,7,7
/media/ullmann/HDDGabriel/engines/UnrealEngine/Engine/Source/ThirdParty/PhysX3/PhysX_3.4/Source/LowLevelCloth/src/PointInterpolator.h,2,0,2
/media/ullmann/HDDGabriel/engines/UnrealEngine/Engine/Source/ThirdParty/FreeImage/FreeImage-3.18.0/Source/OpenEXR/Imath/ImathHalfLimits.h,0,2,2
/media/ullmann/HDDGabriel/engines/UnrealEngine/Engine/Source/ThirdParty/PhysX3/PhysX_3.4/Source/PhysX/src/NpSceneQueries.cpp,0,3,3
/media/ullmann/HDDGabriel/engines/UnrealEngine/Engine/Source/ThirdParty/PhysX3/PhysX_3.4/Source/PhysX/src/NpRigidDynamic.h,10,1,11
/media/ullmann/HDDGabriel/engines/UnrealEngine/Engine/Source/ThirdParty/libOpus/opus-1.3.1-12/celt/pitch.h,8,5,13
/media/ullmann/HDDGabriel/engines/UnrealEngine/Engine/Source/ThirdParty/libOpus/opus-1.3.1-12/celt/arm/pitch_arm.h,1,1,2
/media/ullmann/HDDGabriel/engines/UnrealEngine/Engine/Source/ThirdParty/ICU/icu4c-64_1/source/i18n/csr2022.cpp,0,2,2
/media/ullmann/HDDGabriel/engines/UnrealEngine/Engine/Source/Developer/Windows/LiveCodingServer/Private/External/LC_CoffCache.cpp,0,2,2
/media/ullmann/HDDGabriel/engines/UnrealEngine/Engine/Source/Developer/Windows/LiveCodingServer/Private/External/LC_CoffCache.h,3,1,4
/media/ullmann/HDDGabriel/engines/UnrealEngine/Engine/Source/ThirdParty/libOpus/opus-1.1/src/repacketizer.c,0,1,1
/media/ullmann/HDDGabriel/engines/UnrealEngine/Engine/Source/ThirdParty/ICU/icu4c-53_1/source/layout/LEInsertionList.cpp,0,2,2
/media/ullmann/HDDGabriel/engines/UnrealEngine/Engine/Source/ThirdParty/PhysX3/PxShared/src/pvd/src/PxProfileMemoryEventSummarizer.h,0,4,4
/media/ullmann/HDDGabriel/engines/UnrealEngine/Engine/Source/ThirdParty/PhysX3/PxShared/src/pvd/src/PxProfileMemoryEvents.h,5,1,6
/media/ullmann/HDDGabriel/engines/UnrealEngine/Engine/Source/ThirdParty/MCPP/mcpp-2.7.2/test-l/nest95.h,1,1,2
/media/ullmann/HDDGabriel/engines/UnrealEngine/Engine/Source/ThirdParty/MCPP/mcpp-2.7.2/test-l/nest96.h,1,1,2
/media/ullmann/HDDGabriel/engines/UnrealEngine/Engine/Source/Runtime/Slate/Public/Widgets/Notifications/SPopUpErrorText.h,2,0,2
/media/ullmann/HDDGabriel/engines/UnrealEngine/Engine/Source/ThirdParty/ICU/icu4c-53_1/source/i18n/translit.cpp,0,21,21
/media/ullmann/HDDGabriel/engines/UnrealEngine/Engine/Source/ThirdParty/ICU/icu4c-53_1/source/i18n/uni2name.h,2,1,3
/media/ullmann/HDDGabriel/engines/UnrealEngine/Engine/Source/ThirdParty/OpenSubdiv/Deploy/OpenSubdiv-3.4.4/include/opensubdiv/hbr/mesh.h,1,8,9
/media/ullmann/HDDGabriel/engines/UnrealEngine/Engine/Source/ThirdParty/OpenSubdiv/Deploy/OpenSubdiv-3.4.4/include/opensubdiv/hbr/vertexEdit.h,2,2,4
/media/ullmann/HDDGabriel/engines/UnrealEngine/Engine/Source/ThirdParty/Intel/Embree/Embree270/src/kernels/xeonphi/bvh4i/bvh4i_intersector16_single.h,1,3,4
/media/ullmann/HDDGabriel/engines/UnrealEngine/Engine/Source/ThirdParty/Intel/Embree/Embree270/src/kernels/xeonphi/bvh4i/bvh4i.h,14,8,22
/media/ullmann/HDDGabriel/engines/UnrealEngine/Engine/Source/Editor/UnrealEd/Private/CookOnTheFlyServer.cpp,0,18,18
/media/ullmann/HDDGabriel/engines/UnrealEngine/Engine/Source/Editor/UnrealEd/Private/ShaderLibraryChunkDataGenerator.h,2,0,2
/media/ullmann/HDDGabriel/engines/UnrealEngine/Engine/Source/Runtime/MovieScene/Public/MovieSceneFrameMigration.h,2,1,3
/media/ullmann/HDDGabriel/engines/UnrealEngine/Engine/Source/Runtime/MovieScene/Public/MovieSceneFwd.h,8,1,9
/media/ullmann/HDDGabriel/engines/UnrealEngine/Engine/Source/ThirdParty/ICU/icu4c-53_1/source/test/intltest/tufmtts.h,2,1,3
/media/ullmann/HDDGabriel/engines/UnrealEngine/Engine/Source/Runtime/Slate/Public/Framework/Layout/Overscroll.h,3,0,3
/media/ullmann/HDDGabriel/engines/UnrealEngine/Engine/Source/ThirdParty/Crunch/src/example1/example1.cpp,0,1,1
/media/ullmann/HDDGabriel/engines/UnrealEngine/Engine/Source/ThirdParty/Crunch/src/example1/stb_image.h,1,0,1
/media/ullmann/HDDGabriel/engines/UnrealEngine/Engine/Source/ThirdParty/ICU/icu4c-53_1/source/test/intltest/itformat.h,2,1,3
/media/ullmann/HDDGabriel/engines/UnrealEngine/Engine/Source/ThirdParty/OpenSubdiv/OpenSubdiv-3.4.4/regression/shapes/loop_cube.h,2,0,2
/media/ullmann/HDDGabriel/engines/UnrealEngine/Engine/Source/ThirdParty/OpenVDB/openvdb-8.1.0/openvdb/openvdb/tools/ParticleAtlas.h,0,1,1
/media/ullmann/HDDGabriel/engines/UnrealEngine/Engine/Source/Developer/DerivedDataCache/Private/DerivedDataLegacyCacheStore.cpp,0,2,2
/media/ullmann/HDDGabriel/engines/UnrealEngine/Engine/Source/Developer/DerivedDataCache/Private/DerivedDataLegacyCacheStore.h,7,1,8
/media/ullmann/HDDGabriel/engines/UnrealEngine/Engine/Source/ThirdParty/FreeImage/FreeImage-3.18.0/Source/OpenEXR/IlmImf/ImfScanLineInputFile.cpp,0,13,13
/media/ullmann/HDDGabriel/engines/UnrealEngine/Engine/Source/ThirdParty/FreeImage/FreeImage-3.18.0/Source/OpenEXR/IlmImf/ImfScanLineInputFile.h,3,8,11
/media/ullmann/HDDGabriel/engines/UnrealEngine/Engine/Source/ThirdParty/CryptoPP/5.6.5/include/base64.h,3,2,5
/media/ullmann/HDDGabriel/engines/UnrealEngine/Engine/Source/ThirdParty/OpenSubdiv/Deploy/OpenSubdiv-3.4.4/include/opensubdiv/osd/glVertexBuffer.h,0,2,2
/media/ullmann/HDDGabriel/engines/UnrealEngine/Engine/Source/ThirdParty/OpenSubdiv/Deploy/OpenSubdiv-3.4.4/include/opensubdiv/version.h,62,0,62
/media/ullmann/HDDGabriel/engines/UnrealEngine/Engine/Source/Developer/Windows/LiveCoding/Private/External/LC_ClientUserCommandThread.cpp,0,13,13
/media/ullmann/HDDGabriel/engines/UnrealEngine/Engine/Source/Developer/Windows/LiveCoding/Private/External/LC_ClientCommandActions.h,4,1,5
/media/ullmann/HDDGabriel/engines/UnrealEngine/Engine/Source/ThirdParty/FreeType2/FreeType2-2.10.0/include/ft2build.h,0,1,1
/media/ullmann/HDDGabriel/engines/UnrealEngine/Engine/Source/ThirdParty/FreeType2/FreeType2-2.10.0/include/freetype/config/ftheader.h,1,0,1
/media/ullmann/HDDGabriel/engines/UnrealEngine/Engine/Source/Runtime/CrashReportCore/Public/IOS/IOSErrorReport.h,1,1,2
/media/ullmann/HDDGabriel/engines/UnrealEngine/Engine/Source/Runtime/CrashReportCore/Public/GenericErrorReport.h,3,1,4
/media/ullmann/HDDGabriel/engines/UnrealEngine/Engine/Source/ThirdParty/Steamworks/Steamv147/sdk/public/steam/isteammusicremote.h,1,2,3
/media/ullmann/HDDGabriel/engines/UnrealEngine/Engine/Source/ThirdParty/ICU/icu4c-64_1/source/test/intltest/itformat.cpp,0,46,46
/media/ullmann/HDDGabriel/engines/UnrealEngine/Engine/Source/ThirdParty/ICU/icu4c-64_1/source/test/intltest/dtifmtts.h,2,2,4
/media/ullmann/HDDGabriel/engines/UnrealEngine/Engine/Source/Editor/Kismet/Private/SCSEditorViewportClient.cpp,0,2,2
/media/ullmann/HDDGabriel/engines/UnrealEngine/Engine/Source/Editor/Kismet/Private/SCSEditorViewportClient.h,2,0,2
/media/ullmann/HDDGabriel/engines/UnrealEngine/Engine/Source/Developer/TraceInsights/Private/Insights/ViewModels/FilterConfiguratorNode.cpp,0,1,1
/media/ullmann/HDDGabriel/engines/UnrealEngine/Engine/Source/Developer/TraceInsights/Private/Insights/ViewModels/FilterConfiguratorNode.h,1,0,1
/media/ullmann/HDDGabriel/engines/UnrealEngine/Engine/Source/ThirdParty/SDL2/SDL-gui-backend/src/video/directfb/SDL_DirectFB_WM.c,0,4,4
/media/ullmann/HDDGabriel/engines/UnrealEngine/Engine/Source/ThirdParty/SDL2/SDL-gui-backend/src/events/SDL_windowevents_c.h,8,1,9
/media/ullmann/HDDGabriel/engines/UnrealEngine/Engine/Source/ThirdParty/PhysX3/PhysX_3.4/Include/characterkinematic/PxCapsuleController.h,1,0,1
/media/ullmann/HDDGabriel/engines/UnrealEngine/Engine/Source/ThirdParty/ICU/icu4c-64_1/source/i18n/numparse_impl.cpp,0,8,8
/media/ullmann/HDDGabriel/engines/UnrealEngine/Engine/Source/ThirdParty/ICU/icu4c-64_1/source/i18n/numparse_impl.h,3,9,12
/media/ullmann/HDDGabriel/engines/UnrealEngine/Engine/Source/ThirdParty/CryptoPP/5.6.5/include/integer.cpp,0,16,16
/media/ullmann/HDDGabriel/engines/UnrealEngine/Engine/Source/ThirdParty/CryptoPP/5.6.5/include/words.h,3,2,5
/media/ullmann/HDDGabriel/engines/UnrealEngine/Engine/Source/ThirdParty/libstrophe/libstrophe-0.9.3/src/md5.c,0,1,1
/media/ullmann/HDDGabriel/engines/UnrealEngine/Engine/Source/ThirdParty/libstrophe/libstrophe-0.9.3/src/md5.h,2,1,3
/media/ullmann/HDDGabriel/engines/UnrealEngine/Engine/Source/ThirdParty/PhysX3/PhysX_3.4/Source/LowLevelCloth/src/SwFactory.h,6,1,7
/media/ullmann/HDDGabriel/engines/UnrealEngine/Engine/Source/ThirdParty/PhysX3/PhysX_3.4/Source/LowLevelCloth/src/Allocator.h,7,0,7
/media/ullmann/HDDGabriel/engines/UnrealEngine/Engine/Source/ThirdParty/Python3/Win64/include/bytearrayobject.h,1,1,2
/media/ullmann/HDDGabriel/engines/UnrealEngine/Engine/Source/ThirdParty/Android/libunwind/libunwind/src/hppa/get_accessors.c,0,1,1
/media/ullmann/HDDGabriel/engines/UnrealEngine/Engine/Source/ThirdParty/Android/libunwind/libunwind/src/hppa/unwind_i.h,15,0,15
/media/ullmann/HDDGabriel/engines/UnrealEngine/Engine/Source/ThirdParty/CryptoPP/5.6.2/include/oids.h,8,1,9
/media/ullmann/HDDGabriel/engines/UnrealEngine/Engine/Source/Editor/DetailCustomizations/Private/InputStructCustomization.cpp,0,2,2
/media/ullmann/HDDGabriel/engines/UnrealEngine/Engine/Source/Editor/DetailCustomizations/Private/InputStructCustomization.h,2,0,2
/media/ullmann/HDDGabriel/engines/UnrealEngine/Engine/Source/ThirdParty/PhysX3/APEX_1.4/module/destructible/fracture/Core/CompoundBase.cpp,0,8,8
/media/ullmann/HDDGabriel/engines/UnrealEngine/Engine/Source/ThirdParty/PhysX3/APEX_1.4/module/destructible/fracture/Core/CompoundGeometryBase.h,7,0,7
/media/ullmann/HDDGabriel/engines/UnrealEngine/Engine/Source/Developer/Android/AndroidTargetPlatform/Private/AndroidTargetPlatformModule.cpp,0,2,2
/media/ullmann/HDDGabriel/engines/UnrealEngine/Engine/Source/Developer/Android/AndroidTargetPlatform/Private/AndroidTargetPlatform.h,2,1,3
/media/ullmann/HDDGabriel/engines/UnrealEngine/Engine/Source/ThirdParty/OpenSubdiv/OpenSubdiv-3.4.4/opensubdiv/osd/ompEvaluator.h,1,3,4
/media/ullmann/HDDGabriel/engines/UnrealEngine/Engine/Source/Developer/RigVMDeveloper/Public/RigVMCompiler/RigVMAST.h,0,1,1
/media/ullmann/HDDGabriel/engines/UnrealEngine/Engine/Source/Developer/RigVMDeveloper/Public/RigVMCompiler/RigVMASTProxy.h,1,0,1
/media/ullmann/HDDGabriel/engines/UnrealEngine/Engine/Source/ThirdParty/Intel/TBB/IntelTBB-2019u8/include/tbb/concurrent_vector.h,2,8,10
/media/ullmann/HDDGabriel/engines/UnrealEngine/Engine/Source/ThirdParty/Intel/TBB/IntelTBB-2019u8/include/tbb/cache_aligned_allocator.h,7,1,8
/media/ullmann/HDDGabriel/engines/UnrealEngine/Engine/Source/ThirdParty/ICU/icu4c-53_1/source/i18n/selfmt.cpp,0,4,4
/media/ullmann/HDDGabriel/engines/UnrealEngine/Engine/Source/ThirdParty/ICU/icu4c-53_1/source/i18n/unicode/umsg.h,3,0,3
/media/ullmann/HDDGabriel/engines/UnrealEngine/Engine/Source/ThirdParty/ShaderConductor/ShaderConductor/External/DirectXShaderCompiler/tools/clang/lib/Parse/ParseExprCXX.cpp,0,1,1
/media/ullmann/HDDGabriel/engines/UnrealEngine/Engine/Source/ThirdParty/ShaderConductor/ShaderConductor/External/DirectXShaderCompiler/tools/clang/lib/Parse/RAIIObjectsForParser.h,14,0,14
/media/ullmann/HDDGabriel/engines/UnrealEngine/Engine/Source/ThirdParty/ICU/icu4c-64_1/source/test/intltest/sfwdchit.h,14,1,15
/media/ullmann/HDDGabriel/engines/UnrealEngine/Engine/Source/Runtime/Sockets/Public/SocketSubsystem.h,1,3,4
/media/ullmann/HDDGabriel/engines/UnrealEngine/Engine/Source/Runtime/Sockets/Public/SocketTypes.h,5,0,5
/media/ullmann/HDDGabriel/engines/UnrealEngine/Engine/Source/ThirdParty/ShaderConductor/ShaderConductor/External/DirectXShaderCompiler/tools/clang/lib/CodeGen/CodeGenPGO.cpp,0,3,3
/media/ullmann/HDDGabriel/engines/UnrealEngine/Engine/Source/ThirdParty/ShaderConductor/ShaderConductor/External/DirectXShaderCompiler/tools/clang/lib/CodeGen/CodeGenPGO.h,4,3,7
/media/ullmann/HDDGabriel/engines/UnrealEngine/Engine/Source/ThirdParty/SDL2/SDL-gui-backend/src/video/khronos/vulkan/vulkan.h,3,16,19
/media/ullmann/HDDGabriel/engines/UnrealEngine/Engine/Source/ThirdParty/SDL2/SDL-gui-backend/src/video/khronos/vulkan/vulkan_wayland.h,1,0,1
/media/ullmann/HDDGabriel/engines/UnrealEngine/Engine/Source/ThirdParty/ICU/icu4c-64_1/source/common/ucharstrie.cpp,0,7,7
/media/ullmann/HDDGabriel/engines/UnrealEngine/Engine/Source/ThirdParty/ICU/icu4c-64_1/source/i18n/unum.cpp,0,8,8
/media/ullmann/HDDGabriel/engines/UnrealEngine/Engine/Source/ThirdParty/CryptoPP/5.6.5/include/blake2.h,3,3,6
/media/ullmann/HDDGabriel/engines/UnrealEngine/Engine/Source/ThirdParty/SDL2/SDL-gui-backend/src/audio/winmm/SDL_winmm.h,1,2,3
/media/ullmann/HDDGabriel/engines/UnrealEngine/Engine/Source/ThirdParty/openexr/openexr-3.1.1/src/lib/OpenEXRCore/internal_compress.h,7,1,8
/media/ullmann/HDDGabriel/engines/UnrealEngine/Engine/Source/ThirdParty/openexr/openexr-3.1.1/src/lib/OpenEXRCore/openexr_encode.h,5,2,7
/media/ullmann/HDDGabriel/engines/UnrealEngine/Engine/Source/ThirdParty/HarfBuzz/harfbuzz-1.2.4/src/hb-font.h,5,2,7
/media/ullmann/HDDGabriel/engines/UnrealEngine/Engine/Source/ThirdParty/HarfBuzz/harfbuzz-1.2.4/src/hb-common.h,11,0,11
/media/ullmann/HDDGabriel/engines/UnrealEngine/Engine/Source/ThirdParty/SDL2/SDL-gui-backend/src/audio/coreaudio/SDL_coreaudio.h,0,2,2
/media/ullmann/HDDGabriel/engines/UnrealEngine/Engine/Source/ThirdParty/nvTextureTools/nvTextureTools-2.0.6/src/src/nvtt/squish/fastclusterfit.cpp,0,4,4
/media/ullmann/HDDGabriel/engines/UnrealEngine/Engine/Source/ThirdParty/nvTextureTools/nvTextureTools-2.0.6/src/src/nvtt/squish/fastclusterfit.h,2,4,6
/media/ullmann/HDDGabriel/engines/UnrealEngine/Engine/Source/ThirdParty/CryptoPP/5.6.2/include/gfpcrypt.cpp,0,5,5
/media/ullmann/HDDGabriel/engines/UnrealEngine/Engine/Source/Editor/AudioEditor/Private/AssetTypeActions/AssetTypeActions_SoundSourceBus.h,1,0,1
/media/ullmann/HDDGabriel/engines/UnrealEngine/Engine/Source/ThirdParty/CryptoPP/5.6.2/include/dsa.cpp,0,3,3
/media/ullmann/HDDGabriel/engines/UnrealEngine/Engine/Source/ThirdParty/CryptoPP/5.6.2/include/dsa.h,6,1,7
/media/ullmann/HDDGabriel/engines/UnrealEngine/Engine/Source/Runtime/Engine/Public/StaticMeshResources.h,4,14,18
/media/ullmann/HDDGabriel/engines/UnrealEngine/Engine/Source/Runtime/Engine/Public/RawIndexBuffer.h,7,0,7
/media/ullmann/HDDGabriel/engines/UnrealEngine/Engine/Source/ThirdParty/SDL2/SDL-gui-backend/src/SDL_hints.c,0,2,2
/media/ullmann/HDDGabriel/engines/UnrealEngine/Engine/Source/ThirdParty/SDL2/SDL-gui-backend/src/SDL_hints_c.h,8,1,9
/media/ullmann/HDDGabriel/engines/UnrealEngine/Engine/Source/Developer/LogVisualizer/Private/SVisualLoggerToolbar.h,3,1,4
/media/ullmann/HDDGabriel/engines/UnrealEngine/Engine/Source/Developer/LogVisualizer/Private/SVisualLoggerBaseWidget.h,5,1,6
/media/ullmann/HDDGabriel/engines/UnrealEngine/Engine/Source/ThirdParty/Oculus/LibOVRPlatform/LibOVRPlatform/include/OVR_AssetFileDownloadCancelResult.h,2,2,4
/media/ullmann/HDDGabriel/engines/UnrealEngine/Engine/Source/ThirdParty/Python3/Mac/include/listobject.h,1,1,2
/media/ullmann/HDDGabriel/engines/UnrealEngine/Engine/Source/ThirdParty/CryptoPP/5.6.5/include/strciphr.cpp,1,2,3
/media/ullmann/HDDGabriel/engines/UnrealEngine/Engine/Source/ThirdParty/Intel/Embree/Embree270/src/kernels/xeon/bvh4/bvh4_builder_twolevel.cpp,1,3,4
/media/ullmann/HDDGabriel/engines/UnrealEngine/Engine/Source/ThirdParty/Intel/Embree/Embree270/src/kernels/xeon/bvh4/bvh4_statistics.h,6,1,7
/media/ullmann/HDDGabriel/engines/UnrealEngine/Engine/Source/Editor/Persona/Private/AnimTimeline/AnimTimelineTrack_FloatCurve.cpp,0,3,3
/media/ullmann/HDDGabriel/engines/UnrealEngine/Engine/Source/Editor/Persona/Private/AnimTimeline/AnimModel_AnimSequenceBase.h,8,1,9
/media/ullmann/HDDGabriel/engines/UnrealEngine/Engine/Source/ThirdParty/SDL2/SDL-gui-backend/include/SDL_messagebox.h,1,4,5
/media/ullmann/HDDGabriel/engines/UnrealEngine/Engine/Source/ThirdParty/Intel/TBB/IntelTBB-2019u8/src/old/test_mutex_v2.cpp,0,3,3
/media/ullmann/HDDGabriel/engines/UnrealEngine/Engine/Source/Runtime/RenderCore/Public/RenderingThread.h,2,0,2
/media/ullmann/HDDGabriel/engines/UnrealEngine/Engine/Source/ThirdParty/ICU/icu4c-53_1/source/samples/layout/gnomeglue.cpp,0,7,7
/media/ullmann/HDDGabriel/engines/UnrealEngine/Engine/Source/ThirdParty/ICU/icu4c-53_1/source/samples/layout/gnomeglue.h,2,2,4
/media/ullmann/HDDGabriel/engines/UnrealEngine/Engine/Source/ThirdParty/libOpus/opus-1.3.1-12/silk/float/corrMatrix_FLP.c,0,1,1
/media/ullmann/HDDGabriel/engines/UnrealEngine/Engine/Source/ThirdParty/libOpus/opus-1.3.1-12/silk/float/main_FLP.h,16,2,18
/media/ullmann/HDDGabriel/engines/UnrealEngine/Engine/Source/Developer/TraceAnalysis/Private/Store/AsioTraceRelay.cpp,0,3,3
/media/ullmann/HDDGabriel/engines/UnrealEngine/Engine/Source/Developer/TraceAnalysis/Private/Store/AsioRecorder.h,4,2,6
/media/ullmann/HDDGabriel/engines/UnrealEngine/Engine/Source/ThirdParty/ShaderConductor/ShaderConductor/External/DirectXShaderCompiler/tools/llvm-readobj/ELFDumper.cpp,0,7,7
/media/ullmann/HDDGabriel/engines/UnrealEngine/Engine/Source/ThirdParty/OpenVDB/openvdb-8.1.0/openvdb/openvdb/tools/ParticlesToLevelSet.h,0,4,4
/media/ullmann/HDDGabriel/engines/UnrealEngine/Engine/Source/ThirdParty/OpenVDB/openvdb-8.1.0/openvdb/openvdb/tools/SignedFloodFill.h,8,0,8
/media/ullmann/HDDGabriel/engines/UnrealEngine/Engine/Source/Runtime/Landscape/Classes/LandscapeComponent.h,1,2,3
/media/ullmann/HDDGabriel/engines/UnrealEngine/Engine/Source/Runtime/Landscape/Classes/LandscapeWeightmapUsage.h,2,0,2
/media/ullmann/HDDGabriel/engines/UnrealEngine/Engine/Source/Programs/UnrealFrontend/Private/Commands/UserInterfaceCommand.cpp,0,1,1
/media/ullmann/HDDGabriel/engines/UnrealEngine/Engine/Source/Programs/UnrealFrontend/Private/Commands/UserInterfaceCommand.h,2,0,2
/media/ullmann/HDDGabriel/engines/UnrealEngine/Engine/Source/ThirdParty/Distorm/src/operands.c,0,5,5
/media/ullmann/HDDGabriel/engines/UnrealEngine/Engine/Source/ThirdParty/Distorm/src/config.h,9,1,10
/media/ullmann/HDDGabriel/engines/UnrealEngine/Engine/Source/Runtime/ImageWrapper/Private/Formats/IcoImageWrapper.cpp,0,1,1
/media/ullmann/HDDGabriel/engines/UnrealEngine/Engine/Source/Runtime/ImageWrapper/Private/Formats/IcoImageWrapper.h,2,0,2
/media/ullmann/HDDGabriel/engines/UnrealEngine/Engine/Source/Runtime/Core/Public/Math/ConvexHull2d.h,3,0,3
/media/ullmann/HDDGabriel/engines/UnrealEngine/Engine/Source/ThirdParty/Intel/Embree/Embree270/src/kernels/xeonphi/bvh4i/bvh4i_intersector16_hybrid.h,1,3,4
/media/ullmann/HDDGabriel/engines/UnrealEngine/Engine/Source/ThirdParty/Intel/Embree/Embree270/src/kernels/xeonphi/bvh4i/bvh4i_traversal.h,7,1,8
/media/ullmann/HDDGabriel/engines/UnrealEngine/Engine/Source/ThirdParty/CryptoPP/5.6.5/include/sha.h,20,2,22
/media/ullmann/HDDGabriel/engines/UnrealEngine/Engine/Source/ThirdParty/FreeImage/FreeImage-3.18.0/Source/OpenEXR/Imath/ImathInterval.h,0,2,2
/media/ullmann/HDDGabriel/engines/UnrealEngine/Engine/Source/ThirdParty/FreeImage/FreeImage-3.18.0/Source/OpenEXR/Imath/ImathVec.h,16,4,20
/media/ullmann/HDDGabriel/engines/UnrealEngine/Engine/Source/ThirdParty/FreeType2/FreeType2-2.6/Src/gxvalid/gxvkern.c,1,2,3
/media/ullmann/HDDGabriel/engines/UnrealEngine/Engine/Source/ThirdParty/FreeType2/FreeType2-2.6/Src/gxvalid/gxvalid.h,13,1,14
/media/ullmann/HDDGabriel/engines/UnrealEngine/Engine/Source/ThirdParty/CryptoPP/5.6.2/include/gfpcrypt.h,6,7,13
/media/ullmann/HDDGabriel/engines/UnrealEngine/Engine/Source/Runtime/Renderer/Private/Nanite/NaniteMaterials.h,3,2,5
/media/ullmann/HDDGabriel/engines/UnrealEngine/Engine/Source/Runtime/Renderer/Private/Nanite/NaniteCullRaster.h,5,1,6
/media/ullmann/HDDGabriel/engines/UnrealEngine/Engine/Source/ThirdParty/CryptoPP/5.6.5/include/shacal2.h,3,2,5
/media/ullmann/HDDGabriel/engines/UnrealEngine/Engine/Source/ThirdParty/OpenSubdiv/Deploy/OpenSubdiv-3.4.4/include/opensubdiv/vtr/componentInterfaces.h,1,5,6
/media/ullmann/HDDGabriel/engines/UnrealEngine/Engine/Source/ThirdParty/OpenSubdiv/Deploy/OpenSubdiv-3.4.4/include/opensubdiv/vtr/stackBuffer.h,2,1,3
/media/ullmann/HDDGabriel/engines/UnrealEngine/Engine/Source/ThirdParty/FreeImage/FreeImage-3.18.0/Source/LibWebP/src/webp/demux.h,0,2,2
/media/ullmann/HDDGabriel/engines/UnrealEngine/Engine/Source/ThirdParty/FreeImage/FreeImage-3.18.0/Source/LibWebP/src/webp/decode.h,2,1,3
/media/ullmann/HDDGabriel/engines/UnrealEngine/Engine/Source/ThirdParty/ShaderConductor/ShaderConductor/External/DirectXShaderCompiler/tools/clang/lib/CodeGen/CGBuiltin.cpp,0,5,5
/media/ullmann/HDDGabriel/engines/UnrealEngine/Engine/Source/Runtime/Portal/Rpc/Private/PortalRpcServer.cpp,0,2,2
/media/ullmann/HDDGabriel/engines/UnrealEngine/Engine/Source/Runtime/Portal/Rpc/Private/PortalRpcMessages.h,3,0,3
/media/ullmann/HDDGabriel/engines/UnrealEngine/Engine/Source/ThirdParty/openexr/openexr-3.1.1/src/lib/OpenEXR/ImfConvert.h,6,2,8
/media/ullmann/HDDGabriel/engines/UnrealEngine/Engine/Source/ThirdParty/FreeImage/FreeImage-3.18.0/Source/LibOpenJPEG/event.h,1,0,1
/media/ullmann/HDDGabriel/engines/UnrealEngine/Engine/Source/ThirdParty/PhysX3/NvCloth/samples/SampleBase/utils/SampleProfiler.cpp,0,1,1
/media/ullmann/HDDGabriel/engines/UnrealEngine/Engine/Source/ThirdParty/PhysX3/NvCloth/samples/SampleBase/utils/SampleProfiler.h,1,0,1
/media/ullmann/HDDGabriel/engines/UnrealEngine/Engine/Source/ThirdParty/Intel/Embree/Embree2140/src/kernels/bvh/bvh_builder_twolevel.cpp,0,6,6
/media/ullmann/HDDGabriel/engines/UnrealEngine/Engine/Source/ThirdParty/Intel/Embree/Embree2140/src/kernels/bvh/bvh_statistics.h,6,1,7
/media/ullmann/HDDGabriel/engines/UnrealEngine/Engine/Source/ThirdParty/FBX/2020.2/include/fbxsdk/scene/constraint/fbxconstraintaim.h,1,0,1
/media/ullmann/HDDGabriel/engines/UnrealEngine/Engine/Source/Runtime/GeometryCore/Public/PointSetAdapter.h,0,1,1
/media/ullmann/HDDGabriel/engines/UnrealEngine/Engine/Source/ThirdParty/Intel/TBB/IntelTBB-2019u8/include/tbb/aggregator.h,1,2,3
/media/ullmann/HDDGabriel/engines/UnrealEngine/Engine/Source/ThirdParty/OpenSubdiv/OpenSubdiv-3.4.4/examples/common/objAnim.h,5,1,6
/media/ullmann/HDDGabriel/engines/UnrealEngine/Engine/Source/ThirdParty/OpenSubdiv/OpenSubdiv-3.4.4/regression/common/shape_utils.h,20,0,20
/media/ullmann/HDDGabriel/engines/UnrealEngine/Engine/Source/ThirdParty/FreeImage/FreeImage-3.18.0/Source/ZLib/infback.c,0,5,5
/media/ullmann/HDDGabriel/engines/UnrealEngine/Engine/Source/ThirdParty/FreeImage/FreeImage-3.18.0/Source/ZLib/zutil.h,9,1,10
/media/ullmann/HDDGabriel/engines/UnrealEngine/Engine/Source/ThirdParty/FreeType2/FreeType2-2.10.4/src/psaux/psstack.c,1,5,6
/media/ullmann/HDDGabriel/engines/UnrealEngine/Engine/Source/ThirdParty/FreeType2/FreeType2-2.10.4/src/psaux/psglue.h,8,4,12
/media/ullmann/HDDGabriel/engines/UnrealEngine/Engine/Source/Editor/LevelInstanceEditor/Private/LevelInstanceEditorModeToolkit.cpp,0,1,1
/media/ullmann/HDDGabriel/engines/UnrealEngine/Engine/Source/Editor/LevelInstanceEditor/Private/LevelInstanceEditorModeToolkit.h,2,0,2
/media/ullmann/HDDGabriel/engines/UnrealEngine/Engine/Source/Editor/DataTableEditor/Private/CompositeDataTableEditor.h,2,1,3
/media/ullmann/HDDGabriel/engines/UnrealEngine/Engine/Source/Editor/DataTableEditor/Private/DataTableEditor.h,4,1,5
/media/ullmann/HDDGabriel/engines/UnrealEngine/Engine/Source/ThirdParty/ICU/icu4c-53_1/source/tools/genrb/genrb.h,4,4,8
/media/ullmann/HDDGabriel/engines/UnrealEngine/Engine/Source/ThirdParty/WebRTC/4147/Include/third_party/libvpx/source/config/nacl/vp9_rtcd.h,0,1,1
/media/ullmann/HDDGabriel/engines/UnrealEngine/Engine/Source/ThirdParty/ICU/icu4c-53_1/include/layout/LESwaps.h,0,1,1
/media/ullmann/HDDGabriel/engines/UnrealEngine/Engine/Source/ThirdParty/ICU/icu4c-53_1/include/layout/LETypes.h,9,0,9
/media/ullmann/HDDGabriel/engines/UnrealEngine/Engine/Source/ThirdParty/glslang/glslang/src/glslang_lib/glslang/MachineIndependent/linkValidate.cpp,0,2,2
/media/ullmann/HDDGabriel/engines/UnrealEngine/Engine/Source/ThirdParty/glslang/glslang/src/glslang_lib/glslang/MachineIndependent/localintermediate.h,11,3,14
/media/ullmann/HDDGabriel/engines/UnrealEngine/Engine/Source/Runtime/Engine/Classes/Animation/AnimNotifies/AnimNotify_PauseClothingSimulation.h,0,1,1
/media/ullmann/HDDGabriel/engines/UnrealEngine/Engine/Source/Runtime/Engine/Classes/Animation/AnimNotifies/AnimNotify.h,4,0,4
/media/ullmann/HDDGabriel/engines/UnrealEngine/Engine/Source/ThirdParty/ShaderConductor/ShaderConductor/External/DirectXShaderCompiler/tools/llvm-pdbdump/ClassDefinitionDumper.cpp,0,7,7
/media/ullmann/HDDGabriel/engines/UnrealEngine/Engine/Source/ThirdParty/ShaderConductor/ShaderConductor/External/DirectXShaderCompiler/tools/llvm-pdbdump/FunctionDumper.h,6,0,6
/media/ullmann/HDDGabriel/engines/UnrealEngine/Engine/Source/ThirdParty/FreeType2/FreeType2-2.10.0/src/autofit/aflatin.c,1,4,5
/media/ullmann/HDDGabriel/engines/UnrealEngine/Engine/Source/ThirdParty/FreeType2/FreeType2-2.10.0/src/autofit/aflatin.h,6,1,7
/media/ullmann/HDDGabriel/engines/UnrealEngine/Engine/Source/ThirdParty/ICU/icu4c-64_1/source/common/ustr_cnv.h,5,2,7
/media/ullmann/HDDGabriel/engines/UnrealEngine/Engine/Source/Runtime/Apple/MetalRHI/Private/MetalCommands.cpp,0,6,6
/media/ullmann/HDDGabriel/engines/UnrealEngine/Engine/Source/ThirdParty/Expat/expat-2.2.10/tests/runtests.c,1,4,5
/media/ullmann/HDDGabriel/engines/UnrealEngine/Engine/Source/ThirdParty/Expat/expat-2.2.10/tests/structdata.h,2,0,2
/media/ullmann/HDDGabriel/engines/UnrealEngine/Engine/Source/Runtime/Slate/Public/Widgets/Layout/SScrollBorder.h,2,0,2
/media/ullmann/HDDGabriel/engines/UnrealEngine/Engine/Source/ThirdParty/Python3/Linux/include/python3.9/frameobject.h,0,2,2
/media/ullmann/HDDGabriel/engines/UnrealEngine/Engine/Source/ThirdParty/Python3/Linux/include/python3.9/pyframe.h,2,0,2
/media/ullmann/HDDGabriel/engines/UnrealEngine/Engine/Source/ThirdParty/CryptoPP/5.6.2/include/dh.cpp,0,2,2
/media/ullmann/HDDGabriel/engines/UnrealEngine/Engine/Source/ThirdParty/FreeType2/FreeType2-2.10.0/src/truetype/ttgload.c,1,5,6
/media/ullmann/HDDGabriel/engines/UnrealEngine/Engine/Source/ThirdParty/Intel/Embree/Embree270/src/kernels/xeonphi/geometry/instance_intersector16.h,1,2,3
/media/ullmann/HDDGabriel/engines/UnrealEngine/Engine/Source/ThirdParty/Intel/Embree/Embree2140/src/kernels/bvh/bvh_intersector_stream.h,2,4,6
/media/ullmann/HDDGabriel/engines/UnrealEngine/Engine/Source/ThirdParty/Intel/Embree/Embree2140/src/kernels/common/stack_item.h,3,1,4
/media/ullmann/HDDGabriel/engines/UnrealEngine/Engine/Source/ThirdParty/FreeImage/FreeImage-3.18.0/Source/OpenEXR/IlmImf/ImfStringAttribute.h,4,1,5
/media/ullmann/HDDGabriel/engines/UnrealEngine/Engine/Source/ThirdParty/coremod/coremod-4.2.6/src/loaders/xm_load.c,0,2,2
/media/ullmann/HDDGabriel/engines/UnrealEngine/Engine/Source/ThirdParty/coremod/coremod-4.2.6/src/loaders/loader.h,8,0,8
/media/ullmann/HDDGabriel/engines/UnrealEngine/Engine/Source/ThirdParty/Intel/ISPC/ispc-1.17.0/src/ctx.cpp,0,9,9
/media/ullmann/HDDGabriel/engines/UnrealEngine/Engine/Source/ThirdParty/Intel/ISPC/ispc-1.17.0/src/sym.h,11,2,13
/media/ullmann/HDDGabriel/engines/UnrealEngine/Engine/Source/ThirdParty/PhysX3/APEX_1.4/include/RenderDebugInterface.h,1,3,4
/media/ullmann/HDDGabriel/engines/UnrealEngine/Engine/Source/ThirdParty/PhysX3/APEX_1.4/include/ApexInterface.h,9,2,11
/media/ullmann/HDDGabriel/engines/UnrealEngine/Engine/Source/Runtime/Engine/Public/Tickable.h,3,0,3
/media/ullmann/HDDGabriel/engines/UnrealEngine/Engine/Source/ThirdParty/Unix/LibCxx/include/c++/v1/stdio.h,0,1,1
/media/ullmann/HDDGabriel/engines/UnrealEngine/Engine/Source/Runtime/Renderer/Private/FogRendering.cpp,0,5,5
/media/ullmann/HDDGabriel/engines/UnrealEngine/Engine/Source/ThirdParty/libOpus/opus-1.3.1-12/silk/NLSF_del_dec_quant.c,0,1,1
/media/ullmann/HDDGabriel/engines/UnrealEngine/Engine/Source/ThirdParty/libOpus/opus-1.3.1-12/celt/arm/armcpu.h,3,0,3
/media/ullmann/HDDGabriel/engines/UnrealEngine/Engine/Source/ThirdParty/ShaderConductor/ShaderConductor/External/DirectXShaderCompiler/tools/clang/lib/StaticAnalyzer/Checkers/FixedAddressChecker.cpp,0,1,1
/media/ullmann/HDDGabriel/engines/UnrealEngine/Engine/Source/Runtime/SlateCore/Public/Styling/ISlateStyle.h,1,0,1
/media/ullmann/HDDGabriel/engines/UnrealEngine/Engine/Source/ThirdParty/SDL2/SDL-gui-backend/src/video/SDL_shape.c,0,3,3
/media/ullmann/HDDGabriel/engines/UnrealEngine/Engine/Source/Developer/Windows/LiveCoding/Private/External/LC_ClientCommandThread.cpp,0,9,9
/media/ullmann/HDDGabriel/engines/UnrealEngine/Engine/Source/Developer/Windows/LiveCoding/Private/External/LC_HeartBeat.h,2,2,4
/media/ullmann/HDDGabriel/engines/UnrealEngine/Engine/Source/ThirdParty/libcurl/curl-7.55.1/include/Win64/VS2015/curl/multi.h,1,1,2
/media/ullmann/HDDGabriel/engines/UnrealEngine/Engine/Source/ThirdParty/libcurl/curl-7.55.1/include/Win64/VS2015/curl/curl.h,2,5,7
/media/ullmann/HDDGabriel/engines/UnrealEngine/Engine/Source/ThirdParty/ICU/icu4c-53_1/source/test/letest/xmlreader.cpp,0,3,3
/media/ullmann/HDDGabriel/engines/UnrealEngine/Engine/Source/ThirdParty/ICU/icu4c-53_1/source/test/letest/xmlreader.h,2,1,3
/media/ullmann/HDDGabriel/engines/UnrealEngine/Engine/Source/ThirdParty/OpenVDB/Deploy/openvdb-8.1.0/include/openvdb/tools/LevelSetFracture.h,0,3,3
/media/ullmann/HDDGabriel/engines/UnrealEngine/Engine/Source/ThirdParty/OpenVDB/Deploy/openvdb-8.1.0/include/openvdb/tools/LevelSetUtil.h,4,2,6
/media/ullmann/HDDGabriel/engines/UnrealEngine/Engine/Source/ThirdParty/ICU/icu4c-64_1/source/common/ulist.cpp,0,4,4
/media/ullmann/HDDGabriel/engines/UnrealEngine/Engine/Source/ThirdParty/ICU/icu4c-64_1/source/common/ulist.h,2,2,4
/media/ullmann/HDDGabriel/engines/UnrealEngine/Engine/Source/ThirdParty/HWCPipe/include/vendor/arm/mali/mali_profiler.h,2,1,3
/media/ullmann/HDDGabriel/engines/UnrealEngine/Engine/Source/ThirdParty/HWCPipe/include/vendor/arm/mali/hwc.hpp,1,1,2
/media/ullmann/HDDGabriel/engines/UnrealEngine/Engine/Source/ThirdParty/ICU/icu4c-64_1/source/common/uloc.cpp,0,14,14
/media/ullmann/HDDGabriel/engines/UnrealEngine/Engine/Source/ThirdParty/ICU/icu4c-64_1/source/common/charstr.h,29,4,33
/media/ullmann/HDDGabriel/engines/UnrealEngine/Engine/Source/ThirdParty/Intel/Embree/Embree270/src/common/math/vec3ia_mic.h,2,2,4
/media/ullmann/HDDGabriel/engines/UnrealEngine/Engine/Source/ThirdParty/Intel/Embree/Embree270/src/common/math/math.h,19,2,21
/media/ullmann/HDDGabriel/engines/UnrealEngine/Engine/Source/ThirdParty/Intel/ISPC/ispc-1.16.1/examples/cpu/aobench_instrumented/ao.cpp,0,2,2
/media/ullmann/HDDGabriel/engines/UnrealEngine/Engine/Source/ThirdParty/Intel/ISPC/ispc-1.16.1/examples/cpu/aobench_instrumented/instrument.h,2,0,2
/media/ullmann/HDDGabriel/engines/UnrealEngine/Engine/Source/Runtime/Core/Public/Math/UnrealMath.h,3,0,3
/media/ullmann/HDDGabriel/engines/UnrealEngine/Engine/Source/ThirdParty/ICU/icu4c-53_1/source/layout/SingleTableProcessor2.h,2,5,7
/media/ullmann/HDDGabriel/engines/UnrealEngine/Engine/Source/ThirdParty/ICU/icu4c-53_1/source/layout/SubtableProcessor2.h,23,2,25
/media/ullmann/HDDGabriel/engines/UnrealEngine/Engine/Source/ThirdParty/glslang/glslang/src/glslang_lib/glslang/MachineIndependent/Versions.cpp,0,2,2
/media/ullmann/HDDGabriel/engines/UnrealEngine/Engine/Source/Developer/LogVisualizer/Private/LogVisualizer.h,1,10,11
/media/ullmann/HDDGabriel/engines/UnrealEngine/Engine/Source/Developer/LogVisualizer/Private/SVisualLoggerView.h,5,1,6
/media/ullmann/HDDGabriel/engines/UnrealEngine/Engine/Source/Runtime/Core/Public/HAL/CriticalSection.h,3,0,3
/media/ullmann/HDDGabriel/engines/UnrealEngine/Engine/Source/ThirdParty/ICU/icu4c-53_1/source/test/intltest/itutil.cpp,0,16,16
/media/ullmann/HDDGabriel/engines/UnrealEngine/Engine/Source/ThirdParty/ICU/icu4c-53_1/source/test/intltest/tsputil.h,2,1,3
/media/ullmann/HDDGabriel/engines/UnrealEngine/Engine/Source/Editor/MaterialEditor/Private/MaterialEditorModes.cpp,0,4,4
/media/ullmann/HDDGabriel/engines/UnrealEngine/Engine/Source/Editor/MaterialEditor/Private/MaterialEditorTabs.h,3,0,3
/media/ullmann/HDDGabriel/engines/UnrealEngine/Engine/Source/ThirdParty/libcurl/7_65_3/include/Unix/aarch64-unknown-linux-gnueabi/curl/curl.h,3,6,9
/media/ullmann/HDDGabriel/engines/UnrealEngine/Engine/Source/ThirdParty/libcurl/7_65_3/include/Unix/aarch64-unknown-linux-gnueabi/curl/multi.h,1,1,2
/media/ullmann/HDDGabriel/engines/UnrealEngine/Engine/Source/ThirdParty/ICU/icu4c-64_1/source/i18n/collationfastlatinbuilder.cpp,0,5,5
/media/ullmann/HDDGabriel/engines/UnrealEngine/Engine/Source/ThirdParty/SDL2/SDL-gui-backend/src/audio/emscripten/SDL_emscriptenaudio.h,1,2,3
/media/ullmann/HDDGabriel/engines/UnrealEngine/Engine/Source/ThirdParty/ICU/icu4c-53_1/source/test/intltest/dcfmapts.h,2,1,3
/media/ullmann/HDDGabriel/engines/UnrealEngine/Engine/Source/ThirdParty/Intel/TBB/IntelTBB-2019u8/include/tbb/parallel_for.h,4,6,10
/media/ullmann/HDDGabriel/engines/UnrealEngine/Engine/Source/Runtime/Renderer/Private/PostProcess/PostProcessVisualizeComplexity.h,1,0,1
/media/ullmann/HDDGabriel/engines/UnrealEngine/Engine/Source/ThirdParty/Alembic/alembic-1.8.2/maya/AbcImport/MeshHelper.cpp,0,3,3
/media/ullmann/HDDGabriel/engines/UnrealEngine/Engine/Source/ThirdParty/Alembic/alembic-1.8.2/maya/AbcImport/MeshHelper.h,3,1,4
/media/ullmann/HDDGabriel/engines/UnrealEngine/Engine/Source/ThirdParty/FreeType2/FreeType2-2.10.0/src/autofit/autofit.c,0,14,14
/media/ullmann/HDDGabriel/engines/UnrealEngine/Engine/Source/ThirdParty/FreeType2/FreeType2-2.10.0/src/autofit/afwarp.c,1,1,2
/media/ullmann/HDDGabriel/engines/UnrealEngine/Engine/Source/Editor/AnimationBlueprintEditor/Private/AnimationStateNodes/SGraphNodeAnimState.h,2,0,2
/media/ullmann/HDDGabriel/engines/UnrealEngine/Engine/Source/Editor/Persona/Private/AnimTimeline/SAnimTimeline.cpp,0,8,8
/media/ullmann/HDDGabriel/engines/UnrealEngine/Engine/Source/ThirdParty/ICU/icu4c-53_1/source/layout/TrimmedArrayProcessor2.h,2,5,7
/media/ullmann/HDDGabriel/engines/UnrealEngine/Engine/Source/ThirdParty/SDL2/SDL-gui-backend/include/SDL_joystick.h,4,4,8
/media/ullmann/HDDGabriel/engines/UnrealEngine/Engine/Source/ThirdParty/FreeType2/FreeType2-2.6/Src/cache/ftcbasic.c,1,5,6
/media/ullmann/HDDGabriel/engines/UnrealEngine/Engine/Source/ThirdParty/FreeType2/FreeType2-2.4.12/src/gxvalid/gxvmorx5.c,1,1,2
/media/ullmann/HDDGabriel/engines/UnrealEngine/Engine/Source/Runtime/MeshDescription/Public/MeshDescription.h,2,4,6
/media/ullmann/HDDGabriel/engines/UnrealEngine/Engine/Source/Runtime/MeshDescription/Public/MeshElementArray.h,1,0,1
/media/ullmann/HDDGabriel/engines/UnrealEngine/Engine/Source/Runtime/Core/Public/Misc/Paths.h,2,0,2
/media/ullmann/HDDGabriel/engines/UnrealEngine/Engine/Source/ThirdParty/ICU/icu4c-64_1/source/common/ustrtrns.cpp,0,9,9
/media/ullmann/HDDGabriel/engines/UnrealEngine/Engine/Source/Programs/Enterprise/Datasmith/DatasmithSketchUpRubyExporter/Private/DatasmithSketchUpMetadata.cpp,0,5,5
/media/ullmann/HDDGabriel/engines/UnrealEngine/Engine/Source/Editor/MaterialEditor/Private/SMaterialEditorViewport.h,4,1,5
/media/ullmann/HDDGabriel/engines/UnrealEngine/Engine/Source/Editor/UnrealEd/Public/SCommonEditorViewportToolbarBase.h,1,2,3
/media/ullmann/HDDGabriel/engines/UnrealEngine/Engine/Source/Runtime/SlateCore/Public/Sound/SlateSound.h,1,0,1
/media/ullmann/HDDGabriel/engines/UnrealEngine/Engine/Source/Developer/Datasmith/DatasmithExporter/Public/DatasmithMeshExporter.h,0,1,1
/media/ullmann/HDDGabriel/engines/UnrealEngine/Engine/Source/Developer/Datasmith/DatasmithExporter/Public/DatasmithExportOptions.h,1,0,1
/media/ullmann/HDDGabriel/engines/UnrealEngine/Engine/Source/ThirdParty/hlslcc/hlslcc/src/hlslcc_lib/ralloc.h,6,0,6
/media/ullmann/HDDGabriel/engines/UnrealEngine/Engine/Source/ThirdParty/PhysX3/PhysX_3.4/Source/PhysX/src/PvdPhysicsClient.h,2,2,4
/media/ullmann/HDDGabriel/engines/UnrealEngine/Engine/Source/ThirdParty/PhysX3/PhysX_3.4/Source/PhysX/src/PvdMetaDataPvdBinding.h,2,0,2
/media/ullmann/HDDGabriel/engines/UnrealEngine/Engine/Source/ThirdParty/Crunch/src/crnlib/crn_timer.cpp,0,3,3
/media/ullmann/HDDGabriel/engines/UnrealEngine/Engine/Source/ThirdParty/FreeType2/FreeType2-2.6/Src/truetype/ttsubpix.c,1,1,2
/media/ullmann/HDDGabriel/engines/UnrealEngine/Engine/Source/ThirdParty/Steamworks/Steamv147/sdk/public/steam/isteamugc.h,1,2,3
/media/ullmann/HDDGabriel/engines/UnrealEngine/Engine/Source/ThirdParty/Steamworks/Steamv147/sdk/public/steam/isteamremotestorage.h,3,1,4
/media/ullmann/HDDGabriel/engines/UnrealEngine/Engine/Source/Editor/ClothPainter/Private/SClothPaintWidget.cpp,0,5,5
/media/ullmann/HDDGabriel/engines/UnrealEngine/Engine/Source/Editor/ClothPainter/Private/ClothPaintToolBase.h,3,1,4
/media/ullmann/HDDGabriel/engines/UnrealEngine/Engine/Source/ThirdParty/libOpus/opus-1.1/silk/decode_frame.c,0,2,2
/media/ullmann/HDDGabriel/engines/UnrealEngine/Engine/Source/ThirdParty/libOpus/opus-1.1/silk/PLC.h,3,1,4
/media/ullmann/HDDGabriel/engines/UnrealEngine/Engine/Source/ThirdParty/libOpus/opus-1.1/celt/vq.h,5,3,8
/media/ullmann/HDDGabriel/engines/UnrealEngine/Engine/Source/ThirdParty/libOpus/opus-1.1/celt/entenc.h,8,1,9
/media/ullmann/HDDGabriel/engines/UnrealEngine/Engine/Source/ThirdParty/WebRTC/4147/Include/third_party/libyuv/include/libyuv/convert_from_argb.h,1,0,1
/media/ullmann/HDDGabriel/engines/UnrealEngine/Engine/Source/ThirdParty/OpenSubdiv/OpenSubdiv-3.4.4/examples/glImaging/glImaging.cpp,0,7,7
/media/ullmann/HDDGabriel/engines/UnrealEngine/Engine/Source/ThirdParty/ShaderConductor/ShaderConductor/External/DirectXShaderCompiler/lib/DxilDia/DxilDiaEnumTables.cpp,0,4,4
/media/ullmann/HDDGabriel/engines/UnrealEngine/Engine/Source/Developer/DesktopPlatform/Private/DesktopPlatformBase.cpp,0,2,2
/media/ullmann/HDDGabriel/engines/UnrealEngine/Engine/Source/Developer/DesktopPlatform/Private/DesktopPlatformBase.h,4,0,4
/media/ullmann/HDDGabriel/engines/UnrealEngine/Engine/Source/Runtime/Slate/Public/Widgets/Docking/SDockTab.h,2,0,2
/media/ullmann/HDDGabriel/engines/UnrealEngine/Engine/Source/ThirdParty/CryptoPP/5.6.5/include/asn.cpp,0,3,3
/media/ullmann/HDDGabriel/engines/UnrealEngine/Engine/Source/ThirdParty/mtlpp/mtlpp-master-7efad47/src/imp_SelectorCache.hpp,2,1,3
/media/ullmann/HDDGabriel/engines/UnrealEngine/Engine/Source/ThirdParty/SDL2/SDL-gui-backend/src/video/android/SDL_androidevents.c,0,6,6
/media/ullmann/HDDGabriel/engines/UnrealEngine/Engine/Source/ThirdParty/SDL2/SDL-gui-backend/src/video/android/SDL_androidkeyboard.h,4,2,6
/media/ullmann/HDDGabriel/engines/UnrealEngine/Engine/Source/ThirdParty/Oculus/LibOVRPlatform/LibOVRPlatform/include/OVR_CloudStorageConflictMetadata.h,3,2,5
/media/ullmann/HDDGabriel/engines/UnrealEngine/Engine/Source/ThirdParty/FreeType2/FreeType2-2.4.12/src/truetype/ttgload.h,3,2,5
/media/ullmann/HDDGabriel/engines/UnrealEngine/Engine/Source/ThirdParty/FreeType2/FreeType2-2.4.12/src/truetype/ttobjs.h,4,0,4
/media/ullmann/HDDGabriel/engines/UnrealEngine/Engine/Source/ThirdParty/FreeImage/FreeImage-3.18.0/Source/LibJPEG/jcdctmgr.c,0,3,3
/media/ullmann/HDDGabriel/engines/UnrealEngine/Engine/Source/ThirdParty/Crunch/src/crnlib/crn_qdxt1.h,2,6,8
/media/ullmann/HDDGabriel/engines/UnrealEngine/Engine/Source/ThirdParty/CryptoPP/5.6.2/include/ripemd.h,4,1,5
/media/ullmann/HDDGabriel/engines/UnrealEngine/Engine/Source/ThirdParty/ICU/icu4c-53_1/source/layout/LayoutTables.h,12,1,13
/media/ullmann/HDDGabriel/engines/UnrealEngine/Engine/Source/ThirdParty/CryptoPP/5.6.5/include/rc6.h,3,2,5
/media/ullmann/HDDGabriel/engines/UnrealEngine/Engine/Source/ThirdParty/ICU/icu4c-64_1/source/i18n/vzone.cpp,0,2,2
/media/ullmann/HDDGabriel/engines/UnrealEngine/Engine/Source/ThirdParty/ICU/icu4c-64_1/source/i18n/vzone.h,1,1,2
/media/ullmann/HDDGabriel/engines/UnrealEngine/Engine/Source/ThirdParty/Boost/boost-1_70_0/include/boost/outcome/policy/all_narrow.hpp,1,1,2
/media/ullmann/HDDGabriel/engines/UnrealEngine/Engine/Source/ThirdParty/Boost/boost-1_70_0/include/boost/outcome/policy/base.hpp,7,1,8
/media/ullmann/HDDGabriel/engines/UnrealEngine/Engine/Source/ThirdParty/CryptoPP/5.6.5/include/blumshub.h,3,3,6
/media/ullmann/HDDGabriel/engines/UnrealEngine/Engine/Source/ThirdParty/Intel/Embree/Embree2140/src/kernels/bvh/bvh_builder_instancing.cpp,0,8,8
/media/ullmann/HDDGabriel/engines/UnrealEngine/Engine/Source/ThirdParty/FreeType2/FreeType2-2.6/Src/sfnt/ttcmap.c,1,5,6
/media/ullmann/HDDGabriel/engines/UnrealEngine/Engine/Source/ThirdParty/FreeType2/FreeType2-2.6/Src/sfnt/ttload.h,7,0,7
/media/ullmann/HDDGabriel/engines/UnrealEngine/Engine/Source/ThirdParty/Intel/Embree/Embree2140/src/common/algorithms/parallel_reduce.cpp,0,2,2
/media/ullmann/HDDGabriel/engines/UnrealEngine/Engine/Source/ThirdParty/Intel/Embree/Embree2140/src/common/algorithms/parallel_reduce.h,5,1,6
/media/ullmann/HDDGabriel/engines/UnrealEngine/Engine/Source/ThirdParty/Intel/Embree/Embree270/src/kernels/xeonphi/geometry/triangle1_intersector16_moeller.h,1,3,4
/media/ullmann/HDDGabriel/engines/UnrealEngine/Engine/Source/ThirdParty/FreeType2/FreeType2-2.10.0/src/sfnt/ttcolr.c,1,1,2
/media/ullmann/HDDGabriel/engines/UnrealEngine/Engine/Source/ThirdParty/ICU/icu4c-64_1/source/common/uhash.h,22,4,26
/media/ullmann/HDDGabriel/engines/UnrealEngine/Engine/Source/ThirdParty/FreeType2/FreeType2-2.10.4/src/truetype/ttdriver.c,1,5,6
/media/ullmann/HDDGabriel/engines/UnrealEngine/Engine/Source/ThirdParty/FreeType2/FreeType2-2.10.4/src/truetype/tterrors.h,6,0,6
/media/ullmann/HDDGabriel/engines/UnrealEngine/Engine/Source/ThirdParty/openexr/openexr-3.1.1/src/lib/OpenEXR/ImfOutputPart.cpp,0,3,3
/media/ullmann/HDDGabriel/engines/UnrealEngine/Engine/Source/ThirdParty/openexr/openexr-3.1.1/src/lib/OpenEXR/ImfOutputPart.h,1,1,2
/media/ullmann/HDDGabriel/engines/UnrealEngine/Engine/Source/Runtime/Apple/AGXRHI/Private/AGXStateCache.cpp,0,6,6
/media/ullmann/HDDGabriel/engines/UnrealEngine/Engine/Source/Runtime/Apple/AGXRHI/Private/AGXGraphicsPipelineState.h,9,0,9
/media/ullmann/HDDGabriel/engines/UnrealEngine/Engine/Source/ThirdParty/CryptoPP/5.6.5/include/rabin.h,2,4,6
/media/ullmann/HDDGabriel/engines/UnrealEngine/Engine/Source/Editor/ContentBrowser/Public/IContentBrowserSingleton.h,6,3,9
/media/ullmann/HDDGabriel/engines/UnrealEngine/Engine/Source/Editor/ContentBrowser/Public/ContentBrowserDelegates.h,6,1,7
/media/ullmann/HDDGabriel/engines/UnrealEngine/Engine/Source/ThirdParty/HarfBuzz/harfbuzz-2.4.0/src/hb-ot-vorg-table.hh,2,0,2
/media/ullmann/HDDGabriel/engines/UnrealEngine/Engine/Source/Programs/Enterprise/Datasmith/DatasmithARCHICADExporter/Private/SyncContext.cpp,0,2,2
/media/ullmann/HDDGabriel/engines/UnrealEngine/Engine/Source/ThirdParty/Crunch/src/crnlib/crn_data_stream.cpp,0,2,2
/media/ullmann/HDDGabriel/engines/UnrealEngine/Engine/Source/ThirdParty/OpenSubdiv/OpenSubdiv-3.4.4/opensubdiv/hbr/catmark.h,0,2,2
/media/ullmann/HDDGabriel/engines/UnrealEngine/Engine/Source/ThirdParty/ICU/icu4c-53_1/source/i18n/ucol.cpp,0,5,5
/media/ullmann/HDDGabriel/engines/UnrealEngine/Engine/Source/ThirdParty/ICU/icu4c-53_1/source/i18n/unicode/tblcoll.h,12,0,12
/media/ullmann/HDDGabriel/engines/UnrealEngine/Engine/Source/ThirdParty/ShaderConductor/ShaderConductor/External/DirectXShaderCompiler/include/dxc/DXIL/DxilSubobject.h,0,1,1
/media/ullmann/HDDGabriel/engines/UnrealEngine/Engine/Source/ThirdParty/ShaderConductor/ShaderConductor/External/DirectXShaderCompiler/include/dxc/DXIL/DxilConstants.h,10,0,10
/media/ullmann/HDDGabriel/engines/UnrealEngine/Engine/Source/Runtime/SlateCore/Private/SlateCoreModule.cpp,0,6,6
/media/ullmann/HDDGabriel/engines/UnrealEngine/Engine/Source/ThirdParty/PhysX3/PxShared/src/pvd/src/PxPvdObjectModelInternalTypes.h,2,3,5
/media/ullmann/HDDGabriel/engines/UnrealEngine/Engine/Source/ThirdParty/PhysX3/PxShared/src/pvd/src/PxPvdObjectModelInternalTypeDefs.h,1,0,1
/media/ullmann/HDDGabriel/engines/UnrealEngine/Engine/Source/ThirdParty/FreeImage/FreeImage-3.18.0/Source/OpenEXR/IlmImf/ImfCompositeDeepScanLine.cpp,0,8,8
/media/ullmann/HDDGabriel/engines/UnrealEngine/Engine/Source/ThirdParty/FreeImage/FreeImage-3.18.0/Source/OpenEXR/IlmImf/ImfDeepScanLineInputFile.h,6,6,12
/media/ullmann/HDDGabriel/engines/UnrealEngine/Engine/Source/ThirdParty/SDL2/SDL-gui-backend/src/video/riscos/SDL_riscosvideo.c,0,9,9
/media/ullmann/HDDGabriel/engines/UnrealEngine/Engine/Source/ThirdParty/SDL2/SDL-gui-backend/src/video/riscos/SDL_riscosframebuffer_c.h,2,1,3
/media/ullmann/HDDGabriel/engines/UnrealEngine/Engine/Source/ThirdParty/Oculus/LibOVRPlatform/LibOVRPlatform/include/OVR_SystemPermission.h,2,2,4
/media/ullmann/HDDGabriel/engines/UnrealEngine/Engine/Source/ThirdParty/PhysX3/APEX_1.4/NvParameterized/include/PlatformOutputStream.h,0,3,3
/media/ullmann/HDDGabriel/engines/UnrealEngine/Engine/Source/ThirdParty/PhysX3/APEX_1.4/NvParameterized/include/ApbDefinitions.h,3,2,5
/media/ullmann/HDDGabriel/engines/UnrealEngine/Engine/Source/ThirdParty/Steamworks/Steamv147/sdk/public/steam/isteammusic.h,2,1,3
/media/ullmann/HDDGabriel/engines/UnrealEngine/Engine/Source/ThirdParty/OpenVDB/Deploy/openvdb-8.1.0/include/openvdb/tools/MultiResGrid.h,0,5,5
/media/ullmann/HDDGabriel/engines/UnrealEngine/Engine/Source/ThirdParty/OpenVDB/Deploy/openvdb-8.1.0/include/openvdb/tools/Morphology.h,7,3,10
/media/ullmann/HDDGabriel/engines/UnrealEngine/Engine/Source/ThirdParty/HarfBuzz/harfbuzz-2.4.0/src/hb.h,26,12,38
/media/ullmann/HDDGabriel/engines/UnrealEngine/Engine/Source/ThirdParty/HarfBuzz/harfbuzz-2.4.0/src/hb-shape.h,1,3,4
/media/ullmann/HDDGabriel/engines/UnrealEngine/Engine/Source/ThirdParty/CryptoPP/5.6.2/include/hex.h,10,1,11
/media/ullmann/HDDGabriel/engines/UnrealEngine/Engine/Source/Runtime/CoreUObject/Private/Tests/ObjectRefTrackingTestBase.cpp,0,1,1
/media/ullmann/HDDGabriel/engines/UnrealEngine/Engine/Source/Runtime/CoreUObject/Private/Tests/ObjectRefTrackingTestBase.h,3,0,3
/media/ullmann/HDDGabriel/engines/UnrealEngine/Engine/Source/ThirdParty/SDL2/SDL-gui-backend/src/joystick/hidapi/SDL_hidapijoystick.c,0,6,6
/media/ullmann/HDDGabriel/engines/UnrealEngine/Engine/Source/ThirdParty/FreeImage/FreeImage-3.18.0/Source/OpenEXR/IlmThread/IlmThreadSemaphoreWin32.cpp,0,1,1
/media/ullmann/HDDGabriel/engines/UnrealEngine/Engine/Source/ThirdParty/FreeImage/FreeImage-3.18.0/Source/OpenEXR/IlmThread/IlmThreadSemaphore.h,5,2,7
/media/ullmann/HDDGabriel/engines/UnrealEngine/Engine/Source/ThirdParty/PhysX3/PhysX_3.4/Source/PhysXCharacterKinematic/src/CctObstacleContext.cpp,0,2,2
/media/ullmann/HDDGabriel/engines/UnrealEngine/Engine/Source/ThirdParty/PhysX3/PhysX_3.4/Source/PhysXCharacterKinematic/src/CctCharacterControllerManager.h,8,1,9
/media/ullmann/HDDGabriel/engines/UnrealEngine/Engine/Source/ThirdParty/OpenVDB/openvdb-8.1.0/openvdb/openvdb/points/PointDelete.h,0,4,4
/media/ullmann/HDDGabriel/engines/UnrealEngine/Engine/Source/ThirdParty/OpenVDB/openvdb-8.1.0/openvdb/openvdb/points/IndexIterator.h,4,0,4
/media/ullmann/HDDGabriel/engines/UnrealEngine/Engine/Source/ThirdParty/SDL2/SDL-gui-backend/src/render/direct3d/SDL_render_d3d.c,0,6,6
/media/ullmann/HDDGabriel/engines/UnrealEngine/Engine/Source/ThirdParty/WindowsMixedRealityInterop/MixedRealityInterop/SpatialAudioClientInterop.cpp,0,1,1
/media/ullmann/HDDGabriel/engines/UnrealEngine/Engine/Source/ThirdParty/WindowsMixedRealityInterop/MixedRealityInterop/stdafx.h,9,0,9
/media/ullmann/HDDGabriel/engines/UnrealEngine/Engine/Source/ThirdParty/Windows/DirectXLegacy/Include/D3DX10math.h,0,2,2
/media/ullmann/HDDGabriel/engines/UnrealEngine/Engine/Source/ThirdParty/Windows/DirectXLegacy/Include/D3DX10.h,1,1,2
/media/ullmann/HDDGabriel/engines/UnrealEngine/Engine/Source/ThirdParty/FreeType2/FreeType2-2.6/Src/gzip/ftgzip.c,0,13,13
/media/ullmann/HDDGabriel/engines/UnrealEngine/Engine/Source/ThirdParty/FreeType2/FreeType2-2.6/Src/gzip/infutil.c,1,5,6
/media/ullmann/HDDGabriel/engines/UnrealEngine/Engine/Source/ThirdParty/FreeType2/FreeType2-2.10.0/src/gxvalid/gxvmorx0.c,1,1,2
/media/ullmann/HDDGabriel/engines/UnrealEngine/Engine/Source/ThirdParty/FreeType2/FreeType2-2.10.0/src/gxvalid/gxvmorx.h,6,3,9
/media/ullmann/HDDGabriel/engines/UnrealEngine/Engine/Source/ThirdParty/Crunch/src/crnlib/crn_console.cpp,0,4,4
/media/ullmann/HDDGabriel/engines/UnrealEngine/Engine/Source/ThirdParty/FreeType2/FreeType2-2.6/Src/sfnt/pngshim.h,2,1,3
/media/ullmann/HDDGabriel/engines/UnrealEngine/Engine/Source/ThirdParty/FreeImage/FreeImage-3.18.0/Source/LibRawLite/internal/demosaic_packs.cpp,0,3,3
/media/ullmann/HDDGabriel/engines/UnrealEngine/Engine/Source/ThirdParty/FreeImage/FreeImage-3.18.0/Source/LibRawLite/internal/aahd_demosaic.cpp,1,0,1
/media/ullmann/HDDGabriel/engines/UnrealEngine/Engine/Source/Editor/UnrealEd/Private/EditorDomain/EditorDomainSave.cpp,0,1,1
/media/ullmann/HDDGabriel/engines/UnrealEngine/Engine/Source/Editor/UnrealEd/Private/EditorDomain/EditorDomainSave.h,2,0,2
/media/ullmann/HDDGabriel/engines/UnrealEngine/Engine/Source/ThirdParty/MCPP/mcpp-2.7.2/test-l/nest15.h,1,1,2
/media/ullmann/HDDGabriel/engines/UnrealEngine/Engine/Source/ThirdParty/MCPP/mcpp-2.7.2/test-l/nest16.h,1,1,2
/media/ullmann/HDDGabriel/engines/UnrealEngine/Engine/Source/ThirdParty/CryptoPP/5.6.5/include/emsa2.h,4,4,8
/media/ullmann/HDDGabriel/engines/UnrealEngine/Engine/Source/ThirdParty/CryptoPP/5.6.2/include/camellia.h,3,3,6
/media/ullmann/HDDGabriel/engines/UnrealEngine/Engine/Source/ThirdParty/GoogleGameSDK/gamesdk/src/swappy/vulkan/SwappyVkBase.cpp,0,1,1
/media/ullmann/HDDGabriel/engines/UnrealEngine/Engine/Source/ThirdParty/GoogleGameSDK/gamesdk/src/swappy/vulkan/SwappyVkBase.h,4,0,4
/media/ullmann/HDDGabriel/engines/UnrealEngine/Engine/Source/ThirdParty/openexr/Deploy/openexr-3.1.1/include/OpenEXR/ImfInputFile.h,0,3,3
/media/ullmann/HDDGabriel/engines/UnrealEngine/Engine/Source/ThirdParty/Oculus/LibOVRPlatform/LibOVRPlatform/include/OVR_LaunchUnblockFlowResult.h,2,1,3
/media/ullmann/HDDGabriel/engines/UnrealEngine/Engine/Source/ThirdParty/CryptoPP/5.6.2/include/tigertab.cpp,0,2,2
/media/ullmann/HDDGabriel/engines/UnrealEngine/Engine/Source/Developer/AssetTools/Private/AssetTypeActions/AssetTypeActions_Texture2DArray.cpp,0,1,1
/media/ullmann/HDDGabriel/engines/UnrealEngine/Engine/Source/Developer/AssetTools/Private/AssetTypeActions/AssetTypeActions_Texture2DArray.h,2,0,2
/media/ullmann/HDDGabriel/engines/UnrealEngine/Engine/Source/ThirdParty/Alembic/alembic-1.8.2/maya/AbcImport/AlembicNode.cpp,0,10,10
/media/ullmann/HDDGabriel/engines/UnrealEngine/Engine/Source/ThirdParty/Alembic/alembic-1.8.2/maya/AbcImport/XformHelper.h,3,1,4
/media/ullmann/HDDGabriel/engines/UnrealEngine/Engine/Source/ThirdParty/PhysX3/NvCloth/samples/SampleBase/scene/scenes/DistanceConstraintScene.cpp,0,1,1
/media/ullmann/HDDGabriel/engines/UnrealEngine/Engine/Source/ThirdParty/PhysX3/NvCloth/samples/SampleBase/scene/scenes/DistanceConstraintScene.h,1,0,1
/media/ullmann/HDDGabriel/engines/UnrealEngine/Engine/Source/ThirdParty/rpclib/Source/include/rpc/msgpack/adaptor/cpp11/unique_ptr.hpp,1,0,1
/media/ullmann/HDDGabriel/engines/UnrealEngine/Engine/Source/Runtime/Apple/AGXRHI/Private/AGXVertexBuffer.cpp,0,4,4
/media/ullmann/HDDGabriel/engines/UnrealEngine/Engine/Source/ThirdParty/ICU/icu4c-53_1/source/layout/IndicClassTables.cpp,0,5,5
/media/ullmann/HDDGabriel/engines/UnrealEngine/Engine/Source/ThirdParty/FreeImage/FreeImage-3.18.0/Source/FreeImage/PluginEXR.cpp,0,10,10
/media/ullmann/HDDGabriel/engines/UnrealEngine/Engine/Source/ThirdParty/FreeImage/FreeImage-3.18.0/Source/OpenEXR/Iex/Iex.h,1,4,5
/media/ullmann/HDDGabriel/engines/UnrealEngine/Engine/Source/ThirdParty/Distorm/src/prefix.h,5,2,7
/media/ullmann/HDDGabriel/engines/UnrealEngine/Engine/Source/ThirdParty/Distorm/src/decoder.h,4,1,5
/media/ullmann/HDDGabriel/engines/UnrealEngine/Engine/Source/ThirdParty/Oculus/LibOVRPlatform/LibOVRPlatform/include/OVR_LeaderboardEntry.h,2,2,4
/media/ullmann/HDDGabriel/engines/UnrealEngine/Engine/Source/ThirdParty/Boost/boost-1_70_0/include/boost/spirit/home/support/detail/lexer/string_token.hpp,4,2,6
/media/ullmann/HDDGabriel/engines/UnrealEngine/Engine/Source/ThirdParty/ShaderConductor/ShaderConductor/External/DirectXShaderCompiler/lib/DxilDia/DxcPixEntrypoints.cpp,0,4,4
/media/ullmann/HDDGabriel/engines/UnrealEngine/Engine/Source/ThirdParty/ShaderConductor/ShaderConductor/External/DirectXShaderCompiler/lib/DxilDia/DxcPixCompilationInfo.h,2,0,2
/media/ullmann/HDDGabriel/engines/UnrealEngine/Engine/Source/ThirdParty/ShaderConductor/ShaderConductor/External/DirectXShaderCompiler/include/llvm/CodeGen/PBQP/Graph.h,2,0,2
/media/ullmann/HDDGabriel/engines/UnrealEngine/Engine/Source/ThirdParty/ICU/icu4c-64_1/source/common/ucharstriebuilder.cpp,0,10,10
/media/ullmann/HDDGabriel/engines/UnrealEngine/Engine/Source/ThirdParty/PhysX3/APEX_1.4/shared/general/meshimport/include/utils/MiFileBuffer.h,0,1,1
/media/ullmann/HDDGabriel/engines/UnrealEngine/Engine/Source/ThirdParty/PhysX3/APEX_1.4/shared/general/meshimport/include/utils/MiFileBuf.h,4,0,4
/media/ullmann/HDDGabriel/engines/UnrealEngine/Engine/Source/Editor/DetailCustomizations/Private/MotionControllerPinFactory.cpp,0,2,2
/media/ullmann/HDDGabriel/engines/UnrealEngine/Engine/Source/Editor/DetailCustomizations/Private/MotionControllerPinFactory.h,2,0,2
/media/ullmann/HDDGabriel/engines/UnrealEngine/Engine/Source/ThirdParty/CryptoPP/5.6.2/include/basecode.cpp,0,3,3
/media/ullmann/HDDGabriel/engines/UnrealEngine/Engine/Source/ThirdParty/CryptoPP/5.6.2/include/fltrimpl.h,3,0,3
/media/ullmann/HDDGabriel/engines/UnrealEngine/Engine/Source/Editor/BehaviorTreeEditor/Private/SBehaviorTreeBlackboardEditor.cpp,0,2,2
/media/ullmann/HDDGabriel/engines/UnrealEngine/Engine/Source/Editor/BehaviorTreeEditor/Private/SBehaviorTreeBlackboardEditor.h,3,1,4
/media/ullmann/HDDGabriel/engines/UnrealEngine/Engine/Source/ThirdParty/SDL2/SDL-gui-backend/include/SDL_pixels.h,4,4,8
/media/ullmann/HDDGabriel/engines/UnrealEngine/Engine/Source/ThirdParty/ICU/icu4c-64_1/source/common/ubidi.cpp,0,9,9
/media/ullmann/HDDGabriel/engines/UnrealEngine/Engine/Source/ThirdParty/PhysX3/PhysX_3.4/Include/extensions/PxClothTetherCooker.h,0,1,1
/media/ullmann/HDDGabriel/engines/UnrealEngine/Engine/Source/ThirdParty/PhysX3/PhysX_3.4/Include/extensions/PxClothMeshDesc.h,3,0,3
/media/ullmann/HDDGabriel/engines/UnrealEngine/Engine/Source/ThirdParty/FreeImage/FreeImage-3.18.0/Source/LibOpenJPEG/raw.h,1,0,1
/media/ullmann/HDDGabriel/engines/UnrealEngine/Engine/Source/Runtime/MeshDescription/Public/MeshElementContainer.h,1,1,2
/media/ullmann/HDDGabriel/engines/UnrealEngine/Engine/Source/ThirdParty/CryptoPP/5.6.5/include/dsa.h,6,2,8
/media/ullmann/HDDGabriel/engines/UnrealEngine/Engine/Source/Runtime/MovieScene/Public/MovieSceneTrackEvaluationField.h,1,3,4
/media/ullmann/HDDGabriel/engines/UnrealEngine/Engine/Source/Runtime/MovieScene/Public/Evaluation/MovieSceneSegment.h,1,0,1
/media/ullmann/HDDGabriel/engines/UnrealEngine/Engine/Source/ThirdParty/ICU/icu4c-53_1/source/common/sharedptr.h,0,3,3
/media/ullmann/HDDGabriel/engines/UnrealEngine/Engine/Source/ThirdParty/ICU/icu4c-53_1/source/common/unicode/uobject.h,26,0,26
/media/ullmann/HDDGabriel/engines/UnrealEngine/Engine/Source/ThirdParty/PhysX3/APEX_1.4/include/UserRenderInstanceBuffer.h,1,2,3
/media/ullmann/HDDGabriel/engines/UnrealEngine/Engine/Source/Editor/SubobjectDataInterface/Public/ChildSubobjectDataFactory.h,0,1,1
/media/ullmann/HDDGabriel/engines/UnrealEngine/Engine/Source/Editor/SubobjectDataInterface/Public/SubobjectDataFactory.h,4,2,6
/media/ullmann/HDDGabriel/engines/UnrealEngine/Engine/Source/ThirdParty/ShaderConductor/ShaderConductor/External/DirectXShaderCompiler/tools/clang/lib/StaticAnalyzer/Checkers/GenericTaintChecker.cpp,0,1,1
/media/ullmann/HDDGabriel/engines/UnrealEngine/Engine/Source/Developer/TraceInsights/Private/Insights/ViewModels/FilterConfigurator.cpp,0,1,1
/media/ullmann/HDDGabriel/engines/UnrealEngine/Engine/Source/Developer/TraceInsights/Private/Insights/ViewModels/FilterConfigurator.h,1,0,1
/media/ullmann/HDDGabriel/engines/UnrealEngine/Engine/Source/Editor/ContentBrowser/Private/SPathView.cpp,0,8,8
/media/ullmann/HDDGabriel/engines/UnrealEngine/Engine/Source/ThirdParty/PhysX3/PhysX_3.4/Source/LowLevelCloth/src/SwCollisionHelpers.h,3,4,7
/media/ullmann/HDDGabriel/engines/UnrealEngine/Engine/Source/ThirdParty/PhysX3/PhysX_3.4/Source/LowLevelCloth/src/Simd.h,6,2,8
/media/ullmann/HDDGabriel/engines/UnrealEngine/Engine/Source/Developer/TraceServices/Private/Model/BookmarksPrivate.h,1,0,1
/media/ullmann/HDDGabriel/engines/UnrealEngine/Engine/Source/ThirdParty/Boost/boost-1_70_0/include/boost/outcome/experimental/status-code/win32_code.hpp,4,2,6
/media/ullmann/HDDGabriel/engines/UnrealEngine/Engine/Source/ThirdParty/Boost/boost-1_70_0/include/boost/outcome/experimental/status-code/generic_code.hpp,3,1,4
/media/ullmann/HDDGabriel/engines/UnrealEngine/Engine/Source/ThirdParty/CryptoPP/5.6.5/include/whrlpool.cpp,0,5,5
/media/ullmann/HDDGabriel/engines/UnrealEngine/Engine/Source/ThirdParty/OpenVDB/openvdb-8.1.0/openvdb/openvdb/unittest/TestCpt.cc,0,1,1
/media/ullmann/HDDGabriel/engines/UnrealEngine/Engine/Source/ThirdParty/OpenVDB/openvdb-8.1.0/openvdb/openvdb/unittest/util.h,21,0,21
/media/ullmann/HDDGabriel/engines/UnrealEngine/Engine/Source/ThirdParty/FreeImage/FreeImage-3.18.0/Source/LibJXR/image/encode/strenc.c,0,1,1
/media/ullmann/HDDGabriel/engines/UnrealEngine/Engine/Source/ThirdParty/FreeImage/FreeImage-3.18.0/Source/LibJXR/image/encode/encode.h,5,0,5
/media/ullmann/HDDGabriel/engines/UnrealEngine/Engine/Source/ThirdParty/FreeType2/FreeType2-2.6/Src/pfr/pfrgload.c,1,4,5
/media/ullmann/HDDGabriel/engines/UnrealEngine/Engine/Source/ThirdParty/FontConfig/fontconfig-2.13.94/src/fcmd5.h,1,1,2
/media/ullmann/HDDGabriel/engines/UnrealEngine/Engine/Source/ThirdParty/WebRTC/4147/Include/third_party/libvpx/source/libvpx/webmenc.h,0,2,2
/media/ullmann/HDDGabriel/engines/UnrealEngine/Engine/Source/Developer/TraceServices/Private/Modules/CountersModule.cpp,0,1,1
/media/ullmann/HDDGabriel/engines/UnrealEngine/Engine/Source/Developer/TraceServices/Private/Modules/CountersModule.h,2,0,2
/media/ullmann/HDDGabriel/engines/UnrealEngine/Engine/Source/Runtime/Launch/Private/IOS/IOSAppDelegateConsoleHandling.cpp,0,1,1
/media/ullmann/HDDGabriel/engines/UnrealEngine/Engine/Source/Runtime/Launch/Private/IOS/IOSAppDelegateConsoleHandling.h,1,0,1
/media/ullmann/HDDGabriel/engines/UnrealEngine/Engine/Source/ThirdParty/ICU/icu4c-64_1/source/i18n/toupptrn.h,2,2,4
/media/ullmann/HDDGabriel/engines/UnrealEngine/Engine/Source/Runtime/Slate/Public/Framework/Application/MenuStack.h,3,0,3
/media/ullmann/HDDGabriel/engines/UnrealEngine/Engine/Source/Runtime/SlateCore/Public/Rendering/DrawElementPayloads.h,1,1,2
/media/ullmann/HDDGabriel/engines/UnrealEngine/Engine/Source/Runtime/SlateCore/Public/Rendering/SlateRenderBatch.h,1,1,2
/media/ullmann/HDDGabriel/engines/UnrealEngine/Engine/Source/ThirdParty/Intel/Embree/Embree2140/src/kernels/bvh/bvh_builder_morton.cpp,0,13,13
/media/ullmann/HDDGabriel/engines/UnrealEngine/Engine/Source/ThirdParty/Intel/Embree/Embree2140/src/kernels/bvh/bvh.h,22,7,29
/media/ullmann/HDDGabriel/engines/UnrealEngine/Engine/Source/ThirdParty/coremod/coremod-4.2.6/src/format.h,3,2,5
/media/ullmann/HDDGabriel/engines/UnrealEngine/Engine/Source/ThirdParty/coremod/coremod-4.2.6/src/common.h,14,0,14
/media/ullmann/HDDGabriel/engines/UnrealEngine/Engine/Source/ThirdParty/ICU/icu4c-53_1/source/tools/toolutil/pkg_gencmn.c,0,4,4
/media/ullmann/HDDGabriel/engines/UnrealEngine/Engine/Source/Runtime/MovieScene/Public/Evaluation/MovieSceneSequenceTransform.h,2,2,4
/media/ullmann/HDDGabriel/engines/UnrealEngine/Engine/Source/Runtime/MovieScene/Public/Evaluation/MovieSceneTimeTransform.h,3,0,3
/media/ullmann/HDDGabriel/engines/UnrealEngine/Engine/Source/ThirdParty/Python3/Linux/include/python3.9/pyerrors.h,1,1,2
/media/ullmann/HDDGabriel/engines/UnrealEngine/Engine/Source/ThirdParty/Python3/Linux/include/python3.9/cpython/pyerrors.h,1,0,1
/media/ullmann/HDDGabriel/engines/UnrealEngine/Engine/Source/ThirdParty/FreeImage/FreeImage-3.18.0/Source/OpenEXR/IlmImf/ImfRationalAttribute.cpp,0,1,1
/media/ullmann/HDDGabriel/engines/UnrealEngine/Engine/Source/ThirdParty/mtlpp/mtlpp-master-7efad47/src/resource.hpp,6,6,12
/media/ullmann/HDDGabriel/engines/UnrealEngine/Engine/Source/ThirdParty/Crunch/src/crnlib/crn_clusterizer.h,3,1,4
/media/ullmann/HDDGabriel/engines/UnrealEngine/Engine/Source/ThirdParty/Intel/TBB/IntelTBB-2019u8/src/test/harness_eh.h,6,2,8
/media/ullmann/HDDGabriel/engines/UnrealEngine/Engine/Source/ThirdParty/ICU/icu4c-53_1/source/common/punycode.cpp,0,9,9
/media/ullmann/HDDGabriel/engines/UnrealEngine/Engine/Source/Editor/DetailCustomizations/Private/MacTargetSettingsDetails.h,2,0,2
/media/ullmann/HDDGabriel/engines/UnrealEngine/Engine/Source/ThirdParty/PLCrashReporter/PLCrashReporter/Source/PLCrashAsyncThread.h,10,3,13
/media/ullmann/HDDGabriel/engines/UnrealEngine/Engine/Source/Editor/DetailCustomizations/Private/BodySetupDetails.h,2,1,3
/media/ullmann/HDDGabriel/engines/UnrealEngine/Engine/Source/Editor/DetailCustomizations/Private/BodyInstanceCustomization.h,5,0,5
/media/ullmann/HDDGabriel/engines/UnrealEngine/Engine/Source/ThirdParty/Android/libunwind/libunwind/src/hppa/Gresume.c,1,1,2
/media/ullmann/HDDGabriel/engines/UnrealEngine/Engine/Source/ThirdParty/PLCrashReporter/PLCrashReporter/Source/dwarf_private.h,0,1,1
/media/ullmann/HDDGabriel/engines/UnrealEngine/Engine/Source/ThirdParty/openexr/openexr-3.1.1/src/lib/OpenEXR/ImfDeepTiledOutputFile.cpp,0,21,21
/media/ullmann/HDDGabriel/engines/UnrealEngine/Engine/Source/ThirdParty/Intel/TBB/IntelTBB-2019u8/src/test/test_malloc_compliance.cpp,0,6,6
/media/ullmann/HDDGabriel/engines/UnrealEngine/Engine/Source/ThirdParty/Intel/TBB/IntelTBB-2019u8/src/test/harness_memory.h,7,1,8
/media/ullmann/HDDGabriel/engines/UnrealEngine/Engine/Source/ThirdParty/FreeImage/FreeImage-3.18.0/Source/LibOpenJPEG/cio.c,0,1,1
/media/ullmann/HDDGabriel/engines/UnrealEngine/Engine/Source/Editor/Sequencer/Private/SectionLayout.h,4,3,7
/media/ullmann/HDDGabriel/engines/UnrealEngine/Engine/Source/Editor/Sequencer/Private/DisplayNodes/SequencerTrackNode.h,16,0,16
/media/ullmann/HDDGabriel/engines/UnrealEngine/Engine/Source/ThirdParty/openexr/openexr-3.1.1/src/lib/OpenEXR/ImfAcesFile.cpp,0,4,4
/media/ullmann/HDDGabriel/engines/UnrealEngine/Engine/Source/ThirdParty/openexr/openexr-3.1.1/src/lib/OpenEXR/ImfStandardAttributes.h,7,16,23
/media/ullmann/HDDGabriel/engines/UnrealEngine/Engine/Source/ThirdParty/FreeImage/FreeImage-3.18.0/Source/OpenEXR/IlmImf/ImfMultiView.cpp,0,2,2
/media/ullmann/HDDGabriel/engines/UnrealEngine/Engine/Source/ThirdParty/SDL2/SDL-gui-backend/src/thread/generic/SDL_syssem.c,1,2,3
/media/ullmann/HDDGabriel/engines/UnrealEngine/Engine/Source/ThirdParty/FreeType2/FreeType2-2.4.12/src/autofit/aflatin.h,7,1,8
/media/ullmann/HDDGabriel/engines/UnrealEngine/Engine/Source/ThirdParty/Intel/ISPC/ispc-1.16.1/src/decl.cpp,0,7,7
/media/ullmann/HDDGabriel/engines/UnrealEngine/Engine/Source/ThirdParty/Intel/ISPC/ispc-1.16.1/src/module.h,12,2,14
/media/ullmann/HDDGabriel/engines/UnrealEngine/Engine/Source/Runtime/Windows/AudioMixerXAudio2/Private/WindowsMMDeviceInfoCache.cpp,0,3,3
/media/ullmann/HDDGabriel/engines/UnrealEngine/Engine/Source/Runtime/Windows/AudioMixerXAudio2/Private/WindowsMMDeviceInfoCache.h,2,1,3
/media/ullmann/HDDGabriel/engines/UnrealEngine/Engine/Source/ThirdParty/ShaderConductor/ShaderConductor/External/DirectXShaderCompiler/lib/AsmParser/LLParser.cpp,0,1,1
/media/ullmann/HDDGabriel/engines/UnrealEngine/Engine/Source/ThirdParty/ShaderConductor/ShaderConductor/External/DirectXShaderCompiler/lib/AsmParser/LLParser.h,2,1,3
/media/ullmann/HDDGabriel/engines/UnrealEngine/Engine/Source/ThirdParty/SDL2/SDL-gui-backend/src/video/kmsdrm/SDL_kmsdrmmouse.c,0,7,7
/media/ullmann/HDDGabriel/engines/UnrealEngine/Engine/Source/Editor/PhysicsAssetEditor/Private/PhysicsAssetEditor.h,7,1,8
/media/ullmann/HDDGabriel/engines/UnrealEngine/Engine/Source/Runtime/AssetRegistry/Private/AssetDataGatherer.cpp,0,5,5
/media/ullmann/HDDGabriel/engines/UnrealEngine/Engine/Source/Runtime/AssetRegistry/Private/AssetRegistryArchive.h,3,0,3
/media/ullmann/HDDGabriel/engines/UnrealEngine/Engine/Source/Developer/MeshReductionInterface/Private/MeshReductionManagerModule.cpp,0,1,1
/media/ullmann/HDDGabriel/engines/UnrealEngine/Engine/Source/Developer/MeshReductionInterface/Private/MeshReductionManagerModule.h,1,0,1
/media/ullmann/HDDGabriel/engines/UnrealEngine/Engine/Source/Editor/MovieSceneTools/Private/TrackEditors/PropertyTrackEditors/ActorReferencePropertyTrackEditor.h,1,0,1
/media/ullmann/HDDGabriel/engines/UnrealEngine/Engine/Source/ThirdParty/Oculus/LibOVRPlatform/LibOVRPlatform/include/OVR_PartyUpdateNotification.h,2,3,5
/media/ullmann/HDDGabriel/engines/UnrealEngine/Engine/Source/ThirdParty/ICU/icu4c-64_1/source/test/letest/letsutil.cpp,0,2,2
/media/ullmann/HDDGabriel/engines/UnrealEngine/Engine/Source/ThirdParty/ICU/icu4c-53_1/source/test/intltest/tsdcfmsy.h,2,1,3
/media/ullmann/HDDGabriel/engines/UnrealEngine/Engine/Source/Developer/TraceInsights/Private/Insights/Widgets/SAdvancedFilter.cpp,0,1,1
/media/ullmann/HDDGabriel/engines/UnrealEngine/Engine/Source/Developer/TraceInsights/Private/Insights/Widgets/SAdvancedFilter.h,1,0,1
/media/ullmann/HDDGabriel/engines/UnrealEngine/Engine/Source/Runtime/Online/HTTPServer/Public/HttpRequestHandler.h,2,1,3
/media/ullmann/HDDGabriel/engines/UnrealEngine/Engine/Source/Runtime/Online/HTTPServer/Public/HttpResultCallback.h,1,1,2
/media/ullmann/HDDGabriel/engines/UnrealEngine/Engine/Source/Runtime/Experimental/Chaos/Public/Chaos/ConvexHalfEdgeStructureData.h,0,1,1
/media/ullmann/HDDGabriel/engines/UnrealEngine/Engine/Source/Runtime/Slate/Public/Framework/MarqueeRect.h,1,0,1
/media/ullmann/HDDGabriel/engines/UnrealEngine/Engine/Source/ThirdParty/ICU/icu4c-53_1/source/layout/LigatureSubstSubtables.h,2,5,7
/media/ullmann/HDDGabriel/engines/UnrealEngine/Engine/Source/ThirdParty/ICU/icu4c-53_1/source/layout/GlyphIterator.h,32,3,35
/media/ullmann/HDDGabriel/engines/UnrealEngine/Engine/Source/ThirdParty/Intel/Embree/Embree270/src/kernels/xeonphi/geometry/primitive.h,7,1,8
/media/ullmann/HDDGabriel/engines/UnrealEngine/Engine/Source/Programs/UnrealLightmass/Private/ImportExport/Material.cpp,0,2,2
/media/ullmann/HDDGabriel/engines/UnrealEngine/Engine/Source/Programs/UnrealLightmass/Private/ImportExport/Material.h,1,0,1
/media/ullmann/HDDGabriel/engines/UnrealEngine/Engine/Source/ThirdParty/SDL2/SDL-gui-backend/include/SDL_test.h,0,15,15
/media/ullmann/HDDGabriel/engines/UnrealEngine/Engine/Source/ThirdParty/Crunch/include/crn_decomp.h,0,1,1
/media/ullmann/HDDGabriel/engines/UnrealEngine/Engine/Source/ThirdParty/Crunch/include/crn_defs.h,1,1,2
/media/ullmann/HDDGabriel/engines/UnrealEngine/Engine/Source/ThirdParty/mtlpp/mtlpp-master-7efad47/src/parallel_render_command_encoder.hpp,1,6,7
/media/ullmann/HDDGabriel/engines/UnrealEngine/Engine/Source/ThirdParty/mtlpp/mtlpp-master-7efad47/src/render_pass.hpp,4,4,8
/media/ullmann/HDDGabriel/engines/UnrealEngine/Engine/Source/ThirdParty/MCPP/mcpp-2.7.2/test-l/nest4.h,1,1,2
/media/ullmann/HDDGabriel/engines/UnrealEngine/Engine/Source/ThirdParty/MCPP/mcpp-2.7.2/test-l/nest5.h,1,1,2
/media/ullmann/HDDGabriel/engines/UnrealEngine/Engine/Source/Developer/Windows/LiveCoding/Private/External/LC_DuplexPipeClient.h,4,1,5
/media/ullmann/HDDGabriel/engines/UnrealEngine/Engine/Source/Developer/Windows/LiveCoding/Private/External/LC_DuplexPipe.h,5,3,8
/media/ullmann/HDDGabriel/engines/UnrealEngine/Engine/Source/ThirdParty/SDL2/SDL-gui-backend/src/video/x11/SDL_x11video.c,0,11,11
/media/ullmann/HDDGabriel/engines/UnrealEngine/Engine/Source/Runtime/GameMenuBuilder/Public/SGameMenuPageWidget.h,1,1,2
/media/ullmann/HDDGabriel/engines/UnrealEngine/Engine/Source/Runtime/GameMenuBuilder/Public/GameMenuWidgetStyle.h,3,0,3
/media/ullmann/HDDGabriel/engines/UnrealEngine/Engine/Source/Programs/UnrealLightmass/Private/Lighting/Embree.cpp,0,2,2
/media/ullmann/HDDGabriel/engines/UnrealEngine/Engine/Source/Programs/UnrealLightmass/Private/Lighting/LightingSystem.h,13,4,17
/media/ullmann/HDDGabriel/engines/UnrealEngine/Engine/Source/ThirdParty/ICU/icu4c-64_1/source/common/unicode/resbund.h,8,0,8
/media/ullmann/HDDGabriel/engines/UnrealEngine/Engine/Source/ThirdParty/Intel/Embree/Embree270/src/kernels/common/scene_subdiv_mesh.h,7,8,15
/media/ullmann/HDDGabriel/engines/UnrealEngine/Engine/Source/ThirdParty/Intel/Embree/Embree270/src/kernels/common/buffer.h,7,1,8
/media/ullmann/HDDGabriel/engines/UnrealEngine/Engine/Source/ThirdParty/ICU/icu4c-53_1/source/common/appendable.cpp,0,3,3
/media/ullmann/HDDGabriel/engines/UnrealEngine/Engine/Source/ThirdParty/ICU/icu4c-53_1/source/common/unicode/appendable.h,3,0,3
/media/ullmann/HDDGabriel/engines/UnrealEngine/Engine/Source/ThirdParty/PhysX3/APEX_1.4/module/clothing_legacy/include/autogen/ModuleClothingLegacyRegistration.h,0,80,80
/media/ullmann/HDDGabriel/engines/UnrealEngine/Engine/Source/ThirdParty/PhysX3/APEX_1.4/module/clothing_legacy/include/autogen/ClothingMaterialLibraryParameters_0p7.h,1,0,1
/media/ullmann/HDDGabriel/engines/UnrealEngine/Engine/Source/Runtime/Apple/MetalRHI/Private/MetalBuffer.cpp,0,6,6
/media/ullmann/HDDGabriel/engines/UnrealEngine/Engine/Source/Runtime/Apple/MetalRHI/Private/MetalLLM.h,8,1,9
/media/ullmann/HDDGabriel/engines/UnrealEngine/Engine/Source/ThirdParty/EOSSDK/SDK/Include/eos_anticheatclient_types.h,2,2,4
/media/ullmann/HDDGabriel/engines/UnrealEngine/Engine/Source/ThirdParty/CryptoPP/5.6.5/include/shark.h,3,3,6
/media/ullmann/HDDGabriel/engines/UnrealEngine/Engine/Source/Runtime/Slate/Public/Widgets/Images/SThrobber.h,1,0,1
/media/ullmann/HDDGabriel/engines/UnrealEngine/Engine/Source/ThirdParty/OpenVDB/Deploy/openvdb-8.1.0/include/openvdb/points/PointAttribute.h,3,4,7
/media/ullmann/HDDGabriel/engines/UnrealEngine/Engine/Source/ThirdParty/ShaderConductor/ShaderConductor/External/DirectXShaderCompiler/tools/clang/lib/Headers/pmmintrin.h,4,1,5
/media/ullmann/HDDGabriel/engines/UnrealEngine/Engine/Source/ThirdParty/PhysX3/APEX_1.4/include/ApexSDK.h,8,8,16
/media/ullmann/HDDGabriel/engines/UnrealEngine/Engine/Source/ThirdParty/PhysX3/APEX_1.4/include/nvparameterized/NvParameterized.h,3,1,4
/media/ullmann/HDDGabriel/engines/UnrealEngine/Engine/Source/ThirdParty/libOpus/opus-1.1/include/opus_defines.h,2,1,3
/media/ullmann/HDDGabriel/engines/UnrealEngine/Engine/Source/ThirdParty/libOpus/opus-1.1/include/opus_types.h,2,0,2
/media/ullmann/HDDGabriel/engines/UnrealEngine/Engine/Source/ThirdParty/Imath/Imath-3.1.3/src/python/PyImath/PyImathColor3.cpp,0,7,7
/media/ullmann/HDDGabriel/engines/UnrealEngine/Engine/Source/ThirdParty/Imath/Imath-3.1.3/src/python/PyImath/PyImathColor3ArrayImpl.h,1,3,4
/media/ullmann/HDDGabriel/engines/UnrealEngine/Engine/Source/Runtime/VulkanRHI/Private/VulkanDevice.cpp,0,7,7
/media/ullmann/HDDGabriel/engines/UnrealEngine/Engine/Source/Editor/AdvancedPreviewScene/Public/SAdvancedPreviewDetailsTab.h,0,1,1
/media/ullmann/HDDGabriel/engines/UnrealEngine/Engine/Source/Editor/AdvancedPreviewScene/Public/AdvancedPreviewSceneModule.h,1,0,1
/media/ullmann/HDDGabriel/engines/UnrealEngine/Engine/Source/ThirdParty/PhysX3/PhysX_3.4/Source/GeomUtils/src/mesh/GuTriangleMesh.h,7,2,9
/media/ullmann/HDDGabriel/engines/UnrealEngine/Engine/Source/ThirdParty/PhysX3/PhysX_3.4/Source/GeomUtils/src/mesh/GuMeshData.h,1,3,4
/media/ullmann/HDDGabriel/engines/UnrealEngine/Engine/Source/Editor/LevelEditor/Private/LevelEditorCreateActorMenu.cpp,0,1,1
/media/ullmann/HDDGabriel/engines/UnrealEngine/Engine/Source/Editor/LevelEditor/Private/LevelEditorCreateActorMenu.h,2,0,2
/media/ullmann/HDDGabriel/engines/UnrealEngine/Engine/Source/Developer/IOS/IOSTargetPlatform/Private/IOSTargetDevice.cpp,0,2,2
/media/ullmann/HDDGabriel/engines/UnrealEngine/Engine/Source/Developer/IOS/IOSTargetPlatform/Private/IOSTargetDevice.h,2,0,2
/media/ullmann/HDDGabriel/engines/UnrealEngine/Engine/Source/ThirdParty/libOpus/opus-1.1/celt/static_modes_float.h,0,2,2
/media/ullmann/HDDGabriel/engines/UnrealEngine/Engine/Source/ThirdParty/Intel/ISPC/ispc-1.17.0/src/expr.h,9,3,12
/media/ullmann/HDDGabriel/engines/UnrealEngine/Engine/Source/ThirdParty/Windows/glTF-Toolkit/glTF-Toolkit/inc/AccessorUtils.h,1,1,2
/media/ullmann/HDDGabriel/engines/UnrealEngine/Engine/Source/ThirdParty/Windows/glTF-Toolkit/glTF-Toolkit/inc/GLTFSDK.h,9,0,9
/media/ullmann/HDDGabriel/engines/UnrealEngine/Engine/Source/Runtime/Core/Public/Traits/IsContiguousContainer.h,3,0,3
/media/ullmann/HDDGabriel/engines/UnrealEngine/Engine/Source/ThirdParty/SDL2/SDL-gui-backend/src/video/os2/SDL_os2messagebox.h,1,1,2
/media/ullmann/HDDGabriel/engines/UnrealEngine/Engine/Source/Runtime/SlateCore/Public/Types/PaintArgs.h,1,0,1
/media/ullmann/HDDGabriel/engines/UnrealEngine/Engine/Source/ThirdParty/Steamworks/Steamv147/sdk/public/steam/steamdatagram_tickets.h,0,1,1
/media/ullmann/HDDGabriel/engines/UnrealEngine/Engine/Source/ThirdParty/Steamworks/Steamv147/sdk/public/steam/steamnetworkingtypes.h,3,1,4
/media/ullmann/HDDGabriel/engines/UnrealEngine/Engine/Source/ThirdParty/ICU/icu4c-53_1/source/samples/layout/ucreader.cpp,0,3,3
/media/ullmann/HDDGabriel/engines/UnrealEngine/Engine/Source/ThirdParty/ShaderConductor/ShaderConductor/External/DirectXShaderCompiler/tools/clang/tools/diagtool/ListWarnings.cpp,0,2,2
/media/ullmann/HDDGabriel/engines/UnrealEngine/Engine/Source/ThirdParty/ShaderConductor/ShaderConductor/External/DirectXShaderCompiler/tools/clang/tools/diagtool/DiagTool.h,5,0,5
/media/ullmann/HDDGabriel/engines/UnrealEngine/Engine/Source/ThirdParty/PhysX3/PhysX_3.4/Source/GeomUtils/src/distance/GuDistancePointTriangle.cpp,0,2,2
/media/ullmann/HDDGabriel/engines/UnrealEngine/Engine/Source/ThirdParty/PhysX3/PhysX_3.4/Source/GeomUtils/src/distance/GuDistancePointTriangleSIMD.h,2,0,2
/media/ullmann/HDDGabriel/engines/UnrealEngine/Engine/Source/ThirdParty/PhysX3/PhysX_3.4/Source/LowLevelParticles/src/PtParticleShapeCpu.h,4,2,6
/media/ullmann/HDDGabriel/engines/UnrealEngine/Engine/Source/ThirdParty/PhysX3/PhysX_3.4/Source/LowLevelParticles/src/PtConfig.h,7,0,7
/media/ullmann/HDDGabriel/engines/UnrealEngine/Engine/Source/ThirdParty/FreeType2/FreeType2-2.10.4/src/cache/ftcache.c,0,8,8
/media/ullmann/HDDGabriel/engines/UnrealEngine/Engine/Source/ThirdParty/FreeType2/FreeType2-2.10.4/src/cache/ftccache.c,1,3,4
/media/ullmann/HDDGabriel/engines/UnrealEngine/Engine/Source/ThirdParty/ICU/icu4c-64_1/source/test/intltest/numbertest_skeletons.cpp,0,1,1
/media/ullmann/HDDGabriel/engines/UnrealEngine/Engine/Source/ThirdParty/SDL2/SDL-gui-backend/src/video/SDL_blit_auto.c,0,3,3
/media/ullmann/HDDGabriel/engines/UnrealEngine/Engine/Source/ThirdParty/Python3/Linux/include/python3.9/genobject.h,1,1,2
/media/ullmann/HDDGabriel/engines/UnrealEngine/Engine/Source/ThirdParty/Python3/Linux/include/python3.9/pystate.h,2,1,3
/media/ullmann/HDDGabriel/engines/UnrealEngine/Engine/Source/ThirdParty/ICU/icu4c-64_1/source/i18n/fphdlimp.h,9,3,12
/media/ullmann/HDDGabriel/engines/UnrealEngine/Engine/Source/ThirdParty/ICU/icu4c-64_1/source/i18n/unicode/formattedvalue.h,3,0,3
/media/ullmann/HDDGabriel/engines/UnrealEngine/Engine/Source/ThirdParty/Intel/ISPC/ispc-1.17.0/src/module.h,12,2,14
/media/ullmann/HDDGabriel/engines/UnrealEngine/Engine/Source/ThirdParty/Intel/ISPC/ispc-1.17.0/src/ispc.h,16,3,19
/media/ullmann/HDDGabriel/engines/UnrealEngine/Engine/Source/Editor/HierarchicalLODOutliner/Private/LODLevelItem.cpp,0,2,2
/media/ullmann/HDDGabriel/engines/UnrealEngine/Engine/Source/Editor/HierarchicalLODOutliner/Private/HLODOutliner.h,5,1,6
/media/ullmann/HDDGabriel/engines/UnrealEngine/Engine/Source/ThirdParty/SDL2/SDL-gui-backend/src/audio/aaudio/SDL_aaudio.h,1,2,3
/media/ullmann/HDDGabriel/engines/UnrealEngine/Engine/Source/ThirdParty/libOpus/opus-1.3.1-12/silk/MacroCount.h,1,0,1
/media/ullmann/HDDGabriel/engines/UnrealEngine/Engine/Source/Runtime/CoreUObject/Private/UObject/SavePackage/SaveContext.cpp,0,1,1
/media/ullmann/HDDGabriel/engines/UnrealEngine/Engine/Source/Runtime/CoreUObject/Private/UObject/SavePackage/SaveContext.h,2,0,2
/media/ullmann/HDDGabriel/engines/UnrealEngine/Engine/Source/ThirdParty/ICU/icu4c-64_1/source/common/locdispnames.cpp,0,14,14
/media/ullmann/HDDGabriel/engines/UnrealEngine/Engine/Source/ThirdParty/libOpus/opus-1.1/celt/float_cast.h,3,1,4
/media/ullmann/HDDGabriel/engines/UnrealEngine/Engine/Source/ThirdParty/libOpus/opus-1.1/celt/arch.h,21,4,25
/media/ullmann/HDDGabriel/engines/UnrealEngine/Engine/Source/ThirdParty/PhysX3/APEX_1.4/shared/general/HACD/include/dgMatrix.h,3,2,5
/media/ullmann/HDDGabriel/engines/UnrealEngine/Engine/Source/ThirdParty/PhysX3/APEX_1.4/shared/general/HACD/include/dgPlane.h,3,1,4
/media/ullmann/HDDGabriel/engines/UnrealEngine/Engine/Source/Programs/ZenDashboard/Private/ZenDashboard.cpp,0,3,3
/media/ullmann/HDDGabriel/engines/UnrealEngine/Engine/Source/Programs/ZenDashboard/Private/SZenCacheStatistics.h,2,0,2
/media/ullmann/HDDGabriel/engines/UnrealEngine/Engine/Source/ThirdParty/ShaderConductor/ShaderConductor/External/DirectXShaderCompiler/tools/clang/tools/libclang/CXComment.cpp,0,3,3
/media/ullmann/HDDGabriel/engines/UnrealEngine/Engine/Source/ThirdParty/ShaderConductor/ShaderConductor/External/DirectXShaderCompiler/tools/clang/tools/libclang/CXCursor.h,11,0,11
/media/ullmann/HDDGabriel/engines/UnrealEngine/Engine/Source/Developer/MaterialBaking/Private/MaterialBakingModule.cpp,0,5,5
/media/ullmann/HDDGabriel/engines/UnrealEngine/Engine/Source/Developer/MaterialBaking/Private/MaterialRenderItem.h,2,1,3
/media/ullmann/HDDGabriel/engines/UnrealEngine/Engine/Source/Runtime/Core/Public/Templates/Function.h,3,0,3
/media/ullmann/HDDGabriel/engines/UnrealEngine/Engine/Source/ThirdParty/ICU/icu4c-53_1/source/layout/IndicLayoutEngine.h,2,8,10
/media/ullmann/HDDGabriel/engines/UnrealEngine/Engine/Source/ThirdParty/ICU/icu4c-53_1/source/layout/GlyphDefinitionTables.h,21,3,24
/media/ullmann/HDDGabriel/engines/UnrealEngine/Engine/Source/ThirdParty/OpenSubdiv/OpenSubdiv-3.4.4/regression/shapes/catmark_chaikin1.h,1,0,1
/media/ullmann/HDDGabriel/engines/UnrealEngine/Engine/Source/Editor/AnimGraph/Private/AnimGraphNode_Base.cpp,0,6,6
/media/ullmann/HDDGabriel/engines/UnrealEngine/Engine/Source/Editor/AnimGraph/Private/AnimBlueprintExtension_Attributes.h,3,0,3
/media/ullmann/HDDGabriel/engines/UnrealEngine/Engine/Source/ThirdParty/WebRTC/4147/Include/third_party/libyuv/include/libyuv/video_common.h,1,0,1
/media/ullmann/HDDGabriel/engines/UnrealEngine/Engine/Source/ThirdParty/ICU/icu4c-64_1/source/i18n/titletrn.cpp,0,1,1
/media/ullmann/HDDGabriel/engines/UnrealEngine/Engine/Source/ThirdParty/ICU/icu4c-64_1/source/i18n/titletrn.h,2,2,4
/media/ullmann/HDDGabriel/engines/UnrealEngine/Engine/Source/Runtime/LiveLinkInterface/Public/LiveLinkRole.h,9,1,10
/media/ullmann/HDDGabriel/engines/UnrealEngine/Engine/Source/ThirdParty/SDL2/SDL-gui-backend/src/video/android/SDL_androidevents.h,2,2,4
/media/ullmann/HDDGabriel/engines/UnrealEngine/Engine/Source/ThirdParty/PhysX3/PhysX_3.4/Source/SimulationController/src/ScArticulationJointSim.cpp,0,3,3
/media/ullmann/HDDGabriel/engines/UnrealEngine/Engine/Source/ThirdParty/ICU/icu4c-53_1/source/layout/GlyphIterator.cpp,0,8,8
/media/ullmann/HDDGabriel/engines/UnrealEngine/Engine/Source/Runtime/Core/Public/Templates/IsEnumClass.h,3,0,3
/media/ullmann/HDDGabriel/engines/UnrealEngine/Engine/Source/ThirdParty/glslang/glslang/src/glslang_lib/glslang/MachineIndependent/RemoveTree.cpp,0,2,2
/media/ullmann/HDDGabriel/engines/UnrealEngine/Engine/Source/ThirdParty/glslang/glslang/src/glslang_lib/glslang/Include/intermediate.h,8,3,11
/media/ullmann/HDDGabriel/engines/UnrealEngine/Engine/Source/ThirdParty/ICU/icu4c-64_1/source/common/uchriter.cpp,0,5,5
/media/ullmann/HDDGabriel/engines/UnrealEngine/Engine/Source/ThirdParty/ICU/icu4c-64_1/source/common/utypeinfo.h,6,0,6
/media/ullmann/HDDGabriel/engines/UnrealEngine/Engine/Source/ThirdParty/FreeImage/FreeImage-3.18.0/Source/OpenEXR/IlmImf/ImfIntAttribute.h,4,2,6
/media/ullmann/HDDGabriel/engines/UnrealEngine/Engine/Source/Developer/TraceServices/Private/Modules/PlatformEventsModule.h,2,0,2
/media/ullmann/HDDGabriel/engines/UnrealEngine/Engine/Source/ThirdParty/Crunch/src/crnlib/crn_etc.h,5,2,7
/media/ullmann/HDDGabriel/engines/UnrealEngine/Engine/Source/ThirdParty/Crunch/src/crnlib/crn_dxt.h,10,6,16
/media/ullmann/HDDGabriel/engines/UnrealEngine/Engine/Source/Runtime/Portal/Services/Private/PortalServicesModule.cpp,0,1,1
/media/ullmann/HDDGabriel/engines/UnrealEngine/Engine/Source/Runtime/Portal/Services/Private/PortalServiceLocator.h,2,0,2
/media/ullmann/HDDGabriel/engines/UnrealEngine/Engine/Source/ThirdParty/ICU/icu4c-53_1/source/common/propsvec.c,0,7,7
/media/ullmann/HDDGabriel/engines/UnrealEngine/Engine/Source/ThirdParty/ICU/icu4c-53_1/source/common/uarrsort.h,10,1,11
/media/ullmann/HDDGabriel/engines/UnrealEngine/Engine/Source/ThirdParty/Boost/boost-1_70_0/include/boost/safe_numerics/safe_base.hpp,2,4,6
/media/ullmann/HDDGabriel/engines/UnrealEngine/Engine/Source/ThirdParty/Boost/boost-1_70_0/include/boost/safe_numerics/concept/exception_policy.hpp,1,0,1
/media/ullmann/HDDGabriel/engines/UnrealEngine/Engine/Source/ThirdParty/Intel/TBB/IntelTBB-2019u8/src/tbb/scheduler.cpp,1,7,8
/media/ullmann/HDDGabriel/engines/UnrealEngine/Engine/Source/Editor/PropertyEditor/Private/DetailItemNode.cpp,0,9,9
/media/ullmann/HDDGabriel/engines/UnrealEngine/Engine/Source/Editor/PropertyEditor/Private/DetailPropertyRow.h,9,4,13
/media/ullmann/HDDGabriel/engines/UnrealEngine/Engine/Source/ThirdParty/ICU/icu4c-53_1/source/i18n/rematch.cpp,0,4,4
/media/ullmann/HDDGabriel/engines/UnrealEngine/Engine/Source/ThirdParty/ICU/icu4c-53_1/source/i18n/regexst.h,4,1,5
/media/ullmann/HDDGabriel/engines/UnrealEngine/Engine/Source/Runtime/PreLoadScreen/Public/PreLoadScreenManager.h,0,2,2
/media/ullmann/HDDGabriel/engines/UnrealEngine/Engine/Source/Runtime/PreLoadScreen/Public/PreLoadSlateThreading.h,1,0,1
/media/ullmann/HDDGabriel/engines/UnrealEngine/Engine/Source/ThirdParty/ICU/icu4c-53_1/source/common/uinit.cpp,0,9,9
/media/ullmann/HDDGabriel/engines/UnrealEngine/Engine/Source/ThirdParty/ICU/icu4c-53_1/source/common/ucnv_io.h,3,2,5
/media/ullmann/HDDGabriel/engines/UnrealEngine/Engine/Source/ThirdParty/Intel/TBB/IntelTBB-2019u8/src/tbb/scheduler.h,8,9,17
/media/ullmann/HDDGabriel/engines/UnrealEngine/Engine/Source/ThirdParty/Intel/TBB/IntelTBB-2019u8/src/tbb/intrusive_list.h,4,0,4
/media/ullmann/HDDGabriel/engines/UnrealEngine/Engine/Source/ThirdParty/openexr/openexr-3.1.1/src/test/OpenEXRTest/testSharedFrameBuffer.cpp,0,2,2
/media/ullmann/HDDGabriel/engines/UnrealEngine/Engine/Source/ThirdParty/openexr/openexr-3.1.1/src/test/OpenEXRTest/compareDwa.h,6,0,6
/media/ullmann/HDDGabriel/engines/UnrealEngine/Engine/Source/ThirdParty/ICU/icu4c-53_1/source/test/intltest/pptest.h,2,1,3
/media/ullmann/HDDGabriel/engines/UnrealEngine/Engine/Source/Runtime/Renderer/Private/DeferredShadingRenderer.cpp,0,40,40
/media/ullmann/HDDGabriel/engines/UnrealEngine/Engine/Source/Runtime/Renderer/Private/PostProcess/SceneFilterRendering.h,24,1,25
/media/ullmann/HDDGabriel/engines/UnrealEngine/Engine/Source/Runtime/Apple/MetalRHI/Private/MetalRenderPass.h,3,3,6
/media/ullmann/HDDGabriel/engines/UnrealEngine/Engine/Source/ThirdParty/HarfBuzz/harfbuzz-1.2.4/test/api/test-ot-tag.c,0,1,1
/media/ullmann/HDDGabriel/engines/UnrealEngine/Engine/Source/ThirdParty/HarfBuzz/harfbuzz-1.2.4/test/api/hb-test.h,10,0,10
/media/ullmann/HDDGabriel/engines/UnrealEngine/Engine/Source/ThirdParty/ShaderConductor/ShaderConductor/External/DirectXShaderCompiler/lib/Support/Path.cpp,0,2,2
/media/ullmann/HDDGabriel/engines/UnrealEngine/Engine/Source/ThirdParty/ShaderConductor/ShaderConductor/External/DirectXShaderCompiler/lib/Support/Unix/Path.inc,1,0,1
/media/ullmann/HDDGabriel/engines/UnrealEngine/Engine/Source/ThirdParty/CryptoPP/5.6.5/include/casts.cpp,0,2,2
/media/ullmann/HDDGabriel/engines/UnrealEngine/Engine/Source/Runtime/Slate/Public/Widgets/Layout/SFxWidget.h,2,0,2
/media/ullmann/HDDGabriel/engines/UnrealEngine/Engine/Source/ThirdParty/openexr/openexr-3.1.1/src/lib/OpenEXR/ImfLineOrderAttribute.cpp,0,1,1
/media/ullmann/HDDGabriel/engines/UnrealEngine/Engine/Source/ThirdParty/Intel/ISPC/ispc-1.17.0/ispcrt/detail/Future.h,3,2,5
/media/ullmann/HDDGabriel/engines/UnrealEngine/Engine/Source/ThirdParty/Intel/ISPC/ispc-1.17.0/ispcrt/ispcrt.h,5,0,5
/media/ullmann/HDDGabriel/engines/UnrealEngine/Engine/Source/ThirdParty/SDL2/SDL-gui-backend/src/hidapi/windows/hid.c,1,2,3
/media/ullmann/HDDGabriel/engines/UnrealEngine/Engine/Source/ThirdParty/SDL2/SDL-gui-backend/src/hidapi/hidapi/hidapi.h,6,0,6
/media/ullmann/HDDGabriel/engines/UnrealEngine/Engine/Source/ThirdParty/ShaderConductor/ShaderConductor/External/DirectXShaderCompiler/include/llvm/DebugInfo/PDB/PDBSymbolUnknown.h,0,1,1
/media/ullmann/HDDGabriel/engines/UnrealEngine/Engine/Source/ThirdParty/ICU/icu4c-53_1/source/common/unicode/bytestrie.h,6,0,6
/media/ullmann/HDDGabriel/engines/UnrealEngine/Engine/Source/ThirdParty/CryptoPP/5.6.5/include/polynomi.cpp,1,3,4
/media/ullmann/HDDGabriel/engines/UnrealEngine/Engine/Source/Runtime/Apple/MetalRHI/Private/MetalUniformBufferCommands.cpp,0,2,2
/media/ullmann/HDDGabriel/engines/UnrealEngine/Engine/Source/ThirdParty/OpenVDB/openvdb-8.1.0/openvdb_houdini/openvdb_houdini/GeometryUtil.cc,0,2,2
/media/ullmann/HDDGabriel/engines/UnrealEngine/Engine/Source/ThirdParty/OpenVDB/openvdb-8.1.0/openvdb_houdini/openvdb_houdini/Utils.h,7,1,8
/media/ullmann/HDDGabriel/engines/UnrealEngine/Engine/Source/ThirdParty/ICU/icu4c-64_1/source/test/intltest/idnaref.cpp,0,4,4
/media/ullmann/HDDGabriel/engines/UnrealEngine/Engine/Source/ThirdParty/ICU/icu4c-64_1/source/test/intltest/punyref.h,3,0,3
/media/ullmann/HDDGabriel/engines/UnrealEngine/Engine/Source/ThirdParty/ICU/icu4c-64_1/source/common/bmpset.cpp,0,7,7
/media/ullmann/HDDGabriel/engines/UnrealEngine/Engine/Source/ThirdParty/ShaderConductor/ShaderConductor/External/DirectXShaderCompiler/tools/clang/lib/CodeGen/CGException.cpp,0,5,5
/media/ullmann/HDDGabriel/engines/UnrealEngine/Engine/Source/ThirdParty/ShaderConductor/ShaderConductor/External/DirectXShaderCompiler/tools/clang/lib/CodeGen/CGObjCRuntime.h,15,3,18
/media/ullmann/HDDGabriel/engines/UnrealEngine/Engine/Source/Runtime/Experimental/ChaosVehicles/ChaosVehiclesCore/Public/TransmissionSystem.h,1,2,3
/media/ullmann/HDDGabriel/engines/UnrealEngine/Engine/Source/ThirdParty/Intel/Embree/Embree2140/src/kernels/geometry/filter.h,6,4,10
/media/ullmann/HDDGabriel/engines/UnrealEngine/Engine/Source/ThirdParty/Intel/Embree/Embree2140/src/kernels/common/geometry.h,13,1,14
/media/ullmann/HDDGabriel/engines/UnrealEngine/Engine/Source/ThirdParty/OpenVDB/openvdb-8.1.0/openvdb/openvdb/tools/MultiResGrid.h,0,5,5
/media/ullmann/HDDGabriel/engines/UnrealEngine/Engine/Source/ThirdParty/CryptoPP/5.6.5/include/misc.cpp,0,6,6
/media/ullmann/HDDGabriel/engines/UnrealEngine/Engine/Source/Runtime/Apple/MetalRHI/Private/MetalComputeCommandEncoder.h,4,1,5
/media/ullmann/HDDGabriel/engines/UnrealEngine/Engine/Source/ThirdParty/FreeImage/FreeImage-3.18.0/Source/OpenEXR/IlmImf/ImfOutputStreamMutex.h,5,3,8
/media/ullmann/HDDGabriel/engines/UnrealEngine/Engine/Source/ThirdParty/ICU/icu4c-53_1/source/layout/IndicLayoutEngine.cpp,0,11,11
/media/ullmann/HDDGabriel/engines/UnrealEngine/Engine/Source/ThirdParty/HarfBuzz/harfbuzz-2.4.0/src/hb-aat-layout.cc,0,12,12
/media/ullmann/HDDGabriel/engines/UnrealEngine/Engine/Source/ThirdParty/HarfBuzz/harfbuzz-2.4.0/src/hb-aat-layout-bsln-table.hh,1,0,1
/media/ullmann/HDDGabriel/engines/UnrealEngine/Engine/Source/Runtime/Core/Public/Internationalization/Text.h,3,0,3
/media/ullmann/HDDGabriel/engines/UnrealEngine/Engine/Source/ThirdParty/Oculus/LibOVRPlatform/LibOVRPlatform/include/OVR_AbuseReportType.h,1,1,2
/media/ullmann/HDDGabriel/engines/UnrealEngine/Engine/Source/ThirdParty/SDL2/SDL-gui-backend/src/audio/arts/SDL_artsaudio.c,0,3,3
/media/ullmann/HDDGabriel/engines/UnrealEngine/Engine/Source/ThirdParty/WebRTC/4147/Include/base/third_party/double_conversion/double-conversion/ieee.h,0,1,1
/media/ullmann/HDDGabriel/engines/UnrealEngine/Engine/Source/ThirdParty/WebRTC/4147/Include/base/third_party/double_conversion/double-conversion/diy-fp.h,2,1,3
/media/ullmann/HDDGabriel/engines/UnrealEngine/Engine/Source/ThirdParty/HarfBuzz/harfbuzz-2.4.0/src/hb-buffer-serialize.cc,0,3,3
/media/ullmann/HDDGabriel/engines/UnrealEngine/Engine/Source/ThirdParty/HarfBuzz/harfbuzz-2.4.0/src/hb-buffer-deserialize-json.hh,1,0,1
/media/ullmann/HDDGabriel/engines/UnrealEngine/Engine/Source/ThirdParty/ShaderConductor/ShaderConductor/External/DirectXShaderCompiler/lib/DxilDia/DxcPixTypes.cpp,0,3,3
/media/ullmann/HDDGabriel/engines/UnrealEngine/Engine/Source/ThirdParty/ShaderConductor/ShaderConductor/External/DirectXShaderCompiler/lib/DxilDia/DxcPixBase.h,6,0,6
/media/ullmann/HDDGabriel/engines/UnrealEngine/Engine/Source/Runtime/Core/Public/Misc/Timespan.h,3,0,3
/media/ullmann/HDDGabriel/engines/UnrealEngine/Engine/Source/Runtime/GeometryCore/Public/BoxTypes.h,7,2,9
/media/ullmann/HDDGabriel/engines/UnrealEngine/Engine/Source/Runtime/GeometryCore/Public/TransformTypes.h,3,2,5
/media/ullmann/HDDGabriel/engines/UnrealEngine/Engine/Source/ThirdParty/ICU/icu4c-64_1/source/i18n/quantityformatter.h,3,1,4
/media/ullmann/HDDGabriel/engines/UnrealEngine/Engine/Source/ThirdParty/CryptoPP/5.6.2/include/ttmac.cpp,0,3,3
/media/ullmann/HDDGabriel/engines/UnrealEngine/Engine/Source/Programs/Enterprise/Datasmith/DatasmithARCHICADExporter/Private/SyncContext.h,5,5,10
/media/ullmann/HDDGabriel/engines/UnrealEngine/Engine/Source/ThirdParty/libOpus/opus-1.3.1-12/silk/float/LPC_inv_pred_gain_FLP.c,0,1,1
/media/ullmann/HDDGabriel/engines/UnrealEngine/Engine/Source/ThirdParty/libOpus/opus-1.3.1-12/silk/float/SigProc_FLP.h,13,0,13
/media/ullmann/HDDGabriel/engines/UnrealEngine/Engine/Source/ThirdParty/WebRTC/4147/Include/rtc_base/physical_socket_server.h,0,1,1
/media/ullmann/HDDGabriel/engines/UnrealEngine/Engine/Source/Editor/PhysicsAssetEditor/Private/PhysicsAssetEditorSharedData.cpp,0,4,4
/media/ullmann/HDDGabriel/engines/UnrealEngine/Engine/Source/ThirdParty/ICU/icu4c-64_1/source/common/putil.cpp,0,15,15
/media/ullmann/HDDGabriel/engines/UnrealEngine/Engine/Source/ThirdParty/Crunch/src/crnlib/crn_matrix.h,2,1,3
/media/ullmann/HDDGabriel/engines/UnrealEngine/Engine/Source/Editor/DetailCustomizations/Private/LandscapeUIDetails.cpp,0,2,2
/media/ullmann/HDDGabriel/engines/UnrealEngine/Engine/Source/Runtime/Landscape/Classes/Landscape.h,2,1,3
/media/ullmann/HDDGabriel/engines/UnrealEngine/Engine/Source/ThirdParty/ICU/icu4c-64_1/source/i18n/rbt_pars.cpp,0,9,9
/media/ullmann/HDDGabriel/engines/UnrealEngine/Engine/Source/ThirdParty/ICU/icu4c-64_1/source/i18n/rbt_data.h,8,1,9
/media/ullmann/HDDGabriel/engines/UnrealEngine/Engine/Source/ThirdParty/PhysX3/APEX_1.4/framework/include/autogen/BufferF32x1.h,1,0,1
/media/ullmann/HDDGabriel/engines/UnrealEngine/Engine/Source/ThirdParty/ICU/icu4c-64_1/source/common/ustr_imp.h,38,2,40
/media/ullmann/HDDGabriel/engines/UnrealEngine/Engine/Source/ThirdParty/OpenSubdiv/OpenSubdiv-3.4.4/examples/glShareTopology/sceneBase.cpp,0,2,2
/media/ullmann/HDDGabriel/engines/UnrealEngine/Engine/Source/ThirdParty/openexr/openexr-3.1.1/src/lib/OpenEXR/ImfCompressor.cpp,0,9,9
/media/ullmann/HDDGabriel/engines/UnrealEngine/Engine/Source/ThirdParty/openexr/openexr-3.1.1/src/lib/OpenEXR/ImfNamespace.h,111,0,111
/media/ullmann/HDDGabriel/engines/UnrealEngine/Engine/Source/Programs/Enterprise/Datasmith/DatasmithSketchUpRubyExporter/Private/DatasmithSketchUpExporter.cpp,0,12,12
/media/ullmann/HDDGabriel/engines/UnrealEngine/Engine/Source/ThirdParty/Oculus/LibOVRPlatform/LibOVRPlatform/include/OVR_Requests_RichPresence.h,1,3,4
/media/ullmann/HDDGabriel/engines/UnrealEngine/Engine/Source/ThirdParty/PhysX3/NvCloth/samples/SampleBase/scene/scenes/FreeFallScene.cpp,0,1,1
/media/ullmann/HDDGabriel/engines/UnrealEngine/Engine/Source/ThirdParty/PhysX3/NvCloth/samples/SampleBase/scene/scenes/FreeFallScene.h,1,0,1
/media/ullmann/HDDGabriel/engines/UnrealEngine/Engine/Source/ThirdParty/ICU/icu4c-64_1/source/io/uscanf.cpp,0,4,4
/media/ullmann/HDDGabriel/engines/UnrealEngine/Engine/Source/ThirdParty/ICU/icu4c-64_1/source/io/ufmt_cmn.h,7,0,7
/media/ullmann/HDDGabriel/engines/UnrealEngine/Engine/Source/Runtime/InteractiveToolsFramework/Public/BaseGizmos/ScalableSphereGizmo.h,0,1,1
/media/ullmann/HDDGabriel/engines/UnrealEngine/Engine/Source/Runtime/InteractiveToolsFramework/Public/BaseGizmos/TransformProxy.h,1,0,1
/media/ullmann/HDDGabriel/engines/UnrealEngine/Engine/Source/ThirdParty/Python3/Mac/include/pystrcmp.h,1,0,1
/media/ullmann/HDDGabriel/engines/UnrealEngine/Engine/Source/Runtime/Experimental/ChaosVehicles/ChaosVehiclesCore/Public/VehicleUtility.h,12,0,12
/media/ullmann/HDDGabriel/engines/UnrealEngine/Engine/Source/Runtime/PhysicsCore/Public/CollisionQueryFilterCallbackCore.h,1,4,5
/media/ullmann/HDDGabriel/engines/UnrealEngine/Engine/Source/ThirdParty/ICU/icu4c-53_1/source/i18n/simpletz.cpp,0,4,4
/media/ullmann/HDDGabriel/engines/UnrealEngine/Engine/Source/ThirdParty/Intel/Embree/Embree270/src/kernels/xeonphi/bvh4i/bvh4i_intersector16_subdiv.cpp,0,4,4
/media/ullmann/HDDGabriel/engines/UnrealEngine/Engine/Source/ThirdParty/Intel/Embree/Embree270/src/kernels/xeonphi/bvh4i/bvh4i_intersector16_subdiv.h,1,3,4
/media/ullmann/HDDGabriel/engines/UnrealEngine/Engine/Source/ThirdParty/openexr/Deploy/openexr-3.1.1/include/OpenEXR/ImfEnvmap.h,1,2,3
/media/ullmann/HDDGabriel/engines/UnrealEngine/Engine/Source/ThirdParty/ICU/icu4c-53_1/source/i18n/utf16collationiterator.cpp,0,5,5
/media/ullmann/HDDGabriel/engines/UnrealEngine/Engine/Source/ThirdParty/ICU/icu4c-53_1/source/i18n/collationiterator.h,10,2,12
/media/ullmann/HDDGabriel/engines/UnrealEngine/Engine/Source/ThirdParty/Crunch/src/crnlib/crn_dds_comp.cpp,0,4,4
/media/ullmann/HDDGabriel/engines/UnrealEngine/Engine/Source/ThirdParty/PhysX3/PhysX_3.4/Source/LowLevelDynamics/src/DySolverConstraintTypes.h,6,0,6
/media/ullmann/HDDGabriel/engines/UnrealEngine/Engine/Source/Editor/DetailCustomizations/Private/SkeletalMeshLODSettingsDetails.cpp,0,1,1
/media/ullmann/HDDGabriel/engines/UnrealEngine/Engine/Source/Editor/DetailCustomizations/Private/SkeletalMeshLODSettingsDetails.h,2,0,2
/media/ullmann/HDDGabriel/engines/UnrealEngine/Engine/Source/Editor/ContentBrowser/Public/AssetViewWidgets.h,0,2,2
/media/ullmann/HDDGabriel/engines/UnrealEngine/Engine/Source/Editor/ContentBrowser/Public/AssetViewSortManager.h,2,1,3
/media/ullmann/HDDGabriel/engines/UnrealEngine/Engine/Source/ThirdParty/Windows/DirectX/Include/xnamath.h,0,4,4
/media/ullmann/HDDGabriel/engines/UnrealEngine/Engine/Source/ThirdParty/Windows/DirectX/Include/xnamathmisc.inl,1,0,1
/media/ullmann/HDDGabriel/engines/UnrealEngine/Engine/Source/Editor/AudioEditor/Private/SSoundCuePalette.cpp,0,1,1
/media/ullmann/HDDGabriel/engines/UnrealEngine/Engine/Source/Editor/AudioEditor/Private/SSoundCuePalette.h,2,0,2
/media/ullmann/HDDGabriel/engines/UnrealEngine/Engine/Source/ThirdParty/Alembic/alembic-1.8.2/maya/AbcImport/CreateSceneHelper.h,3,1,4
/media/ullmann/HDDGabriel/engines/UnrealEngine/Engine/Source/ThirdParty/FreeType2/FreeType2-2.4.12/src/truetype/truetype.c,0,8,8
/media/ullmann/HDDGabriel/engines/UnrealEngine/Engine/Source/ThirdParty/FreeType2/FreeType2-2.4.12/src/truetype/ttdriver.c,1,6,7
/media/ullmann/HDDGabriel/engines/UnrealEngine/Engine/Source/Programs/UnrealTraceServer/src/AsioIoable.h,6,1,7
/media/ullmann/HDDGabriel/engines/UnrealEngine/Engine/Source/Programs/UnrealTraceServer/src/Asio.h,13,0,13
/media/ullmann/HDDGabriel/engines/UnrealEngine/Engine/Source/ThirdParty/ICU/icu4c-64_1/source/i18n/number_decnum.h,4,1,5
/media/ullmann/HDDGabriel/engines/UnrealEngine/Engine/Source/ThirdParty/hlslcc/hlslcc/src/hlslcc_lib/ir.cpp,0,5,5
/media/ullmann/HDDGabriel/engines/UnrealEngine/Engine/Source/ThirdParty/FreeImage/FreeImage-3.18.0/Source/OpenEXR/IlmImf/ImfBoxAttribute.h,7,4,11
/media/ullmann/HDDGabriel/engines/UnrealEngine/Engine/Source/Editor/Sequencer/Private/SSequencerTrackLane.h,3,1,4
/media/ullmann/HDDGabriel/engines/UnrealEngine/Engine/Source/Editor/Sequencer/Private/DisplayNodes/SequencerDisplayNode.h,21,0,21
/media/ullmann/HDDGabriel/engines/UnrealEngine/Engine/Source/ThirdParty/ICU/icu4c-64_1/source/common/unicode/edits.h,10,0,10
/media/ullmann/HDDGabriel/engines/UnrealEngine/Engine/Source/ThirdParty/Intel/Embree/Embree2140/src/kernels/common/scene_quad_mesh.cpp,0,2,2
/media/ullmann/HDDGabriel/engines/UnrealEngine/Engine/Source/ThirdParty/Intel/Embree/Embree2140/src/kernels/common/scene_quad_mesh.h,3,2,5
/media/ullmann/HDDGabriel/engines/UnrealEngine/Engine/Source/ThirdParty/Intel/Embree/Embree270/src/kernels/xeon/bvh8/bvh8_intersector8_hybrid.cpp,0,7,7
/media/ullmann/HDDGabriel/engines/UnrealEngine/Engine/Source/ThirdParty/Intel/Embree/Embree270/src/kernels/xeon/geometry/triangle8v.h,7,1,8
/media/ullmann/HDDGabriel/engines/UnrealEngine/Engine/Source/ThirdParty/PhysX3/PxShared/src/pvd/src/PxPvdImpl.h,5,4,9
/media/ullmann/HDDGabriel/engines/UnrealEngine/Engine/Source/ThirdParty/PhysX3/PxShared/src/pvd/src/PxPvdObjectModelMetaData.h,3,1,4
/media/ullmann/HDDGabriel/engines/UnrealEngine/Engine/Source/ThirdParty/Intel/TBB/IntelTBB-2019u8/include/tbb/concurrent_priority_queue.h,2,8,10
/media/ullmann/HDDGabriel/engines/UnrealEngine/Engine/Source/Editor/Kismet/Private/SGraphTitleBar.cpp,0,2,2
/media/ullmann/HDDGabriel/engines/UnrealEngine/Engine/Source/Editor/Kismet/Private/SGraphTitleBar.h,2,0,2
/media/ullmann/HDDGabriel/engines/UnrealEngine/Engine/Source/ThirdParty/PhysX3/PhysX_3.4/Include/PxPhysics.h,1,5,6
/media/ullmann/HDDGabriel/engines/UnrealEngine/Engine/Source/ThirdParty/PhysX3/PhysX_3.4/Include/PxPhysXConfig.h,29,1,30
/media/ullmann/HDDGabriel/engines/UnrealEngine/Engine/Source/ThirdParty/openexr/openexr-3.1.1/src/test/OpenEXRCoreTest/base_units.h,2,0,2
/media/ullmann/HDDGabriel/engines/UnrealEngine/Engine/Source/Runtime/Core/Public/Misc/EnumClassFlags.h,4,0,4
/media/ullmann/HDDGabriel/engines/UnrealEngine/Engine/Source/Runtime/Experimental/Chaos/Public/GeometryCollectionProxyData.h,0,2,2
/media/ullmann/HDDGabriel/engines/UnrealEngine/Engine/Source/Runtime/Experimental/Chaos/Public/GeometryCollection/GeometryCollectionCollisionStructureManager.h,1,0,1
/media/ullmann/HDDGabriel/engines/UnrealEngine/Engine/Source/ThirdParty/Intel/Embree/Embree270/src/kernels/common/scene.h,22,10,32
/media/ullmann/HDDGabriel/engines/UnrealEngine/Engine/Source/ThirdParty/ICU/icu4c-53_1/source/common/rbbiscan.h,2,9,11
/media/ullmann/HDDGabriel/engines/UnrealEngine/Engine/Source/ThirdParty/ICU/icu4c-53_1/source/common/unicode/parseerr.h,5,0,5
/media/ullmann/HDDGabriel/engines/UnrealEngine/Engine/Source/Runtime/Core/Public/Math/Float16.h,3,0,3
/media/ullmann/HDDGabriel/engines/UnrealEngine/Engine/Source/ThirdParty/OpenVDB/openvdb-8.1.0/openvdb/openvdb/points/IndexFilter.h,5,4,9
/media/ullmann/HDDGabriel/engines/UnrealEngine/Engine/Source/Editor/UnrealEd/Private/Cooker/CookTypes.cpp,0,1,1
/media/ullmann/HDDGabriel/engines/UnrealEngine/Engine/Source/Editor/UnrealEd/Private/Cooker/CookTypes.h,7,0,7
/media/ullmann/HDDGabriel/engines/UnrealEngine/Engine/Source/ThirdParty/libPNG/libPNG-1.6.37/pngmem.c,0,1,1
/media/ullmann/HDDGabriel/engines/UnrealEngine/Engine/Source/ThirdParty/libPNG/libPNG-1.6.37/pngpriv.h,27,5,32
/media/ullmann/HDDGabriel/engines/UnrealEngine/Engine/Source/ThirdParty/libOpus/opus-1.1/silk/float/LPC_inv_pred_gain_FLP.c,0,1,1
/media/ullmann/HDDGabriel/engines/UnrealEngine/Engine/Source/ThirdParty/libOpus/opus-1.1/silk/float/SigProc_FLP.h,14,0,14
/media/ullmann/HDDGabriel/engines/UnrealEngine/Engine/Source/ThirdParty/FreeType2/FreeType2-2.4.12/src/gxvalid/gxvfeat.c,1,3,4
/media/ullmann/HDDGabriel/engines/UnrealEngine/Engine/Source/ThirdParty/OpenVDB/openvdb-8.1.0/openvdb/openvdb/tools/LevelSetMorph.h,0,2,2
/media/ullmann/HDDGabriel/engines/UnrealEngine/Engine/Source/ThirdParty/OpenVDB/openvdb-8.1.0/openvdb/openvdb/tools/LevelSetTracker.h,3,2,5
/media/ullmann/HDDGabriel/engines/UnrealEngine/Engine/Source/ThirdParty/FreeImage/FreeImage-3.18.0/Source/OpenEXR/IlmImf/ImfMultiView.h,2,4,6
/media/ullmann/HDDGabriel/engines/UnrealEngine/Engine/Source/ThirdParty/Alembic/alembic-1.8.2/maya/AbcImport/NurbsCurveHelper.cpp,0,2,2
/media/ullmann/HDDGabriel/engines/UnrealEngine/Engine/Source/ThirdParty/Alembic/alembic-1.8.2/maya/AbcImport/NurbsCurveHelper.h,3,0,3
/media/ullmann/HDDGabriel/engines/UnrealEngine/Engine/Source/Runtime/AudioCodecEngine/Private/DecoderInputBackCompat.cpp,0,2,2
/media/ullmann/HDDGabriel/engines/UnrealEngine/Engine/Source/Runtime/AudioCodecEngine/Private/DecoderBackCompat.h,3,0,3
/media/ullmann/HDDGabriel/engines/UnrealEngine/Engine/Source/ThirdParty/WebRTC/4147/Include/third_party/opus/src/celt/kiss_fft.h,2,3,5
/media/ullmann/HDDGabriel/engines/UnrealEngine/Engine/Source/ThirdParty/WebRTC/4147/Include/third_party/opus/src/celt/arm/fft_arm.h,1,0,1
/media/ullmann/HDDGabriel/engines/UnrealEngine/Engine/Source/ThirdParty/SDL2/SDL-gui-backend/src/video/cocoa/SDL_cocoavideo.h,1,9,10
/media/ullmann/HDDGabriel/engines/UnrealEngine/Engine/Source/ThirdParty/ShaderConductor/ShaderConductor/External/DirectXShaderCompiler/lib/DxrFallback/Reducibility.cpp,0,2,2
/media/ullmann/HDDGabriel/engines/UnrealEngine/Engine/Source/ThirdParty/ShaderConductor/ShaderConductor/External/DirectXShaderCompiler/lib/DxrFallback/Reducibility.h,2,0,2
/media/ullmann/HDDGabriel/engines/UnrealEngine/Engine/Source/ThirdParty/openexr/openexr-3.1.1/src/test/OpenEXRTest/main.cpp,0,57,57
/media/ullmann/HDDGabriel/engines/UnrealEngine/Engine/Source/ThirdParty/openexr/openexr-3.1.1/src/test/OpenEXRTest/testLut.h,1,0,1
/media/ullmann/HDDGabriel/engines/UnrealEngine/Engine/Source/ThirdParty/ICU/icu4c-64_1/source/common/sprpimpl.h,2,8,10
/media/ullmann/HDDGabriel/engines/UnrealEngine/Engine/Source/ThirdParty/ICU/icu4c-64_1/source/common/unicode/usprep.h,3,0,3
/media/ullmann/HDDGabriel/engines/UnrealEngine/Engine/Source/ThirdParty/CryptoPP/5.6.5/include/des.cpp,0,3,3
/media/ullmann/HDDGabriel/engines/UnrealEngine/Engine/Source/ThirdParty/Crunch/src/crnlib/crn_dxt_hc.h,2,9,11
/media/ullmann/HDDGabriel/engines/UnrealEngine/Engine/Source/ThirdParty/Crunch/src/crnlib/crn_dxt1.h,6,1,7
/media/ullmann/HDDGabriel/engines/UnrealEngine/Engine/Source/Developer/Windows/LiveCodingServer/Private/External/LC_LiveProcess.cpp,0,3,3
/media/ullmann/HDDGabriel/engines/UnrealEngine/Engine/Source/Developer/Windows/LiveCodingServer/Private/External/LC_VisualStudioAutomation.h,3,1,4
/media/ullmann/HDDGabriel/engines/UnrealEngine/Engine/Source/ThirdParty/libPNG/libPNG-1.5.27/png.c,0,1,1
/media/ullmann/HDDGabriel/engines/UnrealEngine/Engine/Source/ThirdParty/ICU/icu4c-53_1/source/layout/Features.cpp,0,5,5
/media/ullmann/HDDGabriel/engines/UnrealEngine/Engine/Source/ThirdParty/PhysX3/PhysX_3.4/Source/SimulationController/src/ScIterators.cpp,0,3,3
/media/ullmann/HDDGabriel/engines/UnrealEngine/Engine/Source/Runtime/Renderer/Private/PathTracing.cpp,0,5,5
/media/ullmann/HDDGabriel/engines/UnrealEngine/Engine/Source/ThirdParty/FreeType2/FreeType2-2.4.12/src/raster/ftraster.c,1,4,5
/media/ullmann/HDDGabriel/engines/UnrealEngine/Engine/Source/ThirdParty/CryptoPP/5.6.2/include/rc5.h,3,2,5
/media/ullmann/HDDGabriel/engines/UnrealEngine/Engine/Source/ThirdParty/ShaderConductor/ShaderConductor/External/DirectXShaderCompiler/tools/llvm-readobj/COFFDumper.cpp,0,7,7
/media/ullmann/HDDGabriel/engines/UnrealEngine/Engine/Source/ThirdParty/ShaderConductor/ShaderConductor/External/DirectXShaderCompiler/tools/llvm-readobj/StackMapPrinter.h,3,0,3
/media/ullmann/HDDGabriel/engines/UnrealEngine/Engine/Source/ThirdParty/ICU/icu4c-53_1/source/i18n/tridpars.cpp,0,4,4
/media/ullmann/HDDGabriel/engines/UnrealEngine/Engine/Source/ThirdParty/ICU/icu4c-53_1/source/i18n/tridpars.h,6,0,6
/media/ullmann/HDDGabriel/engines/UnrealEngine/Engine/Source/ThirdParty/PhysX3/PhysX_3.4/Source/PhysXExtensions/src/serialization/Xml/SnRepXUpgrader.cpp,0,5,5
/media/ullmann/HDDGabriel/engines/UnrealEngine/Engine/Source/ThirdParty/PhysX3/PhysX_3.4/Source/PhysXExtensions/src/serialization/Xml/SnXmlReader.h,2,0,2
/media/ullmann/HDDGabriel/engines/UnrealEngine/Engine/Source/ThirdParty/ICU/icu4c-64_1/source/common/propsvec.cpp,0,7,7
/media/ullmann/HDDGabriel/engines/UnrealEngine/Engine/Source/ThirdParty/FreeType2/FreeType2-2.4.12/src/gxvalid/gxvmorx4.c,1,1,2
/media/ullmann/HDDGabriel/engines/UnrealEngine/Engine/Source/Editor/VirtualTexturingEditor/Private/VirtualTextureBuilderThumbnailRenderer.h,2,0,2
/media/ullmann/HDDGabriel/engines/UnrealEngine/Engine/Source/Runtime/Apple/AGXRHI/Private/Shaders/Types/Templates/AGXBaseShader.h,4,0,4
/media/ullmann/HDDGabriel/engines/UnrealEngine/Engine/Source/ThirdParty/Steamworks/Steamv146/sdk/public/steam/steamclientpublic.h,1,2,3
/media/ullmann/HDDGabriel/engines/UnrealEngine/Engine/Source/ThirdParty/Steamworks/Steamv146/sdk/public/steam/steamtypes.h,3,0,3
/media/ullmann/HDDGabriel/engines/UnrealEngine/Engine/Source/Developer/Virtualization/Private/VirtualizationFilterSettings.cpp,0,1,1
/media/ullmann/HDDGabriel/engines/UnrealEngine/Engine/Source/Developer/Virtualization/Private/VirtualizationFilterSettings.h,2,0,2
/media/ullmann/HDDGabriel/engines/UnrealEngine/Engine/Source/ThirdParty/ICU/icu4c-64_1/source/common/patternprops.h,6,2,8
/media/ullmann/HDDGabriel/engines/UnrealEngine/Engine/Source/ThirdParty/Oculus/LibOVRPlatform/LibOVRPlatform/include/OVR_ApplicationOptions.h,2,2,4
/media/ullmann/HDDGabriel/engines/UnrealEngine/Engine/Source/ThirdParty/ICU/icu4c-53_1/source/common/ustrcase_locale.cpp,0,6,6
/media/ullmann/HDDGabriel/engines/UnrealEngine/Engine/Source/ThirdParty/mtlpp/mtlpp-master-7efad47/src/command_buffer.hpp,3,5,8
/media/ullmann/HDDGabriel/engines/UnrealEngine/Engine/Source/ThirdParty/openexr/openexr-3.1.1/src/lib/OpenEXR/ImfSystemSpecific.cpp,0,3,3
/media/ullmann/HDDGabriel/engines/UnrealEngine/Engine/Source/Runtime/AugmentedReality/Public/ARPin.h,0,1,1
/media/ullmann/HDDGabriel/engines/UnrealEngine/Engine/Source/Runtime/AugmentedReality/Public/ARTypes.h,11,0,11
/media/ullmann/HDDGabriel/engines/UnrealEngine/Engine/Source/ThirdParty/CryptoPP/5.6.5/include/files.h,8,4,12
/media/ullmann/HDDGabriel/engines/UnrealEngine/Engine/Source/ThirdParty/PhysX3/PhysX_3.4/Source/SimulationController/src/ScElementSim.h,6,3,9
/media/ullmann/HDDGabriel/engines/UnrealEngine/Engine/Source/ThirdParty/PhysX3/PhysX_3.4/Source/SimulationController/src/ScObjectIDTracker.h,7,0,7
/media/ullmann/HDDGabriel/engines/UnrealEngine/Engine/Source/ThirdParty/ICU/icu4c-53_1/source/i18n/dangical.cpp,0,6,6
/media/ullmann/HDDGabriel/engines/UnrealEngine/Engine/Source/ThirdParty/ICU/icu4c-53_1/source/i18n/dangical.h,2,3,5
/media/ullmann/HDDGabriel/engines/UnrealEngine/Engine/Source/ThirdParty/openexr/openexr-3.1.1/src/lib/OpenEXR/ImfTimeCodeAttribute.h,6,4,10
/media/ullmann/HDDGabriel/engines/UnrealEngine/Engine/Source/ThirdParty/FreeImage/FreeImage-3.18.0/Source/OpenEXR/IlmImf/ImfDeepTiledInputFile.h,5,10,15
/media/ullmann/HDDGabriel/engines/UnrealEngine/Engine/Source/ThirdParty/FreeImage/FreeImage-3.18.0/Source/OpenEXR/IlmImf/ImfTileDescription.h,9,1,10
/media/ullmann/HDDGabriel/engines/UnrealEngine/Engine/Source/Runtime/Renderer/Private/PlanarReflectionRendering.h,4,0,4
/media/ullmann/HDDGabriel/engines/UnrealEngine/Engine/Source/Runtime/RigVM/Public/RigVMCore/RigVMMemoryDeprecated.h,3,4,7
/media/ullmann/HDDGabriel/engines/UnrealEngine/Engine/Source/Runtime/RigVM/Public/RigVMCore/RigVMArray.h,5,1,6
/media/ullmann/HDDGabriel/engines/UnrealEngine/Engine/Source/Runtime/Renderer/Private/BasePassRendering.h,15,12,27
/media/ullmann/HDDGabriel/engines/UnrealEngine/Engine/Source/Runtime/Apple/AGXRHI/Private/AGXShaders.cpp,0,7,7
/media/ullmann/HDDGabriel/engines/UnrealEngine/Engine/Source/Runtime/Apple/AGXRHI/Private/Shaders/AGXCompiledShaderKey.h,2,0,2
/media/ullmann/HDDGabriel/engines/UnrealEngine/Engine/Source/ThirdParty/PhysX3/NvCloth/src/cuda/CuSolverKernel.h,2,0,2
/media/ullmann/HDDGabriel/engines/UnrealEngine/Engine/Source/Runtime/Apple/AGXRHI/Private/AGXBuffer.cpp,0,5,5
/media/ullmann/HDDGabriel/engines/UnrealEngine/Engine/Source/ThirdParty/Intel/Embree/Embree270/src/kernels/common/acceln.h,3,1,4
/media/ullmann/HDDGabriel/engines/UnrealEngine/Engine/Source/ThirdParty/PhysX3/PxShared/src/foundation/include/PsVecMath.h,2,7,9
/media/ullmann/HDDGabriel/engines/UnrealEngine/Engine/Source/ThirdParty/PhysX3/PxShared/src/foundation/include/PsVecQuat.h,1,0,1
/media/ullmann/HDDGabriel/engines/UnrealEngine/Engine/Source/ThirdParty/ICU/icu4c-53_1/source/layout/MorphTables2.cpp,0,11,11
/media/ullmann/HDDGabriel/engines/UnrealEngine/Engine/Source/ThirdParty/ICU/icu4c-53_1/source/layout/ContextualGlyphInsertionProc2.h,2,5,7
/media/ullmann/HDDGabriel/engines/UnrealEngine/Engine/Source/ThirdParty/FreeType2/FreeType2-2.4.12/src/autofit/afwarp.h,5,1,6
/media/ullmann/HDDGabriel/engines/UnrealEngine/Engine/Source/ThirdParty/Intel/Embree/Embree270/src/common/lexers/parsestream.h,0,6,6
/media/ullmann/HDDGabriel/engines/UnrealEngine/Engine/Source/ThirdParty/Intel/Embree/Embree270/src/common/math/color.h,1,4,5
/media/ullmann/HDDGabriel/engines/UnrealEngine/Engine/Source/Editor/BlueprintGraph/Private/K2Node_CreateDelegate.cpp,0,1,1
/media/ullmann/HDDGabriel/engines/UnrealEngine/Engine/Source/Editor/BlueprintGraph/Private/DelegateNodeHandlers.h,3,0,3
/media/ullmann/HDDGabriel/engines/UnrealEngine/Engine/Source/ThirdParty/FreeImage/FreeImage-3.18.0/Source/OpenEXR/IlmImf/ImfB44Compressor.cpp,0,9,9
/media/ullmann/HDDGabriel/engines/UnrealEngine/Engine/Source/ThirdParty/FreeImage/FreeImage-3.18.0/Source/OpenEXR/IlmImf/ImfIO.h,13,3,16
/media/ullmann/HDDGabriel/engines/UnrealEngine/Engine/Source/Runtime/Slate/Public/Widgets/Views/STreeView.h,3,0,3
/media/ullmann/HDDGabriel/engines/UnrealEngine/Engine/Source/ThirdParty/ICU/icu4c-64_1/source/common/rbbi_cache.h,2,4,6
/media/ullmann/HDDGabriel/engines/UnrealEngine/Engine/Source/ThirdParty/ICU/icu4c-64_1/source/common/uvectr32.h,9,4,13
/media/ullmann/HDDGabriel/engines/UnrealEngine/Engine/Source/Editor/PropertyEditor/Private/CategoryPropertyNode.cpp,0,4,4
/media/ullmann/HDDGabriel/engines/UnrealEngine/Engine/Source/Editor/PropertyEditor/Private/CategoryPropertyNode.h,10,1,11
/media/ullmann/HDDGabriel/engines/UnrealEngine/Engine/Source/ThirdParty/ICU/icu4c-53_1/source/test/intltest/dcfmtest.cpp,0,2,2
/media/ullmann/HDDGabriel/engines/UnrealEngine/Engine/Source/ThirdParty/ShaderConductor/ShaderConductor/External/DirectXShaderCompiler/lib/Support/regcomp.c,0,5,5
/media/ullmann/HDDGabriel/engines/UnrealEngine/Engine/Source/ThirdParty/ShaderConductor/ShaderConductor/External/DirectXShaderCompiler/lib/Support/regex2.h,3,0,3
/media/ullmann/HDDGabriel/engines/UnrealEngine/Engine/Source/ThirdParty/OpenSubdiv/OpenSubdiv-3.4.4/opensubdiv/far/primvarRefiner.h,1,16,17
/media/ullmann/HDDGabriel/engines/UnrealEngine/Engine/Source/Runtime/Engine/Public/ParticleVertexFactory.h,5,1,6
/media/ullmann/HDDGabriel/engines/UnrealEngine/Engine/Source/Runtime/Renderer/Private/ShadingEnergyConservation.cpp,0,4,4
/media/ullmann/HDDGabriel/engines/UnrealEngine/Engine/Source/Editor/Persona/Private/SAnimationEditorViewport.cpp,0,9,9
/media/ullmann/HDDGabriel/engines/UnrealEngine/Engine/Source/ThirdParty/CryptoPP/5.6.2/include/winpipes.h,2,3,5
/media/ullmann/HDDGabriel/engines/UnrealEngine/Engine/Source/ThirdParty/CryptoPP/5.6.2/include/config.h,16,0,16
/media/ullmann/HDDGabriel/engines/UnrealEngine/Engine/Source/ThirdParty/PhysX3/APEX_1.4/common/include/InstancedObjectSimulationIntl.h,0,2,2
/media/ullmann/HDDGabriel/engines/UnrealEngine/Engine/Source/ThirdParty/PhysX3/APEX_1.4/common/include/ApexActor.h,2,5,7
/media/ullmann/HDDGabriel/engines/UnrealEngine/Engine/Source/ThirdParty/PhysX3/APEX_1.4/module/clothing_legacy/include/autogen/ClothingAssetParameters_0p10.h,1,0,1
/media/ullmann/HDDGabriel/engines/UnrealEngine/Engine/Source/ThirdParty/glslang/glslang/src/glslang_lib/glslang/Include/ShHandle.h,5,3,8
/media/ullmann/HDDGabriel/engines/UnrealEngine/Engine/Source/ThirdParty/glslang/glslang/src/glslang_lib/glslang/Include/InfoSink.h,7,1,8
/media/ullmann/HDDGabriel/engines/UnrealEngine/Engine/Source/ThirdParty/PLCrashReporter/PLCrashReporter/Source/PLCrashAsyncDwarfEncoding.hpp,3,7,10
/media/ullmann/HDDGabriel/engines/UnrealEngine/Engine/Source/ThirdParty/PLCrashReporter/PLCrashReporter/Source/PLCrashMacros.h,16,0,16
/media/ullmann/HDDGabriel/engines/UnrealEngine/Engine/Source/ThirdParty/MCPP/mcpp-2.7.2/test-t/nest14.h,1,1,2
/media/ullmann/HDDGabriel/engines/UnrealEngine/Engine/Source/ThirdParty/MCPP/mcpp-2.7.2/test-t/nest15.h,1,0,1
/media/ullmann/HDDGabriel/engines/UnrealEngine/Engine/Source/ThirdParty/SDL2/SDL-gui-backend/src/haptic/windows/SDL_xinputhaptic.c,0,8,8
/media/ullmann/HDDGabriel/engines/UnrealEngine/Engine/Source/ThirdParty/ShaderConductor/ShaderConductor/External/SPIRV-Tools/source/opt/function.cpp,0,2,2
/media/ullmann/HDDGabriel/engines/UnrealEngine/Engine/Source/ThirdParty/ShaderConductor/ShaderConductor/External/SPIRV-Tools/source/opt/ir_context.h,3,0,3
/media/ullmann/HDDGabriel/engines/UnrealEngine/Engine/Source/ThirdParty/Python3/Win64/include/interpreteridobject.h,0,1,1
/media/ullmann/HDDGabriel/engines/UnrealEngine/Engine/Source/ThirdParty/Python3/Win64/include/cpython/interpreteridobject.h,1,0,1
/media/ullmann/HDDGabriel/engines/UnrealEngine/Engine/Source/ThirdParty/Intel/Embree/Embree270/src/kernels/common/scene.cpp,0,6,6
/media/ullmann/HDDGabriel/engines/UnrealEngine/Engine/Source/Runtime/Engine/Public/SkeletalMeshCompiler.h,0,3,3
/media/ullmann/HDDGabriel/engines/UnrealEngine/Engine/Source/Runtime/RuntimeAssetCache/Private/RuntimeAssetCacheBucketScopeLock.h,1,1,2
/media/ullmann/HDDGabriel/engines/UnrealEngine/Engine/Source/Runtime/RuntimeAssetCache/Private/RuntimeAssetCacheBucket.h,4,0,4
/media/ullmann/HDDGabriel/engines/UnrealEngine/Engine/Source/ThirdParty/libOpus/opus-1.1/src/analysis.c,0,2,2
/media/ullmann/HDDGabriel/engines/UnrealEngine/Engine/Source/Developer/Windows/LiveCodingServer/Private/External/LC_DuplexPipeServer.cpp,0,1,1
/media/ullmann/HDDGabriel/engines/UnrealEngine/Engine/Source/ThirdParty/FBX/2020.2/include/fbxsdk/core/math/fbxvector2.h,1,0,1
/media/ullmann/HDDGabriel/engines/UnrealEngine/Engine/Source/ThirdParty/SDL2/SDL-gui-backend/src/video/x11/SDL_x11xfixes.h,4,1,5
/media/ullmann/HDDGabriel/engines/UnrealEngine/Engine/Source/Runtime/Engine/Public/SceneTypes.h,18,0,18
/media/ullmann/HDDGabriel/engines/UnrealEngine/Engine/Source/Runtime/VulkanRHI/Private/VulkanRenderTarget.cpp,0,4,4
/media/ullmann/HDDGabriel/engines/UnrealEngine/Engine/Source/Runtime/Net/Core/Private/Net/Core/PushModel/Types/PushModelPerObjectState.h,1,2,3
/media/ullmann/HDDGabriel/engines/UnrealEngine/Engine/Source/Runtime/Net/Core/Private/Net/Core/PushModel/Types/PushModelUtils.h,3,0,3
/media/ullmann/HDDGabriel/engines/UnrealEngine/Engine/Source/ThirdParty/OpenSubdiv/Deploy/OpenSubdiv-3.4.4/include/opensubdiv/osd/cpuPatchTable.h,0,4,4
/media/ullmann/HDDGabriel/engines/UnrealEngine/Engine/Source/ThirdParty/OpenSubdiv/Deploy/OpenSubdiv-3.4.4/include/opensubdiv/osd/types.h,5,2,7
/media/ullmann/HDDGabriel/engines/UnrealEngine/Engine/Source/ThirdParty/FreeType2/FreeType2-2.4.12/src/sfnt/sferrors.h,11,0,11
/media/ullmann/HDDGabriel/engines/UnrealEngine/Engine/Source/ThirdParty/ICU/icu4c-53_1/source/common/ucasemap.cpp,0,14,14
/media/ullmann/HDDGabriel/engines/UnrealEngine/Engine/Source/ThirdParty/SDL2/SDL-gui-backend/include/SDL_assert.h,1,3,4
/media/ullmann/HDDGabriel/engines/UnrealEngine/Engine/Source/ThirdParty/ICU/icu4c-53_1/source/test/intltest/compactdecimalformattest.cpp,0,1,1
/media/ullmann/HDDGabriel/engines/UnrealEngine/Engine/Source/Runtime/Apple/AGXRHI/Private/AGXState.cpp,0,2,2
/media/ullmann/HDDGabriel/engines/UnrealEngine/Engine/Source/Runtime/Apple/AGXRHI/Private/AGXProfiler.h,22,2,24
/media/ullmann/HDDGabriel/engines/UnrealEngine/Engine/Source/ThirdParty/libOpus/opus-1.3.1-12/celt/celt_lpc.c,0,4,4
/media/ullmann/HDDGabriel/engines/UnrealEngine/Engine/Source/ThirdParty/libOpus/opus-1.3.1-12/celt/celt_lpc.h,5,3,8
/media/ullmann/HDDGabriel/engines/UnrealEngine/Engine/Source/ThirdParty/ICU/icu4c-53_1/source/common/ubidi_props.c,0,11,11
/media/ullmann/HDDGabriel/engines/UnrealEngine/Engine/Source/ThirdParty/Vorbis/libvorbis-1.3.2/macos/compat/strdup.c,0,1,1
/media/ullmann/HDDGabriel/engines/UnrealEngine/Engine/Source/ThirdParty/Vorbis/libvorbis-1.3.2/macos/compat/sys/types.h,1,0,1
/media/ullmann/HDDGabriel/engines/UnrealEngine/Engine/Source/ThirdParty/FreeType2/FreeType2-2.10.4/src/psaux/psft.c,1,5,6
/media/ullmann/HDDGabriel/engines/UnrealEngine/Engine/Source/ThirdParty/FreeType2/FreeType2-2.10.4/src/psaux/pserror.h,9,1,10
/media/ullmann/HDDGabriel/engines/UnrealEngine/Engine/Source/Runtime/AudioMixer/Private/AudioMixerSourceBuffer.cpp,0,2,2
/media/ullmann/HDDGabriel/engines/UnrealEngine/Engine/Source/Runtime/AudioMixer/Private/AudioMixerSourceDecode.h,3,1,4
/media/ullmann/HDDGabriel/engines/UnrealEngine/Engine/Source/Runtime/Renderer/Private/ReflectionEnvironment.cpp,0,15,15
/media/ullmann/HDDGabriel/engines/UnrealEngine/Engine/Source/Runtime/Renderer/Private/ReflectionEnvironment.h,3,0,3
/media/ullmann/HDDGabriel/engines/UnrealEngine/Engine/Source/ThirdParty/Alembic/alembic-1.8.2/python/PyAlembic/PyOXform.cpp,0,3,3
/media/ullmann/HDDGabriel/engines/UnrealEngine/Engine/Source/ThirdParty/ICU/icu4c-53_1/source/common/ucnv_u7.c,0,5,5
/media/ullmann/HDDGabriel/engines/UnrealEngine/Engine/Source/ThirdParty/ICU/icu4c-53_1/source/common/ucnv_cnv.h,22,5,27
/media/ullmann/HDDGabriel/engines/UnrealEngine/Engine/Source/ThirdParty/FreeType2/FreeType2-2.6/Src/cache/ftcache.c,0,8,8
/media/ullmann/HDDGabriel/engines/UnrealEngine/Engine/Source/ThirdParty/FreeType2/FreeType2-2.6/Src/cache/ftccmap.c,1,3,4
/media/ullmann/HDDGabriel/engines/UnrealEngine/Engine/Source/Developer/Windows/LiveCoding/Private/External/LC_Event.h,6,0,6
/media/ullmann/HDDGabriel/engines/UnrealEngine/Engine/Source/ThirdParty/FreeImage/FreeImage-3.18.0/Source/OpenEXR/Imath/ImathMath.h,5,3,8
/media/ullmann/HDDGabriel/engines/UnrealEngine/Engine/Source/ThirdParty/FreeImage/FreeImage-3.18.0/Source/OpenEXR/Imath/ImathPlatform.h,2,0,2
/media/ullmann/HDDGabriel/engines/UnrealEngine/Engine/Source/ThirdParty/ICU/icu4c-64_1/source/common/ustr_cnv.cpp,0,8,8
/media/ullmann/HDDGabriel/engines/UnrealEngine/Engine/Source/ThirdParty/Breakpad/src/third_party/libdisasm/ia32_implicit.h,2,1,3
/media/ullmann/HDDGabriel/engines/UnrealEngine/Engine/Source/ThirdParty/Breakpad/src/third_party/libdisasm/libdis.h,16,0,16
/media/ullmann/HDDGabriel/engines/UnrealEngine/Engine/Source/ThirdParty/OpenVDB/Deploy/openvdb-8.1.0/include/openvdb/openvdb.h,0,8,8
/media/ullmann/HDDGabriel/engines/UnrealEngine/Engine/Source/ThirdParty/OpenVDB/Deploy/openvdb-8.1.0/include/openvdb/io/File.h,1,3,4
/media/ullmann/HDDGabriel/engines/UnrealEngine/Engine/Source/Programs/HeadlessChaos/Private/HeadlessChaosTestJointRestitution.cpp,0,1,1
/media/ullmann/HDDGabriel/engines/UnrealEngine/Engine/Source/Programs/HeadlessChaos/Private/HeadlessChaosTestJoint.h,4,0,4
/media/ullmann/HDDGabriel/engines/UnrealEngine/Engine/Source/ThirdParty/ShaderConductor/ShaderConductor/External/DirectXShaderCompiler/tools/clang/lib/SPIRV/CapabilityVisitor.cpp,0,1,1
/media/ullmann/HDDGabriel/engines/UnrealEngine/Engine/Source/ThirdParty/ShaderConductor/ShaderConductor/External/DirectXShaderCompiler/tools/clang/lib/SPIRV/CapabilityVisitor.h,2,0,2
/media/ullmann/HDDGabriel/engines/UnrealEngine/Engine/Source/ThirdParty/ICU/icu4c-64_1/source/i18n/ucoleitr.cpp,0,5,5
/media/ullmann/HDDGabriel/engines/UnrealEngine/Engine/Source/ThirdParty/ICU/icu4c-64_1/source/i18n/unicode/coleitr.h,5,0,5
/media/ullmann/HDDGabriel/engines/UnrealEngine/Engine/Source/ThirdParty/Android/libunwind/libunwind/src/dwarf/Lparser.c,0,1,1
/media/ullmann/HDDGabriel/engines/UnrealEngine/Engine/Source/ThirdParty/Android/libunwind/libunwind/src/dwarf/Gparser.c,1,0,1
/media/ullmann/HDDGabriel/engines/UnrealEngine/Engine/Source/Developer/DerivedDataCache/Private/MemoryCacheStore.h,4,1,5
/media/ullmann/HDDGabriel/engines/UnrealEngine/Engine/Source/ThirdParty/ICU/icu4c-53_1/source/common/utrie2.cpp,0,8,8
/media/ullmann/HDDGabriel/engines/UnrealEngine/Engine/Source/ThirdParty/ICU/icu4c-64_1/source/common/hash.h,7,4,11
/media/ullmann/HDDGabriel/engines/UnrealEngine/Engine/Source/ThirdParty/ICU/icu4c-53_1/source/i18n/rbt_rule.cpp,0,4,4
/media/ullmann/HDDGabriel/engines/UnrealEngine/Engine/Source/ThirdParty/ICU/icu4c-53_1/source/i18n/strmatch.h,3,1,4
/media/ullmann/HDDGabriel/engines/UnrealEngine/Engine/Source/ThirdParty/FreeType2/FreeType2-2.6/Src/autofit/afdummy.c,1,3,4
/media/ullmann/HDDGabriel/engines/UnrealEngine/Engine/Source/ThirdParty/FreeType2/FreeType2-2.6/Src/autofit/afhints.h,9,1,10
/media/ullmann/HDDGabriel/engines/UnrealEngine/Engine/Source/ThirdParty/Intel/TBB/IntelTBB-2019u8/examples/graph/dining_philosophers/dining_philosophers.cpp,0,1,1
/media/ullmann/HDDGabriel/engines/UnrealEngine/Engine/Source/ThirdParty/ICU/icu4c-53_1/source/layout/NonContextualGlyphSubstProc2.cpp,0,11,11
/media/ullmann/HDDGabriel/engines/UnrealEngine/Engine/Source/ThirdParty/Android/libunwind/libunwind/include/libunwind.h,4,10,14
/media/ullmann/HDDGabriel/engines/UnrealEngine/Engine/Source/ThirdParty/PhysX3/PhysX_3.4/Source/PhysXCooking/src/mesh/RTreeCooking.cpp,0,2,2
/media/ullmann/HDDGabriel/engines/UnrealEngine/Engine/Source/ThirdParty/PhysX3/PhysX_3.4/Source/PhysXCooking/src/mesh/QuickSelect.h,1,0,1
/media/ullmann/HDDGabriel/engines/UnrealEngine/Engine/Source/Editor/PListEditor/Private/PListNodeArray.cpp,0,1,1
/media/ullmann/HDDGabriel/engines/UnrealEngine/Engine/Source/Editor/PListEditor/Private/PListNodeArray.h,2,1,3
/media/ullmann/HDDGabriel/engines/UnrealEngine/Engine/Source/Runtime/Experimental/Chaos/Public/Chaos/ParticleHandle.h,4,0,4
/media/ullmann/HDDGabriel/engines/UnrealEngine/Engine/Source/ThirdParty/openexr/openexr-3.1.1/src/lib/Iex/IexBaseExc.h,5,2,7
/media/ullmann/HDDGabriel/engines/UnrealEngine/Engine/Source/ThirdParty/openexr/openexr-3.1.1/src/lib/Iex/IexExport.h,7,0,7
/media/ullmann/HDDGabriel/engines/UnrealEngine/Engine/Source/Editor/BlueprintGraph/Classes/K2Node_CallArrayFunction.h,0,1,1
/media/ullmann/HDDGabriel/engines/UnrealEngine/Engine/Source/Editor/BlueprintGraph/Classes/K2Node_CallFunction.h,11,1,12
/media/ullmann/HDDGabriel/engines/UnrealEngine/Engine/Source/ThirdParty/ShaderConductor/ShaderConductor/External/DirectXShaderCompiler/utils/TableGen/AsmWriterInst.cpp,0,2,2
/media/ullmann/HDDGabriel/engines/UnrealEngine/Engine/Source/ThirdParty/ShaderConductor/ShaderConductor/External/DirectXShaderCompiler/utils/TableGen/AsmWriterInst.h,2,0,2
/media/ullmann/HDDGabriel/engines/UnrealEngine/Engine/Source/ThirdParty/OpenVDB/Deploy/openvdb-8.1.0/include/openvdb/tree/LeafNodeBool.h,1,2,3
/media/ullmann/HDDGabriel/engines/UnrealEngine/Engine/Source/ThirdParty/OpenVDB/Deploy/openvdb-8.1.0/include/openvdb/tree/Iterator.h,4,0,4
/media/ullmann/HDDGabriel/engines/UnrealEngine/Engine/Source/Developer/TurnkeyIO/Private/STurnkeyIOWidgets.h,2,1,3
/media/ullmann/HDDGabriel/engines/UnrealEngine/Engine/Source/Developer/TurnkeyIO/Private/TurnkeyEditorIOServer.h,3,0,3
/media/ullmann/HDDGabriel/engines/UnrealEngine/Engine/Source/ThirdParty/Alembic/alembic-1.8.2/maya/AbcExport/MayaPointPrimitiveWriter.h,2,3,5
/media/ullmann/HDDGabriel/engines/UnrealEngine/Engine/Source/ThirdParty/Alembic/alembic-1.8.2/maya/AbcExport/Foundation.h,12,0,12
/media/ullmann/HDDGabriel/engines/UnrealEngine/Engine/Source/ThirdParty/Boost/boost-1_70_0/include/boost/numeric/ublas/tensor/tensor.hpp,1,6,7
/media/ullmann/HDDGabriel/engines/UnrealEngine/Engine/Source/ThirdParty/Boost/boost-1_70_0/include/boost/numeric/ublas/tensor/extents.hpp,2,0,2
/media/ullmann/HDDGabriel/engines/UnrealEngine/Engine/Source/ThirdParty/coremod/coremod-4.2.6/src/loaders/it_load.c,0,2,2
/media/ullmann/HDDGabriel/engines/UnrealEngine/Engine/Source/Runtime/RenderCore/Public/ShaderParameterStruct.h,5,2,7
/media/ullmann/HDDGabriel/engines/UnrealEngine/Engine/Source/Runtime/PhysicsCore/Public/PhysicsInterfaceWrapperShared.h,5,0,5
/media/ullmann/HDDGabriel/engines/UnrealEngine/Engine/Source/ThirdParty/openexr/openexr-3.1.1/src/lib/OpenEXR/ImfRgbaYca.h,3,4,7
/media/ullmann/HDDGabriel/engines/UnrealEngine/Engine/Source/ThirdParty/openexr/openexr-3.1.1/src/lib/OpenEXR/ImfChromaticities.h,3,2,5
/media/ullmann/HDDGabriel/engines/UnrealEngine/Engine/Source/ThirdParty/openexr/Deploy/openexr-3.1.1/include/OpenEXR/ImfTiledRgbaFile.h,0,6,6
/media/ullmann/HDDGabriel/engines/UnrealEngine/Engine/Source/ThirdParty/openexr/Deploy/openexr-3.1.1/include/OpenEXR/ImfRgba.h,4,2,6
/media/ullmann/HDDGabriel/engines/UnrealEngine/Engine/Source/ThirdParty/coremod/coremod-4.2.6/src/loaders/s3m_load.c,0,2,2
/media/ullmann/HDDGabriel/engines/UnrealEngine/Engine/Source/ThirdParty/SDL2/SDL-gui-backend/src/thread/psp/SDL_syscond.c,0,1,1
/media/ullmann/HDDGabriel/engines/UnrealEngine/Engine/Source/Editor/Sequencer/Private/VirtualTrackArea.cpp,0,2,2
/media/ullmann/HDDGabriel/engines/UnrealEngine/Engine/Source/Editor/Sequencer/Private/VirtualTrackArea.h,4,3,7
/media/ullmann/HDDGabriel/engines/UnrealEngine/Engine/Source/ThirdParty/EOSSDK/SDK/Bin/IOS/EOSSDK.framework/Headers/eos_metrics.h,0,1,1
/media/ullmann/HDDGabriel/engines/UnrealEngine/Engine/Source/ThirdParty/EOSSDK/SDK/Bin/IOS/EOSSDK.framework/Headers/eos_metrics_types.h,2,1,3
/media/ullmann/HDDGabriel/engines/UnrealEngine/Engine/Source/ThirdParty/FreeType2/FreeType2-2.4.12/src/cid/cidparse.c,1,2,3
/media/ullmann/HDDGabriel/engines/UnrealEngine/Engine/Source/ThirdParty/FreeType2/FreeType2-2.4.12/src/cid/ciderrs.h,5,0,5
/media/ullmann/HDDGabriel/engines/UnrealEngine/Engine/Source/ThirdParty/ICU/icu4c-53_1/source/common/locdispnames.cpp,0,13,13
/media/ullmann/HDDGabriel/engines/UnrealEngine/Engine/Source/ThirdParty/PhysX3/APEX_1.4/shared/general/meshimport/src/MeshImport/ExportAPX.cpp,0,1,1
/media/ullmann/HDDGabriel/engines/UnrealEngine/Engine/Source/ThirdParty/PhysX3/APEX_1.4/shared/general/meshimport/src/MeshImport/ExportAPX.h,2,0,2
/media/ullmann/HDDGabriel/engines/UnrealEngine/Engine/Source/ThirdParty/CryptoPP/5.6.5/include/osrng.h,5,8,13
/media/ullmann/HDDGabriel/engines/UnrealEngine/Engine/Source/ThirdParty/CryptoPP/5.6.5/include/rng.h,6,3,9
/media/ullmann/HDDGabriel/engines/UnrealEngine/Engine/Source/ThirdParty/ShaderConductor/ShaderConductor/External/DirectXShaderCompiler/tools/llvm-mc/llvm-mc.cpp,0,1,1
/media/ullmann/HDDGabriel/engines/UnrealEngine/Engine/Source/ThirdParty/ShaderConductor/ShaderConductor/External/DirectXShaderCompiler/tools/llvm-mc/Disassembler.h,2,0,2
/media/ullmann/HDDGabriel/engines/UnrealEngine/Engine/Source/ThirdParty/Python3/Linux/include/python3.9/weakrefobject.h,1,0,1
/media/ullmann/HDDGabriel/engines/UnrealEngine/Engine/Source/ThirdParty/PhysX3/APEX_1.4/module/clothing/embedded/LowLevelCloth/src/SwCloth.cpp,0,6,6
/media/ullmann/HDDGabriel/engines/UnrealEngine/Engine/Source/ThirdParty/PhysX3/APEX_1.4/module/clothing/embedded/LowLevelCloth/src/SwFabric.h,6,1,7
/media/ullmann/HDDGabriel/engines/UnrealEngine/Engine/Source/ThirdParty/Vorbis/libvorbis-1.3.2/lib/res0.c,0,5,5
/media/ullmann/HDDGabriel/engines/UnrealEngine/Engine/Source/ThirdParty/Vorbis/libvorbis-1.3.2/lib/registry.h,10,0,10
/media/ullmann/HDDGabriel/engines/UnrealEngine/Engine/Source/ThirdParty/Boost/boost-1_70_0/include/boost/polygon/isotropy.hpp,22,0,22
/media/ullmann/HDDGabriel/engines/UnrealEngine/Engine/Source/Runtime/NavigationSystem/Public/AbstractNavData.h,0,2,2
/media/ullmann/HDDGabriel/engines/UnrealEngine/Engine/Source/Runtime/NavigationSystem/Public/NavigationData.h,4,2,6
/media/ullmann/HDDGabriel/engines/UnrealEngine/Engine/Source/ThirdParty/ICU/icu4c-64_1/source/i18n/number_multiplier.cpp,0,6,6
/media/ullmann/HDDGabriel/engines/UnrealEngine/Engine/Source/ThirdParty/ICU/icu4c-53_1/source/tools/genrb/ustr.c,0,1,1
/media/ullmann/HDDGabriel/engines/UnrealEngine/Engine/Source/ThirdParty/ICU/icu4c-53_1/source/tools/genrb/ustr.h,5,0,5
/media/ullmann/HDDGabriel/engines/UnrealEngine/Engine/Source/ThirdParty/FreeImage/FreeImage-3.18.0/Source/LibTIFF4/tif_unix.c,0,2,2
/media/ullmann/HDDGabriel/engines/UnrealEngine/Engine/Source/ThirdParty/FreeImage/FreeImage-3.18.0/Source/LibTIFF4/tif_config.h,3,0,3
/media/ullmann/HDDGabriel/engines/UnrealEngine/Engine/Source/ThirdParty/ICU/icu4c-64_1/source/i18n/tridpars.h,6,0,6
/media/ullmann/HDDGabriel/engines/UnrealEngine/Engine/Source/ThirdParty/Intel/Embree/Embree2140/src/kernels/bvh/bvh_builder_instancing.h,1,2,3
/media/ullmann/HDDGabriel/engines/UnrealEngine/Engine/Source/ThirdParty/HarfBuzz/harfbuzz-1.2.4/src/hb-ot-font.cc,0,9,9
/media/ullmann/HDDGabriel/engines/UnrealEngine/Engine/Source/ThirdParty/HarfBuzz/harfbuzz-1.2.4/src/hb-ot-hmtx-table.hh,1,0,1
/media/ullmann/HDDGabriel/engines/UnrealEngine/Engine/Source/Runtime/Core/Public/Math/Sphere.h,3,0,3
/media/ullmann/HDDGabriel/engines/UnrealEngine/Engine/Source/ThirdParty/PhysX3/PhysX_3.4/Source/LowLevelCloth/src/Allocator.cpp,0,1,1
/media/ullmann/HDDGabriel/engines/UnrealEngine/Engine/Source/ThirdParty/HarfBuzz/harfbuzz-2.4.0/src/hb-subset.h,0,1,1
/media/ullmann/HDDGabriel/engines/UnrealEngine/Engine/Source/ThirdParty/CryptoPP/5.6.5/include/luc.cpp,0,7,7
/media/ullmann/HDDGabriel/engines/UnrealEngine/Engine/Source/ThirdParty/libOpus/opus-1.1/silk/debug.c,0,2,2
/media/ullmann/HDDGabriel/engines/UnrealEngine/Engine/Source/ThirdParty/libOpus/opus-1.1/silk/SigProc_FIX.h,28,8,36
/media/ullmann/HDDGabriel/engines/UnrealEngine/Engine/Source/ThirdParty/ICU/icu4c-53_1/source/test/intltest/transrt.cpp,0,2,2
/media/ullmann/HDDGabriel/engines/UnrealEngine/Engine/Source/ThirdParty/ICU/icu4c-53_1/source/test/intltest/transrt.h,2,1,3
/media/ullmann/HDDGabriel/engines/UnrealEngine/Engine/Source/ThirdParty/Intel/Embree/Embree2140/src/common/sys/intrinsics.h,7,1,8
/media/ullmann/HDDGabriel/engines/UnrealEngine/Engine/Source/Runtime/Core/Public/Math/OrientedBox.h,3,0,3
/media/ullmann/HDDGabriel/engines/UnrealEngine/Engine/Source/ThirdParty/ICU/icu4c-64_1/source/i18n/japancal.h,2,2,4
/media/ullmann/HDDGabriel/engines/UnrealEngine/Engine/Source/ThirdParty/ICU/icu4c-53_1/source/common/uprops.h,9,4,13
/media/ullmann/HDDGabriel/engines/UnrealEngine/Engine/Source/ThirdParty/ICU/icu4c-53_1/source/common/unicode/uloc.h,13,0,13
/media/ullmann/HDDGabriel/engines/UnrealEngine/Engine/Source/ThirdParty/ICU/icu4c-64_1/source/i18n/unicode/rbnf.h,10,0,10
/media/ullmann/HDDGabriel/engines/UnrealEngine/Engine/Source/ThirdParty/CryptoPP/5.6.5/include/vmac.cpp,0,6,6
/media/ullmann/HDDGabriel/engines/UnrealEngine/Engine/Source/ThirdParty/CryptoPP/5.6.5/include/cpu.h,18,1,19
/media/ullmann/HDDGabriel/engines/UnrealEngine/Engine/Source/ThirdParty/Vorbis/libvorbis-1.3.2/lib/sharedbook.c,0,4,4
/media/ullmann/HDDGabriel/engines/UnrealEngine/Engine/Source/ThirdParty/ICU/icu4c-64_1/source/common/ucnv_io.cpp,0,12,12
/media/ullmann/HDDGabriel/engines/UnrealEngine/Engine/Source/ThirdParty/Intel/Embree/Embree270/src/kernels/xeon/bvh4/bvh4_intersector8_single.cpp,0,8,8
/media/ullmann/HDDGabriel/engines/UnrealEngine/Engine/Source/ThirdParty/Intel/Embree/Embree270/src/kernels/xeon/bvh4/bvh4_intersector8_single.h,2,4,6
/media/ullmann/HDDGabriel/engines/UnrealEngine/Engine/Source/ThirdParty/Intel/Embree/Embree2140/src/kernels/common/scene_line_segments.h,3,4,7
/media/ullmann/HDDGabriel/engines/UnrealEngine/Engine/Source/ThirdParty/hlslcc/hlslcc/src/hlslcc_lib/glsl_parser_extras.h,16,1,17
/media/ullmann/HDDGabriel/engines/UnrealEngine/Engine/Source/ThirdParty/hlslcc/hlslcc/src/hlslcc_lib/glsl_symbol_table.h,6,3,9
/media/ullmann/HDDGabriel/engines/UnrealEngine/Engine/Source/Runtime/Engine/Public/ComponentRecreateRenderStateContext.h,0,1,1
/media/ullmann/HDDGabriel/engines/UnrealEngine/Engine/Source/Runtime/Engine/Public/SceneInterface.h,7,2,9
/media/ullmann/HDDGabriel/engines/UnrealEngine/Engine/Source/ThirdParty/WebRTC/4147/Include/rtc_base/fake_ssl_identity.h,0,1,1
/media/ullmann/HDDGabriel/engines/UnrealEngine/Engine/Source/Runtime/BinkAudioDecoder/SDK/BinkAudio/Src/x86_cpu.c,0,1,1
/media/ullmann/HDDGabriel/engines/UnrealEngine/Engine/Source/Runtime/BinkAudioDecoder/SDK/BinkAudio/Src/cpu.h,2,1,3
/media/ullmann/HDDGabriel/engines/UnrealEngine/Engine/Source/ThirdParty/ICU/icu4c-53_1/source/i18n/unicode/dtptngen.h,4,0,4
/media/ullmann/HDDGabriel/engines/UnrealEngine/Engine/Source/ThirdParty/ICU/icu4c-64_1/source/tools/genrb/wrtxml.cpp,0,6,6
/media/ullmann/HDDGabriel/engines/UnrealEngine/Engine/Source/ThirdParty/ICU/icu4c-64_1/source/tools/genrb/ustr.h,5,0,5
/media/ullmann/HDDGabriel/engines/UnrealEngine/Engine/Source/ThirdParty/FontConfig/fontconfig-2.13.94/src/fchash.c,0,1,1
/media/ullmann/HDDGabriel/engines/UnrealEngine/Engine/Source/ThirdParty/FreeType2/FreeType2-2.6/Src/gzip/inflate.c,1,2,3
/media/ullmann/HDDGabriel/engines/UnrealEngine/Engine/Source/ThirdParty/FreeType2/FreeType2-2.10.4/src/cache/ftccmap.c,1,3,4
/media/ullmann/HDDGabriel/engines/UnrealEngine/Engine/Source/ThirdParty/FreeType2/FreeType2-2.10.4/src/cache/ftcmanag.h,5,2,7
/media/ullmann/HDDGabriel/engines/UnrealEngine/Engine/Source/ThirdParty/Oculus/LibOVRPlatform/LibOVRPlatform/include/OVR_LivestreamingStatus.h,2,1,3
/media/ullmann/HDDGabriel/engines/UnrealEngine/Engine/Source/ThirdParty/ICU/icu4c-53_1/source/common/uloc.cpp,0,14,14
/media/ullmann/HDDGabriel/engines/UnrealEngine/Engine/Source/ThirdParty/FreeImage/FreeImage-3.18.0/Source/LibJXR/jxrgluelib/JXRMeta.c,0,2,2
/media/ullmann/HDDGabriel/engines/UnrealEngine/Engine/Source/ThirdParty/libOpus/opus-1.3.1-12/silk/stereo_encode_pred.c,0,1,1
/media/ullmann/HDDGabriel/engines/UnrealEngine/Engine/Source/ThirdParty/ICU/icu4c-64_1/source/common/ucnv_ct.cpp,0,12,12
/media/ullmann/HDDGabriel/engines/UnrealEngine/Engine/Source/Runtime/Renderer/Public/SimpleMeshDrawCommandPass.h,0,3,3
/media/ullmann/HDDGabriel/engines/UnrealEngine/Engine/Source/Runtime/Renderer/Public/InstanceCulling/InstanceCullingContext.h,1,0,1
/media/ullmann/HDDGabriel/engines/UnrealEngine/Engine/Source/ThirdParty/SDL2/SDL-gui-backend/include/SDL_test_crc32.h,1,2,3
/media/ullmann/HDDGabriel/engines/UnrealEngine/Engine/Source/Runtime/Apple/AGXRHI/Private/AGXRHIStagingBuffer.cpp,0,2,2
/media/ullmann/HDDGabriel/engines/UnrealEngine/Engine/Source/Runtime/Apple/AGXRHI/Private/AGXRHIStagingBuffer.h,3,0,3
/media/ullmann/HDDGabriel/engines/UnrealEngine/Engine/Source/ThirdParty/FreeType2/FreeType2-2.10.0/src/gxvalid/gxvcommn.c,1,1,2
/media/ullmann/HDDGabriel/engines/UnrealEngine/Engine/Source/Runtime/Engine/Public/ActiveSound.h,2,4,6
/media/ullmann/HDDGabriel/engines/UnrealEngine/Engine/Source/Runtime/Engine/Public/Audio/AudioDebug.h,1,0,1
/media/ullmann/HDDGabriel/engines/UnrealEngine/Engine/Source/Developer/TargetDeviceServices/Private/Proxies/TargetDeviceProxy.cpp,0,1,1
/media/ullmann/HDDGabriel/engines/UnrealEngine/Engine/Source/Developer/TargetDeviceServices/Private/Proxies/TargetDeviceProxy.h,2,0,2
/media/ullmann/HDDGabriel/engines/UnrealEngine/Engine/Source/ThirdParty/glslang/glslang/src/glslang_lib/hlsl/hlslScanContext.h,6,2,8
/media/ullmann/HDDGabriel/engines/UnrealEngine/Engine/Source/ThirdParty/OpenSubdiv/OpenSubdiv-3.4.4/opensubdiv/osd/mtlComputeEvaluator.h,0,4,4
/media/ullmann/HDDGabriel/engines/UnrealEngine/Engine/Source/ThirdParty/Steamworks/Steamv147/sdk/public/steam/isteamutils.h,1,1,2
/media/ullmann/HDDGabriel/engines/UnrealEngine/Engine/Source/ThirdParty/FreeType2/FreeType2-2.6/Src/otvalid/otvalid.c,0,8,8
/media/ullmann/HDDGabriel/engines/UnrealEngine/Engine/Source/ThirdParty/FreeType2/FreeType2-2.6/Src/otvalid/otvgdef.c,1,2,3
/media/ullmann/HDDGabriel/engines/UnrealEngine/Engine/Source/Runtime/Engine/Classes/Engine/AssetManager.h,0,3,3
/media/ullmann/HDDGabriel/engines/UnrealEngine/Engine/Source/Runtime/Engine/Classes/Engine/ContentEncryptionConfig.h,1,0,1
/media/ullmann/HDDGabriel/engines/UnrealEngine/Engine/Source/ThirdParty/SDL2/SDL-gui-backend/src/video/uikit/SDL_uikitmessagebox.h,1,1,2
/media/ullmann/HDDGabriel/engines/UnrealEngine/Engine/Source/ThirdParty/ICU/icu4c-64_1/source/i18n/unicode/udat.h,5,0,5
/media/ullmann/HDDGabriel/engines/UnrealEngine/Engine/Source/ThirdParty/Boost/boost-1_70_0/include/boost/polygon/segment_utils.hpp,1,4,5
/media/ullmann/HDDGabriel/engines/UnrealEngine/Engine/Source/ThirdParty/ICU/icu4c-64_1/source/i18n/timezone.cpp,0,9,9
/media/ullmann/HDDGabriel/engines/UnrealEngine/Engine/Source/ThirdParty/ICU/icu4c-64_1/source/i18n/zonemeta.h,6,0,6
/media/ullmann/HDDGabriel/engines/UnrealEngine/Engine/Source/ThirdParty/Boost/boost-1_70_0/include/boost/spirit/home/support/detail/lexer/size_t.hpp,21,0,21
/media/ullmann/HDDGabriel/engines/UnrealEngine/Engine/Source/ThirdParty/FreeImage/FreeImage-3.18.0/Source/OpenEXR/IlmImf/ImfZip.h,4,1,5
/media/ullmann/HDDGabriel/engines/UnrealEngine/Engine/Source/ThirdParty/ICU/icu4c-53_1/source/common/uniset_closure.cpp,0,9,9
/media/ullmann/HDDGabriel/engines/UnrealEngine/Engine/Source/ThirdParty/Intel/ISPC/ispc-1.16.1/src/ctx.cpp,0,9,9
/media/ullmann/HDDGabriel/engines/UnrealEngine/Engine/Source/ThirdParty/Intel/ISPC/ispc-1.16.1/src/expr.h,9,3,12
/media/ullmann/HDDGabriel/engines/UnrealEngine/Engine/Source/ThirdParty/Intel/ISPC/ispc-1.16.1/src/module.cpp,0,11,11
/media/ullmann/HDDGabriel/engines/UnrealEngine/Engine/Source/ThirdParty/Intel/ISPC/ispc-1.16.1/src/func.h,5,1,6
/media/ullmann/HDDGabriel/engines/UnrealEngine/Engine/Source/Editor/AnimGraph/Private/AnimGraphNode_CallFunction.cpp,0,2,2
/media/ullmann/HDDGabriel/engines/UnrealEngine/Engine/Source/Editor/AnimGraph/Private/AnimGraphNode_CallFunction.h,2,0,2
/media/ullmann/HDDGabriel/engines/UnrealEngine/Engine/Source/Editor/DetailCustomizations/Private/AnimSequenceDetails.cpp,0,2,2
/media/ullmann/HDDGabriel/engines/UnrealEngine/Engine/Source/Editor/DetailCustomizations/Private/AnimSequenceDetails.h,2,0,2
/media/ullmann/HDDGabriel/engines/UnrealEngine/Engine/Source/Editor/WorldBrowser/Private/SWorldHierarchyImpl.cpp,0,6,6
/media/ullmann/HDDGabriel/engines/UnrealEngine/Engine/Source/Editor/WorldBrowser/Private/SWorldHierarchyImpl.h,5,3,8
/media/ullmann/HDDGabriel/engines/UnrealEngine/Engine/Source/ThirdParty/Intel/MetricsDiscovery/MetricsDiscoveryHelper/metrics-discovery/instrumentation/metrics_discovery/common/inc/md_calculation.h,1,1,2
/media/ullmann/HDDGabriel/engines/UnrealEngine/Engine/Source/ThirdParty/Intel/MetricsDiscovery/MetricsDiscoveryHelper/metrics-discovery/instrumentation/metrics_discovery/common/inc/md_utils.h,2,1,3
/media/ullmann/HDDGabriel/engines/UnrealEngine/Engine/Source/ThirdParty/ShaderConductor/ShaderConductor/External/DirectXShaderCompiler/lib/DxilDia/DxilDiaTable.h,14,1,15
/media/ullmann/HDDGabriel/engines/UnrealEngine/Engine/Source/ThirdParty/ICU/icu4c-53_1/source/common/brkiter.cpp,0,14,14
/media/ullmann/HDDGabriel/engines/UnrealEngine/Engine/Source/ThirdParty/Intel/ISPC/ispc-1.17.0/src/stmt.cpp,0,10,10
/media/ullmann/HDDGabriel/engines/UnrealEngine/Engine/Source/ThirdParty/FreeType2/FreeType2-2.4.12/src/cache/ftccmap.c,1,3,4
/media/ullmann/HDDGabriel/engines/UnrealEngine/Engine/Source/ThirdParty/FreeType2/FreeType2-2.4.12/src/cache/ftcerror.h,8,0,8
/media/ullmann/HDDGabriel/engines/UnrealEngine/Engine/Source/ThirdParty/ICU/icu4c-53_1/source/i18n/udateintervalformat.cpp,0,3,3
/media/ullmann/HDDGabriel/engines/UnrealEngine/Engine/Source/ThirdParty/ICU/icu4c-53_1/source/i18n/unicode/udateintervalformat.h,1,0,1
/media/ullmann/HDDGabriel/engines/UnrealEngine/Engine/Source/ThirdParty/glslang/glslang/src/glslang_lib/SPIRV/SpvBuilder.h,2,3,5
/media/ullmann/HDDGabriel/engines/UnrealEngine/Engine/Source/ThirdParty/glslang/glslang/src/glslang_lib/SPIRV/spvIR.h,3,1,4
/media/ullmann/HDDGabriel/engines/UnrealEngine/Engine/Source/ThirdParty/SDL2/SDL-gui-backend/include/SDL_hidapi.h,1,3,4
/media/ullmann/HDDGabriel/engines/UnrealEngine/Engine/Source/ThirdParty/openexr/openexr-3.1.1/src/test/OpenEXRFuzzTest/fuzzFile.cpp,0,2,2
/media/ullmann/HDDGabriel/engines/UnrealEngine/Engine/Source/ThirdParty/openexr/openexr-3.1.1/src/test/OpenEXRFuzzTest/fuzzFile.h,5,0,5
/media/ullmann/HDDGabriel/engines/UnrealEngine/Engine/Source/ThirdParty/OpenSubdiv/OpenSubdiv-3.4.4/opensubdiv/far/patchTableFactory.cpp,0,9,9
/media/ullmann/HDDGabriel/engines/UnrealEngine/Engine/Source/ThirdParty/OpenSubdiv/OpenSubdiv-3.4.4/opensubdiv/far/topologyRefiner.h,13,5,18
/media/ullmann/HDDGabriel/engines/UnrealEngine/Engine/Source/ThirdParty/libOpus/opus-1.0.3/celt/bands.c,0,8,8
/media/ullmann/HDDGabriel/engines/UnrealEngine/Engine/Source/ThirdParty/libOpus/opus-1.0.3/celt/modes.h,12,5,17
/media/ullmann/HDDGabriel/engines/UnrealEngine/Engine/Source/ThirdParty/Steamworks/Steamv147/sdk/public/steam/steam_api.h,2,23,25
/media/ullmann/HDDGabriel/engines/UnrealEngine/Engine/Source/ThirdParty/FreeType2/FreeType2-2.10.0/src/type42/t42parse.c,1,2,3
/media/ullmann/HDDGabriel/engines/UnrealEngine/Engine/Source/ThirdParty/FreeType2/FreeType2-2.10.0/src/type42/t42error.h,3,0,3
/media/ullmann/HDDGabriel/engines/UnrealEngine/Engine/Source/ThirdParty/Boost/boost-1_70_0/include/boost/outcome/experimental/status-code/std_error_code.hpp,0,2,2
/media/ullmann/HDDGabriel/engines/UnrealEngine/Engine/Source/ThirdParty/Boost/boost-1_70_0/include/boost/outcome/experimental/status-code/posix_code.hpp,2,1,3
/media/ullmann/HDDGabriel/engines/UnrealEngine/Engine/Source/ThirdParty/MCPP/mcpp-2.7.2/cpp-test/test-l/l_37_5.c,0,1,1
/media/ullmann/HDDGabriel/engines/UnrealEngine/Engine/Source/ThirdParty/MCPP/mcpp-2.7.2/cpp-test/test-l/nest1.h,1,1,2
/media/ullmann/HDDGabriel/engines/UnrealEngine/Engine/Source/Runtime/Slate/Public/Widgets/Views/SHeaderRow.h,3,0,3
/media/ullmann/HDDGabriel/engines/UnrealEngine/Engine/Source/ThirdParty/ShaderConductor/ShaderConductor/External/DirectXShaderCompiler/tools/clang/tools/dxcompiler/dxcompilerobj.cpp,0,4,4
/media/ullmann/HDDGabriel/engines/UnrealEngine/Engine/Source/Runtime/VulkanRHI/Private/VulkanPipelineState.h,3,5,8
/media/ullmann/HDDGabriel/engines/UnrealEngine/Engine/Source/ThirdParty/Crunch/src/crnlib/crn_ktx_texture.cpp,0,3,3
/media/ullmann/HDDGabriel/engines/UnrealEngine/Engine/Source/Programs/UnrealLightmass/Private/LightmassCore/Math/SFMT.cpp,0,2,2
/media/ullmann/HDDGabriel/engines/UnrealEngine/Engine/Source/Programs/UnrealLightmass/Private/LightmassCore/Math/LMMath.h,4,1,5
/media/ullmann/HDDGabriel/engines/UnrealEngine/Engine/Source/ThirdParty/Imath/Imath-3.1.3/src/python/PyImath/PyImathPlane.h,3,1,4
/media/ullmann/HDDGabriel/engines/UnrealEngine/Engine/Source/Runtime/Core/Public/Misc/AutomationEvent.h,1,0,1
/media/ullmann/HDDGabriel/engines/UnrealEngine/Engine/Source/Programs/UnrealHeaderTool/Private/ParserHelper.cpp,0,4,4
/media/ullmann/HDDGabriel/engines/UnrealEngine/Engine/Source/Programs/UnrealHeaderTool/Private/UnrealTypeDefinitionInfo.h,13,3,16
/media/ullmann/HDDGabriel/engines/UnrealEngine/Engine/Source/ThirdParty/FreeType2/FreeType2-2.6/Src/pcf/pcfdrivr.c,1,5,6
/media/ullmann/HDDGabriel/engines/UnrealEngine/Engine/Source/ThirdParty/FreeType2/FreeType2-2.6/Src/pcf/pcfread.h,2,0,2
/media/ullmann/HDDGabriel/engines/UnrealEngine/Engine/Source/ThirdParty/PhysX3/APEX_1.4/module/clothing/embedded/LowLevelCloth/src/SwInterCollision.cpp,0,5,5
/media/ullmann/HDDGabriel/engines/UnrealEngine/Engine/Source/ThirdParty/Intel/TBB/IntelTBB-2019u8/examples/parallel_for/tachyon/src/ppm.cpp,0,5,5
/media/ullmann/HDDGabriel/engines/UnrealEngine/Engine/Source/Runtime/Renderer/Private/DistanceFieldStreaming.cpp,0,5,5
/media/ullmann/HDDGabriel/engines/UnrealEngine/Engine/Source/Runtime/Renderer/Private/DistanceFieldAmbientOcclusion.h,16,2,18
/media/ullmann/HDDGabriel/engines/UnrealEngine/Engine/Source/ThirdParty/SDL2/SDL-gui-backend/src/video/dummy/SDL_nullvideo.c,0,7,7
/media/ullmann/HDDGabriel/engines/UnrealEngine/Engine/Source/ThirdParty/SDL2/SDL-gui-backend/src/video/dummy/SDL_nullvideo.h,3,2,5
/media/ullmann/HDDGabriel/engines/UnrealEngine/Engine/Source/Editor/CurveEditor/Public/CurveEditorHelpers.h,1,1,2
/media/ullmann/HDDGabriel/engines/UnrealEngine/Engine/Source/Editor/CurveEditor/Public/CurveEditorScreenSpace.h,3,0,3
/media/ullmann/HDDGabriel/engines/UnrealEngine/Engine/Source/ThirdParty/ICU/icu4c-64_1/source/common/unicode/udisplaycontext.h,1,0,1
/media/ullmann/HDDGabriel/engines/UnrealEngine/Engine/Source/ThirdParty/zlib/zlib-1.2.5/Src/zutil.c,0,1,1
/media/ullmann/HDDGabriel/engines/UnrealEngine/Engine/Source/ThirdParty/zlib/zlib-1.2.5/Src/zutil.h,8,1,9
/media/ullmann/HDDGabriel/engines/UnrealEngine/Engine/Source/ThirdParty/HarfBuzz/harfbuzz-1.2.4/src/hb-ucdn/ucdn.c,0,2,2
/media/ullmann/HDDGabriel/engines/UnrealEngine/Engine/Source/ThirdParty/HarfBuzz/harfbuzz-1.2.4/src/hb-ucdn/ucdn.h,1,0,1
/media/ullmann/HDDGabriel/engines/UnrealEngine/Engine/Source/ThirdParty/SDL2/SDL-gui-backend/src/haptic/android/SDL_syshaptic_c.h,2,0,2
/media/ullmann/HDDGabriel/engines/UnrealEngine/Engine/Source/ThirdParty/ShaderConductor/ShaderConductor/External/DirectXShaderCompiler/lib/CodeGen/AsmPrinter/DwarfDebug.cpp,0,7,7
/media/ullmann/HDDGabriel/engines/UnrealEngine/Engine/Source/ThirdParty/ShaderConductor/ShaderConductor/External/DirectXShaderCompiler/lib/CodeGen/AsmPrinter/DIEHash.h,3,0,3
/media/ullmann/HDDGabriel/engines/UnrealEngine/Engine/Source/ThirdParty/Crunch/src/crnlib/crn_image_utils.cpp,0,16,16
/media/ullmann/HDDGabriel/engines/UnrealEngine/Engine/Source/ThirdParty/Crunch/src/crnlib/crn_stb_image.cpp,1,1,2
/media/ullmann/HDDGabriel/engines/UnrealEngine/Engine/Source/ThirdParty/CryptoPP/5.6.2/include/socketft.h,2,4,6
/media/ullmann/HDDGabriel/engines/UnrealEngine/Engine/Source/Programs/UnrealTraceServer/src/CborPayload.h,1,3,4
/media/ullmann/HDDGabriel/engines/UnrealEngine/Engine/Source/ThirdParty/PhysX3/PhysX_3.4/Source/Common/src/CmScaling.h,0,2,2
/media/ullmann/HDDGabriel/engines/UnrealEngine/Engine/Source/ThirdParty/PhysX3/PhysX_3.4/Source/Common/src/CmMatrix34.h,1,1,2
/media/ullmann/HDDGabriel/engines/UnrealEngine/Engine/Source/ThirdParty/ICU/icu4c-64_1/source/common/edits.cpp,0,6,6
/media/ullmann/HDDGabriel/engines/UnrealEngine/Engine/Source/Runtime/SlateNullRenderer/Private/SlateNullRendererModule.cpp,0,1,1
/media/ullmann/HDDGabriel/engines/UnrealEngine/Engine/Source/Runtime/SlateNullRenderer/Private/SlateNullRenderer.h,2,0,2
/media/ullmann/HDDGabriel/engines/UnrealEngine/Engine/Source/ThirdParty/ShaderConductor/ShaderConductor/External/DirectXShaderCompiler/tools/llvm-readobj/llvm-readobj.h,5,0,5
/media/ullmann/HDDGabriel/engines/UnrealEngine/Engine/Source/ThirdParty/nvTextureTools/nvTextureTools-2.0.8/src/src/nvtt/InputOptions.cpp,0,2,2
/media/ullmann/HDDGabriel/engines/UnrealEngine/Engine/Source/ThirdParty/nvTextureTools/nvTextureTools-2.0.8/src/src/nvtt/InputOptions.h,2,1,3
/media/ullmann/HDDGabriel/engines/UnrealEngine/Engine/Source/ThirdParty/Intel/Embree/Embree270/src/common/sys/thread.h,4,2,6
/media/ullmann/HDDGabriel/engines/UnrealEngine/Engine/Source/Developer/FunctionalTesting/Classes/FunctionalTestUtilityLibrary.h,0,1,1
/media/ullmann/HDDGabriel/engines/UnrealEngine/Engine/Source/Developer/FunctionalTesting/Classes/TraceQueryTestResults.h,1,0,1
/media/ullmann/HDDGabriel/engines/UnrealEngine/Engine/Source/ThirdParty/OpenVDB/openvdb-8.1.0/openvdb_ax/openvdb_ax/compiler/Compiler.h,2,3,5
/media/ullmann/HDDGabriel/engines/UnrealEngine/Engine/Source/Runtime/Core/Public/UObject/ScriptDelegates.h,3,0,3
/media/ullmann/HDDGabriel/engines/UnrealEngine/Engine/Source/ThirdParty/ICU/icu4c-53_1/source/i18n/selfmtimpl.h,1,1,2
/media/ullmann/HDDGabriel/engines/UnrealEngine/Engine/Source/ThirdParty/ICU/icu4c-53_1/source/common/ustr_imp.h,38,3,41
/media/ullmann/HDDGabriel/engines/UnrealEngine/Engine/Source/ThirdParty/FreeType2/FreeType2-2.10.0/src/truetype/truetype.c,0,7,7
/media/ullmann/HDDGabriel/engines/UnrealEngine/Engine/Source/ThirdParty/FreeType2/FreeType2-2.10.0/src/truetype/ttdriver.c,1,5,6
/media/ullmann/HDDGabriel/engines/UnrealEngine/Engine/Source/Programs/Enterprise/Datasmith/DatasmithSketchUpRubyExporter/Private/DatasmithSketchUpSummary.cpp,0,1,1
/media/ullmann/HDDGabriel/engines/UnrealEngine/Engine/Source/Programs/Enterprise/Datasmith/DatasmithSketchUpRubyExporter/Private/DatasmithSketchUpSummary.h,8,0,8
/media/ullmann/HDDGabriel/engines/UnrealEngine/Engine/Source/ThirdParty/openexr/Deploy/openexr-3.1.1/include/OpenEXR/IexNamespace.h,4,1,5
/media/ullmann/HDDGabriel/engines/UnrealEngine/Engine/Source/ThirdParty/FreeImage/FreeImage-3.18.0/Source/OpenEXR/IlmImf/ImfTiledInputPart.cpp,0,2,2
/media/ullmann/HDDGabriel/engines/UnrealEngine/Engine/Source/ThirdParty/FreeImage/FreeImage-3.18.0/Source/OpenEXR/IlmImf/ImfTiledInputPart.h,2,5,7
/media/ullmann/HDDGabriel/engines/UnrealEngine/Engine/Source/ThirdParty/ICU/icu4c-53_1/source/test/cintltst/creststn.c,0,2,2
/media/ullmann/HDDGabriel/engines/UnrealEngine/Engine/Source/ThirdParty/Imath/Deploy/Imath-3.1.3/include/Imath/ImathFun.h,4,3,7
/media/ullmann/HDDGabriel/engines/UnrealEngine/Engine/Source/ThirdParty/MCPP/mcpp-2.7.2/test-c/n_37.c,0,3,3
/media/ullmann/HDDGabriel/engines/UnrealEngine/Engine/Source/ThirdParty/MCPP/mcpp-2.7.2/test-c/m1024.h,3,0,3
/media/ullmann/HDDGabriel/engines/UnrealEngine/Engine/Source/ThirdParty/openexr/openexr-3.1.1/src/lib/OpenEXR/ImfKeyCode.cpp,0,2,2
/media/ullmann/HDDGabriel/engines/UnrealEngine/Engine/Source/Runtime/SlateRHIRenderer/Private/SlateRHIRenderingPolicy.cpp,0,8,8
/media/ullmann/HDDGabriel/engines/UnrealEngine/Engine/Source/Runtime/SlateRHIRenderer/Private/SlateUTextureResource.h,4,0,4
/media/ullmann/HDDGabriel/engines/UnrealEngine/Engine/Source/ThirdParty/ICU/icu4c-64_1/source/i18n/umsg.cpp,0,3,3
/media/ullmann/HDDGabriel/engines/UnrealEngine/Engine/Source/ThirdParty/ICU/icu4c-64_1/source/i18n/unicode/fmtable.h,6,0,6
/media/ullmann/HDDGabriel/engines/UnrealEngine/Engine/Source/ThirdParty/Imath/Imath-3.1.3/src/Imath/half.h,4,3,7
/media/ullmann/HDDGabriel/engines/UnrealEngine/Engine/Source/ThirdParty/Imath/Imath-3.1.3/src/Imath/ImathPlatform.h,5,1,6
/media/ullmann/HDDGabriel/engines/UnrealEngine/Engine/Source/Runtime/Core/Public/Containers/Array.h,3,0,3
/media/ullmann/HDDGabriel/engines/UnrealEngine/Engine/Source/ThirdParty/HarfBuzz/harfbuzz-2.4.0/src/hb-ot-layout-common.hh,1,0,1
/media/ullmann/HDDGabriel/engines/UnrealEngine/Engine/Source/ThirdParty/FreeImage/FreeImage-3.18.0/Source/OpenEXR/Imath/ImathFrustumTest.h,0,6,6
/media/ullmann/HDDGabriel/engines/UnrealEngine/Engine/Source/ThirdParty/FreeImage/FreeImage-3.18.0/Source/OpenEXR/Imath/ImathNamespace.h,29,0,29
/media/ullmann/HDDGabriel/engines/UnrealEngine/Engine/Source/ThirdParty/Alembic/alembic-1.8.2/python/PyAlembic/PyAbcCoreLayer.cpp,0,1,1
/media/ullmann/HDDGabriel/engines/UnrealEngine/Engine/Source/ThirdParty/CryptoPP/5.6.2/include/nr.h,2,1,3
/media/ullmann/HDDGabriel/engines/UnrealEngine/Engine/Source/Editor/Persona/Private/PersonaPreviewSceneDescription.h,6,0,6
/media/ullmann/HDDGabriel/engines/UnrealEngine/Engine/Source/ThirdParty/openexr/Deploy/openexr-3.1.1/include/OpenEXR/ImfLut.h,0,3,3
/media/ullmann/HDDGabriel/engines/UnrealEngine/Engine/Source/ThirdParty/Boost/boost-1_70_0/include/boost/polygon/polygon_set_data.hpp,2,9,11
/media/ullmann/HDDGabriel/engines/UnrealEngine/Engine/Source/Runtime/AVEncoder/Private/Decoders/vdecmpeg4/M4Decoder.h,7,5,12
/media/ullmann/HDDGabriel/engines/UnrealEngine/Engine/Source/Runtime/AVEncoder/Private/Decoders/vdecmpeg4/vdecmpeg4.h,16,4,20
/media/ullmann/HDDGabriel/engines/UnrealEngine/Engine/Source/ThirdParty/Intel/ISPC/ispc-1.17.0/src/opt.cpp,0,7,7
/media/ullmann/HDDGabriel/engines/UnrealEngine/Engine/Source/ThirdParty/Intel/ISPC/ispc-1.17.0/src/xe/GlobalsLocalization.h,2,1,3
/media/ullmann/HDDGabriel/engines/UnrealEngine/Engine/Source/Editor/PListEditor/Private/PListNode.h,6,0,6
/media/ullmann/HDDGabriel/engines/UnrealEngine/Engine/Source/ThirdParty/Intel/Embree/Embree2140/src/kernels/bvh/bvh_intersector_hybrid.h,1,3,4
/media/ullmann/HDDGabriel/engines/UnrealEngine/Engine/Source/ThirdParty/ICU/icu4c-53_1/source/i18n/utrans.cpp,0,3,3
/media/ullmann/HDDGabriel/engines/UnrealEngine/Engine/Source/ThirdParty/FreeImage/FreeImage-3.18.0/Source/OpenEXR/IlmImf/ImfFrameBuffer.h,15,4,19
/media/ullmann/HDDGabriel/engines/UnrealEngine/Engine/Source/ThirdParty/ICU/icu4c-53_1/source/layout/GlyphPositioningTables.cpp,0,10,10
/media/ullmann/HDDGabriel/engines/UnrealEngine/Engine/Source/ThirdParty/CryptoPP/5.6.5/include/sosemanuk.cpp,0,7,7
/media/ullmann/HDDGabriel/engines/UnrealEngine/Engine/Source/Editor/Sequencer/Private/SequencerEdMode.h,5,0,5
/media/ullmann/HDDGabriel/engines/UnrealEngine/Engine/Source/ThirdParty/Android/libunwind/libunwind/src/ia64/Gtables.c,1,1,2
/media/ullmann/HDDGabriel/engines/UnrealEngine/Engine/Source/Programs/Enterprise/Datasmith/DatasmithARCHICADExporter/DatasmithValidator/Private/SceneValidator.cpp,0,1,1
/media/ullmann/HDDGabriel/engines/UnrealEngine/Engine/Source/Programs/Enterprise/Datasmith/DatasmithARCHICADExporter/DatasmithValidator/Private/SceneValidator.h,1,0,1
/media/ullmann/HDDGabriel/engines/UnrealEngine/Engine/Source/ThirdParty/Intel/TBB/IntelTBB-2019u8/include/tbb/spin_mutex.h,4,6,10
/media/ullmann/HDDGabriel/engines/UnrealEngine/Engine/Source/ThirdParty/libOpus/opus-1.1/src/opus_multistream.c,0,1,1
/media/ullmann/HDDGabriel/engines/UnrealEngine/Engine/Source/ThirdParty/Intel/Embree/Embree270/src/common/tasking/taskscheduler_mic.cpp,0,5,5
/media/ullmann/HDDGabriel/engines/UnrealEngine/Engine/Source/ThirdParty/Intel/Embree/Embree270/src/common/sys/atomic.h,3,2,5
/media/ullmann/HDDGabriel/engines/UnrealEngine/Engine/Source/ThirdParty/ICU/icu4c-53_1/source/common/uset.cpp,0,7,7
/media/ullmann/HDDGabriel/engines/UnrealEngine/Engine/Source/Runtime/Sockets/Public/Sockets.h,1,1,2
/media/ullmann/HDDGabriel/engines/UnrealEngine/Engine/Source/ThirdParty/Crunch/src/crnlib/crn_image_utils.h,9,2,11
/media/ullmann/HDDGabriel/engines/UnrealEngine/Engine/Source/ThirdParty/Crunch/src/crnlib/crn_data_stream_serializer.h,3,1,4
/media/ullmann/HDDGabriel/engines/UnrealEngine/Engine/Source/ThirdParty/ICU/icu4c-64_1/source/i18n/anytrans.cpp,0,3,3
/media/ullmann/HDDGabriel/engines/UnrealEngine/Engine/Source/Programs/UnrealLightmass/Private/Lighting/TextureMapping.cpp,0,3,3
/media/ullmann/HDDGabriel/engines/UnrealEngine/Engine/Source/ThirdParty/ICU/icu4c-53_1/source/common/uchriter.cpp,0,5,5
/media/ullmann/HDDGabriel/engines/UnrealEngine/Engine/Source/ThirdParty/FBX/2020.2/include/fbxsdk/scene/fbxscene.h,1,0,1
/media/ullmann/HDDGabriel/engines/UnrealEngine/Engine/Source/Developer/Profiler/Private/ProfilerRawStatsForMemory.cpp,0,1,1
/media/ullmann/HDDGabriel/engines/UnrealEngine/Engine/Source/Developer/Profiler/Private/ProfilerRawStatsForMemory.h,2,0,2
/media/ullmann/HDDGabriel/engines/UnrealEngine/Engine/Source/ThirdParty/EOSSDK/SDK/Include/eos_leaderboards.h,0,1,1
/media/ullmann/HDDGabriel/engines/UnrealEngine/Engine/Source/ThirdParty/EOSSDK/SDK/Include/eos_leaderboards_types.h,2,2,4
/media/ullmann/HDDGabriel/engines/UnrealEngine/Engine/Source/ThirdParty/FreeType2/FreeType2-2.6/Src/autofit/aftypes.h,9,5,14
/media/ullmann/HDDGabriel/engines/UnrealEngine/Engine/Source/Editor/AudioEditor/Private/SSoundClassActionMenu.cpp,0,1,1
/media/ullmann/HDDGabriel/engines/UnrealEngine/Engine/Source/Editor/AudioEditor/Private/SSoundClassActionMenu.h,2,0,2
/media/ullmann/HDDGabriel/engines/UnrealEngine/Engine/Source/ThirdParty/HarfBuzz/harfbuzz-1.2.4/src/hb-ot-shape-complex-myanmar.cc,0,2,2
/media/ullmann/HDDGabriel/engines/UnrealEngine/Engine/Source/ThirdParty/HarfBuzz/harfbuzz-1.2.4/src/hb-ot-shape-complex-indic-private.hh,3,0,3
/media/ullmann/HDDGabriel/engines/UnrealEngine/Engine/Source/Runtime/ApplicationCore/Private/Mac/MacApplication.cpp,0,1,1
/media/ullmann/HDDGabriel/engines/UnrealEngine/Engine/Source/Runtime/ApplicationCore/Private/Mac/HIDInputInterface.h,2,0,2
/media/ullmann/HDDGabriel/engines/UnrealEngine/Engine/Source/ThirdParty/ICU/icu4c-53_1/source/i18n/csrucode.h,3,1,4
/media/ullmann/HDDGabriel/engines/UnrealEngine/Engine/Source/ThirdParty/ICU/icu4c-53_1/source/i18n/csrecog.h,7,1,8
/media/ullmann/HDDGabriel/engines/UnrealEngine/Engine/Source/ThirdParty/CryptoPP/5.6.2/include/cast.h,4,2,6
/media/ullmann/HDDGabriel/engines/UnrealEngine/Engine/Source/ThirdParty/ShaderConductor/ShaderConductor/External/DirectXShaderCompiler/projects/dxilconv/lib/DxbcConverter/DxbcConverter.cpp,0,1,1
/media/ullmann/HDDGabriel/engines/UnrealEngine/Engine/Source/ThirdParty/ShaderConductor/ShaderConductor/External/DirectXShaderCompiler/projects/dxilconv/lib/DxbcConverter/DxbcConverterImpl.h,1,1,2
/media/ullmann/HDDGabriel/engines/UnrealEngine/Engine/Source/ThirdParty/FreeImage/FreeImage-3.18.0/Source/LibTIFF4/tiff.h,4,1,5
/media/ullmann/HDDGabriel/engines/UnrealEngine/Engine/Source/ThirdParty/hlslcc/hlslcc/src/hlslcc_lib/loop_controls.cpp,0,5,5
/media/ullmann/HDDGabriel/engines/UnrealEngine/Engine/Source/ThirdParty/hlslcc/hlslcc/src/hlslcc_lib/loop_analysis.h,5,2,7
/media/ullmann/HDDGabriel/engines/UnrealEngine/Engine/Source/ThirdParty/FreeType2/FreeType2-2.4.12/src/sfnt/ttbdf.c,1,2,3
/media/ullmann/HDDGabriel/engines/UnrealEngine/Engine/Source/ThirdParty/glslang/glslang/src/glslang_lib/glslang/MachineIndependent/ShaderLang.cpp,0,15,15
/media/ullmann/HDDGabriel/engines/UnrealEngine/Engine/Source/ThirdParty/glslang/glslang/src/glslang_lib/hlsl/hlslParseables.h,2,1,3
/media/ullmann/HDDGabriel/engines/UnrealEngine/Engine/Source/ThirdParty/HarfBuzz/harfbuzz-1.2.4/src/hb-uniscribe.cc,0,5,5
/media/ullmann/HDDGabriel/engines/UnrealEngine/Engine/Source/ThirdParty/HarfBuzz/harfbuzz-1.2.4/src/hb-open-file-private.hh,5,0,5
/media/ullmann/HDDGabriel/engines/UnrealEngine/Engine/Source/ThirdParty/OpenSubdiv/OpenSubdiv-3.4.4/examples/farViewer/init_shapes.h,1,2,3
/media/ullmann/HDDGabriel/engines/UnrealEngine/Engine/Source/Editor/HierarchicalLODOutliner/Private/LODActorItem.cpp,0,2,2
/media/ullmann/HDDGabriel/engines/UnrealEngine/Engine/Source/ThirdParty/Intel/Embree/Embree270/src/kernels/xeon/geometry/bezier1i_intersector.h,7,2,9
/media/ullmann/HDDGabriel/engines/UnrealEngine/Engine/Source/ThirdParty/ShaderConductor/ShaderConductor/External/DirectXShaderCompiler/tools/clang/lib/Headers/ammintrin.h,1,1,2
/media/ullmann/HDDGabriel/engines/UnrealEngine/Engine/Source/ThirdParty/Imath/Deploy/Imath-3.1.3/include/Imath/ImathColorAlgo.h,0,4,4
/media/ullmann/HDDGabriel/engines/UnrealEngine/Engine/Source/ThirdParty/Imath/Deploy/Imath-3.1.3/include/Imath/ImathExport.h,18,1,19
/media/ullmann/HDDGabriel/engines/UnrealEngine/Engine/Source/Editor/PropertyEditor/Private/SDetailSingleItemRow.cpp,0,8,8
/media/ullmann/HDDGabriel/engines/UnrealEngine/Engine/Source/Developer/SettingsEditor/Private/Models/SettingsEditorModel.h,1,0,1
/media/ullmann/HDDGabriel/engines/UnrealEngine/Engine/Source/ThirdParty/ICU/icu4c-53_1/source/i18n/scriptset.h,5,0,5
/media/ullmann/HDDGabriel/engines/UnrealEngine/Engine/Source/ThirdParty/FreeType2/FreeType2-2.6/Src/sfnt/ttbdf.c,1,2,3
/media/ullmann/HDDGabriel/engines/UnrealEngine/Engine/Source/ThirdParty/FreeType2/FreeType2-2.6/Src/sfnt/ttbdf.h,4,1,5
/media/ullmann/HDDGabriel/engines/UnrealEngine/Engine/Source/Programs/CrashReportClient/Private/MainLoopTiming.cpp,0,1,1
/media/ullmann/HDDGabriel/engines/UnrealEngine/Engine/Source/Programs/CrashReportClient/Private/MainLoopTiming.h,2,0,2
/media/ullmann/HDDGabriel/engines/UnrealEngine/Engine/Source/Runtime/Engine/Public/MaterialCachedData.h,0,2,2
/media/ullmann/HDDGabriel/engines/UnrealEngine/Engine/Source/Editor/Kismet/Private/SBlueprintBookmarks.cpp,0,1,1
/media/ullmann/HDDGabriel/engines/UnrealEngine/Engine/Source/Editor/Kismet/Private/SBlueprintBookmarks.h,3,0,3
/media/ullmann/HDDGabriel/engines/UnrealEngine/Engine/Source/ThirdParty/ICU/icu4c-64_1/source/common/utrie_swap.cpp,0,6,6
/media/ullmann/HDDGabriel/engines/UnrealEngine/Engine/Source/ThirdParty/ICU/icu4c-64_1/source/common/udataswp.h,24,1,25
/media/ullmann/HDDGabriel/engines/UnrealEngine/Engine/Source/ThirdParty/WebRTC/4147/Include/third_party/opus/src/celt/float_cast.h,0,1,1
/media/ullmann/HDDGabriel/engines/UnrealEngine/Engine/Source/ThirdParty/WebRTC/4147/Include/third_party/opus/src/celt/arch.h,12,7,19
/media/ullmann/HDDGabriel/engines/UnrealEngine/Engine/Source/Runtime/AnimationCore/Public/BoneWeights.h,0,2,2
/media/ullmann/HDDGabriel/engines/UnrealEngine/Engine/Source/Runtime/AnimationCore/Public/BoneIndices.h,3,0,3
/media/ullmann/HDDGabriel/engines/UnrealEngine/Engine/Source/Runtime/Slate/Public/Framework/Commands/UIAction.h,3,0,3
/media/ullmann/HDDGabriel/engines/UnrealEngine/Engine/Source/ThirdParty/SDL2/SDL-gui-backend/src/locale/android/SDL_syslocale.c,0,3,3
/media/ullmann/HDDGabriel/engines/UnrealEngine/Engine/Source/ThirdParty/Expat/expat-2.2.10/tests/memcheck.h,2,0,2
/media/ullmann/HDDGabriel/engines/UnrealEngine/Engine/Source/Runtime/AIModule/Classes/AIController.h,2,4,6
/media/ullmann/HDDGabriel/engines/UnrealEngine/Engine/Source/Runtime/AIModule/Classes/AITypes.h,3,0,3
/media/ullmann/HDDGabriel/engines/UnrealEngine/Engine/Source/Editor/UnrealEd/Private/SSocketManager.cpp,0,4,4
/media/ullmann/HDDGabriel/engines/UnrealEngine/Engine/Source/ThirdParty/Alembic/alembic-1.8.2/python/PyAlembic/PyIMaterial.cpp,0,4,4
/media/ullmann/HDDGabriel/engines/UnrealEngine/Engine/Source/ThirdParty/ICU/icu4c-53_1/source/layout/SimpleArrayProcessor.h,2,5,7
/media/ullmann/HDDGabriel/engines/UnrealEngine/Engine/Source/ThirdParty/mtlpp/mtlpp-master-7efad47/src/imp_Device.hpp,1,1,2
/media/ullmann/HDDGabriel/engines/UnrealEngine/Engine/Source/ThirdParty/EOSSDK/SDK/Bin/IOS/EOSSDK.framework/Headers/eos_playerdatastorage_types.h,2,1,3
/media/ullmann/HDDGabriel/engines/UnrealEngine/Engine/Source/ThirdParty/EOSSDK/SDK/Bin/IOS/EOSSDK.framework/Headers/eos_common.h,30,2,32
/media/ullmann/HDDGabriel/engines/UnrealEngine/Engine/Source/ThirdParty/Intel/TBB/IntelTBB-2019u8/examples/parallel_for/tachyon/src/macros.h,28,0,28
/media/ullmann/HDDGabriel/engines/UnrealEngine/Engine/Source/ThirdParty/libOpus/opus-1.1/silk/PLC.c,0,2,2
/media/ullmann/HDDGabriel/engines/UnrealEngine/Engine/Source/ThirdParty/Alembic/alembic-1.8.2/python/PyAlembic/PyIGeomParamBox.cpp,0,2,2
/media/ullmann/HDDGabriel/engines/UnrealEngine/Engine/Source/ThirdParty/WebRTC/4147/Include/tools/clang/blink_gc_plugin/BlinkGCPluginConsumer.h,0,3,3
/media/ullmann/HDDGabriel/engines/UnrealEngine/Engine/Source/ThirdParty/WebRTC/4147/Include/tools/clang/blink_gc_plugin/DiagnosticsReporter.h,1,4,5
/media/ullmann/HDDGabriel/engines/UnrealEngine/Engine/Source/ThirdParty/ICU/icu4c-64_1/source/common/norm2allmodes.h,2,7,9
/media/ullmann/HDDGabriel/engines/UnrealEngine/Engine/Source/ThirdParty/ICU/icu4c-64_1/source/common/cpputils.h,2,3,5
/media/ullmann/HDDGabriel/engines/UnrealEngine/Engine/Source/ThirdParty/OpenSubdiv/OpenSubdiv-3.4.4/opensubdiv/osd/glPatchTable.h,2,4,6
/media/ullmann/HDDGabriel/engines/UnrealEngine/Engine/Source/ThirdParty/glslang/glslang/src/glslang_lib/glslang/MachineIndependent/Intermediate.cpp,0,4,4
/media/ullmann/HDDGabriel/engines/UnrealEngine/Engine/Source/ThirdParty/glslang/glslang/src/glslang_lib/glslang/MachineIndependent/propagateNoContraction.h,2,1,3
/media/ullmann/HDDGabriel/engines/UnrealEngine/Engine/Source/ThirdParty/OpenVDB/Deploy/openvdb-8.1.0/include/openvdb/tools/MeshToVolume.h,1,3,4
/media/ullmann/HDDGabriel/engines/UnrealEngine/Engine/Source/ThirdParty/OpenVDB/Deploy/openvdb-8.1.0/include/openvdb/tools/Prune.h,10,0,10
/media/ullmann/HDDGabriel/engines/UnrealEngine/Engine/Source/ThirdParty/MCPP/mcpp-2.7.2/cpp-test/test-l/nest38.h,1,1,2
/media/ullmann/HDDGabriel/engines/UnrealEngine/Engine/Source/ThirdParty/MCPP/mcpp-2.7.2/cpp-test/test-l/nest39.h,1,1,2
/media/ullmann/HDDGabriel/engines/UnrealEngine/Engine/Source/Editor/LevelEditor/Private/SLevelEditorToolBox.h,3,0,3
/media/ullmann/HDDGabriel/engines/UnrealEngine/Engine/Source/ThirdParty/PhysX3/APEX_1.4/include/UserRenderResourceManager.h,11,1,12
/media/ullmann/HDDGabriel/engines/UnrealEngine/Engine/Source/ThirdParty/PhysX3/APEX_1.4/include/ApexUsingNamespace.h,30,1,31
/media/ullmann/HDDGabriel/engines/UnrealEngine/Engine/Source/Runtime/AudioMixer/Private/SoundFileIO/SoundFileIOManager.h,2,2,4
/media/ullmann/HDDGabriel/engines/UnrealEngine/Engine/Source/Runtime/AudioMixer/Private/SoundFileIO/SoundFile.h,3,1,4
/media/ullmann/HDDGabriel/engines/UnrealEngine/Engine/Source/ThirdParty/openexr/openexr-3.1.1/src/lib/OpenEXRCore/string.c,1,3,4
/media/ullmann/HDDGabriel/engines/UnrealEngine/Engine/Source/ThirdParty/openexr/openexr-3.1.1/src/lib/OpenEXRCore/internal_structs.h,20,1,21
/media/ullmann/HDDGabriel/engines/UnrealEngine/Engine/Source/Runtime/Engine/Classes/Animation/AnimNotifies/AnimNotify_ResetDynamics.h,0,1,1
/media/ullmann/HDDGabriel/engines/UnrealEngine/Engine/Source/ThirdParty/openexr/openexr-3.1.1/src/lib/OpenEXRUtil/ImfFlatImage.h,3,3,6
/media/ullmann/HDDGabriel/engines/UnrealEngine/Engine/Source/ThirdParty/openexr/openexr-3.1.1/src/lib/OpenEXRUtil/ImfFlatImageLevel.h,3,3,6
/media/ullmann/HDDGabriel/engines/UnrealEngine/Engine/Source/Editor/CurveEditor/Private/SCurveEditorPanel.cpp,0,4,4
/media/ullmann/HDDGabriel/engines/UnrealEngine/Engine/Source/Editor/CurveEditor/Private/SCurveEditorViewContainer.h,2,0,2
/media/ullmann/HDDGabriel/engines/UnrealEngine/Engine/Source/ThirdParty/hlslcc/hlslcc/src/hlslcc_lib/lower_instructions.cpp,0,5,5
/media/ullmann/HDDGabriel/engines/UnrealEngine/Engine/Source/ThirdParty/OpenSubdiv/OpenSubdiv-3.4.4/regression/shapes/catmark_xord_boundary.h,1,0,1
/media/ullmann/HDDGabriel/engines/UnrealEngine/Engine/Source/ThirdParty/libOpus/opus-1.0.3/silk/float/scale_copy_vector_FLP.c,0,1,1
/media/ullmann/HDDGabriel/engines/UnrealEngine/Engine/Source/ThirdParty/libOpus/opus-1.0.3/silk/float/SigProc_FLP.h,14,0,14
/media/ullmann/HDDGabriel/engines/UnrealEngine/Engine/Source/ThirdParty/OpenSubdiv/OpenSubdiv-3.4.4/opensubdiv/osd/glMesh.h,0,3,3
/media/ullmann/HDDGabriel/engines/UnrealEngine/Engine/Source/ThirdParty/Intel/Embree/Embree270/src/kernels/common/rtcore.cpp,0,3,3
/media/ullmann/HDDGabriel/engines/UnrealEngine/Engine/Source/ThirdParty/Steamworks/Steamv147/sdk/public/steam/isteamclient.h,1,1,2
/media/ullmann/HDDGabriel/engines/UnrealEngine/Engine/Source/Runtime/BinkAudioDecoder/SDK/BinkAudio/Src/radfft.cpp,0,4,4
/media/ullmann/HDDGabriel/engines/UnrealEngine/Engine/Source/Runtime/BinkAudioDecoder/SDK/BinkAudio/Src/rrCore.h,6,1,7
/media/ullmann/HDDGabriel/engines/UnrealEngine/Engine/Source/ThirdParty/AMD/Amf/core/Factory.h,0,8,8
/media/ullmann/HDDGabriel/engines/UnrealEngine/Engine/Source/ThirdParty/AMD/Amf/core/Compute.h,3,2,5
/media/ullmann/HDDGabriel/engines/UnrealEngine/Engine/Source/ThirdParty/llvm/8/include/llvm/DebugInfo/PDB/PDBSymbolTypeBuiltin.h,1,2,3
/media/ullmann/HDDGabriel/engines/UnrealEngine/Engine/Source/Runtime/Experimental/Interchange/Core/Public/InterchangeWriterBase.h,0,1,1
/media/ullmann/HDDGabriel/engines/UnrealEngine/Engine/Source/Runtime/Experimental/Interchange/Core/Public/Nodes/InterchangeBaseNodeContainer.h,3,0,3
/media/ullmann/HDDGabriel/engines/UnrealEngine/Engine/Source/Runtime/Core/Public/Math/SHMath.h,1,0,1
/media/ullmann/HDDGabriel/engines/UnrealEngine/Engine/Source/ThirdParty/ICU/icu4c-64_1/source/test/cintltst/callcoll.c,0,4,4
/media/ullmann/HDDGabriel/engines/UnrealEngine/Engine/Source/ThirdParty/ICU/icu4c-64_1/source/test/cintltst/ccolltst.h,15,1,16
/media/ullmann/HDDGabriel/engines/UnrealEngine/Engine/Source/Developer/Windows/LiveCoding/Private/External/LC_Executable.h,3,3,6
/media/ullmann/HDDGabriel/engines/UnrealEngine/Engine/Source/Developer/Windows/LiveCoding/Private/External/LC_PointerUtil.h,3,0,3
/media/ullmann/HDDGabriel/engines/UnrealEngine/Engine/Source/Editor/AnimGraph/Public/AnimGraphNode_SaveCachedPose.h,0,1,1
/media/ullmann/HDDGabriel/engines/UnrealEngine/Engine/Source/ThirdParty/SDL2/SDL-gui-backend/src/loadso/os2/SDL_sysloadso.c,0,2,2
/media/ullmann/HDDGabriel/engines/UnrealEngine/Engine/Source/ThirdParty/OpenSubdiv/OpenSubdiv-3.4.4/opensubdiv/osd/cpuEvaluator.h,1,3,4
/media/ullmann/HDDGabriel/engines/UnrealEngine/Engine/Source/ThirdParty/OpenSubdiv/OpenSubdiv-3.4.4/opensubdiv/osd/clEvaluator.h,1,4,5
/media/ullmann/HDDGabriel/engines/UnrealEngine/Engine/Source/ThirdParty/WebRTC/4147/Include/third_party/libvpx/source/config/linux/arm-neon-cpu-detect/vp8_rtcd.h,0,1,1
/media/ullmann/HDDGabriel/engines/UnrealEngine/Engine/Source/ThirdParty/WebRTC/4147/Include/third_party/libvpx/source/config/linux/arm-neon-cpu-detect/vpx_config.h,4,0,4
/media/ullmann/HDDGabriel/engines/UnrealEngine/Engine/Source/ThirdParty/ICU/icu4c-53_1/source/samples/translit/answers/main_1.cpp,0,1,1
/media/ullmann/HDDGabriel/engines/UnrealEngine/Engine/Source/ThirdParty/ICU/icu4c-53_1/source/samples/translit/answers/unaccent.h,5,0,5
/media/ullmann/HDDGabriel/engines/UnrealEngine/Engine/Source/Runtime/Renderer/Private/LightRendering.cpp,0,15,15
/media/ullmann/HDDGabriel/engines/UnrealEngine/Engine/Source/Runtime/Renderer/Private/LightRendering.h,8,2,10
/media/ullmann/HDDGabriel/engines/UnrealEngine/Engine/Source/ThirdParty/ICU/icu4c-53_1/source/common/rbbiscan.cpp,0,15,15
/media/ullmann/HDDGabriel/engines/UnrealEngine/Engine/Source/ThirdParty/ICU/icu4c-53_1/source/common/rbbitblb.h,3,4,7
/media/ullmann/HDDGabriel/engines/UnrealEngine/Engine/Source/Editor/LevelEditor/Private/LevelEditorMenu.h,2,1,3
/media/ullmann/HDDGabriel/engines/UnrealEngine/Engine/Source/ThirdParty/ICU/icu4c-64_1/source/tools/gennorm2/n2builder.cpp,0,3,3
/media/ullmann/HDDGabriel/engines/UnrealEngine/Engine/Source/ThirdParty/ICU/icu4c-64_1/source/tools/gennorm2/n2builder.h,2,1,3
/media/ullmann/HDDGabriel/engines/UnrealEngine/Engine/Source/ThirdParty/OpenVDB/Deploy/openvdb-8.1.0/include/openvdb/points/PointCount.h,2,3,5
/media/ullmann/HDDGabriel/engines/UnrealEngine/Engine/Source/ThirdParty/CryptoPP/5.6.5/include/network.cpp,0,3,3
/media/ullmann/HDDGabriel/engines/UnrealEngine/Engine/Source/Editor/AddContentDialog/Private/SAddContentWidget.h,2,1,3
/media/ullmann/HDDGabriel/engines/UnrealEngine/Engine/Source/Editor/AddContentDialog/Private/ViewModels/CategoryViewModel.h,1,0,1
/media/ullmann/HDDGabriel/engines/UnrealEngine/Engine/Source/ThirdParty/ICU/icu4c-64_1/source/test/intltest/bytestrietest.cpp,0,1,1
/media/ullmann/HDDGabriel/engines/UnrealEngine/Engine/Source/ThirdParty/PLCrashReporter/PLCrashReporter/Source/PLCrashAsyncLinkedList.hpp,2,3,5
/media/ullmann/HDDGabriel/engines/UnrealEngine/Engine/Source/Editor/SequencerWidgets/Public/ITimeSlider.h,3,1,4
/media/ullmann/HDDGabriel/engines/UnrealEngine/Engine/Source/Editor/Sequencer/Public/ISequencerInputHandler.h,2,0,2
/media/ullmann/HDDGabriel/engines/UnrealEngine/Engine/Source/ThirdParty/CryptoPP/5.6.5/include/argnames.h,15,1,16
/media/ullmann/HDDGabriel/engines/UnrealEngine/Engine/Source/ThirdParty/ICU/icu4c-53_1/source/test/intltest/tsmthred.h,2,1,3
/media/ullmann/HDDGabriel/engines/UnrealEngine/Engine/Source/ThirdParty/ICU/icu4c-64_1/source/i18n/strmatch.cpp,0,2,2
/media/ullmann/HDDGabriel/engines/UnrealEngine/Engine/Source/ThirdParty/ICU/icu4c-64_1/source/i18n/strmatch.h,3,1,4
/media/ullmann/HDDGabriel/engines/UnrealEngine/Engine/Source/Editor/AnimGraph/Public/AnimGraphNode_PoseHandler.h,2,1,3
/media/ullmann/HDDGabriel/engines/UnrealEngine/Engine/Source/ThirdParty/Crunch/src/crnlib/lzma_LzmaDec.cpp,0,2,2
/media/ullmann/HDDGabriel/engines/UnrealEngine/Engine/Source/Runtime/Engine/Public/Collision.h,0,1,1
/media/ullmann/HDDGabriel/engines/UnrealEngine/Engine/Source/Runtime/Engine/Public/EngineDefines.h,12,0,12
/media/ullmann/HDDGabriel/engines/UnrealEngine/Engine/Source/Editor/VREditor/UI/VREditorUISystem.cpp,0,7,7
/media/ullmann/HDDGabriel/engines/UnrealEngine/Engine/Source/Editor/VREditor/UI/VREditorBaseUserWidget.h,6,0,6
/media/ullmann/HDDGabriel/engines/UnrealEngine/Engine/Source/ThirdParty/hlslcc/hlslcc/src/hlslcc_lib/ralloc.cpp,0,3,3
/media/ullmann/HDDGabriel/engines/UnrealEngine/Engine/Source/ThirdParty/ICU/icu4c-64_1/source/i18n/double-conversion-cached-powers.h,3,1,4
/media/ullmann/HDDGabriel/engines/UnrealEngine/Engine/Source/ThirdParty/ICU/icu4c-64_1/source/i18n/double-conversion-diy-fp.h,4,1,5
/media/ullmann/HDDGabriel/engines/UnrealEngine/Engine/Source/ThirdParty/FreeImage/FreeImage-3.18.0/Source/OpenEXR/IlmImf/ImfInputStreamMutex.h,6,2,8
/media/ullmann/HDDGabriel/engines/UnrealEngine/Engine/Source/ThirdParty/WebRTC/4147/Include/tools/clang/blink_gc_plugin/tests/class_multiple_trace_bases.h,0,1,1
/media/ullmann/HDDGabriel/engines/UnrealEngine/Engine/Source/Editor/DetailCustomizations/Private/HierarchicalSimplificationCustomizations.h,2,1,3
/media/ullmann/HDDGabriel/engines/UnrealEngine/Engine/Source/Editor/DetailCustomizations/Private/OverrideResetToDefault.h,4,0,4
/media/ullmann/HDDGabriel/engines/UnrealEngine/Engine/Source/ThirdParty/ICU/icu4c-53_1/source/common/ucnv_ext.cpp,0,7,7
/media/ullmann/HDDGabriel/engines/UnrealEngine/Engine/Source/ThirdParty/Intel/Embree/Embree270/src/common/sys/array.h,1,2,3
/media/ullmann/HDDGabriel/engines/UnrealEngine/Engine/Source/ThirdParty/Intel/Embree/Embree270/src/common/sys/alloc.h,5,1,6
/media/ullmann/HDDGabriel/engines/UnrealEngine/Engine/Source/ThirdParty/PhysX3/PhysX_3.4/Source/LowLevelAABB/src/BpBroadPhaseSap.h,3,2,5
/media/ullmann/HDDGabriel/engines/UnrealEngine/Engine/Source/ThirdParty/PhysX3/PhysX_3.4/Source/LowLevelAABB/src/BpBroadPhaseSapAux.h,3,0,3
/media/ullmann/HDDGabriel/engines/UnrealEngine/Engine/Source/Developer/VisualGraphUtils/Public/VisualGraphEdge.h,2,1,3
/media/ullmann/HDDGabriel/engines/UnrealEngine/Engine/Source/Developer/VisualGraphUtils/Public/VisualGraphElement.h,3,0,3
/media/ullmann/HDDGabriel/engines/UnrealEngine/Engine/Source/ThirdParty/FreeType2/FreeType2-2.10.0/src/sfnt/ttpost.h,3,0,3
/media/ullmann/HDDGabriel/engines/UnrealEngine/Engine/Source/ThirdParty/openexr/openexr-3.1.1/src/lib/OpenEXR/ImfRationalAttribute.h,3,2,5
/media/ullmann/HDDGabriel/engines/UnrealEngine/Engine/Source/ThirdParty/Intel/TBB/IntelTBB-2019u8/python/rml/ipc_server.cpp,0,1,1
/media/ullmann/HDDGabriel/engines/UnrealEngine/Engine/Source/ThirdParty/Intel/TBB/IntelTBB-2019u8/python/rml/ipc_utils.h,2,0,2
/media/ullmann/HDDGabriel/engines/UnrealEngine/Engine/Source/Developer/TraceAnalysis/Private/Store/AsioTraceRelay.h,2,3,5
/media/ullmann/HDDGabriel/engines/UnrealEngine/Engine/Source/Developer/TraceAnalysis/Private/Store/AsioTcpServer.h,4,0,4
/media/ullmann/HDDGabriel/engines/UnrealEngine/Engine/Source/ThirdParty/FreeImage/FreeImage-3.18.0/Source/LibJPEG/jcarith.c,0,2,2
/media/ullmann/HDDGabriel/engines/UnrealEngine/Engine/Source/ThirdParty/Intel/Embree/Embree2140/src/kernels/common/rtcore.cpp,0,5,5
/media/ullmann/HDDGabriel/engines/UnrealEngine/Engine/Source/ThirdParty/Intel/Embree/Embree2140/src/include/embree2/rtcore_ray.h,2,1,3
/media/ullmann/HDDGabriel/engines/UnrealEngine/Engine/Source/ThirdParty/openexr/openexr-3.1.1/src/lib/OpenEXR/ImfDeepScanLineInputPart.cpp,0,4,4
/media/ullmann/HDDGabriel/engines/UnrealEngine/Engine/Source/ThirdParty/openexr/openexr-3.1.1/src/lib/OpenEXR/ImfDeepScanLineOutputFile.h,5,7,12
/media/ullmann/HDDGabriel/engines/UnrealEngine/Engine/Source/Runtime/Apple/AGXRHI/Private/AGXCaptureManager.h,2,0,2
/media/ullmann/HDDGabriel/engines/UnrealEngine/Engine/Source/ThirdParty/libOpus/opus-1.3.1-12/src/opus_encoder.c,0,2,2
/media/ullmann/HDDGabriel/engines/UnrealEngine/Engine/Source/ThirdParty/libOpus/opus-1.3.1-12/src/analysis.h,2,2,4
/media/ullmann/HDDGabriel/engines/UnrealEngine/Engine/Source/ThirdParty/Intel/Embree/Embree270/src/kernels/xeon/bvh4/bvh4_builder_hair.h,1,5,6
/media/ullmann/HDDGabriel/engines/UnrealEngine/Engine/Source/ThirdParty/Intel/Embree/Embree270/src/kernels/xeon/builders/heuristic_binning_array_aligned.h,2,1,3
/media/ullmann/HDDGabriel/engines/UnrealEngine/Engine/Source/Runtime/Apple/AGXRHI/Private/AGXDynamicRHI.cpp,0,8,8
/media/ullmann/HDDGabriel/engines/UnrealEngine/Engine/Source/Runtime/Apple/AGXRHI/Private/AGXComputePipelineState.h,3,0,3
/media/ullmann/HDDGabriel/engines/UnrealEngine/Engine/Source/ThirdParty/hlslcc/hlslcc/src/hlslcc_lib/lower_variable_index_to_cond_assign.cpp,0,6,6
/media/ullmann/HDDGabriel/engines/UnrealEngine/Engine/Source/Editor/LevelEditor/Private/SLevelEditor.h,8,1,9
/media/ullmann/HDDGabriel/engines/UnrealEngine/Engine/Source/ThirdParty/Imath/Imath-3.1.3/src/python/PyImath/PyImathQuat.cpp,0,7,7
/media/ullmann/HDDGabriel/engines/UnrealEngine/Engine/Source/ThirdParty/ShaderConductor/ShaderConductor/External/DirectXShaderCompiler/lib/Support/regexec.c,0,4,4
/media/ullmann/HDDGabriel/engines/UnrealEngine/Engine/Source/ThirdParty/ShaderConductor/ShaderConductor/External/DirectXShaderCompiler/lib/Support/regengine.inc,1,0,1
/media/ullmann/HDDGabriel/engines/UnrealEngine/Engine/Source/ThirdParty/Boost/boost-1_70_0/include/boost/outcome/policy/throw_bad_result_access.hpp,1,2,3
/media/ullmann/HDDGabriel/engines/UnrealEngine/Engine/Source/ThirdParty/Intel/Embree/Embree2140/src/common/algorithms/parallel_for_for_prefix_sum.cpp,0,2,2
/media/ullmann/HDDGabriel/engines/UnrealEngine/Engine/Source/ThirdParty/Intel/Embree/Embree2140/src/common/sys/regression.h,12,1,13
/media/ullmann/HDDGabriel/engines/UnrealEngine/Engine/Source/ThirdParty/ICU/icu4c-53_1/source/layout/SegmentSingleProcessor.h,2,5,7
/media/ullmann/HDDGabriel/engines/UnrealEngine/Engine/Source/ThirdParty/ICU/icu4c-53_1/source/layout/NonContextualGlyphSubstProc.h,12,4,16
/media/ullmann/HDDGabriel/engines/UnrealEngine/Engine/Source/Runtime/Engine/Private/SkeletalRenderStatic.cpp,0,2,2
/media/ullmann/HDDGabriel/engines/UnrealEngine/Engine/Source/Runtime/Engine/Private/SkeletalRenderStatic.h,1,0,1
/media/ullmann/HDDGabriel/engines/UnrealEngine/Engine/Source/ThirdParty/ICU/icu4c-64_1/source/test/intltest/mnkytst.cpp,0,2,2
/media/ullmann/HDDGabriel/engines/UnrealEngine/Engine/Source/ThirdParty/Intel/TBB/IntelTBB-2019u8/src/test/test_async_node.cpp,0,3,3
/media/ullmann/HDDGabriel/engines/UnrealEngine/Engine/Source/ThirdParty/Intel/TBB/IntelTBB-2019u8/src/test/harness_graph.h,20,2,22
/media/ullmann/HDDGabriel/engines/UnrealEngine/Engine/Source/ThirdParty/OpenVDB/openvdb-8.1.0/openvdb/openvdb/util/CpuTimer.h,0,1,1
/media/ullmann/HDDGabriel/engines/UnrealEngine/Engine/Source/ThirdParty/OpenVDB/openvdb-8.1.0/openvdb/openvdb/util/Formats.h,2,0,2
/media/ullmann/HDDGabriel/engines/UnrealEngine/Engine/Source/ThirdParty/SDL2/SDL-gui-backend/include/SDL_events.h,1,12,13
/media/ullmann/HDDGabriel/engines/UnrealEngine/Engine/Source/ThirdParty/MCPP/mcpp-2.7.2/test-t/nest12.h,1,1,2
/media/ullmann/HDDGabriel/engines/UnrealEngine/Engine/Source/ThirdParty/MCPP/mcpp-2.7.2/test-t/nest13.h,1,1,2
/media/ullmann/HDDGabriel/engines/UnrealEngine/Engine/Source/ThirdParty/OpenSubdiv/OpenSubdiv-3.4.4/opensubdiv/osd/mtlVertexBuffer.h,0,2,2
/media/ullmann/HDDGabriel/engines/UnrealEngine/Engine/Source/ThirdParty/OpenSubdiv/OpenSubdiv-3.4.4/opensubdiv/osd/mtlCommon.h,4,1,5
/media/ullmann/HDDGabriel/engines/UnrealEngine/Engine/Source/ThirdParty/ICU/icu4c-64_1/source/test/cintltst/cjaptst.c,0,4,4
/media/ullmann/HDDGabriel/engines/UnrealEngine/Engine/Source/ThirdParty/ICU/icu4c-64_1/source/test/cintltst/callcoll.h,12,1,13
/media/ullmann/HDDGabriel/engines/UnrealEngine/Engine/Source/ThirdParty/PhysX3/PhysX_3.4/Source/GeomUtils/src/pcm/GuPCMShapeConvex.cpp,0,2,2
/media/ullmann/HDDGabriel/engines/UnrealEngine/Engine/Source/ThirdParty/PhysX3/PhysX_3.4/Source/GeomUtils/src/pcm/GuPCMShapeConvex.h,11,1,12
/media/ullmann/HDDGabriel/engines/UnrealEngine/Engine/Source/ThirdParty/FreeType2/FreeType2-2.10.0/src/psaux/psaux.c,0,16,16
/media/ullmann/HDDGabriel/engines/UnrealEngine/Engine/Source/ThirdParty/FreeType2/FreeType2-2.10.0/src/psaux/psintrp.c,1,9,10
/media/ullmann/HDDGabriel/engines/UnrealEngine/Engine/Source/Runtime/Online/XMPP/Public/XmppMessages.h,1,1,2
/media/ullmann/HDDGabriel/engines/UnrealEngine/Engine/Source/ThirdParty/libOpus/opus-1.1/silk/float/inner_product_FLP.c,0,1,1
/media/ullmann/HDDGabriel/engines/UnrealEngine/Engine/Source/Runtime/AudioMixer/Private/AudioMixerSubmix.cpp,0,1,1
/media/ullmann/HDDGabriel/engines/UnrealEngine/Engine/Source/Runtime/AudioMixer/Private/AudioMixerSourceVoice.h,5,2,7
/media/ullmann/HDDGabriel/engines/UnrealEngine/Engine/Source/ThirdParty/SDL2/SDL-gui-backend/src/libm/s_copysign.c,0,2,2
/media/ullmann/HDDGabriel/engines/UnrealEngine/Engine/Source/ThirdParty/FreeType2/FreeType2-2.4.12/src/pfr/pfrsbit.c,1,3,4
/media/ullmann/HDDGabriel/engines/UnrealEngine/Engine/Source/ThirdParty/CryptoPP/5.6.5/include/factory.h,4,3,7
/media/ullmann/HDDGabriel/engines/UnrealEngine/Engine/Source/ThirdParty/FreeType2/FreeType2-2.6/Src/otvalid/otvjstf.c,1,3,4
/media/ullmann/HDDGabriel/engines/UnrealEngine/Engine/Source/ThirdParty/FreeType2/FreeType2-2.6/Src/otvalid/otvcommn.h,8,1,9
/media/ullmann/HDDGabriel/engines/UnrealEngine/Engine/Source/Runtime/AudioCaptureImplementations/AudioCaptureRtAudio/Private/RtAudio.cpp,0,1,1
/media/ullmann/HDDGabriel/engines/UnrealEngine/Engine/Source/Runtime/AudioCaptureImplementations/AudioCaptureRtAudio/Private/RtAudio.h,2,0,2
/media/ullmann/HDDGabriel/engines/UnrealEngine/Engine/Source/Runtime/Core/Public/Misc/CommandLine.h,2,0,2
/media/ullmann/HDDGabriel/engines/UnrealEngine/Engine/Source/ThirdParty/ICU/icu4c-64_1/source/common/cstr.h,3,4,7
/media/ullmann/HDDGabriel/engines/UnrealEngine/Engine/Source/ThirdParty/Steamworks/Steamv151/sdk/public/steam/steam_api.h,2,26,28
/media/ullmann/HDDGabriel/engines/UnrealEngine/Engine/Source/ThirdParty/Steamworks/Steamv151/sdk/public/steam/isteamscreenshots.h,1,1,2
/media/ullmann/HDDGabriel/engines/UnrealEngine/Engine/Source/Editor/LandscapeEditor/Private/LandscapeEditorDetails.cpp,0,14,14
/media/ullmann/HDDGabriel/engines/UnrealEngine/Engine/Source/ThirdParty/Distorm/src/x86defs.h,5,0,5
/media/ullmann/HDDGabriel/engines/UnrealEngine/Engine/Source/ThirdParty/openexr/Deploy/openexr-3.1.1/include/OpenEXR/ImfBoxAttribute.h,1,3,4
/media/ullmann/HDDGabriel/engines/UnrealEngine/Engine/Source/ThirdParty/OpenVDB/openvdb-8.1.0/openvdb_ax/openvdb_ax/test/backend/TestComputeGeneratorFailures.cc,0,2,2
/media/ullmann/HDDGabriel/engines/UnrealEngine/Engine/Source/ThirdParty/Python3/Mac/include/classobject.h,1,0,1
/media/ullmann/HDDGabriel/engines/UnrealEngine/Engine/Source/ThirdParty/ICU/icu4c-53_1/source/test/perf/leperf/cfonts.cpp,0,2,2
/media/ullmann/HDDGabriel/engines/UnrealEngine/Engine/Source/ThirdParty/Python3/Win64/include/eval.h,1,0,1
/media/ullmann/HDDGabriel/engines/UnrealEngine/Engine/Source/ThirdParty/Intel/TBB/IntelTBB-2019u8/src/rml/perfor/omp_simple.cpp,0,1,1
/media/ullmann/HDDGabriel/engines/UnrealEngine/Engine/Source/ThirdParty/Intel/TBB/IntelTBB-2019u8/src/rml/perfor/thread_level.h,4,0,4
/media/ullmann/HDDGabriel/engines/UnrealEngine/Engine/Source/ThirdParty/Intel/TBB/IntelTBB-2019u8/examples/parallel_for/tachyon/src/trace_rest.cpp,0,14,14
/media/ullmann/HDDGabriel/engines/UnrealEngine/Engine/Source/ThirdParty/Intel/TBB/IntelTBB-2019u8/examples/parallel_for/tachyon/src/light.h,14,0,14
/media/ullmann/HDDGabriel/engines/UnrealEngine/Engine/Source/Runtime/CoreUObject/Public/UObject/Linker.h,1,0,1
/media/ullmann/HDDGabriel/engines/UnrealEngine/Engine/Source/ThirdParty/Intel/Embree/Embree270/src/kernels/xeon/bvh4/bvh4_intersector16_hybrid.h,1,3,4
/media/ullmann/HDDGabriel/engines/UnrealEngine/Engine/Source/ThirdParty/PhysX3/APEX_1.4/module/destructible/fracture/Delaunay2d.h,3,1,4
/media/ullmann/HDDGabriel/engines/UnrealEngine/Engine/Source/ThirdParty/PhysX3/APEX_1.4/module/destructible/fracture/RTdef.h,32,0,32
/media/ullmann/HDDGabriel/engines/UnrealEngine/Engine/Source/Editor/PropertyEditor/Private/SDetailCategoryTableRow.h,4,2,6
/media/ullmann/HDDGabriel/engines/UnrealEngine/Engine/Source/Editor/PropertyEditor/Private/DetailTreeNode.h,11,0,11
/media/ullmann/HDDGabriel/engines/UnrealEngine/Engine/Source/Runtime/PhysicsCore/Public/PhysicsInterfaceTypesCore.h,4,2,6
/media/ullmann/HDDGabriel/engines/UnrealEngine/Engine/Source/ThirdParty/ShaderConductor/ShaderConductor/External/DirectXShaderCompiler/lib/CodeGen/IfConversion.cpp,0,1,1
/media/ullmann/HDDGabriel/engines/UnrealEngine/Engine/Source/ThirdParty/ShaderConductor/ShaderConductor/External/DirectXShaderCompiler/lib/CodeGen/BranchFolding.h,2,0,2
/media/ullmann/HDDGabriel/engines/UnrealEngine/Engine/Source/ThirdParty/SDL2/SDL-gui-backend/src/power/linux/SDL_syspower.c,0,3,3
/media/ullmann/HDDGabriel/engines/UnrealEngine/Engine/Source/ThirdParty/SDL2/SDL-gui-backend/src/power/SDL_syspower.h,3,1,4
/media/ullmann/HDDGabriel/engines/UnrealEngine/Engine/Source/ThirdParty/openexr/Deploy/openexr-3.1.1/include/OpenEXR/ImfChannelList.h,4,3,7
/media/ullmann/HDDGabriel/engines/UnrealEngine/Engine/Source/ThirdParty/openexr/Deploy/openexr-3.1.1/include/OpenEXR/ImfPixelType.h,4,2,6
/media/ullmann/HDDGabriel/engines/UnrealEngine/Engine/Source/Editor/Sequencer/Private/SSequencerPlayRateCombo.cpp,0,3,3
/media/ullmann/HDDGabriel/engines/UnrealEngine/Engine/Source/Editor/DetailCustomizations/Private/SplineComponentDetails.cpp,0,1,1
/media/ullmann/HDDGabriel/engines/UnrealEngine/Engine/Source/Editor/DetailCustomizations/Private/SplineComponentDetails.h,2,0,2
/media/ullmann/HDDGabriel/engines/UnrealEngine/Engine/Source/ThirdParty/ICU/icu4c-64_1/source/common/ustrenum.cpp,0,9,9
/media/ullmann/HDDGabriel/engines/UnrealEngine/Engine/Source/ThirdParty/ICU/icu4c-64_1/source/i18n/unicode/gregocal.h,16,0,16
/media/ullmann/HDDGabriel/engines/UnrealEngine/Engine/Source/Runtime/Renderer/Private/Lumen/LumenRadiosity.cpp,0,4,4
/media/ullmann/HDDGabriel/engines/UnrealEngine/Engine/Source/ThirdParty/Python3/Win64/include/objimpl.h,1,2,3
/media/ullmann/HDDGabriel/engines/UnrealEngine/Engine/Source/ThirdParty/Python3/Win64/include/cpython/objimpl.h,1,0,1
/media/ullmann/HDDGabriel/engines/UnrealEngine/Engine/Source/ThirdParty/mtlpp/mtlpp-master-7efad47/src/compute_pipeline.hpp,1,6,7
/media/ullmann/HDDGabriel/engines/UnrealEngine/Engine/Source/ThirdParty/mtlpp/mtlpp-master-7efad47/src/argument.hpp,5,2,7
/media/ullmann/HDDGabriel/engines/UnrealEngine/Engine/Source/ThirdParty/Boost/boost-1_70_0/include/boost/polygon/rectangle_data.hpp,3,2,5
/media/ullmann/HDDGabriel/engines/UnrealEngine/Engine/Source/ThirdParty/Intel/ISPC/ispc-1.17.0/src/target_registry.cpp,0,2,2
/media/ullmann/HDDGabriel/engines/UnrealEngine/Engine/Source/ThirdParty/Intel/ISPC/ispc-1.17.0/src/target_registry.h,4,1,5
/media/ullmann/HDDGabriel/engines/UnrealEngine/Engine/Source/Runtime/Datasmith/DatasmithCore/Public/IDatasmithSceneElements.h,5,2,7
/media/ullmann/HDDGabriel/engines/UnrealEngine/Engine/Source/Editor/WorldBrowser/Private/LevelModel.cpp,0,2,2
/media/ullmann/HDDGabriel/engines/UnrealEngine/Engine/Source/Editor/WorldBrowser/Private/LevelModel.h,6,0,6
/media/ullmann/HDDGabriel/engines/UnrealEngine/Engine/Source/ThirdParty/ShaderConductor/ShaderConductor/External/DirectXShaderCompiler/lib/ExecutionEngine/RuntimeDyld/RuntimeDyld.cpp,0,5,5
/media/ullmann/HDDGabriel/engines/UnrealEngine/Engine/Source/ThirdParty/ShaderConductor/ShaderConductor/External/DirectXShaderCompiler/lib/ExecutionEngine/RuntimeDyld/RuntimeDyldELF.h,2,1,3
/media/ullmann/HDDGabriel/engines/UnrealEngine/Engine/Source/ThirdParty/OpenSubdiv/Deploy/OpenSubdiv-3.4.4/include/opensubdiv/far/primvarRefiner.h,0,16,16
/media/ullmann/HDDGabriel/engines/UnrealEngine/Engine/Source/ThirdParty/OpenSubdiv/Deploy/OpenSubdiv-3.4.4/include/opensubdiv/far/topologyLevel.h,2,4,6
/media/ullmann/HDDGabriel/engines/UnrealEngine/Engine/Source/ThirdParty/ShaderConductor/ShaderConductor/External/DirectXShaderCompiler/tools/clang/tools/libclang/CursorVisitor.h,2,3,5
/media/ullmann/HDDGabriel/engines/UnrealEngine/Engine/Source/ThirdParty/FreeType2/FreeType2-2.6/Src/autofit/afmodule.c,1,5,6
/media/ullmann/HDDGabriel/engines/UnrealEngine/Engine/Source/ThirdParty/ICU/icu4c-64_1/source/i18n/numparse_scientific.cpp,0,2,2
/media/ullmann/HDDGabriel/engines/UnrealEngine/Engine/Source/ThirdParty/MCPP/mcpp-2.7.2/test-l/nest9.h,1,1,2
/media/ullmann/HDDGabriel/engines/UnrealEngine/Engine/Source/ThirdParty/MCPP/mcpp-2.7.2/test-l/nest10.h,1,1,2
/media/ullmann/HDDGabriel/engines/UnrealEngine/Engine/Source/ThirdParty/FreeImage/FreeImage-3.18.0/Source/OpenEXR/IlmImf/ImfAcesFile.cpp,0,4,4
/media/ullmann/HDDGabriel/engines/UnrealEngine/Engine/Source/ThirdParty/FreeImage/FreeImage-3.18.0/Source/OpenEXR/IlmImf/ImfAcesFile.h,1,6,7
/media/ullmann/HDDGabriel/engines/UnrealEngine/Engine/Source/Editor/DetailCustomizations/Private/ActorDetails.h,2,0,2
/media/ullmann/HDDGabriel/engines/UnrealEngine/Engine/Source/Editor/UnrealEd/Private/HierarchicalLOD.cpp,0,1,1
/media/ullmann/HDDGabriel/engines/UnrealEngine/Engine/Source/Editor/UnrealEd/Classes/Editor/EditorEngine.h,1,0,1
/media/ullmann/HDDGabriel/engines/UnrealEngine/Engine/Source/ThirdParty/Android/libunwind/libunwind/src/hppa/Gstep.c,1,2,3
/media/ullmann/HDDGabriel/engines/UnrealEngine/Engine/Source/ThirdParty/Android/libunwind/libunwind/src/hppa/offsets.h,1,0,1
/media/ullmann/HDDGabriel/engines/UnrealEngine/Engine/Source/Runtime/Online/HTTP/Public/Http.h,0,3,3
/media/ullmann/HDDGabriel/engines/UnrealEngine/Engine/Source/Runtime/Online/HTTP/Public/Interfaces/IHttpResponse.h,1,0,1
/media/ullmann/HDDGabriel/engines/UnrealEngine/Engine/Source/ThirdParty/WebRTC/4147/Include/third_party/opus/src/celt/modes.h,7,5,12
/media/ullmann/HDDGabriel/engines/UnrealEngine/Engine/Source/ThirdParty/WebRTC/4147/Include/third_party/opus/src/celt/celt.h,1,3,4
/media/ullmann/HDDGabriel/engines/UnrealEngine/Engine/Source/ThirdParty/FreeType2/FreeType2-2.10.4/src/truetype/ttinterp.c,1,4,5
/media/ullmann/HDDGabriel/engines/UnrealEngine/Engine/Source/ThirdParty/Intel/Embree/Embree270/src/kernels/xeon/geometry/bezier1i.h,5,2,7
/media/ullmann/HDDGabriel/engines/UnrealEngine/Engine/Source/ThirdParty/ICU/icu4c-64_1/source/i18n/collationroot.cpp,0,8,8
/media/ullmann/HDDGabriel/engines/UnrealEngine/Engine/Source/ThirdParty/ICU/icu4c-64_1/source/i18n/number_asformat.cpp,0,5,5
/media/ullmann/HDDGabriel/engines/UnrealEngine/Engine/Source/ThirdParty/ICU/icu4c-53_1/source/test/intltest/testutil.h,4,1,5
/media/ullmann/HDDGabriel/engines/UnrealEngine/Engine/Source/ThirdParty/ICU/icu4c-64_1/source/common/rbbirb.h,11,8,19
/media/ullmann/HDDGabriel/engines/UnrealEngine/Engine/Source/Programs/Enterprise/Datasmith/DatasmithARCHICADExporter/Private/AddOn.cpp,0,14,14
/media/ullmann/HDDGabriel/engines/UnrealEngine/Engine/Source/Programs/Enterprise/Datasmith/DatasmithARCHICADExporter/Private/Palette.h,4,2,6
/media/ullmann/HDDGabriel/engines/UnrealEngine/Engine/Source/Developer/StandaloneRenderer/Private/Windows/D3D/SlateD3DShaders.h,1,1,2
/media/ullmann/HDDGabriel/engines/UnrealEngine/Engine/Source/Developer/StandaloneRenderer/Private/Windows/D3D/SlateD3DConstantBuffer.h,1,0,1
/media/ullmann/HDDGabriel/engines/UnrealEngine/Engine/Source/ThirdParty/rpclib/Source/include/rpc/msgpack/object.h,2,1,3
/media/ullmann/HDDGabriel/engines/UnrealEngine/Engine/Source/ThirdParty/rpclib/Source/include/rpc/msgpack/zone.h,3,1,4
/media/ullmann/HDDGabriel/engines/UnrealEngine/Engine/Source/ThirdParty/PhysX3/Externals/nvToolsExt/1/include/nvToolsExtCuda.h,0,1,1
/media/ullmann/HDDGabriel/engines/UnrealEngine/Engine/Source/ThirdParty/PhysX3/Externals/nvToolsExt/1/include/nvToolsExt.h,2,0,2
/media/ullmann/HDDGabriel/engines/UnrealEngine/Engine/Source/ThirdParty/libOpus/opus-1.0.3/silk/stereo_decode_pred.c,0,1,1
/media/ullmann/HDDGabriel/engines/UnrealEngine/Engine/Source/Editor/Blutility/Private/BlutilityMenuExtensions.cpp,0,1,1
/media/ullmann/HDDGabriel/engines/UnrealEngine/Engine/Source/Editor/Blutility/Private/BlutilityMenuExtensions.h,3,0,3
/media/ullmann/HDDGabriel/engines/UnrealEngine/Engine/Source/ThirdParty/Alembic/alembic-1.8.2/maya/AbcExport/MayaUtility.cpp,0,1,1
/media/ullmann/HDDGabriel/engines/UnrealEngine/Engine/Source/ThirdParty/Alembic/alembic-1.8.2/maya/AbcExport/MayaUtility.h,12,1,13
/media/ullmann/HDDGabriel/engines/UnrealEngine/Engine/Source/ThirdParty/FreeType2/FreeType2-2.6/Src/truetype/ttdriver.c,1,6,7
/media/ullmann/HDDGabriel/engines/UnrealEngine/Engine/Source/ThirdParty/CryptoPP/5.6.2/include/aes.h,5,1,6
/media/ullmann/HDDGabriel/engines/UnrealEngine/Engine/Source/ThirdParty/PhysX3/PhysX_3.4/Include/vehicle/PxVehicleShaders.h,1,0,1
/media/ullmann/HDDGabriel/engines/UnrealEngine/Engine/Source/ThirdParty/ICU/icu4c-64_1/source/i18n/tzfmt.cpp,0,8,8
/media/ullmann/HDDGabriel/engines/UnrealEngine/Engine/Source/ThirdParty/PhysX3/PhysX_3.4/Include/PxAggregate.h,1,2,3
/media/ullmann/HDDGabriel/engines/UnrealEngine/Engine/Source/ThirdParty/PhysX3/APEX_1.4/module/emitter/include/EmitterGeomSphereImpl.h,0,1,1
/media/ullmann/HDDGabriel/engines/UnrealEngine/Engine/Source/ThirdParty/PhysX3/APEX_1.4/module/emitter/include/EmitterGeomBase.h,6,0,6
/media/ullmann/HDDGabriel/engines/UnrealEngine/Engine/Source/ThirdParty/Intel/Embree/Embree2140/src/common/sys/ref.h,4,1,5
/media/ullmann/HDDGabriel/engines/UnrealEngine/Engine/Source/ThirdParty/ICU/icu4c-64_1/source/io/sscanf.cpp,0,4,4
/media/ullmann/HDDGabriel/engines/UnrealEngine/Engine/Source/ThirdParty/ICU/icu4c-64_1/source/io/ufile.h,6,1,7
/media/ullmann/HDDGabriel/engines/UnrealEngine/Engine/Source/ThirdParty/ICU/icu4c-64_1/source/common/ustrfmt.h,9,1,10
/media/ullmann/HDDGabriel/engines/UnrealEngine/Engine/Source/ThirdParty/Perforce/p4api-2021.2/Include/Mac/p4/clientapi.h,1,11,12
/media/ullmann/HDDGabriel/engines/UnrealEngine/Engine/Source/ThirdParty/Perforce/p4api-2021.2/Include/Mac/p4/keepalive.h,1,0,1
/media/ullmann/HDDGabriel/engines/UnrealEngine/Engine/Source/ThirdParty/PhysX3/APEX_1.4/module/clothing/embedded/Cooking.cpp,0,2,2
/media/ullmann/HDDGabriel/engines/UnrealEngine/Engine/Source/ThirdParty/PhysX3/APEX_1.4/module/clothing/embedded/ExtClothFabricCooker.h,3,2,5
/media/ullmann/HDDGabriel/engines/UnrealEngine/Engine/Source/ThirdParty/PLCrashReporter/PLCrashReporter/Source/PLCrashAsyncDwarfCFAState.cpp,0,3,3
/media/ullmann/HDDGabriel/engines/UnrealEngine/Engine/Source/ThirdParty/ShaderConductor/ShaderConductor/External/DirectXShaderCompiler/tools/llvm-pdbdump/VariableDumper.cpp,0,5,5
/media/ullmann/HDDGabriel/engines/UnrealEngine/Engine/Source/ThirdParty/ShaderConductor/ShaderConductor/External/DirectXShaderCompiler/tools/llvm-pdbdump/VariableDumper.h,3,0,3
/media/ullmann/HDDGabriel/engines/UnrealEngine/Engine/Source/ThirdParty/ICU/icu4c-53_1/source/i18n/collationroot.cpp,0,8,8
/media/ullmann/HDDGabriel/engines/UnrealEngine/Engine/Source/ThirdParty/ICU/icu4c-53_1/source/common/uresimp.h,15,2,17
/media/ullmann/HDDGabriel/engines/UnrealEngine/Engine/Source/ThirdParty/Intel/Embree/Embree270/src/kernels/xeonphi/bvh4mb/bvh4mb.h,9,1,10
/media/ullmann/HDDGabriel/engines/UnrealEngine/Engine/Source/ThirdParty/OpenVDB/Deploy/openvdb-8.1.0/include/openvdb/TypeList.h,1,1,2
/media/ullmann/HDDGabriel/engines/UnrealEngine/Engine/Source/ThirdParty/SDL2/SDL-gui-backend/src/video/vita/SDL_vitagl_pvr.c,0,4,4
/media/ullmann/HDDGabriel/engines/UnrealEngine/Engine/Source/ThirdParty/Python3/Linux/include/python3.9/eval.h,1,0,1
/media/ullmann/HDDGabriel/engines/UnrealEngine/Engine/Source/ThirdParty/PhysX3/PhysX_3.4/Source/PhysX/src/buffering/ScbMetaData.cpp,0,9,9
/media/ullmann/HDDGabriel/engines/UnrealEngine/Engine/Source/ThirdParty/PhysX3/PhysX_3.4/Source/PhysX/src/buffering/ScbConstraint.h,2,2,4
/media/ullmann/HDDGabriel/engines/UnrealEngine/Engine/Source/ThirdParty/nvTriStrip/nvTriStrip-1.0.0/Src/NvTriStripObjects.cpp,0,2,2
/media/ullmann/HDDGabriel/engines/UnrealEngine/Engine/Source/ThirdParty/nvTriStrip/nvTriStrip-1.0.0/Src/VertexCache.h,2,0,2
/media/ullmann/HDDGabriel/engines/UnrealEngine/Engine/Source/ThirdParty/Intel/TBB/IntelTBB-2019u8/examples/parallel_for/tachyon/src/ring.cpp,0,7,7
/media/ullmann/HDDGabriel/engines/UnrealEngine/Engine/Source/ThirdParty/Intel/TBB/IntelTBB-2019u8/examples/parallel_for/tachyon/src/intersect.h,18,0,18
/media/ullmann/HDDGabriel/engines/UnrealEngine/Engine/Source/Editor/StatsViewer/Private/StatsViewerModule.cpp,0,9,9
/media/ullmann/HDDGabriel/engines/UnrealEngine/Engine/Source/Editor/StatsViewer/Private/SStatsViewer.h,2,0,2
/media/ullmann/HDDGabriel/engines/UnrealEngine/Engine/Source/ThirdParty/FreeType2/FreeType2-2.4.12/src/raster/rastpic.c,1,2,3
/media/ullmann/HDDGabriel/engines/UnrealEngine/Engine/Source/ThirdParty/FreeType2/FreeType2-2.4.12/src/raster/rasterrs.h,3,0,3
/media/ullmann/HDDGabriel/engines/UnrealEngine/Engine/Source/ThirdParty/FBX/2020.2/include/fbxsdk/core/fbxperipheral.h,1,0,1
/media/ullmann/HDDGabriel/engines/UnrealEngine/Engine/Source/ThirdParty/PhysX3/PhysX_3.4/Source/LowLevelCloth/src/SwCloth.h,7,4,11
/media/ullmann/HDDGabriel/engines/UnrealEngine/Engine/Source/ThirdParty/PhysX3/PhysX_3.4/Source/LowLevelCloth/src/Vec4T.h,2,0,2
/media/ullmann/HDDGabriel/engines/UnrealEngine/Engine/Source/ThirdParty/Intel/Embree/Embree2140/src/common/sys/vector.h,0,2,2
/media/ullmann/HDDGabriel/engines/UnrealEngine/Engine/Source/ThirdParty/Intel/Embree/Embree2140/src/common/sys/vector_t.h,1,0,1
/media/ullmann/HDDGabriel/engines/UnrealEngine/Engine/Source/Editor/Sequencer/Public/SequencerAddKeyOperation.h,0,1,1
/media/ullmann/HDDGabriel/engines/UnrealEngine/Engine/Source/Editor/Sequencer/Public/SequencerKeyParams.h,2,0,2
/media/ullmann/HDDGabriel/engines/UnrealEngine/Engine/Source/ThirdParty/Alembic/alembic-1.8.2/maya/AbcImport/NurbsSurfaceHelper.cpp,0,3,3
/media/ullmann/HDDGabriel/engines/UnrealEngine/Engine/Source/ThirdParty/SDL2/SDL-gui-backend/src/core/linux/SDL_evdev_kbd.h,3,0,3
/media/ullmann/HDDGabriel/engines/UnrealEngine/Engine/Source/ThirdParty/SDL2/SDL-gui-backend/include/SDL_endian.h,3,3,6
/media/ullmann/HDDGabriel/engines/UnrealEngine/Engine/Source/ThirdParty/FreeImage/FreeImage-3.18.0/Source/OpenEXR/IlmImf/ImfTestFile.cpp,0,5,5
/media/ullmann/HDDGabriel/engines/UnrealEngine/Engine/Source/ThirdParty/FreeImage/FreeImage-3.18.0/Source/OpenEXR/IlmImf/ImfStdIO.h,15,3,18
/media/ullmann/HDDGabriel/engines/UnrealEngine/Engine/Source/ThirdParty/ICU/icu4c-53_1/source/i18n/nfrs.cpp,0,3,3
/media/ullmann/HDDGabriel/engines/UnrealEngine/Engine/Source/ThirdParty/ICU/icu4c-53_1/source/i18n/nfrlist.h,3,2,5
/media/ullmann/HDDGabriel/engines/UnrealEngine/Engine/Source/ThirdParty/hlslcc/hlslcc/src/hlslcc_lib/glsl_parser_extras.cpp,0,10,10
/media/ullmann/HDDGabriel/engines/UnrealEngine/Engine/Source/ThirdParty/hlslcc/hlslcc/src/hlslcc_lib/LanguageSpec.h,8,0,8
/media/ullmann/HDDGabriel/engines/UnrealEngine/Engine/Source/ThirdParty/Android/libunwind/libunwind/src/coredump/_UPT_get_dyn_info_list_addr.c,0,2,2
/media/ullmann/HDDGabriel/engines/UnrealEngine/Engine/Source/ThirdParty/Android/libunwind/libunwind/src/coredump/_UCD_lib.h,11,0,11
/media/ullmann/HDDGabriel/engines/UnrealEngine/Engine/Source/ThirdParty/ICU/icu4c-53_1/source/test/cintltst/cbiapts.c,0,2,2
/media/ullmann/HDDGabriel/engines/UnrealEngine/Engine/Source/ThirdParty/ICU/icu4c-53_1/source/test/cintltst/cbiapts.h,1,1,2
/media/ullmann/HDDGabriel/engines/UnrealEngine/Engine/Source/Editor/BlueprintGraph/Classes/K2Node_GetNumEnumEntries.h,0,2,2
/media/ullmann/HDDGabriel/engines/UnrealEngine/Engine/Source/ThirdParty/ICU/icu4c-64_1/source/i18n/transreg.h,3,1,4
/media/ullmann/HDDGabriel/engines/UnrealEngine/Engine/Source/ThirdParty/SDL2/SDL-gui-backend/include/SDL_config_macosx.h,1,1,2
/media/ullmann/HDDGabriel/engines/UnrealEngine/Engine/Source/ThirdParty/libOpus/opus-1.1/celt/mdct.h,5,2,7
/media/ullmann/HDDGabriel/engines/UnrealEngine/Engine/Source/ThirdParty/SDL2/SDL-gui-backend/src/video/directfb/SDL_DirectFB_mouse.c,0,7,7
/media/ullmann/HDDGabriel/engines/UnrealEngine/Engine/Source/ThirdParty/Intel/Embree/Embree270/src/kernels/xeonphi/bvh4i/bvh4i_statistics.cpp,0,2,2
/media/ullmann/HDDGabriel/engines/UnrealEngine/Engine/Source/ThirdParty/Intel/Embree/Embree270/src/kernels/xeonphi/bvh4i/bvh4i_statistics.h,3,1,4
/media/ullmann/HDDGabriel/engines/UnrealEngine/Engine/Source/Runtime/AIModule/Classes/Navigation/NavLocalGridManager.h,0,1,1
/media/ullmann/HDDGabriel/engines/UnrealEngine/Engine/Source/Runtime/AIModule/Classes/Navigation/NavLocalGridData.h,1,0,1
/media/ullmann/HDDGabriel/engines/UnrealEngine/Engine/Source/Runtime/CoreUObject/Public/Misc/RedirectCollector.h,1,0,1
/media/ullmann/HDDGabriel/engines/UnrealEngine/Engine/Source/ThirdParty/Crunch/include/crnlib.h,2,0,2
/media/ullmann/HDDGabriel/engines/UnrealEngine/Engine/Source/ThirdParty/ShaderConductor/ShaderConductor/External/DirectXShaderCompiler/tools/clang/tools/dxcompiler/dxcapi.cpp,0,1,1
/media/ullmann/HDDGabriel/engines/UnrealEngine/Engine/Source/ThirdParty/ShaderConductor/ShaderConductor/External/DirectXShaderCompiler/tools/clang/tools/dxcompiler/dxillib.h,7,0,7
/media/ullmann/HDDGabriel/engines/UnrealEngine/Engine/Source/Runtime/AIModule/Private/AIModule.cpp,0,7,7
/media/ullmann/HDDGabriel/engines/UnrealEngine/Engine/Source/Runtime/AIModule/Private/GameplayDebugger/GameplayDebuggerCategory_Perception.h,1,0,1
/media/ullmann/HDDGabriel/engines/UnrealEngine/Engine/Source/Runtime/Core/Public/CoreTypes.h,5,4,9
/media/ullmann/HDDGabriel/engines/UnrealEngine/Engine/Source/ThirdParty/OpenSubdiv/OpenSubdiv-3.4.4/regression/shapes/catmark_dart_edgeonly.h,2,0,2
/media/ullmann/HDDGabriel/engines/UnrealEngine/Engine/Source/Runtime/Renderer/Private/Lumen/LumenTranslucencyVolumeLighting.cpp,0,4,4
/media/ullmann/HDDGabriel/engines/UnrealEngine/Engine/Source/Runtime/Renderer/Private/Lumen/LumenTranslucencyVolumeLighting.h,7,1,8
/media/ullmann/HDDGabriel/engines/UnrealEngine/Engine/Source/Runtime/Renderer/Private/SkyAtmosphereRendering.h,9,1,10
/media/ullmann/HDDGabriel/engines/UnrealEngine/Engine/Source/ThirdParty/ICU/icu4c-53_1/source/i18n/collationbuilder.cpp,0,15,15
/media/ullmann/HDDGabriel/engines/UnrealEngine/Engine/Source/ThirdParty/ICU/icu4c-53_1/source/i18n/collationweights.h,2,0,2
/media/ullmann/HDDGabriel/engines/UnrealEngine/Engine/Source/ThirdParty/FreeImage/FreeImage-3.18.0/Source/OpenEXR/IlmImf/ImfTiledInputFile.h,6,8,14
/media/ullmann/HDDGabriel/engines/UnrealEngine/Engine/Source/ThirdParty/Imath/Imath-3.1.3/src/python/PyImath/PyImathQuatOperators.h,1,0,1
/media/ullmann/HDDGabriel/engines/UnrealEngine/Engine/Source/ThirdParty/Intel/Embree/Embree270/src/kernels/algorithms/parallel_for_for.cpp,0,1,1
/media/ullmann/HDDGabriel/engines/UnrealEngine/Engine/Source/ThirdParty/Intel/Embree/Embree270/src/kernels/algorithms/parallel_for_for.h,5,1,6
/media/ullmann/HDDGabriel/engines/UnrealEngine/Engine/Source/ThirdParty/PhysX3/PhysX_3.4/Source/GeomUtils/src/GuSweepSharedTests.cpp,0,3,3
/media/ullmann/HDDGabriel/engines/UnrealEngine/Engine/Source/ThirdParty/Intel/TBB/IntelTBB-2019u8/src/test/test_malloc_regression.cpp,0,2,2
/media/ullmann/HDDGabriel/engines/UnrealEngine/Engine/Source/ThirdParty/Python3/Linux/include/python3.9/fileobject.h,1,1,2
/media/ullmann/HDDGabriel/engines/UnrealEngine/Engine/Source/ThirdParty/Python3/Linux/include/python3.9/cpython/fileobject.h,1,0,1
/media/ullmann/HDDGabriel/engines/UnrealEngine/Engine/Source/ThirdParty/ICU/icu4c-64_1/source/test/intltest/currcoll.cpp,0,2,2
/media/ullmann/HDDGabriel/engines/UnrealEngine/Engine/Source/ThirdParty/hlslcc/hlslcc/src/hlslcc_lib/opt_copy_propagation_elements.cpp,0,7,7
/media/ullmann/HDDGabriel/engines/UnrealEngine/Engine/Source/ThirdParty/ICU/icu4c-64_1/source/common/rbbirb.cpp,0,19,19
/media/ullmann/HDDGabriel/engines/UnrealEngine/Engine/Source/ThirdParty/SDL2/SDL-gui-backend/include/SDL_system.h,1,6,7
/media/ullmann/HDDGabriel/engines/UnrealEngine/Engine/Source/ThirdParty/libstrophe/libstrophe-0.9.3/src/parser_libxml2.c,0,2,2
/media/ullmann/HDDGabriel/engines/UnrealEngine/Engine/Source/Editor/Persona/Private/SAnimViewportToolBar.cpp,0,8,8
/media/ullmann/HDDGabriel/engines/UnrealEngine/Engine/Source/Editor/Persona/Private/SAnimViewportToolBar.h,2,2,4
/media/ullmann/HDDGabriel/engines/UnrealEngine/Engine/Source/ThirdParty/SDL2/SDL-gui-backend/src/video/wayland/SDL_waylandmouse.c,0,7,7
/media/ullmann/HDDGabriel/engines/UnrealEngine/Engine/Source/ThirdParty/OpenVDB/Deploy/openvdb-8.1.0/include/openvdb/tools/LevelSetAdvect.h,0,2,2
/media/ullmann/HDDGabriel/engines/UnrealEngine/Engine/Source/ThirdParty/OpenVDB/Deploy/openvdb-8.1.0/include/openvdb/tools/LevelSetTracker.h,3,2,5
/media/ullmann/HDDGabriel/engines/UnrealEngine/Engine/Source/Runtime/Renderer/Private/VelocityRendering.cpp,0,10,10
/media/ullmann/HDDGabriel/engines/UnrealEngine/Engine/Source/Runtime/Core/Public/Containers/BitArray.h,3,0,3
/media/ullmann/HDDGabriel/engines/UnrealEngine/Engine/Source/Runtime/CoreUObject/Private/CoreUObjectPrivatePCH.h,0,6,6
/media/ullmann/HDDGabriel/engines/UnrealEngine/Engine/Source/Runtime/CoreUObject/Private/UObject/LinkerPlaceholderBase.h,1,0,1
/media/ullmann/HDDGabriel/engines/UnrealEngine/Engine/Source/ThirdParty/SDL2/SDL-gui-backend/src/video/directfb/SDL_DirectFB_vulkan.c,0,3,3
/media/ullmann/HDDGabriel/engines/UnrealEngine/Engine/Source/ThirdParty/SDL2/SDL-gui-backend/src/video/wayland/SDL_waylanddyn.h,3,2,5
/media/ullmann/HDDGabriel/engines/UnrealEngine/Engine/Source/ThirdParty/ICU/icu4c-53_1/source/io/sscanf.c,0,4,4
/media/ullmann/HDDGabriel/engines/UnrealEngine/Engine/Source/ThirdParty/ICU/icu4c-53_1/source/io/ufile.h,6,1,7
/media/ullmann/HDDGabriel/engines/UnrealEngine/Engine/Source/ThirdParty/Oculus/LibOVRPlatform/LibOVRPlatform/include/OVR_CalApplicationSuggestionArray.h,2,2,4
/media/ullmann/HDDGabriel/engines/UnrealEngine/Engine/Source/Editor/DetailCustomizations/Private/AnimMontageSegmentDetails.cpp,0,1,1
/media/ullmann/HDDGabriel/engines/UnrealEngine/Engine/Source/Editor/DetailCustomizations/Private/AnimMontageSegmentDetails.h,3,1,4
/media/ullmann/HDDGabriel/engines/UnrealEngine/Engine/Source/ThirdParty/ICU/icu4c-64_1/source/test/cintltst/cdtdptst.c,0,3,3
/media/ullmann/HDDGabriel/engines/UnrealEngine/Engine/Source/ThirdParty/ShaderConductor/ShaderConductor/External/DirectXShaderCompiler/tools/clang/lib/CodeGen/CGExprAgg.cpp,0,4,4
/media/ullmann/HDDGabriel/engines/UnrealEngine/Engine/Source/Runtime/RenderCore/Public/RenderGraphEvent.h,2,4,6
/media/ullmann/HDDGabriel/engines/UnrealEngine/Engine/Source/Runtime/RenderCore/Public/RenderGraphEvent.inl,1,0,1
/media/ullmann/HDDGabriel/engines/UnrealEngine/Engine/Source/ThirdParty/SDL2/SDL-gui-backend/src/core/linux/SDL_fcitx.c,0,5,5
/media/ullmann/HDDGabriel/engines/UnrealEngine/Engine/Source/ThirdParty/Intel/TBB/IntelTBB-2019u8/examples/parallel_for/tachyon/src/camera.cpp,0,6,6
/media/ullmann/HDDGabriel/engines/UnrealEngine/Engine/Source/Editor/DataLayerEditor/Private/DataLayerEditorModule.cpp,0,3,3
/media/ullmann/HDDGabriel/engines/UnrealEngine/Engine/Source/Editor/DataLayerEditor/Private/DataLayer/DataLayerNameEditSink.h,1,1,2
/media/ullmann/HDDGabriel/engines/UnrealEngine/Engine/Source/Editor/BlueprintGraph/Classes/K2Node_CreateDelegate.h,0,1,1
/media/ullmann/HDDGabriel/engines/UnrealEngine/Engine/Source/ThirdParty/Intel/TBB/IntelTBB-2019u8/include/tbb/internal/_flow_graph_join_impl.h,1,1,2
/media/ullmann/HDDGabriel/engines/UnrealEngine/Engine/Source/ThirdParty/Oculus/LibOVRPlatform/LibOVRPlatform/include/OVR_PingResult.h,2,2,4
/media/ullmann/HDDGabriel/engines/UnrealEngine/Engine/Source/ThirdParty/libcurl/curl-7.55.1/include/Android/x86/curl/curl.h,2,5,7
/media/ullmann/HDDGabriel/engines/UnrealEngine/Engine/Source/ThirdParty/libcurl/curl-7.55.1/include/Android/x86/curl/curlver.h,1,0,1
/media/ullmann/HDDGabriel/engines/UnrealEngine/Engine/Source/ThirdParty/PhysX3/PhysX_3.4/Source/PhysXExtensions/src/serialization/Xml/SnXmlSerialization.cpp,0,10,10
/media/ullmann/HDDGabriel/engines/UnrealEngine/Engine/Source/ThirdParty/PhysX3/PhysX_3.4/Source/PhysXExtensions/src/serialization/Xml/SnRepXUpgrader.h,2,0,2
/media/ullmann/HDDGabriel/engines/UnrealEngine/Engine/Source/ThirdParty/ICU/icu4c-64_1/source/common/udata.cpp,0,16,16
/media/ullmann/HDDGabriel/engines/UnrealEngine/Engine/Source/ThirdParty/ICU/icu4c-64_1/source/i18n/collationfastlatinbuilder.h,2,3,5
/media/ullmann/HDDGabriel/engines/UnrealEngine/Engine/Source/ThirdParty/FreeType2/FreeType2-2.10.4/src/psaux/psft.h,13,2,15
/media/ullmann/HDDGabriel/engines/UnrealEngine/Engine/Source/ThirdParty/PhysX3/APEX_1.4/include/destructible/FractureToolsStructs.h,1,1,2
/media/ullmann/HDDGabriel/engines/UnrealEngine/Engine/Source/ThirdParty/PhysX3/APEX_1.4/include/destructible/ExplicitHierarchicalMesh.h,2,0,2
/media/ullmann/HDDGabriel/engines/UnrealEngine/Engine/Source/ThirdParty/OpenSubdiv/Deploy/OpenSubdiv-3.4.4/include/opensubdiv/far/patchTable.h,5,5,10
/media/ullmann/HDDGabriel/engines/UnrealEngine/Engine/Source/ThirdParty/OpenSubdiv/Deploy/OpenSubdiv-3.4.4/include/opensubdiv/far/patchParam.h,1,2,3
/media/ullmann/HDDGabriel/engines/UnrealEngine/Engine/Source/ThirdParty/FreeType2/FreeType2-2.6/Src/psaux/psobjs.c,1,3,4
/media/ullmann/HDDGabriel/engines/UnrealEngine/Engine/Source/ThirdParty/FreeType2/FreeType2-2.6/Src/psaux/psconv.h,3,0,3
/media/ullmann/HDDGabriel/engines/UnrealEngine/Engine/Source/ThirdParty/ICU/icu4c-53_1/source/common/umapfile.c,0,8,8
/media/ullmann/HDDGabriel/engines/UnrealEngine/Engine/Source/ThirdParty/FreeType2/FreeType2-2.10.0/src/psaux/psft.c,1,5,6
/media/ullmann/HDDGabriel/engines/UnrealEngine/Engine/Source/ThirdParty/FreeType2/FreeType2-2.10.0/src/psaux/psfont.h,6,2,8
/media/ullmann/HDDGabriel/engines/UnrealEngine/Engine/Source/ThirdParty/PhysX3/PhysX_3.4/Source/LowLevelDynamics/src/DyConstraintSetup.cpp,0,4,4
/media/ullmann/HDDGabriel/engines/UnrealEngine/Engine/Source/ThirdParty/PhysX3/PhysX_3.4/Source/LowLevelDynamics/src/DyArticulationContactPrep.h,12,1,13
/media/ullmann/HDDGabriel/engines/UnrealEngine/Engine/Source/Editor/Persona/Private/AnimInstanceDetails.cpp,0,1,1
/media/ullmann/HDDGabriel/engines/UnrealEngine/Engine/Source/Editor/Persona/Private/AnimInstanceDetails.h,2,0,2
/media/ullmann/HDDGabriel/engines/UnrealEngine/Engine/Source/ThirdParty/Steamworks/Steamv151/sdk/public/steam/isteamcontroller.h,1,2,3
/media/ullmann/HDDGabriel/engines/UnrealEngine/Engine/Source/ThirdParty/FreeType2/FreeType2-2.4.12/src/type1/t1gload.h,3,1,4
/media/ullmann/HDDGabriel/engines/UnrealEngine/Engine/Source/ThirdParty/FreeType2/FreeType2-2.4.12/src/type1/t1objs.h,2,0,2
/media/ullmann/HDDGabriel/engines/UnrealEngine/Engine/Source/ThirdParty/PhysX3/APEX_1.4/common/include/ApexSharedUtils.h,0,1,1
/media/ullmann/HDDGabriel/engines/UnrealEngine/Engine/Source/ThirdParty/PhysX3/APEX_1.4/common/include/Cof44.h,1,0,1
/media/ullmann/HDDGabriel/engines/UnrealEngine/Engine/Source/ThirdParty/ICU/icu4c-53_1/source/layout/LigatureSubstProc2.cpp,0,9,9
/media/ullmann/HDDGabriel/engines/UnrealEngine/Engine/Source/Editor/PhysicsAssetEditor/Private/PhysicsAssetGraph/SConstraintNode.cpp,0,2,2
/media/ullmann/HDDGabriel/engines/UnrealEngine/Engine/Source/Editor/PhysicsAssetEditor/Private/PhysicsAssetGraph/SConstraintNode.h,3,1,4
/media/ullmann/HDDGabriel/engines/UnrealEngine/Engine/Source/ThirdParty/openexr/openexr-3.1.1/src/lib/OpenEXR/ImfAcesFile.h,1,6,7
/media/ullmann/HDDGabriel/engines/UnrealEngine/Engine/Source/ThirdParty/Intel/TBB/IntelTBB-2019u8/examples/common/gui/gdivideo.cpp,0,1,1
/media/ullmann/HDDGabriel/engines/UnrealEngine/Engine/Source/ThirdParty/Intel/TBB/IntelTBB-2019u8/examples/common/gui/winvideo.h,2,1,3
/media/ullmann/HDDGabriel/engines/UnrealEngine/Engine/Source/Editor/Layers/Private/SceneOutlinerLayerContentsColumn.cpp,0,1,1
/media/ullmann/HDDGabriel/engines/UnrealEngine/Engine/Source/Editor/Layers/Private/SceneOutlinerLayerContentsColumn.h,2,1,3
/media/ullmann/HDDGabriel/engines/UnrealEngine/Engine/Source/ThirdParty/HLMediaLibrary/HLMediaLibrary/SharedTexture.cpp,0,4,4
/media/ullmann/HDDGabriel/engines/UnrealEngine/Engine/Source/ThirdParty/HLMediaLibrary/HLMediaLibrary/SharedTexture.h,3,1,4
/media/ullmann/HDDGabriel/engines/UnrealEngine/Engine/Source/Editor/StaticMeshEditor/Private/StaticMeshViewportLODCommands.cpp,0,1,1
/media/ullmann/HDDGabriel/engines/UnrealEngine/Engine/Source/Editor/StaticMeshEditor/Private/StaticMeshViewportLODCommands.h,3,0,3
/media/ullmann/HDDGabriel/engines/UnrealEngine/Engine/Source/ThirdParty/PhysX3/APEX_1.4/shared/general/ConvexDecomposition/app/TestConvexDecomposition/wavefront.cpp,0,1,1
/media/ullmann/HDDGabriel/engines/UnrealEngine/Engine/Source/ThirdParty/PhysX3/APEX_1.4/shared/general/ConvexDecomposition/app/TestConvexDecomposition/wavefront.h,2,0,2
/media/ullmann/HDDGabriel/engines/UnrealEngine/Engine/Source/ThirdParty/PhysX3/PhysX_3.4/Source/LowLevel/software/include/PxvNphaseImplementationContext.h,2,1,3
/media/ullmann/HDDGabriel/engines/UnrealEngine/Engine/Source/ThirdParty/PhysX3/PhysX_3.4/Source/LowLevel/software/include/PxsContactManagerState.h,2,0,2
/media/ullmann/HDDGabriel/engines/UnrealEngine/Engine/Source/ThirdParty/CryptoPP/5.6.2/include/rsa.h,5,5,10
/media/ullmann/HDDGabriel/engines/UnrealEngine/Engine/Source/ThirdParty/CryptoPP/5.6.2/include/pkcspad.h,4,3,7
/media/ullmann/HDDGabriel/engines/UnrealEngine/Engine/Source/Programs/UnrealLightmass/Private/Lighting/MonteCarlo.h,9,0,9
/media/ullmann/HDDGabriel/engines/UnrealEngine/Engine/Source/ThirdParty/FreeType2/FreeType2-2.10.4/src/psaux/psfont.h,6,2,8
/media/ullmann/HDDGabriel/engines/UnrealEngine/Engine/Source/ThirdParty/WebRTC/4147/Include/third_party/opus/src/celt/vq.h,0,4,4
/media/ullmann/HDDGabriel/engines/UnrealEngine/Engine/Source/ThirdParty/WebRTC/4147/Include/third_party/opus/src/celt/entdec.h,7,1,8
/media/ullmann/HDDGabriel/engines/UnrealEngine/Engine/Source/ThirdParty/PhysX3/PhysX_3.4/Source/PhysX/src/device/PhysXIndicator.h,2,0,2
/media/ullmann/HDDGabriel/engines/UnrealEngine/Engine/Source/ThirdParty/HarfBuzz/harfbuzz-1.2.4/src/hb-ot-shape-fallback.cc,0,2,2
/media/ullmann/HDDGabriel/engines/UnrealEngine/Engine/Source/ThirdParty/HarfBuzz/harfbuzz-1.2.4/src/hb-ot-shape-fallback-private.hh,2,0,2
/media/ullmann/HDDGabriel/engines/UnrealEngine/Engine/Source/ThirdParty/ShaderConductor/ShaderConductor/External/DirectXShaderCompiler/include/llvm/ExecutionEngine/Orc/IndirectionUtils.h,2,2,4
/media/ullmann/HDDGabriel/engines/UnrealEngine/Engine/Source/ThirdParty/ShaderConductor/ShaderConductor/External/DirectXShaderCompiler/include/llvm/ExecutionEngine/Orc/JITSymbol.h,7,0,7
/media/ullmann/HDDGabriel/engines/UnrealEngine/Engine/Source/ThirdParty/ICU/icu4c-53_1/source/test/intltest/utxttest.cpp,0,1,1
/media/ullmann/HDDGabriel/engines/UnrealEngine/Engine/Source/ThirdParty/ICU/icu4c-53_1/source/test/intltest/utxttest.h,2,1,3
/media/ullmann/HDDGabriel/engines/UnrealEngine/Engine/Source/ThirdParty/ICU/icu4c-53_1/source/layout/GlyphLookupTables.cpp,0,5,5
/media/ullmann/HDDGabriel/engines/UnrealEngine/Engine/Source/ThirdParty/ICU/icu4c-53_1/source/layout/ScriptAndLanguage.h,6,2,8
/media/ullmann/HDDGabriel/engines/UnrealEngine/Engine/Source/ThirdParty/FreeType2/FreeType2-2.10.4/src/cff/cffdrivr.h,1,0,1
/media/ullmann/HDDGabriel/engines/UnrealEngine/Engine/Source/ThirdParty/SDL2/SDL-gui-backend/src/video/raspberry/SDL_rpivideo.h,5,2,7
/media/ullmann/HDDGabriel/engines/UnrealEngine/Engine/Source/ThirdParty/ICU/icu4c-64_1/source/test/perf/leperf/cmaps.cpp,1,2,3
/media/ullmann/HDDGabriel/engines/UnrealEngine/Engine/Source/ThirdParty/ICU/icu4c-64_1/source/test/perf/leperf/sfnt.h,4,0,4
/media/ullmann/HDDGabriel/engines/UnrealEngine/Engine/Source/Editor/Sequencer/Private/SSequencerStretchBox.cpp,0,3,3
/media/ullmann/HDDGabriel/engines/UnrealEngine/Engine/Source/ThirdParty/ShaderConductor/ShaderConductor/External/DirectXShaderCompiler/include/llvm/DebugInfo/PDB/DIA/DIASession.h,0,1,1
/media/ullmann/HDDGabriel/engines/UnrealEngine/Engine/Source/ThirdParty/ShaderConductor/ShaderConductor/External/DirectXShaderCompiler/include/llvm/DebugInfo/PDB/DIA/DIASupport.h,9,0,9
/media/ullmann/HDDGabriel/engines/UnrealEngine/Engine/Source/ThirdParty/SDL2/SDL-gui-backend/src/video/windows/SDL_windowsvideo.c,0,7,7
/media/ullmann/HDDGabriel/engines/UnrealEngine/Engine/Source/ThirdParty/SDL2/SDL-gui-backend/src/video/windows/SDL_windowsvulkan.h,2,3,5
/media/ullmann/HDDGabriel/engines/UnrealEngine/Engine/Source/ThirdParty/Breakpad/src/processor/static_address_map_unittest.cc,0,1,1
/media/ullmann/HDDGabriel/engines/UnrealEngine/Engine/Source/ThirdParty/Breakpad/src/processor/map_serializers-inl.h,3,0,3
/media/ullmann/HDDGabriel/engines/UnrealEngine/Engine/Source/ThirdParty/openexr/Deploy/openexr-3.1.1/include/OpenEXR/IlmThreadExport.h,4,1,5
/media/ullmann/HDDGabriel/engines/UnrealEngine/Engine/Source/Editor/Kismet/Private/BlueprintEditorTabFactories.cpp,0,7,7
/media/ullmann/HDDGabriel/engines/UnrealEngine/Engine/Source/Editor/Kismet/Private/STimelineEditor.h,2,0,2
/media/ullmann/HDDGabriel/engines/UnrealEngine/Engine/Source/ThirdParty/SDL2/SDL-gui-backend/src/video/emscripten/SDL_emscriptenmouse.c,0,4,4
/media/ullmann/HDDGabriel/engines/UnrealEngine/Engine/Source/Runtime/Core/Public/Math/IntPoint.h,3,0,3
/media/ullmann/HDDGabriel/engines/UnrealEngine/Engine/Source/Editor/PropertyEditor/Private/SStructureDetailsView.cpp,0,5,5
/media/ullmann/HDDGabriel/engines/UnrealEngine/Engine/Source/Editor/PropertyEditor/Private/SStructureDetailsView.h,2,2,4
/media/ullmann/HDDGabriel/engines/UnrealEngine/Engine/Source/ThirdParty/Oculus/LibOVRPlatform/LibOVRPlatform/include/OVR_MatchmakingAdminSnapshotCandidateArray.h,2,2,4
/media/ullmann/HDDGabriel/engines/UnrealEngine/Engine/Source/Runtime/Core/Public/Math/RandomStream.h,1,0,1
/media/ullmann/HDDGabriel/engines/UnrealEngine/Engine/Source/ThirdParty/ICU/icu4c-53_1/source/common/uset_imp.h,8,2,10
/media/ullmann/HDDGabriel/engines/UnrealEngine/Engine/Source/ThirdParty/openexr/openexr-3.1.1/src/lib/OpenEXR/ImfGenericOutputFile.cpp,0,11,11
/media/ullmann/HDDGabriel/engines/UnrealEngine/Engine/Source/ThirdParty/FreeImage/FreeImage-3.18.0/Source/LibRawLite/internal/libraw_x3f.cpp,1,1,2
/media/ullmann/HDDGabriel/engines/UnrealEngine/Engine/Source/Runtime/MeshDescription/Public/MeshAttributeArray.h,2,3,5
/media/ullmann/HDDGabriel/engines/UnrealEngine/Engine/Source/Runtime/MeshDescription/Public/MeshTypes.h,3,0,3
/media/ullmann/HDDGabriel/engines/UnrealEngine/Engine/Source/ThirdParty/Python3/Mac/include/boolobject.h,1,0,1
/media/ullmann/HDDGabriel/engines/UnrealEngine/Engine/Source/ThirdParty/libPNG/libPNG-1.5.2/pngrtran.c,0,1,1
/media/ullmann/HDDGabriel/engines/UnrealEngine/Engine/Source/ThirdParty/libPNG/libPNG-1.5.2/pngpriv.h,15,4,19
/media/ullmann/HDDGabriel/engines/UnrealEngine/Engine/Source/ThirdParty/ShaderConductor/ShaderConductor/External/DirectXShaderCompiler/utils/TableGen/X86RecognizableInstr.cpp,0,3,3
/media/ullmann/HDDGabriel/engines/UnrealEngine/Engine/Source/ThirdParty/ShaderConductor/ShaderConductor/External/DirectXShaderCompiler/utils/TableGen/X86RecognizableInstr.h,1,2,3
/media/ullmann/HDDGabriel/engines/UnrealEngine/Engine/Source/ThirdParty/FreeImage/FreeImage-3.18.0/Source/OpenEXR/IlmImf/ImfThreading.cpp,0,2,2
/media/ullmann/HDDGabriel/engines/UnrealEngine/Engine/Source/Editor/MovieSceneTools/Private/Channels/EventChannelCurveModel.cpp,0,2,2
/media/ullmann/HDDGabriel/engines/UnrealEngine/Engine/Source/Editor/MovieSceneTools/Private/Channels/BuiltInChannelEditors.h,7,0,7
/media/ullmann/HDDGabriel/engines/UnrealEngine/Engine/Source/ThirdParty/PhysX3/PhysX_3.4/Source/LowLevelDynamics/src/DyDynamics.cpp,0,16,16
/media/ullmann/HDDGabriel/engines/UnrealEngine/Engine/Source/ThirdParty/PhysX3/PhysX_3.4/Source/LowLevelDynamics/src/DySolverControlPF.h,2,2,4
/media/ullmann/HDDGabriel/engines/UnrealEngine/Engine/Source/ThirdParty/ShaderConductor/ShaderConductor/External/DirectXShaderCompiler/lib/CodeGen/AsmPrinter/DwarfException.h,3,1,4
/media/ullmann/HDDGabriel/engines/UnrealEngine/Engine/Source/ThirdParty/ShaderConductor/ShaderConductor/External/DirectXShaderCompiler/lib/CodeGen/AsmPrinter/EHStreamer.h,3,1,4
/media/ullmann/HDDGabriel/engines/UnrealEngine/Engine/Source/ThirdParty/SDL2/SDL-gui-backend/src/joystick/SDL_sysjoystick.h,36,2,38
/media/ullmann/HDDGabriel/engines/UnrealEngine/Engine/Source/ThirdParty/MCPP/mcpp-2.7.2/cpp-test/test-t/warn_3.c,0,3,3
/media/ullmann/HDDGabriel/engines/UnrealEngine/Engine/Source/ThirdParty/MCPP/mcpp-2.7.2/cpp-test/test-t/nest1.h,3,1,4
/media/ullmann/HDDGabriel/engines/UnrealEngine/Engine/Source/ThirdParty/OpenSubdiv/OpenSubdiv-3.4.4/regression/shapes/catmark_torus_creases1.h,1,0,1
/media/ullmann/HDDGabriel/engines/UnrealEngine/Engine/Source/Editor/CurveEditor/Private/CurveEditorContextMenu.cpp,0,1,1
/media/ullmann/HDDGabriel/engines/UnrealEngine/Engine/Source/Editor/CurveEditor/Private/CurveEditorContextMenu.h,1,0,1
/media/ullmann/HDDGabriel/engines/UnrealEngine/Engine/Source/Runtime/Projects/Public/PluginDescriptor.h,2,4,6
/media/ullmann/HDDGabriel/engines/UnrealEngine/Engine/Source/Runtime/Projects/Public/ModuleDescriptor.h,4,0,4
/media/ullmann/HDDGabriel/engines/UnrealEngine/Engine/Source/Editor/PluginWarden/Private/SAuthorizingPlugin.cpp,0,2,2
/media/ullmann/HDDGabriel/engines/UnrealEngine/Engine/Source/Editor/PluginWarden/Private/SAuthorizingPlugin.h,2,1,3
/media/ullmann/HDDGabriel/engines/UnrealEngine/Engine/Source/ThirdParty/PhysX3/NvCloth/samples/SampleBase/renderer/SkinnedRenderMesh.cpp,0,2,2
/media/ullmann/HDDGabriel/engines/UnrealEngine/Engine/Source/ThirdParty/ICU/icu4c-53_1/source/test/cintltst/cctest.c,0,1,1
/media/ullmann/HDDGabriel/engines/UnrealEngine/Engine/Source/ThirdParty/FreeType2/FreeType2-2.4.12/src/raster/ftrend1.h,1,0,1
/media/ullmann/HDDGabriel/engines/UnrealEngine/Engine/Source/Runtime/Apple/MetalRHI/Private/MetalDynamicRHI.cpp,0,8,8
/media/ullmann/HDDGabriel/engines/UnrealEngine/Engine/Source/Runtime/Apple/MetalRHI/Private/MetalComputePipelineState.h,3,0,3
/media/ullmann/HDDGabriel/engines/UnrealEngine/Engine/Source/Editor/LevelEditor/Private/Elements/Component/ComponentElementLevelEditorCommonActionsCustomization.h,1,0,1
/media/ullmann/HDDGabriel/engines/UnrealEngine/Engine/Source/ThirdParty/ICU/icu4c-53_1/source/layout/HanLayoutEngine.h,2,5,7
/media/ullmann/HDDGabriel/engines/UnrealEngine/Engine/Source/ThirdParty/FBX/2020.2/include/fbxsdk/scene/constraint/fbxconstraintsinglechainik.h,1,0,1
/media/ullmann/HDDGabriel/engines/UnrealEngine/Engine/Source/Programs/UnrealLightmass/Private/Lighting/Landscape.cpp,0,1,1
/media/ullmann/HDDGabriel/engines/UnrealEngine/Engine/Source/Programs/UnrealLightmass/Private/Lighting/Landscape.h,2,2,4
/media/ullmann/HDDGabriel/engines/UnrealEngine/Engine/Source/ThirdParty/FreeImage/FreeImage-3.18.0/Source/OpenEXR/IlmImf/ImfTiledMisc.h,6,2,8
/media/ullmann/HDDGabriel/engines/UnrealEngine/Engine/Source/ThirdParty/OpenVDB/openvdb-8.1.0/openvdb_ax/openvdb_ax/compiler/VolumeExecutable.cc,0,2,2
/media/ullmann/HDDGabriel/engines/UnrealEngine/Engine/Source/Runtime/AssetRegistry/Private/AssetRegistry.cpp,0,6,6
/media/ullmann/HDDGabriel/engines/UnrealEngine/Engine/Source/Runtime/AssetRegistry/Private/DependsNode.h,4,1,5
/media/ullmann/HDDGabriel/engines/UnrealEngine/Engine/Source/Editor/MergeActors/Private/SMergeActorsToolbar.cpp,0,1,1
/media/ullmann/HDDGabriel/engines/UnrealEngine/Engine/Source/Editor/MergeActors/Private/SMergeActorsToolbar.h,2,0,2
/media/ullmann/HDDGabriel/engines/UnrealEngine/Engine/Source/ThirdParty/Intel/Embree/Embree2140/src/kernels/common/device.cpp,0,12,12
/media/ullmann/HDDGabriel/engines/UnrealEngine/Engine/Source/ThirdParty/Intel/Embree/Embree2140/src/kernels/common/scene_triangle_mesh.h,5,2,7
/media/ullmann/HDDGabriel/engines/UnrealEngine/Engine/Source/ThirdParty/ICU/icu4c-53_1/source/i18n/collationdatabuilder.h,5,3,8
/media/ullmann/HDDGabriel/engines/UnrealEngine/Engine/Source/Programs/Enterprise/Datasmith/DatasmithARCHICADExporter/Private/Export.cpp,0,5,5
/media/ullmann/HDDGabriel/engines/UnrealEngine/Engine/Source/Programs/Enterprise/Datasmith/DatasmithARCHICADExporter/Private/Utils/Error.h,9,1,10
/media/ullmann/HDDGabriel/engines/UnrealEngine/Engine/Source/Developer/AssetTools/Private/AssetTypeActions/AssetTypeActions_SkeletalMesh.h,1,0,1
/media/ullmann/HDDGabriel/engines/UnrealEngine/Engine/Source/Editor/Persona/Private/SkeletalMeshSocketDetails.cpp,0,2,2
/media/ullmann/HDDGabriel/engines/UnrealEngine/Engine/Source/Editor/Persona/Private/AssetSearchBoxUtilPersona.h,3,0,3
/media/ullmann/HDDGabriel/engines/UnrealEngine/Engine/Source/ThirdParty/ICU/icu4c-64_1/source/common/unicode/uobject.h,33,0,33
/media/ullmann/HDDGabriel/engines/UnrealEngine/Engine/Source/Runtime/D3D12RHI/Private/D3D12TimedIntervalQuery.h,1,0,1
/media/ullmann/HDDGabriel/engines/UnrealEngine/Engine/Source/ThirdParty/OpenVDB/openvdb-8.1.0/openvdb_ax/openvdb_ax/compiler/AttributeRegistry.h,4,3,7
/media/ullmann/HDDGabriel/engines/UnrealEngine/Engine/Source/Runtime/ClothingSystemRuntimeCommon/Private/ClothLODData.cpp,0,1,1
/media/ullmann/HDDGabriel/engines/UnrealEngine/Engine/Source/Runtime/ClothingSystemRuntimeCommon/Private/ClothingAssetCustomVersion.h,3,0,3
/media/ullmann/HDDGabriel/engines/UnrealEngine/Engine/Source/ThirdParty/PhysX3/PhysX_3.4/Source/LowLevelDynamics/src/DySolverConstraint1D4.h,2,2,4
/media/ullmann/HDDGabriel/engines/UnrealEngine/Engine/Source/ThirdParty/PhysX3/PhysX_3.4/Include/extensions/PxSimpleFactory.h,1,0,1
/media/ullmann/HDDGabriel/engines/UnrealEngine/Engine/Source/Programs/Enterprise/Datasmith/DatasmithARCHICADExporter/Private/Exporter.h,3,2,5
/media/ullmann/HDDGabriel/engines/UnrealEngine/Engine/Source/ThirdParty/FreeType2/FreeType2-2.10.0/src/type42/t42objs.c,1,3,4
/media/ullmann/HDDGabriel/engines/UnrealEngine/Engine/Source/ThirdParty/FreeType2/FreeType2-2.10.0/src/type42/t42objs.h,3,1,4
/media/ullmann/HDDGabriel/engines/UnrealEngine/Engine/Source/ThirdParty/OpenSubdiv/OpenSubdiv-3.4.4/regression/shapes/catmark_tent.h,2,0,2
/media/ullmann/HDDGabriel/engines/UnrealEngine/Engine/Source/ThirdParty/mtlpp/mtlpp-master-7efad47/examples/02_triangle.cpp,0,1,1
/media/ullmann/HDDGabriel/engines/UnrealEngine/Engine/Source/ThirdParty/mtlpp/mtlpp-master-7efad47/mtlpp.hpp,4,0,4
/media/ullmann/HDDGabriel/engines/UnrealEngine/Engine/Source/ThirdParty/Intel/Embree/Embree270/src/kernels/xeonphi/bvh4i/bvh4i_intersector1.cpp,0,4,4
/media/ullmann/HDDGabriel/engines/UnrealEngine/Engine/Source/Editor/Persona/Private/PersonaBlendSpaceAnalysis.cpp,0,1,1
/media/ullmann/HDDGabriel/engines/UnrealEngine/Engine/Source/Programs/UnrealFrontend/Private/Commands/StatsConvertCommand.cpp,0,1,1
/media/ullmann/HDDGabriel/engines/UnrealEngine/Engine/Source/Programs/UnrealFrontend/Private/Commands/StatsConvertCommand.h,1,0,1
/media/ullmann/HDDGabriel/engines/UnrealEngine/Engine/Source/ThirdParty/ICU/icu4c-64_1/source/i18n/ulistformatter.cpp,0,3,3
/media/ullmann/HDDGabriel/engines/UnrealEngine/Engine/Source/ThirdParty/ICU/icu4c-64_1/source/i18n/unicode/listformatter.h,3,0,3
/media/ullmann/HDDGabriel/engines/UnrealEngine/Engine/Source/Developer/TargetPlatform/Public/Interfaces/TargetDeviceId.h,1,0,1
/media/ullmann/HDDGabriel/engines/UnrealEngine/Engine/Source/Editor/PropertyEditor/Private/PropertyRowGenerator.cpp,0,11,11
/media/ullmann/HDDGabriel/engines/UnrealEngine/Engine/Source/Editor/PropertyEditor/Private/PropertyNode.h,22,1,23
/media/ullmann/HDDGabriel/engines/UnrealEngine/Engine/Source/Runtime/AugmentedReality/Public/ARBlueprintLibrary.h,0,6,6
/media/ullmann/HDDGabriel/engines/UnrealEngine/Engine/Source/Runtime/AugmentedReality/Public/ARSessionConfig.h,4,2,6
/media/ullmann/HDDGabriel/engines/UnrealEngine/Engine/Source/Editor/Kismet/Private/STimelineEditor.cpp,0,2,2
/media/ullmann/HDDGabriel/engines/UnrealEngine/Engine/Source/Runtime/Engine/Private/TextureDerivedData.cpp,0,4,4
/media/ullmann/HDDGabriel/engines/UnrealEngine/Engine/Source/Runtime/Engine/Private/VT/VirtualTextureBuiltData.h,7,0,7
/media/ullmann/HDDGabriel/engines/UnrealEngine/Engine/Source/ThirdParty/PhysX3/PhysX_3.4/Source/PhysXExtensions/src/serialization/Xml/SnXmlImpl.h,5,1,6
/media/ullmann/HDDGabriel/engines/UnrealEngine/Engine/Source/ThirdParty/PhysX3/PhysX_3.4/Source/PhysXExtensions/src/serialization/Xml/SnXmlMemoryPool.h,3,0,3
/media/ullmann/HDDGabriel/engines/UnrealEngine/Engine/Source/Editor/UnrealEd/Private/EditorEngine.cpp,0,7,7
/media/ullmann/HDDGabriel/engines/UnrealEngine/Engine/Source/ThirdParty/EOSSDK/SDK/Bin/IOS/EOSSDK.framework/Headers/eos_rtc_audio.h,0,1,1
/media/ullmann/HDDGabriel/engines/UnrealEngine/Engine/Source/ThirdParty/EOSSDK/SDK/Bin/IOS/EOSSDK.framework/Headers/eos_rtc_audio_types.h,2,1,3
/media/ullmann/HDDGabriel/engines/UnrealEngine/Engine/Source/ThirdParty/OpenVDB/openvdb-8.1.0/openvdb/openvdb/io/Archive.cc,0,4,4
/media/ullmann/HDDGabriel/engines/UnrealEngine/Engine/Source/ThirdParty/OpenVDB/openvdb-8.1.0/openvdb/openvdb/io/io.h,4,0,4
/media/ullmann/HDDGabriel/engines/UnrealEngine/Engine/Source/ThirdParty/Crunch/src/crnlib/crn_mipmapped_texture.h,4,10,14
/media/ullmann/HDDGabriel/engines/UnrealEngine/Engine/Source/ThirdParty/Crunch/src/crnlib/crn_image.h,7,4,11
/media/ullmann/HDDGabriel/engines/UnrealEngine/Engine/Source/ThirdParty/FreeType2/FreeType2-2.4.12/src/cff/cffobjs.h,4,1,5
/media/ullmann/HDDGabriel/engines/UnrealEngine/Engine/Source/ThirdParty/ICU/icu4c-53_1/source/layout/MarkArrays.cpp,0,6,6
/media/ullmann/HDDGabriel/engines/UnrealEngine/Engine/Source/ThirdParty/ICU/icu4c-53_1/source/i18n/unicode/basictz.h,6,0,6
/media/ullmann/HDDGabriel/engines/UnrealEngine/Engine/Source/Runtime/Renderer/Private/ReflectionEnvironmentRealTimeCapture.cpp,0,8,8
/media/ullmann/HDDGabriel/engines/UnrealEngine/Engine/Source/Runtime/Renderer/Private/VolumetricCloudRendering.h,13,1,14
/media/ullmann/HDDGabriel/engines/UnrealEngine/Engine/Source/Runtime/Engine/Public/PrimitiveSceneProxy.h,9,5,14
/media/ullmann/HDDGabriel/engines/UnrealEngine/Engine/Source/ThirdParty/ICU/icu4c-64_1/source/samples/layout/GDIFontInstance.cpp,0,3,3
/media/ullmann/HDDGabriel/engines/UnrealEngine/Engine/Source/ThirdParty/ICU/icu4c-64_1/source/samples/layout/sfnt.h,4,0,4
/media/ullmann/HDDGabriel/engines/UnrealEngine/Engine/Source/ThirdParty/ICU/icu4c-53_1/source/test/intltest/numfmtst.cpp,0,4,4
/media/ullmann/HDDGabriel/engines/UnrealEngine/Engine/Source/ThirdParty/ICU/icu4c-53_1/source/test/intltest/textfile.h,4,1,5
/media/ullmann/HDDGabriel/engines/UnrealEngine/Engine/Source/ThirdParty/SDL2/SDL-gui-backend/include/SDL_hints.h,1,3,4
/media/ullmann/HDDGabriel/engines/UnrealEngine/Engine/Source/ThirdParty/Alembic/alembic-1.8.2/maya/AbcImport/XformHelper.cpp,0,3,3
/media/ullmann/HDDGabriel/engines/UnrealEngine/Engine/Source/ThirdParty/ShaderConductor/ShaderConductor/External/DirectXShaderCompiler/lib/Support/Host.cpp,0,2,2
/media/ullmann/HDDGabriel/engines/UnrealEngine/Engine/Source/ThirdParty/ShaderConductor/ShaderConductor/External/DirectXShaderCompiler/lib/Support/Unix/Host.inc,1,0,1
/media/ullmann/HDDGabriel/engines/UnrealEngine/Engine/Source/Runtime/Renderer/Private/InstanceCulling/InstanceCullingManager.h,8,2,10
/media/ullmann/HDDGabriel/engines/UnrealEngine/Engine/Source/ThirdParty/Intel/Embree/Embree270/src/kernels/xeon/geometry/triangle_intersector_pluecker.h,14,2,16
/media/ullmann/HDDGabriel/engines/UnrealEngine/Engine/Source/Editor/Persona/Private/AnimationEditorPreviewScene.cpp,0,3,3
/media/ullmann/HDDGabriel/engines/UnrealEngine/Engine/Source/ThirdParty/ICU/icu4c-53_1/source/i18n/rulebasedcollator.cpp,0,21,21
/media/ullmann/HDDGabriel/engines/UnrealEngine/Engine/Source/ThirdParty/ICU/icu4c-53_1/source/i18n/bocsu.h,2,0,2
/media/ullmann/HDDGabriel/engines/UnrealEngine/Engine/Source/Editor/TranslationEditor/Private/TranslationPickerFloatingWindow.cpp,0,3,3
/media/ullmann/HDDGabriel/engines/UnrealEngine/Engine/Source/Editor/TranslationEditor/Private/TranslationPickerWidget.h,5,0,5
/media/ullmann/HDDGabriel/engines/UnrealEngine/Engine/Source/Developer/LauncherServices/Private/LauncherServicesModule.cpp,0,4,4
/media/ullmann/HDDGabriel/engines/UnrealEngine/Engine/Source/Developer/LauncherServices/Private/Profiles/LauncherDeviceGroup.h,1,0,1
/media/ullmann/HDDGabriel/engines/UnrealEngine/Engine/Source/Editor/Persona/Private/AnimTimeline/AnimModel.cpp,0,2,2
/media/ullmann/HDDGabriel/engines/UnrealEngine/Engine/Source/ThirdParty/EOSSDK/SDK/Include/eos_custominvites_types.h,2,1,3
/media/ullmann/HDDGabriel/engines/UnrealEngine/Engine/Source/ThirdParty/OpenSubdiv/OpenSubdiv-3.4.4/regression/shapes/loop_triangle_edgenone.h,1,0,1
/media/ullmann/HDDGabriel/engines/UnrealEngine/Engine/Source/ThirdParty/libOpus/opus-1.1/celt/cpu_support.h,3,1,4
/media/ullmann/HDDGabriel/engines/UnrealEngine/Engine/Source/Runtime/RenderCore/Public/RenderGraph.h,1,7,8
/media/ullmann/HDDGabriel/engines/UnrealEngine/Engine/Source/ThirdParty/libcurl/7_65_3/include/Unix/aarch64-unknown-linux-gnueabi/curl/urlapi.h,1,1,2
/media/ullmann/HDDGabriel/engines/UnrealEngine/Engine/Source/Runtime/Renderer/Private/LightGridInjection.cpp,0,9,9
/media/ullmann/HDDGabriel/engines/UnrealEngine/Engine/Source/ThirdParty/PhysX3/PhysX_3.4/Include/extensions/PxJointLimit.h,1,1,2
/media/ullmann/HDDGabriel/engines/UnrealEngine/Engine/Source/ThirdParty/PhysX3/PhysX_3.4/Include/extensions/PxJoint.h,2,0,2
/media/ullmann/HDDGabriel/engines/UnrealEngine/Engine/Source/ThirdParty/hlslcc/hlslcc/src/hlslcc_lib/ir_function_detect_recursion.cpp,0,4,4
/media/ullmann/HDDGabriel/engines/UnrealEngine/Engine/Source/ThirdParty/openexr/Deploy/openexr-3.1.1/include/OpenEXR/ImfRationalAttribute.h,1,2,3
/media/ullmann/HDDGabriel/engines/UnrealEngine/Engine/Source/ThirdParty/openexr/Deploy/openexr-3.1.1/include/OpenEXR/ImfRational.h,2,2,4
/media/ullmann/HDDGabriel/engines/UnrealEngine/Engine/Source/ThirdParty/FreeType2/FreeType2-2.4.12/src/smooth/ftspic.c,1,2,3
/media/ullmann/HDDGabriel/engines/UnrealEngine/Engine/Source/ThirdParty/FreeType2/FreeType2-2.4.12/src/smooth/ftsmerrs.h,3,0,3
/media/ullmann/HDDGabriel/engines/UnrealEngine/Engine/Source/ThirdParty/ICU/icu4c-53_1/source/layout/CanonShaping.cpp,0,5,5
/media/ullmann/HDDGabriel/engines/UnrealEngine/Engine/Source/ThirdParty/ICU/icu4c-53_1/source/layout/ClassDefinitionTables.h,4,2,6
/media/ullmann/HDDGabriel/engines/UnrealEngine/Engine/Source/Editor/BlueprintGraph/Classes/K2Node_ClearDelegate.h,0,1,1
/media/ullmann/HDDGabriel/engines/UnrealEngine/Engine/Source/Editor/BlueprintGraph/Classes/K2Node_BaseMCDelegate.h,5,1,6
/media/ullmann/HDDGabriel/engines/UnrealEngine/Engine/Source/ThirdParty/FreeImage/FreeImage-3.18.0/Source/LibJPEG/wrrle.c,0,1,1
/media/ullmann/HDDGabriel/engines/UnrealEngine/Engine/Source/Editor/SequenceRecorder/Private/AnimationRecorder.cpp,0,2,2
/media/ullmann/HDDGabriel/engines/UnrealEngine/Engine/Source/Editor/SequenceRecorder/Private/AnimationRecorderParameters.h,3,0,3
/media/ullmann/HDDGabriel/engines/UnrealEngine/Engine/Source/ThirdParty/FreeImage/FreeImage-3.18.0/Source/OpenEXR/IlmImf/ImfHeader.h,24,8,32
/media/ullmann/HDDGabriel/engines/UnrealEngine/Engine/Source/ThirdParty/FreeImage/FreeImage-3.18.0/Source/OpenEXR/IlmImf/ImfStandardAttributes.h,7,15,22
/media/ullmann/HDDGabriel/engines/UnrealEngine/Engine/Source/ThirdParty/SDL2/SDL-gui-backend/src/video/wayland/SDL_waylandevents_c.h,7,5,12
/media/ullmann/HDDGabriel/engines/UnrealEngine/Engine/Source/ThirdParty/FreeImage/FreeImage-3.18.0/Source/OpenEXR/IlmImf/ImfDeepCompositing.cpp,0,2,2
/media/ullmann/HDDGabriel/engines/UnrealEngine/Engine/Source/Editor/LandscapeEditor/Private/SLandscapeEditor.h,7,2,9
/media/ullmann/HDDGabriel/engines/UnrealEngine/Engine/Source/Editor/LandscapeEditor/Private/LandscapeEdMode.h,25,0,25
/media/ullmann/HDDGabriel/engines/UnrealEngine/Engine/Source/Developer/Windows/LiveCodingServer/Private/External/LC_SymbolResolution.cpp,0,1,1
/media/ullmann/HDDGabriel/engines/UnrealEngine/Engine/Source/Developer/Windows/LiveCodingServer/Private/External/LC_SymbolResolution.h,1,1,2
/media/ullmann/HDDGabriel/engines/UnrealEngine/Engine/Source/ThirdParty/SDL2/SDL-gui-backend/src/video/android/SDL_androidkeyboard.c,0,4,4
/media/ullmann/HDDGabriel/engines/UnrealEngine/Engine/Source/Editor/SkeletonEditor/Private/SkeletonTreeBuilder.cpp,0,4,4
/media/ullmann/HDDGabriel/engines/UnrealEngine/Engine/Source/Editor/SkeletonEditor/Private/SkeletonTreeAttachedAssetItem.h,3,0,3
/media/ullmann/HDDGabriel/engines/UnrealEngine/Engine/Source/Runtime/CoreUObject/Public/UObject/ObjectMacros.h,3,0,3
/media/ullmann/HDDGabriel/engines/UnrealEngine/Engine/Source/ThirdParty/CryptoPP/5.6.2/include/ec2n.cpp,0,5,5
/media/ullmann/HDDGabriel/engines/UnrealEngine/Engine/Source/ThirdParty/CryptoPP/5.6.2/include/ec2n.h,6,4,10
/media/ullmann/HDDGabriel/engines/UnrealEngine/Engine/Source/ThirdParty/SDL2/SDL-gui-backend/src/core/linux/SDL_evdev.c,0,7,7
/media/ullmann/HDDGabriel/engines/UnrealEngine/Engine/Source/ThirdParty/SDL2/SDL-gui-backend/src/core/linux/SDL_evdev_capabilities.h,5,1,6
/media/ullmann/HDDGabriel/engines/UnrealEngine/Engine/Source/ThirdParty/ICU/icu4c-53_1/source/test/perf/charperf/charperf.cpp,0,1,1
/media/ullmann/HDDGabriel/engines/UnrealEngine/Engine/Source/ThirdParty/ICU/icu4c-53_1/source/test/perf/charperf/charperf.h,1,0,1
/media/ullmann/HDDGabriel/engines/UnrealEngine/Engine/Source/Editor/BehaviorTreeEditor/Private/BehaviorTreeEditorModes.cpp,0,4,4
/media/ullmann/HDDGabriel/engines/UnrealEngine/Engine/Source/Editor/BehaviorTreeEditor/Private/BehaviorTreeEditorTabFactories.h,3,1,4
/media/ullmann/HDDGabriel/engines/UnrealEngine/Engine/Source/ThirdParty/ICU/icu4c-64_1/source/test/intltest/alphaindextst.h,2,1,3
/media/ullmann/HDDGabriel/engines/UnrealEngine/Engine/Source/ThirdParty/Breakpad/src/google_breakpad/common/minidump_exception_linux.h,1,0,1
/media/ullmann/HDDGabriel/engines/UnrealEngine/Engine/Source/ThirdParty/ICU/icu4c-53_1/source/samples/layout/pflow.h,3,2,5
/media/ullmann/HDDGabriel/engines/UnrealEngine/Engine/Source/ThirdParty/ICU/icu4c-53_1/source/samples/layout/gsupport.h,7,0,7
/media/ullmann/HDDGabriel/engines/UnrealEngine/Engine/Source/ThirdParty/OpenSubdiv/OpenSubdiv-3.4.4/tutorials/far/tutorial_5_2/far_tutorial_5_2.cpp,0,2,2
/media/ullmann/HDDGabriel/engines/UnrealEngine/Engine/Source/ThirdParty/mtlpp/mtlpp-master-7efad47/interpose/MTIResource.hpp,2,1,3
/media/ullmann/HDDGabriel/engines/UnrealEngine/Engine/Source/ThirdParty/mtlpp/mtlpp-master-7efad47/interpose/MTIObject.hpp,17,0,17
/media/ullmann/HDDGabriel/engines/UnrealEngine/Engine/Source/ThirdParty/ShaderConductor/ShaderConductor/External/DirectXShaderCompiler/lib/CodeGen/AsmPrinter/DwarfUnit.cpp,0,5,5
/media/ullmann/HDDGabriel/engines/UnrealEngine/Engine/Source/ThirdParty/ShaderConductor/ShaderConductor/External/DirectXShaderCompiler/lib/CodeGen/AsmPrinter/DwarfDebug.h,11,5,16
/media/ullmann/HDDGabriel/engines/UnrealEngine/Engine/Source/Editor/PixelInspector/Private/PixelInspectorModule.cpp,0,4,4
/media/ullmann/HDDGabriel/engines/UnrealEngine/Engine/Source/Editor/PixelInspector/Private/PixelInspectorStyle.h,3,0,3
/media/ullmann/HDDGabriel/engines/UnrealEngine/Engine/Source/ThirdParty/PhysX3/PhysX_3.4/Source/PhysXMetaData/extensions/include/PxExtensionMetaDataObjects.h,0,2,2
/media/ullmann/HDDGabriel/engines/UnrealEngine/Engine/Source/ThirdParty/PhysX3/PhysX_3.4/Source/PhysXMetaData/extensions/include/PxExtensionAutoGeneratedMetaDataObjects.h,1,0,1
/media/ullmann/HDDGabriel/engines/UnrealEngine/Engine/Source/ThirdParty/ShaderConductor/ShaderConductor/External/DirectXShaderCompiler/lib/Support/Signals.cpp,0,2,2
/media/ullmann/HDDGabriel/engines/UnrealEngine/Engine/Source/ThirdParty/ShaderConductor/ShaderConductor/External/DirectXShaderCompiler/lib/Support/Windows/Signals.inc,1,0,1
/media/ullmann/HDDGabriel/engines/UnrealEngine/Engine/Source/ThirdParty/Steamworks/Steamv147/sdk/public/steam/isteamapplist.h,1,2,3
/media/ullmann/HDDGabriel/engines/UnrealEngine/Engine/Source/Editor/StaticMeshEditor/Private/StaticMeshEditorModule.cpp,0,1,1
/media/ullmann/HDDGabriel/engines/UnrealEngine/Engine/Source/ThirdParty/libOpus/opus-1.0.3/silk/typedef.h,9,0,9
/media/ullmann/HDDGabriel/engines/UnrealEngine/Engine/Source/ThirdParty/Oculus/LibOVRPlatform/LibOVRPlatform/include/OVR_AssetDetails.h,3,3,6
/media/ullmann/HDDGabriel/engines/UnrealEngine/Engine/Source/ThirdParty/ICU/icu4c-53_1/source/layout/ContextualGlyphSubstProc.h,2,5,7
/media/ullmann/HDDGabriel/engines/UnrealEngine/Engine/Source/Programs/Enterprise/Datasmith/DatasmithARCHICADExporter/Private/Utils/Progression.h,3,2,5
/media/ullmann/HDDGabriel/engines/UnrealEngine/Engine/Source/Runtime/Renderer/Private/Lumen/Lumen.h,10,0,10
/media/ullmann/HDDGabriel/engines/UnrealEngine/Engine/Source/Editor/Cascade/Private/Cascade.cpp,0,8,8
/media/ullmann/HDDGabriel/engines/UnrealEngine/Engine/Source/Editor/Cascade/Private/CascadeEmitterCanvasClient.h,3,0,3
/media/ullmann/HDDGabriel/engines/UnrealEngine/Engine/Source/ThirdParty/openexr/Deploy/openexr-3.1.1/include/OpenEXR/ImfStringVectorAttribute.h,3,3,6
/media/ullmann/HDDGabriel/engines/UnrealEngine/Engine/Source/Developer/DirectoryWatcher/Private/DirectoryWatcherPrivate.h,2,6,8
/media/ullmann/HDDGabriel/engines/UnrealEngine/Engine/Source/Developer/DirectoryWatcher/Private/Windows/DirectoryWatchRequestWindows.h,2,0,2
/media/ullmann/HDDGabriel/engines/UnrealEngine/Engine/Source/ThirdParty/FreeType2/FreeType2-2.10.4/src/pshinter/pshalgo.h,3,2,5
/media/ullmann/HDDGabriel/engines/UnrealEngine/Engine/Source/ThirdParty/FreeType2/FreeType2-2.10.4/src/pshinter/pshrec.h,3,1,4
/media/ullmann/HDDGabriel/engines/UnrealEngine/Engine/Source/ThirdParty/WebRTC/4147/Include/third_party/opus/src/silk/SigProc_FIX.h,5,12,17
/media/ullmann/HDDGabriel/engines/UnrealEngine/Engine/Source/ThirdParty/WebRTC/4147/Include/third_party/opus/src/silk/mips/sigproc_fix_mipsr1.h,1,0,1
/media/ullmann/HDDGabriel/engines/UnrealEngine/Engine/Source/ThirdParty/PhysX3/PhysX_3.4/Source/LowLevelCloth/src/neon/Simd4i.h,1,0,1
/media/ullmann/HDDGabriel/engines/UnrealEngine/Engine/Source/ThirdParty/MCPP/mcpp-2.7.2/test-l/nest57.h,1,1,2
/media/ullmann/HDDGabriel/engines/UnrealEngine/Engine/Source/ThirdParty/MCPP/mcpp-2.7.2/test-l/nest58.h,1,1,2
/media/ullmann/HDDGabriel/engines/UnrealEngine/Engine/Source/ThirdParty/Imath/Deploy/Imath-3.1.3/include/Imath/ImathGL.h,0,4,4
/media/ullmann/HDDGabriel/engines/UnrealEngine/Engine/Source/ThirdParty/FreeType2/FreeType2-2.6/Src/autofit/afindic.c,1,6,7
/media/ullmann/HDDGabriel/engines/UnrealEngine/Engine/Source/ThirdParty/SDL2/SDL-gui-backend/src/audio/nas/SDL_nasaudio.h,1,2,3
/media/ullmann/HDDGabriel/engines/UnrealEngine/Engine/Source/ThirdParty/Alembic/alembic-1.8.2/maya/AbcExport/AbcWriteJob.h,2,9,11
/media/ullmann/HDDGabriel/engines/UnrealEngine/Engine/Source/ThirdParty/ICU/icu4c-53_1/source/layout/DeviceTables.h,3,2,5
/media/ullmann/HDDGabriel/engines/UnrealEngine/Engine/Source/ThirdParty/libOpus/opus-1.1/silk/define.h,6,2,8
/media/ullmann/HDDGabriel/engines/UnrealEngine/Engine/Source/ThirdParty/libPNG/libPNG-1.6.37/contrib/examples/simpleover.c,0,1,1
/media/ullmann/HDDGabriel/engines/UnrealEngine/Engine/Source/ThirdParty/FreeType2/FreeType2-2.10.0/src/sfnt/ttkern.c,1,2,3
/media/ullmann/HDDGabriel/engines/UnrealEngine/Engine/Source/ThirdParty/WebRTC/4147/Include/third_party/opus/src/silk/resampler_private.h,0,3,3
/media/ullmann/HDDGabriel/engines/UnrealEngine/Engine/Source/ThirdParty/WebRTC/4147/Include/third_party/opus/src/silk/resampler_structs.h,3,0,3
/media/ullmann/HDDGabriel/engines/UnrealEngine/Engine/Source/ThirdParty/CryptoPP/5.6.2/include/ecp.cpp,0,5,5
/media/ullmann/HDDGabriel/engines/UnrealEngine/Engine/Source/ThirdParty/CryptoPP/5.6.2/include/ecp.h,5,4,9
/media/ullmann/HDDGabriel/engines/UnrealEngine/Engine/Source/Runtime/GeometryCore/Public/Quaternion.h,2,3,5
/media/ullmann/HDDGabriel/engines/UnrealEngine/Engine/Source/Runtime/GeometryCore/Public/IndexTypes.h,4,1,5
/media/ullmann/HDDGabriel/engines/UnrealEngine/Engine/Source/ThirdParty/ICU/icu4c-53_1/source/common/rbbidata.h,4,7,11
/media/ullmann/HDDGabriel/engines/UnrealEngine/Engine/Source/ThirdParty/Windows/DirectX/Include/d3d9types.h,2,0,2
/media/ullmann/HDDGabriel/engines/UnrealEngine/Engine/Source/ThirdParty/Intel/TBB/IntelTBB-2019u8/src/old/concurrent_queue_v2.cpp,0,1,1
/media/ullmann/HDDGabriel/engines/UnrealEngine/Engine/Source/ThirdParty/Intel/TBB/IntelTBB-2019u8/src/old/concurrent_queue_v2.h,1,0,1
/media/ullmann/HDDGabriel/engines/UnrealEngine/Engine/Source/Runtime/WebBrowser/Private/WebBrowserSingleton.cpp,0,13,13
/media/ullmann/HDDGabriel/engines/UnrealEngine/Engine/Source/Runtime/WebBrowser/Private/IOS/IOSCookieManager.h,2,0,2
/media/ullmann/HDDGabriel/engines/UnrealEngine/Engine/Source/ThirdParty/SDL2/SDL-gui-backend/src/haptic/windows/SDL_windowshaptic_c.h,5,4,9
/media/ullmann/HDDGabriel/engines/UnrealEngine/Engine/Source/Runtime/UMG/Public/Components/GridSlot.h,1,0,1
/media/ullmann/HDDGabriel/engines/UnrealEngine/Engine/Source/ThirdParty/openexr/Deploy/openexr-3.1.1/include/OpenEXR/openexr.h,0,11,11
/media/ullmann/HDDGabriel/engines/UnrealEngine/Engine/Source/ThirdParty/FreeImage/FreeImage-3.18.0/Source/LibTIFF4/tif_next.c,0,1,1
/media/ullmann/HDDGabriel/engines/UnrealEngine/Engine/Source/Editor/BlueprintGraph/Classes/K2Node_InputKeyEvent.h,0,1,1
/media/ullmann/HDDGabriel/engines/UnrealEngine/Engine/Source/ThirdParty/ICU/icu4c-53_1/source/test/cintltst/cfintst.c,0,4,4
/media/ullmann/HDDGabriel/engines/UnrealEngine/Engine/Source/Runtime/Apple/MetalRHI/Private/MetalVertexBuffer.cpp,0,5,5
/media/ullmann/HDDGabriel/engines/UnrealEngine/Engine/Source/ThirdParty/FreeType2/FreeType2-2.4.12/src/cff/cf2font.h,6,2,8
/media/ullmann/HDDGabriel/engines/UnrealEngine/Engine/Source/Runtime/Renderer/Private/VT/TexturePageLocks.cpp,0,1,1
/media/ullmann/HDDGabriel/engines/UnrealEngine/Engine/Source/Runtime/Renderer/Private/VT/TexturePageLocks.h,1,0,1
/media/ullmann/HDDGabriel/engines/UnrealEngine/Engine/Source/ThirdParty/SDL2/SDL-gui-backend/src/libm/k_sin.c,0,2,2
/media/ullmann/HDDGabriel/engines/UnrealEngine/Engine/Source/Runtime/Engine/Private/KismetSystemLibrary.cpp,0,2,2
/media/ullmann/HDDGabriel/engines/UnrealEngine/Engine/Source/Runtime/Engine/Private/KismetTraceUtils.h,2,0,2
/media/ullmann/HDDGabriel/engines/UnrealEngine/Engine/Source/ThirdParty/SDL2/SDL-gui-backend/src/video/raspberry/SDL_rpimouse.c,0,6,6
/media/ullmann/HDDGabriel/engines/UnrealEngine/Engine/Source/ThirdParty/FreeImage/FreeImage-3.18.0/Source/LibPNG/pngerror.c,0,1,1
/media/ullmann/HDDGabriel/engines/UnrealEngine/Engine/Source/ThirdParty/FreeImage/FreeImage-3.18.0/Source/LibPNG/pngpriv.h,15,5,20
/media/ullmann/HDDGabriel/engines/UnrealEngine/Engine/Source/Runtime/Projects/Private/PluginReferenceDescriptor.cpp,0,1,1
/media/ullmann/HDDGabriel/engines/UnrealEngine/Engine/Source/Runtime/Projects/Private/JsonExtensions.h,2,0,2
/media/ullmann/HDDGabriel/engines/UnrealEngine/Engine/Source/ThirdParty/Intel/TBB/IntelTBB-2019u8/include/tbb/enumerable_thread_specific.h,3,10,13
/media/ullmann/HDDGabriel/engines/UnrealEngine/Engine/Source/ThirdParty/PhysX3/APEX_1.4/module/clothing_legacy/include/autogen/ClothingCookedParam_0p1.h,1,0,1
/media/ullmann/HDDGabriel/engines/UnrealEngine/Engine/Source/ThirdParty/Intel/ISPC/ispc-1.16.1/src/type.h,12,2,14
/media/ullmann/HDDGabriel/engines/UnrealEngine/Engine/Source/ThirdParty/PhysX3/PhysX_3.4/Source/LowLevelDynamics/src/DySolverContactPF4.h,4,0,4
/media/ullmann/HDDGabriel/engines/UnrealEngine/Engine/Source/ThirdParty/PhysX3/PhysX_3.4/Source/GeomUtils/src/pcm/GuPCMContactSphereMesh.cpp,0,2,2
/media/ullmann/HDDGabriel/engines/UnrealEngine/Engine/Source/ThirdParty/PhysX3/PhysX_3.4/Source/GeomUtils/src/pcm/GuPCMContactConvexCommon.h,8,1,9
/media/ullmann/HDDGabriel/engines/UnrealEngine/Engine/Source/ThirdParty/Perforce/p4api-2014.2/include/p4/clientapi.h,0,11,11
/media/ullmann/HDDGabriel/engines/UnrealEngine/Engine/Source/ThirdParty/Perforce/p4api-2014.2/include/p4/strdict.h,1,0,1
/media/ullmann/HDDGabriel/engines/UnrealEngine/Engine/Source/ThirdParty/PhysX3/PhysX_3.4/Include/geometry/PxGeometryHelpers.h,3,8,11
/media/ullmann/HDDGabriel/engines/UnrealEngine/Engine/Source/ThirdParty/PhysX3/PhysX_3.4/Include/geometry/PxCapsuleGeometry.h,2,0,2
/media/ullmann/HDDGabriel/engines/UnrealEngine/Engine/Source/ThirdParty/ShaderConductor/ShaderConductor/External/DirectXShaderCompiler/tools/clang/lib/StaticAnalyzer/Checkers/ArrayBoundCheckerV2.cpp,0,1,1
/media/ullmann/HDDGabriel/engines/UnrealEngine/Engine/Source/ThirdParty/PLCrashReporter/PLCrashReporter/Source/PLCrashAsyncDwarfEncoding.cpp,0,2,2
/media/ullmann/HDDGabriel/engines/UnrealEngine/Engine/Source/ThirdParty/WebRTC/4147/Include/tools/clang/blink_gc_plugin/tests/templated_class_with_local_class_requires_trace.h,0,1,1
/media/ullmann/HDDGabriel/engines/UnrealEngine/Engine/Source/ThirdParty/libSampleRate/Private/src_sinc.cpp,0,5,5
/media/ullmann/HDDGabriel/engines/UnrealEngine/Engine/Source/ThirdParty/libSampleRate/Private/common.h,4,0,4
/media/ullmann/HDDGabriel/engines/UnrealEngine/Engine/Source/ThirdParty/ICU/icu4c-64_1/source/test/intltest/numrgts.h,2,1,3
/media/ullmann/HDDGabriel/engines/UnrealEngine/Engine/Source/Programs/Enterprise/Datasmith/DatasmithARCHICADExporter/Private/Utils/ElementTools.cpp,0,2,2
/media/ullmann/HDDGabriel/engines/UnrealEngine/Engine/Source/ThirdParty/ShaderConductor/ShaderConductor/External/DirectXShaderCompiler/tools/clang/lib/SPIRV/DeclResultIdMapper.cpp,0,3,3
/media/ullmann/HDDGabriel/engines/UnrealEngine/Engine/Source/ThirdParty/ShaderConductor/ShaderConductor/External/DirectXShaderCompiler/tools/clang/lib/SPIRV/SpirvEmitter.h,5,1,6
/media/ullmann/HDDGabriel/engines/UnrealEngine/Engine/Source/Runtime/Slate/Public/Framework/Text/IRun.h,3,0,3
/media/ullmann/HDDGabriel/engines/UnrealEngine/Engine/Source/ThirdParty/FreeType2/FreeType2-2.10.4/src/otvalid/otvjstf.c,1,3,4
/media/ullmann/HDDGabriel/engines/UnrealEngine/Engine/Source/ThirdParty/FreeType2/FreeType2-2.10.4/src/otvalid/otvgpos.h,3,0,3
/media/ullmann/HDDGabriel/engines/UnrealEngine/Engine/Source/ThirdParty/FreeImage/FreeImage-3.18.0/TestAPI/testJPEG.cpp,0,1,1
/media/ullmann/HDDGabriel/engines/UnrealEngine/Engine/Source/Developer/CollisionAnalyzer/Private/SCAQueryTableRow.h,2,1,3
/media/ullmann/HDDGabriel/engines/UnrealEngine/Engine/Source/Developer/CollisionAnalyzer/Private/SCollisionAnalyzer.h,4,1,5
/media/ullmann/HDDGabriel/engines/UnrealEngine/Engine/Source/ThirdParty/FreeType2/FreeType2-2.6/Src/base/ftbase.c,0,14,14
/media/ullmann/HDDGabriel/engines/UnrealEngine/Engine/Source/ThirdParty/FreeType2/FreeType2-2.6/Src/base/ftadvanc.c,1,0,1
/media/ullmann/HDDGabriel/engines/UnrealEngine/Engine/Source/ThirdParty/libOpus/opus-1.1/IOS/libOpus/include/opus.h,1,2,3
/media/ullmann/HDDGabriel/engines/UnrealEngine/Engine/Source/ThirdParty/libOpus/opus-1.1/IOS/libOpus/include/opus_types.h,2,0,2
/media/ullmann/HDDGabriel/engines/UnrealEngine/Engine/Source/ThirdParty/libstrophe/libstrophe-0.9.3/src/tls.h,6,2,8
/media/ullmann/HDDGabriel/engines/UnrealEngine/Engine/Source/ThirdParty/Android/libunwind/libunwind/src/arm/Gcreate_addr_space.c,1,1,2
/media/ullmann/HDDGabriel/engines/UnrealEngine/Engine/Source/ThirdParty/SDL2/SDL-gui-backend/src/sensor/SDL_sensor.c,0,3,3
/media/ullmann/HDDGabriel/engines/UnrealEngine/Engine/Source/ThirdParty/SDL2/SDL-gui-backend/src/sensor/SDL_syssensor.h,5,1,6
/media/ullmann/HDDGabriel/engines/UnrealEngine/Engine/Source/Developer/AssetTools/Private/AssetTypeActions/AssetTypeActions_CameraAnim.h,1,0,1
/media/ullmann/HDDGabriel/engines/UnrealEngine/Engine/Source/Runtime/GeometryCore/Public/SegmentTypes.h,3,2,5
/media/ullmann/HDDGabriel/engines/UnrealEngine/Engine/Source/ThirdParty/Oculus/LibOVRPlatform/LibOVRPlatform/include/OVR_Requests_Entitlement.h,1,2,3
/media/ullmann/HDDGabriel/engines/UnrealEngine/Engine/Source/Developer/CrashDebugHelper/Private/Mac/CrashDebugHelperMac.cpp,0,1,1
/media/ullmann/HDDGabriel/engines/UnrealEngine/Engine/Source/Developer/CrashDebugHelper/Private/Mac/CrashDebugHelperMac.h,1,0,1
/media/ullmann/HDDGabriel/engines/UnrealEngine/Engine/Source/Editor/SkeletalMeshEditor/Private/SkeletalMeshEditorMode.cpp,0,3,3
/media/ullmann/HDDGabriel/engines/UnrealEngine/Engine/Source/Editor/SkeletalMeshEditor/Private/SkeletalMeshEditorMode.h,2,0,2
/media/ullmann/HDDGabriel/engines/UnrealEngine/Engine/Source/ThirdParty/ICU/icu4c-53_1/source/i18n/decimalformatpattern.cpp,0,3,3
/media/ullmann/HDDGabriel/engines/UnrealEngine/Engine/Source/ThirdParty/ICU/icu4c-53_1/source/i18n/decimalformatpattern.h,2,1,3
/media/ullmann/HDDGabriel/engines/UnrealEngine/Engine/Source/Editor/StaticMeshEditor/Private/StaticMeshEditor.cpp,0,6,6
/media/ullmann/HDDGabriel/engines/UnrealEngine/Engine/Source/Editor/StaticMeshEditor/Private/StaticMeshEditorModeUILayer.h,2,0,2
/media/ullmann/HDDGabriel/engines/UnrealEngine/Engine/Source/ThirdParty/ShaderConductor/ShaderConductor/External/DirectXShaderCompiler/lib/DxilPIXPasses/DxilPIXMeshShaderOutputInstrumentation.cpp,0,1,1
/media/ullmann/HDDGabriel/engines/UnrealEngine/Engine/Source/ThirdParty/ShaderConductor/ShaderConductor/External/DirectXShaderCompiler/lib/DxilPIXPasses/PixPassHelpers.h,9,0,9
/media/ullmann/HDDGabriel/engines/UnrealEngine/Engine/Source/ThirdParty/Boost/boost-1_70_0/include/boost/outcome/boost_result.hpp,2,2,4
/media/ullmann/HDDGabriel/engines/UnrealEngine/Engine/Source/ThirdParty/Boost/boost-1_70_0/include/boost/outcome/config.hpp,11,1,12
/media/ullmann/HDDGabriel/engines/UnrealEngine/Engine/Source/ThirdParty/Imath/Imath-3.1.3/src/python/PyImath/PyImathUtil.h,3,2,5
/media/ullmann/HDDGabriel/engines/UnrealEngine/Engine/Source/ThirdParty/libOpus/opus-1.0.3/celt/cwrs.h,5,4,9
/media/ullmann/HDDGabriel/engines/UnrealEngine/Engine/Source/ThirdParty/libOpus/opus-1.0.3/celt/entenc.h,8,1,9
/media/ullmann/HDDGabriel/engines/UnrealEngine/Engine/Source/Runtime/Engine/Public/PhysicsPublic.h,0,3,3
/media/ullmann/HDDGabriel/engines/UnrealEngine/Engine/Source/Runtime/Engine/Public/DynamicMeshBuilder.h,3,3,6
/media/ullmann/HDDGabriel/engines/UnrealEngine/Engine/Source/ThirdParty/libOpus/opus-1.0.3/silk/fixed/LTP_analysis_filter_FIX.c,0,1,1
/media/ullmann/HDDGabriel/engines/UnrealEngine/Engine/Source/ThirdParty/libOpus/opus-1.0.3/silk/fixed/main_FIX.h,16,1,17
/media/ullmann/HDDGabriel/engines/UnrealEngine/Engine/Source/Editor/FontEditor/Private/SFontEditorViewport.cpp,0,1,1
/media/ullmann/HDDGabriel/engines/UnrealEngine/Engine/Source/Editor/FontEditor/Private/SFontEditorViewport.h,2,0,2
/media/ullmann/HDDGabriel/engines/UnrealEngine/Engine/Source/ThirdParty/Intel/Embree/Embree2140/src/common/simd/avx.h,4,11,15
/media/ullmann/HDDGabriel/engines/UnrealEngine/Engine/Source/ThirdParty/Intel/Embree/Embree2140/src/common/simd/vboold4_avx.h,1,0,1
/media/ullmann/HDDGabriel/engines/UnrealEngine/Engine/Source/ThirdParty/openexr/openexr-3.1.1/src/lib/OpenEXRUtil/ImfSampleCountChannel.cpp,0,3,3
/media/ullmann/HDDGabriel/engines/UnrealEngine/Engine/Source/ThirdParty/SDL2/SDL-gui-backend/src/video/raspberry/SDL_rpiopengles.h,2,3,5
/media/ullmann/HDDGabriel/engines/UnrealEngine/Engine/Source/ThirdParty/Intel/TBB/IntelTBB-2019u8/examples/parallel_for/tachyon/src/box.h,5,0,5
/media/ullmann/HDDGabriel/engines/UnrealEngine/Engine/Source/ThirdParty/PhysX3/PhysX_3.4/Source/SimulationController/src/particles/ScParticleSystemCore.cpp,0,1,1
/media/ullmann/HDDGabriel/engines/UnrealEngine/Engine/Source/ThirdParty/PhysX3/PhysX_3.4/Source/SimulationController/src/particles/ScParticleSystemSim.h,4,1,5
/media/ullmann/HDDGabriel/engines/UnrealEngine/Engine/Source/ThirdParty/MCPP/mcpp-2.7.2/test-l/nest53.h,1,1,2
/media/ullmann/HDDGabriel/engines/UnrealEngine/Engine/Source/ThirdParty/MCPP/mcpp-2.7.2/test-l/nest54.h,1,1,2
/media/ullmann/HDDGabriel/engines/UnrealEngine/Engine/Source/Editor/IntroTutorials/Private/EditorTutorialFactory.cpp,0,1,1
/media/ullmann/HDDGabriel/engines/UnrealEngine/Engine/Source/Editor/IntroTutorials/Private/EditorTutorialFactory.h,1,0,1
/media/ullmann/HDDGabriel/engines/UnrealEngine/Engine/Source/ThirdParty/ICU/icu4c-64_1/source/test/cintltst/cnumtst.c,0,2,2
/media/ullmann/HDDGabriel/engines/UnrealEngine/Engine/Source/ThirdParty/ICU/icu4c-64_1/source/test/cintltst/cnumtst.h,1,1,2
/media/ullmann/HDDGabriel/engines/UnrealEngine/Engine/Source/ThirdParty/ICU/icu4c-53_1/source/layout/CursiveAttachmentSubtables.h,3,3,6
/media/ullmann/HDDGabriel/engines/UnrealEngine/Engine/Source/ThirdParty/SDL2/SDL-gui-backend/src/video/haiku/SDL_bframebuffer.cc,0,5,5
/media/ullmann/HDDGabriel/engines/UnrealEngine/Engine/Source/ThirdParty/SDL2/SDL-gui-backend/src/video/haiku/SDL_bmodes.h,3,1,4
/media/ullmann/HDDGabriel/engines/UnrealEngine/Engine/Source/ThirdParty/ICU/icu4c-64_1/source/common/unicode/uchriter.h,7,0,7
/media/ullmann/HDDGabriel/engines/UnrealEngine/Engine/Source/ThirdParty/ICU/icu4c-64_1/source/common/umapfile.cpp,0,9,9
/media/ullmann/HDDGabriel/engines/UnrealEngine/Engine/Source/ThirdParty/ICU/icu4c-53_1/source/common/unistr_case.cpp,0,9,9
/media/ullmann/HDDGabriel/engines/UnrealEngine/Engine/Source/ThirdParty/ICU/icu4c-53_1/source/common/unicode/ustring.h,48,0,48
/media/ullmann/HDDGabriel/engines/UnrealEngine/Engine/Source/ThirdParty/ICU/icu4c-53_1/source/common/unormcmp.cpp,0,8,8
/media/ullmann/HDDGabriel/engines/UnrealEngine/Engine/Source/Runtime/Apple/MetalRHI/Private/MetalShaders.cpp,0,8,8
/media/ullmann/HDDGabriel/engines/UnrealEngine/Engine/Source/ThirdParty/ICU/icu4c-64_1/source/i18n/smpdtfmt.cpp,0,22,22
/media/ullmann/HDDGabriel/engines/UnrealEngine/Engine/Source/ThirdParty/ICU/icu4c-64_1/source/i18n/hebrwcal.h,3,2,5
/media/ullmann/HDDGabriel/engines/UnrealEngine/Engine/Source/ThirdParty/ICU/icu4c-64_1/source/test/intltest/tokiter.cpp,0,2,2
/media/ullmann/HDDGabriel/engines/UnrealEngine/Engine/Source/ThirdParty/ICU/icu4c-64_1/source/test/intltest/textfile.h,4,1,5
/media/ullmann/HDDGabriel/engines/UnrealEngine/Engine/Source/Editor/Sequencer/Private/SSequencer.cpp,0,26,26
/media/ullmann/HDDGabriel/engines/UnrealEngine/Engine/Source/ThirdParty/PhysX3/PhysX_3.4/Source/SceneQuery/src/SqIncrementalAABBTree.cpp,0,4,4
/media/ullmann/HDDGabriel/engines/UnrealEngine/Engine/Source/ThirdParty/PhysX3/PhysX_3.4/Source/SceneQuery/src/SqBounds.h,6,0,6
/media/ullmann/HDDGabriel/engines/UnrealEngine/Engine/Source/ThirdParty/HarfBuzz/harfbuzz-2.4.0/src/hb-ot-layout.cc,0,16,16
/media/ullmann/HDDGabriel/engines/UnrealEngine/Engine/Source/ThirdParty/HarfBuzz/harfbuzz-2.4.0/src/hb-ot-layout.hh,5,0,5
/media/ullmann/HDDGabriel/engines/UnrealEngine/Engine/Source/Editor/UnrealEd/Private/Cooker/CookRequests.cpp,0,3,3
/media/ullmann/HDDGabriel/engines/UnrealEngine/Engine/Source/Editor/UnrealEd/Private/Cooker/CookPlatformManager.h,4,1,5
/media/ullmann/HDDGabriel/engines/UnrealEngine/Engine/Source/ThirdParty/CryptoPP/5.6.2/include/tiger.h,5,2,7
/media/ullmann/HDDGabriel/engines/UnrealEngine/Engine/Source/Editor/Blutility/Private/BlutilityModule.cpp,0,5,5
/media/ullmann/HDDGabriel/engines/UnrealEngine/Engine/Source/Editor/Blutility/Private/AssetTypeActions_EditorUtilityWidgetBlueprint.h,2,0,2
/media/ullmann/HDDGabriel/engines/UnrealEngine/Engine/Source/ThirdParty/SDL2/SDL-gui-backend/include/SDL_vulkan.h,0,3,3
/media/ullmann/HDDGabriel/engines/UnrealEngine/Engine/Source/Runtime/MovieSceneTracks/Public/Sections/MovieSceneAudioSection.h,0,1,1
/media/ullmann/HDDGabriel/engines/UnrealEngine/Engine/Source/Runtime/Engine/Classes/Components/AudioComponent.h,2,0,2
/media/ullmann/HDDGabriel/engines/UnrealEngine/Engine/Source/ThirdParty/FreeType2/FreeType2-2.4.12/src/type42/t42types.h,1,0,1
/media/ullmann/HDDGabriel/engines/UnrealEngine/Engine/Source/ThirdParty/Boost/boost-1_70_0/include/boost/polygon/segment_data.hpp,1,2,3
/media/ullmann/HDDGabriel/engines/UnrealEngine/Engine/Source/Editor/DetailCustomizations/Private/FbxSceneImportDataDetails.cpp,0,1,1
/media/ullmann/HDDGabriel/engines/UnrealEngine/Engine/Source/Editor/DetailCustomizations/Private/FbxSceneImportDataDetails.h,2,0,2
/media/ullmann/HDDGabriel/engines/UnrealEngine/Engine/Source/Editor/MovieSceneTools/Private/MovieSceneCVarOverridesPropertyTypeCustomization.cpp,0,1,1
/media/ullmann/HDDGabriel/engines/UnrealEngine/Engine/Source/Editor/MovieSceneTools/Private/MovieSceneCVarOverridesPropertyTypeCustomization.h,2,0,2
/media/ullmann/HDDGabriel/engines/UnrealEngine/Engine/Source/Editor/DetailCustomizations/Private/BoundsCopyComponentDetails.h,2,0,2
/media/ullmann/HDDGabriel/engines/UnrealEngine/Engine/Source/ThirdParty/Intel/TBB/IntelTBB-2019u8/src/rml/test/test_rml_omp.cpp,0,1,1
/media/ullmann/HDDGabriel/engines/UnrealEngine/Engine/Source/ThirdParty/Intel/TBB/IntelTBB-2019u8/src/rml/test/test_server.h,2,0,2
/media/ullmann/HDDGabriel/engines/UnrealEngine/Engine/Source/ThirdParty/FreeType2/FreeType2-2.10.0/src/autofit/afblue.c,1,1,2
/media/ullmann/HDDGabriel/engines/UnrealEngine/Engine/Source/Runtime/Renderer/Private/DistanceFieldShadowing.cpp,0,9,9
/media/ullmann/HDDGabriel/engines/UnrealEngine/Engine/Source/ThirdParty/ICU/icu4c-53_1/source/common/ustrenum.cpp,0,9,9
/media/ullmann/HDDGabriel/engines/UnrealEngine/Engine/Source/ThirdParty/Oculus/LibOVRPlatform/LibOVRPlatform/include/OVR_VoipOptions.h,2,4,6
/media/ullmann/HDDGabriel/engines/UnrealEngine/Engine/Source/ThirdParty/Oculus/LibOVRPlatform/LibOVRPlatform/include/OVR_VoipDtxState.h,1,1,2
/media/ullmann/HDDGabriel/engines/UnrealEngine/Engine/Source/ThirdParty/PhysX3/PhysX_3.4/Source/LowLevelParticles/src/PtCollision.cpp,0,5,5
/media/ullmann/HDDGabriel/engines/UnrealEngine/Engine/Source/ThirdParty/PhysX3/PhysX_3.4/Source/LowLevelParticles/src/PtCollisionHelper.h,1,2,3
/media/ullmann/HDDGabriel/engines/UnrealEngine/Engine/Source/ThirdParty/CryptoPP/5.6.5/include/rijndael.cpp,0,6,6
/media/ullmann/HDDGabriel/engines/UnrealEngine/Engine/Source/ThirdParty/glslang/glslang/src/glslang_lib/hlsl/hlslTokenStream.cpp,0,1,1
/media/ullmann/HDDGabriel/engines/UnrealEngine/Engine/Source/ThirdParty/Vorbis/libvorbis-1.3.2/lib/mapping0.c,0,12,12
/media/ullmann/HDDGabriel/engines/UnrealEngine/Engine/Source/ThirdParty/Vorbis/libvorbis-1.3.2/lib/window.h,4,0,4
/media/ullmann/HDDGabriel/engines/UnrealEngine/Engine/Source/ThirdParty/ICU/icu4c-53_1/source/test/intltest/trcoll.cpp,0,2,2
/media/ullmann/HDDGabriel/engines/UnrealEngine/Engine/Source/ThirdParty/ICU/icu4c-53_1/source/test/intltest/sfwdchit.h,14,1,15
/media/ullmann/HDDGabriel/engines/UnrealEngine/Engine/Source/Editor/IntroTutorials/Private/TutorialText.cpp,0,4,4
/media/ullmann/HDDGabriel/engines/UnrealEngine/Engine/Source/Editor/IntroTutorials/Private/TutorialText.h,3,0,3
/media/ullmann/HDDGabriel/engines/UnrealEngine/Engine/Source/ThirdParty/WebRTC/4147/Include/third_party/opus/src/silk/NSQ.h,0,2,2
/media/ullmann/HDDGabriel/engines/UnrealEngine/Engine/Source/ThirdParty/ICU/icu4c-53_1/source/layout/SingleTableProcessor2.cpp,0,8,8
/media/ullmann/HDDGabriel/engines/UnrealEngine/Engine/Source/ThirdParty/ICU/icu4c-53_1/source/common/ulocimp.h,7,1,8
/media/ullmann/HDDGabriel/engines/UnrealEngine/Engine/Source/Developer/TraceServices/Private/Model/AllocationsQuery.cpp,0,2,2
/media/ullmann/HDDGabriel/engines/UnrealEngine/Engine/Source/Developer/TraceServices/Private/Model/SbTree.h,3,1,4
/media/ullmann/HDDGabriel/engines/UnrealEngine/Engine/Source/ThirdParty/ShaderConductor/ShaderConductor/External/DirectXShaderCompiler/tools/clang/tools/libclang/CXLoadedDiagnostic.cpp,0,2,2
/media/ullmann/HDDGabriel/engines/UnrealEngine/Engine/Source/Runtime/RuntimeAssetCache/Private/RuntimeAssetCacheModule.cpp,0,1,1
/media/ullmann/HDDGabriel/engines/UnrealEngine/Engine/Source/Runtime/RuntimeAssetCache/Private/RuntimeAssetCache.h,2,1,3
/media/ullmann/HDDGabriel/engines/UnrealEngine/Engine/Source/ThirdParty/ICU/icu4c-64_1/source/test/intltest/selfmts.cpp,0,1,1
/media/ullmann/HDDGabriel/engines/UnrealEngine/Engine/Source/ThirdParty/Perforce/p4api-2021.2/Include/Mac/p4/stdhdrs.h,1,2,3
/media/ullmann/HDDGabriel/engines/UnrealEngine/Engine/Source/ThirdParty/Perforce/p4api-2021.2/Include/Mac/p4/sanitizers.h,1,0,1
/media/ullmann/HDDGabriel/engines/UnrealEngine/Engine/Source/ThirdParty/Intel/Embree/Embree270/src/common/sys/network.cpp,0,3,3
/media/ullmann/HDDGabriel/engines/UnrealEngine/Engine/Source/ThirdParty/Intel/Embree/Embree270/src/common/sys/mutex.h,10,2,12
/media/ullmann/HDDGabriel/engines/UnrealEngine/Engine/Source/ThirdParty/Crunch/src/crnlib/crn_threading_win32.h,2,1,3
/media/ullmann/HDDGabriel/engines/UnrealEngine/Engine/Source/ThirdParty/Crunch/src/crnlib/crn_atomics.h,3,1,4
/media/ullmann/HDDGabriel/engines/UnrealEngine/Engine/Source/ThirdParty/ICU/icu4c-53_1/source/i18n/zonemeta.cpp,0,6,6
/media/ullmann/HDDGabriel/engines/UnrealEngine/Engine/Source/ThirdParty/ICU/icu4c-53_1/source/i18n/unicode/timezone.h,10,0,10
/media/ullmann/HDDGabriel/engines/UnrealEngine/Engine/Source/ThirdParty/Crunch/src/crnlib/lzma_LzFindMt.cpp,0,3,3
/media/ullmann/HDDGabriel/engines/UnrealEngine/Engine/Source/ThirdParty/Crunch/src/crnlib/lzma_LzHash.h,2,0,2
/media/ullmann/HDDGabriel/engines/UnrealEngine/Engine/Source/ThirdParty/Intel/TBB/IntelTBB-2019u8/examples/parallel_for/tachyon/msvs/win8ui/DirectXPage.xaml.h,3,1,4
/media/ullmann/HDDGabriel/engines/UnrealEngine/Engine/Source/ThirdParty/Intel/TBB/IntelTBB-2019u8/examples/parallel_for/tachyon/msvs/win8ui/tbbTachyonRenderer.h,2,1,3
/media/ullmann/HDDGabriel/engines/UnrealEngine/Engine/Source/ThirdParty/CryptoPP/5.6.5/include/xtr.cpp,0,7,7
/media/ullmann/HDDGabriel/engines/UnrealEngine/Engine/Source/Editor/PhysicsAssetEditor/Private/PhysicsAssetGraph/PhysicsAssetGraphNode_Constraint.cpp,0,2,2
/media/ullmann/HDDGabriel/engines/UnrealEngine/Engine/Source/ThirdParty/llvm/8/include/llvm/DebugInfo/PDB/PDBSymbolThunk.h,0,2,2
/media/ullmann/HDDGabriel/engines/UnrealEngine/Engine/Source/ThirdParty/SDL2/SDL-gui-backend/src/video/os2/SDL_os2mouse.c,0,4,4
/media/ullmann/HDDGabriel/engines/UnrealEngine/Engine/Source/ThirdParty/PhysX3/APEX_1.4/common/include/ApexCudaTest.h,1,3,4
/media/ullmann/HDDGabriel/engines/UnrealEngine/Engine/Source/ThirdParty/PhysX3/APEX_1.4/common/include/SceneIntl.h,3,0,3
/media/ullmann/HDDGabriel/engines/UnrealEngine/Engine/Source/Editor/UnrealEd/Private/GeomFitUtils.h,2,0,2
/media/ullmann/HDDGabriel/engines/UnrealEngine/Engine/Source/Programs/Enterprise/Datasmith/DatasmithARCHICADExporter/Private/DatasmithHashTools.cpp,0,1,1
/media/ullmann/HDDGabriel/engines/UnrealEngine/Engine/Source/Programs/Enterprise/Datasmith/DatasmithARCHICADExporter/Private/DatasmithHashTools.h,2,1,3
/media/ullmann/HDDGabriel/engines/UnrealEngine/Engine/Source/ThirdParty/ICU/icu4c-64_1/source/i18n/uregexc.cpp,0,1,1
/media/ullmann/HDDGabriel/engines/UnrealEngine/Engine/Source/ThirdParty/ICU/icu4c-64_1/source/i18n/unicode/uregex.h,5,0,5
/media/ullmann/HDDGabriel/engines/UnrealEngine/Engine/Source/ThirdParty/BLAKE3/0.3.7/c/blake3_sse2.c,0,1,1
/media/ullmann/HDDGabriel/engines/UnrealEngine/Engine/Source/ThirdParty/BLAKE3/0.3.7/c/blake3_impl.h,9,1,10
/media/ullmann/HDDGabriel/engines/UnrealEngine/Engine/Source/ThirdParty/ShaderConductor/ShaderConductor/External/DirectXShaderCompiler/utils/TableGen/InstrInfoEmitter.cpp,0,5,5
/media/ullmann/HDDGabriel/engines/UnrealEngine/Engine/Source/ThirdParty/ShaderConductor/ShaderConductor/External/DirectXShaderCompiler/utils/TableGen/SequenceToOffsetTable.h,4,0,4
/media/ullmann/HDDGabriel/engines/UnrealEngine/Engine/Source/ThirdParty/EOSSDK/SDK/Bin/IOS/EOSSDK.framework/Headers/eos_sanctions.h,0,1,1
/media/ullmann/HDDGabriel/engines/UnrealEngine/Engine/Source/ThirdParty/EOSSDK/SDK/Bin/IOS/EOSSDK.framework/Headers/eos_sanctions_types.h,2,1,3
/media/ullmann/HDDGabriel/engines/UnrealEngine/Engine/Source/Editor/SceneOutliner/Public/SceneOutlinerGutter.h,0,3,3
/media/ullmann/HDDGabriel/engines/UnrealEngine/Engine/Source/Editor/SceneOutliner/Public/ISceneOutlinerColumn.h,3,1,4
/media/ullmann/HDDGabriel/engines/UnrealEngine/Engine/Source/ThirdParty/openexr/Deploy/openexr-3.1.1/include/OpenEXR/ImfCheckFile.h,0,2,2
/media/ullmann/HDDGabriel/engines/UnrealEngine/Engine/Source/ThirdParty/CryptoPP/5.6.5/include/sha.cpp,0,6,6
/media/ullmann/HDDGabriel/engines/UnrealEngine/Engine/Source/ThirdParty/Intel/Embree/Embree2140/src/common/algorithms/parallel_sort.cpp,0,2,2
/media/ullmann/HDDGabriel/engines/UnrealEngine/Engine/Source/ThirdParty/Intel/Embree/Embree2140/src/common/algorithms/parallel_sort.h,4,1,5
/media/ullmann/HDDGabriel/engines/UnrealEngine/Engine/Source/ThirdParty/FreeType2/FreeType2-2.4.12/src/psnames/psmodule.c,1,4,5
/media/ullmann/HDDGabriel/engines/UnrealEngine/Engine/Source/ThirdParty/FreeType2/FreeType2-2.4.12/src/psnames/pstables.h,1,0,1
/media/ullmann/HDDGabriel/engines/UnrealEngine/Engine/Source/ThirdParty/Alembic/alembic-1.8.2/python/PyAlembic/PyIFaceSet.cpp,0,3,3
/media/ullmann/HDDGabriel/engines/UnrealEngine/Engine/Source/ThirdParty/Steamworks/Steamv146/sdk/public/steam/isteammusic.h,2,1,3
/media/ullmann/HDDGabriel/engines/UnrealEngine/Engine/Source/ThirdParty/PhysX3/APEX_1.4/include/UserRenderIndexBuffer.h,1,1,2
/media/ullmann/HDDGabriel/engines/UnrealEngine/Engine/Source/Developer/IOS/IOSPlatformEditor/Private/SCertificateListRow.h,1,1,2
/media/ullmann/HDDGabriel/engines/UnrealEngine/Engine/Source/Developer/IOS/IOSPlatformEditor/Private/IOSTargetSettingsCustomization.h,4,0,4
/media/ullmann/HDDGabriel/engines/UnrealEngine/Engine/Source/ThirdParty/WebRTC/4147/Include/third_party/opus/src/celt/pitch.h,0,5,5
/media/ullmann/HDDGabriel/engines/UnrealEngine/Engine/Source/ThirdParty/WebRTC/4147/Include/third_party/opus/src/celt/mips/pitch_mipsr1.h,1,0,1
/media/ullmann/HDDGabriel/engines/UnrealEngine/Engine/Source/ThirdParty/libOpus/opus-1.0.3/celt/celt.h,3,3,6
/media/ullmann/HDDGabriel/engines/UnrealEngine/Engine/Source/ThirdParty/Perforce/P4Api.Net/p4bridge-unit-test/TestSuiteTest.cpp,0,1,1
/media/ullmann/HDDGabriel/engines/UnrealEngine/Engine/Source/ThirdParty/Perforce/P4Api.Net/p4bridge-unit-test/TestSuiteTest.h,1,0,1
/media/ullmann/HDDGabriel/engines/UnrealEngine/Engine/Source/Runtime/OpenGLDrv/Private/OpenGLCommands.cpp,0,1,1
/media/ullmann/HDDGabriel/engines/UnrealEngine/Engine/Source/Runtime/OpenGLDrv/Private/OpenGLDrvPrivate.h,14,0,14
/media/ullmann/HDDGabriel/engines/UnrealEngine/Engine/Source/Runtime/Analytics/Analytics/Public/Analytics.h,0,2,2
/media/ullmann/HDDGabriel/engines/UnrealEngine/Engine/Source/Runtime/Analytics/Analytics/Public/AnalyticsBuildType.h,1,0,1
/media/ullmann/HDDGabriel/engines/UnrealEngine/Engine/Source/Developer/AssetTools/Private/AssetTypeActions/AssetTypeActions_TextureRenderTargetVolume.h,1,0,1
/media/ullmann/HDDGabriel/engines/UnrealEngine/Engine/Source/Runtime/Renderer/Private/DistanceFieldAmbientOcclusion.cpp,0,11,11
/media/ullmann/HDDGabriel/engines/UnrealEngine/Engine/Source/ThirdParty/CryptoPP/5.6.5/include/rabin.cpp,0,7,7
/media/ullmann/HDDGabriel/engines/UnrealEngine/Engine/Source/ThirdParty/WiX/3.8/sdk/inc/IBootstrapperBAFunction.h,0,1,1
/media/ullmann/HDDGabriel/engines/UnrealEngine/Engine/Source/ThirdParty/WiX/3.8/sdk/inc/IBootstrapperEngine.h,2,0,2
/media/ullmann/HDDGabriel/engines/UnrealEngine/Engine/Source/ThirdParty/Intel/ISPC/ispc-1.17.0/examples/cpu/mandelbrot_tasks/mandelbrot_tasks.cpp,0,1,1
/media/ullmann/HDDGabriel/engines/UnrealEngine/Engine/Source/ThirdParty/FreeType2/FreeType2-2.10.0/src/truetype/ttsubpix.h,3,2,5
/media/ullmann/HDDGabriel/engines/UnrealEngine/Engine/Source/ThirdParty/FreeType2/FreeType2-2.10.0/src/truetype/ttobjs.h,4,0,4
/media/ullmann/HDDGabriel/engines/UnrealEngine/Engine/Source/ThirdParty/openexr/openexr-3.1.1/src/lib/OpenEXRCore/context.c,0,6,6
/media/ullmann/HDDGabriel/engines/UnrealEngine/Engine/Source/ThirdParty/openexr/openexr-3.1.1/src/lib/OpenEXRCore/openexr_part.h,5,2,7
/media/ullmann/HDDGabriel/engines/UnrealEngine/Engine/Source/ThirdParty/HarfBuzz/harfbuzz-1.2.4/src/hb-ot-font.h,1,1,2
/media/ullmann/HDDGabriel/engines/UnrealEngine/Engine/Source/ThirdParty/ICU/icu4c-53_1/source/layout/MPreFixups.h,2,1,3
/media/ullmann/HDDGabriel/engines/UnrealEngine/Engine/Source/Runtime/Renderer/Private/VT/VirtualTextureAllocator.cpp,0,2,2
/media/ullmann/HDDGabriel/engines/UnrealEngine/Engine/Source/Editor/StringTableEditor/Private/StringTableEditor.cpp,0,1,1
/media/ullmann/HDDGabriel/engines/UnrealEngine/Engine/Source/Editor/StringTableEditor/Private/StringTableEditor.h,2,0,2
/media/ullmann/HDDGabriel/engines/UnrealEngine/Engine/Source/ThirdParty/Intel/TBB/IntelTBB-2019u8/src/test/test_malloc_whitebox.cpp,0,8,8
/media/ullmann/HDDGabriel/engines/UnrealEngine/Engine/Source/ThirdParty/Intel/TBB/IntelTBB-2019u8/src/tbbmalloc/tbbmalloc.cpp,1,3,4
/media/ullmann/HDDGabriel/engines/UnrealEngine/Engine/Source/ThirdParty/EOSSDK/SDK/Bin/Android/include/eos_ui_types.h,5,2,7
/media/ullmann/HDDGabriel/engines/UnrealEngine/Engine/Source/ThirdParty/ICU/icu4c-64_1/source/common/ucnvdisp.cpp,0,8,8
/media/ullmann/HDDGabriel/engines/UnrealEngine/Engine/Source/ThirdParty/openexr/Deploy/openexr-3.1.1/include/OpenEXR/ImfTimeCodeAttribute.h,1,4,5
/media/ullmann/HDDGabriel/engines/UnrealEngine/Engine/Source/ThirdParty/openexr/Deploy/openexr-3.1.1/include/OpenEXR/ImfTimeCode.h,1,2,3
/media/ullmann/HDDGabriel/engines/UnrealEngine/Engine/Source/ThirdParty/nvTextureTools/nvTextureTools-2.0.6/src/src/nvtt/Compressor.cpp,0,8,8
/media/ullmann/HDDGabriel/engines/UnrealEngine/Engine/Source/ThirdParty/nvTextureTools/nvTextureTools-2.0.6/src/src/nvtt/CompressDXT.h,2,1,3
/media/ullmann/HDDGabriel/engines/UnrealEngine/Engine/Source/ThirdParty/ICU/icu4c-53_1/source/test/cintltst/cnormtst.c,0,2,2
/media/ullmann/HDDGabriel/engines/UnrealEngine/Engine/Source/ThirdParty/ICU/icu4c-64_1/source/common/ucol_swp.cpp,0,7,7
/media/ullmann/HDDGabriel/engines/UnrealEngine/Engine/Source/Developer/NaniteBuilder/Private/Cluster.cpp,0,2,2
/media/ullmann/HDDGabriel/engines/UnrealEngine/Engine/Source/Developer/NaniteBuilder/Private/GraphPartitioner.h,4,0,4
/media/ullmann/HDDGabriel/engines/UnrealEngine/Engine/Source/ThirdParty/FreeImage/FreeImage-3.18.0/Source/LibOpenJPEG/cio.h,1,1,2
/media/ullmann/HDDGabriel/engines/UnrealEngine/Engine/Source/ThirdParty/FreeImage/FreeImage-3.18.0/Source/LibOpenJPEG/opj_config.h,2,0,2
/media/ullmann/HDDGabriel/engines/UnrealEngine/Engine/Source/ThirdParty/FreeType2/FreeType2-2.10.0/src/pfr/pfrsbit.c,1,3,4
/media/ullmann/HDDGabriel/engines/UnrealEngine/Engine/Source/ThirdParty/FreeType2/FreeType2-2.10.0/src/pfr/pfrsbit.h,3,1,4
/media/ullmann/HDDGabriel/engines/UnrealEngine/Engine/Source/ThirdParty/SDL2/SDL-gui-backend/include/SDL_clipboard.h,1,3,4
/media/ullmann/HDDGabriel/engines/UnrealEngine/Engine/Source/ThirdParty/FreeType2/FreeType2-2.10.0/src/cff/cffload.c,1,3,4
/media/ullmann/HDDGabriel/engines/UnrealEngine/Engine/Source/ThirdParty/FreeType2/FreeType2-2.10.0/src/cff/cffparse.h,4,0,4
/media/ullmann/HDDGabriel/engines/UnrealEngine/Engine/Source/ThirdParty/OpenSubdiv/OpenSubdiv-3.4.4/opensubdiv/osd/tbbEvaluator.h,1,3,4
/media/ullmann/HDDGabriel/engines/UnrealEngine/Engine/Source/ThirdParty/libOpus/opus-1.1/celt/modes.h,14,5,19
/media/ullmann/HDDGabriel/engines/UnrealEngine/Engine/Source/Editor/GraphEditor/Private/KismetNodes/SGraphNodeK2CreateDelegate.cpp,0,7,7
/media/ullmann/HDDGabriel/engines/UnrealEngine/Engine/Source/Editor/BlueprintGraph/Classes/BlueprintEventNodeSpawner.h,2,1,3
/media/ullmann/HDDGabriel/engines/UnrealEngine/Engine/Source/ThirdParty/WebRTC/4147/Include/third_party/libvpx/source/config/linux/arm-neon-cpu-detect/vp9_rtcd.h,0,1,1
/media/ullmann/HDDGabriel/engines/UnrealEngine/Engine/Source/Editor/UnrealEd/Public/AssetThumbnail.h,1,1,2
/media/ullmann/HDDGabriel/engines/UnrealEngine/Engine/Source/ThirdParty/Intel/Embree/Embree3122/MacOSX/include/embree3/rtcore.h,0,9,9
/media/ullmann/HDDGabriel/engines/UnrealEngine/Engine/Source/ThirdParty/Intel/Embree/Embree3122/MacOSX/include/embree3/rtcore_geometry.h,1,2,3
/media/ullmann/HDDGabriel/engines/UnrealEngine/Engine/Source/ThirdParty/SDL2/SDL-gui-backend/src/main/haiku/SDL_BApp.h,6,4,10
/media/ullmann/HDDGabriel/engines/UnrealEngine/Engine/Source/Runtime/Renderer/Private/VT/VirtualTexturePhysicalSpace.h,8,2,10
/media/ullmann/HDDGabriel/engines/UnrealEngine/Engine/Source/ThirdParty/ICU/icu4c-53_1/source/common/ucnvisci.c,0,9,9
/media/ullmann/HDDGabriel/engines/UnrealEngine/Engine/Source/ThirdParty/mtlpp/mtlpp-master-7efad47/src/imp_Library.hpp,1,1,2
/media/ullmann/HDDGabriel/engines/UnrealEngine/Engine/Source/ThirdParty/libOpus/opus-1.3.1-12/silk/A2NLSF.c,0,2,2
/media/ullmann/HDDGabriel/engines/UnrealEngine/Engine/Source/ThirdParty/libOpus/opus-1.3.1-12/silk/tables.h,11,2,13
/media/ullmann/HDDGabriel/engines/UnrealEngine/Engine/Source/ThirdParty/ICU/icu4c-64_1/source/common/unistr.cpp,0,13,13
/media/ullmann/HDDGabriel/engines/UnrealEngine/Engine/Source/ThirdParty/ICU/icu4c-53_1/source/test/iotest/strtst.c,0,1,1
/media/ullmann/HDDGabriel/engines/UnrealEngine/Engine/Source/ThirdParty/ICU/icu4c-53_1/source/test/iotest/iotest.h,5,0,5
/media/ullmann/HDDGabriel/engines/UnrealEngine/Engine/Source/ThirdParty/CryptoPP/5.6.2/include/default.h,2,5,7
/media/ullmann/HDDGabriel/engines/UnrealEngine/Engine/Source/ThirdParty/CryptoPP/5.6.2/include/des.h,7,2,9
/media/ullmann/HDDGabriel/engines/UnrealEngine/Engine/Source/ThirdParty/ICU/icu4c-53_1/source/common/locresdata.cpp,0,7,7
/media/ullmann/HDDGabriel/engines/UnrealEngine/Engine/Source/ThirdParty/FreeType2/FreeType2-2.4.12/src/gxvalid/gxvmort2.c,1,1,2
/media/ullmann/HDDGabriel/engines/UnrealEngine/Engine/Source/ThirdParty/CryptoPP/5.6.2/include/rsa.cpp,0,10,10
/media/ullmann/HDDGabriel/engines/UnrealEngine/Engine/Source/ThirdParty/EOSSDK/SDK/Include/eos_sessions_types.h,2,2,4
/media/ullmann/HDDGabriel/engines/UnrealEngine/Engine/Source/ThirdParty/libstrophe/libstrophe-0.9.3/src/handler.c,0,2,2
/media/ullmann/HDDGabriel/engines/UnrealEngine/Engine/Source/ThirdParty/libstrophe/libstrophe-0.9.3/src/ostypes.h,14,0,14
/media/ullmann/HDDGabriel/engines/UnrealEngine/Engine/Source/ThirdParty/ICU/icu4c-53_1/source/common/ucnv_bld.cpp,0,21,21
/media/ullmann/HDDGabriel/engines/UnrealEngine/Engine/Source/ThirdParty/MCPP/mcpp-2.7.2/test-l/nest52.h,1,1,2
/media/ullmann/HDDGabriel/engines/UnrealEngine/Engine/Source/Editor/BlueprintGraph/Classes/K2Node_CallDelegate.h,0,1,1
/media/ullmann/HDDGabriel/engines/UnrealEngine/Engine/Source/ThirdParty/ShaderConductor/ShaderConductor/External/DirectXShaderCompiler/lib/DxilDia/DxilDiaEnumTables.h,2,2,4
/media/ullmann/HDDGabriel/engines/UnrealEngine/Engine/Source/ThirdParty/ShaderConductor/ShaderConductor/External/DirectXShaderCompiler/lib/DxilDia/DxcPixDxilStorage.cpp,0,5,5
/media/ullmann/HDDGabriel/engines/UnrealEngine/Engine/Source/ThirdParty/ShaderConductor/ShaderConductor/External/DirectXShaderCompiler/lib/DxilDia/DxcPixLiveVariables.h,4,1,5
/media/ullmann/HDDGabriel/engines/UnrealEngine/Engine/Source/ThirdParty/nvTextureTools/nvTextureTools-2.0.6/src/src/nvcore/nvcore.h,0,5,5
/media/ullmann/HDDGabriel/engines/UnrealEngine/Engine/Source/ThirdParty/nvTextureTools/nvTextureTools-2.0.6/src/src/nvcore/poshlib/posh.h,2,0,2
/media/ullmann/HDDGabriel/engines/UnrealEngine/Engine/Source/ThirdParty/Intel/Embree/Embree270/src/kernels/xeon/bvh8/bvh8_builder_sah.cpp,1,9,10
/media/ullmann/HDDGabriel/engines/UnrealEngine/Engine/Source/ThirdParty/Intel/Embree/Embree270/src/kernels/xeon/builders/bvh_builder_sah.h,4,2,6
/media/ullmann/HDDGabriel/engines/UnrealEngine/Engine/Source/ThirdParty/EOSSDK/SDK/Include/eos_leaderboards_types_deprecated.inl,1,0,1
/media/ullmann/HDDGabriel/engines/UnrealEngine/Engine/Source/ThirdParty/FreeImage/FreeImage-3.18.0/Source/OpenEXR/IlmImf/ImfStringVectorAttribute.h,6,2,8
/media/ullmann/HDDGabriel/engines/UnrealEngine/Engine/Source/ThirdParty/PhysX3/PhysX_3.4/Source/PhysXExtensions/src/ExtTaskQueueHelper.h,2,1,3
/media/ullmann/HDDGabriel/engines/UnrealEngine/Engine/Source/ThirdParty/PhysX3/PhysX_3.4/Source/PhysXExtensions/src/ExtSharedQueueEntryPool.h,3,0,3
/media/ullmann/HDDGabriel/engines/UnrealEngine/Engine/Source/ThirdParty/SDL2/SDL-gui-backend/src/core/linux/SDL_ibus.h,2,1,3
/media/ullmann/HDDGabriel/engines/UnrealEngine/Engine/Source/ThirdParty/glslang/glslang/src/glslang_lib/glslang/MachineIndependent/ParseHelper.h,13,6,19
/media/ullmann/HDDGabriel/engines/UnrealEngine/Engine/Source/ThirdParty/ShaderConductor/ShaderConductor/External/DirectXShaderCompiler/tools/clang/lib/CodeGen/SanitizerMetadata.cpp,0,2,2
/media/ullmann/HDDGabriel/engines/UnrealEngine/Engine/Source/ThirdParty/ShaderConductor/ShaderConductor/External/DirectXShaderCompiler/tools/clang/lib/CodeGen/SanitizerMetadata.h,2,0,2
/media/ullmann/HDDGabriel/engines/UnrealEngine/Engine/Source/ThirdParty/FreeType2/FreeType2-2.10.4/src/autofit/aflatin.c,1,4,5
/media/ullmann/HDDGabriel/engines/UnrealEngine/Engine/Source/ThirdParty/ICU/icu4c-64_1/source/test/intltest/itrbnf.h,2,1,3
/media/ullmann/HDDGabriel/engines/UnrealEngine/Engine/Source/Developer/Windows/LiveCodingServer/Private/External/LC_Symbols.h,11,4,15
/media/ullmann/HDDGabriel/engines/UnrealEngine/Engine/Source/ThirdParty/CryptoPP/5.6.5/include/sosemanuk.h,2,2,4
/media/ullmann/HDDGabriel/engines/UnrealEngine/Engine/Source/Runtime/Online/BuildPatchServices/Private/BuildPatchVerifyChunkData.cpp,0,6,6
/media/ullmann/HDDGabriel/engines/UnrealEngine/Engine/Source/Runtime/Online/BuildPatchServices/Private/BuildPatchVerifyChunkData.h,2,0,2
/media/ullmann/HDDGabriel/engines/UnrealEngine/Engine/Source/ThirdParty/Oculus/LibOVRPlatform/LibOVRPlatform/include/OVR_AbuseReportRecording.h,2,1,3
/media/ullmann/HDDGabriel/engines/UnrealEngine/Engine/Source/ThirdParty/Intel/Embree/Embree2140/src/kernels/bvh/bvh_builder_sah.cpp,0,17,17
/media/ullmann/HDDGabriel/engines/UnrealEngine/Engine/Source/ThirdParty/Imath/Imath-3.1.3/src/python/PyImath/PyImathBox3Array.cpp,0,2,2
/media/ullmann/HDDGabriel/engines/UnrealEngine/Engine/Source/ThirdParty/Imath/Imath-3.1.3/src/python/PyImath/PyImathBoxArrayImpl.h,3,6,9
/media/ullmann/HDDGabriel/engines/UnrealEngine/Engine/Source/ThirdParty/FreeType2/FreeType2-2.6/Src/sfnt/sfnt.c,0,11,11
/media/ullmann/HDDGabriel/engines/UnrealEngine/Engine/Source/ThirdParty/FreeType2/FreeType2-2.6/Src/sfnt/sfntpic.c,1,2,3
/media/ullmann/HDDGabriel/engines/UnrealEngine/Engine/Source/ThirdParty/ICU/icu4c-53_1/source/layout/SinglePositioningSubtables.h,2,6,8
/media/ullmann/HDDGabriel/engines/UnrealEngine/Engine/Source/ThirdParty/ICU/icu4c-64_1/source/common/unistr_case.cpp,0,13,13
/media/ullmann/HDDGabriel/engines/UnrealEngine/Engine/Source/ThirdParty/SDL2/SDL-gui-backend/src/haptic/linux/SDL_syshaptic.c,0,6,6
/media/ullmann/HDDGabriel/engines/UnrealEngine/Engine/Source/ThirdParty/openexr/openexr-3.1.1/src/lib/OpenEXRCore/pack.c,0,3,3
/media/ullmann/HDDGabriel/engines/UnrealEngine/Engine/Source/ThirdParty/openexr/openexr-3.1.1/src/lib/OpenEXRCore/internal_coding.h,11,3,14
/media/ullmann/HDDGabriel/engines/UnrealEngine/Engine/Source/ThirdParty/OpenSubdiv/OpenSubdiv-3.4.4/opensubdiv/osd/mesh.h,3,6,9
/media/ullmann/HDDGabriel/engines/UnrealEngine/Engine/Source/ThirdParty/FreeImage/FreeImage-3.18.0/Source/LibOpenJPEG/j2k.h,2,0,2
/media/ullmann/HDDGabriel/engines/UnrealEngine/Engine/Source/Runtime/Engine/Private/VT/BlockCodingHelpers.cpp,0,2,2
/media/ullmann/HDDGabriel/engines/UnrealEngine/Engine/Source/Runtime/Engine/Private/VT/VirtualTextureUploadCache.h,5,0,5
/media/ullmann/HDDGabriel/engines/UnrealEngine/Engine/Source/ThirdParty/WebRTC/4147/Include/third_party/libvpx/source/libvpx/rate_hist.h,0,1,1
/media/ullmann/HDDGabriel/engines/UnrealEngine/Engine/Source/ThirdParty/ICU/icu4c-64_1/source/test/cintltst/ulistfmttest.c,0,2,2
/media/ullmann/HDDGabriel/engines/UnrealEngine/Engine/Source/ThirdParty/Intel/Embree/Embree270/src/kernels/xeon/geometry/subdivpatch1cached_intersector1.h,6,5,11
/media/ullmann/HDDGabriel/engines/UnrealEngine/Engine/Source/ThirdParty/SDL2/SDL-gui-backend/src/joystick/hidapi/SDL_hidapi_xboxone.c,0,4,4
/media/ullmann/HDDGabriel/engines/UnrealEngine/Engine/Source/ThirdParty/SDL2/SDL-gui-backend/src/joystick/hidapi/SDL_hidapi_rumble.h,11,1,12
/media/ullmann/HDDGabriel/engines/UnrealEngine/Engine/Source/ThirdParty/nvTextureTools/nvTextureTools-2.0.8/src/src/nvtt/squish/simd.h,5,3,8
/media/ullmann/HDDGabriel/engines/UnrealEngine/Engine/Source/ThirdParty/nvTextureTools/nvTextureTools-2.0.8/src/src/nvtt/squish/simd_ve.h,1,0,1
/media/ullmann/HDDGabriel/engines/UnrealEngine/Engine/Source/ThirdParty/SDL2/SDL-gui-backend/src/video/winrt/SDL_winrtvideo.cpp,0,13,13
/media/ullmann/HDDGabriel/engines/UnrealEngine/Engine/Source/ThirdParty/Python3/Mac/include/ceval.h,1,1,2
/media/ullmann/HDDGabriel/engines/UnrealEngine/Engine/Source/ThirdParty/Python3/Mac/include/cpython/ceval.h,1,0,1
/media/ullmann/HDDGabriel/engines/UnrealEngine/Engine/Source/ThirdParty/FBX/2020.2/include/fbxsdk/scene/constraint/fbxconstraintscale.h,1,0,1
/media/ullmann/HDDGabriel/engines/UnrealEngine/Engine/Source/Runtime/Online/HTTPServer/Public/HttpServerRequest.h,1,2,3
/media/ullmann/HDDGabriel/engines/UnrealEngine/Engine/Source/Runtime/Online/HTTPServer/Public/HttpPath.h,1,1,2
/media/ullmann/HDDGabriel/engines/UnrealEngine/Engine/Source/Runtime/NetworkFileSystem/Private/NetworkFileSystemModule.cpp,0,3,3
/media/ullmann/HDDGabriel/engines/UnrealEngine/Engine/Source/Runtime/NetworkFileSystem/Private/NetworkFileServer.h,2,0,2
/media/ullmann/HDDGabriel/engines/UnrealEngine/Engine/Source/ThirdParty/Perforce/p4api-2014.2/include/p4/stdhdrs.h,1,0,1
/media/ullmann/HDDGabriel/engines/UnrealEngine/Engine/Source/ThirdParty/PhysX3/APEX_1.4/module/clothing/embedded/LowLevelCloth/src/BoundingBox.h,3,1,4
/media/ullmann/HDDGabriel/engines/UnrealEngine/Engine/Source/ThirdParty/PhysX3/APEX_1.4/include/CustomBufferIterator.h,0,1,1
/media/ullmann/HDDGabriel/engines/UnrealEngine/Engine/Source/ThirdParty/PhysX3/APEX_1.4/include/RenderMesh.h,3,2,5
/media/ullmann/HDDGabriel/engines/UnrealEngine/Engine/Source/ThirdParty/hlslcc/hlslcc/src/hlslcc_lib/ir_unused_structs.cpp,0,5,5
/media/ullmann/HDDGabriel/engines/UnrealEngine/Engine/Source/Editor/Sequencer/Private/SAnimationOutlinerTreeNode.h,1,1,2
/media/ullmann/HDDGabriel/engines/UnrealEngine/Engine/Source/Runtime/Renderer/Private/PostProcess/PostProcessMotionBlur.h,2,0,2
/media/ullmann/HDDGabriel/engines/UnrealEngine/Engine/Source/ThirdParty/libcurl/include/Android/x86/curl/curlbuild.h,1,0,1
/media/ullmann/HDDGabriel/engines/UnrealEngine/Engine/Source/Runtime/Windows/D3D11RHI/Private/D3D11UniformBuffer.cpp,0,1,1
/media/ullmann/HDDGabriel/engines/UnrealEngine/Engine/Source/ThirdParty/OpenSubdiv/Deploy/OpenSubdiv-3.4.4/include/opensubdiv/vtr/refinement.h,4,5,9
/media/ullmann/HDDGabriel/engines/UnrealEngine/Engine/Source/ThirdParty/OpenSubdiv/Deploy/OpenSubdiv-3.4.4/include/opensubdiv/vtr/level.h,4,5,9
/media/ullmann/HDDGabriel/engines/UnrealEngine/Engine/Source/ThirdParty/libOpus/opus-1.1/silk/macros.h,1,2,3
/media/ullmann/HDDGabriel/engines/UnrealEngine/Engine/Source/ThirdParty/libOpus/opus-1.1/silk/arm/macros_armv4.h,1,0,1
/media/ullmann/HDDGabriel/engines/UnrealEngine/Engine/Source/Runtime/MessagingCommon/Public/MessageEndpointBuilder.h,0,2,2
/media/ullmann/HDDGabriel/engines/UnrealEngine/Engine/Source/Runtime/MessagingCommon/Public/MessageHandlers.h,1,0,1
/media/ullmann/HDDGabriel/engines/UnrealEngine/Engine/Source/Runtime/Slate/Public/Framework/MultiBox/SToolBarButtonBlock.h,1,0,1
/media/ullmann/HDDGabriel/engines/UnrealEngine/Engine/Source/Runtime/Foliage/Public/InstancedFoliage.h,3,1,4
/media/ullmann/HDDGabriel/engines/UnrealEngine/Engine/Source/Runtime/Foliage/Public/FoliageInstanceBase.h,2,0,2
/media/ullmann/HDDGabriel/engines/UnrealEngine/Engine/Source/ThirdParty/Intel/TBB/IntelTBB-2019u8/src/tbbmalloc/TypeDefinitions.h,2,2,4
/media/ullmann/HDDGabriel/engines/UnrealEngine/Engine/Source/ThirdParty/Intel/TBB/IntelTBB-2019u8/src/tbbmalloc/Customize.h,1,2,3
/media/ullmann/HDDGabriel/engines/UnrealEngine/Engine/Source/ThirdParty/SDL2/SDL-gui-backend/src/render/vitagxm/SDL_render_vita_gxm_types.h,3,2,5
/media/ullmann/HDDGabriel/engines/UnrealEngine/Engine/Source/ThirdParty/Vorbis/libvorbis-1.3.2/lib/os.h,22,1,23
/media/ullmann/HDDGabriel/engines/UnrealEngine/Engine/Source/ThirdParty/ICU/icu4c-64_1/source/i18n/alphaindex.cpp,0,4,4
/media/ullmann/HDDGabriel/engines/UnrealEngine/Engine/Source/Editor/PropertyEditor/Private/ObjectPropertyNode.cpp,0,4,4
/media/ullmann/HDDGabriel/engines/UnrealEngine/Engine/Source/Editor/PropertyEditor/Private/ItemPropertyNode.h,7,1,8
/media/ullmann/HDDGabriel/engines/UnrealEngine/Engine/Source/Programs/Enterprise/Datasmith/DatasmithARCHICADExporter/Private/ReportWindow.cpp,0,8,8
/media/ullmann/HDDGabriel/engines/UnrealEngine/Engine/Source/Programs/Enterprise/Datasmith/DatasmithARCHICADExporter/Private/Commander.h,8,1,9
/media/ullmann/HDDGabriel/engines/UnrealEngine/Engine/Source/ThirdParty/openexr/Deploy/openexr-3.1.1/include/OpenEXR/ImfDeepScanLineOutputFile.h,2,7,9
/media/ullmann/HDDGabriel/engines/UnrealEngine/Engine/Source/ThirdParty/ShaderConductor/ShaderConductor/External/DirectXShaderCompiler/lib/CodeGen/RegAllocBase.cpp,0,2,2
/media/ullmann/HDDGabriel/engines/UnrealEngine/Engine/Source/ThirdParty/ShaderConductor/ShaderConductor/External/DirectXShaderCompiler/lib/CodeGen/Spiller.h,5,0,5
/media/ullmann/HDDGabriel/engines/UnrealEngine/Engine/Source/ThirdParty/SDL2/SDL-gui-backend/include/SDL_atomic.h,2,4,6
/media/ullmann/HDDGabriel/engines/UnrealEngine/Engine/Source/Runtime/Online/BuildPatchServices/Private/BuildPatchGeneration.h,2,0,2
/media/ullmann/HDDGabriel/engines/UnrealEngine/Engine/Source/ThirdParty/FreeType2/FreeType2-2.10.4/src/psaux/psauxmod.c,1,7,8
/media/ullmann/HDDGabriel/engines/UnrealEngine/Engine/Source/ThirdParty/WebRTC/4147/Include/base/supports_user_data.h,0,1,1
/media/ullmann/HDDGabriel/engines/UnrealEngine/Engine/Source/ThirdParty/ShaderConductor/ShaderConductor/External/DirectXShaderCompiler/tools/clang/unittests/ASTMatchers/ASTMatchersTest.cpp,0,1,1
/media/ullmann/HDDGabriel/engines/UnrealEngine/Engine/Source/ThirdParty/ShaderConductor/ShaderConductor/External/DirectXShaderCompiler/tools/clang/unittests/ASTMatchers/ASTMatchersTest.h,4,0,4
/media/ullmann/HDDGabriel/engines/UnrealEngine/Engine/Source/Programs/Enterprise/Datasmith/DatasmithARCHICADExporter/Private/Utils/DebugTools.h,4,1,5
/media/ullmann/HDDGabriel/engines/UnrealEngine/Engine/Source/Programs/Enterprise/Datasmith/DatasmithARCHICADExporter/Private/Utils/APIEnvir.h,4,1,5
/media/ullmann/HDDGabriel/engines/UnrealEngine/Engine/Source/Runtime/VulkanRHI/Private/VulkanRayTracing.cpp,0,3,3
/media/ullmann/HDDGabriel/engines/UnrealEngine/Engine/Source/ThirdParty/CryptoPP/5.6.2/include/wake.h,2,3,5
/media/ullmann/HDDGabriel/engines/UnrealEngine/Engine/Source/Runtime/Core/Public/Templates/IsTriviallyCopyAssignable.h,3,0,3
/media/ullmann/HDDGabriel/engines/UnrealEngine/Engine/Source/Runtime/GameMenuBuilder/Public/GameMenuBuilder.h,0,7,7
/media/ullmann/HDDGabriel/engines/UnrealEngine/Engine/Source/Runtime/Renderer/Private/Lumen/LumenReflectionTracing.cpp,0,2,2
/media/ullmann/HDDGabriel/engines/UnrealEngine/Engine/Source/Runtime/D3D12RHI/Private/D3D12DescriptorCache.h,1,0,1
/media/ullmann/HDDGabriel/engines/UnrealEngine/Engine/Source/ThirdParty/OpenVDB/openvdb-8.1.0/openvdb/openvdb/PlatformConfig.h,0,1,1
/media/ullmann/HDDGabriel/engines/UnrealEngine/Engine/Source/ThirdParty/OpenVDB/openvdb-8.1.0/openvdb/openvdb/Platform.h,3,0,3
/media/ullmann/HDDGabriel/engines/UnrealEngine/Engine/Source/ThirdParty/libPNG/libPNG-1.5.27/contrib/visupng/PngFile.c,0,1,1
/media/ullmann/HDDGabriel/engines/UnrealEngine/Engine/Source/ThirdParty/libPNG/libPNG-1.5.27/contrib/visupng/cexcept.h,2,0,2
/media/ullmann/HDDGabriel/engines/UnrealEngine/Engine/Source/ThirdParty/ICU/icu4c-64_1/source/common/ucnv_io.h,3,2,5
/media/ullmann/HDDGabriel/engines/UnrealEngine/Engine/Source/ThirdParty/ICU/icu4c-64_1/source/test/intltest/csdetest.h,2,1,3
/media/ullmann/HDDGabriel/engines/UnrealEngine/Engine/Source/ThirdParty/FreeType2/FreeType2-2.6/Src/gxvalid/gxvmort2.c,1,1,2
/media/ullmann/HDDGabriel/engines/UnrealEngine/Engine/Source/ThirdParty/FreeType2/FreeType2-2.6/Src/gxvalid/gxvmort.h,7,2,9
/media/ullmann/HDDGabriel/engines/UnrealEngine/Engine/Source/Programs/Enterprise/Datasmith/DatasmithMaxExporter/Private/MaxMaterialsToUEPbr/DatasmithMaxTexmapToUEPbr.h,1,1,2
/media/ullmann/HDDGabriel/engines/UnrealEngine/Engine/Source/Programs/Enterprise/Datasmith/DatasmithMaxExporter/Private/MaxMaterialsToUEPbr/DatasmithMaxMaterialsToUEPbr.h,7,0,7
/media/ullmann/HDDGabriel/engines/UnrealEngine/Engine/Source/ThirdParty/Crunch/src/crnlib/crnlib.cpp,0,10,10
/media/ullmann/HDDGabriel/engines/UnrealEngine/Engine/Source/ThirdParty/MCPP/mcpp-2.7.2/test-l/nest14.h,1,1,2
/media/ullmann/HDDGabriel/engines/UnrealEngine/Engine/Source/Editor/PropertyEditor/Private/PropertyCustomizationHelpers.cpp,0,12,12
/media/ullmann/HDDGabriel/engines/UnrealEngine/Engine/Source/Editor/PropertyEditor/Private/UserInterface/PropertyEditor/SPropertyMenuActorPicker.h,1,0,1
/media/ullmann/HDDGabriel/engines/UnrealEngine/Engine/Source/ThirdParty/PhysX3/NvCloth/samples/SampleBase/renderer/RenderUtils.h,2,0,2
/media/ullmann/HDDGabriel/engines/UnrealEngine/Engine/Source/ThirdParty/Python3/Mac/include/structseq.h,1,0,1
/media/ullmann/HDDGabriel/engines/UnrealEngine/Engine/Source/ThirdParty/Intel/TBB/IntelTBB-2019u8/src/test/test_concurrent_vector.cpp,0,9,9
/media/ullmann/HDDGabriel/engines/UnrealEngine/Engine/Source/ThirdParty/Intel/TBB/IntelTBB-2019u8/src/test/test_range_based_for.h,6,0,6
/media/ullmann/HDDGabriel/engines/UnrealEngine/Engine/Source/Runtime/Apple/AGXRHI/Private/AGXLLM.cpp,0,2,2
/media/ullmann/HDDGabriel/engines/UnrealEngine/Engine/Source/Editor/AudioEditor/Private/SGraphNodeSoundResult.cpp,0,1,1
/media/ullmann/HDDGabriel/engines/UnrealEngine/Engine/Source/Editor/AudioEditor/Private/SGraphNodeSoundResult.h,2,0,2
/media/ullmann/HDDGabriel/engines/UnrealEngine/Engine/Source/Editor/FoliageEdit/Private/FoliageEdModeToolkit.cpp,0,4,4
/media/ullmann/HDDGabriel/engines/UnrealEngine/Engine/Source/Editor/FoliageEdit/Private/SFoliageEdit.h,2,0,2
/media/ullmann/HDDGabriel/engines/UnrealEngine/Engine/Source/Developer/Windows/LiveCodingServer/Private/External/LC_Allocators.cpp,0,3,3
/media/ullmann/HDDGabriel/engines/UnrealEngine/Engine/Source/ThirdParty/ShaderConductor/ShaderConductor/External/DirectXShaderCompiler/tools/clang/unittests/SPIRV/FileTestUtils.cpp,0,1,1
/media/ullmann/HDDGabriel/engines/UnrealEngine/Engine/Source/ThirdParty/ShaderConductor/ShaderConductor/External/DirectXShaderCompiler/tools/clang/unittests/SPIRV/FileTestUtils.h,3,0,3
/media/ullmann/HDDGabriel/engines/UnrealEngine/Engine/Source/ThirdParty/hlslcc/hlslcc/src/hlslcc_lib/ir_expression_flattening.h,4,0,4
/media/ullmann/HDDGabriel/engines/UnrealEngine/Engine/Source/ThirdParty/FreeType2/FreeType2-2.10.0/src/type1/t1parse.c,1,2,3
/media/ullmann/HDDGabriel/engines/UnrealEngine/Engine/Source/ThirdParty/FreeType2/FreeType2-2.10.0/src/type1/t1errors.h,6,0,6
/media/ullmann/HDDGabriel/engines/UnrealEngine/Engine/Source/Runtime/Slate/Public/Widgets/SViewport.h,2,0,2
/media/ullmann/HDDGabriel/engines/UnrealEngine/Engine/Source/ThirdParty/libOpus/opus-1.3.1-12/silk/tables_other.c,0,3,3
/media/ullmann/HDDGabriel/engines/UnrealEngine/Engine/Source/ThirdParty/libOpus/opus-1.1/silk/LPC_inv_pred_gain.c,0,1,1
/media/ullmann/HDDGabriel/engines/UnrealEngine/Engine/Source/ThirdParty/libOpus/opus-1.3.1-12/celt/laplace.c,0,2,2
/media/ullmann/HDDGabriel/engines/UnrealEngine/Engine/Source/ThirdParty/libOpus/opus-1.3.1-12/celt/laplace.h,2,2,4
/media/ullmann/HDDGabriel/engines/UnrealEngine/Engine/Source/ThirdParty/PhysX3/PxShared/src/foundation/include/PsMutex.h,1,1,2
/media/ullmann/HDDGabriel/engines/UnrealEngine/Engine/Source/ThirdParty/PhysX3/PxShared/src/foundation/include/PsAllocator.h,6,1,7
/media/ullmann/HDDGabriel/engines/UnrealEngine/Engine/Source/ThirdParty/ShaderConductor/ShaderConductor/External/SPIRV-Tools/source/reduce/pch_source_reduce.cpp,0,1,1
/media/ullmann/HDDGabriel/engines/UnrealEngine/Engine/Source/ThirdParty/ShaderConductor/ShaderConductor/External/SPIRV-Tools/source/reduce/pch_source_reduce.h,1,0,1
/media/ullmann/HDDGabriel/engines/UnrealEngine/Engine/Source/Programs/UnrealHeaderTool/Private/ParserHelper.h,7,1,8
/media/ullmann/HDDGabriel/engines/UnrealEngine/Engine/Source/Programs/UnrealHeaderTool/Private/UnrealHeaderToolGlobals.h,5,1,6
/media/ullmann/HDDGabriel/engines/UnrealEngine/Engine/Source/ThirdParty/ICU/icu4c-53_1/source/common/uchar.c,0,12,12
/media/ullmann/HDDGabriel/engines/UnrealEngine/Engine/Source/ThirdParty/PhysX3/PhysX_3.4/Source/GeomUtils/src/gjk/GuVecShrunkBox.h,0,2,2
/media/ullmann/HDDGabriel/engines/UnrealEngine/Engine/Source/ThirdParty/PhysX3/PhysX_3.4/Source/GeomUtils/src/gjk/GuVecConvex.h,7,0,7
/media/ullmann/HDDGabriel/engines/UnrealEngine/Engine/Source/ThirdParty/libOpus/opus-1.0.3/silk/float/main_FLP.h,18,2,20
/media/ullmann/HDDGabriel/engines/UnrealEngine/Engine/Source/ThirdParty/libOpus/opus-1.0.3/silk/float/structs_FLP.h,1,0,1
/media/ullmann/HDDGabriel/engines/UnrealEngine/Engine/Source/ThirdParty/PhysX3/APEX_1.4/module/destructible/fracture/Core/ActorBase.cpp,0,3,3
/media/ullmann/HDDGabriel/engines/UnrealEngine/Engine/Source/ThirdParty/PhysX3/APEX_1.4/module/destructible/fracture/Core/ActorBase.h,3,0,3
/media/ullmann/HDDGabriel/engines/UnrealEngine/Engine/Source/ThirdParty/SDL2/SDL-gui-backend/src/video/offscreen/SDL_offscreenopengl.h,2,2,4
/media/ullmann/HDDGabriel/engines/UnrealEngine/Engine/Source/ThirdParty/SDL2/SDL-gui-backend/src/video/offscreen/SDL_offscreenwindow.h,2,2,4
/media/ullmann/HDDGabriel/engines/UnrealEngine/Engine/Source/ThirdParty/Steamworks/Steamv147/sdk/public/steam/isteamnetworkingutils.h,0,1,1
/media/ullmann/HDDGabriel/engines/UnrealEngine/Engine/Source/ThirdParty/libOpus/opus-1.3.1-12/silk/NSQ.h,2,2,4
/media/ullmann/HDDGabriel/engines/UnrealEngine/Engine/Source/ThirdParty/ICU/icu4c-53_1/source/i18n/currfmt.cpp,0,3,3
/media/ullmann/HDDGabriel/engines/UnrealEngine/Engine/Source/ThirdParty/ICU/icu4c-53_1/source/i18n/currfmt.h,2,1,3
/media/ullmann/HDDGabriel/engines/UnrealEngine/Engine/Source/Editor/UMGEditor/Private/UMGEditorModule.cpp,0,9,9
/media/ullmann/HDDGabriel/engines/UnrealEngine/Engine/Source/Editor/UMGEditor/Private/Designer/DesignerCommands.h,1,0,1
/media/ullmann/HDDGabriel/engines/UnrealEngine/Engine/Source/ThirdParty/Intel/ISPC/ispc-1.17.0/ispcrt/detail/cpu/CPUDevice.cpp,0,1,1
/media/ullmann/HDDGabriel/engines/UnrealEngine/Engine/Source/ThirdParty/Intel/ISPC/ispc-1.17.0/ispcrt/detail/cpu/CPUDevice.h,2,2,4
/media/ullmann/HDDGabriel/engines/UnrealEngine/Engine/Source/Developer/AutomationDriver/Private/AutomationDriver.cpp,0,5,5
/media/ullmann/HDDGabriel/engines/UnrealEngine/Engine/Source/Developer/AutomationDriver/Private/AutomatedApplication.h,4,0,4
/media/ullmann/HDDGabriel/engines/UnrealEngine/Engine/Source/Editor/SkeletonEditor/Private/SkeletonEditorModule.cpp,0,5,5
/media/ullmann/HDDGabriel/engines/UnrealEngine/Engine/Source/Editor/SkeletonEditor/Private/EditableSkeleton.h,4,0,4
/media/ullmann/HDDGabriel/engines/UnrealEngine/Engine/Source/ThirdParty/Intel/Embree/Embree2140/src/kernels/geometry/trianglev_mb.h,6,1,7
/media/ullmann/HDDGabriel/engines/UnrealEngine/Engine/Source/ThirdParty/llvm/8/include/llvm/DebugInfo/PDB/DIA/DIAEnumLineNumbers.h,0,1,1
/media/ullmann/HDDGabriel/engines/UnrealEngine/Engine/Source/Runtime/AnimationCore/Public/AnimationCore.h,1,0,1
/media/ullmann/HDDGabriel/engines/UnrealEngine/Engine/Source/ThirdParty/Crunch/src/crnlib/crn_dxt_fast.h,8,2,10
/media/ullmann/HDDGabriel/engines/UnrealEngine/Engine/Source/ThirdParty/Intel/TBB/IntelTBB-2019u8/include/tbb/recursive_mutex.h,1,4,5
/media/ullmann/HDDGabriel/engines/UnrealEngine/Engine/Source/ThirdParty/FreeImage/FreeImage-3.18.0/Source/OpenEXR/Imath/ImathColor.h,1,2,3
/media/ullmann/HDDGabriel/engines/UnrealEngine/Engine/Source/ThirdParty/FreeType2/FreeType2-2.4.12/src/type42/t42drivr.c,1,3,4
/media/ullmann/HDDGabriel/engines/UnrealEngine/Engine/Source/ThirdParty/WebRTC/4147/Include/tools/clang/blink_gc_plugin/tests/stack_allocated.h,0,1,1
/media/ullmann/HDDGabriel/engines/UnrealEngine/Engine/Source/ThirdParty/ICU/icu4c-53_1/source/layout/OpenTypeLayoutEngine.h,12,8,20
/media/ullmann/HDDGabriel/engines/UnrealEngine/Engine/Source/ThirdParty/ShaderConductor/ShaderConductor/External/DirectXShaderCompiler/tools/clang/unittests/Format/FormatTestProto.cpp,0,1,1
/media/ullmann/HDDGabriel/engines/UnrealEngine/Engine/Source/ThirdParty/ShaderConductor/ShaderConductor/External/DirectXShaderCompiler/tools/clang/unittests/Format/FormatTestUtils.h,5,0,5
/media/ullmann/HDDGabriel/engines/UnrealEngine/Engine/Source/ThirdParty/libOpus/opus-1.3.1-12/tests/opus_encode_regressions.c,0,1,1
/media/ullmann/HDDGabriel/engines/UnrealEngine/Engine/Source/ThirdParty/libOpus/opus-1.3.1-12/tests/test_opus_common.h,6,0,6
/media/ullmann/HDDGabriel/engines/UnrealEngine/Engine/Source/ThirdParty/FreeType2/FreeType2-2.10.4/src/autofit/afwrtsys.h,2,5,7
/media/ullmann/HDDGabriel/engines/UnrealEngine/Engine/Source/ThirdParty/FreeType2/FreeType2-2.10.4/src/autofit/afdummy.h,2,1,3
/media/ullmann/HDDGabriel/engines/UnrealEngine/Engine/Source/ThirdParty/PhysX3/PxShared/src/pvd/src/PxProfileZoneImpl.h,1,6,7
/media/ullmann/HDDGabriel/engines/UnrealEngine/Engine/Source/ThirdParty/PhysX3/PxShared/src/pvd/src/PxProfileContextProviderImpl.h,2,1,3
/media/ullmann/HDDGabriel/engines/UnrealEngine/Engine/Source/ThirdParty/openexr/openexr-3.1.1/src/lib/OpenEXRUtil/ImfFlatImageIO.h,2,3,5
/media/ullmann/HDDGabriel/engines/UnrealEngine/Engine/Source/ThirdParty/openexr/openexr-3.1.1/src/lib/OpenEXRUtil/ImfImageDataWindow.h,4,1,5
/media/ullmann/HDDGabriel/engines/UnrealEngine/Engine/Source/ThirdParty/ICU/icu4c-64_1/source/layoutex/plruns.cpp,0,2,2
/media/ullmann/HDDGabriel/engines/UnrealEngine/Engine/Source/ThirdParty/ICU/icu4c-64_1/source/layoutex/layout/plruns.h,3,0,3
/media/ullmann/HDDGabriel/engines/UnrealEngine/Engine/Source/ThirdParty/FreeImage/FreeImage-3.18.0/Source/LibPNG/pnglibconf.h,2,0,2
/media/ullmann/HDDGabriel/engines/UnrealEngine/Engine/Source/Editor/LandscapeEditor/Private/LandscapeEditorModule.cpp,0,10,10
/media/ullmann/HDDGabriel/engines/UnrealEngine/Engine/Source/Editor/LandscapeEditor/Private/LandscapeEditorDetailCustomization_ImportLayers.h,2,2,4
/media/ullmann/HDDGabriel/engines/UnrealEngine/Engine/Source/Editor/VREditor/Public/VRModeSettings.h,0,1,1
/media/ullmann/HDDGabriel/engines/UnrealEngine/Engine/Source/Editor/VREditor/Public/VREditorInteractor.h,1,0,1
/media/ullmann/HDDGabriel/engines/UnrealEngine/Engine/Source/ThirdParty/FreeType2/FreeType2-2.10.4/src/pshinter/pshmod.c,1,3,4
/media/ullmann/HDDGabriel/engines/UnrealEngine/Engine/Source/ThirdParty/ShaderConductor/ShaderConductor/External/SPIRV-Tools/source/opt/eliminate_dead_members_pass.cpp,0,1,1
/media/ullmann/HDDGabriel/engines/UnrealEngine/Engine/Source/ThirdParty/ShaderConductor/ShaderConductor/External/SPIRV-Tools/source/opt/ir_builder.h,6,0,6
/media/ullmann/HDDGabriel/engines/UnrealEngine/Engine/Source/Editor/SequenceRecorder/Private/SCreateAnimationDlg.h,2,1,3
/media/ullmann/HDDGabriel/engines/UnrealEngine/Engine/Source/Runtime/Slate/Public/Widgets/Layout/SScrollBox.h,3,0,3
/media/ullmann/HDDGabriel/engines/UnrealEngine/Engine/Source/Runtime/SlateCore/Public/Input/PopupMethodReply.h,1,0,1
/media/ullmann/HDDGabriel/engines/UnrealEngine/Engine/Source/ThirdParty/ICU/icu4c-64_1/source/common/ucurrimp.h,0,4,4
/media/ullmann/HDDGabriel/engines/UnrealEngine/Engine/Source/ThirdParty/WindowsMixedRealityInterop/Include/HolographicAppRemoting/Streamer.h,0,1,1
/media/ullmann/HDDGabriel/engines/UnrealEngine/Engine/Source/ThirdParty/WindowsMixedRealityInterop/Include/HolographicAppRemoting/StreamerExport.h,1,0,1
/media/ullmann/HDDGabriel/engines/UnrealEngine/Engine/Source/ThirdParty/WebRTC/4147/Include/third_party/libvpx/source/config/linux/generic/vpx_dsp_rtcd.h,0,1,1
/media/ullmann/HDDGabriel/engines/UnrealEngine/Engine/Source/ThirdParty/WebRTC/4147/Include/third_party/libvpx/source/config/linux/generic/vpx_config.h,4,0,4
/media/ullmann/HDDGabriel/engines/UnrealEngine/Engine/Source/ThirdParty/FreeType2/FreeType2-2.6/Src/bdf/bdf.c,0,2,2
/media/ullmann/HDDGabriel/engines/UnrealEngine/Engine/Source/ThirdParty/FreeType2/FreeType2-2.6/Src/bdf/bdfdrivr.c,1,3,4
/media/ullmann/HDDGabriel/engines/UnrealEngine/Engine/Source/ThirdParty/SDL2/SDL-gui-backend/src/video/haiku/SDL_bclipboard.h,1,1,2
/media/ullmann/HDDGabriel/engines/UnrealEngine/Engine/Source/ThirdParty/glslang/glslang/src/glslang_lib/glslang/MachineIndependent/Scan.cpp,0,9,9
/media/ullmann/HDDGabriel/engines/UnrealEngine/Engine/Source/ThirdParty/glslang/glslang/src/glslang_lib/glslang/MachineIndependent/ScanContext.h,2,1,3
/media/ullmann/HDDGabriel/engines/UnrealEngine/Engine/Source/ThirdParty/FreeType2/FreeType2-2.4.12/src/gzip/inflate.c,1,2,3
/media/ullmann/HDDGabriel/engines/UnrealEngine/Engine/Source/ThirdParty/FreeType2/FreeType2-2.4.12/src/gzip/infblock.h,5,0,5
/media/ullmann/HDDGabriel/engines/UnrealEngine/Engine/Source/Editor/AnimGraph/Public/AnimStateConduitNode.h,0,1,1
/media/ullmann/HDDGabriel/engines/UnrealEngine/Engine/Source/Editor/AnimGraph/Public/AnimStateNodeBase.h,4,0,4
/media/ullmann/HDDGabriel/engines/UnrealEngine/Engine/Source/ThirdParty/Breakpad/src/third_party/libdisasm/ia32_operand.c,0,7,7
/media/ullmann/HDDGabriel/engines/UnrealEngine/Engine/Source/ThirdParty/Breakpad/src/third_party/libdisasm/x86_operand_list.h,3,1,4
/media/ullmann/HDDGabriel/engines/UnrealEngine/Engine/Source/ThirdParty/ShaderConductor/ShaderConductor/External/DirectXShaderCompiler/tools/clang/lib/CodeGen/CGCUDARuntime.cpp,0,3,3
/media/ullmann/HDDGabriel/engines/UnrealEngine/Engine/Source/ThirdParty/ICU/icu4c-64_1/source/i18n/nfrlist.h,3,2,5
/media/ullmann/HDDGabriel/engines/UnrealEngine/Engine/Source/ThirdParty/openexr/openexr-3.1.1/src/test/OpenEXRTest/testRle.h,1,0,1
/media/ullmann/HDDGabriel/engines/UnrealEngine/Engine/Source/ThirdParty/PLCrashReporter/PLCrashReporter/Source/PLCrashAsyncThread.c,0,2,2
/media/ullmann/HDDGabriel/engines/UnrealEngine/Engine/Source/ThirdParty/Android/libunwind/libunwind/src/sh/Gget_save_loc.c,1,1,2
/media/ullmann/HDDGabriel/engines/UnrealEngine/Engine/Source/ThirdParty/ShaderConductor/ShaderConductor/External/DirectXShaderCompiler/lib/DxilDia/DxcPixLiveVariables_FragmentIterator.cpp,0,1,1
/media/ullmann/HDDGabriel/engines/UnrealEngine/Engine/Source/ThirdParty/ICU/icu4c-53_1/source/i18n/collationdatareader.cpp,0,9,9
/media/ullmann/HDDGabriel/engines/UnrealEngine/Engine/Source/ThirdParty/ShaderConductor/ShaderConductor/External/DirectXShaderCompiler/tools/clang/lib/Headers/mm3dnow.h,1,2,3
/media/ullmann/HDDGabriel/engines/UnrealEngine/Engine/Source/ThirdParty/libstrophe/libstrophe-0.9.3/src/conn.c,0,4,4
/media/ullmann/HDDGabriel/engines/UnrealEngine/Engine/Source/Developer/Windows/LiveCodingServer/Private/External/LC_FileAttributeCache.cpp,0,2,2
/media/ullmann/HDDGabriel/engines/UnrealEngine/Engine/Source/Developer/Windows/LiveCodingServer/Private/External/LC_FileAttributeCache.h,5,1,6
/media/ullmann/HDDGabriel/engines/UnrealEngine/Engine/Source/ThirdParty/OpenSubdiv/OpenSubdiv-3.4.4/regression/shapes/catmark_flap.h,2,0,2
/media/ullmann/HDDGabriel/engines/UnrealEngine/Engine/Source/ThirdParty/ICU/icu4c-64_1/source/common/chariter.cpp,0,1,1
/media/ullmann/HDDGabriel/engines/UnrealEngine/Engine/Source/ThirdParty/Intel/TBB/IntelTBB-2019u8/src/tbb/itt_notify.cpp,0,2,2
/media/ullmann/HDDGabriel/engines/UnrealEngine/Engine/Source/ThirdParty/Intel/TBB/IntelTBB-2019u8/src/tbb/tools_api/ittnotify_static.c,1,5,6
/media/ullmann/HDDGabriel/engines/UnrealEngine/Engine/Source/Editor/PhysicsAssetEditor/Private/PhysicsAssetGraph/SPhysicsAssetGraph.cpp,0,6,6
/media/ullmann/HDDGabriel/engines/UnrealEngine/Engine/Source/ThirdParty/Tencent/WeGame/railSDK/rail/sdk/base/rail_string_test.cc,0,1,1
/media/ullmann/HDDGabriel/engines/UnrealEngine/Engine/Source/ThirdParty/Tencent/WeGame/railSDK/rail/sdk/base/stdint.h,2,0,2
/media/ullmann/HDDGabriel/engines/UnrealEngine/Engine/Source/Developer/TraceInsights/Private/Insights/InsightsManager.cpp,0,1,1
/media/ullmann/HDDGabriel/engines/UnrealEngine/Engine/Source/Developer/TraceInsights/Private/Insights/InsightsManager.h,1,0,1
/media/ullmann/HDDGabriel/engines/UnrealEngine/Engine/Source/ThirdParty/hlslcc/hlslcc/src/hlslcc_lib/opt_swizzle_swizzle.cpp,0,5,5
/media/ullmann/HDDGabriel/engines/UnrealEngine/Engine/Source/ThirdParty/AMD/Amf/components/Component.h,6,5,11
/media/ullmann/HDDGabriel/engines/UnrealEngine/Engine/Source/ThirdParty/AMD/Amf/components/ComponentCaps.h,1,3,4
/media/ullmann/HDDGabriel/engines/UnrealEngine/Engine/Source/ThirdParty/FreeType2/FreeType2-2.10.0/src/autofit/afdummy.c,1,3,4
/media/ullmann/HDDGabriel/engines/UnrealEngine/Engine/Source/ThirdParty/FreeType2/FreeType2-2.10.0/src/autofit/afhints.h,9,1,10
/media/ullmann/HDDGabriel/engines/UnrealEngine/Engine/Source/ThirdParty/FreeImage/FreeImage-3.18.0/Source/LibJPEG/jdcoefct.c,0,2,2
/media/ullmann/HDDGabriel/engines/UnrealEngine/Engine/Source/ThirdParty/FreeImage/FreeImage-3.18.0/Source/LibJPEG/jpeglib.h,55,4,59
/media/ullmann/HDDGabriel/engines/UnrealEngine/Engine/Source/ThirdParty/SDL2/SDL-gui-backend/src/joystick/windows/SDL_xinputjoystick_c.h,4,2,6
/media/ullmann/HDDGabriel/engines/UnrealEngine/Engine/Source/ThirdParty/libOpus/opus-1.1/celt/celt_lpc.h,5,1,6
/media/ullmann/HDDGabriel/engines/UnrealEngine/Engine/Source/Editor/PropertyEditor/Private/UserInterface/PropertyEditor/SPropertyEditorCombo.h,2,0,2
/media/ullmann/HDDGabriel/engines/UnrealEngine/Engine/Source/Runtime/Renderer/Private/FogRendering.h,6,2,8
/media/ullmann/HDDGabriel/engines/UnrealEngine/Engine/Source/ThirdParty/ICU/icu4c-53_1/source/common/bytestriebuilder.cpp,0,10,10
/media/ullmann/HDDGabriel/engines/UnrealEngine/Engine/Source/ThirdParty/ICU/icu4c-53_1/source/common/unicode/bytestriebuilder.h,1,0,1
/media/ullmann/HDDGabriel/engines/UnrealEngine/Engine/Source/ThirdParty/ShaderConductor/ShaderConductor/External/DirectXShaderCompiler/tools/clang/lib/SPIRV/RelaxedPrecisionVisitor.cpp,0,1,1
/media/ullmann/HDDGabriel/engines/UnrealEngine/Engine/Source/ThirdParty/ShaderConductor/ShaderConductor/External/DirectXShaderCompiler/tools/clang/lib/SPIRV/RelaxedPrecisionVisitor.h,2,0,2
/media/ullmann/HDDGabriel/engines/UnrealEngine/Engine/Source/ThirdParty/Oculus/LibOVRPlatform/LibOVRPlatform/include/OVR_KeyValuePairType.h,1,1,2
/media/ullmann/HDDGabriel/engines/UnrealEngine/Engine/Source/Editor/Kismet/Private/BlueprintEditorTabFactories.h,3,0,3
/media/ullmann/HDDGabriel/engines/UnrealEngine/Engine/Source/ThirdParty/SDL2/SDL-gui-backend/src/video/windows/SDL_windowsmodes.c,0,3,3
/media/ullmann/HDDGabriel/engines/UnrealEngine/Engine/Source/ThirdParty/SDL2/SDL-gui-backend/src/events/SDL_displayevents_c.h,2,1,3
/media/ullmann/HDDGabriel/engines/UnrealEngine/Engine/Source/Developer/TargetPlatform/Private/DeviceBrowserDefaultPlatformWidgetCreator.cpp,0,2,2
/media/ullmann/HDDGabriel/engines/UnrealEngine/Engine/Source/Developer/TargetPlatform/Private/SDeviceBrowserDefaultPlatformAddWidget.h,2,0,2
/media/ullmann/HDDGabriel/engines/UnrealEngine/Engine/Source/ThirdParty/WebRTC/4147/Include/base/sequence_checker_impl.h,0,1,1
/media/ullmann/HDDGabriel/engines/UnrealEngine/Engine/Source/ThirdParty/Tencent/WeGame/railSDK/rail/sdk/base/rail_array_test.cc,0,1,1
/media/ullmann/HDDGabriel/engines/UnrealEngine/Engine/Source/ThirdParty/ICU/icu4c-53_1/source/layout/GlyphPositionAdjustments.cpp,0,4,4
/media/ullmann/HDDGabriel/engines/UnrealEngine/Engine/Source/ThirdParty/ICU/icu4c-64_1/source/common/utrie2.h,15,5,20
/media/ullmann/HDDGabriel/engines/UnrealEngine/Engine/Source/ThirdParty/FreeType2/FreeType2-2.10.0/src/psaux/psauxmod.c,1,7,8
/media/ullmann/HDDGabriel/engines/UnrealEngine/Engine/Source/ThirdParty/FreeType2/FreeType2-2.10.0/src/psaux/psauxmod.h,2,0,2
/media/ullmann/HDDGabriel/engines/UnrealEngine/Engine/Source/Runtime/SlateCore/Public/Widgets/SPanel.h,1,0,1
/media/ullmann/HDDGabriel/engines/UnrealEngine/Engine/Source/ThirdParty/FreeType2/FreeType2-2.10.4/src/sfnt/ttload.h,9,0,9
/media/ullmann/HDDGabriel/engines/UnrealEngine/Engine/Source/ThirdParty/Intel/Embree/Embree2140/src/kernels/common/device.h,4,3,7
/media/ullmann/HDDGabriel/engines/UnrealEngine/Engine/Source/Editor/PropertyEditor/Private/PropertyNode.cpp,0,5,5
/media/ullmann/HDDGabriel/engines/UnrealEngine/Engine/Source/ThirdParty/PhysX3/PhysX_3.4/Source/LowLevelDynamics/src/DyCorrelationBuffer.h,10,1,11
/media/ullmann/HDDGabriel/engines/UnrealEngine/Engine/Source/ThirdParty/PhysX3/PhysX_3.4/Source/LowLevelDynamics/src/DyFrictionPatch.h,1,0,1
/media/ullmann/HDDGabriel/engines/UnrealEngine/Engine/Source/Runtime/CoreUObject/Private/Serialization/BulkData2.cpp,0,1,1
/media/ullmann/HDDGabriel/engines/UnrealEngine/Engine/Source/Runtime/CoreUObject/Private/Serialization/AsyncLoadingPrivate.h,2,0,2
/media/ullmann/HDDGabriel/engines/UnrealEngine/Engine/Source/Runtime/Renderer/Private/LightMapRendering.cpp,0,2,2
/media/ullmann/HDDGabriel/engines/UnrealEngine/Engine/Source/Editor/HierarchicalLODOutliner/Private/LODActorItem.h,3,2,5
/media/ullmann/HDDGabriel/engines/UnrealEngine/Engine/Source/Editor/HierarchicalLODOutliner/Private/ITreeItem.h,4,1,5
/media/ullmann/HDDGabriel/engines/UnrealEngine/Engine/Source/ThirdParty/PhysX3/APEX_1.4/module/clothing/embedded/LowLevelCloth/src/SwClothData.cpp,0,4,4
/media/ullmann/HDDGabriel/engines/UnrealEngine/Engine/Source/ThirdParty/SDL2/SDL-gui-backend/src/timer/haiku/SDL_systimer.c,0,1,1
/media/ullmann/HDDGabriel/engines/UnrealEngine/Engine/Source/ThirdParty/FreeType2/FreeType2-2.4.12/src/truetype/ttpic.c,1,2,3
/media/ullmann/HDDGabriel/engines/UnrealEngine/Engine/Source/Runtime/Renderer/Private/ScenePrivateBase.h,8,0,8
/media/ullmann/HDDGabriel/engines/UnrealEngine/Engine/Source/Developer/TraceServices/Private/AnalysisCache.cpp,0,1,1
/media/ullmann/HDDGabriel/engines/UnrealEngine/Engine/Source/Developer/TraceServices/Private/AnalysisCache.h,2,0,2
/media/ullmann/HDDGabriel/engines/UnrealEngine/Engine/Source/ThirdParty/PhysX3/APEX_1.4/module/clothing/embedded/LowLevelCloth/include/Factory.h,0,2,2
/media/ullmann/HDDGabriel/engines/UnrealEngine/Engine/Source/ThirdParty/PhysX3/APEX_1.4/module/clothing/embedded/LowLevelCloth/include/Range.h,3,1,4
/media/ullmann/HDDGabriel/engines/UnrealEngine/Engine/Source/ThirdParty/Perforce/P4Api.Net/p4bridge-unit-test/TestP4BridgeServerLogging.cpp,0,4,4
/media/ullmann/HDDGabriel/engines/UnrealEngine/Engine/Source/ThirdParty/Perforce/P4Api.Net/p4bridge/P4BridgeServer.h,11,4,15
/media/ullmann/HDDGabriel/engines/UnrealEngine/Engine/Source/ThirdParty/CryptoPP/5.6.5/include/rsa.cpp,0,10,10
/media/ullmann/HDDGabriel/engines/UnrealEngine/Engine/Source/ThirdParty/FreeType2/FreeType2-2.10.0/src/gxvalid/gxvalid.h,13,1,14
/media/ullmann/HDDGabriel/engines/UnrealEngine/Engine/Source/ThirdParty/nvTextureTools/nvTextureTools-2.0.8/src/src/nvtt/squish/clusterfit.h,2,4,6
/media/ullmann/HDDGabriel/engines/UnrealEngine/Engine/Source/Programs/Enterprise/Datasmith/DatasmithARCHICADExporter/Private/ResourcesIDs.h,10,1,11
/media/ullmann/HDDGabriel/engines/UnrealEngine/Engine/Source/ThirdParty/OpenSubdiv/OpenSubdiv-3.4.4/examples/glImaging/init_shapes.h,1,2,3
/media/ullmann/HDDGabriel/engines/UnrealEngine/Engine/Source/ThirdParty/OpenSubdiv/OpenSubdiv-3.4.4/regression/far_regression/init_shapes.h,1,2,3
/media/ullmann/HDDGabriel/engines/UnrealEngine/Engine/Source/ThirdParty/FreeType2/FreeType2-2.6/Src/gxvalid/gxvmorx4.c,1,1,2
/media/ullmann/HDDGabriel/engines/UnrealEngine/Engine/Source/ThirdParty/Intel/TBB/IntelTBB-2019u8/src/test/harness_tbb_independence.h,6,1,7
/media/ullmann/HDDGabriel/engines/UnrealEngine/Engine/Source/ThirdParty/CryptoPP/5.6.2/include/panama.cpp,0,4,4
/media/ullmann/HDDGabriel/engines/UnrealEngine/Engine/Source/ThirdParty/PhysX3/PhysX_3.4/Source/PhysXExtensions/src/ExtD6Joint.h,5,1,6
/media/ullmann/HDDGabriel/engines/UnrealEngine/Engine/Source/ThirdParty/ICU/icu4c-64_1/source/common/serv.h,2,7,9
/media/ullmann/HDDGabriel/engines/UnrealEngine/Engine/Source/Developer/CollisionAnalyzer/Private/SCAQueryDetails.cpp,0,3,3
/media/ullmann/HDDGabriel/engines/UnrealEngine/Engine/Source/Developer/CollisionAnalyzer/Private/SCAQueryDetails.h,2,1,3
/media/ullmann/HDDGabriel/engines/UnrealEngine/Engine/Source/Runtime/Online/BuildPatchServices/Private/BuildPatchMergeManifests.h,3,1,4
/media/ullmann/HDDGabriel/engines/UnrealEngine/Engine/Source/ThirdParty/FreeType2/FreeType2-2.10.4/src/otvalid/otvcommn.c,1,1,2
/media/ullmann/HDDGabriel/engines/UnrealEngine/Engine/Source/ThirdParty/FreeType2/FreeType2-2.10.4/src/otvalid/otvcommn.h,8,1,9
/media/ullmann/HDDGabriel/engines/UnrealEngine/Engine/Source/ThirdParty/ICU/icu4c-53_1/source/common/unicode/symtable.h,5,0,5
/media/ullmann/HDDGabriel/engines/UnrealEngine/Engine/Source/ThirdParty/SDL2/SDL-gui-backend/src/audio/sun/SDL_sunaudio.h,1,2,3
/media/ullmann/HDDGabriel/engines/UnrealEngine/Engine/Source/ThirdParty/xxhash/tests/bench/benchfn.c,0,2,2
/media/ullmann/HDDGabriel/engines/UnrealEngine/Engine/Source/ThirdParty/xxhash/tests/bench/timefn.h,2,0,2
/media/ullmann/HDDGabriel/engines/UnrealEngine/Engine/Source/ThirdParty/ICU/icu4c-64_1/source/test/perf/howExpensiveIs/howExpensiveIs.cpp,0,1,1
/media/ullmann/HDDGabriel/engines/UnrealEngine/Engine/Source/ThirdParty/ICU/icu4c-64_1/source/test/perf/howExpensiveIs/sieve.h,2,0,2
/media/ullmann/HDDGabriel/engines/UnrealEngine/Engine/Source/Runtime/Slate/Public/Framework/Docking/WorkspaceItem.h,3,0,3
/media/ullmann/HDDGabriel/engines/UnrealEngine/Engine/Source/ThirdParty/SDL2/SDL-gui-backend/include/SDL_test_memory.h,1,2,3
/media/ullmann/HDDGabriel/engines/UnrealEngine/Engine/Source/Developer/TraceInsights/Private/Insights/ViewModels/StatsAggregator.cpp,0,1,1
/media/ullmann/HDDGabriel/engines/UnrealEngine/Engine/Source/Developer/TraceInsights/Private/Insights/ViewModels/StatsAggregator.h,1,0,1
/media/ullmann/HDDGabriel/engines/UnrealEngine/Engine/Source/ThirdParty/Android/libunwind/libunwind/src/ia64/Gscript.c,1,3,4
/media/ullmann/HDDGabriel/engines/UnrealEngine/Engine/Source/ThirdParty/Android/libunwind/libunwind/src/ia64/offsets.h,5,0,5
/media/ullmann/HDDGabriel/engines/UnrealEngine/Engine/Source/ThirdParty/FreeType2/FreeType2-2.4.12/src/cff/cf2blues.c,1,4,5
/media/ullmann/HDDGabriel/engines/UnrealEngine/Engine/Source/ThirdParty/OpenSubdiv/OpenSubdiv-3.4.4/opensubdiv/far/topologyDescriptor.cpp,0,4,4
/media/ullmann/HDDGabriel/engines/UnrealEngine/Engine/Source/ThirdParty/OpenSubdiv/OpenSubdiv-3.4.4/opensubdiv/far/topologyDescriptor.h,1,4,5
/media/ullmann/HDDGabriel/engines/UnrealEngine/Engine/Source/Runtime/AudioMixer/Private/SoundFileIO/SoundFileIOEnums.h,4,0,4
/media/ullmann/HDDGabriel/engines/UnrealEngine/Engine/Source/ThirdParty/ICU/icu4c-64_1/source/test/letest/letsutil.h,4,1,5
/media/ullmann/HDDGabriel/engines/UnrealEngine/Engine/Source/Runtime/NavigationSystem/Public/NavigationSystemTypes.h,3,1,4
/media/ullmann/HDDGabriel/engines/UnrealEngine/Engine/Source/Developer/IoStoreUtilities/Public/ZenStoreWriter.h,0,2,2
/media/ullmann/HDDGabriel/engines/UnrealEngine/Engine/Source/Developer/IoStoreUtilities/Public/PackageStoreWriter.h,1,0,1
/media/ullmann/HDDGabriel/engines/UnrealEngine/Engine/Source/ThirdParty/Imath/Imath-3.1.3/src/python/PyImath/PyImathPlane.cpp,0,6,6
/media/ullmann/HDDGabriel/engines/UnrealEngine/Engine/Source/Programs/Enterprise/Datasmith/DatasmithARCHICADExporter/Private/Utils/TAssValueName.cpp,0,1,1
/media/ullmann/HDDGabriel/engines/UnrealEngine/Engine/Source/ThirdParty/OpenSubdiv/Deploy/OpenSubdiv-3.4.4/include/opensubdiv/hbr/halfedge.h,1,1,2
/media/ullmann/HDDGabriel/engines/UnrealEngine/Engine/Source/Developer/TraceAnalysis/Private/Store/AsioStoreCborServer.cpp,0,7,7
/media/ullmann/HDDGabriel/engines/UnrealEngine/Engine/Source/Developer/TraceAnalysis/Private/Store/AsioSocket.h,4,1,5
/media/ullmann/HDDGabriel/engines/UnrealEngine/Engine/Source/ThirdParty/PhysX3/NvCloth/src/cuda/CuClothData.h,3,0,3
/media/ullmann/HDDGabriel/engines/UnrealEngine/Engine/Source/ThirdParty/ICU/icu4c-53_1/source/common/ustrfmt.c,0,2,2
/media/ullmann/HDDGabriel/engines/UnrealEngine/Engine/Source/ThirdParty/OpenSubdiv/OpenSubdiv-3.4.4/examples/common/simple_math.h,12,0,12
/media/ullmann/HDDGabriel/engines/UnrealEngine/Engine/Source/Programs/Enterprise/Datasmith/DatasmithSketchUpRubyExporter/Private/DatasmithSketchUpMesh.cpp,0,10,10
/media/ullmann/HDDGabriel/engines/UnrealEngine/Engine/Source/Programs/Enterprise/Datasmith/DatasmithSketchUpRubyExporter/Private/DatasmithSketchUpSDKCeases.h,15,0,15
/media/ullmann/HDDGabriel/engines/UnrealEngine/Engine/Source/ThirdParty/openexr/openexr-3.1.1/src/lib/OpenEXR/ImfTileOffsets.cpp,0,4,4
/media/ullmann/HDDGabriel/engines/UnrealEngine/Engine/Source/ThirdParty/openexr/openexr-3.1.1/src/lib/OpenEXR/ImfTileOffsets.h,6,2,8
/media/ullmann/HDDGabriel/engines/UnrealEngine/Engine/Source/ThirdParty/SDL2/SDL-gui-backend/src/sensor/vita/SDL_vitasensor.c,0,2,2
/media/ullmann/HDDGabriel/engines/UnrealEngine/Engine/Source/Editor/BehaviorTreeEditor/Private/AssetTypeActions_BehaviorTree.cpp,0,3,3
/media/ullmann/HDDGabriel/engines/UnrealEngine/Engine/Source/Editor/BehaviorTreeEditor/Private/AssetTypeActions_BehaviorTree.h,2,0,2
/media/ullmann/HDDGabriel/engines/UnrealEngine/Engine/Source/ThirdParty/PhysX3/PhysX_3.4/Source/GeomUtils/src/mesh/GuBV4_BoxSweep_Internal.h,2,3,5
/media/ullmann/HDDGabriel/engines/UnrealEngine/Engine/Source/ThirdParty/PhysX3/PhysX_3.4/Source/GeomUtils/src/mesh/GuBV4_Internal.h,8,0,8
/media/ullmann/HDDGabriel/engines/UnrealEngine/Engine/Source/ThirdParty/Android/libunwind/libunwind/src/ppc32/regname.c,0,1,1
/media/ullmann/HDDGabriel/engines/UnrealEngine/Engine/Source/ThirdParty/Android/libunwind/libunwind/src/ppc32/unwind_i.h,8,0,8
/media/ullmann/HDDGabriel/engines/UnrealEngine/Engine/Source/ThirdParty/FreeType2/FreeType2-2.10.4/src/otvalid/otvalid.c,0,8,8
/media/ullmann/HDDGabriel/engines/UnrealEngine/Engine/Source/ThirdParty/FreeType2/FreeType2-2.10.4/src/otvalid/otvgsub.c,1,2,3
/media/ullmann/HDDGabriel/engines/UnrealEngine/Engine/Source/ThirdParty/Intel/MetricsDiscovery/MetricsDiscoveryHelper/metrics-discovery/instrumentation/metrics_discovery/common/inc/md_driver_ifc.h,1,2,3
/media/ullmann/HDDGabriel/engines/UnrealEngine/Engine/Source/ThirdParty/Intel/MetricsDiscovery/MetricsDiscoveryHelper/metrics-discovery/instrumentation/metrics_discovery/common/inc/md_internal.h,2,4,6
/media/ullmann/HDDGabriel/engines/UnrealEngine/Engine/Source/ThirdParty/FreeType2/FreeType2-2.4.12/src/autofit/aflatin.c,1,4,5
/media/ullmann/HDDGabriel/engines/UnrealEngine/Engine/Source/ThirdParty/libOpus/opus-1.3.1-12/silk/PLC.c,0,2,2
/media/ullmann/HDDGabriel/engines/UnrealEngine/Engine/Source/ThirdParty/Android/detex/AndroidETCHalfFloat.cpp,0,2,2
/media/ullmann/HDDGabriel/engines/UnrealEngine/Engine/Source/ThirdParty/Android/detex/AndroidETCInternal.h,3,1,4
/media/ullmann/HDDGabriel/engines/UnrealEngine/Engine/Source/ThirdParty/Oculus/LibOVRPlatform/LibOVRPlatform/include/OVR_Requests_ApplicationLifecycle.h,1,2,3
/media/ullmann/HDDGabriel/engines/UnrealEngine/Engine/Source/ThirdParty/ICU/icu4c-64_1/source/common/uts46.cpp,0,11,11
/media/ullmann/HDDGabriel/engines/UnrealEngine/Engine/Source/ThirdParty/ICU/icu4c-64_1/source/common/unicode/idna.h,1,0,1
/media/ullmann/HDDGabriel/engines/UnrealEngine/Engine/Source/Editor/IntroTutorials/Private/STutorialRoot.cpp,0,5,5
/media/ullmann/HDDGabriel/engines/UnrealEngine/Engine/Source/Editor/IntroTutorials/Private/STutorialRoot.h,2,0,2
/media/ullmann/HDDGabriel/engines/UnrealEngine/Engine/Source/Runtime/SlateRHIRenderer/Private/SlateShaders.h,4,0,4
/media/ullmann/HDDGabriel/engines/UnrealEngine/Engine/Source/Editor/PIEPreviewDeviceProfileSelector/Private/PIEPreviewWindow.cpp,0,2,2
/media/ullmann/HDDGabriel/engines/UnrealEngine/Engine/Source/Editor/PIEPreviewDeviceProfileSelector/Private/PIEPreviewSettings.h,3,0,3
/media/ullmann/HDDGabriel/engines/UnrealEngine/Engine/Source/ThirdParty/SDL2/SDL-gui-backend/src/audio/vita/SDL_vitaaudio.h,1,1,2
/media/ullmann/HDDGabriel/engines/UnrealEngine/Engine/Source/ThirdParty/openexr/openexr-3.1.1/src/lib/OpenEXRCore/internal_attr.h,14,8,22
/media/ullmann/HDDGabriel/engines/UnrealEngine/Engine/Source/ThirdParty/openexr/openexr-3.1.1/src/lib/OpenEXRCore/internal_channel_list.h,1,0,1
/media/ullmann/HDDGabriel/engines/UnrealEngine/Engine/Source/Developer/ToolMenus/Public/ToolMenus.h,0,9,9
/media/ullmann/HDDGabriel/engines/UnrealEngine/Engine/Source/Runtime/Apple/AGXRHI/Private/AGXStateCache.h,2,4,6
/media/ullmann/HDDGabriel/engines/UnrealEngine/Engine/Source/Runtime/Apple/AGXRHI/Private/Shaders/AGXShaderParameterCache.h,2,0,2
/media/ullmann/HDDGabriel/engines/UnrealEngine/Engine/Source/ThirdParty/Steamworks/Steamv151/sdk/public/steam/steamclientpublic.h,2,2,4
/media/ullmann/HDDGabriel/engines/UnrealEngine/Engine/Source/ThirdParty/OpenSubdiv/OpenSubdiv-3.4.4/examples/common/glHud.h,9,1,10
/media/ullmann/HDDGabriel/engines/UnrealEngine/Engine/Source/ThirdParty/libOpus/opus-1.0.3/silk/check_control_input.c,0,3,3
/media/ullmann/HDDGabriel/engines/UnrealEngine/Engine/Source/ThirdParty/libOpus/opus-1.0.3/silk/control.h,4,1,5
/media/ullmann/HDDGabriel/engines/UnrealEngine/Engine/Source/ThirdParty/SDL2/SDL-gui-backend/src/misc/android/SDL_sysurl.c,0,2,2
/media/ullmann/HDDGabriel/engines/UnrealEngine/Engine/Source/ThirdParty/Android/libunwind/libunwind/src/ia64/Gparser.c,1,2,3
/media/ullmann/HDDGabriel/engines/UnrealEngine/Engine/Source/ThirdParty/Intel/TBB/IntelTBB-2019u8/include/tbb/concurrent_unordered_map.h,1,1,2
/media/ullmann/HDDGabriel/engines/UnrealEngine/Engine/Source/ThirdParty/ICU/icu4c-53_1/source/i18n/fmtable.cpp,0,8,8
/media/ullmann/HDDGabriel/engines/UnrealEngine/Engine/Source/ThirdParty/ICU/icu4c-53_1/source/i18n/digitlst.h,8,3,11
/media/ullmann/HDDGabriel/engines/UnrealEngine/Engine/Source/Editor/GameProjectGeneration/Classes/DefaultTemplateProjectDefs.h,0,1,1
/media/ullmann/HDDGabriel/engines/UnrealEngine/Engine/Source/Editor/GameProjectGeneration/Classes/TemplateProjectDefs.h,1,0,1
/media/ullmann/HDDGabriel/engines/UnrealEngine/Engine/Source/ThirdParty/ICU/icu4c-64_1/source/i18n/csmatch.cpp,0,3,3
/media/ullmann/HDDGabriel/engines/UnrealEngine/Engine/Source/ThirdParty/ICU/icu4c-64_1/source/i18n/inputext.h,4,0,4
/media/ullmann/HDDGabriel/engines/UnrealEngine/Engine/Source/Editor/PropertyEditor/Private/ObjectPropertyNode.h,22,1,23
/media/ullmann/HDDGabriel/engines/UnrealEngine/Engine/Source/ThirdParty/OpenSubdiv/Deploy/OpenSubdiv-3.4.4/include/opensubdiv/far/patchDescriptor.h,3,3,6
/media/ullmann/HDDGabriel/engines/UnrealEngine/Engine/Source/ThirdParty/OpenSubdiv/Deploy/OpenSubdiv-3.4.4/include/opensubdiv/far/types.h,7,2,9
/media/ullmann/HDDGabriel/engines/UnrealEngine/Engine/Source/Developer/DerivedDataCache/Public/DerivedDataCachePolicy.h,1,1,2
/media/ullmann/HDDGabriel/engines/UnrealEngine/Engine/Source/Developer/DerivedDataCache/Public/DerivedDataValueId.h,6,0,6
/media/ullmann/HDDGabriel/engines/UnrealEngine/Engine/Source/Developer/CollisionAnalyzer/Private/SCAQueryTableRow.cpp,0,2,2
/media/ullmann/HDDGabriel/engines/UnrealEngine/Engine/Source/Developer/CollisionAnalyzer/Private/CollisionAnalyzerStyle.h,5,0,5
/media/ullmann/HDDGabriel/engines/UnrealEngine/Engine/Source/ThirdParty/Vulkan/Include/vulkan/vulkan.h,2,16,18
/media/ullmann/HDDGabriel/engines/UnrealEngine/Engine/Source/ThirdParty/Vulkan/Include/vulkan/vulkan_fuchsia.h,1,0,1
/media/ullmann/HDDGabriel/engines/UnrealEngine/Engine/Source/Runtime/GeometryCore/Public/QuadricError.h,0,3,3
/media/ullmann/HDDGabriel/engines/UnrealEngine/Engine/Source/Runtime/Engine/Public/MeshParticleVertexFactory.h,4,3,7
/media/ullmann/HDDGabriel/engines/UnrealEngine/Engine/Source/Runtime/Core/Public/HAL/ThreadSafeCounter.h,2,0,2
/media/ullmann/HDDGabriel/engines/UnrealEngine/Engine/Source/ThirdParty/FreeType2/FreeType2-2.6/Src/gxvalid/gxvmorx1.c,1,1,2
/media/ullmann/HDDGabriel/engines/UnrealEngine/Engine/Source/ThirdParty/FreeType2/FreeType2-2.6/Src/gxvalid/gxvmorx.h,6,3,9
/media/ullmann/HDDGabriel/engines/UnrealEngine/Engine/Source/ThirdParty/PhysX3/APEX_1.4/shared/general/HACD/public/JobSwarm.h,0,1,1
/media/ullmann/HDDGabriel/engines/UnrealEngine/Engine/Source/ThirdParty/PhysX3/APEX_1.4/shared/general/HACD/public/PlatformConfigHACD.h,7,1,8
/media/ullmann/HDDGabriel/engines/UnrealEngine/Engine/Source/ThirdParty/OpenVDB/openvdb-8.1.0/openvdb_ax/openvdb_ax/codegen/ComputeGenerator.cc,0,9,9
/media/ullmann/HDDGabriel/engines/UnrealEngine/Engine/Source/ThirdParty/OpenVDB/openvdb-8.1.0/openvdb_ax/openvdb_ax/codegen/FunctionTypes.h,13,3,16
/media/ullmann/HDDGabriel/engines/UnrealEngine/Engine/Source/ThirdParty/ICU/icu4c-53_1/source/layout/AlternateSubstSubtables.h,2,5,7
/media/ullmann/HDDGabriel/engines/UnrealEngine/Engine/Source/ThirdParty/ICU/icu4c-53_1/source/layout/GlyphSubstitutionTables.h,26,4,30
/media/ullmann/HDDGabriel/engines/UnrealEngine/Engine/Source/Developer/LogVisualizer/Private/SVisualLoggerTimelinesContainer.cpp,0,6,6
/media/ullmann/HDDGabriel/engines/UnrealEngine/Engine/Source/ThirdParty/ShaderConductor/ShaderConductor/External/DirectXShaderCompiler/lib/DxilDia/DxcPixDxilDebugInfo.cpp,0,4,4
/media/ullmann/HDDGabriel/engines/UnrealEngine/Engine/Source/ThirdParty/ShaderConductor/ShaderConductor/External/DirectXShaderCompiler/lib/DxilDia/DxcPixDxilDebugInfo.h,8,0,8
/media/ullmann/HDDGabriel/engines/UnrealEngine/Engine/Source/Runtime/Apple/MetalRHI/Private/MetalContext.cpp,0,9,9
/media/ullmann/HDDGabriel/engines/UnrealEngine/Engine/Source/Editor/AnimGraph/Public/K2Node_AnimNodeReference.h,0,1,1
/media/ullmann/HDDGabriel/engines/UnrealEngine/Engine/Source/ThirdParty/FreeImage/FreeImage-3.18.0/Source/OpenEXR/IlmImf/ImfCheckedArithmetic.h,8,1,9
/media/ullmann/HDDGabriel/engines/UnrealEngine/Engine/Source/ThirdParty/FreeType2/FreeType2-2.10.0/src/gxvalid/gxvalid.c,0,22,22
/media/ullmann/HDDGabriel/engines/UnrealEngine/Engine/Source/ThirdParty/FreeType2/FreeType2-2.10.0/src/gxvalid/gxvmort4.c,1,1,2
/media/ullmann/HDDGabriel/engines/UnrealEngine/Engine/Source/ThirdParty/FreeType2/FreeType2-2.10.0/src/truetype/ttgxvar.c,1,3,4
/media/ullmann/HDDGabriel/engines/UnrealEngine/Engine/Source/ThirdParty/FontConfig/fontconfig-2.13.94/src/fccache.c,0,3,3
/media/ullmann/HDDGabriel/engines/UnrealEngine/Engine/Source/ThirdParty/WebRTC/4147/Include/third_party/libjpeg_turbo/cdjpeg.h,0,4,4
/media/ullmann/HDDGabriel/engines/UnrealEngine/Engine/Source/ThirdParty/WebRTC/4147/Include/third_party/libjpeg_turbo/jerror.h,2,0,2
/media/ullmann/HDDGabriel/engines/UnrealEngine/Engine/Source/ThirdParty/Android/libunwind/libunwind/src/mips/Gis_signal_frame.c,1,1,2
/media/ullmann/HDDGabriel/engines/UnrealEngine/Engine/Source/ThirdParty/Android/libunwind/libunwind/src/mips/unwind_i.h,13,0,13
/media/ullmann/HDDGabriel/engines/UnrealEngine/Engine/Source/ThirdParty/FreeImage/FreeImage-3.18.0/Source/OpenEXR/Imath/ImathMatrixAlgo.h,1,8,9
/media/ullmann/HDDGabriel/engines/UnrealEngine/Engine/Source/ThirdParty/openexr/openexr-3.1.1/src/test/OpenEXRTest/testCopyDeepScanLine.cpp,0,3,3
/media/ullmann/HDDGabriel/engines/UnrealEngine/Engine/Source/ThirdParty/FreeType2/FreeType2-2.10.4/src/cache/ftcglyph.c,1,3,4
/media/ullmann/HDDGabriel/engines/UnrealEngine/Engine/Source/Developer/DesktopPlatform/Private/DesktopPlatformStub.h,1,1,2
/media/ullmann/HDDGabriel/engines/UnrealEngine/Engine/Source/ThirdParty/ICU/icu4c-64_1/source/i18n/number_output.cpp,0,3,3
/media/ullmann/HDDGabriel/engines/UnrealEngine/Engine/Source/Developer/Settings/Private/SettingsSection.cpp,0,1,1
/media/ullmann/HDDGabriel/engines/UnrealEngine/Engine/Source/Developer/Settings/Private/SettingsSection.h,2,0,2
/media/ullmann/HDDGabriel/engines/UnrealEngine/Engine/Source/ThirdParty/ICU/icu4c-53_1/source/common/patternprops.h,6,1,7
/media/ullmann/HDDGabriel/engines/UnrealEngine/Engine/Source/ThirdParty/Intel/MetricsDiscovery/MetricsDiscoveryHelper/samples/range_sample_dx11/imgui/examples/directx11_example/main.cpp,0,1,1
/media/ullmann/HDDGabriel/engines/UnrealEngine/Engine/Source/ThirdParty/Intel/MetricsDiscovery/MetricsDiscoveryHelper/samples/range_sample_dx11/imgui/examples/directx11_example/imgui_impl_dx11.h,2,0,2
/media/ullmann/HDDGabriel/engines/UnrealEngine/Engine/Source/ThirdParty/libOpus/opus-1.1/silk/stereo_decode_pred.c,0,1,1
/media/ullmann/HDDGabriel/engines/UnrealEngine/Engine/Source/Runtime/Renderer/Private/SceneHitProxyRendering.cpp,0,13,13
/media/ullmann/HDDGabriel/engines/UnrealEngine/Engine/Source/Runtime/Renderer/Private/VT/VirtualTextureSystem.h,15,0,15
/media/ullmann/HDDGabriel/engines/UnrealEngine/Engine/Source/Runtime/InputDevice/Public/IInputDeviceModule.h,1,1,2
/media/ullmann/HDDGabriel/engines/UnrealEngine/Engine/Source/Runtime/InputDevice/Public/IInputDevice.h,2,0,2
/media/ullmann/HDDGabriel/engines/UnrealEngine/Engine/Source/Editor/DetailCustomizations/Private/RangeStructCustomization.h,2,0,2
/media/ullmann/HDDGabriel/engines/UnrealEngine/Engine/Source/ThirdParty/CryptoPP/5.6.5/include/ida.h,2,7,9
/media/ullmann/HDDGabriel/engines/UnrealEngine/Engine/Source/ThirdParty/CryptoPP/5.6.5/include/mqueue.h,4,4,8
/media/ullmann/HDDGabriel/engines/UnrealEngine/Engine/Source/ThirdParty/Perforce/P4Api.Net/p4bridge/P4BridgeClient.cpp,0,4,4
/media/ullmann/HDDGabriel/engines/UnrealEngine/Engine/Source/Developer/HoloLens/HoloLensPlatformEditor/Private/HoloLensTargetSettingsCustomization.cpp,0,3,3
/media/ullmann/HDDGabriel/engines/UnrealEngine/Engine/Source/Developer/HoloLens/HoloLensPlatformEditor/Private/HoloLensTargetSettings.h,3,1,4
/media/ullmann/HDDGabriel/engines/UnrealEngine/Engine/Source/ThirdParty/ICU/icu4c-53_1/source/test/intltest/tzbdtest.h,2,1,3
/media/ullmann/HDDGabriel/engines/UnrealEngine/Engine/Source/ThirdParty/ICU/icu4c-64_1/source/common/characterproperties.cpp,0,18,18
/media/ullmann/HDDGabriel/engines/UnrealEngine/Engine/Source/Developer/VisualGraphUtils/Public/VisualGraphUtils.h,0,3,3
/media/ullmann/HDDGabriel/engines/UnrealEngine/Engine/Source/Developer/VisualGraphUtils/Public/VisualGraph.h,2,3,5
/media/ullmann/HDDGabriel/engines/UnrealEngine/Engine/Source/ThirdParty/ShaderConductor/ShaderConductor/External/DirectXShaderCompiler/tools/clang/lib/StaticAnalyzer/Checkers/NonNullParamChecker.cpp,0,1,1
/media/ullmann/HDDGabriel/engines/UnrealEngine/Engine/Source/ThirdParty/ShaderConductor/ShaderConductor/External/DirectXShaderCompiler/lib/Object/IRObjectFile.cpp,0,1,1
/media/ullmann/HDDGabriel/engines/UnrealEngine/Engine/Source/ThirdParty/ShaderConductor/ShaderConductor/External/DirectXShaderCompiler/lib/Object/RecordStreamer.h,2,0,2
/media/ullmann/HDDGabriel/engines/UnrealEngine/Engine/Source/ThirdParty/ICU/icu4c-53_1/source/common/ucnvbocu.cpp,0,8,8
/media/ullmann/HDDGabriel/engines/UnrealEngine/Engine/Source/ThirdParty/Imath/Imath-3.1.3/src/python/PyImath/PyImathColor4.cpp,0,7,7
/media/ullmann/HDDGabriel/engines/UnrealEngine/Engine/Source/ThirdParty/FreeType2/FreeType2-2.10.0/src/otvalid/otvjstf.c,1,3,4
/media/ullmann/HDDGabriel/engines/UnrealEngine/Engine/Source/ThirdParty/ICU/icu4c-64_1/source/tools/genrb/wrtjava.cpp,0,4,4
/media/ullmann/HDDGabriel/engines/UnrealEngine/Engine/Source/ThirdParty/ICU/icu4c-64_1/source/tools/genrb/genrb.h,4,3,7
/media/ullmann/HDDGabriel/engines/UnrealEngine/Engine/Source/ThirdParty/FreeType2/FreeType2-2.4.12/src/cid/type1cid.c,0,5,5
/media/ullmann/HDDGabriel/engines/UnrealEngine/Engine/Source/Developer/Windows/LiveCoding/Private/External/LC_Thread.h,5,1,6
/media/ullmann/HDDGabriel/engines/UnrealEngine/Engine/Source/ThirdParty/CryptoPP/5.6.2/include/rc5.cpp,0,3,3
/media/ullmann/HDDGabriel/engines/UnrealEngine/Engine/Source/ThirdParty/ICU/icu4c-53_1/source/test/intltest/tzoffloc.h,2,1,3
/media/ullmann/HDDGabriel/engines/UnrealEngine/Engine/Source/ThirdParty/FreeType2/FreeType2-2.4.12/src/cache/ftcmanag.c,1,3,4
/media/ullmann/HDDGabriel/engines/UnrealEngine/Engine/Source/ThirdParty/FreeType2/FreeType2-2.4.12/src/cache/ftccback.h,7,5,12
/media/ullmann/HDDGabriel/engines/UnrealEngine/Engine/Source/ThirdParty/ShaderConductor/ShaderConductor/External/DirectXShaderCompiler/tools/clang/lib/StaticAnalyzer/Checkers/ReturnUndefChecker.cpp,0,1,1
/media/ullmann/HDDGabriel/engines/UnrealEngine/Engine/Source/Runtime/Apple/MetalRHI/Private/MetalFrameAllocator.cpp,0,3,3
/media/ullmann/HDDGabriel/engines/UnrealEngine/Engine/Source/ThirdParty/ShaderConductor/ShaderConductor/External/DirectXShaderCompiler/tools/clang/lib/CodeGen/CGObjCGNU.cpp,0,4,4
/media/ullmann/HDDGabriel/engines/UnrealEngine/Engine/Source/ThirdParty/OpenVDB/Deploy/openvdb-8.1.0/include/openvdb/io/GridDescriptor.h,1,0,1
/media/ullmann/HDDGabriel/engines/UnrealEngine/Engine/Source/ThirdParty/PhysX3/APEX_1.4/module/clothing/embedded/LowLevelCloth/src/SwCollision.h,4,2,6
/media/ullmann/HDDGabriel/engines/UnrealEngine/Engine/Source/ThirdParty/PhysX3/APEX_1.4/module/clothing/embedded/LowLevelCloth/src/StackAllocator.h,3,0,3
/media/ullmann/HDDGabriel/engines/UnrealEngine/Engine/Source/Runtime/Engine/Public/NaniteSceneProxy.h,0,4,4
/media/ullmann/HDDGabriel/engines/UnrealEngine/Engine/Source/Runtime/Engine/Public/RayTracingInstance.h,1,1,2
/media/ullmann/HDDGabriel/engines/UnrealEngine/Engine/Source/ThirdParty/Alembic/alembic-1.8.2/maya/AbcImport/AbcImport.cpp,0,3,3
/media/ullmann/HDDGabriel/engines/UnrealEngine/Engine/Source/ThirdParty/CryptoPP/5.6.2/include/rabin.cpp,0,6,6
/media/ullmann/HDDGabriel/engines/UnrealEngine/Engine/Source/ThirdParty/FreeImage/FreeImage-3.18.0/Source/OpenEXR/IlmImf/ImfRgbaFile.h,6,6,12
/media/ullmann/HDDGabriel/engines/UnrealEngine/Engine/Source/Editor/VREditor/Teleporter/VREditorAutoScaler.cpp,0,1,1
/media/ullmann/HDDGabriel/engines/UnrealEngine/Engine/Source/Editor/VREditor/Teleporter/VREditorAutoScaler.h,1,0,1
/media/ullmann/HDDGabriel/engines/UnrealEngine/Engine/Source/ThirdParty/Python3/Win64/include/dictobject.h,1,1,2
/media/ullmann/HDDGabriel/engines/UnrealEngine/Engine/Source/ThirdParty/DirectShow/DirectShow-1.0.0/src/Public/streams.h,0,28,28
/media/ullmann/HDDGabriel/engines/UnrealEngine/Engine/Source/ThirdParty/DirectShow/DirectShow-1.0.0/src/Public/dllsetup.h,1,0,1
/media/ullmann/HDDGabriel/engines/UnrealEngine/Engine/Source/ThirdParty/OpenSubdiv/Deploy/OpenSubdiv-3.4.4/include/opensubdiv/hbr/creaseEdit.h,1,1,2
/media/ullmann/HDDGabriel/engines/UnrealEngine/Engine/Source/ThirdParty/ICU/icu4c-64_1/source/test/intltest/itutil.h,2,1,3
/media/ullmann/HDDGabriel/engines/UnrealEngine/Engine/Source/ThirdParty/PhysX3/APEX_1.4/module/destructible/include/DestructibleStructure.h,2,1,3
/media/ullmann/HDDGabriel/engines/UnrealEngine/Engine/Source/ThirdParty/PhysX3/APEX_1.4/module/destructible/include/DestructibleAssetProxy.h,2,2,4
/media/ullmann/HDDGabriel/engines/UnrealEngine/Engine/Source/Editor/GraphEditor/Public/SGraphNodeKnot.h,0,2,2
/media/ullmann/HDDGabriel/engines/UnrealEngine/Engine/Source/Editor/GraphEditor/Public/SGraphNodeDefault.h,1,1,2
/media/ullmann/HDDGabriel/engines/UnrealEngine/Engine/Source/Editor/ClothPainter/Private/ClothPaintTools.cpp,0,4,4
/media/ullmann/HDDGabriel/engines/UnrealEngine/Engine/Source/Editor/ClothPainter/Private/ClothMeshAdapter.h,3,0,3
/media/ullmann/HDDGabriel/engines/UnrealEngine/Engine/Source/Runtime/Online/BuildPatchServices/Private/BuildPatchManifestSet.cpp,0,4,4
/media/ullmann/HDDGabriel/engines/UnrealEngine/Engine/Source/Runtime/Online/BuildPatchServices/Private/Installer/OptimisedDelta.h,2,0,2
/media/ullmann/HDDGabriel/engines/UnrealEngine/Engine/Source/ThirdParty/ShaderConductor/ShaderConductor/External/DirectXShaderCompiler/lib/IR/Function.cpp,0,2,2
/media/ullmann/HDDGabriel/engines/UnrealEngine/Engine/Source/ThirdParty/ShaderConductor/ShaderConductor/External/DirectXShaderCompiler/lib/IR/SymbolTableListTraitsImpl.h,4,0,4
/media/ullmann/HDDGabriel/engines/UnrealEngine/Engine/Source/Programs/Enterprise/Datasmith/DatasmithSketchUpRubyExporter/Private/DatasmithSketchUpTexture.cpp,0,8,8
/media/ullmann/HDDGabriel/engines/UnrealEngine/Engine/Source/ThirdParty/ShaderConductor/ShaderConductor/External/DirectXShaderCompiler/tools/clang/tools/libclang/CXCompilationDatabase.cpp,0,1,1
/media/ullmann/HDDGabriel/engines/UnrealEngine/Engine/Source/Editor/SceneOutliner/Public/SceneOutlinerModule.h,5,2,7
/media/ullmann/HDDGabriel/engines/UnrealEngine/Engine/Source/Editor/SceneOutliner/Public/ISceneOutliner.h,4,1,5
/media/ullmann/HDDGabriel/engines/UnrealEngine/Engine/Source/ThirdParty/ICU/icu4c-53_1/source/layout/LigatureSubstProc.h,2,5,7
/media/ullmann/HDDGabriel/engines/UnrealEngine/Engine/Source/ThirdParty/ICU/icu4c-53_1/source/layout/LigatureSubstitution.h,2,5,7
/media/ullmann/HDDGabriel/engines/UnrealEngine/Engine/Source/Developer/Datasmith/DatasmithFacade/Public/DatasmithFacadeActor.h,4,1,5
/media/ullmann/HDDGabriel/engines/UnrealEngine/Engine/Source/ThirdParty/Intel/ISPC/ispc-1.17.0/src/opt.h,2,1,3
/media/ullmann/HDDGabriel/engines/UnrealEngine/Engine/Source/Runtime/Slate/Public/SlateOptMacros.h,3,0,3
/media/ullmann/HDDGabriel/engines/UnrealEngine/Engine/Source/Runtime/Core/Public/Containers/Set.h,3,1,4
/media/ullmann/HDDGabriel/engines/UnrealEngine/Engine/Source/ThirdParty/SDL2/SDL-gui-backend/src/video/pandora/SDL_pandora_events.c,0,2,2
/media/ullmann/HDDGabriel/engines/UnrealEngine/Engine/Source/ThirdParty/FreeType2/FreeType2-2.4.12/src/autofit/autofit.c,0,12,12
/media/ullmann/HDDGabriel/engines/UnrealEngine/Engine/Source/ThirdParty/Intel/Embree/Embree270/src/tests/benchmark.cpp,0,4,4
/media/ullmann/HDDGabriel/engines/UnrealEngine/Engine/Source/ThirdParty/Intel/Embree/Embree270/src/kernels/algorithms/parallel_for.h,12,4,16
/media/ullmann/HDDGabriel/engines/UnrealEngine/Engine/Source/ThirdParty/FreeImage/FreeImage-3.18.0/Source/OpenEXR/Imath/ImathGLU.h,0,1,1
/media/ullmann/HDDGabriel/engines/UnrealEngine/Engine/Source/ThirdParty/Intel/ISPC/ispc-1.16.1/src/target_registry.cpp,0,2,2
/media/ullmann/HDDGabriel/engines/UnrealEngine/Engine/Source/ThirdParty/Intel/ISPC/ispc-1.16.1/src/util.h,16,1,17
/media/ullmann/HDDGabriel/engines/UnrealEngine/Engine/Source/Runtime/Engine/Public/ParticleEmitterInstances.h,3,2,5
/media/ullmann/HDDGabriel/engines/UnrealEngine/Engine/Source/Runtime/Engine/Public/Distributions.h,4,0,4
/media/ullmann/HDDGabriel/engines/UnrealEngine/Engine/Source/Editor/KismetWidgets/Public/SScrubControlPanel.h,1,2,3
/media/ullmann/HDDGabriel/engines/UnrealEngine/Engine/Source/Editor/PhysicsAssetEditor/Private/PhysicsAssetEditorEditMode.cpp,0,6,6
/media/ullmann/HDDGabriel/engines/UnrealEngine/Engine/Source/Editor/PhysicsAssetEditor/Private/PhysicsAssetEditorEditMode.h,3,0,3
/media/ullmann/HDDGabriel/engines/UnrealEngine/Engine/Source/ThirdParty/Intel/TBB/IntelTBB-2019u8/src/test/test_concurrent_priority_queue.cpp,0,5,5
/media/ullmann/HDDGabriel/engines/UnrealEngine/Engine/Source/ThirdParty/Intel/TBB/IntelTBB-2019u8/src/test/test_initializer_list.h,4,1,5
/media/ullmann/HDDGabriel/engines/UnrealEngine/Engine/Source/Editor/IntroTutorials/Private/IntroTutorials.cpp,0,12,12
/media/ullmann/HDDGabriel/engines/UnrealEngine/Engine/Source/Editor/IntroTutorials/Private/ClassTypeActions_EditorTutorial.h,2,0,2
/media/ullmann/HDDGabriel/engines/UnrealEngine/Engine/Source/ThirdParty/PhysX3/PhysX_3.4/Source/LowLevelDynamics/src/DyArticulationHelper.h,8,0,8
/media/ullmann/HDDGabriel/engines/UnrealEngine/Engine/Source/Editor/Kismet/Private/BlueprintEditorModule.cpp,0,6,6
/media/ullmann/HDDGabriel/engines/UnrealEngine/Engine/Source/Editor/LevelEditor/Public/LevelEditor.h,3,2,5
/media/ullmann/HDDGabriel/engines/UnrealEngine/Engine/Source/ThirdParty/libOpus/opus-1.3.1-12/silk/sort.c,0,1,1
/media/ullmann/HDDGabriel/engines/UnrealEngine/Engine/Source/Developer/AssetTools/Public/IAssetTools.h,11,2,13
/media/ullmann/HDDGabriel/engines/UnrealEngine/Engine/Source/Developer/AssetTools/Public/AssetTypeCategories.h,5,0,5
/media/ullmann/HDDGabriel/engines/UnrealEngine/Engine/Source/Runtime/RuntimeAssetCache/Private/RuntimeAssetCacheBucket.cpp,0,2,2
/media/ullmann/HDDGabriel/engines/UnrealEngine/Engine/Source/Runtime/RuntimeAssetCache/Private/RuntimeAssetCacheEntryMetadata.h,4,0,4
/media/ullmann/HDDGabriel/engines/UnrealEngine/Engine/Source/ThirdParty/PhysX3/NvCloth/samples/SampleBase/renderer/PxPhysXCommonConfig.h,1,0,1
/media/ullmann/HDDGabriel/engines/UnrealEngine/Engine/Source/ThirdParty/FreeType2/FreeType2-2.10.4/src/cff/cffparse.c,1,4,5
/media/ullmann/HDDGabriel/engines/UnrealEngine/Engine/Source/ThirdParty/FreeType2/FreeType2-2.10.4/src/cff/cffparse.h,4,0,4
/media/ullmann/HDDGabriel/engines/UnrealEngine/Engine/Source/ThirdParty/CryptoPP/5.6.2/include/marss.cpp,0,2,2
/media/ullmann/HDDGabriel/engines/UnrealEngine/Engine/Source/ThirdParty/FBX/2020.2/include/fbxsdk/scene/shading/fbxconstantentryview.h,1,0,1
/media/ullmann/HDDGabriel/engines/UnrealEngine/Engine/Source/ThirdParty/SDL2/SDL-gui-backend/src/audio/dummy/SDL_dummyaudio.h,1,2,3
/media/ullmann/HDDGabriel/engines/UnrealEngine/Engine/Source/ThirdParty/Intel/TBB/IntelTBB-2019u8/include/tbb/blocked_range3d.h,1,2,3
/media/ullmann/HDDGabriel/engines/UnrealEngine/Engine/Source/ThirdParty/Intel/TBB/IntelTBB-2019u8/include/tbb/blocked_range.h,6,1,7
/media/ullmann/HDDGabriel/engines/UnrealEngine/Engine/Source/ThirdParty/OpenVDB/openvdb-8.1.0/openvdb_ax/openvdb_ax/test/integration/TestStandardFunctions.cc,0,2,2
/media/ullmann/HDDGabriel/engines/UnrealEngine/Engine/Source/Runtime/Renderer/Private/RayTracing/RayTracingDeferredMaterials.cpp,0,1,1
/media/ullmann/HDDGabriel/engines/UnrealEngine/Engine/Source/Runtime/Renderer/Private/RayTracing/RayTracingDeferredMaterials.h,2,0,2
/media/ullmann/HDDGabriel/engines/UnrealEngine/Engine/Source/ThirdParty/PhysX3/APEX_1.4/common/include/autogen/ModuleCommonRegistration.h,0,3,3
/media/ullmann/HDDGabriel/engines/UnrealEngine/Engine/Source/ThirdParty/PhysX3/APEX_1.4/common/include/autogen/DebugRenderParams.h,1,0,1
/media/ullmann/HDDGabriel/engines/UnrealEngine/Engine/Source/ThirdParty/FreeImage/FreeImage-3.18.0/Source/OpenEXR/IlmImf/ImfDeepScanLineOutputPart.cpp,0,2,2
/media/ullmann/HDDGabriel/engines/UnrealEngine/Engine/Source/ThirdParty/HarfBuzz/harfbuzz-1.2.4/src/hb-blob.cc,0,2,2
/media/ullmann/HDDGabriel/engines/UnrealEngine/Engine/Source/ThirdParty/HarfBuzz/harfbuzz-1.2.4/src/hb-object-private.hh,2,0,2
/media/ullmann/HDDGabriel/engines/UnrealEngine/Engine/Source/ThirdParty/Intel/TBB/IntelTBB-2019u8/src/tbbmalloc/backref.cpp,1,1,2
/media/ullmann/HDDGabriel/engines/UnrealEngine/Engine/Source/ThirdParty/MCPP/mcpp-2.7.2/cpp-test/test-l/nest13.h,1,1,2
/media/ullmann/HDDGabriel/engines/UnrealEngine/Engine/Source/ThirdParty/MCPP/mcpp-2.7.2/cpp-test/test-l/nest14.h,1,1,2
/media/ullmann/HDDGabriel/engines/UnrealEngine/Engine/Source/Editor/Sequencer/Private/SequencerCommonHelpers.cpp,0,11,11
/media/ullmann/HDDGabriel/engines/UnrealEngine/Engine/Source/Developer/Zen/Public/ZenServerInterface.h,0,2,2
/media/ullmann/HDDGabriel/engines/UnrealEngine/Engine/Source/Developer/Zen/Public/ZenGlobals.h,1,0,1
/media/ullmann/HDDGabriel/engines/UnrealEngine/Engine/Source/ThirdParty/PhysX3/PhysX_3.4/Source/PhysX/src/NpArticulationJoint.cpp,0,3,3
/media/ullmann/HDDGabriel/engines/UnrealEngine/Engine/Source/ThirdParty/PhysX3/PhysX_3.4/Source/PhysX/src/NpCast.h,4,7,11
/media/ullmann/HDDGabriel/engines/UnrealEngine/Engine/Source/ThirdParty/ICU/icu4c-64_1/source/test/cintltst/ucptrietest.c,0,1,1
/media/ullmann/HDDGabriel/engines/UnrealEngine/Engine/Source/ThirdParty/PhysX3/PhysX_3.4/Source/LowLevelDynamics/src/DyDynamics.h,5,2,7
/media/ullmann/HDDGabriel/engines/UnrealEngine/Engine/Source/Editor/ContentBrowser/Private/PathContextMenu.cpp,0,5,5
/media/ullmann/HDDGabriel/engines/UnrealEngine/Engine/Source/Editor/ContentBrowser/Private/ContentBrowserLog.h,9,0,9
/media/ullmann/HDDGabriel/engines/UnrealEngine/Engine/Source/ThirdParty/Intel/TBB/IntelTBB-2019u8/examples/parallel_for/tachyon/src/cylinder.cpp,0,7,7
/media/ullmann/HDDGabriel/engines/UnrealEngine/Engine/Source/ThirdParty/Intel/TBB/IntelTBB-2019u8/examples/parallel_for/tachyon/src/vector.h,23,0,23
/media/ullmann/HDDGabriel/engines/UnrealEngine/Engine/Source/ThirdParty/CryptoPP/5.6.5/include/gf2_32.h,2,3,5
/media/ullmann/HDDGabriel/engines/UnrealEngine/Engine/Source/Developer/SourceControl/Private/SSourceControlPicker.cpp,0,3,3
/media/ullmann/HDDGabriel/engines/UnrealEngine/Engine/Source/Developer/SourceControl/Private/SSourceControlPicker.h,2,0,2
/media/ullmann/HDDGabriel/engines/UnrealEngine/Engine/Source/ThirdParty/OpenSubdiv/Deploy/OpenSubdiv-3.4.4/include/opensubdiv/far/topologyRefiner.h,6,5,11
/media/ullmann/HDDGabriel/engines/UnrealEngine/Engine/Source/ThirdParty/OpenSubdiv/Deploy/OpenSubdiv-3.4.4/include/opensubdiv/sdc/options.h,8,1,9
/media/ullmann/HDDGabriel/engines/UnrealEngine/Engine/Source/ThirdParty/libOpus/opus-1.1/silk/NLSF_encode.c,0,1,1
/media/ullmann/HDDGabriel/engines/UnrealEngine/Engine/Source/ThirdParty/HarfBuzz/harfbuzz-1.2.4/src/hb-ot-shape-complex-myanmar-machine.hh,1,0,1
/media/ullmann/HDDGabriel/engines/UnrealEngine/Engine/Source/Editor/PhysicsAssetEditor/Private/PhysicsAssetGraph/PhysicsAssetGraphSummoner.h,1,1,2
/media/ullmann/HDDGabriel/engines/UnrealEngine/Engine/Source/Editor/PhysicsAssetEditor/Private/PhysicsAssetGraph/SPhysicsAssetGraph.h,3,0,3
/media/ullmann/HDDGabriel/engines/UnrealEngine/Engine/Source/ThirdParty/HarfBuzz/harfbuzz-2.4.0/src/hb-ot-shape-fallback.cc,0,2,2
/media/ullmann/HDDGabriel/engines/UnrealEngine/Engine/Source/ThirdParty/HarfBuzz/harfbuzz-2.4.0/src/hb-kern.hh,1,0,1
/media/ullmann/HDDGabriel/engines/UnrealEngine/Engine/Source/Editor/Sequencer/Private/Tools/SequencerEditTool_Movement.h,2,0,2
/media/ullmann/HDDGabriel/engines/UnrealEngine/Engine/Source/ThirdParty/ICU/icu4c-53_1/source/layout/ValueRecords.h,6,4,10
/media/ullmann/HDDGabriel/engines/UnrealEngine/Engine/Source/ThirdParty/CryptoPP/5.6.5/include/cryptlib.cpp,0,13,13
/media/ullmann/HDDGabriel/engines/UnrealEngine/Engine/Source/Runtime/Renderer/Private/HairStrands/HairStrandsClusters.cpp,0,2,2
/media/ullmann/HDDGabriel/engines/UnrealEngine/Engine/Source/Runtime/Renderer/Private/HairStrands/HairStrandsUtils.h,12,1,13
/media/ullmann/HDDGabriel/engines/UnrealEngine/Engine/Source/Runtime/GeometryFramework/Public/UDynamicMesh.h,1,3,4
/media/ullmann/HDDGabriel/engines/UnrealEngine/Engine/Source/Runtime/GeometryFramework/Public/Changes/MeshVertexChange.h,1,0,1
/media/ullmann/HDDGabriel/engines/UnrealEngine/Engine/Source/ThirdParty/openexr/Deploy/openexr-3.1.1/include/OpenEXR/IlmThread.h,0,3,3
/media/ullmann/HDDGabriel/engines/UnrealEngine/Engine/Source/ThirdParty/FreeType2/FreeType2-2.10.4/src/psaux/pserror.c,1,2,3
/media/ullmann/HDDGabriel/engines/UnrealEngine/Engine/Source/ThirdParty/glslang/glslang/src/glslang_lib/SPIRV/spirv.hpp,5,0,5
/media/ullmann/HDDGabriel/engines/UnrealEngine/Engine/Source/ThirdParty/PhysX3/PhysX_3.4/Include/common/PxTolerancesScale.h,2,0,2
/media/ullmann/HDDGabriel/engines/UnrealEngine/Engine/Source/Runtime/GeometryCore/Public/Polygon2.h,0,7,7
/media/ullmann/HDDGabriel/engines/UnrealEngine/Engine/Source/Editor/Kismet/Private/SBlueprintSubPalette.cpp,0,5,5
/media/ullmann/HDDGabriel/engines/UnrealEngine/Engine/Source/Editor/Kismet/Private/SBlueprintActionMenu.h,3,0,3
/media/ullmann/HDDGabriel/engines/UnrealEngine/Engine/Source/ThirdParty/Android/libunwind/libunwind/include/libunwind-ia64.h,1,2,3
/media/ullmann/HDDGabriel/engines/UnrealEngine/Engine/Source/ThirdParty/Android/libunwind/libunwind/include/libunwind-dynamic.h,10,0,10
/media/ullmann/HDDGabriel/engines/UnrealEngine/Engine/Source/ThirdParty/SDL2/SDL-gui-backend/src/video/haiku/SDL_bmessagebox.h,1,1,2
/media/ullmann/HDDGabriel/engines/UnrealEngine/Engine/Source/Developer/Windows/LiveCodingServer/Private/External/LC_LiveProcess.h,4,3,7
/media/ullmann/HDDGabriel/engines/UnrealEngine/Engine/Source/ThirdParty/PhysX3/PhysX_3.4/Source/PhysXVehicle/src/PxVehicleDriveTank.cpp,0,1,1
/media/ullmann/HDDGabriel/engines/UnrealEngine/Engine/Source/ThirdParty/PhysX3/PhysX_3.4/Source/PhysXVehicle/src/PxVehicleDefaults.h,9,0,9
/media/ullmann/HDDGabriel/engines/UnrealEngine/Engine/Source/ThirdParty/SDL2/SDL-gui-backend/src/video/vivante/SDL_vivantevulkan.c,0,3,3
/media/ullmann/HDDGabriel/engines/UnrealEngine/Engine/Source/ThirdParty/SDL2/SDL-gui-backend/src/video/vivante/SDL_vivantevulkan.h,2,3,5
/media/ullmann/HDDGabriel/engines/UnrealEngine/Engine/Source/ThirdParty/FreeImage/FreeImage-3.18.0/Source/OpenEXR/Imath/ImathForward.h,0,1,1
/media/ullmann/HDDGabriel/engines/UnrealEngine/Engine/Source/Editor/DataLayerEditor/Private/DataLayer/DataLayerOutlinerIsLoadedInEditorColumn.cpp,0,3,3
/media/ullmann/HDDGabriel/engines/UnrealEngine/Engine/Source/Editor/DataLayerEditor/Private/DataLayer/DataLayerOutlinerIsLoadedInEditorColumn.h,2,0,2
/media/ullmann/HDDGabriel/engines/UnrealEngine/Engine/Source/Runtime/Experimental/ChaosVehicles/ChaosVehiclesCore/Public/SteeringSystem.h,1,3,4
/media/ullmann/HDDGabriel/engines/UnrealEngine/Engine/Source/Editor/PropertyEditor/Public/IDetailGroup.h,1,1,2
/media/ullmann/HDDGabriel/engines/UnrealEngine/Engine/Source/ThirdParty/ICU/icu4c-64_1/source/common/uscript_props.cpp,0,6,6
/media/ullmann/HDDGabriel/engines/UnrealEngine/Engine/Source/ThirdParty/PhysX3/APEX_1.4/include/UserRenderSpriteBuffer.h,1,2,3
/media/ullmann/HDDGabriel/engines/UnrealEngine/Engine/Source/ThirdParty/PhysX3/APEX_1.4/include/UserRenderSpriteBufferDesc.h,2,3,5
/media/ullmann/HDDGabriel/engines/UnrealEngine/Engine/Source/ThirdParty/Intel/TBB/IntelTBB-2019u8/src/test/test_tuple.cpp,0,2,2
/media/ullmann/HDDGabriel/engines/UnrealEngine/Engine/Source/ThirdParty/SDL2/SDL-gui-backend/src/joystick/windows/SDL_xinputjoystick.c,0,6,6
/media/ullmann/HDDGabriel/engines/UnrealEngine/Engine/Source/ThirdParty/openexr/openexr-3.1.1/src/bin/exrenvmap/main.cpp,0,5,5
/media/ullmann/HDDGabriel/engines/UnrealEngine/Engine/Source/ThirdParty/openexr/openexr-3.1.1/src/bin/exrenvmap/EnvmapImage.h,4,1,5
/media/ullmann/HDDGabriel/engines/UnrealEngine/Engine/Source/ThirdParty/WebRTC/4147/Include/third_party/libvpx/source/config/ios/arm64/vpx_dsp_rtcd.h,0,1,1
/media/ullmann/HDDGabriel/engines/UnrealEngine/Engine/Source/ThirdParty/WebRTC/4147/Include/third_party/libvpx/source/config/ios/arm64/vpx_config.h,4,0,4
/media/ullmann/HDDGabriel/engines/UnrealEngine/Engine/Source/Editor/Experimental/HordeExecutor/Private/HordeExecutor.cpp,0,3,3
/media/ullmann/HDDGabriel/engines/UnrealEngine/Engine/Source/Editor/Experimental/HordeExecutor/Private/HordeExecutor.h,2,0,2
/media/ullmann/HDDGabriel/engines/UnrealEngine/Engine/Source/ThirdParty/SDL2/SDL-gui-backend/src/core/freebsd/SDL_evdev_kbd_freebsd.c,0,4,4
/media/ullmann/HDDGabriel/engines/UnrealEngine/Engine/Source/ThirdParty/SDL2/SDL-gui-backend/src/core/freebsd/SDL_evdev_kbd_default_keyaccmap.h,1,0,1
/media/ullmann/HDDGabriel/engines/UnrealEngine/Engine/Source/ThirdParty/FreeType2/FreeType2-2.6/Src/pshinter/pshpic.c,1,2,3
/media/ullmann/HDDGabriel/engines/UnrealEngine/Engine/Source/ThirdParty/FreeType2/FreeType2-2.6/Src/pshinter/pshpic.h,2,0,2
/media/ullmann/HDDGabriel/engines/UnrealEngine/Engine/Source/ThirdParty/Intel/Embree/Embree270/src/kernels/xeonphi/geometry/triangle1mc_intersector1_moeller.h,1,3,4
/media/ullmann/HDDGabriel/engines/UnrealEngine/Engine/Source/ThirdParty/Intel/Embree/Embree270/src/kernels/xeonphi/geometry/triangle1.h,12,1,13
/media/ullmann/HDDGabriel/engines/UnrealEngine/Engine/Source/ThirdParty/Python3/Win64/include/typeslots.h,1,0,1
/media/ullmann/HDDGabriel/engines/UnrealEngine/Engine/Source/Runtime/Engine/Public/ADPCMAudioInfo.h,0,3,3
/media/ullmann/HDDGabriel/engines/UnrealEngine/Engine/Source/Runtime/Engine/Public/ContentStreaming.h,4,2,6
/media/ullmann/HDDGabriel/engines/UnrealEngine/Engine/Source/ThirdParty/OpenSubdiv/OpenSubdiv-3.4.4/examples/common/d3d11Utils.cpp,0,1,1
/media/ullmann/HDDGabriel/engines/UnrealEngine/Engine/Source/ThirdParty/OpenSubdiv/OpenSubdiv-3.4.4/examples/common/d3d11Utils.h,5,0,5
/media/ullmann/HDDGabriel/engines/UnrealEngine/Engine/Source/ThirdParty/openexr/Deploy/openexr-3.1.1/include/OpenEXR/ImfDeepScanLineOutputPart.h,0,4,4
/media/ullmann/HDDGabriel/engines/UnrealEngine/Engine/Source/Programs/UnrealMultiUserServer/Private/UnrealMultiUserServerRun.cpp,0,1,1
/media/ullmann/HDDGabriel/engines/UnrealEngine/Engine/Source/Programs/UnrealMultiUserServer/Private/UnrealMultiUserServerRun.h,2,0,2
/media/ullmann/HDDGabriel/engines/UnrealEngine/Engine/Source/Developer/LogVisualizer/Private/VisualLoggerDatabase.cpp,0,2,2
/media/ullmann/HDDGabriel/engines/UnrealEngine/Engine/Source/ThirdParty/ICU/icu4c-64_1/source/samples/layout/GDIFontMap.cpp,0,4,4
/media/ullmann/HDDGabriel/engines/UnrealEngine/Engine/Source/ThirdParty/ICU/icu4c-64_1/source/samples/layout/GUISupport.h,11,0,11
/media/ullmann/HDDGabriel/engines/UnrealEngine/Engine/Source/ThirdParty/ICU/icu4c-53_1/source/common/uts46.cpp,0,11,11
/media/ullmann/HDDGabriel/engines/UnrealEngine/Engine/Source/Runtime/MovieScene/Public/MovieSceneTrack.h,3,5,8
/media/ullmann/HDDGabriel/engines/UnrealEngine/Engine/Source/Runtime/MovieScene/Public/MovieSceneSignedObject.h,4,0,4
/media/ullmann/HDDGabriel/engines/UnrealEngine/Engine/Source/ThirdParty/PhysX3/APEX_1.4/framework/include/autogen/BufferU8x3.h,1,0,1
/media/ullmann/HDDGabriel/engines/UnrealEngine/Engine/Source/ThirdParty/DirectShow/DirectShow-1.0.0/src/Public/transip.h,1,0,1
/media/ullmann/HDDGabriel/engines/UnrealEngine/Engine/Source/ThirdParty/PhysX3/PhysX_3.4/Source/PhysXExtensions/src/ExtDistanceJointSolverPrep.cpp,0,1,1
/media/ullmann/HDDGabriel/engines/UnrealEngine/Engine/Source/ThirdParty/PhysX3/PhysX_3.4/Source/PhysXExtensions/src/ExtDistanceJoint.h,5,1,6
/media/ullmann/HDDGabriel/engines/UnrealEngine/Engine/Source/ThirdParty/SDL2/SDL-gui-backend/src/video/directfb/SDL_DirectFB_opengl.h,3,1,4
/media/ullmann/HDDGabriel/engines/UnrealEngine/Engine/Source/ThirdParty/SDL2/SDL-gui-backend/src/video/directfb/SDL_DirectFB_video.h,12,2,14
/media/ullmann/HDDGabriel/engines/UnrealEngine/Engine/Source/Programs/SwitchboardListener/Private/SwitchboardListener.h,2,2,4
/media/ullmann/HDDGabriel/engines/UnrealEngine/Engine/Source/Programs/SwitchboardListener/Private/CpuUtilizationMonitor.h,3,0,3
/media/ullmann/HDDGabriel/engines/UnrealEngine/Engine/Source/ThirdParty/Vorbis/libvorbis-1.3.2/lib/mdct.c,0,3,3
/media/ullmann/HDDGabriel/engines/UnrealEngine/Engine/Source/ThirdParty/Vorbis/libvorbis-1.3.2/lib/mdct.h,6,0,6
/media/ullmann/HDDGabriel/engines/UnrealEngine/Engine/Source/Runtime/Online/HTTP/Public/HttpRequestAdapter.h,1,1,2
/media/ullmann/HDDGabriel/engines/UnrealEngine/Engine/Source/Runtime/Online/HTTP/Public/GenericPlatform/HttpRequestImpl.h,1,0,1
/media/ullmann/HDDGabriel/engines/UnrealEngine/Engine/Source/ThirdParty/ICU/icu4c-53_1/source/i18n/collationbasedatabuilder.cpp,0,5,5
/media/ullmann/HDDGabriel/engines/UnrealEngine/Engine/Source/ThirdParty/PhysX3/NvCloth/src/cuda/CuCheckSuccess.h,7,0,7
/media/ullmann/HDDGabriel/engines/UnrealEngine/Engine/Source/Editor/KismetCompiler/Public/KismetCompilerModule.h,4,0,4
/media/ullmann/HDDGabriel/engines/UnrealEngine/Engine/Source/ThirdParty/Intel/Embree/Embree2140/src/kernels/bvh/bvh.cpp,0,2,2
/media/ullmann/HDDGabriel/engines/UnrealEngine/Engine/Source/ThirdParty/PhysX3/PhysX_3.4/Source/GeomUtils/src/mesh/GuMidphaseBV4.cpp,0,5,5
/media/ullmann/HDDGabriel/engines/UnrealEngine/Engine/Source/ThirdParty/PhysX3/PhysX_3.4/Source/GeomUtils/src/mesh/GuBV4Build.h,3,1,4
/media/ullmann/HDDGabriel/engines/UnrealEngine/Engine/Source/ThirdParty/FreeType2/FreeType2-2.4.12/src/pshinter/pshpic.c,1,2,3
/media/ullmann/HDDGabriel/engines/UnrealEngine/Engine/Source/ThirdParty/FreeType2/FreeType2-2.4.12/src/pshinter/pshnterr.h,3,0,3
/media/ullmann/HDDGabriel/engines/UnrealEngine/Engine/Source/Runtime/CoreUObject/Public/UObject/ScriptStackTracker.h,1,0,1
/media/ullmann/HDDGabriel/engines/UnrealEngine/Engine/Source/ThirdParty/ICU/icu4c-53_1/source/samples/layout/clayout.c,0,5,5
/media/ullmann/HDDGabriel/engines/UnrealEngine/Engine/Source/ThirdParty/mtlpp/mtlpp-master-7efad47/src/imp_ComputeCommandEncoder.hpp,1,1,2
/media/ullmann/HDDGabriel/engines/UnrealEngine/Engine/Source/ThirdParty/mtlpp/mtlpp-master-7efad47/src/imp_CommandEncoder.hpp,5,1,6
/media/ullmann/HDDGabriel/engines/UnrealEngine/Engine/Source/Editor/UnrealEd/Private/Kismet2/CompilerResultsLog.cpp,0,1,1
/media/ullmann/HDDGabriel/engines/UnrealEngine/Engine/Source/Developer/HotReload/Public/IHotReload.h,3,0,3
/media/ullmann/HDDGabriel/engines/UnrealEngine/Engine/Source/Programs/Enterprise/Datasmith/DatasmithARCHICADExporter/Private/Utils/AutoChangeDatabase.cpp,0,1,1
/media/ullmann/HDDGabriel/engines/UnrealEngine/Engine/Source/Programs/Enterprise/Datasmith/DatasmithARCHICADExporter/Private/Utils/AutoChangeDatabase.h,6,1,7
/media/ullmann/HDDGabriel/engines/UnrealEngine/Engine/Source/ThirdParty/SDL2/SDL-gui-backend/src/video/emscripten/SDL_emscriptenvideo.c,0,10,10
/media/ullmann/HDDGabriel/engines/UnrealEngine/Engine/Source/ThirdParty/CryptoPP/5.6.2/include/datatest.cpp,0,9,9
/media/ullmann/HDDGabriel/engines/UnrealEngine/Engine/Source/ThirdParty/CryptoPP/5.6.2/include/factory.h,4,1,5
/media/ullmann/HDDGabriel/engines/UnrealEngine/Engine/Source/ThirdParty/libcurl/curl-7.55.1/include/Android/ARM64/curl/curl.h,2,5,7
/media/ullmann/HDDGabriel/engines/UnrealEngine/Engine/Source/ThirdParty/libcurl/curl-7.55.1/include/Android/ARM64/curl/typecheck-gcc.h,1,0,1
/media/ullmann/HDDGabriel/engines/UnrealEngine/Engine/Source/ThirdParty/PhysX3/PhysX_3.4/Source/SimulationController/src/ScShapeSim.cpp,0,8,8
/media/ullmann/HDDGabriel/engines/UnrealEngine/Engine/Source/ThirdParty/ICU/icu4c-53_1/source/test/intltest/citrtest.h,2,1,3
/media/ullmann/HDDGabriel/engines/UnrealEngine/Engine/Source/Runtime/Renderer/Private/Nanite/NaniteEditor.h,2,2,4
/media/ullmann/HDDGabriel/engines/UnrealEngine/Engine/Source/ThirdParty/VHACD/inc/vhacdVolume.h,1,3,4
/media/ullmann/HDDGabriel/engines/UnrealEngine/Engine/Source/ThirdParty/VHACD/inc/vhacdVector.h,4,1,5
/media/ullmann/HDDGabriel/engines/UnrealEngine/Engine/Source/ThirdParty/ShaderConductor/ShaderConductor/External/DirectXShaderCompiler/lib/CodeGen/SelectionDAG/LegalizeTypes.cpp,0,1,1
/media/ullmann/HDDGabriel/engines/UnrealEngine/Engine/Source/ThirdParty/ShaderConductor/ShaderConductor/External/DirectXShaderCompiler/lib/CodeGen/SelectionDAG/LegalizeTypes.h,5,0,5
/media/ullmann/HDDGabriel/engines/UnrealEngine/Engine/Source/ThirdParty/ICU/icu4c-64_1/include/unicode/umachine.h,0,1,1
/media/ullmann/HDDGabriel/engines/UnrealEngine/Engine/Source/ThirdParty/ICU/icu4c-64_1/include/unicode/uchar.h,1,0,1
/media/ullmann/HDDGabriel/engines/UnrealEngine/Engine/Source/ThirdParty/ICU/icu4c-53_1/source/i18n/collationdatabuilder.cpp,0,5,5
/media/ullmann/HDDGabriel/engines/UnrealEngine/Engine/Source/ThirdParty/Alembic/alembic-1.8.2/python/PyAlembic/PyXformSample.cpp,0,1,1
/media/ullmann/HDDGabriel/engines/UnrealEngine/Engine/Source/ThirdParty/Steamworks/Steamv147/sdk/public/steam/isteamparentalsettings.h,1,1,2
/media/ullmann/HDDGabriel/engines/UnrealEngine/Engine/Source/ThirdParty/Crunch/src/crnlib/crn_value.cpp,0,2,2
/media/ullmann/HDDGabriel/engines/UnrealEngine/Engine/Source/ThirdParty/SDL2/SDL-gui-backend/src/video/x11/SDL_x11opengles.h,4,3,7
/media/ullmann/HDDGabriel/engines/UnrealEngine/Engine/Source/ThirdParty/mtlpp/mtlpp-master-7efad47/src/device.hpp,10,7,17
/media/ullmann/HDDGabriel/engines/UnrealEngine/Engine/Source/ThirdParty/PhysX3/APEX_1.4/module/destructible/fracture/Core/ConvexBase.cpp,0,5,5
/media/ullmann/HDDGabriel/engines/UnrealEngine/Engine/Source/ThirdParty/PhysX3/APEX_1.4/module/destructible/fracture/Core/ConvexBase.h,6,0,6
/media/ullmann/HDDGabriel/engines/UnrealEngine/Engine/Source/ThirdParty/Alembic/alembic-1.8.2/arnold/Procedural/WriteGeo.h,2,2,4
/media/ullmann/HDDGabriel/engines/UnrealEngine/Engine/Source/ThirdParty/Alembic/alembic-1.8.2/arnold/Procedural/ProcArgs.h,4,0,4
/media/ullmann/HDDGabriel/engines/UnrealEngine/Engine/Source/Runtime/HeadMountedDisplay/Public/IXRCamera.h,2,2,4
/media/ullmann/HDDGabriel/engines/UnrealEngine/Engine/Source/Runtime/HeadMountedDisplay/Public/HeadMountedDisplayTypes.h,8,1,9
/media/ullmann/HDDGabriel/engines/UnrealEngine/Engine/Source/ThirdParty/Android/libunwind/libunwind/src/ia64/Linit_local.c,0,1,1
/media/ullmann/HDDGabriel/engines/UnrealEngine/Engine/Source/ThirdParty/Android/libunwind/libunwind/src/ia64/Ginit_local.c,1,2,3
/media/ullmann/HDDGabriel/engines/UnrealEngine/Engine/Source/ThirdParty/ICU/icu4c-53_1/source/common/ucasemap_titlecase_brkiter.cpp,0,7,7
/media/ullmann/HDDGabriel/engines/UnrealEngine/Engine/Source/ThirdParty/ICU/icu4c-64_1/source/common/locavailable.cpp,0,9,9
/media/ullmann/HDDGabriel/engines/UnrealEngine/Engine/Source/ThirdParty/libOpus/opus-1.1/silk/gain_quant.c,0,1,1
/media/ullmann/HDDGabriel/engines/UnrealEngine/Engine/Source/Developer/DerivedDataCache/Public/DerivedDataCache.h,0,7,7
/media/ullmann/HDDGabriel/engines/UnrealEngine/Engine/Source/Developer/DerivedDataCache/Public/DerivedDataValue.h,1,1,2
/media/ullmann/HDDGabriel/engines/UnrealEngine/Engine/Source/ThirdParty/ShaderConductor/ShaderConductor/External/DirectXShaderCompiler/tools/clang/lib/SPIRV/DeclResultIdMapper.h,2,1,3
/media/ullmann/HDDGabriel/engines/UnrealEngine/Engine/Source/ThirdParty/ICU/icu4c-53_1/source/test/intltest/escoll.cpp,0,2,2
/media/ullmann/HDDGabriel/engines/UnrealEngine/Engine/Source/Programs/UnrealLightmass/Private/Lighting/Collision.cpp,0,2,2
/media/ullmann/HDDGabriel/engines/UnrealEngine/Engine/Source/Programs/UnrealLightmass/Private/Lighting/Collision.h,2,2,4
/media/ullmann/HDDGabriel/engines/UnrealEngine/Engine/Source/ThirdParty/openexr/openexr-3.1.1/src/lib/OpenEXRCore/openexr_attr.h,6,1,7
/media/ullmann/HDDGabriel/engines/UnrealEngine/Engine/Source/ThirdParty/SDL2/SDL-gui-backend/src/SDL_error_c.h,3,1,4
/media/ullmann/HDDGabriel/engines/UnrealEngine/Engine/Source/ThirdParty/PhysX3/PhysX_3.4/Source/LowLevelParticles/src/PtContextCpu.h,2,0,2
/media/ullmann/HDDGabriel/engines/UnrealEngine/Engine/Source/ThirdParty/SDL2/SDL-gui-backend/src/hidapi/libusb/hidusb.cpp,0,1,1
/media/ullmann/HDDGabriel/engines/UnrealEngine/Engine/Source/ThirdParty/SDL2/SDL-gui-backend/src/hidapi/libusb/hid.c,2,2,4
/media/ullmann/HDDGabriel/engines/UnrealEngine/Engine/Source/ThirdParty/WebRTC/4147/Include/third_party/libvpx/source/libvpx/vpx/vpx_frame_buffer.h,1,1,2
/media/ullmann/HDDGabriel/engines/UnrealEngine/Engine/Source/ThirdParty/WebRTC/4147/Include/third_party/libvpx/source/libvpx/vpx/vpx_integer.h,4,0,4
/media/ullmann/HDDGabriel/engines/UnrealEngine/Engine/Source/ThirdParty/Boost/boost-1_70_0/include/boost/outcome/experimental/status-code/status_code_ptr.hpp,1,1,2
/media/ullmann/HDDGabriel/engines/UnrealEngine/Engine/Source/ThirdParty/Boost/boost-1_70_0/include/boost/outcome/experimental/status-code/status_code.hpp,2,1,3
/media/ullmann/HDDGabriel/engines/UnrealEngine/Engine/Source/ThirdParty/PhysX3/PhysX_3.4/Include/geometry/PxGeometry.h,5,0,5
/media/ullmann/HDDGabriel/engines/UnrealEngine/Engine/Source/ThirdParty/hlslcc/hlslcc/src/hlslcc_lib/lower_discard.cpp,0,3,3
/media/ullmann/HDDGabriel/engines/UnrealEngine/Engine/Source/ThirdParty/OpenVDB/openvdb-8.1.0/openvdb/openvdb/MetaMap.h,2,3,5
/media/ullmann/HDDGabriel/engines/UnrealEngine/Engine/Source/ThirdParty/OpenVDB/openvdb-8.1.0/openvdb/openvdb/Types.h,4,2,6
/media/ullmann/HDDGabriel/engines/UnrealEngine/Engine/Source/ThirdParty/ShaderConductor/ShaderConductor/External/DirectXShaderCompiler/lib/Support/regerror.c,0,2,2
/media/ullmann/HDDGabriel/engines/UnrealEngine/Engine/Source/ThirdParty/ShaderConductor/ShaderConductor/External/DirectXShaderCompiler/lib/Support/regex_impl.h,6,0,6
/media/ullmann/HDDGabriel/engines/UnrealEngine/Engine/Source/ThirdParty/Intel/TBB/IntelTBB-2019u8/include/tbb/parallel_for_each.h,2,2,4
/media/ullmann/HDDGabriel/engines/UnrealEngine/Engine/Source/ThirdParty/Intel/TBB/IntelTBB-2019u8/include/tbb/parallel_do.h,2,4,6
/media/ullmann/HDDGabriel/engines/UnrealEngine/Engine/Source/ThirdParty/openexr/openexr-3.1.1/src/lib/OpenEXR/ImfMisc.cpp,0,11,11
/media/ullmann/HDDGabriel/engines/UnrealEngine/Engine/Source/ThirdParty/openexr/openexr-3.1.1/src/lib/OpenEXR/ImfTileDescription.h,15,2,17
/media/ullmann/HDDGabriel/engines/UnrealEngine/Engine/Source/Editor/PropertyEditor/Private/DetailCustomBuilderRow.cpp,0,4,4
/media/ullmann/HDDGabriel/engines/UnrealEngine/Engine/Source/Editor/PropertyEditor/Private/DetailCustomBuilderRow.h,2,1,3
/media/ullmann/HDDGabriel/engines/UnrealEngine/Engine/Source/ThirdParty/Intel/TBB/IntelTBB-2019u8/examples/parallel_for/tachyon/src/cylinder.h,2,0,2
/media/ullmann/HDDGabriel/engines/UnrealEngine/Engine/Source/ThirdParty/ICU/icu4c-53_1/source/layout/ClassDefinitionTables.cpp,0,5,5
/media/ullmann/HDDGabriel/engines/UnrealEngine/Engine/Source/ThirdParty/rpclib/Source/include/rpc/msgpack/adaptor/ext.hpp,1,0,1
/media/ullmann/HDDGabriel/engines/UnrealEngine/Engine/Source/Developer/TreeMap/Public/STreeMap.h,0,3,3
/media/ullmann/HDDGabriel/engines/UnrealEngine/Engine/Source/Developer/TreeMap/Public/ITreeMapCustomization.h,1,1,2
/media/ullmann/HDDGabriel/engines/UnrealEngine/Engine/Source/ThirdParty/ICU/icu4c-53_1/source/layout/SubstitutionLookups.h,1,6,7
/media/ullmann/HDDGabriel/engines/UnrealEngine/Engine/Source/Runtime/Apple/AGXRHI/Private/AGXPipeline.h,2,1,3
/media/ullmann/HDDGabriel/engines/UnrealEngine/Engine/Source/ThirdParty/Intel/Embree/Embree270/src/kernels/xeonphi/bvh4i/bvh4i_intersector16_chunk.h,1,3,4
/media/ullmann/HDDGabriel/engines/UnrealEngine/Engine/Source/ThirdParty/OpenSubdiv/OpenSubdiv-3.4.4/examples/glShareTopology/init_shapes.h,1,2,3
/media/ullmann/HDDGabriel/engines/UnrealEngine/Engine/Source/ThirdParty/Boost/boost-1_70_0/include/boost/safe_numerics/safe_integer_range.hpp,0,4,4
/media/ullmann/HDDGabriel/engines/UnrealEngine/Engine/Source/ThirdParty/Boost/boost-1_70_0/include/boost/safe_numerics/native.hpp,2,0,2
/media/ullmann/HDDGabriel/engines/UnrealEngine/Engine/Source/ThirdParty/Intel/ISPC/ispc-1.17.0/ispcrt/detail/gpu/GPUDevice.h,2,2,4
/media/ullmann/HDDGabriel/engines/UnrealEngine/Engine/Source/ThirdParty/Intel/ISPC/ispc-1.17.0/ispcrt/detail/Device.h,2,4,6
/media/ullmann/HDDGabriel/engines/UnrealEngine/Engine/Source/ThirdParty/CryptoPP/5.6.2/include/rc2.cpp,0,4,4
/media/ullmann/HDDGabriel/engines/UnrealEngine/Engine/Source/ThirdParty/CryptoPP/5.6.2/include/misc.h,53,2,55
/media/ullmann/HDDGabriel/engines/UnrealEngine/Engine/Source/ThirdParty/FreeImage/FreeImage-3.18.0/Source/LibTIFF4/tif_aux.c,0,2,2
/media/ullmann/HDDGabriel/engines/UnrealEngine/Engine/Source/ThirdParty/FreeImage/FreeImage-3.18.0/Source/LibTIFF4/tif_predict.h,7,0,7
/media/ullmann/HDDGabriel/engines/UnrealEngine/Engine/Source/ThirdParty/FreeImage/FreeImage-3.18.0/Source/Metadata/FreeImageTag.h,16,0,16
/media/ullmann/HDDGabriel/engines/UnrealEngine/Engine/Source/ThirdParty/SPIRV-Reflect/SPIRV-Reflect/examples/main_hlsl_resource_types.cpp,0,1,1
/media/ullmann/HDDGabriel/engines/UnrealEngine/Engine/Source/ThirdParty/SPIRV-Reflect/SPIRV-Reflect/common/output_stream.h,5,0,5
/media/ullmann/HDDGabriel/engines/UnrealEngine/Engine/Source/ThirdParty/Python3/Linux/include/python3.9/internal/pycore_interp.h,2,4,6
/media/ullmann/HDDGabriel/engines/UnrealEngine/Engine/Source/ThirdParty/Python3/Linux/include/python3.9/internal/pycore_gil.h,2,2,4
/media/ullmann/HDDGabriel/engines/UnrealEngine/Engine/Source/ThirdParty/PhysX3/APEX_1.4/common/include/ApexCudaWrapper.h,0,6,6
/media/ullmann/HDDGabriel/engines/UnrealEngine/Engine/Source/ThirdParty/Python3/Mac/include/internal/pycore_gil.h,2,2,4
/media/ullmann/HDDGabriel/engines/UnrealEngine/Engine/Source/ThirdParty/Python3/Mac/include/internal/pycore_condvar.h,1,0,1
/media/ullmann/HDDGabriel/engines/UnrealEngine/Engine/Source/ThirdParty/MCPP/mcpp-2.7.2/cpp-test/test-l/nest119.h,1,1,2
/media/ullmann/HDDGabriel/engines/UnrealEngine/Engine/Source/ThirdParty/MCPP/mcpp-2.7.2/cpp-test/test-l/nest120.h,1,1,2
/media/ullmann/HDDGabriel/engines/UnrealEngine/Engine/Source/ThirdParty/Perforce/p4api-2021.2/Include/Win64/VS2015/p4/netconnect.h,0,1,1
/media/ullmann/HDDGabriel/engines/UnrealEngine/Engine/Source/ThirdParty/Perforce/p4api-2021.2/Include/Win64/VS2015/p4/error.h,2,0,2
/media/ullmann/HDDGabriel/engines/UnrealEngine/Engine/Source/ThirdParty/PhysX3/PxShared/src/pvd/src/PxPvdImpl.cpp,0,7,7
/media/ullmann/HDDGabriel/engines/UnrealEngine/Engine/Source/Runtime/Online/HTTPServer/Private/HttpConnection.cpp,0,7,7
/media/ullmann/HDDGabriel/engines/UnrealEngine/Engine/Source/Runtime/Online/HTTPServer/Private/HttpServerConstantsPrivate.h,4,0,4
/media/ullmann/HDDGabriel/engines/UnrealEngine/Engine/Source/ThirdParty/ICU/icu4c-64_1/source/common/loadednormalizer2impl.cpp,0,14,14
/media/ullmann/HDDGabriel/engines/UnrealEngine/Engine/Source/ThirdParty/ICU/icu4c-53_1/source/common/locmap.h,3,1,4
/media/ullmann/HDDGabriel/engines/UnrealEngine/Engine/Source/ThirdParty/openexr/openexr-3.1.1/Contrib/DtexToExr/DtexToExr.cpp,0,7,7
/media/ullmann/HDDGabriel/engines/UnrealEngine/Engine/Source/ThirdParty/Intel/Embree/Embree2140/src/kernels/common/context.h,4,2,6
/media/ullmann/HDDGabriel/engines/UnrealEngine/Engine/Source/ThirdParty/ICU/icu4c-64_1/source/common/unicode/uscript.h,13,0,13
/media/ullmann/HDDGabriel/engines/UnrealEngine/Engine/Source/ThirdParty/ShaderConductor/ShaderConductor/External/DirectXShaderCompiler/lib/Transforms/ObjCARC/ObjCARCAliasAnalysis.cpp,0,2,2
/media/ullmann/HDDGabriel/engines/UnrealEngine/Engine/Source/Editor/PixelInspector/Private/PixelInspectorView.h,5,1,6
/media/ullmann/HDDGabriel/engines/UnrealEngine/Engine/Source/Editor/Sequencer/Private/SequencerKeyActor.h,4,0,4
/media/ullmann/HDDGabriel/engines/UnrealEngine/Engine/Source/ThirdParty/ICU/icu4c-64_1/source/i18n/rulebasedcollator.cpp,0,21,21
/media/ullmann/HDDGabriel/engines/UnrealEngine/Engine/Source/ThirdParty/ICU/icu4c-64_1/source/i18n/collationdatareader.h,5,0,5
/media/ullmann/HDDGabriel/engines/UnrealEngine/Engine/Source/ThirdParty/Perforce/P4Api.Net/p4bridge/P4Connection.h,6,0,6
/media/ullmann/HDDGabriel/engines/UnrealEngine/Engine/Source/ThirdParty/libPNG/libPNG-1.6.37/intel/intel_init.c,0,1,1
/media/ullmann/HDDGabriel/engines/UnrealEngine/Engine/Source/ThirdParty/FreeType2/FreeType2-2.10.4/src/sfnt/sfobjs.h,2,0,2
/media/ullmann/HDDGabriel/engines/UnrealEngine/Engine/Source/Runtime/AudioMixer/Private/AudioMixerDevice.cpp,0,5,5
/media/ullmann/HDDGabriel/engines/UnrealEngine/Engine/Source/ThirdParty/rpclib/Source/include/rpc/msgpack/adaptor/cpp11/tuple.hpp,1,0,1
/media/ullmann/HDDGabriel/engines/UnrealEngine/Engine/Source/Editor/Persona/Private/AnimViewportPlaybackCommands.cpp,0,2,2
/media/ullmann/HDDGabriel/engines/UnrealEngine/Engine/Source/Editor/Persona/Private/AnimationEditorViewportClient.h,4,0,4
/media/ullmann/HDDGabriel/engines/UnrealEngine/Engine/Source/ThirdParty/ShaderConductor/ShaderConductor/External/DirectXShaderCompiler/tools/clang/unittests/SPIRV/CodeGenSPIRVTest.cpp,0,2,2
/media/ullmann/HDDGabriel/engines/UnrealEngine/Engine/Source/ThirdParty/ShaderConductor/ShaderConductor/External/DirectXShaderCompiler/tools/clang/unittests/SPIRV/WholeFileTestFixture.h,2,0,2
/media/ullmann/HDDGabriel/engines/UnrealEngine/Engine/Source/ThirdParty/ICU/icu4c-53_1/source/common/ushape.cpp,0,9,9
/media/ullmann/HDDGabriel/engines/UnrealEngine/Engine/Source/Editor/PropertyEditor/Private/DetailPropertyRow.cpp,0,9,9
/media/ullmann/HDDGabriel/engines/UnrealEngine/Engine/Source/ThirdParty/PhysX3/PhysX_3.4/Source/LowLevelDynamics/src/DyArticulationFnsDebug.h,2,2,4
/media/ullmann/HDDGabriel/engines/UnrealEngine/Engine/Source/ThirdParty/ICU/icu4c-53_1/source/test/letest/letsutil.h,4,1,5
/media/ullmann/HDDGabriel/engines/UnrealEngine/Engine/Source/ThirdParty/hlslcc/hlslcc/src/hlslcc_lib/ir_constant_expression.cpp,0,7,7
/media/ullmann/HDDGabriel/engines/UnrealEngine/Engine/Source/ThirdParty/hlslcc/hlslcc/src/hlslcc_lib/macros.h,8,1,9
/media/ullmann/HDDGabriel/engines/UnrealEngine/Engine/Source/ThirdParty/ShaderConductor/ShaderConductor/External/DirectXShaderCompiler/tools/clang/tools/dxlib-sample/lib_cache_manager.cpp,0,1,1
/media/ullmann/HDDGabriel/engines/UnrealEngine/Engine/Source/ThirdParty/ShaderConductor/ShaderConductor/External/DirectXShaderCompiler/tools/clang/tools/dxlib-sample/lib_share_helper.h,4,0,4
/media/ullmann/HDDGabriel/engines/UnrealEngine/Engine/Source/ThirdParty/Intel/TBB/IntelTBB-2019u8/examples/parallel_for/tachyon/src/triangle.cpp,0,7,7
/media/ullmann/HDDGabriel/engines/UnrealEngine/Engine/Source/Runtime/MessagingRpc/Private/MessageRpcClient.cpp,0,2,2
/media/ullmann/HDDGabriel/engines/UnrealEngine/Engine/Source/Runtime/MessagingRpc/Private/MessageRpcDefines.h,2,0,2
/media/ullmann/HDDGabriel/engines/UnrealEngine/Engine/Source/ThirdParty/FreeType2/FreeType2-2.6/Src/gzip/infcodes.c,1,5,6
/media/ullmann/HDDGabriel/engines/UnrealEngine/Engine/Source/ThirdParty/FreeType2/FreeType2-2.6/Src/gzip/infblock.h,5,0,5
/media/ullmann/HDDGabriel/engines/UnrealEngine/Engine/Source/Runtime/Slate/Public/Widgets/Images/SSpinningImage.h,2,0,2
/media/ullmann/HDDGabriel/engines/UnrealEngine/Engine/Source/ThirdParty/OpenVDB/openvdb-8.1.0/openvdb/openvdb/tools/PointPartitioner.h,2,0,2
/media/ullmann/HDDGabriel/engines/UnrealEngine/Engine/Source/Editor/UMGEditor/Public/UMGEditorModule.h,0,1,1
/media/ullmann/HDDGabriel/engines/UnrealEngine/Engine/Source/Editor/UMGEditor/Public/IHasDesignerExtensibility.h,1,1,2
/media/ullmann/HDDGabriel/engines/UnrealEngine/Engine/Source/ThirdParty/FreeType2/FreeType2-2.6/Src/autofit/autofit.c,0,15,15
/media/ullmann/HDDGabriel/engines/UnrealEngine/Engine/Source/ThirdParty/FreeType2/FreeType2-2.6/Src/autofit/afcjk.c,1,6,7
/media/ullmann/HDDGabriel/engines/UnrealEngine/Engine/Source/Developer/GameplayDebugger/Private/GameplayDebuggerAddonManager.cpp,0,1,1
/media/ullmann/HDDGabriel/engines/UnrealEngine/Engine/Source/Developer/GameplayDebugger/Private/GameplayDebuggerAddonManager.h,6,0,6
/media/ullmann/HDDGabriel/engines/UnrealEngine/Engine/Source/Developer/SourceControl/Private/SourceControlModule.h,3,2,5
/media/ullmann/HDDGabriel/engines/UnrealEngine/Engine/Source/Developer/SourceControl/Private/SourceControlSettings.h,2,0,2
/media/ullmann/HDDGabriel/engines/UnrealEngine/Engine/Source/ThirdParty/ICU/icu4c-64_1/source/samples/layout/GDIGUISupport.cpp,0,1,1
/media/ullmann/HDDGabriel/engines/UnrealEngine/Engine/Source/ThirdParty/FreeImage/FreeImage-3.18.0/Source/OpenEXR/Imath/ImathGL.h,0,4,4
/media/ullmann/HDDGabriel/engines/UnrealEngine/Engine/Source/ThirdParty/FreeImage/FreeImage-3.18.0/Source/OpenEXR/Imath/ImathMatrix.h,8,6,14
/media/ullmann/HDDGabriel/engines/UnrealEngine/Engine/Source/ThirdParty/CryptoPP/5.6.5/include/tiger.cpp,0,5,5
/media/ullmann/HDDGabriel/engines/UnrealEngine/Engine/Source/ThirdParty/libOpus/opus-1.3.1-12/src/mlp_train.c,0,1,1
/media/ullmann/HDDGabriel/engines/UnrealEngine/Engine/Source/ThirdParty/libOpus/opus-1.3.1-12/src/mlp_train.h,1,0,1
/media/ullmann/HDDGabriel/engines/UnrealEngine/Engine/Source/ThirdParty/Intel/Embree/Embree270/src/kernels/xeonphi/bvh4i/bvh4i_intersector16_test.cpp,0,2,2
/media/ullmann/HDDGabriel/engines/UnrealEngine/Engine/Source/ThirdParty/PhysX3/APEX_1.4/module/common_legacy/include/autogen/ModuleCommonLegacyRegistration.h,0,4,4
/media/ullmann/HDDGabriel/engines/UnrealEngine/Engine/Source/ThirdParty/PhysX3/APEX_1.4/module/common_legacy/include/autogen/ConvexHullParameters_0p0.h,1,0,1
/media/ullmann/HDDGabriel/engines/UnrealEngine/Engine/Source/ThirdParty/CryptoPP/5.6.2/include/queue.cpp,0,3,3
/media/ullmann/HDDGabriel/engines/UnrealEngine/Engine/Source/Runtime/Experimental/Chaos/Public/ChaosSolversModule.h,1,6,7
/media/ullmann/HDDGabriel/engines/UnrealEngine/Engine/Source/Runtime/Experimental/Chaos/Public/Framework/Threading.h,1,0,1
/media/ullmann/HDDGabriel/engines/UnrealEngine/Engine/Source/ThirdParty/Intel/TBB/IntelTBB-2019u8/examples/parallel_for/tachyon/src/light.cpp,0,7,7
/media/ullmann/HDDGabriel/engines/UnrealEngine/Engine/Source/Runtime/Experimental/Chaos/Public/PhysicsProxy/PhysicsProxies.h,0,5,5
/media/ullmann/HDDGabriel/engines/UnrealEngine/Engine/Source/Runtime/Experimental/Chaos/Public/PhysicsProxy/StaticMeshPhysicsProxy.h,1,0,1
/media/ullmann/HDDGabriel/engines/UnrealEngine/Engine/Source/ThirdParty/OpenSubdiv/OpenSubdiv-3.4.4/opensubdiv/far/patchBuilder.h,5,8,13
/media/ullmann/HDDGabriel/engines/UnrealEngine/Engine/Source/ThirdParty/OpenSubdiv/OpenSubdiv-3.4.4/opensubdiv/far/ptexIndices.h,3,3,6
/media/ullmann/HDDGabriel/engines/UnrealEngine/Engine/Source/ThirdParty/Oculus/LibOVRPlatform/LibOVRPlatform/include/OVR_NetworkingPeer.h,2,3,5
/media/ullmann/HDDGabriel/engines/UnrealEngine/Engine/Source/ThirdParty/ICU/icu4c-64_1/source/test/intltest/dadrcal.cpp,0,3,3
/media/ullmann/HDDGabriel/engines/UnrealEngine/Engine/Source/ThirdParty/ICU/icu4c-64_1/source/test/intltest/dadrcal.h,2,2,4
/media/ullmann/HDDGabriel/engines/UnrealEngine/Engine/Source/ThirdParty/EOSSDK/SDK/Include/eos_rtc_audio.h,0,1,1
/media/ullmann/HDDGabriel/engines/UnrealEngine/Engine/Source/ThirdParty/ICU/icu4c-53_1/source/i18n/gregoimp.cpp,0,2,2
/media/ullmann/HDDGabriel/engines/UnrealEngine/Engine/Source/ThirdParty/ICU/icu4c-53_1/source/i18n/unicode/ucal.h,4,0,4
/media/ullmann/HDDGabriel/engines/UnrealEngine/Engine/Source/ThirdParty/ICU/icu4c-64_1/source/test/intltest/g7coll.h,2,1,3
/media/ullmann/HDDGabriel/engines/UnrealEngine/Engine/Source/ThirdParty/ICU/icu4c-64_1/source/i18n/tmutfmt.cpp,0,4,4
/media/ullmann/HDDGabriel/engines/UnrealEngine/Engine/Source/ThirdParty/ICU/icu4c-64_1/source/i18n/unicode/tmutfmt.h,1,0,1
/media/ullmann/HDDGabriel/engines/UnrealEngine/Engine/Source/ThirdParty/FreeType2/FreeType2-2.6/Src/gxvalid/gxvfeat.c,1,3,4
/media/ullmann/HDDGabriel/engines/UnrealEngine/Engine/Source/ThirdParty/FreeType2/FreeType2-2.6/Src/gxvalid/gxvfeat.h,2,2,4
/media/ullmann/HDDGabriel/engines/UnrealEngine/Engine/Source/ThirdParty/ICU/icu4c-64_1/source/i18n/nfsubs.cpp,0,3,3
/media/ullmann/HDDGabriel/engines/UnrealEngine/Engine/Source/ThirdParty/ICU/icu4c-64_1/source/i18n/nfsubs.h,2,3,5
/media/ullmann/HDDGabriel/engines/UnrealEngine/Engine/Source/ThirdParty/openexr/openexr-3.1.1/src/lib/OpenEXR/ImfFrameBuffer.cpp,0,2,2
/media/ullmann/HDDGabriel/engines/UnrealEngine/Engine/Source/ThirdParty/ICU/icu4c-64_1/source/i18n/scientificnumberformatter.cpp,0,4,4
/media/ullmann/HDDGabriel/engines/UnrealEngine/Engine/Source/ThirdParty/ICU/icu4c-64_1/source/i18n/unicode/fpositer.h,5,0,5
/media/ullmann/HDDGabriel/engines/UnrealEngine/Engine/Source/ThirdParty/ICU/icu4c-53_1/source/common/uenumimp.h,7,1,8
/media/ullmann/HDDGabriel/engines/UnrealEngine/Engine/Source/Editor/UnrealEd/Private/FileHelpers.cpp,0,1,1
/media/ullmann/HDDGabriel/engines/UnrealEngine/Engine/Source/Editor/UnrealEd/Private/AutoSaveUtils.h,4,0,4
/media/ullmann/HDDGabriel/engines/UnrealEngine/Engine/Source/ThirdParty/SDL2/SDL-gui-backend/src/video/khronos/vulkan/vulkan_directfb.h,1,0,1
/media/ullmann/HDDGabriel/engines/UnrealEngine/Engine/Source/Editor/Persona/Private/SPoseWatchManagerTreeView.cpp,0,7,7
/media/ullmann/HDDGabriel/engines/UnrealEngine/Engine/Source/Editor/Persona/Private/PoseWatchManagerFolderTreeItem.h,5,1,6
/media/ullmann/HDDGabriel/engines/UnrealEngine/Engine/Source/ThirdParty/openexr/openexr-3.1.1/src/lib/OpenEXR/ImfDoubleAttribute.h,3,2,5
/media/ullmann/HDDGabriel/engines/UnrealEngine/Engine/Source/ThirdParty/ICU/icu4c-53_1/source/i18n/ucol_imp.h,5,1,6
/media/ullmann/HDDGabriel/engines/UnrealEngine/Engine/Source/ThirdParty/ICU/icu4c-53_1/source/i18n/unicode/ucol.h,17,0,17
/media/ullmann/HDDGabriel/engines/UnrealEngine/Engine/Source/ThirdParty/libOpus/opus-1.0.3/silk/bwexpander_32.c,0,1,1
/media/ullmann/HDDGabriel/engines/UnrealEngine/Engine/Source/ThirdParty/ICU/icu4c-64_1/source/i18n/numparse_affixes.h,2,5,7
/media/ullmann/HDDGabriel/engines/UnrealEngine/Engine/Source/ThirdParty/ICU/icu4c-64_1/source/i18n/number_affixutils.h,3,2,5
/media/ullmann/HDDGabriel/engines/UnrealEngine/Engine/Source/ThirdParty/WindowsMixedRealityInterop/MixedRealityInterop/HandMeshObserver.h,2,0,2
/media/ullmann/HDDGabriel/engines/UnrealEngine/Engine/Source/Editor/WorldBrowser/Private/WorldBrowserModule.cpp,0,8,8
/media/ullmann/HDDGabriel/engines/UnrealEngine/Engine/Source/Editor/WorldBrowser/Private/SWorldDetails.h,2,0,2
/media/ullmann/HDDGabriel/engines/UnrealEngine/Engine/Source/ThirdParty/OpenSubdiv/Deploy/OpenSubdiv-3.4.4/include/opensubdiv/far/patchMap.h,0,2,2
/media/ullmann/HDDGabriel/engines/UnrealEngine/Engine/Source/ThirdParty/EOSSDK/SDK/Bin/IOS/EOSSDK.framework/Headers/eos_anticheatclient.h,0,1,1
/media/ullmann/HDDGabriel/engines/UnrealEngine/Engine/Source/ThirdParty/EOSSDK/SDK/Bin/IOS/EOSSDK.framework/Headers/eos_anticheatclient_types.h,2,2,4
/media/ullmann/HDDGabriel/engines/UnrealEngine/Engine/Source/ThirdParty/Intel/Embree/Embree2140/src/kernels/common/builder.h,3,2,5
/media/ullmann/HDDGabriel/engines/UnrealEngine/Engine/Source/ThirdParty/Intel/Embree/Embree270/src/kernels/common/stack_item.h,13,1,14
/media/ullmann/HDDGabriel/engines/UnrealEngine/Engine/Source/ThirdParty/ICU/icu4c-53_1/source/layout/ScriptAndLanguage.cpp,0,5,5
/media/ullmann/HDDGabriel/engines/UnrealEngine/Engine/Source/ThirdParty/libcurl/include/Android/x64/curl/curl.h,2,6,8
/media/ullmann/HDDGabriel/engines/UnrealEngine/Engine/Source/ThirdParty/libcurl/include/Android/x64/curl/curlrules.h,1,0,1
/media/ullmann/HDDGabriel/engines/UnrealEngine/Engine/Source/ThirdParty/Android/libunwind/libunwind/src/x86/Gresume.c,1,2,3
/media/ullmann/HDDGabriel/engines/UnrealEngine/Engine/Source/ThirdParty/SDL2/SDL-gui-backend/src/joystick/os2/SDL_os2joystick.c,0,3,3
/media/ullmann/HDDGabriel/engines/UnrealEngine/Engine/Source/ThirdParty/FreeType2/FreeType2-2.10.4/src/sfnt/ttsbit.c,1,4,5
/media/ullmann/HDDGabriel/engines/UnrealEngine/Engine/Source/ThirdParty/FreeType2/FreeType2-2.10.4/src/sfnt/ttsbit.h,2,1,3
/media/ullmann/HDDGabriel/engines/UnrealEngine/Engine/Source/ThirdParty/FreeType2/FreeType2-2.4.12/src/sfnt/ttmtx.c,1,2,3
/media/ullmann/HDDGabriel/engines/UnrealEngine/Engine/Source/ThirdParty/FreeType2/FreeType2-2.4.12/src/sfnt/ttmtx.h,2,0,2
/media/ullmann/HDDGabriel/engines/UnrealEngine/Engine/Source/ThirdParty/FreeType2/FreeType2-2.4.12/src/autofit/afloader.h,3,2,5
/media/ullmann/HDDGabriel/engines/UnrealEngine/Engine/Source/ThirdParty/FreeType2/FreeType2-2.4.12/src/autofit/afglobal.h,6,2,8
/media/ullmann/HDDGabriel/engines/UnrealEngine/Engine/Source/ThirdParty/PhysX3/APEX_1.4/framework/include/ApexVertexBuffer.h,1,2,3
/media/ullmann/HDDGabriel/engines/UnrealEngine/Engine/Source/ThirdParty/PhysX3/APEX_1.4/framework/include/ApexVertexFormat.h,2,0,2
/media/ullmann/HDDGabriel/engines/UnrealEngine/Engine/Source/ThirdParty/CryptoPP/5.6.5/include/ccm.h,3,2,5
/media/ullmann/HDDGabriel/engines/UnrealEngine/Engine/Source/ThirdParty/hlslcc/hlslcc/src/hlslcc_lib/opt_dead_code_local.cpp,0,5,5
/media/ullmann/HDDGabriel/engines/UnrealEngine/Engine/Source/ThirdParty/hlslcc/hlslcc/src/hlslcc_lib/ir_basic_block.h,7,0,7
/media/ullmann/HDDGabriel/engines/UnrealEngine/Engine/Source/Runtime/GameplayTasks/Private/GameplayTasksModule.cpp,0,1,1
/media/ullmann/HDDGabriel/engines/UnrealEngine/Engine/Source/Runtime/GameplayTasks/Private/GameplayTasksPrivate.h,2,0,2
/media/ullmann/HDDGabriel/engines/UnrealEngine/Engine/Source/ThirdParty/HarfBuzz/harfbuzz-2.4.0/src/hb-subset-cff2.cc,0,7,7
/media/ullmann/HDDGabriel/engines/UnrealEngine/Engine/Source/ThirdParty/HarfBuzz/harfbuzz-2.4.0/src/hb-subset-plan.hh,3,0,3
/media/ullmann/HDDGabriel/engines/UnrealEngine/Engine/Source/ThirdParty/Oculus/LibOVRPlatform/LibOVRPlatform/include/OVR_UserOptions.h,2,4,6
/media/ullmann/HDDGabriel/engines/UnrealEngine/Engine/Source/ThirdParty/ICU/icu4c-53_1/source/common/utrie.h,9,3,12
/media/ullmann/HDDGabriel/engines/UnrealEngine/Engine/Source/Runtime/Slate/Public/Framework/Application/SlateApplication.h,4,0,4
/media/ullmann/HDDGabriel/engines/UnrealEngine/Engine/Source/Editor/PixelInspector/Private/PixelInspector.cpp,0,3,3
/media/ullmann/HDDGabriel/engines/UnrealEngine/Engine/Source/ThirdParty/ICU/icu4c-53_1/source/common/brkeng.h,4,4,8
/media/ullmann/HDDGabriel/engines/UnrealEngine/Engine/Source/Editor/DetailCustomizations/Private/RigDetails.h,2,0,2
/media/ullmann/HDDGabriel/engines/UnrealEngine/Engine/Source/ThirdParty/hlslcc/hlslcc/src/hlslcc_lib/opt_constant_propagation.cpp,0,8,8
/media/ullmann/HDDGabriel/engines/UnrealEngine/Engine/Source/ThirdParty/ICU/icu4c-53_1/source/layout/MorphStateTables.h,14,4,18
/media/ullmann/HDDGabriel/engines/UnrealEngine/Engine/Source/ThirdParty/zlib/zlib-1.2.5/Src/contrib/iostream/zfstream.cpp,0,1,1
/media/ullmann/HDDGabriel/engines/UnrealEngine/Engine/Source/ThirdParty/zlib/zlib-1.2.5/Src/contrib/iostream/zfstream.h,2,0,2
/media/ullmann/HDDGabriel/engines/UnrealEngine/Engine/Source/ThirdParty/openexr/openexr-3.1.1/src/lib/OpenEXR/ImfMultiPartOutputFile.cpp,0,16,16
/media/ullmann/HDDGabriel/engines/UnrealEngine/Engine/Source/ThirdParty/MCPP/mcpp-2.7.2/test-l/nest30.h,1,1,2
/media/ullmann/HDDGabriel/engines/UnrealEngine/Engine/Source/ThirdParty/MCPP/mcpp-2.7.2/test-l/nest31.h,1,1,2
/media/ullmann/HDDGabriel/engines/UnrealEngine/Engine/Source/ThirdParty/ICU/icu4c-53_1/source/common/brkeng.cpp,0,19,19
/media/ullmann/HDDGabriel/engines/UnrealEngine/Engine/Source/Developer/DerivedDataCache/Public/DerivedDataBuildSession.h,0,2,2
/media/ullmann/HDDGabriel/engines/UnrealEngine/Engine/Source/Developer/DerivedDataCache/Public/DerivedDataSharedStringFwd.h,10,0,10
/media/ullmann/HDDGabriel/engines/UnrealEngine/Engine/Source/ThirdParty/nvTextureTools/nvTextureTools-2.0.6/src/src/nvtt/squish/squish.cpp,0,8,8
/media/ullmann/HDDGabriel/engines/UnrealEngine/Engine/Source/ThirdParty/nvTextureTools/nvTextureTools-2.0.6/src/src/nvtt/squish/rangefit.h,2,3,5
/media/ullmann/HDDGabriel/engines/UnrealEngine/Engine/Source/ThirdParty/ICU/icu4c-64_1/source/samples/layout/pflow.c,0,3,3
/media/ullmann/HDDGabriel/engines/UnrealEngine/Engine/Source/ThirdParty/ICU/icu4c-64_1/source/samples/layout/ucreader.h,3,1,4
/media/ullmann/HDDGabriel/engines/UnrealEngine/Engine/Source/ThirdParty/hlslcc/hlslcc/src/hlslcc_lib/hir_field_selection.cpp,0,6,6
/media/ullmann/HDDGabriel/engines/UnrealEngine/Engine/Source/ThirdParty/ICU/icu4c-64_1/source/common/udatamem.h,7,2,9
/media/ullmann/HDDGabriel/engines/UnrealEngine/Engine/Source/ThirdParty/libOpus/opus-1.3.1-12/celt/mdct.h,5,3,8
/media/ullmann/HDDGabriel/engines/UnrealEngine/Engine/Source/ThirdParty/libOpus/opus-1.3.1-12/celt/kiss_fft.h,3,3,6
/media/ullmann/HDDGabriel/engines/UnrealEngine/Engine/Source/ThirdParty/Intel/Embree/Embree2140/src/kernels/builders/heuristic_binning_array_unaligned.h,1,1,2
/media/ullmann/HDDGabriel/engines/UnrealEngine/Engine/Source/ThirdParty/PhysX3/APEX_1.4/module/clothing/embedded/LowLevelCloth/src/Simd4i.h,6,4,10
/media/ullmann/HDDGabriel/engines/UnrealEngine/Engine/Source/ThirdParty/PhysX3/APEX_1.4/module/clothing/embedded/LowLevelCloth/src/sse2/Simd4i.h,1,0,1
/media/ullmann/HDDGabriel/engines/UnrealEngine/Engine/Source/ThirdParty/ICU/icu4c-64_1/source/i18n/utf16collationiterator.cpp,0,5,5
/media/ullmann/HDDGabriel/engines/UnrealEngine/Engine/Source/ThirdParty/ICU/icu4c-64_1/source/i18n/utf16collationiterator.h,5,3,8
/media/ullmann/HDDGabriel/engines/UnrealEngine/Engine/Source/ThirdParty/nvTextureTools/nvTextureTools-2.0.8/src/src/nvtt/CompressionOptions.h,4,1,5
/media/ullmann/HDDGabriel/engines/UnrealEngine/Engine/Source/Runtime/Renderer/Private/ShaderPrint.h,7,1,8
/media/ullmann/HDDGabriel/engines/UnrealEngine/Engine/Source/Runtime/AnimationCore/Public/Constraint.h,1,2,3
/media/ullmann/HDDGabriel/engines/UnrealEngine/Engine/Source/Runtime/AnimationCore/Public/CommonAnimTypes.h,2,0,2
/media/ullmann/HDDGabriel/engines/UnrealEngine/Engine/Source/ThirdParty/FreeType2/FreeType2-2.10.4/src/gzip/ftgzip.c,0,13,13
/media/ullmann/HDDGabriel/engines/UnrealEngine/Engine/Source/ThirdParty/FreeType2/FreeType2-2.10.4/src/gzip/inftrees.h,5,0,5
/media/ullmann/HDDGabriel/engines/UnrealEngine/Engine/Source/ThirdParty/Intel/MetricsDiscovery/MetricsDiscoveryHelper/samples/range_sample_dx11/imgui/examples/opengl2_example/main.cpp,0,1,1
/media/ullmann/HDDGabriel/engines/UnrealEngine/Engine/Source/ThirdParty/Intel/MetricsDiscovery/MetricsDiscoveryHelper/samples/range_sample_dx11/imgui/examples/opengl2_example/imgui_impl_glfw_gl2.h,2,0,2
/media/ullmann/HDDGabriel/engines/UnrealEngine/Engine/Source/ThirdParty/libOpus/opus-1.0.3/celt/mathops.h,12,3,15
/media/ullmann/HDDGabriel/engines/UnrealEngine/Engine/Source/ThirdParty/Intel/Embree/Embree270/src/kernels/xeon/bvh4/bvh4_intersector8_hybrid.cpp,0,10,10
/media/ullmann/HDDGabriel/engines/UnrealEngine/Engine/Source/ThirdParty/CryptoPP/5.6.5/include/zinflate.cpp,0,4,4
/media/ullmann/HDDGabriel/engines/UnrealEngine/Engine/Source/ThirdParty/CryptoPP/5.6.5/include/zinflate.h,4,4,8
/media/ullmann/HDDGabriel/engines/UnrealEngine/Engine/Source/ThirdParty/ICU/icu4c-64_1/source/test/cintltst/cdtrgtst.c,0,2,2
/media/ullmann/HDDGabriel/engines/UnrealEngine/Engine/Source/ThirdParty/ICU/icu4c-64_1/source/test/cintltst/cdtrgtst.h,1,1,2
/media/ullmann/HDDGabriel/engines/UnrealEngine/Engine/Source/ThirdParty/openexr/openexr-3.1.1/src/lib/OpenEXR/ImfIO.cpp,0,2,2
/media/ullmann/HDDGabriel/engines/UnrealEngine/Engine/Source/ThirdParty/Intel/Embree/Embree270/src/kernels/xeon/bvh4/bvh4_intersector4_single.cpp,0,8,8
/media/ullmann/HDDGabriel/engines/UnrealEngine/Engine/Source/ThirdParty/Intel/Embree/Embree270/src/kernels/xeon/bvh4/bvh4_intersector4_single.h,2,4,6
/media/ullmann/HDDGabriel/engines/UnrealEngine/Engine/Source/ThirdParty/libOpus/opus-1.0.3/celt/vq.c,0,7,7
/media/ullmann/HDDGabriel/engines/UnrealEngine/Engine/Source/ThirdParty/libOpus/opus-1.0.3/celt/os_support.h,14,0,14
/media/ullmann/HDDGabriel/engines/UnrealEngine/Engine/Source/ThirdParty/FreeType2/FreeType2-2.4.12/src/gxvalid/gxvfeat.h,2,2,4
/media/ullmann/HDDGabriel/engines/UnrealEngine/Engine/Source/ThirdParty/coremod/coremod-4.2.6/src/read_event.c,0,5,5
/media/ullmann/HDDGabriel/engines/UnrealEngine/Engine/Source/ThirdParty/ICU/icu4c-64_1/source/i18n/number_utils.cpp,0,7,7
/media/ullmann/HDDGabriel/engines/UnrealEngine/Engine/Source/ThirdParty/FreeType2/FreeType2-2.6/Src/cff/cf2ft.c,1,3,4
/media/ullmann/HDDGabriel/engines/UnrealEngine/Engine/Source/Runtime/Renderer/Private/HairStrands/HairStrandsComposition.cpp,0,3,3
/media/ullmann/HDDGabriel/engines/UnrealEngine/Engine/Source/Runtime/Renderer/Private/HairStrands/HairStrandsComposition.h,2,0,2
/media/ullmann/HDDGabriel/engines/UnrealEngine/Engine/Source/ThirdParty/Python3/Win64/include/compile.h,1,0,1
/media/ullmann/HDDGabriel/engines/UnrealEngine/Engine/Source/ThirdParty/Python3/Win64/include/ceval.h,1,1,2
/media/ullmann/HDDGabriel/engines/UnrealEngine/Engine/Source/ThirdParty/Python3/Win64/include/cpython/ceval.h,1,0,1
/media/ullmann/HDDGabriel/engines/UnrealEngine/Engine/Source/ThirdParty/openexr/openexr-3.1.1/src/lib/OpenEXR/ImfInputPartData.h,7,2,9
/media/ullmann/HDDGabriel/engines/UnrealEngine/Engine/Source/ThirdParty/ICU/icu4c-53_1/source/i18n/udatpg.cpp,0,2,2
/media/ullmann/HDDGabriel/engines/UnrealEngine/Engine/Source/ThirdParty/ICU/icu4c-53_1/source/i18n/unicode/udatpg.h,2,0,2
/media/ullmann/HDDGabriel/engines/UnrealEngine/Engine/Source/ThirdParty/SDL2/SDL-gui-backend/src/video/x11/SDL_x11dyn.c,0,3,3
/media/ullmann/HDDGabriel/engines/UnrealEngine/Engine/Source/ThirdParty/PhysX3/APEX_1.4/module/clothing/embedded/LowLevelCloth/src/SwCollisionHelpers.h,3,4,7
/media/ullmann/HDDGabriel/engines/UnrealEngine/Engine/Source/ThirdParty/PhysX3/APEX_1.4/module/clothing/embedded/LowLevelCloth/src/neon/SwCollisionHelpers.h,1,0,1
/media/ullmann/HDDGabriel/engines/UnrealEngine/Engine/Source/ThirdParty/HarfBuzz/harfbuzz-2.4.0/src/test-iter.cc,0,4,4
/media/ullmann/HDDGabriel/engines/UnrealEngine/Engine/Source/ThirdParty/ICU/icu4c-53_1/source/common/rbbinode.h,7,2,9
/media/ullmann/HDDGabriel/engines/UnrealEngine/Engine/Source/ThirdParty/HarfBuzz/harfbuzz-1.2.4/src/hb-face.cc,0,8,8
/media/ullmann/HDDGabriel/engines/UnrealEngine/Engine/Source/Runtime/Core/Public/Misc/FeedbackContext.h,2,0,2
/media/ullmann/HDDGabriel/engines/UnrealEngine/Engine/Source/Editor/AnimationBlueprintEditor/Private/BlendSpaceDocumentTabFactory.cpp,0,3,3
/media/ullmann/HDDGabriel/engines/UnrealEngine/Engine/Source/Editor/AnimationBlueprintEditor/Private/TabPayload_BlendSpaceGraph.h,2,0,2
/media/ullmann/HDDGabriel/engines/UnrealEngine/Engine/Source/ThirdParty/CryptoPP/5.6.2/include/ttmac.h,3,2,5
/media/ullmann/HDDGabriel/engines/UnrealEngine/Engine/Source/ThirdParty/PhysX3/APEX_1.4/shared/general/meshimport/src/MeshImportEzm/ImportEzm.cpp,0,1,1
/media/ullmann/HDDGabriel/engines/UnrealEngine/Engine/Source/ThirdParty/PhysX3/APEX_1.4/shared/general/meshimport/src/MeshImportEzm/ImportEzm.h,2,0,2
/media/ullmann/HDDGabriel/engines/UnrealEngine/Engine/Source/ThirdParty/libOpus/opus-1.0.3/celt/celt.c,0,14,14
/media/ullmann/HDDGabriel/engines/UnrealEngine/Engine/Source/ThirdParty/libOpus/opus-1.0.3/celt/celt_lpc.h,3,1,4
/media/ullmann/HDDGabriel/engines/UnrealEngine/Engine/Source/ThirdParty/WindowsMixedRealityInterop/Include/WindowsMixedRealityAvailability.h,0,1,1
/media/ullmann/HDDGabriel/engines/UnrealEngine/Engine/Source/ThirdParty/WindowsMixedRealityInterop/Include/MixedRealityInteropBuildInfo.h,1,0,1
/media/ullmann/HDDGabriel/engines/UnrealEngine/Engine/Source/ThirdParty/FreeType2/FreeType2-2.6/Src/gxvalid/gxverror.h,1,0,1
/media/ullmann/HDDGabriel/engines/UnrealEngine/Engine/Source/ThirdParty/llvm/8/include/llvm/DebugInfo/PDB/PDBSymbolLabel.h,0,2,2
/media/ullmann/HDDGabriel/engines/UnrealEngine/Engine/Source/Developer/MeshMergeUtilities/Public/StaticMeshAdapter.h,0,1,1
/media/ullmann/HDDGabriel/engines/UnrealEngine/Engine/Source/Developer/MeshMergeUtilities/Public/IMaterialBakingAdapter.h,3,0,3
/media/ullmann/HDDGabriel/engines/UnrealEngine/Engine/Source/ThirdParty/ICU/icu4c-64_1/source/test/letest/sfnt.h,5,0,5
/media/ullmann/HDDGabriel/engines/UnrealEngine/Engine/Source/ThirdParty/SDL2/SDL-gui-backend/src/video/wayland/SDL_waylanddatamanager.c,0,4,4
/media/ullmann/HDDGabriel/engines/UnrealEngine/Engine/Source/ThirdParty/ICU/icu4c-64_1/source/test/cintltst/cdetst.c,0,4,4
/media/ullmann/HDDGabriel/engines/UnrealEngine/Engine/Source/ThirdParty/PhysX3/NvCloth/samples/SampleBase/scene/scenes/InterCollisionScene.cpp,0,1,1
/media/ullmann/HDDGabriel/engines/UnrealEngine/Engine/Source/ThirdParty/PhysX3/NvCloth/samples/SampleBase/scene/scenes/InterCollisionScene.h,1,0,1
/media/ullmann/HDDGabriel/engines/UnrealEngine/Engine/Source/Editor/LevelEditor/Private/SLevelViewport.cpp,0,7,7
/media/ullmann/HDDGabriel/engines/UnrealEngine/Engine/Source/Editor/LevelEditor/Private/SCaptureRegionWidget.h,3,0,3
/media/ullmann/HDDGabriel/engines/UnrealEngine/Engine/Source/ThirdParty/FreeType2/FreeType2-2.6/Src/autofit/afloader.h,2,3,5
/media/ullmann/HDDGabriel/engines/UnrealEngine/Engine/Source/ThirdParty/FreeType2/FreeType2-2.6/Src/autofit/afglobal.h,9,5,14
/media/ullmann/HDDGabriel/engines/UnrealEngine/Engine/Source/ThirdParty/FreeType2/FreeType2-2.10.4/src/pcf/pcfdrivr.c,1,5,6
/media/ullmann/HDDGabriel/engines/UnrealEngine/Engine/Source/ThirdParty/FreeType2/FreeType2-2.10.4/src/pcf/pcfread.h,2,0,2
/media/ullmann/HDDGabriel/engines/UnrealEngine/Engine/Source/ThirdParty/MCPP/mcpp-2.7.2/cpp-test/test-l/nest34.h,1,1,2
/media/ullmann/HDDGabriel/engines/UnrealEngine/Engine/Source/ThirdParty/MCPP/mcpp-2.7.2/cpp-test/test-l/nest35.h,1,1,2
/media/ullmann/HDDGabriel/engines/UnrealEngine/Engine/Source/Runtime/AnimationCore/Public/AngularLimit.h,0,1,1
/media/ullmann/HDDGabriel/engines/UnrealEngine/Engine/Source/Developer/Windows/LiveCoding/Private/External/LC_ProcessTypes.h,6,2,8
/media/ullmann/HDDGabriel/engines/UnrealEngine/Engine/Source/Developer/Windows/LiveCoding/Private/External/LC_FilesystemTypes.h,2,1,3
/media/ullmann/HDDGabriel/engines/UnrealEngine/Engine/Source/ThirdParty/PhysX3/APEX_1.4/module/clothing/embedded/LowLevelCloth/src/SwCloth.h,7,4,11
/media/ullmann/HDDGabriel/engines/UnrealEngine/Engine/Source/ThirdParty/ICU/icu4c-53_1/source/common/unorm.cpp,0,10,10
/media/ullmann/HDDGabriel/engines/UnrealEngine/Engine/Source/Runtime/Datasmith/DirectLink/Public/DirectLinkCommon.h,6,0,6
/media/ullmann/HDDGabriel/engines/UnrealEngine/Engine/Source/ThirdParty/PhysX3/PhysX_3.4/Source/LowLevelCloth/src/windows/CuPinnedAllocator.h,2,1,3
/media/ullmann/HDDGabriel/engines/UnrealEngine/Engine/Source/ThirdParty/mtlpp/mtlpp-master-7efad47/src/command_queue.hpp,1,4,5
/media/ullmann/HDDGabriel/engines/UnrealEngine/Engine/Source/ThirdParty/mtlpp/mtlpp-master-7efad47/src/imp_CommandQueue.hpp,1,1,2
/media/ullmann/HDDGabriel/engines/UnrealEngine/Engine/Source/ThirdParty/SDL2/SDL-gui-backend/src/video/wayland/SDL_waylanddatamanager.h,3,3,6
/media/ullmann/HDDGabriel/engines/UnrealEngine/Engine/Source/ThirdParty/PhysX3/PhysX_3.4/Source/GeomUtils/src/mesh/GuRTree.h,4,0,4
/media/ullmann/HDDGabriel/engines/UnrealEngine/Engine/Source/Runtime/Experimental/Interchange/Engine/Private/Tasks/InterchangeTaskParsing.cpp,0,5,5
/media/ullmann/HDDGabriel/engines/UnrealEngine/Engine/Source/Runtime/Experimental/Interchange/Engine/Private/Tasks/InterchangeTaskPipeline.h,3,0,3
/media/ullmann/HDDGabriel/engines/UnrealEngine/Engine/Source/ThirdParty/FreeType2/FreeType2-2.10.4/src/autofit/afloader.c,1,5,6
/media/ullmann/HDDGabriel/engines/UnrealEngine/Engine/Source/ThirdParty/FreeType2/FreeType2-2.10.4/src/autofit/afmodule.h,4,0,4
/media/ullmann/HDDGabriel/engines/UnrealEngine/Engine/Source/Programs/UnrealLightmass/Private/LightmassCore/Math/LMOctree.h,0,2,2
/media/ullmann/HDDGabriel/engines/UnrealEngine/Engine/Source/Editor/DataTableEditor/Private/SRowEditor.h,4,0,4
/media/ullmann/HDDGabriel/engines/UnrealEngine/Engine/Source/ThirdParty/DirectShow/DirectShow-1.0.0/src/Public/refclock.h,1,0,1
/media/ullmann/HDDGabriel/engines/UnrealEngine/Engine/Source/ThirdParty/FBX/2020.2/include/fbxsdk/utils/fbxrenamingstrategyfbx6.h,1,0,1
/media/ullmann/HDDGabriel/engines/UnrealEngine/Engine/Source/ThirdParty/ICU/icu4c-53_1/source/test/intltest/dadrcal.h,2,2,4
/media/ullmann/HDDGabriel/engines/UnrealEngine/Engine/Source/ThirdParty/libOpus/opus-1.1/silk/fixed/solve_LS_FIX.c,0,1,1
/media/ullmann/HDDGabriel/engines/UnrealEngine/Engine/Source/ThirdParty/libOpus/opus-1.1/silk/fixed/main_FIX.h,16,1,17
/media/ullmann/HDDGabriel/engines/UnrealEngine/Engine/Source/ThirdParty/libPNG/libPNG-1.5.27/contrib/gregbook/rpng2-x.c,0,1,1
/media/ullmann/HDDGabriel/engines/UnrealEngine/Engine/Source/ThirdParty/libPNG/libPNG-1.5.27/contrib/gregbook/readpng2.h,3,0,3
/media/ullmann/HDDGabriel/engines/UnrealEngine/Engine/Source/Editor/IntroTutorials/Private/EditorTutorialSettings.h,5,0,5
/media/ullmann/HDDGabriel/engines/UnrealEngine/Engine/Source/ThirdParty/Android/libunwind/libunwind/src/ppc/Ginit_local.c,1,2,3
/media/ullmann/HDDGabriel/engines/UnrealEngine/Engine/Source/ThirdParty/Android/libunwind/libunwind/src/ppc64/init.h,2,1,3
/media/ullmann/HDDGabriel/engines/UnrealEngine/Engine/Source/Runtime/Experimental/Interchange/Engine/Private/Tasks/InterchangeTaskTranslator.cpp,0,1,1
/media/ullmann/HDDGabriel/engines/UnrealEngine/Engine/Source/Runtime/Experimental/Interchange/Engine/Private/Tasks/InterchangeTaskTranslator.h,2,0,2
/media/ullmann/HDDGabriel/engines/UnrealEngine/Engine/Source/ThirdParty/CryptoPP/5.6.5/include/pwdbased.h,1,4,5
/media/ullmann/HDDGabriel/engines/UnrealEngine/Engine/Source/ThirdParty/SDL2/SDL-gui-backend/src/core/winrt/SDL_winrtapp_common.cpp,0,3,3
/media/ullmann/HDDGabriel/engines/UnrealEngine/Engine/Source/Editor/ClothPainter/Private/ClothPaintSettingsCustomization.h,3,0,3
/media/ullmann/HDDGabriel/engines/UnrealEngine/Engine/Source/ThirdParty/ICU/icu4c-53_1/source/layout/HangulLayoutEngine.h,2,8,10
/media/ullmann/HDDGabriel/engines/UnrealEngine/Engine/Source/ThirdParty/ICU/icu4c-53_1/source/layout/LayoutEngine.h,18,1,19
/media/ullmann/HDDGabriel/engines/UnrealEngine/Engine/Source/Editor/FoliageEdit/Private/FoliageTypeDetails.cpp,0,2,2
/media/ullmann/HDDGabriel/engines/UnrealEngine/Engine/Source/ThirdParty/MCPP/mcpp-2.7.2/test-l/nest6.h,1,1,2
/media/ullmann/HDDGabriel/engines/UnrealEngine/Engine/Source/ThirdParty/MCPP/mcpp-2.7.2/test-l/nest7.h,1,1,2
/media/ullmann/HDDGabriel/engines/UnrealEngine/Engine/Source/ThirdParty/CryptoPP/5.6.2/include/rw.cpp,0,4,4
/media/ullmann/HDDGabriel/engines/UnrealEngine/Engine/Source/Runtime/InteractiveToolsFramework/Public/InteractiveGizmoManager.h,1,5,6
/media/ullmann/HDDGabriel/engines/UnrealEngine/Engine/Source/Runtime/InteractiveToolsFramework/Public/InteractiveToolChange.h,2,0,2
/media/ullmann/HDDGabriel/engines/UnrealEngine/Engine/Source/ThirdParty/ICU/icu4c-64_1/source/i18n/uspoof_impl.cpp,0,4,4
/media/ullmann/HDDGabriel/engines/UnrealEngine/Engine/Source/ThirdParty/ICU/icu4c-64_1/source/i18n/scriptset.h,3,0,3
/media/ullmann/HDDGabriel/engines/UnrealEngine/Engine/Source/ThirdParty/ICU/icu4c-53_1/source/i18n/decNumber.h,3,0,3
/media/ullmann/HDDGabriel/engines/UnrealEngine/Engine/Source/ThirdParty/Imath/Imath-3.1.3/src/Imath/ImathFun.h,5,3,8
/media/ullmann/HDDGabriel/engines/UnrealEngine/Engine/Source/ThirdParty/Imath/Imath-3.1.3/src/Imath/ImathExport.h,18,0,18
/media/ullmann/HDDGabriel/engines/UnrealEngine/Engine/Source/ThirdParty/libOpus/opus-1.1/celt/rate.c,0,6,6
/media/ullmann/HDDGabriel/engines/UnrealEngine/Engine/Source/ThirdParty/libOpus/opus-1.1/celt/entcode.h,9,1,10
/media/ullmann/HDDGabriel/engines/UnrealEngine/Engine/Source/ThirdParty/SDL2/SDL-gui-backend/src/video/cocoa/SDL_cocoamodes.h,1,1,2
/media/ullmann/HDDGabriel/engines/UnrealEngine/Engine/Source/ThirdParty/Intel/Embree/Embree270/src/common/math/linearspace2.h,1,1,2
/media/ullmann/HDDGabriel/engines/UnrealEngine/Engine/Source/ThirdParty/Intel/Embree/Embree270/src/common/math/vec2.h,4,1,5
/media/ullmann/HDDGabriel/engines/UnrealEngine/Engine/Source/ThirdParty/ICU/icu4c-53_1/source/test/intltest/tzrulets.cpp,0,1,1
/media/ullmann/HDDGabriel/engines/UnrealEngine/Engine/Source/ThirdParty/ICU/icu4c-53_1/source/test/intltest/tzrulets.h,2,1,3
/media/ullmann/HDDGabriel/engines/UnrealEngine/Engine/Source/ThirdParty/FreeImage/FreeImage-3.18.0/Source/OpenEXR/Iex/IexExport.h,4,0,4
/media/ullmann/HDDGabriel/engines/UnrealEngine/Engine/Source/ThirdParty/ICU/icu4c-53_1/source/common/udatamem.h,7,2,9
/media/ullmann/HDDGabriel/engines/UnrealEngine/Engine/Source/ThirdParty/ICU/icu4c-53_1/source/i18n/taiwncal.cpp,0,2,2
/media/ullmann/HDDGabriel/engines/UnrealEngine/Engine/Source/ThirdParty/ICU/icu4c-53_1/source/i18n/taiwncal.h,2,2,4
/media/ullmann/HDDGabriel/engines/UnrealEngine/Engine/Source/ThirdParty/llvm/8/include/llvm/BinaryFormat/ELFRelocs/BPF.def,1,0,1
/media/ullmann/HDDGabriel/engines/UnrealEngine/Engine/Source/ThirdParty/ICU/icu4c-64_1/source/test/intltest/tzregts.h,2,1,3
/media/ullmann/HDDGabriel/engines/UnrealEngine/Engine/Source/ThirdParty/ShaderConductor/ShaderConductor/External/DirectXShaderCompiler/lib/Transforms/ObjCARC/ARCInstKind.cpp,0,1,1
/media/ullmann/HDDGabriel/engines/UnrealEngine/Engine/Source/ThirdParty/ICU/icu4c-53_1/source/common/unicode/rbbi.h,7,0,7
/media/ullmann/HDDGabriel/engines/UnrealEngine/Engine/Source/ThirdParty/MCPP/mcpp-2.7.2/test-l/nest8.h,1,1,2
/media/ullmann/HDDGabriel/engines/UnrealEngine/Engine/Source/ThirdParty/ShaderConductor/ShaderConductor/External/googletest/googletest/samples/sample1_unittest.cc,0,1,1
/media/ullmann/HDDGabriel/engines/UnrealEngine/Engine/Source/ThirdParty/OpenSubdiv/OpenSubdiv-3.4.4/opensubdiv/osd/cpuVertexBuffer.h,1,1,2
/media/ullmann/HDDGabriel/engines/UnrealEngine/Engine/Source/ThirdParty/FreeType2/FreeType2-2.6/Src/autofit/afblue.h,1,0,1
/media/ullmann/HDDGabriel/engines/UnrealEngine/Engine/Source/Editor/AnimGraph/Private/AnimGraphModule.cpp,0,14,14
/media/ullmann/HDDGabriel/engines/UnrealEngine/Engine/Source/Editor/AnimGraph/Private/EditModes/ModifyBoneEditMode.h,1,0,1
/media/ullmann/HDDGabriel/engines/UnrealEngine/Engine/Source/Programs/UnrealTraceServer/src/AsioTcpServer.cpp,0,3,3
/media/ullmann/HDDGabriel/engines/UnrealEngine/Engine/Source/Programs/UnrealTraceServer/src/AsioTcpServer.h,4,1,5
/media/ullmann/HDDGabriel/engines/UnrealEngine/Engine/Source/ThirdParty/CryptoPP/5.6.2/include/cbcmac.cpp,0,2,2
/media/ullmann/HDDGabriel/engines/UnrealEngine/Engine/Source/Runtime/MovieSceneCapture/Public/MovieSceneCapture.h,1,4,5
/media/ullmann/HDDGabriel/engines/UnrealEngine/Engine/Source/Runtime/MovieSceneCapture/Public/MovieSceneCaptureHandle.h,3,0,3
/media/ullmann/HDDGabriel/engines/UnrealEngine/Engine/Source/ThirdParty/ICU/icu4c-64_1/source/test/intltest/itformat.h,7,1,8
/media/ullmann/HDDGabriel/engines/UnrealEngine/Engine/Source/ThirdParty/PhysX3/PhysX_3.4/Source/GeomUtils/src/mesh/GuBV4_Raycast.cpp,0,5,5
/media/ullmann/HDDGabriel/engines/UnrealEngine/Engine/Source/ThirdParty/PhysX3/PhysX_3.4/Source/GeomUtils/src/mesh/GuBV4.h,14,1,15
/media/ullmann/HDDGabriel/engines/UnrealEngine/Engine/Source/ThirdParty/ICU/icu4c-53_1/source/i18n/casetrn.h,3,1,4
/media/ullmann/HDDGabriel/engines/UnrealEngine/Engine/Source/ThirdParty/ICU/icu4c-53_1/source/i18n/tmutamt.cpp,0,1,1
/media/ullmann/HDDGabriel/engines/UnrealEngine/Engine/Source/ThirdParty/ICU/icu4c-53_1/source/i18n/unicode/tmutamt.h,1,0,1
/media/ullmann/HDDGabriel/engines/UnrealEngine/Engine/Source/ThirdParty/ICU/icu4c-53_1/source/i18n/ucln_in.h,37,0,37
/media/ullmann/HDDGabriel/engines/UnrealEngine/Engine/Source/ThirdParty/GoogleOboe/Private/opensles/OutputMixerOpenSLES.cpp,0,3,3
/media/ullmann/HDDGabriel/engines/UnrealEngine/Engine/Source/ThirdParty/GoogleOboe/Private/opensles/OpenSLESUtilities.h,6,0,6
/media/ullmann/HDDGabriel/engines/UnrealEngine/Engine/Source/ThirdParty/ICU/icu4c-53_1/source/i18n/esctrn.h,2,1,3
/media/ullmann/HDDGabriel/engines/UnrealEngine/Engine/Source/Developer/LogVisualizer/Private/SVisualLoggerReport.cpp,0,2,2
/media/ullmann/HDDGabriel/engines/UnrealEngine/Engine/Source/Developer/LogVisualizer/Private/LogVisualizerStyle.h,13,0,13
/media/ullmann/HDDGabriel/engines/UnrealEngine/Engine/Source/ThirdParty/WebRTC/4147/Include/rtc_base/file_rotating_stream.h,0,1,1
/media/ullmann/HDDGabriel/engines/UnrealEngine/Engine/Source/Runtime/Engine/Private/CompositeDataTable.cpp,0,2,2
/media/ullmann/HDDGabriel/engines/UnrealEngine/Engine/Source/Runtime/Engine/Private/DataTableJSON.h,4,0,4
/media/ullmann/HDDGabriel/engines/UnrealEngine/Engine/Source/ThirdParty/SDL2/SDL-gui-backend/src/video/winrt/SDL_winrtevents_c.h,7,1,8
/media/ullmann/HDDGabriel/engines/UnrealEngine/Engine/Source/Runtime/Apple/MetalRHI/Private/MetalRenderTarget.cpp,0,3,3
/media/ullmann/HDDGabriel/engines/UnrealEngine/Engine/Source/Editor/AddContentDialog/Private/AddContentDialogModule.cpp,0,3,3
/media/ullmann/HDDGabriel/engines/UnrealEngine/Engine/Source/ThirdParty/Imath/Imath-3.1.3/src/python/PyImath/PyImathVec4Impl.h,2,4,6
/media/ullmann/HDDGabriel/engines/UnrealEngine/Engine/Source/ThirdParty/openexr/openexr-3.1.1/src/bin/exrenvmap/makeCubeMap.cpp,0,3,3
/media/ullmann/HDDGabriel/engines/UnrealEngine/Engine/Source/ThirdParty/openexr/openexr-3.1.1/src/bin/exrenvmap/namespaceAlias.h,11,0,11
/media/ullmann/HDDGabriel/engines/UnrealEngine/Engine/Source/ThirdParty/SDL2/SDL-gui-backend/src/video/wayland/SDL_waylandopengles.h,2,3,5
/media/ullmann/HDDGabriel/engines/UnrealEngine/Engine/Source/Runtime/Experimental/Chaos/Public/PhysicsProxy/SkeletalMeshPhysicsProxy.h,1,0,1
/media/ullmann/HDDGabriel/engines/UnrealEngine/Engine/Source/ThirdParty/ICU/icu4c-53_1/source/test/intltest/rbbiapts.cpp,0,2,2
/media/ullmann/HDDGabriel/engines/UnrealEngine/Engine/Source/ThirdParty/libOpus/opus-1.1/silk/pitch_est_defines.h,3,1,4
/media/ullmann/HDDGabriel/engines/UnrealEngine/Engine/Source/ThirdParty/ICU/icu4c-53_1/source/layoutex/playout.cpp,0,3,3
/media/ullmann/HDDGabriel/engines/UnrealEngine/Engine/Source/ThirdParty/ICU/icu4c-53_1/source/layoutex/layout/playout.h,1,1,2
/media/ullmann/HDDGabriel/engines/UnrealEngine/Engine/Source/ThirdParty/Intel/Embree/Embree270/src/kernels/common/ray.h,27,1,28
/media/ullmann/HDDGabriel/engines/UnrealEngine/Engine/Source/ThirdParty/Intel/TBB/IntelTBB-2019u8/src/rml/client/rml_tbb.cpp,1,2,3
/media/ullmann/HDDGabriel/engines/UnrealEngine/Engine/Source/ThirdParty/Intel/TBB/IntelTBB-2019u8/src/rml/client/rml_factory.h,2,0,2
/media/ullmann/HDDGabriel/engines/UnrealEngine/Engine/Source/ThirdParty/FreeType2/FreeType2-2.4.12/src/base/ftrfork.c,1,1,2
/media/ullmann/HDDGabriel/engines/UnrealEngine/Engine/Source/ThirdParty/Python3/Mac/include/traceback.h,1,1,2
/media/ullmann/HDDGabriel/engines/UnrealEngine/Engine/Source/ThirdParty/Python3/Mac/include/cpython/traceback.h,1,0,1
/media/ullmann/HDDGabriel/engines/UnrealEngine/Engine/Source/ThirdParty/FreeType2/FreeType2-2.10.0/src/psaux/psread.c,1,3,4
/media/ullmann/HDDGabriel/engines/UnrealEngine/Engine/Source/ThirdParty/FreeType2/FreeType2-2.10.0/src/psaux/psglue.h,8,4,12
/media/ullmann/HDDGabriel/engines/UnrealEngine/Engine/Source/ThirdParty/OpenVDB/openvdb-8.1.0/openvdb/openvdb/viewer/ClipBox.cc,0,1,1
/media/ullmann/HDDGabriel/engines/UnrealEngine/Engine/Source/ThirdParty/OpenVDB/openvdb-8.1.0/openvdb/openvdb/viewer/ClipBox.h,2,0,2
/media/ullmann/HDDGabriel/engines/UnrealEngine/Engine/Source/Editor/Persona/Private/Customization/BlendParameterDetails.h,1,0,1
/media/ullmann/HDDGabriel/engines/UnrealEngine/Engine/Source/ThirdParty/OpenSubdiv/OpenSubdiv-3.4.4/opensubdiv/vtr/refinement.cpp,0,9,9
/media/ullmann/HDDGabriel/engines/UnrealEngine/Engine/Source/ThirdParty/OpenSubdiv/OpenSubdiv-3.4.4/opensubdiv/vtr/fvarRefinement.h,3,6,9
/media/ullmann/HDDGabriel/engines/UnrealEngine/Engine/Source/ThirdParty/SDL2/SDL-gui-backend/src/video/psp/SDL_pspevents.c,0,7,7
/media/ullmann/HDDGabriel/engines/UnrealEngine/Engine/Source/ThirdParty/SDL2/SDL-gui-backend/src/events/SDL_sysevents.h,4,2,6
/media/ullmann/HDDGabriel/engines/UnrealEngine/Engine/Source/ThirdParty/libPNG/libPNG-1.6.37/pngread.c,0,1,1
/media/ullmann/HDDGabriel/engines/UnrealEngine/Engine/Source/ThirdParty/glslang/glslang/src/glslang_lib/hlsl/hlslParseHelper.cpp,0,7,7
/media/ullmann/HDDGabriel/engines/UnrealEngine/Engine/Source/ThirdParty/glslang/glslang/src/glslang_lib/glslang/MachineIndependent/Scan.h,7,1,8
/media/ullmann/HDDGabriel/engines/UnrealEngine/Engine/Source/ThirdParty/openexr/openexr-3.1.1/src/bin/exrenvmap/blurImage.cpp,0,3,3
/media/ullmann/HDDGabriel/engines/UnrealEngine/Engine/Source/ThirdParty/openexr/Deploy/openexr-3.1.1/include/OpenEXR/ImfDeepScanLineInputFile.h,0,4,4
/media/ullmann/HDDGabriel/engines/UnrealEngine/Engine/Source/ThirdParty/Oculus/LibOVRPlatform/LibOVRPlatform/include/OVR_UserAndRoom.h,2,3,5
/media/ullmann/HDDGabriel/engines/UnrealEngine/Engine/Source/ThirdParty/Imath/Imath-3.1.3/src/python/PyImath/PyImathVec2fd.cpp,0,2,2
/media/ullmann/HDDGabriel/engines/UnrealEngine/Engine/Source/Runtime/Renderer/Private/ShadingEnergyConservation.h,2,0,2
/media/ullmann/HDDGabriel/engines/UnrealEngine/Engine/Source/ThirdParty/ICU/icu4c-53_1/source/layout/ContextualGlyphInsertion.h,1,5,6
/media/ullmann/HDDGabriel/engines/UnrealEngine/Engine/Source/Runtime/GeometryCore/Public/DynamicMesh/DynamicMeshOverlay.h,0,1,1
/media/ullmann/HDDGabriel/engines/UnrealEngine/Engine/Source/Runtime/GeometryCore/Public/DynamicMesh/InfoTypes.h,3,0,3
/media/ullmann/HDDGabriel/engines/UnrealEngine/Engine/Source/ThirdParty/ShaderConductor/ShaderConductor/External/DirectXShaderCompiler/tools/clang/lib/CodeGen/CGCXXABI.cpp,0,1,1
/media/ullmann/HDDGabriel/engines/UnrealEngine/Engine/Source/ThirdParty/OpenVDB/openvdb-8.1.0/openvdb/openvdb/viewer/Font.cc,0,1,1
/media/ullmann/HDDGabriel/engines/UnrealEngine/Engine/Source/ThirdParty/OpenVDB/openvdb-8.1.0/openvdb/openvdb/viewer/Font.h,2,0,2
/media/ullmann/HDDGabriel/engines/UnrealEngine/Engine/Source/Runtime/Online/BackgroundHTTP/Public/BackgroundHttpResponseImpl.h,0,1,1
/media/ullmann/HDDGabriel/engines/UnrealEngine/Engine/Source/Runtime/Online/BackgroundHTTP/Public/Interfaces/IBackgroundHttpResponse.h,2,0,2
/media/ullmann/HDDGabriel/engines/UnrealEngine/Engine/Source/ThirdParty/SDL2/SDL-gui-backend/src/audio/directsound/SDL_directsound.c,0,3,3
/media/ullmann/HDDGabriel/engines/UnrealEngine/Engine/Source/ThirdParty/ICU/icu4c-64_1/source/common/errorcode.cpp,0,2,2
/media/ullmann/HDDGabriel/engines/UnrealEngine/Engine/Source/ThirdParty/SDL2/SDL-gui-backend/src/joystick/windows/SDL_windows_gaming_input.c,0,5,5
/media/ullmann/HDDGabriel/engines/UnrealEngine/Engine/Source/ThirdParty/SDL2/SDL-gui-backend/src/video/SDL_yuv.c,0,4,4
/media/ullmann/HDDGabriel/engines/UnrealEngine/Engine/Source/Editor/Persona/Private/IPoseWatchManagerColumn.h,5,2,7
/media/ullmann/HDDGabriel/engines/UnrealEngine/Engine/Source/ThirdParty/CryptoPP/5.6.5/include/gcm.cpp,0,4,4
/media/ullmann/HDDGabriel/engines/UnrealEngine/Engine/Source/Editor/BlueprintGraph/Classes/K2Node_MakeContainer.h,3,2,5
/media/ullmann/HDDGabriel/engines/UnrealEngine/Engine/Source/ThirdParty/Perforce/p4api-2015.2/include/p4/clientapi.h,1,11,12
/media/ullmann/HDDGabriel/engines/UnrealEngine/Engine/Source/ThirdParty/Perforce/p4api-2015.2/include/p4/strdict.h,1,0,1
/media/ullmann/HDDGabriel/engines/UnrealEngine/Engine/Source/Developer/GraphColor/Private/GraphColor.cpp,0,2,2
/media/ullmann/HDDGabriel/engines/UnrealEngine/Engine/Source/Developer/GraphColor/Private/graphColorVertices.h,3,1,4
/media/ullmann/HDDGabriel/engines/UnrealEngine/Engine/Source/ThirdParty/SDL2/SDL-gui-backend/src/filesystem/psp/SDL_sysfilesystem.c,0,1,1
/media/ullmann/HDDGabriel/engines/UnrealEngine/Engine/Source/ThirdParty/Intel/TBB/IntelTBB-2019u8/examples/parallel_for/tachyon/src/shade.cpp,0,9,9
/media/ullmann/HDDGabriel/engines/UnrealEngine/Engine/Source/Runtime/Renderer/Private/Lumen/LumenSceneLighting.cpp,0,4,4
/media/ullmann/HDDGabriel/engines/UnrealEngine/Engine/Source/Runtime/Renderer/Private/Lumen/LumenRadianceCache.h,17,1,18
/media/ullmann/HDDGabriel/engines/UnrealEngine/Engine/Source/ThirdParty/FreeType2/FreeType2-2.4.12/src/pfr/pfrgload.c,1,4,5
/media/ullmann/HDDGabriel/engines/UnrealEngine/Engine/Source/ThirdParty/FreeType2/FreeType2-2.4.12/src/pfr/pfrload.h,4,1,5
/media/ullmann/HDDGabriel/engines/UnrealEngine/Engine/Source/ThirdParty/ICU/icu4c-64_1/source/common/servlk.cpp,0,9,9
/media/ullmann/HDDGabriel/engines/UnrealEngine/Engine/Source/ThirdParty/ICU/icu4c-64_1/source/common/propname.cpp,0,10,10
/media/ullmann/HDDGabriel/engines/UnrealEngine/Engine/Source/ThirdParty/ICU/icu4c-64_1/source/samples/layout/ucreader.cpp,0,3,3
/media/ullmann/HDDGabriel/engines/UnrealEngine/Engine/Source/ThirdParty/ICU/icu4c-64_1/source/samples/layout/gsupport.h,7,0,7
/media/ullmann/HDDGabriel/engines/UnrealEngine/Engine/Source/ThirdParty/OpenSubdiv/OpenSubdiv-3.4.4/opensubdiv/vtr/fvarRefinement.cpp,0,7,7
/media/ullmann/HDDGabriel/engines/UnrealEngine/Engine/Source/Runtime/AudioExtensions/Public/IAudioCodecRegistry.h,0,1,1
/media/ullmann/HDDGabriel/engines/UnrealEngine/Engine/Source/Runtime/AudioExtensions/Public/IAudioCodec.h,1,0,1
/media/ullmann/HDDGabriel/engines/UnrealEngine/Engine/Source/Editor/CurveEditor/Private/DragOperations/CurveEditorDragOperation_Pan.cpp,0,1,1
/media/ullmann/HDDGabriel/engines/UnrealEngine/Engine/Source/Editor/CurveEditor/Private/DragOperations/CurveEditorDragOperation_Pan.h,2,0,2
/media/ullmann/HDDGabriel/engines/UnrealEngine/Engine/Source/Runtime/VulkanRHI/Private/VulkanQuery.cpp,0,4,4
/media/ullmann/HDDGabriel/engines/UnrealEngine/Engine/Source/Developer/Windows/LiveCoding/Private/External/LC_ClientCommandThread.h,2,1,3
/media/ullmann/HDDGabriel/engines/UnrealEngine/Engine/Source/Runtime/Windows/WindowsPlatformFeatures/Private/WindowsPlatformFeatures.cpp,0,3,3
/media/ullmann/HDDGabriel/engines/UnrealEngine/Engine/Source/Runtime/Windows/WindowsPlatformFeatures/Private/WmfPrivate.h,4,1,5
/media/ullmann/HDDGabriel/engines/UnrealEngine/Engine/Source/Runtime/Engine/Public/Net/NetPacketNotify.h,0,2,2
/media/ullmann/HDDGabriel/engines/UnrealEngine/Engine/Source/Runtime/Engine/Public/Net/Util/SequenceNumber.h,1,0,1
/media/ullmann/HDDGabriel/engines/UnrealEngine/Engine/Source/ThirdParty/FreeType2/FreeType2-2.6/Src/pshinter/pshmod.c,1,3,4
/media/ullmann/HDDGabriel/engines/UnrealEngine/Engine/Source/ThirdParty/ICU/icu4c-53_1/source/layout/KernTable.cpp,0,5,5
/media/ullmann/HDDGabriel/engines/UnrealEngine/Engine/Source/ThirdParty/ICU/icu4c-53_1/source/layout/KernTable.h,4,2,6
/media/ullmann/HDDGabriel/engines/UnrealEngine/Engine/Source/ThirdParty/libOpus/opus-1.1/silk/float/energy_FLP.c,0,1,1
/media/ullmann/HDDGabriel/engines/UnrealEngine/Engine/Source/ThirdParty/ICU/icu4c-53_1/source/layout/CanonShaping.h,5,1,6
/media/ullmann/HDDGabriel/engines/UnrealEngine/Engine/Source/ThirdParty/CryptoPP/5.6.2/include/modes.cpp,0,3,3
/media/ullmann/HDDGabriel/engines/UnrealEngine/Engine/Source/ThirdParty/ICU/icu4c-64_1/source/i18n/winnmfmt.cpp,0,3,3
/media/ullmann/HDDGabriel/engines/UnrealEngine/Engine/Source/Programs/Enterprise/Datasmith/DatasmithSketchUpRubyExporter/Private/DatasmithSketchUpSDKBegins.h,15,0,15
/media/ullmann/HDDGabriel/engines/UnrealEngine/Engine/Source/ThirdParty/PhysX3/PhysX_3.4/Source/LowLevelCloth/src/SwSolver.cpp,0,8,8
/media/ullmann/HDDGabriel/engines/UnrealEngine/Engine/Source/ThirdParty/PhysX3/PhysX_3.4/Source/LowLevelCloth/src/ClothImpl.h,3,1,4
/media/ullmann/HDDGabriel/engines/UnrealEngine/Engine/Source/ThirdParty/Intel/TBB/IntelTBB-2019u8/examples/parallel_for/tachyon/src/imageio.h,5,0,5
/media/ullmann/HDDGabriel/engines/UnrealEngine/Engine/Source/ThirdParty/Intel/Embree/Embree270/src/kernels/xeon/geometry/grid_soa.h,4,8,12
/media/ullmann/HDDGabriel/engines/UnrealEngine/Engine/Source/ThirdParty/Intel/Embree/Embree270/src/kernels/xeon/geometry/subdivpatch1cached.h,5,2,7
/media/ullmann/HDDGabriel/engines/UnrealEngine/Engine/Source/ThirdParty/ICU/icu4c-64_1/source/common/uiter.cpp,0,9,9
/media/ullmann/HDDGabriel/engines/UnrealEngine/Engine/Source/Editor/Sequencer/Private/SequencerInfoColumn.cpp,0,2,2
/media/ullmann/HDDGabriel/engines/UnrealEngine/Engine/Source/Editor/Sequencer/Private/SequencerInfoColumn.h,2,0,2
/media/ullmann/HDDGabriel/engines/UnrealEngine/Engine/Source/Editor/DetailCustomizations/Private/BoundsCopyComponentDetails.cpp,0,1,1
/media/ullmann/HDDGabriel/engines/UnrealEngine/Engine/Source/Editor/VirtualTexturingEditor/Private/VirtualTextureBuilderThumbnailRenderer.cpp,0,1,1
/media/ullmann/HDDGabriel/engines/UnrealEngine/Engine/Source/ThirdParty/Crunch/src/crnlib/crn_dynamic_stream.h,2,1,3
/media/ullmann/HDDGabriel/engines/UnrealEngine/Engine/Source/Runtime/Slate/Public/Framework/Commands/GenericCommands.h,1,0,1
/media/ullmann/HDDGabriel/engines/UnrealEngine/Engine/Source/Developer/AssetTools/Private/AssetTypeActions/AssetTypeActions_CurveVector.h,1,0,1
/media/ullmann/HDDGabriel/engines/UnrealEngine/Engine/Source/ThirdParty/libOpus/opus-1.0.3/celt/stack_alloc.h,9,1,10
/media/ullmann/HDDGabriel/engines/UnrealEngine/Engine/Source/ThirdParty/Intel/TBB/IntelTBB-2019u8/src/test/test_parallel_for_each.cpp,0,5,5
/media/ullmann/HDDGabriel/engines/UnrealEngine/Engine/Source/ThirdParty/PhysX3/APEX_1.4/common/include/AuthorableObjectIntl.h,1,4,5
/media/ullmann/HDDGabriel/engines/UnrealEngine/Engine/Source/ThirdParty/PhysX3/APEX_1.4/common/include/ApexSDKIntl.h,8,2,10
/media/ullmann/HDDGabriel/engines/UnrealEngine/Engine/Source/ThirdParty/Python3/Win64/include/boolobject.h,1,0,1
/media/ullmann/HDDGabriel/engines/UnrealEngine/Engine/Source/ThirdParty/Android/libunwind/libunwind/include/libunwind-x86_64.h,1,2,3
/media/ullmann/HDDGabriel/engines/UnrealEngine/Engine/Source/ThirdParty/Intel/TBB/IntelTBB-2019u8/src/tbb/cilk-tbb-interop.h,2,0,2
/media/ullmann/HDDGabriel/engines/UnrealEngine/Engine/Source/ThirdParty/ICU/icu4c-53_1/source/i18n/collationdatawriter.cpp,0,8,8
/media/ullmann/HDDGabriel/engines/UnrealEngine/Engine/Source/ThirdParty/ICU/icu4c-53_1/source/i18n/collationdatareader.h,5,0,5
/media/ullmann/HDDGabriel/engines/UnrealEngine/Engine/Source/ThirdParty/ShaderConductor/ShaderConductor/External/DirectXShaderCompiler/tools/clang/lib/Headers/bmi2intrin.h,2,0,2
/media/ullmann/HDDGabriel/engines/UnrealEngine/Engine/Source/ThirdParty/Intel/Embree/Embree270/src/kernels/xeonphi/builders/builder_util.h,6,2,8
/media/ullmann/HDDGabriel/engines/UnrealEngine/Engine/Source/ThirdParty/openexr/openexr-3.1.1/src/lib/OpenEXR/ImfCompositeDeepScanLine.h,2,1,3
/media/ullmann/HDDGabriel/engines/UnrealEngine/Engine/Source/ThirdParty/Imath/Imath-3.1.3/src/python/PyImath/PyImathFrustum.cpp,0,6,6
/media/ullmann/HDDGabriel/engines/UnrealEngine/Engine/Source/ThirdParty/WebRTC/4147/Include/rtc_base/buffer.h,0,1,1
/media/ullmann/HDDGabriel/engines/UnrealEngine/Engine/Source/Runtime/Online/Voice/Private/VoiceModule.cpp,0,2,2
/media/ullmann/HDDGabriel/engines/UnrealEngine/Engine/Source/ThirdParty/MCPP/mcpp-2.7.2/test-l/nest85.h,1,1,2
/media/ullmann/HDDGabriel/engines/UnrealEngine/Engine/Source/ThirdParty/MCPP/mcpp-2.7.2/test-l/nest86.h,1,1,2
/media/ullmann/HDDGabriel/engines/UnrealEngine/Engine/Source/Programs/HeadlessChaos/Public/GeometryCollection/GeometryCollectionTestSimulation.h,0,1,1
/media/ullmann/HDDGabriel/engines/UnrealEngine/Engine/Source/ThirdParty/ShaderConductor/ShaderConductor/External/DirectXShaderCompiler/tools/clang/lib/ARCMigrate/ARCMT.cpp,0,1,1
/media/ullmann/HDDGabriel/engines/UnrealEngine/Engine/Source/ThirdParty/ShaderConductor/ShaderConductor/External/DirectXShaderCompiler/tools/clang/lib/ARCMigrate/Internals.h,17,0,17
/media/ullmann/HDDGabriel/engines/UnrealEngine/Engine/Source/ThirdParty/Intel/Embree/Embree3122/Win64/include/embree3/rtcore.h,0,9,9
/media/ullmann/HDDGabriel/engines/UnrealEngine/Engine/Source/ThirdParty/Intel/Embree/Embree3122/Win64/include/embree3/rtcore_device.h,3,1,4
/media/ullmann/HDDGabriel/engines/UnrealEngine/Engine/Source/ThirdParty/hlslcc/hlslcc/src/hlslcc_lib/OptValueNumbering.cpp,0,8,8
/media/ullmann/HDDGabriel/engines/UnrealEngine/Engine/Source/ThirdParty/PhysX3/PhysX_3.4/Source/PhysXExtensions/src/serialization/Xml/SnXmlVisitorWriter.h,3,4,7
/media/ullmann/HDDGabriel/engines/UnrealEngine/Engine/Source/ThirdParty/WebRTC/4147/Include/tools/clang/translation_unit/test_files/test.h,0,1,1
/media/ullmann/HDDGabriel/engines/UnrealEngine/Engine/Source/ThirdParty/WebRTC/4147/Include/tools/clang/translation_unit/test_files/binomial.h,1,0,1
/media/ullmann/HDDGabriel/engines/UnrealEngine/Engine/Source/ThirdParty/ICU/icu4c-64_1/source/test/cintltst/cg7coll.c,0,4,4
/media/ullmann/HDDGabriel/engines/UnrealEngine/Engine/Source/ThirdParty/FreeType2/FreeType2-2.10.0/src/smooth/ftsmooth.c,1,3,4
/media/ullmann/HDDGabriel/engines/UnrealEngine/Engine/Source/ThirdParty/FreeType2/FreeType2-2.10.0/src/smooth/ftgrays.h,2,0,2
/media/ullmann/HDDGabriel/engines/UnrealEngine/Engine/Source/ThirdParty/Android/libunwind/libunwind/src/unwind/GetBSP.c,0,1,1
/media/ullmann/HDDGabriel/engines/UnrealEngine/Engine/Source/Editor/AnimGraph/Public/AnimGraphNode_BlendSpaceEvaluator.h,0,1,1
/media/ullmann/HDDGabriel/engines/UnrealEngine/Engine/Source/ThirdParty/PhysX3/APEX_1.4/module/destructible/include/autogen/SurfaceTraceSetParameters.h,1,0,1
/media/ullmann/HDDGabriel/engines/UnrealEngine/Engine/Source/ThirdParty/FreeImage/FreeImage-3.18.0/Source/LibOpenJPEG/opj_inttypes.h,1,1,2
/media/ullmann/HDDGabriel/engines/UnrealEngine/Engine/Source/ThirdParty/PhysX3/PxShared/src/pvd/src/PxPvdProfileZoneClient.cpp,0,3,3
/media/ullmann/HDDGabriel/engines/UnrealEngine/Engine/Source/ThirdParty/PhysX3/PxShared/src/pvd/src/PxPvdProfileZoneClient.h,2,1,3
/media/ullmann/HDDGabriel/engines/UnrealEngine/Engine/Source/ThirdParty/ICU/icu4c-53_1/source/i18n/olsontz.cpp,0,5,5
/media/ullmann/HDDGabriel/engines/UnrealEngine/Engine/Source/ThirdParty/mimalloc/include/mimalloc-types.h,1,1,2
/media/ullmann/HDDGabriel/engines/UnrealEngine/Engine/Source/ThirdParty/mimalloc/include/mimalloc-atomic.h,1,0,1
/media/ullmann/HDDGabriel/engines/UnrealEngine/Engine/Source/ThirdParty/SDL2/SDL-gui-backend/src/video/x11/SDL_x11shape.h,3,2,5
/media/ullmann/HDDGabriel/engines/UnrealEngine/Engine/Source/ThirdParty/ICU/icu4c-64_1/source/common/uniset_closure.cpp,0,9,9
/media/ullmann/HDDGabriel/engines/UnrealEngine/Engine/Source/ThirdParty/ICU/icu4c-53_1/source/samples/layout/GnomeFontMap.h,3,2,5
/media/ullmann/HDDGabriel/engines/UnrealEngine/Engine/Source/Editor/LandscapeEditor/Private/LandscapeEdModeRampTool.cpp,0,2,2
/media/ullmann/HDDGabriel/engines/UnrealEngine/Engine/Source/ThirdParty/libPNG/libPNG-1.6.37/contrib/libtests/tarith.c,0,2,2
/media/ullmann/HDDGabriel/engines/UnrealEngine/Engine/Source/ThirdParty/libPNG/libPNG-1.6.37/png.c,1,1,2
/media/ullmann/HDDGabriel/engines/UnrealEngine/Engine/Source/ThirdParty/PhysX3/PhysX_3.4/Source/PhysX/src/NpRigidStatic.cpp,0,4,4
/media/ullmann/HDDGabriel/engines/UnrealEngine/Engine/Source/ThirdParty/PhysX3/PhysX_3.4/Source/PhysX/src/NpPhysics.h,8,5,13
/media/ullmann/HDDGabriel/engines/UnrealEngine/Engine/Source/ThirdParty/CryptoPP/5.6.2/include/strciphr.h,8,4,12
/media/ullmann/HDDGabriel/engines/UnrealEngine/Engine/Source/Editor/Persona/Private/AnimTimeline/AnimTimelineTrack_MontagePanel.cpp,0,2,2
/media/ullmann/HDDGabriel/engines/UnrealEngine/Engine/Source/Editor/Persona/Private/AnimTimeline/AnimTimelineTrack_MontagePanel.h,3,1,4
/media/ullmann/HDDGabriel/engines/UnrealEngine/Engine/Source/ThirdParty/PhysX3/PxShared/src/pvd/src/PxPvdObjectModelMetaData.cpp,0,7,7
/media/ullmann/HDDGabriel/engines/UnrealEngine/Engine/Source/ThirdParty/FreeImage/FreeImage-3.18.0/Source/OpenEXR/IlmImf/ImfDeepTiledInputFile.cpp,0,17,17
/media/ullmann/HDDGabriel/engines/UnrealEngine/Engine/Source/ThirdParty/FreeImage/FreeImage-3.18.0/Source/OpenEXR/IlmImf/ImfConvert.h,6,2,8
/media/ullmann/HDDGabriel/engines/UnrealEngine/Engine/Source/Developer/ToolMenus/Public/IToolMenusModule.h,1,0,1
/media/ullmann/HDDGabriel/engines/UnrealEngine/Engine/Source/ThirdParty/hlslcc/hlslcc/src/hlslcc_lib/opt_dead_code.cpp,0,5,5
/media/ullmann/HDDGabriel/engines/UnrealEngine/Engine/Source/Runtime/Experimental/Chaos/Public/Chaos/Cylinder.h,0,1,1
/media/ullmann/HDDGabriel/engines/UnrealEngine/Engine/Source/ThirdParty/SDL2/SDL-gui-backend/include/SDL_opengl.h,0,2,2
/media/ullmann/HDDGabriel/engines/UnrealEngine/Engine/Source/ThirdParty/llvm/8/include/llvm/DebugInfo/PDB/PDBSymbolCompilandDetails.h,0,2,2
/media/ullmann/HDDGabriel/engines/UnrealEngine/Engine/Source/ThirdParty/mtlpp/mtlpp-master-7efad47/src/types.hpp,5,1,6
/media/ullmann/HDDGabriel/engines/UnrealEngine/Engine/Source/ThirdParty/CryptoPP/5.6.2/include/vmac.cpp,0,4,4
/media/ullmann/HDDGabriel/engines/UnrealEngine/Engine/Source/Programs/Enterprise/Datasmith/DatasmithSketchUpRubyExporter/Private/DatasmithSketchUpExportContext.cpp,0,11,11
/media/ullmann/HDDGabriel/engines/UnrealEngine/Engine/Source/ThirdParty/Imath/Imath-3.1.3/src/python/PyImath/PyImathM44Array.cpp,0,3,3
/media/ullmann/HDDGabriel/engines/UnrealEngine/Engine/Source/ThirdParty/Imath/Imath-3.1.3/src/python/PyImath/PyImathMatrix.h,5,1,6
/media/ullmann/HDDGabriel/engines/UnrealEngine/Engine/Source/Editor/ContentBrowser/Private/CollectionContextMenu.cpp,0,3,3
/media/ullmann/HDDGabriel/engines/UnrealEngine/Engine/Source/ThirdParty/ICU/icu4c-64_1/source/i18n/formattedval_impl.h,11,3,14
/media/ullmann/HDDGabriel/engines/UnrealEngine/Engine/Source/Editor/AnimGraph/Private/AnimGraphDetails.h,2,0,2
/media/ullmann/HDDGabriel/engines/UnrealEngine/Engine/Source/ThirdParty/ShaderConductor/ShaderConductor/External/DirectXShaderCompiler/include/dxc/Test/HlslTestUtils.h,0,1,1
/media/ullmann/HDDGabriel/engines/UnrealEngine/Engine/Source/ThirdParty/ShaderConductor/ShaderConductor/External/DirectXShaderCompiler/include/dxc/Test/WEXAdapter.h,1,0,1
/media/ullmann/HDDGabriel/engines/UnrealEngine/Engine/Source/Editor/BlueprintGraph/Classes/K2Node_EventNodeInterface.h,4,0,4
/media/ullmann/HDDGabriel/engines/UnrealEngine/Engine/Source/ThirdParty/PhysX3/PhysX_3.4/Include/PxImmediateMode.h,0,3,3
/media/ullmann/HDDGabriel/engines/UnrealEngine/Engine/Source/ThirdParty/PhysX3/PhysX_3.4/Include/common/PxSerializer.h,1,2,3
/media/ullmann/HDDGabriel/engines/UnrealEngine/Engine/Source/ThirdParty/PhysX3/PhysX_3.4/Include/common/PxCollection.h,2,1,3
/media/ullmann/HDDGabriel/engines/UnrealEngine/Engine/Source/ThirdParty/OpenSubdiv/OpenSubdiv-3.4.4/regression/shapes/catmark_fvar_bound2.h,1,0,1
/media/ullmann/HDDGabriel/engines/UnrealEngine/Engine/Source/ThirdParty/FreeType2/FreeType2-2.4.12/src/type1/type1.c,0,6,6
/media/ullmann/HDDGabriel/engines/UnrealEngine/Engine/Source/Editor/VREditor/VREditorModule.cpp,0,3,3
/media/ullmann/HDDGabriel/engines/UnrealEngine/Engine/Source/Editor/VREditor/VREditorStyle.h,3,0,3
/media/ullmann/HDDGabriel/engines/UnrealEngine/Engine/Source/ThirdParty/ICU/icu4c-64_1/source/test/perf/leperf/leperf.cpp,0,6,6
/media/ullmann/HDDGabriel/engines/UnrealEngine/Engine/Source/ThirdParty/ICU/icu4c-64_1/source/test/perf/leperf/SimpleFontInstance.cpp,1,1,2
/media/ullmann/HDDGabriel/engines/UnrealEngine/Engine/Source/ThirdParty/Intel/Embree/Embree270/src/kernels/common/stat.h,2,1,3
/media/ullmann/HDDGabriel/engines/UnrealEngine/Engine/Source/ThirdParty/hlslcc/hlslcc/src/hlslcc_lib/ir_basic_block.cpp,0,5,5
/media/ullmann/HDDGabriel/engines/UnrealEngine/Engine/Source/ThirdParty/Python3/Linux/include/python3.9/fileutils.h,1,1,2
/media/ullmann/HDDGabriel/engines/UnrealEngine/Engine/Source/Editor/MaterialEditor/Private/MaterialStats.cpp,0,4,4
/media/ullmann/HDDGabriel/engines/UnrealEngine/Engine/Source/Editor/MaterialEditor/Private/MaterialStats.h,8,0,8
/media/ullmann/HDDGabriel/engines/UnrealEngine/Engine/Source/Developer/LogVisualizer/Private/SVisualLoggerFilters.h,3,1,4
/media/ullmann/HDDGabriel/engines/UnrealEngine/Engine/Source/ThirdParty/SDL2/SDL-gui-backend/src/audio/nacl/SDL_naclaudio.h,1,2,3
/media/ullmann/HDDGabriel/engines/UnrealEngine/Engine/Source/ThirdParty/openexr/Deploy/openexr-3.1.1/include/OpenEXR/ImfUtilExport.h,15,1,16
/media/ullmann/HDDGabriel/engines/UnrealEngine/Engine/Source/Editor/Layers/Private/SLayerBrowser.h,2,4,6
/media/ullmann/HDDGabriel/engines/UnrealEngine/Engine/Source/Editor/Layers/Private/SLayersCommandsMenu.h,2,1,3
/media/ullmann/HDDGabriel/engines/UnrealEngine/Engine/Source/ThirdParty/mimalloc/src/static.c,1,15,16
/media/ullmann/HDDGabriel/engines/UnrealEngine/Engine/Source/ThirdParty/mimalloc/src/options.c,1,0,1
/media/ullmann/HDDGabriel/engines/UnrealEngine/Engine/Source/ThirdParty/ICU/icu4c-53_1/source/common/utf_impl.c,0,5,5
/media/ullmann/HDDGabriel/engines/UnrealEngine/Engine/Source/ThirdParty/llvm/8/include/llvm/DebugInfo/CodeView/CodeView.h,0,3,3
/media/ullmann/HDDGabriel/engines/UnrealEngine/Engine/Source/ThirdParty/llvm/8/include/llvm/DebugInfo/CodeView/CodeViewTypes.def,1,0,1
/media/ullmann/HDDGabriel/engines/UnrealEngine/Engine/Source/ThirdParty/ICU/icu4c-64_1/source/i18n/plurfmt.cpp,0,8,8
/media/ullmann/HDDGabriel/engines/UnrealEngine/Engine/Source/ThirdParty/ICU/icu4c-64_1/source/i18n/unicode/plurrule.h,9,0,9
/media/ullmann/HDDGabriel/engines/UnrealEngine/Engine/Source/Editor/VREditor/UI/VREditorFloatingUI.cpp,0,3,3
/media/ullmann/HDDGabriel/engines/UnrealEngine/Engine/Source/Editor/VREditor/UI/VREditorUISystem.h,6,1,7
/media/ullmann/HDDGabriel/engines/UnrealEngine/Engine/Source/Programs/UnrealHeaderTool/Private/BaseParser.cpp,0,4,4
/media/ullmann/HDDGabriel/engines/UnrealEngine/Engine/Source/ThirdParty/Intel/Embree/Embree270/src/kernels/xeonphi/bvh4i/bvh4i_rotate.h,3,1,4
/media/ullmann/HDDGabriel/engines/UnrealEngine/Engine/Source/ThirdParty/Intel/TBB/IntelTBB-2019u8/src/tbb/pipeline.cpp,0,3,3
/media/ullmann/HDDGabriel/engines/UnrealEngine/Engine/Source/ThirdParty/Intel/TBB/IntelTBB-2019u8/src/tbb/tls.h,7,0,7
/media/ullmann/HDDGabriel/engines/UnrealEngine/Engine/Source/ThirdParty/FreeImage/FreeImage-3.18.0/Source/FreeImageToolkit/JPEGTransform.cpp,0,4,4
/media/ullmann/HDDGabriel/engines/UnrealEngine/Engine/Source/ThirdParty/FreeImage/FreeImage-3.18.0/Source/LibJPEG/transupp.h,3,0,3
/media/ullmann/HDDGabriel/engines/UnrealEngine/Engine/Source/ThirdParty/ShaderConductor/ShaderConductor/External/DirectXShaderCompiler/tools/lli/RemoteTargetExternal.cpp,0,4,4
/media/ullmann/HDDGabriel/engines/UnrealEngine/Engine/Source/ThirdParty/ShaderConductor/ShaderConductor/External/DirectXShaderCompiler/tools/lli/Windows/RPCChannel.inc,2,0,2
/media/ullmann/HDDGabriel/engines/UnrealEngine/Engine/Source/ThirdParty/ShaderConductor/ShaderConductor/External/DirectXShaderCompiler/tools/clang/unittests/SPIRV/WholeFileTestFixture.cpp,0,2,2
/media/ullmann/HDDGabriel/engines/UnrealEngine/Engine/Source/ThirdParty/Intel/ISPC/ispc-1.17.0/src/xe/GlobalsLocalization.cpp,0,1,1
/media/ullmann/HDDGabriel/engines/UnrealEngine/Engine/Source/ThirdParty/Android/libunwind/libunwind/src/ppc32/init.h,2,1,3
/media/ullmann/HDDGabriel/engines/UnrealEngine/Engine/Source/ThirdParty/ICU/icu4c-64_1/source/common/unifilt.cpp,0,3,3
/media/ullmann/HDDGabriel/engines/UnrealEngine/Engine/Source/ThirdParty/ICU/icu4c-64_1/source/common/unicode/unifilt.h,1,0,1
/media/ullmann/HDDGabriel/engines/UnrealEngine/Engine/Source/Runtime/Core/Public/HAL/ThreadSafeCounter64.h,1,0,1
/media/ullmann/HDDGabriel/engines/UnrealEngine/Engine/Source/ThirdParty/Boost/boost-1_70_0/include/boost/phoenix/stl/algorithm/detail/has_sort.hpp,0,1,1
/media/ullmann/HDDGabriel/engines/UnrealEngine/Engine/Source/ThirdParty/Boost/boost-1_70_0/include/boost/phoenix/stl/algorithm/detail/is_std_list.hpp,5,0,5
/media/ullmann/HDDGabriel/engines/UnrealEngine/Engine/Source/ThirdParty/Oculus/LibOVRPlatform/LibOVRPlatform/include/OVR_CalApplicationProposed.h,2,2,4
/media/ullmann/HDDGabriel/engines/UnrealEngine/Engine/Source/ThirdParty/glslang/glslang/src/glslang_lib/hlsl/hlslTokens.h,3,0,3
/media/ullmann/HDDGabriel/engines/UnrealEngine/Engine/Source/ThirdParty/OpenSubdiv/OpenSubdiv-3.4.4/opensubdiv/sdc/types.h,15,1,16
/media/ullmann/HDDGabriel/engines/UnrealEngine/Engine/Source/ThirdParty/Breakpad/src/client/mac/handler/minidump_generator.h,0,2,2
/media/ullmann/HDDGabriel/engines/UnrealEngine/Engine/Source/ThirdParty/Breakpad/src/client/mac/handler/dynamic_images.h,1,1,2
/media/ullmann/HDDGabriel/engines/UnrealEngine/Engine/Source/ThirdParty/ICU/icu4c-64_1/source/test/cintltst/cfrtst.c,0,4,4
/media/ullmann/HDDGabriel/engines/UnrealEngine/Engine/Source/ThirdParty/ICU/icu4c-64_1/source/i18n/ucol_sit.cpp,0,3,3
/media/ullmann/HDDGabriel/engines/UnrealEngine/Engine/Source/ThirdParty/ICU/icu4c-64_1/source/i18n/ucol_imp.h,5,1,6
/media/ullmann/HDDGabriel/engines/UnrealEngine/Engine/Source/Editor/MovieSceneTools/Private/TrackEditors/CameraAnimTrackEditor.h,1,0,1
/media/ullmann/HDDGabriel/engines/UnrealEngine/Engine/Source/ThirdParty/ICU/icu4c-53_1/source/i18n/cpdtrans.h,3,1,4
/media/ullmann/HDDGabriel/engines/UnrealEngine/Engine/Source/Editor/Sequencer/Private/SequencerDisplayNodeDragDropOp.h,3,1,4
/media/ullmann/HDDGabriel/engines/UnrealEngine/Engine/Source/ThirdParty/openexr/Deploy/openexr-3.1.1/include/OpenEXR/ImfFloatVectorAttribute.h,0,3,3
/media/ullmann/HDDGabriel/engines/UnrealEngine/Engine/Source/ThirdParty/openexr/Deploy/openexr-3.1.1/include/OpenEXR/ImfAttribute.h,23,4,27
/media/ullmann/HDDGabriel/engines/UnrealEngine/Engine/Source/ThirdParty/ShaderConductor/ShaderConductor/External/DirectXShaderCompiler/lib/ExecutionEngine/MCJIT/MCJIT.cpp,0,1,1
/media/ullmann/HDDGabriel/engines/UnrealEngine/Engine/Source/ThirdParty/ShaderConductor/ShaderConductor/External/DirectXShaderCompiler/lib/ExecutionEngine/MCJIT/MCJIT.h,1,0,1
/media/ullmann/HDDGabriel/engines/UnrealEngine/Engine/Source/ThirdParty/Oculus/LibOVRPlatform/LibOVRPlatform/include/OVR_Requests_Notification.h,1,3,4
/media/ullmann/HDDGabriel/engines/UnrealEngine/Engine/Source/ThirdParty/Crunch/src/crnlib/crn_vector.cpp,0,5,5
/media/ullmann/HDDGabriel/engines/UnrealEngine/Engine/Source/Runtime/Experimental/Voronoi/Private/voro++/src/v_base.cc,0,3,3
/media/ullmann/HDDGabriel/engines/UnrealEngine/Engine/Source/Runtime/Experimental/Voronoi/Private/voro++/src/config.hh,3,0,3
/media/ullmann/HDDGabriel/engines/UnrealEngine/Engine/Source/ThirdParty/SDL2/SDL-gui-backend/src/audio/aaudio/SDL_aaudio.c,0,5,5
/media/ullmann/HDDGabriel/engines/UnrealEngine/Engine/Source/ThirdParty/FreeImage/FreeImage-3.18.0/Source/OpenEXR/IlmThread/IlmThread.cpp,0,1,1
/media/ullmann/HDDGabriel/engines/UnrealEngine/Engine/Source/ThirdParty/FreeImage/FreeImage-3.18.0/Source/OpenEXR/IlmThread/IlmThread.h,4,2,6
/media/ullmann/HDDGabriel/engines/UnrealEngine/Engine/Source/ThirdParty/FreeType2/FreeType2-2.4.12/src/otvalid/otvalid.c,0,8,8
/media/ullmann/HDDGabriel/engines/UnrealEngine/Engine/Source/ThirdParty/FreeType2/FreeType2-2.4.12/src/otvalid/otvgsub.c,1,2,3
/media/ullmann/HDDGabriel/engines/UnrealEngine/Engine/Source/ThirdParty/openexr/Deploy/openexr-3.1.1/include/OpenEXR/ImfTiledOutputFile.h,0,4,4
/media/ullmann/HDDGabriel/engines/UnrealEngine/Engine/Source/ThirdParty/ICU/icu4c-64_1/source/i18n/casetrn.h,3,1,4
/media/ullmann/HDDGabriel/engines/UnrealEngine/Engine/Source/ThirdParty/libOpus/opus-1.3.1-12/silk/float/find_pitch_lags_FLP.c,0,1,1
/media/ullmann/HDDGabriel/engines/UnrealEngine/Engine/Source/ThirdParty/MCPP/mcpp-2.7.2/test-c/nest10.h,1,1,2
/media/ullmann/HDDGabriel/engines/UnrealEngine/Engine/Source/ThirdParty/MCPP/mcpp-2.7.2/test-c/nest11.h,1,1,2
/media/ullmann/HDDGabriel/engines/UnrealEngine/Engine/Source/ThirdParty/ShaderConductor/ShaderConductor/External/SPIRV-Tools/test/opt/dominator_tree/pch_test_opt_dom.cpp,0,1,1
/media/ullmann/HDDGabriel/engines/UnrealEngine/Engine/Source/ThirdParty/ShaderConductor/ShaderConductor/External/SPIRV-Tools/test/opt/dominator_tree/pch_test_opt_dom.h,1,0,1
/media/ullmann/HDDGabriel/engines/UnrealEngine/Engine/Source/ThirdParty/ShaderConductor/ShaderConductor/External/DirectXShaderCompiler/lib/Transforms/ObjCARC/ProvenanceAnalysis.h,5,0,5
/media/ullmann/HDDGabriel/engines/UnrealEngine/Engine/Source/Editor/PixelInspector/Private/PixelInspectorView.cpp,0,1,1
/media/ullmann/HDDGabriel/engines/UnrealEngine/Engine/Source/ThirdParty/FreeType2/FreeType2-2.6/Src/otvalid/otvalid.h,8,1,9
/media/ullmann/HDDGabriel/engines/UnrealEngine/Engine/Source/ThirdParty/MCPP/mcpp-2.7.2/cpp-test/test-l/nest71.h,1,1,2
/media/ullmann/HDDGabriel/engines/UnrealEngine/Engine/Source/ThirdParty/MCPP/mcpp-2.7.2/cpp-test/test-l/nest72.h,1,1,2
/media/ullmann/HDDGabriel/engines/UnrealEngine/Engine/Source/ThirdParty/SDL2/SDL-gui-backend/src/timer/SDL_timer.c,0,3,3
/media/ullmann/HDDGabriel/engines/UnrealEngine/Engine/Source/ThirdParty/OpenSubdiv/OpenSubdiv-3.4.4/opensubdiv/osd/clPatchTable.cpp,0,5,5
/media/ullmann/HDDGabriel/engines/UnrealEngine/Engine/Source/ThirdParty/OpenSubdiv/OpenSubdiv-3.4.4/opensubdiv/osd/clPatchTable.h,1,4,5
/media/ullmann/HDDGabriel/engines/UnrealEngine/Engine/Source/ThirdParty/FreeImage/FreeImage-3.18.0/Source/OpenEXR/IlmImf/ImfTiledInputFile.cpp,0,17,17
/media/ullmann/HDDGabriel/engines/UnrealEngine/Engine/Source/ThirdParty/ICU/icu4c-53_1/source/layout/ArabicShaping.h,3,2,5
/media/ullmann/HDDGabriel/engines/UnrealEngine/Engine/Source/Editor/PropertyEditor/Private/UserInterface/PropertyEditor/SPropertyEditorStruct.h,2,0,2
/media/ullmann/HDDGabriel/engines/UnrealEngine/Engine/Source/ThirdParty/Android/libunwind/libunwind/src/x86/Ginit_local.c,1,2,3
/media/ullmann/HDDGabriel/engines/UnrealEngine/Engine/Source/ThirdParty/Android/libunwind/libunwind/src/x86/init.h,2,1,3
/media/ullmann/HDDGabriel/engines/UnrealEngine/Engine/Source/Programs/Enterprise/Datasmith/DatasmithARCHICADExporter/Private/ConnectionWindow.h,1,1,2
/media/ullmann/HDDGabriel/engines/UnrealEngine/Engine/Source/ThirdParty/FBX/2020.2/include/fbxsdk/core/base/fbxcharptrset.h,1,0,1
/media/ullmann/HDDGabriel/engines/UnrealEngine/Engine/Source/ThirdParty/nvTextureTools/nvTextureTools-2.0.6/src/src/nvtt/CompressDXT.cpp,0,9,9
/media/ullmann/HDDGabriel/engines/UnrealEngine/Engine/Source/ThirdParty/nvTextureTools/nvTextureTools-2.0.6/src/src/nvtt/squish/colourset.h,10,3,13
/media/ullmann/HDDGabriel/engines/UnrealEngine/Engine/Source/ThirdParty/PhysX3/APEX_1.4/shared/general/HACD/include/dgConvexHull3d.h,0,7,7
/media/ullmann/HDDGabriel/engines/UnrealEngine/Engine/Source/ThirdParty/PhysX3/APEX_1.4/shared/general/HACD/include/dgArray.h,4,1,5
/media/ullmann/HDDGabriel/engines/UnrealEngine/Engine/Source/ThirdParty/ShaderConductor/ShaderConductor/External/DirectXShaderCompiler/lib/CodeGen/LiveRangeCalc.h,3,0,3
/media/ullmann/HDDGabriel/engines/UnrealEngine/Engine/Source/Editor/ContentBrowser/Private/SAssetPicker.cpp,0,4,4
/media/ullmann/HDDGabriel/engines/UnrealEngine/Engine/Source/ThirdParty/SDL2/SDL-gui-backend/src/video/directfb/SDL_DirectFB_WM.h,2,1,3
/media/ullmann/HDDGabriel/engines/UnrealEngine/Engine/Source/Developer/DerivedDataCache/Private/DerivedDataCacheStoreAsync.cpp,0,5,5
/media/ullmann/HDDGabriel/engines/UnrealEngine/Engine/Source/Developer/DerivedDataCache/Private/DerivedDataCacheStore.h,4,0,4
/media/ullmann/HDDGabriel/engines/UnrealEngine/Engine/Source/ThirdParty/FreeImage/FreeImage-3.18.0/Source/OpenEXR/IlmThread/IlmThreadPool.cpp,0,4,4
/media/ullmann/HDDGabriel/engines/UnrealEngine/Engine/Source/ThirdParty/CryptoPP/5.6.5/include/channels.cpp,0,3,3
/media/ullmann/HDDGabriel/engines/UnrealEngine/Engine/Source/ThirdParty/ICU/icu4c-64_1/source/common/unisetspan.cpp,0,8,8
/media/ullmann/HDDGabriel/engines/UnrealEngine/Engine/Source/ThirdParty/ICU/icu4c-64_1/source/common/ustrcase.cpp,0,15,15
/media/ullmann/HDDGabriel/engines/UnrealEngine/Engine/Source/ThirdParty/ICU/icu4c-64_1/source/common/unicode/ubrk.h,8,0,8
/media/ullmann/HDDGabriel/engines/UnrealEngine/Engine/Source/ThirdParty/PhysX3/APEX_1.4/module/destructible/fracture/Core/IceBoxPruningBase.cpp,0,1,1
/media/ullmann/HDDGabriel/engines/UnrealEngine/Engine/Source/ThirdParty/PhysX3/APEX_1.4/module/destructible/fracture/Core/IceBoxPruningBase.h,2,1,3
/media/ullmann/HDDGabriel/engines/UnrealEngine/Engine/Source/Programs/UnrealHeaderTool/Private/HeaderProvider.cpp,0,6,6
/media/ullmann/HDDGabriel/engines/UnrealEngine/Engine/Source/ThirdParty/SDL2/SDL-gui-backend/src/hidapi/mac/hid.c,1,2,3
/media/ullmann/HDDGabriel/engines/UnrealEngine/Engine/Source/ThirdParty/ICU/icu4c-53_1/source/test/intltest/simplepatternformattertest.cpp,0,1,1
/media/ullmann/HDDGabriel/engines/UnrealEngine/Engine/Source/ThirdParty/OpenVDB/openvdb-8.1.0/openvdb/openvdb/tools/VectorTransformer.h,0,1,1
/media/ullmann/HDDGabriel/engines/UnrealEngine/Engine/Source/ThirdParty/OpenVDB/openvdb-8.1.0/openvdb/openvdb/tools/ValueTransformer.h,6,0,6
/media/ullmann/HDDGabriel/engines/UnrealEngine/Engine/Source/ThirdParty/ICU/icu4c-53_1/source/i18n/unum.cpp,0,8,8
/media/ullmann/HDDGabriel/engines/UnrealEngine/Engine/Source/ThirdParty/ICU/icu4c-53_1/source/i18n/unicode/udisplaycontext.h,8,0,8
/media/ullmann/HDDGabriel/engines/UnrealEngine/Engine/Source/ThirdParty/ICU/icu4c-53_1/source/common/servlk.cpp,0,10,10
/media/ullmann/HDDGabriel/engines/UnrealEngine/Engine/Source/ThirdParty/MCPP/mcpp-2.7.2/test-c/m_34_gb.c,0,1,1
/media/ullmann/HDDGabriel/engines/UnrealEngine/Engine/Source/ThirdParty/openexr/openexr-3.1.1/src/lib/OpenEXR/ImfOptimizedPixelReading.h,1,6,7
/media/ullmann/HDDGabriel/engines/UnrealEngine/Engine/Source/ThirdParty/openexr/openexr-3.1.1/src/lib/OpenEXR/ImfTiledOutputFile.cpp,0,23,23
/media/ullmann/HDDGabriel/engines/UnrealEngine/Engine/Source/ThirdParty/openexr/openexr-3.1.1/src/lib/OpenEXR/ImfInputFile.h,7,3,10
/media/ullmann/HDDGabriel/engines/UnrealEngine/Engine/Source/Editor/BlueprintGraph/Private/StructMemberNodeHandlers.cpp,0,1,1
/media/ullmann/HDDGabriel/engines/UnrealEngine/Engine/Source/Editor/BlueprintGraph/Private/StructMemberNodeHandlers.h,3,0,3
/media/ullmann/HDDGabriel/engines/UnrealEngine/Engine/Source/ThirdParty/PhysX3/PhysX_3.4/Source/ImmediateMode/src/NpImmediateMode.cpp,0,8,8
/media/ullmann/HDDGabriel/engines/UnrealEngine/Engine/Source/ThirdParty/FreeType2/FreeType2-2.6/Src/cid/cidload.h,3,1,4
/media/ullmann/HDDGabriel/engines/UnrealEngine/Engine/Source/ThirdParty/FreeType2/FreeType2-2.6/Src/cid/cidparse.h,2,0,2
/media/ullmann/HDDGabriel/engines/UnrealEngine/Engine/Source/ThirdParty/ICU/icu4c-53_1/source/test/intltest/convtest.h,2,1,3
/media/ullmann/HDDGabriel/engines/UnrealEngine/Engine/Source/Editor/AnimGraph/Public/IAnimBlueprintCompilerHandlerCollection.h,0,1,1
/media/ullmann/HDDGabriel/engines/UnrealEngine/Engine/Source/Editor/AnimGraph/Public/IAnimBlueprintCompilerHandler.h,2,0,2
/media/ullmann/HDDGabriel/engines/UnrealEngine/Engine/Source/ThirdParty/MCPP/mcpp-2.7.2/test-c/m_34_eucjp.c,0,1,1
/media/ullmann/HDDGabriel/engines/UnrealEngine/Engine/Source/ThirdParty/ICU/icu4c-64_1/source/tools/toolutil/pkgitems.cpp,0,4,4
/media/ullmann/HDDGabriel/engines/UnrealEngine/Engine/Source/ThirdParty/ICU/icu4c-64_1/source/tools/toolutil/package.h,4,0,4
/media/ullmann/HDDGabriel/engines/UnrealEngine/Engine/Source/ThirdParty/ICU/icu4c-64_1/source/i18n/fmtable.cpp,0,7,7
/media/ullmann/HDDGabriel/engines/UnrealEngine/Engine/Source/Editor/LevelEditor/Private/Elements/Component/ComponentElementLevelEditorSelectionCustomization.h,1,0,1
/media/ullmann/HDDGabriel/engines/UnrealEngine/Engine/Source/ThirdParty/PhysX3/PhysX_3.4/Source/GeomUtils/src/mesh/GuBV4_SphereOverlap.cpp,0,4,4
/media/ullmann/HDDGabriel/engines/UnrealEngine/Engine/Source/ThirdParty/OpenSubdiv/OpenSubdiv-3.4.4/examples/common/glControlMeshDisplay.h,7,0,7
/media/ullmann/HDDGabriel/engines/UnrealEngine/Engine/Source/ThirdParty/ShaderConductor/ShaderConductor/External/DirectXShaderCompiler/tools/clang/lib/Format/TokenAnnotator.cpp,0,1,1
/media/ullmann/HDDGabriel/engines/UnrealEngine/Engine/Source/ThirdParty/ShaderConductor/ShaderConductor/External/DirectXShaderCompiler/tools/clang/lib/Format/TokenAnnotator.h,4,1,5
/media/ullmann/HDDGabriel/engines/UnrealEngine/Engine/Source/ThirdParty/ICU/icu4c-64_1/source/i18n/number_decimfmtprops.h,7,4,11
/media/ullmann/HDDGabriel/engines/UnrealEngine/Engine/Source/ThirdParty/WebRTC/4147/Include/third_party/libvpx/source/libvpx/vpxstats.h,0,1,1
/media/ullmann/HDDGabriel/engines/UnrealEngine/Engine/Source/ThirdParty/libOpus/opus-1.3.1-12/silk/resampler_rom.h,2,2,4
/media/ullmann/HDDGabriel/engines/UnrealEngine/Engine/Source/ThirdParty/libOpus/opus-1.3.1-12/silk/resampler_structs.h,3,0,3
/media/ullmann/HDDGabriel/engines/UnrealEngine/Engine/Source/ThirdParty/ShaderConductor/ShaderConductor/External/DirectXShaderCompiler/lib/DxilDia/DxilDiaTableFrameData.cpp,0,2,2
/media/ullmann/HDDGabriel/engines/UnrealEngine/Engine/Source/ThirdParty/ShaderConductor/ShaderConductor/External/DirectXShaderCompiler/lib/DxilDia/DxilDiaSession.h,20,2,22
/media/ullmann/HDDGabriel/engines/UnrealEngine/Engine/Source/ThirdParty/ICU/icu4c-53_1/source/test/intltest/uobjtest.cpp,0,1,1
/media/ullmann/HDDGabriel/engines/UnrealEngine/Engine/Source/ThirdParty/ICU/icu4c-53_1/source/test/intltest/uobjtest.h,2,1,3
/media/ullmann/HDDGabriel/engines/UnrealEngine/Engine/Source/ThirdParty/libOpus/opus-1.3.1-12/celt/arch.h,21,7,28
/media/ullmann/HDDGabriel/engines/UnrealEngine/Engine/Source/ThirdParty/libOpus/opus-1.3.1-12/celt/arm/fixed_armv4.h,2,0,2
/media/ullmann/HDDGabriel/engines/UnrealEngine/Engine/Source/ThirdParty/ICU/icu4c-53_1/source/i18n/smpdtfst.h,2,1,3
/media/ullmann/HDDGabriel/engines/UnrealEngine/Engine/Source/ThirdParty/ICU/icu4c-53_1/source/i18n/unicode/udat.h,5,0,5
/media/ullmann/HDDGabriel/engines/UnrealEngine/Engine/Source/ThirdParty/Intel/TBB/IntelTBB-2019u8/src/test/test_handle_perror.cpp,0,2,2
/media/ullmann/HDDGabriel/engines/UnrealEngine/Engine/Source/ThirdParty/FreeType2/FreeType2-2.4.12/src/sfnt/ttbdf.h,4,1,5
/media/ullmann/HDDGabriel/engines/UnrealEngine/Engine/Source/ThirdParty/FreeType2/FreeType2-2.6/Src/cff/cffcmap.h,4,1,5
/media/ullmann/HDDGabriel/engines/UnrealEngine/Engine/Source/ThirdParty/ICU/icu4c-53_1/source/layout/SingleSubstitutionSubtables.cpp,0,7,7
/media/ullmann/HDDGabriel/engines/UnrealEngine/Engine/Source/ThirdParty/Intel/TBB/IntelTBB-2019u8/src/perf/time_framework.h,3,3,6
/media/ullmann/HDDGabriel/engines/UnrealEngine/Engine/Source/ThirdParty/ICU/icu4c-64_1/source/samples/layout/gnomeglue.cpp,0,7,7
/media/ullmann/HDDGabriel/engines/UnrealEngine/Engine/Source/ThirdParty/ICU/icu4c-64_1/source/samples/layout/GnomeFontMap.h,3,2,5
/media/ullmann/HDDGabriel/engines/UnrealEngine/Engine/Source/ThirdParty/PhysX3/PhysX_3.4/Include/extensions/PxStringTableExt.h,1,0,1
/media/ullmann/HDDGabriel/engines/UnrealEngine/Engine/Source/Runtime/RenderCore/Public/ShaderCodeLibrary.h,2,0,2
/media/ullmann/HDDGabriel/engines/UnrealEngine/Engine/Source/ThirdParty/openexr/Deploy/openexr-3.1.1/include/OpenEXR/ImfDeepImageStateAttribute.h,1,3,4
/media/ullmann/HDDGabriel/engines/UnrealEngine/Engine/Source/Developer/DesktopPlatform/Private/Windows/WindowsRegistry.cpp,0,1,1
/media/ullmann/HDDGabriel/engines/UnrealEngine/Engine/Source/ThirdParty/ICU/icu4c-64_1/source/test/intltest/sfwdchit.cpp,0,1,1
/media/ullmann/HDDGabriel/engines/UnrealEngine/Engine/Source/ThirdParty/HarfBuzz/harfbuzz-2.4.0/src/hb-shape-plan.h,1,2,3
/media/ullmann/HDDGabriel/engines/UnrealEngine/Engine/Source/ThirdParty/HarfBuzz/harfbuzz-2.4.0/src/hb-font.h,5,2,7
/media/ullmann/HDDGabriel/engines/UnrealEngine/Engine/Source/ThirdParty/Boost/boost-1_70_0/include/boost/polygon/polygon_set_traits.hpp,2,0,2
/media/ullmann/HDDGabriel/engines/UnrealEngine/Engine/Source/ThirdParty/PhysX3/APEX_1.4/include/UserRenderResource.h,1,1,2
/media/ullmann/HDDGabriel/engines/UnrealEngine/Engine/Source/Programs/Enterprise/Datasmith/DatasmithSketchUpRubyExporter/Private/DatasmithSketchUpMaterial.h,7,3,10
/media/ullmann/HDDGabriel/engines/UnrealEngine/Engine/Source/ThirdParty/FreeType2/FreeType2-2.10.0/src/autofit/afblue.h,1,0,1
/media/ullmann/HDDGabriel/engines/UnrealEngine/Engine/Source/Editor/ContentBrowser/Private/SContentBrowser.cpp,0,13,13
/media/ullmann/HDDGabriel/engines/UnrealEngine/Engine/Source/Editor/ContentBrowser/Private/AssetContextMenu.h,2,0,2
/media/ullmann/HDDGabriel/engines/UnrealEngine/Engine/Source/Runtime/Datasmith/DatasmithCore/Public/DatasmithSceneXmlReader.h,0,3,3
/media/ullmann/HDDGabriel/engines/UnrealEngine/Engine/Source/Runtime/Datasmith/DatasmithCore/Public/DatasmithMaterialElements.h,2,1,3
/media/ullmann/HDDGabriel/engines/UnrealEngine/Engine/Source/Developer/Windows/LiveCodingServer/Private/External/LC_Amalgamation.h,3,1,4
/media/ullmann/HDDGabriel/engines/UnrealEngine/Engine/Source/ThirdParty/ShaderConductor/ShaderConductor/External/SPIRV-Cross/spirv_parser.cpp,0,1,1
/media/ullmann/HDDGabriel/engines/UnrealEngine/Engine/Source/ThirdParty/ShaderConductor/ShaderConductor/External/SPIRV-Cross/spirv_parser.hpp,4,1,5
/media/ullmann/HDDGabriel/engines/UnrealEngine/Engine/Source/ThirdParty/mtlpp/mtlpp-master-7efad47/src/function_constant_values.hpp,2,3,5
/media/ullmann/HDDGabriel/engines/UnrealEngine/Engine/Source/ThirdParty/SDL2/SDL-gui-backend/include/SDL_timer.h,1,4,5
/media/ullmann/HDDGabriel/engines/UnrealEngine/Engine/Source/Editor/PropertyEditor/Public/IPropertyTableCustomColumn.h,2,2,4
/media/ullmann/HDDGabriel/engines/UnrealEngine/Engine/Source/Editor/PropertyEditor/Public/IPropertyTableUtilities.h,2,1,3
/media/ullmann/HDDGabriel/engines/UnrealEngine/Engine/Source/ThirdParty/ICU/icu4c-64_1/source/common/unicode/caniter.h,1,0,1
/media/ullmann/HDDGabriel/engines/UnrealEngine/Engine/Source/ThirdParty/ICU/icu4c-53_1/source/test/intltest/winnmtst.cpp,0,2,2
/media/ullmann/HDDGabriel/engines/UnrealEngine/Engine/Source/ThirdParty/ICU/icu4c-53_1/source/test/intltest/winnmtst.h,2,0,2
/media/ullmann/HDDGabriel/engines/UnrealEngine/Engine/Source/Runtime/Renderer/Private/Lumen/LumenSceneLighting.h,6,2,8
/media/ullmann/HDDGabriel/engines/UnrealEngine/Engine/Source/ThirdParty/ICU/icu4c-53_1/source/common/ustrcase.cpp,0,10,10
/media/ullmann/HDDGabriel/engines/UnrealEngine/Engine/Source/ThirdParty/Boost/boost-1_70_0/include/boost/tti/tti.hpp,0,9,9
/media/ullmann/HDDGabriel/engines/UnrealEngine/Engine/Source/ThirdParty/Boost/boost-1_70_0/include/boost/tti/has_type.hpp,1,0,1
/media/ullmann/HDDGabriel/engines/UnrealEngine/Engine/Source/ThirdParty/FreeImage/FreeImage-3.18.0/Source/LibJPEG/jmemdos.c,0,3,3
/media/ullmann/HDDGabriel/engines/UnrealEngine/Engine/Source/Editor/ClothPainter/Private/ClothingPaintEditMode.cpp,0,2,2
/media/ullmann/HDDGabriel/engines/UnrealEngine/Engine/Source/Editor/ClothPainter/Private/ClothingPaintEditMode.h,3,0,3
/media/ullmann/HDDGabriel/engines/UnrealEngine/Engine/Source/ThirdParty/ICU/icu4c-53_1/source/common/unisetspan.h,2,2,4
/media/ullmann/HDDGabriel/engines/UnrealEngine/Engine/Source/ThirdParty/Vorbis/libvorbis-1.3.2/lib/modes/residue_16.h,1,0,1
/media/ullmann/HDDGabriel/engines/UnrealEngine/Engine/Source/ThirdParty/FontConfig/fontconfig-2.13.94/src/fclang.c,0,2,2
/media/ullmann/HDDGabriel/engines/UnrealEngine/Engine/Source/ThirdParty/FontConfig/fontconfig-2.13.94/src/fcftint.h,3,0,3
/media/ullmann/HDDGabriel/engines/UnrealEngine/Engine/Source/ThirdParty/ICU/icu4c-53_1/source/common/ucln_cmn.c,0,9,9
/media/ullmann/HDDGabriel/engines/UnrealEngine/Engine/Source/ThirdParty/ICU/icu4c-53_1/source/common/cmutex.h,3,0,3
/media/ullmann/HDDGabriel/engines/UnrealEngine/Engine/Source/ThirdParty/Intel/Embree/Embree2140/src/kernels/geometry/trianglev_mb_intersector.h,4,2,6
/media/ullmann/HDDGabriel/engines/UnrealEngine/Engine/Source/ThirdParty/Intel/Embree/Embree2140/src/kernels/geometry/intersector_epilog.h,4,3,7
/media/ullmann/HDDGabriel/engines/UnrealEngine/Engine/Source/ThirdParty/zlib/zlib-1.2.5/Src/infback.c,0,5,5
/media/ullmann/HDDGabriel/engines/UnrealEngine/Engine/Source/ThirdParty/zlib/zlib-1.2.5/Src/inffast.h,3,0,3
/media/ullmann/HDDGabriel/engines/UnrealEngine/Engine/Source/ThirdParty/ICU/icu4c-64_1/source/common/sharedobject.h,2,2,4
/media/ullmann/HDDGabriel/engines/UnrealEngine/Engine/Source/ThirdParty/ShaderConductor/ShaderConductor/External/DirectXShaderCompiler/tools/clang/lib/CodeGen/CGObjCRuntime.cpp,0,5,5
/media/ullmann/HDDGabriel/engines/UnrealEngine/Engine/Source/Runtime/RigVM/Public/RigVMCore/RigVMStatistics.h,4,0,4
/media/ullmann/HDDGabriel/engines/UnrealEngine/Engine/Source/Runtime/WebBrowser/Private/CEF/CEFWebBrowserWindow.cpp,0,6,6
/media/ullmann/HDDGabriel/engines/UnrealEngine/Engine/Source/Runtime/WebBrowser/Private/CEF/CEFJSScripting.h,3,0,3
/media/ullmann/HDDGabriel/engines/UnrealEngine/Engine/Source/ThirdParty/ICU/icu4c-53_1/source/common/ubrk.cpp,0,9,9
/media/ullmann/HDDGabriel/engines/UnrealEngine/Engine/Source/Runtime/NavigationSystem/Public/NavigationTestingActor.h,0,2,2
/media/ullmann/HDDGabriel/engines/UnrealEngine/Engine/Source/ThirdParty/ICU/icu4c-64_1/source/common/rbbidata.cpp,0,9,9
/media/ullmann/HDDGabriel/engines/UnrealEngine/Engine/Source/Developer/TraceInsights/Private/Insights/ContextSwitches/ViewModels/ContextSwitchesTimingTrack.cpp,0,1,1
/media/ullmann/HDDGabriel/engines/UnrealEngine/Engine/Source/Developer/TraceInsights/Private/Insights/ContextSwitches/ViewModels/ContextSwitchesTimingTrack.h,1,0,1
/media/ullmann/HDDGabriel/engines/UnrealEngine/Engine/Source/ThirdParty/ICU/icu4c-53_1/source/test/intltest/g7coll.cpp,0,2,2
/media/ullmann/HDDGabriel/engines/UnrealEngine/Engine/Source/ThirdParty/ICU/icu4c-53_1/source/test/intltest/g7coll.h,2,1,3
/media/ullmann/HDDGabriel/engines/UnrealEngine/Engine/Source/ThirdParty/ICU/icu4c-53_1/source/layout/GlyphPosnLookupProc.cpp,0,19,19
/media/ullmann/HDDGabriel/engines/UnrealEngine/Engine/Source/ThirdParty/glslang/glslang/src/glslang_lib/glslang/MachineIndependent/reflection.h,3,2,5
/media/ullmann/HDDGabriel/engines/UnrealEngine/Engine/Source/ThirdParty/SDL2/SDL-gui-backend/src/video/x11/SDL_x11mouse.c,0,5,5
/media/ullmann/HDDGabriel/engines/UnrealEngine/Engine/Source/Developer/Windows/LiveCoding/Private/External/LC_Process.h,6,2,8
/media/ullmann/HDDGabriel/engines/UnrealEngine/Engine/Source/ThirdParty/ICU/icu4c-64_1/source/common/cwchar.h,4,1,5
/media/ullmann/HDDGabriel/engines/UnrealEngine/Engine/Source/ThirdParty/VHACD/inc/vhacdCircularList.h,1,1,2
/media/ullmann/HDDGabriel/engines/UnrealEngine/Engine/Source/ThirdParty/VHACD/inc/vhacdCircularList.inl,1,0,1
/media/ullmann/HDDGabriel/engines/UnrealEngine/Engine/Source/ThirdParty/FreeType2/FreeType2-2.10.0/src/psnames/psmodule.c,1,3,4
/media/ullmann/HDDGabriel/engines/UnrealEngine/Engine/Source/ThirdParty/FreeType2/FreeType2-2.10.0/src/psnames/psmodule.h,1,0,1
/media/ullmann/HDDGabriel/engines/UnrealEngine/Engine/Source/ThirdParty/Android/libunwind/libunwind/src/ia64/Linit_remote.c,0,1,1
/media/ullmann/HDDGabriel/engines/UnrealEngine/Engine/Source/ThirdParty/Android/libunwind/libunwind/src/ia64/Ginit_remote.c,1,2,3
/media/ullmann/HDDGabriel/engines/UnrealEngine/Engine/Source/ThirdParty/FreeImage/FreeImage-3.18.0/Source/OpenEXR/IlmImf/ImfDeepTiledInputPart.h,2,4,6
/media/ullmann/HDDGabriel/engines/UnrealEngine/Engine/Source/ThirdParty/openexr/openexr-3.1.1/src/lib/OpenEXR/ImfPreviewImage.cpp,0,3,3
/media/ullmann/HDDGabriel/engines/UnrealEngine/Engine/Source/ThirdParty/OpenSubdiv/OpenSubdiv-3.4.4/examples/farViewer/gl_fontutils.cpp,0,1,1
/media/ullmann/HDDGabriel/engines/UnrealEngine/Engine/Source/ThirdParty/OpenSubdiv/OpenSubdiv-3.4.4/examples/farViewer/gl_fontutils.h,3,1,4
/media/ullmann/HDDGabriel/engines/UnrealEngine/Engine/Source/Runtime/Slate/Public/Widgets/Layout/SScrollBarTrack.h,2,0,2
/media/ullmann/HDDGabriel/engines/UnrealEngine/Engine/Source/Runtime/Sockets/Private/IOS/SocketSubsystemIOS.cpp,0,3,3
/media/ullmann/HDDGabriel/engines/UnrealEngine/Engine/Source/Runtime/Sockets/Private/IOS/SocketsBSDIOS.h,1,1,2
/media/ullmann/HDDGabriel/engines/UnrealEngine/Engine/Source/ThirdParty/openexr/openexr-3.1.1/src/lib/OpenEXRCore/unpack.c,0,3,3
/media/ullmann/HDDGabriel/engines/UnrealEngine/Engine/Source/ThirdParty/openexr/openexr-3.1.1/src/lib/OpenEXRCore/internal_xdr.h,12,0,12
/media/ullmann/HDDGabriel/engines/UnrealEngine/Engine/Source/ThirdParty/Android/libunwind/libunwind/src/arm/Ginit_local.c,1,2,3
/media/ullmann/HDDGabriel/engines/UnrealEngine/Engine/Source/ThirdParty/Android/libunwind/libunwind/src/arm/init.h,2,1,3
/media/ullmann/HDDGabriel/engines/UnrealEngine/Engine/Source/Runtime/Renderer/Private/ReflectionEnvironmentDiffuseIrradiance.cpp,0,2,2
/media/ullmann/HDDGabriel/engines/UnrealEngine/Engine/Source/Runtime/Renderer/Private/ReflectionEnvironmentCapture.h,4,0,4
/media/ullmann/HDDGabriel/engines/UnrealEngine/Engine/Source/ThirdParty/Boost/boost-1_70_0/include/boost/polygon/polygon_90_set_data.hpp,3,16,19
/media/ullmann/HDDGabriel/engines/UnrealEngine/Engine/Source/ThirdParty/Boost/boost-1_70_0/include/boost/polygon/detail/iterator_geometry_to_set.hpp,2,0,2
/media/ullmann/HDDGabriel/engines/UnrealEngine/Engine/Source/ThirdParty/libOpus/opus-1.1/IOS/libOpus/include/opus_defines.h,2,1,3
/media/ullmann/HDDGabriel/engines/UnrealEngine/Engine/Source/Runtime/Renderer/Private/RayTracing/RayTracingGlobalIllumination.cpp,0,2,2
/media/ullmann/HDDGabriel/engines/UnrealEngine/Engine/Source/ThirdParty/PhysX3/PhysX_3.4/Include/vehicle/PxVehicleDriveNW.h,1,0,1
/media/ullmann/HDDGabriel/engines/UnrealEngine/Engine/Source/ThirdParty/PLCrashReporter/PLCrashReporter/Source/PLCrashAsyncSymbolication.c,0,1,1
/media/ullmann/HDDGabriel/engines/UnrealEngine/Engine/Source/ThirdParty/PLCrashReporter/PLCrashReporter/Source/PLCrashAsyncSymbolication.h,1,2,3
/media/ullmann/HDDGabriel/engines/UnrealEngine/Engine/Source/Runtime/Online/Voice/Private/VoiceCodecOpus.cpp,0,1,1
/media/ullmann/HDDGabriel/engines/UnrealEngine/Engine/Source/Editor/DetailCustomizations/Private/MoviePlayerSettingsDetails.cpp,0,1,1
/media/ullmann/HDDGabriel/engines/UnrealEngine/Engine/Source/Editor/DetailCustomizations/Private/MoviePlayerSettingsDetails.h,2,0,2
/media/ullmann/HDDGabriel/engines/UnrealEngine/Engine/Source/ThirdParty/MCPP/mcpp-2.7.2/test-l/nest101.h,1,1,2
/media/ullmann/HDDGabriel/engines/UnrealEngine/Engine/Source/ThirdParty/MCPP/mcpp-2.7.2/test-l/nest102.h,1,1,2
/media/ullmann/HDDGabriel/engines/UnrealEngine/Engine/Source/Editor/Sequencer/Private/MovieSceneTrackEditor.cpp,0,1,1
/media/ullmann/HDDGabriel/engines/UnrealEngine/Engine/Source/ThirdParty/ShaderConductor/ShaderConductor/External/SPIRV-Cross/GLSL.std.450.h,5,0,5
/media/ullmann/HDDGabriel/engines/UnrealEngine/Engine/Source/Developer/DerivedDataCache/Private/DerivedDataBackends.cpp,0,5,5
/media/ullmann/HDDGabriel/engines/UnrealEngine/Engine/Source/Runtime/Core/Public/Containers/ScriptArray.h,3,0,3
/media/ullmann/HDDGabriel/engines/UnrealEngine/Engine/Source/ThirdParty/ICU/icu4c-53_1/source/common/locavailable.cpp,0,9,9
/media/ullmann/HDDGabriel/engines/UnrealEngine/Engine/Source/ThirdParty/FreeImage/FreeImage-3.18.0/Source/LibJPEG/jidctfst.c,0,3,3
/media/ullmann/HDDGabriel/engines/UnrealEngine/Engine/Source/Editor/AnimGraph/Public/AnimGraphNode_LayeredBoneBlend.h,0,1,1
/media/ullmann/HDDGabriel/engines/UnrealEngine/Engine/Source/ThirdParty/ICU/icu4c-64_1/source/tools/genrb/genrb.cpp,0,3,3
/media/ullmann/HDDGabriel/engines/UnrealEngine/Engine/Source/ThirdParty/ShaderConductor/ShaderConductor/External/googletest/googletest/samples/sample4_unittest.cc,0,1,1
/media/ullmann/HDDGabriel/engines/UnrealEngine/Engine/Source/ThirdParty/ShaderConductor/ShaderConductor/External/googletest/googletest/samples/sample4.h,2,0,2
/media/ullmann/HDDGabriel/engines/UnrealEngine/Engine/Source/Programs/UnrealHeaderTool/Private/Specifiers/SpecifierArrays.cpp,0,7,7
/media/ullmann/HDDGabriel/engines/UnrealEngine/Engine/Source/Programs/UnrealHeaderTool/Private/Specifiers/StructSpecifiers.h,2,0,2
/media/ullmann/HDDGabriel/engines/UnrealEngine/Engine/Source/Editor/AnimationBlueprintEditor/Private/AnimationBlueprintEditor.cpp,0,7,7
/media/ullmann/HDDGabriel/engines/UnrealEngine/Engine/Source/Editor/AnimationBlueprintEditor/Private/AnimationBlueprintTemplateEditorMode.h,2,1,3
/media/ullmann/HDDGabriel/engines/UnrealEngine/Engine/Source/ThirdParty/ICU/icu4c-64_1/source/common/brkeng.cpp,0,21,21
/media/ullmann/HDDGabriel/engines/UnrealEngine/Engine/Source/ThirdParty/ShaderConductor/ShaderConductor/External/DirectXShaderCompiler/utils/TableGen/IntrinsicEmitter.cpp,0,4,4
/media/ullmann/HDDGabriel/engines/UnrealEngine/Engine/Source/ThirdParty/ICU/icu4c-53_1/source/common/utext.cpp,0,13,13
/media/ullmann/HDDGabriel/engines/UnrealEngine/Engine/Source/ThirdParty/OpenVDB/openvdb-8.1.0/openvdb/openvdb/tools/LevelSetFilter.h,1,2,3
/media/ullmann/HDDGabriel/engines/UnrealEngine/Engine/Source/ThirdParty/OpenVDB/openvdb-8.1.0/openvdb/openvdb/tools/Interpolation.h,8,0,8
/media/ullmann/HDDGabriel/engines/UnrealEngine/Engine/Source/ThirdParty/libcurl/include/Windows/curl/curl.h,2,6,8
/media/ullmann/HDDGabriel/engines/UnrealEngine/Engine/Source/ThirdParty/libcurl/include/Windows/curl/multi.h,1,1,2
/media/ullmann/HDDGabriel/engines/UnrealEngine/Engine/Source/Runtime/Engine/Public/SceneView.h,9,6,15
/media/ullmann/HDDGabriel/engines/UnrealEngine/Engine/Source/Editor/Experimental/HordeExecutor/Private/HordeExecutorModule.cpp,0,2,2
/media/ullmann/HDDGabriel/engines/UnrealEngine/Engine/Source/Editor/Experimental/HordeExecutor/Private/HordeExecutorModule.h,3,1,4
/media/ullmann/HDDGabriel/engines/UnrealEngine/Engine/Source/Runtime/AugmentedReality/Public/ARTrackable.h,3,2,5
/media/ullmann/HDDGabriel/engines/UnrealEngine/Engine/Source/Runtime/AugmentedReality/Public/ARComponent.h,4,1,5
/media/ullmann/HDDGabriel/engines/UnrealEngine/Engine/Source/ThirdParty/libOpus/opus-1.0.3/celt/rate.c,0,6,6
/media/ullmann/HDDGabriel/engines/UnrealEngine/Engine/Source/ThirdParty/PhysX3/PhysX_3.4/Source/LowLevelCloth/src/SwClothData.h,5,0,5
/media/ullmann/HDDGabriel/engines/UnrealEngine/Engine/Source/Developer/ToolMenus/Public/ToolMenuContext.h,4,0,4
/media/ullmann/HDDGabriel/engines/UnrealEngine/Engine/Source/ThirdParty/FreeImage/FreeImage-3.18.0/Source/OpenEXR/IlmImf/ImfChannelListAttribute.cpp,0,1,1
/media/ullmann/HDDGabriel/engines/UnrealEngine/Engine/Source/ThirdParty/FreeType2/FreeType2-2.4.12/src/cff/cffparse.c,1,4,5
/media/ullmann/HDDGabriel/engines/UnrealEngine/Engine/Source/ThirdParty/FreeType2/FreeType2-2.4.12/src/cff/cfferrs.h,7,0,7
/media/ullmann/HDDGabriel/engines/UnrealEngine/Engine/Source/ThirdParty/Intel/TBB/IntelTBB-2019u8/src/test/test_split_node.cpp,0,2,2
/media/ullmann/HDDGabriel/engines/UnrealEngine/Engine/Source/ThirdParty/ICU/icu4c-53_1/source/test/cintltst/tracetst.c,0,1,1
/media/ullmann/HDDGabriel/engines/UnrealEngine/Engine/Source/ThirdParty/SDL2/SDL-gui-backend/src/video/cocoa/SDL_cocoaclipboard.h,1,1,2
/media/ullmann/HDDGabriel/engines/UnrealEngine/Engine/Source/ThirdParty/CryptoPP/5.6.5/include/arc4.h,3,4,7
/media/ullmann/HDDGabriel/engines/UnrealEngine/Engine/Source/Editor/GraphEditor/Private/KismetPins/SGraphPinIndex.h,1,0,1
/media/ullmann/HDDGabriel/engines/UnrealEngine/Engine/Source/ThirdParty/ICU/icu4c-64_1/source/common/ubidi_props.h,9,5,14
/media/ullmann/HDDGabriel/engines/UnrealEngine/Engine/Source/ThirdParty/SDL2/SDL-gui-backend/src/video/kmsdrm/SDL_kmsdrmdyn.h,5,2,7
/media/ullmann/HDDGabriel/engines/UnrealEngine/Engine/Source/ThirdParty/ICU/icu4c-53_1/source/i18n/region.cpp,0,4,4
/media/ullmann/HDDGabriel/engines/UnrealEngine/Engine/Source/Programs/HeadlessChaos/Public/GeometryCollection/GeometryCollectionTestMassProperties.h,0,1,1
/media/ullmann/HDDGabriel/engines/UnrealEngine/Engine/Source/Runtime/AudioCaptureImplementations/Android/AudioCaptureAndroid/Private/AudioCaptureAndroid.cpp,0,1,1
/media/ullmann/HDDGabriel/engines/UnrealEngine/Engine/Source/Runtime/AudioCaptureImplementations/Android/AudioCaptureAndroid/Private/AudioCaptureAndroid.h,2,0,2
/media/ullmann/HDDGabriel/engines/UnrealEngine/Engine/Source/ThirdParty/Oculus/LibOVRPlatform/LibOVRPlatform/include/OVR_CloudStorageMetadataArray.h,3,2,5
/media/ullmann/HDDGabriel/engines/UnrealEngine/Engine/Source/Runtime/Renderer/Private/PostProcess/SceneRenderTargets.h,34,1,35
/media/ullmann/HDDGabriel/engines/UnrealEngine/Engine/Source/ThirdParty/CryptoPP/5.6.2/include/test.cpp,0,16,16
/media/ullmann/HDDGabriel/engines/UnrealEngine/Engine/Source/ThirdParty/CryptoPP/5.6.2/include/whrlpool.h,3,2,5
/media/ullmann/HDDGabriel/engines/UnrealEngine/Engine/Source/ThirdParty/Intel/TBB/IntelTBB-2019u8/examples/parallel_for/seismic/main.cpp,0,3,3
/media/ullmann/HDDGabriel/engines/UnrealEngine/Engine/Source/ThirdParty/Intel/TBB/IntelTBB-2019u8/examples/parallel_for/seismic/universe.h,3,1,4
/media/ullmann/HDDGabriel/engines/UnrealEngine/Engine/Source/Runtime/Renderer/Private/ShaderBaseClasses.cpp,0,7,7
/media/ullmann/HDDGabriel/engines/UnrealEngine/Engine/Source/ThirdParty/PhysX3/APEX_1.4/module/destructible/fracture/Mesh.h,2,1,3
/media/ullmann/HDDGabriel/engines/UnrealEngine/Engine/Source/ThirdParty/ShaderConductor/ShaderConductor/External/DirectXShaderCompiler/tools/clang/lib/CodeGen/CGOpenMPRuntime.h,6,0,6
/media/ullmann/HDDGabriel/engines/UnrealEngine/Engine/Source/Editor/UnrealEd/Classes/Factories/CompositeDataTableFactory.h,0,1,1
/media/ullmann/HDDGabriel/engines/UnrealEngine/Engine/Source/Editor/UnrealEd/Classes/Factories/DataTableFactory.h,1,0,1
/media/ullmann/HDDGabriel/engines/UnrealEngine/Engine/Source/Runtime/MovieScene/Public/MovieScene.h,3,9,12
/media/ullmann/HDDGabriel/engines/UnrealEngine/Engine/Source/Runtime/MovieScene/Public/MovieScenePossessable.h,1,3,4
/media/ullmann/HDDGabriel/engines/UnrealEngine/Engine/Source/ThirdParty/Intel/Embree/Embree270/src/kernels/xeonphi/bvh4i/bvh4i_builder.h,3,8,11
/media/ullmann/HDDGabriel/engines/UnrealEngine/Engine/Source/ThirdParty/Imath/Deploy/Imath-3.1.3/include/Imath/ImathFrustumTest.h,0,7,7
/media/ullmann/HDDGabriel/engines/UnrealEngine/Engine/Source/ThirdParty/CryptoPP/5.6.2/include/esign.cpp,0,7,7
/media/ullmann/HDDGabriel/engines/UnrealEngine/Engine/Source/ThirdParty/Perforce/p4api-2021.2/Include/Win64/VS2015/p4/clientapi.h,1,11,12
/media/ullmann/HDDGabriel/engines/UnrealEngine/Engine/Source/ThirdParty/Vorbis/libvorbis-1.3.2/test/util.c,0,1,1
/media/ullmann/HDDGabriel/engines/UnrealEngine/Engine/Source/ThirdParty/Vorbis/libvorbis-1.3.2/test/util.h,2,0,2
/media/ullmann/HDDGabriel/engines/UnrealEngine/Engine/Source/ThirdParty/Oculus/LibOVRPlatform/LibOVRPlatform/include/OVR_Functions_Networking.h,1,5,6
/media/ullmann/HDDGabriel/engines/UnrealEngine/Engine/Source/ThirdParty/Oculus/LibOVRPlatform/LibOVRPlatform/include/OVR_PeerConnectionState.h,2,1,3
/media/ullmann/HDDGabriel/engines/UnrealEngine/Engine/Source/ThirdParty/ICU/icu4c-53_1/source/i18n/ucsdet.cpp,0,8,8
/media/ullmann/HDDGabriel/engines/UnrealEngine/Engine/Source/ThirdParty/ICU/icu4c-53_1/source/i18n/csrutf8.h,3,1,4
/media/ullmann/HDDGabriel/engines/UnrealEngine/Engine/Source/Runtime/Core/Public/HAL/PlatformString.h,3,0,3
/media/ullmann/HDDGabriel/engines/UnrealEngine/Engine/Source/Runtime/Renderer/Private/Lumen/LumenIrradianceFieldGather.cpp,0,2,2
/media/ullmann/HDDGabriel/engines/UnrealEngine/Engine/Source/Developer/AssetTools/Private/AssetTypeActions/AssetTypeActions_Redirector.h,1,0,1
/media/ullmann/HDDGabriel/engines/UnrealEngine/Engine/Source/ThirdParty/Python3/Win64/include/odictobject.h,1,0,1
/media/ullmann/HDDGabriel/engines/UnrealEngine/Engine/Source/Runtime/UMG/Public/Animation/WidgetAnimation.h,1,0,1
/media/ullmann/HDDGabriel/engines/UnrealEngine/Engine/Source/ThirdParty/FreeType2/FreeType2-2.10.0/src/base/ftobjs.c,1,2,3
/media/ullmann/HDDGabriel/engines/UnrealEngine/Engine/Source/Runtime/RenderCore/Public/ShaderParameterUtils.h,5,2,7
/media/ullmann/HDDGabriel/engines/UnrealEngine/Engine/Source/ThirdParty/PLCrashReporter/PLCrashReporter/Source/PLCrashAsyncDwarfPrimitives.hpp,7,5,12
/media/ullmann/HDDGabriel/engines/UnrealEngine/Engine/Source/ThirdParty/Unix/LibCxx/include/c++/v1/math.h,0,4,4
/media/ullmann/HDDGabriel/engines/UnrealEngine/Engine/Source/ThirdParty/Unix/LibCxx/include/c++/v1/stdlib.h,2,1,3
/media/ullmann/HDDGabriel/engines/UnrealEngine/Engine/Source/ThirdParty/PhysX3/PhysX_3.4/Include/PxDeletionListener.h,2,2,4
/media/ullmann/HDDGabriel/engines/UnrealEngine/Engine/Source/Developer/DeviceManager/Private/Widgets/Browser/SDeviceBrowserFilterBar.cpp,0,1,1
/media/ullmann/HDDGabriel/engines/UnrealEngine/Engine/Source/Developer/DeviceManager/Private/Widgets/Browser/SDeviceBrowserFilterBar.h,1,0,1
/media/ullmann/HDDGabriel/engines/UnrealEngine/Engine/Source/Runtime/Renderer/Private/Nanite/NaniteDrawList.h,3,2,5
/media/ullmann/HDDGabriel/engines/UnrealEngine/Engine/Source/ThirdParty/ICU/icu4c-64_1/source/test/intltest/dtfmrgts.h,2,1,3
/media/ullmann/HDDGabriel/engines/UnrealEngine/Engine/Source/ThirdParty/CryptoPP/5.6.2/include/gf256.h,3,1,4
/media/ullmann/HDDGabriel/engines/UnrealEngine/Engine/Source/ThirdParty/Vulkan/Include/vulkan/vulkan_win32.h,1,0,1
/media/ullmann/HDDGabriel/engines/UnrealEngine/Engine/Source/ThirdParty/openexr/openexr-3.1.1/src/lib/OpenEXRCore/openexr_decode.h,4,2,6
/media/ullmann/HDDGabriel/engines/UnrealEngine/Engine/Source/ThirdParty/FreeType2/FreeType2-2.6/Src/sfnt/ttpost.c,1,2,3
/media/ullmann/HDDGabriel/engines/UnrealEngine/Engine/Source/ThirdParty/Intel/Embree/Embree270/src/common/tasking/taskscheduler_mic.h,6,7,13
/media/ullmann/HDDGabriel/engines/UnrealEngine/Engine/Source/ThirdParty/Intel/MetricsDiscovery/MetricsDiscoveryHelper/source/equations.cpp,0,1,1
/media/ullmann/HDDGabriel/engines/UnrealEngine/Engine/Source/ThirdParty/Intel/MetricsDiscovery/MetricsDiscoveryHelper/source/metrics_discovery_helper.h,6,0,6
/media/ullmann/HDDGabriel/engines/UnrealEngine/Engine/Source/ThirdParty/Intel/TBB/IntelTBB-2019u8/src/test/test_std_thread.cpp,0,2,2
/media/ullmann/HDDGabriel/engines/UnrealEngine/Engine/Source/ThirdParty/Intel/Embree/Embree270/src/kernels/xeon/bvh4/bvh4_builder_morton.avx.cpp,0,1,1
/media/ullmann/HDDGabriel/engines/UnrealEngine/Engine/Source/ThirdParty/Intel/Embree/Embree270/src/kernels/xeon/bvh4/bvh4_builder_morton.cpp,1,12,13
/media/ullmann/HDDGabriel/engines/UnrealEngine/Engine/Source/ThirdParty/OpenVDB/openvdb-8.1.0/openvdb/openvdb/points/AttributeGroup.h,5,2,7
/media/ullmann/HDDGabriel/engines/UnrealEngine/Engine/Source/ThirdParty/OpenVDB/openvdb-8.1.0/openvdb/openvdb/points/AttributeSet.h,7,1,8
/media/ullmann/HDDGabriel/engines/UnrealEngine/Engine/Source/ThirdParty/libOpus/opus-1.3.1-12/celt/vq.c,0,9,9
/media/ullmann/HDDGabriel/engines/UnrealEngine/Engine/Source/ThirdParty/libOpus/opus-1.3.1-12/celt/mathops.h,14,3,17
/media/ullmann/HDDGabriel/engines/UnrealEngine/Engine/Source/Runtime/VulkanRHI/Private/VulkanSwapChain.cpp,0,3,3
/media/ullmann/HDDGabriel/engines/UnrealEngine/Engine/Source/Runtime/VulkanRHI/Private/VulkanSwapChain.h,3,0,3
/media/ullmann/HDDGabriel/engines/UnrealEngine/Engine/Source/ThirdParty/ShaderConductor/ShaderConductor/External/DirectXShaderCompiler/tools/clang/lib/Headers/xopintrin.h,1,1,2
/media/ullmann/HDDGabriel/engines/UnrealEngine/Engine/Source/ThirdParty/FreeType2/FreeType2-2.6/Src/cid/type1cid.c,0,5,5
/media/ullmann/HDDGabriel/engines/UnrealEngine/Engine/Source/ThirdParty/FreeType2/FreeType2-2.6/Src/cid/cidparse.c,1,2,3
/media/ullmann/HDDGabriel/engines/UnrealEngine/Engine/Source/ThirdParty/SDL2/SDL-gui-backend/src/video/raspberry/SDL_rpievents.c,0,7,7
/media/ullmann/HDDGabriel/engines/UnrealEngine/Engine/Source/ThirdParty/FreeImage/FreeImage-3.18.0/Source/LibOpenJPEG/opj_config_private.h,2,0,2
/media/ullmann/HDDGabriel/engines/UnrealEngine/Engine/Source/ThirdParty/OpenVDB/openvdb-8.1.0/openvdb/openvdb/python/pyOpenVDBModule.cc,0,3,3
/media/ullmann/HDDGabriel/engines/UnrealEngine/Engine/Source/ThirdParty/OpenVDB/openvdb-8.1.0/openvdb/openvdb/python/pyutil.h,4,0,4
/media/ullmann/HDDGabriel/engines/UnrealEngine/Engine/Source/Editor/BlueprintGraph/Classes/BlueprintTypePromotion.h,0,2,2
/media/ullmann/HDDGabriel/engines/UnrealEngine/Engine/Source/Editor/BlueprintGraph/Classes/BlueprintFunctionNodeSpawner.h,1,1,2
/media/ullmann/HDDGabriel/engines/UnrealEngine/Engine/Source/ThirdParty/ICU/icu4c-64_1/source/i18n/collationsets.h,3,1,4
/media/ullmann/HDDGabriel/engines/UnrealEngine/Engine/Source/Editor/Persona/Private/SAnimCurvePicker.cpp,0,1,1
/media/ullmann/HDDGabriel/engines/UnrealEngine/Engine/Source/Editor/Persona/Private/SAnimCurvePicker.h,2,0,2
/media/ullmann/HDDGabriel/engines/UnrealEngine/Engine/Source/ThirdParty/PhysX3/APEX_1.4/NvParameterized/include/PlatformInputStream.h,0,3,3
/media/ullmann/HDDGabriel/engines/UnrealEngine/Engine/Source/ThirdParty/PhysX3/APEX_1.4/NvParameterized/include/PlatformStream.h,2,2,4
/media/ullmann/HDDGabriel/engines/UnrealEngine/Engine/Source/ThirdParty/OpenVDB/openvdb-8.1.0/openvdb_ax/openvdb_ax/codegen/StringFunctions.cc,0,5,5
/media/ullmann/HDDGabriel/engines/UnrealEngine/Engine/Source/ThirdParty/OpenVDB/openvdb-8.1.0/openvdb_ax/openvdb_ax/codegen/Functions.h,5,2,7
/media/ullmann/HDDGabriel/engines/UnrealEngine/Engine/Source/Runtime/Renderer/Private/ShadowRendering.h,12,7,19
/media/ullmann/HDDGabriel/engines/UnrealEngine/Engine/Source/Runtime/Engine/Public/EngineLogs.h,6,0,6
/media/ullmann/HDDGabriel/engines/UnrealEngine/Engine/Source/Runtime/Engine/Public/EngineGlobals.h,4,0,4
/media/ullmann/HDDGabriel/engines/UnrealEngine/Engine/Source/ThirdParty/ICU/icu4c-53_1/source/common/udataswp.h,22,1,23
/media/ullmann/HDDGabriel/engines/UnrealEngine/Engine/Source/Runtime/WebBrowser/Private/IOS/IOSCookieManager.cpp,0,1,1
/media/ullmann/HDDGabriel/engines/UnrealEngine/Engine/Source/ThirdParty/openexr/Deploy/openexr-3.1.1/include/OpenEXR/ImfKeyCode.h,1,2,3
/media/ullmann/HDDGabriel/engines/UnrealEngine/Engine/Source/ThirdParty/OpenVDB/openvdb-8.1.0/openvdb_ax/openvdb_ax/test/integration/TestWorldSpaceAccessors.cc,0,1,1
/media/ullmann/HDDGabriel/engines/UnrealEngine/Engine/Source/Editor/UnrealEd/Private/Cooker/NetworkFileCookOnTheFlyRequestManager.h,1,0,1
/media/ullmann/HDDGabriel/engines/UnrealEngine/Engine/Source/Editor/UnrealEd/Public/WorldFolders.h,1,3,4
/media/ullmann/HDDGabriel/engines/UnrealEngine/Engine/Source/Editor/UnrealEd/Public/WorldFoldersImplementation.h,3,0,3
/media/ullmann/HDDGabriel/engines/UnrealEngine/Engine/Source/Runtime/Engine/Public/Components.h,10,0,10
/media/ullmann/HDDGabriel/engines/UnrealEngine/Engine/Source/ThirdParty/GoogleGameSDK/gamesdk/src/swappy/vulkan/SwappyVkFallback.h,2,1,3
/media/ullmann/HDDGabriel/engines/UnrealEngine/Engine/Source/ThirdParty/FreeType2/FreeType2-2.10.0/src/cache/ftcmanag.h,5,2,7
/media/ullmann/HDDGabriel/engines/UnrealEngine/Engine/Source/ThirdParty/FreeType2/FreeType2-2.10.0/src/cache/ftccache.h,1,1,2
/media/ullmann/HDDGabriel/engines/UnrealEngine/Engine/Source/Developer/ProjectLauncher/Private/Widgets/Deploy/SProjectLauncherDeployRepositorySettings.cpp,0,1,1
/media/ullmann/HDDGabriel/engines/UnrealEngine/Engine/Source/Developer/ProjectLauncher/Private/Widgets/Deploy/SProjectLauncherDeployRepositorySettings.h,1,0,1
/media/ullmann/HDDGabriel/engines/UnrealEngine/Engine/Source/ThirdParty/Boost/boost-1_70_0/include/boost/polygon/detail/max_cover.hpp,2,0,2
/media/ullmann/HDDGabriel/engines/UnrealEngine/Engine/Source/ThirdParty/openexr/openexr-3.1.1/src/lib/OpenEXR/ImfStringAttribute.h,4,3,7
/media/ullmann/HDDGabriel/engines/UnrealEngine/Engine/Source/ThirdParty/Intel/Embree/Embree2140/src/kernels/common/accelset.cpp,0,2,2
/media/ullmann/HDDGabriel/engines/UnrealEngine/Engine/Source/ThirdParty/Intel/Embree/Embree2140/src/kernels/common/accelset.h,3,4,7
/media/ullmann/HDDGabriel/engines/UnrealEngine/Engine/Source/ThirdParty/SDL2/SDL-gui-backend/src/render/SDL_sysrender.h,17,2,19
/media/ullmann/HDDGabriel/engines/UnrealEngine/Engine/Source/ThirdParty/Python3/Linux/include/python3.9/structseq.h,1,0,1
/media/ullmann/HDDGabriel/engines/UnrealEngine/Engine/Source/ThirdParty/rpclib/Source/include/rpc/msgpack/version.hpp,0,1,1
/media/ullmann/HDDGabriel/engines/UnrealEngine/Engine/Source/ThirdParty/rpclib/Source/include/rpc/msgpack/version_master.h,2,0,2
/media/ullmann/HDDGabriel/engines/UnrealEngine/Engine/Source/Editor/SkeletonEditor/Private/SSkeletonTree.h,2,1,3
/media/ullmann/HDDGabriel/engines/UnrealEngine/Engine/Source/ThirdParty/Intel/Embree/Embree270/src/common/simd/sse.h,10,7,17
/media/ullmann/HDDGabriel/engines/UnrealEngine/Engine/Source/Runtime/Core/Public/UObject/EditorObjectVersion.h,1,0,1
/media/ullmann/HDDGabriel/engines/UnrealEngine/Engine/Source/ThirdParty/WebRTC/4147/Include/third_party/opus/src/silk/resampler_rom.h,1,2,3
/media/ullmann/HDDGabriel/engines/UnrealEngine/Engine/Source/ThirdParty/ShaderConductor/ShaderConductor/External/DirectXShaderCompiler/include/llvm/ExecutionEngine/Orc/LambdaResolver.h,2,0,2
/media/ullmann/HDDGabriel/engines/UnrealEngine/Engine/Source/Runtime/Renderer/Private/MeshDrawCommands.cpp,0,5,5
/media/ullmann/HDDGabriel/engines/UnrealEngine/Engine/Source/ThirdParty/OpenVDB/openvdb-8.1.0/openvdb/openvdb/Platform.cc,0,2,2
/media/ullmann/HDDGabriel/engines/UnrealEngine/Engine/Source/ThirdParty/nvTextureTools/nvTextureTools-2.0.8/src/src/nvimage/FloatImage.cpp,0,3,3
/media/ullmann/HDDGabriel/engines/UnrealEngine/Engine/Source/ThirdParty/nvTextureTools/nvTextureTools-2.0.8/src/src/nvimage/FloatImage.h,2,0,2
/media/ullmann/HDDGabriel/engines/UnrealEngine/Engine/Source/Runtime/TraceLog/Public/Trace/Detail/LogScope.h,0,1,1
/media/ullmann/HDDGabriel/engines/UnrealEngine/Engine/Source/Runtime/TraceLog/Public/Trace/Detail/Writer.inl,2,0,2
/media/ullmann/HDDGabriel/engines/UnrealEngine/Engine/Source/ThirdParty/HarfBuzz/harfbuzz-2.4.0/src/hb-ot-shape.cc,0,8,8
/media/ullmann/HDDGabriel/engines/UnrealEngine/Engine/Source/ThirdParty/ShaderConductor/ShaderConductor/External/DirectXShaderCompiler/tools/clang/lib/StaticAnalyzer/Checkers/VirtualCallChecker.cpp,0,1,1
/media/ullmann/HDDGabriel/engines/UnrealEngine/Engine/Source/Programs/IOS/UnrealLaunchDaemon/Private/UnrealLaunchDaemonApp.h,2,1,3
/media/ullmann/HDDGabriel/engines/UnrealEngine/Engine/Source/Programs/IOS/UnrealLaunchDaemon/Private/UnrealLaunchDaemon.h,1,0,1
/media/ullmann/HDDGabriel/engines/UnrealEngine/Engine/Source/ThirdParty/ICU/icu4c-53_1/source/test/perf/usetperf/bitset.cpp,0,1,1
/media/ullmann/HDDGabriel/engines/UnrealEngine/Engine/Source/ThirdParty/ICU/icu4c-53_1/source/test/perf/usetperf/bitset.h,2,0,2
/media/ullmann/HDDGabriel/engines/UnrealEngine/Engine/Source/ThirdParty/Boost/boost-1_70_0/include/boost/numeric/ublas/tensor/operators_arithmetic.hpp,1,4,5
/media/ullmann/HDDGabriel/engines/UnrealEngine/Engine/Source/ThirdParty/Boost/boost-1_70_0/include/boost/numeric/ublas/tensor/expression.hpp,3,0,3
/media/ullmann/HDDGabriel/engines/UnrealEngine/Engine/Source/ThirdParty/ShaderConductor/ShaderConductor/External/DirectXShaderCompiler/lib/TableGen/TGLexer.cpp,0,1,1
/media/ullmann/HDDGabriel/engines/UnrealEngine/Engine/Source/ThirdParty/ShaderConductor/ShaderConductor/External/DirectXShaderCompiler/lib/TableGen/TGLexer.h,2,0,2
/media/ullmann/HDDGabriel/engines/UnrealEngine/Engine/Source/Editor/MovieSceneTools/Private/TrackEditors/PropertyTrackEditors/EulerTransformPropertyTrackEditor.h,1,0,1
/media/ullmann/HDDGabriel/engines/UnrealEngine/Engine/Source/ThirdParty/libOpus/opus-1.0.3/celt/pitch.h,2,1,3
/media/ullmann/HDDGabriel/engines/UnrealEngine/Engine/Source/Runtime/ApplicationCore/Private/HoloLens/WindowsGamingInputInterface.cpp,0,1,1
/media/ullmann/HDDGabriel/engines/UnrealEngine/Engine/Source/Runtime/ApplicationCore/Private/HoloLens/WindowsGamingInputInterface.h,2,0,2
/media/ullmann/HDDGabriel/engines/UnrealEngine/Engine/Source/Runtime/Cbor/Public/CborWriter.h,0,1,1
/media/ullmann/HDDGabriel/engines/UnrealEngine/Engine/Source/Runtime/Cbor/Public/CborTypes.h,2,0,2
/media/ullmann/HDDGabriel/engines/UnrealEngine/Engine/Source/ThirdParty/FreeType2/FreeType2-2.4.12/src/truetype/ttpload.h,5,0,5
/media/ullmann/HDDGabriel/engines/UnrealEngine/Engine/Source/ThirdParty/Intel/TBB/IntelTBB-2019u8/include/tbb/internal/_concurrent_skip_list_impl.h,2,9,11
/media/ullmann/HDDGabriel/engines/UnrealEngine/Engine/Source/ThirdParty/Intel/TBB/IntelTBB-2019u8/include/tbb/internal/_template_helpers.h,12,1,13
/media/ullmann/HDDGabriel/engines/UnrealEngine/Engine/Source/Runtime/Engine/Public/InterpolationHitProxy.h,0,2,2
/media/ullmann/HDDGabriel/engines/UnrealEngine/Engine/Source/Runtime/Engine/Public/HitProxies.h,13,0,13
/media/ullmann/HDDGabriel/engines/UnrealEngine/Engine/Source/ThirdParty/FreeType2/FreeType2-2.10.0/src/psaux/pshints.h,4,0,4
/media/ullmann/HDDGabriel/engines/UnrealEngine/Engine/Source/ThirdParty/Intel/MetricsDiscovery/MetricsDiscoveryHelper/samples/range_sample_dx11/imgui/examples/vulkan_example/main.cpp,0,1,1
/media/ullmann/HDDGabriel/engines/UnrealEngine/Engine/Source/ThirdParty/Intel/MetricsDiscovery/MetricsDiscoveryHelper/samples/range_sample_dx11/imgui/examples/vulkan_example/imgui_impl_glfw_vulkan.h,2,0,2
/media/ullmann/HDDGabriel/engines/UnrealEngine/Engine/Source/ThirdParty/ICU/icu4c-64_1/source/i18n/collationdata.h,24,2,26
/media/ullmann/HDDGabriel/engines/UnrealEngine/Engine/Source/Editor/UnrealEd/Public/SEditorViewportToolBarMenu.h,3,1,4
/media/ullmann/HDDGabriel/engines/UnrealEngine/Engine/Source/Editor/UnrealEd/Public/SViewportToolBar.h,8,0,8
/media/ullmann/HDDGabriel/engines/UnrealEngine/Engine/Source/ThirdParty/FreeType2/FreeType2-2.10.0/src/sfnt/pngshim.c,1,2,3
/media/ullmann/HDDGabriel/engines/UnrealEngine/Engine/Source/ThirdParty/FreeType2/FreeType2-2.10.0/src/sfnt/pngshim.h,2,1,3
/media/ullmann/HDDGabriel/engines/UnrealEngine/Engine/Source/ThirdParty/ICU/icu4c-64_1/source/common/uidna.cpp,0,9,9
/media/ullmann/HDDGabriel/engines/UnrealEngine/Engine/Source/ThirdParty/Intel/Embree/Embree2140/src/kernels/common/acceln.cpp,0,4,4
/media/ullmann/HDDGabriel/engines/UnrealEngine/Engine/Source/ThirdParty/Intel/Embree/Embree2140/src/common/algorithms/parallel_for.h,10,2,12
/media/ullmann/HDDGabriel/engines/UnrealEngine/Engine/Source/Runtime/VulkanRHI/Private/VulkanRenderpass.cpp,0,1,1
/media/ullmann/HDDGabriel/engines/UnrealEngine/Engine/Source/Runtime/VulkanRHI/Private/VulkanRenderpass.h,2,4,6
/media/ullmann/HDDGabriel/engines/UnrealEngine/Engine/Source/ThirdParty/OpenVDB/openvdb-8.1.0/openvdb/openvdb/math/Ray.h,0,3,3
/media/ullmann/HDDGabriel/engines/UnrealEngine/Engine/Source/ThirdParty/OpenVDB/openvdb-8.1.0/openvdb/openvdb/math/Math.h,16,0,16
/media/ullmann/HDDGabriel/engines/UnrealEngine/Engine/Source/ThirdParty/Intel/TBB/IntelTBB-2019u8/src/test/test_aligned_space.cpp,0,3,3
/media/ullmann/HDDGabriel/engines/UnrealEngine/Engine/Source/ThirdParty/Intel/TBB/IntelTBB-2019u8/src/test/harness_m128.h,5,0,5
/media/ullmann/HDDGabriel/engines/UnrealEngine/Engine/Source/ThirdParty/PhysX3/PhysX_3.4/Source/SimulationController/src/ScRigidSim.cpp,0,4,4
/media/ullmann/HDDGabriel/engines/UnrealEngine/Engine/Source/ThirdParty/PhysX3/PhysX_3.4/Source/SimulationController/src/ScShapeIterator.h,5,2,7
/media/ullmann/HDDGabriel/engines/UnrealEngine/Engine/Source/Runtime/MessagingRpc/Public/IMessageRpcServer.h,1,2,3
/media/ullmann/HDDGabriel/engines/UnrealEngine/Engine/Source/Runtime/MessagingRpc/Public/IMessageRpcReturn.h,1,0,1
/media/ullmann/HDDGabriel/engines/UnrealEngine/Engine/Source/ThirdParty/Crunch/src/crnlib/crn_dxt_endpoint_refiner.cpp,0,3,3
/media/ullmann/HDDGabriel/engines/UnrealEngine/Engine/Source/ThirdParty/Crunch/src/crnlib/crn_dxt_endpoint_refiner.h,2,1,3
/media/ullmann/HDDGabriel/engines/UnrealEngine/Engine/Source/ThirdParty/PhysX3/APEX_1.4/module/clothing/embedded/LowLevelCloth/src/SwFactory.h,6,1,7
/media/ullmann/HDDGabriel/engines/UnrealEngine/Engine/Source/ThirdParty/PhysX3/APEX_1.4/module/clothing/embedded/LowLevelCloth/src/Allocator.h,7,0,7
/media/ullmann/HDDGabriel/engines/UnrealEngine/Engine/Source/ThirdParty/PhysX3/PhysX_3.4/Include/particles/PxParticleBaseFlag.h,1,0,1
/media/ullmann/HDDGabriel/engines/UnrealEngine/Engine/Source/Developer/Windows/LiveCoding/Private/LiveCodingModule.cpp,0,6,6
/media/ullmann/HDDGabriel/engines/UnrealEngine/Engine/Source/Developer/Windows/LiveCoding/Private/External/LC_API.h,2,1,3
/media/ullmann/HDDGabriel/engines/UnrealEngine/Engine/Source/ThirdParty/Perforce/P4Api.Net/p4bridge/P4Connection.cpp,0,4,4
/media/ullmann/HDDGabriel/engines/UnrealEngine/Engine/Source/ThirdParty/Intel/TBB/IntelTBB-2019u8/examples/common/gui/video.h,11,0,11
/media/ullmann/HDDGabriel/engines/UnrealEngine/Engine/Source/ThirdParty/libOpus/opus-1.1/silk/control_audio_bandwidth.c,0,2,2
/media/ullmann/HDDGabriel/engines/UnrealEngine/Engine/Source/ThirdParty/libOpus/opus-1.1/silk/tuning_parameters.h,7,0,7
/media/ullmann/HDDGabriel/engines/UnrealEngine/Engine/Source/Runtime/Sockets/Public/MultichannelTcpSender.h,2,2,4
/media/ullmann/HDDGabriel/engines/UnrealEngine/Engine/Source/Runtime/Sockets/Public/MultichannelTcpGlobals.h,3,0,3
/media/ullmann/HDDGabriel/engines/UnrealEngine/Engine/Source/Developer/Profiler/Private/ProfilerDataSource.cpp,0,4,4
/media/ullmann/HDDGabriel/engines/UnrealEngine/Engine/Source/Developer/Profiler/Private/ProfilerStream.h,4,0,4
/media/ullmann/HDDGabriel/engines/UnrealEngine/Engine/Source/ThirdParty/FreeType2/FreeType2-2.10.0/src/autofit/afangles.c,1,1,2
/media/ullmann/HDDGabriel/engines/UnrealEngine/Engine/Source/Programs/TextureShare/Samples/ThirdParty/TextureShare_ClientD3D12/DXSample.cpp,0,2,2
/media/ullmann/HDDGabriel/engines/UnrealEngine/Engine/Source/Programs/TextureShare/Samples/ThirdParty/TextureShare_ClientD3D12/DXSample.h,3,2,5
/media/ullmann/HDDGabriel/engines/UnrealEngine/Engine/Source/ThirdParty/CryptoPP/5.6.5/include/algebra.h,19,4,23
/media/ullmann/HDDGabriel/engines/UnrealEngine/Engine/Source/ThirdParty/libstrophe/libstrophe-0.9.3/src/tls_gnutls.c,0,3,3
/media/ullmann/HDDGabriel/engines/UnrealEngine/Engine/Source/Runtime/AVEncoder/Private/VideoDecoderFactory.cpp,0,4,4
/media/ullmann/HDDGabriel/engines/UnrealEngine/Engine/Source/Runtime/AVEncoder/Private/Decoders/VideoDecoderMpeg4.h,2,0,2
/media/ullmann/HDDGabriel/engines/UnrealEngine/Engine/Source/ThirdParty/CryptoPP/5.6.5/include/pkcspad.h,4,3,7
/media/ullmann/HDDGabriel/engines/UnrealEngine/Engine/Source/ThirdParty/CryptoPP/5.6.5/include/squaretb.cpp,0,2,2
/media/ullmann/HDDGabriel/engines/UnrealEngine/Engine/Source/Runtime/Renderer/Private/MobileReflectionEnvironmentCapture.h,2,1,3
/media/ullmann/HDDGabriel/engines/UnrealEngine/Engine/Source/ThirdParty/FreeType2/FreeType2-2.6/Src/type1/type1.c,0,6,6
/media/ullmann/HDDGabriel/engines/UnrealEngine/Engine/Source/ThirdParty/FreeType2/FreeType2-2.6/Src/type1/t1driver.c,1,5,6
/media/ullmann/HDDGabriel/engines/UnrealEngine/Engine/Source/ThirdParty/SDL2/SDL-gui-backend/src/thread/stdcpp/SDL_sysmutex.cpp,0,3,3
/media/ullmann/HDDGabriel/engines/UnrealEngine/Engine/Source/ThirdParty/SDL2/SDL-gui-backend/src/thread/stdcpp/SDL_sysmutex_c.h,2,0,2
/media/ullmann/HDDGabriel/engines/UnrealEngine/Engine/Source/ThirdParty/Imath/Imath-3.1.3/src/Imath/toFloat.h,2,0,2
/media/ullmann/HDDGabriel/engines/UnrealEngine/Engine/Source/ThirdParty/MCPP/mcpp-2.7.2/test-c/e_19_3.c,0,1,1
/media/ullmann/HDDGabriel/engines/UnrealEngine/Engine/Source/ThirdParty/PhysX3/PhysX_3.4/Include/characterkinematic/PxControllerBehavior.h,1,0,1
/media/ullmann/HDDGabriel/engines/UnrealEngine/Engine/Source/ThirdParty/openexr/openexr-3.1.1/src/lib/OpenEXR/ImfXdr.h,19,1,20
/media/ullmann/HDDGabriel/engines/UnrealEngine/Engine/Source/Editor/Persona/Private/PersonaAssetFamilyManager.h,2,0,2
/media/ullmann/HDDGabriel/engines/UnrealEngine/Engine/Source/Editor/BlueprintGraph/Classes/K2Node_Literal.h,0,1,1
/media/ullmann/HDDGabriel/engines/UnrealEngine/Engine/Source/ThirdParty/DirectShow/DirectShow-1.0.0/src/Public/cache.h,1,0,1
/media/ullmann/HDDGabriel/engines/UnrealEngine/Engine/Source/Runtime/MovieSceneCapture/Private/MovieSceneCaptureModule.cpp,0,1,1
/media/ullmann/HDDGabriel/engines/UnrealEngine/Engine/Source/Runtime/MovieSceneCapture/Private/ActiveMovieSceneCaptures.h,3,0,3
/media/ullmann/HDDGabriel/engines/UnrealEngine/Engine/Source/Editor/Persona/Private/SPoseWatchManagerTreeView.h,2,2,4
/media/ullmann/HDDGabriel/engines/UnrealEngine/Engine/Source/Editor/Persona/Private/PoseWatchManagerFwd.h,8,0,8
/media/ullmann/HDDGabriel/engines/UnrealEngine/Engine/Source/ThirdParty/libOpus/opus-1.3.1-12/silk/control_codec.c,0,2,2
/media/ullmann/HDDGabriel/engines/UnrealEngine/Engine/Source/ThirdParty/libOpus/opus-1.3.1-12/silk/pitch_est_defines.h,3,1,4
/media/ullmann/HDDGabriel/engines/UnrealEngine/Engine/Source/ThirdParty/GoogleGameSDK/gamesdk/src/swappy/common/SwappyCommon.h,2,5,7
/media/ullmann/HDDGabriel/engines/UnrealEngine/Engine/Source/ThirdParty/GoogleGameSDK/gamesdk/src/swappy/common/CPUTracer.h,2,1,3
/media/ullmann/HDDGabriel/engines/UnrealEngine/Engine/Source/ThirdParty/ICU/icu4c-64_1/source/i18n/numrange_impl.h,2,7,9
/media/ullmann/HDDGabriel/engines/UnrealEngine/Engine/Source/ThirdParty/libOpus/opus-1.0.3/silk/resampler_structs.h,3,0,3
/media/ullmann/HDDGabriel/engines/UnrealEngine/Engine/Source/Editor/Persona/Private/PersonaPreviewSceneAnimationController.h,3,0,3
/media/ullmann/HDDGabriel/engines/UnrealEngine/Engine/Source/ThirdParty/SDL2/SDL-gui-backend/src/core/os2/geniconv/os2iconv.c,0,3,3
/media/ullmann/HDDGabriel/engines/UnrealEngine/Engine/Source/ThirdParty/SpeedTree/SpeedTreeSDK-v7.0/Include/Core/String.h,0,1,1
/media/ullmann/HDDGabriel/engines/UnrealEngine/Engine/Source/ThirdParty/SpeedTree/SpeedTreeSDK-v7.0/Include/Core/PortableCrt.h,2,0,2
/media/ullmann/HDDGabriel/engines/UnrealEngine/Engine/Source/ThirdParty/FreeImage/FreeImage-3.18.0/Source/OpenEXR/IlmImf/ImfTimeCodeAttribute.h,6,2,8
/media/ullmann/HDDGabriel/engines/UnrealEngine/Engine/Source/Runtime/Slate/Public/Framework/Layout/ScrollyZoomy.h,1,0,1
/media/ullmann/HDDGabriel/engines/UnrealEngine/Engine/Source/ThirdParty/ICU/icu4c-64_1/source/i18n/brktrans.h,2,1,3
/media/ullmann/HDDGabriel/engines/UnrealEngine/Engine/Source/Developer/TraceInsights/Private/Insights/MemoryProfiler/MemoryProfilerCommands.cpp,0,1,1
/media/ullmann/HDDGabriel/engines/UnrealEngine/Engine/Source/Developer/TraceInsights/Private/Insights/MemoryProfiler/MemoryProfilerCommands.h,1,0,1
/media/ullmann/HDDGabriel/engines/UnrealEngine/Engine/Source/Developer/MessageLog/Private/MessageLogModule.cpp,0,6,6
/media/ullmann/HDDGabriel/engines/UnrealEngine/Engine/Source/Developer/MessageLog/Private/Model/MessageLogListingModel.h,1,0,1
/media/ullmann/HDDGabriel/engines/UnrealEngine/Engine/Source/ThirdParty/FreeImage/FreeImage-3.18.0/Source/OpenEXR/IlmImf/ImfInputPart.h,3,5,8
/media/ullmann/HDDGabriel/engines/UnrealEngine/Engine/Source/ThirdParty/FreeImage/FreeImage-3.18.0/Source/OpenEXR/IlmImf/ImfInputFile.h,8,8,16
/media/ullmann/HDDGabriel/engines/UnrealEngine/Engine/Source/Editor/LandscapeEditor/Public/LandscapeEditorObject.h,0,3,3
/media/ullmann/HDDGabriel/engines/UnrealEngine/Engine/Source/Editor/Kismet/Private/SSCSEditorViewport.h,5,1,6
/media/ullmann/HDDGabriel/engines/UnrealEngine/Engine/Source/Developer/Windows/LiveCoding/Private/External/LC_WindowsInternalFunctions.cpp,0,1,1
/media/ullmann/HDDGabriel/engines/UnrealEngine/Engine/Source/ThirdParty/SDL2/SDL-gui-backend/src/video/wayland/SDL_waylandmessagebox.c,0,2,2
/media/ullmann/HDDGabriel/engines/UnrealEngine/Engine/Source/ThirdParty/SDL2/SDL-gui-backend/src/video/wayland/SDL_waylandmessagebox.h,2,0,2
/media/ullmann/HDDGabriel/engines/UnrealEngine/Engine/Source/ThirdParty/FreeType2/FreeType2-2.10.4/src/autofit/afshaper.c,1,5,6
/media/ullmann/HDDGabriel/engines/UnrealEngine/Engine/Source/ThirdParty/FreeType2/FreeType2-2.10.4/src/autofit/afcover.h,2,0,2
/media/ullmann/HDDGabriel/engines/UnrealEngine/Engine/Source/ThirdParty/FreeType2/FreeType2-2.6/Src/autofit/aflatin.c,1,5,6
/media/ullmann/HDDGabriel/engines/UnrealEngine/Engine/Source/Runtime/RenderCore/Public/ShaderParameterMacros.h,7,2,9
/media/ullmann/HDDGabriel/engines/UnrealEngine/Engine/Source/ThirdParty/xxhash/xxh_x86dispatch.c,0,1,1
/media/ullmann/HDDGabriel/engines/UnrealEngine/Engine/Source/ThirdParty/ICU/icu4c-64_1/source/common/locutil.h,2,2,4
/media/ullmann/HDDGabriel/engines/UnrealEngine/Engine/Source/ThirdParty/ICU/icu4c-64_1/source/test/cintltst/creststn.h,1,1,2
/media/ullmann/HDDGabriel/engines/UnrealEngine/Engine/Source/ThirdParty/ICU/icu4c-53_1/source/layout/KhmerReordering.cpp,0,4,4
/media/ullmann/HDDGabriel/engines/UnrealEngine/Engine/Source/ThirdParty/PhysX3/APEX_1.4/module/destructible/fracture/Core/IslandDetectorBase.cpp,0,3,3
/media/ullmann/HDDGabriel/engines/UnrealEngine/Engine/Source/ThirdParty/OpenVDB/openvdb-8.1.0/openvdb_ax/openvdb_ax/test/integration/TestCrement.cc,0,3,3
/media/ullmann/HDDGabriel/engines/UnrealEngine/Engine/Source/ThirdParty/OpenVDB/openvdb-8.1.0/openvdb_ax/openvdb_ax/test/integration/CompareGrids.h,6,0,6
/media/ullmann/HDDGabriel/engines/UnrealEngine/Engine/Source/ThirdParty/ICU/icu4c-64_1/source/test/cintltst/ccapitst.c,0,2,2
/media/ullmann/HDDGabriel/engines/UnrealEngine/Engine/Source/ThirdParty/ICU/icu4c-64_1/source/test/cintltst/ccapitst.h,1,1,2
/media/ullmann/HDDGabriel/engines/UnrealEngine/Engine/Source/ThirdParty/OpenVDB/openvdb-8.1.0/openvdb_ax/openvdb_ax/compiler/CompilerOptions.h,6,0,6
/media/ullmann/HDDGabriel/engines/UnrealEngine/Engine/Source/ThirdParty/Intel/Embree/Embree270/src/common/math/affinespace.h,1,3,4
/media/ullmann/HDDGabriel/engines/UnrealEngine/Engine/Source/Editor/PropertyEditor/Private/SDetailSingleItemRow.h,4,3,7
/media/ullmann/HDDGabriel/engines/UnrealEngine/Engine/Source/ThirdParty/ICU/icu4c-53_1/source/layout/GXLayoutEngine.cpp,0,5,5
/media/ullmann/HDDGabriel/engines/UnrealEngine/Engine/Source/ThirdParty/ICU/icu4c-64_1/source/i18n/rbt.h,6,1,7
/media/ullmann/HDDGabriel/engines/UnrealEngine/Engine/Source/ThirdParty/ICU/icu4c-64_1/source/common/simpleformatter.cpp,0,4,4
/media/ullmann/HDDGabriel/engines/UnrealEngine/Engine/Source/Developer/Windows/LiveCodingServer/Private/External/LC_Symbols.cpp,0,15,15
/media/ullmann/HDDGabriel/engines/UnrealEngine/Engine/Source/ThirdParty/Oculus/LibOVRPlatform/LibOVRPlatform/include/OVR_PurchaseArray.h,3,2,5
/media/ullmann/HDDGabriel/engines/UnrealEngine/Engine/Source/ThirdParty/Oculus/LibOVRPlatform/LibOVRPlatform/include/OVR_Purchase.h,3,2,5
/media/ullmann/HDDGabriel/engines/UnrealEngine/Engine/Source/Developer/AssetTools/Private/AssetTypeActions/AssetTypeActions_LandscapeGrassType.h,1,0,1
/media/ullmann/HDDGabriel/engines/UnrealEngine/Engine/Source/Runtime/PhysicsCore/Public/PhysXInterfaceWrapperCore.h,3,4,7
/media/ullmann/HDDGabriel/engines/UnrealEngine/Engine/Source/Runtime/PhysicsCore/Public/PhysicsInterfaceUtilsCore.h,1,4,5
/media/ullmann/HDDGabriel/engines/UnrealEngine/Engine/Source/ThirdParty/ICU/icu4c-64_1/source/samples/layout/pflow.h,3,2,5
/media/ullmann/HDDGabriel/engines/UnrealEngine/Engine/Source/ThirdParty/PLCrashReporter/PLCrashReporter/Source/PLCrashAsyncSignalInfo.c,0,1,1
/media/ullmann/HDDGabriel/engines/UnrealEngine/Engine/Source/ThirdParty/PLCrashReporter/PLCrashReporter/Source/PLCrashAsyncSignalInfo.h,1,0,1
/media/ullmann/HDDGabriel/engines/UnrealEngine/Engine/Source/ThirdParty/CryptoPP/5.6.5/include/base32.h,2,2,4
/media/ullmann/HDDGabriel/engines/UnrealEngine/Engine/Source/ThirdParty/EOSSDK/SDK/Bin/Android/include/eos_anticheatserver_types.h,2,2,4
/media/ullmann/HDDGabriel/engines/UnrealEngine/Engine/Source/ThirdParty/FreeType2/FreeType2-2.10.4/src/cid/cidobjs.c,1,3,4
/media/ullmann/HDDGabriel/engines/UnrealEngine/Engine/Source/ThirdParty/ICU/icu4c-64_1/source/common/utrie.h,7,2,9
/media/ullmann/HDDGabriel/engines/UnrealEngine/Engine/Source/ThirdParty/SDL2/SDL-gui-backend/src/main/nacl/SDL_nacl_main.c,0,1,1
/media/ullmann/HDDGabriel/engines/UnrealEngine/Engine/Source/ThirdParty/ICU/icu4c-53_1/source/test/intltest/ittrans.cpp,0,8,8
/media/ullmann/HDDGabriel/engines/UnrealEngine/Engine/Source/ThirdParty/ICU/icu4c-53_1/source/test/intltest/reptest.h,2,1,3
/media/ullmann/HDDGabriel/engines/UnrealEngine/Engine/Source/ThirdParty/Intel/TBB/IntelTBB-2019u8/src/test/test_cilk_interop.cpp,0,2,2
/media/ullmann/HDDGabriel/engines/UnrealEngine/Engine/Source/ThirdParty/SDL2/SDL-gui-backend/src/filesystem/unix/SDL_sysfilesystem.c,0,1,1
/media/ullmann/HDDGabriel/engines/UnrealEngine/Engine/Source/ThirdParty/SDL2/SDL-gui-backend/src/video/qnx/video.c,0,3,3
/media/ullmann/HDDGabriel/engines/UnrealEngine/Engine/Source/ThirdParty/SDL2/SDL-gui-backend/src/video/qnx/sdl_qnx.h,3,1,4
/media/ullmann/HDDGabriel/engines/UnrealEngine/Engine/Source/ThirdParty/Imath/Imath-3.1.3/src/python/PyImath/PyImathLine.cpp,0,6,6
/media/ullmann/HDDGabriel/engines/UnrealEngine/Engine/Source/ThirdParty/Imath/Imath-3.1.3/src/python/PyImath/PyImathLine.h,2,1,3
/media/ullmann/HDDGabriel/engines/UnrealEngine/Engine/Source/Runtime/GameMenuBuilder/Public/SGameMenuItemWidget.h,1,1,2
/media/ullmann/HDDGabriel/engines/UnrealEngine/Engine/Source/Editor/BehaviorTreeEditor/Private/BehaviorTreeEditor.cpp,0,13,13
/media/ullmann/HDDGabriel/engines/UnrealEngine/Engine/Source/Editor/BehaviorTreeEditor/Private/BehaviorTreeEditorModes.h,2,1,3
/media/ullmann/HDDGabriel/engines/UnrealEngine/Engine/Source/ThirdParty/PhysX3/PhysX_3.4/Source/GeomUtils/src/contact/GuContactCapsuleCapsule.cpp,0,1,1
/media/ullmann/HDDGabriel/engines/UnrealEngine/Engine/Source/ThirdParty/Distorm/src/operands.h,2,4,6
/media/ullmann/HDDGabriel/engines/UnrealEngine/Engine/Source/ThirdParty/Distorm/src/instructions.h,6,2,8
/media/ullmann/HDDGabriel/engines/UnrealEngine/Engine/Source/Developer/AutomationWindow/Private/SAutomationWindow.h,3,2,5
/media/ullmann/HDDGabriel/engines/UnrealEngine/Engine/Source/Developer/AutomationWindow/Private/SAutomationGraphicalResultBox.h,2,0,2
/media/ullmann/HDDGabriel/engines/UnrealEngine/Engine/Source/ThirdParty/Breakpad/src/google_breakpad/common/minidump_cpu_mips.h,1,0,1
/media/ullmann/HDDGabriel/engines/UnrealEngine/Engine/Source/ThirdParty/ICU/icu4c-53_1/source/test/intltest/caltztst.cpp,0,1,1
/media/ullmann/HDDGabriel/engines/UnrealEngine/Engine/Source/ThirdParty/ICU/icu4c-53_1/source/test/intltest/caltztst.h,12,1,13
/media/ullmann/HDDGabriel/engines/UnrealEngine/Engine/Source/Editor/DetailCustomizations/Private/DialogueStructsCustomizations.cpp,0,2,2
/media/ullmann/HDDGabriel/engines/UnrealEngine/Engine/Source/Editor/DetailCustomizations/Private/DialogueStructsCustomizations.h,2,0,2
/media/ullmann/HDDGabriel/engines/UnrealEngine/Engine/Source/ThirdParty/SDL2/SDL-gui-backend/include/SDL_loadso.h,1,4,5
/media/ullmann/HDDGabriel/engines/UnrealEngine/Engine/Source/ThirdParty/ShaderConductor/ShaderConductor/External/DirectXShaderCompiler/tools/clang/lib/CodeGen/CGAtomic.cpp,0,4,4
/media/ullmann/HDDGabriel/engines/UnrealEngine/Engine/Source/Runtime/OpenGLDrv/Private/OpenGLTexture.cpp,0,2,2
/media/ullmann/HDDGabriel/engines/UnrealEngine/Engine/Source/ThirdParty/Android/detex/AndroidETC.h,5,0,5
/media/ullmann/HDDGabriel/engines/UnrealEngine/Engine/Source/ThirdParty/SDL2/SDL-gui-backend/src/render/opengl/SDL_render_gl.c,0,4,4
/media/ullmann/HDDGabriel/engines/UnrealEngine/Engine/Source/ThirdParty/SDL2/SDL-gui-backend/src/render/opengl/SDL_glfuncs.h,1,0,1
/media/ullmann/HDDGabriel/engines/UnrealEngine/Engine/Source/ThirdParty/hlslcc/hlslcc/src/hlslcc_lib/builtin_stubs.cpp,0,5,5
/media/ullmann/HDDGabriel/engines/UnrealEngine/Engine/Source/Editor/SequenceRecorder/Private/ActorRecording.cpp,0,3,3
/media/ullmann/HDDGabriel/engines/UnrealEngine/Engine/Source/Editor/SequenceRecorder/Private/Sections/MovieSceneAnimationSectionRecorder.h,2,0,2
/media/ullmann/HDDGabriel/engines/UnrealEngine/Engine/Source/ThirdParty/libstrophe/libstrophe-0.9.3/src/tls_dummy.c,0,3,3
/media/ullmann/HDDGabriel/engines/UnrealEngine/Engine/Source/ThirdParty/libstrophe/libstrophe-0.9.3/src/sock.h,8,0,8
/media/ullmann/HDDGabriel/engines/UnrealEngine/Engine/Source/ThirdParty/FreeType2/FreeType2-2.10.0/src/psaux/psfixed.h,1,0,1
/media/ullmann/HDDGabriel/engines/UnrealEngine/Engine/Source/Runtime/Experimental/Voronoi/Private/voro++/src/c_loops.cc,0,1,1
/media/ullmann/HDDGabriel/engines/UnrealEngine/Engine/Source/Runtime/Experimental/Voronoi/Private/voro++/src/c_loops.hh,1,0,1
/media/ullmann/HDDGabriel/engines/UnrealEngine/Engine/Source/Runtime/Slate/Public/Widgets/Input/SNumericEntryBox.h,1,0,1
/media/ullmann/HDDGabriel/engines/UnrealEngine/Engine/Source/Editor/CurveEditor/Public/SCurveEditorView.h,1,2,3
/media/ullmann/HDDGabriel/engines/UnrealEngine/Engine/Source/ThirdParty/Python3/Linux/include/python3.9/funcobject.h,1,0,1
/media/ullmann/HDDGabriel/engines/UnrealEngine/Engine/Source/ThirdParty/PhysX3/PhysX_3.4/Source/GeomUtils/src/gjk/GuVecBox.h,1,1,2
/media/ullmann/HDDGabriel/engines/UnrealEngine/Engine/Source/ThirdParty/PhysX3/APEX_1.4/module/clothing/embedded/ExtClothFabricCooker.cpp,0,3,3
/media/ullmann/HDDGabriel/engines/UnrealEngine/Engine/Source/ThirdParty/PhysX3/APEX_1.4/module/clothing/embedded/ExtClothConfig.h,6,0,6
/media/ullmann/HDDGabriel/engines/UnrealEngine/Engine/Source/ThirdParty/PhysX3/PhysX_3.4/Include/extensions/PxPrismaticJoint.h,1,0,1
/media/ullmann/HDDGabriel/engines/UnrealEngine/Engine/Source/Editor/UnrealEd/Public/ComponentVisualizer.h,2,0,2
/media/ullmann/HDDGabriel/engines/UnrealEngine/Engine/Source/Runtime/Renderer/Private/PathTracing.h,1,0,1
/media/ullmann/HDDGabriel/engines/UnrealEngine/Engine/Source/ThirdParty/PhysX3/APEX_1.4/common/include/FieldSamplerIntl.h,0,3,3
/media/ullmann/HDDGabriel/engines/UnrealEngine/Engine/Source/ThirdParty/PhysX3/APEX_1.4/common/include/FieldBoundaryIntl.h,1,1,2
/media/ullmann/HDDGabriel/engines/UnrealEngine/Engine/Source/Editor/AnimGraph/Private/AnimBlueprintExtension_CallFunction.h,2,0,2
/media/ullmann/HDDGabriel/engines/UnrealEngine/Engine/Source/ThirdParty/ICU/icu4c-53_1/source/test/intltest/regcoll.h,2,1,3
/media/ullmann/HDDGabriel/engines/UnrealEngine/Engine/Source/ThirdParty/ICU/icu4c-53_1/source/test/intltest/tscoll.h,18,1,19
/media/ullmann/HDDGabriel/engines/UnrealEngine/Engine/Source/ThirdParty/Oculus/LibOVRPlatform/LibOVRPlatform/include/OVR_MatchmakingAdminSnapshotCandidate.h,2,1,3
/media/ullmann/HDDGabriel/engines/UnrealEngine/Engine/Source/ThirdParty/ICU/icu4c-53_1/source/common/ucnvhz.c,0,9,9
/media/ullmann/HDDGabriel/engines/UnrealEngine/Engine/Source/ThirdParty/ICU/icu4c-53_1/source/common/unicode/ucnv_cb.h,9,0,9
/media/ullmann/HDDGabriel/engines/UnrealEngine/Engine/Source/ThirdParty/glslang/glslang/src/glslang_lib/glslang/Include/Common.h,15,1,16
/media/ullmann/HDDGabriel/engines/UnrealEngine/Engine/Source/ThirdParty/Python3/Linux/include/python3.9/pylifecycle.h,1,1,2
/media/ullmann/HDDGabriel/engines/UnrealEngine/Engine/Source/ThirdParty/CryptoPP/5.6.5/include/nbtheory.cpp,0,7,7
/media/ullmann/HDDGabriel/engines/UnrealEngine/Engine/Source/ThirdParty/PhysX3/NvCloth/src/MovingAverage.h,3,0,3
/media/ullmann/HDDGabriel/engines/UnrealEngine/Engine/Source/ThirdParty/FreeImage/FreeImage-3.18.0/Source/LibJPEG/wrbmp.c,0,1,1
/media/ullmann/HDDGabriel/engines/UnrealEngine/Engine/Source/ThirdParty/libOpus/opus-1.3.1-12/silk/fixed/process_gains_FIX.c,0,1,1
/media/ullmann/HDDGabriel/engines/UnrealEngine/Engine/Source/ThirdParty/libOpus/opus-1.3.1-12/silk/fixed/main_FIX.h,14,1,15
/media/ullmann/HDDGabriel/engines/UnrealEngine/Engine/Source/ThirdParty/Intel/Embree/Embree270/src/kernels/xeon/geometry/object_intersector1.h,1,2,3
/media/ullmann/HDDGabriel/engines/UnrealEngine/Engine/Source/ThirdParty/Intel/Embree/Embree270/src/kernels/xeon/geometry/object.h,7,1,8
/media/ullmann/HDDGabriel/engines/UnrealEngine/Engine/Source/ThirdParty/Intel/Embree/Embree270/src/kernels/xeon/bvh4/bvh4.cpp,0,13,13
/media/ullmann/HDDGabriel/engines/UnrealEngine/Engine/Source/ThirdParty/Intel/Embree/Embree270/src/kernels/xeon/geometry/triangle4.h,20,1,21
/media/ullmann/HDDGabriel/engines/UnrealEngine/Engine/Source/ThirdParty/Python3/Mac/include/bltinmodule.h,1,0,1
/media/ullmann/HDDGabriel/engines/UnrealEngine/Engine/Source/ThirdParty/FreeType2/FreeType2-2.10.4/src/base/ftsnames.c,1,0,1
/media/ullmann/HDDGabriel/engines/UnrealEngine/Engine/Source/ThirdParty/SDL2/SDL-gui-backend/src/SDL_assert.c,0,4,4
/media/ullmann/HDDGabriel/engines/UnrealEngine/Engine/Source/ThirdParty/SDL2/SDL-gui-backend/src/SDL_assert_c.h,2,0,2
/media/ullmann/HDDGabriel/engines/UnrealEngine/Engine/Source/ThirdParty/libOpus/opus-1.3.1-12/silk/resampler_private_up2_HQ.c,0,2,2
/media/ullmann/HDDGabriel/engines/UnrealEngine/Engine/Source/ThirdParty/FreeImage/FreeImage-3.18.0/Source/ZLib/inffast.c,0,4,4
/media/ullmann/HDDGabriel/engines/UnrealEngine/Engine/Source/ThirdParty/FreeImage/FreeImage-3.18.0/Source/ZLib/inftrees.h,4,0,4
/media/ullmann/HDDGabriel/engines/UnrealEngine/Engine/Source/ThirdParty/FreeType2/FreeType2-2.10.0/src/cache/ftcbasic.c,1,5,6
/media/ullmann/HDDGabriel/engines/UnrealEngine/Engine/Source/ThirdParty/FreeType2/FreeType2-2.10.0/src/cache/ftcimage.h,3,1,4
/media/ullmann/HDDGabriel/engines/UnrealEngine/Engine/Source/ThirdParty/openexr/openexr-3.1.1/src/test/OpenEXRTest/testInputPart.cpp,0,3,3
/media/ullmann/HDDGabriel/engines/UnrealEngine/Engine/Source/ThirdParty/openexr/openexr-3.1.1/src/test/OpenEXRTest/tmpDir.h,19,0,19
/media/ullmann/HDDGabriel/engines/UnrealEngine/Engine/Source/ThirdParty/ICU/icu4c-53_1/source/i18n/wintzimpl.cpp,0,3,3
/media/ullmann/HDDGabriel/engines/UnrealEngine/Engine/Source/ThirdParty/ICU/icu4c-64_1/source/test/intltest/dtfmttst.h,3,1,4
/media/ullmann/HDDGabriel/engines/UnrealEngine/Engine/Source/ThirdParty/SDL2/SDL-gui-backend/include/SDL_render.h,2,5,7
/media/ullmann/HDDGabriel/engines/UnrealEngine/Engine/Source/ThirdParty/PhysX3/PhysX_3.4/Include/PxArticulationJoint.h,2,2,4
/media/ullmann/HDDGabriel/engines/UnrealEngine/Engine/Source/ThirdParty/SDL2/SDL-gui-backend/src/audio/dsp/SDL_dspaudio.c,0,4,4
/media/ullmann/HDDGabriel/engines/UnrealEngine/Engine/Source/ThirdParty/SDL2/SDL-gui-backend/src/audio/dsp/SDL_dspaudio.h,1,2,3
/media/ullmann/HDDGabriel/engines/UnrealEngine/Engine/Source/ThirdParty/ICU/icu4c-64_1/source/i18n/dtfmtsym.cpp,0,9,9
/media/ullmann/HDDGabriel/engines/UnrealEngine/Engine/Source/ThirdParty/FreeType2/FreeType2-2.4.12/src/autofit/afhints.h,9,1,10
/media/ullmann/HDDGabriel/engines/UnrealEngine/Engine/Source/Runtime/Engine/Public/IPIEPreviewDeviceModule.h,0,1,1
/media/ullmann/HDDGabriel/engines/UnrealEngine/Engine/Source/Runtime/Engine/Public/IDeviceProfileSelectorModule.h,1,0,1
/media/ullmann/HDDGabriel/engines/UnrealEngine/Engine/Source/Editor/PropertyEditor/Private/DetailCategoryBuilderImpl.cpp,0,12,12
/media/ullmann/HDDGabriel/engines/UnrealEngine/Engine/Source/Editor/CSVtoSVG/Private/SCSVtoSVG.cpp,0,2,2
/media/ullmann/HDDGabriel/engines/UnrealEngine/Engine/Source/Editor/CSVtoSVG/Private/SStatList.h,2,0,2
/media/ullmann/HDDGabriel/engines/UnrealEngine/Engine/Source/ThirdParty/libOpus/opus-1.1/celt/entenc.c,0,4,4
/media/ullmann/HDDGabriel/engines/UnrealEngine/Engine/Source/Runtime/Renderer/Private/VolumeLighting.cpp,0,4,4
/media/ullmann/HDDGabriel/engines/UnrealEngine/Engine/Source/ThirdParty/openexr/openexr-3.1.1/src/lib/OpenEXR/ImfBoxAttribute.h,7,3,10
/media/ullmann/HDDGabriel/engines/UnrealEngine/Engine/Source/ThirdParty/Intel/Embree/Embree270/src/common/math/vec3.h,5,10,15
/media/ullmann/HDDGabriel/engines/UnrealEngine/Engine/Source/ThirdParty/PhysX3/NvCloth/samples/external/DXUT/9.15.2016.1/Optional/DXUTguiIME.h,0,1,1
/media/ullmann/HDDGabriel/engines/UnrealEngine/Engine/Source/ThirdParty/PhysX3/NvCloth/samples/external/DXUT/9.15.2016.1/Optional/ImeUi.h,1,0,1
/media/ullmann/HDDGabriel/engines/UnrealEngine/Engine/Source/ThirdParty/openexr/openexr-3.1.1/src/lib/OpenEXR/ImfMisc.h,19,4,23
/media/ullmann/HDDGabriel/engines/UnrealEngine/Engine/Source/Editor/PropertyEditor/Private/PropertyEditorModule.cpp,0,12,12
/media/ullmann/HDDGabriel/engines/UnrealEngine/Engine/Source/Editor/PropertyEditor/Private/PropertyChangeListener.h,2,0,2
/media/ullmann/HDDGabriel/engines/UnrealEngine/Engine/Source/ThirdParty/MCPP/mcpp-2.7.2/test-l/nest74.h,1,1,2
/media/ullmann/HDDGabriel/engines/UnrealEngine/Engine/Source/ThirdParty/MCPP/mcpp-2.7.2/test-l/nest75.h,1,1,2
/media/ullmann/HDDGabriel/engines/UnrealEngine/Engine/Source/ThirdParty/PhysX3/APEX_1.4/framework/include/autogen/BufferF32x3.h,1,0,1
/media/ullmann/HDDGabriel/engines/UnrealEngine/Engine/Source/ThirdParty/CryptoPP/5.6.2/include/misc.cpp,0,3,3
/media/ullmann/HDDGabriel/engines/UnrealEngine/Engine/Source/ThirdParty/CryptoPP/5.6.2/include/words.h,3,1,4
/media/ullmann/HDDGabriel/engines/UnrealEngine/Engine/Source/ThirdParty/OpenVDB/openvdb-8.1.0/openvdb/openvdb/tools/PotentialFlow.h,0,5,5
/media/ullmann/HDDGabriel/engines/UnrealEngine/Engine/Source/ThirdParty/OpenVDB/openvdb-8.1.0/openvdb/openvdb/tools/Mask.h,1,1,2
/media/ullmann/HDDGabriel/engines/UnrealEngine/Engine/Source/Runtime/Renderer/Private/Lumen/LumenVisualizeRadianceCache.cpp,0,3,3
/media/ullmann/HDDGabriel/engines/UnrealEngine/Engine/Source/ThirdParty/ICU/icu4c-64_1/source/samples/layout/ScriptCompositeFontInstance.h,5,1,6
/media/ullmann/HDDGabriel/engines/UnrealEngine/Engine/Source/ThirdParty/Imath/Imath-3.1.3/src/Imath/ImathBox.h,3,3,6
/media/ullmann/HDDGabriel/engines/UnrealEngine/Engine/Source/ThirdParty/Imath/Imath-3.1.3/src/Imath/ImathVec.h,15,4,19
/media/ullmann/HDDGabriel/engines/UnrealEngine/Engine/Source/ThirdParty/ShaderConductor/ShaderConductor/External/DirectXShaderCompiler/lib/CodeGen/AsmPrinter/DIEHash.cpp,0,3,3
/media/ullmann/HDDGabriel/engines/UnrealEngine/Engine/Source/Runtime/InteractiveToolsFramework/Public/TargetInterfaces/MaterialProvider.h,1,0,1
/media/ullmann/HDDGabriel/engines/UnrealEngine/Engine/Source/Editor/Persona/Private/SAnimationBlendSpaceGridWidget.h,3,0,3
/media/ullmann/HDDGabriel/engines/UnrealEngine/Engine/Source/ThirdParty/EOSSDK/SDK/Bin/IOS/EOSSDK.framework/Headers/eos_reports_types.h,2,1,3
/media/ullmann/HDDGabriel/engines/UnrealEngine/Engine/Source/ThirdParty/FBX/2020.2/include/fbxsdk/scene/geometry/fbxlimitsutilities.h,1,0,1
/media/ullmann/HDDGabriel/engines/UnrealEngine/Engine/Source/ThirdParty/PhysX3/PhysX_3.4/Source/PhysXExtensions/src/serialization/Binary/SnConvX.cpp,0,1,1
/media/ullmann/HDDGabriel/engines/UnrealEngine/Engine/Source/ThirdParty/PhysX3/PhysX_3.4/Source/PhysXExtensions/src/serialization/Binary/SnConvX.h,7,4,11
/media/ullmann/HDDGabriel/engines/UnrealEngine/Engine/Source/ThirdParty/FreeImage/FreeImage-3.18.0/Source/OpenEXR/IlmImf/ImfZip.cpp,0,3,3
/media/ullmann/HDDGabriel/engines/UnrealEngine/Engine/Source/ThirdParty/OpenSubdiv/Deploy/OpenSubdiv-3.4.4/include/opensubdiv/hbr/hierarchicalEdit.h,4,2,6
/media/ullmann/HDDGabriel/engines/UnrealEngine/Engine/Source/ThirdParty/CryptoPP/5.6.5/include/adler32.cpp,0,2,2
/media/ullmann/HDDGabriel/engines/UnrealEngine/Engine/Source/ThirdParty/CryptoPP/5.6.5/include/adler32.h,4,1,5
/media/ullmann/HDDGabriel/engines/UnrealEngine/Engine/Source/ThirdParty/libOpus/opus-1.1/tests/test_opus_encode.c,0,2,2
/media/ullmann/HDDGabriel/engines/UnrealEngine/Engine/Source/ThirdParty/MCPP/mcpp-2.7.2/cpp-test/test-l/nest40.h,1,1,2
/media/ullmann/HDDGabriel/engines/UnrealEngine/Engine/Source/ThirdParty/MCPP/mcpp-2.7.2/cpp-test/test-l/nest41.h,1,1,2
/media/ullmann/HDDGabriel/engines/UnrealEngine/Engine/Source/ThirdParty/OpenSubdiv/OpenSubdiv-3.4.4/opensubdiv/hbr/hierarchicalEdit.h,4,2,6
/media/ullmann/HDDGabriel/engines/UnrealEngine/Engine/Source/ThirdParty/OpenSubdiv/OpenSubdiv-3.4.4/opensubdiv/hbr/face.h,3,4,7
/media/ullmann/HDDGabriel/engines/UnrealEngine/Engine/Source/ThirdParty/ICU/icu4c-64_1/source/common/resource.h,3,3,6
/media/ullmann/HDDGabriel/engines/UnrealEngine/Engine/Source/Programs/UnrealHeaderTool/Private/ClassMaps.cpp,0,3,3
/media/ullmann/HDDGabriel/engines/UnrealEngine/Engine/Source/Programs/UnrealHeaderTool/Private/ClassMaps.h,11,3,14
/media/ullmann/HDDGabriel/engines/UnrealEngine/Engine/Source/ThirdParty/FreeType2/FreeType2-2.10.0/src/type1/t1afm.c,1,2,3
/media/ullmann/HDDGabriel/engines/UnrealEngine/Engine/Source/ThirdParty/mtlpp/mtlpp-master-7efad47/src/blit_command_encoder.hpp,1,7,8
/media/ullmann/HDDGabriel/engines/UnrealEngine/Engine/Source/ThirdParty/SDL2/SDL-gui-backend/include/SDL_audio.h,1,8,9
/media/ullmann/HDDGabriel/engines/UnrealEngine/Engine/Source/ThirdParty/libOpus/opus-1.1/silk/float/bwexpander_FLP.c,0,1,1
/media/ullmann/HDDGabriel/engines/UnrealEngine/Engine/Source/ThirdParty/Intel/TBB/IntelTBB-2019u8/src/test/test_dynamic_link.cpp,0,3,3
/media/ullmann/HDDGabriel/engines/UnrealEngine/Engine/Source/Runtime/GeometryCore/Public/Generators/FlatTriangulationMeshGenerator.h,0,1,1
/media/ullmann/HDDGabriel/engines/UnrealEngine/Engine/Source/Runtime/GeometryCore/Public/Generators/MeshShapeGenerator.h,13,0,13
/media/ullmann/HDDGabriel/engines/UnrealEngine/Engine/Source/ThirdParty/libOpus/opus-1.0.3/celt/mdct.h,3,2,5
/media/ullmann/HDDGabriel/engines/UnrealEngine/Engine/Source/ThirdParty/CryptoPP/5.6.5/include/eccrypto.h,6,15,21
/media/ullmann/HDDGabriel/engines/UnrealEngine/Engine/Source/ThirdParty/CryptoPP/5.6.5/include/hmqv.h,4,3,7
/media/ullmann/HDDGabriel/engines/UnrealEngine/Engine/Source/ThirdParty/SDL2/SDL-gui-backend/src/render/direct3d11/SDL_shaders_d3d11.c,0,3,3
/media/ullmann/HDDGabriel/engines/UnrealEngine/Engine/Source/Runtime/Renderer/Private/CompositionLighting/CompositionLighting.h,3,2,5
/media/ullmann/HDDGabriel/engines/UnrealEngine/Engine/Source/Programs/Enterprise/Datasmith/DatasmithARCHICADExporter/Private/Utils/AddonTools.cpp,0,3,3
/media/ullmann/HDDGabriel/engines/UnrealEngine/Engine/Source/Programs/Enterprise/Datasmith/DatasmithARCHICADExporter/Private/Utils/ResourcesUtils.h,4,0,4
/media/ullmann/HDDGabriel/engines/UnrealEngine/Engine/Source/ThirdParty/openexr/Deploy/openexr-3.1.1/include/OpenEXR/ImfMultiPartOutputFile.h,1,3,4
/media/ullmann/HDDGabriel/engines/UnrealEngine/Engine/Source/Runtime/Renderer/Private/VolumeLighting.h,6,2,8
/media/ullmann/HDDGabriel/engines/UnrealEngine/Engine/Source/ThirdParty/nvTextureTools/nvTextureTools-2.0.6/src/src/nvcore/Memory.cpp,0,2,2
/media/ullmann/HDDGabriel/engines/UnrealEngine/Engine/Source/ThirdParty/nvTextureTools/nvTextureTools-2.0.6/src/src/nvcore/Memory.h,1,0,1
/media/ullmann/HDDGabriel/engines/UnrealEngine/Engine/Source/ThirdParty/Alembic/alembic-1.8.2/python/PyAlembic/PyOCollections.cpp,0,3,3
/media/ullmann/HDDGabriel/engines/UnrealEngine/Engine/Source/ThirdParty/Alembic/alembic-1.8.2/python/PyAlembic/PyOSchema.h,4,1,5
/media/ullmann/HDDGabriel/engines/UnrealEngine/Engine/Source/ThirdParty/ICU/icu4c-64_1/source/test/intltest/windttst.cpp,0,3,3
/media/ullmann/HDDGabriel/engines/UnrealEngine/Engine/Source/ThirdParty/Intel/TBB/IntelTBB-2019u8/src/test/test_parallel_for_vectorization.cpp,0,2,2
/media/ullmann/HDDGabriel/engines/UnrealEngine/Engine/Source/ThirdParty/Intel/TBB/IntelTBB-2019u8/include/tbb/spin_rw_mutex.h,4,5,9
/media/ullmann/HDDGabriel/engines/UnrealEngine/Engine/Source/ThirdParty/ShaderConductor/ShaderConductor/External/SPIRV-Cross/include/spirv_cross/internal_interface.hpp,0,5,5
/media/ullmann/HDDGabriel/engines/UnrealEngine/Engine/Source/ThirdParty/ShaderConductor/ShaderConductor/External/SPIRV-Cross/include/spirv_cross/external_interface.h,1,0,1
/media/ullmann/HDDGabriel/engines/UnrealEngine/Engine/Source/ThirdParty/ICU/icu4c-64_1/source/i18n/regexst.cpp,0,4,4
/media/ullmann/HDDGabriel/engines/UnrealEngine/Engine/Source/ThirdParty/ICU/icu4c-64_1/source/i18n/regexcst.h,2,0,2
/media/ullmann/HDDGabriel/engines/UnrealEngine/Engine/Source/ThirdParty/Eigen/Eigen/src/Eigenvalues/EigenSolver.h,0,1,1
/media/ullmann/HDDGabriel/engines/UnrealEngine/Engine/Source/ThirdParty/Eigen/Eigen/src/Eigenvalues/RealSchur.h,1,1,2
/media/ullmann/HDDGabriel/engines/UnrealEngine/Engine/Source/ThirdParty/ICU/icu4c-53_1/source/common/icuplugimp.h,2,1,3
/media/ullmann/HDDGabriel/engines/UnrealEngine/Engine/Source/Runtime/Core/Public/Containers/ArrayBuilder.h,1,0,1
/media/ullmann/HDDGabriel/engines/UnrealEngine/Engine/Source/ThirdParty/Python3/Linux/include/python3.9/ceval.h,1,1,2
/media/ullmann/HDDGabriel/engines/UnrealEngine/Engine/Source/ThirdParty/Perforce/p4api-2021.2/Include/Mac/p4/clientresolvea.h,1,1,2
/media/ullmann/HDDGabriel/engines/UnrealEngine/Engine/Source/ThirdParty/ICU/icu4c-53_1/source/test/intltest/transapi.cpp,0,2,2
/media/ullmann/HDDGabriel/engines/UnrealEngine/Engine/Source/ThirdParty/ICU/icu4c-53_1/source/test/intltest/ittrans.h,5,1,6
/media/ullmann/HDDGabriel/engines/UnrealEngine/Engine/Source/ThirdParty/FreeImage/FreeImage-3.18.0/Source/OpenEXR/IlmImf/ImfTileOffsets.h,6,5,11
/media/ullmann/HDDGabriel/engines/UnrealEngine/Engine/Source/Editor/SkeletalMeshEditor/Private/MeshHierarchyCmd.cpp,0,1,1
/media/ullmann/HDDGabriel/engines/UnrealEngine/Engine/Source/Editor/SkeletalMeshEditor/Private/MeshHierarchyCmd.h,1,0,1
/media/ullmann/HDDGabriel/engines/UnrealEngine/Engine/Source/ThirdParty/FreeType2/FreeType2-2.10.4/src/gxvalid/gxvbsln.c,1,2,3
/media/ullmann/HDDGabriel/engines/UnrealEngine/Engine/Source/ThirdParty/FreeType2/FreeType2-2.10.4/src/gxvalid/gxvcommn.h,13,1,14
/media/ullmann/HDDGabriel/engines/UnrealEngine/Engine/Source/ThirdParty/OpenSubdiv/OpenSubdiv-3.4.4/regression/shapes/catmark_edgecorner.h,2,0,2
/media/ullmann/HDDGabriel/engines/UnrealEngine/Engine/Source/ThirdParty/CryptoPP/5.6.5/include/ripemd.h,4,1,5
/media/ullmann/HDDGabriel/engines/UnrealEngine/Engine/Source/ThirdParty/ICU/icu4c-53_1/source/i18n/cecal.cpp,0,2,2
/media/ullmann/HDDGabriel/engines/UnrealEngine/Engine/Source/ThirdParty/ICU/icu4c-53_1/source/i18n/cecal.h,5,1,6
/media/ullmann/HDDGabriel/engines/UnrealEngine/Engine/Source/Runtime/CoreUObject/Public/Misc/PackageSegment.h,0,1,1
/media/ullmann/HDDGabriel/engines/UnrealEngine/Engine/Source/Runtime/CoreUObject/Public/Misc/PackagePath.h,1,0,1
/media/ullmann/HDDGabriel/engines/UnrealEngine/Engine/Source/ThirdParty/ICU/icu4c-64_1/source/common/unicode/locdspnm.h,1,0,1
/media/ullmann/HDDGabriel/engines/UnrealEngine/Engine/Source/Runtime/Slate/Public/Framework/MultiBox/MultiBoxDefs.h,3,0,3
/media/ullmann/HDDGabriel/engines/UnrealEngine/Engine/Source/ThirdParty/CryptoPP/5.6.5/include/algebra.cpp,4,3,7
/media/ullmann/HDDGabriel/engines/UnrealEngine/Engine/Source/ThirdParty/FreeImage/FreeImage-3.18.0/Source/LibJPEG/jmemmgr.c,0,3,3
/media/ullmann/HDDGabriel/engines/UnrealEngine/Engine/Source/ThirdParty/SDL2/SDL-gui-backend/src/video/windows/SDL_windowsmessagebox.c,0,4,4
/media/ullmann/HDDGabriel/engines/UnrealEngine/Engine/Source/ThirdParty/FreeImage/FreeImage-3.18.0/Source/OpenEXR/Imath/ImathShear.h,2,5,7
/media/ullmann/HDDGabriel/engines/UnrealEngine/Engine/Source/ThirdParty/FreeImage/FreeImage-3.18.0/Source/OpenEXR/Imath/ImathExc.h,5,2,7
/media/ullmann/HDDGabriel/engines/UnrealEngine/Engine/Source/ThirdParty/FreeType2/FreeType2-2.10.4/src/gxvalid/gxvprop.c,1,2,3
/media/ullmann/HDDGabriel/engines/UnrealEngine/Engine/Source/ThirdParty/ICU/icu4c-53_1/source/layout/StateTableProcessor.cpp,0,8,8
/media/ullmann/HDDGabriel/engines/UnrealEngine/Engine/Source/ThirdParty/ICU/icu4c-53_1/source/layout/StateTableProcessor.h,7,4,11
/media/ullmann/HDDGabriel/engines/UnrealEngine/Engine/Source/ThirdParty/ICU/icu4c-53_1/source/common/servnotf.h,2,5,7
/media/ullmann/HDDGabriel/engines/UnrealEngine/Engine/Source/Runtime/Core/Public/HAL/PlatformProperties.h,3,0,3
/media/ullmann/HDDGabriel/engines/UnrealEngine/Engine/Source/ThirdParty/ICU/icu4c-53_1/source/common/unicode/locid.h,9,0,9
/media/ullmann/HDDGabriel/engines/UnrealEngine/Engine/Source/Editor/Persona/Private/AnimTimeline/SAnimTrack.cpp,0,3,3
/media/ullmann/HDDGabriel/engines/UnrealEngine/Engine/Source/Editor/Persona/Private/AnimTimeline/SAnimTrackResizeArea.h,3,0,3
/media/ullmann/HDDGabriel/engines/UnrealEngine/Engine/Source/Editor/ClothPainter/Private/SClothAssetSelector.h,2,0,2
/media/ullmann/HDDGabriel/engines/UnrealEngine/Engine/Source/ThirdParty/openexr/Deploy/openexr-3.1.1/include/OpenEXR/ImfDeepImageState.h,1,2,3
/media/ullmann/HDDGabriel/engines/UnrealEngine/Engine/Source/ThirdParty/FreeImage/FreeImage-3.18.0/Source/OpenEXR/IlmImf/ImfCRgbaFile.cpp,0,13,13
/media/ullmann/HDDGabriel/engines/UnrealEngine/Engine/Source/ThirdParty/ICU/icu4c-53_1/source/i18n/funcrepl.cpp,0,2,2
/media/ullmann/HDDGabriel/engines/UnrealEngine/Engine/Source/Editor/PropertyEditor/Public/PropertyEditorDelegates.h,6,0,6
/media/ullmann/HDDGabriel/engines/UnrealEngine/Engine/Source/ThirdParty/ICU/icu4c-53_1/source/common/uloc_tag.c,0,11,11
/media/ullmann/HDDGabriel/engines/UnrealEngine/Engine/Source/Runtime/HeadMountedDisplay/Public/XRLoadingScreenFunctionLibrary.h,0,1,1
/media/ullmann/HDDGabriel/engines/UnrealEngine/Engine/Source/Runtime/HeadMountedDisplay/Public/IXRLoadingScreen.h,3,1,4
/media/ullmann/HDDGabriel/engines/UnrealEngine/Engine/Source/ThirdParty/libOpus/opus-1.0.3/silk/resampler_private_down_FIR.c,0,2,2
/media/ullmann/HDDGabriel/engines/UnrealEngine/Engine/Source/ThirdParty/libOpus/opus-1.0.3/silk/resampler_private.h,7,3,10
/media/ullmann/HDDGabriel/engines/UnrealEngine/Engine/Source/ThirdParty/openexr/Deploy/openexr-3.1.1/include/OpenEXR/ImfChannelListAttribute.h,0,4,4
/media/ullmann/HDDGabriel/engines/UnrealEngine/Engine/Source/Runtime/UMG/Public/Components/NamedSlotInterface.h,1,1,2
/media/ullmann/HDDGabriel/engines/UnrealEngine/Engine/Source/Programs/UnrealTraceServer/src/Main.cpp,0,4,4
/media/ullmann/HDDGabriel/engines/UnrealEngine/Engine/Source/Programs/UnrealTraceServer/src/Utils.h,4,1,5
/media/ullmann/HDDGabriel/engines/UnrealEngine/Engine/Source/ThirdParty/EOSSDK/SDK/Bin/Android/include/eos_rtc_admin_types.h,2,1,3
/media/ullmann/HDDGabriel/engines/UnrealEngine/Engine/Source/ThirdParty/ICU/icu4c-53_1/source/common/unicode/uchar.h,23,0,23
/media/ullmann/HDDGabriel/engines/UnrealEngine/Engine/Source/ThirdParty/FreeType2/FreeType2-2.4.12/src/base/ftmac.c,1,1,2
/media/ullmann/HDDGabriel/engines/UnrealEngine/Engine/Source/ThirdParty/FreeType2/FreeType2-2.4.12/src/base/ftbase.h,2,0,2
/media/ullmann/HDDGabriel/engines/UnrealEngine/Engine/Source/ThirdParty/openexr/openexr-3.1.1/src/test/OpenEXRTest/testCopyMultiPartFile.cpp,0,3,3
/media/ullmann/HDDGabriel/engines/UnrealEngine/Engine/Source/ThirdParty/openexr/openexr-3.1.1/src/test/OpenEXRTest/testCopyMultiPartFile.h,2,0,2
/media/ullmann/HDDGabriel/engines/UnrealEngine/Engine/Source/ThirdParty/Imath/Imath-3.1.3/src/ImathTest/main.cpp,0,32,32
/media/ullmann/HDDGabriel/engines/UnrealEngine/Engine/Source/ThirdParty/Imath/Imath-3.1.3/src/ImathTest/testLimits.h,2,0,2
/media/ullmann/HDDGabriel/engines/UnrealEngine/Engine/Source/ThirdParty/OpenSubdiv/OpenSubdiv-3.4.4/regression/shapes/catmark_cube_creases0.h,2,0,2
/media/ullmann/HDDGabriel/engines/UnrealEngine/Engine/Source/ThirdParty/PhysX3/PhysX_3.4/Source/SimulationController/include/ScScene.h,0,2,2
/media/ullmann/HDDGabriel/engines/UnrealEngine/Engine/Source/ThirdParty/PhysX3/PhysX_3.4/Source/SimulationController/include/ScBodyCore.h,1,1,2
/media/ullmann/HDDGabriel/engines/UnrealEngine/Engine/Source/ThirdParty/SDL2/SDL-gui-backend/src/render/software/SDL_blendfillrect.h,2,1,3
/media/ullmann/HDDGabriel/engines/UnrealEngine/Engine/Source/ThirdParty/openexr/openexr-3.1.1/src/lib/OpenEXRCore/internal_structs.c,0,4,4
/media/ullmann/HDDGabriel/engines/UnrealEngine/Engine/Source/ThirdParty/ICU/icu4c-53_1/include/layout/LayoutEngine.h,0,1,1
/media/ullmann/HDDGabriel/engines/UnrealEngine/Engine/Source/Runtime/Windows/WindowsPlatformFeatures/Private/HighlightRecorder.h,2,2,4
/media/ullmann/HDDGabriel/engines/UnrealEngine/Engine/Source/Runtime/Windows/WindowsPlatformFeatures/Private/WmfRingBuffer.h,2,1,3
/media/ullmann/HDDGabriel/engines/UnrealEngine/Engine/Source/ThirdParty/Intel/TBB/IntelTBB-2019u8/include/tbb/machine/gcc_ia32_common.h,3,1,4
/media/ullmann/HDDGabriel/engines/UnrealEngine/Engine/Source/ThirdParty/Intel/TBB/IntelTBB-2019u8/include/tbb/machine/gcc_itsx.h,1,0,1
/media/ullmann/HDDGabriel/engines/UnrealEngine/Engine/Source/ThirdParty/PLCrashReporter/PLCrashReporter/Source/PLCrashAsyncMachOImage.h,6,1,7
/media/ullmann/HDDGabriel/engines/UnrealEngine/Engine/Source/Runtime/Core/Public/Math/Vector2D.h,3,0,3
/media/ullmann/HDDGabriel/engines/UnrealEngine/Engine/Source/ThirdParty/ICU/icu4c-53_1/source/i18n/titletrn.h,2,2,4
/media/ullmann/HDDGabriel/engines/UnrealEngine/Engine/Source/Runtime/SlateRHIRenderer/Private/SlatePostProcessor.cpp,0,3,3
/media/ullmann/HDDGabriel/engines/UnrealEngine/Engine/Source/Runtime/SlateRHIRenderer/Private/SlatePostProcessor.h,2,0,2
/media/ullmann/HDDGabriel/engines/UnrealEngine/Engine/Source/ThirdParty/FreeType2/FreeType2-2.6/Src/raster/raster.c,0,3,3
/media/ullmann/HDDGabriel/engines/UnrealEngine/Engine/Source/ThirdParty/FreeType2/FreeType2-2.6/Src/raster/rastpic.c,1,2,3
/media/ullmann/HDDGabriel/engines/UnrealEngine/Engine/Source/ThirdParty/openexr/openexr-3.1.1/src/lib/OpenEXR/ImfHeader.h,17,6,23
/media/ullmann/HDDGabriel/engines/UnrealEngine/Engine/Source/ThirdParty/openexr/openexr-3.1.1/src/lib/OpenEXR/ImfCompression.h,4,2,6
/media/ullmann/HDDGabriel/engines/UnrealEngine/Engine/Source/ThirdParty/SDL2/SDL-gui-backend/src/video/os2/SDL_os2messagebox.c,0,3,3
/media/ullmann/HDDGabriel/engines/UnrealEngine/Engine/Source/ThirdParty/SDL2/SDL-gui-backend/src/video/os2/SDL_os2video.h,4,5,9
/media/ullmann/HDDGabriel/engines/UnrealEngine/Engine/Source/ThirdParty/FreeImage/FreeImage-3.18.0/Source/Metadata/XTIFF.cpp,0,3,3
/media/ullmann/HDDGabriel/engines/UnrealEngine/Engine/Source/ThirdParty/FreeImage/FreeImage-3.18.0/Source/LibJPEG/jconfig.h,2,0,2
/media/ullmann/HDDGabriel/engines/UnrealEngine/Engine/Source/Runtime/Media/Public/IMediaBinarySample.h,0,1,1
/media/ullmann/HDDGabriel/engines/UnrealEngine/Engine/Source/Runtime/Media/Public/IMediaTimeSource.h,5,0,5
/media/ullmann/HDDGabriel/engines/UnrealEngine/Engine/Source/ThirdParty/WebRTC/4147/Include/third_party/libvpx/source/config/linux/arm64-highbd/vp8_rtcd.h,0,1,1
/media/ullmann/HDDGabriel/engines/UnrealEngine/Engine/Source/ThirdParty/WebRTC/4147/Include/third_party/libvpx/source/config/linux/arm64-highbd/vpx_config.h,4,0,4
/media/ullmann/HDDGabriel/engines/UnrealEngine/Engine/Source/ThirdParty/FreeType2/FreeType2-2.10.4/src/gxvalid/gxvjust.c,1,2,3
/media/ullmann/HDDGabriel/engines/UnrealEngine/Engine/Source/ThirdParty/EOSSDK/SDK/Bin/Android/include/eos_mods_types.h,2,1,3
/media/ullmann/HDDGabriel/engines/UnrealEngine/Engine/Source/ThirdParty/Intel/ISPC/ispc-1.16.1/src/ctx.h,7,1,8
/media/ullmann/HDDGabriel/engines/UnrealEngine/Engine/Source/ThirdParty/PhysX3/APEX_1.4/module/clothing_legacy/include/autogen/ClothingMaterialLibraryParameters_0p14.h,1,0,1
/media/ullmann/HDDGabriel/engines/UnrealEngine/Engine/Source/ThirdParty/SDL2/SDL-gui-backend/src/video/wayland/SDL_waylandvideo.c,0,11,11
/media/ullmann/HDDGabriel/engines/UnrealEngine/Engine/Source/Runtime/SlateCore/Public/Layout/WidgetPath.h,1,0,1
/media/ullmann/HDDGabriel/engines/UnrealEngine/Engine/Source/Editor/Persona/Private/PersonaPreviewSceneDefaultController.cpp,0,2,2
/media/ullmann/HDDGabriel/engines/UnrealEngine/Engine/Source/ThirdParty/PhysX3/APEX_1.4/include/RenderBufferData.h,6,3,9
/media/ullmann/HDDGabriel/engines/UnrealEngine/Engine/Source/ThirdParty/HarfBuzz/harfbuzz-2.4.0/src/hb-subset-plan.cc,0,6,6
/media/ullmann/HDDGabriel/engines/UnrealEngine/Engine/Source/ThirdParty/Intel/Embree/Embree2140/src/common/algorithms/parallel_set.cpp,0,2,2
/media/ullmann/HDDGabriel/engines/UnrealEngine/Engine/Source/ThirdParty/Intel/Embree/Embree2140/src/common/algorithms/parallel_set.h,2,1,3
/media/ullmann/HDDGabriel/engines/UnrealEngine/Engine/Source/Editor/Documentation/Private/UDNParser.cpp,0,3,3
/media/ullmann/HDDGabriel/engines/UnrealEngine/Engine/Source/Editor/Documentation/Private/DocumentationLink.h,3,0,3
/media/ullmann/HDDGabriel/engines/UnrealEngine/Engine/Source/ThirdParty/libOpus/opus-1.0.3/silk/structs.h,4,3,7
/media/ullmann/HDDGabriel/engines/UnrealEngine/Engine/Source/ThirdParty/SDL2/SDL-gui-backend/src/joystick/SDL_gamecontroller.c,0,6,6
/media/ullmann/HDDGabriel/engines/UnrealEngine/Engine/Source/ThirdParty/ICU/icu4c-64_1/source/i18n/numparse_currency.h,3,3,6
/media/ullmann/HDDGabriel/engines/UnrealEngine/Engine/Source/ThirdParty/ICU/icu4c-64_1/source/i18n/csrucode.h,3,1,4
/media/ullmann/HDDGabriel/engines/UnrealEngine/Engine/Source/ThirdParty/PhysX3/APEX_1.4/common/include/ResourceProviderIntl.h,6,0,6
/media/ullmann/HDDGabriel/engines/UnrealEngine/Engine/Source/ThirdParty/Intel/Embree/Embree2140/src/kernels/subdiv/bilinear_patch.h,1,2,3
/media/ullmann/HDDGabriel/engines/UnrealEngine/Engine/Source/ThirdParty/FreeType2/FreeType2-2.10.4/src/base/fttrigon.c,1,0,1
/media/ullmann/HDDGabriel/engines/UnrealEngine/Engine/Source/ThirdParty/FreeImage/FreeImage-3.18.0/Source/LibJPEG/jmemmac.c,0,3,3
/media/ullmann/HDDGabriel/engines/UnrealEngine/Engine/Source/Runtime/TraceLog/Public/Trace/Detail/Field.h,1,3,4
/media/ullmann/HDDGabriel/engines/UnrealEngine/Engine/Source/ThirdParty/PhysX3/NvCloth/src/BoundingBox.h,4,1,5
/media/ullmann/HDDGabriel/engines/UnrealEngine/Engine/Source/ThirdParty/FreeType2/FreeType2-2.6/Src/base/ftutil.c,1,0,1
/media/ullmann/HDDGabriel/engines/UnrealEngine/Engine/Source/Editor/Blutility/Private/EditorUtilityTask.cpp,0,1,1
/media/ullmann/HDDGabriel/engines/UnrealEngine/Engine/Source/Editor/Blutility/Private/EditorUtilityCommon.h,3,0,3
/media/ullmann/HDDGabriel/engines/UnrealEngine/Engine/Source/Editor/Persona/Private/AnimTimeline/AnimTimeSliderController.cpp,0,2,2
/media/ullmann/HDDGabriel/engines/UnrealEngine/Engine/Source/Editor/Persona/Private/AnimTimeline/AnimTimeSliderController.h,4,1,5
/media/ullmann/HDDGabriel/engines/UnrealEngine/Engine/Source/ThirdParty/FreeType2/FreeType2-2.6/Src/otvalid/otverror.h,1,0,1
/media/ullmann/HDDGabriel/engines/UnrealEngine/Engine/Source/Programs/UnrealLightmass/Private/Launch/UnitTest.cpp,0,2,2
/media/ullmann/HDDGabriel/engines/UnrealEngine/Engine/Source/Programs/UnrealLightmass/Private/Launch/UnitTest.h,2,0,2
/media/ullmann/HDDGabriel/engines/UnrealEngine/Engine/Source/ThirdParty/ICU/icu4c-64_1/source/test/intltest/cpdtrtst.h,2,1,3
/media/ullmann/HDDGabriel/engines/UnrealEngine/Engine/Source/ThirdParty/glslang/glslang/src/glslang_lib/hlsl/hlslOpMap.cpp,0,1,1
/media/ullmann/HDDGabriel/engines/UnrealEngine/Engine/Source/ThirdParty/glslang/glslang/src/glslang_lib/hlsl/hlslOpMap.h,2,1,3
/media/ullmann/HDDGabriel/engines/UnrealEngine/Engine/Source/ThirdParty/OpenVDB/Deploy/openvdb-8.1.0/include/openvdb/points/PointDelete.h,0,4,4
/media/ullmann/HDDGabriel/engines/UnrealEngine/Engine/Source/ThirdParty/Perforce/P4Api.Net/p4bridge/p4base.cpp,0,4,4
/media/ullmann/HDDGabriel/engines/UnrealEngine/Engine/Source/ThirdParty/PhysX3/PhysX_3.4/Source/LowLevelDynamics/src/DyConstraintPartition.cpp,0,2,2
/media/ullmann/HDDGabriel/engines/UnrealEngine/Engine/Source/ThirdParty/PhysX3/PhysX_3.4/Source/LowLevelDynamics/src/DyConstraintPartition.h,2,1,3
/media/ullmann/HDDGabriel/engines/UnrealEngine/Engine/Source/ThirdParty/ICU/icu4c-53_1/source/test/intltest/lcukocol.cpp,0,2,2
/media/ullmann/HDDGabriel/engines/UnrealEngine/Engine/Source/ThirdParty/OpenSubdiv/OpenSubdiv-3.4.4/examples/glStencilViewer/init_shapes.h,1,2,3
/media/ullmann/HDDGabriel/engines/UnrealEngine/Engine/Source/ThirdParty/WebRTC/4147/Include/tools/clang/blink_gc_plugin/tests/garbage_collected_mixin.h,0,1,1
/media/ullmann/HDDGabriel/engines/UnrealEngine/Engine/Source/ThirdParty/PhysX3/PxShared/src/pvd/src/PxProfileEventBufferAtomic.h,1,5,6
/media/ullmann/HDDGabriel/engines/UnrealEngine/Engine/Source/Editor/Layers/Private/SLayersView.h,1,3,4
/media/ullmann/HDDGabriel/engines/UnrealEngine/Engine/Source/Editor/Layers/Private/LayerCollectionViewCommands.h,4,0,4
/media/ullmann/HDDGabriel/engines/UnrealEngine/Engine/Source/ThirdParty/libWebSockets/libwebsockets/include/Mac/libwebsockets.h,0,1,1
/media/ullmann/HDDGabriel/engines/UnrealEngine/Engine/Source/ThirdParty/libWebSockets/libwebsockets/include/Mac/lws_config.h,1,0,1
/media/ullmann/HDDGabriel/engines/UnrealEngine/Engine/Source/ThirdParty/openexr/Deploy/openexr-3.1.1/include/OpenEXR/ImfDeepTiledOutputFile.h,0,4,4
/media/ullmann/HDDGabriel/engines/UnrealEngine/Engine/Source/ThirdParty/ICU/icu4c-53_1/source/common/ubidiimp.h,3,3,6
/media/ullmann/HDDGabriel/engines/UnrealEngine/Engine/Source/ThirdParty/CryptoPP/5.6.5/include/cmac.h,4,2,6
/media/ullmann/HDDGabriel/engines/UnrealEngine/Engine/Source/ThirdParty/ICU/icu4c-53_1/source/io/locbund.cpp,0,2,2
/media/ullmann/HDDGabriel/engines/UnrealEngine/Engine/Source/ThirdParty/ICU/icu4c-53_1/source/io/locbund.h,6,0,6
/media/ullmann/HDDGabriel/engines/UnrealEngine/Engine/Source/Runtime/RigVM/Public/RigVMCore/RigVMExecuteContext.h,2,2,4
/media/ullmann/HDDGabriel/engines/UnrealEngine/Engine/Source/ThirdParty/SDL2/SDL-gui-backend/src/video/windows/SDL_windowsvulkan.c,0,4,4
/media/ullmann/HDDGabriel/engines/UnrealEngine/Engine/Source/Editor/Kismet/Private/BlueprintEditorModes.cpp,0,2,2
/media/ullmann/HDDGabriel/engines/UnrealEngine/Engine/Source/ThirdParty/Android/libunwind/libunwind/src/hppa/Lglobal.c,0,1,1
/media/ullmann/HDDGabriel/engines/UnrealEngine/Engine/Source/ThirdParty/Android/libunwind/libunwind/src/hppa/Gglobal.c,1,1,2
/media/ullmann/HDDGabriel/engines/UnrealEngine/Engine/Source/ThirdParty/OpenVDB/openvdb-8.1.0/openvdb/openvdb/points/AttributeArray.cc,0,1,1
/media/ullmann/HDDGabriel/engines/UnrealEngine/Engine/Source/ThirdParty/OpenVDB/openvdb-8.1.0/openvdb/openvdb/points/AttributeArray.h,7,2,9
/media/ullmann/HDDGabriel/engines/UnrealEngine/Engine/Source/Runtime/Apple/MetalRHI/Private/MetalRenderCommandEncoder.cpp,0,6,6
/media/ullmann/HDDGabriel/engines/UnrealEngine/Engine/Source/Runtime/Apple/MetalRHI/Private/MetalCommandQueue.h,9,0,9
/media/ullmann/HDDGabriel/engines/UnrealEngine/Engine/Source/ThirdParty/ICU/icu4c-64_1/source/common/unicode/ucnv_cb.h,9,0,9
/media/ullmann/HDDGabriel/engines/UnrealEngine/Engine/Source/ThirdParty/ICU/icu4c-53_1/source/common/usc_impl.c,0,3,3
/media/ullmann/HDDGabriel/engines/UnrealEngine/Engine/Source/Runtime/Experimental/Chaos/Public/RewindData.h,0,6,6
/media/ullmann/HDDGabriel/engines/UnrealEngine/Engine/Source/Runtime/Experimental/Chaos/Public/Chaos/Framework/PhysicsSolverBase.h,3,0,3
/media/ullmann/HDDGabriel/engines/UnrealEngine/Engine/Source/ThirdParty/CryptoPP/5.6.5/include/rc6.cpp,0,4,4
/media/ullmann/HDDGabriel/engines/UnrealEngine/Engine/Source/ThirdParty/Unix/LibCxx/include/c++/v1/__bsd_locale_fallbacks.h,0,2,2
/media/ullmann/HDDGabriel/engines/UnrealEngine/Engine/Source/ThirdParty/libOpus/opus-1.0.3/silk/tables.h,11,2,13
/media/ullmann/HDDGabriel/engines/UnrealEngine/Engine/Source/ThirdParty/CryptoPP/5.6.2/include/wait.cpp,0,3,3
/media/ullmann/HDDGabriel/engines/UnrealEngine/Engine/Source/ThirdParty/MCPP/mcpp-2.7.2/test-l/nest22.h,1,1,2
/media/ullmann/HDDGabriel/engines/UnrealEngine/Engine/Source/ThirdParty/MCPP/mcpp-2.7.2/test-l/nest23.h,1,1,2
/media/ullmann/HDDGabriel/engines/UnrealEngine/Engine/Source/Runtime/Core/Public/Misc/ObjectThumbnail.h,1,0,1
/media/ullmann/HDDGabriel/engines/UnrealEngine/Engine/Source/ThirdParty/PhysX3/APEX_1.4/common/include/ApexSDKHelpers.h,2,3,5
/media/ullmann/HDDGabriel/engines/UnrealEngine/Engine/Source/ThirdParty/Intel/TBB/IntelTBB-2019u8/examples/parallel_for/tachyon/src/util.cpp,0,7,7
/media/ullmann/HDDGabriel/engines/UnrealEngine/Engine/Source/Runtime/Core/Public/Internationalization/Internationalization.h,3,0,3
/media/ullmann/HDDGabriel/engines/UnrealEngine/Engine/Source/ThirdParty/PhysX3/APEX_1.4/module/clothing/include/Simulation.h,0,2,2
/media/ullmann/HDDGabriel/engines/UnrealEngine/Engine/Source/ThirdParty/PhysX3/APEX_1.4/module/clothing/include/ClothStructs.h,3,0,3
/media/ullmann/HDDGabriel/engines/UnrealEngine/Engine/Source/Developer/GameplayDebugger/Public/GameplayDebuggerExtension.h,0,1,1
/media/ullmann/HDDGabriel/engines/UnrealEngine/Engine/Source/Developer/GameplayDebugger/Public/GameplayDebuggerAddonBase.h,2,1,3
/media/ullmann/HDDGabriel/engines/UnrealEngine/Engine/Source/Runtime/Apple/MetalRHI/Private/MetalDynamicRHIModule.cpp,0,2,2
/media/ullmann/HDDGabriel/engines/UnrealEngine/Engine/Source/Developer/LogVisualizer/Private/SVisualLoggerTimelinesContainer.h,3,1,4
/media/ullmann/HDDGabriel/engines/UnrealEngine/Engine/Source/ThirdParty/Perforce/p4api-2018.1/Include/Win64/VS2015/p4/serverhelperapi.h,0,2,2
/media/ullmann/HDDGabriel/engines/UnrealEngine/Engine/Source/ThirdParty/Perforce/p4api-2018.1/Include/Win64/VS2015/p4/strtable.h,1,0,1
/media/ullmann/HDDGabriel/engines/UnrealEngine/Engine/Source/ThirdParty/Intel/ISPC/ispc-1.17.0/src/ast.cpp,0,6,6
/media/ullmann/HDDGabriel/engines/UnrealEngine/Engine/Source/ThirdParty/Intel/ISPC/ispc-1.17.0/src/func.h,5,1,6
/media/ullmann/HDDGabriel/engines/UnrealEngine/Engine/Source/ThirdParty/ICU/icu4c-64_1/source/i18n/collationkeys.cpp,0,4,4
/media/ullmann/HDDGabriel/engines/UnrealEngine/Engine/Source/Editor/DataLayerEditor/Private/DataLayer/DataLayerOutlinerIsVisibleColumn.h,2,0,2
/media/ullmann/HDDGabriel/engines/UnrealEngine/Engine/Source/ThirdParty/Android/libunwind/libunwind/src/hppa/Gis_signal_frame.c,1,1,2
/media/ullmann/HDDGabriel/engines/UnrealEngine/Engine/Source/ThirdParty/ShaderConductor/ShaderConductor/External/DirectXShaderCompiler/projects/dxilconv/lib/DxbcConverter/DxbcUtil.cpp,0,1,1
/media/ullmann/HDDGabriel/engines/UnrealEngine/Engine/Source/ThirdParty/ShaderConductor/ShaderConductor/External/DirectXShaderCompiler/projects/dxilconv/lib/DxbcConverter/DxbcUtil.h,2,0,2
/media/ullmann/HDDGabriel/engines/UnrealEngine/Engine/Source/ThirdParty/ICU/icu4c-53_1/source/common/cpputils.h,2,3,5
/media/ullmann/HDDGabriel/engines/UnrealEngine/Engine/Source/ThirdParty/Intel/ISPC/ispc-1.17.0/examples/cpu/stencil/stencil.cpp,0,1,1
/media/ullmann/HDDGabriel/engines/UnrealEngine/Engine/Source/ThirdParty/FreeType2/FreeType2-2.10.4/src/gzip/adler32.c,1,1,2
/media/ullmann/HDDGabriel/engines/UnrealEngine/Engine/Source/ThirdParty/EOSSDK/SDK/Bin/Android/include/eos_progressionsnapshot_types.h,2,1,3
/media/ullmann/HDDGabriel/engines/UnrealEngine/Engine/Source/ThirdParty/libOpus/opus-1.1/celt/laplace.c,0,2,2
/media/ullmann/HDDGabriel/engines/UnrealEngine/Engine/Source/ThirdParty/ICU/icu4c-64_1/source/test/intltest/restest.cpp,0,1,1
/media/ullmann/HDDGabriel/engines/UnrealEngine/Engine/Source/ThirdParty/OpenSubdiv/OpenSubdiv-3.4.4/examples/common/viewerArgsUtils.h,7,0,7
/media/ullmann/HDDGabriel/engines/UnrealEngine/Engine/Source/ThirdParty/ICU/icu4c-64_1/source/common/servslkf.cpp,0,9,9
/media/ullmann/HDDGabriel/engines/UnrealEngine/Engine/Source/ThirdParty/SDL2/SDL-gui-backend/src/render/SDL_yuv_sw_c.h,2,1,3
/media/ullmann/HDDGabriel/engines/UnrealEngine/Engine/Source/Editor/Sequencer/Public/SequencerChannelTraits.h,1,5,6
/media/ullmann/HDDGabriel/engines/UnrealEngine/Engine/Source/Editor/Sequencer/Public/KeyDrawParams.h,1,0,1
/media/ullmann/HDDGabriel/engines/UnrealEngine/Engine/Source/ThirdParty/Intel/TBB/IntelTBB-2019u8/src/test/test_opencl_node.cpp,0,3,3
/media/ullmann/HDDGabriel/engines/UnrealEngine/Engine/Source/Runtime/Engine/Public/AnimInterpFilter.h,3,0,3
/media/ullmann/HDDGabriel/engines/UnrealEngine/Engine/Source/Editor/DetailCustomizations/Private/DeviceProfileDetails.h,2,0,2
/media/ullmann/HDDGabriel/engines/UnrealEngine/Engine/Source/ThirdParty/WindowsMixedRealityInterop/MixedRealityInterop/HandMeshObserver.cpp,0,3,3
/media/ullmann/HDDGabriel/engines/UnrealEngine/Engine/Source/ThirdParty/FreeImage/FreeImage-3.18.0/Source/LibPNG/png.h,4,2,6
/media/ullmann/HDDGabriel/engines/UnrealEngine/Engine/Source/ThirdParty/SDL2/SDL-gui-backend/include/SDL_test_compare.h,1,4,5
/media/ullmann/HDDGabriel/engines/UnrealEngine/Engine/Source/ThirdParty/FreeImage/FreeImage-3.18.0/Source/OpenEXR/IlmImf/ImfDeepScanLineInputPart.h,3,5,8
/media/ullmann/HDDGabriel/engines/UnrealEngine/Engine/Source/ThirdParty/ShaderConductor/ShaderConductor/External/DirectXShaderCompiler/tools/clang/lib/CodeGen/CGHLSLMS.cpp,0,5,5
/media/ullmann/HDDGabriel/engines/UnrealEngine/Engine/Source/ThirdParty/ShaderConductor/ShaderConductor/External/DirectXShaderCompiler/tools/clang/lib/CodeGen/CGRecordLayout.h,10,0,10
/media/ullmann/HDDGabriel/engines/UnrealEngine/Engine/Source/Developer/AutomationDriver/Private/DriverElement.cpp,0,3,3
/media/ullmann/HDDGabriel/engines/UnrealEngine/Engine/Source/Developer/AutomationDriver/Private/IApplicationElement.h,6,0,6
/media/ullmann/HDDGabriel/engines/UnrealEngine/Engine/Source/ThirdParty/Intel/Embree/Embree270/src/kernels/common/rtcore_ispc.cpp,0,2,2
/media/ullmann/HDDGabriel/engines/UnrealEngine/Engine/Source/ThirdParty/ICU/icu4c-64_1/source/i18n/number_formatimpl.cpp,0,8,8
/media/ullmann/HDDGabriel/engines/UnrealEngine/Engine/Source/ThirdParty/PhysX3/APEX_1.4/framework/include/ApexRenderSubmesh.h,1,1,2
/media/ullmann/HDDGabriel/engines/UnrealEngine/Engine/Source/ThirdParty/openexr/openexr-3.1.1/src/bin/exrenvmap/makeCubeMap.h,3,2,5
/media/ullmann/HDDGabriel/engines/UnrealEngine/Engine/Source/ThirdParty/ShaderConductor/ShaderConductor/External/DirectXShaderCompiler/tools/clang/lib/StaticAnalyzer/Checkers/DebugCheckers.cpp,0,1,1
/media/ullmann/HDDGabriel/engines/UnrealEngine/Engine/Source/ThirdParty/Alembic/alembic-1.8.2/maya/AbcExport/AbcWriteJob.cpp,0,1,1
/media/ullmann/HDDGabriel/engines/UnrealEngine/Engine/Source/Runtime/AssetRegistry/Public/AssetRegistryHelpers.h,0,1,1
/media/ullmann/HDDGabriel/engines/UnrealEngine/Engine/Source/Runtime/AssetRegistry/Public/AssetRegistry/AssetRegistryHelpers.h,1,0,1
/media/ullmann/HDDGabriel/engines/UnrealEngine/Engine/Source/ThirdParty/WebRTC/4147/Include/third_party/libvpx/source/config/linux/arm/vpx_dsp_rtcd.h,0,1,1
/media/ullmann/HDDGabriel/engines/UnrealEngine/Engine/Source/ThirdParty/Vorbis/libvorbis-1.3.2/lib/modes/setup_11.h,1,1,2
/media/ullmann/HDDGabriel/engines/UnrealEngine/Engine/Source/Developer/FunctionalTesting/Classes/FunctionalTestingManager.h,0,1,1
/media/ullmann/HDDGabriel/engines/UnrealEngine/Engine/Source/Developer/FunctionalTesting/Classes/FunctionalTest.h,3,0,3
/media/ullmann/HDDGabriel/engines/UnrealEngine/Engine/Source/ThirdParty/Intel/Embree/Embree2140/src/kernels/bvh/bvh_builder_subdiv.cpp,0,10,10
/media/ullmann/HDDGabriel/engines/UnrealEngine/Engine/Source/ThirdParty/libOpus/opus-1.0.3/celt/vq.h,3,3,6
/media/ullmann/HDDGabriel/engines/UnrealEngine/Engine/Source/ThirdParty/libOpus/opus-1.0.3/celt/entdec.h,8,1,9
/media/ullmann/HDDGabriel/engines/UnrealEngine/Engine/Source/ThirdParty/CryptoPP/5.6.2/include/cryptlib.h,32,2,34
/media/ullmann/HDDGabriel/engines/UnrealEngine/Engine/Source/ThirdParty/CryptoPP/5.6.2/include/stdcpp.h,1,0,1
/media/ullmann/HDDGabriel/engines/UnrealEngine/Engine/Source/ThirdParty/Android/libunwind/libunwind/src/ia64/Lfind_unwind_table.c,0,1,1
/media/ullmann/HDDGabriel/engines/UnrealEngine/Engine/Source/ThirdParty/Android/libunwind/libunwind/src/ia64/Gfind_unwind_table.c,1,0,1
/media/ullmann/HDDGabriel/engines/UnrealEngine/Engine/Source/ThirdParty/ICU/icu4c-53_1/source/samples/layout/rsurface.cpp,0,2,2
/media/ullmann/HDDGabriel/engines/UnrealEngine/Engine/Source/ThirdParty/ICU/icu4c-53_1/source/samples/layout/RenderingSurface.h,5,0,5
/media/ullmann/HDDGabriel/engines/UnrealEngine/Engine/Source/ThirdParty/FreeType2/FreeType2-2.4.12/src/cache/ftcglyph.c,1,3,4
/media/ullmann/HDDGabriel/engines/UnrealEngine/Engine/Source/ThirdParty/Android/libunwind/libunwind/src/x86/Gglobal.c,1,1,2
/media/ullmann/HDDGabriel/engines/UnrealEngine/Engine/Source/ThirdParty/Python3/Linux/include/python3.9/internal/pycore_ceval.h,0,1,1
/media/ullmann/HDDGabriel/engines/UnrealEngine/Engine/Source/ThirdParty/openexr/Deploy/openexr-3.1.1/include/OpenEXR/Iex.h,0,4,4
/media/ullmann/HDDGabriel/engines/UnrealEngine/Engine/Source/ThirdParty/openexr/Deploy/openexr-3.1.1/include/OpenEXR/IexMathExc.h,2,1,3
/media/ullmann/HDDGabriel/engines/UnrealEngine/Engine/Source/ThirdParty/AMD/Amf/core/Data.h,4,1,5
/media/ullmann/HDDGabriel/engines/UnrealEngine/Engine/Source/ThirdParty/AMD/Amf/core/PropertyStorage.h,3,1,4
/media/ullmann/HDDGabriel/engines/UnrealEngine/Engine/Source/Editor/AudioEditor/Private/AssetTypeActions/AssetTypeActions_SoundEffectPreset.cpp,0,3,3
/media/ullmann/HDDGabriel/engines/UnrealEngine/Engine/Source/Developer/AssetTools/Public/AssetToolsModule.h,9,1,10
/media/ullmann/HDDGabriel/engines/UnrealEngine/Engine/Source/ThirdParty/ICU/icu4c-53_1/source/test/letest/PortableFontInstance.h,4,3,7
/media/ullmann/HDDGabriel/engines/UnrealEngine/Engine/Source/ThirdParty/ICU/icu4c-53_1/source/test/letest/cmaps.h,2,1,3
/media/ullmann/HDDGabriel/engines/UnrealEngine/Engine/Source/Developer/Profiler/Private/ProfilerCommands.cpp,0,4,4
/media/ullmann/HDDGabriel/engines/UnrealEngine/Engine/Source/Developer/Profiler/Private/Widgets/SMultiDumpBrowser.h,1,0,1
/media/ullmann/HDDGabriel/engines/UnrealEngine/Engine/Source/ThirdParty/FreeImage/FreeImage-3.18.0/Source/OpenEXR/IlmImf/ImfMisc.h,19,6,25
/media/ullmann/HDDGabriel/engines/UnrealEngine/Engine/Source/ThirdParty/nvTextureTools/nvTextureTools-2.0.6/src/src/nvtt/squish/simd.h,4,3,7
/media/ullmann/HDDGabriel/engines/UnrealEngine/Engine/Source/ThirdParty/nvTextureTools/nvTextureTools-2.0.6/src/src/nvtt/squish/simd_sse.h,1,0,1
/media/ullmann/HDDGabriel/engines/UnrealEngine/Engine/Source/ThirdParty/hlslcc/hlslcc/src/hlslcc_lib/ir_hierarchical_visitor.h,7,0,7
/media/ullmann/HDDGabriel/engines/UnrealEngine/Engine/Source/ThirdParty/FreeImage/FreeImage-3.18.0/Source/LibJPEG/jdmarker.c,0,2,2
/media/ullmann/HDDGabriel/engines/UnrealEngine/Engine/Source/ThirdParty/ICU/icu4c-64_1/source/i18n/unicode/choicfmt.h,3,0,3
/media/ullmann/HDDGabriel/engines/UnrealEngine/Engine/Source/ThirdParty/Imath/Imath-3.1.3/src/Imath/ImathEuler.h,1,6,7
/media/ullmann/HDDGabriel/engines/UnrealEngine/Engine/Source/ThirdParty/ICU/icu4c-64_1/source/common/dictionarydata.h,3,6,9
/media/ullmann/HDDGabriel/engines/UnrealEngine/Engine/Source/ThirdParty/VHACD/inc/vhacdManifoldMesh.h,1,3,4
/media/ullmann/HDDGabriel/engines/UnrealEngine/Engine/Source/ThirdParty/VHACD/inc/vhacdSArray.h,2,0,2
/media/ullmann/HDDGabriel/engines/UnrealEngine/Engine/Source/Editor/TranslationEditor/Private/TranslationPickerFloatingWindow.h,2,0,2
/media/ullmann/HDDGabriel/engines/UnrealEngine/Engine/Source/ThirdParty/ICU/icu4c-53_1/source/common/uprops.cpp,0,13,13
/media/ullmann/HDDGabriel/engines/UnrealEngine/Engine/Source/ThirdParty/HarfBuzz/harfbuzz-2.4.0/src/hb-version.h,1,1,2
/media/ullmann/HDDGabriel/engines/UnrealEngine/Engine/Source/ThirdParty/HarfBuzz/harfbuzz-2.4.0/src/hb-common.h,12,0,12
/media/ullmann/HDDGabriel/engines/UnrealEngine/Engine/Source/ThirdParty/ShaderConductor/ShaderConductor/External/DirectXShaderCompiler/tools/clang/lib/Headers/avx512vlintrin.h,1,0,1
/media/ullmann/HDDGabriel/engines/UnrealEngine/Engine/Source/ThirdParty/openexr/openexr-3.1.1/src/lib/OpenEXR/ImfCompositeDeepScanLine.cpp,0,8,8
/media/ullmann/HDDGabriel/engines/UnrealEngine/Engine/Source/ThirdParty/openexr/openexr-3.1.1/src/lib/OpenEXR/ImfDeepScanLineInputPart.h,3,1,4
/media/ullmann/HDDGabriel/engines/UnrealEngine/Engine/Source/ThirdParty/ICU/icu4c-64_1/source/i18n/number_fluent.cpp,0,8,8
/media/ullmann/HDDGabriel/engines/UnrealEngine/Engine/Source/ThirdParty/FreeType2/FreeType2-2.4.12/src/type1/t1parse.c,1,2,3
/media/ullmann/HDDGabriel/engines/UnrealEngine/Engine/Source/ThirdParty/hlslcc/hlslcc/src/hlslcc_lib/hash_table.cpp,0,5,5
/media/ullmann/HDDGabriel/engines/UnrealEngine/Engine/Source/ThirdParty/hlslcc/hlslcc/src/hlslcc_lib/hash_table.h,18,0,18
/media/ullmann/HDDGabriel/engines/UnrealEngine/Engine/Source/ThirdParty/ICU/icu4c-64_1/source/i18n/collationweights.cpp,0,2,2
/media/ullmann/HDDGabriel/engines/UnrealEngine/Engine/Source/ThirdParty/WebRTC/4147/Include/third_party/libvpx/source/libvpx/vpx_ports/mem_ops.h,0,1,1
/media/ullmann/HDDGabriel/engines/UnrealEngine/Engine/Source/ThirdParty/WebRTC/4147/Include/third_party/libvpx/source/libvpx/vpx_ports/mem_ops_aligned.h,1,0,1
/media/ullmann/HDDGabriel/engines/UnrealEngine/Engine/Source/ThirdParty/PhysX3/PxShared/src/pvd/src/PxProfileMemoryEventParser.h,2,2,4
/media/ullmann/HDDGabriel/engines/UnrealEngine/Engine/Source/ThirdParty/Boost/boost-1_70_0/include/boost/phoenix/stl/algorithm/detail/has_unique.hpp,0,1,1
/media/ullmann/HDDGabriel/engines/UnrealEngine/Engine/Source/Runtime/RenderCore/Public/ClearQuad.h,0,2,2
/media/ullmann/HDDGabriel/engines/UnrealEngine/Engine/Source/ThirdParty/ICU/icu4c-53_1/source/i18n/csmatch.h,8,0,8
/media/ullmann/HDDGabriel/engines/UnrealEngine/Engine/Source/ThirdParty/ICU/icu4c-64_1/source/test/intltest/numbertest_stringsegment.cpp,0,1,1
/media/ullmann/HDDGabriel/engines/UnrealEngine/Engine/Source/ThirdParty/FreeImage/FreeImage-3.18.0/Source/FreeImage/PluginWebP.cpp,0,4,4
/media/ullmann/HDDGabriel/engines/UnrealEngine/Engine/Source/ThirdParty/FreeImage/FreeImage-3.18.0/Source/LibWebP/src/webp/mux.h,1,1,2
/media/ullmann/HDDGabriel/engines/UnrealEngine/Engine/Source/ThirdParty/MCPP/mcpp-2.7.2/test-t/ifdef15.h,0,1,1
/media/ullmann/HDDGabriel/engines/UnrealEngine/Engine/Source/ThirdParty/MCPP/mcpp-2.7.2/test-t/ifdef31.h,1,1,2
/media/ullmann/HDDGabriel/engines/UnrealEngine/Engine/Source/Editor/UnrealEd/Classes/Factories/SceneImportFactory.h,1,1,2
/media/ullmann/HDDGabriel/engines/UnrealEngine/Engine/Source/Editor/UnrealEd/Classes/Factories/Factory.h,1,0,1
/media/ullmann/HDDGabriel/engines/UnrealEngine/Engine/Source/Developer/TraceInsights/Private/Insights/Widgets/STimingProfilerToolbar.cpp,0,1,1
/media/ullmann/HDDGabriel/engines/UnrealEngine/Engine/Source/Developer/TraceInsights/Private/Insights/Widgets/STimingProfilerToolbar.h,1,0,1
/media/ullmann/HDDGabriel/engines/UnrealEngine/Engine/Source/ThirdParty/HarfBuzz/harfbuzz-2.4.0/src/test-size-params.cc,0,3,3
/media/ullmann/HDDGabriel/engines/UnrealEngine/Engine/Source/Runtime/Apple/AGXRHI/Private/AGXCommandEncoder.h,5,2,7
/media/ullmann/HDDGabriel/engines/UnrealEngine/Engine/Source/Runtime/RenderCore/Public/RenderGraphResources.h,6,4,10
/media/ullmann/HDDGabriel/engines/UnrealEngine/Engine/Source/Runtime/RenderCore/Public/RenderGraphResources.inl,1,0,1
/media/ullmann/HDDGabriel/engines/UnrealEngine/Engine/Source/ThirdParty/ICU/icu4c-64_1/source/test/intltest/nmfmtrt.cpp,0,1,1
/media/ullmann/HDDGabriel/engines/UnrealEngine/Engine/Source/ThirdParty/ICU/icu4c-64_1/source/test/intltest/nmfmtrt.h,2,1,3
/media/ullmann/HDDGabriel/engines/UnrealEngine/Engine/Source/ThirdParty/libWebSockets/libwebsockets/include/Win64/VS2015/libwebsockets.h,0,1,1
/media/ullmann/HDDGabriel/engines/UnrealEngine/Engine/Source/ThirdParty/libWebSockets/libwebsockets/include/Win64/VS2015/lws_config.h,1,0,1
/media/ullmann/HDDGabriel/engines/UnrealEngine/Engine/Source/ThirdParty/ShaderConductor/ShaderConductor/External/DirectXShaderCompiler/lib/Transforms/InstCombine/InstCombineShifts.cpp,0,1,1
/media/ullmann/HDDGabriel/engines/UnrealEngine/Engine/Source/ThirdParty/coremod/coremod-4.2.6/src/player.h,4,2,6
/media/ullmann/HDDGabriel/engines/UnrealEngine/Engine/Source/ThirdParty/MCPP/mcpp-2.7.2/cpp-test/test-l/nest125.h,1,1,2
/media/ullmann/HDDGabriel/engines/UnrealEngine/Engine/Source/ThirdParty/MCPP/mcpp-2.7.2/cpp-test/test-l/nest126.h,1,1,2
/media/ullmann/HDDGabriel/engines/UnrealEngine/Engine/Source/ThirdParty/WebRTC/4147/Include/third_party/libvpx/source/libvpx/vp9/decoder/vp9_decoder.h,0,1,1
/media/ullmann/HDDGabriel/engines/UnrealEngine/Engine/Source/ThirdParty/WebRTC/4147/Include/third_party/libvpx/source/libvpx/vp9/decoder/vp9_job_queue.h,1,0,1
/media/ullmann/HDDGabriel/engines/UnrealEngine/Engine/Source/ThirdParty/FreeType2/FreeType2-2.10.0/src/autofit/afmodule.h,4,0,4
/media/ullmann/HDDGabriel/engines/UnrealEngine/Engine/Source/Editor/StaticMeshEditor/Private/SStaticMeshEditorViewportToolBar.cpp,0,6,6
/media/ullmann/HDDGabriel/engines/UnrealEngine/Engine/Source/Editor/StaticMeshEditor/Private/SStaticMeshEditorViewportToolBar.h,2,1,3
/media/ullmann/HDDGabriel/engines/UnrealEngine/Engine/Source/ThirdParty/PhysX3/PhysX_3.4/Include/PxActor.h,2,3,5
/media/ullmann/HDDGabriel/engines/UnrealEngine/Engine/Source/ThirdParty/PhysX3/APEX_1.4/shared/general/stan_hull/include/StanHull.h,1,1,2
/media/ullmann/HDDGabriel/engines/UnrealEngine/Engine/Source/ThirdParty/PhysX3/APEX_1.4/shared/general/stan_hull/include/StanHullConfig.h,1,0,1
/media/ullmann/HDDGabriel/engines/UnrealEngine/Engine/Source/ThirdParty/ICU/icu4c-64_1/source/common/rbbistbl.cpp,0,9,9
/media/ullmann/HDDGabriel/engines/UnrealEngine/Engine/Source/ThirdParty/ShaderConductor/ShaderConductor/External/DirectXShaderCompiler/tools/lli/RPCChannel.h,2,0,2
/media/ullmann/HDDGabriel/engines/UnrealEngine/Engine/Source/ThirdParty/coremod/coremod-4.2.6/src/load.c,0,3,3
/media/ullmann/HDDGabriel/engines/UnrealEngine/Engine/Source/ThirdParty/coremod/coremod-4.2.6/src/hio.h,4,0,4
/media/ullmann/HDDGabriel/engines/UnrealEngine/Engine/Source/ThirdParty/libPNG/libPNG-1.5.27/contrib/gregbook/rpng2-win.c,0,1,1
/media/ullmann/HDDGabriel/engines/UnrealEngine/Engine/Source/ThirdParty/libOpus/opus-1.0.3/silk/fixed/find_pred_coefs_FIX.c,0,1,1
/media/ullmann/HDDGabriel/engines/UnrealEngine/Engine/Source/ThirdParty/Intel/Embree/Embree270/src/kernels/xeon/bvh4/bvh4_intersector8_chunk.cpp,0,14,14
/media/ullmann/HDDGabriel/engines/UnrealEngine/Engine/Source/ThirdParty/PhysX3/APEX_1.4/module/clothing/embedded/LowLevelCloth/src/SwCollision.cpp,0,7,7
/media/ullmann/HDDGabriel/engines/UnrealEngine/Engine/Source/ThirdParty/Imath/Imath-3.1.3/src/ImathTest/testExtractSHRT.h,2,0,2
/media/ullmann/HDDGabriel/engines/UnrealEngine/Engine/Source/ThirdParty/ShaderConductor/ShaderConductor/External/DirectXShaderCompiler/tools/clang/lib/StaticAnalyzer/Checkers/DirectIvarAssignment.cpp,0,1,1
/media/ullmann/HDDGabriel/engines/UnrealEngine/Engine/Source/ThirdParty/FreeType2/FreeType2-2.10.0/src/gxvalid/gxvmorx1.c,1,1,2
/media/ullmann/HDDGabriel/engines/UnrealEngine/Engine/Source/ThirdParty/hlslcc/hlslcc/src/hlslcc_lib/ast.h,9,2,11
/media/ullmann/HDDGabriel/engines/UnrealEngine/Engine/Source/ThirdParty/Intel/Embree/Embree2140/src/kernels/common/state.h,4,1,5
/media/ullmann/HDDGabriel/engines/UnrealEngine/Engine/Source/ThirdParty/Intel/MetricsDiscovery/MetricsDiscoveryHelper/samples/range_sample_dx11/imgui/examples/opengl2_example/imgui_impl_glfw_gl2.cpp,0,1,1
/media/ullmann/HDDGabriel/engines/UnrealEngine/Engine/Source/ThirdParty/PhysX3/PhysX_3.4/Source/PhysXExtensions/src/ExtPrismaticJoint.cpp,0,2,2
/media/ullmann/HDDGabriel/engines/UnrealEngine/Engine/Source/Runtime/Experimental/Chaos/Public/Chaos/JointProperties.inl,1,0,1
/media/ullmann/HDDGabriel/engines/UnrealEngine/Engine/Source/ThirdParty/ICU/icu4c-64_1/source/test/cintltst/cjaptst.h,1,1,2
/media/ullmann/HDDGabriel/engines/UnrealEngine/Engine/Source/Editor/UnrealEd/Public/PackageHelperFunctions.h,0,1,1
/media/ullmann/HDDGabriel/engines/UnrealEngine/Engine/Source/ThirdParty/PhysX3/NvCloth/src/SwSelfCollision.h,2,2,4
/media/ullmann/HDDGabriel/engines/UnrealEngine/Engine/Source/ThirdParty/Imath/Imath-3.1.3/src/python/PyImath/PyImathFixedArray.cpp,0,2,2
/media/ullmann/HDDGabriel/engines/UnrealEngine/Engine/Source/ThirdParty/ICU/icu4c-64_1/source/common/unorm.cpp,0,10,10
/media/ullmann/HDDGabriel/engines/UnrealEngine/Engine/Source/ThirdParty/OpenVDB/openvdb-8.1.0/openvdb/openvdb/tree/Tree.h,2,5,7
/media/ullmann/HDDGabriel/engines/UnrealEngine/Engine/Source/ThirdParty/OpenVDB/openvdb-8.1.0/openvdb/openvdb/tree/ValueAccessor.h,1,0,1
/media/ullmann/HDDGabriel/engines/UnrealEngine/Engine/Source/ThirdParty/FreeType2/FreeType2-2.4.12/src/gxvalid/gxvprop.c,1,2,3
/media/ullmann/HDDGabriel/engines/UnrealEngine/Engine/Source/ThirdParty/FreeType2/FreeType2-2.4.12/src/gxvalid/gxvcommn.h,13,1,14
/media/ullmann/HDDGabriel/engines/UnrealEngine/Engine/Source/Editor/Sequencer/Private/SequencerMeshTrail.cpp,0,2,2
/media/ullmann/HDDGabriel/engines/UnrealEngine/Engine/Source/Runtime/Experimental/Chaos/Public/Chaos/Framework/MultiBufferResource.h,4,0,4
/media/ullmann/HDDGabriel/engines/UnrealEngine/Engine/Source/Editor/UMGEditor/Private/Animation/MovieSceneSequenceEditor_WidgetAnimation.h,1,0,1
/media/ullmann/HDDGabriel/engines/UnrealEngine/Engine/Source/ThirdParty/CryptoPP/5.6.2/include/luc.cpp,0,6,6
/media/ullmann/HDDGabriel/engines/UnrealEngine/Engine/Source/ThirdParty/PhysX3/PhysX_3.4/Source/GeomUtils/src/sweep/GuSweepCapsuleBox.cpp,0,2,2
/media/ullmann/HDDGabriel/engines/UnrealEngine/Engine/Source/ThirdParty/PhysX3/PhysX_3.4/Source/GeomUtils/src/sweep/GuSweepCapsuleBox.h,1,0,1
/media/ullmann/HDDGabriel/engines/UnrealEngine/Engine/Source/Developer/TaskGraph/Public/SGraphBar.h,0,1,1
/media/ullmann/HDDGabriel/engines/UnrealEngine/Engine/Source/Developer/TaskGraph/Public/VisualizerEvents.h,4,0,4
/media/ullmann/HDDGabriel/engines/UnrealEngine/Engine/Source/ThirdParty/FreeType2/FreeType2-2.10.4/src/otvalid/otvgdef.c,1,2,3
/media/ullmann/HDDGabriel/engines/UnrealEngine/Engine/Source/Editor/SubobjectDataInterface/Public/SubobjectDataSubsystem.h,0,2,2
/media/ullmann/HDDGabriel/engines/UnrealEngine/Engine/Source/ThirdParty/FreeType2/FreeType2-2.4.12/src/cff/cf2intrp.h,2,2,4
/media/ullmann/HDDGabriel/engines/UnrealEngine/Engine/Source/Runtime/Core/Public/Misc/SlowTask.h,2,0,2
/media/ullmann/HDDGabriel/engines/UnrealEngine/Engine/Source/ThirdParty/Breakpad/src/third_party/curl/curl.h,2,3,5
/media/ullmann/HDDGabriel/engines/UnrealEngine/Engine/Source/ThirdParty/Breakpad/src/third_party/curl/multi.h,1,1,2
/media/ullmann/HDDGabriel/engines/UnrealEngine/Engine/Source/ThirdParty/PhysX3/NvCloth/samples/SampleBase/core/Application.h,2,1,3
/media/ullmann/HDDGabriel/engines/UnrealEngine/Engine/Source/ThirdParty/PhysX3/NvCloth/samples/SampleBase/core/DeviceManager.h,2,0,2
/media/ullmann/HDDGabriel/engines/UnrealEngine/Engine/Source/Developer/SourceControl/Public/SourceControlOperations.h,0,3,3
/media/ullmann/HDDGabriel/engines/UnrealEngine/Engine/Source/Developer/SourceControl/Public/SourceControlOperationBase.h,1,1,2
/media/ullmann/HDDGabriel/engines/UnrealEngine/Engine/Source/ThirdParty/FreeImage/FreeImage-3.18.0/Source/OpenEXR/Half/half.cpp,0,1,1
/media/ullmann/HDDGabriel/engines/UnrealEngine/Engine/Source/ThirdParty/libcurl/include/Android/x64/curl/easy.h,1,0,1
/media/ullmann/HDDGabriel/engines/UnrealEngine/Engine/Source/ThirdParty/Expat/expat-2.2.10/tests/chardata.c,0,2,2
/media/ullmann/HDDGabriel/engines/UnrealEngine/Engine/Source/ThirdParty/Expat/expat-2.2.10/tests/chardata.h,2,0,2
/media/ullmann/HDDGabriel/engines/UnrealEngine/Engine/Source/ThirdParty/Intel/Embree/Embree270/src/kernels/xeonphi/bvh4i/bvh4i_builder_morton_64bit.cpp,0,3,3
/media/ullmann/HDDGabriel/engines/UnrealEngine/Engine/Source/ThirdParty/Intel/Embree/Embree270/src/kernels/xeonphi/bvh4i/bvh4i_builder_morton.h,3,4,7
/media/ullmann/HDDGabriel/engines/UnrealEngine/Engine/Source/ThirdParty/hlslcc/hlslcc/src/hlslcc_lib/PackUniformBuffers.h,2,0,2
/media/ullmann/HDDGabriel/engines/UnrealEngine/Engine/Source/ThirdParty/Boost/boost-1_70_0/include/boost/outcome/basic_outcome.hpp,2,5,7
/media/ullmann/HDDGabriel/engines/UnrealEngine/Engine/Source/ThirdParty/Boost/boost-1_70_0/include/boost/outcome/detail/basic_outcome_exception_observers.hpp,2,1,3
/media/ullmann/HDDGabriel/engines/UnrealEngine/Engine/Source/Runtime/Renderer/Private/Lumen/LumenScreenProbeGather.cpp,0,1,1
/media/ullmann/HDDGabriel/engines/UnrealEngine/Engine/Source/ThirdParty/libOpus/opus-1.0.3/celt/kiss_fft.c,0,5,5
/media/ullmann/HDDGabriel/engines/UnrealEngine/Engine/Source/ThirdParty/PhysX3/PhysX_3.4/Source/LowLevelDynamics/src/DyContactPrep.cpp,0,9,9
/media/ullmann/HDDGabriel/engines/UnrealEngine/Engine/Source/ThirdParty/FreeType2/FreeType2-2.10.4/src/psaux/psarrst.h,2,1,3
/media/ullmann/HDDGabriel/engines/UnrealEngine/Engine/Source/Editor/DetailCustomizations/Private/WorldSettingsDetails.cpp,0,1,1
/media/ullmann/HDDGabriel/engines/UnrealEngine/Engine/Source/Editor/DetailCustomizations/Private/WorldSettingsDetails.h,2,0,2
/media/ullmann/HDDGabriel/engines/UnrealEngine/Engine/Source/ThirdParty/OpenVDB/Deploy/openvdb-8.1.0/include/openvdb/math/Mat.h,2,1,3
/media/ullmann/HDDGabriel/engines/UnrealEngine/Engine/Source/ThirdParty/OpenVDB/Deploy/openvdb-8.1.0/include/openvdb/math/Math.h,16,0,16
/media/ullmann/HDDGabriel/engines/UnrealEngine/Engine/Source/ThirdParty/Intel/Embree/Embree2140/src/kernels/subdiv/subdivpatch1base.h,3,10,13
/media/ullmann/HDDGabriel/engines/UnrealEngine/Engine/Source/ThirdParty/Intel/Embree/Embree2140/src/kernels/common/scene_subdiv_mesh.h,6,8,14
/media/ullmann/HDDGabriel/engines/UnrealEngine/Engine/Source/ThirdParty/Imath/Imath-3.1.3/src/Imath/ImathSphere.h,1,5,6
/media/ullmann/HDDGabriel/engines/UnrealEngine/Engine/Source/ThirdParty/Imath/Imath-3.1.3/src/Imath/ImathLine.h,4,3,7
/media/ullmann/HDDGabriel/engines/UnrealEngine/Engine/Source/Runtime/Core/Public/CoreGlobals.h,3,8,11
/media/ullmann/HDDGabriel/engines/UnrealEngine/Engine/Source/Runtime/Core/Public/UObject/NameTypes.h,4,0,4
/media/ullmann/HDDGabriel/engines/UnrealEngine/Engine/Source/ThirdParty/ICU/icu4c-64_1/source/test/cintltst/nccbtst.h,1,1,2
/media/ullmann/HDDGabriel/engines/UnrealEngine/Engine/Source/ThirdParty/FreeType2/FreeType2-2.6/Src/bdf/bdfdrivr.h,1,1,2
/media/ullmann/HDDGabriel/engines/UnrealEngine/Engine/Source/ThirdParty/ICU/icu4c-53_1/source/layout/IndicRearrangementProcessor.h,2,5,7
/media/ullmann/HDDGabriel/engines/UnrealEngine/Engine/Source/ThirdParty/ICU/icu4c-53_1/source/layout/IndicRearrangement.h,2,5,7
/media/ullmann/HDDGabriel/engines/UnrealEngine/Engine/Source/ThirdParty/ICU/icu4c-64_1/source/common/umutex.cpp,0,4,4
/media/ullmann/HDDGabriel/engines/UnrealEngine/Engine/Source/Editor/DerivedDataEditor/Private/DerivedDataEditorModule.cpp,0,6,6
/media/ullmann/HDDGabriel/engines/UnrealEngine/Engine/Source/Editor/DerivedDataEditor/Private/DerivedDataCacheNotifications.h,2,0,2
/media/ullmann/HDDGabriel/engines/UnrealEngine/Engine/Source/ThirdParty/ShaderConductor/ShaderConductor/External/DirectXShaderCompiler/tools/clang/lib/SPIRV/GlPerVertex.h,2,0,2
/media/ullmann/HDDGabriel/engines/UnrealEngine/Engine/Source/ThirdParty/PhysX3/APEX_1.4/shared/general/HACD/include/dgPolygonSoupDatabase.h,1,3,4
/media/ullmann/HDDGabriel/engines/UnrealEngine/Engine/Source/ThirdParty/FreeType2/FreeType2-2.6/Src/cff/cffcmap.c,1,3,4
/media/ullmann/HDDGabriel/engines/UnrealEngine/Engine/Source/ThirdParty/FreeType2/FreeType2-2.6/Src/cff/cfferrs.h,7,0,7
/media/ullmann/HDDGabriel/engines/UnrealEngine/Engine/Source/Runtime/Apple/MetalRHI/Private/MetalBlitCommandEncoder.cpp,0,4,4
/media/ullmann/HDDGabriel/engines/UnrealEngine/Engine/Source/Runtime/Apple/MetalRHI/Private/MetalFence.h,7,0,7
/media/ullmann/HDDGabriel/engines/UnrealEngine/Engine/Source/ThirdParty/Imath/Deploy/Imath-3.1.3/include/Imath/ImathMatrixAlgo.h,0,6,6
/media/ullmann/HDDGabriel/engines/UnrealEngine/Engine/Source/ThirdParty/Imath/Deploy/Imath-3.1.3/include/Imath/ImathQuat.h,2,3,5
/media/ullmann/HDDGabriel/engines/UnrealEngine/Engine/Source/ThirdParty/PhysX3/PhysX_3.4/Include/geometry/PxTriangleMeshGeometry.h,2,0,2
/media/ullmann/HDDGabriel/engines/UnrealEngine/Engine/Source/Editor/BlueprintGraph/Classes/K2Node_BitmaskLiteral.h,0,2,2
/media/ullmann/HDDGabriel/engines/UnrealEngine/Engine/Source/ThirdParty/ShaderConductor/ShaderConductor/External/DirectXShaderCompiler/lib/CodeGen/AsmPrinter/DwarfExpression.h,5,0,5
/media/ullmann/HDDGabriel/engines/UnrealEngine/Engine/Source/ThirdParty/PhysX3/PhysX_3.4/Source/LowLevelCloth/src/SwSolver.h,2,2,4
/media/ullmann/HDDGabriel/engines/UnrealEngine/Engine/Source/ThirdParty/FreeType2/FreeType2-2.10.0/src/winfonts/winfnt.c,0,2,2
/media/ullmann/HDDGabriel/engines/UnrealEngine/Engine/Source/ThirdParty/FreeType2/FreeType2-2.10.0/src/winfonts/winfnt.h,1,0,1
/media/ullmann/HDDGabriel/engines/UnrealEngine/Engine/Source/Runtime/Online/HTTPServer/Private/HttpListener.cpp,0,4,4
/media/ullmann/HDDGabriel/engines/UnrealEngine/Engine/Source/Runtime/Online/HTTPServer/Private/HttpListener.h,2,3,5
/media/ullmann/HDDGabriel/engines/UnrealEngine/Engine/Source/Runtime/Online/SSL/Private/SslCertificateManager.cpp,0,2,2
/media/ullmann/HDDGabriel/engines/UnrealEngine/Engine/Source/Runtime/Online/SSL/Private/SslCertificateManager.h,2,0,2
/media/ullmann/HDDGabriel/engines/UnrealEngine/Engine/Source/Programs/UnrealHeaderTool/Private/HeaderParser.cpp,0,17,17
/media/ullmann/HDDGabriel/engines/UnrealEngine/Engine/Source/ThirdParty/FreeType2/FreeType2-2.4.12/src/cff/cffcmap.h,4,1,5
/media/ullmann/HDDGabriel/engines/UnrealEngine/Engine/Source/ThirdParty/CryptoPP/5.6.2/include/basecode.h,4,3,7
/media/ullmann/HDDGabriel/engines/UnrealEngine/Engine/Source/Runtime/Engine/Private/StaticMesh.cpp,0,3,3
/media/ullmann/HDDGabriel/engines/UnrealEngine/Engine/Source/Runtime/Engine/Private/SplineMeshSceneProxy.h,2,0,2
/media/ullmann/HDDGabriel/engines/UnrealEngine/Engine/Source/ThirdParty/FreeImage/FreeImage-3.18.0/Source/OpenEXR/IlmImf/ImfZipCompressor.h,2,3,5
/media/ullmann/HDDGabriel/engines/UnrealEngine/Engine/Source/Editor/UMGEditor/Private/WidgetBlueprintEditor.cpp,0,7,7
/media/ullmann/HDDGabriel/engines/UnrealEngine/Engine/Source/Editor/UMGEditor/Private/WidgetBlueprintEditorUtils.h,4,0,4
/media/ullmann/HDDGabriel/engines/UnrealEngine/Engine/Source/ThirdParty/ShaderConductor/ShaderConductor/External/DirectXShaderCompiler/lib/DxrFallback/LiveValues.h,2,0,2
/media/ullmann/HDDGabriel/engines/UnrealEngine/Engine/Source/ThirdParty/CryptoPP/5.6.2/include/wait.h,5,4,9
/media/ullmann/HDDGabriel/engines/UnrealEngine/Engine/Source/ThirdParty/ICU/icu4c-64_1/source/common/ustr_wcs.cpp,0,7,7
/media/ullmann/HDDGabriel/engines/UnrealEngine/Engine/Source/Runtime/AVEncoder/Private/Decoders/vdecmpeg4/M4Prediction.h,3,2,5
/media/ullmann/HDDGabriel/engines/UnrealEngine/Engine/Source/ThirdParty/FreeImage/FreeImage-3.18.0/Source/LibPNG/pngget.c,0,1,1
/media/ullmann/HDDGabriel/engines/UnrealEngine/Engine/Source/ThirdParty/OpenVDB/openvdb-8.1.0/openvdb/openvdb/tools/LevelSetSphere.h,0,1,1
/media/ullmann/HDDGabriel/engines/UnrealEngine/Engine/Source/ThirdParty/Intel/Embree/Embree270/src/kernels/xeon/geometry/filter.h,7,5,12
/media/ullmann/HDDGabriel/engines/UnrealEngine/Engine/Source/Runtime/Networking/Public/Common/UdpSocketBuilder.h,1,0,1
/media/ullmann/HDDGabriel/engines/UnrealEngine/Engine/Source/Editor/GraphEditor/Private/DragNode.cpp,0,1,1
/media/ullmann/HDDGabriel/engines/UnrealEngine/Engine/Source/Runtime/MovieScene/Public/Channels/MovieSceneIntegerChannel.h,0,3,3
/media/ullmann/HDDGabriel/engines/UnrealEngine/Engine/Source/ThirdParty/Unix/LibCxx/include/c++/v1/setjmp.h,0,1,1
/media/ullmann/HDDGabriel/engines/UnrealEngine/Engine/Source/ThirdParty/PhysX3/NvCloth/src/SwCollisionHelpers.h,3,4,7
/media/ullmann/HDDGabriel/engines/UnrealEngine/Engine/Source/ThirdParty/OpenVDB/Deploy/openvdb-8.1.0/include/openvdb/tree/LeafNode.h,3,4,7
/media/ullmann/HDDGabriel/engines/UnrealEngine/Engine/Source/ThirdParty/openexr/openexr-3.1.1/src/lib/OpenEXRUtil/ImfFlatImageChannel.cpp,0,3,3
/media/ullmann/HDDGabriel/engines/UnrealEngine/Engine/Source/ThirdParty/ICU/icu4c-64_1/source/i18n/double-conversion-strtod.h,2,1,3
/media/ullmann/HDDGabriel/engines/UnrealEngine/Engine/Source/ThirdParty/PhysX3/PhysX_3.4/Source/PhysX/src/NpArticulationLink.cpp,0,5,5
/media/ullmann/HDDGabriel/engines/UnrealEngine/Engine/Source/ThirdParty/PhysX3/PhysX_3.4/Source/PhysX/src/NpArticulation.h,8,1,9
/media/ullmann/HDDGabriel/engines/UnrealEngine/Engine/Source/ThirdParty/PhysX3/PxShared/src/filebuf/include/PsIOStream.h,0,2,2
/media/ullmann/HDDGabriel/engines/UnrealEngine/Engine/Source/ThirdParty/PhysX3/PxShared/src/filebuf/include/PsIOStream.inl,1,0,1
/media/ullmann/HDDGabriel/engines/UnrealEngine/Engine/Source/ThirdParty/MCPP/mcpp-2.7.2/test-c/undefs.c,0,5,5
/media/ullmann/HDDGabriel/engines/UnrealEngine/Engine/Source/ThirdParty/MCPP/mcpp-2.7.2/test-c/unbal6.h,2,0,2
/media/ullmann/HDDGabriel/engines/UnrealEngine/Engine/Source/ThirdParty/ShaderConductor/ShaderConductor/External/DirectXShaderCompiler/tools/llvm-pdbdump/TypeDumper.cpp,0,7,7
/media/ullmann/HDDGabriel/engines/UnrealEngine/Engine/Source/ThirdParty/ShaderConductor/ShaderConductor/External/DirectXShaderCompiler/tools/llvm-pdbdump/llvm-pdbdump.h,10,0,10
/media/ullmann/HDDGabriel/engines/UnrealEngine/Engine/Source/Runtime/AVEncoder/Public/AudioEncoder.h,0,1,1
/media/ullmann/HDDGabriel/engines/UnrealEngine/Engine/Source/Runtime/AVEncoder/Public/MediaPacket.h,2,0,2
/media/ullmann/HDDGabriel/engines/UnrealEngine/Engine/Source/ThirdParty/Android/libunwind/libunwind/src/arm/Gresume.c,1,2,3
/media/ullmann/HDDGabriel/engines/UnrealEngine/Engine/Source/ThirdParty/Android/libunwind/libunwind/src/arm/offsets.h,2,0,2
/media/ullmann/HDDGabriel/engines/UnrealEngine/Engine/Source/ThirdParty/SDL2/SDL-gui-backend/src/joystick/windows/SDL_dinputjoystick_c.h,2,1,3
/media/ullmann/HDDGabriel/engines/UnrealEngine/Engine/Source/ThirdParty/ICU/icu4c-64_1/source/common/resbund_cnv.cpp,0,3,3
/media/ullmann/HDDGabriel/engines/UnrealEngine/Engine/Source/ThirdParty/ShaderConductor/ShaderConductor/External/DirectXShaderCompiler/tools/clang/lib/Format/ContinuationIndenter.cpp,0,3,3
/media/ullmann/HDDGabriel/engines/UnrealEngine/Engine/Source/ThirdParty/Crunch/src/crnlib/crn_pixel_format.cpp,0,3,3
/media/ullmann/HDDGabriel/engines/UnrealEngine/Engine/Source/ThirdParty/Crunch/src/crnlib/crn_pixel_format.h,5,3,8
/media/ullmann/HDDGabriel/engines/UnrealEngine/Engine/Source/ThirdParty/Intel/Embree/Embree270/src/kernels/common/buffer.cpp,0,1,1
/media/ullmann/HDDGabriel/engines/UnrealEngine/Engine/Source/ThirdParty/ICU/icu4c-64_1/source/i18n/number_capi.cpp,0,6,6
/media/ullmann/HDDGabriel/engines/UnrealEngine/Engine/Source/ThirdParty/FreeType2/FreeType2-2.10.0/src/sfnt/sfdriver.c,1,12,13
/media/ullmann/HDDGabriel/engines/UnrealEngine/Engine/Source/ThirdParty/FreeType2/FreeType2-2.10.0/src/sfnt/sfdriver.h,1,0,1
/media/ullmann/HDDGabriel/engines/UnrealEngine/Engine/Source/Editor/AnimGraph/Private/AnimBlueprintDetails.h,2,0,2
/media/ullmann/HDDGabriel/engines/UnrealEngine/Engine/Source/ThirdParty/FreeType2/FreeType2-2.10.0/src/type1/t1objs.c,1,4,5
/media/ullmann/HDDGabriel/engines/UnrealEngine/Engine/Source/ThirdParty/FreeType2/FreeType2-2.10.0/src/type1/t1gload.h,3,1,4
/media/ullmann/HDDGabriel/engines/UnrealEngine/Engine/Source/ThirdParty/ICU/icu4c-53_1/source/i18n/collationcompare.cpp,0,5,5
/media/ullmann/HDDGabriel/engines/UnrealEngine/Engine/Source/ThirdParty/ICU/icu4c-53_1/source/i18n/collationcompare.h,2,1,3
/media/ullmann/HDDGabriel/engines/UnrealEngine/Engine/Source/Editor/PIEPreviewDeviceProfileSelector/Private/PIEPreviewDevice.cpp,0,1,1
/media/ullmann/HDDGabriel/engines/UnrealEngine/Engine/Source/Editor/PIEPreviewDeviceProfileSelector/Private/PIEPreviewDevice.h,3,0,3
/media/ullmann/HDDGabriel/engines/UnrealEngine/Engine/Source/Runtime/Core/Public/Misc/NoopCounter.h,2,0,2
/media/ullmann/HDDGabriel/engines/UnrealEngine/Engine/Source/ThirdParty/OpenVDB/openvdb-8.1.0/openvdb_houdini/openvdb_houdini/GU_PrimVDB.cc,0,2,2
/media/ullmann/HDDGabriel/engines/UnrealEngine/Engine/Source/ThirdParty/OpenVDB/openvdb-8.1.0/openvdb_houdini/openvdb_houdini/GU_PrimVDB.h,4,1,5
/media/ullmann/HDDGabriel/engines/UnrealEngine/Engine/Source/ThirdParty/glslang/glslang/src/glslang_lib/glslang/MachineIndependent/Versions.h,6,0,6
/media/ullmann/HDDGabriel/engines/UnrealEngine/Engine/Source/ThirdParty/Alembic/alembic-1.8.2/python/PyAlembic/PyISubD.cpp,0,3,3
/media/ullmann/HDDGabriel/engines/UnrealEngine/Engine/Source/ThirdParty/ICU/icu4c-64_1/source/i18n/standardplural.h,11,0,11
/media/ullmann/HDDGabriel/engines/UnrealEngine/Engine/Source/ThirdParty/ICU/icu4c-64_1/source/i18n/gender.cpp,0,3,3
/media/ullmann/HDDGabriel/engines/UnrealEngine/Engine/Source/ThirdParty/ICU/icu4c-64_1/source/i18n/unicode/gender.h,1,0,1
/media/ullmann/HDDGabriel/engines/UnrealEngine/Engine/Source/Editor/DetailCustomizations/Private/SoundBaseDetails.h,2,0,2
/media/ullmann/HDDGabriel/engines/UnrealEngine/Engine/Source/ThirdParty/EOSSDK/SDK/Bin/IOS/EOSSDK.framework/Headers/eos_connect.h,1,1,2
/media/ullmann/HDDGabriel/engines/UnrealEngine/Engine/Source/ThirdParty/EOSSDK/SDK/Bin/IOS/EOSSDK.framework/Headers/eos_connect_types.h,1,1,2
/media/ullmann/HDDGabriel/engines/UnrealEngine/Engine/Source/ThirdParty/FreeType2/FreeType2-2.6/Src/raster/ftrend1.c,1,4,5
/media/ullmann/HDDGabriel/engines/UnrealEngine/Engine/Source/ThirdParty/FreeType2/FreeType2-2.6/Src/raster/ftrend1.h,1,0,1
/media/ullmann/HDDGabriel/engines/UnrealEngine/Engine/Source/ThirdParty/Distorm/src/instructions.c,0,5,5
/media/ullmann/HDDGabriel/engines/UnrealEngine/Engine/Source/ThirdParty/Distorm/src/insts.h,4,1,5
/media/ullmann/HDDGabriel/engines/UnrealEngine/Engine/Source/ThirdParty/PhysX3/NvCloth/samples/SampleBase/scene/scenes/LocalGlobalScene.cpp,0,1,1
/media/ullmann/HDDGabriel/engines/UnrealEngine/Engine/Source/ThirdParty/PhysX3/NvCloth/samples/SampleBase/scene/scenes/LocalGlobalScene.h,1,0,1
/media/ullmann/HDDGabriel/engines/UnrealEngine/Engine/Source/ThirdParty/openexr/openexr-3.1.1/src/lib/OpenEXR/ImfKeyCodeAttribute.h,3,4,7
/media/ullmann/HDDGabriel/engines/UnrealEngine/Engine/Source/ThirdParty/Android/libunwind/libunwind/src/mips/Gstep.c,1,2,3
/media/ullmann/HDDGabriel/engines/UnrealEngine/Engine/Source/ThirdParty/Android/libunwind/libunwind/src/mips/offsets.h,1,0,1
/media/ullmann/HDDGabriel/engines/UnrealEngine/Engine/Source/ThirdParty/Oculus/LibOVRPlatform/LibOVRPlatform/include/OVR_Functions_Voip.h,1,7,8
/media/ullmann/HDDGabriel/engines/UnrealEngine/Engine/Source/Editor/LandscapeEditor/Private/LandscapeEditorDetailCustomization_CopyPaste.cpp,0,1,1
/media/ullmann/HDDGabriel/engines/UnrealEngine/Engine/Source/Editor/LandscapeEditor/Private/LandscapeEditorDetailCustomization_CopyPaste.h,4,1,5
/media/ullmann/HDDGabriel/engines/UnrealEngine/Engine/Source/ThirdParty/Boost/boost-1_70_0/include/boost/token_iterator.hpp,0,1,1
/media/ullmann/HDDGabriel/engines/UnrealEngine/Engine/Source/ThirdParty/Boost/boost-1_70_0/include/boost/utility,4,0,4
/media/ullmann/HDDGabriel/engines/UnrealEngine/Engine/Source/ThirdParty/ICU/icu4c-53_1/source/common/servls.cpp,0,9,9
/media/ullmann/HDDGabriel/engines/UnrealEngine/Engine/Source/Developer/TraceAnalysis/Private/Store/AsioStore.h,5,2,7
/media/ullmann/HDDGabriel/engines/UnrealEngine/Engine/Source/Developer/TraceAnalysis/Private/Store/Utils.h,1,0,1
/media/ullmann/HDDGabriel/engines/UnrealEngine/Engine/Source/ThirdParty/openexr/openexr-3.1.1/src/test/OpenEXRTest/testCompositeDeepScanLine.cpp,0,2,2
/media/ullmann/HDDGabriel/engines/UnrealEngine/Engine/Source/ThirdParty/openexr/openexr-3.1.1/src/test/OpenEXRTest/testCompositeDeepScanLine.h,3,0,3
/media/ullmann/HDDGabriel/engines/UnrealEngine/Engine/Source/ThirdParty/CryptoPP/5.6.2/include/skipjack.h,4,2,6
/media/ullmann/HDDGabriel/engines/UnrealEngine/Engine/Source/Runtime/Renderer/Private/Nanite/NaniteEditor.cpp,0,1,1
/media/ullmann/HDDGabriel/engines/UnrealEngine/Engine/Source/Runtime/Core/Public/Templates/RefCounting.h,2,0,2
/media/ullmann/HDDGabriel/engines/UnrealEngine/Engine/Source/ThirdParty/Intel/Embree/Embree2140/src/kernels/bvh/bvh_traverser1.h,3,3,6
/media/ullmann/HDDGabriel/engines/UnrealEngine/Engine/Source/Runtime/NavigationSystem/Public/NavLinkCustomInterface.h,1,1,2
/media/ullmann/HDDGabriel/engines/UnrealEngine/Engine/Source/ThirdParty/ICU/icu4c-53_1/source/i18n/uspoof_conf.cpp,0,4,4
/media/ullmann/HDDGabriel/engines/UnrealEngine/Engine/Source/ThirdParty/ICU/icu4c-53_1/source/i18n/uspoof_conf.h,2,1,3
/media/ullmann/HDDGabriel/engines/UnrealEngine/Engine/Source/ThirdParty/Android/libunwind/libunwind/src/mips/Lget_save_loc.c,0,1,1
/media/ullmann/HDDGabriel/engines/UnrealEngine/Engine/Source/ThirdParty/Android/libunwind/libunwind/src/mips/Gget_save_loc.c,1,1,2
/media/ullmann/HDDGabriel/engines/UnrealEngine/Engine/Source/ThirdParty/Alembic/alembic-1.8.2/python/PyAlembic/PyIScalarProperty.cpp,0,4,4
/media/ullmann/HDDGabriel/engines/UnrealEngine/Engine/Source/ThirdParty/openexr/openexr-3.1.1/src/lib/OpenEXR/ImfOutputFile.cpp,0,15,15
/media/ullmann/HDDGabriel/engines/UnrealEngine/Engine/Source/ThirdParty/ShaderConductor/ShaderConductor/External/DirectXShaderCompiler/lib/Support/TimeValue.cpp,0,2,2
/media/ullmann/HDDGabriel/engines/UnrealEngine/Engine/Source/ThirdParty/ShaderConductor/ShaderConductor/External/DirectXShaderCompiler/lib/Support/Unix/TimeValue.inc,1,0,1
/media/ullmann/HDDGabriel/engines/UnrealEngine/Engine/Source/Developer/CollectionManager/Public/ICollectionManager.h,0,1,1
/media/ullmann/HDDGabriel/engines/UnrealEngine/Engine/Source/Developer/CollectionManager/Public/CollectionManagerTypes.h,2,0,2
/media/ullmann/HDDGabriel/engines/UnrealEngine/Engine/Source/ThirdParty/SDL2/SDL-gui-backend/src/video/emscripten/SDL_emscriptenframebuffer.c,0,3,3
/media/ullmann/HDDGabriel/engines/UnrealEngine/Engine/Source/ThirdParty/openexr/Deploy/openexr-3.1.1/include/OpenEXR/openexr_conf.h,3,1,4
/media/ullmann/HDDGabriel/engines/UnrealEngine/Engine/Source/ThirdParty/openexr/Deploy/openexr-3.1.1/include/OpenEXR/OpenEXRConfig.h,6,0,6
/media/ullmann/HDDGabriel/engines/UnrealEngine/Engine/Source/ThirdParty/PhysX3/PhysX_3.4/Source/LowLevelParticles/src/PtPacketSections.h,1,0,1
/media/ullmann/HDDGabriel/engines/UnrealEngine/Engine/Source/ThirdParty/HarfBuzz/harfbuzz-2.4.0/src/hb-ot-shape-complex-indic.cc,0,4,4
/media/ullmann/HDDGabriel/engines/UnrealEngine/Engine/Source/ThirdParty/HarfBuzz/harfbuzz-2.4.0/src/hb-ot-shape-complex-vowel-constraints.hh,3,0,3
/media/ullmann/HDDGabriel/engines/UnrealEngine/Engine/Source/ThirdParty/ICU/icu4c-64_1/source/io/uprintf.h,3,3,6
/media/ullmann/HDDGabriel/engines/UnrealEngine/Engine/Source/ThirdParty/FreeType2/FreeType2-2.6/Src/raster/ftraster.h,2,0,2
/media/ullmann/HDDGabriel/engines/UnrealEngine/Engine/Source/ThirdParty/libOpus/opus-1.0.3/silk/float/LPC_analysis_filter_FLP.c,0,1,1
/media/ullmann/HDDGabriel/engines/UnrealEngine/Engine/Source/ThirdParty/ICU/icu4c-64_1/source/i18n/coptccal.h,2,2,4
/media/ullmann/HDDGabriel/engines/UnrealEngine/Engine/Source/ThirdParty/ICU/icu4c-64_1/source/i18n/cecal.h,5,1,6
/media/ullmann/HDDGabriel/engines/UnrealEngine/Engine/Source/ThirdParty/Imath/Imath-3.1.3/src/ImathTest/testColor.cpp,0,1,1
/media/ullmann/HDDGabriel/engines/UnrealEngine/Engine/Source/ThirdParty/Imath/Imath-3.1.3/src/ImathTest/testColor.h,2,0,2
/media/ullmann/HDDGabriel/engines/UnrealEngine/Engine/Source/ThirdParty/MCPP/mcpp-2.7.2/cpp-test/test-l/nest111.h,1,1,2
/media/ullmann/HDDGabriel/engines/UnrealEngine/Engine/Source/ThirdParty/MCPP/mcpp-2.7.2/cpp-test/test-l/nest112.h,1,1,2
/media/ullmann/HDDGabriel/engines/UnrealEngine/Engine/Source/ThirdParty/Intel/Embree/Embree270/src/common/math/vec3ba.h,2,2,4
/media/ullmann/HDDGabriel/engines/UnrealEngine/Engine/Source/Developer/AssetTools/Private/AssetTypeActions/AssetTypeActions_CompositeCurveTable.h,1,0,1
/media/ullmann/HDDGabriel/engines/UnrealEngine/Engine/Source/ThirdParty/FreeType2/FreeType2-2.6/Src/gxvalid/gxvmort.c,1,2,3
/media/ullmann/HDDGabriel/engines/UnrealEngine/Engine/Source/ThirdParty/Intel/TBB/IntelTBB-2019u8/include/tbb/concurrent_lru_cache.h,1,3,4
/media/ullmann/HDDGabriel/engines/UnrealEngine/Engine/Source/Runtime/Apple/AGXRHI/Private/AGXContext.cpp,0,8,8
/media/ullmann/HDDGabriel/engines/UnrealEngine/Engine/Source/ThirdParty/nvTextureTools/nvTextureTools-2.0.8/src/src/nvtt/squish/simd_sse.h,1,0,1
/media/ullmann/HDDGabriel/engines/UnrealEngine/Engine/Source/ThirdParty/FreeType2/FreeType2-2.10.0/src/smooth/ftsmerrs.h,2,0,2
/media/ullmann/HDDGabriel/engines/UnrealEngine/Engine/Source/ThirdParty/ICU/icu4c-53_1/source/i18n/decNumber.c,0,2,2
/media/ullmann/HDDGabriel/engines/UnrealEngine/Engine/Source/ThirdParty/ICU/icu4c-53_1/source/i18n/decNumberLocal.h,2,0,2
/media/ullmann/HDDGabriel/engines/UnrealEngine/Engine/Source/ThirdParty/ICU/icu4c-64_1/source/test/intltest/decoll.h,2,1,3
/media/ullmann/HDDGabriel/engines/UnrealEngine/Engine/Source/ThirdParty/SDL2/SDL-gui-backend/src/video/cocoa/SDL_cocoashape.h,0,2,2
/media/ullmann/HDDGabriel/engines/UnrealEngine/Engine/Source/ThirdParty/SDL2/SDL-gui-backend/src/video/SDL_shape_internals.h,6,1,7
/media/ullmann/HDDGabriel/engines/UnrealEngine/Engine/Source/Editor/Persona/Private/PoseWatchManagerDragDrop.cpp,0,3,3
/media/ullmann/HDDGabriel/engines/UnrealEngine/Engine/Source/Editor/Persona/Private/PoseWatchManagerStandaloneTypes.h,10,0,10
/media/ullmann/HDDGabriel/engines/UnrealEngine/Engine/Source/ThirdParty/PhysX3/NvCloth/src/cuda/CuFactory.cpp,0,7,7
/media/ullmann/HDDGabriel/engines/UnrealEngine/Engine/Source/ThirdParty/Imath/Imath-3.1.3/src/Imath/ImathFrustumTest.h,0,7,7
/media/ullmann/HDDGabriel/engines/UnrealEngine/Engine/Source/Runtime/WebBrowser/Private/Android/AndroidJavaWebBrowser.cpp,0,1,1
/media/ullmann/HDDGabriel/engines/UnrealEngine/Engine/Source/Runtime/WebBrowser/Private/Android/AndroidJavaWebBrowser.h,2,0,2
/media/ullmann/HDDGabriel/engines/UnrealEngine/Engine/Source/ThirdParty/FreeType2/FreeType2-2.4.12/src/autofit/afcjk.c,1,5,6
/media/ullmann/HDDGabriel/engines/UnrealEngine/Engine/Source/ThirdParty/FreeType2/FreeType2-2.4.12/src/autofit/afcjk.h,4,2,6
/media/ullmann/HDDGabriel/engines/UnrealEngine/Engine/Source/Programs/Enterprise/Datasmith/DatasmithCADWorker/Private/DatasmithCADWorker.h,2,0,2
/media/ullmann/HDDGabriel/engines/UnrealEngine/Engine/Source/Programs/Enterprise/Datasmith/DatasmithARCHICADExporter/Private/Menus.h,7,1,8
/media/ullmann/HDDGabriel/engines/UnrealEngine/Engine/Source/ThirdParty/SDL2/SDL-gui-backend/src/events/SDL_keyboard.c,0,3,3
/media/ullmann/HDDGabriel/engines/UnrealEngine/Engine/Source/ThirdParty/ICU/icu4c-64_1/source/tools/genrb/reslist.cpp,0,3,3
/media/ullmann/HDDGabriel/engines/UnrealEngine/Engine/Source/ThirdParty/ICU/icu4c-64_1/source/tools/genrb/filterrb.h,3,0,3
/media/ullmann/HDDGabriel/engines/UnrealEngine/Engine/Source/ThirdParty/openexr/openexr-3.1.1/src/lib/OpenEXRCore/encoding.c,0,5,5
/media/ullmann/HDDGabriel/engines/UnrealEngine/Engine/Source/Editor/VirtualTexturingEditor/Private/RuntimeVirtualTextureThumbnailRenderer.cpp,0,1,1
/media/ullmann/HDDGabriel/engines/UnrealEngine/Engine/Source/Editor/VirtualTexturingEditor/Private/RuntimeVirtualTextureThumbnailRenderer.h,2,0,2
/media/ullmann/HDDGabriel/engines/UnrealEngine/Engine/Source/Runtime/Renderer/Private/Lumen/LumenSceneDirectLightingHardwareRayTracing.cpp,0,2,2
/media/ullmann/HDDGabriel/engines/UnrealEngine/Engine/Source/Editor/VREditor/VREditorActions.cpp,0,4,4
/media/ullmann/HDDGabriel/engines/UnrealEngine/Engine/Source/ThirdParty/Intel/TBB/IntelTBB-2019u8/include/tbb/internal/_tbb_hash_compare_impl.h,5,0,5
/media/ullmann/HDDGabriel/engines/UnrealEngine/Engine/Source/Editor/ContentBrowser/Private/CollectionViewUtils.h,5,0,5
/media/ullmann/HDDGabriel/engines/UnrealEngine/Engine/Source/ThirdParty/FreeType2/FreeType2-2.6/Src/truetype/ttobjs.c,1,5,6
/media/ullmann/HDDGabriel/engines/UnrealEngine/Engine/Source/ThirdParty/Intel/Embree/Embree270/src/kernels/xeonphi/bvh4mb/bvh4mb_intersector16_hybrid.cpp,0,3,3
/media/ullmann/HDDGabriel/engines/UnrealEngine/Engine/Source/ThirdParty/Intel/Embree/Embree270/src/kernels/xeonphi/bvh4mb/bvh4mb_traversal.h,4,2,6
/media/ullmann/HDDGabriel/engines/UnrealEngine/Engine/Source/Runtime/MediaAssets/Public/TimeSynchronizableMediaSource.h,0,1,1
/media/ullmann/HDDGabriel/engines/UnrealEngine/Engine/Source/Runtime/MediaAssets/Public/BaseMediaSource.h,3,1,4
/media/ullmann/HDDGabriel/engines/UnrealEngine/Engine/Source/ThirdParty/PhysX3/APEX_1.4/shared/general/meshimport/include/MeshImport/MeshImport.h,1,1,2
/media/ullmann/HDDGabriel/engines/UnrealEngine/Engine/Source/ThirdParty/PhysX3/APEX_1.4/shared/general/meshimport/include/MeshImport/MeshImportTypes.h,1,0,1
/media/ullmann/HDDGabriel/engines/UnrealEngine/Engine/Source/ThirdParty/Breakpad/src/third_party/libdisasm/ia32_insn.c,0,8,8
/media/ullmann/HDDGabriel/engines/UnrealEngine/Engine/Source/ThirdParty/ICU/icu4c-53_1/source/layout/ArabicLayoutEngine.cpp,0,15,15
/media/ullmann/HDDGabriel/engines/UnrealEngine/Engine/Source/ThirdParty/ICU/icu4c-53_1/source/layout/GDEFMarkFilter.h,4,3,7
/media/ullmann/HDDGabriel/engines/UnrealEngine/Engine/Source/Runtime/Media/Public/IMediaTextureSample.h,0,1,1
/media/ullmann/HDDGabriel/engines/UnrealEngine/Engine/Source/ThirdParty/ICU/icu4c-53_1/source/common/usetiter.cpp,0,4,4
/media/ullmann/HDDGabriel/engines/UnrealEngine/Engine/Source/Runtime/CoreUObject/Public/Serialization/ArchiveFindCulprit.h,1,0,1
/media/ullmann/HDDGabriel/engines/UnrealEngine/Engine/Source/Developer/GeometryProcessingInterfaces/Private/GeometryProcessingInterfacesModule.cpp,0,1,1
/media/ullmann/HDDGabriel/engines/UnrealEngine/Engine/Source/Developer/GeometryProcessingInterfaces/Private/GeometryProcessingInterfacesModule.h,1,0,1
/media/ullmann/HDDGabriel/engines/UnrealEngine/Engine/Source/ThirdParty/CryptoPP/5.6.5/include/safer.cpp,0,4,4
/media/ullmann/HDDGabriel/engines/UnrealEngine/Engine/Source/ThirdParty/CryptoPP/5.6.5/include/safer.h,2,2,4
/media/ullmann/HDDGabriel/engines/UnrealEngine/Engine/Source/ThirdParty/ShaderConductor/ShaderConductor/External/DirectXShaderCompiler/lib/ExecutionEngine/RuntimeDyld/RuntimeDyldMachO.h,6,1,7
/media/ullmann/HDDGabriel/engines/UnrealEngine/Engine/Source/ThirdParty/ShaderConductor/ShaderConductor/External/DirectXShaderCompiler/lib/ExecutionEngine/RuntimeDyld/RuntimeDyldImpl.h,6,0,6
/media/ullmann/HDDGabriel/engines/UnrealEngine/Engine/Source/ThirdParty/PhysX3/PhysX_3.4/Source/PhysXExtensions/src/ExtFixedJointSolverPrep.cpp,0,2,2
/media/ullmann/HDDGabriel/engines/UnrealEngine/Engine/Source/ThirdParty/OpenSubdiv/Deploy/OpenSubdiv-3.4.4/include/opensubdiv/osd/nonCopyable.h,3,0,3
/media/ullmann/HDDGabriel/engines/UnrealEngine/Engine/Source/ThirdParty/nvTextureTools/nvTextureTools-2.0.8/src/src/nvtt/squish/squish.cpp,0,8,8
/media/ullmann/HDDGabriel/engines/UnrealEngine/Engine/Source/ThirdParty/nvTextureTools/nvTextureTools-2.0.8/src/src/nvtt/squish/colourblock.h,8,2,10
/media/ullmann/HDDGabriel/engines/UnrealEngine/Engine/Source/ThirdParty/Vulkan/Include/vulkan/vulkan_metal.h,1,0,1
/media/ullmann/HDDGabriel/engines/UnrealEngine/Engine/Source/ThirdParty/PhysX3/PhysX_3.4/Source/GeomUtils/src/sweep/GuSweepSphereCapsule.cpp,0,2,2
/media/ullmann/HDDGabriel/engines/UnrealEngine/Engine/Source/ThirdParty/PhysX3/PhysX_3.4/Source/GeomUtils/src/sweep/GuSweepSphereSphere.h,2,0,2
/media/ullmann/HDDGabriel/engines/UnrealEngine/Engine/Source/Runtime/Core/Public/Misc/MemStack.h,2,0,2
/media/ullmann/HDDGabriel/engines/UnrealEngine/Engine/Source/ThirdParty/Boost/boost-1_70_0/include/boost/wave/cpplexer/re2clex/cpp_re.hpp,0,2,2
/media/ullmann/HDDGabriel/engines/UnrealEngine/Engine/Source/ThirdParty/Boost/boost-1_70_0/include/boost/wave/cpplexer/re2clex/cpp_re.inc,1,0,1
/media/ullmann/HDDGabriel/engines/UnrealEngine/Engine/Source/Editor/Persona/Private/EditorObjectsTracker.cpp,0,1,1
/media/ullmann/HDDGabriel/engines/UnrealEngine/Engine/Source/Editor/Persona/Private/EditorObjectsTracker.h,6,0,6
/media/ullmann/HDDGabriel/engines/UnrealEngine/Engine/Source/ThirdParty/ICU/icu4c-53_1/source/common/unames.cpp,0,14,14
/media/ullmann/HDDGabriel/engines/UnrealEngine/Engine/Source/Editor/PropertyEditor/Private/EditConditionContext.cpp,0,4,4
/media/ullmann/HDDGabriel/engines/UnrealEngine/Engine/Source/Editor/PropertyEditor/Private/EditConditionParser.h,7,0,7
/media/ullmann/HDDGabriel/engines/UnrealEngine/Engine/Source/ThirdParty/CryptoPP/5.6.5/include/whrlpool.h,4,2,6
/media/ullmann/HDDGabriel/engines/UnrealEngine/Engine/Source/ThirdParty/MCPP/mcpp-2.7.2/cpp-test/test-l/nest49.h,1,1,2
/media/ullmann/HDDGabriel/engines/UnrealEngine/Engine/Source/ThirdParty/MCPP/mcpp-2.7.2/cpp-test/test-l/nest50.h,1,1,2
/media/ullmann/HDDGabriel/engines/UnrealEngine/Engine/Source/ThirdParty/libOpus/opus-1.1/src/opus_encoder.c,0,2,2
/media/ullmann/HDDGabriel/engines/UnrealEngine/Engine/Source/Runtime/Online/BuildPatchServices/Private/BuildPatchHash.h,4,1,5
/media/ullmann/HDDGabriel/engines/UnrealEngine/Engine/Source/ThirdParty/ICU/icu4c-53_1/source/common/dictbe.h,2,4,6
/media/ullmann/HDDGabriel/engines/UnrealEngine/Engine/Source/ThirdParty/ICU/icu4c-53_1/source/common/unicode/utext.h,5,0,5
/media/ullmann/HDDGabriel/engines/UnrealEngine/Engine/Source/ThirdParty/ShaderConductor/ShaderConductor/External/DirectXShaderCompiler/tools/clang/lib/StaticAnalyzer/Core/RangeConstraintManager.cpp,0,1,1
/media/ullmann/HDDGabriel/engines/UnrealEngine/Engine/Source/ThirdParty/ShaderConductor/ShaderConductor/External/DirectXShaderCompiler/tools/clang/lib/StaticAnalyzer/Core/SimpleConstraintManager.h,2,0,2
/media/ullmann/HDDGabriel/engines/UnrealEngine/Engine/Source/Developer/ProjectLauncher/Private/Widgets/Cook/SProjectLauncherCookedPlatforms.cpp,0,1,1
/media/ullmann/HDDGabriel/engines/UnrealEngine/Engine/Source/Developer/ProjectLauncher/Private/Widgets/Cook/SProjectLauncherCookedPlatforms.h,1,0,1
/media/ullmann/HDDGabriel/engines/UnrealEngine/Engine/Source/Developer/Windows/LiveCoding/Private/External/LC_API.cpp,0,9,9
/media/ullmann/HDDGabriel/engines/UnrealEngine/Engine/Source/Developer/Windows/LiveCoding/Private/External/LC_Memory.h,4,0,4
/media/ullmann/HDDGabriel/engines/UnrealEngine/Engine/Source/ThirdParty/Intel/Embree/Embree2140/src/common/algorithms/parallel_for_for.cpp,0,2,2
/media/ullmann/HDDGabriel/engines/UnrealEngine/Engine/Source/ThirdParty/libOpus/opus-1.3.1-12/silk/float/regularize_correlations_FLP.c,0,1,1
/media/ullmann/HDDGabriel/engines/UnrealEngine/Engine/Source/ThirdParty/Android/libunwind/libunwind/src/x86_64/Ginit_remote.c,1,2,3
/media/ullmann/HDDGabriel/engines/UnrealEngine/Engine/Source/Runtime/Core/Public/Math/MirrorMatrix.h,3,0,3
/media/ullmann/HDDGabriel/engines/UnrealEngine/Engine/Source/ThirdParty/ShaderConductor/ShaderConductor/External/DirectXShaderCompiler/utils/TableGen/X86DisassemblerTables.h,2,2,4
/media/ullmann/HDDGabriel/engines/UnrealEngine/Engine/Source/ThirdParty/ShaderConductor/ShaderConductor/External/DirectXShaderCompiler/utils/TableGen/X86ModRMFilters.h,3,0,3
/media/ullmann/HDDGabriel/engines/UnrealEngine/Engine/Source/ThirdParty/mtlpp/mtlpp-master-7efad47/src/compute_command_encoder.hpp,1,10,11
/media/ullmann/HDDGabriel/engines/UnrealEngine/Engine/Source/ThirdParty/mtlpp/mtlpp-master-7efad47/src/buffer.hpp,6,6,12
/media/ullmann/HDDGabriel/engines/UnrealEngine/Engine/Source/ThirdParty/libOpus/opus-1.3.1-12/silk/stereo_LR_to_MS.c,0,1,1
/media/ullmann/HDDGabriel/engines/UnrealEngine/Engine/Source/Runtime/Online/SSL/Private/SslModule.cpp,0,2,2
/media/ullmann/HDDGabriel/engines/UnrealEngine/Engine/Source/Runtime/Online/SSL/Private/PlatformSslCertificateManager.h,1,4,5
/media/ullmann/HDDGabriel/engines/UnrealEngine/Engine/Source/Editor/ClassViewer/Private/ClassViewerModule.cpp,0,2,2
/media/ullmann/HDDGabriel/engines/UnrealEngine/Engine/Source/Runtime/RenderCore/Public/OneColorShader.h,0,4,4
/media/ullmann/HDDGabriel/engines/UnrealEngine/Engine/Source/Developer/Windows/LiveCodingServer/Private/External/LC_MemoryBlock.h,2,0,2
/media/ullmann/HDDGabriel/engines/UnrealEngine/Engine/Source/ThirdParty/libOpus/opus-1.1/include/opus.h,1,2,3
/media/ullmann/HDDGabriel/engines/UnrealEngine/Engine/Source/ThirdParty/ICU/icu4c-53_1/source/common/icuplug.c,0,6,6
/media/ullmann/HDDGabriel/engines/UnrealEngine/Engine/Source/Runtime/Renderer/Private/ShaderDebug.cpp,0,2,2
/media/ullmann/HDDGabriel/engines/UnrealEngine/Engine/Source/Runtime/Experimental/Chaos/Public/Chaos/Transform.h,1,0,1
/media/ullmann/HDDGabriel/engines/UnrealEngine/Engine/Source/ThirdParty/Intel/Embree/Embree270/src/kernels/xeonphi/bvh4hair/bvh4hair_traversal.h,1,1,2
/media/ullmann/HDDGabriel/engines/UnrealEngine/Engine/Source/ThirdParty/Intel/Embree/Embree270/src/kernels/xeonphi/bvh4hair/bvh4hair.h,6,4,10
/media/ullmann/HDDGabriel/engines/UnrealEngine/Engine/Source/ThirdParty/CryptoPP/5.6.2/include/sha3.h,2,2,4
/media/ullmann/HDDGabriel/engines/UnrealEngine/Engine/Source/ThirdParty/nvTextureTools/nvTextureTools-2.0.8/src/src/nvtt/squish/fastclusterfit.h,2,4,6
/media/ullmann/HDDGabriel/engines/UnrealEngine/Engine/Source/ThirdParty/nvTextureTools/nvTextureTools-2.0.8/src/src/nvtt/squish/colourfit.h,7,2,9
/media/ullmann/HDDGabriel/engines/UnrealEngine/Engine/Source/ThirdParty/ICU/icu4c-53_1/source/common/listformatter.cpp,0,9,9
/media/ullmann/HDDGabriel/engines/UnrealEngine/Engine/Source/ThirdParty/ICU/icu4c-53_1/source/common/unicode/listformatter.h,1,0,1
/media/ullmann/HDDGabriel/engines/UnrealEngine/Engine/Source/Runtime/Renderer/Private/PostProcess/PostProcessMaterial.cpp,0,2,2
/media/ullmann/HDDGabriel/engines/UnrealEngine/Engine/Source/ThirdParty/MCPP/mcpp-2.7.2/src/support.c,0,2,2
/media/ullmann/HDDGabriel/engines/UnrealEngine/Engine/Source/ThirdParty/ICU/icu4c-53_1/source/common/parsepos.cpp,0,1,1
/media/ullmann/HDDGabriel/engines/UnrealEngine/Engine/Source/ThirdParty/ICU/icu4c-53_1/source/common/unicode/parsepos.h,11,0,11
/media/ullmann/HDDGabriel/engines/UnrealEngine/Engine/Source/ThirdParty/PhysX3/PhysX_3.4/Source/PhysX/src/PvdPhysicsClient.cpp,0,2,2
/media/ullmann/HDDGabriel/engines/UnrealEngine/Engine/Source/ThirdParty/FreeType2/FreeType2-2.6/Src/sfnt/sfntpic.h,3,2,5
/media/ullmann/HDDGabriel/engines/UnrealEngine/Engine/Source/ThirdParty/FreeType2/FreeType2-2.6/Src/sfnt/ttcmap.h,4,0,4
/media/ullmann/HDDGabriel/engines/UnrealEngine/Engine/Source/Developer/AssetTools/Private/AssetTools.h,4,1,5
/media/ullmann/HDDGabriel/engines/UnrealEngine/Engine/Source/Developer/AssetTools/Private/AssetRenameManager.h,3,0,3
/media/ullmann/HDDGabriel/engines/UnrealEngine/Engine/Source/ThirdParty/PhysX3/PxShared/src/foundation/include/PsAoS.h,1,2,3
/media/ullmann/HDDGabriel/engines/UnrealEngine/Engine/Source/ThirdParty/PhysX3/PxShared/src/foundation/include/windows/PsWindowsAoS.h,1,0,1
/media/ullmann/HDDGabriel/engines/UnrealEngine/Engine/Source/ThirdParty/FreeType2/FreeType2-2.4.12/src/truetype/ttinterp.h,4,1,5
/media/ullmann/HDDGabriel/engines/UnrealEngine/Engine/Source/ThirdParty/FreeType2/FreeType2-2.6/Src/cache/ftcmanag.h,5,2,7
/media/ullmann/HDDGabriel/engines/UnrealEngine/Engine/Source/ThirdParty/openexr/openexr-3.1.1/src/lib/OpenEXR/ImfTiledOutputPart.h,1,2,3
/media/ullmann/HDDGabriel/engines/UnrealEngine/Engine/Source/ThirdParty/Android/libunwind/libunwind/include/libunwind-ppc64.h,1,2,3
/media/ullmann/HDDGabriel/engines/UnrealEngine/Engine/Source/ThirdParty/CryptoPP/5.6.5/include/channels.h,4,4,8
/media/ullmann/HDDGabriel/engines/UnrealEngine/Engine/Source/ThirdParty/Intel/TBB/IntelTBB-2019u8/src/tbb/governor.cpp,1,6,7
/media/ullmann/HDDGabriel/engines/UnrealEngine/Engine/Source/ThirdParty/Intel/TBB/IntelTBB-2019u8/src/tbb/market.h,5,3,8
/media/ullmann/HDDGabriel/engines/UnrealEngine/Engine/Source/ThirdParty/libOpus/opus-1.3.1-12/silk/stereo_decode_pred.c,0,1,1
/media/ullmann/HDDGabriel/engines/UnrealEngine/Engine/Source/ThirdParty/Intel/TBB/IntelTBB-2019u8/examples/parallel_for/tachyon/src/trace.tbb.cpp,0,14,14
/media/ullmann/HDDGabriel/engines/UnrealEngine/Engine/Source/ThirdParty/Python3/Win64/include/classobject.h,1,0,1
/media/ullmann/HDDGabriel/engines/UnrealEngine/Engine/Source/ThirdParty/PhysX3/PhysX_3.4/Source/LowLevelDynamics/src/DyArticulationContactPrepPF.cpp,0,8,8
/media/ullmann/HDDGabriel/engines/UnrealEngine/Engine/Source/ThirdParty/Python3/Linux/include/python3.9/modsupport.h,1,0,1
/media/ullmann/HDDGabriel/engines/UnrealEngine/Engine/Source/ThirdParty/CryptoPP/5.6.2/include/algebra.cpp,4,3,7
/media/ullmann/HDDGabriel/engines/UnrealEngine/Engine/Source/Runtime/RenderCore/Public/RenderResource.h,15,1,16
/media/ullmann/HDDGabriel/engines/UnrealEngine/Engine/Source/ThirdParty/ICU/icu4c-53_1/source/layoutex/plruns.cpp,0,2,2
/media/ullmann/HDDGabriel/engines/UnrealEngine/Engine/Source/ThirdParty/ICU/icu4c-53_1/source/layoutex/layout/RunArrays.h,2,0,2
/media/ullmann/HDDGabriel/engines/UnrealEngine/Engine/Source/ThirdParty/ShaderConductor/ShaderConductor/External/DirectXShaderCompiler/tools/clang/tools/libclang/Indexing.cpp,0,8,8
/media/ullmann/HDDGabriel/engines/UnrealEngine/Engine/Source/ThirdParty/SDL2/SDL-gui-backend/src/stdlib/SDL_crc32.c,0,1,1
/media/ullmann/HDDGabriel/engines/UnrealEngine/Engine/Source/ThirdParty/FreeType2/FreeType2-2.10.4/src/sfnt/ttmtx.c,1,2,3
/media/ullmann/HDDGabriel/engines/UnrealEngine/Engine/Source/ThirdParty/FreeType2/FreeType2-2.10.4/src/sfnt/sferrors.h,10,0,10
/media/ullmann/HDDGabriel/engines/UnrealEngine/Engine/Source/ThirdParty/Intel/Embree/Embree2140/src/kernels/bvh/bvh_refit.cpp,0,8,8
/media/ullmann/HDDGabriel/engines/UnrealEngine/Engine/Source/ThirdParty/PhysX3/APEX_1.4/module/destructible_legacy/include/autogen/DestructibleActorParam_0p22.h,1,0,1
/media/ullmann/HDDGabriel/engines/UnrealEngine/Engine/Source/Editor/GraphEditor/Private/KismetNodes/SGraphNodeMakeStruct.h,1,0,1
/media/ullmann/HDDGabriel/engines/UnrealEngine/Engine/Source/ThirdParty/Intel/Embree/Embree270/src/kernels/xeon/bvh4/bvh4_rotate.h,3,1,4
/media/ullmann/HDDGabriel/engines/UnrealEngine/Engine/Source/ThirdParty/OpenVDB/openvdb-8.1.0/openvdb_ax/openvdb_ax/codegen/ConstantFolding.h,1,1,2
/media/ullmann/HDDGabriel/engines/UnrealEngine/Engine/Source/Developer/TraceInsights/Private/Insights/MemoryProfiler/ViewModels/MemorySharedState.cpp,0,1,1
/media/ullmann/HDDGabriel/engines/UnrealEngine/Engine/Source/Developer/TraceInsights/Private/Insights/MemoryProfiler/ViewModels/MemorySharedState.h,1,0,1
/media/ullmann/HDDGabriel/engines/UnrealEngine/Engine/Source/Runtime/Engine/Public/Audio.h,7,0,7
/media/ullmann/HDDGabriel/engines/UnrealEngine/Engine/Source/Editor/ClothPainter/Private/ClothPaintingModule.cpp,0,5,5
/media/ullmann/HDDGabriel/engines/UnrealEngine/Engine/Source/Editor/ClothPainter/Private/SClothPaintTab.h,2,0,2
/media/ullmann/HDDGabriel/engines/UnrealEngine/Engine/Source/ThirdParty/FreeType2/FreeType2-2.10.0/src/autofit/afcjk.c,1,5,6
/media/ullmann/HDDGabriel/engines/UnrealEngine/Engine/Source/ThirdParty/PhysX3/PhysX_3.4/Source/PhysX/src/PvdMetaDataPvdBinding.cpp,0,5,5
/media/ullmann/HDDGabriel/engines/UnrealEngine/Engine/Source/ThirdParty/Intel/ISPC/ispc-1.16.1/examples/cpu/gmres/mmio.c,0,1,1
/media/ullmann/HDDGabriel/engines/UnrealEngine/Engine/Source/ThirdParty/ICU/icu4c-53_1/source/common/caniter.cpp,0,11,11
/media/ullmann/HDDGabriel/engines/UnrealEngine/Engine/Source/ThirdParty/FBX/2020.2/include/fbxsdk/scene/geometry/fbxcamera.h,1,0,1
/media/ullmann/HDDGabriel/engines/UnrealEngine/Engine/Source/ThirdParty/Boost/boost-1_70_0/include/boost/outcome/experimental/status-code/system_code.hpp,2,3,5
/media/ullmann/HDDGabriel/engines/UnrealEngine/Engine/Source/ThirdParty/WebRTC/4147/Include/third_party/libvpx/source/config/linux/arm/vpx_scale_rtcd.h,0,1,1
/media/ullmann/HDDGabriel/engines/UnrealEngine/Engine/Source/Runtime/AugmentedReality/Public/ARActor.h,1,2,3
/media/ullmann/HDDGabriel/engines/UnrealEngine/Engine/Source/ThirdParty/SDL2/SDL-gui-backend/src/video/SDL_blit_slow.c,0,3,3
/media/ullmann/HDDGabriel/engines/UnrealEngine/Engine/Source/ThirdParty/ShaderConductor/ShaderConductor/External/DirectXShaderCompiler/tools/clang/lib/Parse/ParseExpr.cpp,0,1,1
/media/ullmann/HDDGabriel/engines/UnrealEngine/Engine/Source/Editor/Persona/Private/SkeletalMeshSocketDetails.h,2,0,2
/media/ullmann/HDDGabriel/engines/UnrealEngine/Engine/Source/Editor/MaterialEditor/Private/SMaterialParametersOverviewWidget.h,2,0,2
/media/ullmann/HDDGabriel/engines/UnrealEngine/Engine/Source/ThirdParty/ICU/icu4c-53_1/source/layout/CharSubstitutionFilter.h,3,2,5
/media/ullmann/HDDGabriel/engines/UnrealEngine/Engine/Source/ThirdParty/ICU/icu4c-53_1/source/layout/LEGlyphFilter.h,21,1,22
/media/ullmann/HDDGabriel/engines/UnrealEngine/Engine/Source/ThirdParty/nvTextureTools/nvTextureTools-2.0.8/src/src/nvcore/nvcore.h,0,5,5
/media/ullmann/HDDGabriel/engines/UnrealEngine/Engine/Source/ThirdParty/nvTextureTools/nvTextureTools-2.0.8/src/src/nvcore/DefsGnucLinux.h,1,0,1
/media/ullmann/HDDGabriel/engines/UnrealEngine/Engine/Source/Runtime/CrashReportCore/Private/Mac/MacErrorReport.cpp,0,1,1
/media/ullmann/HDDGabriel/engines/UnrealEngine/Engine/Source/Runtime/CrashReportCore/Private/CrashReportUtil.h,4,0,4
/media/ullmann/HDDGabriel/engines/UnrealEngine/Engine/Source/Runtime/BinkAudioDecoder/SDK/BinkAudio/Src/win32_ticks.cpp,0,1,1
/media/ullmann/HDDGabriel/engines/UnrealEngine/Engine/Source/Runtime/BinkAudioDecoder/SDK/BinkAudio/Src/ticks.h,7,1,8
/media/ullmann/HDDGabriel/engines/UnrealEngine/Engine/Source/ThirdParty/CryptoPP/5.6.2/include/integer.cpp,0,11,11
/media/ullmann/HDDGabriel/engines/UnrealEngine/Engine/Source/Runtime/SlateRHIRenderer/Private/SlateUTextureResource.cpp,0,1,1
/media/ullmann/HDDGabriel/engines/UnrealEngine/Engine/Source/Developer/SlateReflector/Private/VisualTreeCapture.cpp,0,1,1
/media/ullmann/HDDGabriel/engines/UnrealEngine/Engine/Source/Developer/SlateReflector/Private/VisualTreeCapture.h,1,0,1
/media/ullmann/HDDGabriel/engines/UnrealEngine/Engine/Source/ThirdParty/PhysX3/PhysX_3.4/Source/PhysXCharacterKinematic/src/CctBoxController.cpp,0,2,2
/media/ullmann/HDDGabriel/engines/UnrealEngine/Engine/Source/ThirdParty/PhysX3/PhysX_3.4/Source/PhysXCharacterKinematic/src/CctBoxController.h,4,1,5
/media/ullmann/HDDGabriel/engines/UnrealEngine/Engine/Source/ThirdParty/Steamworks/Steamv147/sdk/public/steam/isteaminput.h,2,1,3
/media/ullmann/HDDGabriel/engines/UnrealEngine/Engine/Source/ThirdParty/SDL2/SDL-gui-backend/src/render/software/SDL_triangle.h,2,1,3
/media/ullmann/HDDGabriel/engines/UnrealEngine/Engine/Source/ThirdParty/SDL2/SDL-gui-backend/src/filesystem/winrt/SDL_sysfilesystem.cpp,0,2,2
/media/ullmann/HDDGabriel/engines/UnrealEngine/Engine/Source/Developer/TraceInsights/Private/Insights/ViewModels/TrackHeader.cpp,0,1,1
/media/ullmann/HDDGabriel/engines/UnrealEngine/Engine/Source/Developer/TraceInsights/Private/Insights/ViewModels/TrackHeader.h,1,0,1
/media/ullmann/HDDGabriel/engines/UnrealEngine/Engine/Source/ThirdParty/ICU/icu4c-64_1/source/common/uinvchar.cpp,0,7,7
/media/ullmann/HDDGabriel/engines/UnrealEngine/Engine/Source/ThirdParty/PhysX3/PhysX_3.4/Source/PhysXVehicle/src/PxVehicleComponents.cpp,0,1,1
/media/ullmann/HDDGabriel/engines/UnrealEngine/Engine/Source/ThirdParty/CryptoPP/5.6.2/include/ccm.h,3,2,5
/media/ullmann/HDDGabriel/engines/UnrealEngine/Engine/Source/Editor/GameProjectGeneration/Private/SProjectDialog.cpp,0,6,6
/media/ullmann/HDDGabriel/engines/UnrealEngine/Engine/Source/Editor/GameProjectGeneration/Private/TemplateCategory.h,4,0,4
/media/ullmann/HDDGabriel/engines/UnrealEngine/Engine/Source/ThirdParty/ICU/icu4c-64_1/source/i18n/double-conversion.cpp,0,6,6
/media/ullmann/HDDGabriel/engines/UnrealEngine/Engine/Source/ThirdParty/ICU/icu4c-64_1/source/i18n/double-conversion-bignum-dtoa.h,2,1,3
/media/ullmann/HDDGabriel/engines/UnrealEngine/Engine/Source/ThirdParty/hlslcc/hlslcc/src/hlslcc_lib/hlslcc_private.h,4,0,4
/media/ullmann/HDDGabriel/engines/UnrealEngine/Engine/Source/ThirdParty/PhysX3/APEX_1.4/module/destructible/fracture/CompoundGeometry.h,3,1,4
/media/ullmann/HDDGabriel/engines/UnrealEngine/Engine/Source/ThirdParty/FreeType2/FreeType2-2.4.12/src/cid/cidload.h,3,1,4
/media/ullmann/HDDGabriel/engines/UnrealEngine/Engine/Source/ThirdParty/FreeType2/FreeType2-2.4.12/src/cid/cidparse.h,2,0,2
/media/ullmann/HDDGabriel/engines/UnrealEngine/Engine/Source/ThirdParty/Python3/Linux/include/python3.9/bltinmodule.h,1,0,1
/media/ullmann/HDDGabriel/engines/UnrealEngine/Engine/Source/ThirdParty/WebRTC/4147/Include/third_party/libvpx/source/libvpx/vp8/common/findnearmv.h,0,4,4
/media/ullmann/HDDGabriel/engines/UnrealEngine/Engine/Source/ThirdParty/WebRTC/4147/Include/third_party/libvpx/source/libvpx/vp8/common/mv.h,2,0,2
/media/ullmann/HDDGabriel/engines/UnrealEngine/Engine/Source/ThirdParty/FreeImage/FreeImage-3.18.0/Source/OpenEXR/IlmImf/ImfOutputFile.cpp,0,14,14
/media/ullmann/HDDGabriel/engines/UnrealEngine/Engine/Source/ThirdParty/Intel/ISPC/ispc-1.16.1/src/sym.cpp,0,3,3
/media/ullmann/HDDGabriel/engines/UnrealEngine/Engine/Source/ThirdParty/ICU/icu4c-53_1/source/i18n/toupptrn.h,2,2,4
/media/ullmann/HDDGabriel/engines/UnrealEngine/Engine/Source/ThirdParty/FreeType2/FreeType2-2.6/Src/cff/cf2blues.h,2,1,3
/media/ullmann/HDDGabriel/engines/UnrealEngine/Engine/Source/ThirdParty/SDL2/SDL-gui-backend/src/video/khronos/vulkan/vulkan_android.h,1,0,1
/media/ullmann/HDDGabriel/engines/UnrealEngine/Engine/Source/Editor/CurveTableEditor/Private/CurveTableEditor.cpp,0,3,3
/media/ullmann/HDDGabriel/engines/UnrealEngine/Engine/Source/ThirdParty/ICU/icu4c-53_1/source/common/ucol_swp.cpp,0,7,7
/media/ullmann/HDDGabriel/engines/UnrealEngine/Engine/Source/ThirdParty/FreeType2/FreeType2-2.10.0/src/psaux/psobjs.h,6,0,6
/media/ullmann/HDDGabriel/engines/UnrealEngine/Engine/Source/ThirdParty/ICU/icu4c-53_1/source/common/unicode/usprep.h,3,0,3
/media/ullmann/HDDGabriel/engines/UnrealEngine/Engine/Source/ThirdParty/PhysX3/PhysX_3.4/Source/LowLevelParticles/src/PtDynamics.cpp,0,3,3
/media/ullmann/HDDGabriel/engines/UnrealEngine/Engine/Source/ThirdParty/PhysX3/PhysX_3.4/Source/LowLevelParticles/src/PtDynamics.h,2,3,5
/media/ullmann/HDDGabriel/engines/UnrealEngine/Engine/Source/ThirdParty/FreeType2/FreeType2-2.6/Src/pfr/pfrcmap.c,1,3,4
/media/ullmann/HDDGabriel/engines/UnrealEngine/Engine/Source/ThirdParty/FreeType2/FreeType2-2.6/Src/pfr/pfrerror.h,6,0,6
/media/ullmann/HDDGabriel/engines/UnrealEngine/Engine/Source/ThirdParty/PhysX3/NvCloth/src/dx/DxContextLock.cpp,0,2,2
/media/ullmann/HDDGabriel/engines/UnrealEngine/Engine/Source/Editor/GraphEditor/Public/SGraphNodeComment.h,0,2,2
/media/ullmann/HDDGabriel/engines/UnrealEngine/Engine/Source/Editor/GraphEditor/Public/SGraphNodeResizable.h,2,1,3
/media/ullmann/HDDGabriel/engines/UnrealEngine/Engine/Source/Developer/Windows/LiveCodingServer/Private/External/LC_Compiler.cpp,0,4,4
/media/ullmann/HDDGabriel/engines/UnrealEngine/Engine/Source/Developer/Windows/LiveCodingServer/Private/External/LC_Filesystem.h,12,1,13
/media/ullmann/HDDGabriel/engines/UnrealEngine/Engine/Source/ThirdParty/Oculus/LibOVRPlatform/LibOVRPlatform/include/OVR_MatchmakingRoom.h,2,2,4
/media/ullmann/HDDGabriel/engines/UnrealEngine/Engine/Source/ThirdParty/ICU/icu4c-64_1/source/common/unicode/uenum.h,7,0,7
/media/ullmann/HDDGabriel/engines/UnrealEngine/Engine/Source/ThirdParty/libOpus/opus-1.3.1-12/celt/rate.h,11,2,13
/media/ullmann/HDDGabriel/engines/UnrealEngine/Engine/Source/ThirdParty/ShaderConductor/ShaderConductor/External/SPIRV-Cross/spirv_cross_util.cpp,0,2,2
/media/ullmann/HDDGabriel/engines/UnrealEngine/Engine/Source/ThirdParty/ShaderConductor/ShaderConductor/External/SPIRV-Cross/spirv_common.hpp,5,3,8
/media/ullmann/HDDGabriel/engines/UnrealEngine/Engine/Source/Runtime/Core/Public/Misc/OutputDeviceError.h,1,0,1
/media/ullmann/HDDGabriel/engines/UnrealEngine/Engine/Source/Runtime/Engine/Public/Animation/PoseSnapshot.h,2,0,2
/media/ullmann/HDDGabriel/engines/UnrealEngine/Engine/Source/ThirdParty/FreeType2/FreeType2-2.4.12/src/gzip/adler32.c,1,1,2
/media/ullmann/HDDGabriel/engines/UnrealEngine/Engine/Source/ThirdParty/ICU/icu4c-64_1/source/i18n/uregex.cpp,0,3,3
/media/ullmann/HDDGabriel/engines/UnrealEngine/Engine/Source/Runtime/Engine/Public/Physics/PhysicsInterfaceCore.h,0,1,1
/media/ullmann/HDDGabriel/engines/UnrealEngine/Engine/Source/Runtime/Engine/Public/Physics/PhysicsInterfaceDeclares.h,4,0,4
/media/ullmann/HDDGabriel/engines/UnrealEngine/Engine/Source/ThirdParty/FreeImage/FreeImage-3.18.0/Source/LibPNG/pngrtran.c,0,1,1
/media/ullmann/HDDGabriel/engines/UnrealEngine/Engine/Source/ThirdParty/hlslcc/hlslcc/src/hlslcc_lib/opt_array_splitting.cpp,0,7,7
/media/ullmann/HDDGabriel/engines/UnrealEngine/Engine/Source/ThirdParty/hlslcc/hlslcc/src/hlslcc_lib/ir_print_visitor.h,6,2,8
/media/ullmann/HDDGabriel/engines/UnrealEngine/Engine/Source/Runtime/MovieScene/Public/MovieSceneSection.h,2,11,13
/media/ullmann/HDDGabriel/engines/UnrealEngine/Engine/Source/ThirdParty/Imath/Imath-3.1.3/src/Imath/ImathMath.h,5,2,7
/media/ullmann/HDDGabriel/engines/UnrealEngine/Engine/Source/ThirdParty/ICU/icu4c-64_1/source/test/intltest/dtptngts.cpp,0,2,2
/media/ullmann/HDDGabriel/engines/UnrealEngine/Engine/Source/ThirdParty/ICU/icu4c-64_1/source/test/intltest/loctest.h,4,1,5
/media/ullmann/HDDGabriel/engines/UnrealEngine/Engine/Source/ThirdParty/ICU/icu4c-64_1/source/i18n/double-conversion-fast-dtoa.h,2,1,3
/media/ullmann/HDDGabriel/engines/UnrealEngine/Engine/Source/ThirdParty/ICU/icu4c-64_1/source/common/rbbidata.h,5,8,13
/media/ullmann/HDDGabriel/engines/UnrealEngine/Engine/Source/Developer/LogVisualizer/Private/LogVisualizerModule.cpp,0,5,5
/media/ullmann/HDDGabriel/engines/UnrealEngine/Engine/Source/ThirdParty/ICU/icu4c-64_1/source/i18n/collationdatabuilder.cpp,0,5,5
/media/ullmann/HDDGabriel/engines/UnrealEngine/Engine/Source/ThirdParty/Unix/LibCxx/include/c++/v1/string.h,0,1,1
/media/ullmann/HDDGabriel/engines/UnrealEngine/Engine/Source/ThirdParty/Intel/Embree/Embree2140/src/common/sys/alloc.h,9,1,10
/media/ullmann/HDDGabriel/engines/UnrealEngine/Engine/Source/ThirdParty/NVIDIA/GeForceNOW/include/GfnRuntimeSdk_Wrapper.c,0,2,2
/media/ullmann/HDDGabriel/engines/UnrealEngine/Engine/Source/ThirdParty/NVIDIA/GeForceNOW/include/GfnRuntimeSdk_Wrapper.h,1,1,2
/media/ullmann/HDDGabriel/engines/UnrealEngine/Engine/Source/ThirdParty/ShaderConductor/ShaderConductor/External/DirectXShaderCompiler/include/llvm/DebugInfo/PDB/PDBSymbolTypeUDT.h,0,2,2
/media/ullmann/HDDGabriel/engines/UnrealEngine/Engine/Source/Editor/DetailCustomizations/Private/LinuxTargetSettingsDetails.h,2,0,2
/media/ullmann/HDDGabriel/engines/UnrealEngine/Engine/Source/ThirdParty/Intel/MetricsDiscovery/MetricsDiscoveryHelper/metrics-discovery/instrumentation/metrics_discovery/common/inc/md_debug.h,1,0,1
/media/ullmann/HDDGabriel/engines/UnrealEngine/Engine/Source/ThirdParty/ICU/icu4c-64_1/source/common/dictbe.cpp,0,12,12
/media/ullmann/HDDGabriel/engines/UnrealEngine/Engine/Source/Runtime/Landscape/Private/LandscapeEditReadback.cpp,0,2,2
/media/ullmann/HDDGabriel/engines/UnrealEngine/Engine/Source/Runtime/Landscape/Private/LandscapePrivate.h,9,0,9
/media/ullmann/HDDGabriel/engines/UnrealEngine/Engine/Source/ThirdParty/openexr/openexr-3.1.1/src/lib/OpenEXR/ImfScanLineInputFile.h,3,3,6
/media/ullmann/HDDGabriel/engines/UnrealEngine/Engine/Source/ThirdParty/Intel/Embree/Embree270/src/common/lexers/stream.h,3,4,7
/media/ullmann/HDDGabriel/engines/UnrealEngine/Engine/Source/ThirdParty/Intel/Embree/Embree270/src/common/sys/string.h,7,1,8
/media/ullmann/HDDGabriel/engines/UnrealEngine/Engine/Source/ThirdParty/FreeImage/FreeImage-3.18.0/Source/OpenEXR/IlmThread/IlmThreadWin32.cpp,0,1,1
/media/ullmann/HDDGabriel/engines/UnrealEngine/Engine/Source/ThirdParty/WebRTC/4147/Include/rtc_base/bounded_inline_vector.h,0,1,1
/media/ullmann/HDDGabriel/engines/UnrealEngine/Engine/Source/ThirdParty/Boost/boost-1_70_0/include/boost/numeric/ublas/tensor/functions.hpp,2,5,7
/media/ullmann/HDDGabriel/engines/UnrealEngine/Engine/Source/ThirdParty/openexr/openexr-3.1.1/src/lib/OpenEXRCore/part.c,0,4,4
/media/ullmann/HDDGabriel/engines/UnrealEngine/Engine/Source/ThirdParty/ShaderConductor/ShaderConductor/External/DirectXShaderCompiler/include/llvm/DebugInfo/PDB/PDBSymbolTypeDimension.h,0,2,2
/media/ullmann/HDDGabriel/engines/UnrealEngine/Engine/Source/ThirdParty/FreeImage/FreeImage-3.18.0/Source/OpenEXR/IlmImf/ImfDoubleAttribute.h,3,2,5
/media/ullmann/HDDGabriel/engines/UnrealEngine/Engine/Source/Developer/SourceCodeAccess/Private/DefaultSourceCodeAccessor.cpp,0,1,1
/media/ullmann/HDDGabriel/engines/UnrealEngine/Engine/Source/Developer/SourceCodeAccess/Private/DefaultSourceCodeAccessor.h,2,0,2
/media/ullmann/HDDGabriel/engines/UnrealEngine/Engine/Source/Editor/HierarchicalLODOutliner/Private/HLODOutlinerDragDrop.cpp,0,2,2
/media/ullmann/HDDGabriel/engines/UnrealEngine/Engine/Source/ThirdParty/PhysX3/PhysX_3.4/Source/PhysXVehicle/src/PxVehicleSDK.cpp,0,1,1
/media/ullmann/HDDGabriel/engines/UnrealEngine/Engine/Source/ThirdParty/PhysX3/PhysX_3.4/Source/PhysXVehicle/src/PxVehicleSerialization.h,2,0,2
/media/ullmann/HDDGabriel/engines/UnrealEngine/Engine/Source/ThirdParty/CryptoPP/5.6.5/include/md5.cpp,0,3,3
/media/ullmann/HDDGabriel/engines/UnrealEngine/Engine/Source/ThirdParty/WebRTC/4147/Include/base/third_party/double_conversion/double-conversion/double-conversion.h,0,2,2
/media/ullmann/HDDGabriel/engines/UnrealEngine/Engine/Source/ThirdParty/WebRTC/4147/Include/base/third_party/double_conversion/double-conversion/string-to-double.h,1,1,2
/media/ullmann/HDDGabriel/engines/UnrealEngine/Engine/Source/ThirdParty/ICU/icu4c-53_1/source/common/uinvchar.h,7,1,8
/media/ullmann/HDDGabriel/engines/UnrealEngine/Engine/Source/ThirdParty/PhysX3/PxShared/src/foundation/include/unix/sse2/PsUnixSse2InlineAoS.h,1,1,2
/media/ullmann/HDDGabriel/engines/UnrealEngine/Engine/Source/ThirdParty/PhysX3/PxShared/src/foundation/include/PsVecMathSSE.h,2,0,2
/media/ullmann/HDDGabriel/engines/UnrealEngine/Engine/Source/Runtime/RenderCore/Public/ShaderParameterMetadataBuilder.h,0,1,1
/media/ullmann/HDDGabriel/engines/UnrealEngine/Engine/Source/ThirdParty/Intel/Embree/Embree270/src/kernels/common/raystream_log.h,3,2,5
/media/ullmann/HDDGabriel/engines/UnrealEngine/Engine/Source/ThirdParty/Intel/Embree/Embree270/src/include/embree2/rtcore_ray.h,5,0,5
/media/ullmann/HDDGabriel/engines/UnrealEngine/Engine/Source/ThirdParty/SDL2/SDL-gui-backend/include/SDL_test_fuzzer.h,1,2,3
/media/ullmann/HDDGabriel/engines/UnrealEngine/Engine/Source/ThirdParty/ICU/icu4c-53_1/source/layout/GlyphLookupTables.h,3,2,5
/media/ullmann/HDDGabriel/engines/UnrealEngine/Engine/Source/ThirdParty/ICU/icu4c-64_1/source/i18n/unicode/dcfmtsym.h,7,0,7
/media/ullmann/HDDGabriel/engines/UnrealEngine/Engine/Source/ThirdParty/Intel/Embree/Embree270/src/kernels/algorithms/parallel_prefix_sum.h,4,1,5
/media/ullmann/HDDGabriel/engines/UnrealEngine/Engine/Source/ThirdParty/CryptoPP/5.6.2/include/rijndael.cpp,0,4,4
/media/ullmann/HDDGabriel/engines/UnrealEngine/Engine/Source/ThirdParty/ICU/icu4c-64_1/source/layoutex/ParagraphLayout.cpp,0,2,2
/media/ullmann/HDDGabriel/engines/UnrealEngine/Engine/Source/ThirdParty/ICU/icu4c-64_1/source/layoutex/LXUtilities.h,2,0,2
/media/ullmann/HDDGabriel/engines/UnrealEngine/Engine/Source/ThirdParty/libOpus/opus-1.1/celt/cwrs.h,5,4,9
/media/ullmann/HDDGabriel/engines/UnrealEngine/Engine/Source/Editor/UnrealEd/Private/Cooker/PackageTracker.h,2,3,5
/media/ullmann/HDDGabriel/engines/UnrealEngine/Engine/Source/ThirdParty/FreeImage/FreeImage-3.18.0/Source/FreeImage/PluginJPEG.cpp,0,4,4
/media/ullmann/HDDGabriel/engines/UnrealEngine/Engine/Source/Developer/ExternalImagePicker/Public/IExternalImagePickerModule.h,0,1,1
/media/ullmann/HDDGabriel/engines/UnrealEngine/Engine/Source/Editor/PropertyEditor/Public/PropertyHandle.h,9,1,10
/media/ullmann/HDDGabriel/engines/UnrealEngine/Engine/Source/ThirdParty/ICU/icu4c-53_1/source/tools/genrb/wrtjava.c,0,4,4
/media/ullmann/HDDGabriel/engines/UnrealEngine/Engine/Source/ThirdParty/Imath/Imath-3.1.3/src/python/PyImath/PyImathColor4Array2DImpl.h,1,3,4
/media/ullmann/HDDGabriel/engines/UnrealEngine/Engine/Source/ThirdParty/FreeType2/FreeType2-2.6/Src/autofit/afmodule.h,4,0,4
/media/ullmann/HDDGabriel/engines/UnrealEngine/Engine/Source/ThirdParty/HarfBuzz/harfbuzz-2.4.0/src/hb-set.h,6,1,7
/media/ullmann/HDDGabriel/engines/UnrealEngine/Engine/Source/ThirdParty/Steamworks/Steamv147/sdk/public/steam/steamnetworkingsockets.h,0,1,1
/media/ullmann/HDDGabriel/engines/UnrealEngine/Engine/Source/ThirdParty/Steamworks/Steamv147/sdk/public/steam/isteamnetworkingsockets.h,1,1,2
/media/ullmann/HDDGabriel/engines/UnrealEngine/Engine/Source/Editor/StaticMeshEditor/Private/SStaticMeshEditorViewport.cpp,0,6,6
/media/ullmann/HDDGabriel/engines/UnrealEngine/Engine/Source/Editor/StaticMeshEditor/Private/SStaticMeshEditorViewport.h,5,1,6
/media/ullmann/HDDGabriel/engines/UnrealEngine/Engine/Source/ThirdParty/openexr/openexr-3.1.1/src/test/OpenEXRTest/random.cpp,0,1,1
/media/ullmann/HDDGabriel/engines/UnrealEngine/Engine/Source/ThirdParty/ICU/icu4c-64_1/source/common/ushape.cpp,0,9,9
/media/ullmann/HDDGabriel/engines/UnrealEngine/Engine/Source/Developer/AssetTools/Private/AssetToolsModule.cpp,0,3,3
/media/ullmann/HDDGabriel/engines/UnrealEngine/Engine/Source/ThirdParty/CryptoPP/5.6.2/include/gzip.h,2,3,5
/media/ullmann/HDDGabriel/engines/UnrealEngine/Engine/Source/ThirdParty/PhysX3/PhysX_3.4/Source/SceneQuery/src/SqAABBPruner.cpp,0,3,3
/media/ullmann/HDDGabriel/engines/UnrealEngine/Engine/Source/ThirdParty/PhysX3/PhysX_3.4/Source/SceneQuery/src/SqAABBTree.h,9,2,11
/media/ullmann/HDDGabriel/engines/UnrealEngine/Engine/Source/ThirdParty/ShaderConductor/ShaderConductor/External/SPIRV-Tools/source/opt/code_sink.cpp,0,1,1
/media/ullmann/HDDGabriel/engines/UnrealEngine/Engine/Source/ThirdParty/ShaderConductor/ShaderConductor/External/SPIRV-Tools/source/opt/code_sink.h,1,0,1
/media/ullmann/HDDGabriel/engines/UnrealEngine/Engine/Source/ThirdParty/OpenVDB/openvdb-8.1.0/openvdb/openvdb/tools/VolumeToSpheres.h,0,5,5
/media/ullmann/HDDGabriel/engines/UnrealEngine/Engine/Source/ThirdParty/OpenVDB/openvdb-8.1.0/openvdb/openvdb/tools/VolumeToMesh.h,1,0,1
/media/ullmann/HDDGabriel/engines/UnrealEngine/Engine/Source/ThirdParty/PhysX3/PhysX_3.4/Source/GeomUtils/src/GuBounds.cpp,0,2,2
/media/ullmann/HDDGabriel/engines/UnrealEngine/Engine/Source/ThirdParty/PhysX3/APEX_1.4/module/clothing_legacy/include/autogen/ClothingActorParam_0p16.h,1,0,1
/media/ullmann/HDDGabriel/engines/UnrealEngine/Engine/Source/Editor/DistCurveEditor/Private/CurveEditorHitProxies.cpp,0,1,1
/media/ullmann/HDDGabriel/engines/UnrealEngine/Engine/Source/Editor/DistCurveEditor/Private/CurveEditorHitProxies.h,2,0,2
/media/ullmann/HDDGabriel/engines/UnrealEngine/Engine/Source/Editor/UnrealEd/Public/SViewportToolBarIconMenu.h,0,1,1
/media/ullmann/HDDGabriel/engines/UnrealEngine/Engine/Source/ThirdParty/PhysX3/APEX_1.4/shared/general/HACD/include/dgHeap.h,1,1,2
/media/ullmann/HDDGabriel/engines/UnrealEngine/Engine/Source/ThirdParty/ICU/icu4c-53_1/source/test/intltest/msfmrgts.h,2,1,3
/media/ullmann/HDDGabriel/engines/UnrealEngine/Engine/Source/Developer/Windows/LiveCodingServer/Private/External/LC_Coff.cpp,0,7,7
/media/ullmann/HDDGabriel/engines/UnrealEngine/Engine/Source/Developer/Windows/LiveCodingServer/Private/External/LC_CoffDetail.h,4,0,4
/media/ullmann/HDDGabriel/engines/UnrealEngine/Engine/Source/ThirdParty/ICU/icu4c-64_1/source/test/intltest/localebuildertest.cpp,0,1,1
/media/ullmann/HDDGabriel/engines/UnrealEngine/Engine/Source/ThirdParty/ShaderConductor/ShaderConductor/External/DirectXShaderCompiler/lib/CodeGen/AsmPrinter/DwarfUnit.h,5,1,6
/media/ullmann/HDDGabriel/engines/UnrealEngine/Engine/Source/ThirdParty/ICU/icu4c-53_1/source/layout/LigatureSubstSubtables.cpp,0,7,7
/media/ullmann/HDDGabriel/engines/UnrealEngine/Engine/Source/ThirdParty/ICU/icu4c-64_1/source/i18n/cpdtrans.h,3,1,4
/media/ullmann/HDDGabriel/engines/UnrealEngine/Engine/Source/ThirdParty/SDL2/SDL-gui-backend/src/thread/stdcpp/SDL_systhread.cpp,0,3,3
/media/ullmann/HDDGabriel/engines/UnrealEngine/Engine/Source/ThirdParty/glslang/glslang/src/glslang_lib/hlsl/hlslAttributes.h,3,3,6
/media/ullmann/HDDGabriel/engines/UnrealEngine/Engine/Source/ThirdParty/ICU/icu4c-64_1/source/io/sprintf.cpp,0,3,3
/media/ullmann/HDDGabriel/engines/UnrealEngine/Engine/Source/ThirdParty/FreeType2/FreeType2-2.10.0/src/psaux/psobjs.c,1,4,5
/media/ullmann/HDDGabriel/engines/UnrealEngine/Engine/Source/ThirdParty/FreeType2/FreeType2-2.10.0/src/psaux/psauxerr.h,6,0,6
/media/ullmann/HDDGabriel/engines/UnrealEngine/Engine/Source/ThirdParty/glslang/glslang/src/glslang_lib/glslang/GenericCodeGen/CodeGen.cpp,0,3,3
/media/ullmann/HDDGabriel/engines/UnrealEngine/Engine/Source/Runtime/Apple/MetalRHI/Private/MetalCommandList.cpp,0,8,8
/media/ullmann/HDDGabriel/engines/UnrealEngine/Engine/Source/Runtime/Apple/MetalRHI/Private/MetalCommandList.h,3,0,3
/media/ullmann/HDDGabriel/engines/UnrealEngine/Engine/Source/Runtime/Renderer/Private/PostProcess/PostProcessUpscale.h,3,0,3
/media/ullmann/HDDGabriel/engines/UnrealEngine/Engine/Source/ThirdParty/FreeType2/FreeType2-2.10.0/src/pshinter/pshinter.c,0,4,4
/media/ullmann/HDDGabriel/engines/UnrealEngine/Engine/Source/ThirdParty/FreeType2/FreeType2-2.10.0/src/pshinter/pshalgo.c,1,2,3
/media/ullmann/HDDGabriel/engines/UnrealEngine/Engine/Source/ThirdParty/ICU/icu4c-53_1/source/test/intltest/csdetest.h,2,1,3
/media/ullmann/HDDGabriel/engines/UnrealEngine/Engine/Source/ThirdParty/Intel/TBB/IntelTBB-2019u8/src/tbb/private_server.cpp,1,5,6
/media/ullmann/HDDGabriel/engines/UnrealEngine/Engine/Source/ThirdParty/Intel/TBB/IntelTBB-2019u8/src/test/test_concurrent_associative_common.h,2,6,8
/media/ullmann/HDDGabriel/engines/UnrealEngine/Engine/Source/Editor/BehaviorTreeEditor/Private/BehaviorTreeEditorUtils.h,3,0,3
/media/ullmann/HDDGabriel/engines/UnrealEngine/Engine/Source/ThirdParty/ICU/icu4c-64_1/source/common/servnotf.h,2,5,7
/media/ullmann/HDDGabriel/engines/UnrealEngine/Engine/Source/ThirdParty/CryptoPP/5.6.2/include/oaep.cpp,0,2,2
/media/ullmann/HDDGabriel/engines/UnrealEngine/Engine/Source/ThirdParty/libOpus/opus-1.1/silk/decode_pulses.c,0,1,1
/media/ullmann/HDDGabriel/engines/UnrealEngine/Engine/Source/ThirdParty/ICU/icu4c-64_1/source/i18n/double-conversion-diy-fp.cpp,0,2,2
/media/ullmann/HDDGabriel/engines/UnrealEngine/Engine/Source/ThirdParty/FreeImage/FreeImage-3.18.0/Source/OpenEXR/Imath/ImathExport.h,6,0,6
/media/ullmann/HDDGabriel/engines/UnrealEngine/Engine/Source/ThirdParty/ShaderConductor/ShaderConductor/External/DirectXShaderCompiler/lib/CodeGen/AsmPrinter/DebugLocStream.h,2,1,3
/media/ullmann/HDDGabriel/engines/UnrealEngine/Engine/Source/ThirdParty/FreeType2/FreeType2-2.4.12/src/sfnt/ttcmap.c,1,5,6
/media/ullmann/HDDGabriel/engines/UnrealEngine/Engine/Source/ThirdParty/Crunch/src/crnlib/crn_jpgd.cpp,0,2,2
/media/ullmann/HDDGabriel/engines/UnrealEngine/Engine/Source/ThirdParty/ShaderConductor/ShaderConductor/External/DirectXShaderCompiler/tools/clang/lib/StaticAnalyzer/Checkers/UndefCapturedBlockVarChecker.cpp,0,1,1
/media/ullmann/HDDGabriel/engines/UnrealEngine/Engine/Source/ThirdParty/ICU/icu4c-64_1/source/i18n/strrepl.h,3,1,4
/media/ullmann/HDDGabriel/engines/UnrealEngine/Engine/Source/Editor/DetailCustomizations/Private/SceneCaptureDetails.cpp,0,1,1
/media/ullmann/HDDGabriel/engines/UnrealEngine/Engine/Source/Editor/DetailCustomizations/Private/SceneCaptureDetails.h,2,0,2
/media/ullmann/HDDGabriel/engines/UnrealEngine/Engine/Source/Runtime/SymsLib/syms/overrides/syms_crt_overrides.c,0,2,2
/media/ullmann/HDDGabriel/engines/UnrealEngine/Engine/Source/Runtime/SymsLib/syms/overrides/syms_default_scratch.c,1,0,1
/media/ullmann/HDDGabriel/engines/UnrealEngine/Engine/Source/ThirdParty/ICU/icu4c-53_1/source/i18n/collationrootelements.cpp,0,2,2
/media/ullmann/HDDGabriel/engines/UnrealEngine/Engine/Source/Runtime/Core/Public/Logging/LogMacros.h,4,0,4
/media/ullmann/HDDGabriel/engines/UnrealEngine/Engine/Source/ThirdParty/ICU/icu4c-64_1/source/test/letest/testdata.cpp,0,1,1
/media/ullmann/HDDGabriel/engines/UnrealEngine/Engine/Source/ThirdParty/FreeType2/FreeType2-2.6/Src/psaux/psauxmod.c,1,5,6
/media/ullmann/HDDGabriel/engines/UnrealEngine/Engine/Source/ThirdParty/FreeType2/FreeType2-2.6/Src/psaux/t1cmap.h,2,0,2
/media/ullmann/HDDGabriel/engines/UnrealEngine/Engine/Source/Runtime/Engine/Public/DistanceFieldAtlas.h,0,4,4
/media/ullmann/HDDGabriel/engines/UnrealEngine/Engine/Source/Editor/KismetCompiler/Public/KismetCompiler.h,0,4,4
/media/ullmann/HDDGabriel/engines/UnrealEngine/Engine/Source/ThirdParty/libOpus/opus-1.3.1-12/silk/resampler_private_down_FIR.c,0,2,2
/media/ullmann/HDDGabriel/engines/UnrealEngine/Engine/Source/ThirdParty/ICU/icu4c-64_1/source/i18n/number_patternstring.h,12,5,17
/media/ullmann/HDDGabriel/engines/UnrealEngine/Engine/Source/ThirdParty/FreeType2/FreeType2-2.6/Src/psaux/t1cmap.c,1,2,3
/media/ullmann/HDDGabriel/engines/UnrealEngine/Engine/Source/ThirdParty/FBX/2020.2/include/fbxsdk/scene/fbxobjectmetadata.h,1,0,1
/media/ullmann/HDDGabriel/engines/UnrealEngine/Engine/Source/Editor/LevelEditor/Private/SInViewportDetails.h,2,0,2
/media/ullmann/HDDGabriel/engines/UnrealEngine/Engine/Source/Editor/UMGEditor/Public/WidgetBlueprintEditor.h,0,2,2
/media/ullmann/HDDGabriel/engines/UnrealEngine/Engine/Source/Editor/UMGEditor/Public/WidgetReference.h,3,0,3
/media/ullmann/HDDGabriel/engines/UnrealEngine/Engine/Source/Developer/DerivedDataCache/Private/DerivedDataCacheKey.cpp,0,1,1
/media/ullmann/HDDGabriel/engines/UnrealEngine/Engine/Source/Developer/DerivedDataCache/Private/DerivedDataCachePrivate.h,13,0,13
/media/ullmann/HDDGabriel/engines/UnrealEngine/Engine/Source/ThirdParty/PhysX3/NvCloth/src/StackAllocator.h,3,0,3
/media/ullmann/HDDGabriel/engines/UnrealEngine/Engine/Source/Editor/WorldBrowser/Private/LevelCollectionModel.h,10,2,12
/media/ullmann/HDDGabriel/engines/UnrealEngine/Engine/Source/Editor/WorldBrowser/Private/WorldBrowserDragDrop.h,4,0,4
/media/ullmann/HDDGabriel/engines/UnrealEngine/Engine/Source/ThirdParty/OpenSubdiv/OpenSubdiv-3.4.4/opensubdiv/sdc/crease.h,12,2,14
/media/ullmann/HDDGabriel/engines/UnrealEngine/Engine/Source/ThirdParty/FreeType2/FreeType2-2.10.0/src/gzip/ftgzip.c,0,13,13
/media/ullmann/HDDGabriel/engines/UnrealEngine/Engine/Source/ThirdParty/libcurl/include/Windows/curl/typecheck-gcc.h,1,0,1
/media/ullmann/HDDGabriel/engines/UnrealEngine/Engine/Source/ThirdParty/Intel/ISPC/ispc-1.16.1/examples/cpu/gmres/util.h,1,1,2
/media/ullmann/HDDGabriel/engines/UnrealEngine/Engine/Source/ThirdParty/PhysX3/PhysX_3.4/Source/LowLevelAABB/src/BpBroadPhaseSap.cpp,0,2,2
/media/ullmann/HDDGabriel/engines/UnrealEngine/Engine/Source/ThirdParty/FreeType2/FreeType2-2.10.0/src/sfnt/ttcpal.h,2,1,3
/media/ullmann/HDDGabriel/engines/UnrealEngine/Engine/Source/ThirdParty/FreeType2/FreeType2-2.10.0/src/sfnt/ttload.h,9,0,9
/media/ullmann/HDDGabriel/engines/UnrealEngine/Engine/Source/Runtime/Online/HTTP/Private/HttpThread.cpp,0,2,2
/media/ullmann/HDDGabriel/engines/UnrealEngine/Engine/Source/Runtime/Online/HTTP/Private/IHttpThreadedRequest.h,2,0,2
/media/ullmann/HDDGabriel/engines/UnrealEngine/Engine/Source/ThirdParty/FreeType2/FreeType2-2.10.0/src/otvalid/otvcommn.c,1,1,2
/media/ullmann/HDDGabriel/engines/UnrealEngine/Engine/Source/ThirdParty/OpenVDB/Deploy/openvdb-8.1.0/include/openvdb/tools/ValueTransformer.h,6,0,6
/media/ullmann/HDDGabriel/engines/UnrealEngine/Engine/Source/ThirdParty/SDL2/SDL-gui-backend/src/joystick/virtual/SDL_virtualjoystick.c,0,4,4
/media/ullmann/HDDGabriel/engines/UnrealEngine/Engine/Source/ThirdParty/FreeType2/FreeType2-2.10.4/src/pfr/pfrsbit.h,3,1,4
/media/ullmann/HDDGabriel/engines/UnrealEngine/Engine/Source/ThirdParty/FreeType2/FreeType2-2.10.4/src/pfr/pfrobjs.h,5,1,6
/media/ullmann/HDDGabriel/engines/UnrealEngine/Engine/Source/ThirdParty/libcurl/7_65_3/include/Unix/x86_64-unknown-linux-gnu/curl/curl.h,3,6,9
/media/ullmann/HDDGabriel/engines/UnrealEngine/Engine/Source/ThirdParty/libcurl/7_65_3/include/Unix/x86_64-unknown-linux-gnu/curl/typecheck-gcc.h,1,0,1
/media/ullmann/HDDGabriel/engines/UnrealEngine/Engine/Source/ThirdParty/ICU/icu4c-53_1/source/test/intltest/trnserr.cpp,0,2,2
/media/ullmann/HDDGabriel/engines/UnrealEngine/Engine/Source/ThirdParty/ICU/icu4c-53_1/source/test/intltest/trnserr.h,2,1,3
/media/ullmann/HDDGabriel/engines/UnrealEngine/Engine/Source/ThirdParty/Intel/TBB/IntelTBB-2019u8/src/test/test_concurrent_hash_map.cpp,0,9,9
/media/ullmann/HDDGabriel/engines/UnrealEngine/Engine/Source/ThirdParty/Intel/TBB/IntelTBB-2019u8/src/test/harness_runtime_loader.h,3,0,3
/media/ullmann/HDDGabriel/engines/UnrealEngine/Engine/Source/ThirdParty/libstrophe/libstrophe-0.9.3/src/hash.h,3,0,3
/media/ullmann/HDDGabriel/engines/UnrealEngine/Engine/Source/ThirdParty/ICU/icu4c-64_1/source/common/uarrsort.h,10,1,11
/media/ullmann/HDDGabriel/engines/UnrealEngine/Engine/Source/ThirdParty/FreeType2/FreeType2-2.4.12/src/otvalid/otvgpos.c,1,3,4
/media/ullmann/HDDGabriel/engines/UnrealEngine/Engine/Source/ThirdParty/FreeType2/FreeType2-2.4.12/src/otvalid/otvgpos.h,3,0,3
/media/ullmann/HDDGabriel/engines/UnrealEngine/Engine/Source/Editor/LandscapeEditor/Private/LandscapeFileFormatPng.h,2,0,2
/media/ullmann/HDDGabriel/engines/UnrealEngine/Engine/Source/ThirdParty/ICU/icu4c-64_1/source/i18n/rbt_rule.cpp,0,4,4
/media/ullmann/HDDGabriel/engines/UnrealEngine/Engine/Source/Editor/DetailCustomizations/Private/LocalLightComponentDetails.cpp,0,2,2
/media/ullmann/HDDGabriel/engines/UnrealEngine/Engine/Source/Editor/DetailCustomizations/Private/LocalLightComponentDetails.h,2,0,2
/media/ullmann/HDDGabriel/engines/UnrealEngine/Engine/Source/ThirdParty/Crunch/src/crnlib/crn_file_utils.h,5,0,5
/media/ullmann/HDDGabriel/engines/UnrealEngine/Engine/Source/ThirdParty/PhysX3/NvCloth/samples/external/DXUT/9.15.2016.1/Core/DXUT.h,0,3,3
/media/ullmann/HDDGabriel/engines/UnrealEngine/Engine/Source/ThirdParty/PhysX3/NvCloth/samples/external/DXUT/9.15.2016.1/Core/dxerr.h,1,0,1
/media/ullmann/HDDGabriel/engines/UnrealEngine/Engine/Source/ThirdParty/libPNG/libPNG-1.5.27/contrib/gregbook/wpng.c,0,1,1
/media/ullmann/HDDGabriel/engines/UnrealEngine/Engine/Source/ThirdParty/libPNG/libPNG-1.5.27/contrib/gregbook/writepng.h,2,0,2
/media/ullmann/HDDGabriel/engines/UnrealEngine/Engine/Source/ThirdParty/FreeType2/FreeType2-2.10.0/src/cache/ftcmru.h,4,0,4
/media/ullmann/HDDGabriel/engines/UnrealEngine/Engine/Source/ThirdParty/Python3/Mac/include/rangeobject.h,1,0,1
/media/ullmann/HDDGabriel/engines/UnrealEngine/Engine/Source/Runtime/GeometryCore/Public/CapsuleTypes.h,0,4,4
/media/ullmann/HDDGabriel/engines/UnrealEngine/Engine/Source/Runtime/GeometryCore/Public/OrientedBoxTypes.h,2,3,5
/media/ullmann/HDDGabriel/engines/UnrealEngine/Engine/Source/ThirdParty/FreeType2/FreeType2-2.10.4/src/autofit/afglobal.h,8,5,13
/media/ullmann/HDDGabriel/engines/UnrealEngine/Engine/Source/ThirdParty/ICU/icu4c-64_1/source/test/cintltst/citertst.c,0,4,4
/media/ullmann/HDDGabriel/engines/UnrealEngine/Engine/Source/ThirdParty/FreeType2/FreeType2-2.6/Src/psaux/psaux.c,0,6,6
/media/ullmann/HDDGabriel/engines/UnrealEngine/Engine/Source/ThirdParty/Distorm/src/decoder.c,0,7,7
/media/ullmann/HDDGabriel/engines/UnrealEngine/Engine/Source/Runtime/Projects/Public/Projects.h,0,7,7
/media/ullmann/HDDGabriel/engines/UnrealEngine/Engine/Source/ThirdParty/ShaderConductor/ShaderConductor/External/DirectXShaderCompiler/tools/clang/lib/Headers/Intrin.h,0,1,1
/media/ullmann/HDDGabriel/engines/UnrealEngine/Engine/Source/ThirdParty/PhysX3/PhysX_3.4/Source/GeomUtils/src/mesh/GuBV4_OBBSweep.cpp,0,2,2
/media/ullmann/HDDGabriel/engines/UnrealEngine/Engine/Source/Runtime/Slate/Public/Framework/Commands/InputChord.h,3,0,3
/media/ullmann/HDDGabriel/engines/UnrealEngine/Engine/Source/ThirdParty/mtlpp/mtlpp-master-7efad47/src/heap.hpp,3,8,11
/media/ullmann/HDDGabriel/engines/UnrealEngine/Engine/Source/Runtime/Renderer/Private/MeshDrawCommands.h,4,2,6
/media/ullmann/HDDGabriel/engines/UnrealEngine/Engine/Source/ThirdParty/MCPP/mcpp-2.7.2/test-c/e_17.c,0,2,2
/media/ullmann/HDDGabriel/engines/UnrealEngine/Engine/Source/ThirdParty/MCPP/mcpp-2.7.2/test-c/unbal1.h,2,0,2
/media/ullmann/HDDGabriel/engines/UnrealEngine/Engine/Source/ThirdParty/SDL2/SDL-gui-backend/src/video/windows/SDL_windowsopengles.c,0,4,4
/media/ullmann/HDDGabriel/engines/UnrealEngine/Engine/Source/ThirdParty/SDL2/SDL-gui-backend/src/video/windows/SDL_windowsopengl.h,2,1,3
/media/ullmann/HDDGabriel/engines/UnrealEngine/Engine/Source/ThirdParty/OpenSubdiv/OpenSubdiv-3.4.4/regression/shapes/loop_cube_creases1.h,2,0,2
/media/ullmann/HDDGabriel/engines/UnrealEngine/Engine/Source/ThirdParty/Intel/Embree/Embree2140/src/common/simd/vint8_avx.h,1,0,1
/media/ullmann/HDDGabriel/engines/UnrealEngine/Engine/Source/Runtime/Online/BuildPatchServices/Private/BuildPatchGeneration.cpp,0,16,16
/media/ullmann/HDDGabriel/engines/UnrealEngine/Engine/Source/Runtime/Online/BuildPatchServices/Private/Core/BlockData.h,1,0,1
/media/ullmann/HDDGabriel/engines/UnrealEngine/Engine/Source/ThirdParty/ICU/icu4c-64_1/source/i18n/search.cpp,0,2,2
/media/ullmann/HDDGabriel/engines/UnrealEngine/Engine/Source/ThirdParty/ICU/icu4c-64_1/source/i18n/usrchimp.h,4,2,6
/media/ullmann/HDDGabriel/engines/UnrealEngine/Engine/Source/ThirdParty/FreeImage/FreeImage-3.18.0/Source/LibJPEG/rdtarga.c,0,1,1
/media/ullmann/HDDGabriel/engines/UnrealEngine/Engine/Source/ThirdParty/ICU/icu4c-64_1/source/i18n/udat.cpp,0,10,10
/media/ullmann/HDDGabriel/engines/UnrealEngine/Engine/Source/ThirdParty/ICU/icu4c-64_1/source/i18n/unicode/numfmt.h,13,0,13
/media/ullmann/HDDGabriel/engines/UnrealEngine/Engine/Source/ThirdParty/Intel/Embree/Embree270/src/kernels/common/scene_subdiv_mesh_avx.cpp,0,4,4
/media/ullmann/HDDGabriel/engines/UnrealEngine/Engine/Source/Runtime/Portal/Rpc/Private/PortalRpcLocator.cpp,0,3,3
/media/ullmann/HDDGabriel/engines/UnrealEngine/Engine/Source/Runtime/Portal/Rpc/Private/PortalRpcDefines.h,1,0,1
/media/ullmann/HDDGabriel/engines/UnrealEngine/Engine/Source/ThirdParty/PhysX3/APEX_1.4/module/clothing/src/ClothingActorData.cpp,0,1,1
/media/ullmann/HDDGabriel/engines/UnrealEngine/Engine/Source/ThirdParty/PhysX3/APEX_1.4/module/clothing/src/SimdMath.h,4,1,5
/media/ullmann/HDDGabriel/engines/UnrealEngine/Engine/Source/ThirdParty/ICU/icu4c-64_1/source/i18n/numparse_decimal.h,4,1,5
/media/ullmann/HDDGabriel/engines/UnrealEngine/Engine/Source/ThirdParty/PhysX3/APEX_1.4/module/clothing_legacy/include/autogen/ClothingCookedPhysX3Param_0p0.h,1,0,1
/media/ullmann/HDDGabriel/engines/UnrealEngine/Engine/Source/ThirdParty/FreeType2/FreeType2-2.6/Src/cache/ftcimage.c,1,3,4
/media/ullmann/HDDGabriel/engines/UnrealEngine/Engine/Source/ThirdParty/Unix/LibCxx/include/c++/v1/wctype.h,0,1,1
/media/ullmann/HDDGabriel/engines/UnrealEngine/Engine/Source/Runtime/InteractiveToolsFramework/Public/InteractiveToolManager.h,1,5,6
/media/ullmann/HDDGabriel/engines/UnrealEngine/Engine/Source/Runtime/InteractiveToolsFramework/Public/InputRouter.h,2,3,5
/media/ullmann/HDDGabriel/engines/UnrealEngine/Engine/Source/ThirdParty/libjpeg-turbo/include/jdmainct.h,0,2,2
/media/ullmann/HDDGabriel/engines/UnrealEngine/Engine/Source/ThirdParty/libjpeg-turbo/include/jpeglib.h,6,3,9
/media/ullmann/HDDGabriel/engines/UnrealEngine/Engine/Source/ThirdParty/libOpus/opus-1.0.3/silk/fixed/warped_autocorrelation_FIX.c,0,1,1
/media/ullmann/HDDGabriel/engines/UnrealEngine/Engine/Source/ThirdParty/FreeType2/FreeType2-2.10.0/src/truetype/ttgload.h,3,2,5
/media/ullmann/HDDGabriel/engines/UnrealEngine/Engine/Source/ThirdParty/ICU/icu4c-64_1/source/common/unistr_cnv.cpp,0,11,11
/media/ullmann/HDDGabriel/engines/UnrealEngine/Engine/Source/ThirdParty/PhysX3/PhysX_3.4/Source/GeomUtils/src/GuGeometryUnion.h,3,3,6
/media/ullmann/HDDGabriel/engines/UnrealEngine/Engine/Source/ThirdParty/PhysX3/PhysX_3.4/Source/GeomUtils/src/GuCenterExtents.h,2,0,2
/media/ullmann/HDDGabriel/engines/UnrealEngine/Engine/Source/ThirdParty/ICU/icu4c-53_1/source/common/ucnv_u16.c,0,5,5
/media/ullmann/HDDGabriel/engines/UnrealEngine/Engine/Source/Runtime/Windows/WindowsPlatformFeatures/Private/WmfMp4Writer.h,2,1,3
/media/ullmann/HDDGabriel/engines/UnrealEngine/Engine/Source/ThirdParty/openexr/openexr-3.1.1/src/examples/previewImageExamples.cpp,0,2,2
/media/ullmann/HDDGabriel/engines/UnrealEngine/Engine/Source/ThirdParty/mtlpp/mtlpp-master-7efad47/src/command_buffer_fence.hpp,4,2,6
/media/ullmann/HDDGabriel/engines/UnrealEngine/Engine/Source/ThirdParty/ShaderConductor/ShaderConductor/External/DirectXShaderCompiler/tools/llvm-pdbdump/ExternalSymbolDumper.cpp,0,2,2
/media/ullmann/HDDGabriel/engines/UnrealEngine/Engine/Source/ThirdParty/ShaderConductor/ShaderConductor/External/DirectXShaderCompiler/tools/llvm-pdbdump/LinePrinter.h,11,0,11
/media/ullmann/HDDGabriel/engines/UnrealEngine/Engine/Source/ThirdParty/ICU/icu4c-53_1/source/i18n/rbt_set.h,2,1,3
/media/ullmann/HDDGabriel/engines/UnrealEngine/Engine/Source/ThirdParty/ICU/icu4c-53_1/source/i18n/unicode/utrans.h,4,0,4
/media/ullmann/HDDGabriel/engines/UnrealEngine/Engine/Source/ThirdParty/ShaderConductor/ShaderConductor/External/DirectXShaderCompiler/tools/clang/lib/Sema/SemaCXXScopeSpec.cpp,0,1,1
/media/ullmann/HDDGabriel/engines/UnrealEngine/Engine/Source/ThirdParty/ShaderConductor/ShaderConductor/External/DirectXShaderCompiler/tools/clang/lib/Sema/TypeLocBuilder.h,9,0,9
/media/ullmann/HDDGabriel/engines/UnrealEngine/Engine/Source/Editor/FontEditor/Private/FontEditorModule.cpp,0,2,2
/media/ullmann/HDDGabriel/engines/UnrealEngine/Engine/Source/Editor/FontEditor/Private/FontEditor.h,2,0,2
/media/ullmann/HDDGabriel/engines/UnrealEngine/Engine/Source/Runtime/Engine/Private/LevelActor.cpp,0,1,1
/media/ullmann/HDDGabriel/engines/UnrealEngine/Engine/Source/Runtime/Engine/Private/GameFramework/SpawnActorTimer.h,3,0,3
/media/ullmann/HDDGabriel/engines/UnrealEngine/Engine/Source/ThirdParty/Intel/Embree/Embree270/src/kernels/xeon/bvh8/bvh8_intersector4_hybrid.cpp,0,7,7
/media/ullmann/HDDGabriel/engines/UnrealEngine/Engine/Source/ThirdParty/openexr/openexr-3.1.1/src/lib/OpenEXR/ImfTiledInputPart.h,2,2,4
/media/ullmann/HDDGabriel/engines/UnrealEngine/Engine/Source/ThirdParty/ShaderConductor/ShaderConductor/External/DirectXShaderCompiler/tools/lli/RemoteTargetExternal.h,2,3,5
/media/ullmann/HDDGabriel/engines/UnrealEngine/Engine/Source/Programs/UnrealLightmass/Private/Lighting/BSP.h,2,2,4
/media/ullmann/HDDGabriel/engines/UnrealEngine/Engine/Source/Programs/UnrealLightmass/Private/Lighting/Mappings.h,7,2,9
/media/ullmann/HDDGabriel/engines/UnrealEngine/Engine/Source/ThirdParty/MCPP/mcpp-2.7.2/cpp-test/test-l/nest2.h,1,1,2
/media/ullmann/HDDGabriel/engines/UnrealEngine/Engine/Source/ThirdParty/MCPP/mcpp-2.7.2/cpp-test/test-l/nest3.h,1,1,2
/media/ullmann/HDDGabriel/engines/UnrealEngine/Engine/Source/ThirdParty/Vorbis/libvorbis-1.3.2/vq/distribution.c,0,1,1
/media/ullmann/HDDGabriel/engines/UnrealEngine/Engine/Source/ThirdParty/CryptoPP/5.6.5/include/seed.cpp,0,3,3
/media/ullmann/HDDGabriel/engines/UnrealEngine/Engine/Source/ThirdParty/ICU/icu4c-64_1/source/common/utrace.cpp,0,5,5
/media/ullmann/HDDGabriel/engines/UnrealEngine/Engine/Source/Runtime/Renderer/Private/SystemTextures.h,10,0,10
/media/ullmann/HDDGabriel/engines/UnrealEngine/Engine/Source/ThirdParty/ICU/icu4c-64_1/source/i18n/funcrepl.cpp,0,2,2
/media/ullmann/HDDGabriel/engines/UnrealEngine/Engine/Source/ThirdParty/openexr/openexr-3.1.1/src/bin/exrenvmap/EnvmapImage.cpp,0,2,2
/media/ullmann/HDDGabriel/engines/UnrealEngine/Engine/Source/ThirdParty/ICU/icu4c-53_1/source/layout/GlyphSubstLookupProc.cpp,0,18,18
/media/ullmann/HDDGabriel/engines/UnrealEngine/Engine/Source/ThirdParty/ICU/icu4c-53_1/source/io/uscanf_p.c,0,4,4
/media/ullmann/HDDGabriel/engines/UnrealEngine/Engine/Source/ThirdParty/FreeType2/FreeType2-2.4.12/src/cid/cidgload.c,1,3,4
/media/ullmann/HDDGabriel/engines/UnrealEngine/Engine/Source/Developer/TraceInsights/Private/Insights/ViewModels/StatsNodeHelper.cpp,0,1,1
/media/ullmann/HDDGabriel/engines/UnrealEngine/Engine/Source/Developer/TraceInsights/Private/Insights/ViewModels/StatsNodeHelper.h,1,0,1
/media/ullmann/HDDGabriel/engines/UnrealEngine/Engine/Source/Runtime/Apple/MetalRHI/Private/MetalFence.cpp,0,6,6
/media/ullmann/HDDGabriel/engines/UnrealEngine/Engine/Source/ThirdParty/OpenVDB/Deploy/openvdb-8.1.0/include/openvdb/tools/PotentialFlow.h,0,5,5
/media/ullmann/HDDGabriel/engines/UnrealEngine/Engine/Source/ThirdParty/OpenVDB/Deploy/openvdb-8.1.0/include/openvdb/tools/GridTransformer.h,3,5,8
/media/ullmann/HDDGabriel/engines/UnrealEngine/Engine/Source/ThirdParty/ShaderConductor/ShaderConductor/External/DirectXShaderCompiler/tools/lli/RemoteTarget.h,6,0,6
/media/ullmann/HDDGabriel/engines/UnrealEngine/Engine/Source/ThirdParty/libOpus/opus-1.3.1-12/silk/float/burg_modified_FLP.c,0,1,1
/media/ullmann/HDDGabriel/engines/UnrealEngine/Engine/Source/ThirdParty/Crunch/src/crnlib/lzma_7zBuf.cpp,0,2,2
/media/ullmann/HDDGabriel/engines/UnrealEngine/Engine/Source/ThirdParty/WebRTC/4147/Include/third_party/libvpx/source/libvpx/vp8/decoder/onyxd_int.h,3,2,5
/media/ullmann/HDDGabriel/engines/UnrealEngine/Engine/Source/ThirdParty/WebRTC/4147/Include/third_party/libvpx/source/libvpx/vp8/decoder/treereader.h,1,1,2
/media/ullmann/HDDGabriel/engines/UnrealEngine/Engine/Source/ThirdParty/HarfBuzz/harfbuzz-2.4.0/src/hb-ot-shape-complex-indic-machine.hh,1,0,1
/media/ullmann/HDDGabriel/engines/UnrealEngine/Engine/Source/ThirdParty/openexr/openexr-3.1.1/src/lib/Iex/IexMathFloatExc.cpp,0,4,4
/media/ullmann/HDDGabriel/engines/UnrealEngine/Engine/Source/ThirdParty/openexr/openexr-3.1.1/src/lib/Iex/IexMacros.h,3,2,5
/media/ullmann/HDDGabriel/engines/UnrealEngine/Engine/Source/ThirdParty/PhysX3/APEX_1.4/include/PhysXObjectDesc.h,1,1,2
/media/ullmann/HDDGabriel/engines/UnrealEngine/Engine/Source/ThirdParty/ICU/icu4c-53_1/source/layout/loengine.cpp,0,3,3
/media/ullmann/HDDGabriel/engines/UnrealEngine/Engine/Source/Editor/LandscapeEditor/Private/SFlattenHeightEyeDropperButton.cpp,0,2,2
/media/ullmann/HDDGabriel/engines/UnrealEngine/Engine/Source/Editor/LandscapeEditor/Private/SFlattenHeightEyeDropperButton.h,2,0,2
/media/ullmann/HDDGabriel/engines/UnrealEngine/Engine/Source/ThirdParty/Intel/Embree/Embree270/src/kernels/xeon/bvh4/bvh4_builder_subdiv.cpp,2,12,14
/media/ullmann/HDDGabriel/engines/UnrealEngine/Engine/Source/ThirdParty/FreeImage/FreeImage-3.18.0/Source/OpenEXR/IlmImf/ImfCompressor.cpp,0,9,9
/media/ullmann/HDDGabriel/engines/UnrealEngine/Engine/Source/ThirdParty/ShaderConductor/ShaderConductor/External/DirectXShaderCompiler/include/llvm/DebugInfo/PDB/PDBSymbolData.h,0,2,2
/media/ullmann/HDDGabriel/engines/UnrealEngine/Engine/Source/ThirdParty/SDL2/SDL-gui-backend/src/thread/windows/SDL_systhread.c,0,4,4
/media/ullmann/HDDGabriel/engines/UnrealEngine/Engine/Source/Runtime/Renderer/Private/HairStrands/HairStrandsRendering.h,12,12,24
/media/ullmann/HDDGabriel/engines/UnrealEngine/Engine/Source/Editor/UMGEditor/Private/Customizations/WidgetThumbnailCustomization.cpp,0,1,1
/media/ullmann/HDDGabriel/engines/UnrealEngine/Engine/Source/Editor/UMGEditor/Private/Customizations/WidgetThumbnailCustomization.h,1,0,1
/media/ullmann/HDDGabriel/engines/UnrealEngine/Engine/Source/ThirdParty/ICU/icu4c-64_1/source/i18n/hebrwcal.cpp,0,4,4
/media/ullmann/HDDGabriel/engines/UnrealEngine/Engine/Source/ThirdParty/Intel/Embree/Embree270/src/kernels/xeon/bvh4/bvh4_intersector8_chunk.h,1,2,3
/media/ullmann/HDDGabriel/engines/UnrealEngine/Engine/Source/ThirdParty/Boost/boost-1_70_0/include/boost/outcome/detail/basic_result_storage.hpp,5,3,8
/media/ullmann/HDDGabriel/engines/UnrealEngine/Engine/Source/ThirdParty/Boost/boost-1_70_0/include/boost/outcome/detail/value_storage.hpp,1,1,2
/media/ullmann/HDDGabriel/engines/UnrealEngine/Engine/Source/ThirdParty/openexr/openexr-3.1.1/src/lib/OpenEXR/ImfRleCompressor.cpp,0,4,4
/media/ullmann/HDDGabriel/engines/UnrealEngine/Engine/Source/ThirdParty/ICU/icu4c-64_1/source/test/intltest/tokiter.h,2,1,3
/media/ullmann/HDDGabriel/engines/UnrealEngine/Engine/Source/Editor/UnrealEd/Private/LevelEditorViewport.cpp,0,3,3
/media/ullmann/HDDGabriel/engines/UnrealEngine/Engine/Source/Editor/ContentBrowser/Public/ContentBrowserModule.h,3,1,4
/media/ullmann/HDDGabriel/engines/UnrealEngine/Engine/Source/ThirdParty/libOpus/opus-1.0.3/silk/decode_core.c,0,1,1
/media/ullmann/HDDGabriel/engines/UnrealEngine/Engine/Source/Editor/BlueprintGraph/Classes/K2Node_CustomEvent.h,1,1,2
/media/ullmann/HDDGabriel/engines/UnrealEngine/Engine/Source/Runtime/PakFile/Private/GenericPlatformIoDispatcher.cpp,0,2,2
/media/ullmann/HDDGabriel/engines/UnrealEngine/Engine/Source/Runtime/PakFile/Private/IoDispatcherFileBackend.h,3,0,3
/media/ullmann/HDDGabriel/engines/UnrealEngine/Engine/Source/Editor/TurnkeySupport/Private/TurnkeySupportModule.cpp,0,3,3
/media/ullmann/HDDGabriel/engines/UnrealEngine/Engine/Source/Editor/TurnkeySupport/Private/TurnkeyEditorSupport.h,2,0,2
/media/ullmann/HDDGabriel/engines/UnrealEngine/Engine/Source/ThirdParty/SDL2/SDL-gui-backend/src/video/SDL_egl.c,0,6,6
/media/ullmann/HDDGabriel/engines/UnrealEngine/Engine/Source/ThirdParty/Intel/TBB/IntelTBB-2019u8/examples/task/tree_sum/OptimizedParallelSumTree.cpp,0,1,1
/media/ullmann/HDDGabriel/engines/UnrealEngine/Engine/Source/ThirdParty/Intel/TBB/IntelTBB-2019u8/examples/task/tree_sum/common.h,4,0,4
/media/ullmann/HDDGabriel/engines/UnrealEngine/Engine/Source/Runtime/Experimental/Chaos/Public/PBDRigidActiveParticlesBuffer.h,1,3,4
/media/ullmann/HDDGabriel/engines/UnrealEngine/Engine/Source/Programs/Enterprise/Datasmith/DatasmithARCHICADExporter/Private/MaterialsDatabase.h,4,1,5
/media/ullmann/HDDGabriel/engines/UnrealEngine/Engine/Source/ThirdParty/PhysX3/PhysX_3.4/Source/PhysX/src/buffering/ScbParticleSystem.h,4,1,5
/media/ullmann/HDDGabriel/engines/UnrealEngine/Engine/Source/ThirdParty/PhysX3/PhysX_3.4/Source/PhysX/src/buffering/ScbActor.h,7,2,9
/media/ullmann/HDDGabriel/engines/UnrealEngine/Engine/Source/ThirdParty/ICU/icu4c-53_1/source/test/cintltst/cnmdptst.c,0,2,2
/media/ullmann/HDDGabriel/engines/UnrealEngine/Engine/Source/ThirdParty/ICU/icu4c-53_1/source/test/cintltst/cnmdptst.h,1,1,2
/media/ullmann/HDDGabriel/engines/UnrealEngine/Engine/Source/Editor/Persona/Private/SAssetFamilyShortcutBar.h,2,0,2
/media/ullmann/HDDGabriel/engines/UnrealEngine/Engine/Source/ThirdParty/ICU/icu4c-53_1/source/common/rbbitblb.cpp,0,9,9
/media/ullmann/HDDGabriel/engines/UnrealEngine/Engine/Source/ThirdParty/Intel/TBB/IntelTBB-2019u8/src/test/test_concurrent_lru_cache.cpp,0,3,3
/media/ullmann/HDDGabriel/engines/UnrealEngine/Engine/Source/Editor/SequencerWidgets/Private/SSequencerTimeSlider.cpp,0,1,1
/media/ullmann/HDDGabriel/engines/UnrealEngine/Engine/Source/Editor/SequencerWidgets/Private/SSequencerTimeSlider.h,2,0,2
/media/ullmann/HDDGabriel/engines/UnrealEngine/Engine/Source/ThirdParty/CryptoPP/5.6.5/include/gfpcrypt.cpp,0,9,9
/media/ullmann/HDDGabriel/engines/UnrealEngine/Engine/Source/ThirdParty/FreeType2/FreeType2-2.4.12/src/cff/cf2glue.h,8,4,12
/media/ullmann/HDDGabriel/engines/UnrealEngine/Engine/Source/Runtime/GameplayMediaEncoder/Private/GameplayMediaEncoderCommon.h,3,0,3
/media/ullmann/HDDGabriel/engines/UnrealEngine/Engine/Source/ThirdParty/FreeType2/FreeType2-2.10.4/include/ft2build.h,0,1,1
/media/ullmann/HDDGabriel/engines/UnrealEngine/Engine/Source/ThirdParty/FreeType2/FreeType2-2.10.4/include/freetype/config/ftheader.h,1,0,1
/media/ullmann/HDDGabriel/engines/UnrealEngine/Engine/Source/Runtime/WebBrowser/Private/Native/NativeWebBrowserProxy.cpp,0,2,2
/media/ullmann/HDDGabriel/engines/UnrealEngine/Engine/Source/Runtime/WebBrowser/Private/Native/NativeWebBrowserProxy.h,3,1,4
/media/ullmann/HDDGabriel/engines/UnrealEngine/Engine/Source/ThirdParty/OpenSubdiv/OpenSubdiv-3.4.4/regression/shapes/loop_cube_creases0.h,2,0,2
/media/ullmann/HDDGabriel/engines/UnrealEngine/Engine/Source/ThirdParty/FreeImage/FreeImage-3.18.0/Source/LibOpenJPEG/cidx_manager.h,1,1,2
/media/ullmann/HDDGabriel/engines/UnrealEngine/Engine/Source/ThirdParty/FreeImage/FreeImage-3.18.0/Source/LibOpenJPEG/openjpeg.h,6,1,7
/media/ullmann/HDDGabriel/engines/UnrealEngine/Engine/Source/ThirdParty/Oculus/LibOVRPlatform/LibOVRPlatform/include/OVR_CalApplicationFinalized.h,2,2,4
/media/ullmann/HDDGabriel/engines/UnrealEngine/Engine/Source/ThirdParty/SDL2/SDL-gui-backend/src/video/android/SDL_androidvulkan.c,0,4,4
/media/ullmann/HDDGabriel/engines/UnrealEngine/Engine/Source/ThirdParty/SDL2/SDL-gui-backend/src/video/android/SDL_androidvulkan.h,2,3,5
/media/ullmann/HDDGabriel/engines/UnrealEngine/Engine/Source/ThirdParty/Python3/Linux/include/python3.9/memoryobject.h,1,0,1
/media/ullmann/HDDGabriel/engines/UnrealEngine/Engine/Source/ThirdParty/SDL2/SDL-gui-backend/src/joystick/windows/SDL_rawinputjoystick.c,0,8,8
/media/ullmann/HDDGabriel/engines/UnrealEngine/Engine/Source/Runtime/Experimental/Chaos/Public/Chaos/Box.h,3,1,4
/media/ullmann/HDDGabriel/engines/UnrealEngine/Engine/Source/ThirdParty/PhysX3/PhysX_3.4/Source/GeomUtils/src/GuMetaData.cpp,0,1,1
/media/ullmann/HDDGabriel/engines/UnrealEngine/Engine/Source/Editor/MeshPaint/Public/BaseMeshPaintGeometryAdapter.h,2,2,4
/media/ullmann/HDDGabriel/engines/UnrealEngine/Engine/Source/Editor/MeshPaint/Public/TMeshPaintOctree.h,1,0,1
/media/ullmann/HDDGabriel/engines/UnrealEngine/Engine/Source/ThirdParty/OpenSubdiv/OpenSubdiv-3.4.4/examples/glPaintTest/glPaintTest.cpp,0,9,9
/media/ullmann/HDDGabriel/engines/UnrealEngine/Engine/Source/ThirdParty/Intel/TBB/IntelTBB-2019u8/src/tbb/arena.cpp,1,6,7
/media/ullmann/HDDGabriel/engines/UnrealEngine/Engine/Source/ThirdParty/ICU/icu4c-64_1/source/i18n/gregoimp.h,22,0,22
/media/ullmann/HDDGabriel/engines/UnrealEngine/Engine/Source/Editor/Experimental/HordeExecutor/Private/ContentAddressableStorage.cpp,0,3,3
/media/ullmann/HDDGabriel/engines/UnrealEngine/Engine/Source/ThirdParty/PhysX3/PxShared/src/foundation/include/PsBroadcast.h,1,2,3
/media/ullmann/HDDGabriel/engines/UnrealEngine/Engine/Source/ThirdParty/ICU/icu4c-64_1/source/test/fuzzer/uloc_get_name_fuzzer.cc,0,1,1
/media/ullmann/HDDGabriel/engines/UnrealEngine/Engine/Source/ThirdParty/ICU/icu4c-64_1/source/test/fuzzer/locale_util.h,6,0,6
/media/ullmann/HDDGabriel/engines/UnrealEngine/Engine/Source/ThirdParty/SDL2/SDL-gui-backend/include/SDL_config_wiz.h,0,1,1
/media/ullmann/HDDGabriel/engines/UnrealEngine/Engine/Source/Editor/SequenceRecorder/Private/SClassPropertyRecorderSettings.cpp,0,2,2
/media/ullmann/HDDGabriel/engines/UnrealEngine/Engine/Source/Editor/SequenceRecorder/Private/Sections/MovieSceneMultiPropertyRecorder.h,2,0,2
/media/ullmann/HDDGabriel/engines/UnrealEngine/Engine/Source/ThirdParty/Alembic/alembic-1.8.2/arnold/Procedural/SampleUtil.cpp,0,1,1
/media/ullmann/HDDGabriel/engines/UnrealEngine/Engine/Source/ThirdParty/Alembic/alembic-1.8.2/arnold/Procedural/SampleUtil.h,3,1,4
/media/ullmann/HDDGabriel/engines/UnrealEngine/Engine/Source/ThirdParty/SDL2/SDL-gui-backend/src/audio/disk/SDL_diskaudio.c,0,3,3
/media/ullmann/HDDGabriel/engines/UnrealEngine/Engine/Source/ThirdParty/hlslcc/hlslcc/src/hlslcc_lib/ast_to_hir.cpp,0,11,11
/media/ullmann/HDDGabriel/engines/UnrealEngine/Engine/Source/ThirdParty/ICU/icu4c-53_1/source/test/intltest/rbbitst.h,2,1,3
/media/ullmann/HDDGabriel/engines/UnrealEngine/Engine/Source/ThirdParty/CryptoPP/5.6.5/include/hmac.h,8,2,10
/media/ullmann/HDDGabriel/engines/UnrealEngine/Engine/Source/Runtime/Engine/Public/SkeletalMeshReductionSettings.h,0,1,1
/media/ullmann/HDDGabriel/engines/UnrealEngine/Engine/Source/Runtime/Engine/Public/BoneContainer.h,5,2,7
/media/ullmann/HDDGabriel/engines/UnrealEngine/Engine/Source/ThirdParty/Imath/Imath-3.1.3/src/Imath/ImathRoots.h,0,2,2
/media/ullmann/HDDGabriel/engines/UnrealEngine/Engine/Source/ThirdParty/FBX/2020.2/include/fbxsdk/core/fbxpropertyhandle.h,1,0,1
/media/ullmann/HDDGabriel/engines/UnrealEngine/Engine/Source/ThirdParty/ICU/icu4c-53_1/source/layout/DefaultCharMapper.h,2,2,4
/media/ullmann/HDDGabriel/engines/UnrealEngine/Engine/Source/ThirdParty/ICU/icu4c-53_1/source/tools/toolutil/dbgutil.h,1,1,2
/media/ullmann/HDDGabriel/engines/UnrealEngine/Engine/Source/ThirdParty/ICU/icu4c-53_1/source/tools/toolutil/udbgutil.h,3,0,3
/media/ullmann/HDDGabriel/engines/UnrealEngine/Engine/Source/ThirdParty/HarfBuzz/harfbuzz-2.4.0/src/hb-ot-shape-normalize.cc,0,3,3
/media/ullmann/HDDGabriel/engines/UnrealEngine/Engine/Source/ThirdParty/HarfBuzz/harfbuzz-2.4.0/src/hb-ot-shape-complex.hh,6,0,6
/media/ullmann/HDDGabriel/engines/UnrealEngine/Engine/Source/ThirdParty/libstrophe/libstrophe-0.9.3/src/rand.c,0,5,5
/media/ullmann/HDDGabriel/engines/UnrealEngine/Engine/Source/ThirdParty/openexr/openexr-3.1.1/src/lib/OpenEXR/ImfVersion.h,13,2,15
/media/ullmann/HDDGabriel/engines/UnrealEngine/Engine/Source/ThirdParty/Python3/Win64/include/symtable.h,0,1,1
/media/ullmann/HDDGabriel/engines/UnrealEngine/Engine/Source/ThirdParty/Python3/Win64/include/Python-ast.h,2,1,3
/media/ullmann/HDDGabriel/engines/UnrealEngine/Engine/Source/ThirdParty/PhysX3/NvCloth/src/cuda/CuContextLock.cpp,0,3,3
/media/ullmann/HDDGabriel/engines/UnrealEngine/Engine/Source/ThirdParty/PhysX3/NvCloth/src/cuda/CuFactory.h,8,0,8
/media/ullmann/HDDGabriel/engines/UnrealEngine/Engine/Source/Runtime/Sockets/Private/BSDSockets/IPAddressBSD.cpp,0,2,2
/media/ullmann/HDDGabriel/engines/UnrealEngine/Engine/Source/Runtime/Sockets/Private/BSDSockets/IPAddressBSD.h,2,0,2
/media/ullmann/HDDGabriel/engines/UnrealEngine/Engine/Source/Runtime/AVIWriter/Private/CaptureSource.cpp,0,2,2
/media/ullmann/HDDGabriel/engines/UnrealEngine/Engine/Source/ThirdParty/Oculus/LibOVRPlatform/LibOVRPlatform/include/OVR_MatchmakingEnqueuedUserArray.h,2,2,4
/media/ullmann/HDDGabriel/engines/UnrealEngine/Engine/Source/Runtime/Engine/Private/VT/VirtualTextureTranscodeCache.cpp,0,5,5
/media/ullmann/HDDGabriel/engines/UnrealEngine/Engine/Source/Runtime/Engine/Private/VT/VirtualTextureTranscodeCache.h,2,1,3
/media/ullmann/HDDGabriel/engines/UnrealEngine/Engine/Source/ThirdParty/Intel/Embree/Embree2140/src/common/simd/vboolf4_avx512.h,1,0,1
/media/ullmann/HDDGabriel/engines/UnrealEngine/Engine/Source/ThirdParty/PhysX3/APEX_1.4/include/UserRenderer.h,1,1,2
/media/ullmann/HDDGabriel/engines/UnrealEngine/Engine/Source/ThirdParty/Intel/Embree/Embree2140/src/kernels/geometry/subdivpatch1cached.h,6,2,8
/media/ullmann/HDDGabriel/engines/UnrealEngine/Engine/Source/Runtime/Renderer/Private/VolumetricFogVoxelization.cpp,0,6,6
/media/ullmann/HDDGabriel/engines/UnrealEngine/Engine/Source/Runtime/Apple/MetalRHI/Private/MetalRenderPass.cpp,0,7,7
/media/ullmann/HDDGabriel/engines/UnrealEngine/Engine/Source/Editor/DataLayerEditor/Private/DataLayer/DataLayerTreeItem.h,8,0,8
/media/ullmann/HDDGabriel/engines/UnrealEngine/Engine/Source/ThirdParty/openexr/openexr-3.1.1/src/lib/Iex/IexMathExc.h,3,1,4
/media/ullmann/HDDGabriel/engines/UnrealEngine/Engine/Source/ThirdParty/SDL2/SDL-gui-backend/src/thread/os2/SDL_systhread_c.h,2,1,3
/media/ullmann/HDDGabriel/engines/UnrealEngine/Engine/Source/ThirdParty/CryptoPP/5.6.5/include/mersenne.h,0,3,3
/media/ullmann/HDDGabriel/engines/UnrealEngine/Engine/Source/Runtime/Engine/Private/VT/VirtualTextureChunkDDCCache.cpp,0,3,3
/media/ullmann/HDDGabriel/engines/UnrealEngine/Engine/Source/Runtime/Online/BuildPatchServices/Private/Installer/DiskChunkStore.h,1,0,1
/media/ullmann/HDDGabriel/engines/UnrealEngine/Engine/Source/Developer/DerivedDataCache/Private/FileSystemCacheStore.cpp,0,4,4
/media/ullmann/HDDGabriel/engines/UnrealEngine/Engine/Source/ThirdParty/openexr/Deploy/openexr-3.1.1/include/OpenEXR/ImfEnvmapAttribute.h,1,3,4
/media/ullmann/HDDGabriel/engines/UnrealEngine/Engine/Source/ThirdParty/MCPP/mcpp-2.7.2/test-c/e_std.c,0,2,2
/media/ullmann/HDDGabriel/engines/UnrealEngine/Engine/Source/Runtime/NetworkFile/Private/TCPTransport.cpp,0,1,1
/media/ullmann/HDDGabriel/engines/UnrealEngine/Engine/Source/Runtime/NetworkFile/Private/TCPTransport.h,2,1,3
/media/ullmann/HDDGabriel/engines/UnrealEngine/Engine/Source/Runtime/Renderer/Private/HairStrands/HairStrandsData.h,15,0,15
/media/ullmann/HDDGabriel/engines/UnrealEngine/Engine/Source/ThirdParty/Imath/Imath-3.1.3/src/ImathTest/testFrustumTest.cpp,0,1,1
/media/ullmann/HDDGabriel/engines/UnrealEngine/Engine/Source/ThirdParty/Imath/Imath-3.1.3/src/ImathTest/testFrustumTest.h,2,0,2
/media/ullmann/HDDGabriel/engines/UnrealEngine/Engine/Source/ThirdParty/rpclib/Source/include/rpc/msgpack/vrefbuffer.h,0,1,1
/media/ullmann/HDDGabriel/engines/UnrealEngine/Engine/Source/Editor/PIEPreviewDeviceProfileSelector/Private/PIEPreviewWindow.h,3,2,5
/media/ullmann/HDDGabriel/engines/UnrealEngine/Engine/Source/ThirdParty/openexr/openexr-3.1.1/src/lib/OpenEXR/ImfVecAttribute.cpp,0,2,2
/media/ullmann/HDDGabriel/engines/UnrealEngine/Engine/Source/ThirdParty/PhysX3/PxShared/src/pvd/src/PxProfileZoneManager.h,4,2,6
/media/ullmann/HDDGabriel/engines/UnrealEngine/Engine/Source/ThirdParty/PhysX3/APEX_1.4/include/ApexDefs.h,11,0,11
/media/ullmann/HDDGabriel/engines/UnrealEngine/Engine/Source/ThirdParty/ICU/icu4c-64_1/source/common/ruleiter.cpp,0,6,6
/media/ullmann/HDDGabriel/engines/UnrealEngine/Engine/Source/ThirdParty/OpenSubdiv/OpenSubdiv-3.4.4/opensubdiv/vtr/refinement.h,12,5,17
/media/ullmann/HDDGabriel/engines/UnrealEngine/Engine/Source/ThirdParty/OpenSubdiv/OpenSubdiv-3.4.4/opensubdiv/sdc/options.h,8,1,9
/media/ullmann/HDDGabriel/engines/UnrealEngine/Engine/Source/ThirdParty/FreeType2/FreeType2-2.6/Src/cff/cf2error.c,1,2,3
/media/ullmann/HDDGabriel/engines/UnrealEngine/Engine/Source/ThirdParty/ICU/icu4c-53_1/source/common/putilimp.h,27,2,29
/media/ullmann/HDDGabriel/engines/UnrealEngine/Engine/Source/ThirdParty/LibTiff/Source/tif_predict.h,0,2,2
/media/ullmann/HDDGabriel/engines/UnrealEngine/Engine/Source/ThirdParty/LibTiff/Source/tiffio.h,3,2,5
/media/ullmann/HDDGabriel/engines/UnrealEngine/Engine/Source/ThirdParty/glslang/glslang/src/glslang_lib/glslang/MachineIndependent/SymbolTable.h,10,3,13
/media/ullmann/HDDGabriel/engines/UnrealEngine/Engine/Source/ThirdParty/Intel/Embree/Embree270/src/kernels/xeon/bvh4/bvh4_intersector16_chunk.h,1,2,3
/media/ullmann/HDDGabriel/engines/UnrealEngine/Engine/Source/ThirdParty/ICU/icu4c-64_1/source/common/ustring.cpp,0,9,9
/media/ullmann/HDDGabriel/engines/UnrealEngine/Engine/Source/ThirdParty/openexr/openexr-3.1.1/src/lib/OpenEXRUtil/ImfImageIO.h,1,3,4
/media/ullmann/HDDGabriel/engines/UnrealEngine/Engine/Source/ThirdParty/FreeType2/FreeType2-2.4.12/src/lzw/ftlzw.c,0,2,2
/media/ullmann/HDDGabriel/engines/UnrealEngine/Engine/Source/ThirdParty/FreeType2/FreeType2-2.4.12/src/lzw/ftzopen.h,2,0,2
/media/ullmann/HDDGabriel/engines/UnrealEngine/Engine/Source/ThirdParty/ICU/icu4c-53_1/source/common/uhash_us.cpp,0,1,1
/media/ullmann/HDDGabriel/engines/UnrealEngine/Engine/Source/ThirdParty/ICU/icu4c-53_1/source/common/hash.h,7,4,11
/media/ullmann/HDDGabriel/engines/UnrealEngine/Engine/Source/Developer/Windows/LiveCoding/Private/External/LC_CriticalSection.h,7,1,8
/media/ullmann/HDDGabriel/engines/UnrealEngine/Engine/Source/Developer/Profiler/Private/ProfilerSample.cpp,0,1,1
/media/ullmann/HDDGabriel/engines/UnrealEngine/Engine/Source/Developer/Profiler/Private/ProfilerSample.h,5,0,5
/media/ullmann/HDDGabriel/engines/UnrealEngine/Engine/Source/Editor/Persona/Private/AnimTimeline/AnimModel_AnimSequenceBase.cpp,0,12,12
/media/ullmann/HDDGabriel/engines/UnrealEngine/Engine/Source/Runtime/SlateRHIRenderer/Private/SlateRHIRendererModule.cpp,0,5,5
/media/ullmann/HDDGabriel/engines/UnrealEngine/Engine/Source/Runtime/SlateRHIRenderer/Private/SlateRHIResourceManager.h,5,2,7
/media/ullmann/HDDGabriel/engines/UnrealEngine/Engine/Source/ThirdParty/SDL2/SDL-gui-backend/src/locale/windows/SDL_syslocale.c,0,3,3
/media/ullmann/HDDGabriel/engines/UnrealEngine/Engine/Source/ThirdParty/Android/libunwind/libunwind/src/mips/Ginit_remote.c,1,2,3
/media/ullmann/HDDGabriel/engines/UnrealEngine/Engine/Source/ThirdParty/Android/libunwind/libunwind/src/mips/init.h,2,1,3
/media/ullmann/HDDGabriel/engines/UnrealEngine/Engine/Source/ThirdParty/Intel/TBB/IntelTBB-2019u8/include/tbb/machine/windows_ia32.h,0,1,1
/media/ullmann/HDDGabriel/engines/UnrealEngine/Engine/Source/ThirdParty/Intel/TBB/IntelTBB-2019u8/include/tbb/machine/msvc_ia32_common.h,2,0,2
/media/ullmann/HDDGabriel/engines/UnrealEngine/Engine/Source/Runtime/RHI/Public/GPUProfiler.h,0,1,1
/media/ullmann/HDDGabriel/engines/UnrealEngine/Engine/Source/Runtime/RHI/Public/RHI.h,8,6,14
/media/ullmann/HDDGabriel/engines/UnrealEngine/Engine/Source/ThirdParty/Intel/Embree/Embree3122/Win64/include/embree3/rtcore_ray.h,1,1,2
/media/ullmann/HDDGabriel/engines/UnrealEngine/Engine/Source/ThirdParty/Intel/Embree/Embree3122/Win64/include/embree3/rtcore_common.h,4,1,5
/media/ullmann/HDDGabriel/engines/UnrealEngine/Engine/Source/ThirdParty/OpenVDB/Deploy/openvdb-8.1.0/include/openvdb/tools/ChangeBackground.h,3,0,3
/media/ullmann/HDDGabriel/engines/UnrealEngine/Engine/Source/ThirdParty/Intel/TBB/IntelTBB-2019u8/src/tbb/tools_api/disable_warnings.h,1,1,2
/media/ullmann/HDDGabriel/engines/UnrealEngine/Engine/Source/ThirdParty/PhysX3/PhysX_3.4/Source/GeomUtils/src/contact/GuLegacyContactConvexHeightField.cpp,0,2,2
/media/ullmann/HDDGabriel/engines/UnrealEngine/Engine/Source/ThirdParty/PhysX3/PhysX_3.4/Source/GeomUtils/src/contact/GuLegacyTraceLineCallback.h,2,0,2
/media/ullmann/HDDGabriel/engines/UnrealEngine/Engine/Source/Editor/MovieSceneTools/Private/TrackEditors/ObjectPropertyTrackEditor.h,1,0,1
/media/ullmann/HDDGabriel/engines/UnrealEngine/Engine/Source/ThirdParty/WebRTC/4147/Include/third_party/libvpx/source/libvpx/test/webm_video_source.h,0,2,2
/media/ullmann/HDDGabriel/engines/UnrealEngine/Engine/Source/ThirdParty/WebRTC/4147/Include/third_party/libvpx/source/libvpx/tools_common.h,7,5,12
/media/ullmann/HDDGabriel/engines/UnrealEngine/Engine/Source/Editor/BlueprintGraph/Classes/K2Node_ActorBoundEvent.h,0,1,1
/media/ullmann/HDDGabriel/engines/UnrealEngine/Engine/Source/Developer/AssetTools/Private/AssetTypeActions/AssetTypeActions_Class.h,1,0,1
/media/ullmann/HDDGabriel/engines/UnrealEngine/Engine/Source/ThirdParty/ShaderConductor/ShaderConductor/External/DirectXShaderCompiler/lib/CodeGen/RegAllocBasic.cpp,0,4,4
/media/ullmann/HDDGabriel/engines/UnrealEngine/Engine/Source/Developer/Windows/LiveCoding/Private/External/LC_ClientCommandActions.cpp,0,8,8
/media/ullmann/HDDGabriel/engines/UnrealEngine/Engine/Source/Runtime/Renderer/Private/SceneOcclusion.h,4,1,5
/media/ullmann/HDDGabriel/engines/UnrealEngine/Engine/Source/ThirdParty/Oculus/LibOVRPlatform/LibOVRPlatform/include/OVR_SystemVoipState.h,2,3,5
/media/ullmann/HDDGabriel/engines/UnrealEngine/Engine/Source/Editor/SequenceRecorder/Private/SSequenceRecorder.cpp,0,4,4
/media/ullmann/HDDGabriel/engines/UnrealEngine/Engine/Source/Editor/SequenceRecorder/Private/ActorGroupDetailsCustomization.h,2,0,2
/media/ullmann/HDDGabriel/engines/UnrealEngine/Engine/Source/ThirdParty/ICU/icu4c-64_1/source/common/ubidiimp.h,3,4,7
/media/ullmann/HDDGabriel/engines/UnrealEngine/Engine/Source/ThirdParty/PhysX3/PhysX_3.4/Source/LowLevelDynamics/src/DyArticulationPImpl.h,5,1,6
/media/ullmann/HDDGabriel/engines/UnrealEngine/Engine/Source/ThirdParty/OpenSubdiv/OpenSubdiv-3.4.4/opensubdiv/osd/d3d11VertexBuffer.cpp,0,2,2
/media/ullmann/HDDGabriel/engines/UnrealEngine/Engine/Source/ThirdParty/OpenSubdiv/OpenSubdiv-3.4.4/opensubdiv/osd/d3d11VertexBuffer.h,1,1,2
/media/ullmann/HDDGabriel/engines/UnrealEngine/Engine/Source/ThirdParty/Crunch/src/crnlib/crn_dxt.cpp,0,6,6
/media/ullmann/HDDGabriel/engines/UnrealEngine/Engine/Source/Editor/AnimationBlueprintEditor/Private/AnimGraphConnectionDrawingPolicy.cpp,0,2,2
/media/ullmann/HDDGabriel/engines/UnrealEngine/Engine/Source/Editor/AnimationBlueprintEditor/Private/AnimGraphConnectionDrawingPolicy.h,2,1,3
/media/ullmann/HDDGabriel/engines/UnrealEngine/Engine/Source/Developer/AssetTools/Private/AssetTypeActions/AssetTypeActions_TextureRenderTarget2DArray.h,1,0,1
/media/ullmann/HDDGabriel/engines/UnrealEngine/Engine/Source/ThirdParty/Oculus/LibOVRPlatform/LibOVRPlatform/include/OVR_PlatformVersion.h,1,0,1
/media/ullmann/HDDGabriel/engines/UnrealEngine/Engine/Source/ThirdParty/ICU/icu4c-64_1/source/i18n/dtitvfmt.cpp,0,6,6
/media/ullmann/HDDGabriel/engines/UnrealEngine/Engine/Source/ThirdParty/Crunch/src/crnlib/crn_threading_win32.cpp,0,3,3
/media/ullmann/HDDGabriel/engines/UnrealEngine/Engine/Source/Developer/Windows/LiveCodingServer/Private/External/LC_SymbolReconstruction.cpp,0,3,3
/media/ullmann/HDDGabriel/engines/UnrealEngine/Engine/Source/Developer/Windows/LiveCodingServer/Private/External/LC_DiaUtil.h,3,3,6
/media/ullmann/HDDGabriel/engines/UnrealEngine/Engine/Source/ThirdParty/WindowsMixedRealityInterop/MixedRealityInterop/AzureSpatialAnchors.cpp,0,3,3
/media/ullmann/HDDGabriel/engines/UnrealEngine/Engine/Source/ThirdParty/WindowsMixedRealityInterop/MixedRealityInterop/AzureSpatialAnchors.h,2,1,3
/media/ullmann/HDDGabriel/engines/UnrealEngine/Engine/Source/Runtime/Renderer/Private/PostProcess/PostProcessAmbientOcclusionMobile.cpp,0,1,1
/media/ullmann/HDDGabriel/engines/UnrealEngine/Engine/Source/ThirdParty/ICU/icu4c-64_1/source/common/unames.cpp,0,14,14
/media/ullmann/HDDGabriel/engines/UnrealEngine/Engine/Source/ThirdParty/mtlpp/mtlpp-master-7efad47/src/capture_manager.hpp,1,3,4
/media/ullmann/HDDGabriel/engines/UnrealEngine/Engine/Source/ThirdParty/mtlpp/mtlpp-master-7efad47/src/imp_CaptureManager.hpp,1,1,2
/media/ullmann/HDDGabriel/engines/UnrealEngine/Engine/Source/ThirdParty/Intel/Embree/Embree270/src/kernels/xeon/geometry/triangle4i.h,10,1,11
/media/ullmann/HDDGabriel/engines/UnrealEngine/Engine/Source/ThirdParty/PhysX3/PhysX_3.4/Source/SceneQuery/src/SqAABBTreeBuild.h,3,1,4
/media/ullmann/HDDGabriel/engines/UnrealEngine/Engine/Source/ThirdParty/PhysX3/PhysX_3.4/Source/SceneQuery/src/SqTypedef.h,6,0,6
/media/ullmann/HDDGabriel/engines/UnrealEngine/Engine/Source/Runtime/Renderer/Private/EditorPrimitivesRendering.cpp,0,4,4
/media/ullmann/HDDGabriel/engines/UnrealEngine/Engine/Source/ThirdParty/ICU/icu4c-64_1/source/i18n/csrecog.cpp,0,1,1
/media/ullmann/HDDGabriel/engines/UnrealEngine/Engine/Source/ThirdParty/PhysX3/PhysX_3.4/Source/SimulationController/src/ScBodySim.cpp,0,6,6
/media/ullmann/HDDGabriel/engines/UnrealEngine/Engine/Source/Runtime/RuntimeAssetCache/Private/RuntimeAssetCacheAsyncWorker.h,2,1,3
/media/ullmann/HDDGabriel/engines/UnrealEngine/Engine/Source/Runtime/Landscape/Private/LandscapeEditLayers.cpp,0,4,4
/media/ullmann/HDDGabriel/engines/UnrealEngine/Engine/Source/Runtime/Apple/AGXRHI/Private/AGXDynamicRHIModule.cpp,0,2,2
/media/ullmann/HDDGabriel/engines/UnrealEngine/Engine/Source/Runtime/Apple/AGXRHI/Private/AGXDynamicRHIModule.h,1,0,1
/media/ullmann/HDDGabriel/engines/UnrealEngine/Engine/Source/ThirdParty/hlslcc/hlslcc/src/hlslcc_lib/lower_vec_index_to_cond_assign.cpp,0,5,5
/media/ullmann/HDDGabriel/engines/UnrealEngine/Engine/Source/ThirdParty/FreeType2/FreeType2-2.6/Src/gzip/infblock.c,1,5,6
/media/ullmann/HDDGabriel/engines/UnrealEngine/Engine/Source/ThirdParty/FreeType2/FreeType2-2.6/Src/gzip/infutil.h,4,0,4
/media/ullmann/HDDGabriel/engines/UnrealEngine/Engine/Source/ThirdParty/Python3/Linux/include/python3.9/floatobject.h,1,0,1
/media/ullmann/HDDGabriel/engines/UnrealEngine/Engine/Source/ThirdParty/PhysX3/APEX_1.4/module/destructible/include/autogen/CachedOverlaps.h,1,0,1
/media/ullmann/HDDGabriel/engines/UnrealEngine/Engine/Source/Editor/AnimGraph/Public/AnimGraphNode_Mirror.h,0,1,1
/media/ullmann/HDDGabriel/engines/UnrealEngine/Engine/Source/ThirdParty/openexr/openexr-3.1.1/src/lib/OpenEXR/ImfPizCompressor.cpp,0,11,11
/media/ullmann/HDDGabriel/engines/UnrealEngine/Engine/Source/Developer/Android/AndroidTargetPlatform/Private/AndroidTargetDevice.h,2,1,3
/media/ullmann/HDDGabriel/engines/UnrealEngine/Engine/Source/Developer/Android/AndroidTargetPlatform/Private/AndroidTargetDevice.inl,1,0,1
/media/ullmann/HDDGabriel/engines/UnrealEngine/Engine/Source/ThirdParty/EOSSDK/SDK/Bin/Android/include/eos_kws_types.h,2,1,3
/media/ullmann/HDDGabriel/engines/UnrealEngine/Engine/Source/Runtime/Engine/Public/PhysxUserData.h,3,2,5
/media/ullmann/HDDGabriel/engines/UnrealEngine/Engine/Source/ThirdParty/Intel/Embree/Embree270/src/kernels/common/vector.h,1,2,3
/media/ullmann/HDDGabriel/engines/UnrealEngine/Engine/Source/ThirdParty/Intel/Embree/Embree270/src/common/sys/vector_t.h,2,0,2
/media/ullmann/HDDGabriel/engines/UnrealEngine/Engine/Source/ThirdParty/SDL2/SDL-gui-backend/src/video/riscos/SDL_riscosvideo.h,6,2,8
/media/ullmann/HDDGabriel/engines/UnrealEngine/Engine/Source/ThirdParty/Intel/Embree/Embree2140/src/common/math/vec4.h,0,8,8
/media/ullmann/HDDGabriel/engines/UnrealEngine/Engine/Source/Runtime/Renderer/Private/ReflectionEnvironmentCapture.cpp,0,9,9
/media/ullmann/HDDGabriel/engines/UnrealEngine/Engine/Source/ThirdParty/CryptoPP/5.6.5/include/md2.h,4,2,6
/media/ullmann/HDDGabriel/engines/UnrealEngine/Engine/Source/ThirdParty/Android/libunwind/libunwind/src/aarch64/Lis_signal_frame.c,0,1,1
/media/ullmann/HDDGabriel/engines/UnrealEngine/Engine/Source/ThirdParty/Android/libunwind/libunwind/src/aarch64/Gis_signal_frame.c,1,1,2
/media/ullmann/HDDGabriel/engines/UnrealEngine/Engine/Source/Runtime/Apple/MetalRHI/Private/MetalCaptureManager.cpp,0,3,3
/media/ullmann/HDDGabriel/engines/UnrealEngine/Engine/Source/ThirdParty/ICU/icu4c-53_1/source/common/ucnvdisp.c,0,8,8
/media/ullmann/HDDGabriel/engines/UnrealEngine/Engine/Source/ThirdParty/nvTextureTools/nvTextureTools-2.0.8/src/src/nvtt/squish/weightedclusterfit.h,2,4,6
/media/ullmann/HDDGabriel/engines/UnrealEngine/Engine/Source/ThirdParty/PhysX3/PhysX_3.4/Source/GeomUtils/src/intersection/GuIntersectionRayBox.cpp,0,2,2
/media/ullmann/HDDGabriel/engines/UnrealEngine/Engine/Source/ThirdParty/PhysX3/PhysX_3.4/Source/GeomUtils/src/intersection/GuIntersectionRayBox.h,2,0,2
/media/ullmann/HDDGabriel/engines/UnrealEngine/Engine/Source/Runtime/Slate/Public/Framework/Commands/Commands.h,3,0,3
/media/ullmann/HDDGabriel/engines/UnrealEngine/Engine/Source/ThirdParty/FreeType2/FreeType2-2.4.12/src/type1/t1afm.c,1,2,3
/media/ullmann/HDDGabriel/engines/UnrealEngine/Engine/Source/ThirdParty/ICU/icu4c-53_1/source/i18n/uspoof_impl.h,7,1,8
/media/ullmann/HDDGabriel/engines/UnrealEngine/Engine/Source/ThirdParty/OpenSubdiv/OpenSubdiv-3.4.4/opensubdiv/vtr/componentInterfaces.h,1,5,6
/media/ullmann/HDDGabriel/engines/UnrealEngine/Engine/Source/Editor/PhysicsAssetEditor/Private/PhysicsAssetEditorMode.cpp,0,5,5
/media/ullmann/HDDGabriel/engines/UnrealEngine/Engine/Source/Editor/PhysicsAssetEditor/Private/PhysicsAssetEditorMode.h,2,0,2
/media/ullmann/HDDGabriel/engines/UnrealEngine/Engine/Source/Editor/AnimGraph/Public/AnimBlueprintExtension_PropertyAccess.h,0,1,1
/media/ullmann/HDDGabriel/engines/UnrealEngine/Engine/Source/Editor/AnimGraph/Public/AnimBlueprintExtension.h,1,0,1
/media/ullmann/HDDGabriel/engines/UnrealEngine/Engine/Source/ThirdParty/ICU/icu4c-53_1/source/layout/SimpleArrayProcessor2.h,2,5,7
/media/ullmann/HDDGabriel/engines/UnrealEngine/Engine/Source/ThirdParty/ICU/icu4c-53_1/source/common/ucnv_io.cpp,0,12,12
/media/ullmann/HDDGabriel/engines/UnrealEngine/Engine/Source/ThirdParty/HarfBuzz/harfbuzz-2.4.0/src/hb-buffer.cc,0,2,2
/media/ullmann/HDDGabriel/engines/UnrealEngine/Engine/Source/ThirdParty/HarfBuzz/harfbuzz-2.4.0/src/hb-buffer.hh,4,0,4
/media/ullmann/HDDGabriel/engines/UnrealEngine/Engine/Source/ThirdParty/EOSSDK/SDK/Bin/Android/include/eos_custominvites.h,0,1,1
/media/ullmann/HDDGabriel/engines/UnrealEngine/Engine/Source/ThirdParty/EOSSDK/SDK/Bin/Android/include/eos_custominvites_types.h,2,1,3
/media/ullmann/HDDGabriel/engines/UnrealEngine/Engine/Source/ThirdParty/PhysX3/PhysX_3.4/Source/SceneQuery/src/SqBucketPruner.h,3,2,5
/media/ullmann/HDDGabriel/engines/UnrealEngine/Engine/Source/Editor/PListEditor/Private/PListNodeFile.h,2,1,3
/media/ullmann/HDDGabriel/engines/UnrealEngine/Engine/Source/ThirdParty/ICU/icu4c-64_1/source/common/servls.cpp,0,8,8
/media/ullmann/HDDGabriel/engines/UnrealEngine/Engine/Source/ThirdParty/ShaderConductor/ShaderConductor/External/DirectXShaderCompiler/tools/clang/lib/CodeGen/CGExprConstant.cpp,0,6,6
/media/ullmann/HDDGabriel/engines/UnrealEngine/Engine/Source/ThirdParty/Python3/Linux/include/python3.9/enumobject.h,1,0,1
/media/ullmann/HDDGabriel/engines/UnrealEngine/Engine/Source/ThirdParty/ICU/icu4c-53_1/source/test/intltest/tscoll.cpp,0,23,23
/media/ullmann/HDDGabriel/engines/UnrealEngine/Engine/Source/ThirdParty/ICU/icu4c-53_1/source/test/intltest/tstnorm.h,4,1,5
/media/ullmann/HDDGabriel/engines/UnrealEngine/Engine/Source/ThirdParty/CryptoPP/5.6.5/include/cbcmac.cpp,0,2,2
/media/ullmann/HDDGabriel/engines/UnrealEngine/Engine/Source/Developer/TraceInsights/Private/Insights/ContextSwitches/ViewModels/ContextSwitchesFilterConverters.cpp,0,1,1
/media/ullmann/HDDGabriel/engines/UnrealEngine/Engine/Source/Developer/TraceInsights/Private/Insights/ContextSwitches/ViewModels/ContextSwitchesFilterConverters.h,1,0,1
/media/ullmann/HDDGabriel/engines/UnrealEngine/Engine/Source/Editor/SourceControlWindows/Private/SSourceControlCommon.cpp,0,1,1
/media/ullmann/HDDGabriel/engines/UnrealEngine/Engine/Source/Editor/SourceControlWindows/Private/SSourceControlCommon.h,3,0,3
/media/ullmann/HDDGabriel/engines/UnrealEngine/Engine/Source/Runtime/Apple/MetalRHI/Private/MetalVertexDeclaration.cpp,0,4,4
/media/ullmann/HDDGabriel/engines/UnrealEngine/Engine/Source/ThirdParty/Alembic/alembic-1.8.2/prman/Procedural/SampleUtil.cpp,0,1,1
/media/ullmann/HDDGabriel/engines/UnrealEngine/Engine/Source/ThirdParty/Alembic/alembic-1.8.2/prman/Procedural/SampleUtil.h,2,1,3
/media/ullmann/HDDGabriel/engines/UnrealEngine/Engine/Source/ThirdParty/libOpus/opus-1.0.3/silk/float/process_gains_FLP.c,0,1,1
/media/ullmann/HDDGabriel/engines/UnrealEngine/Engine/Source/ThirdParty/libPNG/libPNG-1.6.37/pngpread.c,0,1,1
/media/ullmann/HDDGabriel/engines/UnrealEngine/Engine/Source/ThirdParty/ICU/icu4c-64_1/source/i18n/numparse_validators.h,3,1,4
/media/ullmann/HDDGabriel/engines/UnrealEngine/Engine/Source/ThirdParty/OpenSubdiv/OpenSubdiv-3.4.4/examples/common/stopwatch.h,11,0,11
/media/ullmann/HDDGabriel/engines/UnrealEngine/Engine/Source/Runtime/Core/Public/UObject/NetworkingObjectVersion.h,1,0,1
/media/ullmann/HDDGabriel/engines/UnrealEngine/Engine/Source/Runtime/AssetRegistry/Private/AssetDataGatherer.h,3,3,6
/media/ullmann/HDDGabriel/engines/UnrealEngine/Engine/Source/Runtime/AssetRegistry/Private/CriticalSectionQueryable.h,1,0,1
/media/ullmann/HDDGabriel/engines/UnrealEngine/Engine/Source/ThirdParty/Boost/boost-1_70_0/include/boost/outcome/policy/outcome_error_code_throw_as_system_error.hpp,1,1,2
/media/ullmann/HDDGabriel/engines/UnrealEngine/Engine/Source/ThirdParty/Boost/boost-1_70_0/include/boost/outcome/policy/result_error_code_throw_as_system_error.hpp,2,2,4
/media/ullmann/HDDGabriel/engines/UnrealEngine/Engine/Source/ThirdParty/FreeType2/FreeType2-2.10.4/src/psaux/psblues.h,2,1,3
/media/ullmann/HDDGabriel/engines/UnrealEngine/Engine/Source/ThirdParty/Android/libunwind/libunwind/src/coredump/_UPT_access_fpreg.c,0,2,2
/media/ullmann/HDDGabriel/engines/UnrealEngine/Engine/Source/ThirdParty/Android/libunwind/libunwind/src/coredump/_UCD_internal.h,13,0,13
/media/ullmann/HDDGabriel/engines/UnrealEngine/Engine/Source/ThirdParty/ICU/icu4c-53_1/source/i18n/unicode/dtfmtsym.h,4,0,4
/media/ullmann/HDDGabriel/engines/UnrealEngine/Engine/Source/ThirdParty/HarfBuzz/harfbuzz-2.4.0/src/hb-gobject-structs.cc,0,2,2
/media/ullmann/HDDGabriel/engines/UnrealEngine/Engine/Source/ThirdParty/HarfBuzz/harfbuzz-2.4.0/src/hb.hh,30,0,30
/media/ullmann/HDDGabriel/engines/UnrealEngine/Engine/Source/ThirdParty/OpenSubdiv/OpenSubdiv-3.4.4/regression/shapes/bilinear_cube.h,2,0,2
/media/ullmann/HDDGabriel/engines/UnrealEngine/Engine/Source/Programs/Enterprise/Datasmith/DatasmithSketchUpRubyExporter/Private/DatasmithSketchUpComponent.h,5,1,6
/media/ullmann/HDDGabriel/engines/UnrealEngine/Engine/Source/ThirdParty/ShaderConductor/ShaderConductor/External/SPIRV-Tools/source/opt/inst_bindless_check_pass.cpp,0,1,1
/media/ullmann/HDDGabriel/engines/UnrealEngine/Engine/Source/ThirdParty/ShaderConductor/ShaderConductor/External/SPIRV-Tools/source/opt/inst_bindless_check_pass.h,1,1,2
/media/ullmann/HDDGabriel/engines/UnrealEngine/Engine/Source/ThirdParty/ICU/icu4c-53_1/source/layout/AlternateSubstSubtables.cpp,0,7,7
/media/ullmann/HDDGabriel/engines/UnrealEngine/Engine/Source/Runtime/MeshDescription/Public/MeshElementRemappings.h,1,1,2
/media/ullmann/HDDGabriel/engines/UnrealEngine/Engine/Source/ThirdParty/Imath/Imath-3.1.3/src/python/PyImath/PyImathFun.cpp,0,5,5
/media/ullmann/HDDGabriel/engines/UnrealEngine/Engine/Source/ThirdParty/Python3/Linux/include/python3.9/sysmodule.h,1,1,2
/media/ullmann/HDDGabriel/engines/UnrealEngine/Engine/Source/ThirdParty/PhysX3/PhysX_3.4/Source/SimulationController/src/ScInteractionFlags.h,2,0,2
/media/ullmann/HDDGabriel/engines/UnrealEngine/Engine/Source/ThirdParty/Intel/Embree/Embree2140/src/kernels/subdiv/gregory_patch.h,4,4,8
/media/ullmann/HDDGabriel/engines/UnrealEngine/Engine/Source/ThirdParty/Intel/Embree/Embree2140/src/kernels/subdiv/bezier_patch.h,3,2,5
/media/ullmann/HDDGabriel/engines/UnrealEngine/Engine/Source/ThirdParty/Boost/boost-1_70_0/include/boost/spirit/home/support/detail/lexer/debug.hpp,0,4,4
/media/ullmann/HDDGabriel/engines/UnrealEngine/Engine/Source/ThirdParty/Boost/boost-1_70_0/include/boost/spirit/home/support/detail/lexer/state_machine.hpp,6,5,11
/media/ullmann/HDDGabriel/engines/UnrealEngine/Engine/Source/ThirdParty/ShaderConductor/ShaderConductor/External/DirectXShaderCompiler/tools/clang/lib/StaticAnalyzer/Checkers/TestAfterDivZeroChecker.cpp,0,1,1
/media/ullmann/HDDGabriel/engines/UnrealEngine/Engine/Source/ThirdParty/Breakpad/src/google_breakpad/common/minidump_cpu_sparc.h,1,0,1
/media/ullmann/HDDGabriel/engines/UnrealEngine/Engine/Source/Developer/TraceAnalysis/Private/Store/StoreService.cpp,0,4,4
/media/ullmann/HDDGabriel/engines/UnrealEngine/Engine/Source/Editor/PListEditor/Private/PListNode.cpp,0,1,1
/media/ullmann/HDDGabriel/engines/UnrealEngine/Engine/Source/ThirdParty/CryptoPP/5.6.2/include/mqv.h,4,1,5
/media/ullmann/HDDGabriel/engines/UnrealEngine/Engine/Source/ThirdParty/FreeType2/FreeType2-2.10.4/src/autofit/afhints.c,1,2,3
/media/ullmann/HDDGabriel/engines/UnrealEngine/Engine/Source/ThirdParty/PLCrashReporter/PLCrashReporter/Source/PLCrashAsyncThread_x86.h,1,0,1
/media/ullmann/HDDGabriel/engines/UnrealEngine/Engine/Source/Runtime/SymsLib/syms/core/base/syms_base.h,0,3,3
/media/ullmann/HDDGabriel/engines/UnrealEngine/Engine/Source/Runtime/SymsLib/syms/core/base/syms_base_overrides_check.h,1,0,1
/media/ullmann/HDDGabriel/engines/UnrealEngine/Engine/Source/ThirdParty/SDL2/SDL-gui-backend/src/locale/winrt/SDL_syslocale.c,0,2,2
/media/ullmann/HDDGabriel/engines/UnrealEngine/Engine/Source/ThirdParty/SDL2/SDL-gui-backend/src/video/riscos/SDL_riscosevents_c.h,2,2,4
/media/ullmann/HDDGabriel/engines/UnrealEngine/Engine/Source/ThirdParty/Intel/Embree/Embree270/src/kernels/common/scene_bezier_curves.h,3,4,7
/media/ullmann/HDDGabriel/engines/UnrealEngine/Engine/Source/ThirdParty/CryptoPP/5.6.2/include/gf2_32.cpp,0,3,3
/media/ullmann/HDDGabriel/engines/UnrealEngine/Engine/Source/ThirdParty/ICU/icu4c-64_1/source/i18n/persncal.h,2,1,3
/media/ullmann/HDDGabriel/engines/UnrealEngine/Engine/Source/ThirdParty/ShaderConductor/ShaderConductor/External/DirectXShaderCompiler/tools/clang/tools/dxcompiler/dxclinker.cpp,0,2,2
/media/ullmann/HDDGabriel/engines/UnrealEngine/Engine/Source/ThirdParty/ShaderConductor/ShaderConductor/External/DirectXShaderCompiler/tools/clang/tools/dxcompiler/dxcutil.h,6,0,6
/media/ullmann/HDDGabriel/engines/UnrealEngine/Engine/Source/ThirdParty/llvm/8/include/llvm/BinaryFormat/Wasm.h,0,1,1
/media/ullmann/HDDGabriel/engines/UnrealEngine/Engine/Source/ThirdParty/llvm/8/include/llvm/BinaryFormat/WasmRelocs.def,1,0,1
/media/ullmann/HDDGabriel/engines/UnrealEngine/Engine/Source/ThirdParty/SDL2/SDL-gui-backend/src/video/khronos/vulkan/vulkan_xcb.h,1,0,1
/media/ullmann/HDDGabriel/engines/UnrealEngine/Engine/Source/ThirdParty/ShaderConductor/ShaderConductor/External/DirectXShaderCompiler/include/llvm/DebugInfo/PDB/PDBSymbolTypeBuiltin.h,0,2,2
/media/ullmann/HDDGabriel/engines/UnrealEngine/Engine/Source/ThirdParty/FreeType2/FreeType2-2.10.0/src/otvalid/otvalid.h,8,1,9
/media/ullmann/HDDGabriel/engines/UnrealEngine/Engine/Source/ThirdParty/rpclib/Source/include/rpc/msgpack/adaptor/boost/optional.hpp,1,0,1
/media/ullmann/HDDGabriel/engines/UnrealEngine/Engine/Source/ThirdParty/FreeType2/FreeType2-2.4.12/src/type1/t1load.h,3,1,4
/media/ullmann/HDDGabriel/engines/UnrealEngine/Engine/Source/ThirdParty/FreeType2/FreeType2-2.4.12/src/type1/t1parse.h,2,0,2
/media/ullmann/HDDGabriel/engines/UnrealEngine/Engine/Source/Editor/UMGEditor/Private/AssetTypeActions_WidgetBlueprint.h,2,0,2
/media/ullmann/HDDGabriel/engines/UnrealEngine/Engine/Source/ThirdParty/libOpus/opus-1.1/celt/laplace.h,2,2,4
/media/ullmann/HDDGabriel/engines/UnrealEngine/Engine/Source/ThirdParty/libOpus/opus-1.0.3/silk/NLSF_encode.c,0,1,1
/media/ullmann/HDDGabriel/engines/UnrealEngine/Engine/Source/ThirdParty/FreeImage/FreeImage-3.18.0/Source/OpenEXR/IlmImf/ImfTiledRgbaFile.cpp,0,10,10
/media/ullmann/HDDGabriel/engines/UnrealEngine/Engine/Source/ThirdParty/FreeImage/FreeImage-3.18.0/Source/OpenEXR/IlmImf/ImfTiledRgbaFile.h,2,7,9
/media/ullmann/HDDGabriel/engines/UnrealEngine/Engine/Source/Runtime/Engine/Public/UnrealClient.h,8,1,9
/media/ullmann/HDDGabriel/engines/UnrealEngine/Engine/Source/ThirdParty/ShaderConductor/ShaderConductor/External/DirectXShaderCompiler/tools/llvm-readobj/Error.h,8,0,8
/media/ullmann/HDDGabriel/engines/UnrealEngine/Engine/Source/ThirdParty/Boost/boost-1_70_0/include/boost/numeric/ublas/tensor/expression_evaluation.hpp,3,0,3
/media/ullmann/HDDGabriel/engines/UnrealEngine/Engine/Source/ThirdParty/FreeType2/FreeType2-2.10.4/src/smooth/ftgrays.c,1,2,3
/media/ullmann/HDDGabriel/engines/UnrealEngine/Engine/Source/ThirdParty/FreeType2/FreeType2-2.10.4/src/smooth/ftsmerrs.h,2,0,2
/media/ullmann/HDDGabriel/engines/UnrealEngine/Engine/Source/ThirdParty/Python3/Mac/include/pymacro.h,1,0,1
/media/ullmann/HDDGabriel/engines/UnrealEngine/Engine/Source/ThirdParty/nvTextureTools/nvTextureTools-2.0.6/src/src/nvtt/squish/singlecolourfit.h,2,2,4
/media/ullmann/HDDGabriel/engines/UnrealEngine/Engine/Source/ThirdParty/nvTextureTools/nvTextureTools-2.0.6/src/src/nvtt/squish/colourfit.h,7,2,9
/media/ullmann/HDDGabriel/engines/UnrealEngine/Engine/Source/Editor/UMGEditor/Private/AssetTypeActions_SlateVectorArtData.h,1,0,1
/media/ullmann/HDDGabriel/engines/UnrealEngine/Engine/Source/ThirdParty/OpenVDB/openvdb-8.1.0/openvdb_ax/openvdb_ax/ast/PrintTree.cc,0,4,4
/media/ullmann/HDDGabriel/engines/UnrealEngine/Engine/Source/ThirdParty/Oculus/LibOVRPlatform/LibOVRPlatform/include/OVR_InstalledApplication.h,2,1,3
/media/ullmann/HDDGabriel/engines/UnrealEngine/Engine/Source/Runtime/Core/Public/Unix/UnixPlatformRunnableThread.h,0,1,1
/media/ullmann/HDDGabriel/engines/UnrealEngine/Engine/Source/Runtime/Core/Private/HAL/PThreadRunnableThread.h,3,0,3
/media/ullmann/HDDGabriel/engines/UnrealEngine/Engine/Source/Developer/DirectoryWatcher/Private/Windows/DirectoryWatcherWindows.h,2,0,2
/media/ullmann/HDDGabriel/engines/UnrealEngine/Engine/Source/ThirdParty/Python3/Win64/include/pythread.h,1,0,1
/media/ullmann/HDDGabriel/engines/UnrealEngine/Engine/Source/ThirdParty/ShaderConductor/ShaderConductor/External/DirectXShaderCompiler/tools/clang/lib/CodeGen/CGHLSLMSFinishCodeGen.cpp,0,2,2
/media/ullmann/HDDGabriel/engines/UnrealEngine/Engine/Source/ThirdParty/ShaderConductor/ShaderConductor/External/DirectXShaderCompiler/tools/clang/lib/CodeGen/CGHLSLMSHelper.h,3,0,3
/media/ullmann/HDDGabriel/engines/UnrealEngine/Engine/Source/ThirdParty/FreeType2/FreeType2-2.10.4/src/pfr/pfrgload.c,1,4,5
/media/ullmann/HDDGabriel/engines/UnrealEngine/Engine/Source/Editor/FontEditor/Private/FontEditor.cpp,0,3,3
/media/ullmann/HDDGabriel/engines/UnrealEngine/Engine/Source/Editor/FontEditor/Private/SCompositeFontEditor.h,2,0,2
/media/ullmann/HDDGabriel/engines/UnrealEngine/Engine/Source/Developer/Merge/Public/Merge.h,2,0,2
/media/ullmann/HDDGabriel/engines/UnrealEngine/Engine/Source/ThirdParty/rpclib/Source/include/rpc/msgpack/adaptor/vector_unsigned_char.hpp,1,0,1
/media/ullmann/HDDGabriel/engines/UnrealEngine/Engine/Source/ThirdParty/libOpus/opus-1.0.3/silk/process_NLSFs.c,0,1,1
/media/ullmann/HDDGabriel/engines/UnrealEngine/Engine/Source/Runtime/GeometryCore/Public/HalfspaceTypes.h,0,1,1
/media/ullmann/HDDGabriel/engines/UnrealEngine/Engine/Source/Editor/WorldPartitionEditor/Private/WorldPartitionEditorModule.cpp,0,6,6
/media/ullmann/HDDGabriel/engines/UnrealEngine/Engine/Source/Editor/WorldPartitionEditor/Private/WorldPartition/HLOD/SWorldPartitionBuildHLODsDialog.h,2,0,2
/media/ullmann/HDDGabriel/engines/UnrealEngine/Engine/Source/ThirdParty/PhysX3/APEX_1.4/framework/src/windows/PhysXIndicator.cpp,0,2,2
/media/ullmann/HDDGabriel/engines/UnrealEngine/Engine/Source/ThirdParty/PhysX3/APEX_1.4/framework/src/windows/AgMMFile.h,3,0,3
/media/ullmann/HDDGabriel/engines/UnrealEngine/Engine/Source/ThirdParty/SDL2/SDL-gui-backend/src/joystick/hidapi/SDL_hidapi_ps4.c,0,5,5
/media/ullmann/HDDGabriel/engines/UnrealEngine/Engine/Source/ThirdParty/FreeType2/FreeType2-2.10.4/src/type1/t1objs.c,1,4,5
/media/ullmann/HDDGabriel/engines/UnrealEngine/Engine/Source/Runtime/Projects/Public/ProjectDescriptor.h,1,3,4
/media/ullmann/HDDGabriel/engines/UnrealEngine/Engine/Source/Runtime/Projects/Public/PluginReferenceDescriptor.h,2,3,5
/media/ullmann/HDDGabriel/engines/UnrealEngine/Engine/Source/Programs/HeadlessChaos/Public/GeometryCollection/GeometryCollectionTestClean.h,0,1,1
/media/ullmann/HDDGabriel/engines/UnrealEngine/Engine/Source/ThirdParty/PhysX3/PhysX_3.4/Source/PhysX/src/NpShapeManager.cpp,0,5,5
/media/ullmann/HDDGabriel/engines/UnrealEngine/Engine/Source/ThirdParty/ICU/icu4c-53_1/source/layout/ScriptAndLanguageTags.cpp,0,3,3
/media/ullmann/HDDGabriel/engines/UnrealEngine/Engine/Source/ThirdParty/FreeType2/FreeType2-2.6/Src/autofit/afstyles.h,4,0,4
/media/ullmann/HDDGabriel/engines/UnrealEngine/Engine/Source/Developer/DerivedDataCache/Public/DerivedDataBuildWorkerRegistry.h,0,1,1
/media/ullmann/HDDGabriel/engines/UnrealEngine/Engine/Source/ThirdParty/WebRTC/4147/Include/third_party/libvpx/source/config/ios/arm64/vp8_rtcd.h,0,1,1
/media/ullmann/HDDGabriel/engines/UnrealEngine/Engine/Source/ThirdParty/OpenVDB/openvdb-8.1.0/openvdb/openvdb/io/Compression.h,2,2,4
/media/ullmann/HDDGabriel/engines/UnrealEngine/Engine/Source/ThirdParty/Intel/ISPC/ispc-1.16.1/ispcrt/detail/cpu/CPUDevice.cpp,0,1,1
/media/ullmann/HDDGabriel/engines/UnrealEngine/Engine/Source/ThirdParty/Intel/ISPC/ispc-1.16.1/ispcrt/detail/cpu/CPUDevice.h,2,2,4
/media/ullmann/HDDGabriel/engines/UnrealEngine/Engine/Source/Runtime/SlateCore/Public/Types/WidgetActiveTimerDelegate.h,1,0,1
/media/ullmann/HDDGabriel/engines/UnrealEngine/Engine/Source/Runtime/Experimental/Chaos/Public/Chaos/Serializable.h,2,0,2
/media/ullmann/HDDGabriel/engines/UnrealEngine/Engine/Source/ThirdParty/ShaderConductor/ShaderConductor/External/SPIRV-Cross/include/spirv_cross/barrier.hpp,1,0,1
/media/ullmann/HDDGabriel/engines/UnrealEngine/Engine/Source/ThirdParty/Python3/Linux/include/python3.9/boolobject.h,1,0,1
/media/ullmann/HDDGabriel/engines/UnrealEngine/Engine/Source/Runtime/Renderer/Private/LightMapRendering.h,8,1,9
/media/ullmann/HDDGabriel/engines/UnrealEngine/Engine/Source/Runtime/PhysicsCore/Public/PhysicsInterfaceDeclaresCore.h,4,1,5
/media/ullmann/HDDGabriel/engines/UnrealEngine/Engine/Source/ThirdParty/ICU/icu4c-53_1/source/test/intltest/currcoll.cpp,0,2,2
/media/ullmann/HDDGabriel/engines/UnrealEngine/Engine/Source/ThirdParty/Windows/PIX/include/pix3.h,0,3,3
/media/ullmann/HDDGabriel/engines/UnrealEngine/Engine/Source/ThirdParty/Windows/PIX/include/pix3_win.h,1,0,1
/media/ullmann/HDDGabriel/engines/UnrealEngine/Engine/Source/ThirdParty/ICU/icu4c-64_1/source/common/unicode/ucnvsel.h,1,0,1
/media/ullmann/HDDGabriel/engines/UnrealEngine/Engine/Source/Editor/DetailCustomizations/Private/CurveColorCustomization.cpp,0,1,1
/media/ullmann/HDDGabriel/engines/UnrealEngine/Engine/Source/Editor/DetailCustomizations/Private/CurveColorCustomization.h,2,0,2
/media/ullmann/HDDGabriel/engines/UnrealEngine/Engine/Source/ThirdParty/PhysX3/APEX_1.4/common/include/ModuleBase.h,1,2,3
/media/ullmann/HDDGabriel/engines/UnrealEngine/Engine/Source/ThirdParty/PhysX3/APEX_1.4/common/include/ApexResource.h,4,0,4
/media/ullmann/HDDGabriel/engines/UnrealEngine/Engine/Source/ThirdParty/Steamworks/Steamv151/sdk/public/steam/isteamparentalsettings.h,1,1,2
/media/ullmann/HDDGabriel/engines/UnrealEngine/Engine/Source/ThirdParty/Intel/Embree/Embree2140/src/kernels/common/accelinstance.h,2,2,4
/media/ullmann/HDDGabriel/engines/UnrealEngine/Engine/Source/Developer/Android/AndroidPlatformEditor/Private/AndroidPlatformEditorModule.cpp,0,3,3
/media/ullmann/HDDGabriel/engines/UnrealEngine/Engine/Source/Developer/Android/AndroidPlatformEditor/Private/AndroidSDKSettings.h,3,0,3
/media/ullmann/HDDGabriel/engines/UnrealEngine/Engine/Source/ThirdParty/EOSSDK/SDK/Include/eos_friends_types.h,2,1,3
/media/ullmann/HDDGabriel/engines/UnrealEngine/Engine/Source/ThirdParty/ICU/icu4c-64_1/source/common/unicode/uloc.h,16,0,16
/media/ullmann/HDDGabriel/engines/UnrealEngine/Engine/Source/ThirdParty/OpenSubdiv/Deploy/OpenSubdiv-3.4.4/include/opensubdiv/hbr/allocator.h,2,1,3
/media/ullmann/HDDGabriel/engines/UnrealEngine/Engine/Source/ThirdParty/nvTextureTools/nvTextureTools-2.0.6/src/src/nvimage/ImageIO.cpp,0,5,5
/media/ullmann/HDDGabriel/engines/UnrealEngine/Engine/Source/ThirdParty/nvTextureTools/nvTextureTools-2.0.6/src/src/nvimage/FloatImage.h,2,0,2
/media/ullmann/HDDGabriel/engines/UnrealEngine/Engine/Source/Developer/AssetTools/Private/AssetTypeActions/AssetTypeActions_AnimComposite.h,1,0,1
/media/ullmann/HDDGabriel/engines/UnrealEngine/Engine/Source/ThirdParty/ICU/icu4c-64_1/source/common/unicode/utrace.h,2,0,2
/media/ullmann/HDDGabriel/engines/UnrealEngine/Engine/Source/ThirdParty/ICU/icu4c-64_1/source/tools/toolutil/pkg_icu.cpp,0,5,5
/media/ullmann/HDDGabriel/engines/UnrealEngine/Engine/Source/ThirdParty/ICU/icu4c-64_1/source/tools/toolutil/pkg_icu.h,1,1,2
/media/ullmann/HDDGabriel/engines/UnrealEngine/Engine/Source/ThirdParty/ShaderConductor/ShaderConductor/External/DirectXShaderCompiler/utils/TableGen/CodeGenMapTable.cpp,0,1,1
/media/ullmann/HDDGabriel/engines/UnrealEngine/Engine/Source/ThirdParty/ICU/icu4c-53_1/source/common/unicode/unorm.h,6,0,6
/media/ullmann/HDDGabriel/engines/UnrealEngine/Engine/Source/Editor/LandscapeEditor/Private/LandscapeEdModeBPCustomTools.cpp,0,2,2
/media/ullmann/HDDGabriel/engines/UnrealEngine/Engine/Source/ThirdParty/zlib/v1.2.8/include/Win32/VS2015/zlib.h,0,1,1
/media/ullmann/HDDGabriel/engines/UnrealEngine/Engine/Source/ThirdParty/zlib/v1.2.8/include/Win32/VS2015/zconf.h,1,0,1
/media/ullmann/HDDGabriel/engines/UnrealEngine/Engine/Source/ThirdParty/Alembic/alembic-1.8.2/python/PyAlembic/PyOObject.cpp,0,1,1
/media/ullmann/HDDGabriel/engines/UnrealEngine/Engine/Source/ThirdParty/ShaderConductor/ShaderConductor/External/DirectXShaderCompiler/tools/llvm-diff/DiffLog.cpp,0,2,2
/media/ullmann/HDDGabriel/engines/UnrealEngine/Engine/Source/ThirdParty/FreeType2/FreeType2-2.4.12/src/cid/cidobjs.c,1,3,4
/media/ullmann/HDDGabriel/engines/UnrealEngine/Engine/Source/ThirdParty/PhysX3/PxShared/src/pvd/src/PxProfileEventParser.h,1,2,3
/media/ullmann/HDDGabriel/engines/UnrealEngine/Engine/Source/Runtime/Renderer/Private/ShadowDepthRendering.cpp,0,11,11
/media/ullmann/HDDGabriel/engines/UnrealEngine/Engine/Source/Runtime/Renderer/Private/GPUScene.h,12,1,13
/media/ullmann/HDDGabriel/engines/UnrealEngine/Engine/Source/ThirdParty/PhysX3/APEX_1.4/module/destructible_legacy/include/autogen/DestructibleActorParam_0p6.h,1,0,1
/media/ullmann/HDDGabriel/engines/UnrealEngine/Engine/Source/ThirdParty/FBX/2020.2/include/fbxsdk/scene/geometry/fbxlodgroup.h,1,0,1
/media/ullmann/HDDGabriel/engines/UnrealEngine/Engine/Source/ThirdParty/HarfBuzz/harfbuzz-2.4.0/src/hb-icu.cc,0,3,3
/media/ullmann/HDDGabriel/engines/UnrealEngine/Engine/Source/ThirdParty/HarfBuzz/harfbuzz-2.4.0/src/hb-machinery.hh,9,0,9
/media/ullmann/HDDGabriel/engines/UnrealEngine/Engine/Source/Editor/Cascade/Private/CascadeEmitterCanvasClient.cpp,0,5,5
/media/ullmann/HDDGabriel/engines/UnrealEngine/Engine/Source/Editor/Cascade/Private/CascadeActions.h,4,0,4
/media/ullmann/HDDGabriel/engines/UnrealEngine/Engine/Source/Editor/FontEditor/Private/FontFaceDetailsCustomization.cpp,0,1,1
/media/ullmann/HDDGabriel/engines/UnrealEngine/Engine/Source/Editor/FontEditor/Private/FontFaceDetailsCustomization.h,2,0,2
/media/ullmann/HDDGabriel/engines/UnrealEngine/Engine/Source/ThirdParty/openexr/openexr-3.1.1/src/lib/OpenEXRUtil/ImfDeepImageIO.h,2,3,5
/media/ullmann/HDDGabriel/engines/UnrealEngine/Engine/Source/ThirdParty/SDL2/SDL-gui-backend/src/audio/emscripten/SDL_emscriptenaudio.c,0,3,3
/media/ullmann/HDDGabriel/engines/UnrealEngine/Engine/Source/Editor/UMGEditor/Private/WidgetBlueprintEditorUtils.cpp,0,6,6
/media/ullmann/HDDGabriel/engines/UnrealEngine/Engine/Source/Editor/UMGEditor/Private/Utility/WidgetSlotPair.h,1,0,1
/media/ullmann/HDDGabriel/engines/UnrealEngine/Engine/Source/ThirdParty/Windows/DirectXLegacy/Include/d3dx9shader.h,1,1,2
/media/ullmann/HDDGabriel/engines/UnrealEngine/Engine/Source/ThirdParty/CryptoPP/5.6.2/include/network.h,3,3,6
/media/ullmann/HDDGabriel/engines/UnrealEngine/Engine/Source/Runtime/Apple/AGXRHI/Private/AGXPipeline.cpp,0,8,8
/media/ullmann/HDDGabriel/engines/UnrealEngine/Engine/Source/Runtime/Slate/Public/Widgets/Input/NumericTypeInterface.h,2,0,2
/media/ullmann/HDDGabriel/engines/UnrealEngine/Engine/Source/ThirdParty/OpenSubdiv/OpenSubdiv-3.4.4/opensubdiv/osd/cpuPatchTable.cpp,0,2,2
/media/ullmann/HDDGabriel/engines/UnrealEngine/Engine/Source/ThirdParty/OpenSubdiv/OpenSubdiv-3.4.4/examples/glViewer/glViewer.cpp,0,11,11
/media/ullmann/HDDGabriel/engines/UnrealEngine/Engine/Source/ThirdParty/SDL2/SDL-gui-backend/src/render/software/SDL_blendpoint.h,3,1,4
/media/ullmann/HDDGabriel/engines/UnrealEngine/Engine/Source/ThirdParty/Intel/Embree/Embree2140/MacOSX/include/embree2/rtcore.h,1,3,4
/media/ullmann/HDDGabriel/engines/UnrealEngine/Engine/Source/ThirdParty/Intel/Embree/Embree2140/MacOSX/include/embree2/rtcore_geometry.h,1,0,1
/media/ullmann/HDDGabriel/engines/UnrealEngine/Engine/Source/ThirdParty/EOSSDK/SDK/Bin/IOS/EOSSDK.framework/Headers/eos_achievements_types.h,2,2,4
/media/ullmann/HDDGabriel/engines/UnrealEngine/Engine/Source/ThirdParty/EOSSDK/SDK/Bin/IOS/EOSSDK.framework/Headers/eos_achievements_types_deprecated.inl,1,0,1
/media/ullmann/HDDGabriel/engines/UnrealEngine/Engine/Source/Developer/DerivedDataCache/Private/HttpCacheStore.cpp,0,2,2
/media/ullmann/HDDGabriel/engines/UnrealEngine/Engine/Source/ThirdParty/libOpus/opus-1.0.3/silk/float/noise_shape_analysis_FLP.c,0,1,1
/media/ullmann/HDDGabriel/engines/UnrealEngine/Engine/Source/ThirdParty/OpenVDB/openvdb-8.1.0/openvdb_ax/openvdb_ax/test/frontend/TestAttributeNode.cc,0,1,1
/media/ullmann/HDDGabriel/engines/UnrealEngine/Engine/Source/ThirdParty/PhysX3/PhysX_3.4/Source/LowLevelCloth/src/windows/CuClothClone.cpp,0,4,4
/media/ullmann/HDDGabriel/engines/UnrealEngine/Engine/Source/ThirdParty/OpenVDB/openvdb-8.1.0/openvdb/openvdb/math/Stats.h,0,1,1
/media/ullmann/HDDGabriel/engines/UnrealEngine/Engine/Source/ThirdParty/Oculus/LibOVRPlatform/LibOVRPlatform/include/OVR_LivestreamingVideoStats.h,2,1,3
/media/ullmann/HDDGabriel/engines/UnrealEngine/Engine/Source/ThirdParty/ICU/icu4c-64_1/source/test/intltest/csdetest.cpp,0,2,2
/media/ullmann/HDDGabriel/engines/UnrealEngine/Engine/Source/ThirdParty/CryptoPP/5.6.5/include/wait.h,5,5,10
/media/ullmann/HDDGabriel/engines/UnrealEngine/Engine/Source/ThirdParty/ICU/icu4c-53_1/source/common/unistr_case_locale.cpp,0,5,5
/media/ullmann/HDDGabriel/engines/UnrealEngine/Engine/Source/ThirdParty/ICU/icu4c-53_1/source/layout/KhmerReordering.h,2,2,4
/media/ullmann/HDDGabriel/engines/UnrealEngine/Engine/Source/ThirdParty/Crunch/src/crnlib/crn_dxt_hc_common.cpp,0,2,2
/media/ullmann/HDDGabriel/engines/UnrealEngine/Engine/Source/ThirdParty/Intel/Embree/Embree2140/src/kernels/common/scene.cpp,0,3,3
/media/ullmann/HDDGabriel/engines/UnrealEngine/Engine/Source/ThirdParty/Intel/Embree/Embree2140/src/kernels/bvh/bvh4_factory.h,3,4,7
/media/ullmann/HDDGabriel/engines/UnrealEngine/Engine/Source/ThirdParty/Python3/Win64/include/sysmodule.h,1,1,2
/media/ullmann/HDDGabriel/engines/UnrealEngine/Engine/Source/ThirdParty/Python3/Win64/include/cpython/sysmodule.h,1,0,1
/media/ullmann/HDDGabriel/engines/UnrealEngine/Engine/Source/ThirdParty/OpenSubdiv/OpenSubdiv-3.4.4/regression/shapes/catmark_fvar_bound0.h,1,0,1
/media/ullmann/HDDGabriel/engines/UnrealEngine/Engine/Source/Runtime/Launch/Private/IOS/GameLaunchDaemonMessageHandler.cpp,0,1,1
/media/ullmann/HDDGabriel/engines/UnrealEngine/Engine/Source/Runtime/Launch/Private/IOS/GameLaunchDaemonMessageHandler.h,2,0,2
/media/ullmann/HDDGabriel/engines/UnrealEngine/Engine/Source/ThirdParty/FreeType2/FreeType2-2.6/Include/ftbzip2.h,0,1,1
/media/ullmann/HDDGabriel/engines/UnrealEngine/Engine/Source/Runtime/Core/Private/ProfilingDebugging/CallstackTrace.cpp,0,1,1
/media/ullmann/HDDGabriel/engines/UnrealEngine/Engine/Source/Runtime/Core/Private/ProfilingDebugging/CallstackTracePrivate.h,1,0,1
/media/ullmann/HDDGabriel/engines/UnrealEngine/Engine/Source/Runtime/Core/Public/PixelFormat.h,0,2,2
/media/ullmann/HDDGabriel/engines/UnrealEngine/Engine/Source/Developer/Datasmith/DatasmithFacade/Public/DatasmithFacadeMaterialsUtils.h,0,2,2
/media/ullmann/HDDGabriel/engines/UnrealEngine/Engine/Source/Runtime/MediaUtils/Private/MediaDelegates.cpp,0,1,1
/media/ullmann/HDDGabriel/engines/UnrealEngine/Engine/Source/Runtime/MediaUtils/Private/MediaUtilsPrivate.h,7,0,7
/media/ullmann/HDDGabriel/engines/UnrealEngine/Engine/Source/Editor/Persona/Private/SAnimMontagePanel.h,2,4,6
/media/ullmann/HDDGabriel/engines/UnrealEngine/Engine/Source/Editor/Persona/Private/SAnimCurveEd.h,2,0,2
/media/ullmann/HDDGabriel/engines/UnrealEngine/Engine/Source/Developer/DerivedDataCache/Private/DerivedDataCacheStoreHierarchy.cpp,0,3,3
/media/ullmann/HDDGabriel/engines/UnrealEngine/Engine/Source/ThirdParty/FreeType2/FreeType2-2.10.0/src/psaux/t1decode.c,1,3,4
/media/ullmann/HDDGabriel/engines/UnrealEngine/Engine/Source/ThirdParty/coremod/coremod-4.2.6/src/mix_all.c,0,4,4
/media/ullmann/HDDGabriel/engines/UnrealEngine/Engine/Source/Editor/UnrealEd/Public/MRUFavoritesList.h,0,1,1
/media/ullmann/HDDGabriel/engines/UnrealEngine/Engine/Source/Editor/UnrealEd/Public/MRUList.h,2,0,2
/media/ullmann/HDDGabriel/engines/UnrealEngine/Engine/Source/ThirdParty/Crunch/src/crnlib/lzma_Alloc.cpp,0,2,2
/media/ullmann/HDDGabriel/engines/UnrealEngine/Engine/Source/ThirdParty/PhysX3/NvCloth/samples/SampleBase/scene/scenes/MultiSolverScene.cpp,0,1,1
/media/ullmann/HDDGabriel/engines/UnrealEngine/Engine/Source/ThirdParty/PhysX3/NvCloth/samples/SampleBase/scene/scenes/MultiSolverScene.h,1,0,1
/media/ullmann/HDDGabriel/engines/UnrealEngine/Engine/Source/Developer/TraceInsights/Private/Insights/ViewModels/StatsNode.cpp,0,1,1
/media/ullmann/HDDGabriel/engines/UnrealEngine/Engine/Source/Developer/TraceInsights/Private/Insights/ViewModels/StatsNode.h,1,0,1
/media/ullmann/HDDGabriel/engines/UnrealEngine/Engine/Source/ThirdParty/OpenVDB/openvdb-8.1.0/openvdb_ax/openvdb_ax/codegen/FunctionRegistry.h,6,3,9
/media/ullmann/HDDGabriel/engines/UnrealEngine/Engine/Source/ThirdParty/FreeImage/FreeImage-3.18.0/Source/OpenEXR/IexMath/IexMathFloatExc.cpp,0,2,2
/media/ullmann/HDDGabriel/engines/UnrealEngine/Engine/Source/ThirdParty/ShaderConductor/ShaderConductor/External/DirectXShaderCompiler/include/llvm/ExecutionEngine/RTDyldMemoryManager.h,0,1,1
/media/ullmann/HDDGabriel/engines/UnrealEngine/Engine/Source/ThirdParty/ShaderConductor/ShaderConductor/External/DirectXShaderCompiler/include/llvm/ExecutionEngine/RuntimeDyld.h,3,1,4
/media/ullmann/HDDGabriel/engines/UnrealEngine/Engine/Source/ThirdParty/Python3/Win64/include/pyarena.h,1,0,1
/media/ullmann/HDDGabriel/engines/UnrealEngine/Engine/Source/ThirdParty/Intel/Embree/Embree2140/src/common/math/vec3fa.h,2,3,5
/media/ullmann/HDDGabriel/engines/UnrealEngine/Engine/Source/Runtime/SlateCore/Public/Layout/Geometry.h,1,0,1
/media/ullmann/HDDGabriel/engines/UnrealEngine/Engine/Source/ThirdParty/CryptoPP/5.6.2/include/sharkbox.cpp,0,2,2
/media/ullmann/HDDGabriel/engines/UnrealEngine/Engine/Source/Developer/Windows/LiveCodingServer/Private/External/LC_DiaSymbolName.cpp,0,1,1
/media/ullmann/HDDGabriel/engines/UnrealEngine/Engine/Source/Developer/Windows/LiveCodingServer/Private/External/LC_DiaSymbolName.h,2,0,2
/media/ullmann/HDDGabriel/engines/UnrealEngine/Engine/Source/ThirdParty/PhysX3/PhysX_3.4/Include/vehicle/PxVehicleUpdate.h,1,0,1
/media/ullmann/HDDGabriel/engines/UnrealEngine/Engine/Source/Developer/AutomationDriver/Private/AutomationDriver.h,4,0,4
/media/ullmann/HDDGabriel/engines/UnrealEngine/Engine/Source/ThirdParty/FreeImage/FreeImage-3.18.0/Source/ZLib/inffast.h,3,0,3
/media/ullmann/HDDGabriel/engines/UnrealEngine/Engine/Source/ThirdParty/Intel/TBB/IntelTBB-2019u8/src/test/test_tick_count.cpp,0,2,2
/media/ullmann/HDDGabriel/engines/UnrealEngine/Engine/Source/ThirdParty/CryptoPP/5.6.2/include/trdlocal.cpp,0,2,2
/media/ullmann/HDDGabriel/engines/UnrealEngine/Engine/Source/Runtime/MediaUtils/Public/MediaRecorder.h,0,1,1
/media/ullmann/HDDGabriel/engines/UnrealEngine/Engine/Source/Runtime/MediaUtils/Public/MediaSampleQueue.h,2,2,4
/media/ullmann/HDDGabriel/engines/UnrealEngine/Engine/Source/Runtime/Slate/Public/Framework/Commands/UICommandInfo.h,3,0,3
/media/ullmann/HDDGabriel/engines/UnrealEngine/Engine/Source/ThirdParty/HarfBuzz/harfbuzz-1.2.4/src/hb-shape-plan.h,1,2,3
/media/ullmann/HDDGabriel/engines/UnrealEngine/Engine/Source/ThirdParty/openexr/Deploy/openexr-3.1.1/include/OpenEXR/IexMathFloatExc.h,0,3,3
/media/ullmann/HDDGabriel/engines/UnrealEngine/Engine/Source/Editor/Persona/Private/AnimTimeline/AnimTimelineTrack_Notifies.cpp,0,3,3
/media/ullmann/HDDGabriel/engines/UnrealEngine/Engine/Source/ThirdParty/Boost/boost-1_70_0/include/boost/polygon/interval_concept.hpp,5,2,7
/media/ullmann/HDDGabriel/engines/UnrealEngine/Engine/Source/ThirdParty/ICU/icu4c-64_1/source/i18n/dtptngen_impl.h,1,1,2
/media/ullmann/HDDGabriel/engines/UnrealEngine/Engine/Source/ThirdParty/FreeImage/FreeImage-3.18.0/Source/LibOpenJPEG/indexbox_manager.h,1,3,4
/media/ullmann/HDDGabriel/engines/UnrealEngine/Engine/Source/ThirdParty/PhysX3/APEX_1.4/module/emitter/include/EmitterAssetImpl.h,2,1,3
/media/ullmann/HDDGabriel/engines/UnrealEngine/Engine/Source/Editor/Kismet/Private/SBlueprintEditorToolbar.cpp,0,2,2
/media/ullmann/HDDGabriel/engines/UnrealEngine/Engine/Source/Editor/Kismet/Private/SBlueprintEditorSelectedDebugObjectWidget.h,2,0,2
/media/ullmann/HDDGabriel/engines/UnrealEngine/Engine/Source/ThirdParty/ICU/icu4c-53_1/source/common/uset_props.cpp,0,7,7
/media/ullmann/HDDGabriel/engines/UnrealEngine/Engine/Source/ThirdParty/ShaderConductor/ShaderConductor/External/DirectXShaderCompiler/lib/DxilDia/DxilDiaTableLineNumbers.h,3,2,5
/media/ullmann/HDDGabriel/engines/UnrealEngine/Engine/Source/ThirdParty/ICU/icu4c-53_1/source/io/uscanf.h,3,1,4
/media/ullmann/HDDGabriel/engines/UnrealEngine/Engine/Source/ThirdParty/PhysX3/APEX_1.4/module/destructible/include/autogen/MeshCookedCollisionStream.h,1,0,1
/media/ullmann/HDDGabriel/engines/UnrealEngine/Engine/Source/ThirdParty/Intel/TBB/IntelTBB-2019u8/src/tbb/queuing_mutex.cpp,0,2,2
/media/ullmann/HDDGabriel/engines/UnrealEngine/Engine/Source/ThirdParty/CryptoPP/5.6.2/include/seckey.h,29,3,32
/media/ullmann/HDDGabriel/engines/UnrealEngine/Engine/Source/ThirdParty/libcurl/7_75_0/include/Android/curl/multi.h,1,1,2
/media/ullmann/HDDGabriel/engines/UnrealEngine/Engine/Source/Runtime/InstallBundleManager/Private/InstallBundleCache.cpp,0,1,1
/media/ullmann/HDDGabriel/engines/UnrealEngine/Engine/Source/Runtime/InstallBundleManager/Private/InstallBundleManagerPrivatePCH.h,5,0,5
/media/ullmann/HDDGabriel/engines/UnrealEngine/Engine/Source/ThirdParty/ICU/icu4c-64_1/source/test/intltest/dadrfmt.h,2,1,3
/media/ullmann/HDDGabriel/engines/UnrealEngine/Engine/Source/ThirdParty/SDL2/SDL-gui-backend/src/libm/k_cos.c,0,2,2
/media/ullmann/HDDGabriel/engines/UnrealEngine/Engine/Source/Developer/Profiler/Private/ProfilerModule.cpp,0,3,3
/media/ullmann/HDDGabriel/engines/UnrealEngine/Engine/Source/Developer/Profiler/Private/ProfilerManager.h,2,3,5
/media/ullmann/HDDGabriel/engines/UnrealEngine/Engine/Source/Editor/Persona/Private/SMontageEditor.cpp,0,6,6
/media/ullmann/HDDGabriel/engines/UnrealEngine/Engine/Source/Editor/Persona/Private/SAnimMontageSectionsPanel.h,3,1,4
/media/ullmann/HDDGabriel/engines/UnrealEngine/Engine/Source/Editor/AnimationModifiers/Private/AnimationModifiersModule.cpp,0,7,7
/media/ullmann/HDDGabriel/engines/UnrealEngine/Engine/Source/Editor/AnimationModifiers/Private/AnimationModifiersModule.h,1,0,1
/media/ullmann/HDDGabriel/engines/UnrealEngine/Engine/Source/Editor/SequenceRecorder/Private/SCreateAnimationDlg.cpp,0,5,5
/media/ullmann/HDDGabriel/engines/UnrealEngine/Engine/Source/ThirdParty/mimalloc/src/page.c,1,1,2
/media/ullmann/HDDGabriel/engines/UnrealEngine/Engine/Source/ThirdParty/mimalloc/src/page-queue.c,1,0,1
/media/ullmann/HDDGabriel/engines/UnrealEngine/Engine/Source/ThirdParty/ICU/icu4c-64_1/source/test/intltest/transrt.cpp,0,2,2
/media/ullmann/HDDGabriel/engines/UnrealEngine/Engine/Source/ThirdParty/ICU/icu4c-64_1/source/test/intltest/transrt.h,2,1,3
/media/ullmann/HDDGabriel/engines/UnrealEngine/Engine/Source/ThirdParty/Oculus/LibOVRPlatform/LibOVRPlatform/include/OVR_SdkAccountArray.h,2,2,4
/media/ullmann/HDDGabriel/engines/UnrealEngine/Engine/Source/ThirdParty/Intel/Embree/Embree2140/src/kernels/subdiv/bspline_patch.h,3,2,5
/media/ullmann/HDDGabriel/engines/UnrealEngine/Engine/Source/ThirdParty/SDL2/SDL-gui-backend/src/core/winrt/SDL_winrtapp_direct3d.h,5,0,5
/media/ullmann/HDDGabriel/engines/UnrealEngine/Engine/Source/Runtime/InteractiveToolsFramework/Public/InteractiveGizmoBuilder.h,1,1,2
/media/ullmann/HDDGabriel/engines/UnrealEngine/Engine/Source/Runtime/InteractiveToolsFramework/Public/InteractiveGizmo.h,2,2,4
/media/ullmann/HDDGabriel/engines/UnrealEngine/Engine/Source/ThirdParty/Python3/Win64/include/cellobject.h,1,0,1
/media/ullmann/HDDGabriel/engines/UnrealEngine/Engine/Source/ThirdParty/ICU/icu4c-64_1/source/samples/layout/gnomelayout.cpp,0,6,6
/media/ullmann/HDDGabriel/engines/UnrealEngine/Engine/Source/ThirdParty/llvm/8/include/llvm/BinaryFormat/ELFRelocs/ARC.def,1,0,1
/media/ullmann/HDDGabriel/engines/UnrealEngine/Engine/Source/Editor/DataLayerEditor/Private/DataLayer/DataLayerOutlinerDeleteButtonColumn.cpp,0,2,2
/media/ullmann/HDDGabriel/engines/UnrealEngine/Engine/Source/Editor/DataLayerEditor/Private/DataLayer/DataLayerOutlinerDeleteButtonColumn.h,2,0,2
/media/ullmann/HDDGabriel/engines/UnrealEngine/Engine/Source/ThirdParty/PhysX3/PhysX_3.4/Include/cooking/PxConvexMeshDesc.h,1,0,1
/media/ullmann/HDDGabriel/engines/UnrealEngine/Engine/Source/ThirdParty/FreeImage/FreeImage-3.18.0/Source/LibJPEG/djpeg.c,0,3,3
/media/ullmann/HDDGabriel/engines/UnrealEngine/Engine/Source/ThirdParty/FreeImage/FreeImage-3.18.0/Source/LibJPEG/cderror.h,3,0,3
/media/ullmann/HDDGabriel/engines/UnrealEngine/Engine/Source/ThirdParty/FreeImage/FreeImage-3.18.0/Source/OpenEXR/Iex/IexMacros.h,2,2,4
/media/ullmann/HDDGabriel/engines/UnrealEngine/Engine/Source/ThirdParty/FBX/2020.2/include/fbxsdk/scene/constraint/fbxcharacternodename.h,1,0,1
/media/ullmann/HDDGabriel/engines/UnrealEngine/Engine/Source/ThirdParty/libstrophe/libstrophe-0.9.3/src/sasl.c,0,8,8
/media/ullmann/HDDGabriel/engines/UnrealEngine/Engine/Source/ThirdParty/openexr/openexr-3.1.1/src/lib/OpenEXR/ImfZip.cpp,0,4,4
/media/ullmann/HDDGabriel/engines/UnrealEngine/Engine/Source/ThirdParty/openexr/openexr-3.1.1/src/lib/OpenEXR/ImfZip.h,4,2,6
/media/ullmann/HDDGabriel/engines/UnrealEngine/Engine/Source/Programs/UnrealHeaderTool/Private/Exceptions.cpp,0,7,7
/media/ullmann/HDDGabriel/engines/UnrealEngine/Engine/Source/ThirdParty/Intel/TBB/IntelTBB-2019u8/include/tbb/tbb_machine.h,8,1,9
/media/ullmann/HDDGabriel/engines/UnrealEngine/Engine/Source/ThirdParty/SDL2/SDL-gui-backend/src/audio/os2/SDL_os2audio.c,0,4,4
/media/ullmann/HDDGabriel/engines/UnrealEngine/Engine/Source/ThirdParty/Boost/boost-1_70_0/include/boost/outcome/experimental/status_outcome.hpp,0,3,3
/media/ullmann/HDDGabriel/engines/UnrealEngine/Engine/Source/ThirdParty/Boost/boost-1_70_0/include/boost/outcome/experimental/status_result.hpp,1,3,4
/media/ullmann/HDDGabriel/engines/UnrealEngine/Engine/Source/ThirdParty/Boost/boost-1_70_0/include/boost/safe_numerics/cpp.hpp,0,2,2
/media/ullmann/HDDGabriel/engines/UnrealEngine/Engine/Source/ThirdParty/Boost/boost-1_70_0/include/boost/safe_numerics/safe_common.hpp,3,0,3
/media/ullmann/HDDGabriel/engines/UnrealEngine/Engine/Source/ThirdParty/FreeImage/FreeImage-3.18.0/Source/LibJPEG/jpegtran.c,0,3,3
/media/ullmann/HDDGabriel/engines/UnrealEngine/Engine/Source/ThirdParty/nvTextureTools/nvTextureTools-2.0.8/src/src/nvtt/squish/rangefit.cpp,0,3,3
/media/ullmann/HDDGabriel/engines/UnrealEngine/Engine/Source/ThirdParty/nvTextureTools/nvTextureTools-2.0.8/src/src/nvtt/squish/colourset.h,10,3,13
/media/ullmann/HDDGabriel/engines/UnrealEngine/Engine/Source/Programs/SwitchboardListener/Private/SyncStatus.h,2,0,2
/media/ullmann/HDDGabriel/engines/UnrealEngine/Engine/Source/Runtime/Windows/AudioMixerXAudio2/Private/ToStringHelpers.cpp,0,1,1
/media/ullmann/HDDGabriel/engines/UnrealEngine/Engine/Source/Runtime/Windows/AudioMixerXAudio2/Private/ToStringHelpers.h,5,0,5
/media/ullmann/HDDGabriel/engines/UnrealEngine/Engine/Source/ThirdParty/Boost/boost-1_70_0/include/boost/polygon/detail/boolean_op_45.hpp,2,0,2
/media/ullmann/HDDGabriel/engines/UnrealEngine/Engine/Source/Developer/TraceServices/Private/Model/Channel.h,2,0,2
/media/ullmann/HDDGabriel/engines/UnrealEngine/Engine/Source/ThirdParty/CryptoPP/5.6.2/include/validat3.cpp,0,18,18
/media/ullmann/HDDGabriel/engines/UnrealEngine/Engine/Source/ThirdParty/ShaderConductor/ShaderConductor/External/DirectXShaderCompiler/include/llvm/DebugInfo/PDB/DIA/DIASourceFile.h,0,1,1
/media/ullmann/HDDGabriel/engines/UnrealEngine/Engine/Source/Editor/GraphEditor/Private/SGraphNode.cpp,0,1,1
/media/ullmann/HDDGabriel/engines/UnrealEngine/Engine/Source/Editor/Persona/Public/BoneDragDropOp.h,1,0,1
/media/ullmann/HDDGabriel/engines/UnrealEngine/Engine/Source/ThirdParty/HarfBuzz/harfbuzz-2.4.0/src/hb-buffer.h,2,3,5
/media/ullmann/HDDGabriel/engines/UnrealEngine/Engine/Source/ThirdParty/FreeType2/FreeType2-2.10.4/src/otvalid/otvalid.h,8,1,9
/media/ullmann/HDDGabriel/engines/UnrealEngine/Engine/Source/ThirdParty/Intel/TBB/IntelTBB-2019u8/src/test/test_critical_section.cpp,0,3,3
/media/ullmann/HDDGabriel/engines/UnrealEngine/Engine/Source/ThirdParty/CryptoPP/5.6.5/include/validat3.cpp,0,25,25
/media/ullmann/HDDGabriel/engines/UnrealEngine/Engine/Source/ThirdParty/OpenVDB/openvdb-8.1.0/openvdb_ax/openvdb_ax/test/frontend/TestCrementNode.cc,0,1,1
/media/ullmann/HDDGabriel/engines/UnrealEngine/Engine/Source/ThirdParty/ICU/icu4c-53_1/source/test/cintltst/cfrtst.c,0,4,4
/media/ullmann/HDDGabriel/engines/UnrealEngine/Engine/Source/ThirdParty/ICU/icu4c-53_1/source/test/cintltst/callcoll.h,12,1,13
/media/ullmann/HDDGabriel/engines/UnrealEngine/Engine/Source/Runtime/WebBrowser/Private/CEF/CEFWebBrowserWindow.h,5,2,7
/media/ullmann/HDDGabriel/engines/UnrealEngine/Engine/Source/ThirdParty/FreeType2/FreeType2-2.10.4/src/sfnt/ttpost.c,1,2,3
/media/ullmann/HDDGabriel/engines/UnrealEngine/Engine/Source/ThirdParty/FreeType2/FreeType2-2.10.4/src/sfnt/ttpost.h,3,0,3
/media/ullmann/HDDGabriel/engines/UnrealEngine/Engine/Source/Runtime/Renderer/Private/MobileDecalRendering.cpp,0,5,5
/media/ullmann/HDDGabriel/engines/UnrealEngine/Engine/Source/ThirdParty/ICU/icu4c-64_1/source/common/unicode/umachine.h,0,1,1
/media/ullmann/HDDGabriel/engines/UnrealEngine/Engine/Source/ThirdParty/OpenVDB/Deploy/openvdb-8.1.0/include/openvdb/math/LegacyFrustum.h,0,3,3
/media/ullmann/HDDGabriel/engines/UnrealEngine/Engine/Source/ThirdParty/openexr/openexr-3.1.1/src/lib/Iex/IexThrowErrnoExc.h,2,2,4
/media/ullmann/HDDGabriel/engines/UnrealEngine/Engine/Source/ThirdParty/FreeType2/FreeType2-2.10.4/src/type1/t1driver.c,1,5,6
/media/ullmann/HDDGabriel/engines/UnrealEngine/Engine/Source/ThirdParty/FreeType2/FreeType2-2.10.4/src/type1/t1load.h,3,1,4
/media/ullmann/HDDGabriel/engines/UnrealEngine/Engine/Source/ThirdParty/Breakpad/src/google_breakpad/common/minidump_cpu_ppc64.h,1,1,2
/media/ullmann/HDDGabriel/engines/UnrealEngine/Engine/Source/ThirdParty/Breakpad/src/google_breakpad/common/minidump_cpu_ppc.h,2,0,2
/media/ullmann/HDDGabriel/engines/UnrealEngine/Engine/Source/ThirdParty/libOpus/opus-1.0.3/silk/debug.h,2,1,3
/media/ullmann/HDDGabriel/engines/UnrealEngine/Engine/Source/Editor/UnrealEd/Public/AssetEditorModeManager.h,0,1,1
/media/ullmann/HDDGabriel/engines/UnrealEngine/Engine/Source/ThirdParty/PhysX3/APEX_1.4/include/RenderDataProvider.h,2,1,3
/media/ullmann/HDDGabriel/engines/UnrealEngine/Engine/Source/ThirdParty/MCPP/mcpp-2.7.2/cpp-test/test-l/nest37.h,1,1,2
/media/ullmann/HDDGabriel/engines/UnrealEngine/Engine/Source/ThirdParty/FreeType2/FreeType2-2.10.0/src/truetype/ttinterp.h,4,1,5
/media/ullmann/HDDGabriel/engines/UnrealEngine/Engine/Source/Runtime/Core/Public/Templates/IsIntegral.h,2,0,2
/media/ullmann/HDDGabriel/engines/UnrealEngine/Engine/Source/ThirdParty/FreeType2/FreeType2-2.4.12/src/gxvalid/gxvmorx.c,1,1,2
/media/ullmann/HDDGabriel/engines/UnrealEngine/Engine/Source/Runtime/AudioMixer/Private/AudioMixerSourceBuffer.h,4,2,6
/media/ullmann/HDDGabriel/engines/UnrealEngine/Engine/Source/Runtime/AudioMixer/Private/AudioMixerSourceManager.h,7,2,9
/media/ullmann/HDDGabriel/engines/UnrealEngine/Engine/Source/Runtime/Core/Public/Math/Edge.h,3,0,3
/media/ullmann/HDDGabriel/engines/UnrealEngine/Engine/Source/ThirdParty/CryptoPP/5.6.2/include/fips140.cpp,0,3,3
/media/ullmann/HDDGabriel/engines/UnrealEngine/Engine/Source/ThirdParty/Perforce/p4api-2018.1/Include/Win32/VS2015/p4/clientmerge.h,2,0,2
/media/ullmann/HDDGabriel/engines/UnrealEngine/Engine/Source/ThirdParty/FreeImage/FreeImage-3.18.0/Source/Plugin.h,0,2,2
/media/ullmann/HDDGabriel/engines/UnrealEngine/Engine/Source/ThirdParty/FreeImage/FreeImage-3.18.0/Source/FreeImage.h,4,0,4
/media/ullmann/HDDGabriel/engines/UnrealEngine/Engine/Source/ThirdParty/nvTextureTools/nvTextureTools-2.0.8/src/src/nvtt/CompressDXT.cpp,0,9,9
/media/ullmann/HDDGabriel/engines/UnrealEngine/Engine/Source/ThirdParty/nvTextureTools/nvTextureTools-2.0.8/src/src/nvtt/CompressDXT.h,2,1,3
/media/ullmann/HDDGabriel/engines/UnrealEngine/Engine/Source/ThirdParty/Intel/Embree/Embree270/src/kernels/common/subdiv/patch.h,7,7,14
/media/ullmann/HDDGabriel/engines/UnrealEngine/Engine/Source/ThirdParty/Intel/Embree/Embree270/src/kernels/common/subdiv/gregory_triangle_patch.h,2,1,3
/media/ullmann/HDDGabriel/engines/UnrealEngine/Engine/Source/ThirdParty/ShaderConductor/ShaderConductor/External/DirectXShaderCompiler/lib/CodeGen/CriticalAntiDepBreaker.cpp,0,1,1
/media/ullmann/HDDGabriel/engines/UnrealEngine/Engine/Source/Editor/AnimGraph/Public/AnimGraphNode_LinkedAnimGraphBase.h,2,2,4
/media/ullmann/HDDGabriel/engines/UnrealEngine/Engine/Source/Editor/AnimGraph/Public/AnimGraphNode_CustomProperty.h,1,2,3
/media/ullmann/HDDGabriel/engines/UnrealEngine/Engine/Source/ThirdParty/FreeImage/FreeImage-3.18.0/Source/ZLib/inflate.c,0,5,5
/media/ullmann/HDDGabriel/engines/UnrealEngine/Engine/Source/ThirdParty/FreeImage/FreeImage-3.18.0/Source/ZLib/inffixed.h,2,0,2
/media/ullmann/HDDGabriel/engines/UnrealEngine/Engine/Source/ThirdParty/mtlpp/mtlpp-master-7efad47/interpose/MTIDepthStencil.hpp,0,1,1
/media/ullmann/HDDGabriel/engines/UnrealEngine/Engine/Source/ThirdParty/Python3/Linux/include/python3.9/internal/pycore_gc.h,2,0,2
/media/ullmann/HDDGabriel/engines/UnrealEngine/Engine/Source/Developer/Windows/LiveCoding/Private/External/LC_ClientStartupThread.cpp,0,18,18
/media/ullmann/HDDGabriel/engines/UnrealEngine/Engine/Source/Developer/Windows/LiveCoding/Private/External/LC_NamedSharedMemory.h,3,0,3
/media/ullmann/HDDGabriel/engines/UnrealEngine/Engine/Source/Runtime/HeadMountedDisplay/Public/HeadMountedDisplayFunctionLibrary.h,0,3,3
/media/ullmann/HDDGabriel/engines/UnrealEngine/Engine/Source/Runtime/HeadMountedDisplay/Public/XRGestureConfig.h,2,0,2
/media/ullmann/HDDGabriel/engines/UnrealEngine/Engine/Source/ThirdParty/HarfBuzz/harfbuzz-2.4.0/src/hb-aat.h,0,2,2
/media/ullmann/HDDGabriel/engines/UnrealEngine/Engine/Source/Runtime/Apple/MetalRHI/Private/Shaders/Debugging/MetalShaderDebugCache.cpp,0,2,2
/media/ullmann/HDDGabriel/engines/UnrealEngine/Engine/Source/Runtime/Apple/MetalRHI/Private/Shaders/Debugging/MetalShaderDebugCache.h,3,0,3
/media/ullmann/HDDGabriel/engines/UnrealEngine/Engine/Source/ThirdParty/HarfBuzz/harfbuzz-1.2.4/src/hb-deprecated.h,1,3,4
/media/ullmann/HDDGabriel/engines/UnrealEngine/Engine/Source/ThirdParty/SDL2/SDL-gui-backend/src/video/directfb/SDL_DirectFB_video.c,0,15,15
/media/ullmann/HDDGabriel/engines/UnrealEngine/Engine/Source/ThirdParty/SDL2/SDL-gui-backend/src/video/directfb/SDL_DirectFB_vulkan.h,2,3,5
/media/ullmann/HDDGabriel/engines/UnrealEngine/Engine/Source/Developer/GameplayDebugger/Public/GameplayDebuggerCategory.h,0,2,2
/media/ullmann/HDDGabriel/engines/UnrealEngine/Engine/Source/ThirdParty/WebRTC/4147/Include/third_party/opus/src/celt/_kiss_fft_guts.h,0,5,5
/media/ullmann/HDDGabriel/engines/UnrealEngine/Engine/Source/ThirdParty/WebRTC/4147/Include/third_party/opus/src/celt/arm/kiss_fft_armv4.h,1,0,1
/media/ullmann/HDDGabriel/engines/UnrealEngine/Engine/Source/ThirdParty/SDL2/SDL-gui-backend/src/stdlib/SDL_iconv.c,0,1,1
/media/ullmann/HDDGabriel/engines/UnrealEngine/Engine/Source/Editor/SequenceRecorder/Private/SequenceRecorderCommands.h,4,0,4
/media/ullmann/HDDGabriel/engines/UnrealEngine/Engine/Source/ThirdParty/llvm/8/include/llvm/DebugInfo/PDB/PDBSymbolCustom.h,0,2,2
/media/ullmann/HDDGabriel/engines/UnrealEngine/Engine/Source/ThirdParty/ICU/icu4c-64_1/source/samples/layout/clayout.c,0,5,5
/media/ullmann/HDDGabriel/engines/UnrealEngine/Engine/Source/ThirdParty/ICU/icu4c-64_1/source/samples/layout/resource.h,2,0,2
/media/ullmann/HDDGabriel/engines/UnrealEngine/Engine/Source/ThirdParty/OpenSubdiv/OpenSubdiv-3.4.4/opensubdiv/far/stencilTableFactory.cpp,0,7,7
/media/ullmann/HDDGabriel/engines/UnrealEngine/Engine/Source/ThirdParty/PhysX3/PhysX_3.4/Source/LowLevelCloth/src/SwSolverKernel.cpp,0,8,8
/media/ullmann/HDDGabriel/engines/UnrealEngine/Engine/Source/ThirdParty/Oculus/LibOVRPlatform/LibOVRPlatform/include/OVR_CloudStorageUpdateResponse.h,2,3,5
/media/ullmann/HDDGabriel/engines/UnrealEngine/Engine/Source/ThirdParty/Oculus/LibOVRPlatform/LibOVRPlatform/include/OVR_CloudStorageUpdateStatus.h,1,1,2
/media/ullmann/HDDGabriel/engines/UnrealEngine/Engine/Source/ThirdParty/SDL2/SDL-gui-backend/src/hidapi/SDL_hidapi_c.h,2,1,3
/media/ullmann/HDDGabriel/engines/UnrealEngine/Engine/Source/ThirdParty/CryptoPP/5.6.2/include/gost.cpp,0,3,3
/media/ullmann/HDDGabriel/engines/UnrealEngine/Engine/Source/Runtime/NVidia/GeForceNOW/Private/GeForceNOWWrapperModule.cpp,0,1,1
/media/ullmann/HDDGabriel/engines/UnrealEngine/Engine/Source/Runtime/NVidia/GeForceNOW/Private/GeForceNOWWrapperPrivate.h,2,0,2
/media/ullmann/HDDGabriel/engines/UnrealEngine/Engine/Source/ThirdParty/FreeImage/FreeImage-3.18.0/Source/OpenEXR/IlmImf/ImfPreviewImage.cpp,0,3,3
/media/ullmann/HDDGabriel/engines/UnrealEngine/Engine/Source/ThirdParty/PhysX3/PhysX_3.4/Source/PhysX/src/NpRigidActorTemplateInternal.h,2,0,2
/media/ullmann/HDDGabriel/engines/UnrealEngine/Engine/Source/ThirdParty/Boost/boost-1_70_0/include/boost/outcome/success_failure.hpp,2,1,3
/media/ullmann/HDDGabriel/engines/UnrealEngine/Engine/Source/Editor/Persona/Private/SAnimStreamableEditor.h,2,1,3
/media/ullmann/HDDGabriel/engines/UnrealEngine/Engine/Source/ThirdParty/ICU/icu4c-53_1/source/common/uresdata.h,2,5,7
/media/ullmann/HDDGabriel/engines/UnrealEngine/Engine/Source/ThirdParty/Android/libunwind/libunwind/src/coredump/_UCD_get_proc_name.c,0,2,2
/media/ullmann/HDDGabriel/engines/UnrealEngine/Engine/Source/Editor/Persona/Private/SAnimationScrubPanel.h,5,1,6
/media/ullmann/HDDGabriel/engines/UnrealEngine/Engine/Source/Editor/EditorWidgets/Public/ITransportControl.h,4,0,4
/media/ullmann/HDDGabriel/engines/UnrealEngine/Engine/Source/ThirdParty/ICU/icu4c-64_1/source/common/unicode/utf.h,16,0,16
/media/ullmann/HDDGabriel/engines/UnrealEngine/Engine/Source/ThirdParty/Windows/glTF-Toolkit/glTF-Toolkit/inc/GLTFLODUtils.h,0,1,1
/media/ullmann/HDDGabriel/engines/UnrealEngine/Engine/Source/Runtime/Online/BuildPatchServices/Private/Common/ChunkDataSizeProvider.h,1,0,1
/media/ullmann/HDDGabriel/engines/UnrealEngine/Engine/Source/ThirdParty/ICU/icu4c-53_1/source/common/uinvchar.c,0,7,7
/media/ullmann/HDDGabriel/engines/UnrealEngine/Engine/Source/ThirdParty/EOSSDK/SDK/Bin/Android/include/eos_rtc_types.h,2,1,3
/media/ullmann/HDDGabriel/engines/UnrealEngine/Engine/Source/ThirdParty/CryptoPP/5.6.5/include/3way.cpp,0,3,3
/media/ullmann/HDDGabriel/engines/UnrealEngine/Engine/Source/ThirdParty/FreeType2/FreeType2-2.10.0/src/autofit/afranges.c,1,1,2
/media/ullmann/HDDGabriel/engines/UnrealEngine/Engine/Source/ThirdParty/FreeType2/FreeType2-2.10.0/src/autofit/afranges.h,2,2,4
/media/ullmann/HDDGabriel/engines/UnrealEngine/Engine/Source/ThirdParty/zlib/v1.2.8/include/Win64/VS2015/zlib.h,0,1,1
/media/ullmann/HDDGabriel/engines/UnrealEngine/Engine/Source/ThirdParty/zlib/v1.2.8/include/Win64/VS2015/zconf.h,1,0,1
/media/ullmann/HDDGabriel/engines/UnrealEngine/Engine/Source/ThirdParty/PhysX3/APEX_1.4/module/clothing_legacy/include/autogen/ClothingActorParam_0p18.h,1,0,1
/media/ullmann/HDDGabriel/engines/UnrealEngine/Engine/Source/Editor/DetailCustomizations/Private/CollectionReferenceStructCustomization.h,2,0,2
/media/ullmann/HDDGabriel/engines/UnrealEngine/Engine/Source/ThirdParty/ICU/icu4c-53_1/source/common/messagepattern.cpp,0,10,10
/media/ullmann/HDDGabriel/engines/UnrealEngine/Engine/Source/ThirdParty/ICU/icu4c-64_1/source/common/ustr_titlecase_brkiter.cpp,0,12,12
/media/ullmann/HDDGabriel/engines/UnrealEngine/Engine/Source/ThirdParty/ICU/icu4c-53_1/source/test/intltest/astrotst.cpp,0,1,1
/media/ullmann/HDDGabriel/engines/UnrealEngine/Engine/Source/ThirdParty/ICU/icu4c-53_1/source/test/intltest/astrotst.h,2,1,3
/media/ullmann/HDDGabriel/engines/UnrealEngine/Engine/Source/ThirdParty/PhysX3/PhysX_3.4/Source/SimulationController/src/ScActorCore.cpp,0,4,4
/media/ullmann/HDDGabriel/engines/UnrealEngine/Engine/Source/ThirdParty/ICU/icu4c-64_1/source/tools/pkgdata/pkgdata.cpp,0,1,1
/media/ullmann/HDDGabriel/engines/UnrealEngine/Engine/Source/ThirdParty/ICU/icu4c-64_1/source/tools/pkgdata/pkgtypes.h,2,0,2
/media/ullmann/HDDGabriel/engines/UnrealEngine/Engine/Source/Editor/BehaviorTreeEditor/Private/BehaviorTreeEditor.h,8,0,8
/media/ullmann/HDDGabriel/engines/UnrealEngine/Engine/Source/ThirdParty/Intel/TBB/IntelTBB-2019u8/examples/parallel_for/tachyon/src/shade.h,9,0,9
/media/ullmann/HDDGabriel/engines/UnrealEngine/Engine/Source/Programs/InterchangeWorker/Private/InterchangeWorkerImpl.h,2,1,3
/media/ullmann/HDDGabriel/engines/UnrealEngine/Engine/Source/Programs/InterchangeWorker/Private/InterchangeWorker.h,2,0,2
/media/ullmann/HDDGabriel/engines/UnrealEngine/Engine/Source/ThirdParty/ICU/icu4c-64_1/source/i18n/tridpars.cpp,0,5,5
/media/ullmann/HDDGabriel/engines/UnrealEngine/Engine/Source/ThirdParty/FreeType2/FreeType2-2.10.0/src/cff/cffload.h,6,1,7
/media/ullmann/HDDGabriel/engines/UnrealEngine/Engine/Source/Runtime/AudioCodecEngine/Private/DecoderBackCompat.cpp,0,2,2
/media/ullmann/HDDGabriel/engines/UnrealEngine/Engine/Source/ThirdParty/Windows/glTF-Toolkit/WindowsMRAssetConverter/AssetType.cpp,0,2,2
/media/ullmann/HDDGabriel/engines/UnrealEngine/Engine/Source/ThirdParty/Windows/glTF-Toolkit/WindowsMRAssetConverter/stdafx.h,5,0,5
/media/ullmann/HDDGabriel/engines/UnrealEngine/Engine/Source/ThirdParty/CryptoPP/5.6.5/include/fhmqv.h,4,3,7
/media/ullmann/HDDGabriel/engines/UnrealEngine/Engine/Source/Developer/Virtualization/Private/VirtualizationSourceControlUtilities.cpp,0,1,1
/media/ullmann/HDDGabriel/engines/UnrealEngine/Engine/Source/Developer/Virtualization/Private/VirtualizationSourceControlUtilities.h,3,0,3
/media/ullmann/HDDGabriel/engines/UnrealEngine/Engine/Source/ThirdParty/ShaderConductor/ShaderConductor/External/DirectXShaderCompiler/utils/TableGen/CodeGenSchedule.cpp,0,2,2
/media/ullmann/HDDGabriel/engines/UnrealEngine/Engine/Source/Editor/DetailCustomizations/Private/ConfigEditorPropertyDetails.cpp,0,1,1
/media/ullmann/HDDGabriel/engines/UnrealEngine/Engine/Source/Editor/DetailCustomizations/Private/ConfigEditorPropertyDetails.h,2,0,2
/media/ullmann/HDDGabriel/engines/UnrealEngine/Engine/Source/Editor/IntroTutorials/Private/TutorialStructCustomization.cpp,0,3,3
/media/ullmann/HDDGabriel/engines/UnrealEngine/Engine/Source/Editor/IntroTutorials/Private/STutorialEditableText.h,2,0,2
/media/ullmann/HDDGabriel/engines/UnrealEngine/Engine/Source/ThirdParty/Intel/TBB/IntelTBB-2019u8/examples/parallel_for/tachyon/src/imageio.cpp,0,7,7
/media/ullmann/HDDGabriel/engines/UnrealEngine/Engine/Source/ThirdParty/Intel/Embree/Embree270/MacOSX/include/embree2/rtcore.h,0,3,3
/media/ullmann/HDDGabriel/engines/UnrealEngine/Engine/Source/ThirdParty/Intel/Embree/Embree270/MacOSX/include/embree2/rtcore_geometry_user.h,1,0,1
/media/ullmann/HDDGabriel/engines/UnrealEngine/Engine/Source/ThirdParty/ShaderConductor/ShaderConductor/External/DirectXShaderCompiler/lib/CodeGen/AsmPrinter/EHStreamer.cpp,0,1,1
/media/ullmann/HDDGabriel/engines/UnrealEngine/Engine/Source/ThirdParty/OpenVDB/openvdb-8.1.0/openvdb/openvdb/python/pyFloatGrid.cc,0,1,1
/media/ullmann/HDDGabriel/engines/UnrealEngine/Engine/Source/ThirdParty/OpenVDB/openvdb-8.1.0/openvdb/openvdb/python/pyGrid.h,5,3,8
/media/ullmann/HDDGabriel/engines/UnrealEngine/Engine/Source/ThirdParty/FreeType2/FreeType2-2.10.4/src/gzip/inftrees.c,1,3,4
/media/ullmann/HDDGabriel/engines/UnrealEngine/Engine/Source/ThirdParty/ICU/icu4c-64_1/source/test/intltest/caltztst.cpp,0,1,1
/media/ullmann/HDDGabriel/engines/UnrealEngine/Engine/Source/ThirdParty/ICU/icu4c-64_1/source/test/intltest/caltztst.h,12,1,13
/media/ullmann/HDDGabriel/engines/UnrealEngine/Engine/Source/Editor/LocalizationDashboard/Private/LocalizationTargetSetDetailCustomization.cpp,0,2,2
/media/ullmann/HDDGabriel/engines/UnrealEngine/Engine/Source/Editor/LocalizationDashboard/Private/SLocalizationDashboardTargetRow.h,2,0,2
/media/ullmann/HDDGabriel/engines/UnrealEngine/Engine/Source/Runtime/VirtualProduction/StageDataCore/Public/IStageDataProvider.h,0,1,1
/media/ullmann/HDDGabriel/engines/UnrealEngine/Engine/Source/Runtime/VirtualProduction/StageDataCore/Public/StageMessages.h,1,0,1
/media/ullmann/HDDGabriel/engines/UnrealEngine/Engine/Source/ThirdParty/FreeImage/FreeImage-3.18.0/Source/OpenEXR/Imath/ImathQuat.h,2,3,5
/media/ullmann/HDDGabriel/engines/UnrealEngine/Engine/Source/ThirdParty/PhysX3/PhysX_3.4/Source/GeomUtils/src/convex/GuConvexUtilsInternal.cpp,0,2,2
/media/ullmann/HDDGabriel/engines/UnrealEngine/Engine/Source/ThirdParty/PhysX3/PhysX_3.4/Source/GeomUtils/src/convex/GuConvexUtilsInternal.h,1,0,1
/media/ullmann/HDDGabriel/engines/UnrealEngine/Engine/Source/ThirdParty/openexr/openexr-3.1.1/src/lib/OpenEXRCore/internal_piz.c,0,5,5
/media/ullmann/HDDGabriel/engines/UnrealEngine/Engine/Source/ThirdParty/openexr/openexr-3.1.1/src/lib/OpenEXRCore/internal_huf.h,3,1,4
/media/ullmann/HDDGabriel/engines/UnrealEngine/Engine/Source/ThirdParty/glslang/glslang/src/glslang_lib/hlsl/hlslScanContext.cpp,0,7,7
/media/ullmann/HDDGabriel/engines/UnrealEngine/Engine/Source/ThirdParty/glslang/glslang/src/glslang_lib/glslang/Include/Types.h,4,4,8
/media/ullmann/HDDGabriel/engines/UnrealEngine/Engine/Source/Editor/PropertyEditor/Private/SSingleProperty.cpp,0,5,5
/media/ullmann/HDDGabriel/engines/UnrealEngine/Engine/Source/ThirdParty/ShaderConductor/ShaderConductor/External/DirectXShaderCompiler/tools/clang/include/clang/Analysis/Analyses/ThreadSafetyTraverse.h,0,2,2
/media/ullmann/HDDGabriel/engines/UnrealEngine/Engine/Source/ThirdParty/ShaderConductor/ShaderConductor/External/DirectXShaderCompiler/tools/clang/include/clang/Analysis/Analyses/ThreadSafetyTIL.h,1,2,3
/media/ullmann/HDDGabriel/engines/UnrealEngine/Engine/Source/ThirdParty/FreeType2/FreeType2-2.10.4/src/cache/ftcsbits.h,3,1,4
/media/ullmann/HDDGabriel/engines/UnrealEngine/Engine/Source/ThirdParty/ICU/icu4c-53_1/source/i18n/coll.cpp,0,7,7
/media/ullmann/HDDGabriel/engines/UnrealEngine/Engine/Source/ThirdParty/OpenVDB/openvdb-8.1.0/openvdb/openvdb/tree/InternalNode.h,1,2,3
/media/ullmann/HDDGabriel/engines/UnrealEngine/Engine/Source/ThirdParty/OpenVDB/openvdb-8.1.0/openvdb/openvdb/tree/Iterator.h,4,0,4
/media/ullmann/HDDGabriel/engines/UnrealEngine/Engine/Source/Developer/TraceServices/Private/Model/MemoryPrivate.h,1,0,1
/media/ullmann/HDDGabriel/engines/UnrealEngine/Engine/Source/ThirdParty/FreeType2/FreeType2-2.10.4/src/psaux/afmparse.h,2,0,2
/media/ullmann/HDDGabriel/engines/UnrealEngine/Engine/Source/ThirdParty/ICU/icu4c-53_1/source/test/cintltst/cdattst.c,0,3,3
/media/ullmann/HDDGabriel/engines/UnrealEngine/Engine/Source/ThirdParty/Imath/Deploy/Imath-3.1.3/include/Imath/ImathSphere.h,1,5,6
/media/ullmann/HDDGabriel/engines/UnrealEngine/Engine/Source/ThirdParty/PhysX3/NvCloth/samples/SampleBase/renderer/SkinnedRenderMesh.h,1,2,3
/media/ullmann/HDDGabriel/engines/UnrealEngine/Engine/Source/ThirdParty/PhysX3/NvCloth/samples/SampleBase/renderer/Renderable.h,5,1,6
/media/ullmann/HDDGabriel/engines/UnrealEngine/Engine/Source/ThirdParty/Alembic/alembic-1.8.2/arnold/Procedural/WriteGeo.cpp,0,2,2
/media/ullmann/HDDGabriel/engines/UnrealEngine/Engine/Source/ThirdParty/Alembic/alembic-1.8.2/arnold/Procedural/ArbGeomParams.h,2,0,2
/media/ullmann/HDDGabriel/engines/UnrealEngine/Engine/Source/ThirdParty/Imath/Imath-3.1.3/src/python/PyImath/PyImathMatrix33.cpp,0,6,6
/media/ullmann/HDDGabriel/engines/UnrealEngine/Engine/Source/ThirdParty/FreeImage/FreeImage-3.18.0/Source/LibJPEG/jidctint.c,0,3,3
/media/ullmann/HDDGabriel/engines/UnrealEngine/Engine/Source/Runtime/Renderer/Private/Nanite/NaniteVisualize.h,3,2,5
/media/ullmann/HDDGabriel/engines/UnrealEngine/Engine/Source/ThirdParty/ICU/icu4c-64_1/source/common/cstr.cpp,0,6,6
/media/ullmann/HDDGabriel/engines/UnrealEngine/Engine/Source/ThirdParty/mtlpp/mtlpp-master-7efad47/interpose/MTICommandQueue.hpp,0,1,1
/media/ullmann/HDDGabriel/engines/UnrealEngine/Engine/Source/Programs/UnrealHeaderTool/Private/Manifest.h,3,1,4
/media/ullmann/HDDGabriel/engines/UnrealEngine/Engine/Source/Programs/UnrealHeaderTool/Private/GeneratedCodeVersion.h,6,0,6
/media/ullmann/HDDGabriel/engines/UnrealEngine/Engine/Source/ThirdParty/ICU/icu4c-64_1/source/test/intltest/numrgts.cpp,0,1,1
/media/ullmann/HDDGabriel/engines/UnrealEngine/Engine/Source/Programs/TextureShare/Samples/ThirdParty/TextureShare_ClientD3D12/Main.cpp,0,2,2
/media/ullmann/HDDGabriel/engines/UnrealEngine/Engine/Source/Programs/TextureShare/Samples/ThirdParty/TextureShare_ClientD3D12/stdafx.h,7,0,7
/media/ullmann/HDDGabriel/engines/UnrealEngine/Engine/Source/ThirdParty/PhysX3/APEX_1.4/module/clothing/embedded/LowLevelCloth/src/SwClothData.h,5,0,5
/media/ullmann/HDDGabriel/engines/UnrealEngine/Engine/Source/Developer/TraceInsights/Private/Insights/ViewModels/TimeRulerTrack.cpp,0,1,1
/media/ullmann/HDDGabriel/engines/UnrealEngine/Engine/Source/Developer/TraceInsights/Private/Insights/ViewModels/TimeRulerTrack.h,1,0,1
/media/ullmann/HDDGabriel/engines/UnrealEngine/Engine/Source/ThirdParty/Intel/Embree/Embree270/src/kernels/xeon/builders/heuristic_binning.h,3,4,7
/media/ullmann/HDDGabriel/engines/UnrealEngine/Engine/Source/ThirdParty/OpenVDB/openvdb-8.1.0/openvdb/openvdb/math/QuantizedUnitVec.cc,0,1,1
/media/ullmann/HDDGabriel/engines/UnrealEngine/Engine/Source/ThirdParty/OpenVDB/openvdb-8.1.0/openvdb/openvdb/math/QuantizedUnitVec.h,1,1,2
/media/ullmann/HDDGabriel/engines/UnrealEngine/Engine/Source/ThirdParty/PhysX3/NvCloth/src/cuda/CuFabric.h,6,2,8
/media/ullmann/HDDGabriel/engines/UnrealEngine/Engine/Source/ThirdParty/PhysX3/NvCloth/src/cuda/CuDeviceVector.h,3,1,4
/media/ullmann/HDDGabriel/engines/UnrealEngine/Engine/Source/ThirdParty/SDL2/SDL-gui-backend/include/SDL_touch.h,3,5,8
/media/ullmann/HDDGabriel/engines/UnrealEngine/Engine/Source/Developer/TraceServices/Private/Common/Utils.cpp,0,1,1
/media/ullmann/HDDGabriel/engines/UnrealEngine/Engine/Source/Developer/TraceServices/Private/Common/Utils.h,1,0,1
/media/ullmann/HDDGabriel/engines/UnrealEngine/Engine/Source/ThirdParty/ICU/icu4c-53_1/source/i18n/numfmt.cpp,0,12,12
/media/ullmann/HDDGabriel/engines/UnrealEngine/Engine/Source/ThirdParty/Intel/TBB/IntelTBB-2019u8/src/perf/time_hash_map_fill.cpp,0,2,2
/media/ullmann/HDDGabriel/engines/UnrealEngine/Engine/Source/ThirdParty/FreeImage/FreeImage-3.18.0/Source/LibJXR/image/sys/strTransform.h,1,1,2
/media/ullmann/HDDGabriel/engines/UnrealEngine/Engine/Source/ThirdParty/FreeImage/FreeImage-3.18.0/Source/LibJXR/image/sys/windowsmediaphoto.h,2,0,2
/media/ullmann/HDDGabriel/engines/UnrealEngine/Engine/Source/ThirdParty/ICU/icu4c-64_1/source/common/unicode/bytestream.h,10,0,10
/media/ullmann/HDDGabriel/engines/UnrealEngine/Engine/Source/ThirdParty/hlslcc/hlslcc/src/hlslcc_lib/opt_discard_simplification.cpp,0,3,3
/media/ullmann/HDDGabriel/engines/UnrealEngine/Engine/Source/ThirdParty/PLCrashReporter/PLCrashReporter/Source/PLCrashAsyncDwarfFDE.cpp,0,3,3
/media/ullmann/HDDGabriel/engines/UnrealEngine/Engine/Source/ThirdParty/PLCrashReporter/PLCrashReporter/Source/PLCrashAsyncDwarfFDE.hpp,3,5,8
/media/ullmann/HDDGabriel/engines/UnrealEngine/Engine/Source/ThirdParty/openexr/openexr-3.1.1/src/test/OpenEXRCoreTest/compression.h,1,0,1
/media/ullmann/HDDGabriel/engines/UnrealEngine/Engine/Source/Runtime/Renderer/Private/PhysicsFieldRendering.cpp,0,5,5
/media/ullmann/HDDGabriel/engines/UnrealEngine/Engine/Source/ThirdParty/Imath/Imath-3.1.3/src/python/PyImath/PyImathBox.h,5,2,7
/media/ullmann/HDDGabriel/engines/UnrealEngine/Engine/Source/ThirdParty/PhysX3/APEX_1.4/module/clothing/embedded/LowLevelCloth/src/SwInterCollision.h,3,2,5
/media/ullmann/HDDGabriel/engines/UnrealEngine/Engine/Source/ThirdParty/PhysX3/PhysX_3.4/Source/LowLevelCloth/src/SwSelfCollision.cpp,0,4,4
/media/ullmann/HDDGabriel/engines/UnrealEngine/Engine/Source/Programs/UnrealHeaderTool/Resources/UHTDebugging/TestObject.h,0,1,1
/media/ullmann/HDDGabriel/engines/UnrealEngine/Engine/Source/Programs/UnrealHeaderTool/Resources/UHTDebugging/EnumOnlyHeader.h,2,0,2
/media/ullmann/HDDGabriel/engines/UnrealEngine/Engine/Source/ThirdParty/PLCrashReporter/PLCrashReporter/Source/PLCrashAsyncCompactUnwindEncoding.c,0,4,4
/media/ullmann/HDDGabriel/engines/UnrealEngine/Engine/Source/ThirdParty/PLCrashReporter/PLCrashReporter/Source/PLCrashCompatConstants.h,2,0,2
/media/ullmann/HDDGabriel/engines/UnrealEngine/Engine/Source/Runtime/Renderer/Private/DebugProbeRendering.h,4,1,5
/media/ullmann/HDDGabriel/engines/UnrealEngine/Engine/Source/ThirdParty/ICU/icu4c-53_1/source/layout/ContextualGlyphSubstitution.h,2,4,6
/media/ullmann/HDDGabriel/engines/UnrealEngine/Engine/Source/ThirdParty/PhysX3/PhysX_3.4/Source/PhysX/src/buffering/ScbActor.cpp,0,6,6
/media/ullmann/HDDGabriel/engines/UnrealEngine/Engine/Source/Editor/BlueprintGraph/Classes/BlueprintFieldNodeSpawner.h,3,1,4
/media/ullmann/HDDGabriel/engines/UnrealEngine/Engine/Source/Programs/UnrealVersionSelector/Private/GenericPlatform/GenericPlatformInstallation.cpp,0,2,2
/media/ullmann/HDDGabriel/engines/UnrealEngine/Engine/Source/ThirdParty/FreeImage/FreeImage-3.18.0/Source/OpenEXR/IlmImf/ImfDeepScanLineOutputFile.h,5,7,12
/media/ullmann/HDDGabriel/engines/UnrealEngine/Engine/Source/Runtime/MediaAssets/Private/MediaAssetsModule.cpp,0,1,1
/media/ullmann/HDDGabriel/engines/UnrealEngine/Engine/Source/Runtime/MediaAssets/Private/MediaAssetsPrivate.h,1,0,1
/media/ullmann/HDDGabriel/engines/UnrealEngine/Engine/Source/ThirdParty/PhysX3/PhysX_3.4/Source/GeomUtils/src/mesh/GuBV32.h,3,1,4
/media/ullmann/HDDGabriel/engines/UnrealEngine/Engine/Source/ThirdParty/FBX/2020.2/include/fbxsdk/scene/shading/fbximplementationfilter.h,1,0,1
/media/ullmann/HDDGabriel/engines/UnrealEngine/Engine/Source/Editor/DetailCustomizations/Private/AIDataProviderValueDetails.cpp,0,1,1
/media/ullmann/HDDGabriel/engines/UnrealEngine/Engine/Source/Editor/DetailCustomizations/Private/AIDataProviderValueDetails.h,2,0,2
/media/ullmann/HDDGabriel/engines/UnrealEngine/Engine/Source/ThirdParty/libOpus/opus-1.3.1-12/celt/cwrs.h,5,4,9
/media/ullmann/HDDGabriel/engines/UnrealEngine/Engine/Source/Runtime/CoreUObject/Public/UObject/Package.h,1,0,1
/media/ullmann/HDDGabriel/engines/UnrealEngine/Engine/Source/ThirdParty/FreeType2/FreeType2-2.4.12/src/cid/cidriver.c,1,3,4
/media/ullmann/HDDGabriel/engines/UnrealEngine/Engine/Source/ThirdParty/FreeType2/FreeType2-2.4.12/src/cid/cidriver.h,1,0,1
/media/ullmann/HDDGabriel/engines/UnrealEngine/Engine/Source/ThirdParty/Intel/Embree/Embree2140/src/common/algorithms/parallel_partition.cpp,0,2,2
/media/ullmann/HDDGabriel/engines/UnrealEngine/Engine/Source/ThirdParty/Intel/Embree/Embree2140/src/common/algorithms/parallel_partition.h,3,1,4
/media/ullmann/HDDGabriel/engines/UnrealEngine/Engine/Source/ThirdParty/openexr/openexr-3.1.1/src/lib/OpenEXR/ImfDeepTiledOutputFile.h,3,4,7
/media/ullmann/HDDGabriel/engines/UnrealEngine/Engine/Source/ThirdParty/SDL2/SDL-gui-backend/src/audio/vita/SDL_vitaaudio.c,0,5,5
/media/ullmann/HDDGabriel/engines/UnrealEngine/Engine/Source/Developer/ScreenShotComparison/Private/Widgets/SScreenComparisonRow.cpp,0,2,2
/media/ullmann/HDDGabriel/engines/UnrealEngine/Engine/Source/Developer/ScreenShotComparison/Private/Widgets/SAsyncImage.h,1,0,1
/media/ullmann/HDDGabriel/engines/UnrealEngine/Engine/Source/ThirdParty/ICU/icu4c-64_1/source/test/intltest/itercoll.cpp,0,1,1
/media/ullmann/HDDGabriel/engines/UnrealEngine/Engine/Source/ThirdParty/ICU/icu4c-64_1/source/test/intltest/itercoll.h,2,1,3
/media/ullmann/HDDGabriel/engines/UnrealEngine/Engine/Source/ThirdParty/ShaderConductor/ShaderConductor/External/DirectXShaderCompiler/tools/clang/lib/StaticAnalyzer/Checkers/TaintTesterChecker.cpp,0,1,1
/media/ullmann/HDDGabriel/engines/UnrealEngine/Engine/Source/Runtime/Core/Public/Misc/EngineVersionComparison.h,0,1,1
/media/ullmann/HDDGabriel/engines/UnrealEngine/Engine/Source/Runtime/Launch/Resources/Version.h,11,0,11
/media/ullmann/HDDGabriel/engines/UnrealEngine/Engine/Source/Runtime/MovieScene/Public/Evaluation/Blending/MovieSceneBlendType.h,1,0,1
/media/ullmann/HDDGabriel/engines/UnrealEngine/Engine/Source/Editor/MovieSceneTools/Public/PropertyTrackEditor.h,0,1,1
/media/ullmann/HDDGabriel/engines/UnrealEngine/Engine/Source/Editor/MovieSceneTools/Public/KeyframeTrackEditor.h,1,0,1
/media/ullmann/HDDGabriel/engines/UnrealEngine/Engine/Source/ThirdParty/Crunch/src/crnlib/crn_dxt1.cpp,0,6,6
/media/ullmann/HDDGabriel/engines/UnrealEngine/Engine/Source/ThirdParty/Crunch/src/crnlib/crn_vec_interval.h,1,1,2
/media/ullmann/HDDGabriel/engines/UnrealEngine/Engine/Source/ThirdParty/ICU/icu4c-64_1/source/i18n/reldtfmt.h,3,2,5
/media/ullmann/HDDGabriel/engines/UnrealEngine/Engine/Source/ThirdParty/Android/libunwind/libunwind/src/ppc64/Gregs.c,1,1,2
/media/ullmann/HDDGabriel/engines/UnrealEngine/Engine/Source/ThirdParty/Android/libunwind/libunwind/src/ppc64/unwind_i.h,8,0,8
/media/ullmann/HDDGabriel/engines/UnrealEngine/Engine/Source/ThirdParty/ICU/icu4c-64_1/source/common/uarrsort.cpp,0,3,3
/media/ullmann/HDDGabriel/engines/UnrealEngine/Engine/Source/ThirdParty/Intel/Embree/Embree2140/src/common/simd/varying.h,2,1,3
/media/ullmann/HDDGabriel/engines/UnrealEngine/Engine/Source/ThirdParty/SDL2/SDL-gui-backend/src/SDL.c,0,11,11
/media/ullmann/HDDGabriel/engines/UnrealEngine/Engine/Source/Runtime/AVEncoder/Private/Decoders/vdecmpeg4/M4VlcDecoder.cpp,0,4,4
/media/ullmann/HDDGabriel/engines/UnrealEngine/Engine/Source/Runtime/AVEncoder/Private/Decoders/vdecmpeg4/M4Global.h,9,1,10
/media/ullmann/HDDGabriel/engines/UnrealEngine/Engine/Source/ThirdParty/PhysX3/PhysX_3.4/Source/PhysXExtensions/src/ExtRevoluteJoint.h,5,1,6
/media/ullmann/HDDGabriel/engines/UnrealEngine/Engine/Source/ThirdParty/Boost/boost-1_70_0/include/boost/spirit/home/support/detail/lexer/parser/tokeniser/num_token.hpp,1,2,3
/media/ullmann/HDDGabriel/engines/UnrealEngine/Engine/Source/ThirdParty/Boost/boost-1_70_0/include/boost/spirit/home/support/detail/lexer/consts.hpp,9,1,10
/media/ullmann/HDDGabriel/engines/UnrealEngine/Engine/Source/Editor/Cascade/Private/SCascadePreviewViewport.h,4,0,4
/media/ullmann/HDDGabriel/engines/UnrealEngine/Engine/Source/ThirdParty/Windows/glTF-Toolkit/glTF-Toolkit.Test/GLTFTextureCompressionUtilsTests.cpp,0,3,3
/media/ullmann/HDDGabriel/engines/UnrealEngine/Engine/Source/ThirdParty/Windows/glTF-Toolkit/glTF-Toolkit.Test/Helpers/WStringUtils.h,5,0,5
/media/ullmann/HDDGabriel/engines/UnrealEngine/Engine/Source/ThirdParty/Boost/boost-1_70_0/include/boost/phoenix/stl/algorithm/detail/has_find.hpp,0,5,5
/media/ullmann/HDDGabriel/engines/UnrealEngine/Engine/Source/ThirdParty/Boost/boost-1_70_0/include/boost/phoenix/stl/algorithm/detail/is_std_hash_map.hpp,4,0,4
/media/ullmann/HDDGabriel/engines/UnrealEngine/Engine/Source/ThirdParty/ICU/icu4c-64_1/source/i18n/collationtailoring.h,10,1,11
/media/ullmann/HDDGabriel/engines/UnrealEngine/Engine/Source/ThirdParty/Intel/Embree/Embree270/src/kernels/xeonphi/bvh4mb/bvh4mb_intersector1.cpp,0,3,3
/media/ullmann/HDDGabriel/engines/UnrealEngine/Engine/Source/ThirdParty/Intel/Embree/Embree270/src/kernels/xeonphi/bvh4mb/bvh4mb_leaf_intersector.h,4,1,5
/media/ullmann/HDDGabriel/engines/UnrealEngine/Engine/Source/ThirdParty/libOpus/opus-1.0.3/celt/celt_lpc.c,0,3,3
/media/ullmann/HDDGabriel/engines/UnrealEngine/Engine/Source/Developer/Windows/LiveCodingServer/Private/External/LC_VirtualMemoryRange.cpp,0,1,1
/media/ullmann/HDDGabriel/engines/UnrealEngine/Engine/Source/Developer/Windows/LiveCodingServer/Private/External/LC_VirtualMemoryRange.h,3,1,4
/media/ullmann/HDDGabriel/engines/UnrealEngine/Engine/Source/ThirdParty/Imath/Imath-3.1.3/src/Imath/half.cpp,0,2,2
/media/ullmann/HDDGabriel/engines/UnrealEngine/Engine/Source/ThirdParty/SDL2/SDL-gui-backend/src/video/vita/SDL_vitamessagebox.c,0,4,4
/media/ullmann/HDDGabriel/engines/UnrealEngine/Engine/Source/ThirdParty/libOpus/opus-1.1/silk/float/scale_vector_FLP.c,0,1,1
/media/ullmann/HDDGabriel/engines/UnrealEngine/Engine/Source/Runtime/Engine/Public/Model.h,5,3,8
/media/ullmann/HDDGabriel/engines/UnrealEngine/Engine/Source/Runtime/Engine/Public/LocalVertexFactory.h,9,1,10
/media/ullmann/HDDGabriel/engines/UnrealEngine/Engine/Source/Editor/GameProjectGeneration/Private/SNewClassDialog.cpp,0,2,2
/media/ullmann/HDDGabriel/engines/UnrealEngine/Engine/Source/Runtime/Core/Public/Misc/OutputDevice.h,3,0,3
/media/ullmann/HDDGabriel/engines/UnrealEngine/Engine/Source/ThirdParty/FreeType2/FreeType2-2.4.12/src/cff/cffgload.c,1,5,6
/media/ullmann/HDDGabriel/engines/UnrealEngine/Engine/Source/ThirdParty/WebRTC/4147/Include/third_party/libvpx/source/config/ios/arm64/vp9_rtcd.h,0,1,1
/media/ullmann/HDDGabriel/engines/UnrealEngine/Engine/Source/ThirdParty/ICU/icu4c-64_1/source/common/ubiditransform.cpp,0,7,7
/media/ullmann/HDDGabriel/engines/UnrealEngine/Engine/Source/ThirdParty/ICU/icu4c-64_1/source/common/unicode/ushape.h,2,0,2
/media/ullmann/HDDGabriel/engines/UnrealEngine/Engine/Source/Runtime/Engine/Public/MaterialShared.h,8,4,12
/media/ullmann/HDDGabriel/engines/UnrealEngine/Engine/Source/ThirdParty/HarfBuzz/harfbuzz-2.4.0/src/hb-ot-var.cc,0,6,6
/media/ullmann/HDDGabriel/engines/UnrealEngine/Engine/Source/ThirdParty/HarfBuzz/harfbuzz-2.4.0/src/hb-ot-var-fvar-table.hh,1,0,1
/media/ullmann/HDDGabriel/engines/UnrealEngine/Engine/Source/ThirdParty/FreeType2/FreeType2-2.10.4/src/type42/t42objs.h,3,1,4
/media/ullmann/HDDGabriel/engines/UnrealEngine/Engine/Source/Runtime/Renderer/Private/VT/VirtualTextureFeedback.h,3,0,3
/media/ullmann/HDDGabriel/engines/UnrealEngine/Engine/Source/ThirdParty/VHACD/src/vhacdVolume.cpp,0,1,1
/media/ullmann/HDDGabriel/engines/UnrealEngine/Engine/Source/ThirdParty/VHACD/public/VHACD.h,5,0,5
/media/ullmann/HDDGabriel/engines/UnrealEngine/Engine/Source/Runtime/Experimental/ChaosVehicles/ChaosVehiclesCore/Public/WheelSystem.h,1,3,4
/media/ullmann/HDDGabriel/engines/UnrealEngine/Engine/Source/Runtime/SlateCore/Public/Styling/CoreStyle.h,1,0,1
/media/ullmann/HDDGabriel/engines/UnrealEngine/Engine/Source/ThirdParty/ShaderConductor/ShaderConductor/External/DirectXShaderCompiler/lib/CodeGen/SelectionDAG/SelectionDAGPrinter.cpp,0,1,1
/media/ullmann/HDDGabriel/engines/UnrealEngine/Engine/Source/ThirdParty/ShaderConductor/ShaderConductor/External/DirectXShaderCompiler/lib/CodeGen/SelectionDAG/ScheduleDAGSDNodes.h,7,0,7
/media/ullmann/HDDGabriel/engines/UnrealEngine/Engine/Source/ThirdParty/ICU/icu4c-64_1/source/test/cintltst/cdtdptst.h,1,1,2
/media/ullmann/HDDGabriel/engines/UnrealEngine/Engine/Source/ThirdParty/openexr/openexr-3.1.1/src/test/OpenEXRUtilTest/main.cpp,0,4,4
/media/ullmann/HDDGabriel/engines/UnrealEngine/Engine/Source/ThirdParty/openexr/openexr-3.1.1/src/test/OpenEXRUtilTest/tmpDir.h,1,0,1
/media/ullmann/HDDGabriel/engines/UnrealEngine/Engine/Source/Developer/Windows/LiveCoding/Private/External/LC_MemoryStream.h,3,1,4
/media/ullmann/HDDGabriel/engines/UnrealEngine/Engine/Source/Developer/Windows/LiveCoding/Private/External/LC_Platform.h,10,1,11
/media/ullmann/HDDGabriel/engines/UnrealEngine/Engine/Source/ThirdParty/openexr/openexr-3.1.1/src/lib/OpenEXRCore/internal_b44.c,0,4,4
/media/ullmann/HDDGabriel/engines/UnrealEngine/Engine/Source/ThirdParty/nvTextureTools/nvTextureTools-2.0.8/src/src/nvtt/nvtt.h,11,0,11
/media/ullmann/HDDGabriel/engines/UnrealEngine/Engine/Source/ThirdParty/HarfBuzz/harfbuzz-2.4.0/src/hb-ot-color-cbdt-table.hh,3,0,3
/media/ullmann/HDDGabriel/engines/UnrealEngine/Engine/Source/ThirdParty/ICU/icu4c-64_1/source/i18n/numparse_affixes.cpp,0,4,4
/media/ullmann/HDDGabriel/engines/UnrealEngine/Engine/Source/ThirdParty/ICU/icu4c-64_1/source/i18n/numparse_utils.h,4,1,5
/media/ullmann/HDDGabriel/engines/UnrealEngine/Engine/Source/ThirdParty/Intel/Embree/Embree270/src/common/simd/float4_sse2.h,1,0,1
/media/ullmann/HDDGabriel/engines/UnrealEngine/Engine/Source/ThirdParty/ShaderConductor/ShaderConductor/External/DirectXShaderCompiler/tools/clang/lib/Parse/ParseDeclCXX.cpp,0,1,1
/media/ullmann/HDDGabriel/engines/UnrealEngine/Engine/Source/ThirdParty/ICU/icu4c-53_1/source/i18n/rbnf.cpp,0,6,6
/media/ullmann/HDDGabriel/engines/UnrealEngine/Engine/Source/Editor/Experimental/EditorInteractiveToolsFramework/Public/EditorInteractiveGizmoSubsystem.h,0,2,2
/media/ullmann/HDDGabriel/engines/UnrealEngine/Engine/Source/Editor/Experimental/EditorInteractiveToolsFramework/Public/EditorInteractiveGizmoSelectionBuilder.h,2,1,3
/media/ullmann/HDDGabriel/engines/UnrealEngine/Engine/Source/ThirdParty/HarfBuzz/harfbuzz-2.4.0/src/hb-aat-layout.hh,4,0,4
/media/ullmann/HDDGabriel/engines/UnrealEngine/Engine/Source/Editor/VREditor/VREditorInteractor.cpp,0,3,3
/media/ullmann/HDDGabriel/engines/UnrealEngine/Engine/Source/Editor/VREditor/VREditorFloatingText.h,2,0,2
/media/ullmann/HDDGabriel/engines/UnrealEngine/Engine/Source/ThirdParty/PhysX3/APEX_1.4/shared/general/HACD/include/dgMeshEffect.h,0,6,6
/media/ullmann/HDDGabriel/engines/UnrealEngine/Engine/Source/ThirdParty/OpenSubdiv/OpenSubdiv-3.4.4/examples/glEvalLimit/init_shapes.h,1,2,3
/media/ullmann/HDDGabriel/engines/UnrealEngine/Engine/Source/ThirdParty/PhysX3/PxShared/src/pvd/src/PxProfileScopedMutexLock.h,4,1,5
/media/ullmann/HDDGabriel/engines/UnrealEngine/Engine/Source/ThirdParty/libOpus/opus-1.3.1-12/src/mlp.c,0,2,2
/media/ullmann/HDDGabriel/engines/UnrealEngine/Engine/Source/ThirdParty/libOpus/opus-1.3.1-12/src/mlp.h,4,0,4
/media/ullmann/HDDGabriel/engines/UnrealEngine/Engine/Source/Runtime/Core/Public/Serialization/BufferReader.h,2,0,2
/media/ullmann/HDDGabriel/engines/UnrealEngine/Engine/Source/Runtime/Slate/Public/Framework/MultiBox/MultiBoxExtender.h,3,0,3
/media/ullmann/HDDGabriel/engines/UnrealEngine/Engine/Source/ThirdParty/OpenVDB/openvdb-8.1.0/openvdb_ax/openvdb_ax/codegen/FunctionRegistry.cc,0,4,4
/media/ullmann/HDDGabriel/engines/UnrealEngine/Engine/Source/ThirdParty/FreeType2/FreeType2-2.6/Src/psnames/pstables.h,1,0,1
/media/ullmann/HDDGabriel/engines/UnrealEngine/Engine/Source/ThirdParty/CryptoPP/5.6.2/include/rc2.h,2,3,5
/media/ullmann/HDDGabriel/engines/UnrealEngine/Engine/Source/ThirdParty/ICU/icu4c-53_1/source/test/intltest/itercoll.h,2,1,3
/media/ullmann/HDDGabriel/engines/UnrealEngine/Engine/Source/ThirdParty/Intel/TBB/IntelTBB-2019u8/src/test/harness_test_cases_framework.h,1,2,3
/media/ullmann/HDDGabriel/engines/UnrealEngine/Engine/Source/ThirdParty/EOSSDK/SDK/Include/eos_auth.h,0,1,1
/media/ullmann/HDDGabriel/engines/UnrealEngine/Engine/Source/ThirdParty/EOSSDK/SDK/Include/eos_auth_types.h,2,1,3
/media/ullmann/HDDGabriel/engines/UnrealEngine/Engine/Source/ThirdParty/FreeType2/FreeType2-2.10.4/src/type42/t42drivr.c,1,3,4
/media/ullmann/HDDGabriel/engines/UnrealEngine/Engine/Source/ThirdParty/FreeType2/FreeType2-2.10.4/src/type42/t42error.h,3,0,3
/media/ullmann/HDDGabriel/engines/UnrealEngine/Engine/Source/ThirdParty/WebRTC/4147/Include/third_party/opus/src/silk/PLC.h,1,1,2
/media/ullmann/HDDGabriel/engines/UnrealEngine/Engine/Source/Runtime/AudioCodecEngine/Private/DecoderInputBackCompat.h,3,0,3
/media/ullmann/HDDGabriel/engines/UnrealEngine/Engine/Source/ThirdParty/FreeType2/FreeType2-2.4.12/src/truetype/tterrors.h,7,0,7
/media/ullmann/HDDGabriel/engines/UnrealEngine/Engine/Source/ThirdParty/FreeType2/FreeType2-2.6/Src/type1/t1load.h,3,1,4
/media/ullmann/HDDGabriel/engines/UnrealEngine/Engine/Source/ThirdParty/FreeType2/FreeType2-2.6/Src/type1/t1parse.h,2,0,2
/media/ullmann/HDDGabriel/engines/UnrealEngine/Engine/Source/ThirdParty/FreeType2/FreeType2-2.10.4/src/truetype/ttpload.c,1,3,4
/media/ullmann/HDDGabriel/engines/UnrealEngine/Engine/Source/ThirdParty/FreeType2/FreeType2-2.10.4/src/truetype/ttgxvar.h,6,1,7
/media/ullmann/HDDGabriel/engines/UnrealEngine/Engine/Source/Editor/Sequencer/Private/SSequencerSectionAreaView.h,1,2,3
/media/ullmann/HDDGabriel/engines/UnrealEngine/Engine/Source/Editor/Sequencer/Private/SSequencerSection.h,5,4,9
/media/ullmann/HDDGabriel/engines/UnrealEngine/Engine/Source/ThirdParty/FreeType2/FreeType2-2.6/Src/autofit/aflatin.h,6,1,7
/media/ullmann/HDDGabriel/engines/UnrealEngine/Engine/Source/ThirdParty/FreeImage/FreeImage-3.18.0/Source/LibPNG/pngwutil.c,0,1,1
/media/ullmann/HDDGabriel/engines/UnrealEngine/Engine/Source/ThirdParty/FreeImage/FreeImage-3.18.0/Source/OpenEXR/IlmImf/ImfAttribute.h,23,5,28
/media/ullmann/HDDGabriel/engines/UnrealEngine/Engine/Source/ThirdParty/OpenSubdiv/OpenSubdiv-3.4.4/opensubdiv/osd/bufferDescriptor.h,13,1,14
/media/ullmann/HDDGabriel/engines/UnrealEngine/Engine/Source/ThirdParty/openexr/openexr-3.1.1/src/lib/OpenEXR/ImfCompressor.h,18,2,20
/media/ullmann/HDDGabriel/engines/UnrealEngine/Engine/Source/ThirdParty/Intel/Embree/Embree270/src/kernels/xeon/geometry/object_intersector8.h,1,2,3
/media/ullmann/HDDGabriel/engines/UnrealEngine/Engine/Source/ThirdParty/ShaderConductor/ShaderConductor/External/DirectXShaderCompiler/lib/AsmParser/LLLexer.cpp,0,1,1
/media/ullmann/HDDGabriel/engines/UnrealEngine/Engine/Source/ThirdParty/ShaderConductor/ShaderConductor/External/DirectXShaderCompiler/lib/AsmParser/LLLexer.h,2,1,3
/media/ullmann/HDDGabriel/engines/UnrealEngine/Engine/Source/ThirdParty/Intel/Embree/Embree270/src/kernels/xeon/geometry/bezier1v_intersector.h,7,2,9
/media/ullmann/HDDGabriel/engines/UnrealEngine/Engine/Source/ThirdParty/ICU/icu4c-53_1/source/test/intltest/loctest.cpp,0,1,1
/media/ullmann/HDDGabriel/engines/UnrealEngine/Engine/Source/ThirdParty/ICU/icu4c-53_1/source/test/intltest/loctest.h,3,1,4
/media/ullmann/HDDGabriel/engines/UnrealEngine/Engine/Source/ThirdParty/ICU/icu4c-53_1/source/i18n/regexcmp.cpp,0,7,7
/media/ullmann/HDDGabriel/engines/UnrealEngine/Engine/Source/Runtime/Online/XMPP/Private/XmppModule.cpp,0,5,5
/media/ullmann/HDDGabriel/engines/UnrealEngine/Engine/Source/Runtime/Online/XMPP/Private/XmppTests.h,2,0,2
/media/ullmann/HDDGabriel/engines/UnrealEngine/Engine/Source/ThirdParty/Imath/Deploy/Imath-3.1.3/include/Imath/ImathRoots.h,0,2,2
/media/ullmann/HDDGabriel/engines/UnrealEngine/Engine/Source/ThirdParty/openexr/openexr-3.1.1/src/lib/OpenEXR/ImfPixelType.h,4,2,6
/media/ullmann/HDDGabriel/engines/UnrealEngine/Engine/Source/Editor/SequenceRecorder/Private/ActorGroupDetailsCustomization.cpp,0,4,4
/media/ullmann/HDDGabriel/engines/UnrealEngine/Engine/Source/Runtime/BinkAudioDecoder/SDK/BinkAudio/Src/winrt_ticks.cpp,0,1,1
/media/ullmann/HDDGabriel/engines/UnrealEngine/Engine/Source/ThirdParty/rpclib/Source/include/rpc/msgpack/adaptor/carray.hpp,1,0,1
/media/ullmann/HDDGabriel/engines/UnrealEngine/Engine/Source/Editor/Persona/Private/PersonaPreviewSceneDefaultController.h,3,0,3
/media/ullmann/HDDGabriel/engines/UnrealEngine/Engine/Source/ThirdParty/HarfBuzz/harfbuzz-2.4.0/src/test-unicode-ranges.cc,0,2,2
/media/ullmann/HDDGabriel/engines/UnrealEngine/Engine/Source/ThirdParty/HarfBuzz/harfbuzz-2.4.0/src/hb-ot-os2-unicode-ranges.hh,1,0,1
/media/ullmann/HDDGabriel/engines/UnrealEngine/Engine/Source/Editor/DataLayerEditor/Private/DataLayer/SDataLayerOutliner.cpp,0,2,2
/media/ullmann/HDDGabriel/engines/UnrealEngine/Engine/Source/Editor/DataLayerEditor/Private/DataLayer/DataLayerTransaction.h,5,0,5
/media/ullmann/HDDGabriel/engines/UnrealEngine/Engine/Source/Runtime/AudioExtensions/Public/IAudioParameterInterfaceRegistry.h,0,2,2
/media/ullmann/HDDGabriel/engines/UnrealEngine/Engine/Source/Runtime/AudioExtensions/Public/AudioParameter.h,2,1,3
/media/ullmann/HDDGabriel/engines/UnrealEngine/Engine/Source/Programs/UnrealHeaderTool/Private/Specifiers/VariableSpecifiers.h,2,0,2
/media/ullmann/HDDGabriel/engines/UnrealEngine/Engine/Source/Programs/UnrealVersionSelector/Private/Windows/WindowsPlatformInstallation.cpp,0,3,3
/media/ullmann/HDDGabriel/engines/UnrealEngine/Engine/Source/Runtime/Core/Public/Misc/EngineVersion.h,1,0,1
/media/ullmann/HDDGabriel/engines/UnrealEngine/Engine/Source/ThirdParty/SDL2/SDL-gui-backend/src/audio/sndio/SDL_sndioaudio.c,0,3,3
/media/ullmann/HDDGabriel/engines/UnrealEngine/Engine/Source/ThirdParty/ICU/icu4c-53_1/source/i18n/casetrn.cpp,0,1,1
/media/ullmann/HDDGabriel/engines/UnrealEngine/Engine/Source/ThirdParty/ICU/icu4c-53_1/source/i18n/tolowtrn.h,3,2,5
/media/ullmann/HDDGabriel/engines/UnrealEngine/Engine/Source/ThirdParty/libOpus/opus-1.3.1-12/celt/cpu_support.h,6,2,8
/media/ullmann/HDDGabriel/engines/UnrealEngine/Engine/Source/ThirdParty/libOpus/opus-1.3.1-12/celt/x86/x86cpu.h,5,0,5
/media/ullmann/HDDGabriel/engines/UnrealEngine/Engine/Source/ThirdParty/SDL2/SDL-gui-backend/src/events/SDL_keyboard_c.h,23,1,24
/media/ullmann/HDDGabriel/engines/UnrealEngine/Engine/Source/ThirdParty/CryptoPP/5.6.2/include/zinflate.cpp,0,2,2
/media/ullmann/HDDGabriel/engines/UnrealEngine/Engine/Source/ThirdParty/CryptoPP/5.6.2/include/zinflate.h,4,1,5
/media/ullmann/HDDGabriel/engines/UnrealEngine/Engine/Source/ThirdParty/Intel/TBB/IntelTBB-2019u8/src/tbb/cache_aligned_allocator.cpp,1,2,3
/media/ullmann/HDDGabriel/engines/UnrealEngine/Engine/Source/Developer/ToolMenus/Private/ToolMenusBlueprintLibrary.cpp,0,1,1
/media/ullmann/HDDGabriel/engines/UnrealEngine/Engine/Source/Developer/ToolMenus/Private/ToolMenusBlueprintLibrary.h,1,0,1
/media/ullmann/HDDGabriel/engines/UnrealEngine/Engine/Source/ThirdParty/openexr/openexr-3.1.1/src/lib/OpenEXRUtil/ImfImageDataWindow.cpp,0,2,2
/media/ullmann/HDDGabriel/engines/UnrealEngine/Engine/Source/ThirdParty/openexr/openexr-3.1.1/src/lib/OpenEXRUtil/ImfImage.h,6,2,8
/media/ullmann/HDDGabriel/engines/UnrealEngine/Engine/Source/ThirdParty/WebRTC/4147/Include/third_party/libsrtp/crypto/include/key.h,1,2,3
/media/ullmann/HDDGabriel/engines/UnrealEngine/Engine/Source/ThirdParty/Intel/ISPC/ispc-1.17.0/src/builtins.cpp,0,8,8
/media/ullmann/HDDGabriel/engines/UnrealEngine/Engine/Source/ThirdParty/PhysX3/PhysX_3.4/Include/PxRigidActor.h,3,2,5
/media/ullmann/HDDGabriel/engines/UnrealEngine/Engine/Source/ThirdParty/OpenSubdiv/OpenSubdiv-3.4.4/examples/farViewer/farViewer.cpp,0,9,9
/media/ullmann/HDDGabriel/engines/UnrealEngine/Engine/Source/ThirdParty/OpenSubdiv/OpenSubdiv-3.4.4/examples/farViewer/gl_mesh.h,2,2,4
/media/ullmann/HDDGabriel/engines/UnrealEngine/Engine/Source/ThirdParty/libOpus/opus-1.3.1-12/celt/celt_encoder.c,0,15,15
/media/ullmann/HDDGabriel/engines/UnrealEngine/Engine/Source/ThirdParty/libOpus/opus-1.3.1-12/celt/entcode.h,9,1,10
/media/ullmann/HDDGabriel/engines/UnrealEngine/Engine/Source/ThirdParty/ICU/icu4c-53_1/source/test/intltest/tfsmalls.h,2,1,3
/media/ullmann/HDDGabriel/engines/UnrealEngine/Engine/Source/Editor/Layers/Private/SLayersViewRow.h,2,1,3
/media/ullmann/HDDGabriel/engines/UnrealEngine/Engine/Source/Editor/Persona/Private/Customization/BlendSpaceDetails.h,1,0,1
/media/ullmann/HDDGabriel/engines/UnrealEngine/Engine/Source/ThirdParty/SDL2/SDL-gui-backend/src/video/cocoa/SDL_cocoametalview.h,0,1,1
/media/ullmann/HDDGabriel/engines/UnrealEngine/Engine/Source/ThirdParty/FreeType2/FreeType2-2.4.12/src/gxvalid/gxvopbd.c,1,2,3
/media/ullmann/HDDGabriel/engines/UnrealEngine/Engine/Source/Runtime/Engine/Public/AnimEncoding_VariableKeyLerp.h,0,3,3
/media/ullmann/HDDGabriel/engines/UnrealEngine/Engine/Source/Runtime/Engine/Public/AnimationCompression.h,3,1,4
/media/ullmann/HDDGabriel/engines/UnrealEngine/Engine/Source/Runtime/Core/Public/Templates/UnrealTypeTraits.h,3,0,3
/media/ullmann/HDDGabriel/engines/UnrealEngine/Engine/Source/Editor/LevelEditor/Private/LevelEditorToolBar.cpp,0,1,1
/media/ullmann/HDDGabriel/engines/UnrealEngine/Engine/Source/ThirdParty/ICU/icu4c-64_1/source/common/rbbisetb.cpp,0,9,9
/media/ullmann/HDDGabriel/engines/UnrealEngine/Engine/Source/ThirdParty/ICU/icu4c-53_1/source/layout/LigatureSubstProc.cpp,0,9,9
/media/ullmann/HDDGabriel/engines/UnrealEngine/Engine/Source/ThirdParty/ICU/icu4c-53_1/source/test/intltest/itmajor.h,2,1,3
/media/ullmann/HDDGabriel/engines/UnrealEngine/Engine/Source/ThirdParty/Intel/TBB/IntelTBB-2019u8/examples/concurrent_priority_queue/shortpath/shortpath.cpp,0,2,2
/media/ullmann/HDDGabriel/engines/UnrealEngine/Engine/Source/ThirdParty/Intel/TBB/IntelTBB-2019u8/examples/common/utility/fast_random.h,2,0,2
/media/ullmann/HDDGabriel/engines/UnrealEngine/Engine/Source/ThirdParty/nvTextureTools/nvTextureTools-2.0.6/src/src/nvtt/nvtt.h,11,0,11
/media/ullmann/HDDGabriel/engines/UnrealEngine/Engine/Source/Runtime/Renderer/Private/HairStrands/HairStrandsDebug.cpp,0,10,10
/media/ullmann/HDDGabriel/engines/UnrealEngine/Engine/Source/Runtime/Renderer/Private/HairStrands/HairStrandsVoxelization.h,5,0,5
/media/ullmann/HDDGabriel/engines/UnrealEngine/Engine/Source/Editor/BlueprintGraph/Classes/K2Node_ExecutionSequence.h,1,2,3
/media/ullmann/HDDGabriel/engines/UnrealEngine/Engine/Source/Editor/BlueprintGraph/Classes/K2Node_AddPinInterface.h,6,0,6
/media/ullmann/HDDGabriel/engines/UnrealEngine/Engine/Source/ThirdParty/SDL2/SDL-gui-backend/src/video/vivante/SDL_vivanteopengles.c,0,3,3
/media/ullmann/HDDGabriel/engines/UnrealEngine/Engine/Source/ThirdParty/Oculus/LibOVRPlatform/LibOVRPlatform/include/OVR_LeaderboardUpdateStatus.h,2,1,3
/media/ullmann/HDDGabriel/engines/UnrealEngine/Engine/Source/ThirdParty/Intel/Embree/Embree2140/src/kernels/bvh/bvh_intersector_node.h,5,1,6
/media/ullmann/HDDGabriel/engines/UnrealEngine/Engine/Source/Editor/AnimGraph/Private/EditModes/CCDIKEditMode.h,2,0,2
/media/ullmann/HDDGabriel/engines/UnrealEngine/Engine/Source/ThirdParty/HarfBuzz/harfbuzz-1.2.4/src/hb-ot-shape.cc,0,8,8
/media/ullmann/HDDGabriel/engines/UnrealEngine/Engine/Source/ThirdParty/HarfBuzz/harfbuzz-1.2.4/src/hb-ot-shape-complex-private.hh,7,0,7
/media/ullmann/HDDGabriel/engines/UnrealEngine/Engine/Source/ThirdParty/ShaderConductor/ShaderConductor/External/DirectXShaderCompiler/utils/TableGen/CodeGenSchedule.h,4,0,4
/media/ullmann/HDDGabriel/engines/UnrealEngine/Engine/Source/Runtime/VulkanRHI/Private/VulkanResources.h,10,2,12
/media/ullmann/HDDGabriel/engines/UnrealEngine/Engine/Source/Runtime/VulkanRHI/Private/VulkanMemory.h,8,0,8
/media/ullmann/HDDGabriel/engines/UnrealEngine/Engine/Source/ThirdParty/MCPP/mcpp-2.7.2/test-c/unbal2.h,2,0,2
/media/ullmann/HDDGabriel/engines/UnrealEngine/Engine/Source/ThirdParty/FreeImage/FreeImage-3.18.0/Source/ZLib/inflate.h,3,0,3
/media/ullmann/HDDGabriel/engines/UnrealEngine/Engine/Source/ThirdParty/ICU/icu4c-53_1/source/samples/numfmt/main.cpp,0,1,1
/media/ullmann/HDDGabriel/engines/UnrealEngine/Engine/Source/ThirdParty/ICU/icu4c-53_1/source/samples/numfmt/util.h,1,0,1
/media/ullmann/HDDGabriel/engines/UnrealEngine/Engine/Source/Developer/Windows/LiveCodingServer/Private/External/LC_SymbolPatterns.h,3,0,3
/media/ullmann/HDDGabriel/engines/UnrealEngine/Engine/Source/ThirdParty/Oculus/LibOVRPlatform/LibOVRPlatform/include/OVR_RoomInviteNotificationArray.h,3,2,5
/media/ullmann/HDDGabriel/engines/UnrealEngine/Engine/Source/ThirdParty/Oculus/LibOVRPlatform/LibOVRPlatform/include/OVR_RoomInviteNotification.h,3,2,5
/media/ullmann/HDDGabriel/engines/UnrealEngine/Engine/Source/ThirdParty/ICU/icu4c-53_1/source/test/intltest/plurults.cpp,0,1,1
/media/ullmann/HDDGabriel/engines/UnrealEngine/Engine/Source/ThirdParty/ICU/icu4c-53_1/source/test/intltest/plurults.h,3,1,4
/media/ullmann/HDDGabriel/engines/UnrealEngine/Engine/Source/Editor/AudioEditor/Private/AssetTypeActions/AssetTypeActions_SoundEffectPreset.h,2,2,4
/media/ullmann/HDDGabriel/engines/UnrealEngine/Engine/Source/ThirdParty/ICU/icu4c-64_1/source/i18n/regexcmp.cpp,0,6,6
/media/ullmann/HDDGabriel/engines/UnrealEngine/Engine/Source/ThirdParty/ICU/icu4c-64_1/source/i18n/regexcmp.h,2,0,2
/media/ullmann/HDDGabriel/engines/UnrealEngine/Engine/Source/ThirdParty/ShaderConductor/ShaderConductor/External/DirectXShaderCompiler/tools/llvm-c-test/object.c,0,1,1
/media/ullmann/HDDGabriel/engines/UnrealEngine/Engine/Source/ThirdParty/ShaderConductor/ShaderConductor/External/DirectXShaderCompiler/tools/llvm-c-test/llvm-c-test.h,7,0,7
/media/ullmann/HDDGabriel/engines/UnrealEngine/Engine/Source/Runtime/MediaUtils/Public/MediaSamples.h,0,1,1
/media/ullmann/HDDGabriel/engines/UnrealEngine/Engine/Source/ThirdParty/Intel/TBB/IntelTBB-2019u8/examples/parallel_for/tachyon/msvs/win8ui/App.xaml.cpp,0,1,1
/media/ullmann/HDDGabriel/engines/UnrealEngine/Engine/Source/ThirdParty/PhysX3/NvCloth/samples/SampleBase/renderer/PrimitiveRenderMesh.h,2,2,4
/media/ullmann/HDDGabriel/engines/UnrealEngine/Engine/Source/ThirdParty/ICU/icu4c-64_1/source/common/uhash.cpp,0,6,6
/media/ullmann/HDDGabriel/engines/UnrealEngine/Engine/Source/ThirdParty/ICU/icu4c-53_1/source/layout/MarkToBasePosnSubtables.h,2,6,8
/media/ullmann/HDDGabriel/engines/UnrealEngine/Engine/Source/ThirdParty/FreeType2/FreeType2-2.10.0/src/type42/t42parse.h,2,1,3
/media/ullmann/HDDGabriel/engines/UnrealEngine/Engine/Source/Runtime/SessionServices/Public/ISessionManager.h,1,3,4
/media/ullmann/HDDGabriel/engines/UnrealEngine/Engine/Source/Runtime/SessionServices/Public/ISessionInfo.h,1,1,2
/media/ullmann/HDDGabriel/engines/UnrealEngine/Engine/Source/Developer/AutomationDriver/Private/DriverSequence.h,2,0,2
/media/ullmann/HDDGabriel/engines/UnrealEngine/Engine/Source/Runtime/LevelSequence/Private/LevelSequence.cpp,0,1,1
/media/ullmann/HDDGabriel/engines/UnrealEngine/Engine/Source/Runtime/LevelSequence/Private/LevelSequenceModule.h,5,0,5
/media/ullmann/HDDGabriel/engines/UnrealEngine/Engine/Source/ThirdParty/libOpus/opus-1.1/tests/test_opus_common.h,4,0,4
/media/ullmann/HDDGabriel/engines/UnrealEngine/Engine/Source/ThirdParty/SDL2/SDL-gui-backend/include/SDL_main.h,1,3,4
/media/ullmann/HDDGabriel/engines/UnrealEngine/Engine/Source/ThirdParty/ICU/icu4c-53_1/source/layout/AnchorTables.h,6,3,9
/media/ullmann/HDDGabriel/engines/UnrealEngine/Engine/Source/ThirdParty/EOSSDK/SDK/Bin/Android/include/eos_sessions_types.h,2,2,4
/media/ullmann/HDDGabriel/engines/UnrealEngine/Engine/Source/ThirdParty/FreeType2/FreeType2-2.10.4/src/autofit/afindic.c,1,6,7
/media/ullmann/HDDGabriel/engines/UnrealEngine/Engine/Source/ThirdParty/FreeType2/FreeType2-2.10.4/src/autofit/aftypes.h,8,5,13
/media/ullmann/HDDGabriel/engines/UnrealEngine/Engine/Source/Editor/PropertyEditor/Public/DetailLayoutBuilder.h,4,2,6
/media/ullmann/HDDGabriel/engines/UnrealEngine/Engine/Source/Editor/PropertyEditor/Public/IDetailPropertyRow.h,5,1,6
/media/ullmann/HDDGabriel/engines/UnrealEngine/Engine/Source/ThirdParty/PhysX3/PxShared/src/foundation/include/PsMathUtils.h,0,2,2
/media/ullmann/HDDGabriel/engines/UnrealEngine/Engine/Source/Programs/UnrealTraceServer/src/AsioFile.h,2,2,4
/media/ullmann/HDDGabriel/engines/UnrealEngine/Engine/Source/ThirdParty/FreeType2/FreeType2-2.6/Src/otvalid/otvmod.c,1,3,4
/media/ullmann/HDDGabriel/engines/UnrealEngine/Engine/Source/Runtime/Apple/MetalRHI/Private/MetalBuffer.h,3,1,4
/media/ullmann/HDDGabriel/engines/UnrealEngine/Engine/Source/Programs/UnrealTraceServer/src/Store.cpp,0,2,2
/media/ullmann/HDDGabriel/engines/UnrealEngine/Engine/Source/ThirdParty/PhysX3/PhysX_3.4/Source/PhysXExtensions/src/ExtD6Joint.cpp,0,2,2
/media/ullmann/HDDGabriel/engines/UnrealEngine/Engine/Source/ThirdParty/PhysX3/PhysX_3.4/Source/LowLevelParticles/include/PtParticleSystemSim.h,1,2,3
/media/ullmann/HDDGabriel/engines/UnrealEngine/Engine/Source/ThirdParty/PhysX3/PhysX_3.4/Source/LowLevelParticles/include/PtParticleSystemCore.h,2,1,3
/media/ullmann/HDDGabriel/engines/UnrealEngine/Engine/Source/ThirdParty/libOpus/opus-1.1/celt/modes.c,0,6,6
/media/ullmann/HDDGabriel/engines/UnrealEngine/Engine/Source/ThirdParty/Crunch/src/crnlib/crn_decomp.cpp,0,2,2
/media/ullmann/HDDGabriel/engines/UnrealEngine/Engine/Source/ThirdParty/Crunch/src/inc/crn_decomp.h,1,1,2
/media/ullmann/HDDGabriel/engines/UnrealEngine/Engine/Source/Developer/Windows/LiveCoding/Private/External/LC_Commands.h,4,3,7
/media/ullmann/HDDGabriel/engines/UnrealEngine/Engine/Source/Developer/Windows/LiveCodingServer/Private/External/LC_Hook.h,4,0,4
/media/ullmann/HDDGabriel/engines/UnrealEngine/Engine/Source/ThirdParty/FreeType2/FreeType2-2.10.0/src/type42/type42.c,0,3,3
/media/ullmann/HDDGabriel/engines/UnrealEngine/Engine/Source/ThirdParty/ICU/icu4c-64_1/source/samples/cal/uprint.c,0,1,1
/media/ullmann/HDDGabriel/engines/UnrealEngine/Engine/Source/ThirdParty/ICU/icu4c-64_1/source/samples/cal/uprint.h,2,0,2
/media/ullmann/HDDGabriel/engines/UnrealEngine/Engine/Source/Runtime/VulkanRHI/Private/VulkanCommandBuffer.cpp,0,3,3
/media/ullmann/HDDGabriel/engines/UnrealEngine/Engine/Source/ThirdParty/CryptoPP/5.6.2/include/socketft.cpp,0,3,3
/media/ullmann/HDDGabriel/engines/UnrealEngine/Engine/Source/Editor/BlueprintGraph/Private/BlueprintBoundEventNodeSpawner.cpp,0,1,1
/media/ullmann/HDDGabriel/engines/UnrealEngine/Engine/Source/Editor/BlueprintGraph/Private/BlueprintNodeSpawnerUtils.h,6,0,6
/media/ullmann/HDDGabriel/engines/UnrealEngine/Engine/Source/ThirdParty/ShaderConductor/ShaderConductor/External/SPIRV-Cross/spirv_cross_c.h,1,1,2
/media/ullmann/HDDGabriel/engines/UnrealEngine/Engine/Source/ThirdParty/Android/libunwind/libunwind/src/hppa/Gget_save_loc.c,1,1,2
/media/ullmann/HDDGabriel/engines/UnrealEngine/Engine/Source/ThirdParty/Android/libunwind/libunwind/src/aarch64/Lget_save_loc.c,0,1,1
/media/ullmann/HDDGabriel/engines/UnrealEngine/Engine/Source/ThirdParty/Android/libunwind/libunwind/src/aarch64/Gget_save_loc.c,1,1,2
/media/ullmann/HDDGabriel/engines/UnrealEngine/Engine/Source/ThirdParty/FreeImage/FreeImage-3.18.0/Source/LibOpenJPEG/dwt.c,0,1,1
/media/ullmann/HDDGabriel/engines/UnrealEngine/Engine/Source/ThirdParty/ICU/icu4c-53_1/source/common/umutex.cpp,0,5,5
/media/ullmann/HDDGabriel/engines/UnrealEngine/Engine/Source/ThirdParty/WebRTC/4147/Include/third_party/libsrtp/crypto/include/aes_gcm_ossl.h,0,2,2
/media/ullmann/HDDGabriel/engines/UnrealEngine/Engine/Source/ThirdParty/WebRTC/4147/Include/third_party/libsrtp/crypto/include/cipher.h,6,1,7
/media/ullmann/HDDGabriel/engines/UnrealEngine/Engine/Source/Editor/SceneOutliner/Public/ActorFolderTreeItem.h,0,1,1
/media/ullmann/HDDGabriel/engines/UnrealEngine/Engine/Source/Editor/SceneOutliner/Public/FolderTreeItem.h,2,1,3
/media/ullmann/HDDGabriel/engines/UnrealEngine/Engine/Source/ThirdParty/openexr/openexr-3.1.1/src/lib/OpenEXR/ImfMultiView.h,2,4,6
/media/ullmann/HDDGabriel/engines/UnrealEngine/Engine/Source/ThirdParty/openexr/openexr-3.1.1/src/lib/OpenEXR/ImfStringVectorAttribute.h,6,3,9
/media/ullmann/HDDGabriel/engines/UnrealEngine/Engine/Source/ThirdParty/SDL2/SDL-gui-backend/include/SDL_test_log.h,1,2,3
/media/ullmann/HDDGabriel/engines/UnrealEngine/Engine/Source/ThirdParty/FreeType2/FreeType2-2.10.0/src/gzip/infblock.c,1,5,6
/media/ullmann/HDDGabriel/engines/UnrealEngine/Engine/Source/ThirdParty/FreeType2/FreeType2-2.10.0/src/gzip/infblock.h,5,0,5
/media/ullmann/HDDGabriel/engines/UnrealEngine/Engine/Source/ThirdParty/glslang/glslang/src/glslang_lib/glslang/MachineIndependent/Initialize.h,3,5,8
/media/ullmann/HDDGabriel/engines/UnrealEngine/Engine/Source/ThirdParty/EOSSDK/SDK/Bin/Android/include/eos_sanctions_types.h,2,1,3
/media/ullmann/HDDGabriel/engines/UnrealEngine/Engine/Source/Editor/AnimationModifiers/Private/SModifierListview.cpp,0,2,2
/media/ullmann/HDDGabriel/engines/UnrealEngine/Engine/Source/Editor/AnimationModifiers/Private/SModifierItemRow.h,2,1,3
/media/ullmann/HDDGabriel/engines/UnrealEngine/Engine/Source/Developer/SlateFontDialog/Private/SlateFontDialogModule.cpp,0,1,1
/media/ullmann/HDDGabriel/engines/UnrealEngine/Engine/Source/Developer/SlateFontDialog/Private/SlateFontDlgWindow.h,2,0,2
/media/ullmann/HDDGabriel/engines/UnrealEngine/Engine/Source/Developer/Windows/LiveCodingServer/Private/External/LC_Scheduler.cpp,0,3,3
/media/ullmann/HDDGabriel/engines/UnrealEngine/Engine/Source/Developer/Windows/LiveCodingServer/Private/External/LC_SchedulerQueue.h,3,0,3
/media/ullmann/HDDGabriel/engines/UnrealEngine/Engine/Source/ThirdParty/FreeType2/FreeType2-2.10.0/src/gxvalid/gxvmod.c,1,3,4
/media/ullmann/HDDGabriel/engines/UnrealEngine/Engine/Source/ThirdParty/ICU/icu4c-64_1/source/common/wintz.cpp,0,7,7
/media/ullmann/HDDGabriel/engines/UnrealEngine/Engine/Source/ThirdParty/ICU/icu4c-53_1/source/test/cintltst/usrchtst.c,0,2,2
/media/ullmann/HDDGabriel/engines/UnrealEngine/Engine/Source/ThirdParty/ICU/icu4c-53_1/source/test/cintltst/usrchdat.c,2,0,2
/media/ullmann/HDDGabriel/engines/UnrealEngine/Engine/Source/Runtime/WebBrowser/Private/CEF/CEFBrowserHandler.h,2,1,3
/media/ullmann/HDDGabriel/engines/UnrealEngine/Engine/Source/Runtime/Engine/Public/PerPlatformProperties.h,1,0,1
/media/ullmann/HDDGabriel/engines/UnrealEngine/Engine/Source/Editor/WorldBrowser/Private/SLevelsTreeWidget.cpp,0,6,6
/media/ullmann/HDDGabriel/engines/UnrealEngine/Engine/Source/Programs/SwitchboardListener/Private/SwitchboardListener.cpp,0,7,7
/media/ullmann/HDDGabriel/engines/UnrealEngine/Engine/Source/ThirdParty/Breakpad/src/third_party/curl/typecheck-gcc.h,1,0,1
/media/ullmann/HDDGabriel/engines/UnrealEngine/Engine/Source/ThirdParty/libOpus/opus-1.1/IOS/libOpus/config.h,0,1,1
/media/ullmann/HDDGabriel/engines/UnrealEngine/Engine/Source/ThirdParty/libOpus/opus-1.1/IOS/libOpus/version.h,1,0,1
/media/ullmann/HDDGabriel/engines/UnrealEngine/Engine/Source/ThirdParty/PhysX3/PhysX_3.4/Include/PxFiltering.h,5,1,6
/media/ullmann/HDDGabriel/engines/UnrealEngine/Engine/Source/ThirdParty/ShaderConductor/ShaderConductor/External/DirectXShaderCompiler/lib/Fuzzer/FuzzerDriver.cpp,0,3,3
/media/ullmann/HDDGabriel/engines/UnrealEngine/Engine/Source/ThirdParty/ShaderConductor/ShaderConductor/External/DirectXShaderCompiler/lib/Fuzzer/FuzzerFlags.def,1,0,1
/media/ullmann/HDDGabriel/engines/UnrealEngine/Engine/Source/ThirdParty/Intel/Embree/Embree2140/src/common/math/vec3.h,5,7,12
/media/ullmann/HDDGabriel/engines/UnrealEngine/Engine/Source/Runtime/Experimental/GeometryCollectionEngine/Public/ChaosRemovalEventFilter.h,1,1,2
/media/ullmann/HDDGabriel/engines/UnrealEngine/Engine/Source/Runtime/Experimental/Chaos/Public/Chaos/PerParticleGravity.h,1,0,1
/media/ullmann/HDDGabriel/engines/UnrealEngine/Engine/Source/Editor/Sequencer/Private/SSequencerTreeFilterStatusBar.cpp,0,2,2
/media/ullmann/HDDGabriel/engines/UnrealEngine/Engine/Source/ThirdParty/Expat/expat-2.2.10/lib/internal.h,3,0,3
/media/ullmann/HDDGabriel/engines/UnrealEngine/Engine/Source/ThirdParty/EOSSDK/SDK/Bin/IOS/EOSSDK.framework/Headers/eos_result.h,1,0,1
/media/ullmann/HDDGabriel/engines/UnrealEngine/Engine/Source/ThirdParty/Intel/MetricsDiscovery/MetricsDiscoveryHelper/samples/range_sample_dx11/imgui/examples/opengl3_example/imgui_impl_glfw_gl3.cpp,0,1,1
/media/ullmann/HDDGabriel/engines/UnrealEngine/Engine/Source/ThirdParty/Intel/MetricsDiscovery/MetricsDiscoveryHelper/samples/range_sample_dx11/imgui/examples/opengl3_example/imgui_impl_glfw_gl3.h,2,0,2
/media/ullmann/HDDGabriel/engines/UnrealEngine/Engine/Source/ThirdParty/ICU/icu4c-64_1/source/common/unicode/parsepos.h,13,0,13
/media/ullmann/HDDGabriel/engines/UnrealEngine/Engine/Source/ThirdParty/PLCrashReporter/PLCrashReporter/Source/PLCrashAsyncDwarfCFAState.hpp,3,6,9
/media/ullmann/HDDGabriel/engines/UnrealEngine/Engine/Source/Runtime/SlateCore/Public/Widgets/SWindow.h,1,0,1
/media/ullmann/HDDGabriel/engines/UnrealEngine/Engine/Source/Editor/Kismet/Private/BlueprintEditorCommands.h,5,0,5
/media/ullmann/HDDGabriel/engines/UnrealEngine/Engine/Source/ThirdParty/FreeType2/FreeType2-2.6/Src/cache/ftcsbits.h,3,1,4
/media/ullmann/HDDGabriel/engines/UnrealEngine/Engine/Source/ThirdParty/FreeType2/FreeType2-2.6/Src/cache/ftcglyph.h,5,1,6
/media/ullmann/HDDGabriel/engines/UnrealEngine/Engine/Source/ThirdParty/SDL2/SDL-gui-backend/src/video/x11/SDL_x11clipboard.c,0,3,3
/media/ullmann/HDDGabriel/engines/UnrealEngine/Engine/Source/ThirdParty/ICU/icu4c-64_1/source/i18n/unicode/timezone.h,10,0,10
/media/ullmann/HDDGabriel/engines/UnrealEngine/Engine/Source/Runtime/HeadMountedDisplay/Public/HeadMountedDisplay.h,0,3,3
/media/ullmann/HDDGabriel/engines/UnrealEngine/Engine/Source/ThirdParty/Crunch/src/crnlib/lzma_Types.h,11,0,11
/media/ullmann/HDDGabriel/engines/UnrealEngine/Engine/Source/Runtime/SlateRHIRenderer/Private/SlateRHIRenderer.h,4,1,5
/media/ullmann/HDDGabriel/engines/UnrealEngine/Engine/Source/ThirdParty/WebRTC/4147/Include/third_party/libvpx/source/config/win/arm64/vpx_scale_rtcd.h,0,1,1
/media/ullmann/HDDGabriel/engines/UnrealEngine/Engine/Source/ThirdParty/WebRTC/4147/Include/third_party/libvpx/source/config/win/arm64/vpx_config.h,4,0,4
/media/ullmann/HDDGabriel/engines/UnrealEngine/Engine/Source/ThirdParty/PhysX3/PhysX_3.4/Source/GeomUtils/src/hf/GuHeightField.h,3,1,4
/media/ullmann/HDDGabriel/engines/UnrealEngine/Engine/Source/ThirdParty/PhysX3/PhysX_3.4/Source/GeomUtils/src/hf/GuHeightFieldData.h,1,0,1
/media/ullmann/HDDGabriel/engines/UnrealEngine/Engine/Source/ThirdParty/MCPP/mcpp-2.7.2/test-l/nest51.h,1,1,2
/media/ullmann/HDDGabriel/engines/UnrealEngine/Engine/Source/ThirdParty/OpenSubdiv/OpenSubdiv-3.4.4/regression/shapes/loop_saddle_edgeonly.h,2,0,2
/media/ullmann/HDDGabriel/engines/UnrealEngine/Engine/Source/ThirdParty/Android/libunwind/libunwind/src/x86_64/Linit_remote.c,0,1,1
/media/ullmann/HDDGabriel/engines/UnrealEngine/Engine/Source/ThirdParty/PhysX3/PhysX_3.4/Source/LowLevelParticles/src/PtSpatialHash.cpp,0,3,3
/media/ullmann/HDDGabriel/engines/UnrealEngine/Engine/Source/ThirdParty/PhysX3/PhysX_3.4/Source/LowLevelParticles/src/PtCollisionData.h,4,1,5
/media/ullmann/HDDGabriel/engines/UnrealEngine/Engine/Source/ThirdParty/hlslcc/hlslcc/src/hlslcc_lib/ir_track_image_access.cpp,0,6,6
/media/ullmann/HDDGabriel/engines/UnrealEngine/Engine/Source/ThirdParty/PhysX3/PhysX_3.4/Source/PhysX/src/NpPhysics.cpp,0,9,9
/media/ullmann/HDDGabriel/engines/UnrealEngine/Engine/Source/Runtime/Core/Public/Misc/Parse.h,3,0,3
/media/ullmann/HDDGabriel/engines/UnrealEngine/Engine/Source/ThirdParty/OpenSubdiv/OpenSubdiv-3.4.4/regression/shapes/catmark_xord_interior.h,1,0,1
/media/ullmann/HDDGabriel/engines/UnrealEngine/Engine/Source/ThirdParty/openexr/openexr-3.1.1/src/test/OpenEXRTest/testStandardAttributes.h,1,0,1
/media/ullmann/HDDGabriel/engines/UnrealEngine/Engine/Source/ThirdParty/WebRTC/4147/Include/tools/clang/blink_gc_plugin/tests/trace_if_needed_resolved.h,0,1,1
/media/ullmann/HDDGabriel/engines/UnrealEngine/Engine/Source/Runtime/AdvancedWidgets/Public/AdvancedWidgets.h,0,1,1
/media/ullmann/HDDGabriel/engines/UnrealEngine/Engine/Source/Runtime/AdvancedWidgets/Public/AdvancedWidgetsModule.h,1,0,1
/media/ullmann/HDDGabriel/engines/UnrealEngine/Engine/Source/Runtime/AudioExtensions/Public/AudioParameterControllerInterface.h,2,2,4
/media/ullmann/HDDGabriel/engines/UnrealEngine/Engine/Source/Programs/Enterprise/Datasmith/DatasmithSketchUpRubyExporter/Private/DatasmithSketchUpCamera.cpp,0,7,7
/media/ullmann/HDDGabriel/engines/UnrealEngine/Engine/Source/ThirdParty/hlslcc/hlslcc/src/hlslcc_lib/glcpp-lex.cpp,0,2,2
/media/ullmann/HDDGabriel/engines/UnrealEngine/Engine/Source/ThirdParty/hlslcc/hlslcc/src/hlslcc_lib/glcpp-lex.inl,1,0,1
/media/ullmann/HDDGabriel/engines/UnrealEngine/Engine/Source/ThirdParty/PhysX3/PhysX_3.4/Source/LowLevelDynamics/src/DySolverContactPF.h,6,0,6
/media/ullmann/HDDGabriel/engines/UnrealEngine/Engine/Source/ThirdParty/FreeType2/FreeType2-2.6/Src/gzip/zutil.c,1,1,2
/media/ullmann/HDDGabriel/engines/UnrealEngine/Engine/Source/ThirdParty/Crunch/src/crnlib/crn_dxt_image.cpp,0,8,8
/media/ullmann/HDDGabriel/engines/UnrealEngine/Engine/Source/Editor/VREditor/VREditorMode.cpp,0,4,4
/media/ullmann/HDDGabriel/engines/UnrealEngine/Engine/Source/Editor/VREditor/VREditorActions.h,4,0,4
/media/ullmann/HDDGabriel/engines/UnrealEngine/Engine/Source/ThirdParty/nvTextureTools/nvTextureTools-2.0.8/src/gnuwin32/include/jpeglib.h,0,3,3
/media/ullmann/HDDGabriel/engines/UnrealEngine/Engine/Source/ThirdParty/nvTextureTools/nvTextureTools-2.0.8/src/gnuwin32/include/jconfig.h,1,0,1
/media/ullmann/HDDGabriel/engines/UnrealEngine/Engine/Source/ThirdParty/Intel/Embree/Embree2140/src/kernels/common/scene_subdiv_mesh.cpp,0,7,7
/media/ullmann/HDDGabriel/engines/UnrealEngine/Engine/Source/ThirdParty/FreeImage/FreeImage-3.18.0/Source/LibJPEG/jversion.h,4,0,4
/media/ullmann/HDDGabriel/engines/UnrealEngine/Engine/Source/ThirdParty/Intel/TBB/IntelTBB-2019u8/src/perf/time_locked_work.cpp,0,2,2
/media/ullmann/HDDGabriel/engines/UnrealEngine/Engine/Source/ThirdParty/Intel/TBB/IntelTBB-2019u8/src/perf/time_sandbox.h,2,0,2
/media/ullmann/HDDGabriel/engines/UnrealEngine/Engine/Source/ThirdParty/Intel/Embree/Embree2140/src/common/math/vec3ia.h,2,3,5
/media/ullmann/HDDGabriel/engines/UnrealEngine/Engine/Source/ThirdParty/CryptoPP/5.6.5/include/default.h,2,6,8
/media/ullmann/HDDGabriel/engines/UnrealEngine/Engine/Source/ThirdParty/CryptoPP/5.6.5/include/des.h,7,2,9
/media/ullmann/HDDGabriel/engines/UnrealEngine/Engine/Source/Runtime/Online/BuildPatchServices/Private/BuildPatchServicesModule.h,4,1,5
/media/ullmann/HDDGabriel/engines/UnrealEngine/Engine/Source/ThirdParty/CryptoPP/5.6.2/include/hex.cpp,0,2,2
/media/ullmann/HDDGabriel/engines/UnrealEngine/Engine/Source/ThirdParty/ICU/icu4c-64_1/source/test/perf/normperf/dtfmtrtperf.cpp,0,1,1
/media/ullmann/HDDGabriel/engines/UnrealEngine/Engine/Source/ThirdParty/ICU/icu4c-64_1/source/test/perf/normperf/dtfmtrtperf.h,1,0,1
/media/ullmann/HDDGabriel/engines/UnrealEngine/Engine/Source/ThirdParty/Intel/OIDN/include/OpenImageDenoise/oidn.hpp,0,1,1
/media/ullmann/HDDGabriel/engines/UnrealEngine/Engine/Source/ThirdParty/Intel/OIDN/include/OpenImageDenoise/oidn.h,1,1,2
/media/ullmann/HDDGabriel/engines/UnrealEngine/Engine/Source/Editor/Sequencer/Private/SequencerSectionLayoutBuilder.h,1,2,3
/media/ullmann/HDDGabriel/engines/UnrealEngine/Engine/Source/Editor/Sequencer/Private/SSequencerTrackArea.h,4,3,7
/media/ullmann/HDDGabriel/engines/UnrealEngine/Engine/Source/ThirdParty/PhysX3/APEX_1.4/framework/include/autogen/SurfaceBufferParameters.h,1,0,1
/media/ullmann/HDDGabriel/engines/UnrealEngine/Engine/Source/ThirdParty/FreeType2/FreeType2-2.6/Include/ttunpat.h,0,1,1
/media/ullmann/HDDGabriel/engines/UnrealEngine/Engine/Source/ThirdParty/Android/libunwind/libunwind/src/hppa/Linit_local.c,0,1,1
/media/ullmann/HDDGabriel/engines/UnrealEngine/Engine/Source/ThirdParty/Android/libunwind/libunwind/src/hppa/Ginit_local.c,1,2,3
/media/ullmann/HDDGabriel/engines/UnrealEngine/Engine/Source/ThirdParty/ICU/icu4c-53_1/source/layout/OpenTypeUtilities.cpp,0,4,4
/media/ullmann/HDDGabriel/engines/UnrealEngine/Engine/Source/ThirdParty/PhysX3/PhysX_3.4/Source/PhysXExtensions/src/serialization/Binary/SnConvX_MetaData.h,1,1,2
/media/ullmann/HDDGabriel/engines/UnrealEngine/Engine/Source/ThirdParty/PhysX3/PhysX_3.4/Source/PhysXExtensions/src/serialization/Binary/SnConvX_Output.h,1,0,1
/media/ullmann/HDDGabriel/engines/UnrealEngine/Engine/Source/ThirdParty/SDL2/SDL-gui-backend/src/video/riscos/SDL_riscoswindow.h,3,2,5
/media/ullmann/HDDGabriel/engines/UnrealEngine/Engine/Source/ThirdParty/ShaderConductor/ShaderConductor/External/googletest/googletest/samples/sample2.cc,0,1,1
/media/ullmann/HDDGabriel/engines/UnrealEngine/Engine/Source/ThirdParty/ShaderConductor/ShaderConductor/External/googletest/googletest/samples/sample2.h,2,0,2
/media/ullmann/HDDGabriel/engines/UnrealEngine/Engine/Source/Programs/UnrealHeaderTool/Private/CodeGenerator.cpp,0,15,15
/media/ullmann/HDDGabriel/engines/UnrealEngine/Engine/Source/Runtime/CoreUObject/Public/UObject/GCObject.h,2,0,2
/media/ullmann/HDDGabriel/engines/UnrealEngine/Engine/Source/Editor/Persona/Private/AnimTimeline/AnimTimelineTrack_MontageSections.h,2,1,3
/media/ullmann/HDDGabriel/engines/UnrealEngine/Engine/Source/ThirdParty/Intel/TBB/IntelTBB-2019u8/include/tbb/tbb_config.h,7,0,7
/media/ullmann/HDDGabriel/engines/UnrealEngine/Engine/Source/ThirdParty/ICU/icu4c-53_1/source/i18n/alphaindex.cpp,0,4,4
/media/ullmann/HDDGabriel/engines/UnrealEngine/Engine/Source/ThirdParty/ICU/icu4c-53_1/source/i18n/unicode/ulocdata.h,2,0,2
/media/ullmann/HDDGabriel/engines/UnrealEngine/Engine/Source/Programs/HeadlessChaos/Public/HeadlessChaosTestImplicits.h,0,1,1
/media/ullmann/HDDGabriel/engines/UnrealEngine/Engine/Source/ThirdParty/OpenSubdiv/OpenSubdiv-3.4.4/opensubdiv/hbr/mesh.h,1,8,9
/media/ullmann/HDDGabriel/engines/UnrealEngine/Engine/Source/ThirdParty/OpenSubdiv/OpenSubdiv-3.4.4/opensubdiv/hbr/allocator.h,2,1,3
/media/ullmann/HDDGabriel/engines/UnrealEngine/Engine/Source/Editor/PropertyEditor/Private/SDetailsView.cpp,0,10,10
/media/ullmann/HDDGabriel/engines/UnrealEngine/Engine/Source/Editor/PropertyEditor/Private/DetailsViewPropertyGenerationUtilities.h,2,1,3
/media/ullmann/HDDGabriel/engines/UnrealEngine/Engine/Source/ThirdParty/ICU/icu4c-64_1/source/common/utrie2.cpp,0,9,9
/media/ullmann/HDDGabriel/engines/UnrealEngine/Engine/Source/ThirdParty/ICU/icu4c-53_1/source/i18n/collationroot.h,5,0,5
/media/ullmann/HDDGabriel/engines/UnrealEngine/Engine/Source/ThirdParty/ICU/icu4c-53_1/source/i18n/rbt.cpp,0,4,4
/media/ullmann/HDDGabriel/engines/UnrealEngine/Engine/Source/ThirdParty/ICU/icu4c-53_1/source/i18n/rbt_pars.h,4,1,5
/media/ullmann/HDDGabriel/engines/UnrealEngine/Engine/Source/ThirdParty/SDL2/SDL-gui-backend/src/video/khronos/vulkan/vulkan_core.h,1,1,2
/media/ullmann/HDDGabriel/engines/UnrealEngine/Engine/Source/ThirdParty/SDL2/SDL-gui-backend/src/video/khronos/vulkan/vk_platform.h,2,0,2
/media/ullmann/HDDGabriel/engines/UnrealEngine/Engine/Source/ThirdParty/FreeType2/FreeType2-2.10.0/src/cache/ftcache.c,0,8,8
/media/ullmann/HDDGabriel/engines/UnrealEngine/Engine/Source/ThirdParty/FreeType2/FreeType2-2.10.0/src/cache/ftcmanag.c,1,3,4
/media/ullmann/HDDGabriel/engines/UnrealEngine/Engine/Source/Developer/UncontrolledChangelists/Public/UncontrolledChangelistState.h,1,1,2
/media/ullmann/HDDGabriel/engines/UnrealEngine/Engine/Source/Developer/UncontrolledChangelists/Public/UncontrolledChangelist.h,1,0,1
/media/ullmann/HDDGabriel/engines/UnrealEngine/Engine/Source/Developer/TraceAnalysis/Private/Analysis/Transport/PacketTransport.cpp,0,1,1
/media/ullmann/HDDGabriel/engines/UnrealEngine/Engine/Source/ThirdParty/PhysX3/PhysX_3.4/Source/SimulationController/src/ScConstraintProjectionManager.cpp,0,4,4
/media/ullmann/HDDGabriel/engines/UnrealEngine/Engine/Source/ThirdParty/PhysX3/PhysX_3.4/Source/SimulationController/src/ScConstraintProjectionManager.h,4,1,5
/media/ullmann/HDDGabriel/engines/UnrealEngine/Engine/Source/ThirdParty/PhysX3/PhysX_3.4/Source/PhysX/src/NpSerializerAdapter.cpp,0,7,7
/media/ullmann/HDDGabriel/engines/UnrealEngine/Engine/Source/Editor/DetailCustomizations/Private/SoundWaveDetails.cpp,0,1,1
/media/ullmann/HDDGabriel/engines/UnrealEngine/Engine/Source/Editor/DetailCustomizations/Private/SoundWaveDetails.h,2,0,2
/media/ullmann/HDDGabriel/engines/UnrealEngine/Engine/Source/ThirdParty/Oculus/LibOVRPlatform/LibOVRPlatform/include/OVR_InstalledApplicationArray.h,2,2,4
/media/ullmann/HDDGabriel/engines/UnrealEngine/Engine/Source/Editor/Kismet/Private/SBlueprintLibraryPalette.h,2,1,3
/media/ullmann/HDDGabriel/engines/UnrealEngine/Engine/Source/Editor/Kismet/Private/SBlueprintSubPalette.h,3,0,3
/media/ullmann/HDDGabriel/engines/UnrealEngine/Engine/Source/ThirdParty/FreeImage/FreeImage-3.18.0/Source/OpenEXR/IlmImf/ImfTestFile.h,1,3,4
/media/ullmann/HDDGabriel/engines/UnrealEngine/Engine/Source/ThirdParty/PhysX3/PhysX_3.4/Source/GeomUtils/src/pcm/GuPCMTriangleContactGen.cpp,0,2,2
/media/ullmann/HDDGabriel/engines/UnrealEngine/Engine/Source/ThirdParty/Intel/TBB/IntelTBB-2019u8/src/test/test_concurrent_unordered_map.cpp,0,1,1
/media/ullmann/HDDGabriel/engines/UnrealEngine/Engine/Source/ThirdParty/Intel/TBB/IntelTBB-2019u8/src/test/test_concurrent_unordered_common.h,2,1,3
/media/ullmann/HDDGabriel/engines/UnrealEngine/Engine/Source/Developer/IoStoreUtilities/Public/PackageStoreManifest.h,1,0,1
/media/ullmann/HDDGabriel/engines/UnrealEngine/Engine/Source/ThirdParty/Vorbis/libvorbis-1.3.2/lib/codec_internal.h,16,5,21
/media/ullmann/HDDGabriel/engines/UnrealEngine/Engine/Source/ThirdParty/HarfBuzz/harfbuzz-2.4.0/src/hb-ot-shape-complex-myanmar.cc,0,2,2
/media/ullmann/HDDGabriel/engines/UnrealEngine/Engine/Source/ThirdParty/HarfBuzz/harfbuzz-2.4.0/src/hb-ot-shape-complex-myanmar-machine.hh,1,0,1
/media/ullmann/HDDGabriel/engines/UnrealEngine/Engine/Source/ThirdParty/FreeType2/FreeType2-2.10.4/src/cff/cff.c,0,6,6
/media/ullmann/HDDGabriel/engines/UnrealEngine/Engine/Source/ThirdParty/FreeType2/FreeType2-2.10.4/src/pfr/pfrdrivr.c,1,3,4
/media/ullmann/HDDGabriel/engines/UnrealEngine/Engine/Source/ThirdParty/FreeType2/FreeType2-2.10.4/src/pfr/pfrerror.h,6,0,6
/media/ullmann/HDDGabriel/engines/UnrealEngine/Engine/Source/Runtime/UMG/Public/Components/ContentWidget.h,1,0,1
/media/ullmann/HDDGabriel/engines/UnrealEngine/Engine/Source/ThirdParty/FreeImage/FreeImage-3.18.0/Source/OpenEXR/IlmThread/IlmThreadExport.h,4,0,4
/media/ullmann/HDDGabriel/engines/UnrealEngine/Engine/Source/ThirdParty/PhysX3/PhysX_3.4/Source/GeomUtils/src/pcm/GuPCMContactConvexConvex.cpp,0,2,2
/media/ullmann/HDDGabriel/engines/UnrealEngine/Engine/Source/ThirdParty/PhysX3/PhysX_3.4/Source/GeomUtils/src/pcm/GuPCMContactGen.h,8,1,9
/media/ullmann/HDDGabriel/engines/UnrealEngine/Engine/Source/ThirdParty/FreeImage/FreeImage-3.18.0/Source/LibOpenJPEG/tpix_manager.c,0,1,1
/media/ullmann/HDDGabriel/engines/UnrealEngine/Engine/Source/ThirdParty/ICU/icu4c-64_1/source/i18n/olsontz.cpp,0,5,5
/media/ullmann/HDDGabriel/engines/UnrealEngine/Engine/Source/ThirdParty/ICU/icu4c-64_1/source/i18n/unicode/simpletz.h,9,0,9
/media/ullmann/HDDGabriel/engines/UnrealEngine/Engine/Source/Runtime/Apple/MetalRHI/Private/MetalRenderCommandEncoder.h,4,1,5
/media/ullmann/HDDGabriel/engines/UnrealEngine/Engine/Source/ThirdParty/glslang/glslang/src/glslang_lib/OGLCompilersDLL/InitializeDll.cpp,0,4,4
/media/ullmann/HDDGabriel/engines/UnrealEngine/Engine/Source/ThirdParty/glslang/glslang/src/glslang_lib/OGLCompilersDLL/InitializeDll.h,3,1,4
/media/ullmann/HDDGabriel/engines/UnrealEngine/Engine/Source/Editor/DetailCustomizations/Private/DirectoryPathStructCustomization.h,2,0,2
/media/ullmann/HDDGabriel/engines/UnrealEngine/Engine/Source/ThirdParty/HarfBuzz/harfbuzz-2.4.0/src/hb-face.cc,0,6,6
/media/ullmann/HDDGabriel/engines/UnrealEngine/Engine/Source/ThirdParty/HarfBuzz/harfbuzz-2.4.0/src/hb-face.hh,2,0,2
/media/ullmann/HDDGabriel/engines/UnrealEngine/Engine/Source/Runtime/SlateRHIRenderer/Private/SlateRHIRenderingPolicy.h,3,3,6
/media/ullmann/HDDGabriel/engines/UnrealEngine/Engine/Source/ThirdParty/SDL2/SDL-gui-backend/src/video/kmsdrm/SDL_kmsdrmmouse.h,2,1,3
/media/ullmann/HDDGabriel/engines/UnrealEngine/Engine/Source/Editor/LevelEditor/Private/LevelEditor.cpp,0,4,4
/media/ullmann/HDDGabriel/engines/UnrealEngine/Engine/Source/ThirdParty/ShaderConductor/ShaderConductor/External/DirectXShaderCompiler/tools/clang/lib/CodeGen/TargetInfo.h,14,1,15
/media/ullmann/HDDGabriel/engines/UnrealEngine/Engine/Source/Runtime/Analytics/Analytics/Public/AnalyticsEventAttribute.h,5,1,6
/media/ullmann/HDDGabriel/engines/UnrealEngine/Engine/Source/Editor/TranslationEditor/Private/TranslationPickerEditWindow.cpp,0,3,3
/media/ullmann/HDDGabriel/engines/UnrealEngine/Engine/Source/Editor/TranslationEditor/Private/TranslationPickerEditWindow.h,3,0,3
/media/ullmann/HDDGabriel/engines/UnrealEngine/Engine/Source/Runtime/Slate/Public/Widgets/Input/SEditableComboBox.h,1,0,1
/media/ullmann/HDDGabriel/engines/UnrealEngine/Engine/Source/Editor/UnrealEd/Public/EdMode.h,3,4,7
/media/ullmann/HDDGabriel/engines/UnrealEngine/Engine/Source/Editor/UnrealEd/Public/EditorComponents.h,4,0,4
/media/ullmann/HDDGabriel/engines/UnrealEngine/Engine/Source/ThirdParty/CryptoPP/5.6.2/include/simple.h,7,2,9
/media/ullmann/HDDGabriel/engines/UnrealEngine/Engine/Source/ThirdParty/Intel/Embree/Embree2140/src/kernels/subdiv/tessellation_cache.h,7,1,8
/media/ullmann/HDDGabriel/engines/UnrealEngine/Engine/Source/ThirdParty/SDL2/SDL-gui-backend/src/joystick/hidapi/SDL_hidapi_stadia.c,0,4,4
/media/ullmann/HDDGabriel/engines/UnrealEngine/Engine/Source/ThirdParty/ShaderConductor/ShaderConductor/External/DirectXShaderCompiler/tools/clang/lib/CodeGen/CGRecordLayoutBuilder.cpp,0,3,3
/media/ullmann/HDDGabriel/engines/UnrealEngine/Engine/Source/ThirdParty/ShaderConductor/ShaderConductor/External/DirectXShaderCompiler/tools/clang/lib/CodeGen/CodeGenTypes.h,6,1,7
/media/ullmann/HDDGabriel/engines/UnrealEngine/Engine/Source/ThirdParty/PhysX3/PhysX_3.4/Source/SimulationController/src/particles/ScParticleSystemSim.cpp,0,3,3
/media/ullmann/HDDGabriel/engines/UnrealEngine/Engine/Source/ThirdParty/PhysX3/PhysX_3.4/Source/SimulationController/src/particles/ScParticleBodyInteraction.h,3,1,4
/media/ullmann/HDDGabriel/engines/UnrealEngine/Engine/Source/ThirdParty/ICU/icu4c-53_1/source/i18n/chnsecal.h,4,2,6
/media/ullmann/HDDGabriel/engines/UnrealEngine/Engine/Source/Runtime/AugmentedReality/Public/ARTraceResult.h,1,1,2
/media/ullmann/HDDGabriel/engines/UnrealEngine/Engine/Source/ThirdParty/Android/libunwind/libunwind/src/ia64/Lis_signal_frame.c,0,1,1
/media/ullmann/HDDGabriel/engines/UnrealEngine/Engine/Source/ThirdParty/Android/libunwind/libunwind/src/ia64/Gis_signal_frame.c,1,1,2
/media/ullmann/HDDGabriel/engines/UnrealEngine/Engine/Source/ThirdParty/Intel/Embree/Embree270/src/common/math/constants.h,4,2,6
/media/ullmann/HDDGabriel/engines/UnrealEngine/Engine/Source/ThirdParty/OpenVDB/openvdb-8.1.0/openvdb/openvdb/math/Transform.h,5,1,6
/media/ullmann/HDDGabriel/engines/UnrealEngine/Engine/Source/ThirdParty/ShaderConductor/ShaderConductor/External/DirectXShaderCompiler/lib/Bitcode/Writer/BitcodeWriter.cpp,0,1,1
/media/ullmann/HDDGabriel/engines/UnrealEngine/Engine/Source/ThirdParty/ShaderConductor/ShaderConductor/External/DirectXShaderCompiler/lib/Bitcode/Writer/ValueEnumerator.h,2,0,2
/media/ullmann/HDDGabriel/engines/UnrealEngine/Engine/Source/ThirdParty/FreeType2/FreeType2-2.4.12/src/pshinter/pshmod.c,1,3,4
/media/ullmann/HDDGabriel/engines/UnrealEngine/Engine/Source/ThirdParty/FreeType2/FreeType2-2.4.12/src/pshinter/pshpic.h,2,0,2
/media/ullmann/HDDGabriel/engines/UnrealEngine/Engine/Source/ThirdParty/EOSSDK/SDK/Bin/Android/include/eos_sanctions.h,0,1,1
/media/ullmann/HDDGabriel/engines/UnrealEngine/Engine/Source/ThirdParty/SDL2/SDL-gui-backend/src/video/uikit/SDL_uikitvideo.h,3,1,4
/media/ullmann/HDDGabriel/engines/UnrealEngine/Engine/Source/ThirdParty/PhysX3/PhysX_3.4/Source/LowLevelAABB/src/BpMBPTasks.cpp,0,2,2
/media/ullmann/HDDGabriel/engines/UnrealEngine/Engine/Source/ThirdParty/PhysX3/PhysX_3.4/Source/LowLevelAABB/src/BpBroadPhaseMBP.h,3,2,5
/media/ullmann/HDDGabriel/engines/UnrealEngine/Engine/Source/ThirdParty/OpenVDB/openvdb-8.1.0/openvdb/openvdb/tools/Composite.h,2,4,6
/media/ullmann/HDDGabriel/engines/UnrealEngine/Engine/Source/ThirdParty/PhysX3/NvCloth/samples/SampleBase/ui/CommonUIController.cpp,0,2,2
/media/ullmann/HDDGabriel/engines/UnrealEngine/Engine/Source/ThirdParty/PhysX3/NvCloth/samples/SampleBase/ui/imgui_impl_dx11.h,2,0,2
/media/ullmann/HDDGabriel/engines/UnrealEngine/Engine/Source/ThirdParty/Imath/Imath-3.1.3/src/Imath/ImathFrustum.h,1,7,8
/media/ullmann/HDDGabriel/engines/UnrealEngine/Engine/Source/Developer/Windows/LiveCodingServer/Private/External/LC_RelocationPatcher.h,3,3,6
/media/ullmann/HDDGabriel/engines/UnrealEngine/Engine/Source/Runtime/Renderer/Private/HairStrands/HairStrandsEnvironment.cpp,0,2,2
/media/ullmann/HDDGabriel/engines/UnrealEngine/Engine/Source/ThirdParty/ICU/icu4c-53_1/source/common/propsvec.h,2,3,5
/media/ullmann/HDDGabriel/engines/UnrealEngine/Engine/Source/ThirdParty/ICU/icu4c-64_1/source/common/brkeng.h,5,4,9
/media/ullmann/HDDGabriel/engines/UnrealEngine/Engine/Source/Programs/UnrealHeaderTool/Private/Specifiers/InterfaceSpecifiers.h,2,0,2
/media/ullmann/HDDGabriel/engines/UnrealEngine/Engine/Source/Editor/Persona/Public/SBoneMappingBase.h,0,1,1
/media/ullmann/HDDGabriel/engines/UnrealEngine/Engine/Source/Editor/Persona/Public/BoneSelectionWidget.h,1,0,1
/media/ullmann/HDDGabriel/engines/UnrealEngine/Engine/Source/Runtime/Engine/Private/KismetTraceUtils.cpp,0,1,1
/media/ullmann/HDDGabriel/engines/UnrealEngine/Engine/Source/ThirdParty/Intel/Embree/Embree270/src/kernels/common/subdiv/feature_adaptive_eval_grid.h,2,5,7
/media/ullmann/HDDGabriel/engines/UnrealEngine/Engine/Source/ThirdParty/FreeType2/FreeType2-2.4.12/src/base/ftobjs.c,1,2,3
/media/ullmann/HDDGabriel/engines/UnrealEngine/Engine/Source/ThirdParty/OpenVDB/openvdb-8.1.0/openvdb/openvdb/tools/LevelSetUtil.h,4,2,6
/media/ullmann/HDDGabriel/engines/UnrealEngine/Engine/Source/ThirdParty/SDL2/SDL-gui-backend/src/render/opengles2/SDL_render_gles2.c,0,5,5
/media/ullmann/HDDGabriel/engines/UnrealEngine/Engine/Source/Editor/GameProjectGeneration/Private/GameProjectGenerationModule.cpp,0,4,4
/media/ullmann/HDDGabriel/engines/UnrealEngine/Engine/Source/Editor/GameProjectGeneration/Private/GameProjectGenerationLog.h,3,0,3
/media/ullmann/HDDGabriel/engines/UnrealEngine/Engine/Source/Editor/MovieSceneTools/Private/TrackEditors/CameraShakeTrackEditor.cpp,0,1,1
/media/ullmann/HDDGabriel/engines/UnrealEngine/Engine/Source/Editor/MovieSceneTools/Private/TrackEditors/CameraShakeTrackEditorBase.h,3,0,3
/media/ullmann/HDDGabriel/engines/UnrealEngine/Engine/Source/Editor/PropertyEditor/Private/Presentation/PropertyEditor/PropertyEditor.h,8,1,9
/media/ullmann/HDDGabriel/engines/UnrealEngine/Engine/Source/ThirdParty/Perforce/p4api-2014.2/include/p4/clientuser.h,1,0,1
/media/ullmann/HDDGabriel/engines/UnrealEngine/Engine/Source/ThirdParty/ICU/icu4c-53_1/source/layout/SinglePositioningSubtables.cpp,0,8,8
/media/ullmann/HDDGabriel/engines/UnrealEngine/Engine/Source/ThirdParty/FreeType2/FreeType2-2.10.4/src/gzip/infutil.c,1,5,6
/media/ullmann/HDDGabriel/engines/UnrealEngine/Engine/Source/ThirdParty/Boost/boost-1_70_0/include/boost/outcome/experimental/status-code/system_error2.hpp,1,1,2
/media/ullmann/HDDGabriel/engines/UnrealEngine/Engine/Source/ThirdParty/Intel/TBB/IntelTBB-2019u8/examples/parallel_for/tachyon/src/jpeg.cpp,0,5,5
/media/ullmann/HDDGabriel/engines/UnrealEngine/Engine/Source/Runtime/Sockets/Private/HoloLens/SocketSubsystemHoloLens.cpp,0,1,1
/media/ullmann/HDDGabriel/engines/UnrealEngine/Engine/Source/Runtime/Sockets/Private/HoloLens/SocketSubsystemHoloLens.h,1,0,1
/media/ullmann/HDDGabriel/engines/UnrealEngine/Engine/Source/ThirdParty/libOpus/opus-1.0.3/silk/fixed/structs_FIX.h,1,0,1
/media/ullmann/HDDGabriel/engines/UnrealEngine/Engine/Source/Editor/UMGEditor/Private/Library/SLibraryViewModel.cpp,0,1,1
/media/ullmann/HDDGabriel/engines/UnrealEngine/Engine/Source/Editor/UMGEditor/Private/Library/SLibraryViewModel.h,1,0,1
/media/ullmann/HDDGabriel/engines/UnrealEngine/Engine/Source/ThirdParty/FreeType2/FreeType2-2.6/Src/gxvalid/gxvmorx2.c,1,1,2
/media/ullmann/HDDGabriel/engines/UnrealEngine/Engine/Source/ThirdParty/Steamworks/Steamv151/sdk/public/steam/steam_api_internal.h,1,0,1
/media/ullmann/HDDGabriel/engines/UnrealEngine/Engine/Source/Developer/AssetTools/Private/AssetTypeActions/AssetTypeActions_CurveFloat.h,1,0,1
/media/ullmann/HDDGabriel/engines/UnrealEngine/Engine/Source/ThirdParty/WebRTC/4147/Include/third_party/libvpx/source/config/linux/arm-neon-highbd/vp8_rtcd.h,0,1,1
/media/ullmann/HDDGabriel/engines/UnrealEngine/Engine/Source/ThirdParty/WebRTC/4147/Include/third_party/libvpx/source/config/linux/arm-neon-highbd/vpx_config.h,4,0,4
/media/ullmann/HDDGabriel/engines/UnrealEngine/Engine/Source/ThirdParty/Python3/Mac/include/pymacconfig.h,1,0,1
/media/ullmann/HDDGabriel/engines/UnrealEngine/Engine/Source/Runtime/Online/HTTP/Private/HttpTests.cpp,0,1,1
/media/ullmann/HDDGabriel/engines/UnrealEngine/Engine/Source/ThirdParty/OpenSubdiv/Deploy/OpenSubdiv-3.4.4/include/opensubdiv/vtr/fvarLevel.h,2,6,8
/media/ullmann/HDDGabriel/engines/UnrealEngine/Engine/Source/ThirdParty/OpenSubdiv/Deploy/OpenSubdiv-3.4.4/include/opensubdiv/sdc/types.h,9,1,10
/media/ullmann/HDDGabriel/engines/UnrealEngine/Engine/Source/ThirdParty/openexr/Deploy/openexr-3.1.1/include/OpenEXR/ImfXdr.h,1,2,3
/media/ullmann/HDDGabriel/engines/UnrealEngine/Engine/Source/Runtime/Core/Public/Templates/IsPODType.h,3,0,3
/media/ullmann/HDDGabriel/engines/UnrealEngine/Engine/Source/ThirdParty/ICU/icu4c-64_1/source/common/uprops.h,10,4,14
/media/ullmann/HDDGabriel/engines/UnrealEngine/Engine/Source/ThirdParty/libOpus/opus-1.3.1-12/celt/celt_decoder.c,0,15,15
/media/ullmann/HDDGabriel/engines/UnrealEngine/Engine/Source/ThirdParty/libOpus/opus-1.3.1-12/celt/float_cast.h,3,1,4
/media/ullmann/HDDGabriel/engines/UnrealEngine/Engine/Source/ThirdParty/SDL2/SDL-gui-backend/src/video/android/SDL_androidwindow.c,0,8,8
/media/ullmann/HDDGabriel/engines/UnrealEngine/Engine/Source/ThirdParty/ICU/icu4c-64_1/source/common/unicode/unorm2.h,2,0,2
/media/ullmann/HDDGabriel/engines/UnrealEngine/Engine/Source/ThirdParty/ShaderConductor/ShaderConductor/External/DirectXShaderCompiler/tools/clang/tools/libclang/CXStoredDiagnostic.cpp,0,5,5
/media/ullmann/HDDGabriel/engines/UnrealEngine/Engine/Source/ThirdParty/ShaderConductor/ShaderConductor/External/DirectXShaderCompiler/tools/clang/tools/libclang/CIndexer.h,11,0,11
/media/ullmann/HDDGabriel/engines/UnrealEngine/Engine/Source/Runtime/Engine/Public/Physics/Experimental/PhysicsInterfaceImmediatePhysX.h,0,1,1
/media/ullmann/HDDGabriel/engines/UnrealEngine/Engine/Source/Runtime/Engine/Public/Physics/Experimental/PhysScene_ImmediatePhysX.h,1,0,1
/media/ullmann/HDDGabriel/engines/UnrealEngine/Engine/Source/ThirdParty/WebRTC/4147/Include/third_party/libvpx/source/libvpx/vpx/internal/vpx_codec_internal.h,0,2,2
/media/ullmann/HDDGabriel/engines/UnrealEngine/Engine/Source/ThirdParty/FreeType2/FreeType2-2.10.0/src/sfnt/ttsbit.h,2,1,3
/media/ullmann/HDDGabriel/engines/UnrealEngine/Engine/Source/Runtime/Slate/Public/Widgets/Views/STableViewBase.h,3,0,3
/media/ullmann/HDDGabriel/engines/UnrealEngine/Engine/Source/ThirdParty/PhysX3/APEX_1.4/shared/external/include/SampleSphereActor.h,0,1,1
/media/ullmann/HDDGabriel/engines/UnrealEngine/Engine/Source/ThirdParty/ICU/icu4c-64_1/source/test/intltest/idnaref.h,2,0,2
/media/ullmann/HDDGabriel/engines/UnrealEngine/Engine/Source/ThirdParty/FreeImage/FreeImage-3.18.0/Source/OpenEXR/IlmImf/ImfDwaCompressorSimd.h,1,3,4
/media/ullmann/HDDGabriel/engines/UnrealEngine/Engine/Source/Editor/Sequencer/Private/DisplayNodes/SequencerSectionKeyAreaNode.h,7,0,7
/media/ullmann/HDDGabriel/engines/UnrealEngine/Engine/Source/Runtime/Renderer/Private/MeshPassProcessor.cpp,0,5,5
/media/ullmann/HDDGabriel/engines/UnrealEngine/Engine/Source/ThirdParty/PhysX3/PhysX_3.4/Source/PhysXGpu/include/PxPhysXGpu.h,0,1,1
/media/ullmann/HDDGabriel/engines/UnrealEngine/Engine/Source/ThirdParty/PhysX3/PhysX_3.4/Source/PhysXGpu/include/PxSceneGpu.h,1,0,1
/media/ullmann/HDDGabriel/engines/UnrealEngine/Engine/Source/Runtime/Engine/Public/SceneUtils.h,6,0,6
/media/ullmann/HDDGabriel/engines/UnrealEngine/Engine/Source/ThirdParty/Alembic/alembic-1.8.2/maya/AbcExport/MayaTransformWriter.h,8,2,10
/media/ullmann/HDDGabriel/engines/UnrealEngine/Engine/Source/ThirdParty/FreeType2/FreeType2-2.6/Src/type42/t42drivr.c,1,3,4
/media/ullmann/HDDGabriel/engines/UnrealEngine/Engine/Source/ThirdParty/ICU/icu4c-64_1/source/common/ucptrie_impl.h,5,2,7
/media/ullmann/HDDGabriel/engines/UnrealEngine/Engine/Source/ThirdParty/ICU/icu4c-64_1/source/common/unicode/umutablecptrie.h,7,0,7
/media/ullmann/HDDGabriel/engines/UnrealEngine/Engine/Source/ThirdParty/ShaderConductor/ShaderConductor/External/DirectXShaderCompiler/tools/clang/lib/Format/Format.cpp,0,5,5
/media/ullmann/HDDGabriel/engines/UnrealEngine/Engine/Source/ThirdParty/ShaderConductor/ShaderConductor/External/DirectXShaderCompiler/tools/clang/lib/Format/UnwrappedLineParser.h,3,1,4
/media/ullmann/HDDGabriel/engines/UnrealEngine/Engine/Source/ThirdParty/ICU/icu4c-64_1/source/tools/toolutil/ucm.cpp,0,3,3
/media/ullmann/HDDGabriel/engines/UnrealEngine/Engine/Source/ThirdParty/ICU/icu4c-64_1/source/tools/toolutil/ucm.h,2,1,3
/media/ullmann/HDDGabriel/engines/UnrealEngine/Engine/Source/ThirdParty/SDL2/SDL-gui-backend/src/events/SDL_touch.c,0,3,3
/media/ullmann/HDDGabriel/engines/UnrealEngine/Engine/Source/ThirdParty/SDL2/SDL-gui-backend/src/video/kmsdrm/SDL_kmsdrmopengles.h,2,3,5
/media/ullmann/HDDGabriel/engines/UnrealEngine/Engine/Source/ThirdParty/Android/libunwind/libunwind/src/ia64/Gget_proc_info.c,1,1,2
/media/ullmann/HDDGabriel/engines/UnrealEngine/Engine/Source/ThirdParty/ICU/icu4c-53_1/source/i18n/uregex.cpp,0,3,3
/media/ullmann/HDDGabriel/engines/UnrealEngine/Engine/Source/ThirdParty/ICU/icu4c-53_1/source/i18n/regextxt.h,4,0,4
/media/ullmann/HDDGabriel/engines/UnrealEngine/Engine/Source/ThirdParty/ICU/icu4c-53_1/source/test/cintltst/udatatst.c,0,1,1
/media/ullmann/HDDGabriel/engines/UnrealEngine/Engine/Source/ThirdParty/hlslcc/hlslcc/src/hlslcc_lib/opt_constant_folding.cpp,0,6,6
/media/ullmann/HDDGabriel/engines/UnrealEngine/Engine/Source/ThirdParty/OpenSubdiv/OpenSubdiv-3.4.4/opensubdiv/vtr/fvarLevel.cpp,0,6,6
/media/ullmann/HDDGabriel/engines/UnrealEngine/Engine/Source/ThirdParty/SDL2/SDL-gui-backend/src/video/vita/SDL_vitaframebuffer.c,0,2,2
/media/ullmann/HDDGabriel/engines/UnrealEngine/Engine/Source/ThirdParty/Intel/Embree/Embree270/src/kernels/xeon/builders/primrefgen.h,6,4,10
/media/ullmann/HDDGabriel/engines/UnrealEngine/Engine/Source/ThirdParty/WebRTC/4147/Include/third_party/libvpx/source/libvpx/ivfdec.h,0,1,1
/media/ullmann/HDDGabriel/engines/UnrealEngine/Engine/Source/ThirdParty/FreeType2/FreeType2-2.4.12/src/pfr/pfrobjs.h,5,1,6
/media/ullmann/HDDGabriel/engines/UnrealEngine/Engine/Source/ThirdParty/HarfBuzz/harfbuzz-2.4.0/src/hb-subset-cff2.hh,1,0,1
/media/ullmann/HDDGabriel/engines/UnrealEngine/Engine/Source/ThirdParty/SDL2/SDL-gui-backend/src/thread/psp/SDL_systhread.c,0,3,3
/media/ullmann/HDDGabriel/engines/UnrealEngine/Engine/Source/ThirdParty/libOpus/opus-1.1/silk/tables_other.c,0,3,3
/media/ullmann/HDDGabriel/engines/UnrealEngine/Engine/Source/ThirdParty/Intel/Embree/Embree2140/src/kernels/bvh/bvh_builder_hair.h,1,6,7
/media/ullmann/HDDGabriel/engines/UnrealEngine/Engine/Source/ThirdParty/Alembic/alembic-1.8.2/python/PyAlembic/PyICompoundProperty.cpp,0,2,2
/media/ullmann/HDDGabriel/engines/UnrealEngine/Engine/Source/ThirdParty/ICU/icu4c-64_1/source/i18n/csrutf8.cpp,0,2,2
/media/ullmann/HDDGabriel/engines/UnrealEngine/Engine/Source/Runtime/Renderer/Private/Lumen/LumenReflections.h,4,1,5
/media/ullmann/HDDGabriel/engines/UnrealEngine/Engine/Source/Runtime/Core/Public/Templates/IsTriviallyCopyConstructible.h,3,0,3
/media/ullmann/HDDGabriel/engines/UnrealEngine/Engine/Source/Editor/SkeletalMeshEditor/Public/ISkeletalMeshEditorModule.h,0,1,1
/media/ullmann/HDDGabriel/engines/UnrealEngine/Engine/Source/Editor/SkeletalMeshEditor/Public/ISkeletalMeshEditor.h,1,0,1
/media/ullmann/HDDGabriel/engines/UnrealEngine/Engine/Source/ThirdParty/MCPP/mcpp-2.7.2/cpp-test/test-l/nest110.h,1,1,2
/media/ullmann/HDDGabriel/engines/UnrealEngine/Engine/Source/ThirdParty/SDL2/SDL-gui-backend/src/video/x11/SDL_x11events.c,0,9,9
/media/ullmann/HDDGabriel/engines/UnrealEngine/Engine/Source/Programs/UnrealHeaderTool/Private/NativeClassExporter.h,3,0,3
/media/ullmann/HDDGabriel/engines/UnrealEngine/Engine/Source/ThirdParty/mtlpp/mtlpp-master-7efad47/src/imp_ComputePipeline.hpp,1,1,2
/media/ullmann/HDDGabriel/engines/UnrealEngine/Engine/Source/ThirdParty/hlslcc/hlslcc/src/hlslcc_lib/ShaderCompilerCommon.cpp,0,1,1
/media/ullmann/HDDGabriel/engines/UnrealEngine/Engine/Source/ThirdParty/Intel/Embree/Embree270/src/common/math/col4.h,1,1,2
/media/ullmann/HDDGabriel/engines/UnrealEngine/Engine/Source/ThirdParty/OpenVDB/Deploy/openvdb-8.1.0/include/openvdb/tools/VolumeAdvect.h,0,4,4
/media/ullmann/HDDGabriel/engines/UnrealEngine/Engine/Source/ThirdParty/OpenVDB/Deploy/openvdb-8.1.0/include/openvdb/tools/Statistics.h,2,1,3
/media/ullmann/HDDGabriel/engines/UnrealEngine/Engine/Source/ThirdParty/Alembic/alembic-1.8.2/prman/Procedural/ArbAttrUtil.cpp,0,1,1
/media/ullmann/HDDGabriel/engines/UnrealEngine/Engine/Source/ThirdParty/Alembic/alembic-1.8.2/prman/Procedural/ArbAttrUtil.h,3,0,3
/media/ullmann/HDDGabriel/engines/UnrealEngine/Engine/Source/ThirdParty/ShaderConductor/ShaderConductor/External/DirectXShaderCompiler/tools/clang/unittests/Format/FormatTestSelective.cpp,0,1,1
/media/ullmann/HDDGabriel/engines/UnrealEngine/Engine/Source/ThirdParty/ICU/icu4c-64_1/source/test/intltest/quantityformattertest.cpp,0,1,1
/media/ullmann/HDDGabriel/engines/UnrealEngine/Engine/Source/ThirdParty/Intel/Embree/Embree2140/src/kernels/geometry/object_intersector.h,4,2,6
/media/ullmann/HDDGabriel/engines/UnrealEngine/Engine/Source/Runtime/Engine/Classes/Kismet/KismetMathLibrary.h,0,1,1
/media/ullmann/HDDGabriel/engines/UnrealEngine/Engine/Source/Runtime/Engine/Classes/Kismet/KismetMathLibrary.inl,1,0,1
/media/ullmann/HDDGabriel/engines/UnrealEngine/Engine/Source/Editor/AnimGraph/Public/AnimStateTransitionNode.h,0,1,1
/media/ullmann/HDDGabriel/engines/UnrealEngine/Engine/Source/Runtime/WebBrowser/Private/MobileJS/MobileJSScripting.cpp,0,3,3
/media/ullmann/HDDGabriel/engines/UnrealEngine/Engine/Source/Runtime/WebBrowser/Private/MobileJS/MobileJSStructDeserializerBackend.h,2,1,3
/media/ullmann/HDDGabriel/engines/UnrealEngine/Engine/Source/ThirdParty/SDL2/SDL-gui-backend/src/render/software/SDL_blendfillrect.c,0,3,3
/media/ullmann/HDDGabriel/engines/UnrealEngine/Engine/Source/Editor/DetailCustomizations/Private/ImportantToggleSettingCustomization.h,2,0,2
/media/ullmann/HDDGabriel/engines/UnrealEngine/Engine/Source/ThirdParty/openexr/openexr-3.1.1/src/test/OpenEXRTest/testNativeFormat.h,1,0,1
/media/ullmann/HDDGabriel/engines/UnrealEngine/Engine/Source/ThirdParty/Crunch/src/crnlib/lzma_LzmaDec.h,2,1,3
/media/ullmann/HDDGabriel/engines/UnrealEngine/Engine/Source/Editor/Persona/Private/AnimViewportPlaybackCommands.h,3,0,3
/media/ullmann/HDDGabriel/engines/UnrealEngine/Engine/Source/Editor/Sequencer/Private/SSequencerHierarchyBrowser.cpp,0,2,2
/media/ullmann/HDDGabriel/engines/UnrealEngine/Engine/Source/Editor/Sequencer/Private/SSequencerHierarchyBrowser.h,2,0,2
/media/ullmann/HDDGabriel/engines/UnrealEngine/Engine/Source/ThirdParty/openexr/openexr-3.1.1/src/test/OpenEXRTest/testMagic.cpp,0,1,1
/media/ullmann/HDDGabriel/engines/UnrealEngine/Engine/Source/ThirdParty/openexr/openexr-3.1.1/src/test/OpenEXRTest/TestUtilFStream.h,5,0,5
/media/ullmann/HDDGabriel/engines/UnrealEngine/Engine/Source/ThirdParty/ICU/icu4c-64_1/source/common/unicode/stringpiece.h,5,0,5
/media/ullmann/HDDGabriel/engines/UnrealEngine/Engine/Source/ThirdParty/SDL2/SDL-gui-backend/src/video/offscreen/SDL_offscreenevents_c.h,2,2,4
/media/ullmann/HDDGabriel/engines/UnrealEngine/Engine/Source/ThirdParty/Perforce/P4Api.Net/p4bridge/P4BridgeClient.h,8,0,8
/media/ullmann/HDDGabriel/engines/UnrealEngine/Engine/Source/Runtime/Apple/MetalRHI/Private/MetalDynamicRHIModule.h,1,0,1
/media/ullmann/HDDGabriel/engines/UnrealEngine/Engine/Source/ThirdParty/ShaderConductor/ShaderConductor/External/DirectXShaderCompiler/include/llvm/DebugInfo/PDB/PDBSymbolTypePointer.h,0,2,2
/media/ullmann/HDDGabriel/engines/UnrealEngine/Engine/Source/ThirdParty/WebRTC/4147/Include/third_party/libsrtp/crypto/include/null_auth.h,0,1,1
/media/ullmann/HDDGabriel/engines/UnrealEngine/Engine/Source/ThirdParty/WebRTC/4147/Include/third_party/libsrtp/crypto/include/auth.h,3,1,4
/media/ullmann/HDDGabriel/engines/UnrealEngine/Engine/Source/ThirdParty/hlslcc/hlslcc/src/hlslcc_lib/hlslcc.h,3,1,4
/media/ullmann/HDDGabriel/engines/UnrealEngine/Engine/Source/ThirdParty/hlslcc/hlslcc/src/hlslcc_lib/HlslccDefinitions.h,3,0,3
/media/ullmann/HDDGabriel/engines/UnrealEngine/Engine/Source/ThirdParty/openexr/openexr-3.1.1/src/lib/OpenEXR/ImfSimd.h,6,0,6
/media/ullmann/HDDGabriel/engines/UnrealEngine/Engine/Source/Editor/Kismet/Private/BlueprintDetailsCustomization.cpp,0,2,2
/media/ullmann/HDDGabriel/engines/UnrealEngine/Engine/Source/Editor/Kismet/Private/BlueprintDetailsCustomization.h,2,0,2
/media/ullmann/HDDGabriel/engines/UnrealEngine/Engine/Source/ThirdParty/openexr/openexr-3.1.1/src/lib/OpenEXR/ImfEnvmap.cpp,0,2,2
/media/ullmann/HDDGabriel/engines/UnrealEngine/Engine/Source/ThirdParty/openexr/openexr-3.1.1/src/lib/OpenEXR/ImfEnvmap.h,2,2,4
/media/ullmann/HDDGabriel/engines/UnrealEngine/Engine/Source/ThirdParty/OpenSubdiv/OpenSubdiv-3.4.4/opensubdiv/vtr/fvarLevel.h,9,6,15
/media/ullmann/HDDGabriel/engines/UnrealEngine/Engine/Source/Programs/InterchangeWorker/Private/InterchangeWorker.cpp,0,2,2
/media/ullmann/HDDGabriel/engines/UnrealEngine/Engine/Source/ThirdParty/FreeType2/FreeType2-2.6/Src/autofit/afloader.c,1,6,7
/media/ullmann/HDDGabriel/engines/UnrealEngine/Engine/Source/ThirdParty/SDL2/SDL-gui-backend/src/video/os2/SDL_os2dive.c,0,3,3
/media/ullmann/HDDGabriel/engines/UnrealEngine/Engine/Source/ThirdParty/SDL2/SDL-gui-backend/src/video/os2/SDL_os2output.h,3,1,4
/media/ullmann/HDDGabriel/engines/UnrealEngine/Engine/Source/ThirdParty/ICU/icu4c-64_1/source/test/cintltst/capitst.h,1,2,3
/media/ullmann/HDDGabriel/engines/UnrealEngine/Engine/Source/ThirdParty/Intel/TBB/IntelTBB-2019u8/examples/parallel_for/tachyon/src/apitrigeom.cpp,0,5,5
/media/ullmann/HDDGabriel/engines/UnrealEngine/Engine/Source/Editor/CurveEditor/Private/SCurveEditorViewContainer.cpp,0,6,6
/media/ullmann/HDDGabriel/engines/UnrealEngine/Engine/Source/ThirdParty/FreeType2/FreeType2-2.6/Src/cff/cffdrivr.c,1,7,8
/media/ullmann/HDDGabriel/engines/UnrealEngine/Engine/Source/ThirdParty/openexr/openexr-3.1.1/src/lib/OpenEXR/ImfIDManifest.cpp,0,3,3
/media/ullmann/HDDGabriel/engines/UnrealEngine/Engine/Source/ThirdParty/openexr/openexr-3.1.1/src/lib/OpenEXR/ImfIDManifest.h,2,1,3
/media/ullmann/HDDGabriel/engines/UnrealEngine/Engine/Source/ThirdParty/SDL2/SDL-gui-backend/src/core/os2/geniconv/geniconv.c,0,1,1
/media/ullmann/HDDGabriel/engines/UnrealEngine/Engine/Source/ThirdParty/Crunch/src/crnlib/crn_texture_file_types.h,2,3,5
/media/ullmann/HDDGabriel/engines/UnrealEngine/Engine/Source/Runtime/Core/Public/Math/Float32.h,3,0,3
/media/ullmann/HDDGabriel/engines/UnrealEngine/Engine/Source/ThirdParty/Python3/Win64/include/pystate.h,2,1,3
/media/ullmann/HDDGabriel/engines/UnrealEngine/Engine/Source/ThirdParty/Intel/Embree/Embree3122/Linux/x86_64-unknown-linux-gnu/include/embree3/rtcore_config.h,2,0,2
/media/ullmann/HDDGabriel/engines/UnrealEngine/Engine/Source/Editor/ContentBrowserData/Public/ContentBrowserDataUtils.h,0,1,1
/media/ullmann/HDDGabriel/engines/UnrealEngine/Engine/Source/Editor/ContentBrowserData/Public/ContentBrowserDataFilter.h,3,0,3
/media/ullmann/HDDGabriel/engines/UnrealEngine/Engine/Source/ThirdParty/ShaderConductor/ShaderConductor/External/DirectXShaderCompiler/tools/clang/tools/libclang/CIndex.cpp,0,9,9
/media/ullmann/HDDGabriel/engines/UnrealEngine/Engine/Source/ThirdParty/SDL2/SDL-gui-backend/src/video/riscos/SDL_riscosmessagebox.c,0,2,2
/media/ullmann/HDDGabriel/engines/UnrealEngine/Engine/Source/ThirdParty/SDL2/SDL-gui-backend/src/video/riscos/SDL_riscosmessagebox.h,2,1,3
/media/ullmann/HDDGabriel/engines/UnrealEngine/Engine/Source/ThirdParty/zlib/zlib-1.2.5/Src/inffast.c,0,4,4
/media/ullmann/HDDGabriel/engines/UnrealEngine/Engine/Source/ThirdParty/ICU/icu4c-53_1/source/i18n/csrutf8.cpp,0,2,2
/media/ullmann/HDDGabriel/engines/UnrealEngine/Engine/Source/ThirdParty/hlslcc/hlslcc/src/hlslcc_lib/symbol_table.h,4,0,4
/media/ullmann/HDDGabriel/engines/UnrealEngine/Engine/Source/ThirdParty/ICU/icu4c-53_1/source/common/ubidiwrt.c,0,8,8
/media/ullmann/HDDGabriel/engines/UnrealEngine/Engine/Source/Developer/Datasmith/DatasmithFacade/Public/DatasmithFacadeMaterial.h,1,2,3
/media/ullmann/HDDGabriel/engines/UnrealEngine/Engine/Source/Runtime/PakFile/Private/IoDispatcherFileBackend.cpp,0,2,2
/media/ullmann/HDDGabriel/engines/UnrealEngine/Engine/Source/ThirdParty/ICU/icu4c-64_1/source/common/locbased.h,2,2,4
/media/ullmann/HDDGabriel/engines/UnrealEngine/Engine/Source/ThirdParty/Intel/Embree/Embree2140/src/kernels/bvh/bvh_intersector_stream_filters.cpp,0,2,2
/media/ullmann/HDDGabriel/engines/UnrealEngine/Engine/Source/ThirdParty/Intel/TBB/IntelTBB-2019u8/src/test/test_parallel_while.cpp,0,2,2
/media/ullmann/HDDGabriel/engines/UnrealEngine/Engine/Source/ThirdParty/SDL2/SDL-gui-backend/include/SDL_filesystem.h,1,3,4
/media/ullmann/HDDGabriel/engines/UnrealEngine/Engine/Source/ThirdParty/PhysX3/PhysX_3.4/Source/SceneQuery/src/SqAABBTreeUpdateMap.cpp,0,2,2
/media/ullmann/HDDGabriel/engines/UnrealEngine/Engine/Source/Runtime/AnimationCore/Public/AnimationCoreLibrary.h,0,1,1
/media/ullmann/HDDGabriel/engines/UnrealEngine/Engine/Source/Runtime/AnimationCore/Public/EulerTransform.h,2,0,2
/media/ullmann/HDDGabriel/engines/UnrealEngine/Engine/Source/Editor/SourceControlWindows/Private/SSourceControlChangelists.cpp,0,3,3
/media/ullmann/HDDGabriel/engines/UnrealEngine/Engine/Source/Editor/SourceControlWindows/Private/SSourceControlDescription.h,2,0,2
/media/ullmann/HDDGabriel/engines/UnrealEngine/Engine/Source/ThirdParty/openexr/openexr-3.1.1/src/lib/OpenEXR/ImfMultiPartInputFile.h,10,3,13
/media/ullmann/HDDGabriel/engines/UnrealEngine/Engine/Source/ThirdParty/Intel/ISPC/ispc-1.17.0/examples/cpu/deferred/common.cpp,0,2,2
/media/ullmann/HDDGabriel/engines/UnrealEngine/Engine/Source/ThirdParty/Intel/ISPC/ispc-1.17.0/examples/cpu/deferred/deferred.h,3,0,3
/media/ullmann/HDDGabriel/engines/UnrealEngine/Engine/Source/ThirdParty/Intel/Embree/Embree2140/src/common/sys/condition.cpp,0,1,1
/media/ullmann/HDDGabriel/engines/UnrealEngine/Engine/Source/Runtime/SlateRHIRenderer/Private/SlateMaterialShader.h,2,0,2
/media/ullmann/HDDGabriel/engines/UnrealEngine/Engine/Source/ThirdParty/Intel/TBB/IntelTBB-2019u8/examples/parallel_for/tachyon/src/apigeom.cpp,0,5,5
/media/ullmann/HDDGabriel/engines/UnrealEngine/Engine/Source/ThirdParty/FreeType2/FreeType2-2.6/Src/gzip/inftrees.c,1,3,4
/media/ullmann/HDDGabriel/engines/UnrealEngine/Engine/Source/ThirdParty/FreeType2/FreeType2-2.6/Src/gzip/inftrees.h,5,0,5
/media/ullmann/HDDGabriel/engines/UnrealEngine/Engine/Source/ThirdParty/FreeImage/FreeImage-3.18.0/Source/OpenEXR/IlmImf/ImfDeepImageStateAttribute.h,3,3,6
/media/ullmann/HDDGabriel/engines/UnrealEngine/Engine/Source/ThirdParty/OpenSubdiv/OpenSubdiv-3.4.4/examples/common/d3d11Hud.cpp,0,4,4
/media/ullmann/HDDGabriel/engines/UnrealEngine/Engine/Source/ThirdParty/HarfBuzz/harfbuzz-1.2.4/src/hb-ot-map-private.hh,2,0,2
/media/ullmann/HDDGabriel/engines/UnrealEngine/Engine/Source/Editor/DataTableEditor/Private/SRowEditor.cpp,0,1,1
/media/ullmann/HDDGabriel/engines/UnrealEngine/Engine/Source/ThirdParty/libOpus/opus-1.0.3/silk/encode_pulses.c,0,1,1
/media/ullmann/HDDGabriel/engines/UnrealEngine/Engine/Source/ThirdParty/PhysX3/PhysX_3.4/Source/GeomUtils/src/mesh/GuBV4_CapsuleSweepAA.cpp,0,8,8
/media/ullmann/HDDGabriel/engines/UnrealEngine/Engine/Source/Runtime/UMG/Public/Components/EditableTextBox.h,1,0,1
/media/ullmann/HDDGabriel/engines/UnrealEngine/Engine/Source/ThirdParty/CryptoPP/5.6.2/include/md2.cpp,0,2,2
/media/ullmann/HDDGabriel/engines/UnrealEngine/Engine/Source/Developer/GraphColor/Private/graphExtensions.h,2,1,3
/media/ullmann/HDDGabriel/engines/UnrealEngine/Engine/Source/Developer/GraphColor/Private/graphStructures.h,4,5,9
/media/ullmann/HDDGabriel/engines/UnrealEngine/Engine/Source/ThirdParty/SDL2/SDL-gui-backend/src/video/winrt/SDL_winrtopengles.cpp,0,4,4
/media/ullmann/HDDGabriel/engines/UnrealEngine/Engine/Source/ThirdParty/Crunch/src/crnlib/crn_arealist.cpp,0,2,2
/media/ullmann/HDDGabriel/engines/UnrealEngine/Engine/Source/ThirdParty/Crunch/src/crnlib/crn_arealist.h,1,0,1
/media/ullmann/HDDGabriel/engines/UnrealEngine/Engine/Source/ThirdParty/Intel/Embree/Embree270/src/kernels/common/subdiv/patch_eval.h,4,2,6
/media/ullmann/HDDGabriel/engines/UnrealEngine/Engine/Source/ThirdParty/FreeType2/FreeType2-2.6/Include/t1tables.h,0,1,1
/media/ullmann/HDDGabriel/engines/UnrealEngine/Engine/Source/ThirdParty/glslang/glslang/src/glslang_lib/glslang/MachineIndependent/preprocessor/PpAtom.cpp,0,2,2
/media/ullmann/HDDGabriel/engines/UnrealEngine/Engine/Source/ThirdParty/Intel/Embree/Embree270/src/kernels/common/device.h,6,2,8
/media/ullmann/HDDGabriel/engines/UnrealEngine/Engine/Source/ThirdParty/ICU/icu4c-53_1/source/layout/ValueRecords.cpp,0,7,7
/media/ullmann/HDDGabriel/engines/UnrealEngine/Engine/Source/ThirdParty/Boost/boost-1_70_0/include/boost/phoenix/stl/algorithm/detail/has_reverse.hpp,0,1,1
/media/ullmann/HDDGabriel/engines/UnrealEngine/Engine/Source/ThirdParty/FBX/2020.2/include/fbxsdk/utils/fbxrootnodeutility.h,1,0,1
/media/ullmann/HDDGabriel/engines/UnrealEngine/Engine/Source/ThirdParty/ICU/icu4c-53_1/source/common/utrie.cpp,0,3,3
/media/ullmann/HDDGabriel/engines/UnrealEngine/Engine/Source/ThirdParty/ICU/icu4c-64_1/source/test/iotest/trnstst.c,0,1,1
/media/ullmann/HDDGabriel/engines/UnrealEngine/Engine/Source/ThirdParty/ICU/icu4c-64_1/source/test/iotest/iotest.h,5,0,5
/media/ullmann/HDDGabriel/engines/UnrealEngine/Engine/Source/ThirdParty/Alembic/alembic-1.8.2/maya/AbcImport/CreateSceneHelper.cpp,0,9,9
/media/ullmann/HDDGabriel/engines/UnrealEngine/Engine/Source/ThirdParty/Alembic/alembic-1.8.2/maya/AbcImport/NurbsSurfaceHelper.h,3,0,3
/media/ullmann/HDDGabriel/engines/UnrealEngine/Engine/Source/Editor/PropertyEditor/Private/CustomChildBuilder.h,3,1,4
/media/ullmann/HDDGabriel/engines/UnrealEngine/Engine/Source/ThirdParty/ICU/icu4c-53_1/source/i18n/anytrans.cpp,0,3,3
/media/ullmann/HDDGabriel/engines/UnrealEngine/Engine/Source/ThirdParty/BLAKE3/0.3.7/c/blake3_dispatch.c,0,1,1
/media/ullmann/HDDGabriel/engines/UnrealEngine/Engine/Source/ThirdParty/Intel/Embree/Embree270/src/kernels/xeon/geometry/primitive.h,17,3,20
/media/ullmann/HDDGabriel/engines/UnrealEngine/Engine/Source/Runtime/Online/XMPP/Public/Xmpp.h,0,7,7
/media/ullmann/HDDGabriel/engines/UnrealEngine/Engine/Source/Runtime/Online/XMPP/Public/XmppMultiUserChat.h,2,3,5
/media/ullmann/HDDGabriel/engines/UnrealEngine/Engine/Source/ThirdParty/Alembic/alembic-1.8.2/arnold/Procedural/ProcArgs.cpp,0,1,1
/media/ullmann/HDDGabriel/engines/UnrealEngine/Engine/Source/ThirdParty/WebRTC/4147/Include/third_party/libsrtp/crypto/include/crypto_types.h,3,0,3
/media/ullmann/HDDGabriel/engines/UnrealEngine/Engine/Source/ThirdParty/ICU/icu4c-64_1/source/i18n/smpdtfst.h,2,1,3
/media/ullmann/HDDGabriel/engines/UnrealEngine/Engine/Source/Runtime/Engine/Public/Animation/AnimTypes.h,7,0,7
/media/ullmann/HDDGabriel/engines/UnrealEngine/Engine/Source/ThirdParty/Intel/TBB/IntelTBB-2019u8/examples/parallel_reduce/convex_hull/convex_hull_sample.cpp,0,1,1
/media/ullmann/HDDGabriel/engines/UnrealEngine/Engine/Source/ThirdParty/Intel/TBB/IntelTBB-2019u8/examples/parallel_reduce/convex_hull/convex_hull.h,2,2,4
/media/ullmann/HDDGabriel/engines/UnrealEngine/Engine/Source/ThirdParty/PhysX3/APEX_1.4/module/destructible/include/DestructibleRenderableImpl.h,1,1,2
/media/ullmann/HDDGabriel/engines/UnrealEngine/Engine/Source/Runtime/Slate/Public/Framework/Text/WidgetLayoutBlock.h,2,0,2
/media/ullmann/HDDGabriel/engines/UnrealEngine/Engine/Source/ThirdParty/FreeType2/FreeType2-2.10.0/src/gxvalid/gxvmorx4.c,1,1,2
/media/ullmann/HDDGabriel/engines/UnrealEngine/Engine/Source/ThirdParty/OpenVDB/openvdb-8.1.0/openvdb/openvdb/unittest/TestPointIndexGrid.cc,0,1,1
/media/ullmann/HDDGabriel/engines/UnrealEngine/Engine/Source/ThirdParty/Android/libunwind/libunwind/src/coredump/_UCD_create.c,0,2,2
/media/ullmann/HDDGabriel/engines/UnrealEngine/Engine/Source/ThirdParty/libOpus/opus-1.1/silk/VAD.c,0,1,1
/media/ullmann/HDDGabriel/engines/UnrealEngine/Engine/Source/ThirdParty/PhysX3/APEX_1.4/framework/include/ApexScene.h,1,3,4
/media/ullmann/HDDGabriel/engines/UnrealEngine/Engine/Source/ThirdParty/PhysX3/APEX_1.4/framework/include/ApexSDKImpl.h,4,3,7
/media/ullmann/HDDGabriel/engines/UnrealEngine/Engine/Source/ThirdParty/Python3/Mac/include/unicodeobject.h,1,1,2
/media/ullmann/HDDGabriel/engines/UnrealEngine/Engine/Source/Developer/HierarchicalLODUtilities/Public/HierarchicalLODUtilities.h,0,1,1
/media/ullmann/HDDGabriel/engines/UnrealEngine/Engine/Source/Developer/HierarchicalLODUtilities/Public/IHierarchicalLODUtilities.h,1,0,1
/media/ullmann/HDDGabriel/engines/UnrealEngine/Engine/Source/ThirdParty/hlslcc/hlslcc/src/hlslcc_lib/ir_unused_structs.h,1,2,3
/media/ullmann/HDDGabriel/engines/UnrealEngine/Engine/Source/Editor/FoliageEdit/Private/FoliageType_InstancedStaticMeshPaintingCustomization.h,2,0,2
/media/ullmann/HDDGabriel/engines/UnrealEngine/Engine/Source/ThirdParty/ICU/icu4c-53_1/source/test/letest/letest.cpp,0,4,4
/media/ullmann/HDDGabriel/engines/UnrealEngine/Engine/Source/ThirdParty/ICU/icu4c-53_1/source/test/letest/letest.h,8,0,8
/media/ullmann/HDDGabriel/engines/UnrealEngine/Engine/Source/ThirdParty/OpenVDB/Deploy/openvdb-8.1.0/include/openvdb/tools/ParticleAtlas.h,0,1,1
/media/ullmann/HDDGabriel/engines/UnrealEngine/Engine/Source/ThirdParty/OpenVDB/Deploy/openvdb-8.1.0/include/openvdb/tools/PointIndexGrid.h,1,1,2
/media/ullmann/HDDGabriel/engines/UnrealEngine/Engine/Source/ThirdParty/Intel/ISPC/ispc-1.16.1/src/builtins.h,2,1,3
/media/ullmann/HDDGabriel/engines/UnrealEngine/Engine/Source/ThirdParty/SDL2/SDL-gui-backend/src/video/vita/SDL_vitaframebuffer.h,1,1,2
/media/ullmann/HDDGabriel/engines/UnrealEngine/Engine/Source/ThirdParty/PhysX3/PhysX_3.4/Source/PhysX/src/NpRigidActorTemplate.h,2,4,6
/media/ullmann/HDDGabriel/engines/UnrealEngine/Engine/Source/ThirdParty/PhysX3/PhysX_3.4/Source/PhysX/src/NpFactory.h,8,0,8
/media/ullmann/HDDGabriel/engines/UnrealEngine/Engine/Source/ThirdParty/Crunch/src/crnlib/crn_symbol_codec.h,2,1,3
/media/ullmann/HDDGabriel/engines/UnrealEngine/Engine/Source/ThirdParty/Crunch/src/crnlib/crn_prefix_coding.h,2,0,2
/media/ullmann/HDDGabriel/engines/UnrealEngine/Engine/Source/ThirdParty/SDL2/SDL-gui-backend/src/video/nacl/SDL_naclwindow.c,0,6,6
/media/ullmann/HDDGabriel/engines/UnrealEngine/Engine/Source/ThirdParty/SDL2/SDL-gui-backend/src/video/nacl/SDL_naclvideo.h,5,2,7
/media/ullmann/HDDGabriel/engines/UnrealEngine/Engine/Source/ThirdParty/PhysX3/PhysX_3.4/Source/LowLevelDynamics/src/DyBodyCoreIntegrator.h,2,1,3
/media/ullmann/HDDGabriel/engines/UnrealEngine/Engine/Source/ThirdParty/PhysX3/PhysX_3.4/Source/LowLevelDynamics/src/DySolverConstraintsBlock.cpp,0,7,7
/media/ullmann/HDDGabriel/engines/UnrealEngine/Engine/Source/Editor/UnrealEd/Private/Kismet2/StructureEditorUtils.cpp,0,2,2
/media/ullmann/HDDGabriel/engines/UnrealEngine/Engine/Source/Editor/UnrealEd/Public/Kismet2/CompilerResultsLog.h,1,0,1
/media/ullmann/HDDGabriel/engines/UnrealEngine/Engine/Source/ThirdParty/OpenSubdiv/OpenSubdiv-3.4.4/regression/shapes/loop_xord_interior.h,1,0,1
/media/ullmann/HDDGabriel/engines/UnrealEngine/Engine/Source/ThirdParty/PhysX3/PhysX_3.4/Source/LowLevelDynamics/src/DySolverConstraint1D.h,15,4,19
/media/ullmann/HDDGabriel/engines/UnrealEngine/Engine/Source/Programs/Enterprise/Datasmith/DatasmithARCHICADExporter/Private/Utils/3DElement2String.h,3,1,4
/media/ullmann/HDDGabriel/engines/UnrealEngine/Engine/Source/ThirdParty/Intel/TBB/IntelTBB-2019u8/src/tbbmalloc/Synchronize.h,2,0,2
/media/ullmann/HDDGabriel/engines/UnrealEngine/Engine/Source/ThirdParty/openexr/Deploy/openexr-3.1.1/include/OpenEXR/IexThrowErrnoExc.h,1,2,3
/media/ullmann/HDDGabriel/engines/UnrealEngine/Engine/Source/ThirdParty/openexr/Deploy/openexr-3.1.1/include/OpenEXR/IexExport.h,5,1,6
/media/ullmann/HDDGabriel/engines/UnrealEngine/Engine/Source/ThirdParty/OpenSubdiv/OpenSubdiv-3.4.4/opensubdiv/vtr/sparseSelector.cpp,0,3,3
/media/ullmann/HDDGabriel/engines/UnrealEngine/Engine/Source/ThirdParty/Boost/boost-1_70_0/include/boost/polygon/detail/rectangle_formation.hpp,2,0,2
/media/ullmann/HDDGabriel/engines/UnrealEngine/Engine/Source/ThirdParty/Intel/Embree/Embree270/src/kernels/xeon/geometry/grid_aos.h,3,4,7
/media/ullmann/HDDGabriel/engines/UnrealEngine/Engine/Source/Runtime/Slate/Public/Framework/Commands/InputBindingManager.h,3,1,4
/media/ullmann/HDDGabriel/engines/UnrealEngine/Engine/Source/Editor/PropertyEditor/Private/CustomChildBuilder.cpp,0,5,5
/media/ullmann/HDDGabriel/engines/UnrealEngine/Engine/Source/ThirdParty/Intel/Embree/Embree270/src/kernels/common/accelinstance.h,5,2,7
/media/ullmann/HDDGabriel/engines/UnrealEngine/Engine/Source/ThirdParty/FreeImage/FreeImage-3.18.0/Source/OpenEXR/IlmImf/ImfMatrixAttribute.h,4,2,6
/media/ullmann/HDDGabriel/engines/UnrealEngine/Engine/Source/ThirdParty/PhysX3/PhysX_3.4/Source/LowLevelDynamics/src/DySolverExt.h,3,0,3
/media/ullmann/HDDGabriel/engines/UnrealEngine/Engine/Source/ThirdParty/libOpus/opus-1.0.3/silk/dec_API.c,0,2,2
/media/ullmann/HDDGabriel/engines/UnrealEngine/Engine/Source/Runtime/Experimental/Chaos/Public/Chaos/Convex.h,0,2,2
/media/ullmann/HDDGabriel/engines/UnrealEngine/Engine/Source/Runtime/Experimental/Chaos/Public/Chaos/CollisionConvexMesh.h,1,2,3
/media/ullmann/HDDGabriel/engines/UnrealEngine/Engine/Source/ThirdParty/ICU/icu4c-53_1/source/i18n/collationfastlatinbuilder.cpp,0,5,5
/media/ullmann/HDDGabriel/engines/UnrealEngine/Engine/Source/ThirdParty/PhysX3/PxShared/src/pvd/src/PxPvdObjectModel.h,2,1,3
/media/ullmann/HDDGabriel/engines/UnrealEngine/Engine/Source/ThirdParty/SDL2/SDL-gui-backend/src/audio/netbsd/SDL_netbsdaudio.c,0,5,5
/media/ullmann/HDDGabriel/engines/UnrealEngine/Engine/Source/Editor/LevelEditor/Private/HighresScreenshotUI.h,2,1,3
/media/ullmann/HDDGabriel/engines/UnrealEngine/Engine/Source/ThirdParty/ICU/icu4c-64_1/source/test/intltest/incaltst.h,2,1,3
/media/ullmann/HDDGabriel/engines/UnrealEngine/Engine/Source/Runtime/Online/BackgroundHTTP/Public/BackgroundHttp.h,0,2,2
/media/ullmann/HDDGabriel/engines/UnrealEngine/Engine/Source/Runtime/Online/BackgroundHTTP/Public/PlatformBackgroundHttp.h,1,0,1
/media/ullmann/HDDGabriel/engines/UnrealEngine/Engine/Source/ThirdParty/ShaderConductor/ShaderConductor/External/DirectXShaderCompiler/tools/clang/lib/StaticAnalyzer/Checkers/BoolAssignmentChecker.cpp,0,1,1
/media/ullmann/HDDGabriel/engines/UnrealEngine/Engine/Source/Developer/MeshUtilities/Private/MeshUtilities.cpp,0,4,4
/media/ullmann/HDDGabriel/engines/UnrealEngine/Engine/Source/ThirdParty/ICU/icu4c-64_1/source/i18n/nfrule.h,5,1,6
/media/ullmann/HDDGabriel/engines/UnrealEngine/Engine/Source/ThirdParty/ICU/icu4c-53_1/source/io/ustdio.c,0,3,3
/media/ullmann/HDDGabriel/engines/UnrealEngine/Engine/Source/ThirdParty/ICU/icu4c-53_1/source/io/unicode/ustdio.h,8,0,8
/media/ullmann/HDDGabriel/engines/UnrealEngine/Engine/Source/Developer/Datasmith/DatasmithFacade/Public/DatasmithFacadeActorCamera.h,0,1,1
/media/ullmann/HDDGabriel/engines/UnrealEngine/Engine/Source/ThirdParty/libstrophe/libstrophe-0.9.3/src/scram.c,0,3,3
/media/ullmann/HDDGabriel/engines/UnrealEngine/Engine/Source/ThirdParty/openexr/openexr-3.1.1/src/lib/OpenEXR/ImfOutputPartData.h,6,2,8
/media/ullmann/HDDGabriel/engines/UnrealEngine/Engine/Source/ThirdParty/FBX/2020.2/include/fbxsdk/scene/shading/fbxentryview.h,1,0,1
/media/ullmann/HDDGabriel/engines/UnrealEngine/Engine/Source/ThirdParty/libOpus/opus-1.3.1-12/celt/modes.c,0,7,7
/media/ullmann/HDDGabriel/engines/UnrealEngine/Engine/Source/ThirdParty/ICU/icu4c-53_1/source/i18n/unicode/coleitr.h,5,0,5
/media/ullmann/HDDGabriel/engines/UnrealEngine/Engine/Source/Runtime/Core/Public/Math/Axis.h,3,0,3
/media/ullmann/HDDGabriel/engines/UnrealEngine/Engine/Source/Editor/MeshPaint/Public/MeshPaintAdapterFactory.h,0,1,1
/media/ullmann/HDDGabriel/engines/UnrealEngine/Engine/Source/Editor/MeshPaint/Public/MeshPaintModule.h,3,0,3
/media/ullmann/HDDGabriel/engines/UnrealEngine/Engine/Source/ThirdParty/ICU/icu4c-53_1/source/samples/layout/GnomeFontInstance.h,4,3,7
/media/ullmann/HDDGabriel/engines/UnrealEngine/Engine/Source/ThirdParty/WebRTC/4147/Include/third_party/ffmpeg/libavcodec/opus_celt.h,2,3,5
/media/ullmann/HDDGabriel/engines/UnrealEngine/Engine/Source/ThirdParty/WebRTC/4147/Include/third_party/ffmpeg/libavcodec/opus_pvq.h,1,1,2
/media/ullmann/HDDGabriel/engines/UnrealEngine/Engine/Source/Editor/BehaviorTreeEditor/Private/BehaviorTreeEditorModule.cpp,0,8,8
/media/ullmann/HDDGabriel/engines/UnrealEngine/Engine/Source/ThirdParty/ICU/icu4c-64_1/source/i18n/unesctrn.h,2,1,3
/media/ullmann/HDDGabriel/engines/UnrealEngine/Engine/Source/ThirdParty/Boost/boost-1_70_0/include/boost/polygon/detail/voronoi_structures.hpp,2,0,2
/media/ullmann/HDDGabriel/engines/UnrealEngine/Engine/Source/Editor/LandscapeEditor/Private/LandscapeEditorDetailCustomization_Layers.cpp,0,5,5
/media/ullmann/HDDGabriel/engines/UnrealEngine/Engine/Source/Editor/LandscapeEditor/Private/LandscapeEditorCommands.h,6,0,6
/media/ullmann/HDDGabriel/engines/UnrealEngine/Engine/Source/Programs/HeadlessChaos/Resource/BoxGeometry.cpp,0,1,1
/media/ullmann/HDDGabriel/engines/UnrealEngine/Engine/Source/Programs/HeadlessChaos/Resource/BoxGeometry.h,1,0,1
/media/ullmann/HDDGabriel/engines/UnrealEngine/Engine/Source/Editor/MovieSceneTools/Public/MovieSceneTranslator.h,1,1,2
/media/ullmann/HDDGabriel/engines/UnrealEngine/Engine/Source/Editor/MovieSceneTools/Public/MovieSceneExportMetadata.h,1,0,1
/media/ullmann/HDDGabriel/engines/UnrealEngine/Engine/Source/ThirdParty/Intel/ISPC/ispc-1.16.1/src/stmt.cpp,0,10,10
/media/ullmann/HDDGabriel/engines/UnrealEngine/Engine/Source/ThirdParty/ICU/icu4c-53_1/source/common/uvector.cpp,0,4,4
/media/ullmann/HDDGabriel/engines/UnrealEngine/Engine/Source/ThirdParty/ICU/icu4c-53_1/source/layout/ICUFeatures.h,6,2,8
/media/ullmann/HDDGabriel/engines/UnrealEngine/Engine/Source/ThirdParty/HarfBuzz/harfbuzz-2.4.0/src/hb-coretext.cc,0,4,4
/media/ullmann/HDDGabriel/engines/UnrealEngine/Engine/Source/ThirdParty/Imath/Deploy/Imath-3.1.3/include/Imath/ImathBox.h,3,3,6
/media/ullmann/HDDGabriel/engines/UnrealEngine/Engine/Source/ThirdParty/SDL2/SDL-gui-backend/src/video/emscripten/SDL_emscriptenopengles.c,0,3,3
/media/ullmann/HDDGabriel/engines/UnrealEngine/Engine/Source/ThirdParty/libOpus/opus-1.1/silk/init_decoder.c,0,1,1
/media/ullmann/HDDGabriel/engines/UnrealEngine/Engine/Source/Editor/BlueprintGraph/Classes/K2Node_MatineeController.h,0,1,1
/media/ullmann/HDDGabriel/engines/UnrealEngine/Engine/Source/ThirdParty/Intel/Embree/Embree270/src/common/math/vec3ba_mic.h,2,2,4
/media/ullmann/HDDGabriel/engines/UnrealEngine/Engine/Source/Runtime/AnimGraphRuntime/Public/AnimSequencerInstanceProxy.h,0,5,5
/media/ullmann/HDDGabriel/engines/UnrealEngine/Engine/Source/Runtime/AnimGraphRuntime/Public/AnimNodes/AnimNode_SequenceEvaluator.h,1,0,1
/media/ullmann/HDDGabriel/engines/UnrealEngine/Engine/Source/Developer/OutputLog/Private/SDeviceOutputLog.cpp,0,1,1
/media/ullmann/HDDGabriel/engines/UnrealEngine/Engine/Source/Programs/UnrealVersionSelector/Private/Windows/WindowsPlatformInstallation.h,1,1,2
/media/ullmann/HDDGabriel/engines/UnrealEngine/Engine/Source/ThirdParty/Intel/Embree/Embree270/src/kernels/xeon/bvh8/bvh8_intersector8_hybrid.h,1,3,4
/media/ullmann/HDDGabriel/engines/UnrealEngine/Engine/Source/Runtime/Renderer/Private/RayTracing/RayTracingReflections.cpp,0,1,1
/media/ullmann/HDDGabriel/engines/UnrealEngine/Engine/Source/ThirdParty/CryptoPP/5.6.2/include/whrlpool.cpp,0,4,4
/media/ullmann/HDDGabriel/engines/UnrealEngine/Engine/Source/ThirdParty/libOpus/opus-1.0.3/silk/resampler_private_up2_HQ.c,0,2,2
/media/ullmann/HDDGabriel/engines/UnrealEngine/Engine/Source/ThirdParty/PhysX3/PhysX_3.4/Include/geometry/PxSphereGeometry.h,2,0,2
/media/ullmann/HDDGabriel/engines/UnrealEngine/Engine/Source/Developer/TargetPlatform/Public/Interfaces/ITargetDeviceOutput.h,1,0,1
/media/ullmann/HDDGabriel/engines/UnrealEngine/Engine/Source/Runtime/Core/Public/Delegates/IntegerSequence.h,3,0,3
/media/ullmann/HDDGabriel/engines/UnrealEngine/Engine/Source/ThirdParty/HarfBuzz/harfbuzz-2.4.0/src/dump-use-data.cc,0,1,1
/media/ullmann/HDDGabriel/engines/UnrealEngine/Engine/Source/Runtime/Foliage/Public/ProceduralFoliageTile.h,0,3,3
/media/ullmann/HDDGabriel/engines/UnrealEngine/Engine/Source/Runtime/Foliage/Public/ProceduralFoliageInstance.h,3,0,3
/media/ullmann/HDDGabriel/engines/UnrealEngine/Engine/Source/Editor/AnimGraph/Private/AnimGraphNode_CustomProperty.cpp,0,1,1
/media/ullmann/HDDGabriel/engines/UnrealEngine/Engine/Source/Editor/AnimGraph/Private/CustomPropertyOptionalPinManager.h,2,0,2
/media/ullmann/HDDGabriel/engines/UnrealEngine/Engine/Source/ThirdParty/ICU/icu4c-64_1/source/i18n/cecal.cpp,0,2,2
/media/ullmann/HDDGabriel/engines/UnrealEngine/Engine/Source/ThirdParty/ICU/icu4c-53_1/source/layout/SegmentSingleProcessor.cpp,0,8,8
/media/ullmann/HDDGabriel/engines/UnrealEngine/Engine/Source/ThirdParty/PhysX3/PhysX_3.4/Include/vehicle/PxVehicleDrive4W.h,1,0,1
/media/ullmann/HDDGabriel/engines/UnrealEngine/Engine/Source/ThirdParty/llvm/8/include/llvm/DebugInfo/PDB/IPDBLineNumber.h,4,1,5
/media/ullmann/HDDGabriel/engines/UnrealEngine/Engine/Source/ThirdParty/openexr/Deploy/openexr-3.1.1/include/OpenEXR/openexr_chunkio.h,3,1,4
/media/ullmann/HDDGabriel/engines/UnrealEngine/Engine/Source/ThirdParty/openexr/Deploy/openexr-3.1.1/include/OpenEXR/openexr_part.h,2,2,4
/media/ullmann/HDDGabriel/engines/UnrealEngine/Engine/Source/ThirdParty/FreeType2/FreeType2-2.10.0/src/gxvalid/gxvmorx.c,1,1,2
/media/ullmann/HDDGabriel/engines/UnrealEngine/Engine/Source/ThirdParty/CryptoPP/5.6.2/include/rc6.h,3,2,5
/media/ullmann/HDDGabriel/engines/UnrealEngine/Engine/Source/Editor/AnimGraph/Public/AnimGraphNode_ObserveBone.h,0,1,1
/media/ullmann/HDDGabriel/engines/UnrealEngine/Engine/Source/Developer/TraceAnalysis/Private/Store/AsioFile.h,2,1,3
/media/ullmann/HDDGabriel/engines/UnrealEngine/Engine/Source/Runtime/Experimental/Chaos/Public/EventsData.h,0,3,3
/media/ullmann/HDDGabriel/engines/UnrealEngine/Engine/Source/Runtime/Experimental/Chaos/Public/Chaos/ExternalCollisionData.h,1,1,2
/media/ullmann/HDDGabriel/engines/UnrealEngine/Engine/Source/ThirdParty/FreeImage/FreeImage-3.18.0/Source/OpenEXR/IlmImf/ImfEnvmapAttribute.h,3,3,6
/media/ullmann/HDDGabriel/engines/UnrealEngine/Engine/Source/ThirdParty/SDL2/SDL-gui-backend/src/video/os2/SDL_os2util.c,0,2,2
/media/ullmann/HDDGabriel/engines/UnrealEngine/Engine/Source/Runtime/Core/Public/Misc/Crc.h,4,0,4
/media/ullmann/HDDGabriel/engines/UnrealEngine/Engine/Source/Editor/AudioEditor/Private/Factories/SoundSubmixEffectFactory.cpp,0,1,1
/media/ullmann/HDDGabriel/engines/UnrealEngine/Engine/Source/Editor/AudioEditor/Private/Factories/SoundFactoryUtility.h,2,0,2
/media/ullmann/HDDGabriel/engines/UnrealEngine/Engine/Source/Programs/TestPAL/Private/Main.cpp,0,3,3
/media/ullmann/HDDGabriel/engines/UnrealEngine/Engine/Source/Programs/TestPAL/Private/Parent.h,2,0,2
/media/ullmann/HDDGabriel/engines/UnrealEngine/Engine/Source/ThirdParty/CryptoPP/5.6.5/include/rc2.h,2,3,5
/media/ullmann/HDDGabriel/engines/UnrealEngine/Engine/Source/ThirdParty/ICU/icu4c-53_1/source/common/dictbe.cpp,0,11,11
/media/ullmann/HDDGabriel/engines/UnrealEngine/Engine/Source/ThirdParty/ICU/icu4c-53_1/source/common/unicode/chariter.h,7,0,7
/media/ullmann/HDDGabriel/engines/UnrealEngine/Engine/Source/ThirdParty/ICU/icu4c-53_1/source/samples/layout/gdiglue.h,2,2,4
/media/ullmann/HDDGabriel/engines/UnrealEngine/Engine/Source/ThirdParty/Crunch/src/crnlib/crn_lzma_codec.cpp,0,6,6
/media/ullmann/HDDGabriel/engines/UnrealEngine/Engine/Source/ThirdParty/ICU/icu4c-64_1/source/i18n/number_patternmodifier.h,3,7,10
/media/ullmann/HDDGabriel/engines/UnrealEngine/Engine/Source/ThirdParty/ICU/icu4c-53_1/source/i18n/collationbuilder.h,1,2,3
/media/ullmann/HDDGabriel/engines/UnrealEngine/Engine/Source/ThirdParty/ICU/icu4c-53_1/source/i18n/collationrootelements.h,5,1,6
/media/ullmann/HDDGabriel/engines/UnrealEngine/Engine/Source/ThirdParty/PhysX3/PhysX_3.4/Include/cloth/PxClothTypes.h,2,0,2
/media/ullmann/HDDGabriel/engines/UnrealEngine/Engine/Source/ThirdParty/WebRTC/4147/Include/third_party/opus/src/celt/cpu_support.h,3,2,5
/media/ullmann/HDDGabriel/engines/UnrealEngine/Engine/Source/ThirdParty/WebRTC/4147/Include/third_party/opus/src/celt/arm/armcpu.h,2,0,2
/media/ullmann/HDDGabriel/engines/UnrealEngine/Engine/Source/ThirdParty/FreeType2/FreeType2-2.10.0/src/base/ftcolor.c,1,0,1
/media/ullmann/HDDGabriel/engines/UnrealEngine/Engine/Source/ThirdParty/PhysX3/PhysX_3.4/Source/PhysX/src/buffering/ScbDefs.h,5,1,6
/media/ullmann/HDDGabriel/engines/UnrealEngine/Engine/Source/Programs/Enterprise/Datasmith/DatasmithMaxExporter/Private/DatasmithMaxAttributes.cpp,0,1,1
/media/ullmann/HDDGabriel/engines/UnrealEngine/Engine/Source/Programs/Enterprise/Datasmith/DatasmithMaxExporter/Private/DatasmithMaxAttributes.h,5,0,5
/media/ullmann/HDDGabriel/engines/UnrealEngine/Engine/Source/Editor/PropertyEditor/Private/UserInterface/PropertyEditor/SPropertyEditorDateTime.h,1,0,1
/media/ullmann/HDDGabriel/engines/UnrealEngine/Engine/Source/ThirdParty/mtlpp/mtlpp-master-7efad47/src/imp_cache.hpp,0,3,3
/media/ullmann/HDDGabriel/engines/UnrealEngine/Engine/Source/ThirdParty/ICU/icu4c-64_1/source/i18n/funcrepl.h,2,1,3
/media/ullmann/HDDGabriel/engines/UnrealEngine/Engine/Source/Developer/DerivedDataCache/Public/DerivedDataBuildWorker.h,0,2,2
/media/ullmann/HDDGabriel/engines/UnrealEngine/Engine/Source/ThirdParty/WebRTC/4147/Include/third_party/libvpx/source/libvpx/vp8/decoder/detokenize.h,0,1,1
/media/ullmann/HDDGabriel/engines/UnrealEngine/Engine/Source/ThirdParty/openexr/openexr-3.1.1/src/lib/OpenEXR/ImfTestFile.cpp,0,5,5
/media/ullmann/HDDGabriel/engines/UnrealEngine/Engine/Source/ThirdParty/OpenSubdiv/OpenSubdiv-3.4.4/opensubdiv/osd/d3d11ComputeEvaluator.h,1,2,3
/media/ullmann/HDDGabriel/engines/UnrealEngine/Engine/Source/ThirdParty/Oculus/LibOVRPlatform/LibOVRPlatform/include/OVR_Requests_Achievements.h,1,4,5
/media/ullmann/HDDGabriel/engines/UnrealEngine/Engine/Source/ThirdParty/Oculus/LibOVRPlatform/LibOVRPlatform/include/OVR_AchievementDefinitionArray.h,3,2,5
/media/ullmann/HDDGabriel/engines/UnrealEngine/Engine/Source/ThirdParty/OpenSubdiv/OpenSubdiv-3.4.4/regression/shapes/loop_saddle_edgecorner.h,2,0,2
/media/ullmann/HDDGabriel/engines/UnrealEngine/Engine/Source/Runtime/CoreUObject/Public/Serialization/BulkData.h,1,2,3
/media/ullmann/HDDGabriel/engines/UnrealEngine/Engine/Source/Runtime/CoreUObject/Public/Serialization/BulkDataCommon.h,2,0,2
/media/ullmann/HDDGabriel/engines/UnrealEngine/Engine/Source/ThirdParty/WebRTC/4147/Include/base/third_party/libevent/event.h,2,2,4
/media/ullmann/HDDGabriel/engines/UnrealEngine/Engine/Source/ThirdParty/WebRTC/4147/Include/base/third_party/libevent/evutil.h,3,1,4
/media/ullmann/HDDGabriel/engines/UnrealEngine/Engine/Source/Editor/SceneOutliner/Public/SceneOutlinerTextInfoColumn.h,0,2,2
/media/ullmann/HDDGabriel/engines/UnrealEngine/Engine/Source/ThirdParty/ShaderConductor/ShaderConductor/External/DirectXShaderCompiler/lib/ExecutionEngine/RuntimeDyld/Targets/RuntimeDyldMachOI386.h,1,1,2
/media/ullmann/HDDGabriel/engines/UnrealEngine/Engine/Source/ThirdParty/ICU/icu4c-64_1/source/test/cintltst/nucnvtst.h,2,1,3
/media/ullmann/HDDGabriel/engines/UnrealEngine/Engine/Source/ThirdParty/ICU/icu4c-53_1/source/test/intltest/dadrfmt.h,2,1,3
/media/ullmann/HDDGabriel/engines/UnrealEngine/Engine/Source/ThirdParty/PhysX3/PhysX_3.4/Source/LowLevelDynamics/src/DySolverControl.cpp,0,8,8
/media/ullmann/HDDGabriel/engines/UnrealEngine/Engine/Source/ThirdParty/ShaderConductor/ShaderConductor/External/DirectXShaderCompiler/tools/clang/utils/TableGen/TableGen.cpp,0,1,1
/media/ullmann/HDDGabriel/engines/UnrealEngine/Engine/Source/ThirdParty/ShaderConductor/ShaderConductor/External/DirectXShaderCompiler/tools/clang/utils/TableGen/TableGenBackends.h,2,0,2
/media/ullmann/HDDGabriel/engines/UnrealEngine/Engine/Source/Developer/LogVisualizer/Private/VisualLoggerHUD.cpp,0,2,2
/media/ullmann/HDDGabriel/engines/UnrealEngine/Engine/Source/Developer/LogVisualizer/Private/VisualLoggerHUD.h,2,0,2
/media/ullmann/HDDGabriel/engines/UnrealEngine/Engine/Source/ThirdParty/openexr/openexr-3.1.1/src/lib/OpenEXR/ImfPartType.cpp,0,2,2
/media/ullmann/HDDGabriel/engines/UnrealEngine/Engine/Source/ThirdParty/libjpeg-turbo/include/cdjpeg.h,0,4,4
/media/ullmann/HDDGabriel/engines/UnrealEngine/Engine/Source/ThirdParty/libjpeg-turbo/include/jerror.h,2,0,2
/media/ullmann/HDDGabriel/engines/UnrealEngine/Engine/Source/ThirdParty/Intel/TBB/IntelTBB-2019u8/src/test/test_ScalableAllocator.cpp,0,4,4
/media/ullmann/HDDGabriel/engines/UnrealEngine/Engine/Source/ThirdParty/Intel/Embree/Embree2140/src/include/embree2/rtcore.h,2,3,5
/media/ullmann/HDDGabriel/engines/UnrealEngine/Engine/Source/ThirdParty/Intel/Embree/Embree2140/src/include/embree2/rtcore_scene.h,1,0,1
/media/ullmann/HDDGabriel/engines/UnrealEngine/Engine/Source/ThirdParty/OpenSubdiv/Deploy/OpenSubdiv-3.4.4/include/opensubdiv/osd/cpuGLVertexBuffer.h,0,2,2
/media/ullmann/HDDGabriel/engines/UnrealEngine/Engine/Source/ThirdParty/FreeType2/FreeType2-2.6/Src/autofit/afwarp.c,1,1,2
/media/ullmann/HDDGabriel/engines/UnrealEngine/Engine/Source/ThirdParty/PhysX3/PhysX_3.4/Source/GeomUtils/src/gjk/GuGJKRaycast.h,1,4,5
/media/ullmann/HDDGabriel/engines/UnrealEngine/Engine/Source/ThirdParty/PhysX3/PhysX_3.4/Source/GeomUtils/src/gjk/GuGJKSimplex.h,5,0,5
/media/ullmann/HDDGabriel/engines/UnrealEngine/Engine/Source/ThirdParty/ShaderConductor/ShaderConductor/External/DirectXShaderCompiler/lib/DxilDia/DxcPixTypes.h,3,1,4
/media/ullmann/HDDGabriel/engines/UnrealEngine/Engine/Source/ThirdParty/ICU/icu4c-64_1/source/i18n/number_multiplier.h,5,2,7
/media/ullmann/HDDGabriel/engines/UnrealEngine/Engine/Source/ThirdParty/ICU/icu4c-64_1/source/common/ucnvbocu.cpp,0,8,8
/media/ullmann/HDDGabriel/engines/UnrealEngine/Engine/Source/ThirdParty/PhysX3/PhysX_3.4/Source/PhysXCharacterKinematic/src/CctSweptCapsule.cpp,0,2,2
/media/ullmann/HDDGabriel/engines/UnrealEngine/Engine/Source/ThirdParty/PhysX3/PhysX_3.4/Source/PhysXCharacterKinematic/src/CctCharacterController.h,4,2,6
/media/ullmann/HDDGabriel/engines/UnrealEngine/Engine/Source/Editor/Persona/Private/AnimViewportShowCommands.h,3,0,3
/media/ullmann/HDDGabriel/engines/UnrealEngine/Engine/Source/ThirdParty/FreeType2/FreeType2-2.6/Src/type1/t1gload.h,3,1,4
/media/ullmann/HDDGabriel/engines/UnrealEngine/Engine/Source/ThirdParty/FreeType2/FreeType2-2.6/Src/type1/t1objs.h,2,0,2
/media/ullmann/HDDGabriel/engines/UnrealEngine/Engine/Source/ThirdParty/Intel/TBB/IntelTBB-2019u8/src/test/test_task.cpp,0,3,3
/media/ullmann/HDDGabriel/engines/UnrealEngine/Engine/Source/ThirdParty/Intel/TBB/IntelTBB-2019u8/src/test/harness_task.h,3,1,4
/media/ullmann/HDDGabriel/engines/UnrealEngine/Engine/Source/Runtime/SlateCore/Public/Layout/ArrangedWidget.h,1,0,1
/media/ullmann/HDDGabriel/engines/UnrealEngine/Engine/Source/Runtime/Core/Public/HAL/PlatformProcess.h,2,0,2
/media/ullmann/HDDGabriel/engines/UnrealEngine/Engine/Source/ThirdParty/PhysX3/APEX_1.4/module/destructible/fracture/Delaunay2d.cpp,0,2,2
/media/ullmann/HDDGabriel/engines/UnrealEngine/Engine/Source/ThirdParty/MCPP/mcpp-2.7.2/test-c/u_1_1.c,0,4,4
/media/ullmann/HDDGabriel/engines/UnrealEngine/Engine/Source/ThirdParty/MCPP/mcpp-2.7.2/test-c/unbal5.h,2,0,2
/media/ullmann/HDDGabriel/engines/UnrealEngine/Engine/Source/ThirdParty/ICU/icu4c-53_1/source/common/unistr.cpp,0,13,13
/media/ullmann/HDDGabriel/engines/UnrealEngine/Engine/Source/ThirdParty/ICU/icu4c-53_1/source/common/uelement.h,6,1,7
/media/ullmann/HDDGabriel/engines/UnrealEngine/Engine/Source/ThirdParty/PhysX3/PhysX_3.4/Source/PhysX/src/NpActorTemplate.h,1,4,5
/media/ullmann/HDDGabriel/engines/UnrealEngine/Engine/Source/ThirdParty/ICU/icu4c-64_1/source/test/intltest/caltest.h,8,1,9
/media/ullmann/HDDGabriel/engines/UnrealEngine/Engine/Source/ThirdParty/FreeImage/FreeImage-3.18.0/Source/LibOpenJPEG/pi.c,0,1,1
/media/ullmann/HDDGabriel/engines/UnrealEngine/Engine/Source/ThirdParty/ICU/icu4c-53_1/source/test/intltest/allcoll.cpp,0,3,3
/media/ullmann/HDDGabriel/engines/UnrealEngine/Engine/Source/ThirdParty/ICU/icu4c-53_1/source/test/intltest/allcoll.h,2,1,3
/media/ullmann/HDDGabriel/engines/UnrealEngine/Engine/Source/ThirdParty/SDL2/SDL-gui-backend/src/hidapi/android/hid.cpp,0,3,3
/media/ullmann/HDDGabriel/engines/UnrealEngine/Engine/Source/ThirdParty/OpenVDB/openvdb-8.1.0/openvdb_ax/openvdb_ax/test/integration/TestCast.cc,0,2,2
/media/ullmann/HDDGabriel/engines/UnrealEngine/Engine/Source/ThirdParty/FreeType2/FreeType2-2.4.12/src/truetype/ttpic.h,2,0,2
/media/ullmann/HDDGabriel/engines/UnrealEngine/Engine/Source/ThirdParty/ICU/icu4c-53_1/source/layout/GlyphPositionAdjustments.h,4,2,6
/media/ullmann/HDDGabriel/engines/UnrealEngine/Engine/Source/ThirdParty/Imath/Imath-3.1.3/src/Imath/ImathPlane.h,2,4,6
/media/ullmann/HDDGabriel/engines/UnrealEngine/Engine/Source/ThirdParty/ShaderConductor/ShaderConductor/External/DirectXShaderCompiler/tools/clang/lib/Headers/htmintrin.h,2,1,3
/media/ullmann/HDDGabriel/engines/UnrealEngine/Engine/Source/ThirdParty/ShaderConductor/ShaderConductor/External/DirectXShaderCompiler/tools/clang/lib/Headers/stdint.h,5,0,5
/media/ullmann/HDDGabriel/engines/UnrealEngine/Engine/Source/ThirdParty/PhysX3/APEX_1.4/shared/general/RenderDebug/include/RenderDebugData.h,1,1,2
/media/ullmann/HDDGabriel/engines/UnrealEngine/Engine/Source/Developer/CollectionManager/Private/CollectionManager.cpp,0,2,2
/media/ullmann/HDDGabriel/engines/UnrealEngine/Engine/Source/Developer/CollectionManager/Private/CollectionManagerLog.h,3,0,3
/media/ullmann/HDDGabriel/engines/UnrealEngine/Engine/Source/ThirdParty/libOpus/opus-1.1/silk/resampler_structs.h,3,0,3
/media/ullmann/HDDGabriel/engines/UnrealEngine/Engine/Source/ThirdParty/PhysX3/APEX_1.4/module/destructible_legacy/include/autogen/DestructibleActorChunks_0p0.h,1,0,1
/media/ullmann/HDDGabriel/engines/UnrealEngine/Engine/Source/ThirdParty/Vorbis/libvorbis-1.3.2/lib/vorbisfile.c,0,2,2
/media/ullmann/HDDGabriel/engines/UnrealEngine/Engine/Source/Runtime/UMG/Public/Components/SpinBox.h,1,0,1
/media/ullmann/HDDGabriel/engines/UnrealEngine/Engine/Source/ThirdParty/Boost/boost-1_70_0/include/boost/outcome/policy/fail_to_compile_observers.hpp,2,1,3
/media/ullmann/HDDGabriel/engines/UnrealEngine/Engine/Source/ThirdParty/FreeType2/FreeType2-2.6/Src/gzip/zutil.h,7,1,8
/media/ullmann/HDDGabriel/engines/UnrealEngine/Engine/Source/ThirdParty/Boost/boost-1_70_0/include/boost/spirit/home/support/detail/lexer/parser/tree/node.hpp,7,3,10
/media/ullmann/HDDGabriel/engines/UnrealEngine/Engine/Source/Runtime/D3D12RHI/Public/D3D12Util.h,1,0,1
/media/ullmann/HDDGabriel/engines/UnrealEngine/Engine/Source/Runtime/Renderer/Private/LightMapDensityRendering.cpp,0,4,4
/media/ullmann/HDDGabriel/engines/UnrealEngine/Engine/Source/ThirdParty/openexr/openexr-3.1.1/src/lib/OpenEXR/ImfFastHuf.h,2,1,3
/media/ullmann/HDDGabriel/engines/UnrealEngine/Engine/Source/ThirdParty/PhysX3/PhysX_3.4/Source/GeomUtils/src/GuInternal.cpp,0,1,1
/media/ullmann/HDDGabriel/engines/UnrealEngine/Engine/Source/Editor/SceneOutliner/Public/SortHelper.h,0,1,1
/media/ullmann/HDDGabriel/engines/UnrealEngine/Engine/Source/Runtime/VulkanRHI/Private/VulkanTexture.cpp,0,7,7
/media/ullmann/HDDGabriel/engines/UnrealEngine/Engine/Source/Runtime/VulkanRHI/Private/VulkanTransientResourceAllocator.h,5,1,6
/media/ullmann/HDDGabriel/engines/UnrealEngine/Engine/Source/ThirdParty/Windows/DirectXLegacy/Include/D3DX10math.inl,1,0,1
/media/ullmann/HDDGabriel/engines/UnrealEngine/Engine/Source/Editor/Persona/Private/PoseWatchManagerColumnVisibility.cpp,0,3,3
/media/ullmann/HDDGabriel/engines/UnrealEngine/Engine/Source/Editor/Persona/Private/IPoseWatchManager.h,7,2,9
/media/ullmann/HDDGabriel/engines/UnrealEngine/Engine/Source/ThirdParty/ICU/icu4c-64_1/source/common/ucnvmbcs.h,5,4,9
/media/ullmann/HDDGabriel/engines/UnrealEngine/Engine/Source/Runtime/TimeManagement/Public/FrameNumberNumericInterface.h,0,2,2
/media/ullmann/HDDGabriel/engines/UnrealEngine/Engine/Source/Runtime/TimeManagement/Public/FrameNumberTimeEvaluator.h,1,0,1
/media/ullmann/HDDGabriel/engines/UnrealEngine/Engine/Source/ThirdParty/Windows/glTF-Toolkit/WindowsMRAssetConverter/CommandLine.cpp,0,3,3
/media/ullmann/HDDGabriel/engines/UnrealEngine/Engine/Source/ThirdParty/Windows/glTF-Toolkit/WindowsMRAssetConverter/FileSystem.h,3,0,3
/media/ullmann/HDDGabriel/engines/UnrealEngine/Engine/Source/ThirdParty/openexr/Deploy/openexr-3.1.1/include/OpenEXR/ImfTiledInputPart.h,0,2,2
/media/ullmann/HDDGabriel/engines/UnrealEngine/Engine/Source/Developer/TraceInsights/Private/Insights/MemoryProfiler/ViewModels/Report.cpp,0,1,1
/media/ullmann/HDDGabriel/engines/UnrealEngine/Engine/Source/Developer/TraceInsights/Private/Insights/MemoryProfiler/ViewModels/Report.h,1,0,1
/media/ullmann/HDDGabriel/engines/UnrealEngine/Engine/Source/ThirdParty/ShaderConductor/ShaderConductor/External/DirectXShaderCompiler/include/llvm/DebugInfo/PDB/PDBSymbolTypeCustom.h,0,2,2
/media/ullmann/HDDGabriel/engines/UnrealEngine/Engine/Source/ThirdParty/openexr/Deploy/openexr-3.1.1/include/OpenEXR/ImfTestFile.h,0,1,1
/media/ullmann/HDDGabriel/engines/UnrealEngine/Engine/Source/ThirdParty/ICU/icu4c-53_1/source/i18n/regeximp.h,5,0,5
/media/ullmann/HDDGabriel/engines/UnrealEngine/Engine/Source/Editor/SerializedRecorderInterface/Public/Serializers/MovieSceneSerializedType.h,0,1,1
/media/ullmann/HDDGabriel/engines/UnrealEngine/Engine/Source/Editor/SerializedRecorderInterface/Public/Serializers/MovieSceneSectionSerialization.h,7,0,7
/media/ullmann/HDDGabriel/engines/UnrealEngine/Engine/Source/ThirdParty/PhysX3/PhysX_3.4/Include/extensions/PxSphericalJoint.h,1,0,1
/media/ullmann/HDDGabriel/engines/UnrealEngine/Engine/Source/ThirdParty/ICU/icu4c-53_1/source/common/filterednormalizer2.cpp,0,6,6
/media/ullmann/HDDGabriel/engines/UnrealEngine/Engine/Source/ThirdParty/FreeType2/FreeType2-2.4.12/src/cff/cf2stack.c,1,5,6
/media/ullmann/HDDGabriel/engines/UnrealEngine/Engine/Source/ThirdParty/openexr/openexr-3.1.1/src/lib/OpenEXRCore/float_vector.c,1,2,3
/media/ullmann/HDDGabriel/engines/UnrealEngine/Engine/Source/ThirdParty/Intel/TBB/IntelTBB-2019u8/src/test/test_eh_tasks.cpp,0,3,3
/media/ullmann/HDDGabriel/engines/UnrealEngine/Engine/Source/Editor/BlueprintGraph/Classes/K2Node_SetFieldsInStruct.h,0,1,1
/media/ullmann/HDDGabriel/engines/UnrealEngine/Engine/Source/Editor/BlueprintGraph/Classes/K2Node_MakeStruct.h,1,1,2
/media/ullmann/HDDGabriel/engines/UnrealEngine/Engine/Source/Developer/Mac/MacTargetPlatform/Private/MacTargetPlatformModule.cpp,0,1,1
/media/ullmann/HDDGabriel/engines/UnrealEngine/Engine/Source/Developer/Mac/MacTargetPlatform/Private/GenericMacTargetPlatform.h,2,1,3
/media/ullmann/HDDGabriel/engines/UnrealEngine/Engine/Source/Editor/SceneOutliner/Public/ActorTreeItem.h,1,1,2
/media/ullmann/HDDGabriel/engines/UnrealEngine/Engine/Source/Developer/DerivedDataCache/Public/DerivedDataCacheRecord.h,1,2,3
/media/ullmann/HDDGabriel/engines/UnrealEngine/Engine/Source/Developer/DerivedDataCache/Public/DerivedDataCacheKey.h,2,0,2
/media/ullmann/HDDGabriel/engines/UnrealEngine/Engine/Source/ThirdParty/SDL2/SDL-gui-backend/src/video/winrt/SDL_winrtpointerinput.cpp,0,8,8
/media/ullmann/HDDGabriel/engines/UnrealEngine/Engine/Source/ThirdParty/SDL2/SDL-gui-backend/src/video/winrt/SDL_winrtmouse_c.h,3,0,3
/media/ullmann/HDDGabriel/engines/UnrealEngine/Engine/Source/ThirdParty/Intel/TBB/IntelTBB-2019u8/include/tbb/concurrent_hash_map.h,1,10,11
/media/ullmann/HDDGabriel/engines/UnrealEngine/Engine/Source/ThirdParty/OpenVDB/openvdb-8.1.0/openvdb/openvdb/Grid.h,2,8,10
/media/ullmann/HDDGabriel/engines/UnrealEngine/Engine/Source/Programs/UnrealHeaderTool/Private/UnrealHeaderToolMain.cpp,0,2,2
/media/ullmann/HDDGabriel/engines/UnrealEngine/Engine/Source/ThirdParty/Intel/Embree/Embree2140/src/kernels/subdiv/catmullclark_coefficients.h,5,1,6
/media/ullmann/HDDGabriel/engines/UnrealEngine/Engine/Source/ThirdParty/openexr/openexr-3.1.1/src/lib/OpenEXR/ImfRgbaYca.cpp,0,2,2
/media/ullmann/HDDGabriel/engines/UnrealEngine/Engine/Source/ThirdParty/CryptoPP/5.6.5/include/tea.cpp,0,3,3
/media/ullmann/HDDGabriel/engines/UnrealEngine/Engine/Source/Runtime/WebBrowser/Private/WebBrowserModule.cpp,0,2,2
/media/ullmann/HDDGabriel/engines/UnrealEngine/Engine/Source/ThirdParty/ShaderConductor/ShaderConductor/External/DirectXShaderCompiler/lib/Support/RWMutex.cpp,0,2,2
/media/ullmann/HDDGabriel/engines/UnrealEngine/Engine/Source/ThirdParty/ShaderConductor/ShaderConductor/External/DirectXShaderCompiler/lib/Support/Windows/RWMutex.inc,1,0,1
/media/ullmann/HDDGabriel/engines/UnrealEngine/Engine/Source/ThirdParty/ICU/icu4c-64_1/source/i18n/unicode/fieldpos.h,3,0,3
/media/ullmann/HDDGabriel/engines/UnrealEngine/Engine/Source/ThirdParty/ICU/icu4c-64_1/source/i18n/basictz.cpp,0,2,2
/media/ullmann/HDDGabriel/engines/UnrealEngine/Engine/Source/Runtime/RuntimeAssetCache/Private/RuntimeAssetCacheBackend.cpp,0,3,3
/media/ullmann/HDDGabriel/engines/UnrealEngine/Engine/Source/Runtime/RuntimeAssetCache/Private/RuntimeAssetCacheFilesystemBackend.h,2,1,3
/media/ullmann/HDDGabriel/engines/UnrealEngine/Engine/Source/ThirdParty/Alembic/alembic-1.8.2/python/PyAlembic/PyIGeomParamPOD.cpp,0,2,2
/media/ullmann/HDDGabriel/engines/UnrealEngine/Engine/Source/ThirdParty/ICU/icu4c-53_1/source/common/ustr_cnv.h,5,2,7
/media/ullmann/HDDGabriel/engines/UnrealEngine/Engine/Source/ThirdParty/WebRTC/4147/Include/third_party/libvpx/source/config/linux/generic/vpx_scale_rtcd.h,0,1,1
/media/ullmann/HDDGabriel/engines/UnrealEngine/Engine/Source/Editor/SkeletonEditor/Private/SSkeletonTree.cpp,0,7,7
/media/ullmann/HDDGabriel/engines/UnrealEngine/Engine/Source/Editor/SkeletonEditor/Private/SkeletonTreeBoneItem.h,3,0,3
/media/ullmann/HDDGabriel/engines/UnrealEngine/Engine/Source/ThirdParty/ICU/icu4c-64_1/source/common/ucptrie.cpp,0,8,8
/media/ullmann/HDDGabriel/engines/UnrealEngine/Engine/Source/ThirdParty/Alembic/alembic-1.8.2/python/PyAlembic/PyISchemaObject.h,14,1,15
/media/ullmann/HDDGabriel/engines/UnrealEngine/Engine/Source/ThirdParty/Vorbis/libvorbis-1.3.2/lib/envelope.c,0,6,6
/media/ullmann/HDDGabriel/engines/UnrealEngine/Engine/Source/ThirdParty/Vorbis/libvorbis-1.3.2/lib/scales.h,12,1,13
/media/ullmann/HDDGabriel/engines/UnrealEngine/Engine/Source/ThirdParty/ICU/icu4c-53_1/source/i18n/anytrans.h,2,1,3
/media/ullmann/HDDGabriel/engines/UnrealEngine/Engine/Source/ThirdParty/nvTextureTools/nvTextureTools-2.0.8/src/src/nvtt/squish/maths.h,11,1,12
/media/ullmann/HDDGabriel/engines/UnrealEngine/Engine/Source/ThirdParty/ICU/icu4c-64_1/source/common/ubrkimpl.h,3,0,3
/media/ullmann/HDDGabriel/engines/UnrealEngine/Engine/Source/ThirdParty/FreeImage/FreeImage-3.18.0/Source/OpenEXR/IlmImf/ImfInputFile.cpp,0,13,13
/media/ullmann/HDDGabriel/engines/UnrealEngine/Engine/Source/ThirdParty/PhysX3/NvCloth/src/dx/DxFabric.cpp,0,3,3
/media/ullmann/HDDGabriel/engines/UnrealEngine/Engine/Source/ThirdParty/CryptoPP/5.6.2/include/seed.cpp,0,3,3
/media/ullmann/HDDGabriel/engines/UnrealEngine/Engine/Source/ThirdParty/openexr/openexr-3.1.1/src/lib/OpenEXR/ImfChannelListAttribute.cpp,0,1,1
/media/ullmann/HDDGabriel/engines/UnrealEngine/Engine/Source/ThirdParty/openexr/openexr-3.1.1/src/lib/OpenEXR/ImfChannelListAttribute.h,2,4,6
/media/ullmann/HDDGabriel/engines/UnrealEngine/Engine/Source/Editor/Persona/Private/AnimTimeline/AnimModel_AnimMontage.cpp,0,7,7
/media/ullmann/HDDGabriel/engines/UnrealEngine/Engine/Source/Developer/SourceCodeAccess/Private/SourceCodeAccessModule.cpp,0,2,2
/media/ullmann/HDDGabriel/engines/UnrealEngine/Engine/Source/Developer/SourceCodeAccess/Private/SourceCodeAccessSettings.h,2,0,2
/media/ullmann/HDDGabriel/engines/UnrealEngine/Engine/Source/ThirdParty/libOpus/opus-1.1/src/opus.c,0,1,1
/media/ullmann/HDDGabriel/engines/UnrealEngine/Engine/Source/ThirdParty/openexr/openexr-3.1.1/src/lib/OpenEXR/ImfGenericInputFile.cpp,0,4,4
/media/ullmann/HDDGabriel/engines/UnrealEngine/Engine/Source/ThirdParty/PhysX3/PhysX_3.4/Source/GeomUtils/src/sweep/GuSweepSphereTriangle.cpp,0,1,1
/media/ullmann/HDDGabriel/engines/UnrealEngine/Engine/Source/ThirdParty/PhysX3/PhysX_3.4/Source/GeomUtils/src/sweep/GuSweepSphereTriangle.h,3,1,4
/media/ullmann/HDDGabriel/engines/UnrealEngine/Engine/Source/ThirdParty/Intel/TBB/IntelTBB-2019u8/src/tbbmalloc/frontend.cpp,1,4,5
/media/ullmann/HDDGabriel/engines/UnrealEngine/Engine/Source/ThirdParty/Intel/TBB/IntelTBB-2019u8/src/tbb/tbb_environment.h,4,0,4
/media/ullmann/HDDGabriel/engines/UnrealEngine/Engine/Source/Editor/AnimGraph/Private/AnimBlueprintExtension_CallFunction.cpp,0,1,1
/media/ullmann/HDDGabriel/engines/UnrealEngine/Engine/Source/ThirdParty/FBX/2020.2/include/fbxsdk/scene/shading/fbximplementationutils.h,1,0,1
/media/ullmann/HDDGabriel/engines/UnrealEngine/Engine/Source/Runtime/Windows/AudioMixerXAudio2/Private/ConversionHelpers.h,2,0,2
/media/ullmann/HDDGabriel/engines/UnrealEngine/Engine/Source/Editor/CurveEditor/Private/CurveEditorViewRegistry.cpp,0,1,1
/media/ullmann/HDDGabriel/engines/UnrealEngine/Engine/Source/Editor/CurveEditor/Private/CurveEditorViewRegistry.h,3,0,3
/media/ullmann/HDDGabriel/engines/UnrealEngine/Engine/Source/ThirdParty/Windows/glTF-Toolkit/glTF-Toolkit/inc/GLTFSpecularGlossinessUtils.h,0,1,1
/media/ullmann/HDDGabriel/engines/UnrealEngine/Engine/Source/ThirdParty/ICU/icu4c-64_1/source/i18n/chnsecal.h,4,2,6
/media/ullmann/HDDGabriel/engines/UnrealEngine/Engine/Source/ThirdParty/FreeType2/FreeType2-2.10.0/src/psaux/psintrp.h,3,2,5
/media/ullmann/HDDGabriel/engines/UnrealEngine/Engine/Source/Editor/DetailCustomizations/Private/NavAgentSelectorCustomization.h,2,0,2
/media/ullmann/HDDGabriel/engines/UnrealEngine/Engine/Source/ThirdParty/ICU/icu4c-53_1/source/test/intltest/ustrtest.h,3,1,4
/media/ullmann/HDDGabriel/engines/UnrealEngine/Engine/Source/ThirdParty/nvTextureTools/nvTextureTools-2.0.8/src/src/nvtt/cuda/CudaCompressDXT.cpp,0,3,3
/media/ullmann/HDDGabriel/engines/UnrealEngine/Engine/Source/ThirdParty/nvTextureTools/nvTextureTools-2.0.8/src/src/nvtt/cuda/CudaUtils.h,3,0,3
/media/ullmann/HDDGabriel/engines/UnrealEngine/Engine/Source/Runtime/Core/Public/Misc/ConfigCacheIni.h,2,0,2
/media/ullmann/HDDGabriel/engines/UnrealEngine/Engine/Source/ThirdParty/ICU/icu4c-64_1/source/i18n/unicode/rbtz.h,6,0,6
/media/ullmann/HDDGabriel/engines/UnrealEngine/Engine/Source/ThirdParty/Imath/Imath-3.1.3/src/Imath/ImathTypeTraits.h,1,1,2
/media/ullmann/HDDGabriel/engines/UnrealEngine/Engine/Source/Editor/Documentation/Private/Documentation.cpp,0,5,5
/media/ullmann/HDDGabriel/engines/UnrealEngine/Engine/Source/Editor/Documentation/Private/DocumentationPage.h,2,1,3
/media/ullmann/HDDGabriel/engines/UnrealEngine/Engine/Source/Runtime/Landscape/Private/LandscapeSplines.cpp,0,3,3
/media/ullmann/HDDGabriel/engines/UnrealEngine/Engine/Source/ThirdParty/ShaderConductor/ShaderConductor/External/DirectXShaderCompiler/tools/clang/lib/CodeGen/CGValue.h,6,0,6
/media/ullmann/HDDGabriel/engines/UnrealEngine/Engine/Source/Editor/FoliageEdit/Private/FoliageEdMode.cpp,0,3,3
/media/ullmann/HDDGabriel/engines/UnrealEngine/Engine/Source/Editor/FoliageEdit/Private/FoliageEditActions.h,5,0,5
/media/ullmann/HDDGabriel/engines/UnrealEngine/Engine/Source/Editor/StatsViewer/Private/ObjectHyperlinkColumn.cpp,0,1,1
/media/ullmann/HDDGabriel/engines/UnrealEngine/Engine/Source/Editor/StatsViewer/Private/ObjectHyperlinkColumn.h,3,0,3
/media/ullmann/HDDGabriel/engines/UnrealEngine/Engine/Source/Runtime/SessionServices/Private/SessionService.cpp,0,1,1
/media/ullmann/HDDGabriel/engines/UnrealEngine/Engine/Source/Runtime/SessionServices/Private/SessionService.h,2,0,2
/media/ullmann/HDDGabriel/engines/UnrealEngine/Engine/Source/ThirdParty/Breakpad/src/third_party/libdisasm/ia32_implicit.c,0,4,4
/media/ullmann/HDDGabriel/engines/UnrealEngine/Engine/Source/Runtime/InteractiveToolsFramework/Public/SingleSelectionTool.h,0,4,4
/media/ullmann/HDDGabriel/engines/UnrealEngine/Engine/Source/ThirdParty/libOpus/opus-1.0.3/silk/NSQ.c,0,1,1
/media/ullmann/HDDGabriel/engines/UnrealEngine/Engine/Source/ThirdParty/Boost/boost-1_70_0/include/boost/polygon/voronoi_diagram.hpp,1,3,4
/media/ullmann/HDDGabriel/engines/UnrealEngine/Engine/Source/Runtime/RenderCore/Public/ClearReplacementShaders.h,0,4,4
/media/ullmann/HDDGabriel/engines/UnrealEngine/Engine/Source/ThirdParty/FBX/2020.2/include/fbxsdk/scene/animation/fbxanimevalstate.h,1,0,1
/media/ullmann/HDDGabriel/engines/UnrealEngine/Engine/Source/ThirdParty/zlib/zlib-1.2.5/Src/crc32.c,0,2,2
/media/ullmann/HDDGabriel/engines/UnrealEngine/Engine/Source/ThirdParty/zlib/zlib-1.2.5/Src/crc32.h,1,0,1
/media/ullmann/HDDGabriel/engines/UnrealEngine/Engine/Source/ThirdParty/WebRTC/4147/Include/third_party/libvpx/source/config/linux/arm-neon/vp8_rtcd.h,0,1,1
/media/ullmann/HDDGabriel/engines/UnrealEngine/Engine/Source/ThirdParty/WebRTC/4147/Include/third_party/libvpx/source/config/linux/arm-neon/vpx_config.h,4,0,4
/media/ullmann/HDDGabriel/engines/UnrealEngine/Engine/Source/ThirdParty/Intel/ISPC/ispc-1.17.0/src/stmt.h,6,2,8
/media/ullmann/HDDGabriel/engines/UnrealEngine/Engine/Source/ThirdParty/CryptoPP/5.6.5/include/rijndael.h,4,2,6
/media/ullmann/HDDGabriel/engines/UnrealEngine/Engine/Source/ThirdParty/libstrophe/libstrophe-0.9.3/src/crypto.c,0,4,4
/media/ullmann/HDDGabriel/engines/UnrealEngine/Engine/Source/ThirdParty/libstrophe/libstrophe-0.9.3/src/snprintf.h,6,0,6
/media/ullmann/HDDGabriel/engines/UnrealEngine/Engine/Source/Programs/UnrealHeaderTool/Private/BaseParser.h,6,3,9
/media/ullmann/HDDGabriel/engines/UnrealEngine/Engine/Source/ThirdParty/OpenVDB/openvdb-8.1.0/openvdb_ax/openvdb_ax/codegen/ComputeGenerator.h,3,7,10
/media/ullmann/HDDGabriel/engines/UnrealEngine/Engine/Source/ThirdParty/FreeType2/FreeType2-2.10.4/src/autofit/afblue.c,1,1,2
/media/ullmann/HDDGabriel/engines/UnrealEngine/Engine/Source/Runtime/Experimental/Chaos/Public/Chaos/Properties.h,1,2,3
/media/ullmann/HDDGabriel/engines/UnrealEngine/Engine/Source/Runtime/Experimental/Chaos/Public/Chaos/Framework/PhysicsProxyBase.h,3,0,3
/media/ullmann/HDDGabriel/engines/UnrealEngine/Engine/Source/ThirdParty/libOpus/opus-1.3.1-12/silk/fixed/LTP_analysis_filter_FIX.c,0,1,1
/media/ullmann/HDDGabriel/engines/UnrealEngine/Engine/Source/ThirdParty/PhysX3/APEX_1.4/module/destructible_legacy/include/autogen/DestructibleAssetParameters_0p26.h,1,0,1
/media/ullmann/HDDGabriel/engines/UnrealEngine/Engine/Source/Runtime/Renderer/Private/ScreenSpaceDenoise.cpp,0,5,5
/media/ullmann/HDDGabriel/engines/UnrealEngine/Engine/Source/ThirdParty/Intel/Embree/Embree2140/src/common/simd/vlong4_avx2.h,1,0,1
/media/ullmann/HDDGabriel/engines/UnrealEngine/Engine/Source/ThirdParty/libOpus/opus-1.1/silk/tables_pitch_lag.c,0,1,1
/media/ullmann/HDDGabriel/engines/UnrealEngine/Engine/Source/Runtime/FriendsAndChat/Public/Interfaces/IFriendsAndChatModule.h,1,0,1
/media/ullmann/HDDGabriel/engines/UnrealEngine/Engine/Source/ThirdParty/Boost/boost-1_70_0/include/boost/safe_numerics/concept/integer.hpp,0,1,1
/media/ullmann/HDDGabriel/engines/UnrealEngine/Engine/Source/ThirdParty/Boost/boost-1_70_0/include/boost/safe_numerics/concept/numeric.hpp,1,0,1
/media/ullmann/HDDGabriel/engines/UnrealEngine/Engine/Source/Editor/PhysicsAssetEditor/Private/PhysicsAssetGraph/PhysicsAssetGraph.h,5,0,5
/media/ullmann/HDDGabriel/engines/UnrealEngine/Engine/Source/Editor/DataLayerEditor/Private/DataLayer/DataLayerMode.h,4,1,5
/media/ullmann/HDDGabriel/engines/UnrealEngine/Engine/Source/ThirdParty/rpclib/Source/include/rpc/dispatcher.h,0,1,1
/media/ullmann/HDDGabriel/engines/UnrealEngine/Engine/Source/ThirdParty/rpclib/Source/include/rpc/dispatcher.inl,1,0,1
/media/ullmann/HDDGabriel/engines/UnrealEngine/Engine/Source/ThirdParty/ICU/icu4c-64_1/source/common/unicode/uiter.h,2,0,2
/media/ullmann/HDDGabriel/engines/UnrealEngine/Engine/Source/ThirdParty/libstrophe/libstrophe-0.9.3/src/rand.h,5,0,5
/media/ullmann/HDDGabriel/engines/UnrealEngine/Engine/Source/ThirdParty/PhysX3/PhysX_3.4/Source/LowLevelDynamics/src/DySolverConstraintExtShared.h,2,6,8
/media/ullmann/HDDGabriel/engines/UnrealEngine/Engine/Source/Runtime/DeveloperSettings/Public/Engine/PlatformSettings.h,0,2,2
/media/ullmann/HDDGabriel/engines/UnrealEngine/Engine/Source/Runtime/DeveloperSettings/Public/Engine/PlatformSettingsManager.h,1,1,2
/media/ullmann/HDDGabriel/engines/UnrealEngine/Engine/Source/ThirdParty/ShaderConductor/ShaderConductor/External/DirectXShaderCompiler/tools/clang/tools/libclang/CIndexDiagnostic.cpp,0,5,5
/media/ullmann/HDDGabriel/engines/UnrealEngine/Engine/Source/Editor/LevelInstanceEditor/Private/LevelInstanceEditorMode.cpp,0,3,3
/media/ullmann/HDDGabriel/engines/UnrealEngine/Engine/Source/ThirdParty/FreeImage/FreeImage-3.18.0/Source/OpenEXR/IlmImf/ImfDwaCompressor.cpp,0,17,17
/media/ullmann/HDDGabriel/engines/UnrealEngine/Engine/Source/ThirdParty/PhysX3/PhysX_3.4/Include/PxLockedData.h,1,1,2
/media/ullmann/HDDGabriel/engines/UnrealEngine/Engine/Source/ThirdParty/openexr/openexr-3.1.1/src/lib/OpenEXRCore/parse_header.c,0,5,5
/media/ullmann/HDDGabriel/engines/UnrealEngine/Engine/Source/ThirdParty/ShaderConductor/ShaderConductor/External/SPIRV-Headers/tools/buildHeaders/main.cpp,0,2,2
/media/ullmann/HDDGabriel/engines/UnrealEngine/Engine/Source/ThirdParty/ShaderConductor/ShaderConductor/External/SPIRV-Headers/tools/buildHeaders/header.h,2,0,2
/media/ullmann/HDDGabriel/engines/UnrealEngine/Engine/Source/ThirdParty/ICU/icu4c-53_1/source/layout/MarkToLigaturePosnSubtables.h,2,6,8
/media/ullmann/HDDGabriel/engines/UnrealEngine/Engine/Source/ThirdParty/WebRTC/4147/Include/third_party/libyuv/include/libyuv/row.h,1,0,1
/media/ullmann/HDDGabriel/engines/UnrealEngine/Engine/Source/ThirdParty/Oculus/LibOVRPlatform/LibOVRPlatform/include/OVR_Requests_CloudStorage2.h,1,2,3
/media/ullmann/HDDGabriel/engines/UnrealEngine/Engine/Source/ThirdParty/PhysX3/PhysX_3.4/Source/PhysXExtensions/src/ExtSerialization.h,1,0,1
/media/ullmann/HDDGabriel/engines/UnrealEngine/Engine/Source/ThirdParty/openexr/openexr-3.1.1/src/lib/OpenEXR/ImfCompressionAttribute.h,2,2,4
/media/ullmann/HDDGabriel/engines/UnrealEngine/Engine/Source/ThirdParty/PhysX3/PhysX_3.4/Include/geometry/PxPlaneGeometry.h,2,0,2
/media/ullmann/HDDGabriel/engines/UnrealEngine/Engine/Source/ThirdParty/Intel/Embree/Embree270/src/common/sys/library.cpp,0,3,3
/media/ullmann/HDDGabriel/engines/UnrealEngine/Engine/Source/ThirdParty/Intel/Embree/Embree270/src/common/sys/library.h,1,1,2
/media/ullmann/HDDGabriel/engines/UnrealEngine/Engine/Source/ThirdParty/Intel/TBB/IntelTBB-2019u8/src/rml/client/rml_omp.cpp,0,2,2
/media/ullmann/HDDGabriel/engines/UnrealEngine/Engine/Source/ThirdParty/Intel/TBB/IntelTBB-2019u8/src/rml/client/omp_dynamic_link.h,2,1,3
/media/ullmann/HDDGabriel/engines/UnrealEngine/Engine/Source/ThirdParty/OpenSubdiv/OpenSubdiv-3.4.4/regression/shapes/catmark_cube_creases2.h,1,0,1
/media/ullmann/HDDGabriel/engines/UnrealEngine/Engine/Source/ThirdParty/Python3/Win64/include/internal/pycore_runtime.h,1,2,3
/media/ullmann/HDDGabriel/engines/UnrealEngine/Engine/Source/ThirdParty/OpenSubdiv/OpenSubdiv-3.4.4/opensubdiv/vtr/sparseSelector.h,2,3,5
/media/ullmann/HDDGabriel/engines/UnrealEngine/Engine/Source/ThirdParty/ICU/icu4c-64_1/source/samples/layout/FontMap.h,7,1,8
/media/ullmann/HDDGabriel/engines/UnrealEngine/Engine/Source/Developer/Windows/LiveCodingServer/Private/External/LC_SymbolReconstruction.h,2,2,4
/media/ullmann/HDDGabriel/engines/UnrealEngine/Engine/Source/ThirdParty/FreeImage/FreeImage-3.18.0/Source/LibJPEG/jmemansi.c,0,3,3
/media/ullmann/HDDGabriel/engines/UnrealEngine/Engine/Source/ThirdParty/CryptoPP/5.6.2/include/cast.cpp,0,3,3
/media/ullmann/HDDGabriel/engines/UnrealEngine/Engine/Source/ThirdParty/openexr/openexr-3.1.1/src/test/OpenEXRTest/testMultiScanlinePartThreading.cpp,0,2,2
/media/ullmann/HDDGabriel/engines/UnrealEngine/Engine/Source/ThirdParty/ICU/icu4c-64_1/source/i18n/utf8collationiterator.cpp,0,5,5
/media/ullmann/HDDGabriel/engines/UnrealEngine/Engine/Source/ThirdParty/ICU/icu4c-53_1/source/common/simplepatternformatter.h,2,2,4
/media/ullmann/HDDGabriel/engines/UnrealEngine/Engine/Source/ThirdParty/WebRTC/4147/Include/third_party/libvpx/source/libvpx/vp8/common/postproc.h,1,2,3
/media/ullmann/HDDGabriel/engines/UnrealEngine/Engine/Source/ThirdParty/WebRTC/4147/Include/third_party/libvpx/source/libvpx/vp8/common/ppflags.h,3,0,3
/media/ullmann/HDDGabriel/engines/UnrealEngine/Engine/Source/ThirdParty/OpenVDB/openvdb-8.1.0/openvdb_houdini/openvdb_houdini/SOP_NodeVDB.cc,0,5,5
/media/ullmann/HDDGabriel/engines/UnrealEngine/Engine/Source/Editor/AnimGraph/Private/AnimBlueprintCompilerCreationContext.cpp,0,2,2
/media/ullmann/HDDGabriel/engines/UnrealEngine/Engine/Source/Editor/AnimGraph/Private/AnimBlueprintCompilerCreationContext.h,2,0,2
/media/ullmann/HDDGabriel/engines/UnrealEngine/Engine/Source/ThirdParty/Intel/Embree/Embree270/src/kernels/xeonphi/bvh4hair/bvh4hair_intersector16_single.cpp,0,4,4
/media/ullmann/HDDGabriel/engines/UnrealEngine/Engine/Source/ThirdParty/PhysX3/APEX_1.4/NvParameterized/include/AbstractSerializer.h,2,3,5
/media/ullmann/HDDGabriel/engines/UnrealEngine/Engine/Source/ThirdParty/PhysX3/APEX_1.4/NvParameterized/include/NvSerializerInternal.h,2,0,2
/media/ullmann/HDDGabriel/engines/UnrealEngine/Engine/Source/ThirdParty/libcurl/curl-7.55.1/include/Win64/VS2015/curl/curlver.h,1,0,1
/media/ullmann/HDDGabriel/engines/UnrealEngine/Engine/Source/ThirdParty/hlslcc/hlslcc/src/hlslcc_lib/opt_dead_functions.cpp,0,5,5
/media/ullmann/HDDGabriel/engines/UnrealEngine/Engine/Source/ThirdParty/libOpus/opus-1.0.3/silk/pitch_est_tables.c,0,2,2
/media/ullmann/HDDGabriel/engines/UnrealEngine/Engine/Source/ThirdParty/libOpus/opus-1.0.3/silk/pitch_est_defines.h,3,1,4
/media/ullmann/HDDGabriel/engines/UnrealEngine/Engine/Source/ThirdParty/HarfBuzz/harfbuzz-2.4.0/src/hb-ot-layout-base-table.hh,1,0,1
/media/ullmann/HDDGabriel/engines/UnrealEngine/Engine/Source/ThirdParty/ShaderConductor/ShaderConductor/External/DirectXShaderCompiler/lib/CodeGen/SelectionDAG/SelectionDAGISel.cpp,0,2,2
/media/ullmann/HDDGabriel/engines/UnrealEngine/Engine/Source/ThirdParty/AMD/Amf/core/PropertyStorageEx.h,1,1,2
/media/ullmann/HDDGabriel/engines/UnrealEngine/Engine/Source/Runtime/Core/Public/HAL/RunnableThread.h,1,0,1
/media/ullmann/HDDGabriel/engines/UnrealEngine/Engine/Source/Programs/Enterprise/Datasmith/DatasmithMaxExporter/Public/DatasmithMaxMeshExporter.h,0,1,1
/media/ullmann/HDDGabriel/engines/UnrealEngine/Engine/Source/Programs/Enterprise/Datasmith/DatasmithMaxExporter/Public/DatasmithMaxExporterDefines.h,5,0,5
/media/ullmann/HDDGabriel/engines/UnrealEngine/Engine/Source/Runtime/Online/HTTPServer/Private/HttpRouter.h,4,1,5
/media/ullmann/HDDGabriel/engines/UnrealEngine/Engine/Source/ThirdParty/PhysX3/APEX_1.4/module/clothing/embedded/LowLevelCloth/src/Vec4T.h,2,0,2
/media/ullmann/HDDGabriel/engines/UnrealEngine/Engine/Source/ThirdParty/FreeType2/FreeType2-2.4.12/src/pfr/pfrsbit.h,3,1,4
/media/ullmann/HDDGabriel/engines/UnrealEngine/Engine/Source/ThirdParty/HWCPipe/include/hwcpipe.h,1,3,4
/media/ullmann/HDDGabriel/engines/UnrealEngine/Engine/Source/ThirdParty/HWCPipe/include/cpu_profiler.h,1,1,2
/media/ullmann/HDDGabriel/engines/UnrealEngine/Engine/Source/ThirdParty/Eigen/Eigen/src/OrderingMethods/Amd.h,0,1,1
/media/ullmann/HDDGabriel/engines/UnrealEngine/Engine/Source/ThirdParty/Eigen/Eigen/src/Core/util/NonMPL2.h,2,0,2
/media/ullmann/HDDGabriel/engines/UnrealEngine/Engine/Source/ThirdParty/OpenVDB/openvdb-8.1.0/openvdb_houdini/openvdb_houdini/GeometryUtil.h,1,0,1
/media/ullmann/HDDGabriel/engines/UnrealEngine/Engine/Source/ThirdParty/ICU/icu4c-53_1/source/test/perf/leperf/leperf.cpp,0,6,6
/media/ullmann/HDDGabriel/engines/UnrealEngine/Engine/Source/ThirdParty/PhysX3/APEX_1.4/module/clothing/src/simd/NvSimd4i.h,0,4,4
/media/ullmann/HDDGabriel/engines/UnrealEngine/Engine/Source/ThirdParty/PhysX3/APEX_1.4/module/clothing/src/simd/scalar/NvScalarSimd4i.h,1,0,1
/media/ullmann/HDDGabriel/engines/UnrealEngine/Engine/Source/ThirdParty/ShaderConductor/ShaderConductor/External/DirectXShaderCompiler/lib/DxilDia/DxcPixVariables.cpp,0,6,6
/media/ullmann/HDDGabriel/engines/UnrealEngine/Engine/Source/ThirdParty/ShaderConductor/ShaderConductor/External/DirectXShaderCompiler/tools/clang/lib/StaticAnalyzer/Checkers/UndefResultChecker.cpp,0,1,1
/media/ullmann/HDDGabriel/engines/UnrealEngine/Engine/Source/ThirdParty/ICU/icu4c-64_1/source/test/intltest/itspoof.cpp,0,1,1
/media/ullmann/HDDGabriel/engines/UnrealEngine/Engine/Source/ThirdParty/ICU/icu4c-64_1/source/i18n/listformatter.cpp,0,6,6
/media/ullmann/HDDGabriel/engines/UnrealEngine/Engine/Source/ThirdParty/CryptoPP/5.6.2/include/gost.h,2,2,4
/media/ullmann/HDDGabriel/engines/UnrealEngine/Engine/Source/ThirdParty/ICU/icu4c-64_1/source/samples/layout/paragraph.h,3,2,5
/media/ullmann/HDDGabriel/engines/UnrealEngine/Engine/Source/Developer/DeviceManager/Private/Widgets/Processes/SDeviceProcesses.cpp,0,1,1
/media/ullmann/HDDGabriel/engines/UnrealEngine/Engine/Source/Developer/DeviceManager/Private/Widgets/Processes/SDeviceProcesses.h,1,0,1
/media/ullmann/HDDGabriel/engines/UnrealEngine/Engine/Source/Runtime/Engine/Public/ReplayHelper.h,1,1,2
/media/ullmann/HDDGabriel/engines/UnrealEngine/Engine/Source/Runtime/Engine/Public/ReplayTypes.h,1,0,1
/media/ullmann/HDDGabriel/engines/UnrealEngine/Engine/Source/ThirdParty/Imath/Imath-3.1.3/src/ImathTest/testSize.h,2,0,2
/media/ullmann/HDDGabriel/engines/UnrealEngine/Engine/Source/ThirdParty/FreeType2/FreeType2-2.10.4/src/autofit/afglobal.c,1,7,8
/media/ullmann/HDDGabriel/engines/UnrealEngine/Engine/Source/ThirdParty/FreeType2/FreeType2-2.10.4/src/autofit/afscript.h,5,0,5
/media/ullmann/HDDGabriel/engines/UnrealEngine/Engine/Source/ThirdParty/PhysX3/PxShared/src/foundation/include/PsHashInternals.h,2,4,6
/media/ullmann/HDDGabriel/engines/UnrealEngine/Engine/Source/ThirdParty/PhysX3/PxShared/src/foundation/include/PsBitUtils.h,1,2,3
/media/ullmann/HDDGabriel/engines/UnrealEngine/Engine/Source/ThirdParty/FreeType2/FreeType2-2.6/Src/autofit/afhints.c,1,2,3
/media/ullmann/HDDGabriel/engines/UnrealEngine/Engine/Source/Runtime/Renderer/Private/VirtualShadowMaps/VirtualShadowMapCacheManager.h,8,1,9
/media/ullmann/HDDGabriel/engines/UnrealEngine/Engine/Source/ThirdParty/PhysX3/APEX_1.4/include/AssetPreview.h,1,2,3
/media/ullmann/HDDGabriel/engines/UnrealEngine/Engine/Source/ThirdParty/SDL2/SDL-gui-backend/src/thread/pthread/SDL_syscond.c,0,2,2
/media/ullmann/HDDGabriel/engines/UnrealEngine/Engine/Source/ThirdParty/SDL2/SDL-gui-backend/src/thread/pthread/SDL_sysmutex_c.h,1,1,2
/media/ullmann/HDDGabriel/engines/UnrealEngine/Engine/Source/ThirdParty/PhysX3/PhysX_3.4/Source/SimulationController/src/ScSqBoundsManager.h,4,0,4
/media/ullmann/HDDGabriel/engines/UnrealEngine/Engine/Source/ThirdParty/ICU/icu4c-64_1/source/i18n/number_notation.cpp,0,2,2
/media/ullmann/HDDGabriel/engines/UnrealEngine/Engine/Source/ThirdParty/CryptoPP/5.6.2/include/modexppc.h,2,4,6
/media/ullmann/HDDGabriel/engines/UnrealEngine/Engine/Source/Runtime/SlateCore/Public/Brushes/SlateImageBrush.h,1,0,1
/media/ullmann/HDDGabriel/engines/UnrealEngine/Engine/Source/ThirdParty/openexr/openexr-3.1.1/Contrib/DtexToExr/PxOneChanDeepOpacity.h,1,2,3
/media/ullmann/HDDGabriel/engines/UnrealEngine/Engine/Source/Developer/Profiler/Private/ProfilerRawStatsForThreadView.cpp,0,2,2
/media/ullmann/HDDGabriel/engines/UnrealEngine/Engine/Source/Developer/Profiler/Private/ProfilerRawStatsForThreadView.h,2,2,4
/media/ullmann/HDDGabriel/engines/UnrealEngine/Engine/Source/Runtime/HeadMountedDisplay/Public/MotionDelayBuffer.h,0,2,2
/media/ullmann/HDDGabriel/engines/UnrealEngine/Engine/Source/Runtime/HeadMountedDisplay/Public/MotionDelayBuffer.inl,1,0,1
/media/ullmann/HDDGabriel/engines/UnrealEngine/Engine/Source/Developer/TraceAnalysis/Private/Store/AsioFile.cpp,0,1,1
/media/ullmann/HDDGabriel/engines/UnrealEngine/Engine/Source/ThirdParty/PhysX3/APEX_1.4/common/include/ApexMirrored.h,1,2,3
/media/ullmann/HDDGabriel/engines/UnrealEngine/Engine/Source/ThirdParty/PhysX3/APEX_1.4/common/include/ApexCutil.h,2,1,3
/media/ullmann/HDDGabriel/engines/UnrealEngine/Engine/Source/ThirdParty/libPNG/libPNG-1.5.27/arm/arm_init.c,0,1,1
/media/ullmann/HDDGabriel/engines/UnrealEngine/Engine/Source/Editor/Sequencer/Public/IMovieRendererInterface.h,1,0,1
/media/ullmann/HDDGabriel/engines/UnrealEngine/Engine/Source/ThirdParty/FreeImage/FreeImage-3.18.0/Source/OpenEXR/IlmImf/ImfPartHelper.h,0,8,8
/media/ullmann/HDDGabriel/engines/UnrealEngine/Engine/Source/ThirdParty/Windows/DirectX/Include/XAudio2fx.h,0,1,1
/media/ullmann/HDDGabriel/engines/UnrealEngine/Engine/Source/ThirdParty/Windows/DirectX/Include/comdecl.h,4,0,4
/media/ullmann/HDDGabriel/engines/UnrealEngine/Engine/Source/ThirdParty/Intel/Embree/Embree3122/Win64/include/embree3/rtcore_geometry.h,1,2,3
/media/ullmann/HDDGabriel/engines/UnrealEngine/Engine/Source/ThirdParty/Intel/Embree/Embree3122/Win64/include/embree3/rtcore_quaternion.h,2,1,3
/media/ullmann/HDDGabriel/engines/UnrealEngine/Engine/Source/ThirdParty/ICU/icu4c-64_1/source/test/intltest/plurfmts.cpp,0,2,2
/media/ullmann/HDDGabriel/engines/UnrealEngine/Engine/Source/ThirdParty/ICU/icu4c-64_1/source/test/intltest/plurults.h,3,1,4
/media/ullmann/HDDGabriel/engines/UnrealEngine/Engine/Source/ThirdParty/SDL2/SDL-gui-backend/include/SDL_config_windows.h,1,1,2
/media/ullmann/HDDGabriel/engines/UnrealEngine/Engine/Source/ThirdParty/Perforce/p4api-2021.2/Include/Mac/p4/clientuser.h,1,0,1
/media/ullmann/HDDGabriel/engines/UnrealEngine/Engine/Source/Developer/GraphColor/Private/graphColorVertices.cpp,0,3,3
/media/ullmann/HDDGabriel/engines/UnrealEngine/Engine/Source/Developer/GraphColor/Private/graph.h,4,2,6
/media/ullmann/HDDGabriel/engines/UnrealEngine/Engine/Source/ThirdParty/SDL2/SDL-gui-backend/src/thread/generic/SDL_sysmutex_c.h,0,1,1
/media/ullmann/HDDGabriel/engines/UnrealEngine/Engine/Source/ThirdParty/SDL2/SDL-gui-backend/src/video/directfb/SDL_DirectFB_shape.h,4,1,5
/media/ullmann/HDDGabriel/engines/UnrealEngine/Engine/Source/ThirdParty/ICU/icu4c-53_1/source/i18n/region_impl.h,1,0,1
/media/ullmann/HDDGabriel/engines/UnrealEngine/Engine/Source/ThirdParty/libOpus/opus-1.3.1-12/celt/modes.h,14,5,19
/media/ullmann/HDDGabriel/engines/UnrealEngine/Engine/Source/Programs/UnrealHeaderTool/Private/UnrealHeaderToolStats.cpp,0,1,1
/media/ullmann/HDDGabriel/engines/UnrealEngine/Engine/Source/Programs/UnrealHeaderTool/Private/UnrealHeaderToolStats.h,2,0,2
/media/ullmann/HDDGabriel/engines/UnrealEngine/Engine/Source/Developer/AssetTools/Private/AssetTypeActions/AssetTypeActions_AnimCurveCompressionSettings.h,1,0,1
/media/ullmann/HDDGabriel/engines/UnrealEngine/Engine/Source/ThirdParty/ICU/icu4c-64_1/source/common/uvector.cpp,0,4,4
/media/ullmann/HDDGabriel/engines/UnrealEngine/Engine/Source/ThirdParty/PLCrashReporter/PLCrashReporter/Source/PLCrashAsyncDwarfExpression.hpp,2,5,7
/media/ullmann/HDDGabriel/engines/UnrealEngine/Engine/Source/ThirdParty/PhysX3/APEX_1.4/module/clothing_legacy/include/autogen/ClothingAssetParameters_0p12.h,1,0,1
/media/ullmann/HDDGabriel/engines/UnrealEngine/Engine/Source/ThirdParty/Intel/MetricsDiscovery/MetricsDiscoveryHelper/samples/range_sample_dx11/imgui/examples/directx9_example/imgui_impl_dx9.cpp,0,1,1
/media/ullmann/HDDGabriel/engines/UnrealEngine/Engine/Source/ThirdParty/Intel/MetricsDiscovery/MetricsDiscoveryHelper/samples/range_sample_dx11/imgui/examples/directx9_example/imgui_impl_dx9.h,2,0,2
/media/ullmann/HDDGabriel/engines/UnrealEngine/Engine/Source/Runtime/Engine/Classes/Particles/FXBudget.h,0,1,1
/media/ullmann/HDDGabriel/engines/UnrealEngine/Engine/Source/Runtime/Engine/Classes/Particles/ParticlePerfStatsManager.h,1,0,1
/media/ullmann/HDDGabriel/engines/UnrealEngine/Engine/Source/Runtime/Online/BuildPatchServices/Private/BuildPatchManifest.h,9,2,11
/media/ullmann/HDDGabriel/engines/UnrealEngine/Engine/Source/ThirdParty/Alembic/alembic-1.8.2/lib/Alembic/AbcMaterial/Tests/MaterialFlattenTest.cpp,0,1,1
/media/ullmann/HDDGabriel/engines/UnrealEngine/Engine/Source/ThirdParty/Alembic/alembic-1.8.2/lib/Alembic/AbcMaterial/Tests/PrintMaterial.h,5,0,5
/media/ullmann/HDDGabriel/engines/UnrealEngine/Engine/Source/ThirdParty/ICU/icu4c-53_1/source/test/perf/leperf/sfnt.h,4,0,4
/media/ullmann/HDDGabriel/engines/UnrealEngine/Engine/Source/Runtime/Core/Public/Templates/Tuple.h,3,0,3
/media/ullmann/HDDGabriel/engines/UnrealEngine/Engine/Source/ThirdParty/ICU/icu4c-64_1/source/tools/toolutil/dbgutil.cpp,0,2,2
/media/ullmann/HDDGabriel/engines/UnrealEngine/Engine/Source/ThirdParty/ICU/icu4c-64_1/source/tools/toolutil/udbgutil.h,3,0,3
/media/ullmann/HDDGabriel/engines/UnrealEngine/Engine/Source/Runtime/AVEncoder/Private/Decoders/vdecmpeg4/M4Decoder.cpp,0,9,9
/media/ullmann/HDDGabriel/engines/UnrealEngine/Engine/Source/ThirdParty/libOpus/opus-1.1/celt/_kiss_fft_guts.h,2,4,6
/media/ullmann/HDDGabriel/engines/UnrealEngine/Engine/Source/ThirdParty/FreeType2/FreeType2-2.10.4/src/otvalid/otvgpos.c,1,3,4
/media/ullmann/HDDGabriel/engines/UnrealEngine/Engine/Source/ThirdParty/PhysX3/APEX_1.4/framework/include/autogen/VertexFormatParameters.h,1,0,1
/media/ullmann/HDDGabriel/engines/UnrealEngine/Engine/Source/Runtime/Core/Private/Windows/WindowsPlatformProcess.cpp,0,2,2
/media/ullmann/HDDGabriel/engines/UnrealEngine/Engine/Source/Runtime/Core/Private/Windows/WindowsEvent.h,1,0,1
/media/ullmann/HDDGabriel/engines/UnrealEngine/Engine/Source/ThirdParty/SDL2/SDL-gui-backend/src/video/os2/SDL_os2video.c,0,6,6
/media/ullmann/HDDGabriel/engines/UnrealEngine/Engine/Source/ThirdParty/SDL2/SDL-gui-backend/src/video/os2/SDL_os2util.h,3,2,5
/media/ullmann/HDDGabriel/engines/UnrealEngine/Engine/Source/ThirdParty/SDL2/SDL-gui-backend/src/video/haiku/SDL_bevents.h,2,1,3
/media/ullmann/HDDGabriel/engines/UnrealEngine/Engine/Source/ThirdParty/Intel/Embree/Embree270/src/kernels/common/subdiv/gregory_patch.h,6,4,10
/media/ullmann/HDDGabriel/engines/UnrealEngine/Engine/Source/ThirdParty/FBX/2020.2/include/fbxsdk/core/base/fbxutils.h,1,0,1
/media/ullmann/HDDGabriel/engines/UnrealEngine/Engine/Source/ThirdParty/PhysX3/PhysX_3.4/Source/GeomUtils/src/pcm/GuPCMContactSphereConvex.cpp,0,2,2
/media/ullmann/HDDGabriel/engines/UnrealEngine/Engine/Source/ThirdParty/CryptoPP/5.6.5/include/oids.h,8,1,9
/media/ullmann/HDDGabriel/engines/UnrealEngine/Engine/Source/ThirdParty/Intel/Embree/Embree270/src/kernels/xeonphi/bvh4mb/bvh4mb.cpp,0,4,4
/media/ullmann/HDDGabriel/engines/UnrealEngine/Engine/Source/ThirdParty/FreeType2/FreeType2-2.6/Src/cache/ftcsbits.c,1,3,4
/media/ullmann/HDDGabriel/engines/UnrealEngine/Engine/Source/ThirdParty/openexr/openexr-3.1.1/src/test/OpenEXRTest/testMultiPartApi.h,2,0,2
/media/ullmann/HDDGabriel/engines/UnrealEngine/Engine/Source/ThirdParty/PhysX3/APEX_1.4/framework/include/autogen/BufferU8x4.h,1,0,1
/media/ullmann/HDDGabriel/engines/UnrealEngine/Engine/Source/ThirdParty/Boost/boost-1_70_0/include/boost/polygon/polygon_90_set_concept.hpp,1,3,4
/media/ullmann/HDDGabriel/engines/UnrealEngine/Engine/Source/ThirdParty/ICU/icu4c-53_1/source/samples/layout/GnomeFontMap.cpp,0,4,4
/media/ullmann/HDDGabriel/engines/UnrealEngine/Engine/Source/ThirdParty/PhysX3/APEX_1.4/module/clothing_legacy/include/autogen/ClothingPhysicalMeshParameters_0p8.h,1,0,1
/media/ullmann/HDDGabriel/engines/UnrealEngine/Engine/Source/ThirdParty/HarfBuzz/harfbuzz-2.4.0/src/main.cc,0,4,4
/media/ullmann/HDDGabriel/engines/UnrealEngine/Engine/Source/ThirdParty/HarfBuzz/harfbuzz-2.4.0/src/hb-open-file.hh,4,0,4
/media/ullmann/HDDGabriel/engines/UnrealEngine/Engine/Source/ThirdParty/ICU/icu4c-53_1/source/tools/toolutil/ppucd.cpp,0,2,2
/media/ullmann/HDDGabriel/engines/UnrealEngine/Engine/Source/ThirdParty/ICU/icu4c-53_1/source/tools/toolutil/uparse.h,5,0,5
/media/ullmann/HDDGabriel/engines/UnrealEngine/Engine/Source/ThirdParty/CryptoPP/5.6.5/include/cpu.cpp,0,4,4
/media/ullmann/HDDGabriel/engines/UnrealEngine/Engine/Source/Programs/UnrealFrontend/Private/Commands/LaunchFromProfileCommand.cpp,0,2,2
/media/ullmann/HDDGabriel/engines/UnrealEngine/Engine/Source/ThirdParty/PhysX3/PhysX_3.4/Source/LowLevelDynamics/src/DyContactPrep4.cpp,0,9,9
/media/ullmann/HDDGabriel/engines/UnrealEngine/Engine/Source/ThirdParty/PhysX3/PhysX_3.4/Source/LowLevelDynamics/src/DyContactPrepShared.h,5,3,8
/media/ullmann/HDDGabriel/engines/UnrealEngine/Engine/Source/ThirdParty/ICU/icu4c-64_1/source/i18n/number_scientific.h,5,1,6
/media/ullmann/HDDGabriel/engines/UnrealEngine/Engine/Source/Runtime/ImageWrapper/Private/ImageWrapperModule.cpp,0,9,9
/media/ullmann/HDDGabriel/engines/UnrealEngine/Engine/Source/Runtime/ImageWrapper/Private/Formats/ExrImageWrapper.h,2,0,2
/media/ullmann/HDDGabriel/engines/UnrealEngine/Engine/Source/Runtime/Engine/Public/PrimitiveViewRelevance.h,8,0,8
/media/ullmann/HDDGabriel/engines/UnrealEngine/Engine/Source/ThirdParty/llvm/8/include/llvm/Support/ARMTargetParser.h,0,1,1
/media/ullmann/HDDGabriel/engines/UnrealEngine/Engine/Source/ThirdParty/llvm/8/include/llvm/Support/ARMTargetParser.def,1,0,1
/media/ullmann/HDDGabriel/engines/UnrealEngine/Engine/Source/ThirdParty/PhysX3/PhysX_3.4/Source/LowLevelDynamics/src/DySolverPFConstraints.cpp,0,7,7
/media/ullmann/HDDGabriel/engines/UnrealEngine/Engine/Source/ThirdParty/OpenVDB/Deploy/openvdb-8.1.0/include/openvdb/math/Mat4.h,2,4,6
/media/ullmann/HDDGabriel/engines/UnrealEngine/Engine/Source/ThirdParty/openexr/openexr-3.1.1/src/lib/OpenEXR/ImfOpaqueAttribute.h,2,4,6
/media/ullmann/HDDGabriel/engines/UnrealEngine/Engine/Source/Editor/Persona/Private/AnimNotifyDetails.h,2,0,2
/media/ullmann/HDDGabriel/engines/UnrealEngine/Engine/Source/Runtime/Core/Public/Hash/CityHashHelpers.h,0,1,1
/media/ullmann/HDDGabriel/engines/UnrealEngine/Engine/Source/Runtime/Core/Public/Hash/CityHash.h,1,0,1
/media/ullmann/HDDGabriel/engines/UnrealEngine/Engine/Source/ThirdParty/PhysX3/PxShared/src/pvd/src/PxProfileEventMutex.h,1,1,2
/media/ullmann/HDDGabriel/engines/UnrealEngine/Engine/Source/Developer/TraceAnalysis/Private/Store/AsioStore.cpp,0,1,1
/media/ullmann/HDDGabriel/engines/UnrealEngine/Engine/Source/ThirdParty/ICU/icu4c-64_1/source/common/ucln_cmn.cpp,0,10,10
/media/ullmann/HDDGabriel/engines/UnrealEngine/Engine/Source/ThirdParty/ICU/icu4c-53_1/source/layout/GXLayoutEngine.h,2,3,5
/media/ullmann/HDDGabriel/engines/UnrealEngine/Engine/Source/ThirdParty/Intel/Embree/Embree2140/src/common/sys/barrier.cpp,0,4,4
/media/ullmann/HDDGabriel/engines/UnrealEngine/Engine/Source/Runtime/Sockets/Private/Windows/SocketsWindows.cpp,0,1,1
/media/ullmann/HDDGabriel/engines/UnrealEngine/Engine/Source/Runtime/Sockets/Private/Windows/SocketsWindows.h,2,0,2
/media/ullmann/HDDGabriel/engines/UnrealEngine/Engine/Source/ThirdParty/zlib/v1.2.8/include/Unix/aarch64-unknown-linux-gnueabi/zlib.h,0,1,1
/media/ullmann/HDDGabriel/engines/UnrealEngine/Engine/Source/ThirdParty/zlib/v1.2.8/include/Unix/aarch64-unknown-linux-gnueabi/zconf.h,1,0,1
/media/ullmann/HDDGabriel/engines/UnrealEngine/Engine/Source/Runtime/VulkanRHI/Private/VulkanDebug.cpp,0,1,1
/media/ullmann/HDDGabriel/engines/UnrealEngine/Engine/Source/ThirdParty/libOpus/opus-1.1/celt/entdec.c,0,4,4
/media/ullmann/HDDGabriel/engines/UnrealEngine/Engine/Source/ThirdParty/libOpus/opus-1.1/celt/entdec.h,8,1,9
/media/ullmann/HDDGabriel/engines/UnrealEngine/Engine/Source/ThirdParty/Intel/Embree/Embree270/src/kernels/common/scene_triangle_mesh.cpp,0,2,2
/media/ullmann/HDDGabriel/engines/UnrealEngine/Engine/Source/ThirdParty/FreeType2/FreeType2-2.4.12/src/gxvalid/gxvmort0.c,1,1,2
/media/ullmann/HDDGabriel/engines/UnrealEngine/Engine/Source/ThirdParty/ICU/icu4c-64_1/source/i18n/unicode/search.h,1,0,1
/media/ullmann/HDDGabriel/engines/UnrealEngine/Engine/Source/ThirdParty/ICU/icu4c-53_1/source/common/umapfile.h,3,3,6
/media/ullmann/HDDGabriel/engines/UnrealEngine/Engine/Source/ThirdParty/libPNG/libPNG-1.5.27/scripts/symbols.c,0,2,2
/media/ullmann/HDDGabriel/engines/UnrealEngine/Engine/Source/ThirdParty/libPNG/libPNG-1.5.27/scripts/pnglibconf.h.prebuilt,1,0,1
/media/ullmann/HDDGabriel/engines/UnrealEngine/Engine/Source/ThirdParty/OpenSubdiv/OpenSubdiv-3.4.4/opensubdiv/hbr/cornerEdit.h,0,1,1
/media/ullmann/HDDGabriel/engines/UnrealEngine/Engine/Source/Developer/NaniteBuilder/Private/NaniteEncode.cpp,0,3,3
/media/ullmann/HDDGabriel/engines/UnrealEngine/Engine/Source/Developer/NaniteBuilder/Private/Cluster.h,5,0,5
/media/ullmann/HDDGabriel/engines/UnrealEngine/Engine/Source/ThirdParty/Oculus/LibOVRPlatform/LibOVRPlatform/include/OVR_MatchmakingStatApproach.h,1,1,2
/media/ullmann/HDDGabriel/engines/UnrealEngine/Engine/Source/ThirdParty/ICU/icu4c-53_1/source/common/unicode/utf.h,14,0,14
/media/ullmann/HDDGabriel/engines/UnrealEngine/Engine/Source/ThirdParty/MCPP/mcpp-2.7.2/test-l/nest88.h,1,1,2
/media/ullmann/HDDGabriel/engines/UnrealEngine/Engine/Source/ThirdParty/MCPP/mcpp-2.7.2/test-l/nest89.h,1,1,2
/media/ullmann/HDDGabriel/engines/UnrealEngine/Engine/Source/Editor/Persona/Private/AnimTimeline/AnimTimelineTrack_Curves.h,2,1,3
/media/ullmann/HDDGabriel/engines/UnrealEngine/Engine/Source/Editor/FoliageEdit/Private/ActorFactoryProceduralFoliage.cpp,0,1,1
/media/ullmann/HDDGabriel/engines/UnrealEngine/Engine/Source/Editor/FoliageEdit/Private/ActorFactoryProceduralFoliage.h,2,0,2
/media/ullmann/HDDGabriel/engines/UnrealEngine/Engine/Source/ThirdParty/SDL2/SDL-gui-backend/src/audio/psp/SDL_pspaudio.c,0,5,5
/media/ullmann/HDDGabriel/engines/UnrealEngine/Engine/Source/ThirdParty/DirectShow/DirectShow-1.0.0/src/Public/winutil.h,1,0,1
/media/ullmann/HDDGabriel/engines/UnrealEngine/Engine/Source/Runtime/MovieScene/Public/MovieSceneKeyStruct.h,0,1,1
/media/ullmann/HDDGabriel/engines/UnrealEngine/Engine/Source/Runtime/MovieScene/Public/MovieSceneKeyStructHelper.h,1,2,3
/media/ullmann/HDDGabriel/engines/UnrealEngine/Engine/Source/Editor/AnimGraph/Public/AnimationTransitionGraph.h,0,1,1
/media/ullmann/HDDGabriel/engines/UnrealEngine/Engine/Source/ThirdParty/OpenVDB/Deploy/openvdb-8.1.0/include/openvdb/tools/LevelSetFilter.h,1,2,3
/media/ullmann/HDDGabriel/engines/UnrealEngine/Engine/Source/ThirdParty/OpenSubdiv/Deploy/OpenSubdiv-3.4.4/include/opensubdiv/hbr/catmark.h,0,2,2
/media/ullmann/HDDGabriel/engines/UnrealEngine/Engine/Source/ThirdParty/PhysX3/PhysX_3.4/Source/SceneQuery/src/SqIncrementalAABBPrunerCore.cpp,0,5,5
/media/ullmann/HDDGabriel/engines/UnrealEngine/Engine/Source/ThirdParty/PhysX3/PhysX_3.4/Source/SceneQuery/src/SqIncrementalAABBPrunerCore.h,2,3,5
/media/ullmann/HDDGabriel/engines/UnrealEngine/Engine/Source/ThirdParty/CryptoPP/5.6.5/include/trap.h,4,2,6
/media/ullmann/HDDGabriel/engines/UnrealEngine/Engine/Source/Runtime/D3D12RHI/Private/D3D12TransientResourceAllocator.cpp,0,3,3
/media/ullmann/HDDGabriel/engines/UnrealEngine/Engine/Source/Runtime/D3D12RHI/Private/D3D12Stats.h,2,0,2
/media/ullmann/HDDGabriel/engines/UnrealEngine/Engine/Source/ThirdParty/openexr/openexr-3.1.1/src/lib/OpenEXR/ImfMultiView.cpp,0,2,2
/media/ullmann/HDDGabriel/engines/UnrealEngine/Engine/Source/ThirdParty/ShaderConductor/ShaderConductor/External/DirectXShaderCompiler/tools/clang/lib/Format/ContinuationIndenter.h,4,2,6
/media/ullmann/HDDGabriel/engines/UnrealEngine/Engine/Source/ThirdParty/ShaderConductor/ShaderConductor/External/DirectXShaderCompiler/tools/clang/lib/Format/Encoding.h,2,0,2
/media/ullmann/HDDGabriel/engines/UnrealEngine/Engine/Source/Runtime/SlateCore/Private/Debugging/ConsoleSlateDebuggerInvalidationRoot.cpp,0,2,2
/media/ullmann/HDDGabriel/engines/UnrealEngine/Engine/Source/Runtime/SlateCore/Private/Debugging/ConsoleSlateDebuggerInvalidationRoot.h,2,0,2
/media/ullmann/HDDGabriel/engines/UnrealEngine/Engine/Source/Runtime/RHI/Public/DynamicRHI.h,1,2,3
/media/ullmann/HDDGabriel/engines/UnrealEngine/Engine/Source/Runtime/RHI/Public/MultiGPU.h,2,0,2
/media/ullmann/HDDGabriel/engines/UnrealEngine/Engine/Source/ThirdParty/Oculus/LibOVRPlatform/LibOVRPlatform/include/OVR_User.h,8,3,11
/media/ullmann/HDDGabriel/engines/UnrealEngine/Engine/Source/Runtime/Renderer/Private/DistanceFieldLightingShared.h,15,2,17
/media/ullmann/HDDGabriel/engines/UnrealEngine/Engine/Source/Editor/Persona/Private/PoseWatchManagerDragDrop.h,6,2,8
/media/ullmann/HDDGabriel/engines/UnrealEngine/Engine/Source/ThirdParty/openexr/openexr-3.1.1/src/test/OpenEXRTest/testIsComplete.h,1,0,1
/media/ullmann/HDDGabriel/engines/UnrealEngine/Engine/Source/ThirdParty/Intel/Embree/Embree2140/src/common/simd/vfloat8_avx.h,1,0,1
/media/ullmann/HDDGabriel/engines/UnrealEngine/Engine/Source/Editor/PhysicsAssetEditor/Private/PhysicsAssetEditorProfilesSummoner.cpp,0,3,3
/media/ullmann/HDDGabriel/engines/UnrealEngine/Engine/Source/Editor/PhysicsAssetEditor/Private/PhysicsAssetEditorProfilesSummoner.h,2,0,2
/media/ullmann/HDDGabriel/engines/UnrealEngine/Engine/Source/ThirdParty/libOpus/opus-1.1/celt/pitch.c,0,6,6
/media/ullmann/HDDGabriel/engines/UnrealEngine/Engine/Source/Editor/Sequencer/Private/LevelEditorSequencerIntegration.cpp,0,8,8
/media/ullmann/HDDGabriel/engines/UnrealEngine/Engine/Source/ThirdParty/FreeType2/FreeType2-2.4.12/src/pfr/pfrload.c,1,2,3
/media/ullmann/HDDGabriel/engines/UnrealEngine/Engine/Source/ThirdParty/EOSSDK/SDK/Include/eos_rtc_types.h,2,1,3
/media/ullmann/HDDGabriel/engines/UnrealEngine/Engine/Source/Editor/ContentBrowser/Private/ContentBrowserSingleton.h,8,0,8
/media/ullmann/HDDGabriel/engines/UnrealEngine/Engine/Source/ThirdParty/MCPP/mcpp-2.7.2/test-l/nest59.h,1,1,2
/media/ullmann/HDDGabriel/engines/UnrealEngine/Engine/Source/ThirdParty/MCPP/mcpp-2.7.2/test-l/nest60.h,1,1,2
/media/ullmann/HDDGabriel/engines/UnrealEngine/Engine/Source/ThirdParty/Intel/ISPC/ispc-1.17.0/examples/cpu/gmres/matrix.cpp,0,2,2
/media/ullmann/HDDGabriel/engines/UnrealEngine/Engine/Source/ThirdParty/Intel/ISPC/ispc-1.17.0/examples/cpu/gmres/mmio.h,2,0,2
/media/ullmann/HDDGabriel/engines/UnrealEngine/Engine/Source/ThirdParty/OpenVDB/openvdb-8.1.0/openvdb_ax/openvdb_ax/codegen/PointComputeGenerator.cc,0,7,7
/media/ullmann/HDDGabriel/engines/UnrealEngine/Engine/Source/ThirdParty/Python3/Mac/include/internal/pycore_pystate.h,1,1,2
/media/ullmann/HDDGabriel/engines/UnrealEngine/Engine/Source/ThirdParty/Python3/Mac/include/internal/pycore_runtime.h,1,2,3
/media/ullmann/HDDGabriel/engines/UnrealEngine/Engine/Source/ThirdParty/ICU/icu4c-64_1/source/test/intltest/tsdate.h,6,1,7
/media/ullmann/HDDGabriel/engines/UnrealEngine/Engine/Source/ThirdParty/PhysX3/PhysX_3.4/Include/PxVolumeCache.h,1,2,3
/media/ullmann/HDDGabriel/engines/UnrealEngine/Engine/Source/ThirdParty/libOpus/opus-1.0.3/celt/float_cast.h,1,1,2
/media/ullmann/HDDGabriel/engines/UnrealEngine/Engine/Source/ThirdParty/openexr/openexr-3.1.1/src/bin/exrmultiview/Image.cpp,0,2,2
/media/ullmann/HDDGabriel/engines/UnrealEngine/Engine/Source/ThirdParty/ICU/icu4c-64_1/source/test/letest/xmlreader.h,2,1,3
/media/ullmann/HDDGabriel/engines/UnrealEngine/Engine/Source/Editor/Kismet/Public/SBlueprintDiff.h,0,3,3
/media/ullmann/HDDGabriel/engines/UnrealEngine/Engine/Source/Editor/Kismet/Public/DiffUtils.h,3,0,3
/media/ullmann/HDDGabriel/engines/UnrealEngine/Engine/Source/ThirdParty/PhysX3/PxShared/src/pvd/src/PxProfileEventBufferClient.h,4,2,6
/media/ullmann/HDDGabriel/engines/UnrealEngine/Engine/Source/ThirdParty/SDL2/SDL-gui-backend/src/core/windows/SDL_xinput.h,5,2,7
/media/ullmann/HDDGabriel/engines/UnrealEngine/Engine/Source/ThirdParty/SDL2/SDL-gui-backend/src/video/wayland/SDL_waylandwindow.c,0,8,8
/media/ullmann/HDDGabriel/engines/UnrealEngine/Engine/Source/ThirdParty/SDL2/SDL-gui-backend/src/video/wayland/SDL_waylandtouch.h,3,2,5
/media/ullmann/HDDGabriel/engines/UnrealEngine/Engine/Source/ThirdParty/EOSSDK/SDK/Include/eos_mods_types.h,2,1,3
/media/ullmann/HDDGabriel/engines/UnrealEngine/Engine/Source/ThirdParty/PhysX3/PhysX_3.4/Source/SimulationController/src/ScShapeInteraction.cpp,0,2,2
/media/ullmann/HDDGabriel/engines/UnrealEngine/Engine/Source/ThirdParty/PhysX3/PhysX_3.4/Source/SimulationController/src/ScShapeInteraction.h,5,3,8
/media/ullmann/HDDGabriel/engines/UnrealEngine/Engine/Source/ThirdParty/Intel/ISPC/ispc-1.17.0/ispcrt/ispcrt.cpp,0,6,6
/media/ullmann/HDDGabriel/engines/UnrealEngine/Engine/Source/ThirdParty/Intel/ISPC/ispc-1.17.0/ispcrt/detail/TaskQueue.h,2,3,5
/media/ullmann/HDDGabriel/engines/UnrealEngine/Engine/Source/Editor/BlueprintGraph/Classes/K2Node_DoOnceMultiInput.h,0,2,2
/media/ullmann/HDDGabriel/engines/UnrealEngine/Engine/Source/Runtime/Slate/Public/Widgets/Layout/SGridPanel.h,3,0,3
/media/ullmann/HDDGabriel/engines/UnrealEngine/Engine/Source/ThirdParty/Distorm/src/distorm.c,0,7,7
/media/ullmann/HDDGabriel/engines/UnrealEngine/Engine/Source/Runtime/Renderer/Private/RayTracing/RayTracingIESLightProfiles.cpp,0,1,1
/media/ullmann/HDDGabriel/engines/UnrealEngine/Engine/Source/Runtime/Renderer/Private/RayTracing/RayTracingIESLightProfiles.h,2,0,2
/media/ullmann/HDDGabriel/engines/UnrealEngine/Engine/Source/Runtime/BinkAudioDecoder/SDK/BinkAudio/Src/binkace.c,0,6,6
/media/ullmann/HDDGabriel/engines/UnrealEngine/Engine/Source/Runtime/BinkAudioDecoder/SDK/BinkAudio/Src/varbits.h,2,1,3
/media/ullmann/HDDGabriel/engines/UnrealEngine/Engine/Source/ThirdParty/MCPP/mcpp-2.7.2/cpp-test/test-l/nest67.h,1,1,2
/media/ullmann/HDDGabriel/engines/UnrealEngine/Engine/Source/ThirdParty/MCPP/mcpp-2.7.2/cpp-test/test-l/nest68.h,1,1,2
/media/ullmann/HDDGabriel/engines/UnrealEngine/Engine/Source/ThirdParty/CryptoPP/5.6.2/include/bench.cpp,0,9,9
/media/ullmann/HDDGabriel/engines/UnrealEngine/Engine/Source/Runtime/Renderer/Private/PostProcess/PostProcessLensFlares.cpp,0,2,2
/media/ullmann/HDDGabriel/engines/UnrealEngine/Engine/Source/Runtime/Renderer/Private/PostProcess/PostProcessDownsample.h,2,0,2
/media/ullmann/HDDGabriel/engines/UnrealEngine/Engine/Source/ThirdParty/Intel/TBB/IntelTBB-2019u8/include/tbb/aligned_space.h,11,2,13
/media/ullmann/HDDGabriel/engines/UnrealEngine/Engine/Source/ThirdParty/rpclib/Source/include/rpc/msgpack/adaptor/set.hpp,1,0,1
/media/ullmann/HDDGabriel/engines/UnrealEngine/Engine/Source/ThirdParty/openexr/openexr-3.1.1/src/test/OpenEXRTest/testDwaCompressorSimd.h,1,0,1
/media/ullmann/HDDGabriel/engines/UnrealEngine/Engine/Source/ThirdParty/CryptoPP/5.6.2/include/skipjack.cpp,0,2,2
/media/ullmann/HDDGabriel/engines/UnrealEngine/Engine/Source/ThirdParty/libstrophe/libstrophe-0.9.3/tests/test_rand.c,0,1,1
/media/ullmann/HDDGabriel/engines/UnrealEngine/Engine/Source/ThirdParty/libstrophe/libstrophe-0.9.3/tests/test.h,10,0,10
/media/ullmann/HDDGabriel/engines/UnrealEngine/Engine/Source/ThirdParty/Intel/TBB/IntelTBB-2019u8/src/tbb/tbb_thread.cpp,1,2,3
/media/ullmann/HDDGabriel/engines/UnrealEngine/Engine/Source/ThirdParty/Imath/Deploy/Imath-3.1.3/include/Imath/ImathLineAlgo.h,1,4,5
/media/ullmann/HDDGabriel/engines/UnrealEngine/Engine/Source/ThirdParty/Imath/Deploy/Imath-3.1.3/include/Imath/ImathLine.h,4,3,7
/media/ullmann/HDDGabriel/engines/UnrealEngine/Engine/Source/Runtime/Online/HTTPServer/Private/HttpServerResponse.cpp,0,1,1
/media/ullmann/HDDGabriel/engines/UnrealEngine/Engine/Source/ThirdParty/PhysX3/PhysX_3.4/Include/PxArticulationLink.h,1,3,4
/media/ullmann/HDDGabriel/engines/UnrealEngine/Engine/Source/ThirdParty/FreeType2/FreeType2-2.10.4/src/smooth/smooth.c,0,2,2
/media/ullmann/HDDGabriel/engines/UnrealEngine/Engine/Source/Runtime/AVEncoder/Private/Decoders/vdecmpeg4/M4VlcData.h,1,0,1
/media/ullmann/HDDGabriel/engines/UnrealEngine/Engine/Source/ThirdParty/PhysX3/PhysX_3.4/Source/LowLevelCloth/src/SwSolverKernel.h,2,3,5
/media/ullmann/HDDGabriel/engines/UnrealEngine/Engine/Source/ThirdParty/PhysX3/PhysX_3.4/Source/LowLevelCloth/src/SwCollision.h,2,2,4
/media/ullmann/HDDGabriel/engines/UnrealEngine/Engine/Source/ThirdParty/FreeType2/FreeType2-2.6/Src/type1/t1afm.h,3,1,4
/media/ullmann/HDDGabriel/engines/UnrealEngine/Engine/Source/Editor/LandscapeEditor/Private/Tests/LandscapeAutomationTests.cpp,0,1,1
/media/ullmann/HDDGabriel/engines/UnrealEngine/Engine/Source/Editor/LandscapeEditor/Private/LandscapeEditorDetailCustomization_NewLandscape.h,5,2,7
/media/ullmann/HDDGabriel/engines/UnrealEngine/Engine/Source/ThirdParty/ICU/icu4c-53_1/source/test/letest/cletest.c,0,4,4
/media/ullmann/HDDGabriel/engines/UnrealEngine/Engine/Source/ThirdParty/ICU/icu4c-53_1/source/test/letest/sfnt.h,5,0,5
/media/ullmann/HDDGabriel/engines/UnrealEngine/Engine/Source/ThirdParty/ICU/icu4c-53_1/source/i18n/name2uni.cpp,0,1,1
/media/ullmann/HDDGabriel/engines/UnrealEngine/Engine/Source/ThirdParty/ICU/icu4c-53_1/source/i18n/name2uni.h,2,1,3
/media/ullmann/HDDGabriel/engines/UnrealEngine/Engine/Source/ThirdParty/ICU/icu4c-64_1/source/common/parsepos.cpp,0,1,1
/media/ullmann/HDDGabriel/engines/UnrealEngine/Engine/Source/ThirdParty/ShaderConductor/ShaderConductor/External/SPIRV-Tools/test/val/pch_test_val.cpp,0,1,1
/media/ullmann/HDDGabriel/engines/UnrealEngine/Engine/Source/ThirdParty/ShaderConductor/ShaderConductor/External/SPIRV-Tools/test/val/pch_test_val.h,1,0,1
/media/ullmann/HDDGabriel/engines/UnrealEngine/Engine/Source/ThirdParty/Boost/boost-1_70_0/include/boost/numeric/ublas/tensor/algorithms.hpp,2,0,2
/media/ullmann/HDDGabriel/engines/UnrealEngine/Engine/Source/ThirdParty/SDL2/SDL-gui-backend/src/video/emscripten/SDL_emscriptenopengles.h,2,3,5
/media/ullmann/HDDGabriel/engines/UnrealEngine/Engine/Source/ThirdParty/ICU/icu4c-53_1/source/test/intltest/transtst.h,3,1,4
/media/ullmann/HDDGabriel/engines/UnrealEngine/Engine/Source/ThirdParty/PLCrashReporter/PLCrashReporter/Source/dwarf_opstream.cpp,0,3,3
/media/ullmann/HDDGabriel/engines/UnrealEngine/Engine/Source/ThirdParty/hlslcc/hlslcc/src/hlslcc_lib/glsl_types.cpp,0,6,6
/media/ullmann/HDDGabriel/engines/UnrealEngine/Engine/Source/ThirdParty/PhysX3/PhysX_3.4/Source/LowLevelCloth/src/BoundingBox.h,3,1,4
/media/ullmann/HDDGabriel/engines/UnrealEngine/Engine/Source/ThirdParty/Steamworks/Steamv147/sdk/public/steam/isteamvideo.h,1,1,2
/media/ullmann/HDDGabriel/engines/UnrealEngine/Engine/Source/Editor/TurnkeySupport/Private/TurnkeyEditorSupport.cpp,0,1,1
/media/ullmann/HDDGabriel/engines/UnrealEngine/Engine/Source/Editor/SequenceRecorder/Private/SequenceRecorderModule.cpp,0,6,6
/media/ullmann/HDDGabriel/engines/UnrealEngine/Engine/Source/Editor/SequenceRecorder/Private/SequenceRecorder.h,8,3,11
/media/ullmann/HDDGabriel/engines/UnrealEngine/Engine/Source/Runtime/AutomationWorker/Private/AutomationAnalytics.cpp,0,2,2
/media/ullmann/HDDGabriel/engines/UnrealEngine/Engine/Source/Runtime/AutomationWorker/Private/AutomationAnalytics.h,2,1,3
/media/ullmann/HDDGabriel/engines/UnrealEngine/Engine/Source/Developer/StandaloneRenderer/Private/StandaloneRenderer.cpp,0,3,3
/media/ullmann/HDDGabriel/engines/UnrealEngine/Engine/Source/Developer/StandaloneRenderer/Private/Windows/D3D/SlateD3DRenderer.h,1,0,1
/media/ullmann/HDDGabriel/engines/UnrealEngine/Engine/Source/ThirdParty/coremod/coremod-4.2.6/src/filter.c,0,2,2
/media/ullmann/HDDGabriel/engines/UnrealEngine/Engine/Source/Developer/LogVisualizer/Private/SVisualLoggerStatusView.h,3,1,4
/media/ullmann/HDDGabriel/engines/UnrealEngine/Engine/Source/Editor/DetailCustomizations/Private/CameraLensSettingsCustomization.cpp,0,1,1
/media/ullmann/HDDGabriel/engines/UnrealEngine/Engine/Source/Editor/DetailCustomizations/Private/CameraLensSettingsCustomization.h,2,0,2
/media/ullmann/HDDGabriel/engines/UnrealEngine/Engine/Source/ThirdParty/WebRTC/4147/Include/third_party/libvpx/source/libvpx/vp8/common/onyxc_int.h,5,5,10
/media/ullmann/HDDGabriel/engines/UnrealEngine/Engine/Source/ThirdParty/WebRTC/4147/Include/third_party/libvpx/source/libvpx/vp8/common/loopfilter.h,1,0,1
/media/ullmann/HDDGabriel/engines/UnrealEngine/Engine/Source/ThirdParty/Intel/ISPC/ispc-1.17.0/src/bitcode_lib.h,2,1,3
/media/ullmann/HDDGabriel/engines/UnrealEngine/Engine/Source/ThirdParty/Intel/ISPC/ispc-1.17.0/src/target_enums.h,3,0,3
/media/ullmann/HDDGabriel/engines/UnrealEngine/Engine/Source/ThirdParty/ICU/icu4c-53_1/source/common/util.cpp,0,4,4
/media/ullmann/HDDGabriel/engines/UnrealEngine/Engine/Source/ThirdParty/ICU/icu4c-53_1/source/test/intltest/escoll.h,2,1,3
/media/ullmann/HDDGabriel/engines/UnrealEngine/Engine/Source/ThirdParty/PhysX3/PhysX_3.4/Source/SimulationController/src/ScConstraintProjectionTree.cpp,0,4,4
/media/ullmann/HDDGabriel/engines/UnrealEngine/Engine/Source/ThirdParty/PhysX3/PhysX_3.4/Source/SimulationController/src/ScConstraintInteraction.h,8,1,9
/media/ullmann/HDDGabriel/engines/UnrealEngine/Engine/Source/Programs/Enterprise/Datasmith/DatasmithARCHICADExporter/Private/Utils/TaskCalledFromEventLoop.cpp,0,3,3
/media/ullmann/HDDGabriel/engines/UnrealEngine/Engine/Source/Runtime/AugmentedReality/Private/ARSharedWorldGameMode.cpp,0,1,1
/media/ullmann/HDDGabriel/engines/UnrealEngine/Engine/Source/Runtime/AugmentedReality/Private/AugmentedRealityModule.h,8,0,8
/media/ullmann/HDDGabriel/engines/UnrealEngine/Engine/Source/Editor/PropertyEditor/Private/DetailTreeNode.cpp,0,4,4
/media/ullmann/HDDGabriel/engines/UnrealEngine/Engine/Source/ThirdParty/Boost/boost-1_70_0/include/boost/spirit/home/support/detail/lexer/input.hpp,0,3,3
/media/ullmann/HDDGabriel/engines/UnrealEngine/Engine/Source/Developer/TraceInsights/Private/Insights/Widgets/SModulesView.cpp,0,1,1
/media/ullmann/HDDGabriel/engines/UnrealEngine/Engine/Source/Developer/TraceInsights/Private/Insights/Widgets/SModulesView.h,1,0,1
/media/ullmann/HDDGabriel/engines/UnrealEngine/Engine/Source/Editor/GraphEditor/Public/BlueprintConnectionDrawingPolicy.h,0,1,1
/media/ullmann/HDDGabriel/engines/UnrealEngine/Engine/Source/Developer/ToolMenus/Public/ToolMenuDelegates.h,4,2,6
/media/ullmann/HDDGabriel/engines/UnrealEngine/Engine/Source/ThirdParty/WebRTC/4147/Include/third_party/opus/src/silk/define.h,3,2,5
/media/ullmann/HDDGabriel/engines/UnrealEngine/Engine/Source/ThirdParty/AMD/Amf/core/Surface.h,5,2,7
/media/ullmann/HDDGabriel/engines/UnrealEngine/Engine/Source/Runtime/MovieScene/Public/IMovieScenePlaybackClient.h,1,1,2
/media/ullmann/HDDGabriel/engines/UnrealEngine/Engine/Source/ThirdParty/libcurl/curl-7.55.1/include/Android/ARM64/curl/multi.h,1,1,2
/media/ullmann/HDDGabriel/engines/UnrealEngine/Engine/Source/Runtime/Engine/Public/ClothSimData.h,3,0,3
/media/ullmann/HDDGabriel/engines/UnrealEngine/Engine/Source/ThirdParty/FreeType2/FreeType2-2.10.0/src/autofit/afloader.h,2,3,5
/media/ullmann/HDDGabriel/engines/UnrealEngine/Engine/Source/ThirdParty/PhysX3/PhysX_3.4/Source/LowLevelDynamics/src/DyConstraintSetupBlock.cpp,0,4,4
/media/ullmann/HDDGabriel/engines/UnrealEngine/Engine/Source/ThirdParty/ICU/icu4c-64_1/source/test/cintltst/cbiditransformtst.c,0,1,1
/media/ullmann/HDDGabriel/engines/UnrealEngine/Engine/Source/Runtime/FriendsAndChat/Public/FriendsFontStyle.h,2,0,2
/media/ullmann/HDDGabriel/engines/UnrealEngine/Engine/Source/Developer/TraceInsights/Private/Insights/Widgets/SFilterConfiguratorRow.cpp,0,1,1
/media/ullmann/HDDGabriel/engines/UnrealEngine/Engine/Source/Developer/TraceInsights/Private/Insights/Widgets/SFilterConfiguratorRow.h,1,0,1
/media/ullmann/HDDGabriel/engines/UnrealEngine/Engine/Source/ThirdParty/SDL2/SDL-gui-backend/src/core/os2/geniconv/iconv.h,1,0,1
/media/ullmann/HDDGabriel/engines/UnrealEngine/Engine/Source/ThirdParty/SDL2/SDL-gui-backend/src/core/linux/SDL_udev.c,0,3,3
/media/ullmann/HDDGabriel/engines/UnrealEngine/Engine/Source/ThirdParty/SDL2/SDL-gui-backend/src/core/linux/SDL_udev.h,5,1,6
/media/ullmann/HDDGabriel/engines/UnrealEngine/Engine/Source/Runtime/Core/Public/UObject/SequencerObjectVersion.h,1,0,1
/media/ullmann/HDDGabriel/engines/UnrealEngine/Engine/Source/ThirdParty/ICU/icu4c-53_1/source/layout/ContextualGlyphSubstProc2.h,2,5,7
/media/ullmann/HDDGabriel/engines/UnrealEngine/Engine/Source/ThirdParty/WebRTC/4147/Include/base/third_party/libevent/event-config.h,2,0,2
/media/ullmann/HDDGabriel/engines/UnrealEngine/Engine/Source/ThirdParty/OpenVDB/openvdb-8.1.0/openvdb/openvdb/viewer/Viewer.cc,0,5,5
/media/ullmann/HDDGabriel/engines/UnrealEngine/Engine/Source/ThirdParty/OpenVDB/openvdb-8.1.0/openvdb/openvdb/viewer/Camera.h,2,0,2
/media/ullmann/HDDGabriel/engines/UnrealEngine/Engine/Source/ThirdParty/PhysX3/PhysX_3.4/Source/SimulationController/src/ScElementSim.cpp,0,4,4
/media/ullmann/HDDGabriel/engines/UnrealEngine/Engine/Source/ThirdParty/ShaderConductor/ShaderConductor/External/DirectXShaderCompiler/lib/CodeGen/LiveRangeCalc.cpp,0,1,1
/media/ullmann/HDDGabriel/engines/UnrealEngine/Engine/Source/Runtime/Core/Public/Templates/TypeCompatibleBytes.h,3,0,3
/media/ullmann/HDDGabriel/engines/UnrealEngine/Engine/Source/ThirdParty/SDL2/SDL-gui-backend/src/core/linux/SDL_evdev.h,6,1,7
/media/ullmann/HDDGabriel/engines/UnrealEngine/Engine/Source/Editor/UMGEditor/Private/TabFactory/AnimationTabSummoner.h,1,0,1
/media/ullmann/HDDGabriel/engines/UnrealEngine/Engine/Source/ThirdParty/SDL2/SDL-gui-backend/include/SDL_haptic.h,1,5,6
/media/ullmann/HDDGabriel/engines/UnrealEngine/Engine/Source/ThirdParty/PhysX3/PhysX_3.4/Include/common/PxCoreUtilityTypes.h,1,0,1
/media/ullmann/HDDGabriel/engines/UnrealEngine/Engine/Source/Programs/HeadlessChaos/Public/GeometryCollection/GeometryCollectionTestImplicitCylinder.h,0,1,1
/media/ullmann/HDDGabriel/engines/UnrealEngine/Engine/Source/Editor/PropertyEditor/Private/UserInterface/PropertyEditor/SPropertyEditorArrayItem.h,2,0,2
/media/ullmann/HDDGabriel/engines/UnrealEngine/Engine/Source/Runtime/Renderer/Public/MeshPassProcessor.h,2,1,3
/media/ullmann/HDDGabriel/engines/UnrealEngine/Engine/Source/ThirdParty/PhysX3/PhysX_3.4/Source/GeomUtils/src/mesh/GuTriangleMeshRTree.h,2,1,3
/media/ullmann/HDDGabriel/engines/UnrealEngine/Engine/Source/ThirdParty/openexr/openexr-3.1.1/src/lib/OpenEXR/ImfScanLineInputFile.cpp,0,14,14
/media/ullmann/HDDGabriel/engines/UnrealEngine/Engine/Source/ThirdParty/Perforce/p4api-2014.1/include/p4/clientapi.h,0,11,11
/media/ullmann/HDDGabriel/engines/UnrealEngine/Engine/Source/ThirdParty/Perforce/p4api-2014.1/include/p4/filesys.h,1,0,1
/media/ullmann/HDDGabriel/engines/UnrealEngine/Engine/Source/ThirdParty/OpenSubdiv/OpenSubdiv-3.4.4/examples/glPaintTest/init_shapes.h,1,2,3
/media/ullmann/HDDGabriel/engines/UnrealEngine/Engine/Source/ThirdParty/libcurl/include/Android/x64/curl/curlver.h,1,0,1
/media/ullmann/HDDGabriel/engines/UnrealEngine/Engine/Source/ThirdParty/FreeType2/FreeType2-2.10.4/src/cache/ftcmanag.c,1,3,4
/media/ullmann/HDDGabriel/engines/UnrealEngine/Engine/Source/ThirdParty/libOpus/opus-1.1/TVOS/libOpus/include/opus.h,1,2,3
/media/ullmann/HDDGabriel/engines/UnrealEngine/Engine/Source/ThirdParty/libOpus/opus-1.1/TVOS/libOpus/include/opus_types.h,2,0,2
/media/ullmann/HDDGabriel/engines/UnrealEngine/Engine/Source/ThirdParty/Android/libunwind/libunwind/src/x86_64/Linit_local.c,0,1,1
/media/ullmann/HDDGabriel/engines/UnrealEngine/Engine/Source/ThirdParty/Android/libunwind/libunwind/src/x86_64/Ginit_local.c,1,2,3
/media/ullmann/HDDGabriel/engines/UnrealEngine/Engine/Source/ThirdParty/openexr/openexr-3.1.1/src/lib/OpenEXR/ImfGenericOutputFile.h,6,1,7
/media/ullmann/HDDGabriel/engines/UnrealEngine/Engine/Source/Developer/TraceServices/Private/Modules/TimingProfilerModule.h,2,0,2
/media/ullmann/HDDGabriel/engines/UnrealEngine/Engine/Source/ThirdParty/FreeType2/FreeType2-2.6/Src/type42/t42parse.c,1,2,3
/media/ullmann/HDDGabriel/engines/UnrealEngine/Engine/Source/ThirdParty/FreeType2/FreeType2-2.6/Src/type42/t42error.h,3,0,3
/media/ullmann/HDDGabriel/engines/UnrealEngine/Engine/Source/Developer/SlateReflector/Private/SlateReflectorModule.cpp,0,7,7
/media/ullmann/HDDGabriel/engines/UnrealEngine/Engine/Source/Editor/Persona/Private/PoseWatchManagerColumnVisibility.h,2,3,5
/media/ullmann/HDDGabriel/engines/UnrealEngine/Engine/Source/ThirdParty/glslang/glslang/src/glslang_lib/glslang/MachineIndependent/parseVersions.h,3,3,6
/media/ullmann/HDDGabriel/engines/UnrealEngine/Engine/Source/ThirdParty/Intel/MetricsDiscovery/MetricsDiscoveryHelper/source/report_memory.cpp,0,1,1
/media/ullmann/HDDGabriel/engines/UnrealEngine/Engine/Source/ThirdParty/Intel/ISPC/ispc-1.17.0/src/ispc.cpp,0,4,4
/media/ullmann/HDDGabriel/engines/UnrealEngine/Engine/Source/ThirdParty/openexr/openexr-3.1.1/src/lib/OpenEXR/ImfPizCompressor.h,2,2,4
/media/ullmann/HDDGabriel/engines/UnrealEngine/Engine/Source/Programs/EpicWebHelper/Private/EpicWebHelperRemoteScripting.cpp,0,3,3
/media/ullmann/HDDGabriel/engines/UnrealEngine/Engine/Source/ThirdParty/libOpus/opus-1.0.3/silk/lin2log.c,0,1,1
/media/ullmann/HDDGabriel/engines/UnrealEngine/Engine/Source/Editor/Sequencer/Private/SequencerHotspots.h,7,1,8
/media/ullmann/HDDGabriel/engines/UnrealEngine/Engine/Source/ThirdParty/Android/libunwind/libunwind/src/dwarf/Lstep.c,1,1,2
/media/ullmann/HDDGabriel/engines/UnrealEngine/Engine/Source/ThirdParty/Android/libunwind/libunwind/src/dwarf/Gstep.c,2,0,2
/media/ullmann/HDDGabriel/engines/UnrealEngine/Engine/Source/Developer/FunctionalTesting/Classes/ScreenshotFunctionalTest.h,0,1,1
/media/ullmann/HDDGabriel/engines/UnrealEngine/Engine/Source/Developer/FunctionalTesting/Classes/ScreenshotFunctionalTestBase.h,2,1,3
/media/ullmann/HDDGabriel/engines/UnrealEngine/Engine/Source/ThirdParty/PhysX3/PhysX_3.4/Source/LowLevelCloth/src/SwCloth.cpp,0,6,6
/media/ullmann/HDDGabriel/engines/UnrealEngine/Engine/Source/Editor/SerializedRecorderInterface/Public/Serializers/MovieSceneAnimationSerialization.h,0,1,1
/media/ullmann/HDDGabriel/engines/UnrealEngine/Engine/Source/ThirdParty/Windows/DirectXLegacy/Include/d3dx9core.h,1,1,2
/media/ullmann/HDDGabriel/engines/UnrealEngine/Engine/Source/ThirdParty/Android/libunwind/libunwind/src/aarch64/Lstep.c,0,1,1
/media/ullmann/HDDGabriel/engines/UnrealEngine/Engine/Source/ThirdParty/FreeType2/FreeType2-2.10.4/src/type1/t1gload.h,3,1,4
/media/ullmann/HDDGabriel/engines/UnrealEngine/Engine/Source/ThirdParty/PhysX3/NvCloth/samples/SampleBase/scene/scenes/TetherScene.cpp,0,1,1
/media/ullmann/HDDGabriel/engines/UnrealEngine/Engine/Source/ThirdParty/PhysX3/NvCloth/samples/SampleBase/scene/scenes/TetherScene.h,1,0,1
/media/ullmann/HDDGabriel/engines/UnrealEngine/Engine/Source/ThirdParty/PhysX3/PhysX_3.4/Include/gpu/PxGpu.h,1,0,1
/media/ullmann/HDDGabriel/engines/UnrealEngine/Engine/Source/ThirdParty/MCPP/mcpp-2.7.2/cpp-test/test-t/nest7.h,1,1,2
/media/ullmann/HDDGabriel/engines/UnrealEngine/Engine/Source/ThirdParty/MCPP/mcpp-2.7.2/cpp-test/test-t/nest8.h,1,1,2
/media/ullmann/HDDGabriel/engines/UnrealEngine/Engine/Source/Runtime/Renderer/Private/SingleLayerWaterRendering.h,6,1,7
/media/ullmann/HDDGabriel/engines/UnrealEngine/Engine/Source/Runtime/Renderer/Private/ScreenSpaceRayTracing.h,8,3,11
/media/ullmann/HDDGabriel/engines/UnrealEngine/Engine/Source/Runtime/Core/Public/Templates/EnableIf.h,3,0,3
/media/ullmann/HDDGabriel/engines/UnrealEngine/Engine/Source/Programs/LiveCodingConsole/Private/LiveCodingManifest.cpp,0,1,1
/media/ullmann/HDDGabriel/engines/UnrealEngine/Engine/Source/Programs/LiveCodingConsole/Private/LiveCodingManifest.h,2,0,2
/media/ullmann/HDDGabriel/engines/UnrealEngine/Engine/Source/ThirdParty/ICU/icu4c-64_1/source/test/cintltst/ccaltst.h,1,1,2
/media/ullmann/HDDGabriel/engines/UnrealEngine/Engine/Source/ThirdParty/ICU/icu4c-64_1/source/common/unistr_titlecase_brkiter.cpp,0,6,6
/media/ullmann/HDDGabriel/engines/UnrealEngine/Engine/Source/Runtime/SlateCore/Public/Styling/SlateWidgetStyleAsset.h,1,0,1
/media/ullmann/HDDGabriel/engines/UnrealEngine/Engine/Source/Editor/Blutility/Private/BlutilityContentBrowserExtensions.cpp,0,2,2
/media/ullmann/HDDGabriel/engines/UnrealEngine/Engine/Source/Editor/Blutility/Private/BlutilityContentBrowserExtensions.h,2,0,2
/media/ullmann/HDDGabriel/engines/UnrealEngine/Engine/Source/ThirdParty/WebRTC/4147/Include/base/third_party/xdg_mime/xdgmimeparent.h,0,1,1
/media/ullmann/HDDGabriel/engines/UnrealEngine/Engine/Source/Editor/Sequencer/Private/SequencerKeyRenderer.cpp,0,2,2
/media/ullmann/HDDGabriel/engines/UnrealEngine/Engine/Source/Runtime/Renderer/Private/CompositionLighting/PostProcessAmbientOcclusion.h,6,0,6
/media/ullmann/HDDGabriel/engines/UnrealEngine/Engine/Source/ThirdParty/FreeType2/FreeType2-2.6/Src/cff/cf2glue.h,8,4,12
/media/ullmann/HDDGabriel/engines/UnrealEngine/Engine/Source/ThirdParty/FreeType2/FreeType2-2.6/Src/cff/cf2read.h,1,0,1
/media/ullmann/HDDGabriel/engines/UnrealEngine/Engine/Source/Editor/ContentBrowserData/Public/ContentBrowserDataLegacyBridge.h,0,2,2
/media/ullmann/HDDGabriel/engines/UnrealEngine/Engine/Source/Editor/ContentBrowserData/Public/ContentBrowserDataMenuContexts.h,1,1,2
/media/ullmann/HDDGabriel/engines/UnrealEngine/Engine/Source/ThirdParty/FreeImage/FreeImage-3.18.0/Source/OpenEXR/IlmImf/ImfMisc.cpp,0,11,11
/media/ullmann/HDDGabriel/engines/UnrealEngine/Engine/Source/Developer/MeshBuilder/Public/SkeletalMeshBuilder.h,0,1,1
/media/ullmann/HDDGabriel/engines/UnrealEngine/Engine/Source/Developer/MeshBuilder/Public/MeshBuilder.h,2,0,2
/media/ullmann/HDDGabriel/engines/UnrealEngine/Engine/Source/ThirdParty/Python3/Mac/include/fileobject.h,1,1,2
/media/ullmann/HDDGabriel/engines/UnrealEngine/Engine/Source/Developer/AutomationDriver/Private/DriverElement.h,2,0,2
/media/ullmann/HDDGabriel/engines/UnrealEngine/Engine/Source/ThirdParty/ShaderConductor/ShaderConductor/External/DirectXShaderCompiler/include/llvm/DebugInfo/PDB/DIA/DIAEnumLineNumbers.h,0,1,1
/media/ullmann/HDDGabriel/engines/UnrealEngine/Engine/Source/ThirdParty/ICU/icu4c-53_1/source/test/intltest/tsmthred.cpp,0,4,4
/media/ullmann/HDDGabriel/engines/UnrealEngine/Engine/Source/Editor/LevelEditor/Private/SLevelEditorToolBox.cpp,0,1,1
/media/ullmann/HDDGabriel/engines/UnrealEngine/Engine/Source/Developer/Windows/LiveCoding/Private/LiveCodingSettings.cpp,0,1,1
/media/ullmann/HDDGabriel/engines/UnrealEngine/Engine/Source/Developer/Windows/LiveCoding/Private/LiveCodingSettings.h,2,0,2
/media/ullmann/HDDGabriel/engines/UnrealEngine/Engine/Source/ThirdParty/glslang/glslang/src/glslang_lib/glslang/MachineIndependent/LiveTraverser.h,2,4,6
/media/ullmann/HDDGabriel/engines/UnrealEngine/Engine/Source/Editor/PropertyEditor/Private/UserInterface/PropertyTable/SPropertyTable.h,1,0,1
/media/ullmann/HDDGabriel/engines/UnrealEngine/Engine/Source/ThirdParty/FreeType2/FreeType2-2.6/Src/gxvalid/gxvopbd.c,1,2,3
/media/ullmann/HDDGabriel/engines/UnrealEngine/Engine/Source/ThirdParty/FreeImage/FreeImage-3.18.0/Source/LibJPEG/jdct.h,8,0,8
/media/ullmann/HDDGabriel/engines/UnrealEngine/Engine/Source/ThirdParty/Intel/OIDN/include/OpenImageDenoise/config.h,1,0,1
/media/ullmann/HDDGabriel/engines/UnrealEngine/Engine/Source/ThirdParty/Android/libunwind/libunwind/src/x86_64/Los-freebsd.c,0,1,1
/media/ullmann/HDDGabriel/engines/UnrealEngine/Engine/Source/ThirdParty/Android/libunwind/libunwind/src/x86_64/Gos-freebsd.c,1,2,3
/media/ullmann/HDDGabriel/engines/UnrealEngine/Engine/Source/ThirdParty/Intel/Embree/Embree2140/src/common/tasking/taskschedulerppl.h,2,7,9
/media/ullmann/HDDGabriel/engines/UnrealEngine/Engine/Source/ThirdParty/Intel/TBB/IntelTBB-2019u8/src/test/test_malloc_used_by_lib.cpp,0,8,8
/media/ullmann/HDDGabriel/engines/UnrealEngine/Engine/Source/Runtime/Experimental/ChaosVehicles/ChaosVehiclesCore/Public/VehicleSystemTemplate.h,11,0,11
/media/ullmann/HDDGabriel/engines/UnrealEngine/Engine/Source/Runtime/Renderer/Private/GPUBenchmark.cpp,0,2,2
/media/ullmann/HDDGabriel/engines/UnrealEngine/Engine/Source/ThirdParty/MCPP/mcpp-2.7.2/cpp-test/test-l/nest94.h,1,1,2
/media/ullmann/HDDGabriel/engines/UnrealEngine/Engine/Source/ThirdParty/MCPP/mcpp-2.7.2/cpp-test/test-l/nest95.h,1,1,2
/media/ullmann/HDDGabriel/engines/UnrealEngine/Engine/Source/ThirdParty/FreeType2/FreeType2-2.4.12/src/cache/ftcmru.c,1,2,3
/media/ullmann/HDDGabriel/engines/UnrealEngine/Engine/Source/Developer/LogVisualizer/Private/SVisualLoggerTimeline.cpp,0,5,5
/media/ullmann/HDDGabriel/engines/UnrealEngine/Engine/Source/ThirdParty/FreeImage/FreeImage-3.18.0/Source/OpenEXR/IlmImf/ImfSystemSpecific.cpp,0,3,3
/media/ullmann/HDDGabriel/engines/UnrealEngine/Engine/Source/Runtime/Sockets/Private/IOS/IPAddressBSDIOS.h,2,1,3
/media/ullmann/HDDGabriel/engines/UnrealEngine/Engine/Source/Runtime/RenderCore/Public/RenderGraphBuilder.h,3,9,12
/media/ullmann/HDDGabriel/engines/UnrealEngine/Engine/Source/ThirdParty/ICU/icu4c-53_1/source/layout/ExtensionSubtables.cpp,0,7,7
/media/ullmann/HDDGabriel/engines/UnrealEngine/Engine/Source/ThirdParty/ICU/icu4c-53_1/source/layout/ExtensionSubtables.h,3,5,8
/media/ullmann/HDDGabriel/engines/UnrealEngine/Engine/Source/Developer/TraceInsights/Private/Insights/NetworkingProfiler/Widgets/SNetworkingProfilerWindow.cpp,0,1,1
/media/ullmann/HDDGabriel/engines/UnrealEngine/Engine/Source/Developer/TraceInsights/Private/Insights/NetworkingProfiler/Widgets/SNetworkingProfilerWindow.h,1,0,1
/media/ullmann/HDDGabriel/engines/UnrealEngine/Engine/Source/ThirdParty/PhysX3/PhysX_3.4/Source/GeomUtils/src/pcm/GuPCMTriangleContactGen.h,2,2,4
/media/ullmann/HDDGabriel/engines/UnrealEngine/Engine/Source/ThirdParty/PhysX3/PhysX_3.4/Source/GeomUtils/src/pcm/GuPersistentContactManifold.h,7,0,7
/media/ullmann/HDDGabriel/engines/UnrealEngine/Engine/Source/Runtime/Online/HTTPServer/Public/HttpRouteHandle.h,1,1,2
/media/ullmann/HDDGabriel/engines/UnrealEngine/Engine/Source/ThirdParty/SDL2/SDL-gui-backend/src/video/nacl/SDL_naclopengles.c,0,2,2
/media/ullmann/HDDGabriel/engines/UnrealEngine/Engine/Source/ThirdParty/ICU/icu4c-53_1/source/test/intltest/csdetest.cpp,0,2,2
/media/ullmann/HDDGabriel/engines/UnrealEngine/Engine/Source/ThirdParty/Boost/boost-1_70_0/include/boost/polygon/segment_traits.hpp,2,1,3
/media/ullmann/HDDGabriel/engines/UnrealEngine/Engine/Source/ThirdParty/ICU/icu4c-64_1/source/i18n/number_stringbuilder.cpp,0,2,2
/media/ullmann/HDDGabriel/engines/UnrealEngine/Engine/Source/Editor/GraphEditor/Public/SCommentBubble.h,0,1,1
/media/ullmann/HDDGabriel/engines/UnrealEngine/Engine/Source/Editor/GraphEditor/Public/SNodePanel.h,4,1,5
/media/ullmann/HDDGabriel/engines/UnrealEngine/Engine/Source/ThirdParty/PhysX3/PhysX_3.4/Source/SimulationController/src/ScConstraintSim.cpp,0,7,7
/media/ullmann/HDDGabriel/engines/UnrealEngine/Engine/Source/ThirdParty/ICU/icu4c-64_1/source/samples/layout/gdiglue.cpp,0,6,6
/media/ullmann/HDDGabriel/engines/UnrealEngine/Engine/Source/ThirdParty/ICU/icu4c-64_1/source/samples/layout/rsurface.h,6,0,6
/media/ullmann/HDDGabriel/engines/UnrealEngine/Engine/Source/ThirdParty/MCPP/mcpp-2.7.2/cpp-test/test-l/nest124.h,1,1,2
/media/ullmann/HDDGabriel/engines/UnrealEngine/Engine/Source/ThirdParty/ICU/icu4c-53_1/source/common/ucmndata.c,0,5,5
/media/ullmann/HDDGabriel/engines/UnrealEngine/Engine/Source/ThirdParty/libOpus/opus-1.0.3/silk/fixed/residual_energy_FIX.c,0,1,1
/media/ullmann/HDDGabriel/engines/UnrealEngine/Engine/Source/Programs/Enterprise/Datasmith/DatasmithARCHICADExporter/Private/Menus.cpp,0,4,4
/media/ullmann/HDDGabriel/engines/UnrealEngine/Engine/Source/Developer/GameplayDebugger/Public/GameplayDebuggerCategoryReplicator.h,0,1,1
/media/ullmann/HDDGabriel/engines/UnrealEngine/Engine/Source/Developer/GameplayDebugger/Public/GameplayDebuggerTypes.h,3,0,3
/media/ullmann/HDDGabriel/engines/UnrealEngine/Engine/Source/ThirdParty/ICU/icu4c-64_1/source/i18n/collationfcd.cpp,0,1,1
/media/ullmann/HDDGabriel/engines/UnrealEngine/Engine/Source/ThirdParty/ICU/icu4c-64_1/source/i18n/collationfcd.h,5,0,5
/media/ullmann/HDDGabriel/engines/UnrealEngine/Engine/Source/ThirdParty/PhysX3/PhysX_3.4/Include/particles/PxParticleBase.h,1,0,1
/media/ullmann/HDDGabriel/engines/UnrealEngine/Engine/Source/ThirdParty/CryptoPP/5.6.5/include/queue.h,8,2,10
/media/ullmann/HDDGabriel/engines/UnrealEngine/Engine/Source/ThirdParty/libOpus/opus-1.1/silk/fixed/corrMatrix_FIX.c,0,1,1
/media/ullmann/HDDGabriel/engines/UnrealEngine/Engine/Source/ThirdParty/Python3/Mac/include/pymath.h,1,1,2
/media/ullmann/HDDGabriel/engines/UnrealEngine/Engine/Source/ThirdParty/Python3/Mac/include/pyconfig.h,4,0,4
/media/ullmann/HDDGabriel/engines/UnrealEngine/Engine/Source/ThirdParty/ShaderConductor/ShaderConductor/External/DirectXShaderCompiler/tools/clang/lib/StaticAnalyzer/Checkers/DeadStoresChecker.cpp,0,1,1
/media/ullmann/HDDGabriel/engines/UnrealEngine/Engine/Source/ThirdParty/Oculus/LibOVRPlatform/LibOVRPlatform/include/OVR_ServiceProvider.h,2,1,3
/media/ullmann/HDDGabriel/engines/UnrealEngine/Engine/Source/ThirdParty/Intel/Embree/Embree2140/src/kernels/subdiv/patch_eval.h,2,2,4
/media/ullmann/HDDGabriel/engines/UnrealEngine/Engine/Source/ThirdParty/SDL2/SDL-gui-backend/src/joystick/bsd/SDL_bsdjoystick.c,0,3,3
/media/ullmann/HDDGabriel/engines/UnrealEngine/Engine/Source/Developer/TraceInsights/Private/Insights/MemoryProfiler/ViewModels/MemAllocTable.cpp,0,2,2
/media/ullmann/HDDGabriel/engines/UnrealEngine/Engine/Source/Developer/TraceInsights/Private/Insights/MemoryProfiler/ViewModels/MemAllocTable.h,1,0,1
/media/ullmann/HDDGabriel/engines/UnrealEngine/Engine/Source/ThirdParty/ICU/icu4c-64_1/source/common/ucasemap_titlecase_brkiter.cpp,0,8,8
/media/ullmann/HDDGabriel/engines/UnrealEngine/Engine/Source/ThirdParty/mimalloc/src/segment-cache.c,1,1,2
/media/ullmann/HDDGabriel/engines/UnrealEngine/Engine/Source/ThirdParty/mimalloc/src/bitmap.h,4,0,4
/media/ullmann/HDDGabriel/engines/UnrealEngine/Engine/Source/ThirdParty/FreeType2/FreeType2-2.4.12/src/type42/t42drivr.h,1,0,1
/media/ullmann/HDDGabriel/engines/UnrealEngine/Engine/Source/ThirdParty/CryptoPP/5.6.5/include/rc2.cpp,0,4,4
/media/ullmann/HDDGabriel/engines/UnrealEngine/Engine/Source/ThirdParty/Boost/boost-1_70_0/include/boost/compute/command_queue.hpp,0,1,1
/media/ullmann/HDDGabriel/engines/UnrealEngine/Engine/Source/ThirdParty/Boost/boost-1_70_0/include/boost/compute/algorithm,3,0,3
/media/ullmann/HDDGabriel/engines/UnrealEngine/Engine/Source/ThirdParty/SDL2/SDL-gui-backend/src/video/psp/SDL_pspvideo.c,0,7,7
/media/ullmann/HDDGabriel/engines/UnrealEngine/Engine/Source/ThirdParty/Android/libunwind/libunwind/src/ppc64/Linit.c,0,1,1
/media/ullmann/HDDGabriel/engines/UnrealEngine/Engine/Source/ThirdParty/Android/libunwind/libunwind/src/ppc64/Ginit.c,1,2,3
/media/ullmann/HDDGabriel/engines/UnrealEngine/Engine/Source/ThirdParty/Intel/Embree/Embree2140/src/kernels/subdiv/feature_adaptive_eval.h,1,1,2
/media/ullmann/HDDGabriel/engines/UnrealEngine/Engine/Source/ThirdParty/SDL2/SDL-gui-backend/src/video/x11/SDL_x11touch.c,0,5,5
/media/ullmann/HDDGabriel/engines/UnrealEngine/Engine/Source/ThirdParty/SDL2/SDL-gui-backend/src/video/x11/SDL_x11touch.h,3,1,4
/media/ullmann/HDDGabriel/engines/UnrealEngine/Engine/Source/ThirdParty/llvm/8/include/llvm/MC/MCWasmStreamer.h,0,2,2
/media/ullmann/HDDGabriel/engines/UnrealEngine/Engine/Source/ThirdParty/llvm/8/include/llvm/MC/MCCodeEmitter.h,1,0,1
/media/ullmann/HDDGabriel/engines/UnrealEngine/Engine/Source/ThirdParty/zlib/zlib-1.2.5/Src/contrib/minizip/iowin32.c,0,2,2
/media/ullmann/HDDGabriel/engines/UnrealEngine/Engine/Source/ThirdParty/zlib/zlib-1.2.5/Src/contrib/minizip/ioapi.h,4,0,4
/media/ullmann/HDDGabriel/engines/UnrealEngine/Engine/Source/ThirdParty/PhysX3/PxShared/src/foundation/include/PsSocket.h,0,1,1
/media/ullmann/HDDGabriel/engines/UnrealEngine/Engine/Source/ThirdParty/PhysX3/PxShared/src/foundation/include/PsUserAllocated.h,6,1,7
/media/ullmann/HDDGabriel/engines/UnrealEngine/Engine/Source/ThirdParty/ICU/icu4c-53_1/source/io/sprintf.c,0,3,3
/media/ullmann/HDDGabriel/engines/UnrealEngine/Engine/Source/ThirdParty/libOpus/opus-1.3.1-12/silk/fixed/LTP_scale_ctrl_FIX.c,0,1,1
/media/ullmann/HDDGabriel/engines/UnrealEngine/Engine/Source/ThirdParty/Android/libunwind/libunwind/include/libunwind-mips.h,1,2,3
/media/ullmann/HDDGabriel/engines/UnrealEngine/Engine/Source/ThirdParty/Oculus/LibOVRPlatform/LibOVRPlatform/include/OVR_ApplicationVersion.h,3,1,4
/media/ullmann/HDDGabriel/engines/UnrealEngine/Engine/Source/ThirdParty/ShaderConductor/ShaderConductor/External/DirectXShaderCompiler/tools/clang/lib/CodeGen/CGDebugInfo.cpp,0,6,6
/media/ullmann/HDDGabriel/engines/UnrealEngine/Engine/Source/ThirdParty/libOpus/opus-1.3.1-12/silk/resampler_private_AR2.c,0,2,2
/media/ullmann/HDDGabriel/engines/UnrealEngine/Engine/Source/ThirdParty/libOpus/opus-1.3.1-12/silk/resampler_private.h,7,3,10
/media/ullmann/HDDGabriel/engines/UnrealEngine/Engine/Source/ThirdParty/coremod/coremod-4.2.6/src/virtual.c,0,2,2
/media/ullmann/HDDGabriel/engines/UnrealEngine/Engine/Source/Runtime/PhysicsCore/Public/PhysXSupportCore.h,1,3,4
/media/ullmann/HDDGabriel/engines/UnrealEngine/Engine/Source/Editor/ConfigEditor/Private/ConfigEditorModule.cpp,0,2,2
/media/ullmann/HDDGabriel/engines/UnrealEngine/Engine/Source/Editor/ConfigEditor/Private/SConfigEditor.h,2,0,2
/media/ullmann/HDDGabriel/engines/UnrealEngine/Engine/Source/Runtime/ImageWrapper/Private/ImageWrapperBase.cpp,0,1,1
/media/ullmann/HDDGabriel/engines/UnrealEngine/Engine/Source/Runtime/ImageWrapper/Private/ImageWrapperBase.h,1,0,1
/media/ullmann/HDDGabriel/engines/UnrealEngine/Engine/Source/ThirdParty/SDL2/SDL-gui-backend/src/core/android/SDL_android.c,0,11,11
/media/ullmann/HDDGabriel/engines/UnrealEngine/Engine/Source/ThirdParty/SDL2/SDL-gui-backend/src/core/android/keyinfotable.h,1,0,1
/media/ullmann/HDDGabriel/engines/UnrealEngine/Engine/Source/ThirdParty/ICU/icu4c-64_1/source/i18n/uitercollationiterator.cpp,0,5,5
/media/ullmann/HDDGabriel/engines/UnrealEngine/Engine/Source/Developer/SourceControl/Private/SourceControlModule.cpp,0,2,2
/media/ullmann/HDDGabriel/engines/UnrealEngine/Engine/Source/ThirdParty/MCPP/mcpp-2.7.2/test-l/nest121.h,1,1,2
/media/ullmann/HDDGabriel/engines/UnrealEngine/Engine/Source/ThirdParty/MCPP/mcpp-2.7.2/test-l/nest122.h,1,1,2
/media/ullmann/HDDGabriel/engines/UnrealEngine/Engine/Source/ThirdParty/FreeType2/FreeType2-2.6/Src/pcf/pcf.c,0,3,3
/media/ullmann/HDDGabriel/engines/UnrealEngine/Engine/Source/Editor/DetailCustomizations/Private/MaterialProxySettingsCustomizations.h,2,0,2
/media/ullmann/HDDGabriel/engines/UnrealEngine/Engine/Source/Developer/ShaderCompilerCommon/Private/HlslUtils.h,4,0,4
/media/ullmann/HDDGabriel/engines/UnrealEngine/Engine/Source/ThirdParty/CryptoPP/5.6.5/include/crc.cpp,0,4,4
/media/ullmann/HDDGabriel/engines/UnrealEngine/Engine/Source/ThirdParty/CryptoPP/5.6.5/include/mars.cpp,0,3,3
/media/ullmann/HDDGabriel/engines/UnrealEngine/Engine/Source/ThirdParty/ICU/icu4c-53_1/source/tools/tzcode/zic.c,0,3,3
/media/ullmann/HDDGabriel/engines/UnrealEngine/Engine/Source/ThirdParty/ICU/icu4c-53_1/source/tools/tzcode/tzfile.h,4,0,4
/media/ullmann/HDDGabriel/engines/UnrealEngine/Engine/Source/ThirdParty/FreeType2/FreeType2-2.10.0/src/sfnt/ttbdf.c,1,2,3
/media/ullmann/HDDGabriel/engines/UnrealEngine/Engine/Source/ThirdParty/FreeType2/FreeType2-2.10.0/src/sfnt/ttbdf.h,3,1,4
/media/ullmann/HDDGabriel/engines/UnrealEngine/Engine/Source/ThirdParty/ICU/icu4c-64_1/source/test/intltest/numfmtst.cpp,0,5,5
/media/ullmann/HDDGabriel/engines/UnrealEngine/Engine/Source/ThirdParty/ICU/icu4c-64_1/source/test/intltest/winnmtst.h,2,0,2
/media/ullmann/HDDGabriel/engines/UnrealEngine/Engine/Source/ThirdParty/CryptoPP/5.6.5/include/md5.h,4,1,5
/media/ullmann/HDDGabriel/engines/UnrealEngine/Engine/Source/ThirdParty/ICU/icu4c-64_1/source/i18n/number_mapper.cpp,0,4,4
/media/ullmann/HDDGabriel/engines/UnrealEngine/Engine/Source/ThirdParty/WebRTC/4147/Include/tools/clang/blink_gc_plugin/tests/trace_after_dispatch_impl.h,0,1,1
/media/ullmann/HDDGabriel/engines/UnrealEngine/Engine/Source/Runtime/MovieScene/Public/EntitySystem/MovieSceneEntitySystemTask.h,0,1,1
/media/ullmann/HDDGabriel/engines/UnrealEngine/Engine/Source/Runtime/MovieScene/Public/EntitySystem/MovieSceneEntityIDs.h,5,0,5
/media/ullmann/HDDGabriel/engines/UnrealEngine/Engine/Source/ThirdParty/PhysX3/APEX_1.4/NvParameterized/include/XmlSerializer.h,0,1,1
/media/ullmann/HDDGabriel/engines/UnrealEngine/Engine/Source/Runtime/VulkanRHI/Private/VulkanPendingState.cpp,0,4,4
/media/ullmann/HDDGabriel/engines/UnrealEngine/Engine/Source/ThirdParty/FreeType2/FreeType2-2.10.4/src/cid/cidriver.h,1,0,1
/media/ullmann/HDDGabriel/engines/UnrealEngine/Engine/Source/ThirdParty/MCPP/mcpp-2.7.2/test-l/nest25.h,1,1,2
/media/ullmann/HDDGabriel/engines/UnrealEngine/Engine/Source/ThirdParty/MCPP/mcpp-2.7.2/test-l/nest26.h,1,1,2
/media/ullmann/HDDGabriel/engines/UnrealEngine/Engine/Source/ThirdParty/FreeType2/FreeType2-2.10.4/src/raster/ftrend1.c,1,3,4
/media/ullmann/HDDGabriel/engines/UnrealEngine/Engine/Source/ThirdParty/FreeType2/FreeType2-2.10.4/src/raster/rasterrs.h,2,0,2
/media/ullmann/HDDGabriel/engines/UnrealEngine/Engine/Source/ThirdParty/OpenVDB/openvdb-8.1.0/openvdb_houdini/openvdb_houdini/SOP_NodeVDB.h,1,1,2
/media/ullmann/HDDGabriel/engines/UnrealEngine/Engine/Source/ThirdParty/OpenVDB/openvdb-8.1.0/openvdb_houdini/openvdb_houdini/SOP_VDBVerbUtils.h,1,0,1
/media/ullmann/HDDGabriel/engines/UnrealEngine/Engine/Source/ThirdParty/FreeType2/FreeType2-2.10.0/src/base/ftadvanc.c,1,0,1
/media/ullmann/HDDGabriel/engines/UnrealEngine/Engine/Source/ThirdParty/Intel/Embree/Embree2140/src/common/simd/vuint16_avx512.h,1,0,1
/media/ullmann/HDDGabriel/engines/UnrealEngine/Engine/Source/ThirdParty/Imath/Imath-3.1.3/src/python/PyImath/PyImathShear.cpp,0,6,6
/media/ullmann/HDDGabriel/engines/UnrealEngine/Engine/Source/ThirdParty/FreeType2/FreeType2-2.10.4/src/autofit/afwarp.h,5,1,6
/media/ullmann/HDDGabriel/engines/UnrealEngine/Engine/Source/ThirdParty/ICU/icu4c-64_1/source/test/cintltst/cnmdptst.c,0,2,2
/media/ullmann/HDDGabriel/engines/UnrealEngine/Engine/Source/ThirdParty/Intel/Embree/Embree2140/src/kernels/bvh/bvh_intersector_single.cpp,0,16,16
/media/ullmann/HDDGabriel/engines/UnrealEngine/Engine/Source/ThirdParty/CryptoPP/5.6.2/include/md5.h,4,1,5
/media/ullmann/HDDGabriel/engines/UnrealEngine/Engine/Source/ThirdParty/libOpus/opus-1.0.3/silk/float/warped_autocorrelation_FLP.c,0,1,1
/media/ullmann/HDDGabriel/engines/UnrealEngine/Engine/Source/ThirdParty/PhysX3/PhysX_3.4/Source/LowLevel/common/include/pipeline/PxcNpThreadContext.h,1,2,3
/media/ullmann/HDDGabriel/engines/UnrealEngine/Engine/Source/ThirdParty/PhysX3/PhysX_3.4/Source/LowLevel/common/include/pipeline/PxcConstraintBlockStream.h,1,1,2
/media/ullmann/HDDGabriel/engines/UnrealEngine/Engine/Source/ThirdParty/ICU/icu4c-53_1/source/common/localsvc.h,1,1,2
/media/ullmann/HDDGabriel/engines/UnrealEngine/Engine/Source/ThirdParty/CryptoPP/5.6.5/include/rdrand.cpp,0,6,6
/media/ullmann/HDDGabriel/engines/UnrealEngine/Engine/Source/Editor/EditorWidgets/Private/STransportControl.cpp,0,1,1
/media/ullmann/HDDGabriel/engines/UnrealEngine/Engine/Source/Editor/EditorWidgets/Private/STransportControl.h,2,0,2
/media/ullmann/HDDGabriel/engines/UnrealEngine/Engine/Source/ThirdParty/OpenSubdiv/OpenSubdiv-3.4.4/regression/shapes/catmark_square_hedit0.h,2,0,2
/media/ullmann/HDDGabriel/engines/UnrealEngine/Engine/Source/ThirdParty/PhysX3/APEX_1.4/module/clothing_legacy/include/autogen/ClothingCookedPhysX3Param_0p3.h,1,0,1
/media/ullmann/HDDGabriel/engines/UnrealEngine/Engine/Source/ThirdParty/ICU/icu4c-53_1/source/test/intltest/strtest.h,2,1,3
/media/ullmann/HDDGabriel/engines/UnrealEngine/Engine/Source/Programs/UnrealHeaderTool/Private/PropertyTypes.cpp,0,7,7
/media/ullmann/HDDGabriel/engines/UnrealEngine/Engine/Source/Programs/UnrealHeaderTool/Private/HeaderParser.h,7,6,13
/media/ullmann/HDDGabriel/engines/UnrealEngine/Engine/Source/ThirdParty/PhysX3/APEX_1.4/module/emitter/include/GroundEmitterActorImpl.h,0,2,2
/media/ullmann/HDDGabriel/engines/UnrealEngine/Engine/Source/ThirdParty/PhysX3/APEX_1.4/module/emitter/include/EmitterScene.h,3,1,4
/media/ullmann/HDDGabriel/engines/UnrealEngine/Engine/Source/ThirdParty/OpenSubdiv/Deploy/OpenSubdiv-3.4.4/include/opensubdiv/sdc/crease.h,5,2,7
/media/ullmann/HDDGabriel/engines/UnrealEngine/Engine/Source/Editor/Persona/Private/AnimTimeline/AnimModel.h,9,0,9
/media/ullmann/HDDGabriel/engines/UnrealEngine/Engine/Source/ThirdParty/openexr/openexr-3.1.1/src/lib/OpenEXR/ImfRgbaFile.cpp,0,7,7
/media/ullmann/HDDGabriel/engines/UnrealEngine/Engine/Source/ThirdParty/openexr/openexr-3.1.1/src/lib/OpenEXR/ImfOutputFile.h,4,3,7
/media/ullmann/HDDGabriel/engines/UnrealEngine/Engine/Source/Runtime/Core/Public/Containers/CircularBuffer.h,1,0,1
/media/ullmann/HDDGabriel/engines/UnrealEngine/Engine/Source/Editor/LandscapeEditor/Private/LandscapeEditorDetailCustomization_Base.h,13,0,13
/media/ullmann/HDDGabriel/engines/UnrealEngine/Engine/Source/ThirdParty/Intel/Embree/Embree270/src/kernels/common/subdiv/bilinear_patch.h,1,2,3
/media/ullmann/HDDGabriel/engines/UnrealEngine/Engine/Source/Editor/Sequencer/Private/SequencerAddKeyOperation.cpp,0,3,3
/media/ullmann/HDDGabriel/engines/UnrealEngine/Engine/Source/ThirdParty/libPNG/libPNG-1.6.37/contrib/libtests/pngimage.c,0,1,1
/media/ullmann/HDDGabriel/engines/UnrealEngine/Engine/Source/ThirdParty/Intel/Embree/Embree270/Win64/include/embree2/rtcore_geometry_user.h,1,0,1
/media/ullmann/HDDGabriel/engines/UnrealEngine/Engine/Source/Developer/GraphColor/Private/graphExtensions.cpp,0,4,4
/media/ullmann/HDDGabriel/engines/UnrealEngine/Engine/Source/Developer/GraphColor/Private/graphExtensions.private.h,2,1,3
/media/ullmann/HDDGabriel/engines/UnrealEngine/Engine/Source/Runtime/Experimental/Interchange/Core/Public/InterchangePipelineBase.h,0,3,3
/media/ullmann/HDDGabriel/engines/UnrealEngine/Engine/Source/ThirdParty/ICU/icu4c-53_1/source/common/utypeinfo.h,5,0,5
/media/ullmann/HDDGabriel/engines/UnrealEngine/Engine/Source/ThirdParty/CryptoPP/5.6.5/include/rng.cpp,0,3,3
/media/ullmann/HDDGabriel/engines/UnrealEngine/Engine/Source/ThirdParty/ICU/icu4c-53_1/source/layout/ContextualSubstSubtables.cpp,0,9,9
/media/ullmann/HDDGabriel/engines/UnrealEngine/Engine/Source/ThirdParty/Intel/ISPC/ispc-1.16.1/src/util.cpp,0,2,2
/media/ullmann/HDDGabriel/engines/UnrealEngine/Engine/Source/ThirdParty/libOpus/opus-1.1/silk/NLSF_decode.c,0,1,1
/media/ullmann/HDDGabriel/engines/UnrealEngine/Engine/Source/ThirdParty/FreeType2/FreeType2-2.6/Src/autofit/afindic.h,2,1,3
/media/ullmann/HDDGabriel/engines/UnrealEngine/Engine/Source/Editor/PropertyEditor/Private/DetailGroup.h,5,2,7
/media/ullmann/HDDGabriel/engines/UnrealEngine/Engine/Source/ThirdParty/OpenVDB/openvdb-8.1.0/openvdb_ax/openvdb_ax/ast/PrintTree.h,1,0,1
/media/ullmann/HDDGabriel/engines/UnrealEngine/Engine/Source/ThirdParty/nvTextureTools/nvTextureTools-2.0.6/src/src/nvtt/squish/singlechannelfit.h,1,3,4
/media/ullmann/HDDGabriel/engines/UnrealEngine/Engine/Source/ThirdParty/nvTextureTools/nvTextureTools-2.0.6/src/src/nvtt/squish/maths.h,11,1,12
/media/ullmann/HDDGabriel/engines/UnrealEngine/Engine/Source/Runtime/Renderer/Private/Lumen/LumenVisualizeHardwareRayTracing.cpp,0,5,5
/media/ullmann/HDDGabriel/engines/UnrealEngine/Engine/Source/Runtime/Renderer/Private/Lumen/LumenVisualize.h,2,0,2
/media/ullmann/HDDGabriel/engines/UnrealEngine/Engine/Source/Developer/Merge/Private/MergeUtils.cpp,0,1,1
/media/ullmann/HDDGabriel/engines/UnrealEngine/Engine/Source/Developer/Merge/Private/MergeUtils.h,4,0,4
/media/ullmann/HDDGabriel/engines/UnrealEngine/Engine/Source/Editor/Persona/Private/AnimNotifyDetails.cpp,0,2,2
/media/ullmann/HDDGabriel/engines/UnrealEngine/Engine/Source/ThirdParty/FreeImage/FreeImage-3.18.0/Source/LibTIFF4/tif_zip.c,0,2,2
/media/ullmann/HDDGabriel/engines/UnrealEngine/Engine/Source/ThirdParty/ICU/icu4c-53_1/source/i18n/numsys.cpp,0,2,2
/media/ullmann/HDDGabriel/engines/UnrealEngine/Engine/Source/ThirdParty/ICU/icu4c-53_1/source/i18n/numsys_impl.h,1,1,2
/media/ullmann/HDDGabriel/engines/UnrealEngine/Engine/Source/ThirdParty/PhysX3/PxShared/src/foundation/include/PsVecMathUtilities.h,0,1,1
/media/ullmann/HDDGabriel/engines/UnrealEngine/Engine/Source/ThirdParty/FreeImage/FreeImage-3.18.0/Source/LibPNG/pngwio.c,0,1,1
/media/ullmann/HDDGabriel/engines/UnrealEngine/Engine/Source/ThirdParty/PhysX3/PhysX_3.4/Source/GeomUtils/src/mesh/GuRTreeQueries.cpp,0,2,2
/media/ullmann/HDDGabriel/engines/UnrealEngine/Engine/Source/ThirdParty/ShaderConductor/ShaderConductor/External/SPIRV-Tools/source/opt/graphics_robust_access_pass.h,1,6,7
/media/ullmann/HDDGabriel/engines/UnrealEngine/Engine/Source/ThirdParty/ShaderConductor/ShaderConductor/External/SPIRV-Tools/source/opt/module.h,2,0,2
/media/ullmann/HDDGabriel/engines/UnrealEngine/Engine/Source/ThirdParty/SDL2/SDL-gui-backend/src/file/SDL_rwops.c,0,4,4
/media/ullmann/HDDGabriel/engines/UnrealEngine/Engine/Source/ThirdParty/SDL2/SDL-gui-backend/src/file/cocoa/SDL_rwopsbundlesupport.h,1,0,1
/media/ullmann/HDDGabriel/engines/UnrealEngine/Engine/Source/Runtime/Renderer/Private/VolumetricFog.cpp,0,12,12
/media/ullmann/HDDGabriel/engines/UnrealEngine/Engine/Source/Runtime/Renderer/Private/GenerateConservativeDepthBuffer.h,2,0,2
/media/ullmann/HDDGabriel/engines/UnrealEngine/Engine/Source/ThirdParty/Intel/ISPC/ispc-1.17.0/benchmarks/01_trivial/01_aossoa.cpp,0,1,1
/media/ullmann/HDDGabriel/engines/UnrealEngine/Engine/Source/ThirdParty/Intel/ISPC/ispc-1.17.0/benchmarks/common.h,7,0,7
/media/ullmann/HDDGabriel/engines/UnrealEngine/Engine/Source/ThirdParty/Intel/TBB/IntelTBB-2019u8/examples/parallel_for/tachyon/src/vector.cpp,0,3,3
/media/ullmann/HDDGabriel/engines/UnrealEngine/Engine/Source/ThirdParty/ICU/icu4c-53_1/source/layout/TibetanReordering.cpp,0,4,4
/media/ullmann/HDDGabriel/engines/UnrealEngine/Engine/Source/ThirdParty/ICU/icu4c-53_1/source/layout/TibetanReordering.h,2,0,2
/media/ullmann/HDDGabriel/engines/UnrealEngine/Engine/Source/ThirdParty/ICU/icu4c-53_1/source/samples/layout/cmaps.h,5,1,6
/media/ullmann/HDDGabriel/engines/UnrealEngine/Engine/Source/ThirdParty/SDL2/SDL-gui-backend/src/joystick/windows/SDL_dinputjoystick.c,0,7,7
/media/ullmann/HDDGabriel/engines/UnrealEngine/Engine/Source/ThirdParty/FakeIt/2.0.2/config/boost/fakeit.hpp,0,1,1
/media/ullmann/HDDGabriel/engines/UnrealEngine/Engine/Source/ThirdParty/FakeIt/2.0.2/config/boost/fakeit_instance.hpp,1,1,2
/media/ullmann/HDDGabriel/engines/UnrealEngine/Engine/Source/ThirdParty/ICU/icu4c-64_1/source/i18n/double-conversion.h,4,1,5
/media/ullmann/HDDGabriel/engines/UnrealEngine/Engine/Source/ThirdParty/ShaderConductor/ShaderConductor/External/DirectXShaderCompiler/tools/clang/lib/SPIRV/RawBufferMethods.cpp,0,2,2
/media/ullmann/HDDGabriel/engines/UnrealEngine/Engine/Source/ThirdParty/ShaderConductor/ShaderConductor/External/DirectXShaderCompiler/tools/clang/lib/SPIRV/RawBufferMethods.h,2,1,3
/media/ullmann/HDDGabriel/engines/UnrealEngine/Engine/Source/Runtime/GeometryCore/Public/DynamicMesh/MeshTangents.h,0,2,2
/media/ullmann/HDDGabriel/engines/UnrealEngine/Engine/Source/Runtime/GeometryCore/Public/DynamicMesh/DynamicMesh3.h,2,1,3
/media/ullmann/HDDGabriel/engines/UnrealEngine/Engine/Source/ThirdParty/Intel/Embree/Embree2140/src/kernels/common/scene_geometry_instance.cpp,0,2,2
/media/ullmann/HDDGabriel/engines/UnrealEngine/Engine/Source/ThirdParty/Intel/Embree/Embree2140/src/kernels/common/scene_geometry_instance.h,2,1,3
/media/ullmann/HDDGabriel/engines/UnrealEngine/Engine/Source/ThirdParty/Intel/TBB/IntelTBB-2019u8/src/test/test_ScalableAllocator_STL.cpp,0,2,2
/media/ullmann/HDDGabriel/engines/UnrealEngine/Engine/Source/ThirdParty/ICU/icu4c-64_1/source/common/ucnv_u8.cpp,0,10,10
/media/ullmann/HDDGabriel/engines/UnrealEngine/Engine/Source/ThirdParty/CryptoPP/5.6.2/include/pssr.cpp,0,2,2
/media/ullmann/HDDGabriel/engines/UnrealEngine/Engine/Source/Runtime/Experimental/Chaos/Public/Chaos/PBDCollisionConstraints.h,1,3,4
/media/ullmann/HDDGabriel/engines/UnrealEngine/Engine/Source/Editor/DetailCustomizations/Private/AutoReimportDirectoryCustomization.h,2,0,2
/media/ullmann/HDDGabriel/engines/UnrealEngine/Engine/Source/ThirdParty/Oculus/LibOVRPlatform/LibOVRPlatform/include/OVR_PlatformInitializeResult.h,1,1,2
/media/ullmann/HDDGabriel/engines/UnrealEngine/Engine/Source/ThirdParty/libcurl/curl-7.55.1/include/Win32/VS2015/curl/curl.h,2,5,7
/media/ullmann/HDDGabriel/engines/UnrealEngine/Engine/Source/ThirdParty/libcurl/curl-7.55.1/include/Win32/VS2015/curl/typecheck-gcc.h,1,0,1
/media/ullmann/HDDGabriel/engines/UnrealEngine/Engine/Source/Developer/AutomationWindow/Private/SAutomationWindowCommandBar.cpp,0,2,2
/media/ullmann/HDDGabriel/engines/UnrealEngine/Engine/Source/Developer/AutomationWindow/Private/SAutomationWindowCommandBar.h,2,0,2
/media/ullmann/HDDGabriel/engines/UnrealEngine/Engine/Source/ThirdParty/ShaderConductor/ShaderConductor/External/DirectXShaderCompiler/lib/CodeGen/AsmPrinter/WinCodeViewLineTables.h,2,1,3
/media/ullmann/HDDGabriel/engines/UnrealEngine/Engine/Source/ThirdParty/MCPP/mcpp-2.7.2/test-c/m_33_ksc.c,0,1,1
/media/ullmann/HDDGabriel/engines/UnrealEngine/Engine/Source/ThirdParty/hlslcc/hlslcc/src/hlslcc_lib/opt_structure_splitting.cpp,0,7,7
/media/ullmann/HDDGabriel/engines/UnrealEngine/Engine/Source/ThirdParty/Expat/expat-2.2.10/xmlwf/xmlmime.c,0,1,1
/media/ullmann/HDDGabriel/engines/UnrealEngine/Engine/Source/ThirdParty/Expat/expat-2.2.10/xmlwf/xmlmime.h,1,0,1
/media/ullmann/HDDGabriel/engines/UnrealEngine/Engine/Source/ThirdParty/ICU/icu4c-53_1/source/layout/IndicRearrangementProcessor.cpp,0,9,9
/media/ullmann/HDDGabriel/engines/UnrealEngine/Engine/Source/ThirdParty/ICU/icu4c-53_1/source/layout/StateTables.h,14,2,16
/media/ullmann/HDDGabriel/engines/UnrealEngine/Engine/Source/ThirdParty/Alembic/alembic-1.8.2/python/PyAlembic/PyOGeomParamVertexPoint.cpp,0,2,2
/media/ullmann/HDDGabriel/engines/UnrealEngine/Engine/Source/Runtime/VulkanRHI/Private/VulkanState.h,3,0,3
/media/ullmann/HDDGabriel/engines/UnrealEngine/Engine/Source/ThirdParty/PhysX3/PxShared/src/pvd/src/PxPvdMemClient.cpp,0,3,3
/media/ullmann/HDDGabriel/engines/UnrealEngine/Engine/Source/ThirdParty/ICU/icu4c-53_1/source/i18n/collationfastlatinbuilder.h,2,2,4
/media/ullmann/HDDGabriel/engines/UnrealEngine/Engine/Source/ThirdParty/ICU/icu4c-53_1/source/i18n/collationfastlatin.h,7,0,7
/media/ullmann/HDDGabriel/engines/UnrealEngine/Engine/Source/ThirdParty/Oculus/LibOVRPlatform/LibOVRPlatform/include/OVR_Team.h,2,2,4
/media/ullmann/HDDGabriel/engines/UnrealEngine/Engine/Source/ThirdParty/ShaderConductor/ShaderConductor/External/DirectXShaderCompiler/tools/clang/lib/ARCMigrate/TransProtectedScope.cpp,0,2,2
/media/ullmann/HDDGabriel/engines/UnrealEngine/Engine/Source/ThirdParty/ICU/icu4c-53_1/source/i18n/reldtfmt.cpp,0,6,6
/media/ullmann/HDDGabriel/engines/UnrealEngine/Engine/Source/Runtime/RuntimeAssetCache/Public/RuntimeAssetCachePluginInterface.h,1,1,2
/media/ullmann/HDDGabriel/engines/UnrealEngine/Engine/Source/Runtime/RuntimeAssetCache/Public/RuntimeAssetCacheInterface.h,3,0,3
/media/ullmann/HDDGabriel/engines/UnrealEngine/Engine/Source/ThirdParty/Intel/TBB/IntelTBB-2019u8/src/test/harness_checktype.h,8,0,8
/media/ullmann/HDDGabriel/engines/UnrealEngine/Engine/Source/ThirdParty/FreeType2/FreeType2-2.10.0/src/pfr/pfrcmap.c,1,3,4
/media/ullmann/HDDGabriel/engines/UnrealEngine/Engine/Source/ThirdParty/FreeType2/FreeType2-2.10.0/src/pfr/pfrobjs.h,5,1,6
/media/ullmann/HDDGabriel/engines/UnrealEngine/Engine/Source/ThirdParty/nvTextureTools/nvTextureTools-2.0.6/src/gnuwin32/include/jpeglib.h,0,3,3
/media/ullmann/HDDGabriel/engines/UnrealEngine/Engine/Source/ThirdParty/nvTextureTools/nvTextureTools-2.0.6/src/gnuwin32/include/jerror.h,1,0,1
/media/ullmann/HDDGabriel/engines/UnrealEngine/Engine/Source/ThirdParty/FreeType2/FreeType2-2.10.4/src/otvalid/otvmod.c,1,3,4
/media/ullmann/HDDGabriel/engines/UnrealEngine/Engine/Source/ThirdParty/ICU/icu4c-64_1/source/common/propsvec.h,2,3,5
/media/ullmann/HDDGabriel/engines/UnrealEngine/Engine/Source/ThirdParty/PhysX3/APEX_1.4/module/destructible_legacy/include/autogen/DestructibleActorParam_0p0.h,1,0,1
/media/ullmann/HDDGabriel/engines/UnrealEngine/Engine/Source/ThirdParty/ShaderConductor/ShaderConductor/External/DirectXShaderCompiler/tools/clang/lib/SPIRV/EmitVisitor.cpp,0,1,1
/media/ullmann/HDDGabriel/engines/UnrealEngine/Engine/Source/ThirdParty/ShaderConductor/ShaderConductor/External/DirectXShaderCompiler/tools/clang/lib/SPIRV/EmitVisitor.h,2,0,2
/media/ullmann/HDDGabriel/engines/UnrealEngine/Engine/Source/ThirdParty/openexr/openexr-3.1.1/src/test/OpenEXRTest/testMultiPartSharedAttributes.cpp,0,2,2
/media/ullmann/HDDGabriel/engines/UnrealEngine/Engine/Source/ThirdParty/openexr/openexr-3.1.1/src/test/OpenEXRTest/testMultiPartSharedAttributes.h,2,0,2
/media/ullmann/HDDGabriel/engines/UnrealEngine/Engine/Source/ThirdParty/ICU/icu4c-64_1/source/common/rbbi.cpp,0,18,18
/media/ullmann/HDDGabriel/engines/UnrealEngine/Engine/Source/ThirdParty/FreeType2/FreeType2-2.6/Src/truetype/ttinterp.c,1,3,4
/media/ullmann/HDDGabriel/engines/UnrealEngine/Engine/Source/ThirdParty/FreeType2/FreeType2-2.6/Src/truetype/ttsubpix.h,3,2,5
/media/ullmann/HDDGabriel/engines/UnrealEngine/Engine/Source/Runtime/MovieScene/Public/EntitySystem/MovieSceneEntitySystemRunner.h,1,1,2
/media/ullmann/HDDGabriel/engines/UnrealEngine/Engine/Source/Editor/DetailCustomizations/Private/PrimitiveComponentDetails.h,2,1,3
/media/ullmann/HDDGabriel/engines/UnrealEngine/Engine/Source/Editor/AnimGraph/Public/AnimGraphNode_BlendBoneByChannel.h,0,1,1
/media/ullmann/HDDGabriel/engines/UnrealEngine/Engine/Source/ThirdParty/CryptoPP/5.6.2/include/iterhash.h,10,4,14
/media/ullmann/HDDGabriel/engines/UnrealEngine/Engine/Source/Developer/TraceInsights/Private/Insights/ViewModels/TimeFilterValueConverter.cpp,0,1,1
/media/ullmann/HDDGabriel/engines/UnrealEngine/Engine/Source/Developer/TraceInsights/Private/Insights/ViewModels/TimeFilterValueConverter.h,1,0,1
/media/ullmann/HDDGabriel/engines/UnrealEngine/Engine/Source/ThirdParty/Intel/Embree/Embree270/src/kernels/algorithms/pset.h,2,4,6
/media/ullmann/HDDGabriel/engines/UnrealEngine/Engine/Source/ThirdParty/Intel/Embree/Embree270/src/kernels/algorithms/sort.h,4,5,9
/media/ullmann/HDDGabriel/engines/UnrealEngine/Engine/Source/ThirdParty/ICU/icu4c-64_1/source/i18n/tmutamt.cpp,0,1,1
/media/ullmann/HDDGabriel/engines/UnrealEngine/Engine/Source/ThirdParty/ICU/icu4c-64_1/source/i18n/unicode/tmutamt.h,1,0,1
/media/ullmann/HDDGabriel/engines/UnrealEngine/Engine/Source/ThirdParty/OpenSubdiv/OpenSubdiv-3.4.4/regression/hbr_regression/baseline.cpp,0,2,2
/media/ullmann/HDDGabriel/engines/UnrealEngine/Engine/Source/ThirdParty/OpenSubdiv/OpenSubdiv-3.4.4/regression/hbr_regression/init_shapes.h,2,2,4
/media/ullmann/HDDGabriel/engines/UnrealEngine/Engine/Source/Runtime/RHI/Public/RHIStaticStates.h,0,1,1
/media/ullmann/HDDGabriel/engines/UnrealEngine/Engine/Source/ThirdParty/Alembic/alembic-1.8.2/maya/AbcExport/MayaCameraWriter.h,2,3,5
/media/ullmann/HDDGabriel/engines/UnrealEngine/Engine/Source/Runtime/NetworkFileSystem/Private/NetworkFileServer.cpp,0,3,3
/media/ullmann/HDDGabriel/engines/UnrealEngine/Engine/Source/Runtime/AudioCaptureCore/Private/AudioCaptureCore.cpp,0,1,1
/media/ullmann/HDDGabriel/engines/UnrealEngine/Engine/Source/Runtime/AudioCaptureCore/Private/AudioCaptureInternal.h,1,0,1
/media/ullmann/HDDGabriel/engines/UnrealEngine/Engine/Source/Runtime/MediaAssets/Public/StreamMediaSource.h,0,1,1
/media/ullmann/HDDGabriel/engines/UnrealEngine/Engine/Source/Runtime/AVEncoder/Private/Decoders/vdecmpeg4/vdecmpeg4_Image.h,1,1,2
/media/ullmann/HDDGabriel/engines/UnrealEngine/Engine/Source/Runtime/AVEncoder/Private/Decoders/vdecmpeg4/vdecmpeg4_Types.h,7,0,7
/media/ullmann/HDDGabriel/engines/UnrealEngine/Engine/Source/ThirdParty/openexr/openexr-3.1.1/src/lib/OpenEXR/ImfLut.h,2,3,5
/media/ullmann/HDDGabriel/engines/UnrealEngine/Engine/Source/ThirdParty/ShaderConductor/ShaderConductor/External/DirectXShaderCompiler/tools/clang/lib/Parse/ParseObjc.cpp,0,1,1
/media/ullmann/HDDGabriel/engines/UnrealEngine/Engine/Source/Runtime/SlateCore/Public/Rendering/SlateDrawBuffer.h,1,0,1
/media/ullmann/HDDGabriel/engines/UnrealEngine/Engine/Source/Runtime/Renderer/Private/IndirectLightRendering.h,4,2,6
/media/ullmann/HDDGabriel/engines/UnrealEngine/Engine/Source/ThirdParty/SDL2/SDL-gui-backend/src/video/x11/SDL_x11keyboard.c,0,6,6
/media/ullmann/HDDGabriel/engines/UnrealEngine/Engine/Source/ThirdParty/SDL2/SDL-gui-backend/src/events/imKStoUCS.h,3,0,3
/media/ullmann/HDDGabriel/engines/UnrealEngine/Engine/Source/ThirdParty/ICU/icu4c-53_1/source/i18n/dtitv_impl.h,2,0,2
/media/ullmann/HDDGabriel/engines/UnrealEngine/Engine/Source/ThirdParty/Python3/Linux/include/python3.9/pymem.h,2,2,4
/media/ullmann/HDDGabriel/engines/UnrealEngine/Engine/Source/ThirdParty/FreeType2/FreeType2-2.10.0/src/psaux/psstack.h,2,0,2
/media/ullmann/HDDGabriel/engines/UnrealEngine/Engine/Source/Runtime/Engine/Private/EngineAnalytics.cpp,0,2,2
/media/ullmann/HDDGabriel/engines/UnrealEngine/Engine/Source/Runtime/Engine/Private/EngineSessionManager.h,2,0,2
/media/ullmann/HDDGabriel/engines/UnrealEngine/Engine/Source/Editor/SkeletonEditor/Private/SkeletonTreeManager.cpp,0,2,2
/media/ullmann/HDDGabriel/engines/UnrealEngine/Engine/Source/Editor/SkeletonEditor/Private/SkeletonTreeManager.h,2,0,2
/media/ullmann/HDDGabriel/engines/UnrealEngine/Engine/Source/ThirdParty/PhysX3/PhysX_3.4/Source/GeomUtils/src/mesh/GuBV4_BoxOverlap.cpp,0,5,5
/media/ullmann/HDDGabriel/engines/UnrealEngine/Engine/Source/Runtime/UMG/Public/Components/VerticalBoxSlot.h,1,0,1
/media/ullmann/HDDGabriel/engines/UnrealEngine/Engine/Source/ThirdParty/GoogleGameSDK/gamesdk/src/swappy/common/ChoreographerFilter.cpp,0,3,3
/media/ullmann/HDDGabriel/engines/UnrealEngine/Engine/Source/ThirdParty/ICU/icu4c-64_1/source/common/util.cpp,0,4,4
/media/ullmann/HDDGabriel/engines/UnrealEngine/Engine/Source/ThirdParty/ICU/icu4c-64_1/source/common/util.h,6,3,9
/media/ullmann/HDDGabriel/engines/UnrealEngine/Engine/Source/ThirdParty/ICU/icu4c-64_1/source/test/cintltst/ucsdetst.c,0,1,1
/media/ullmann/HDDGabriel/engines/UnrealEngine/Engine/Source/ThirdParty/OpenVDB/openvdb-8.1.0/openvdb_ax/openvdb_ax/test/integration/TestVDBFunctions.cc,0,2,2
/media/ullmann/HDDGabriel/engines/UnrealEngine/Engine/Source/ThirdParty/ICU/icu4c-64_1/source/test/intltest/transtst.cpp,0,1,1
/media/ullmann/HDDGabriel/engines/UnrealEngine/Engine/Source/ThirdParty/ICU/icu4c-64_1/source/test/intltest/transtst.h,3,1,4
/media/ullmann/HDDGabriel/engines/UnrealEngine/Engine/Source/ThirdParty/coremod/coremod-4.2.6/src/period.c,0,2,2
/media/ullmann/HDDGabriel/engines/UnrealEngine/Engine/Source/ThirdParty/coremod/coremod-4.2.6/src/period.h,6,0,6
/media/ullmann/HDDGabriel/engines/UnrealEngine/Engine/Source/Runtime/Renderer/Private/AmbientCubemapParameters.h,2,0,2
/media/ullmann/HDDGabriel/engines/UnrealEngine/Engine/Source/Runtime/Renderer/Private/RayTracing/RaytracingOptions.h,9,0,9
/media/ullmann/HDDGabriel/engines/UnrealEngine/Engine/Source/ThirdParty/CryptoPP/5.6.5/include/fipstest.cpp,0,7,7
/media/ullmann/HDDGabriel/engines/UnrealEngine/Engine/Source/ThirdParty/FreeType2/FreeType2-2.4.12/src/gzip/infutil.c,1,5,6
/media/ullmann/HDDGabriel/engines/UnrealEngine/Engine/Source/Runtime/WebBrowser/Private/CEF/CEFBrowserPopupFeatures.h,2,0,2
/media/ullmann/HDDGabriel/engines/UnrealEngine/Engine/Source/Developer/GraphColor/Private/graphColorVertices_Extensions.cpp,0,2,2
/media/ullmann/HDDGabriel/engines/UnrealEngine/Engine/Source/Developer/GraphColor/Private/graphColorVertices.private.h,2,1,3
/media/ullmann/HDDGabriel/engines/UnrealEngine/Engine/Source/Editor/PropertyEditor/Private/SSingleProperty.h,2,1,3
/media/ullmann/HDDGabriel/engines/UnrealEngine/Engine/Source/Runtime/Renderer/Private/MobileSeparateTranslucencyPass.h,2,1,3
/media/ullmann/HDDGabriel/engines/UnrealEngine/Engine/Source/ThirdParty/Vorbis/libvorbis-1.3.2/lib/registry.c,0,3,3
/media/ullmann/HDDGabriel/engines/UnrealEngine/Engine/Source/ThirdParty/libOpus/opus-1.3.1-12/celt/arm/celt_neon_intr.c,0,1,1
/media/ullmann/HDDGabriel/engines/UnrealEngine/Engine/Source/ThirdParty/Intel/TBB/IntelTBB-2019u8/src/tbb/scheduler_utility.h,2,1,3
/media/ullmann/HDDGabriel/engines/UnrealEngine/Engine/Source/Editor/DetailCustomizations/Private/IntervalStructCustomization.cpp,0,1,1
/media/ullmann/HDDGabriel/engines/UnrealEngine/Engine/Source/Editor/DetailCustomizations/Private/IntervalStructCustomization.h,2,0,2
/media/ullmann/HDDGabriel/engines/UnrealEngine/Engine/Source/Editor/UndoHistory/Public/UndoHistory.h,0,1,1
/media/ullmann/HDDGabriel/engines/UnrealEngine/Engine/Source/Editor/UndoHistory/Public/Interfaces/IUndoHistoryModule.h,2,0,2
/media/ullmann/HDDGabriel/engines/UnrealEngine/Engine/Source/ThirdParty/OpenSubdiv/OpenSubdiv-3.4.4/opensubdiv/osd/mtlMesh.h,0,3,3
/media/ullmann/HDDGabriel/engines/UnrealEngine/Engine/Source/ThirdParty/OpenVDB/openvdb-8.1.0/openvdb/openvdb/python/pyVec3Grid.cc,0,1,1
/media/ullmann/HDDGabriel/engines/UnrealEngine/Engine/Source/ThirdParty/FreeImage/FreeImage-3.18.0/Source/OpenEXR/IlmImf/dwaLookups.cpp,0,3,3
/media/ullmann/HDDGabriel/engines/UnrealEngine/Engine/Source/ThirdParty/OpenSubdiv/OpenSubdiv-3.4.4/opensubdiv/osd/glXFBEvaluator.h,1,4,5
/media/ullmann/HDDGabriel/engines/UnrealEngine/Engine/Source/Programs/UnrealLightmass/Private/LightmassCore/Misc/LMThreading.cpp,0,1,1
/media/ullmann/HDDGabriel/engines/UnrealEngine/Engine/Source/Programs/UnrealLightmass/Private/LightmassCore/Misc/LMThreading.h,1,0,1
/media/ullmann/HDDGabriel/engines/UnrealEngine/Engine/Source/ThirdParty/OpenVDB/openvdb-8.1.0/openvdb_ax/openvdb_ax/ast/Scanners.h,5,2,7
/media/ullmann/HDDGabriel/engines/UnrealEngine/Engine/Source/Editor/ContentBrowser/Private/AssetContextMenu.cpp,0,3,3
/media/ullmann/HDDGabriel/engines/UnrealEngine/Engine/Source/Editor/ContentBrowser/Private/ContentBrowserCommands.h,6,0,6
/media/ullmann/HDDGabriel/engines/UnrealEngine/Engine/Source/Developer/Settings/Private/SettingsContainer.cpp,0,1,1
/media/ullmann/HDDGabriel/engines/UnrealEngine/Engine/Source/Developer/Settings/Private/SettingsContainer.h,2,1,3
/media/ullmann/HDDGabriel/engines/UnrealEngine/Engine/Source/Runtime/Windows/D3D11RHI/Private/Windows/D3D11RHIBasePrivate.h,1,0,1
/media/ullmann/HDDGabriel/engines/UnrealEngine/Engine/Source/ThirdParty/FreeType2/FreeType2-2.6/Src/cache/ftcglyph.c,1,3,4
/media/ullmann/HDDGabriel/engines/UnrealEngine/Engine/Source/ThirdParty/WebRTC/4147/Include/third_party/libvpx/source/libvpx/vp8/common/onyxd.h,0,1,1
/media/ullmann/HDDGabriel/engines/UnrealEngine/Engine/Source/ThirdParty/SDL2/SDL-gui-backend/src/video/wayland/SDL_waylandclipboard.h,2,1,3
/media/ullmann/HDDGabriel/engines/UnrealEngine/Engine/Source/ThirdParty/Boost/boost-1_70_0/include/boost/iostreams/detail/streambuf.hpp,0,1,1
/media/ullmann/HDDGabriel/engines/UnrealEngine/Engine/Source/ThirdParty/Boost/boost-1_70_0/include/boost/iostreams/detail/streambuf,1,0,1
/media/ullmann/HDDGabriel/engines/UnrealEngine/Engine/Source/ThirdParty/Oculus/LibOVRPlatform/LibOVRPlatform/include/OVR_AbuseReportOptions.h,2,3,5
/media/ullmann/HDDGabriel/engines/UnrealEngine/Engine/Source/Runtime/Toolbox/Private/ToolboxModule.cpp,0,2,2
/media/ullmann/HDDGabriel/engines/UnrealEngine/Engine/Source/Editor/MovieSceneTools/Private/EditModes/SkeletalAnimationTrackEditMode.h,2,0,2
/media/ullmann/HDDGabriel/engines/UnrealEngine/Engine/Source/ThirdParty/PhysX3/PhysX_3.4/Source/PhysXCharacterKinematic/src/CctSweptBox.cpp,0,2,2
/media/ullmann/HDDGabriel/engines/UnrealEngine/Engine/Source/ThirdParty/Python3/Win64/include/internal/pycore_object.h,0,3,3
/media/ullmann/HDDGabriel/engines/UnrealEngine/Engine/Source/ThirdParty/Python3/Win64/include/internal/pycore_interp.h,2,4,6
/media/ullmann/HDDGabriel/engines/UnrealEngine/Engine/Source/ThirdParty/PhysX3/APEX_1.4/shared/general/HACD/public/PxVector.h,1,1,2
/media/ullmann/HDDGabriel/engines/UnrealEngine/Engine/Source/ThirdParty/OpenVDB/Deploy/openvdb-8.1.0/include/openvdb/math/FiniteDifference.h,1,3,4
/media/ullmann/HDDGabriel/engines/UnrealEngine/Engine/Source/ThirdParty/Alembic/alembic-1.8.2/python/PyAlembic/PyOTypedArrayProperty.cpp,0,1,1
/media/ullmann/HDDGabriel/engines/UnrealEngine/Engine/Source/ThirdParty/Intel/TBB/IntelTBB-2019u8/src/tbbmalloc/tbb_function_replacement.h,2,0,2
/media/ullmann/HDDGabriel/engines/UnrealEngine/Engine/Source/Editor/WorldBrowser/Private/StreamingLevels/StreamingLevelEdMode.h,1,0,1
/media/ullmann/HDDGabriel/engines/UnrealEngine/Engine/Source/Runtime/Renderer/Private/SingleLayerWaterRendering.cpp,0,14,14
/media/ullmann/HDDGabriel/engines/UnrealEngine/Engine/Source/ThirdParty/libOpus/opus-1.0.3/celt/entenc.c,0,4,4
/media/ullmann/HDDGabriel/engines/UnrealEngine/Engine/Source/ThirdParty/libOpus/opus-1.0.3/celt/arch.h,21,2,23
/media/ullmann/HDDGabriel/engines/UnrealEngine/Engine/Source/ThirdParty/openexr/openexr-3.1.1/src/lib/OpenEXR/ImfTileDescriptionAttribute.h,7,4,11
/media/ullmann/HDDGabriel/engines/UnrealEngine/Engine/Source/Runtime/D3D12RHI/Public/D3D12Resources.h,1,1,2
/media/ullmann/HDDGabriel/engines/UnrealEngine/Engine/Source/Runtime/D3D12RHI/Public/D3D12ShaderResources.h,1,0,1
/media/ullmann/HDDGabriel/engines/UnrealEngine/Engine/Source/Runtime/Core/Public/Math/TwoVectors.h,3,0,3
/media/ullmann/HDDGabriel/engines/UnrealEngine/Engine/Source/Editor/DetailCustomizations/Private/TimecodeDetailsCustomization.h,2,0,2
/media/ullmann/HDDGabriel/engines/UnrealEngine/Engine/Source/ThirdParty/PhysX3/APEX_1.4/shared/general/HACD/include/dgTree.h,1,1,2
/media/ullmann/HDDGabriel/engines/UnrealEngine/Engine/Source/ThirdParty/openexr/openexr-3.1.1/src/test/OpenEXRTest/testMultiPartFileMixingBasic.cpp,0,4,4
/media/ullmann/HDDGabriel/engines/UnrealEngine/Engine/Source/ThirdParty/FreeType2/FreeType2-2.6/Src/cff/cffpic.h,4,1,5
/media/ullmann/HDDGabriel/engines/UnrealEngine/Engine/Source/ThirdParty/Perforce/p4api-2014.2/include/p4/clientresolvea.h,1,1,2
/media/ullmann/HDDGabriel/engines/UnrealEngine/Engine/Source/ThirdParty/Perforce/p4api-2014.2/include/p4/clientmerge.h,2,0,2
/media/ullmann/HDDGabriel/engines/UnrealEngine/Engine/Source/ThirdParty/CryptoPP/5.6.5/include/rw.h,5,3,8
/media/ullmann/HDDGabriel/engines/UnrealEngine/Engine/Source/ThirdParty/libOpus/opus-1.0.3/silk/NLSF2A.c,0,2,2
/media/ullmann/HDDGabriel/engines/UnrealEngine/Engine/Source/ThirdParty/ICU/icu4c-53_1/source/common/ubidiln.c,0,7,7
/media/ullmann/HDDGabriel/engines/UnrealEngine/Engine/Source/ThirdParty/Intel/Embree/Embree2140/src/common/tasking/taskscheduler.h,0,3,3
/media/ullmann/HDDGabriel/engines/UnrealEngine/Engine/Source/ThirdParty/Intel/Embree/Embree2140/src/common/tasking/taskschedulertbb.h,2,7,9
/media/ullmann/HDDGabriel/engines/UnrealEngine/Engine/Source/ThirdParty/Intel/Embree/Embree2140/src/kernels/common/geometry.cpp,0,2,2
/media/ullmann/HDDGabriel/engines/UnrealEngine/Engine/Source/Runtime/Engine/Public/BlendableManager.h,5,0,5
/media/ullmann/HDDGabriel/engines/UnrealEngine/Engine/Source/ThirdParty/rpclib/Source/include/rpc/msgpack/adaptor/cpp11/unordered_map.hpp,1,0,1
/media/ullmann/HDDGabriel/engines/UnrealEngine/Engine/Source/Editor/SkeletonEditor/Private/BoneProxyDetailsCustomization.cpp,0,1,1
/media/ullmann/HDDGabriel/engines/UnrealEngine/Engine/Source/Editor/SkeletonEditor/Private/BoneProxyDetailsCustomization.h,2,0,2
/media/ullmann/HDDGabriel/engines/UnrealEngine/Engine/Source/ThirdParty/ICU/icu4c-53_1/source/test/intltest/thcoll.h,2,1,3
/media/ullmann/HDDGabriel/engines/UnrealEngine/Engine/Source/ThirdParty/FreeType2/FreeType2-2.10.4/src/sfnt/sfwoff2.h,2,0,2
/media/ullmann/HDDGabriel/engines/UnrealEngine/Engine/Source/Runtime/MediaUtils/Public/MediaSampleSinks.h,1,1,2
/media/ullmann/HDDGabriel/engines/UnrealEngine/Engine/Source/Runtime/MediaUtils/Public/MediaSampleSink.h,2,0,2
/media/ullmann/HDDGabriel/engines/UnrealEngine/Engine/Source/ThirdParty/ShaderConductor/ShaderConductor/External/DirectXShaderCompiler/utils/TableGen/DAGISelMatcherOpt.cpp,0,2,2
/media/ullmann/HDDGabriel/engines/UnrealEngine/Engine/Source/ThirdParty/ShaderConductor/ShaderConductor/External/DirectXShaderCompiler/utils/TableGen/DAGISelMatcher.h,5,0,5
/media/ullmann/HDDGabriel/engines/UnrealEngine/Engine/Source/ThirdParty/OpenSubdiv/OpenSubdiv-3.4.4/regression/shapes/catmark_fan.h,1,0,1
/media/ullmann/HDDGabriel/engines/UnrealEngine/Engine/Source/ThirdParty/ICU/icu4c-64_1/source/test/intltest/rbbitst.h,2,1,3
/media/ullmann/HDDGabriel/engines/UnrealEngine/Engine/Source/Developer/TraceServices/Private/Model/CallstacksProvider.cpp,0,2,2
/media/ullmann/HDDGabriel/engines/UnrealEngine/Engine/Source/Developer/TraceServices/Private/Model/CallstacksProvider.h,2,0,2
/media/ullmann/HDDGabriel/engines/UnrealEngine/Engine/Source/ThirdParty/Intel/TBB/IntelTBB-2019u8/src/test/test_environment_whitebox.cpp,0,2,2
/media/ullmann/HDDGabriel/engines/UnrealEngine/Engine/Source/ThirdParty/openexr/openexr-3.1.1/src/test/OpenEXRTest/testAttributes.cpp,0,1,1
/media/ullmann/HDDGabriel/engines/UnrealEngine/Engine/Source/Editor/Persona/Private/AnimTimeline/AnimModel_AnimMontage.h,5,1,6
/media/ullmann/HDDGabriel/engines/UnrealEngine/Engine/Source/Runtime/Experimental/Voronoi/Private/voro++/src/v_compute.cc,0,4,4
/media/ullmann/HDDGabriel/engines/UnrealEngine/Engine/Source/Runtime/Experimental/Voronoi/Private/voro++/src/container.hh,2,0,2
/media/ullmann/HDDGabriel/engines/UnrealEngine/Engine/Source/ThirdParty/Intel/TBB/IntelTBB-2019u8/include/tbb/tick_count.h,2,2,4
/media/ullmann/HDDGabriel/engines/UnrealEngine/Engine/Source/ThirdParty/Intel/TBB/IntelTBB-2019u8/include/tbb/machine/windows_api.h,6,0,6
/media/ullmann/HDDGabriel/engines/UnrealEngine/Engine/Source/Developer/Windows/ShaderFormatD3D/Private/D3DShaderCompiler.cpp,0,2,2
/media/ullmann/HDDGabriel/engines/UnrealEngine/Engine/Source/Developer/Windows/ShaderFormatD3D/Private/ShaderFormatD3D.h,3,0,3
/media/ullmann/HDDGabriel/engines/UnrealEngine/Engine/Source/Editor/DataTableEditor/Private/SDataTableListViewRow.cpp,0,2,2
/media/ullmann/HDDGabriel/engines/UnrealEngine/Engine/Source/Editor/DataTableEditor/Private/SDataTableListViewRow.h,2,0,2
/media/ullmann/HDDGabriel/engines/UnrealEngine/Engine/Source/ThirdParty/ICU/icu4c-64_1/source/test/intltest/tfsmalls.cpp,0,2,2
/media/ullmann/HDDGabriel/engines/UnrealEngine/Engine/Source/ThirdParty/ICU/icu4c-64_1/source/test/intltest/tfsmalls.h,2,1,3
/media/ullmann/HDDGabriel/engines/UnrealEngine/Engine/Source/Developer/LogVisualizer/Private/SVisualLoggerReport.h,2,2,4
/media/ullmann/HDDGabriel/engines/UnrealEngine/Engine/Source/Developer/LogVisualizer/Private/SVisualLoggerTimeline.h,6,0,6
/media/ullmann/HDDGabriel/engines/UnrealEngine/Engine/Source/Editor/SceneOutliner/Public/SceneOutlinerPublicTypes.h,9,1,10
/media/ullmann/HDDGabriel/engines/UnrealEngine/Engine/Source/Editor/Cascade/Private/SCascadeEmitterCanvas.cpp,0,2,2
/media/ullmann/HDDGabriel/engines/UnrealEngine/Engine/Source/Runtime/Engine/Classes/Sound/SoundSubmix.h,0,4,4
/media/ullmann/HDDGabriel/engines/UnrealEngine/Engine/Source/Runtime/Engine/Classes/Sound/SoundSubmixSend.h,2,0,2
/media/ullmann/HDDGabriel/engines/UnrealEngine/Engine/Source/Runtime/Online/BuildPatchServices/Public/BuildPatchSettings.h,2,5,7
/media/ullmann/HDDGabriel/engines/UnrealEngine/Engine/Source/Runtime/Online/BuildPatchServices/Public/BuildPatchDelta.h,1,1,2
/media/ullmann/HDDGabriel/engines/UnrealEngine/Engine/Source/ThirdParty/ShaderConductor/ShaderConductor/External/DirectXShaderCompiler/lib/DxilDia/DxilDiaSymbolManager.cpp,0,3,3
/media/ullmann/HDDGabriel/engines/UnrealEngine/Engine/Source/ThirdParty/ShaderConductor/ShaderConductor/External/DirectXShaderCompiler/lib/DxilDia/DxilDiaTableSymbols.h,4,2,6
/media/ullmann/HDDGabriel/engines/UnrealEngine/Engine/Source/ThirdParty/PhysX3/PhysX_3.4/Source/SimulationController/src/ScStaticSim.cpp,0,3,3
/media/ullmann/HDDGabriel/engines/UnrealEngine/Engine/Source/ThirdParty/ICU/icu4c-64_1/source/test/intltest/fldset.cpp,0,2,2
/media/ullmann/HDDGabriel/engines/UnrealEngine/Engine/Source/ThirdParty/ICU/icu4c-64_1/source/test/intltest/fldset.h,3,0,3
/media/ullmann/HDDGabriel/engines/UnrealEngine/Engine/Source/ThirdParty/Oculus/LibOVRPlatform/LibOVRPlatform/include/OVR_MatchmakingBrowseResult.h,2,3,5
/media/ullmann/HDDGabriel/engines/UnrealEngine/Engine/Source/ThirdParty/PhysX3/PhysX_3.4/Source/PhysX/src/NpMaterial.cpp,0,2,2
/media/ullmann/HDDGabriel/engines/UnrealEngine/Engine/Source/ThirdParty/PhysX3/PhysX_3.4/Source/PhysX/src/NpMaterial.h,5,0,5
/media/ullmann/HDDGabriel/engines/UnrealEngine/Engine/Source/ThirdParty/libOpus/opus-1.0.3/include/opus_multistream.h,0,1,1
/media/ullmann/HDDGabriel/engines/UnrealEngine/Engine/Source/ThirdParty/libOpus/opus-1.0.3/include/opus.h,1,2,3
/media/ullmann/HDDGabriel/engines/UnrealEngine/Engine/Source/Runtime/PerfCounters/Private/PerfCounters.cpp,0,2,2
/media/ullmann/HDDGabriel/engines/UnrealEngine/Engine/Source/Runtime/PerfCounters/Private/ZeroLoad.h,2,0,2
/media/ullmann/HDDGabriel/engines/UnrealEngine/Engine/Source/ThirdParty/Android/libunwind/libunwind/src/dwarf/Lstep_dwarf.c,0,1,1
/media/ullmann/HDDGabriel/engines/UnrealEngine/Engine/Source/ThirdParty/ICU/icu4c-53_1/source/common/uvectr64.h,1,4,5
/media/ullmann/HDDGabriel/engines/UnrealEngine/Engine/Source/Editor/Persona/Private/AnimTimeline/AnimTimelineTrack_FloatCurve.h,2,1,3
/media/ullmann/HDDGabriel/engines/UnrealEngine/Engine/Source/ThirdParty/openexr/openexr-3.1.1/src/lib/OpenEXR/ImfStringAttribute.cpp,0,1,1
/media/ullmann/HDDGabriel/engines/UnrealEngine/Engine/Source/Developer/Windows/LiveCoding/Private/External/LC_Executable.cpp,0,4,4
/media/ullmann/HDDGabriel/engines/UnrealEngine/Engine/Source/Developer/Windows/LiveCoding/Private/External/LC_MemoryMappedFile.h,3,1,4
/media/ullmann/HDDGabriel/engines/UnrealEngine/Engine/Source/ThirdParty/Intel/MetricsDiscovery/MetricsDiscoveryHelper/samples/range_sample_dx11/imgui/examples/allegro5_example/imgui_impl_allegro5.cpp,0,1,1
/media/ullmann/HDDGabriel/engines/UnrealEngine/Engine/Source/ThirdParty/Intel/MetricsDiscovery/MetricsDiscoveryHelper/samples/range_sample_dx11/imgui/examples/allegro5_example/imgui_impl_allegro5.h,2,0,2
/media/ullmann/HDDGabriel/engines/UnrealEngine/Engine/Source/Runtime/Engine/Public/PrimitiveUniformShaderParameters.h,6,3,9
/media/ullmann/HDDGabriel/engines/UnrealEngine/Engine/Source/ThirdParty/ICU/icu4c-53_1/source/test/intltest/tokiter.cpp,0,2,2
/media/ullmann/HDDGabriel/engines/UnrealEngine/Engine/Source/ThirdParty/HarfBuzz/harfbuzz-1.2.4/src/hb-ot-head-table.hh,3,0,3
/media/ullmann/HDDGabriel/engines/UnrealEngine/Engine/Source/Editor/StatsViewer/Private/ActorArrayHyperlinkColumn.cpp,0,1,1
/media/ullmann/HDDGabriel/engines/UnrealEngine/Engine/Source/Editor/StatsViewer/Private/ActorArrayHyperlinkColumn.h,2,0,2
/media/ullmann/HDDGabriel/engines/UnrealEngine/Engine/Source/Editor/LandscapeEditor/Private/LandscapeEditorDetailCustomization_ImportExport.h,4,2,6
/media/ullmann/HDDGabriel/engines/UnrealEngine/Engine/Source/Editor/CurveEditor/Private/SCurveEditorToolProperties.cpp,0,1,1
/media/ullmann/HDDGabriel/engines/UnrealEngine/Engine/Source/Editor/CurveEditor/Private/SCurveEditorToolProperties.h,2,0,2
/media/ullmann/HDDGabriel/engines/UnrealEngine/Engine/Source/ThirdParty/FreeImage/FreeImage-3.18.0/Source/LibJXR/common/include/wmspecstring.h,0,3,3
/media/ullmann/HDDGabriel/engines/UnrealEngine/Engine/Source/ThirdParty/FreeImage/FreeImage-3.18.0/Source/LibJXR/common/include/wmspecstrings_strict.h,1,1,2
/media/ullmann/HDDGabriel/engines/UnrealEngine/Engine/Source/ThirdParty/libOpus/opus-1.0.3/src/repacketizer.c,0,1,1
/media/ullmann/HDDGabriel/engines/UnrealEngine/Engine/Source/ThirdParty/FreeType2/FreeType2-2.4.12/src/bdf/bdf.c,0,2,2
/media/ullmann/HDDGabriel/engines/UnrealEngine/Engine/Source/ThirdParty/FreeType2/FreeType2-2.4.12/src/bdf/bdfdrivr.c,1,3,4
/media/ullmann/HDDGabriel/engines/UnrealEngine/Engine/Source/ThirdParty/ICU/icu4c-53_1/include/layout/LEGlyphStorage.h,0,2,2
/media/ullmann/HDDGabriel/engines/UnrealEngine/Engine/Source/ThirdParty/ICU/icu4c-53_1/include/layout/LEInsertionList.h,1,1,2
/media/ullmann/HDDGabriel/engines/UnrealEngine/Engine/Source/Editor/BlueprintGraph/Classes/K2Node_CastByteToEnum.h,0,2,2
/media/ullmann/HDDGabriel/engines/UnrealEngine/Engine/Source/ThirdParty/Vorbis/libvorbis-1.3.2/lib/masking.h,2,0,2
/media/ullmann/HDDGabriel/engines/UnrealEngine/Engine/Source/Editor/MaterialEditor/Private/MaterialInstanceEditor.cpp,0,5,5
/media/ullmann/HDDGabriel/engines/UnrealEngine/Engine/Source/ThirdParty/SDL2/SDL-gui-backend/include/SDL_config_pandora.h,0,1,1
/media/ullmann/HDDGabriel/engines/UnrealEngine/Engine/Source/Programs/UnrealLightmass/Private/Lighting/GatheredLightingSample.h,2,0,2
/media/ullmann/HDDGabriel/engines/UnrealEngine/Engine/Source/ThirdParty/Python3/Mac/include/parsetok.h,0,2,2
/media/ullmann/HDDGabriel/engines/UnrealEngine/Engine/Source/ThirdParty/Python3/Mac/include/node.h,2,0,2
/media/ullmann/HDDGabriel/engines/UnrealEngine/Engine/Source/ThirdParty/Crunch/src/crnlib/crn_qdxt5.cpp,0,7,7
/media/ullmann/HDDGabriel/engines/UnrealEngine/Engine/Source/ThirdParty/EOSSDK/SDK/Bin/Android/include/eos_reports_types.h,2,1,3
/media/ullmann/HDDGabriel/engines/UnrealEngine/Engine/Source/Runtime/Online/BuildPatchServices/Private/Installer/Statistics/VerifierStatistics.h,1,0,1
/media/ullmann/HDDGabriel/engines/UnrealEngine/Engine/Source/Editor/IntroTutorials/Private/STutorialButton.cpp,0,4,4
/media/ullmann/HDDGabriel/engines/UnrealEngine/Engine/Source/Editor/IntroTutorials/Private/STutorialButton.h,2,0,2
/media/ullmann/HDDGabriel/engines/UnrealEngine/Engine/Source/ThirdParty/PhysX3/APEX_1.4/module/destructible/fracture/Compound.h,4,1,5
/media/ullmann/HDDGabriel/engines/UnrealEngine/Engine/Source/Editor/AnimationBlueprintEditor/Private/AnimationNodes/SPoseWatchOverlay.cpp,0,1,1
/media/ullmann/HDDGabriel/engines/UnrealEngine/Engine/Source/Editor/AnimationBlueprintEditor/Private/AnimationNodes/SPoseWatchOverlay.h,4,0,4
/media/ullmann/HDDGabriel/engines/UnrealEngine/Engine/Source/ThirdParty/PhysX3/APEX_1.4/module/destructible/fracture/Core/CompoundCreatorBase.cpp,0,1,1
/media/ullmann/HDDGabriel/engines/UnrealEngine/Engine/Source/ThirdParty/PhysX3/APEX_1.4/module/destructible/fracture/Core/CompoundCreatorBase.h,3,1,4
/media/ullmann/HDDGabriel/engines/UnrealEngine/Engine/Source/ThirdParty/Intel/ISPC/ispc-1.16.1/src/target_enums.cpp,0,3,3
/media/ullmann/HDDGabriel/engines/UnrealEngine/Engine/Source/ThirdParty/Intel/ISPC/ispc-1.16.1/src/target_enums.h,3,0,3
/media/ullmann/HDDGabriel/engines/UnrealEngine/Engine/Source/ThirdParty/Intel/Embree/Embree270/src/common/sys/alloc.cpp,0,3,3
/media/ullmann/HDDGabriel/engines/UnrealEngine/Engine/Source/ThirdParty/PhysX3/PhysX_3.4/Source/LowLevel/common/include/pipeline/PxcNpWorkUnit.h,0,3,3
/media/ullmann/HDDGabriel/engines/UnrealEngine/Engine/Source/ThirdParty/PhysX3/PhysX_3.4/Source/LowLevel/common/include/pipeline/PxcNpCache.h,1,1,2
/media/ullmann/HDDGabriel/engines/UnrealEngine/Engine/Source/ThirdParty/Crunch/src/crnlib/crn_mipmapped_texture.cpp,0,8,8
/media/ullmann/HDDGabriel/engines/UnrealEngine/Engine/Source/Runtime/VulkanRHI/Private/VulkanState.cpp,0,2,2
/media/ullmann/HDDGabriel/engines/UnrealEngine/Engine/Source/Editor/BehaviorTreeEditor/Classes/BehaviorTreeGraphNode_Root.h,0,1,1
/media/ullmann/HDDGabriel/engines/UnrealEngine/Engine/Source/Editor/BehaviorTreeEditor/Classes/BehaviorTreeGraphNode.h,6,0,6
/media/ullmann/HDDGabriel/engines/UnrealEngine/Engine/Source/ThirdParty/Android/libunwind/libunwind/src/dwarf/Lfind_unwind_table.c,0,1,1
/media/ullmann/HDDGabriel/engines/UnrealEngine/Engine/Source/ThirdParty/Android/libunwind/libunwind/src/dwarf/Gfind_unwind_table.c,1,0,1
/media/ullmann/HDDGabriel/engines/UnrealEngine/Engine/Source/ThirdParty/OpenSubdiv/OpenSubdiv-3.4.4/opensubdiv/far/topologyLevel.h,2,4,6
/media/ullmann/HDDGabriel/engines/UnrealEngine/Engine/Source/ThirdParty/OpenSubdiv/OpenSubdiv-3.4.4/opensubdiv/far/types.h,8,2,10
/media/ullmann/HDDGabriel/engines/UnrealEngine/Engine/Source/ThirdParty/Oculus/LibOVRPlatform/LibOVRPlatform/include/OVR_UserOrdering.h,1,1,2
/media/ullmann/HDDGabriel/engines/UnrealEngine/Engine/Source/Runtime/MessagingRpc/Private/MessageRpcServer.cpp,0,1,1
/media/ullmann/HDDGabriel/engines/UnrealEngine/Engine/Source/ThirdParty/ShaderConductor/ShaderConductor/External/DirectXShaderCompiler/lib/DxilDia/DxcPixCompilationInfo.cpp,0,4,4
/media/ullmann/HDDGabriel/engines/UnrealEngine/Engine/Source/Runtime/Experimental/Chaos/Public/Chaos/CollisionFilterData.h,0,1,1
/media/ullmann/HDDGabriel/engines/UnrealEngine/Engine/Source/Editor/DetailCustomizations/Private/SourceCodeAccessSettingsDetails.cpp,0,1,1
/media/ullmann/HDDGabriel/engines/UnrealEngine/Engine/Source/Editor/DetailCustomizations/Private/SourceCodeAccessSettingsDetails.h,2,0,2
/media/ullmann/HDDGabriel/engines/UnrealEngine/Engine/Source/ThirdParty/Intel/TBB/IntelTBB-2019u8/src/tbb/observer_proxy.cpp,1,5,6
/media/ullmann/HDDGabriel/engines/UnrealEngine/Engine/Source/ThirdParty/openexr/openexr-3.1.1/src/lib/OpenEXRUtil/ImfImageChannel.h,5,1,6
/media/ullmann/HDDGabriel/engines/UnrealEngine/Engine/Source/Programs/SwitchboardListener/Private/SwitchboardTasks.h,3,0,3
/media/ullmann/HDDGabriel/engines/UnrealEngine/Engine/Source/ThirdParty/PhysX3/APEX_1.4/include/TestBase.h,0,1,1
/media/ullmann/HDDGabriel/engines/UnrealEngine/Engine/Source/ThirdParty/Intel/Embree/Embree2140/src/common/sys/barrier.h,4,3,7
/media/ullmann/HDDGabriel/engines/UnrealEngine/Engine/Source/ThirdParty/SDL2/SDL-gui-backend/src/audio/SDL_audiodev_c.h,7,2,9
/media/ullmann/HDDGabriel/engines/UnrealEngine/Engine/Source/ThirdParty/FreeType2/FreeType2-2.10.4/src/base/ftcolor.c,1,0,1
/media/ullmann/HDDGabriel/engines/UnrealEngine/Engine/Source/ThirdParty/ShaderConductor/ShaderConductor/External/SPIRV-Tools/source/opt/interp_fixup_pass.cpp,0,2,2
/media/ullmann/HDDGabriel/engines/UnrealEngine/Engine/Source/ThirdParty/ShaderConductor/ShaderConductor/External/SPIRV-Tools/source/opt/type_manager.h,4,0,4
/media/ullmann/HDDGabriel/engines/UnrealEngine/Engine/Source/ThirdParty/ShaderConductor/ShaderConductor/External/DirectXShaderCompiler/tools/obj2yaml/coff2yaml.cpp,0,1,1
/media/ullmann/HDDGabriel/engines/UnrealEngine/Engine/Source/ThirdParty/ShaderConductor/ShaderConductor/External/DirectXShaderCompiler/tools/obj2yaml/obj2yaml.h,3,0,3
/media/ullmann/HDDGabriel/engines/UnrealEngine/Engine/Source/ThirdParty/FreeType2/FreeType2-2.10.4/src/sfnt/ttkern.c,1,2,3
/media/ullmann/HDDGabriel/engines/UnrealEngine/Engine/Source/ThirdParty/FreeType2/FreeType2-2.10.4/src/sfnt/ttkern.h,3,0,3
/media/ullmann/HDDGabriel/engines/UnrealEngine/Engine/Source/ThirdParty/SDL2/SDL-gui-backend/src/video/vita/SDL_vitavideo.c,0,9,9
/media/ullmann/HDDGabriel/engines/UnrealEngine/Engine/Source/ThirdParty/SDL2/SDL-gui-backend/src/video/vita/SDL_vitamouse_c.h,2,1,3
/media/ullmann/HDDGabriel/engines/UnrealEngine/Engine/Source/ThirdParty/FreeType2/FreeType2-2.4.12/src/autofit/afmodule.h,3,1,4
/media/ullmann/HDDGabriel/engines/UnrealEngine/Engine/Source/ThirdParty/ShaderConductor/ShaderConductor/External/DirectXShaderCompiler/tools/clang/unittests/SPIRV/SpirvConstantTest.cpp,0,1,1
/media/ullmann/HDDGabriel/engines/UnrealEngine/Engine/Source/ThirdParty/ShaderConductor/ShaderConductor/External/DirectXShaderCompiler/tools/clang/unittests/SPIRV/SpirvTestBase.h,5,0,5
/media/ullmann/HDDGabriel/engines/UnrealEngine/Engine/Source/ThirdParty/ICU/icu4c-53_1/source/samples/layout/FontTableCache.h,3,0,3
/media/ullmann/HDDGabriel/engines/UnrealEngine/Engine/Source/ThirdParty/PhysX3/PhysX_3.4/Source/PhysX/src/NpFactory.cpp,0,5,5
/media/ullmann/HDDGabriel/engines/UnrealEngine/Engine/Source/ThirdParty/Crunch/src/crnlib/crn_resampler.cpp,0,3,3
/media/ullmann/HDDGabriel/engines/UnrealEngine/Engine/Source/ThirdParty/Crunch/src/crnlib/crn_resampler.h,4,0,4
/media/ullmann/HDDGabriel/engines/UnrealEngine/Engine/Source/Developer/MeshSimplifier/Private/UnrolledLinkList.h,1,0,1
/media/ullmann/HDDGabriel/engines/UnrealEngine/Engine/Source/ThirdParty/ICU/icu4c-53_1/source/common/cmemory.c,0,4,4
/media/ullmann/HDDGabriel/engines/UnrealEngine/Engine/Source/ThirdParty/ICU/icu4c-53_1/source/common/unicode/uclean.h,6,0,6
/media/ullmann/HDDGabriel/engines/UnrealEngine/Engine/Source/ThirdParty/ICU/icu4c-64_1/source/test/intltest/winutil.h,3,0,3
/media/ullmann/HDDGabriel/engines/UnrealEngine/Engine/Source/ThirdParty/SDL2/SDL-gui-backend/src/joystick/windows/SDL_rawinputjoystick_c.h,5,2,7
/media/ullmann/HDDGabriel/engines/UnrealEngine/Engine/Source/ThirdParty/PhysX3/PhysX_3.4/Source/PhysX/src/buffering/ScbScene.cpp,0,11,11
/media/ullmann/HDDGabriel/engines/UnrealEngine/Engine/Source/ThirdParty/PhysX3/PhysX_3.4/Source/PhysX/src/buffering/ScbArticulation.h,2,2,4
/media/ullmann/HDDGabriel/engines/UnrealEngine/Engine/Source/ThirdParty/FreeType2/FreeType2-2.4.12/src/gzip/infcodes.c,1,5,6
/media/ullmann/HDDGabriel/engines/UnrealEngine/Engine/Source/ThirdParty/Intel/TBB/IntelTBB-2019u8/include/tbb/concurrent_set.h,1,1,2
/media/ullmann/HDDGabriel/engines/UnrealEngine/Engine/Source/ThirdParty/llvm/8/include/llvm/ExecutionEngine/Orc/RPCSerialization.h,0,1,1
/media/ullmann/HDDGabriel/engines/UnrealEngine/Engine/Source/ThirdParty/llvm/8/include/llvm/ExecutionEngine/Orc/OrcError.h,1,0,1
/media/ullmann/HDDGabriel/engines/UnrealEngine/Engine/Source/Editor/UnrealEd/Private/Cooker/CookProfiling.h,2,0,2
/media/ullmann/HDDGabriel/engines/UnrealEngine/Engine/Source/ThirdParty/libOpus/opus-1.0.3/celt/bands.h,3,5,8
/media/ullmann/HDDGabriel/engines/UnrealEngine/Engine/Source/ThirdParty/Oculus/LibOVRPlatform/LibOVRPlatform/include/OVR_Requests_Media.h,1,2,3
/media/ullmann/HDDGabriel/engines/UnrealEngine/Engine/Source/Runtime/Engine/Public/MaterialTypes.h,2,1,3
/media/ullmann/HDDGabriel/engines/UnrealEngine/Engine/Source/Developer/DerivedDataCache/Private/PakFileCacheStore.h,2,1,3
/media/ullmann/HDDGabriel/engines/UnrealEngine/Engine/Source/ThirdParty/PhysX3/PhysX_3.4/Source/PhysXCharacterKinematic/src/CctCharacterControllerManager.cpp,0,4,4
/media/ullmann/HDDGabriel/engines/UnrealEngine/Engine/Source/ThirdParty/HarfBuzz/harfbuzz-1.2.4/src/hb-ot-shape-complex-use-table.cc,0,1,1
/media/ullmann/HDDGabriel/engines/UnrealEngine/Engine/Source/ThirdParty/HarfBuzz/harfbuzz-1.2.4/src/hb-ot-shape-complex-use-private.hh,2,0,2
/media/ullmann/HDDGabriel/engines/UnrealEngine/Engine/Source/ThirdParty/GoogleGameSDK/gamesdk/src/device_info/core/texture_test_cases.cpp,0,1,1
/media/ullmann/HDDGabriel/engines/UnrealEngine/Engine/Source/ThirdParty/GoogleGameSDK/gamesdk/src/device_info/core/texture_test_cases.h,2,0,2
/media/ullmann/HDDGabriel/engines/UnrealEngine/Engine/Source/ThirdParty/ICU/icu4c-64_1/source/test/cintltst/cloctst.c,0,2,2
/media/ullmann/HDDGabriel/engines/UnrealEngine/Engine/Source/ThirdParty/ICU/icu4c-64_1/source/test/cintltst/cloctst.h,1,1,2
/media/ullmann/HDDGabriel/engines/UnrealEngine/Engine/Source/Runtime/FriendsAndChat/Public/FriendsMarkupStyle.h,1,0,1
/media/ullmann/HDDGabriel/engines/UnrealEngine/Engine/Source/Runtime/Core/Public/Delegates/MulticastDelegateBase.h,3,0,3
/media/ullmann/HDDGabriel/engines/UnrealEngine/Engine/Source/ThirdParty/ICU/icu4c-64_1/source/test/intltest/itrbbi.cpp,0,5,5
/media/ullmann/HDDGabriel/engines/UnrealEngine/Engine/Source/ThirdParty/ICU/icu4c-64_1/source/test/intltest/itrbbi.h,2,1,3
/media/ullmann/HDDGabriel/engines/UnrealEngine/Engine/Source/ThirdParty/Intel/Embree/Embree2140/src/common/tasking/taskschedulertbb.cpp,0,1,1
/media/ullmann/HDDGabriel/engines/UnrealEngine/Engine/Source/ThirdParty/ShaderConductor/ShaderConductor/External/DirectXShaderCompiler/tools/llvm-symbolizer/LLVMSymbolize.cpp,0,1,1
/media/ullmann/HDDGabriel/engines/UnrealEngine/Engine/Source/ThirdParty/ShaderConductor/ShaderConductor/External/DirectXShaderCompiler/tools/llvm-symbolizer/LLVMSymbolize.h,2,0,2
/media/ullmann/HDDGabriel/engines/UnrealEngine/Engine/Source/ThirdParty/FreeImage/FreeImage-3.18.0/Source/LibJPEG/example.c,0,1,1
/media/ullmann/HDDGabriel/engines/UnrealEngine/Engine/Source/Developer/Windows/LiveCodingServer/Private/External/LC_Patch.h,3,0,3
/media/ullmann/HDDGabriel/engines/UnrealEngine/Engine/Source/Editor/LandscapeEditor/Private/LandscapeEditorDetailCustomization_TargetLayers.h,5,2,7
/media/ullmann/HDDGabriel/engines/UnrealEngine/Engine/Source/Editor/PixelInspector/Private/PixelInspector.h,2,1,3
/media/ullmann/HDDGabriel/engines/UnrealEngine/Engine/Source/ThirdParty/FBX/2020.2/include/fbxsdk/scene/shading/fbxbindingtableentry.h,1,0,1
/media/ullmann/HDDGabriel/engines/UnrealEngine/Engine/Source/ThirdParty/Boost/boost-1_70_0/include/boost/range/iterator_range_io.hpp,0,1,1
/media/ullmann/HDDGabriel/engines/UnrealEngine/Engine/Source/ThirdParty/Boost/boost-1_70_0/include/boost/range/algorithm,3,0,3
/media/ullmann/HDDGabriel/engines/UnrealEngine/Engine/Source/ThirdParty/ShaderConductor/ShaderConductor/External/DirectXShaderCompiler/tools/clang/lib/StaticAnalyzer/Checkers/AllocationDiagnostics.h,2,0,2
/media/ullmann/HDDGabriel/engines/UnrealEngine/Engine/Source/ThirdParty/FreeType2/FreeType2-2.4.12/src/truetype/ttgload.c,1,5,6
/media/ullmann/HDDGabriel/engines/UnrealEngine/Engine/Source/Runtime/OpenGLDrv/Private/OpenGL4.cpp,0,1,1
/media/ullmann/HDDGabriel/engines/UnrealEngine/Engine/Source/ThirdParty/Intel/Embree/Embree270/src/tests/retrace.cpp,0,4,4
/media/ullmann/HDDGabriel/engines/UnrealEngine/Engine/Source/ThirdParty/MCPP/mcpp-2.7.2/test-c/m_33_jis.c,0,1,1
/media/ullmann/HDDGabriel/engines/UnrealEngine/Engine/Source/ThirdParty/Steamworks/Steamv146/sdk/public/steam/steamdatagram_tickets.h,0,1,1
/media/ullmann/HDDGabriel/engines/UnrealEngine/Engine/Source/Editor/Sequencer/Private/SAnimationOutlinerTreeNode.cpp,0,4,4
/media/ullmann/HDDGabriel/engines/UnrealEngine/Engine/Source/Developer/TraceServices/Private/Modules/MemoryModule.h,2,0,2
/media/ullmann/HDDGabriel/engines/UnrealEngine/Engine/Source/ThirdParty/ICU/icu4c-53_1/source/common/locutil.cpp,0,9,9
/media/ullmann/HDDGabriel/engines/UnrealEngine/Engine/Source/ThirdParty/SDL2/SDL-gui-backend/src/joystick/linux/SDL_sysjoystick.c,0,9,9
/media/ullmann/HDDGabriel/engines/UnrealEngine/Engine/Source/ThirdParty/SDL2/SDL-gui-backend/src/video/vivante/SDL_vivanteopengles.h,2,3,5
/media/ullmann/HDDGabriel/engines/UnrealEngine/Engine/Source/ThirdParty/FreeType2/FreeType2-2.10.0/src/psaux/pstypes.h,1,0,1
/media/ullmann/HDDGabriel/engines/UnrealEngine/Engine/Source/ThirdParty/HarfBuzz/harfbuzz-2.4.0/src/hb-subset.cc,0,19,19
/media/ullmann/HDDGabriel/engines/UnrealEngine/Engine/Source/ThirdParty/HarfBuzz/harfbuzz-2.4.0/src/hb-ot-cff1-table.hh,6,0,6
/media/ullmann/HDDGabriel/engines/UnrealEngine/Engine/Source/ThirdParty/FreeImage/FreeImage-3.18.0/Source/OpenEXR/IlmImf/ImfDwaCompressor.h,3,5,8
/media/ullmann/HDDGabriel/engines/UnrealEngine/Engine/Source/Developer/TraceInsights/Private/Insights/ViewModels/TimerNodeHelper.cpp,0,1,1
/media/ullmann/HDDGabriel/engines/UnrealEngine/Engine/Source/Developer/TraceInsights/Private/Insights/ViewModels/TimerNodeHelper.h,1,0,1
/media/ullmann/HDDGabriel/engines/UnrealEngine/Engine/Source/ThirdParty/ICU/icu4c-64_1/source/i18n/msgfmt.cpp,0,13,13
/media/ullmann/HDDGabriel/engines/UnrealEngine/Engine/Source/ThirdParty/CryptoPP/5.6.2/include/serpent.h,3,2,5
/media/ullmann/HDDGabriel/engines/UnrealEngine/Engine/Source/ThirdParty/FontConfig/fontconfig-2.13.94/src/fcfreetype.c,0,4,4
/media/ullmann/HDDGabriel/engines/UnrealEngine/Engine/Source/ThirdParty/FontConfig/fontconfig-2.13.94/src/ftglue.h,2,1,3
/media/ullmann/HDDGabriel/engines/UnrealEngine/Engine/Source/ThirdParty/Intel/TBB/IntelTBB-2019u8/src/tbb/market.cpp,1,5,6
/media/ullmann/HDDGabriel/engines/UnrealEngine/Engine/Source/ThirdParty/llvm/8/include/llvm/DebugInfo/PDB/PDBSymbolTypePointer.h,0,2,2
/media/ullmann/HDDGabriel/engines/UnrealEngine/Engine/Source/ThirdParty/CryptoPP/5.6.5/include/authenc.cpp,0,2,2
/media/ullmann/HDDGabriel/engines/UnrealEngine/Engine/Source/ThirdParty/CryptoPP/5.6.5/include/authenc.h,4,2,6
/media/ullmann/HDDGabriel/engines/UnrealEngine/Engine/Source/Developer/ProjectLauncher/Private/Widgets/Settings/SProjectLauncherSettings.cpp,0,1,1
/media/ullmann/HDDGabriel/engines/UnrealEngine/Engine/Source/Developer/ProjectLauncher/Private/Widgets/Settings/SProjectLauncherSettings.h,1,0,1
/media/ullmann/HDDGabriel/engines/UnrealEngine/Engine/Source/Editor/Persona/Private/PoseWatchManagerStandaloneTypes.cpp,0,5,5
/media/ullmann/HDDGabriel/engines/UnrealEngine/Engine/Source/Editor/Persona/Private/PoseWatchManagerDefaultMode.h,5,2,7
/media/ullmann/HDDGabriel/engines/UnrealEngine/Engine/Source/ThirdParty/FreeType2/FreeType2-2.10.0/src/psaux/cffdecode.h,3,0,3
/media/ullmann/HDDGabriel/engines/UnrealEngine/Engine/Source/ThirdParty/Intel/Embree/Embree2140/src/kernels/geometry/trianglei_mb.h,5,2,7
/media/ullmann/HDDGabriel/engines/UnrealEngine/Engine/Source/ThirdParty/Boost/boost-1_70_0/include/boost/safe_numerics/safe_base_operations.hpp,1,6,7
/media/ullmann/HDDGabriel/engines/UnrealEngine/Engine/Source/ThirdParty/Boost/boost-1_70_0/include/boost/safe_numerics/interval.hpp,3,1,4
/media/ullmann/HDDGabriel/engines/UnrealEngine/Engine/Source/ThirdParty/Android/libunwind/libunwind/src/ia64/Gget_save_loc.c,1,2,3
/media/ullmann/HDDGabriel/engines/UnrealEngine/Engine/Source/Runtime/D3D12RHI/Private/D3D12RayTracing.h,3,1,4
/media/ullmann/HDDGabriel/engines/UnrealEngine/Engine/Source/ThirdParty/PhysX3/PhysX_3.4/Source/PhysX/src/NpAggregate.cpp,0,4,4
/media/ullmann/HDDGabriel/engines/UnrealEngine/Engine/Source/ThirdParty/PhysX3/PhysX_3.4/Source/PhysXExtensions/src/ExtSphericalJoint.cpp,0,2,2
/media/ullmann/HDDGabriel/engines/UnrealEngine/Engine/Source/Editor/Cascade/Private/SCascadeEmitterCanvas.h,3,0,3
/media/ullmann/HDDGabriel/engines/UnrealEngine/Engine/Source/Editor/Kismet/Private/BPFunctionDragDropAction.h,3,1,4
/media/ullmann/HDDGabriel/engines/UnrealEngine/Engine/Source/Editor/GraphEditor/Public/GraphEditorDragDropAction.h,1,0,1
/media/ullmann/HDDGabriel/engines/UnrealEngine/Engine/Source/ThirdParty/FreeType2/FreeType2-2.6/Src/truetype/ttpload.h,5,0,5
/media/ullmann/HDDGabriel/engines/UnrealEngine/Engine/Source/ThirdParty/OpenSubdiv/Deploy/OpenSubdiv-3.4.4/include/opensubdiv/osd/glslPatchShaderSource.h,0,2,2
/media/ullmann/HDDGabriel/engines/UnrealEngine/Engine/Source/ThirdParty/OpenSubdiv/OpenSubdiv-3.4.4/regression/shapes/catmark_val2_interior.h,1,0,1
/media/ullmann/HDDGabriel/engines/UnrealEngine/Engine/Source/Runtime/Engine/Public/Animation/MirrorSyncScope.h,0,1,1
/media/ullmann/HDDGabriel/engines/UnrealEngine/Engine/Source/Runtime/Engine/Public/Animation/AnimNodeMessages.h,4,0,4
/media/ullmann/HDDGabriel/engines/UnrealEngine/Engine/Source/ThirdParty/FreeType2/FreeType2-2.6/Src/autofit/afpic.c,1,6,7
/media/ullmann/HDDGabriel/engines/UnrealEngine/Engine/Source/ThirdParty/FreeType2/FreeType2-2.6/Src/autofit/afpic.h,6,1,7
/media/ullmann/HDDGabriel/engines/UnrealEngine/Engine/Source/ThirdParty/Python3/Linux/include/python3.9/bytesobject.h,1,1,2
/media/ullmann/HDDGabriel/engines/UnrealEngine/Engine/Source/ThirdParty/Python3/Linux/include/python3.9/cpython/bytesobject.h,1,0,1
/media/ullmann/HDDGabriel/engines/UnrealEngine/Engine/Source/ThirdParty/OpenSubdiv/OpenSubdiv-3.4.4/opensubdiv/far/patchBasis.h,2,2,4
/media/ullmann/HDDGabriel/engines/UnrealEngine/Engine/Source/ThirdParty/ICU/icu4c-64_1/source/test/intltest/trcoll.cpp,0,2,2
/media/ullmann/HDDGabriel/engines/UnrealEngine/Engine/Source/ThirdParty/ICU/icu4c-64_1/source/test/intltest/trcoll.h,2,1,3
/media/ullmann/HDDGabriel/engines/UnrealEngine/Engine/Source/Developer/Virtualization/Private/VirtualizationSourceControlBackend.cpp,0,3,3
/media/ullmann/HDDGabriel/engines/UnrealEngine/Engine/Source/Programs/Enterprise/Datasmith/DatasmithARCHICADExporter/Private/Utils/ViewEvent.cpp,0,2,2
/media/ullmann/HDDGabriel/engines/UnrealEngine/Engine/Source/Programs/Enterprise/Datasmith/DatasmithARCHICADExporter/Private/Utils/ViewEvent.h,2,1,3
/media/ullmann/HDDGabriel/engines/UnrealEngine/Engine/Source/ThirdParty/WebRTC/4147/Include/third_party/libvpx/source/libvpx/vpx/vp8cx.h,0,2,2
/media/ullmann/HDDGabriel/engines/UnrealEngine/Engine/Source/ThirdParty/Perforce/P4Api.Net/p4bridge/P4BridgeEnviro.cpp,0,2,2
/media/ullmann/HDDGabriel/engines/UnrealEngine/Engine/Source/ThirdParty/WebRTC/4147/Include/audio/channel_receive.h,0,1,1
/media/ullmann/HDDGabriel/engines/UnrealEngine/Engine/Source/ThirdParty/WebRTC/4147/Include/audio/utility,3,0,3
/media/ullmann/HDDGabriel/engines/UnrealEngine/Engine/Source/ThirdParty/libcurl/7_65_3/include/Unix/x86_64-unknown-linux-gnu/curl/system.h,1,0,1
/media/ullmann/HDDGabriel/engines/UnrealEngine/Engine/Source/ThirdParty/ICU/icu4c-53_1/source/tools/toolutil/uoptions.h,3,0,3
/media/ullmann/HDDGabriel/engines/UnrealEngine/Engine/Source/Runtime/AssetRegistry/Private/PropertyCombinationSetTest.cpp,0,1,1
/media/ullmann/HDDGabriel/engines/UnrealEngine/Engine/Source/Runtime/AssetRegistry/Private/PropertyCombinationSet.h,2,0,2
/media/ullmann/HDDGabriel/engines/UnrealEngine/Engine/Source/ThirdParty/ShaderConductor/ShaderConductor/External/SPIRV-Tools/source/opt/pch_source_opt.cpp,0,1,1
/media/ullmann/HDDGabriel/engines/UnrealEngine/Engine/Source/ThirdParty/ShaderConductor/ShaderConductor/External/SPIRV-Tools/source/opt/pch_source_opt.h,1,0,1
/media/ullmann/HDDGabriel/engines/UnrealEngine/Engine/Source/ThirdParty/openexr/Deploy/openexr-3.1.1/include/OpenEXR/ImfTileDescriptionAttribute.h,0,4,4
/media/ullmann/HDDGabriel/engines/UnrealEngine/Engine/Source/ThirdParty/PhysX3/PhysX_3.4/Source/LowLevelParticles/src/PtParticleOpcodeCache.h,1,0,1
/media/ullmann/HDDGabriel/engines/UnrealEngine/Engine/Source/ThirdParty/ICU/icu4c-64_1/source/i18n/coll.cpp,0,7,7
/media/ullmann/HDDGabriel/engines/UnrealEngine/Engine/Source/ThirdParty/ICU/icu4c-53_1/source/layout/ArabicLayoutEngine.h,2,8,10
/media/ullmann/HDDGabriel/engines/UnrealEngine/Engine/Source/ThirdParty/HarfBuzz/harfbuzz-1.2.4/src/hb-shaper-impl-private.hh,6,0,6
/media/ullmann/HDDGabriel/engines/UnrealEngine/Engine/Source/ThirdParty/FreeType2/FreeType2-2.10.4/src/psaux/psfont.c,1,5,6
/media/ullmann/HDDGabriel/engines/UnrealEngine/Engine/Source/ThirdParty/PhysX3/PhysX_3.4/Source/PhysX/src/NpAggregate.h,7,0,7
/media/ullmann/HDDGabriel/engines/UnrealEngine/Engine/Source/Editor/GraphEditor/Private/KismetPins/SGraphPinKey.h,1,0,1
/media/ullmann/HDDGabriel/engines/UnrealEngine/Engine/Source/ThirdParty/PhysX3/PhysX_3.4/Source/LowLevelDynamics/src/DyContactReduction.h,1,0,1
/media/ullmann/HDDGabriel/engines/UnrealEngine/Engine/Source/ThirdParty/ICU/icu4c-64_1/source/i18n/gregoimp.cpp,0,2,2
/media/ullmann/HDDGabriel/engines/UnrealEngine/Engine/Source/ThirdParty/FreeType2/FreeType2-2.4.12/src/cache/ftccache.c,1,3,4
/media/ullmann/HDDGabriel/engines/UnrealEngine/Engine/Source/ThirdParty/CryptoPP/5.6.5/include/hex.h,9,2,11
/media/ullmann/HDDGabriel/engines/UnrealEngine/Engine/Source/Editor/Sequencer/Public/MovieSceneTrackEditor.h,0,2,2
/media/ullmann/HDDGabriel/engines/UnrealEngine/Engine/Source/ThirdParty/Imath/Imath-3.1.3/src/Imath/ImathInterval.h,0,3,3
/media/ullmann/HDDGabriel/engines/UnrealEngine/Engine/Source/ThirdParty/Intel/Embree/Embree3122/MacOSX/include/embree3/rtcore_buffer.h,2,1,3
/media/ullmann/HDDGabriel/engines/UnrealEngine/Engine/Source/ThirdParty/ICU/icu4c-53_1/source/layout/LookupTables.h,4,3,7
/media/ullmann/HDDGabriel/engines/UnrealEngine/Engine/Source/ThirdParty/Intel/TBB/IntelTBB-2019u8/examples/parallel_for/tachyon/src/trace.serial.cpp,0,14,14
/media/ullmann/HDDGabriel/engines/UnrealEngine/Engine/Source/ThirdParty/nvTextureTools/nvTextureTools-2.0.6/src/src/nvtt/squish/rangefit.cpp,0,3,3
/media/ullmann/HDDGabriel/engines/UnrealEngine/Engine/Source/ThirdParty/nvTextureTools/nvTextureTools-2.0.6/src/src/nvtt/squish/colourblock.h,8,2,10
/media/ullmann/HDDGabriel/engines/UnrealEngine/Engine/Source/ThirdParty/ICU/icu4c-64_1/source/tools/toolutil/uparse.h,5,0,5
/media/ullmann/HDDGabriel/engines/UnrealEngine/Engine/Source/Runtime/Renderer/Private/ScreenPass.cpp,0,3,3
/media/ullmann/HDDGabriel/engines/UnrealEngine/Engine/Source/Developer/TaskGraph/Public/STaskGraph.h,0,1,1
/media/ullmann/HDDGabriel/engines/UnrealEngine/Engine/Source/ThirdParty/FreeType2/FreeType2-2.10.4/src/autofit/afstyles.h,3,0,3
/media/ullmann/HDDGabriel/engines/UnrealEngine/Engine/Source/Runtime/CoreUObject/Public/Serialization/ObjectAndNameAsStringProxyArchive.h,1,0,1
/media/ullmann/HDDGabriel/engines/UnrealEngine/Engine/Source/Runtime/MovieSceneTracks/Private/Evaluation/MovieScenePropertyTemplates.cpp,0,1,1
/media/ullmann/HDDGabriel/engines/UnrealEngine/Engine/Source/Runtime/MovieSceneTracks/Private/Evaluation/MovieSceneTemplateCommon.h,1,0,1
/media/ullmann/HDDGabriel/engines/UnrealEngine/Engine/Source/Developer/LauncherServices/Public/ILauncherServicesModule.h,0,2,2
/media/ullmann/HDDGabriel/engines/UnrealEngine/Engine/Source/Developer/LauncherServices/Public/ILauncherProfileManager.h,1,1,2
/media/ullmann/HDDGabriel/engines/UnrealEngine/Engine/Source/ThirdParty/ICU/icu4c-53_1/source/layout/MarkToBasePosnSubtables.cpp,0,10,10
/media/ullmann/HDDGabriel/engines/UnrealEngine/Engine/Source/ThirdParty/FreeType2/FreeType2-2.6/Src/psnames/psmodule.h,1,0,1
/media/ullmann/HDDGabriel/engines/UnrealEngine/Engine/Source/Developer/GraphColor/Private/appconst.h,4,0,4
/media/ullmann/HDDGabriel/engines/UnrealEngine/Engine/Source/ThirdParty/Intel/ISPC/ispc-1.16.1/ispcrt/ispcrt.hpp,0,1,1
/media/ullmann/HDDGabriel/engines/UnrealEngine/Engine/Source/ThirdParty/Intel/ISPC/ispc-1.16.1/ispcrt/ispcrt.h,5,0,5
/media/ullmann/HDDGabriel/engines/UnrealEngine/Engine/Source/Developer/Datasmith/DatasmithFacade/Public/DatasmithFacadeActorMesh.h,0,1,1
/media/ullmann/HDDGabriel/engines/UnrealEngine/Engine/Source/ThirdParty/ICU/icu4c-64_1/source/common/ucnv_u16.cpp,0,6,6
/media/ullmann/HDDGabriel/engines/UnrealEngine/Engine/Source/ThirdParty/ShaderConductor/ShaderConductor/External/DirectXShaderCompiler/tools/clang/tools/libclang/CXType.cpp,0,5,5
/media/ullmann/HDDGabriel/engines/UnrealEngine/Engine/Source/ThirdParty/Vorbis/libvorbis-1.3.2/lib/lsp.h,4,0,4
/media/ullmann/HDDGabriel/engines/UnrealEngine/Engine/Source/ThirdParty/ICU/icu4c-64_1/source/test/cintltst/cdattst.h,1,1,2
/media/ullmann/HDDGabriel/engines/UnrealEngine/Engine/Source/ThirdParty/PhysX3/PhysX_3.4/Include/PxRigidDynamic.h,1,1,2
/media/ullmann/HDDGabriel/engines/UnrealEngine/Engine/Source/ThirdParty/PhysX3/PhysX_3.4/Include/PxRigidBody.h,3,2,5
/media/ullmann/HDDGabriel/engines/UnrealEngine/Engine/Source/ThirdParty/FreeImage/FreeImage-3.18.0/Source/FreeImage/ZLibInterface.cpp,0,2,2
/media/ullmann/HDDGabriel/engines/UnrealEngine/Engine/Source/ThirdParty/FreeImage/FreeImage-3.18.0/Source/ZLib/zlib.h,6,1,7
/media/ullmann/HDDGabriel/engines/UnrealEngine/Engine/Source/ThirdParty/ICU/icu4c-53_1/source/test/intltest/caltest.cpp,0,1,1
/media/ullmann/HDDGabriel/engines/UnrealEngine/Engine/Source/ThirdParty/ICU/icu4c-53_1/source/test/intltest/caltest.h,8,1,9
/media/ullmann/HDDGabriel/engines/UnrealEngine/Engine/Source/ThirdParty/HarfBuzz/harfbuzz-1.2.4/src/hb-ucdn.cc,0,2,2
/media/ullmann/HDDGabriel/engines/UnrealEngine/Engine/Source/ThirdParty/Intel/TBB/IntelTBB-2019u8/src/old/concurrent_vector_v2.h,2,0,2
/media/ullmann/HDDGabriel/engines/UnrealEngine/Engine/Source/ThirdParty/Intel/Embree/Embree3122/MacOSX/include/embree3/rtcore_builder.h,1,1,2
/media/ullmann/HDDGabriel/engines/UnrealEngine/Engine/Source/ThirdParty/Intel/Embree/Embree3122/MacOSX/include/embree3/rtcore_scene.h,2,1,3
/media/ullmann/HDDGabriel/engines/UnrealEngine/Engine/Source/ThirdParty/openexr/openexr-3.1.1/src/lib/OpenEXRCore/internal_huf.c,1,2,3
/media/ullmann/HDDGabriel/engines/UnrealEngine/Engine/Source/Runtime/CoreUObject/Public/UObject/LevelGuids.h,1,0,1
/media/ullmann/HDDGabriel/engines/UnrealEngine/Engine/Source/ThirdParty/FreeType2/FreeType2-2.6/Src/cff/cf2ft.h,13,3,16
/media/ullmann/HDDGabriel/engines/UnrealEngine/Engine/Source/Programs/HeadlessChaos/Public/GeometryCollection/GeometryCollectionTestImplicitSphere.h,0,1,1
/media/ullmann/HDDGabriel/engines/UnrealEngine/Engine/Source/ThirdParty/Intel/TBB/IntelTBB-2019u8/src/test/harness_concurrency_tracker.h,7,4,11
/media/ullmann/HDDGabriel/engines/UnrealEngine/Engine/Source/ThirdParty/ShaderConductor/ShaderConductor/External/DirectXShaderCompiler/lib/Support/Unix/RWMutex.inc,1,0,1
/media/ullmann/HDDGabriel/engines/UnrealEngine/Engine/Source/Editor/MergeActors/Private/MergeActorsModule.cpp,0,5,5
/media/ullmann/HDDGabriel/engines/UnrealEngine/Engine/Source/Editor/MergeActors/Private/MeshMergingTool/MeshMergingTool.h,1,0,1
/media/ullmann/HDDGabriel/engines/UnrealEngine/Engine/Source/ThirdParty/PhysX3/APEX_1.4/module/clothing/src/SimdMath.cpp,0,1,1
/media/ullmann/HDDGabriel/engines/UnrealEngine/Engine/Source/ThirdParty/ICU/icu4c-64_1/source/i18n/collationdatawriter.cpp,0,8,8
/media/ullmann/HDDGabriel/engines/UnrealEngine/Engine/Source/ThirdParty/FreeType2/FreeType2-2.4.12/src/gxvalid/gxvmort.h,7,2,9
/media/ullmann/HDDGabriel/engines/UnrealEngine/Engine/Source/ThirdParty/OpenSubdiv/OpenSubdiv-3.4.4/opensubdiv/vtr/quadRefinement.cpp,0,4,4
/media/ullmann/HDDGabriel/engines/UnrealEngine/Engine/Source/ThirdParty/OpenVDB/openvdb-8.1.0/openvdb/openvdb/viewer/RenderModules.h,2,0,2
/media/ullmann/HDDGabriel/engines/UnrealEngine/Engine/Source/ThirdParty/CryptoPP/5.6.2/include/queue.h,8,1,9
/media/ullmann/HDDGabriel/engines/UnrealEngine/Engine/Source/ThirdParty/ICU/icu4c-53_1/source/i18n/utf8collationiterator.h,2,2,4
/media/ullmann/HDDGabriel/engines/UnrealEngine/Engine/Source/ThirdParty/ICU/icu4c-53_1/source/common/ucnv_u8.c,0,8,8
/media/ullmann/HDDGabriel/engines/UnrealEngine/Engine/Source/ThirdParty/SDL2/SDL-gui-backend/src/video/cocoa/SDL_cocoaopengles.h,0,3,3
/media/ullmann/HDDGabriel/engines/UnrealEngine/Engine/Source/ThirdParty/FreeType2/FreeType2-2.10.4/src/pfr/pfrgload.h,2,1,3
/media/ullmann/HDDGabriel/engines/UnrealEngine/Engine/Source/ThirdParty/FreeType2/FreeType2-2.10.4/src/pfr/pfrtypes.h,3,0,3
/media/ullmann/HDDGabriel/engines/UnrealEngine/Engine/Source/ThirdParty/FreeType2/FreeType2-2.6/Src/cache/ftccback.h,7,5,12
/media/ullmann/HDDGabriel/engines/UnrealEngine/Engine/Source/ThirdParty/openexr/openexr-3.1.1/src/lib/OpenEXR/ImfChromaticitiesAttribute.h,6,2,8
/media/ullmann/HDDGabriel/engines/UnrealEngine/Engine/Source/ThirdParty/libPNG/libPNG-1.6.37/contrib/tools/genpng.c,0,1,1
/media/ullmann/HDDGabriel/engines/UnrealEngine/Engine/Source/ThirdParty/openexr/Deploy/openexr-3.1.1/include/OpenEXR/ImfTiledOutputPart.h,0,2,2
/media/ullmann/HDDGabriel/engines/UnrealEngine/Engine/Source/ThirdParty/ICU/icu4c-64_1/source/test/intltest/uvectest.cpp,0,2,2
/media/ullmann/HDDGabriel/engines/UnrealEngine/Engine/Source/Runtime/WebBrowser/Private/MobileJS/MobileJSStructSerializerBackend.cpp,0,2,2
/media/ullmann/HDDGabriel/engines/UnrealEngine/Engine/Source/Runtime/WebBrowser/Private/MobileJS/MobileJSScripting.h,5,0,5
/media/ullmann/HDDGabriel/engines/UnrealEngine/Engine/Source/ThirdParty/SDL2/SDL-gui-backend/src/core/linux/SDL_fcitx.h,2,1,3
/media/ullmann/HDDGabriel/engines/UnrealEngine/Engine/Source/ThirdParty/ShaderConductor/ShaderConductor/External/DirectXShaderCompiler/tools/llvm-objdump/MachODump.cpp,0,1,1
/media/ullmann/HDDGabriel/engines/UnrealEngine/Engine/Source/ThirdParty/ShaderConductor/ShaderConductor/External/DirectXShaderCompiler/tools/llvm-objdump/llvm-objdump.h,4,0,4
/media/ullmann/HDDGabriel/engines/UnrealEngine/Engine/Source/ThirdParty/Alembic/alembic-1.8.2/python/PyAlembic/PyOGeomParamMatrixQuadColorNormal.cpp,0,2,2
/media/ullmann/HDDGabriel/engines/UnrealEngine/Engine/Source/Runtime/Windows/D3D11RHI/Private/D3D11StateCache.cpp,0,2,2
/media/ullmann/HDDGabriel/engines/UnrealEngine/Engine/Source/ThirdParty/PhysX3/PhysX_3.4/Source/LowLevelDynamics/src/DyArticulation.cpp,0,6,6
/media/ullmann/HDDGabriel/engines/UnrealEngine/Engine/Source/ThirdParty/openexr/openexr-3.1.1/Contrib/DtexToExr/PxOneChanDeepAlpha.h,1,2,3
/media/ullmann/HDDGabriel/engines/UnrealEngine/Engine/Source/ThirdParty/openexr/Deploy/openexr-3.1.1/include/OpenEXR/IexForward.h,1,1,2
/media/ullmann/HDDGabriel/engines/UnrealEngine/Engine/Source/ThirdParty/Intel/Embree/Embree270/src/kernels/xeonphi/builders/priminfo.h,1,1,2
/media/ullmann/HDDGabriel/engines/UnrealEngine/Engine/Source/ThirdParty/openexr/openexr-3.1.1/src/test/OpenEXRTest/testCopyPixels.h,1,0,1
/media/ullmann/HDDGabriel/engines/UnrealEngine/Engine/Source/Editor/DetailCustomizations/Private/TimespanStructCustomization.cpp,0,1,1
/media/ullmann/HDDGabriel/engines/UnrealEngine/Engine/Source/Editor/DetailCustomizations/Private/TimespanStructCustomization.h,2,0,2
/media/ullmann/HDDGabriel/engines/UnrealEngine/Engine/Source/ThirdParty/Intel/Embree/Embree270/src/kernels/common/subdiv/half_edge.h,2,1,3
/media/ullmann/HDDGabriel/engines/UnrealEngine/Engine/Source/Editor/GraphEditor/Public/SGraphPanel.h,0,4,4
/media/ullmann/HDDGabriel/engines/UnrealEngine/Engine/Source/ThirdParty/libOpus/opus-1.3.1-12/silk/float/residual_energy_FLP.c,0,1,1
/media/ullmann/HDDGabriel/engines/UnrealEngine/Engine/Source/ThirdParty/ICU/icu4c-53_1/source/i18n/unicode/rbtz.h,6,0,6
/media/ullmann/HDDGabriel/engines/UnrealEngine/Engine/Source/ThirdParty/mtlpp/mtlpp-master-7efad47/src/stage_input_output_descriptor.hpp,3,3,6
/media/ullmann/HDDGabriel/engines/UnrealEngine/Engine/Source/Developer/TargetPlatform/Public/Interfaces/IShaderFormatModule.h,1,0,1
/media/ullmann/HDDGabriel/engines/UnrealEngine/Engine/Source/ThirdParty/ICU/icu4c-53_1/source/samples/msgfmt/main.cpp,0,1,1
/media/ullmann/HDDGabriel/engines/UnrealEngine/Engine/Source/ThirdParty/ICU/icu4c-53_1/source/samples/msgfmt/util.h,1,0,1
/media/ullmann/HDDGabriel/engines/UnrealEngine/Engine/Source/ThirdParty/ICU/icu4c-64_1/source/tools/tzcode/localtime.c,0,2,2
/media/ullmann/HDDGabriel/engines/UnrealEngine/Engine/Source/ThirdParty/ICU/icu4c-64_1/source/tools/tzcode/private.h,6,0,6
/media/ullmann/HDDGabriel/engines/UnrealEngine/Engine/Source/ThirdParty/libOpus/opus-1.0.3/celt/kiss_fft.h,3,1,4
/media/ullmann/HDDGabriel/engines/UnrealEngine/Engine/Source/ThirdParty/PhysX3/APEX_1.4/module/clothing_legacy/include/autogen/ClothingAssetParameters_0p13.h,1,0,1
/media/ullmann/HDDGabriel/engines/UnrealEngine/Engine/Source/ThirdParty/Intel/TBB/IntelTBB-2019u8/include/tbb/blocked_rangeNd.h,1,2,3
/media/ullmann/HDDGabriel/engines/UnrealEngine/Engine/Source/ThirdParty/openexr/openexr-3.1.1/src/lib/OpenEXR/ImfKeyCode.h,2,2,4
/media/ullmann/HDDGabriel/engines/UnrealEngine/Engine/Source/Editor/Sequencer/Private/SequencerSelection.cpp,0,4,4
/media/ullmann/HDDGabriel/engines/UnrealEngine/Engine/Source/Runtime/Online/BuildPatchServices/Private/BuildPatchProgress.h,3,1,4
/media/ullmann/HDDGabriel/engines/UnrealEngine/Engine/Source/ThirdParty/OpenVDB/openvdb-8.1.0/openvdb/openvdb/unittest/TestTools.cc,0,1,1
/media/ullmann/HDDGabriel/engines/UnrealEngine/Engine/Source/ThirdParty/SDL2/SDL-gui-backend/src/audio/disk/SDL_diskaudio.h,1,2,3
/media/ullmann/HDDGabriel/engines/UnrealEngine/Engine/Source/Runtime/WebBrowser/Private/CEF/CEFCookieManager.cpp,0,1,1
/media/ullmann/HDDGabriel/engines/UnrealEngine/Engine/Source/Runtime/WebBrowser/Private/CEF/CEFLibCefIncludes.h,7,0,7
/media/ullmann/HDDGabriel/engines/UnrealEngine/Engine/Source/Developer/TraceServices/Private/Model/SymslibResolver.cpp,0,1,1
/media/ullmann/HDDGabriel/engines/UnrealEngine/Engine/Source/Developer/TraceServices/Private/Model/SymslibResolver.h,2,0,2
/media/ullmann/HDDGabriel/engines/UnrealEngine/Engine/Source/ThirdParty/PhysX3/APEX_1.4/common/include/ApexAssetTracker.h,0,2,2
/media/ullmann/HDDGabriel/engines/UnrealEngine/Engine/Source/ThirdParty/Unix/LibCxx/include/c++/v1/stdbool.h,0,1,1
/media/ullmann/HDDGabriel/engines/UnrealEngine/Engine/Source/ThirdParty/ICU/icu4c-53_1/source/layout/ThaiShaping.cpp,0,5,5
/media/ullmann/HDDGabriel/engines/UnrealEngine/Engine/Source/ThirdParty/FreeType2/FreeType2-2.10.0/src/sfnt/ttcolr.h,2,1,3
/media/ullmann/HDDGabriel/engines/UnrealEngine/Engine/Source/Runtime/AudioMixer/Private/AudioMixerBuffer.h,8,0,8
/media/ullmann/HDDGabriel/engines/UnrealEngine/Engine/Source/ThirdParty/CryptoPP/5.6.2/include/xtrcrypt.cpp,0,5,5
/media/ullmann/HDDGabriel/engines/UnrealEngine/Engine/Source/ThirdParty/CryptoPP/5.6.2/include/xtrcrypt.h,3,1,4
/media/ullmann/HDDGabriel/engines/UnrealEngine/Engine/Source/Programs/TextureShare/Samples/ThirdParty/TextureShare_ClientD3D12/TextureShareD3D12Client.h,2,1,3
/media/ullmann/HDDGabriel/engines/UnrealEngine/Engine/Source/Programs/TextureShare/Samples/ThirdParty/TextureShare_ClientD3D12/TextureShareD3D12Helper.h,2,0,2
/media/ullmann/HDDGabriel/engines/UnrealEngine/Engine/Source/Runtime/AudioMixer/Private/AudioMixerSource.cpp,0,3,3
/media/ullmann/HDDGabriel/engines/UnrealEngine/Engine/Source/ThirdParty/hlslcc/hlslcc/src/hlslcc_lib/ir_print_visitor.cpp,0,5,5
/media/ullmann/HDDGabriel/engines/UnrealEngine/Engine/Source/Runtime/Engine/Classes/Sound/SoundBase.h,0,5,5
/media/ullmann/HDDGabriel/engines/UnrealEngine/Engine/Source/Runtime/Engine/Classes/Sound/SoundSourceBusSend.h,1,0,1
/media/ullmann/HDDGabriel/engines/UnrealEngine/Engine/Source/ThirdParty/openexr/Deploy/openexr-3.1.1/include/OpenEXR/ImfStdIO.h,0,3,3
/media/ullmann/HDDGabriel/engines/UnrealEngine/Engine/Source/ThirdParty/openexr/Deploy/openexr-3.1.1/include/OpenEXR/ImfIO.h,2,1,3
/media/ullmann/HDDGabriel/engines/UnrealEngine/Engine/Source/Runtime/CoreUObject/Public/UObject/ReferenceChainSearch.h,1,0,1
/media/ullmann/HDDGabriel/engines/UnrealEngine/Engine/Source/ThirdParty/OpenVDB/openvdb-8.1.0/openvdb/openvdb/Metadata.cc,0,1,1
/media/ullmann/HDDGabriel/engines/UnrealEngine/Engine/Source/Runtime/Renderer/Private/ScreenPass.h,18,3,21
/media/ullmann/HDDGabriel/engines/UnrealEngine/Engine/Source/Runtime/Renderer/Private/RenderTargetTemp.h,7,1,8
/media/ullmann/HDDGabriel/engines/UnrealEngine/Engine/Source/ThirdParty/PhysX3/APEX_1.4/include/ConvexHullMethod.h,0,1,1
/media/ullmann/HDDGabriel/engines/UnrealEngine/Engine/Source/ThirdParty/PhysX3/APEX_1.4/include/Module.h,2,2,4
/media/ullmann/HDDGabriel/engines/UnrealEngine/Engine/Source/ThirdParty/SDL2/SDL-gui-backend/src/haptic/darwin/SDL_syshaptic_c.h,2,0,2
/media/ullmann/HDDGabriel/engines/UnrealEngine/Engine/Source/ThirdParty/openexr/openexr-3.1.1/src/bin/exrenvmap/readInputImage.h,3,1,4
/media/ullmann/HDDGabriel/engines/UnrealEngine/Engine/Source/ThirdParty/FreeType2/FreeType2-2.4.12/src/sfnt/ttsbit.c,1,3,4
/media/ullmann/HDDGabriel/engines/UnrealEngine/Engine/Source/ThirdParty/FreeType2/FreeType2-2.4.12/src/sfnt/ttsbit.h,3,1,4
/media/ullmann/HDDGabriel/engines/UnrealEngine/Engine/Source/ThirdParty/Crunch/src/crnlib/crn_rg_etc1.cpp,0,3,3
/media/ullmann/HDDGabriel/engines/UnrealEngine/Engine/Source/Editor/ContentBrowser/Private/AssetViewWidgets.cpp,0,5,5
/media/ullmann/HDDGabriel/engines/UnrealEngine/Engine/Source/ThirdParty/OpenSubdiv/OpenSubdiv-3.4.4/regression/shapes/catmark_hole_test4.h,1,0,1
/media/ullmann/HDDGabriel/engines/UnrealEngine/Engine/Source/Editor/LandscapeEditor/Private/LandscapeEdModeSplineTools.cpp,0,2,2
/media/ullmann/HDDGabriel/engines/UnrealEngine/Engine/Source/ThirdParty/MCPP/mcpp-2.7.2/test-c/nest1.h,3,1,4
/media/ullmann/HDDGabriel/engines/UnrealEngine/Engine/Source/ThirdParty/EOSSDK/SDK/Bin/Android/include/eos_ecom.h,0,1,1
/media/ullmann/HDDGabriel/engines/UnrealEngine/Engine/Source/ThirdParty/EOSSDK/SDK/Bin/Android/include/eos_ecom_types.h,2,1,3
/media/ullmann/HDDGabriel/engines/UnrealEngine/Engine/Source/Programs/EpicWebHelper/Private/EpicWebHelperApp.cpp,0,2,2
/media/ullmann/HDDGabriel/engines/UnrealEngine/Engine/Source/Programs/EpicWebHelper/Private/EpicWebHelperApp.h,2,2,4
/media/ullmann/HDDGabriel/engines/UnrealEngine/Engine/Source/ThirdParty/FreeType2/FreeType2-2.6/Include/ftmm.h,0,1,1
/media/ullmann/HDDGabriel/engines/UnrealEngine/Engine/Source/Programs/UnrealFrontend/Private/Commands/StatsDumpMemoryCommand.cpp,0,1,1
/media/ullmann/HDDGabriel/engines/UnrealEngine/Engine/Source/Programs/UnrealFrontend/Private/Commands/StatsDumpMemoryCommand.h,1,0,1
/media/ullmann/HDDGabriel/engines/UnrealEngine/Engine/Source/ThirdParty/Python3/Win64/include/codecs.h,1,0,1
/media/ullmann/HDDGabriel/engines/UnrealEngine/Engine/Source/ThirdParty/FreeType2/FreeType2-2.10.4/src/base/ftcalc.c,1,0,1
/media/ullmann/HDDGabriel/engines/UnrealEngine/Engine/Source/Developer/SlateReflector/Private/SlateNavigationEventSimulator.cpp,0,2,2
/media/ullmann/HDDGabriel/engines/UnrealEngine/Engine/Source/Developer/SlateReflector/Private/Models/WidgetReflectorNode.h,1,0,1
/media/ullmann/HDDGabriel/engines/UnrealEngine/Engine/Source/ThirdParty/nvTextureTools/nvTextureTools-2.0.8/src/src/nvtt/CompressionOptions.cpp,0,2,2
/media/ullmann/HDDGabriel/engines/UnrealEngine/Engine/Source/ThirdParty/FreeImage/FreeImage-3.18.0/Source/OpenEXR/IlmImf/ImfOutputPart.cpp,0,2,2
/media/ullmann/HDDGabriel/engines/UnrealEngine/Engine/Source/ThirdParty/FreeImage/FreeImage-3.18.0/Source/OpenEXR/IlmImf/ImfOutputPart.h,2,5,7
/media/ullmann/HDDGabriel/engines/UnrealEngine/Engine/Source/ThirdParty/ICU/icu4c-64_1/source/test/iotest/filetst.c,0,1,1
/media/ullmann/HDDGabriel/engines/UnrealEngine/Engine/Source/ThirdParty/FreeImage/FreeImage-3.18.0/Source/OpenEXR/IlmImf/ImfSimd.h,5,0,5
/media/ullmann/HDDGabriel/engines/UnrealEngine/Engine/Source/Runtime/AudioMixer/Private/AudioMixerSourceManager.cpp,0,4,4
/media/ullmann/HDDGabriel/engines/UnrealEngine/Engine/Source/ThirdParty/ICU/icu4c-53_1/source/common/ucnv_imp.h,8,3,11
/media/ullmann/HDDGabriel/engines/UnrealEngine/Engine/Source/Runtime/Linux/AudioMixerSDL/Private/AudioMixerSDL.cpp,0,1,1
/media/ullmann/HDDGabriel/engines/UnrealEngine/Engine/Source/Runtime/Linux/AudioMixerSDL/Private/AudioMixerPlatformSDL.h,2,0,2
/media/ullmann/HDDGabriel/engines/UnrealEngine/Engine/Source/ThirdParty/Python3/Win64/include/complexobject.h,1,0,1
/media/ullmann/HDDGabriel/engines/UnrealEngine/Engine/Source/ThirdParty/OpenVDB/Deploy/openvdb-8.1.0/include/openvdb/math/Operators.h,0,4,4
/media/ullmann/HDDGabriel/engines/UnrealEngine/Engine/Source/ThirdParty/HarfBuzz/harfbuzz-1.2.4/src/hb-ot.h,3,5,8
/media/ullmann/HDDGabriel/engines/UnrealEngine/Engine/Source/ThirdParty/libOpus/opus-1.3.1-12/tests/test_opus_decode.c,0,1,1
/media/ullmann/HDDGabriel/engines/UnrealEngine/Engine/Source/ThirdParty/Intel/TBB/IntelTBB-2019u8/src/test/test_task_arena.cpp,0,5,5
/media/ullmann/HDDGabriel/engines/UnrealEngine/Engine/Source/Runtime/Renderer/Private/Lumen/LumenSurfaceCacheFeedback.cpp,0,3,3
/media/ullmann/HDDGabriel/engines/UnrealEngine/Engine/Source/Runtime/Renderer/Private/Lumen/LumenSurfaceCacheFeedback.h,4,0,4
/media/ullmann/HDDGabriel/engines/UnrealEngine/Engine/Source/ThirdParty/SDL2/SDL-gui-backend/src/audio/jack/SDL_jackaudio.h,1,1,2
/media/ullmann/HDDGabriel/engines/UnrealEngine/Engine/Source/ThirdParty/PhysX3/APEX_1.4/module/clothing_legacy/include/autogen/ClothingPhysicalMeshParameters_0p0.h,1,0,1
/media/ullmann/HDDGabriel/engines/UnrealEngine/Engine/Source/ThirdParty/FreeType2/FreeType2-2.10.0/src/cache/ftcsbits.c,1,3,4
/media/ullmann/HDDGabriel/engines/UnrealEngine/Engine/Source/ThirdParty/SDL2/SDL-gui-backend/src/video/raspberry/SDL_rpivideo.c,0,9,9
/media/ullmann/HDDGabriel/engines/UnrealEngine/Engine/Source/Editor/GraphEditor/Private/SGraphEditorImpl.cpp,0,1,1
/media/ullmann/HDDGabriel/engines/UnrealEngine/Engine/Source/Editor/GraphEditor/Private/SGraphEditorImpl.h,2,0,2
/media/ullmann/HDDGabriel/engines/UnrealEngine/Engine/Source/ThirdParty/WebRTC/4147/Include/third_party/opus/src/celt/bands.h,0,5,5
/media/ullmann/HDDGabriel/engines/UnrealEngine/Engine/Source/Developer/LogVisualizer/Private/LogVisualizerStyle.cpp,0,1,1
/media/ullmann/HDDGabriel/engines/UnrealEngine/Engine/Source/ThirdParty/Imath/Imath-3.1.3/src/Imath/ImathMatrix.h,8,6,14
/media/ullmann/HDDGabriel/engines/UnrealEngine/Engine/Source/Editor/Persona/Private/AnimViewportMenuCommands.h,3,0,3
/media/ullmann/HDDGabriel/engines/UnrealEngine/Engine/Source/ThirdParty/SDL2/SDL-gui-backend/include/SDL_keyboard.h,3,6,9
/media/ullmann/HDDGabriel/engines/UnrealEngine/Engine/Source/ThirdParty/Intel/TBB/IntelTBB-2019u8/src/tbb/concurrent_monitor.h,3,1,4
/media/ullmann/HDDGabriel/engines/UnrealEngine/Engine/Source/ThirdParty/Intel/TBB/IntelTBB-2019u8/examples/parallel_for/tachyon/src/parse.h,2,0,2
/media/ullmann/HDDGabriel/engines/UnrealEngine/Engine/Source/ThirdParty/CryptoPP/5.6.2/include/elgamal.h,2,2,4
/media/ullmann/HDDGabriel/engines/UnrealEngine/Engine/Source/ThirdParty/ShaderConductor/ShaderConductor/External/DirectXShaderCompiler/lib/CodeGen/RegAllocBase.h,3,0,3
/media/ullmann/HDDGabriel/engines/UnrealEngine/Engine/Source/ThirdParty/FreeImage/FreeImage-3.18.0/Source/LibOpenJPEG/t2.h,1,0,1
/media/ullmann/HDDGabriel/engines/UnrealEngine/Engine/Source/ThirdParty/Unix/LibCxx/include/c++/v1/cxxabi.h,0,3,3
/media/ullmann/HDDGabriel/engines/UnrealEngine/Engine/Source/ThirdParty/ICU/icu4c-53_1/source/i18n/buddhcal.cpp,0,2,2
/media/ullmann/HDDGabriel/engines/UnrealEngine/Engine/Source/ThirdParty/ICU/icu4c-53_1/source/i18n/buddhcal.h,2,2,4
/media/ullmann/HDDGabriel/engines/UnrealEngine/Engine/Source/ThirdParty/CryptoPP/5.6.2/include/luc.h,3,4,7
/media/ullmann/HDDGabriel/engines/UnrealEngine/Engine/Source/ThirdParty/PhysX3/NvCloth/src/SwSolverKernel.cpp,0,8,8
/media/ullmann/HDDGabriel/engines/UnrealEngine/Engine/Source/ThirdParty/PhysX3/NvCloth/src/sse2/SwSolveConstraints.h,1,0,1
/media/ullmann/HDDGabriel/engines/UnrealEngine/Engine/Source/Developer/DerivedDataCache/Private/DerivedDataCacheStoreThrottle.cpp,0,2,2
/media/ullmann/HDDGabriel/engines/UnrealEngine/Engine/Source/ThirdParty/Boost/boost-1_70_0/include/boost/outcome/bad_access.hpp,3,1,4
/media/ullmann/HDDGabriel/engines/UnrealEngine/Engine/Source/ThirdParty/Intel/Embree/Embree2140/src/kernels/common/rtcore_ispc.cpp,0,2,2
/media/ullmann/HDDGabriel/engines/UnrealEngine/Engine/Source/ThirdParty/OpenSubdiv/OpenSubdiv-3.4.4/regression/shapes/catmark_nonman_quadpole360.h,1,0,1
/media/ullmann/HDDGabriel/engines/UnrealEngine/Engine/Source/ThirdParty/Android/libunwind/libunwind/src/x86/Gcreate_addr_space.c,1,1,2
/media/ullmann/HDDGabriel/engines/UnrealEngine/Engine/Source/Runtime/VulkanRHI/Private/VulkanUniformBuffer.cpp,0,3,3
/media/ullmann/HDDGabriel/engines/UnrealEngine/Engine/Source/ThirdParty/Eigen/Eigen/src/Core/DenseBase.h,0,1,1
/media/ullmann/HDDGabriel/engines/UnrealEngine/Engine/Source/ThirdParty/Eigen/Eigen/src/plugins/BlockMethods.h,2,0,2
/media/ullmann/HDDGabriel/engines/UnrealEngine/Engine/Source/ThirdParty/mtlpp/mtlpp-master-7efad47/src/imp_DepthStencil.hpp,1,1,2
/media/ullmann/HDDGabriel/engines/UnrealEngine/Engine/Source/Programs/Enterprise/Datasmith/DatasmithARCHICADExporter/UBTModules/Private/DatasmithArchiCAD.cpp,0,1,1
/media/ullmann/HDDGabriel/engines/UnrealEngine/Engine/Source/Programs/Enterprise/Datasmith/DatasmithARCHICADExporter/UBTModules/Private/DatasmithArchiCAD.h,1,0,1
/media/ullmann/HDDGabriel/engines/UnrealEngine/Engine/Source/ThirdParty/Imath/Imath-3.1.3/src/Imath/ImathShear.h,1,4,5
/media/ullmann/HDDGabriel/engines/UnrealEngine/Engine/Source/Editor/UnrealEd/Public/EditorModeTools.h,1,0,1
/media/ullmann/HDDGabriel/engines/UnrealEngine/Engine/Source/ThirdParty/Expat/expat-2.2.10/lib/xmlrole.h,2,1,3
/media/ullmann/HDDGabriel/engines/UnrealEngine/Engine/Source/ThirdParty/Expat/expat-2.2.10/lib/xmltok.h,3,0,3
/media/ullmann/HDDGabriel/engines/UnrealEngine/Engine/Source/ThirdParty/ICU/icu4c-64_1/source/i18n/numparse_validators.cpp,0,2,2
/media/ullmann/HDDGabriel/engines/UnrealEngine/Engine/Source/ThirdParty/libOpus/opus-1.3.1-12/silk/control_audio_bandwidth.c,0,2,2
/media/ullmann/HDDGabriel/engines/UnrealEngine/Engine/Source/Developer/Windows/LiveCodingServer/Private/External/LC_FunctionPatcher.h,3,2,5
/media/ullmann/HDDGabriel/engines/UnrealEngine/Engine/Source/Editor/PropertyEditor/Private/UserInterface/PropertyDetails/PropertyDetailsUtilities.h,2,0,2
/media/ullmann/HDDGabriel/engines/UnrealEngine/Engine/Source/ThirdParty/ShaderConductor/ShaderConductor/External/DirectXShaderCompiler/tools/clang/bindings/python/tests/cindex/INPUTS/include.cpp,0,2,2
/media/ullmann/HDDGabriel/engines/UnrealEngine/Engine/Source/ThirdParty/ShaderConductor/ShaderConductor/External/DirectXShaderCompiler/tools/clang/bindings/python/tests/cindex/INPUTS/header1.h,1,1,2
/media/ullmann/HDDGabriel/engines/UnrealEngine/Engine/Source/ThirdParty/OpenVDB/Deploy/openvdb-8.1.0/include/openvdb/tools/VolumeToSpheres.h,0,5,5
/media/ullmann/HDDGabriel/engines/UnrealEngine/Engine/Source/Editor/ClassViewer/Private/SClassViewer.cpp,0,2,2
/media/ullmann/HDDGabriel/engines/UnrealEngine/Engine/Source/Editor/ClassViewer/Private/UnloadedBlueprintData.h,3,1,4
/media/ullmann/HDDGabriel/engines/UnrealEngine/Engine/Source/ThirdParty/OpenVR/OpenVRv000/headers/openvr_capi.h,0,1,1
/media/ullmann/HDDGabriel/engines/UnrealEngine/Engine/Source/ThirdParty/OpenVR/OpenVRv000/headers/openvr.h,1,0,1
/media/ullmann/HDDGabriel/engines/UnrealEngine/Engine/Source/ThirdParty/FreeType2/FreeType2-2.4.12/src/autofit/afloader.c,1,5,6
/media/ullmann/HDDGabriel/engines/UnrealEngine/Engine/Source/ThirdParty/SDL2/SDL-gui-backend/include/SDL_opengl_glext.h,1,0,1
/media/ullmann/HDDGabriel/engines/UnrealEngine/Engine/Source/ThirdParty/ICU/icu4c-64_1/source/common/locresdata.cpp,0,7,7
/media/ullmann/HDDGabriel/engines/UnrealEngine/Engine/Source/ThirdParty/FreeType2/FreeType2-2.10.4/src/gxvalid/gxvalid.c,0,22,22
/media/ullmann/HDDGabriel/engines/UnrealEngine/Engine/Source/ThirdParty/FreeType2/FreeType2-2.10.4/src/gxvalid/gxvtrak.c,1,2,3
/media/ullmann/HDDGabriel/engines/UnrealEngine/Engine/Source/ThirdParty/HLMediaLibrary/HLMediaLibrary/PlaybackManager.cpp,0,4,4
/media/ullmann/HDDGabriel/engines/UnrealEngine/Engine/Source/ThirdParty/Android/libunwind/libunwind/src/ppc/Ginit_remote.c,1,2,3
/media/ullmann/HDDGabriel/engines/UnrealEngine/Engine/Source/ThirdParty/ICU/icu4c-53_1/source/test/cintltst/cg7coll.c,0,4,4
/media/ullmann/HDDGabriel/engines/UnrealEngine/Engine/Source/ThirdParty/ICU/icu4c-53_1/source/test/cintltst/cg7coll.h,1,1,2
/media/ullmann/HDDGabriel/engines/UnrealEngine/Engine/Source/Runtime/Foliage/Public/ProceduralFoliageBroadphase.h,1,1,2
/media/ullmann/HDDGabriel/engines/UnrealEngine/Engine/Source/ThirdParty/Perforce/p4api-2018.1/Include/Win32/VS2015/p4/serverhelperapi.h,0,2,2
/media/ullmann/HDDGabriel/engines/UnrealEngine/Engine/Source/ThirdParty/Perforce/p4api-2018.1/Include/Win32/VS2015/p4/strtable.h,1,0,1
/media/ullmann/HDDGabriel/engines/UnrealEngine/Engine/Source/ThirdParty/ShaderConductor/ShaderConductor/External/DirectXShaderCompiler/tools/clang/lib/SPIRV/AlignmentSizeCalculator.cpp,0,1,1
/media/ullmann/HDDGabriel/engines/UnrealEngine/Engine/Source/ThirdParty/ShaderConductor/ShaderConductor/External/DirectXShaderCompiler/tools/clang/lib/SPIRV/AlignmentSizeCalculator.h,5,0,5
/media/ullmann/HDDGabriel/engines/UnrealEngine/Engine/Source/Runtime/Apple/AGXRHI/Private/AGXGraphicsPipelineState.cpp,0,4,4
/media/ullmann/HDDGabriel/engines/UnrealEngine/Engine/Source/ThirdParty/Steamworks/Steamv151/sdk/public/steam/isteamgameserver.h,1,1,2
/media/ullmann/HDDGabriel/engines/UnrealEngine/Engine/Source/Runtime/OpenGLDrv/Public/OpenGL3.h,1,1,2
/media/ullmann/HDDGabriel/engines/UnrealEngine/Engine/Source/Runtime/OpenGLDrv/Public/OpenGL.h,2,0,2
/media/ullmann/HDDGabriel/engines/UnrealEngine/Engine/Source/ThirdParty/PhysX3/PxShared/src/foundation/include/PsHashMap.h,1,1,2
/media/ullmann/HDDGabriel/engines/UnrealEngine/Engine/Source/Editor/PropertyEditor/Public/SResetToDefaultPropertyEditor.h,0,1,1
/media/ullmann/HDDGabriel/engines/UnrealEngine/Engine/Source/ThirdParty/SDL2/SDL-gui-backend/src/locale/unix/SDL_syslocale.c,0,2,2
/media/ullmann/HDDGabriel/engines/UnrealEngine/Engine/Source/ThirdParty/SDL2/SDL-gui-backend/src/locale/SDL_syslocale.h,8,0,8
/media/ullmann/HDDGabriel/engines/UnrealEngine/Engine/Source/ThirdParty/HarfBuzz/harfbuzz-2.4.0/src/hb-ot-shape.h,1,1,2
/media/ullmann/HDDGabriel/engines/UnrealEngine/Engine/Source/ThirdParty/CryptoPP/5.6.2/include/zdeflate.h,5,2,7
/media/ullmann/HDDGabriel/engines/UnrealEngine/Engine/Source/Runtime/Renderer/Private/LightShaftRendering.cpp,0,8,8
/media/ullmann/HDDGabriel/engines/UnrealEngine/Engine/Source/ThirdParty/ICU/icu4c-53_1/source/layout/HanLayoutEngine.cpp,0,9,9
/media/ullmann/HDDGabriel/engines/UnrealEngine/Engine/Source/ThirdParty/ICU/icu4c-53_1/source/layout/ScriptAndLanguageTags.h,8,1,9
/media/ullmann/HDDGabriel/engines/UnrealEngine/Engine/Source/ThirdParty/PhysX3/NvCloth/src/NvSimd/NvSimdTypes.h,2,3,5
/media/ullmann/HDDGabriel/engines/UnrealEngine/Engine/Source/ThirdParty/PhysX3/NvCloth/src/NvSimd/sse2/NvSse2SimdTypes.h,1,0,1
/media/ullmann/HDDGabriel/engines/UnrealEngine/Engine/Source/ThirdParty/libOpus/opus-1.1/celt/vq.c,0,7,7
/media/ullmann/HDDGabriel/engines/UnrealEngine/Engine/Source/ThirdParty/FreeType2/FreeType2-2.4.12/src/otvalid/otvalid.h,8,1,9
/media/ullmann/HDDGabriel/engines/UnrealEngine/Engine/Source/ThirdParty/FreeType2/FreeType2-2.4.12/src/otvalid/otverror.h,1,0,1
/media/ullmann/HDDGabriel/engines/UnrealEngine/Engine/Source/ThirdParty/PhysX3/APEX_1.4/common/include/RandStateHelpers.h,0,1,1
/media/ullmann/HDDGabriel/engines/UnrealEngine/Engine/Source/ThirdParty/PhysX3/APEX_1.4/common/include/ApexMirroredArray.h,4,1,5
/media/ullmann/HDDGabriel/engines/UnrealEngine/Engine/Source/ThirdParty/Intel/Embree/Embree270/src/kernels/xeonphi/bvh4mb/bvh4mb_intersector16_single.cpp,0,3,3
/media/ullmann/HDDGabriel/engines/UnrealEngine/Engine/Source/ThirdParty/Python3/Linux/include/python3.9/object.h,2,1,3
/media/ullmann/HDDGabriel/engines/UnrealEngine/Engine/Source/ThirdParty/ICU/icu4c-53_1/source/layout/SingleTableProcessor.h,2,5,7
/media/ullmann/HDDGabriel/engines/UnrealEngine/Engine/Source/Runtime/Engine/Public/Physics/Experimental/ChaosInterfaceWrapper.h,1,0,1
/media/ullmann/HDDGabriel/engines/UnrealEngine/Engine/Source/ThirdParty/openexr/openexr-3.1.1/src/lib/OpenEXRCore/openexr_chunkio.h,4,1,5
/media/ullmann/HDDGabriel/engines/UnrealEngine/Engine/Source/ThirdParty/ICU/icu4c-53_1/source/common/punycode.h,3,1,4
/media/ullmann/HDDGabriel/engines/UnrealEngine/Engine/Source/ThirdParty/Intel/Embree/Embree3122/Win64/include/embree3/rtcore_scene.h,2,1,3
/media/ullmann/HDDGabriel/engines/UnrealEngine/Engine/Source/ThirdParty/ShaderConductor/ShaderConductor/External/DirectXShaderCompiler/lib/CodeGen/SelectionDAG/ScheduleDAGSDNodes.cpp,0,3,3
/media/ullmann/HDDGabriel/engines/UnrealEngine/Engine/Source/ThirdParty/ShaderConductor/ShaderConductor/External/DirectXShaderCompiler/lib/CodeGen/SelectionDAG/InstrEmitter.h,3,0,3
/media/ullmann/HDDGabriel/engines/UnrealEngine/Engine/Source/Developer/TraceServices/Private/Model/AllocationsProvider.cpp,0,3,3
/media/ullmann/HDDGabriel/engines/UnrealEngine/Engine/Source/Developer/TraceServices/Private/Model/AllocationsQuery.h,2,2,4
/media/ullmann/HDDGabriel/engines/UnrealEngine/Engine/Source/ThirdParty/PhysX3/PhysX_3.4/Source/PhysXExtensions/src/serialization/Xml/SnRepXCoreSerializer.h,1,1,2
/media/ullmann/HDDGabriel/engines/UnrealEngine/Engine/Source/ThirdParty/PhysX3/PhysX_3.4/Source/PhysXExtensions/src/serialization/Xml/SnRepXSerializerImpl.h,2,2,4
/media/ullmann/HDDGabriel/engines/UnrealEngine/Engine/Source/Runtime/Engine/Public/TextureRenderTargetVolumeResource.h,0,1,1
/media/ullmann/HDDGabriel/engines/UnrealEngine/Engine/Source/Runtime/Engine/Public/TextureResource.h,6,1,7
/media/ullmann/HDDGabriel/engines/UnrealEngine/Engine/Source/ThirdParty/ShaderConductor/ShaderConductor/External/DirectXShaderCompiler/tools/clang/unittests/DxrFallback/testFiles/testLib.h,0,1,1
/media/ullmann/HDDGabriel/engines/UnrealEngine/Engine/Source/ThirdParty/ShaderConductor/ShaderConductor/External/DirectXShaderCompiler/tools/clang/unittests/DxrFallback/testFiles/HLSLRayTracingInternalPrototypes.h,1,0,1
/media/ullmann/HDDGabriel/engines/UnrealEngine/Engine/Source/ThirdParty/SDL2/SDL-gui-backend/src/video/windows/SDL_windowskeyboard.c,0,4,4
/media/ullmann/HDDGabriel/engines/UnrealEngine/Engine/Source/ThirdParty/SDL2/SDL-gui-backend/src/events/scancodes_windows.h,3,1,4
/media/ullmann/HDDGabriel/engines/UnrealEngine/Engine/Source/ThirdParty/OpenSubdiv/Deploy/OpenSubdiv-3.4.4/include/opensubdiv/far/ptexIndices.h,0,3,3
/media/ullmann/HDDGabriel/engines/UnrealEngine/Engine/Source/Editor/AnimationModifiers/Private/SModifierListview.h,5,0,5
/media/ullmann/HDDGabriel/engines/UnrealEngine/Engine/Source/ThirdParty/ICU/icu4c-64_1/source/common/unifiedcache.h,2,7,9
/media/ullmann/HDDGabriel/engines/UnrealEngine/Engine/Source/ThirdParty/Boost/boost-1_70_0/include/boost/polygon/detail/iterator_points_to_compact.hpp,3,0,3
/media/ullmann/HDDGabriel/engines/UnrealEngine/Engine/Source/ThirdParty/Intel/Embree/Embree270/src/common/tasking/taskscheduler_tbb.cpp,0,4,4
/media/ullmann/HDDGabriel/engines/UnrealEngine/Engine/Source/Developer/TraceInsights/Private/Insights/NetworkingProfiler/Widgets/SPacketView.cpp,0,1,1
/media/ullmann/HDDGabriel/engines/UnrealEngine/Engine/Source/Developer/TraceInsights/Private/Insights/NetworkingProfiler/Widgets/SPacketView.h,1,0,1
/media/ullmann/HDDGabriel/engines/UnrealEngine/Engine/Source/Developer/AssetTools/Private/AssetTypeActions/AssetTypeActions_ObjectLibrary.h,1,0,1
/media/ullmann/HDDGabriel/engines/UnrealEngine/Engine/Source/ThirdParty/CryptoPP/5.6.5/include/ossig.h,2,1,3
/media/ullmann/HDDGabriel/engines/UnrealEngine/Engine/Source/ThirdParty/FreeType2/FreeType2-2.10.4/src/bdf/bdf.c,0,2,2
/media/ullmann/HDDGabriel/engines/UnrealEngine/Engine/Source/ThirdParty/ShaderConductor/ShaderConductor/External/SPIRV-Tools/test/opt/graphics_robust_access_test.cpp,0,2,2
/media/ullmann/HDDGabriel/engines/UnrealEngine/Engine/Source/ThirdParty/ShaderConductor/ShaderConductor/External/SPIRV-Tools/test/opt/pass_utils.h,4,0,4
/media/ullmann/HDDGabriel/engines/UnrealEngine/Engine/Source/ThirdParty/FreeType2/FreeType2-2.4.12/src/type42/t42parse.h,2,1,3
/media/ullmann/HDDGabriel/engines/UnrealEngine/Engine/Source/Runtime/SlateRHIRenderer/Private/SlateAtlasedTextureResource.cpp,0,1,1
/media/ullmann/HDDGabriel/engines/UnrealEngine/Engine/Source/Runtime/SlateRHIRenderer/Private/SlateAtlasedTextureResource.h,2,1,3
/media/ullmann/HDDGabriel/engines/UnrealEngine/Engine/Source/ThirdParty/GoogleOboe/Private/aaudio/AAudioLoader.cpp,0,1,1
/media/ullmann/HDDGabriel/engines/UnrealEngine/Engine/Source/ThirdParty/GoogleOboe/Private/aaudio/AAudioLoader.h,2,0,2
/media/ullmann/HDDGabriel/engines/UnrealEngine/Engine/Source/Editor/BehaviorTreeEditor/Classes/BehaviorTreeDecoratorGraphNode_Logic.h,0,1,1
/media/ullmann/HDDGabriel/engines/UnrealEngine/Engine/Source/ThirdParty/SDL2/SDL-gui-backend/src/render/opengles/SDL_render_gles.c,0,3,3
/media/ullmann/HDDGabriel/engines/UnrealEngine/Engine/Source/ThirdParty/Intel/TBB/IntelTBB-2019u8/src/perf/time_vector.cpp,0,3,3
/media/ullmann/HDDGabriel/engines/UnrealEngine/Engine/Source/ThirdParty/Intel/TBB/IntelTBB-2019u8/src/test/test_task_leaks.cpp,0,4,4
/media/ullmann/HDDGabriel/engines/UnrealEngine/Engine/Source/Editor/PhysicsAssetEditor/Private/PhysicsAssetGraph/PhysicsAssetGraph.cpp,0,5,5
/media/ullmann/HDDGabriel/engines/UnrealEngine/Engine/Source/Editor/PhysicsAssetEditor/Private/PhysicsAssetGraph/PhysicsAssetGraphNode_Bone.h,6,1,7
/media/ullmann/HDDGabriel/engines/UnrealEngine/Engine/Source/ThirdParty/FreeType2/FreeType2-2.4.12/src/sfnt/ttsbit0.c,1,2,3
/media/ullmann/HDDGabriel/engines/UnrealEngine/Engine/Source/ThirdParty/CryptoPP/5.6.5/include/serpent.h,3,2,5
/media/ullmann/HDDGabriel/engines/UnrealEngine/Engine/Source/Runtime/AudioMixer/Private/SoundFileIO/SoundFileIO.cpp,0,3,3
/media/ullmann/HDDGabriel/engines/UnrealEngine/Engine/Source/ThirdParty/ICU/icu4c-53_1/source/test/letest/SimpleFontInstance.h,4,0,4
/media/ullmann/HDDGabriel/engines/UnrealEngine/Engine/Source/ThirdParty/PhysX3/NvCloth/samples/SampleBase/core/Application.cpp,0,1,1
/media/ullmann/HDDGabriel/engines/UnrealEngine/Engine/Source/ThirdParty/FreeType2/FreeType2-2.6/Src/truetype/ttobjs.h,4,0,4
/media/ullmann/HDDGabriel/engines/UnrealEngine/Engine/Source/ThirdParty/ShaderConductor/ShaderConductor/External/DirectXShaderCompiler/lib/ProfileData/InstrProfReader.cpp,0,1,1
/media/ullmann/HDDGabriel/engines/UnrealEngine/Engine/Source/ThirdParty/ShaderConductor/ShaderConductor/External/DirectXShaderCompiler/lib/ProfileData/InstrProfIndexed.h,2,0,2
/media/ullmann/HDDGabriel/engines/UnrealEngine/Engine/Source/Editor/LevelEditor/Private/SLevelViewportToolBar.h,2,1,3
/media/ullmann/HDDGabriel/engines/UnrealEngine/Engine/Source/ThirdParty/FontConfig/fontconfig-2.13.94/src/fcwindows.h,3,0,3
/media/ullmann/HDDGabriel/engines/UnrealEngine/Engine/Source/ThirdParty/ICU/icu4c-53_1/source/layout/PairPositioningSubtables.cpp,0,9,9
/media/ullmann/HDDGabriel/engines/UnrealEngine/Engine/Source/ThirdParty/Expat/expat-2.2.10/lib/ascii.h,3,0,3
/media/ullmann/HDDGabriel/engines/UnrealEngine/Engine/Source/ThirdParty/ICU/icu4c-64_1/source/i18n/rbt_pars.h,4,1,5
/media/ullmann/HDDGabriel/engines/UnrealEngine/Engine/Source/ThirdParty/ICU/icu4c-64_1/source/i18n/ucal.cpp,0,5,5
/media/ullmann/HDDGabriel/engines/UnrealEngine/Engine/Source/ThirdParty/FBX/2020.2/include/fbxsdk/utils/fbxgeometryconverter.h,1,0,1
/media/ullmann/HDDGabriel/engines/UnrealEngine/Engine/Source/ThirdParty/PhysX3/NvCloth/src/SwFactory.cpp,0,4,4
/media/ullmann/HDDGabriel/engines/UnrealEngine/Engine/Source/ThirdParty/PhysX3/NvCloth/src/SwSolver.h,2,1,3
/media/ullmann/HDDGabriel/engines/UnrealEngine/Engine/Source/ThirdParty/Crunch/src/crnlib/crn_sparse_bit_array.h,3,0,3
/media/ullmann/HDDGabriel/engines/UnrealEngine/Engine/Source/ThirdParty/SDL2/SDL-gui-backend/src/video/vivante/SDL_vivantevideo.h,4,2,6
/media/ullmann/HDDGabriel/engines/UnrealEngine/Engine/Source/ThirdParty/hlslcc/hlslcc/src/hlslcc_lib/ast_function.cpp,0,9,9
/media/ullmann/HDDGabriel/engines/UnrealEngine/Engine/Source/Runtime/Experimental/Chaos/Public/Chaos/TriangleMesh.h,1,1,2
/media/ullmann/HDDGabriel/engines/UnrealEngine/Engine/Source/Runtime/Experimental/Chaos/Public/Chaos/AABBTree.h,3,0,3
/media/ullmann/HDDGabriel/engines/UnrealEngine/Engine/Source/Runtime/Engine/Public/Audio/SoundEffectPresetWidgetInterface.h,0,1,1
/media/ullmann/HDDGabriel/engines/UnrealEngine/Engine/Source/Runtime/Engine/Public/Audio/AudioPanelWidgetInterface.h,1,0,1
/media/ullmann/HDDGabriel/engines/UnrealEngine/Engine/Source/ThirdParty/nvTextureTools/nvTextureTools-2.0.8/src/src/nvtt/squish/squish.h,11,0,11
/media/ullmann/HDDGabriel/engines/UnrealEngine/Engine/Source/ThirdParty/ICU/icu4c-53_1/source/i18n/ucurr.cpp,0,3,3
/media/ullmann/HDDGabriel/engines/UnrealEngine/Engine/Source/ThirdParty/ICU/icu4c-53_1/source/i18n/unicode/choicfmt.h,5,0,5
/media/ullmann/HDDGabriel/engines/UnrealEngine/Engine/Source/Runtime/Slate/Public/Framework/Views/TableViewMetadata.h,0,1,1
/media/ullmann/HDDGabriel/engines/UnrealEngine/Engine/Source/Runtime/Slate/Public/Framework/Views/ITypedTableView.h,4,0,4
/media/ullmann/HDDGabriel/engines/UnrealEngine/Engine/Source/ThirdParty/ICU/icu4c-53_1/source/i18n/tzfmt.cpp,0,8,8
/media/ullmann/HDDGabriel/engines/UnrealEngine/Engine/Source/ThirdParty/ICU/icu4c-53_1/source/i18n/unicode/tzfmt.h,4,0,4
/media/ullmann/HDDGabriel/engines/UnrealEngine/Engine/Source/ThirdParty/Intel/Embree/Embree270/src/common/math/vec3ia.h,2,2,4
/media/ullmann/HDDGabriel/engines/UnrealEngine/Engine/Source/ThirdParty/MCPP/mcpp-2.7.2/test-l/nest113.h,1,1,2
/media/ullmann/HDDGabriel/engines/UnrealEngine/Engine/Source/ThirdParty/MCPP/mcpp-2.7.2/test-l/nest114.h,1,1,2
/media/ullmann/HDDGabriel/engines/UnrealEngine/Engine/Source/Runtime/GeometryCore/Public/Generators/BoxSphereGenerator.h,0,2,2
/media/ullmann/HDDGabriel/engines/UnrealEngine/Engine/Source/Runtime/GeometryCore/Public/Generators/GridBoxMeshGenerator.h,1,1,2
/media/ullmann/HDDGabriel/engines/UnrealEngine/Engine/Source/ThirdParty/Intel/Embree/Embree2140/src/kernels/bvh/bvh_intersector_stream_filters.h,1,3,4
/media/ullmann/HDDGabriel/engines/UnrealEngine/Engine/Source/ThirdParty/ICU/icu4c-53_1/source/test/perf/DateFmtPerf/DateFmtPerf.h,1,3,4
/media/ullmann/HDDGabriel/engines/UnrealEngine/Engine/Source/ThirdParty/ICU/icu4c-53_1/source/test/perf/DateFmtPerf/datedata.h,1,0,1
/media/ullmann/HDDGabriel/engines/UnrealEngine/Engine/Source/ThirdParty/Intel/ISPC/ispc-1.16.1/examples/cpu/options/options.cpp,0,2,2
/media/ullmann/HDDGabriel/engines/UnrealEngine/Engine/Source/ThirdParty/FreeType2/FreeType2-2.10.0/src/gxvalid/gxvkern.c,1,2,3
/media/ullmann/HDDGabriel/engines/UnrealEngine/Engine/Source/Runtime/Core/Public/Misc/SlowTaskStack.h,2,0,2
/media/ullmann/HDDGabriel/engines/UnrealEngine/Engine/Source/Runtime/Engine/Public/Rendering/SkyAtmosphereCommonData.h,2,0,2
/media/ullmann/HDDGabriel/engines/UnrealEngine/Engine/Source/ThirdParty/MCPP/mcpp-2.7.2/test-c/i_32_3.c,0,1,1
/media/ullmann/HDDGabriel/engines/UnrealEngine/Engine/Source/ThirdParty/ICU/icu4c-64_1/source/common/ustack.cpp,0,1,1
/media/ullmann/HDDGabriel/engines/UnrealEngine/Engine/Source/Runtime/Engine/Public/LegacyScreenPercentageDriver.h,0,1,1
/media/ullmann/HDDGabriel/engines/UnrealEngine/Engine/Source/ThirdParty/FreeType2/FreeType2-2.10.0/src/psaux/psfont.c,1,5,6
/media/ullmann/HDDGabriel/engines/UnrealEngine/Engine/Source/ThirdParty/Intel/Embree/Embree270/src/kernels/common/accelset.cpp,0,2,2
/media/ullmann/HDDGabriel/engines/UnrealEngine/Engine/Source/ThirdParty/Intel/Embree/Embree270/src/kernels/common/accelset.h,4,3,7
/media/ullmann/HDDGabriel/engines/UnrealEngine/Engine/Source/ThirdParty/PhysX3/PhysX_3.4/Source/SimulationController/src/ScRigidSim.h,7,1,8
/media/ullmann/HDDGabriel/engines/UnrealEngine/Engine/Source/ThirdParty/FreeImage/FreeImage-3.18.0/Source/OpenEXR/IlmImf/ImfOpaqueAttribute.h,2,3,5
/media/ullmann/HDDGabriel/engines/UnrealEngine/Engine/Source/Editor/InputBindingEditor/Private/InputBindingEditorModule.cpp,0,2,2
/media/ullmann/HDDGabriel/engines/UnrealEngine/Engine/Source/Editor/InputBindingEditor/Private/EditorKeyboardShortcutSettings.h,1,0,1
/media/ullmann/HDDGabriel/engines/UnrealEngine/Engine/Source/Runtime/GeometryCore/Public/IntVectorTypes.h,1,2,3
/media/ullmann/HDDGabriel/engines/UnrealEngine/Engine/Source/Runtime/GeometryCore/Public/MathUtil.h,6,1,7
/media/ullmann/HDDGabriel/engines/UnrealEngine/Engine/Source/Programs/HeadlessChaos/Public/GeometryCollection/GeometryCollectionTestDecimation.h,0,1,1
/media/ullmann/HDDGabriel/engines/UnrealEngine/Engine/Source/ThirdParty/ICU/icu4c-53_1/source/i18n/unicode/measfmt.h,2,0,2
/media/ullmann/HDDGabriel/engines/UnrealEngine/Engine/Source/ThirdParty/MCPP/mcpp-2.7.2/src/directive.c,0,2,2
/media/ullmann/HDDGabriel/engines/UnrealEngine/Engine/Source/ThirdParty/PhysX3/PxShared/src/pvd/src/PxPvdByteStreams.h,2,0,2
/media/ullmann/HDDGabriel/engines/UnrealEngine/Engine/Source/ThirdParty/Expat/expat-2.2.10/lib/expat.h,1,1,2
/media/ullmann/HDDGabriel/engines/UnrealEngine/Engine/Source/ThirdParty/zlib/zlib-1.2.5/Src/contrib/minizip/unzip.h,4,1,5
/media/ullmann/HDDGabriel/engines/UnrealEngine/Engine/Source/ThirdParty/openexr/openexr-3.1.1/src/lib/OpenEXR/ImfTiledOutputFile.h,4,4,8
/media/ullmann/HDDGabriel/engines/UnrealEngine/Engine/Source/ThirdParty/ICU/icu4c-53_1/source/test/perf/DateFmtPerf/collationdata.h,1,0,1
/media/ullmann/HDDGabriel/engines/UnrealEngine/Engine/Source/Runtime/VulkanRHI/Private/VulkanGenericPlatform.cpp,0,2,2
/media/ullmann/HDDGabriel/engines/UnrealEngine/Engine/Source/ThirdParty/ShaderConductor/ShaderConductor/External/DirectXShaderCompiler/lib/IR/Attributes.cpp,0,2,2
/media/ullmann/HDDGabriel/engines/UnrealEngine/Engine/Source/ThirdParty/ShaderConductor/ShaderConductor/External/DirectXShaderCompiler/lib/IR/AttributeImpl.h,2,0,2
/media/ullmann/HDDGabriel/engines/UnrealEngine/Engine/Source/ThirdParty/Python3/Linux/include/python3.9/internal/pycore_atomic.h,3,0,3
/media/ullmann/HDDGabriel/engines/UnrealEngine/Engine/Source/Editor/Kismet/Private/UserDefinedEnumEditor.cpp,0,1,1
/media/ullmann/HDDGabriel/engines/UnrealEngine/Engine/Source/Editor/Kismet/Private/UserDefinedEnumEditor.h,2,1,3
/media/ullmann/HDDGabriel/engines/UnrealEngine/Engine/Source/Runtime/Slate/Public/Framework/Text/SlateImageRun.h,2,0,2
/media/ullmann/HDDGabriel/engines/UnrealEngine/Engine/Source/ThirdParty/FreeType2/FreeType2-2.4.12/src/psaux/afmparse.c,1,3,4
/media/ullmann/HDDGabriel/engines/UnrealEngine/Engine/Source/ThirdParty/FreeType2/FreeType2-2.4.12/src/psaux/psauxerr.h,5,0,5
/media/ullmann/HDDGabriel/engines/UnrealEngine/Engine/Source/ThirdParty/ShaderConductor/ShaderConductor/External/DirectXShaderCompiler/tools/clang/lib/Format/FormatToken.cpp,0,2,2
/media/ullmann/HDDGabriel/engines/UnrealEngine/Engine/Source/ThirdParty/ShaderConductor/ShaderConductor/External/DirectXShaderCompiler/tools/clang/lib/Format/FormatToken.h,3,0,3
/media/ullmann/HDDGabriel/engines/UnrealEngine/Engine/Source/ThirdParty/ICU/icu4c-64_1/source/i18n/unicode/smpdtfmt.h,10,0,10
/media/ullmann/HDDGabriel/engines/UnrealEngine/Engine/Source/ThirdParty/ICU/icu4c-53_1/source/common/unistr_cnv.cpp,0,11,11
/media/ullmann/HDDGabriel/engines/UnrealEngine/Engine/Source/ThirdParty/Intel/Embree/Embree2140/src/common/tasking/taskschedulerppl.cpp,0,1,1
/media/ullmann/HDDGabriel/engines/UnrealEngine/Engine/Source/ThirdParty/Intel/TBB/IntelTBB-2019u8/examples/task/tree_sum/SimpleParallelSumTree.cpp,0,1,1
/media/ullmann/HDDGabriel/engines/UnrealEngine/Engine/Source/ThirdParty/OpenVDB/Deploy/openvdb-8.1.0/include/openvdb/tools/Clip.h,0,2,2
/media/ullmann/HDDGabriel/engines/UnrealEngine/Engine/Source/Runtime/SlateRHIRenderer/Private/SlateRHIFontTexture.cpp,0,1,1
/media/ullmann/HDDGabriel/engines/UnrealEngine/Engine/Source/Runtime/SlateRHIRenderer/Private/SlateRHIFontTexture.h,2,0,2
/media/ullmann/HDDGabriel/engines/UnrealEngine/Engine/Source/ThirdParty/FBX/2020.2/include/fbxsdk/scene/geometry/fbxcameraswitcher.h,1,0,1
/media/ullmann/HDDGabriel/engines/UnrealEngine/Engine/Source/ThirdParty/HarfBuzz/harfbuzz-2.4.0/src/hb-unicode.h,3,1,4
/media/ullmann/HDDGabriel/engines/UnrealEngine/Engine/Source/Runtime/TraceLog/Public/Trace/Detail/Protocol.h,1,6,7
/media/ullmann/HDDGabriel/engines/UnrealEngine/Engine/Source/Runtime/TraceLog/Public/Trace/Detail/Protocols/Protocol4.h,1,0,1
/media/ullmann/HDDGabriel/engines/UnrealEngine/Engine/Source/ThirdParty/MCPP/mcpp-2.7.2/src/mbchar.c,0,2,2
/media/ullmann/HDDGabriel/engines/UnrealEngine/Engine/Source/ThirdParty/Intel/TBB/IntelTBB-2019u8/src/rml/client/omp_dynamic_link.cpp,0,2,2
/media/ullmann/HDDGabriel/engines/UnrealEngine/Engine/Source/ThirdParty/Intel/TBB/IntelTBB-2019u8/src/rml/client/library_assert.h,2,0,2
/media/ullmann/HDDGabriel/engines/UnrealEngine/Engine/Source/Editor/PropertyEditor/Public/IDetailCustomization.h,1,0,1
/media/ullmann/HDDGabriel/engines/UnrealEngine/Engine/Source/ThirdParty/ICU/icu4c-64_1/source/i18n/ethpccal.cpp,0,2,2
/media/ullmann/HDDGabriel/engines/UnrealEngine/Engine/Source/ThirdParty/ICU/icu4c-64_1/source/i18n/ethpccal.h,2,2,4
/media/ullmann/HDDGabriel/engines/UnrealEngine/Engine/Source/ThirdParty/CryptoPP/5.6.5/include/panama.h,2,3,5
/media/ullmann/HDDGabriel/engines/UnrealEngine/Engine/Source/ThirdParty/WebRTC/4147/Include/third_party/libvpx/source/config/linux/arm64/vpx_scale_rtcd.h,0,1,1
/media/ullmann/HDDGabriel/engines/UnrealEngine/Engine/Source/ThirdParty/WebRTC/4147/Include/third_party/libvpx/source/config/linux/arm64/vpx_config.h,4,0,4
/media/ullmann/HDDGabriel/engines/UnrealEngine/Engine/Source/Developer/Windows/LiveCoding/Private/External/LC_Debugger_Windows.cpp,0,1,1
/media/ullmann/HDDGabriel/engines/UnrealEngine/Engine/Source/Developer/Windows/LiveCoding/Private/External/LC_Debugger_Windows.h,1,0,1
/media/ullmann/HDDGabriel/engines/UnrealEngine/Engine/Source/ThirdParty/Python3/Linux/include/python3.9/pyctype.h,1,0,1
/media/ullmann/HDDGabriel/engines/UnrealEngine/Engine/Source/Developer/AssetTools/Private/AssetTypeActions/AssetTypeActions_SubsurfaceProfile.h,1,0,1
/media/ullmann/HDDGabriel/engines/UnrealEngine/Engine/Source/ThirdParty/SDL2/SDL-gui-backend/src/joystick/hidapi/SDL_hidapi_luna.c,0,4,4
/media/ullmann/HDDGabriel/engines/UnrealEngine/Engine/Source/Runtime/Engine/Public/AnimEncoding_PerTrackCompression.h,0,1,1
/media/ullmann/HDDGabriel/engines/UnrealEngine/Engine/Source/Runtime/Engine/Public/AnimEncoding.h,3,3,6
/media/ullmann/HDDGabriel/engines/UnrealEngine/Engine/Source/ThirdParty/PhysX3/NvCloth/src/SwFactory.h,7,0,7
/media/ullmann/HDDGabriel/engines/UnrealEngine/Engine/Source/ThirdParty/CryptoPP/5.6.5/include/camellia.cpp,0,5,5
/media/ullmann/HDDGabriel/engines/UnrealEngine/Engine/Source/ThirdParty/Intel/TBB/IntelTBB-2019u8/examples/parallel_for/tachyon/src/extvol.h,2,0,2
/media/ullmann/HDDGabriel/engines/UnrealEngine/Engine/Source/ThirdParty/CryptoPP/5.6.5/include/trdlocal.cpp,0,3,3
/media/ullmann/HDDGabriel/engines/UnrealEngine/Engine/Source/ThirdParty/CryptoPP/5.6.5/include/trdlocal.h,4,2,6
/media/ullmann/HDDGabriel/engines/UnrealEngine/Engine/Source/ThirdParty/OpenSubdiv/OpenSubdiv-3.4.4/opensubdiv/far/patchTable.cpp,0,2,2
/media/ullmann/HDDGabriel/engines/UnrealEngine/Engine/Source/Runtime/MovieScene/Public/MovieSceneObjectBindingID.h,2,2,4
/media/ullmann/HDDGabriel/engines/UnrealEngine/Engine/Source/Editor/LevelInstanceEditor/Private/LevelInstanceEditorModule.cpp,0,6,6
/media/ullmann/HDDGabriel/engines/UnrealEngine/Engine/Source/Editor/LevelInstanceEditor/Private/LevelInstanceEditorMode.h,2,0,2
/media/ullmann/HDDGabriel/engines/UnrealEngine/Engine/Source/Developer/AutomationDriver/Private/DriverSequence.cpp,0,7,7
/media/ullmann/HDDGabriel/engines/UnrealEngine/Engine/Source/Developer/AutomationDriver/Private/IStepExecutor.h,2,0,2
/media/ullmann/HDDGabriel/engines/UnrealEngine/Engine/Source/ThirdParty/Intel/Embree/Embree2140/src/kernels/geometry/trianglei_mb_intersector.h,4,3,7
/media/ullmann/HDDGabriel/engines/UnrealEngine/Engine/Source/ThirdParty/CryptoPP/5.6.5/include/chacha.cpp,0,6,6
/media/ullmann/HDDGabriel/engines/UnrealEngine/Engine/Source/Runtime/Foliage/Public/FoliageTypeObject.h,1,1,2
/media/ullmann/HDDGabriel/engines/UnrealEngine/Engine/Source/Runtime/Foliage/Public/FoliageType_InstancedStaticMesh.h,2,2,4
/media/ullmann/HDDGabriel/engines/UnrealEngine/Engine/Source/ThirdParty/FreeImage/FreeImage-3.18.0/TestAPI/testPlugins.cpp,0,1,1
/media/ullmann/HDDGabriel/engines/UnrealEngine/Engine/Source/Editor/BehaviorTreeEditor/Private/BehaviorTreeEditorToolbar.cpp,0,3,3
/media/ullmann/HDDGabriel/engines/UnrealEngine/Engine/Source/ThirdParty/ICU/icu4c-64_1/source/test/cintltst/unumberformattertst.c,0,2,2
/media/ullmann/HDDGabriel/engines/UnrealEngine/Engine/Source/ThirdParty/libOpus/opus-1.1/silk/decode_pitch.c,0,2,2
/media/ullmann/HDDGabriel/engines/UnrealEngine/Engine/Source/Runtime/D3D12RHI/Private/D3D12RayTracing.cpp,0,1,1
/media/ullmann/HDDGabriel/engines/UnrealEngine/Engine/Source/ThirdParty/MCPP/mcpp-2.7.2/cpp-test/test-l/nest15.h,1,1,2
/media/ullmann/HDDGabriel/engines/UnrealEngine/Engine/Source/ThirdParty/Perforce/P4Api.Net/p4bridge/P4BridgeServer.cpp,0,6,6
/media/ullmann/HDDGabriel/engines/UnrealEngine/Engine/Source/ThirdParty/Perforce/P4Api.Net/p4bridge/ticket.h,2,0,2
/media/ullmann/HDDGabriel/engines/UnrealEngine/Engine/Source/ThirdParty/FreeImage/FreeImage-3.18.0/Source/LibRawLite/internal/dht_demosaic.cpp,1,0,1
/media/ullmann/HDDGabriel/engines/UnrealEngine/Engine/Source/ThirdParty/FreeType2/FreeType2-2.6/Src/gxvalid/gxvlcar.c,1,2,3
/media/ullmann/HDDGabriel/engines/UnrealEngine/Engine/Source/ThirdParty/Intel/ISPC/ispc-1.17.0/src/main.cpp,0,5,5
/media/ullmann/HDDGabriel/engines/UnrealEngine/Engine/Source/ThirdParty/Intel/TBB/IntelTBB-2019u8/src/test/test_malloc_init_shutdown.cpp,0,3,3
/media/ullmann/HDDGabriel/engines/UnrealEngine/Engine/Source/ThirdParty/nvTextureTools/nvTextureTools-2.0.6/src/src/nvtt/OptimalCompressDXT.h,3,0,3
/media/ullmann/HDDGabriel/engines/UnrealEngine/Engine/Source/ThirdParty/FreeType2/FreeType2-2.10.0/src/sfnt/ttcpal.c,1,1,2
/media/ullmann/HDDGabriel/engines/UnrealEngine/Engine/Source/ThirdParty/FreeImage/FreeImage-3.18.0/Source/OpenEXR/IlmImf/ImfTiledOutputPart.h,1,5,6
/media/ullmann/HDDGabriel/engines/UnrealEngine/Engine/Source/Developer/HoloLens/HoloLensPlatformEditor/Private/HoloLensPlatformEditorModule.cpp,0,4,4
/media/ullmann/HDDGabriel/engines/UnrealEngine/Engine/Source/Developer/HoloLens/HoloLensPlatformEditor/Private/HoloLensTargetSettingsCustomization.h,2,0,2
/media/ullmann/HDDGabriel/engines/UnrealEngine/Engine/Source/ThirdParty/nvTextureTools/nvTextureTools-2.0.8/src/gnuwin32/include/jerror.h,1,0,1
/media/ullmann/HDDGabriel/engines/UnrealEngine/Engine/Source/Editor/PropertyEditor/Private/SDetailRowIndent.cpp,0,3,3
/media/ullmann/HDDGabriel/engines/UnrealEngine/Engine/Source/Editor/PropertyEditor/Private/SDetailTableRowBase.h,7,2,9
/media/ullmann/HDDGabriel/engines/UnrealEngine/Engine/Source/ThirdParty/CryptoPP/5.6.5/include/md4.cpp,0,3,3
/media/ullmann/HDDGabriel/engines/UnrealEngine/Engine/Source/ThirdParty/PhysX3/PhysX_3.4/Source/PhysX/src/cloth/NpCloth.cpp,0,2,2
/media/ullmann/HDDGabriel/engines/UnrealEngine/Engine/Source/ThirdParty/PhysX3/PhysX_3.4/Source/PhysX/src/cloth/NpClothFabric.h,2,0,2
/media/ullmann/HDDGabriel/engines/UnrealEngine/Engine/Source/ThirdParty/ICU/icu4c-64_1/source/common/uinit.cpp,0,9,9
/media/ullmann/HDDGabriel/engines/UnrealEngine/Engine/Source/ThirdParty/ICU/icu4c-53_1/source/test/intltest/simplethread.cpp,0,3,3
/media/ullmann/HDDGabriel/engines/UnrealEngine/Engine/Source/Developer/ShaderCompilerCommon/Private/HlslParser.h,2,1,3
/media/ullmann/HDDGabriel/engines/UnrealEngine/Engine/Source/Runtime/MeshDescription/Public/MeshAttributes.h,1,1,2
/media/ullmann/HDDGabriel/engines/UnrealEngine/Engine/Source/ThirdParty/FreeType2/FreeType2-2.10.0/src/cff/cffdrivr.c,1,7,8
/media/ullmann/HDDGabriel/engines/UnrealEngine/Engine/Source/ThirdParty/FreeType2/FreeType2-2.10.0/src/cff/cffobjs.h,2,0,2
/media/ullmann/HDDGabriel/engines/UnrealEngine/Engine/Source/ThirdParty/PhysX3/PhysX_3.4/Source/SceneQuery/src/SqExtendedBucketPruner.h,2,4,6
/media/ullmann/HDDGabriel/engines/UnrealEngine/Engine/Source/ThirdParty/GoogleOboe/Private/aaudio/AudioStreamAAudio.h,0,1,1
/media/ullmann/HDDGabriel/engines/UnrealEngine/Engine/Source/ThirdParty/PhysX3/APEX_1.4/module/clothing_legacy/include/autogen/ClothingActorParam_0p9.h,1,0,1
/media/ullmann/HDDGabriel/engines/UnrealEngine/Engine/Source/ThirdParty/PhysX3/APEX_1.4/module/destructible/fracture/Core/FracturePatternBase.cpp,0,6,6
/media/ullmann/HDDGabriel/engines/UnrealEngine/Engine/Source/ThirdParty/PhysX3/APEX_1.4/module/destructible/fracture/Core/FracturePatternBase.h,3,3,6
/media/ullmann/HDDGabriel/engines/UnrealEngine/Engine/Source/Runtime/Slate/Public/Widgets/Layout/SScrollBar.h,3,0,3
/media/ullmann/HDDGabriel/engines/UnrealEngine/Engine/Source/ThirdParty/ShaderConductor/ShaderConductor/External/DirectXShaderCompiler/tools/clang/tools/libclang/CIndexCodeCompletion.cpp,0,6,6
/media/ullmann/HDDGabriel/engines/UnrealEngine/Engine/Source/Editor/SequenceRecorder/Private/SequenceRecorderSettings.cpp,0,1,1
/media/ullmann/HDDGabriel/engines/UnrealEngine/Engine/Source/Editor/Sequencer/Private/SequencerKeyCollection.cpp,0,3,3
/media/ullmann/HDDGabriel/engines/UnrealEngine/Engine/Source/Editor/BehaviorTreeEditor/Private/BehaviorTreeEditorTabFactories.cpp,0,2,2
/media/ullmann/HDDGabriel/engines/UnrealEngine/Engine/Source/Runtime/Windows/D3D11RHI/Private/D3D11Util.cpp,0,1,1
/media/ullmann/HDDGabriel/engines/UnrealEngine/Engine/Source/ThirdParty/FBX/2020.2/include/fbxsdk/scene/shading/fbxbindingoperator.h,1,0,1
/media/ullmann/HDDGabriel/engines/UnrealEngine/Engine/Source/Editor/FoliageEdit/Private/FoliageType_InstancedStaticMeshPaintingCustomization.cpp,0,2,2
/media/ullmann/HDDGabriel/engines/UnrealEngine/Engine/Source/ThirdParty/MCPP/mcpp-2.7.2/test-l/nest99.h,1,1,2
/media/ullmann/HDDGabriel/engines/UnrealEngine/Engine/Source/ThirdParty/MCPP/mcpp-2.7.2/test-l/nest100.h,1,1,2
/media/ullmann/HDDGabriel/engines/UnrealEngine/Engine/Source/Runtime/SlateRHIRenderer/Private/SlateRHIResourceManager.cpp,0,6,6
/media/ullmann/HDDGabriel/engines/UnrealEngine/Engine/Source/Runtime/Experimental/Chaos/Public/Chaos/ParticleDirtyFlags.h,0,4,4
/media/ullmann/HDDGabriel/engines/UnrealEngine/Engine/Source/Runtime/Experimental/Chaos/Public/Chaos/ShapeProperties.inl,1,0,1
/media/ullmann/HDDGabriel/engines/UnrealEngine/Engine/Source/Runtime/Sockets/Public/MultichannelTCP.h,0,9,9
/media/ullmann/HDDGabriel/engines/UnrealEngine/Engine/Source/Runtime/Sockets/Public/MultichannelTcpSocket.h,1,2,3
/media/ullmann/HDDGabriel/engines/UnrealEngine/Engine/Source/Editor/UMGEditor/Private/Customizations/DynamicEntryWidgetDetailsBase.cpp,0,3,3
/media/ullmann/HDDGabriel/engines/UnrealEngine/Engine/Source/Editor/PropertyEditor/Public/DetailCategoryBuilder.h,5,3,8
/media/ullmann/HDDGabriel/engines/UnrealEngine/Engine/Source/ThirdParty/PhysX3/APEX_1.4/module/framework_legacy/include/autogen/VertexBufferParameters_0p1.h,1,0,1
/media/ullmann/HDDGabriel/engines/UnrealEngine/Engine/Source/ThirdParty/ICU/icu4c-64_1/source/test/intltest/caltest.cpp,0,2,2
/media/ullmann/HDDGabriel/engines/UnrealEngine/Engine/Source/ThirdParty/ICU/icu4c-64_1/source/test/intltest/caltestdata.h,1,0,1
/media/ullmann/HDDGabriel/engines/UnrealEngine/Engine/Source/ThirdParty/WebRTC/4147/Include/third_party/libsrtp/crypto/include/alloc.h,1,1,2
/media/ullmann/HDDGabriel/engines/UnrealEngine/Engine/Source/ThirdParty/WebRTC/4147/Include/third_party/libsrtp/crypto/include/datatypes.h,8,2,10
/media/ullmann/HDDGabriel/engines/UnrealEngine/Engine/Source/Editor/CurveEditor/Public/CurveModel.h,3,2,5
/media/ullmann/HDDGabriel/engines/UnrealEngine/Engine/Source/Runtime/Engine/Private/AudioDevice.cpp,0,2,2
/media/ullmann/HDDGabriel/engines/UnrealEngine/Engine/Source/ThirdParty/ICU/icu4c-64_1/source/i18n/number_skeletons.cpp,0,6,6
/media/ullmann/HDDGabriel/engines/UnrealEngine/Engine/Source/ThirdParty/SDL2/SDL-gui-backend/src/joystick/hidapi/SDL_hidapi_xbox360w.c,0,4,4
/media/ullmann/HDDGabriel/engines/UnrealEngine/Engine/Source/Runtime/CoreUObject/Private/Tests/ObjectPtrTest.cpp,0,1,1
/media/ullmann/HDDGabriel/engines/UnrealEngine/Engine/Source/ThirdParty/Crunch/src/crnlib/crn_mem.cpp,0,4,4
/media/ullmann/HDDGabriel/engines/UnrealEngine/Engine/Source/ThirdParty/FreeType2/FreeType2-2.4.12/src/pfr/pfrerror.h,6,0,6
/media/ullmann/HDDGabriel/engines/UnrealEngine/Engine/Source/ThirdParty/FBX/2020.2/include/fbxsdk/scene/fbxcollection.h,1,0,1
/media/ullmann/HDDGabriel/engines/UnrealEngine/Engine/Source/ThirdParty/Intel/TBB/IntelTBB-2019u8/src/test/test_parallel_invoke.cpp,0,3,3
/media/ullmann/HDDGabriel/engines/UnrealEngine/Engine/Source/ThirdParty/llvm/8/include/llvm/DebugInfo/PDB/PDBSymbolUsingNamespace.h,0,2,2
/media/ullmann/HDDGabriel/engines/UnrealEngine/Engine/Source/Runtime/Apple/MetalRHI/Private/MetalCommandQueue.cpp,0,5,5
/media/ullmann/HDDGabriel/engines/UnrealEngine/Engine/Source/ThirdParty/mtlpp/mtlpp-master-7efad47/interpose/MTISampler.hpp,0,1,1
/media/ullmann/HDDGabriel/engines/UnrealEngine/Engine/Source/ThirdParty/PhysX3/PxShared/include/pvd/windows/PxWindowsPvdDelayLoadHook.h,0,1,1
/media/ullmann/HDDGabriel/engines/UnrealEngine/Engine/Source/ThirdParty/PhysX3/PxShared/include/pvd/PxPvd.h,1,0,1
/media/ullmann/HDDGabriel/engines/UnrealEngine/Engine/Source/Runtime/Slate/Public/Framework/Notifications/NotificationManager.h,1,0,1
/media/ullmann/HDDGabriel/engines/UnrealEngine/Engine/Source/ThirdParty/ICU/icu4c-64_1/source/test/cintltst/custrtrn.c,0,1,1
/media/ullmann/HDDGabriel/engines/UnrealEngine/Engine/Source/ThirdParty/Intel/TBB/IntelTBB-2019u8/examples/parallel_for/tachyon/src/coordsys.cpp,0,3,3
/media/ullmann/HDDGabriel/engines/UnrealEngine/Engine/Source/ThirdParty/glslang/glslang/src/glslang_lib/glslang/Include/ConstantUnion.h,2,2,4
/media/ullmann/HDDGabriel/engines/UnrealEngine/Engine/Source/Runtime/VulkanRHI/Private/VulkanBuffer.cpp,0,6,6
/media/ullmann/HDDGabriel/engines/UnrealEngine/Engine/Source/ThirdParty/ShaderConductor/ShaderConductor/External/DirectXShaderCompiler/tools/clang/lib/SPIRV/LowerTypeVisitor.h,3,1,4
/media/ullmann/HDDGabriel/engines/UnrealEngine/Engine/Source/ThirdParty/ICU/icu4c-64_1/source/i18n/plurrule_impl.h,5,1,6
/media/ullmann/HDDGabriel/engines/UnrealEngine/Engine/Source/Editor/AnimGraph/Public/IClassVariableCreator.h,3,0,3
/media/ullmann/HDDGabriel/engines/UnrealEngine/Engine/Source/ThirdParty/ShaderConductor/ShaderConductor/External/DirectXShaderCompiler/tools/clang/lib/StaticAnalyzer/Checkers/ArrayBoundChecker.cpp,0,1,1
/media/ullmann/HDDGabriel/engines/UnrealEngine/Engine/Source/ThirdParty/ShaderConductor/ShaderConductor/External/DirectXShaderCompiler/tools/clang/lib/SPIRV/InitListHandler.cpp,0,1,1
/media/ullmann/HDDGabriel/engines/UnrealEngine/Engine/Source/ThirdParty/ShaderConductor/ShaderConductor/External/DirectXShaderCompiler/tools/clang/lib/SPIRV/InitListHandler.h,2,1,3
/media/ullmann/HDDGabriel/engines/UnrealEngine/Engine/Source/Runtime/Online/SSL/Private/SslError.h,3,0,3
/media/ullmann/HDDGabriel/engines/UnrealEngine/Engine/Source/Runtime/Renderer/Private/VT/VirtualTextureProducer.cpp,0,3,3
/media/ullmann/HDDGabriel/engines/UnrealEngine/Engine/Source/ThirdParty/PhysX3/PhysX_3.4/Source/PhysX/src/NpArticulation.cpp,0,6,6
/media/ullmann/HDDGabriel/engines/UnrealEngine/Engine/Source/ThirdParty/Android/libunwind/libunwind/src/mi/Ldyn-remote.c,0,1,1
/media/ullmann/HDDGabriel/engines/UnrealEngine/Engine/Source/ThirdParty/Android/libunwind/libunwind/src/mi/Gdyn-remote.c,1,0,1
/media/ullmann/HDDGabriel/engines/UnrealEngine/Engine/Source/ThirdParty/OpenVDB/openvdb-8.1.0/openvdb_ax/openvdb_ax/test/integration/TestDeclare.cc,0,2,2
/media/ullmann/HDDGabriel/engines/UnrealEngine/Engine/Source/ThirdParty/ShaderConductor/ShaderConductor/External/DirectXShaderCompiler/tools/clang/lib/Headers/avx2intrin.h,1,0,1
/media/ullmann/HDDGabriel/engines/UnrealEngine/Engine/Source/ThirdParty/ICU/icu4c-64_1/source/i18n/unicode/msgfmt.h,8,0,8
/media/ullmann/HDDGabriel/engines/UnrealEngine/Engine/Source/ThirdParty/Imath/Deploy/Imath-3.1.3/include/Imath/ImathEuler.h,1,6,7
/media/ullmann/HDDGabriel/engines/UnrealEngine/Engine/Source/Editor/MovieSceneTools/Private/TrackEditors/ActorPickerTrackEditor.cpp,0,1,1
/media/ullmann/HDDGabriel/engines/UnrealEngine/Engine/Source/ThirdParty/ShaderConductor/ShaderConductor/External/DirectXShaderCompiler/tools/clang/tools/libclang/CLog.h,6,0,6
/media/ullmann/HDDGabriel/engines/UnrealEngine/Engine/Source/Runtime/Core/Public/HAL/PlatformAffinity.h,1,0,1
/media/ullmann/HDDGabriel/engines/UnrealEngine/Engine/Source/Runtime/Core/Public/Serialization/BufferArchive.h,1,0,1
/media/ullmann/HDDGabriel/engines/UnrealEngine/Engine/Source/ThirdParty/HarfBuzz/harfbuzz-2.4.0/src/hb-ot-maxp-table.hh,2,0,2
/media/ullmann/HDDGabriel/engines/UnrealEngine/Engine/Source/ThirdParty/ICU/icu4c-53_1/source/tools/makeconv/gencnvex.c,0,2,2
/media/ullmann/HDDGabriel/engines/UnrealEngine/Engine/Source/ThirdParty/ICU/icu4c-53_1/source/tools/makeconv/genmbcs.h,3,1,4
/media/ullmann/HDDGabriel/engines/UnrealEngine/Engine/Source/ThirdParty/ICU/icu4c-53_1/source/test/intltest/decoll.h,2,1,3
/media/ullmann/HDDGabriel/engines/UnrealEngine/Engine/Source/Runtime/VulkanRHI/Private/VulkanLLM.cpp,0,2,2
/media/ullmann/HDDGabriel/engines/UnrealEngine/Engine/Source/ThirdParty/ShaderConductor/ShaderConductor/External/DirectXShaderCompiler/tools/clang/unittests/Tooling/RecursiveASTVisitorTestCallVisitor.cpp,0,1,1
/media/ullmann/HDDGabriel/engines/UnrealEngine/Engine/Source/ThirdParty/ShaderConductor/ShaderConductor/External/DirectXShaderCompiler/tools/clang/unittests/Tooling/TestVisitor.h,6,0,6
/media/ullmann/HDDGabriel/engines/UnrealEngine/Engine/Source/ThirdParty/Android/libunwind/libunwind/src/ia64/Lcreate_addr_space.c,0,1,1
/media/ullmann/HDDGabriel/engines/UnrealEngine/Engine/Source/ThirdParty/Android/libunwind/libunwind/src/ia64/Gcreate_addr_space.c,1,1,2
/media/ullmann/HDDGabriel/engines/UnrealEngine/Engine/Source/ThirdParty/FreeType2/FreeType2-2.10.4/src/gxvalid/gxvopbd.c,1,2,3
/media/ullmann/HDDGabriel/engines/UnrealEngine/Engine/Source/Runtime/Renderer/Private/Lumen/LumenSceneRendering.cpp,0,6,6
/media/ullmann/HDDGabriel/engines/UnrealEngine/Engine/Source/Runtime/Core/Public/ProfilingDebugging/TraceMalloc.h,0,1,1
/media/ullmann/HDDGabriel/engines/UnrealEngine/Engine/Source/Runtime/Core/Public/ProfilingDebugging/MemoryTrace.h,1,0,1
/media/ullmann/HDDGabriel/engines/UnrealEngine/Engine/Source/ThirdParty/SDL2/SDL-gui-backend/src/video/x11/SDL_x11messagebox.h,2,0,2
/media/ullmann/HDDGabriel/engines/UnrealEngine/Engine/Source/ThirdParty/libOpus/opus-1.3.1-12/silk/float/sort_FLP.c,0,1,1
/media/ullmann/HDDGabriel/engines/UnrealEngine/Engine/Source/Editor/Persona/Private/PreviewSceneCustomizations.cpp,0,5,5
/media/ullmann/HDDGabriel/engines/UnrealEngine/Engine/Source/Editor/Persona/Private/PreviewSceneCustomizations.h,4,1,5
/media/ullmann/HDDGabriel/engines/UnrealEngine/Engine/Source/ThirdParty/openexr/openexr-3.1.1/src/lib/OpenEXR/ImfMatrixAttribute.cpp,0,2,2
/media/ullmann/HDDGabriel/engines/UnrealEngine/Engine/Source/ThirdParty/SDL2/SDL-gui-backend/src/events/SDL_dropevents.c,0,4,4
/media/ullmann/HDDGabriel/engines/UnrealEngine/Engine/Source/ThirdParty/EOSSDK/SDK/Bin/IOS/EOSSDK.framework/Headers/eos_achievements.h,0,1,1
/media/ullmann/HDDGabriel/engines/UnrealEngine/Engine/Source/ThirdParty/FreeImage/FreeImage-3.18.0/Source/OpenEXR/IlmImf/ImfOptimizedPixelReading.h,1,5,6
/media/ullmann/HDDGabriel/engines/UnrealEngine/Engine/Source/ThirdParty/FreeType2/FreeType2-2.10.4/src/cid/cidgload.c,1,3,4
/media/ullmann/HDDGabriel/engines/UnrealEngine/Engine/Source/Runtime/AugmentedReality/Public/ARTextures.h,2,0,2
/media/ullmann/HDDGabriel/engines/UnrealEngine/Engine/Source/Runtime/Renderer/Private/PlanarReflectionRendering.cpp,0,10,10
/media/ullmann/HDDGabriel/engines/UnrealEngine/Engine/Source/ThirdParty/Intel/ISPC/ispc-1.17.0/ispcrt/detail/Kernel.h,2,1,3
/media/ullmann/HDDGabriel/engines/UnrealEngine/Engine/Source/Editor/DetailCustomizations/Private/SkyLightComponentDetails.h,2,0,2
/media/ullmann/HDDGabriel/engines/UnrealEngine/Engine/Source/ThirdParty/Android/libunwind/libunwind/src/ppc64/Gstep.c,1,2,3
/media/ullmann/HDDGabriel/engines/UnrealEngine/Engine/Source/ThirdParty/Imath/Imath-3.1.3/src/python/PyImath/PyImathFun.h,2,1,3
/media/ullmann/HDDGabriel/engines/UnrealEngine/Engine/Source/ThirdParty/PhysX3/PhysX_3.4/Source/GeomUtils/src/distance/GuDistanceSegmentTriangleSIMD.h,1,0,1
/media/ullmann/HDDGabriel/engines/UnrealEngine/Engine/Source/ThirdParty/Intel/TBB/IntelTBB-2019u8/include/tbb/parallel_invoke.h,2,2,4
/media/ullmann/HDDGabriel/engines/UnrealEngine/Engine/Source/ThirdParty/ICU/icu4c-53_1/source/i18n/strmatch.cpp,0,2,2
/media/ullmann/HDDGabriel/engines/UnrealEngine/Engine/Source/Runtime/Core/Public/Math/Box2D.h,4,0,4
/media/ullmann/HDDGabriel/engines/UnrealEngine/Engine/Source/ThirdParty/FreeImage/FreeImage-3.18.0/TestAPI/testTools.cpp,0,1,1
/media/ullmann/HDDGabriel/engines/UnrealEngine/Engine/Source/Editor/IntroTutorials/Private/IntroTutorials.h,10,0,10
/media/ullmann/HDDGabriel/engines/UnrealEngine/Engine/Source/ThirdParty/hlslcc/hlslcc/src/hlslcc_lib/lower_mat_op_to_vec.cpp,0,4,4
/media/ullmann/HDDGabriel/engines/UnrealEngine/Engine/Source/ThirdParty/Oculus/LibOVRPlatform/LibOVRPlatform/include/OVR_LanguagePackInfo.h,2,1,3
/media/ullmann/HDDGabriel/engines/UnrealEngine/Engine/Source/ThirdParty/ShaderConductor/ShaderConductor/External/DirectXShaderCompiler/lib/DxilPIXPasses/PixPassHelpers.cpp,0,1,1
/media/ullmann/HDDGabriel/engines/UnrealEngine/Engine/Source/ThirdParty/HarfBuzz/harfbuzz-1.2.4/src/hb-ot-shape-complex-arabic.cc,0,4,4
/media/ullmann/HDDGabriel/engines/UnrealEngine/Engine/Source/ThirdParty/HarfBuzz/harfbuzz-1.2.4/src/hb-ot-shape-private.hh,3,0,3
/media/ullmann/HDDGabriel/engines/UnrealEngine/Engine/Source/ThirdParty/ICU/icu4c-64_1/source/test/intltest/icusvtst.h,2,1,3
/media/ullmann/HDDGabriel/engines/UnrealEngine/Engine/Source/ThirdParty/BLAKE3/0.3.7/c/main.c,0,2,2
/media/ullmann/HDDGabriel/engines/UnrealEngine/Engine/Source/ThirdParty/Intel/TBB/IntelTBB-2019u8/examples/parallel_for/tachyon/msvs/win8ui/DirectXBase.cpp,0,2,2
/media/ullmann/HDDGabriel/engines/UnrealEngine/Engine/Source/ThirdParty/Intel/TBB/IntelTBB-2019u8/examples/parallel_for/tachyon/msvs/win8ui/pch.h,3,1,4
/media/ullmann/HDDGabriel/engines/UnrealEngine/Engine/Source/ThirdParty/ICU/icu4c-53_1/source/test/intltest/nmfmapts.cpp,0,1,1
/media/ullmann/HDDGabriel/engines/UnrealEngine/Engine/Source/ThirdParty/ICU/icu4c-53_1/source/test/intltest/nmfmapts.h,2,1,3
/media/ullmann/HDDGabriel/engines/UnrealEngine/Engine/Source/ThirdParty/SDL2/SDL-gui-backend/include/SDL_config_psp.h,1,1,2
/media/ullmann/HDDGabriel/engines/UnrealEngine/Engine/Source/ThirdParty/hlslcc/hlslcc/src/hlslcc_lib/ast_type.cpp,0,3,3
/media/ullmann/HDDGabriel/engines/UnrealEngine/Engine/Source/ThirdParty/Python3/Linux/include/python3.9/internal/pycore_runtime.h,1,2,3
/media/ullmann/HDDGabriel/engines/UnrealEngine/Engine/Source/ThirdParty/ICU/icu4c-53_1/source/tools/tzcode/tz2icu.cpp,0,2,2
/media/ullmann/HDDGabriel/engines/UnrealEngine/Engine/Source/ThirdParty/mtlpp/mtlpp-master-7efad47/src/validation.hpp,8,3,11
/media/ullmann/HDDGabriel/engines/UnrealEngine/Engine/Source/ThirdParty/PhysX3/PhysX_3.4/Source/GeomUtils/src/mesh/GuTriangleMeshBV4.cpp,0,2,2
/media/ullmann/HDDGabriel/engines/UnrealEngine/Engine/Source/ThirdParty/PhysX3/PhysX_3.4/Source/GeomUtils/src/mesh/GuTriangleMeshBV4.h,2,1,3
/media/ullmann/HDDGabriel/engines/UnrealEngine/Engine/Source/ThirdParty/HarfBuzz/harfbuzz-1.2.4/test/api/test-shape.c,0,1,1
/media/ullmann/HDDGabriel/engines/UnrealEngine/Engine/Source/ThirdParty/PhysX3/APEX_1.4/module/clothing/include/autogen/ModuleClothingRegistration.h,0,10,10
/media/ullmann/HDDGabriel/engines/UnrealEngine/Engine/Source/ThirdParty/PhysX3/APEX_1.4/module/clothing/include/autogen/ClothingDebugRenderParams.h,1,0,1
/media/ullmann/HDDGabriel/engines/UnrealEngine/Engine/Source/ThirdParty/FreeType2/FreeType2-2.10.4/src/pfr/pfrsbit.c,1,3,4
/media/ullmann/HDDGabriel/engines/UnrealEngine/Engine/Source/ThirdParty/PhysX3/PhysX_3.4/Source/GeomUtils/src/gjk/GuVecConvexHull.h,2,1,3
/media/ullmann/HDDGabriel/engines/UnrealEngine/Engine/Source/ThirdParty/SDL2/SDL-gui-backend/src/core/windows/SDL_hid.c,0,2,2
/media/ullmann/HDDGabriel/engines/UnrealEngine/Engine/Source/ThirdParty/SDL2/SDL-gui-backend/src/core/windows/SDL_hid.h,2,2,4
/media/ullmann/HDDGabriel/engines/UnrealEngine/Engine/Source/Runtime/Engine/Public/CanvasTypes.h,3,3,6
/media/ullmann/HDDGabriel/engines/UnrealEngine/Engine/Source/Editor/BlueprintGraph/Classes/K2Node_BaseAsyncTask.h,1,1,2
/media/ullmann/HDDGabriel/engines/UnrealEngine/Engine/Source/Runtime/AudioExtensions/Public/IAudioExtensionPlugin.h,1,2,3
/media/ullmann/HDDGabriel/engines/UnrealEngine/Engine/Source/Runtime/AudioExtensions/Public/IAudioProxyInitializer.h,5,0,5
/media/ullmann/HDDGabriel/engines/UnrealEngine/Engine/Source/ThirdParty/FreeImage/FreeImage-3.18.0/Source/OpenEXR/IlmThread/IlmThreadPool.h,1,2,3
/media/ullmann/HDDGabriel/engines/UnrealEngine/Engine/Source/ThirdParty/FreeImage/FreeImage-3.18.0/Source/OpenEXR/IlmThread/IlmThreadNamespace.h,5,0,5
/media/ullmann/HDDGabriel/engines/UnrealEngine/Engine/Source/ThirdParty/ShaderConductor/ShaderConductor/External/DirectXShaderCompiler/tools/clang/lib/CodeGen/CGDecl.cpp,0,6,6
/media/ullmann/HDDGabriel/engines/UnrealEngine/Engine/Source/ThirdParty/ShaderConductor/ShaderConductor/External/DirectXShaderCompiler/tools/clang/tools/dxcompiler/dxcpdbutils.cpp,0,1,1
/media/ullmann/HDDGabriel/engines/UnrealEngine/Engine/Source/ThirdParty/Boost/boost-1_70_0/include/boost/polygon/detail/scan_arbitrary.hpp,3,1,4
/media/ullmann/HDDGabriel/engines/UnrealEngine/Engine/Source/ThirdParty/Intel/TBB/IntelTBB-2019u8/examples/parallel_for/seismic/seismic_video.cpp,0,3,3
/media/ullmann/HDDGabriel/engines/UnrealEngine/Engine/Source/ThirdParty/Intel/TBB/IntelTBB-2019u8/examples/parallel_for/seismic/msvs/resource.h,1,0,1
/media/ullmann/HDDGabriel/engines/UnrealEngine/Engine/Source/ThirdParty/FreeType2/FreeType2-2.6/Src/gxvalid/gxvmort0.c,1,1,2
/media/ullmann/HDDGabriel/engines/UnrealEngine/Engine/Source/Runtime/Overlay/Private/OverlayModule.cpp,0,1,1
/media/ullmann/HDDGabriel/engines/UnrealEngine/Engine/Source/Runtime/Overlay/Private/OverlayPrivate.h,1,0,1
/media/ullmann/HDDGabriel/engines/UnrealEngine/Engine/Source/Runtime/SlateCore/Public/SlateGlobals.h,1,2,3
/media/ullmann/HDDGabriel/engines/UnrealEngine/Engine/Source/Runtime/SlateCore/Public/Trace/SlateTrace.h,1,0,1
/media/ullmann/HDDGabriel/engines/UnrealEngine/Engine/Source/ThirdParty/Boost/boost-1_70_0/include/boost/phoenix/stl/algorithm/detail/has_upper_bound.hpp,0,4,4
/media/ullmann/HDDGabriel/engines/UnrealEngine/Engine/Source/ThirdParty/Boost/boost-1_70_0/include/boost/phoenix/stl/algorithm/detail/is_std_map.hpp,4,0,4
/media/ullmann/HDDGabriel/engines/UnrealEngine/Engine/Source/ThirdParty/PhysX3/APEX_1.4/framework/include/ApexPhysXObjectDesc.h,1,0,1
/media/ullmann/HDDGabriel/engines/UnrealEngine/Engine/Source/ThirdParty/libOpus/opus-1.0.3/silk/float/corrMatrix_FLP.c,0,1,1
/media/ullmann/HDDGabriel/engines/UnrealEngine/Engine/Source/ThirdParty/Alembic/alembic-1.8.2/python/PyAlembic/PyONuPatch.cpp,0,3,3
/media/ullmann/HDDGabriel/engines/UnrealEngine/Engine/Source/Runtime/Engine/Public/SingleAnimationPlayData.h,3,0,3
/media/ullmann/HDDGabriel/engines/UnrealEngine/Engine/Source/ThirdParty/ICU/icu4c-53_1/source/tools/toolutil/ucbuf.c,0,2,2
/media/ullmann/HDDGabriel/engines/UnrealEngine/Engine/Source/ThirdParty/ICU/icu4c-53_1/source/tools/toolutil/ucbuf.h,1,1,2
/media/ullmann/HDDGabriel/engines/UnrealEngine/Engine/Source/ThirdParty/Crunch/src/crnlib/lzma_Threads.h,2,1,3
/media/ullmann/HDDGabriel/engines/UnrealEngine/Engine/Source/ThirdParty/PhysX3/APEX_1.4/shared/general/meshimport/include/utils/MiMath.h,0,1,1
/media/ullmann/HDDGabriel/engines/UnrealEngine/Engine/Source/Editor/DistCurveEditor/Private/SDistributionCurveEditor.cpp,0,5,5
/media/ullmann/HDDGabriel/engines/UnrealEngine/Engine/Source/ThirdParty/FreeImage/FreeImage-3.18.0/Source/LibJPEG/cdjpeg.c,0,1,1
/media/ullmann/HDDGabriel/engines/UnrealEngine/Engine/Source/Editor/SourceControlWindows/Private/SSourceControlChangelists.h,2,1,3
/media/ullmann/HDDGabriel/engines/UnrealEngine/Engine/Source/Runtime/Slate/Public/Widgets/Views/SListView.h,3,0,3
/media/ullmann/HDDGabriel/engines/UnrealEngine/Engine/Source/ThirdParty/Boost/boost-1_70_0/include/boost/polygon/transform.hpp,2,1,3
/media/ullmann/HDDGabriel/engines/UnrealEngine/Engine/Source/Runtime/RuntimeAssetCache/Private/RuntimeAssetCacheBackend.h,4,0,4
/media/ullmann/HDDGabriel/engines/UnrealEngine/Engine/Source/ThirdParty/ICU/icu4c-64_1/source/common/uvectr32.cpp,0,3,3
/media/ullmann/HDDGabriel/engines/UnrealEngine/Engine/Source/Runtime/D3D12RHI/Private/D3D12RenderTarget.cpp,0,1,1
/media/ullmann/HDDGabriel/engines/UnrealEngine/Engine/Source/ThirdParty/PLCrashReporter/PLCrashReporter/Source/PLCrashAsyncDwarfCFAStateEvaluation.cpp,0,5,5
/media/ullmann/HDDGabriel/engines/UnrealEngine/Engine/Source/ThirdParty/PLCrashReporter/PLCrashReporter/Source/dwarf_opstream.hpp,3,5,8
/media/ullmann/HDDGabriel/engines/UnrealEngine/Engine/Source/ThirdParty/libstrophe/libstrophe-0.9.3/src/resolver.h,2,2,4
/media/ullmann/HDDGabriel/engines/UnrealEngine/Engine/Source/Runtime/SessionServices/Private/SessionInstanceInfo.cpp,0,1,1
/media/ullmann/HDDGabriel/engines/UnrealEngine/Engine/Source/Runtime/SessionServices/Private/SessionInstanceInfo.h,2,0,2
/media/ullmann/HDDGabriel/engines/UnrealEngine/Engine/Source/ThirdParty/ICU/icu4c-53_1/source/common/servrbf.cpp,0,10,10
/media/ullmann/HDDGabriel/engines/UnrealEngine/Engine/Source/Editor/PropertyEditor/Public/IDetailRootObjectCustomization.h,1,0,1
/media/ullmann/HDDGabriel/engines/UnrealEngine/Engine/Source/ThirdParty/FreeType2/FreeType2-2.10.4/src/pfr/pfr.c,0,6,6
/media/ullmann/HDDGabriel/engines/UnrealEngine/Engine/Source/ThirdParty/ICU/icu4c-64_1/source/common/bytestream.cpp,0,3,3
/media/ullmann/HDDGabriel/engines/UnrealEngine/Engine/Source/Editor/AnimationBlueprintEditor/Private/AnimationStateNodes/SGraphNodeAnimStateAlias.h,1,1,2
/media/ullmann/HDDGabriel/engines/UnrealEngine/Engine/Source/ThirdParty/Intel/TBB/IntelTBB-2019u8/src/test/test_malloc_lib_unload.cpp,0,5,5
/media/ullmann/HDDGabriel/engines/UnrealEngine/Engine/Source/ThirdParty/FreeType2/FreeType2-2.4.12/src/autofit/afdummy.h,3,1,4
/media/ullmann/HDDGabriel/engines/UnrealEngine/Engine/Source/ThirdParty/FreeType2/FreeType2-2.4.12/src/autofit/aftypes.h,7,0,7
/media/ullmann/HDDGabriel/engines/UnrealEngine/Engine/Source/ThirdParty/Intel/Embree/Embree2140/src/kernels/bvh/bvh_builder.cpp,0,2,2
/media/ullmann/HDDGabriel/engines/UnrealEngine/Engine/Source/ThirdParty/Intel/Embree/Embree2140/src/kernels/bvh/bvh_builder.h,3,2,5
/media/ullmann/HDDGabriel/engines/UnrealEngine/Engine/Source/Runtime/GeometryCore/Public/Util/MeshCaches.h,0,1,1
/media/ullmann/HDDGabriel/engines/UnrealEngine/Engine/Source/Runtime/GeometryCore/Public/Util/DynamicVector.h,2,0,2
/media/ullmann/HDDGabriel/engines/UnrealEngine/Engine/Source/ThirdParty/ShaderConductor/ShaderConductor/External/DirectXShaderCompiler/lib/Transforms/InstCombine/InstructionCombining.cpp,0,1,1
/media/ullmann/HDDGabriel/engines/UnrealEngine/Engine/Source/ThirdParty/Intel/ISPC/ispc-1.16.1/ispcrt/ispcrt.cpp,0,6,6
/media/ullmann/HDDGabriel/engines/UnrealEngine/Engine/Source/ThirdParty/FreeType2/FreeType2-2.10.4/src/gxvalid/gxvfeat.c,1,3,4
/media/ullmann/HDDGabriel/engines/UnrealEngine/Engine/Source/ThirdParty/ShaderConductor/ShaderConductor/External/DirectXShaderCompiler/tools/clang/lib/CodeGen/CGObjCMac.cpp,0,6,6
/media/ullmann/HDDGabriel/engines/UnrealEngine/Engine/Source/ThirdParty/PhysX3/PhysX_3.4/Source/PhysXExtensions/src/serialization/SnSerialization.cpp,0,2,2
/media/ullmann/HDDGabriel/engines/UnrealEngine/Engine/Source/ThirdParty/PhysX3/PhysX_3.4/Source/PhysXExtensions/src/serialization/SnSerialUtils.h,2,0,2
/media/ullmann/HDDGabriel/engines/UnrealEngine/Engine/Source/ThirdParty/FreeType2/FreeType2-2.6/Src/cff/cffpic.c,1,3,4
/media/ullmann/HDDGabriel/engines/UnrealEngine/Engine/Source/ThirdParty/PhysX3/APEX_1.4/module/clothing/include/ClothingAssetData.h,1,1,2
/media/ullmann/HDDGabriel/engines/UnrealEngine/Engine/Source/ThirdParty/PhysX3/APEX_1.4/module/clothing/include/AbstractMeshDescription.h,1,0,1
/media/ullmann/HDDGabriel/engines/UnrealEngine/Engine/Source/ThirdParty/Intel/TBB/IntelTBB-2019u8/examples/graph/som/som.cpp,0,1,1
/media/ullmann/HDDGabriel/engines/UnrealEngine/Engine/Source/ThirdParty/Intel/TBB/IntelTBB-2019u8/examples/graph/som/som.h,2,0,2
/media/ullmann/HDDGabriel/engines/UnrealEngine/Engine/Source/ThirdParty/libcurl/7_65_3/include/Unix/x86_64-unknown-linux-gnu/curl/mprintf.h,0,1,1
/media/ullmann/HDDGabriel/engines/UnrealEngine/Engine/Source/Editor/ContentBrowser/Public/FrontendFilters.h,0,1,1
/media/ullmann/HDDGabriel/engines/UnrealEngine/Engine/Source/Editor/ContentBrowser/Public/FrontendFilterBase.h,2,1,3
/media/ullmann/HDDGabriel/engines/UnrealEngine/Engine/Source/Runtime/Online/SSL/Private/Unix/UnixPlatformSslCertificateManager.h,2,0,2
/media/ullmann/HDDGabriel/engines/UnrealEngine/Engine/Source/ThirdParty/SDL2/SDL-gui-backend/src/video/kmsdrm/SDL_kmsdrmvideo.h,5,2,7
/media/ullmann/HDDGabriel/engines/UnrealEngine/Engine/Source/ThirdParty/Breakpad/src/client/mac/handler/mach_vm_compat.h,2,0,2
/media/ullmann/HDDGabriel/engines/UnrealEngine/Engine/Source/ThirdParty/Steamworks/Steamv151/sdk/public/steam/isteammatchmaking.h,1,3,4
/media/ullmann/HDDGabriel/engines/UnrealEngine/Engine/Source/ThirdParty/Intel/TBB/IntelTBB-2019u8/src/tbb/tbb_assert_impl.h,4,0,4
/media/ullmann/HDDGabriel/engines/UnrealEngine/Engine/Source/Runtime/ClientPilot/Public/ClientPilotComponent.h,0,1,1
/media/ullmann/HDDGabriel/engines/UnrealEngine/Engine/Source/Runtime/ClientPilot/Public/ClientPilotBlackboardManager.h,1,1,2
/media/ullmann/HDDGabriel/engines/UnrealEngine/Engine/Source/ThirdParty/Perforce/P4Api.Net/p4bridge/P4BridgeEnviro.h,4,0,4
/media/ullmann/HDDGabriel/engines/UnrealEngine/Engine/Source/Editor/LandscapeEditor/Private/LandscapeEdMode.cpp,0,4,4
/media/ullmann/HDDGabriel/engines/UnrealEngine/Engine/Source/ThirdParty/FontConfig/fontconfig-2.13.94/src/fcfoundry.h,1,0,1
/media/ullmann/HDDGabriel/engines/UnrealEngine/Engine/Source/Runtime/AVEncoder/Public/VideoEncoderInput.h,1,1,2
/media/ullmann/HDDGabriel/engines/UnrealEngine/Engine/Source/ThirdParty/Python3/Win64/include/pyport.h,2,2,4
/media/ullmann/HDDGabriel/engines/UnrealEngine/Engine/Source/ThirdParty/Python3/Mac/include/pyfpe.h,1,0,1
/media/ullmann/HDDGabriel/engines/UnrealEngine/Engine/Source/ThirdParty/ShaderConductor/ShaderConductor/External/DirectXShaderCompiler/tools/clang/lib/CodeGen/CodeGenFunction.cpp,0,10,10
/media/ullmann/HDDGabriel/engines/UnrealEngine/Engine/Source/ThirdParty/ICU/icu4c-53_1/source/i18n/rbt_rule.h,4,1,5
/media/ullmann/HDDGabriel/engines/UnrealEngine/Engine/Source/ThirdParty/SDL2/SDL-gui-backend/src/video/cocoa/SDL_cocoavulkan.h,0,3,3
/media/ullmann/HDDGabriel/engines/UnrealEngine/Engine/Source/ThirdParty/libcurl/curl-7.55.1/include/Android/ARM64/curl/curlver.h,1,0,1
/media/ullmann/HDDGabriel/engines/UnrealEngine/Engine/Source/ThirdParty/ICU/icu4c-64_1/source/i18n/dtrule.cpp,0,1,1
/media/ullmann/HDDGabriel/engines/UnrealEngine/Engine/Source/ThirdParty/ICU/icu4c-64_1/source/i18n/unicode/dtrule.h,1,0,1
/media/ullmann/HDDGabriel/engines/UnrealEngine/Engine/Source/ThirdParty/OpenVDB/openvdb-8.1.0/openvdb_ax/openvdb_ax/test/integration/TestUnary.cc,0,2,2
/media/ullmann/HDDGabriel/engines/UnrealEngine/Engine/Source/ThirdParty/ICU/icu4c-64_1/source/common/unicode/parseerr.h,5,0,5
/media/ullmann/HDDGabriel/engines/UnrealEngine/Engine/Source/ThirdParty/ICU/icu4c-64_1/source/common/unicode/rbbi.h,9,0,9
/media/ullmann/HDDGabriel/engines/UnrealEngine/Engine/Source/ThirdParty/CryptoPP/5.6.5/include/eprecomp.cpp,2,5,7
/media/ullmann/HDDGabriel/engines/UnrealEngine/Engine/Source/Editor/BlueprintGraph/Classes/EdGraphSchema_K2.h,2,0,2
/media/ullmann/HDDGabriel/engines/UnrealEngine/Engine/Source/ThirdParty/libOpus/opus-1.1/celt/quant_bands.h,6,5,11
/media/ullmann/HDDGabriel/engines/UnrealEngine/Engine/Source/Developer/MeshMergeUtilities/Private/ProxyGenerationProcessor.cpp,0,3,3
/media/ullmann/HDDGabriel/engines/UnrealEngine/Engine/Source/Developer/MeshMergeUtilities/Private/MeshMergeHelpers.h,7,0,7
/media/ullmann/HDDGabriel/engines/UnrealEngine/Engine/Source/Developer/SourceControl/Public/ISourceControlChangelistState.h,1,2,3
/media/ullmann/HDDGabriel/engines/UnrealEngine/Engine/Source/Developer/SourceControl/Public/ISourceControlState.h,3,0,3
/media/ullmann/HDDGabriel/engines/UnrealEngine/Engine/Source/ThirdParty/SDL2/SDL-gui-backend/include/SDL_opengles2.h,0,5,5
/media/ullmann/HDDGabriel/engines/UnrealEngine/Engine/Source/ThirdParty/SDL2/SDL-gui-backend/include/SDL_opengles2_khrplatform.h,1,0,1
/media/ullmann/HDDGabriel/engines/UnrealEngine/Engine/Source/ThirdParty/PhysX3/PhysX_3.4/Source/PhysX/src/buffering/ScbAggregate.cpp,0,2,2
/media/ullmann/HDDGabriel/engines/UnrealEngine/Engine/Source/ThirdParty/PhysX3/PhysX_3.4/Source/PhysX/src/buffering/ScbAggregate.h,3,2,5
/media/ullmann/HDDGabriel/engines/UnrealEngine/Engine/Source/Runtime/UMG/Public/Components/TreeView.h,1,1,2
/media/ullmann/HDDGabriel/engines/UnrealEngine/Engine/Source/Runtime/UMG/Public/Binding/PropertyBinding.h,1,0,1
/media/ullmann/HDDGabriel/engines/UnrealEngine/Engine/Source/ThirdParty/FreeImage/FreeImage-3.18.0/Source/OpenEXR/Imath/ImathRandom.cpp,0,2,2
/media/ullmann/HDDGabriel/engines/UnrealEngine/Engine/Source/ThirdParty/FreeImage/FreeImage-3.18.0/Source/OpenEXR/Imath/ImathRandom.h,1,2,3
/media/ullmann/HDDGabriel/engines/UnrealEngine/Engine/Source/Editor/MeshPaint/Public/MeshPaintHelpers.h,0,1,1
/media/ullmann/HDDGabriel/engines/UnrealEngine/Engine/Source/Editor/MeshPaint/Public/MeshPaintTypes.h,2,0,2
/media/ullmann/HDDGabriel/engines/UnrealEngine/Engine/Source/ThirdParty/FreeType2/FreeType2-2.10.4/src/psaux/cffdecode.h,3,0,3
/media/ullmann/HDDGabriel/engines/UnrealEngine/Engine/Source/Runtime/Slate/Public/Widgets/Layout/SSafeZone.h,1,0,1
/media/ullmann/HDDGabriel/engines/UnrealEngine/Engine/Source/Developer/Windows/LiveCodingServer/Private/External/LC_TimeDate.cpp,0,1,1
/media/ullmann/HDDGabriel/engines/UnrealEngine/Engine/Source/Developer/Windows/LiveCodingServer/Private/External/LC_TimeDate.h,1,0,1
/media/ullmann/HDDGabriel/engines/UnrealEngine/Engine/Source/ThirdParty/ICU/icu4c-53_1/source/test/perf/normperf/normperf.cpp,0,1,1
/media/ullmann/HDDGabriel/engines/UnrealEngine/Engine/Source/ThirdParty/ICU/icu4c-53_1/source/test/perf/normperf/normperf.h,1,0,1
/media/ullmann/HDDGabriel/engines/UnrealEngine/Engine/Source/ThirdParty/OpenSubdiv/OpenSubdiv-3.4.4/opensubdiv/far/stencilTable.h,9,2,11
/media/ullmann/HDDGabriel/engines/UnrealEngine/Engine/Source/ThirdParty/glslang/glslang/src/glslang_lib/glslang/Include/BaseTypes.h,2,0,2
/media/ullmann/HDDGabriel/engines/UnrealEngine/Engine/Source/ThirdParty/OpenSubdiv/OpenSubdiv-3.4.4/regression/shapes/loop_tetrahedron.h,1,0,1
/media/ullmann/HDDGabriel/engines/UnrealEngine/Engine/Source/ThirdParty/FreeType2/FreeType2-2.4.12/src/type1/t1objs.c,1,4,5
/media/ullmann/HDDGabriel/engines/UnrealEngine/Engine/Source/Editor/DetailCustomizations/Private/Vector4StructCustomization.h,3,1,4
/media/ullmann/HDDGabriel/engines/UnrealEngine/Engine/Source/Editor/DetailCustomizations/Private/ColorGradingVectorCustomization.h,2,0,2
/media/ullmann/HDDGabriel/engines/UnrealEngine/Engine/Source/ThirdParty/libOpus/opus-1.3.1-12/silk/resampler.c,0,1,1
/media/ullmann/HDDGabriel/engines/UnrealEngine/Engine/Source/ThirdParty/PhysX3/PhysX_3.4/Include/geometry/PxMeshQuery.h,1,0,1
/media/ullmann/HDDGabriel/engines/UnrealEngine/Engine/Source/ThirdParty/OpenVDB/openvdb-8.1.0/openvdb/openvdb/math/LegacyFrustum.h,1,3,4
/media/ullmann/HDDGabriel/engines/UnrealEngine/Engine/Source/Runtime/Messaging/Public/IMutableMessageContext.h,0,1,1
/media/ullmann/HDDGabriel/engines/UnrealEngine/Engine/Source/Runtime/Messaging/Public/IMessageContext.h,3,0,3
/media/ullmann/HDDGabriel/engines/UnrealEngine/Engine/Source/ThirdParty/ICU/icu4c-64_1/source/test/intltest/ficoll.h,2,1,3
/media/ullmann/HDDGabriel/engines/UnrealEngine/Engine/Source/Runtime/Experimental/Chaos/Private/Chaos/Collision/SolverCollisionContainer.cpp,0,1,1
/media/ullmann/HDDGabriel/engines/UnrealEngine/Engine/Source/ThirdParty/PhysX3/NvCloth/samples/SampleBase/renderer/Mesh.h,2,0,2
/media/ullmann/HDDGabriel/engines/UnrealEngine/Engine/Source/Developer/RigVMDeveloper/Public/RigVMModel/RigVMFunctionLibrary.h,1,2,3
/media/ullmann/HDDGabriel/engines/UnrealEngine/Engine/Source/Developer/RigVMDeveloper/Public/RigVMModel/RigVMBuildData.h,1,0,1
/media/ullmann/HDDGabriel/engines/UnrealEngine/Engine/Source/Runtime/Renderer/Private/MobileDistortionPass.h,2,1,3
/media/ullmann/HDDGabriel/engines/UnrealEngine/Engine/Source/ThirdParty/MCPP/mcpp-2.7.2/cpp-test/test-l/nest19.h,1,1,2
/media/ullmann/HDDGabriel/engines/UnrealEngine/Engine/Source/ThirdParty/MCPP/mcpp-2.7.2/cpp-test/test-l/nest20.h,1,1,2
/media/ullmann/HDDGabriel/engines/UnrealEngine/Engine/Source/ThirdParty/OpenSubdiv/OpenSubdiv-3.4.4/opensubdiv/sdc/bilinearScheme.h,3,2,5
/media/ullmann/HDDGabriel/engines/UnrealEngine/Engine/Source/Programs/HeadlessChaos/Private/HeadlessChaosTestJointBreak.cpp,0,1,1
/media/ullmann/HDDGabriel/engines/UnrealEngine/Engine/Source/Editor/MovieSceneTools/Public/MovieSceneToolHelpers.h,1,2,3
/media/ullmann/HDDGabriel/engines/UnrealEngine/Engine/Source/ThirdParty/ICU/icu4c-53_1/source/tools/toolutil/ucm.c,0,3,3
/media/ullmann/HDDGabriel/engines/UnrealEngine/Engine/Source/ThirdParty/ICU/icu4c-53_1/source/tools/toolutil/filestrm.h,12,0,12
/media/ullmann/HDDGabriel/engines/UnrealEngine/Engine/Source/ThirdParty/CryptoPP/5.6.2/include/rdtables.cpp,0,2,2
/media/ullmann/HDDGabriel/engines/UnrealEngine/Engine/Source/ThirdParty/CryptoPP/5.6.2/include/rijndael.h,4,2,6
/media/ullmann/HDDGabriel/engines/UnrealEngine/Engine/Source/Editor/PropertyEditor/Private/UserInterface/PropertyEditor/SPropertyAssetPicker.h,1,0,1
/media/ullmann/HDDGabriel/engines/UnrealEngine/Engine/Source/ThirdParty/ICU/icu4c-64_1/source/test/intltest/dadrfmt.cpp,0,4,4
/media/ullmann/HDDGabriel/engines/UnrealEngine/Engine/Source/Runtime/InteractiveToolsFramework/Public/InteractionMechanic.h,0,3,3
/media/ullmann/HDDGabriel/engines/UnrealEngine/Engine/Source/Editor/ContentBrowserData/Public/ContentBrowserDataSource.h,0,3,3
/media/ullmann/HDDGabriel/engines/UnrealEngine/Engine/Source/Editor/ContentBrowserData/Public/ContentBrowserItemData.h,3,0,3
/media/ullmann/HDDGabriel/engines/UnrealEngine/Engine/Source/Editor/AnimationEditor/Private/AnimationEditor.cpp,0,5,5
/media/ullmann/HDDGabriel/engines/UnrealEngine/Engine/Source/Editor/AnimationEditor/Private/AnimationEditorCommands.h,2,0,2
/media/ullmann/HDDGabriel/engines/UnrealEngine/Engine/Source/ThirdParty/Intel/TBB/IntelTBB-2019u8/include/tbb/task_scheduler_init.h,1,1,2
/media/ullmann/HDDGabriel/engines/UnrealEngine/Engine/Source/ThirdParty/ICU/icu4c-64_1/source/test/cintltst/uregiontest.c,0,1,1
/media/ullmann/HDDGabriel/engines/UnrealEngine/Engine/Source/ThirdParty/ICU/icu4c-64_1/source/test/cintltst/cbiapts.c,0,2,2
/media/ullmann/HDDGabriel/engines/UnrealEngine/Engine/Source/ThirdParty/CryptoPP/5.6.2/include/mars.cpp,0,3,3
/media/ullmann/HDDGabriel/engines/UnrealEngine/Engine/Source/ThirdParty/ICU/icu4c-53_1/source/test/cintltst/utransts.c,0,1,1
/media/ullmann/HDDGabriel/engines/UnrealEngine/Engine/Source/ThirdParty/ICU/icu4c-53_1/source/tools/toolutil/dbgutil.cpp,0,2,2
/media/ullmann/HDDGabriel/engines/UnrealEngine/Engine/Source/Editor/Sequencer/Public/SequencerChannelInterface.h,0,3,3
/media/ullmann/HDDGabriel/engines/UnrealEngine/Engine/Source/Editor/Sequencer/Public/ISequencerChannelInterface.h,3,0,3
/media/ullmann/HDDGabriel/engines/UnrealEngine/Engine/Source/Programs/UnrealHeaderTool/Private/Exceptions.h,8,0,8
/media/ullmann/HDDGabriel/engines/UnrealEngine/Engine/Source/ThirdParty/FreeType2/FreeType2-2.10.4/src/psaux/psstack.h,2,0,2
/media/ullmann/HDDGabriel/engines/UnrealEngine/Engine/Source/ThirdParty/ShaderConductor/ShaderConductor/External/SPIRV-Tools/source/opt/local_access_chain_convert_pass.cpp,0,3,3
/media/ullmann/HDDGabriel/engines/UnrealEngine/Engine/Source/ThirdParty/ShaderConductor/ShaderConductor/External/DirectXShaderCompiler/lib/ExecutionEngine/RuntimeDyld/Targets/RuntimeDyldMachOARM.h,1,1,2
/media/ullmann/HDDGabriel/engines/UnrealEngine/Engine/Source/ThirdParty/PhysX3/PxShared/src/pvd/src/PxProfileMemoryEventBuffer.h,1,4,5
/media/ullmann/HDDGabriel/engines/UnrealEngine/Engine/Source/ThirdParty/Crunch/src/crnlib/crn_vector.h,2,0,2
/media/ullmann/HDDGabriel/engines/UnrealEngine/Engine/Source/ThirdParty/ICU/icu4c-53_1/source/common/cwchar.h,4,1,5
/media/ullmann/HDDGabriel/engines/UnrealEngine/Engine/Source/ThirdParty/SDL2/SDL-gui-backend/src/video/windows/SDL_windowswindow.h,4,2,6
/media/ullmann/HDDGabriel/engines/UnrealEngine/Engine/Source/ThirdParty/FreeType2/FreeType2-2.4.12/src/pfr/pfrcmap.c,1,3,4
/media/ullmann/HDDGabriel/engines/UnrealEngine/Engine/Source/ThirdParty/FreeImage/FreeImage-3.18.0/TestAPI/MainTestSuite.cpp,0,1,1
/media/ullmann/HDDGabriel/engines/UnrealEngine/Engine/Source/ThirdParty/ICU/icu4c-53_1/source/i18n/stsearch.cpp,0,2,2
/media/ullmann/HDDGabriel/engines/UnrealEngine/Engine/Source/ThirdParty/ICU/icu4c-53_1/source/i18n/unicode/stsearch.h,1,0,1
/media/ullmann/HDDGabriel/engines/UnrealEngine/Engine/Source/Runtime/ApplicationCore/Public/Android/AndroidApplication.h,0,1,1
/media/ullmann/HDDGabriel/engines/UnrealEngine/Engine/Source/Runtime/ApplicationCore/Public/Android/AndroidWindow.h,1,0,1
/media/ullmann/HDDGabriel/engines/UnrealEngine/Engine/Source/ThirdParty/FBX/2020.2/include/fbxsdk/utils/fbxprocessorxrefuserlib.h,1,0,1
/media/ullmann/HDDGabriel/engines/UnrealEngine/Engine/Source/ThirdParty/Intel/Embree/Embree270/src/common/sys/vector.h,1,2,3
/media/ullmann/HDDGabriel/engines/UnrealEngine/Engine/Source/ThirdParty/Intel/TBB/IntelTBB-2019u8/src/tbb/mutex.cpp,1,2,3
/media/ullmann/HDDGabriel/engines/UnrealEngine/Engine/Source/ThirdParty/SDL2/SDL-gui-backend/include/SDL_locale.h,1,4,5
/media/ullmann/HDDGabriel/engines/UnrealEngine/Engine/Source/Runtime/Datasmith/DatasmithCore/Public/DatasmithTypes.h,1,0,1
/media/ullmann/HDDGabriel/engines/UnrealEngine/Engine/Source/Developer/NaniteBuilder/Private/ImposterAtlas.cpp,0,3,3
/media/ullmann/HDDGabriel/engines/UnrealEngine/Engine/Source/Developer/NaniteBuilder/Private/ImposterAtlas.h,2,0,2
/media/ullmann/HDDGabriel/engines/UnrealEngine/Engine/Source/ThirdParty/CryptoPP/5.6.2/include/gf2n.cpp,0,7,7
/media/ullmann/HDDGabriel/engines/UnrealEngine/Engine/Source/ThirdParty/PhysX3/PhysX_3.4/Include/PxConstraint.h,1,3,4
/media/ullmann/HDDGabriel/engines/UnrealEngine/Engine/Source/ThirdParty/Python3/Linux/include/python3.9/pyfpe.h,1,0,1
/media/ullmann/HDDGabriel/engines/UnrealEngine/Engine/Source/ThirdParty/libPNG/libPNG-1.5.27/png.h,8,2,10
/media/ullmann/HDDGabriel/engines/UnrealEngine/Engine/Source/Editor/UMGEditor/Private/Templates/WidgetTemplateBlueprintClass.h,1,0,1
/media/ullmann/HDDGabriel/engines/UnrealEngine/Engine/Source/ThirdParty/PhysX3/PhysX_3.4/Source/GeomUtils/src/gjk/GuVecCapsule.h,0,1,1
/media/ullmann/HDDGabriel/engines/UnrealEngine/Engine/Source/ThirdParty/libOpus/opus-1.1/silk/stereo_encode_pred.c,0,1,1
/media/ullmann/HDDGabriel/engines/UnrealEngine/Engine/Source/ThirdParty/Intel/Embree/Embree270/src/common/lexers/stringstream.cpp,0,1,1
/media/ullmann/HDDGabriel/engines/UnrealEngine/Engine/Source/ThirdParty/Intel/Embree/Embree270/src/common/lexers/stringstream.h,2,1,3
/media/ullmann/HDDGabriel/engines/UnrealEngine/Engine/Source/ThirdParty/hlslcc/hlslcc/src/hlslcc_lib/ir_rvalue_visitor.cpp,0,6,6
/media/ullmann/HDDGabriel/engines/UnrealEngine/Engine/Source/Editor/AnimGraph/Public/AnimGraphNode_HandIKRetargeting.h,0,1,1
/media/ullmann/HDDGabriel/engines/UnrealEngine/Engine/Source/ThirdParty/SDL2/SDL-gui-backend/src/render/psp/SDL_render_psp.c,0,2,2
/media/ullmann/HDDGabriel/engines/UnrealEngine/Engine/Source/ThirdParty/Imath/Deploy/Imath-3.1.3/include/Imath/ImathColor.h,1,4,5
/media/ullmann/HDDGabriel/engines/UnrealEngine/Engine/Source/Runtime/Renderer/Private/VT/VirtualTextureSystem.cpp,0,2,2
/media/ullmann/HDDGabriel/engines/UnrealEngine/Engine/Source/Runtime/Renderer/Private/VT/AllocatedVirtualTexture.h,3,2,5
/media/ullmann/HDDGabriel/engines/UnrealEngine/Engine/Source/ThirdParty/ICU/icu4c-64_1/source/i18n/numparse_symbols.h,4,1,5
/media/ullmann/HDDGabriel/engines/UnrealEngine/Engine/Source/ThirdParty/openexr/Deploy/openexr-3.1.1/include/OpenEXR/ImfIDManifest.h,1,1,2
/media/ullmann/HDDGabriel/engines/UnrealEngine/Engine/Source/ThirdParty/nvTextureTools/nvTextureTools-2.0.6/src/src/nvtt/squish/clusterfit.h,2,4,6
/media/ullmann/HDDGabriel/engines/UnrealEngine/Engine/Source/ThirdParty/WebRTC/4147/Include/third_party/opus/src/celt/celt_lpc.h,0,3,3
/media/ullmann/HDDGabriel/engines/UnrealEngine/Engine/Source/ThirdParty/WebRTC/4147/Include/third_party/opus/src/celt/x86/celt_lpc_sse.h,1,0,1
/media/ullmann/HDDGabriel/engines/UnrealEngine/Engine/Source/Developer/TraceInsights/Private/Insights/Widgets/SQuickFind.cpp,0,1,1
/media/ullmann/HDDGabriel/engines/UnrealEngine/Engine/Source/Developer/TraceInsights/Private/Insights/Widgets/SQuickFind.h,1,0,1
/media/ullmann/HDDGabriel/engines/UnrealEngine/Engine/Source/ThirdParty/openexr/Deploy/openexr-3.1.1/include/OpenEXR/ImfOpaqueAttribute.h,0,4,4
/media/ullmann/HDDGabriel/engines/UnrealEngine/Engine/Source/Programs/UnrealTraceServer/src/AsioTickable.h,4,1,5
/media/ullmann/HDDGabriel/engines/UnrealEngine/Engine/Source/Programs/UnrealLightmass/Private/Lighting/FinalGather.cpp,0,2,2
/media/ullmann/HDDGabriel/engines/UnrealEngine/Engine/Source/Runtime/Renderer/Private/VirtualShadowMaps/VirtualShadowMapArray.h,10,2,12
/media/ullmann/HDDGabriel/engines/UnrealEngine/Engine/Source/Editor/DataLayerEditor/Private/DataLayer/SDataLayerBrowser.h,3,0,3
/media/ullmann/HDDGabriel/engines/UnrealEngine/Engine/Source/ThirdParty/Intel/TBB/IntelTBB-2019u8/src/tbbmalloc/tbbmalloc_internal.h,4,5,9
/media/ullmann/HDDGabriel/engines/UnrealEngine/Engine/Source/ThirdParty/Intel/TBB/IntelTBB-2019u8/src/tbbmalloc/backend.h,1,0,1
/media/ullmann/HDDGabriel/engines/UnrealEngine/Engine/Source/Editor/UnrealEd/Public/UnrealEdMisc.h,2,1,3
/media/ullmann/HDDGabriel/engines/UnrealEngine/Engine/Source/Runtime/Slate/Public/Framework/Text/ILayoutBlock.h,2,0,2
/media/ullmann/HDDGabriel/engines/UnrealEngine/Engine/Source/ThirdParty/FBX/2020.2/include/fbxsdk/core/base/fbxbitset.h,1,0,1
/media/ullmann/HDDGabriel/engines/UnrealEngine/Engine/Source/Runtime/Apple/AGXRHI/Private/Shaders/Types/AGXComputeShader.cpp,0,2,2
/media/ullmann/HDDGabriel/engines/UnrealEngine/Engine/Source/Runtime/Apple/AGXRHI/Private/Shaders/Types/AGXComputeShader.h,2,0,2
/media/ullmann/HDDGabriel/engines/UnrealEngine/Engine/Source/ThirdParty/ICU/icu4c-64_1/source/i18n/numrange_impl.cpp,0,2,2
/media/ullmann/HDDGabriel/engines/UnrealEngine/Engine/Source/ThirdParty/ShaderConductor/ShaderConductor/External/DirectXShaderCompiler/tools/llvm-pdbdump/BuiltinDumper.cpp,0,3,3
/media/ullmann/HDDGabriel/engines/UnrealEngine/Engine/Source/ThirdParty/ShaderConductor/ShaderConductor/External/DirectXShaderCompiler/tools/llvm-pdbdump/BuiltinDumper.h,6,0,6
/media/ullmann/HDDGabriel/engines/UnrealEngine/Engine/Source/ThirdParty/libSampleRate/Private/high_qual_coeffs.h,1,0,1
/media/ullmann/HDDGabriel/engines/UnrealEngine/Engine/Source/Editor/HierarchicalLODOutliner/Private/LODLevelItem.h,2,2,4
/media/ullmann/HDDGabriel/engines/UnrealEngine/Engine/Source/Runtime/Core/Public/HAL/PlatformStackWalk.h,1,0,1
/media/ullmann/HDDGabriel/engines/UnrealEngine/Engine/Source/ThirdParty/OpenSubdiv/OpenSubdiv-3.4.4/regression/shapes/loop_cubes_infsharp.h,1,0,1
/media/ullmann/HDDGabriel/engines/UnrealEngine/Engine/Source/ThirdParty/MCPP/mcpp-2.7.2/src/system.c,0,2,2
/media/ullmann/HDDGabriel/engines/UnrealEngine/Engine/Source/Runtime/RenderCore/Public/BinkShaders.h,0,6,6
/media/ullmann/HDDGabriel/engines/UnrealEngine/Engine/Source/ThirdParty/CryptoPP/5.6.5/include/pkcspad.cpp,0,5,5
/media/ullmann/HDDGabriel/engines/UnrealEngine/Engine/Source/Runtime/Core/Private/Misc/EngineVersion.cpp,0,1,1
/media/ullmann/HDDGabriel/engines/UnrealEngine/Engine/Source/ThirdParty/ICU/icu4c-53_1/source/i18n/locdspnm.cpp,0,3,3
/media/ullmann/HDDGabriel/engines/UnrealEngine/Engine/Source/ThirdParty/libOpus/opus-1.0.3/silk/resampler_down2.c,0,2,2
/media/ullmann/HDDGabriel/engines/UnrealEngine/Engine/Source/ThirdParty/ICU/icu4c-64_1/source/i18n/islamcal.cpp,0,4,4
/media/ullmann/HDDGabriel/engines/UnrealEngine/Engine/Source/ThirdParty/ICU/icu4c-64_1/source/i18n/islamcal.h,2,1,3
/media/ullmann/HDDGabriel/engines/UnrealEngine/Engine/Source/ThirdParty/ICU/icu4c-53_1/source/test/letest/cmaps.cpp,0,2,2
/media/ullmann/HDDGabriel/engines/UnrealEngine/Engine/Source/ThirdParty/WebRTC/4147/Include/tools/clang/blink_gc_plugin/CheckFinalizerVisitor.h,1,2,3
/media/ullmann/HDDGabriel/engines/UnrealEngine/Engine/Source/ThirdParty/Vorbis/libvorbis-1.3.2/lib/modes/setup_32.h,1,0,1
/media/ullmann/HDDGabriel/engines/UnrealEngine/Engine/Source/Editor/StaticMeshEditor/Private/StaticMeshAutomationTests.cpp,0,1,1
/media/ullmann/HDDGabriel/engines/UnrealEngine/Engine/Source/Editor/StaticMeshEditor/Private/StaticMeshEditorViewportClient.h,3,0,3
/media/ullmann/HDDGabriel/engines/UnrealEngine/Engine/Source/Runtime/Online/BuildPatchServices/Private/Installer/Prerequisites.h,1,0,1
/media/ullmann/HDDGabriel/engines/UnrealEngine/Engine/Source/ThirdParty/FreeType2/FreeType2-2.4.12/src/raster/raster.c,0,3,3
/media/ullmann/HDDGabriel/engines/UnrealEngine/Engine/Source/ThirdParty/FreeType2/FreeType2-2.4.12/src/cid/cidgload.h,3,1,4
/media/ullmann/HDDGabriel/engines/UnrealEngine/Engine/Source/ThirdParty/ICU/icu4c-53_1/source/i18n/repattrn.cpp,0,4,4
/media/ullmann/HDDGabriel/engines/UnrealEngine/Engine/Source/Editor/AddContentDialog/Private/ContentSourceProviderManager.h,2,1,3
/media/ullmann/HDDGabriel/engines/UnrealEngine/Engine/Source/Editor/AddContentDialog/Private/IContentSourceProvider.h,1,1,2
/media/ullmann/HDDGabriel/engines/UnrealEngine/Engine/Source/ThirdParty/FreeType2/FreeType2-2.10.4/src/smooth/ftsmooth.c,1,3,4
/media/ullmann/HDDGabriel/engines/UnrealEngine/Engine/Source/ThirdParty/Intel/TBB/IntelTBB-2019u8/include/tbb/mutex.h,1,4,5
/media/ullmann/HDDGabriel/engines/UnrealEngine/Engine/Source/ThirdParty/FreeType2/FreeType2-2.10.0/src/pfr/pfrerror.h,6,0,6
/media/ullmann/HDDGabriel/engines/UnrealEngine/Engine/Source/ThirdParty/Intel/TBB/IntelTBB-2019u8/include/tbb/machine/linux_ia32.h,0,1,1
/media/ullmann/HDDGabriel/engines/UnrealEngine/Engine/Source/ThirdParty/OpenVDB/openvdb-8.1.0/openvdb/openvdb/tools/LevelSetAdvect.h,0,2,2
/media/ullmann/HDDGabriel/engines/UnrealEngine/Engine/Source/ThirdParty/OpenVDB/openvdb-8.1.0/openvdb/openvdb/tools/VelocityFields.h,3,1,4
/media/ullmann/HDDGabriel/engines/UnrealEngine/Engine/Source/Runtime/D3D12RHI/Private/D3D12Buffer.cpp,0,1,1
/media/ullmann/HDDGabriel/engines/UnrealEngine/Engine/Source/ThirdParty/WebRTC/4147/Include/tools/clang/blink_gc_plugin/CheckFieldsVisitor.h,1,2,3
/media/ullmann/HDDGabriel/engines/UnrealEngine/Engine/Source/ThirdParty/WebRTC/4147/Include/tools/clang/blink_gc_plugin/Edge.h,4,1,5
/media/ullmann/HDDGabriel/engines/UnrealEngine/Engine/Source/ThirdParty/Intel/Embree/Embree270/src/kernels/xeon/geometry/bezier_intersector.h,2,3,5
/media/ullmann/HDDGabriel/engines/UnrealEngine/Engine/Source/ThirdParty/WebRTC/4147/Include/base/third_party/xdg_mime/xdgmimeint.h,0,1,1
/media/ullmann/HDDGabriel/engines/UnrealEngine/Engine/Source/ThirdParty/FreeType2/FreeType2-2.10.0/src/autofit/afwarp.h,5,1,6
/media/ullmann/HDDGabriel/engines/UnrealEngine/Engine/Source/ThirdParty/libOpus/opus-1.0.3/silk/gain_quant.c,0,1,1
/media/ullmann/HDDGabriel/engines/UnrealEngine/Engine/Source/ThirdParty/ICU/icu4c-64_1/source/samples/translit/unaccent.cpp,0,1,1
/media/ullmann/HDDGabriel/engines/UnrealEngine/Engine/Source/ThirdParty/ICU/icu4c-64_1/source/samples/translit/unaccent.h,2,0,2
/media/ullmann/HDDGabriel/engines/UnrealEngine/Engine/Source/Editor/Cascade/Private/CascadeModule.cpp,0,1,1
/media/ullmann/HDDGabriel/engines/UnrealEngine/Engine/Source/Editor/Cascade/Private/Cascade.h,6,0,6
/media/ullmann/HDDGabriel/engines/UnrealEngine/Engine/Source/ThirdParty/PhysX3/PhysX_3.4/Include/PxBatchQuery.h,1,4,5
/media/ullmann/HDDGabriel/engines/UnrealEngine/Engine/Source/ThirdParty/PhysX3/PhysX_3.4/Include/PxShape.h,5,4,9
/media/ullmann/HDDGabriel/engines/UnrealEngine/Engine/Source/ThirdParty/WebRTC/4147/Include/base/bind_internal.h,0,1,1
/media/ullmann/HDDGabriel/engines/UnrealEngine/Engine/Source/ThirdParty/Intel/Embree/Embree270/src/kernels/common/subdiv/bezier_patch.h,3,2,5
/media/ullmann/HDDGabriel/engines/UnrealEngine/Engine/Source/ThirdParty/ShaderConductor/ShaderConductor/External/DirectXShaderCompiler/tools/clang/lib/Parse/ParsePragma.cpp,0,1,1
/media/ullmann/HDDGabriel/engines/UnrealEngine/Engine/Source/ThirdParty/ShaderConductor/ShaderConductor/External/DirectXShaderCompiler/lib/CodeGen/AsmPrinter/DwarfAccelTable.h,3,0,3
/media/ullmann/HDDGabriel/engines/UnrealEngine/Engine/Source/Runtime/UMG/Public/Components/Spacer.h,1,0,1
/media/ullmann/HDDGabriel/engines/UnrealEngine/Engine/Source/ThirdParty/FreeImage/FreeImage-3.18.0/Source/OpenEXR/IlmImf/ImfHuf.h,3,2,5
/media/ullmann/HDDGabriel/engines/UnrealEngine/Engine/Source/ThirdParty/ICU/icu4c-64_1/source/i18n/ucol_res.cpp,0,8,8
/media/ullmann/HDDGabriel/engines/UnrealEngine/Engine/Source/ThirdParty/libOpus/opus-1.3.1-12/silk/arm/NSQ_neon.h,1,0,1
/media/ullmann/HDDGabriel/engines/UnrealEngine/Engine/Source/Runtime/Apple/MetalRHI/Private/MetalGraphicsPipelineState.cpp,0,4,4
/media/ullmann/HDDGabriel/engines/UnrealEngine/Engine/Source/Developer/Settings/Private/SettingsCategory.cpp,0,2,2
/media/ullmann/HDDGabriel/engines/UnrealEngine/Engine/Source/Developer/Settings/Private/SettingsCategory.h,2,0,2
/media/ullmann/HDDGabriel/engines/UnrealEngine/Engine/Source/Runtime/Experimental/Chaos/Public/Chaos/Plane.h,1,1,2
/media/ullmann/HDDGabriel/engines/UnrealEngine/Engine/Source/ThirdParty/Crunch/src/crnlib/lzma_LzmaEnc.h,2,1,3
/media/ullmann/HDDGabriel/engines/UnrealEngine/Engine/Source/ThirdParty/ICU/icu4c-64_1/source/tools/toolutil/ucmstate.cpp,0,2,2
/media/ullmann/HDDGabriel/engines/UnrealEngine/Engine/Source/Editor/LandscapeEditor/Private/LandscapeEditorDetailCustomization_ResizeLandscape.cpp,0,1,1
/media/ullmann/HDDGabriel/engines/UnrealEngine/Engine/Source/Editor/LandscapeEditor/Private/LandscapeEditorDetailCustomization_ResizeLandscape.h,3,1,4
/media/ullmann/HDDGabriel/engines/UnrealEngine/Engine/Source/ThirdParty/FreeType2/FreeType2-2.10.4/src/truetype/ttgload.h,3,2,5
/media/ullmann/HDDGabriel/engines/UnrealEngine/Engine/Source/ThirdParty/hlslcc/hlslcc/src/hlslcc_lib/opt_copy_propagation.cpp,0,8,8
/media/ullmann/HDDGabriel/engines/UnrealEngine/Engine/Source/ThirdParty/ICU/icu4c-64_1/source/i18n/collationrootelements.h,4,1,5
/media/ullmann/HDDGabriel/engines/UnrealEngine/Engine/Source/ThirdParty/FreeImage/FreeImage-3.18.0/Source/OpenEXR/IlmImf/ImfTiledOutputFile.h,6,8,14
/media/ullmann/HDDGabriel/engines/UnrealEngine/Engine/Source/ThirdParty/HarfBuzz/harfbuzz-2.4.0/src/hb-shape-plan.cc,0,6,6
/media/ullmann/HDDGabriel/engines/UnrealEngine/Engine/Source/ThirdParty/HarfBuzz/harfbuzz-2.4.0/src/hb-shape-plan.hh,2,0,2
/media/ullmann/HDDGabriel/engines/UnrealEngine/Engine/Source/Editor/UnrealEd/Public/Dialogs/Dialogs.h,1,0,1
/media/ullmann/HDDGabriel/engines/UnrealEngine/Engine/Source/ThirdParty/ShaderConductor/ShaderConductor/External/DirectXShaderCompiler/tools/clang/tools/libclang/IndexDecl.cpp,0,1,1
/media/ullmann/HDDGabriel/engines/UnrealEngine/Engine/Source/ThirdParty/coremod/coremod-4.2.6/src/mixer.c,0,4,4
/media/ullmann/HDDGabriel/engines/UnrealEngine/Engine/Source/ThirdParty/ShaderConductor/ShaderConductor/External/DirectXShaderCompiler/lib/IR/Metadata.cpp,0,3,3
/media/ullmann/HDDGabriel/engines/UnrealEngine/Engine/Source/ThirdParty/ShaderConductor/ShaderConductor/External/DirectXShaderCompiler/lib/IR/MetadataImpl.h,2,0,2
/media/ullmann/HDDGabriel/engines/UnrealEngine/Engine/Source/ThirdParty/Oculus/LibOVRPlatform/LibOVRPlatform/include/OVR_Requests_Leaderboard.h,1,5,6
/media/ullmann/HDDGabriel/engines/UnrealEngine/Engine/Source/ThirdParty/Oculus/LibOVRPlatform/LibOVRPlatform/include/OVR_LeaderboardFilterType.h,1,1,2
/media/ullmann/HDDGabriel/engines/UnrealEngine/Engine/Source/ThirdParty/OpenVDB/openvdb-8.1.0/openvdb/openvdb/util/Name.h,2,0,2
/media/ullmann/HDDGabriel/engines/UnrealEngine/Engine/Source/Runtime/D3D12RHI/Private/D3D12Device.h,1,0,1
/media/ullmann/HDDGabriel/engines/UnrealEngine/Engine/Source/ThirdParty/CryptoPP/5.6.5/include/marss.cpp,0,3,3
/media/ullmann/HDDGabriel/engines/UnrealEngine/Engine/Source/ThirdParty/CryptoPP/5.6.5/include/winpipes.h,2,4,6
/media/ullmann/HDDGabriel/engines/UnrealEngine/Engine/Source/ThirdParty/PhysX3/PxShared/src/pvd/src/PxPvdCommStreamTypes.h,5,1,6
/media/ullmann/HDDGabriel/engines/UnrealEngine/Engine/Source/ThirdParty/ICU/icu4c-64_1/source/test/cintltst/nucnvtst.c,0,2,2
/media/ullmann/HDDGabriel/engines/UnrealEngine/Engine/Source/ThirdParty/glslang/glslang/src/glslang_lib/glslang/Include/InitializeGlobals.h,2,0,2
/media/ullmann/HDDGabriel/engines/UnrealEngine/Engine/Source/Runtime/Experimental/Chaos/Public/Chaos/PBDRigidClustering.h,0,1,1
/media/ullmann/HDDGabriel/engines/UnrealEngine/Engine/Source/Runtime/Experimental/Chaos/Public/Chaos/Framework/BufferedData.h,2,0,2
/media/ullmann/HDDGabriel/engines/UnrealEngine/Engine/Source/Runtime/AudioMixer/Private/SoundWaveDecoder.cpp,0,2,2
/media/ullmann/HDDGabriel/engines/UnrealEngine/Engine/Source/Runtime/Online/BuildPatchServices/Public/BuildPatchServices.h,0,6,6
/media/ullmann/HDDGabriel/engines/UnrealEngine/Engine/Source/Runtime/Online/BuildPatchServices/Public/Interfaces/IBuildInstaller.h,1,0,1
/media/ullmann/HDDGabriel/engines/UnrealEngine/Engine/Source/ThirdParty/PhysX3/APEX_1.4/NvParameterized/include/PlatformOutputStream.inl,1,0,1
/media/ullmann/HDDGabriel/engines/UnrealEngine/Engine/Source/ThirdParty/FreeType2/FreeType2-2.10.0/src/pfr/pfr.c,0,6,6
/media/ullmann/HDDGabriel/engines/UnrealEngine/Engine/Source/Editor/PIEPreviewDeviceProfileSelector/Private/PIEPreviewDeviceProfileSelectorModule.cpp,0,4,4
/media/ullmann/HDDGabriel/engines/UnrealEngine/Engine/Source/ThirdParty/FreeType2/FreeType2-2.6/Src/gxvalid/gxvmorx5.c,1,1,2
/media/ullmann/HDDGabriel/engines/UnrealEngine/Engine/Source/ThirdParty/OpenVDB/openvdb-8.1.0/openvdb/openvdb/tools/PoissonSolver.h,1,1,2
/media/ullmann/HDDGabriel/engines/UnrealEngine/Engine/Source/ThirdParty/openexr/openexr-3.1.1/src/lib/OpenEXR/ImfRle.cpp,0,2,2
/media/ullmann/HDDGabriel/engines/UnrealEngine/Engine/Source/Runtime/Engine/Public/StaticLighting.h,2,1,3
/media/ullmann/HDDGabriel/engines/UnrealEngine/Engine/Source/ThirdParty/ICU/icu4c-53_1/source/samples/translit/unaccent.cpp,0,1,1
/media/ullmann/HDDGabriel/engines/UnrealEngine/Engine/Source/ThirdParty/ICU/icu4c-53_1/source/samples/translit/unaccent.h,2,0,2
/media/ullmann/HDDGabriel/engines/UnrealEngine/Engine/Source/ThirdParty/libOpus/opus-1.0.3/celt/entcode.h,7,1,8
/media/ullmann/HDDGabriel/engines/UnrealEngine/Engine/Source/ThirdParty/libOpus/opus-1.0.3/celt/ecintrin.h,1,1,2
/media/ullmann/HDDGabriel/engines/UnrealEngine/Engine/Source/ThirdParty/Alembic/alembic-1.8.2/python/PyAlembic/PyICurves.cpp,0,3,3
/media/ullmann/HDDGabriel/engines/UnrealEngine/Engine/Source/ThirdParty/libOpus/opus-1.0.3/celt/mfrngcod.h,2,1,3
/media/ullmann/HDDGabriel/engines/UnrealEngine/Engine/Source/ThirdParty/Intel/Embree/Embree270/src/common/simd/avx.h,3,6,9
/media/ullmann/HDDGabriel/engines/UnrealEngine/Engine/Source/ThirdParty/Intel/Embree/Embree270/src/common/simd/float8_avx.h,1,0,1
/media/ullmann/HDDGabriel/engines/UnrealEngine/Engine/Source/Editor/DetailCustomizations/Private/InputSettingsDetails.h,4,0,4
/media/ullmann/HDDGabriel/engines/UnrealEngine/Engine/Source/Developer/AssetTools/Private/AssetTypeActions/AssetTypeActions_ParticleSystem.cpp,0,1,1
/media/ullmann/HDDGabriel/engines/UnrealEngine/Engine/Source/Editor/Cascade/Public/CascadeModule.h,1,0,1
/media/ullmann/HDDGabriel/engines/UnrealEngine/Engine/Source/ThirdParty/HLMediaLibrary/HLMediaLibrary/MediaHelpers.cpp,0,2,2
/media/ullmann/HDDGabriel/engines/UnrealEngine/Engine/Source/ThirdParty/HLMediaLibrary/HLMediaLibrary/pch.h,6,0,6
/media/ullmann/HDDGabriel/engines/UnrealEngine/Engine/Source/Runtime/MovieScene/Public/Channels/MovieSceneChannelData.h,8,0,8
/media/ullmann/HDDGabriel/engines/UnrealEngine/Engine/Source/Editor/AnimGraph/Private/AnimBlueprintGeneratedClassCompiledData.cpp,0,1,1
/media/ullmann/HDDGabriel/engines/UnrealEngine/Engine/Source/Editor/AnimGraph/Private/AnimBlueprintGeneratedClassCompiledData.h,2,0,2
/media/ullmann/HDDGabriel/engines/UnrealEngine/Engine/Source/ThirdParty/PhysX3/APEX_1.4/NvParameterized/include/NvParamConversionTemplate.h,0,2,2
/media/ullmann/HDDGabriel/engines/UnrealEngine/Engine/Source/ThirdParty/PhysX3/APEX_1.4/NvParameterized/include/NvParameters.h,1,1,2
/media/ullmann/HDDGabriel/engines/UnrealEngine/Engine/Source/ThirdParty/FreeType2/FreeType2-2.6/Src/cff/cffload.c,1,3,4
/media/ullmann/HDDGabriel/engines/UnrealEngine/Engine/Source/Editor/IntroTutorials/Private/STutorialNavigation.cpp,0,1,1
/media/ullmann/HDDGabriel/engines/UnrealEngine/Engine/Source/Editor/IntroTutorials/Private/STutorialNavigation.h,1,0,1
/media/ullmann/HDDGabriel/engines/UnrealEngine/Engine/Source/Editor/UnrealEd/Public/GameModeInfoCustomizer.h,0,5,5
/media/ullmann/HDDGabriel/engines/UnrealEngine/Engine/Source/Editor/UnrealEd/Public/EditorClassUtils.h,1,0,1
/media/ullmann/HDDGabriel/engines/UnrealEngine/Engine/Source/Editor/VirtualTexturingEditor/Private/RuntimeVirtualTextureDetailsCustomization.cpp,0,1,1
/media/ullmann/HDDGabriel/engines/UnrealEngine/Engine/Source/ThirdParty/ShaderConductor/ShaderConductor/External/DirectXShaderCompiler/tools/clang/lib/SPIRV/SpirvFunction.cpp,0,1,1
/media/ullmann/HDDGabriel/engines/UnrealEngine/Engine/Source/ThirdParty/ShaderConductor/ShaderConductor/External/DirectXShaderCompiler/tools/clang/lib/SPIRV/BlockReadableOrder.h,2,0,2
/media/ullmann/HDDGabriel/engines/UnrealEngine/Engine/Source/Editor/SceneOutliner/Public/SceneOutlinerFilters.h,4,2,6
/media/ullmann/HDDGabriel/engines/UnrealEngine/Engine/Source/Editor/Kismet/Private/SGraphTitleBarAddNewBookmark.cpp,0,1,1
/media/ullmann/HDDGabriel/engines/UnrealEngine/Engine/Source/Editor/Kismet/Private/SGraphTitleBarAddNewBookmark.h,2,0,2
/media/ullmann/HDDGabriel/engines/UnrealEngine/Engine/Source/Developer/LauncherServices/Public/ILauncher.h,1,1,2
/media/ullmann/HDDGabriel/engines/UnrealEngine/Engine/Source/Developer/LauncherServices/Public/ILauncherWorker.h,1,2,3
/media/ullmann/HDDGabriel/engines/UnrealEngine/Engine/Source/Runtime/CoreUObject/Public/UObject/Interface.h,2,0,2
/media/ullmann/HDDGabriel/engines/UnrealEngine/Engine/Source/ThirdParty/ShaderConductor/ShaderConductor/External/DirectXShaderCompiler/tools/clang/lib/ARCMigrate/ObjCMT.cpp,0,1,1
/media/ullmann/HDDGabriel/engines/UnrealEngine/Engine/Source/ThirdParty/ShaderConductor/ShaderConductor/External/DirectXShaderCompiler/tools/clang/lib/ARCMigrate/Transforms.h,15,0,15
/media/ullmann/HDDGabriel/engines/UnrealEngine/Engine/Source/ThirdParty/FreeImage/FreeImage-3.18.0/Source/LibRawLite/libraw/libraw_datastream.h,3,2,5
/media/ullmann/HDDGabriel/engines/UnrealEngine/Engine/Source/ThirdParty/FreeImage/FreeImage-3.18.0/Source/LibRawLite/libraw/libraw_const.h,4,0,4
/media/ullmann/HDDGabriel/engines/UnrealEngine/Engine/Source/ThirdParty/ICU/icu4c-64_1/source/test/intltest/numfmtst.h,4,2,6
/media/ullmann/HDDGabriel/engines/UnrealEngine/Engine/Source/ThirdParty/ICU/icu4c-64_1/source/test/intltest/datadrivennumberformattestsuite.h,3,2,5
/media/ullmann/HDDGabriel/engines/UnrealEngine/Engine/Source/ThirdParty/ICU/icu4c-53_1/source/layout/OpenTypeUtilities.h,12,2,14
/media/ullmann/HDDGabriel/engines/UnrealEngine/Engine/Source/ThirdParty/Boost/boost-1_70_0/include/boost/polygon/polygon_45_data.hpp,3,1,4
/media/ullmann/HDDGabriel/engines/UnrealEngine/Engine/Source/ThirdParty/MCPP/mcpp-2.7.2/test-l/nest90.h,1,1,2
/media/ullmann/HDDGabriel/engines/UnrealEngine/Engine/Source/ThirdParty/MCPP/mcpp-2.7.2/test-l/nest91.h,1,1,2
/media/ullmann/HDDGabriel/engines/UnrealEngine/Engine/Source/Programs/Enterprise/Datasmith/DatasmithARCHICADExporter/Private/MaterialsDatabase.cpp,0,4,4
/media/ullmann/HDDGabriel/engines/UnrealEngine/Engine/Source/Programs/Enterprise/Datasmith/DatasmithARCHICADExporter/Private/TexturesCache.h,4,2,6
/media/ullmann/HDDGabriel/engines/UnrealEngine/Engine/Source/Programs/Enterprise/Datasmith/DatasmithARCHICADExporter/Private/Utils/TaskCalledFromEventLoop.h,4,1,5
/media/ullmann/HDDGabriel/engines/UnrealEngine/Engine/Source/ThirdParty/Imath/Imath-3.1.3/src/Imath/ImathColor.h,1,4,5
/media/ullmann/HDDGabriel/engines/UnrealEngine/Engine/Source/Runtime/Engine/Public/GeometryCollectionRendering.h,0,6,6
/media/ullmann/HDDGabriel/engines/UnrealEngine/Engine/Source/ThirdParty/ICU/icu4c-53_1/source/common/lrucache.cpp,0,4,4
/media/ullmann/HDDGabriel/engines/UnrealEngine/Engine/Source/ThirdParty/Imath/Deploy/Imath-3.1.3/include/Imath/ImathMatrix.h,8,6,14
/media/ullmann/HDDGabriel/engines/UnrealEngine/Engine/Source/ThirdParty/HarfBuzz/harfbuzz-2.4.0/src/hb-subset-cff1.cc,0,7,7
/media/ullmann/HDDGabriel/engines/UnrealEngine/Engine/Source/ThirdParty/HarfBuzz/harfbuzz-2.4.0/src/hb-open-type.hh,10,0,10
/media/ullmann/HDDGabriel/engines/UnrealEngine/Engine/Source/ThirdParty/OpenVDB/Deploy/openvdb-8.1.0/include/openvdb/points/IndexFilter.h,5,4,9
/media/ullmann/HDDGabriel/engines/UnrealEngine/Engine/Source/ThirdParty/FreeImage/FreeImage-3.18.0/Source/OpenEXR/IlmImf/ImfInt64.h,8,1,9
/media/ullmann/HDDGabriel/engines/UnrealEngine/Engine/Source/Editor/PropertyEditor/Private/DetailItemNode.h,5,2,7
/media/ullmann/HDDGabriel/engines/UnrealEngine/Engine/Source/ThirdParty/ICU/icu4c-64_1/source/test/intltest/numbertest_modifiers.cpp,0,2,2
/media/ullmann/HDDGabriel/engines/UnrealEngine/Engine/Source/Developer/Merge/Private/SMergeDetailsView.h,2,1,3
/media/ullmann/HDDGabriel/engines/UnrealEngine/Engine/Source/ThirdParty/Intel/TBB/IntelTBB-2019u8/src/test/test_limiter_node.cpp,0,2,2
/media/ullmann/HDDGabriel/engines/UnrealEngine/Engine/Source/ThirdParty/CryptoPP/5.6.2/include/osrng.cpp,0,3,3
/media/ullmann/HDDGabriel/engines/UnrealEngine/Engine/Source/ThirdParty/CryptoPP/5.6.2/include/rng.h,5,2,7
/media/ullmann/HDDGabriel/engines/UnrealEngine/Engine/Source/ThirdParty/OpenSubdiv/OpenSubdiv-3.4.4/examples/common/objAnim.cpp,0,2,2
/media/ullmann/HDDGabriel/engines/UnrealEngine/Engine/Source/ThirdParty/Steamworks/Steamv146/sdk/public/steam/isteaminput.h,2,1,3
/media/ullmann/HDDGabriel/engines/UnrealEngine/Engine/Source/ThirdParty/Android/libunwind/libunwind/src/ppc/Linit_remote.c,0,1,1
/media/ullmann/HDDGabriel/engines/UnrealEngine/Engine/Source/ThirdParty/FreeType2/FreeType2-2.4.12/src/cid/cidload.c,1,3,4
/media/ullmann/HDDGabriel/engines/UnrealEngine/Engine/Source/ThirdParty/ShaderConductor/ShaderConductor/External/DirectXShaderCompiler/tools/llvm-readobj/StreamWriter.h,11,0,11
/media/ullmann/HDDGabriel/engines/UnrealEngine/Engine/Source/ThirdParty/llvm/8/include/llvm/DebugInfo/PDB/PDBSymbolTypeVTableShape.h,0,2,2
/media/ullmann/HDDGabriel/engines/UnrealEngine/Engine/Source/ThirdParty/zlib/zlib-1.2.5/Src/zlib.h,6,1,7
/media/ullmann/HDDGabriel/engines/UnrealEngine/Engine/Source/Runtime/GeometryCore/Public/DynamicMesh/DynamicMeshAttributeSet.h,2,1,3
/media/ullmann/HDDGabriel/engines/UnrealEngine/Engine/Source/Runtime/Engine/Public/WorldCollision.h,5,1,6
/media/ullmann/HDDGabriel/engines/UnrealEngine/Engine/Source/ThirdParty/SDL2/SDL-gui-backend/src/misc/unix/SDL_sysurl.c,0,1,1
/media/ullmann/HDDGabriel/engines/UnrealEngine/Engine/Source/ThirdParty/SDL2/SDL-gui-backend/src/misc/SDL_sysurl.h,9,1,10
/media/ullmann/HDDGabriel/engines/UnrealEngine/Engine/Source/Runtime/CoreUObject/Public/UObject/ScriptInterface.h,2,0,2
/media/ullmann/HDDGabriel/engines/UnrealEngine/Engine/Source/Editor/DetailCustomizations/Private/EnvQueryParamInstanceCustomization.h,2,0,2
/media/ullmann/HDDGabriel/engines/UnrealEngine/Engine/Source/ThirdParty/SDL2/SDL-gui-backend/src/video/kmsdrm/SDL_kmsdrmvulkan.c,0,4,4
/media/ullmann/HDDGabriel/engines/UnrealEngine/Engine/Source/ThirdParty/PhysX3/PhysX_3.4/Source/LowLevelParticles/src/PtDynamicHelper.h,1,3,4
/media/ullmann/HDDGabriel/engines/UnrealEngine/Engine/Source/ThirdParty/PhysX3/PhysX_3.4/Source/LowLevelParticles/src/PtDynamicsKernels.h,1,1,2
/media/ullmann/HDDGabriel/engines/UnrealEngine/Engine/Source/ThirdParty/PhysX3/PhysX_3.4/Include/cooking/Pxc.h,1,0,1
/media/ullmann/HDDGabriel/engines/UnrealEngine/Engine/Source/ThirdParty/Android/libunwind/libunwind/src/x86_64/Gtrace.c,1,2,3
/media/ullmann/HDDGabriel/engines/UnrealEngine/Engine/Source/ThirdParty/Intel/Embree/Embree2140/src/kernels/bvh/bvh_intersector1.cpp,0,18,18
/media/ullmann/HDDGabriel/engines/UnrealEngine/Engine/Source/Programs/CrashReportClient/Private/SCrashReportClient.cpp,0,2,2
/media/ullmann/HDDGabriel/engines/UnrealEngine/Engine/Source/Programs/CrashReportClient/Private/SCrashReportClient.h,1,1,2
/media/ullmann/HDDGabriel/engines/UnrealEngine/Engine/Source/ThirdParty/PhysX3/APEX_1.4/module/destructible/fracture/IceBoxPruning.h,2,2,4
/media/ullmann/HDDGabriel/engines/UnrealEngine/Engine/Source/ThirdParty/Alembic/alembic-1.8.2/python/PyAlembic/msvc14fixes.cpp,0,1,1
/media/ullmann/HDDGabriel/engines/UnrealEngine/Engine/Source/ThirdParty/ShaderConductor/ShaderConductor/External/DirectXShaderCompiler/tools/clang/lib/CodeGen/CGStmt.cpp,0,6,6
/media/ullmann/HDDGabriel/engines/UnrealEngine/Engine/Source/ThirdParty/FreeType2/FreeType2-2.10.0/src/base/ftfntfmt.c,1,0,1
/media/ullmann/HDDGabriel/engines/UnrealEngine/Engine/Source/Editor/PListEditor/Private/PListNodeString.cpp,0,1,1
/media/ullmann/HDDGabriel/engines/UnrealEngine/Engine/Source/ThirdParty/openexr/openexr-3.1.1/src/test/OpenEXRTest/testDeepTiledBasic.cpp,0,2,2
/media/ullmann/HDDGabriel/engines/UnrealEngine/Engine/Source/ThirdParty/OpenSubdiv/OpenSubdiv-3.4.4/regression/shapes/catmark_gregory_test5.h,1,0,1
/media/ullmann/HDDGabriel/engines/UnrealEngine/Engine/Source/Editor/Sequencer/Private/SequencerKeyRenderer.h,2,2,4
/media/ullmann/HDDGabriel/engines/UnrealEngine/Engine/Source/ThirdParty/HarfBuzz/harfbuzz-1.2.4/src/hb-shape.cc,0,5,5
/media/ullmann/HDDGabriel/engines/UnrealEngine/Engine/Source/ThirdParty/HarfBuzz/harfbuzz-1.2.4/src/hb-shape-plan-private.hh,2,0,2
/media/ullmann/HDDGabriel/engines/UnrealEngine/Engine/Source/ThirdParty/ICU/icu4c-64_1/source/test/fuzzer/uloc_open_keywords_fuzzer.cc,0,1,1
/media/ullmann/HDDGabriel/engines/UnrealEngine/Engine/Source/Developer/Windows/WindowsTargetPlatform/Private/GenericWindowsTargetPlatform.h,1,2,3
/media/ullmann/HDDGabriel/engines/UnrealEngine/Engine/Source/Developer/Windows/WindowsTargetPlatform/Private/SteamDeckDevice.h,1,1,2
/media/ullmann/HDDGabriel/engines/UnrealEngine/Engine/Source/ThirdParty/openexr/openexr-3.1.1/src/lib/Iex/Iex.h,0,4,4
/media/ullmann/HDDGabriel/engines/UnrealEngine/Engine/Source/ThirdParty/openexr/openexr-3.1.1/src/test/OpenEXRTest/testDeepScanLineHuge.h,1,0,1
/media/ullmann/HDDGabriel/engines/UnrealEngine/Engine/Source/ThirdParty/ICU/icu4c-53_1/source/i18n/fmtable_cnv.cpp,0,1,1
/media/ullmann/HDDGabriel/engines/UnrealEngine/Engine/Source/ThirdParty/ICU/icu4c-53_1/source/i18n/unicode/fmtable.h,6,0,6
/media/ullmann/HDDGabriel/engines/UnrealEngine/Engine/Source/ThirdParty/Crunch/src/crnlib/lzma_7zFile.cpp,0,2,2
/media/ullmann/HDDGabriel/engines/UnrealEngine/Engine/Source/ThirdParty/Crunch/src/crnlib/lzma_7zFile.h,1,1,2
/media/ullmann/HDDGabriel/engines/UnrealEngine/Engine/Source/ThirdParty/ICU/icu4c-53_1/source/i18n/tzgnames.h,2,2,4
/media/ullmann/HDDGabriel/engines/UnrealEngine/Engine/Source/ThirdParty/Crunch/src/crnlib/crn_dxt5a.cpp,0,5,5
/media/ullmann/HDDGabriel/engines/UnrealEngine/Engine/Source/Runtime/UMG/Public/Blueprint/IUserObjectListEntry.h,0,1,1
/media/ullmann/HDDGabriel/engines/UnrealEngine/Engine/Source/Runtime/UMG/Public/Blueprint/IUserListEntry.h,1,0,1
/media/ullmann/HDDGabriel/engines/UnrealEngine/Engine/Source/ThirdParty/ICU/icu4c-53_1/source/common/unicode/unorm2.h,2,0,2
/media/ullmann/HDDGabriel/engines/UnrealEngine/Engine/Source/ThirdParty/Breakpad/src/third_party/libdisasm/ia32_opcode_tables.c,0,3,3
/media/ullmann/HDDGabriel/engines/UnrealEngine/Engine/Source/ThirdParty/Breakpad/src/third_party/libdisasm/ia32_insn.h,11,1,12
/media/ullmann/HDDGabriel/engines/UnrealEngine/Engine/Source/ThirdParty/ShaderConductor/ShaderConductor/External/DirectXShaderCompiler/tools/clang/unittests/SPIRV/SPIRVContextTest.cpp,0,1,1
/media/ullmann/HDDGabriel/engines/UnrealEngine/Engine/Source/ThirdParty/Intel/Embree/Embree2140/src/kernels/common/scene_bezier_curves.cpp,0,3,3
/media/ullmann/HDDGabriel/engines/UnrealEngine/Engine/Source/ThirdParty/openexr/Deploy/openexr-3.1.1/include/OpenEXR/IlmThreadSemaphore.h,0,3,3
/media/ullmann/HDDGabriel/engines/UnrealEngine/Engine/Source/Runtime/Engine/Private/PhysicsEngine/Experimental/ChaosDerivedDataUtil.cpp,0,1,1
/media/ullmann/HDDGabriel/engines/UnrealEngine/Engine/Source/ThirdParty/ShaderConductor/ShaderConductor/External/SPIRV-Cross/main.cpp,0,7,7
/media/ullmann/HDDGabriel/engines/UnrealEngine/Engine/Source/Runtime/Messaging/Private/MessagingModule.cpp,0,3,3
/media/ullmann/HDDGabriel/engines/UnrealEngine/Engine/Source/Runtime/Messaging/Private/Bridge/MessageBridge.h,1,0,1
/media/ullmann/HDDGabriel/engines/UnrealEngine/Engine/Source/Editor/DerivedDataEditor/Private/SDerivedDataDialogs.h,3,0,3
/media/ullmann/HDDGabriel/engines/UnrealEngine/Engine/Source/Developer/Windows/LiveCoding/Private/External/LC_SyncPoint.cpp,0,3,3
/media/ullmann/HDDGabriel/engines/UnrealEngine/Engine/Source/Runtime/Renderer/Private/HairStrands/HairStrandsCluster.h,9,2,11
/media/ullmann/HDDGabriel/engines/UnrealEngine/Engine/Source/ThirdParty/SDL2/SDL-gui-backend/src/thread/pthread/SDL_systhread_c.h,1,1,2
/media/ullmann/HDDGabriel/engines/UnrealEngine/Engine/Source/ThirdParty/Intel/Embree/Embree2140/src/kernels/common/acceln.h,3,1,4
/media/ullmann/HDDGabriel/engines/UnrealEngine/Engine/Source/ThirdParty/MCPP/mcpp-2.7.2/test-l/ifdef127.h,0,1,1
/media/ullmann/HDDGabriel/engines/UnrealEngine/Engine/Source/ThirdParty/MCPP/mcpp-2.7.2/test-l/ifdef255.h,1,0,1
/media/ullmann/HDDGabriel/engines/UnrealEngine/Engine/Source/ThirdParty/FreeImage/FreeImage-3.18.0/Source/OpenEXR/IlmThread/IlmThreadMutex.h,4,2,6
/media/ullmann/HDDGabriel/engines/UnrealEngine/Engine/Source/ThirdParty/ICU/icu4c-53_1/source/i18n/collationruleparser.h,3,1,4
/media/ullmann/HDDGabriel/engines/UnrealEngine/Engine/Source/ThirdParty/MCPP/mcpp-2.7.2/test-l/nest43.h,1,1,2
/media/ullmann/HDDGabriel/engines/UnrealEngine/Engine/Source/ThirdParty/MCPP/mcpp-2.7.2/test-l/nest44.h,1,1,2
/media/ullmann/HDDGabriel/engines/UnrealEngine/Engine/Source/Editor/DetailCustomizations/Private/DateTimeStructCustomization.h,2,0,2
/media/ullmann/HDDGabriel/engines/UnrealEngine/Engine/Source/ThirdParty/Python3/Win64/include/genobject.h,1,1,2
/media/ullmann/HDDGabriel/engines/UnrealEngine/Engine/Source/ThirdParty/mtlpp/mtlpp-master-7efad47/src/imp_RenderPass.hpp,1,1,2
/media/ullmann/HDDGabriel/engines/UnrealEngine/Engine/Source/ThirdParty/HLMediaLibrary/HLMediaLibrary/Transform.h,3,0,3
/media/ullmann/HDDGabriel/engines/UnrealEngine/Engine/Source/ThirdParty/ICU/icu4c-53_1/source/i18n/csrmbcs.h,3,1,4
/media/ullmann/HDDGabriel/engines/UnrealEngine/Engine/Source/Developer/AutomationDriver/Public/AutomationDriverCommon.h,0,8,8
/media/ullmann/HDDGabriel/engines/UnrealEngine/Engine/Source/Developer/AutomationDriver/Public/IAutomationDriver.h,1,1,2
/media/ullmann/HDDGabriel/engines/UnrealEngine/Engine/Source/ThirdParty/CryptoPP/5.6.5/include/basecode.cpp,0,4,4
/media/ullmann/HDDGabriel/engines/UnrealEngine/Engine/Source/ThirdParty/PhysX3/APEX_1.4/module/clothing_legacy/include/autogen/ClothingMaterialLibraryParameters_0p6.h,1,0,1
/media/ullmann/HDDGabriel/engines/UnrealEngine/Engine/Source/ThirdParty/FreeType2/FreeType2-2.6/Src/sfnt/ttsbit.h,2,1,3
/media/ullmann/HDDGabriel/engines/UnrealEngine/Engine/Source/ThirdParty/Imath/Imath-3.1.3/src/python/PyImath/PyImathStringTable.cpp,0,2,2
/media/ullmann/HDDGabriel/engines/UnrealEngine/Engine/Source/ThirdParty/Imath/Imath-3.1.3/src/python/PyImath/PyImathStringTable.h,2,0,2
/media/ullmann/HDDGabriel/engines/UnrealEngine/Engine/Source/Developer/Windows/LiveCoding/Private/External/LC_StrongTypedef.h,2,0,2
/media/ullmann/HDDGabriel/engines/UnrealEngine/Engine/Source/ThirdParty/PhysX3/PhysX_3.4/Source/Common/src/CmPool.h,0,2,2
/media/ullmann/HDDGabriel/engines/UnrealEngine/Engine/Source/ThirdParty/PhysX3/PhysX_3.4/Source/Common/src/CmBitMap.h,1,1,2
/media/ullmann/HDDGabriel/engines/UnrealEngine/Engine/Source/ThirdParty/PhysX3/PhysX_3.4/Include/PxPruningStructure.h,1,2,3
/media/ullmann/HDDGabriel/engines/UnrealEngine/Engine/Source/ThirdParty/PhysX3/PhysX_3.4/Include/common/PxBase.h,12,2,14
/media/ullmann/HDDGabriel/engines/UnrealEngine/Engine/Source/Runtime/OpenGLDrv/Private/Android/AndroidOpenGLFramePacer.cpp,0,2,2
/media/ullmann/HDDGabriel/engines/UnrealEngine/Engine/Source/Runtime/OpenGLDrv/Private/Android/AndroidEGL.h,3,0,3
/media/ullmann/HDDGabriel/engines/UnrealEngine/Engine/Source/ThirdParty/FreeImage/FreeImage-3.18.0/Source/LibJPEG/cjpeg.c,0,3,3
/media/ullmann/HDDGabriel/engines/UnrealEngine/Engine/Source/ThirdParty/ShaderConductor/ShaderConductor/External/DirectXShaderCompiler/tools/clang/tools/dxlib-sample/lib_share_preprocessor.cpp,0,1,1
/media/ullmann/HDDGabriel/engines/UnrealEngine/Engine/Source/Runtime/MeshUtilitiesCommon/Public/Allocator2D.h,1,1,2
/media/ullmann/HDDGabriel/engines/UnrealEngine/Engine/Source/Runtime/MeshUtilitiesCommon/Public/MeshUtilitiesCommon.h,2,0,2
/media/ullmann/HDDGabriel/engines/UnrealEngine/Engine/Source/Editor/AnimGraph/Private/PropertyAccessAnimBlueprintBinding.h,2,0,2
/media/ullmann/HDDGabriel/engines/UnrealEngine/Engine/Source/Developer/Windows/LiveCodingServer/Private/External/LC_Scheduler.h,4,1,5
/media/ullmann/HDDGabriel/engines/UnrealEngine/Engine/Source/Editor/MaterialEditor/Private/MaterialLayersFunctionsCustomization.cpp,0,1,1
/media/ullmann/HDDGabriel/engines/UnrealEngine/Engine/Source/Editor/MaterialEditor/Private/MaterialLayersFunctionsCustomization.h,3,0,3
/media/ullmann/HDDGabriel/engines/UnrealEngine/Engine/Source/Runtime/TraceLog/Public/Trace/Detail/Protocols/Protocol1.h,1,0,1
/media/ullmann/HDDGabriel/engines/UnrealEngine/Engine/Source/ThirdParty/ICU/icu4c-64_1/source/i18n/csr2022.h,3,1,4
/media/ullmann/HDDGabriel/engines/UnrealEngine/Engine/Source/ThirdParty/ICU/icu4c-64_1/source/common/ucln_imp.h,1,1,2
/media/ullmann/HDDGabriel/engines/UnrealEngine/Engine/Source/ThirdParty/Intel/TBB/IntelTBB-2019u8/src/tbbmalloc/shared_utils.h,5,0,5
/media/ullmann/HDDGabriel/engines/UnrealEngine/Engine/Source/ThirdParty/WebRTC/4147/Include/third_party/opus/src/celt/rate.h,3,2,5
/media/ullmann/HDDGabriel/engines/UnrealEngine/Engine/Source/ThirdParty/WebRTC/4147/Include/third_party/opus/src/celt/cwrs.h,1,4,5
/media/ullmann/HDDGabriel/engines/UnrealEngine/Engine/Source/Editor/UnrealEd/Private/Animation/AsyncAnimCompressionUI.cpp,0,1,1
/media/ullmann/HDDGabriel/engines/UnrealEngine/Engine/Source/Editor/UnrealEd/Private/Animation/AsyncAnimCompressionUI.h,1,0,1
/media/ullmann/HDDGabriel/engines/UnrealEngine/Engine/Source/ThirdParty/PhysX3/NvCloth/samples/SampleBase/scene/scenes/SimpleScene.cpp,0,1,1
/media/ullmann/HDDGabriel/engines/UnrealEngine/Engine/Source/ThirdParty/PhysX3/NvCloth/samples/SampleBase/scene/scenes/SimpleScene.h,1,0,1
/media/ullmann/HDDGabriel/engines/UnrealEngine/Engine/Source/ThirdParty/openexr/openexr-3.1.1/src/lib/OpenEXR/ImfOutputStreamMutex.h,5,1,6
/media/ullmann/HDDGabriel/engines/UnrealEngine/Engine/Source/ThirdParty/PhysX3/APEX_1.4/shared/general/meshimport/src/MeshImport/MeshImport.cpp,0,7,7
/media/ullmann/HDDGabriel/engines/UnrealEngine/Engine/Source/ThirdParty/PhysX3/APEX_1.4/shared/general/meshimport/src/MeshImport/MeshImportBuilder.h,2,0,2
/media/ullmann/HDDGabriel/engines/UnrealEngine/Engine/Source/Runtime/Core/Public/Templates/Greater.h,2,1,3
/media/ullmann/HDDGabriel/engines/UnrealEngine/Engine/Source/Runtime/Core/Public/Templates/UnrealTemplate.h,6,0,6
/media/ullmann/HDDGabriel/engines/UnrealEngine/Engine/Source/Runtime/Engine/Public/SceneViewExtensionContext.h,1,2,3
/media/ullmann/HDDGabriel/engines/UnrealEngine/Engine/Source/Developer/RealtimeProfiler/Private/RealtimeProfiler.cpp,0,1,1
/media/ullmann/HDDGabriel/engines/UnrealEngine/Engine/Source/Developer/RealtimeProfiler/Private/RealtimeProfiler.h,3,0,3
/media/ullmann/HDDGabriel/engines/UnrealEngine/Engine/Source/ThirdParty/Oculus/LibOVRPlatform/LibOVRPlatform/include/OVR_LeaderboardStartAt.h,1,1,2
/media/ullmann/HDDGabriel/engines/UnrealEngine/Engine/Source/ThirdParty/CEF3/cef_binary_3.2623.1395.g3034273_linux64/libcef_dll/transfer_util.cc,0,1,1
/media/ullmann/HDDGabriel/engines/UnrealEngine/Engine/Source/ThirdParty/CEF3/cef_binary_3.2623.1395.g3034273_linux64/libcef_dll/transfer_util.h,1,0,1
/media/ullmann/HDDGabriel/engines/UnrealEngine/Engine/Source/ThirdParty/SDL2/SDL-gui-backend/src/video/directfb/SDL_DirectFB_render.c,0,6,6
/media/ullmann/HDDGabriel/engines/UnrealEngine/Engine/Source/ThirdParty/libOpus/opus-1.3.1-12/silk/tuning_parameters.h,7,0,7
/media/ullmann/HDDGabriel/engines/UnrealEngine/Engine/Source/ThirdParty/PhysX3/PhysX_3.4/Source/PhysX/src/NpBatchQuery.cpp,0,5,5
/media/ullmann/HDDGabriel/engines/UnrealEngine/Engine/Source/ThirdParty/Android/libunwind/libunwind/src/aarch64/Gcreate_addr_space.c,1,1,2
/media/ullmann/HDDGabriel/engines/UnrealEngine/Engine/Source/ThirdParty/Android/libunwind/libunwind/src/aarch64/unwind_i.h,13,0,13
/media/ullmann/HDDGabriel/engines/UnrealEngine/Engine/Source/ThirdParty/ICU/icu4c-53_1/source/i18n/compactdecimalformat.cpp,0,5,5
/media/ullmann/HDDGabriel/engines/UnrealEngine/Engine/Source/Editor/Kismet/Private/SBlueprintActionMenu.cpp,0,3,3
/media/ullmann/HDDGabriel/engines/UnrealEngine/Engine/Source/ThirdParty/Android/libunwind/libunwind/src/x86_64/Gstash_frame.c,1,2,3
/media/ullmann/HDDGabriel/engines/UnrealEngine/Engine/Source/ThirdParty/Android/libunwind/libunwind/src/x86_64/ucontext_i.h,4,0,4
/media/ullmann/HDDGabriel/engines/UnrealEngine/Engine/Source/ThirdParty/CryptoPP/5.6.5/include/default.cpp,0,7,7
/media/ullmann/HDDGabriel/engines/UnrealEngine/Engine/Source/Runtime/AssetRegistry/Private/AssetRegistryArchive.cpp,0,3,3
/media/ullmann/HDDGabriel/engines/UnrealEngine/Engine/Source/ThirdParty/ICU/icu4c-53_1/source/i18n/unicode/alphaindex.h,1,0,1
/media/ullmann/HDDGabriel/engines/UnrealEngine/Engine/Source/ThirdParty/ShaderConductor/ShaderConductor/External/DirectXShaderCompiler/tools/clang/lib/Headers/wmmintrin.h,1,3,4
/media/ullmann/HDDGabriel/engines/UnrealEngine/Engine/Source/ThirdParty/Windows/glTF-Toolkit/glTF-Toolkit.Test/Helpers/TestUtils.h,4,2,6
/media/ullmann/HDDGabriel/engines/UnrealEngine/Engine/Source/ThirdParty/Intel/MetricsDiscovery/MetricsDiscoveryHelper/samples/range_sample_dx11/imgui/imconfig.h,1,0,1
/media/ullmann/HDDGabriel/engines/UnrealEngine/Engine/Source/ThirdParty/SDL2/SDL-gui-backend/src/video/kmsdrm/SDL_kmsdrmopengles.c,0,4,4
/media/ullmann/HDDGabriel/engines/UnrealEngine/Engine/Source/ThirdParty/ICU/icu4c-53_1/source/test/intltest/selfmts.cpp,0,1,1
/media/ullmann/HDDGabriel/engines/UnrealEngine/Engine/Source/ThirdParty/ICU/icu4c-53_1/source/test/intltest/selfmts.h,2,1,3
/media/ullmann/HDDGabriel/engines/UnrealEngine/Engine/Source/ThirdParty/Steamworks/Steamv147/sdk/public/steam/isteammatchmaking.h,1,3,4
/media/ullmann/HDDGabriel/engines/UnrealEngine/Engine/Source/ThirdParty/Steamworks/Steamv147/sdk/public/steam/isteamfriends.h,2,1,3
/media/ullmann/HDDGabriel/engines/UnrealEngine/Engine/Source/Developer/AssetTools/Private/AssetTypeActions/AssetTypeActions_Texture.h,1,0,1
/media/ullmann/HDDGabriel/engines/UnrealEngine/Engine/Source/ThirdParty/ShaderConductor/ShaderConductor/External/DirectXShaderCompiler/include/llvm/DebugInfo/PDB/PDBSymbolPublicSymbol.h,0,2,2
/media/ullmann/HDDGabriel/engines/UnrealEngine/Engine/Source/Runtime/Engine/Public/ShowFlags.h,6,0,6
/media/ullmann/HDDGabriel/engines/UnrealEngine/Engine/Source/ThirdParty/OpenVDB/openvdb-8.1.0/openvdb/openvdb/math/Maps.h,4,5,9
/media/ullmann/HDDGabriel/engines/UnrealEngine/Engine/Source/ThirdParty/OpenVDB/openvdb-8.1.0/openvdb/openvdb/math/BBox.h,1,2,3
/media/ullmann/HDDGabriel/engines/UnrealEngine/Engine/Source/ThirdParty/Imath/Imath-3.1.3/src/ImathTest/testMiscMatrixAlgo.h,2,0,2
/media/ullmann/HDDGabriel/engines/UnrealEngine/Engine/Source/ThirdParty/Intel/TBB/IntelTBB-2019u8/src/tbb/task_stream_extended.h,1,2,3
/media/ullmann/HDDGabriel/engines/UnrealEngine/Engine/Source/ThirdParty/Imath/Imath-3.1.3/src/python/PyImath/PyImathM44Array.h,1,1,2
/media/ullmann/HDDGabriel/engines/UnrealEngine/Engine/Source/ThirdParty/ICU/icu4c-64_1/source/common/unicode/normalizer2.h,9,0,9
/media/ullmann/HDDGabriel/engines/UnrealEngine/Engine/Source/ThirdParty/FreeType2/FreeType2-2.4.12/src/pcf/pcfread.c,1,3,4
/media/ullmann/HDDGabriel/engines/UnrealEngine/Engine/Source/ThirdParty/FreeType2/FreeType2-2.4.12/src/pcf/pcfread.h,2,0,2
/media/ullmann/HDDGabriel/engines/UnrealEngine/Engine/Source/ThirdParty/ICU/icu4c-64_1/source/common/uniset.cpp,0,19,19
/media/ullmann/HDDGabriel/engines/UnrealEngine/Engine/Source/ThirdParty/FreeImage/FreeImage-3.18.0/Source/LibRawLite/libraw/libraw_types.h,3,2,5
/media/ullmann/HDDGabriel/engines/UnrealEngine/Engine/Source/ThirdParty/FreeImage/FreeImage-3.18.0/Source/LibRawLite/libraw/libraw_version.h,1,0,1
/media/ullmann/HDDGabriel/engines/UnrealEngine/Engine/Source/ThirdParty/Imath/Imath-3.1.3/src/ImathTest/testShear.cpp,0,1,1
/media/ullmann/HDDGabriel/engines/UnrealEngine/Engine/Source/ThirdParty/Imath/Imath-3.1.3/src/ImathTest/testShear.h,2,0,2
/media/ullmann/HDDGabriel/engines/UnrealEngine/Engine/Source/Runtime/GeometryFramework/Public/Changes/MeshChange.h,1,0,1
/media/ullmann/HDDGabriel/engines/UnrealEngine/Engine/Source/ThirdParty/CryptoPP/5.6.5/include/fips140.h,7,2,9
/media/ullmann/HDDGabriel/engines/UnrealEngine/Engine/Source/Runtime/LiveLinkInterface/Public/ILiveLinkSubject.h,1,3,4
/media/ullmann/HDDGabriel/engines/UnrealEngine/Engine/Source/ThirdParty/OpenVDB/openvdb-8.1.0/openvdb_maya/openvdb_maya/OpenVDBToPolygonsNode.cc,0,1,1
/media/ullmann/HDDGabriel/engines/UnrealEngine/Engine/Source/ThirdParty/OpenVDB/openvdb-8.1.0/openvdb_maya/openvdb_maya/OpenVDBPlugin.h,10,0,10
/media/ullmann/HDDGabriel/engines/UnrealEngine/Engine/Source/ThirdParty/HarfBuzz/harfbuzz-2.4.0/src/hb-ot-name-table.hh,4,0,4
/media/ullmann/HDDGabriel/engines/UnrealEngine/Engine/Source/ThirdParty/ShaderConductor/ShaderConductor/External/DirectXShaderCompiler/tools/llvm-readobj/Win64EHDumper.cpp,0,2,2
/media/ullmann/HDDGabriel/engines/UnrealEngine/Engine/Source/ThirdParty/ICU/icu4c-53_1/source/test/intltest/incaltst.h,2,1,3
/media/ullmann/HDDGabriel/engines/UnrealEngine/Engine/Source/Editor/UnrealEd/Private/DerivedDataBuildLocalExecutor.h,2,0,2
/media/ullmann/HDDGabriel/engines/UnrealEngine/Engine/Source/Editor/BehaviorTreeEditor/Private/SBehaviorTreeBlackboardView.h,3,0,3
/media/ullmann/HDDGabriel/engines/UnrealEngine/Engine/Source/ThirdParty/Intel/Embree/Embree2140/src/common/math/color.h,1,4,5
/media/ullmann/HDDGabriel/engines/UnrealEngine/Engine/Source/ThirdParty/Intel/Embree/Embree2140/src/common/math/col3.h,2,1,3
/media/ullmann/HDDGabriel/engines/UnrealEngine/Engine/Source/ThirdParty/FreeType2/FreeType2-2.10.0/src/gxvalid/gxvopbd.c,1,2,3
/media/ullmann/HDDGabriel/engines/UnrealEngine/Engine/Source/ThirdParty/Intel/Embree/Embree2140/src/kernels/common/scene_bezier_curves.h,3,4,7
/media/ullmann/HDDGabriel/engines/UnrealEngine/Engine/Source/ThirdParty/libPNG/libPNG-1.6.37/scripts/sym.c,0,1,1
/media/ullmann/HDDGabriel/engines/UnrealEngine/Engine/Source/ThirdParty/HarfBuzz/harfbuzz-1.2.4/src/hb-buffer.cc,0,2,2
/media/ullmann/HDDGabriel/engines/UnrealEngine/Engine/Source/ThirdParty/HarfBuzz/harfbuzz-1.2.4/src/hb-buffer-private.hh,4,0,4
/media/ullmann/HDDGabriel/engines/UnrealEngine/Engine/Source/Runtime/Renderer/Private/MobileSeparateTranslucencyPass.cpp,0,3,3
/media/ullmann/HDDGabriel/engines/UnrealEngine/Engine/Source/Developer/MaterialBaking/Private/MaterialBakingModule.h,1,0,1
/media/ullmann/HDDGabriel/engines/UnrealEngine/Engine/Source/ThirdParty/PhysX3/APEX_1.4/module/destructible/fracture/FracturePattern.cpp,0,2,2
/media/ullmann/HDDGabriel/engines/UnrealEngine/Engine/Source/Runtime/RenderCore/Public/CommonRenderResources.h,1,3,4
/media/ullmann/HDDGabriel/engines/UnrealEngine/Engine/Source/ThirdParty/CryptoPP/5.6.2/include/default.cpp,0,3,3
/media/ullmann/HDDGabriel/engines/UnrealEngine/Engine/Source/Editor/BlueprintGraph/Classes/K2Node_LoadAsset.h,0,1,1
/media/ullmann/HDDGabriel/engines/UnrealEngine/Engine/Source/ThirdParty/libOpus/opus-1.3.1-12/celt/bands.c,0,10,10
/media/ullmann/HDDGabriel/engines/UnrealEngine/Engine/Source/Editor/SkeletonEditor/Private/SkeletonTreeSocketItem.cpp,0,2,2
/media/ullmann/HDDGabriel/engines/UnrealEngine/Engine/Source/Editor/SkeletonEditor/Private/SSkeletonTreeRow.h,5,0,5
/media/ullmann/HDDGabriel/engines/UnrealEngine/Engine/Source/ThirdParty/Intel/Embree/Embree270/src/common/sys/condition.h,4,1,5
/media/ullmann/HDDGabriel/engines/UnrealEngine/Engine/Source/Runtime/Engine/Public/WorldPartition/DataLayer/DataLayer.h,0,1,1
/media/ullmann/HDDGabriel/engines/UnrealEngine/Engine/Source/Runtime/Engine/Public/WorldPartition/DataLayer/ActorDataLayer.h,1,0,1
/media/ullmann/HDDGabriel/engines/UnrealEngine/Engine/Source/ThirdParty/openexr/openexr-3.1.1/src/lib/OpenEXRUtil/ImfSampleCountChannel.h,3,2,5
/media/ullmann/HDDGabriel/engines/UnrealEngine/Engine/Source/ThirdParty/PhysX3/APEX_1.4/shared/general/HACD/public/HACD.h,0,1,1
/media/ullmann/HDDGabriel/engines/UnrealEngine/Engine/Source/Runtime/CoreUObject/Public/UObject/MetaData.h,1,0,1
/media/ullmann/HDDGabriel/engines/UnrealEngine/Engine/Source/ThirdParty/FreeType2/FreeType2-2.6/Src/gxvalid/gxvprop.c,1,2,3
/media/ullmann/HDDGabriel/engines/UnrealEngine/Engine/Source/ThirdParty/Intel/Embree/Embree270/MacOSX/include/embree2/rtcore_geometry.h,1,0,1
/media/ullmann/HDDGabriel/engines/UnrealEngine/Engine/Source/ThirdParty/PhysX3/PhysX_3.4/Source/LowLevelDynamics/src/DySolverConstraintsShared.h,2,4,6
/media/ullmann/HDDGabriel/engines/UnrealEngine/Engine/Source/Editor/PropertyEditor/Private/UserInterface/PropertyEditor/SPropertyMenuAssetPicker.h,1,0,1
/media/ullmann/HDDGabriel/engines/UnrealEngine/Engine/Source/ThirdParty/ICU/icu4c-64_1/source/test/intltest/tstnorm.h,4,1,5
/media/ullmann/HDDGabriel/engines/UnrealEngine/Engine/Source/ThirdParty/ICU/icu4c-64_1/source/common/unicode/unorm.h,6,0,6
/media/ullmann/HDDGabriel/engines/UnrealEngine/Engine/Source/Runtime/Engine/Public/AI/Navigation/NavQueryFilter.h,1,0,1
/media/ullmann/HDDGabriel/engines/UnrealEngine/Engine/Source/ThirdParty/PhysX3/PhysX_3.4/Source/PhysX/src/buffering/ScbRigidStatic.h,3,3,6
/media/ullmann/HDDGabriel/engines/UnrealEngine/Engine/Source/Runtime/Renderer/Private/Lumen/LumenHeightfields.cpp,0,1,1
/media/ullmann/HDDGabriel/engines/UnrealEngine/Engine/Source/Runtime/Renderer/Private/Lumen/LumenHeightfields.h,3,1,4
/media/ullmann/HDDGabriel/engines/UnrealEngine/Engine/Source/ThirdParty/ICU/icu4c-53_1/source/i18n/bocsu.cpp,0,1,1
/media/ullmann/HDDGabriel/engines/UnrealEngine/Engine/Source/Runtime/Experimental/Interchange/Core/Public/InterchangeResultsContainer.h,3,1,4
/media/ullmann/HDDGabriel/engines/UnrealEngine/Engine/Source/ThirdParty/libPNG/libPNG-1.5.27/pngerror.c,0,1,1
/media/ullmann/HDDGabriel/engines/UnrealEngine/Engine/Source/ThirdParty/SDL2/SDL-gui-backend/src/video/windows/SDL_windowskeyboard.h,1,1,2
/media/ullmann/HDDGabriel/engines/UnrealEngine/Engine/Source/Editor/HierarchicalLODOutliner/Private/HLODOutlinerDragDrop.h,2,1,3
/media/ullmann/HDDGabriel/engines/UnrealEngine/Engine/Source/Editor/HierarchicalLODOutliner/Private/HierarchicalLODType.h,2,0,2
/media/ullmann/HDDGabriel/engines/UnrealEngine/Engine/Source/Editor/DetailCustomizations/Private/FbxImportUIDetails.h,2,0,2
/media/ullmann/HDDGabriel/engines/UnrealEngine/Engine/Source/ThirdParty/ShaderConductor/ShaderConductor/External/SPIRV-Tools/source/fuzz/transformation_add_type_vector.cpp,0,1,1
/media/ullmann/HDDGabriel/engines/UnrealEngine/Engine/Source/ThirdParty/ShaderConductor/ShaderConductor/External/SPIRV-Tools/source/fuzz/fuzzer_util.h,2,0,2
/media/ullmann/HDDGabriel/engines/UnrealEngine/Engine/Source/ThirdParty/libcurl/include/Linux/aarch64-unknown-linux-gnueabi/curl/curl.h,3,6,9
/media/ullmann/HDDGabriel/engines/UnrealEngine/Engine/Source/ThirdParty/libcurl/include/Linux/aarch64-unknown-linux-gnueabi/curl/curlver.h,1,0,1
/media/ullmann/HDDGabriel/engines/UnrealEngine/Engine/Source/Editor/BehaviorTreeEditor/Private/DetailCustomizations/BlackboardDataDetails.h,1,0,1
/media/ullmann/HDDGabriel/engines/UnrealEngine/Engine/Source/ThirdParty/OpenSubdiv/OpenSubdiv-3.4.4/opensubdiv/osd/cpuPatchTable.h,5,4,9
/media/ullmann/HDDGabriel/engines/UnrealEngine/Engine/Source/ThirdParty/ICU/icu4c-64_1/source/i18n/bocsu.cpp,0,1,1
/media/ullmann/HDDGabriel/engines/UnrealEngine/Engine/Source/ThirdParty/ICU/icu4c-64_1/source/i18n/bocsu.h,2,0,2
/media/ullmann/HDDGabriel/engines/UnrealEngine/Engine/Source/ThirdParty/OpenVDB/openvdb-8.1.0/openvdb_houdini/openvdb_houdini/UT_VDBTools.h,0,1,1
/media/ullmann/HDDGabriel/engines/UnrealEngine/Engine/Source/ThirdParty/OpenSubdiv/OpenSubdiv-3.4.4/regression/shapes/catmark_pyramid.h,2,0,2
/media/ullmann/HDDGabriel/engines/UnrealEngine/Engine/Source/ThirdParty/MCPP/mcpp-2.7.2/test-l/nest70.h,1,1,2
/media/ullmann/HDDGabriel/engines/UnrealEngine/Engine/Source/ThirdParty/MCPP/mcpp-2.7.2/test-l/nest71.h,1,1,2
/media/ullmann/HDDGabriel/engines/UnrealEngine/Engine/Source/ThirdParty/ShaderConductor/ShaderConductor/External/DirectXShaderCompiler/tools/lli/RemoteMemoryManager.h,2,1,3
/media/ullmann/HDDGabriel/engines/UnrealEngine/Engine/Source/ThirdParty/PhysX3/PhysX_3.4/Include/vehicle/PxVehicleTireFriction.h,1,0,1
/media/ullmann/HDDGabriel/engines/UnrealEngine/Engine/Source/ThirdParty/libOpus/opus-1.1/silk/float/levinsondurbin_FLP.c,0,1,1
/media/ullmann/HDDGabriel/engines/UnrealEngine/Engine/Source/ThirdParty/Perforce/P4Api.Net/p4bridge/DoublyLinkedList.h,2,0,2
/media/ullmann/HDDGabriel/engines/UnrealEngine/Engine/Source/ThirdParty/libcurl/7_65_3/include/Unix/aarch64-unknown-linux-gnueabi/curl/system.h,1,0,1
/media/ullmann/HDDGabriel/engines/UnrealEngine/Engine/Source/ThirdParty/ICU/icu4c-64_1/source/common/locmap.cpp,0,4,4
/media/ullmann/HDDGabriel/engines/UnrealEngine/Engine/Source/ThirdParty/OpenSubdiv/OpenSubdiv-3.4.4/regression/shapes/loop_icosahedron.h,2,0,2
/media/ullmann/HDDGabriel/engines/UnrealEngine/Engine/Source/Editor/PropertyEditor/Private/DetailWidgetRow.cpp,0,1,1
/media/ullmann/HDDGabriel/engines/UnrealEngine/Engine/Source/Runtime/Engine/Public/GPUSkinVertexFactory.h,0,5,5
/media/ullmann/HDDGabriel/engines/UnrealEngine/Engine/Source/Runtime/Engine/Public/ResourcePool.h,1,0,1
/media/ullmann/HDDGabriel/engines/UnrealEngine/Engine/Source/ThirdParty/Intel/TBB/IntelTBB-2019u8/src/tbb/task.cpp,1,4,5
/media/ullmann/HDDGabriel/engines/UnrealEngine/Engine/Source/ThirdParty/ICU/icu4c-64_1/source/test/letest/cmaps.h,2,1,3
/media/ullmann/HDDGabriel/engines/UnrealEngine/Engine/Source/ThirdParty/ICU/icu4c-64_1/source/common/messagepattern.cpp,0,10,10
/media/ullmann/HDDGabriel/engines/UnrealEngine/Engine/Source/ThirdParty/ICU/icu4c-64_1/source/common/messageimpl.h,1,2,3
/media/ullmann/HDDGabriel/engines/UnrealEngine/Engine/Source/ThirdParty/ICU/icu4c-53_1/source/i18n/collationkeys.cpp,0,4,4
/media/ullmann/HDDGabriel/engines/UnrealEngine/Engine/Source/ThirdParty/FreeType2/FreeType2-2.10.4/src/truetype/truetype.c,0,7,7
/media/ullmann/HDDGabriel/engines/UnrealEngine/Engine/Source/ThirdParty/FreeType2/FreeType2-2.10.4/src/truetype/ttsubpix.c,1,1,2
/media/ullmann/HDDGabriel/engines/UnrealEngine/Engine/Source/ThirdParty/libOpus/opus-1.3.1-12/src/opus_demo.c,0,1,1
/media/ullmann/HDDGabriel/engines/UnrealEngine/Engine/Source/ThirdParty/libOpus/opus-1.3.1-12/src/opus_private.h,13,0,13
/media/ullmann/HDDGabriel/engines/UnrealEngine/Engine/Source/ThirdParty/PhysX3/PhysX_3.4/Source/GeomUtils/src/pcm/GuPCMContactCapsuleConvex.cpp,0,2,2
/media/ullmann/HDDGabriel/engines/UnrealEngine/Engine/Source/ThirdParty/Intel/TBB/IntelTBB-2019u8/src/test/test_examples_common_utility.cpp,0,4,4
/media/ullmann/HDDGabriel/engines/UnrealEngine/Engine/Source/Runtime/WebBrowser/Private/CEF/CEFWebBrowserWindowRHIHelper.h,2,0,2
/media/ullmann/HDDGabriel/engines/UnrealEngine/Engine/Source/ThirdParty/PhysX3/APEX_1.4/NvParameterized/include/SerializerCommon.h,3,0,3
/media/ullmann/HDDGabriel/engines/UnrealEngine/Engine/Source/Runtime/Renderer/Public/HairStrandsInterface.h,0,2,2
/media/ullmann/HDDGabriel/engines/UnrealEngine/Engine/Source/Runtime/Renderer/Public/ShaderDebug.h,2,0,2
/media/ullmann/HDDGabriel/engines/UnrealEngine/Engine/Source/ThirdParty/PhysX3/PhysX_3.4/Source/PhysX/src/buffering/ScbBody.h,5,2,7
/media/ullmann/HDDGabriel/engines/UnrealEngine/Engine/Source/ThirdParty/FreeType2/FreeType2-2.10.0/src/cache/ftcmru.c,1,2,3
/media/ullmann/HDDGabriel/engines/UnrealEngine/Engine/Source/ThirdParty/FreeImage/FreeImage-3.18.0/Source/LibOpenJPEG/t1.c,0,2,2
/media/ullmann/HDDGabriel/engines/UnrealEngine/Engine/Source/ThirdParty/FreeImage/FreeImage-3.18.0/Source/LibOpenJPEG/t1_luts.h,1,0,1
/media/ullmann/HDDGabriel/engines/UnrealEngine/Engine/Source/ThirdParty/FreeType2/FreeType2-2.10.4/src/gxvalid/gxvmorx2.c,1,1,2
/media/ullmann/HDDGabriel/engines/UnrealEngine/Engine/Source/ThirdParty/HarfBuzz/harfbuzz-1.2.4/src/hb-ot-layout-gdef-table.hh,2,0,2
/media/ullmann/HDDGabriel/engines/UnrealEngine/Engine/Source/Editor/StaticMeshEditor/Private/StaticMeshEditorTools.cpp,0,3,3
/media/ullmann/HDDGabriel/engines/UnrealEngine/Engine/Source/Editor/StaticMeshEditor/Private/StaticMeshEditorTools.h,3,0,3
/media/ullmann/HDDGabriel/engines/UnrealEngine/Engine/Source/ThirdParty/OpenVDB/openvdb-8.1.0/openvdb/openvdb/tools/FastSweeping.h,0,3,3
/media/ullmann/HDDGabriel/engines/UnrealEngine/Engine/Source/ThirdParty/AMD/Amf/components/VideoEncoderVCE.h,0,3,3
/media/ullmann/HDDGabriel/engines/UnrealEngine/Engine/Source/ThirdParty/AMD/Amf/components/ColorSpace.h,4,0,4
/media/ullmann/HDDGabriel/engines/UnrealEngine/Engine/Source/ThirdParty/CryptoPP/5.6.2/include/salsa.cpp,0,5,5
/media/ullmann/HDDGabriel/engines/UnrealEngine/Engine/Source/ThirdParty/FreeImage/FreeImage-3.18.0/Source/LibOpenJPEG/opj_stdint.h,1,1,2
/media/ullmann/HDDGabriel/engines/UnrealEngine/Engine/Source/ThirdParty/SDL2/SDL-gui-backend/src/video/vita/SDL_vitamouse.c,0,4,4
/media/ullmann/HDDGabriel/engines/UnrealEngine/Engine/Source/Runtime/Datasmith/DatasmithCore/Private/DatasmithAnimationElementsImpl.cpp,0,2,2
/media/ullmann/HDDGabriel/engines/UnrealEngine/Engine/Source/Runtime/Datasmith/DatasmithCore/Private/DatasmithAnimationElementsImpl.h,2,1,3
/media/ullmann/HDDGabriel/engines/UnrealEngine/Engine/Source/ThirdParty/SDL2/SDL-gui-backend/src/events/SDL_mouse.c,0,5,5
/media/ullmann/HDDGabriel/engines/UnrealEngine/Engine/Source/ThirdParty/EOSSDK/SDK/Bin/IOS/EOSSDK.framework/Headers/eos_leaderboards_types.h,2,2,4
/media/ullmann/HDDGabriel/engines/UnrealEngine/Engine/Source/Runtime/MovieScene/Public/MovieSceneSpawnable.h,2,0,2
/media/ullmann/HDDGabriel/engines/UnrealEngine/Engine/Source/ThirdParty/PhysX3/PhysX_3.4/Source/LowLevelCloth/src/windows/CuCloth.h,5,4,9
/media/ullmann/HDDGabriel/engines/UnrealEngine/Engine/Source/Runtime/AVEncoder/Private/Decoders/vdecmpeg4/vdecmpeg4_Platform.h,1,1,2
/media/ullmann/HDDGabriel/engines/UnrealEngine/Engine/Source/ThirdParty/ShaderConductor/ShaderConductor/External/DirectXShaderCompiler/tools/clang/lib/Serialization/GlobalModuleIndex.cpp,0,1,1
/media/ullmann/HDDGabriel/engines/UnrealEngine/Engine/Source/ThirdParty/ShaderConductor/ShaderConductor/External/DirectXShaderCompiler/tools/clang/lib/Serialization/ASTReaderInternals.h,4,0,4
/media/ullmann/HDDGabriel/engines/UnrealEngine/Engine/Source/ThirdParty/ICU/icu4c-53_1/source/test/perf/leperf/cmaps.cpp,1,2,3
/media/ullmann/HDDGabriel/engines/UnrealEngine/Engine/Source/Runtime/Renderer/Private/VT/RuntimeVirtualTextureSceneProxy.h,2,0,2
/media/ullmann/HDDGabriel/engines/UnrealEngine/Engine/Source/Runtime/RenderCore/Public/ProfilingDebugging/RealtimeGPUProfiler.h,2,0,2
/media/ullmann/HDDGabriel/engines/UnrealEngine/Engine/Source/ThirdParty/MCPP/mcpp-2.7.2/test-t/nest8.h,1,1,2
/media/ullmann/HDDGabriel/engines/UnrealEngine/Engine/Source/ThirdParty/MCPP/mcpp-2.7.2/test-t/nest9.h,1,1,2
/media/ullmann/HDDGabriel/engines/UnrealEngine/Engine/Source/ThirdParty/FreeImage/FreeImage-3.18.0/Source/OpenEXR/IlmImf/ImfDeepImageStateAttribute.cpp,0,1,1
/media/ullmann/HDDGabriel/engines/UnrealEngine/Engine/Source/Programs/Enterprise/Datasmith/DatasmithARCHICADExporter/Private/Utils/TaskMgr.h,4,2,6
/media/ullmann/HDDGabriel/engines/UnrealEngine/Engine/Source/Developer/Windows/LiveCodingServer/Private/External/LC_GrowingMemoryBlock.cpp,0,1,1
/media/ullmann/HDDGabriel/engines/UnrealEngine/Engine/Source/Developer/Windows/LiveCodingServer/Private/External/LC_GrowingMemoryBlock.h,2,0,2
/media/ullmann/HDDGabriel/engines/UnrealEngine/Engine/Source/Runtime/Slate/Public/Widgets/Input/SComboButton.h,3,0,3
/media/ullmann/HDDGabriel/engines/UnrealEngine/Engine/Source/ThirdParty/PhysX3/PhysX_3.4/Source/PhysX/src/buffering/ScbCloth.h,4,1,5
/media/ullmann/HDDGabriel/engines/UnrealEngine/Engine/Source/Developer/MessageLog/Private/UserInterface/SMessageLogListing.h,1,0,1
/media/ullmann/HDDGabriel/engines/UnrealEngine/Engine/Source/ThirdParty/PhysX3/PhysX_3.4/Source/SceneQuery/src/SqPruningStructure.cpp,0,3,3
/media/ullmann/HDDGabriel/engines/UnrealEngine/Engine/Source/ThirdParty/PhysX3/PhysX_3.4/Source/SceneQuery/src/SqAABBPruner.h,3,4,7
/media/ullmann/HDDGabriel/engines/UnrealEngine/Engine/Source/ThirdParty/PhysX3/PhysX_3.4/Source/PhysXCharacterKinematic/src/CctController.h,4,1,5
/media/ullmann/HDDGabriel/engines/UnrealEngine/Engine/Source/ThirdParty/nvTextureTools/nvTextureTools-2.0.8/src/src/nvtt/cuda/CudaUtils.cpp,0,1,1
/media/ullmann/HDDGabriel/engines/UnrealEngine/Engine/Source/Runtime/Renderer/Private/SceneTextureReductions.cpp,0,4,4
/media/ullmann/HDDGabriel/engines/UnrealEngine/Engine/Source/ThirdParty/WebRTC/4147/Include/tools/clang/blink_gc_plugin/tests/fields_require_tracing.h,0,1,1
/media/ullmann/HDDGabriel/engines/UnrealEngine/Engine/Source/ThirdParty/Intel/Embree/Embree270/src/kernels/xeon/builders/primrefgen.cpp,2,3,5
/media/ullmann/HDDGabriel/engines/UnrealEngine/Engine/Source/ThirdParty/SDL2/SDL-gui-backend/include/SDL_opengles.h,0,1,1
/media/ullmann/HDDGabriel/engines/UnrealEngine/Engine/Source/Developer/Windows/LiveCodingServer/Private/External/LC_CoffDetail.cpp,0,1,1
/media/ullmann/HDDGabriel/engines/UnrealEngine/Engine/Source/Runtime/MovieScene/Public/IMovieScenePlayer.h,2,8,10
/media/ullmann/HDDGabriel/engines/UnrealEngine/Engine/Source/Runtime/MovieScene/Public/Evaluation/MovieSceneEvaluationKey.h,1,0,1
/media/ullmann/HDDGabriel/engines/UnrealEngine/Engine/Source/Runtime/Core/Public/Containers/MapBuilder.h,1,0,1
/media/ullmann/HDDGabriel/engines/UnrealEngine/Engine/Source/ThirdParty/Intel/TBB/IntelTBB-2019u8/examples/parallel_do/parallel_preorder/main.cpp,0,2,2
/media/ullmann/HDDGabriel/engines/UnrealEngine/Engine/Source/ThirdParty/Intel/TBB/IntelTBB-2019u8/examples/parallel_do/parallel_preorder/Graph.h,3,1,4
/media/ullmann/HDDGabriel/engines/UnrealEngine/Engine/Source/Editor/SceneOutliner/Public/SceneOutlinerStandaloneTypes.h,3,1,4
/media/ullmann/HDDGabriel/engines/UnrealEngine/Engine/Source/ThirdParty/SDL2/SDL-gui-backend/src/video/nacl/SDL_naclwindow.h,2,1,3
/media/ullmann/HDDGabriel/engines/UnrealEngine/Engine/Source/ThirdParty/SDL2/SDL-gui-backend/src/events/SDL_windowevents.c,0,3,3
/media/ullmann/HDDGabriel/engines/UnrealEngine/Engine/Source/ThirdParty/ICU/icu4c-53_1/source/i18n/remtrans.cpp,0,1,1
/media/ullmann/HDDGabriel/engines/UnrealEngine/Engine/Source/ThirdParty/ICU/icu4c-53_1/source/i18n/remtrans.h,2,1,3
/media/ullmann/HDDGabriel/engines/UnrealEngine/Engine/Source/ThirdParty/Intel/Embree/Embree270/src/common/math/vec3fa_mic.h,2,2,4
/media/ullmann/HDDGabriel/engines/UnrealEngine/Engine/Source/ThirdParty/ICU/icu4c-64_1/source/test/intltest/plurfmts.h,2,1,3
/media/ullmann/HDDGabriel/engines/UnrealEngine/Engine/Source/ThirdParty/SDL2/SDL-gui-backend/src/render/software/SDL_drawpoint.h,3,1,4
/media/ullmann/HDDGabriel/engines/UnrealEngine/Engine/Source/Runtime/Renderer/Private/VT/VirtualTexturePhysicalSpace.cpp,0,1,1
/media/ullmann/HDDGabriel/engines/UnrealEngine/Engine/Source/Editor/StatsViewer/Public/StatsViewerModule.h,0,2,2
/media/ullmann/HDDGabriel/engines/UnrealEngine/Engine/Source/Editor/StatsViewer/Public/IStatsViewer.h,3,0,3
/media/ullmann/HDDGabriel/engines/UnrealEngine/Engine/Source/Runtime/Core/Public/Math/ColorList.h,3,0,3
/media/ullmann/HDDGabriel/engines/UnrealEngine/Engine/Source/ThirdParty/openexr/openexr-3.1.1/src/lib/OpenEXR/ImfStringVectorAttribute.cpp,0,1,1
/media/ullmann/HDDGabriel/engines/UnrealEngine/Engine/Source/ThirdParty/FreeType2/FreeType2-2.10.4/src/gzip/infblock.c,1,5,6
/media/ullmann/HDDGabriel/engines/UnrealEngine/Engine/Source/Editor/ContentBrowser/Private/SAssetView.cpp,0,4,4
/media/ullmann/HDDGabriel/engines/UnrealEngine/Engine/Source/Runtime/Landscape/Private/LandscapeEditReadback.h,3,0,3
/media/ullmann/HDDGabriel/engines/UnrealEngine/Engine/Source/Runtime/Linux/AudioMixerSDL/Private/AudioMixerPlatformSDL.cpp,0,1,1
/media/ullmann/HDDGabriel/engines/UnrealEngine/Engine/Source/ThirdParty/ICU/icu4c-64_1/source/common/unistr_props.cpp,0,4,4
/media/ullmann/HDDGabriel/engines/UnrealEngine/Engine/Source/ThirdParty/Crunch/src/crnlib/lzma_BraIA64.cpp,0,2,2
/media/ullmann/HDDGabriel/engines/UnrealEngine/Engine/Source/ThirdParty/FreeType2/FreeType2-2.6/Include/freetype.h,0,1,1
/media/ullmann/HDDGabriel/engines/UnrealEngine/Engine/Source/Runtime/Experimental/Interchange/Core/Public/InterchangeSourceData.h,2,0,2
/media/ullmann/HDDGabriel/engines/UnrealEngine/Engine/Source/ThirdParty/ShaderConductor/ShaderConductor/External/DirectXShaderCompiler/tools/llvm-readobj/llvm-readobj.cpp,0,4,4
/media/ullmann/HDDGabriel/engines/UnrealEngine/Engine/Source/ThirdParty/OpenSubdiv/OpenSubdiv-3.4.4/opensubdiv/osd/cudaEvaluator.cpp,0,3,3
/media/ullmann/HDDGabriel/engines/UnrealEngine/Engine/Source/Editor/DistCurveEditor/Private/CurveEditorSharedData.h,3,0,3
/media/ullmann/HDDGabriel/engines/UnrealEngine/Engine/Source/ThirdParty/EOSSDK/SDK/Include/eos_version.h,0,1,1
/media/ullmann/HDDGabriel/engines/UnrealEngine/Engine/Source/ThirdParty/EOSSDK/SDK/Include/eos_base.h,2,0,2
/media/ullmann/HDDGabriel/engines/UnrealEngine/Engine/Source/Runtime/Core/Public/Math/Vector.h,3,0,3
/media/ullmann/HDDGabriel/engines/UnrealEngine/Engine/Source/ThirdParty/Steamworks/Steamv151/sdk/public/steam/isteamnetworkingsockets.h,1,2,3
/media/ullmann/HDDGabriel/engines/UnrealEngine/Engine/Source/Editor/Persona/Private/SPoseWatchManager.cpp,0,8,8
/media/ullmann/HDDGabriel/engines/UnrealEngine/Engine/Source/Editor/Persona/Private/SPoseWatchManager.h,7,7,14
/media/ullmann/HDDGabriel/engines/UnrealEngine/Engine/Source/Editor/ContentBrowser/Private/SPathView.h,6,2,8
/media/ullmann/HDDGabriel/engines/UnrealEngine/Engine/Source/Runtime/Engine/Classes/Animation/AttributeCurve.cpp,0,1,1
/media/ullmann/HDDGabriel/engines/UnrealEngine/Engine/Source/Runtime/Engine/Classes/Animation/AttributeCurve.h,1,0,1
/media/ullmann/HDDGabriel/engines/UnrealEngine/Engine/Source/ThirdParty/SDL2/SDL-gui-backend/src/joystick/linux/SDL_sysjoystick_c.h,2,0,2
/media/ullmann/HDDGabriel/engines/UnrealEngine/Engine/Source/Runtime/OpenGLDrv/Public/OpenGLState.h,1,1,2
/media/ullmann/HDDGabriel/engines/UnrealEngine/Engine/Source/Runtime/OpenGLDrv/Public/OpenGLResources.h,1,1,2
/media/ullmann/HDDGabriel/engines/UnrealEngine/Engine/Source/ThirdParty/OpenVDB/openvdb-8.1.0/openvdb/openvdb/math/Mat4.h,2,4,6
/media/ullmann/HDDGabriel/engines/UnrealEngine/Engine/Source/ThirdParty/Oculus/LibOVRPlatform/LibOVRPlatform/include/OVR_AchievementProgress.h,2,1,3
/media/ullmann/HDDGabriel/engines/UnrealEngine/Engine/Source/ThirdParty/PhysX3/PhysX_3.4/Source/SimulationController/src/ScContactStream.h,1,4,5
/media/ullmann/HDDGabriel/engines/UnrealEngine/Engine/Source/Runtime/WebBrowser/Private/CEF/CEFResourceContextHandler.cpp,0,1,1
/media/ullmann/HDDGabriel/engines/UnrealEngine/Engine/Source/Runtime/WebBrowser/Private/CEF/CEFBrowserClosureTask.h,4,1,5
/media/ullmann/HDDGabriel/engines/UnrealEngine/Engine/Source/ThirdParty/SDL2/SDL-gui-backend/src/video/windows/SDL_windowsclipboard.c,0,4,4
/media/ullmann/HDDGabriel/engines/UnrealEngine/Engine/Source/ThirdParty/HarfBuzz/harfbuzz-2.4.0/src/hb-subset-cff-common.cc,0,3,3
/media/ullmann/HDDGabriel/engines/UnrealEngine/Engine/Source/ThirdParty/HarfBuzz/harfbuzz-2.4.0/src/hb-ot-cff-common.hh,1,0,1
/media/ullmann/HDDGabriel/engines/UnrealEngine/Engine/Source/ThirdParty/PhysX3/APEX_1.4/module/clothing/embedded/LowLevelCloth/src/SimdTypes.h,2,3,5
/media/ullmann/HDDGabriel/engines/UnrealEngine/Engine/Source/Runtime/Online/BuildPatchServices/Private/Installer/Verifier.h,1,0,1
/media/ullmann/HDDGabriel/engines/UnrealEngine/Engine/Source/Developer/MaterialBaking/Private/MaterialOptionsWindow.cpp,0,2,2
/media/ullmann/HDDGabriel/engines/UnrealEngine/Engine/Source/Developer/MaterialBaking/Private/MaterialOptionsWindow.h,2,0,2
/media/ullmann/HDDGabriel/engines/UnrealEngine/Engine/Source/ThirdParty/ICU/icu4c-64_1/source/common/uset_props.cpp,0,7,7
/media/ullmann/HDDGabriel/engines/UnrealEngine/Engine/Source/Runtime/Experimental/GeometryCollectionEngine/Public/ChaosFilter.h,4,0,4
/media/ullmann/HDDGabriel/engines/UnrealEngine/Engine/Source/ThirdParty/ShaderConductor/ShaderConductor/External/DirectXShaderCompiler/tools/clang/lib/CodeGen/CodeGenTypes.cpp,0,8,8
/media/ullmann/HDDGabriel/engines/UnrealEngine/Engine/Source/Editor/AnimGraph/Public/AnimGraphNode_SequencePlayer.h,0,1,1
/media/ullmann/HDDGabriel/engines/UnrealEngine/Engine/Source/Runtime/Core/Public/UObject/ObjectVersion.h,3,0,3
/media/ullmann/HDDGabriel/engines/UnrealEngine/Engine/Source/Editor/Persona/Private/AssetSearchBoxUtilPersona.cpp,0,1,1
/media/ullmann/HDDGabriel/engines/UnrealEngine/Engine/Source/Editor/UnrealEd/Private/EditorModeRegistry.cpp,0,7,7
/media/ullmann/HDDGabriel/engines/UnrealEngine/Engine/Source/Editor/VirtualTexturingEditor/Public/VirtualTexturingEditorModule.h,1,0,1
/media/ullmann/HDDGabriel/engines/UnrealEngine/Engine/Source/Editor/WorldBrowser/Private/SPropertyEditorLevelPackage.cpp,0,1,1
/media/ullmann/HDDGabriel/engines/UnrealEngine/Engine/Source/Editor/WorldBrowser/Private/SPropertyEditorLevelPackage.h,1,0,1
/media/ullmann/HDDGabriel/engines/UnrealEngine/Engine/Source/ThirdParty/FreeImage/FreeImage-3.18.0/Source/LibJPEG/jidctflt.c,0,3,3
/media/ullmann/HDDGabriel/engines/UnrealEngine/Engine/Source/Runtime/CoreUObject/Public/UObject/TextProperty.h,1,0,1
/media/ullmann/HDDGabriel/engines/UnrealEngine/Engine/Source/Runtime/Engine/Private/VT/UploadingVirtualTexture.cpp,0,3,3
/media/ullmann/HDDGabriel/engines/UnrealEngine/Engine/Source/Runtime/Engine/Private/VT/UploadingVirtualTexture.h,4,1,5
/media/ullmann/HDDGabriel/engines/UnrealEngine/Engine/Source/Editor/PropertyEditor/Private/DetailGroup.cpp,0,3,3
/media/ullmann/HDDGabriel/engines/UnrealEngine/Engine/Source/Developer/Mac/MacTargetPlatform/Private/LocalMacTargetDevice.h,1,0,1
/media/ullmann/HDDGabriel/engines/UnrealEngine/Engine/Source/Runtime/CoreUObject/Public/Serialization/ArchiveShowReferences.h,1,0,1
/media/ullmann/HDDGabriel/engines/UnrealEngine/Engine/Source/Editor/BehaviorTreeEditor/Private/BehaviorTreeEditorCommands.cpp,0,1,1
/media/ullmann/HDDGabriel/engines/UnrealEngine/Engine/Source/Editor/BehaviorTreeEditor/Private/BehaviorTreeEditorCommands.h,5,0,5
/media/ullmann/HDDGabriel/engines/UnrealEngine/Engine/Source/ThirdParty/ICU/icu4c-53_1/source/i18n/csr2022.h,3,1,4
/media/ullmann/HDDGabriel/engines/UnrealEngine/Engine/Source/ThirdParty/ICU/icu4c-53_1/source/test/intltest/ucdtest.cpp,0,1,1
/media/ullmann/HDDGabriel/engines/UnrealEngine/Engine/Source/ThirdParty/OpenSubdiv/Deploy/OpenSubdiv-3.4.4/include/opensubdiv/hbr/loop.h,0,2,2
/media/ullmann/HDDGabriel/engines/UnrealEngine/Engine/Source/ThirdParty/OpenSubdiv/Deploy/OpenSubdiv-3.4.4/include/opensubdiv/hbr/subdivision.h,3,1,4
/media/ullmann/HDDGabriel/engines/UnrealEngine/Engine/Source/ThirdParty/MCPP/mcpp-2.7.2/test-l/nest11.h,1,1,2
/media/ullmann/HDDGabriel/engines/UnrealEngine/Engine/Source/ThirdParty/ICU/icu4c-64_1/source/common/charstr.cpp,0,6,6
/media/ullmann/HDDGabriel/engines/UnrealEngine/Engine/Source/ThirdParty/WebRTC/4147/Include/third_party/libvpx/source/libvpx/vp8/encoder/lookahead.h,1,0,1
/media/ullmann/HDDGabriel/engines/UnrealEngine/Engine/Source/Runtime/PhysicsCore/Public/PhysicsSettingsCore.h,0,2,2
/media/ullmann/HDDGabriel/engines/UnrealEngine/Engine/Source/Runtime/PhysicsCore/Public/BodySetupEnums.h,2,0,2
/media/ullmann/HDDGabriel/engines/UnrealEngine/Engine/Source/ThirdParty/CryptoPP/5.6.5/include/elgamal.cpp,0,4,4
/media/ullmann/HDDGabriel/engines/UnrealEngine/Engine/Source/ThirdParty/Perforce/p4api-2015.2/include/p4/strbuf.h,1,0,1
/media/ullmann/HDDGabriel/engines/UnrealEngine/Engine/Source/Developer/LogVisualizer/Private/VisualLoggerRenderingActorBase.cpp,0,1,1
/media/ullmann/HDDGabriel/engines/UnrealEngine/Engine/Source/Developer/LogVisualizer/Private/VisualLoggerRenderingComponent.h,1,0,1
/media/ullmann/HDDGabriel/engines/UnrealEngine/Engine/Source/ThirdParty/FreeType2/FreeType2-2.4.12/src/cff/cf2intrp.c,1,6,7
/media/ullmann/HDDGabriel/engines/UnrealEngine/Engine/Source/Editor/ContentBrowser/Private/ContentBrowserMenuContexts.cpp,0,1,1
/media/ullmann/HDDGabriel/engines/UnrealEngine/Engine/Source/ThirdParty/ICU/icu4c-53_1/source/common/utracimp.h,5,1,6
/media/ullmann/HDDGabriel/engines/UnrealEngine/Engine/Source/ThirdParty/ICU/icu4c-53_1/source/common/unicode/utrace.h,2,0,2
/media/ullmann/HDDGabriel/engines/UnrealEngine/Engine/Source/ThirdParty/PhysX3/PhysX_3.4/Source/GeomUtils/src/GuCCTSweepTests.cpp,0,2,2
/media/ullmann/HDDGabriel/engines/UnrealEngine/Engine/Source/Editor/Persona/Private/SSkeletonAnimNotifies.h,5,1,6
/media/ullmann/HDDGabriel/engines/UnrealEngine/Engine/Source/ThirdParty/ShaderConductor/ShaderConductor/External/DirectXShaderCompiler/include/llvm/Support/ELF.h,0,10,10
/media/ullmann/HDDGabriel/engines/UnrealEngine/Engine/Source/ThirdParty/ShaderConductor/ShaderConductor/External/DirectXShaderCompiler/include/llvm/Support/ELFRelocs/Mips.def,1,0,1
/media/ullmann/HDDGabriel/engines/UnrealEngine/Engine/Source/Runtime/Core/Public/Templates/IsClass.h,3,0,3
/media/ullmann/HDDGabriel/engines/UnrealEngine/Engine/Source/Editor/DetailCustomizations/Private/CollisionProfileDetails.h,2,0,2
/media/ullmann/HDDGabriel/engines/UnrealEngine/Engine/Source/ThirdParty/CryptoPP/5.6.2/include/blowfish.h,4,2,6
/media/ullmann/HDDGabriel/engines/UnrealEngine/Engine/Source/Programs/EpicWebHelper/Private/EpicWebHelperRemoteMethodHandler.h,3,0,3
/media/ullmann/HDDGabriel/engines/UnrealEngine/Engine/Source/ThirdParty/OpenSubdiv/OpenSubdiv-3.4.4/opensubdiv/osd/opengl.h,8,0,8
/media/ullmann/HDDGabriel/engines/UnrealEngine/Engine/Source/ThirdParty/FreeType2/FreeType2-2.4.12/src/pfr/pfrobjs.c,1,6,7
/media/ullmann/HDDGabriel/engines/UnrealEngine/Engine/Source/Editor/PropertyEditor/Private/DetailLayoutHelpers.cpp,0,7,7
/media/ullmann/HDDGabriel/engines/UnrealEngine/Engine/Source/Editor/PropertyEditor/Private/PropertyRowGenerator.h,4,0,4
/media/ullmann/HDDGabriel/engines/UnrealEngine/Engine/Source/ThirdParty/PhysX3/APEX_1.4/shared/general/RenderDebug/public/RenderDebugTyped.h,0,1,1
/media/ullmann/HDDGabriel/engines/UnrealEngine/Engine/Source/ThirdParty/PhysX3/APEX_1.4/shared/general/RenderDebug/public/RenderDebug.h,1,0,1
/media/ullmann/HDDGabriel/engines/UnrealEngine/Engine/Source/ThirdParty/Intel/TBB/IntelTBB-2019u8/examples/graph/fgbzip2/decompress.cpp,0,1,1
/media/ullmann/HDDGabriel/engines/UnrealEngine/Engine/Source/ThirdParty/Alembic/alembic-1.8.2/arnold/Procedural/ProcMain.cpp,0,4,4
/media/ullmann/HDDGabriel/engines/UnrealEngine/Engine/Source/ThirdParty/HarfBuzz/harfbuzz-2.4.0/src/hb-ot-kern-table.hh,3,0,3
/media/ullmann/HDDGabriel/engines/UnrealEngine/Engine/Source/Editor/KismetCompiler/Public/KismetCompiledFunctionContext.h,1,2,3
/media/ullmann/HDDGabriel/engines/UnrealEngine/Engine/Source/ThirdParty/Crunch/src/crnlib/lzma_Bra86.cpp,0,2,2
/media/ullmann/HDDGabriel/engines/UnrealEngine/Engine/Source/ThirdParty/FreeType2/FreeType2-2.4.12/src/truetype/ttgxvar.c,1,3,4
/media/ullmann/HDDGabriel/engines/UnrealEngine/Engine/Source/ThirdParty/PhysX3/PxShared/src/pvd/src/PxProfileCompileTimeEventFilter.h,1,2,3
/media/ullmann/HDDGabriel/engines/UnrealEngine/Engine/Source/ThirdParty/ShaderConductor/ShaderConductor/External/DirectXShaderCompiler/lib/Support/Mutex.cpp,0,2,2
/media/ullmann/HDDGabriel/engines/UnrealEngine/Engine/Source/ThirdParty/ShaderConductor/ShaderConductor/External/DirectXShaderCompiler/lib/Support/Windows/Mutex.inc,1,0,1
/media/ullmann/HDDGabriel/engines/UnrealEngine/Engine/Source/ThirdParty/Boost/boost-1_70_0/include/boost/program_options/environment_iterator.hpp,0,1,1
/media/ullmann/HDDGabriel/engines/UnrealEngine/Engine/Source/ThirdParty/Boost/boost-1_70_0/include/boost/program_options/eof_iterator.hpp,1,0,1
/media/ullmann/HDDGabriel/engines/UnrealEngine/Engine/Source/ThirdParty/libOpus/opus-1.3.1-12/celt/fixed_generic.h,1,1,2
/media/ullmann/HDDGabriel/engines/UnrealEngine/Engine/Source/Editor/PluginWarden/Private/PluginWardenAuthorizer.cpp,0,2,2
/media/ullmann/HDDGabriel/engines/UnrealEngine/Engine/Source/Editor/PluginWarden/Private/PluginWardenModule.h,2,0,2
/media/ullmann/HDDGabriel/engines/UnrealEngine/Engine/Source/ThirdParty/FreeImage/FreeImage-3.18.0/Source/LibTIFF4/tif_dir.c,0,1,1
/media/ullmann/HDDGabriel/engines/UnrealEngine/Engine/Source/Runtime/AssetRegistry/Public/AssetRegistryState.h,0,1,1
/media/ullmann/HDDGabriel/engines/UnrealEngine/Engine/Source/Runtime/AssetRegistry/Public/AssetRegistry/AssetRegistryState.h,1,0,1
/media/ullmann/HDDGabriel/engines/UnrealEngine/Engine/Source/ThirdParty/libOpus/opus-1.3.1-12/celt/entdec.c,0,4,4
/media/ullmann/HDDGabriel/engines/UnrealEngine/Engine/Source/ThirdParty/Crunch/src/crnlib/crn_threaded_clusterizer.h,2,2,4
/media/ullmann/HDDGabriel/engines/UnrealEngine/Engine/Source/ThirdParty/AMD/Amf/core/Dump.h,0,3,3
/media/ullmann/HDDGabriel/engines/UnrealEngine/Engine/Source/ThirdParty/AMD/Amf/core/Platform.h,8,0,8
/media/ullmann/HDDGabriel/engines/UnrealEngine/Engine/Source/ThirdParty/coremod/coremod-4.2.6/src/smix.c,0,4,4
/media/ullmann/HDDGabriel/engines/UnrealEngine/Engine/Source/ThirdParty/libPNG/libPNG-1.6.37/contrib/tools/pngcp.c,0,1,1
/media/ullmann/HDDGabriel/engines/UnrealEngine/Engine/Source/ThirdParty/openexr/openexr-3.1.1/src/lib/OpenEXR/ImfGenericInputFile.h,7,1,8
/media/ullmann/HDDGabriel/engines/UnrealEngine/Engine/Source/ThirdParty/FreeType2/FreeType2-2.6/Src/otvalid/otvbase.c,1,2,3
/media/ullmann/HDDGabriel/engines/UnrealEngine/Engine/Source/ThirdParty/ICU/icu4c-53_1/source/common/rbbistbl.cpp,0,8,8
/media/ullmann/HDDGabriel/engines/UnrealEngine/Engine/Source/ThirdParty/libOpus/opus-1.0.3/silk/MacroCount.h,1,0,1
/media/ullmann/HDDGabriel/engines/UnrealEngine/Engine/Source/ThirdParty/hlslcc/hlslcc/src/hlslcc_lib/opt_noop_swizzle.cpp,0,6,6
/media/ullmann/HDDGabriel/engines/UnrealEngine/Engine/Source/Developer/Windows/LiveCodingServer/Private/External/LC_ModulePatch.h,2,3,5
/media/ullmann/HDDGabriel/engines/UnrealEngine/Engine/Source/Runtime/VulkanRHI/Private/Android/VulkanPlatformDefines.h,0,1,1
/media/ullmann/HDDGabriel/engines/UnrealEngine/Engine/Source/Runtime/VulkanRHI/Private/Android/VulkanAndroidPlatform.h,2,1,3
/media/ullmann/HDDGabriel/engines/UnrealEngine/Engine/Source/ThirdParty/Alembic/alembic-1.8.2/lib/Alembic/AbcMaterial/IMaterial.cpp,0,1,1
/media/ullmann/HDDGabriel/engines/UnrealEngine/Engine/Source/ThirdParty/libOpus/opus-1.3.1-12/celt/cwrs.c,0,4,4
/media/ullmann/HDDGabriel/engines/UnrealEngine/Engine/Source/Developer/Settings/Private/SettingsModule.cpp,0,1,1
/media/ullmann/HDDGabriel/engines/UnrealEngine/Engine/Source/Runtime/Experimental/Chaos/Public/Chaos/HeightField.h,0,6,6
/media/ullmann/HDDGabriel/engines/UnrealEngine/Engine/Source/Runtime/Experimental/Chaos/Public/Chaos/ImplicitObject.h,3,0,3
/media/ullmann/HDDGabriel/engines/UnrealEngine/Engine/Source/Editor/CurveTableEditor/Private/RealCurveModel.h,2,0,2
/media/ullmann/HDDGabriel/engines/UnrealEngine/Engine/Source/ThirdParty/openexr/openexr-3.1.1/src/lib/OpenEXRCore/channel_list.c,1,3,4
/media/ullmann/HDDGabriel/engines/UnrealEngine/Engine/Source/ThirdParty/ICU/icu4c-53_1/source/tools/gensprep/store.c,0,1,1
/media/ullmann/HDDGabriel/engines/UnrealEngine/Engine/Source/ThirdParty/ICU/icu4c-53_1/source/tools/gensprep/gensprep.h,2,0,2
/media/ullmann/HDDGabriel/engines/UnrealEngine/Engine/Source/ThirdParty/Android/libunwind/libunwind/src/ptrace/_UPT_reg_offset.c,0,1,1
/media/ullmann/HDDGabriel/engines/UnrealEngine/Engine/Source/ThirdParty/Oculus/LibOVRPlatform/LibOVRPlatform/include/OVR_CalApplicationSuggestion.h,2,2,4
/media/ullmann/HDDGabriel/engines/UnrealEngine/Engine/Source/ThirdParty/ICU/icu4c-53_1/source/i18n/unicode/rbnf.h,9,0,9
/media/ullmann/HDDGabriel/engines/UnrealEngine/Engine/Source/Developer/Windows/LiveCodingServer/Private/External/LC_FunctionPatcher.cpp,0,5,5
/media/ullmann/HDDGabriel/engines/UnrealEngine/Engine/Source/ThirdParty/WebRTC/4147/Include/third_party/libvpx/source/config/linux/arm64/vpx_dsp_rtcd.h,0,1,1
/media/ullmann/HDDGabriel/engines/UnrealEngine/Engine/Source/Runtime/Renderer/Private/TranslucentLighting.h,2,1,3
/media/ullmann/HDDGabriel/engines/UnrealEngine/Engine/Source/ThirdParty/Crunch/src/crnlib/crn_texture_conversion.cpp,0,8,8
/media/ullmann/HDDGabriel/engines/UnrealEngine/Engine/Source/Runtime/CoreUObject/Public/Misc/WorldCompositionUtility.h,1,0,1
/media/ullmann/HDDGabriel/engines/UnrealEngine/Engine/Source/ThirdParty/ICU/icu4c-64_1/source/test/intltest/normconf.h,3,1,4
/media/ullmann/HDDGabriel/engines/UnrealEngine/Engine/Source/ThirdParty/PhysX3/PhysX_3.4/Source/GeomUtils/src/GuSweepTests.cpp,0,2,2
/media/ullmann/HDDGabriel/engines/UnrealEngine/Engine/Source/ThirdParty/PhysX3/PhysX_3.4/Source/GeomUtils/src/GuSweepTests.h,4,0,4
/media/ullmann/HDDGabriel/engines/UnrealEngine/Engine/Source/ThirdParty/PhysX3/PhysX_3.4/Source/SimulationController/src/ScElementSimInteraction.h,3,2,5
/media/ullmann/HDDGabriel/engines/UnrealEngine/Engine/Source/ThirdParty/PLCrashReporter/PLCrashReporter/Source/PLCrashAsyncMachExceptionInfo.h,1,3,4
/media/ullmann/HDDGabriel/engines/UnrealEngine/Engine/Source/ThirdParty/FreeType2/FreeType2-2.10.4/src/gxvalid/gxvmort1.c,1,1,2
/media/ullmann/HDDGabriel/engines/UnrealEngine/Engine/Source/ThirdParty/PhysX3/PhysX_3.4/Source/GeomUtils/src/pcm/GuPCMContactBoxBox.cpp,0,2,2
/media/ullmann/HDDGabriel/engines/UnrealEngine/Engine/Source/ThirdParty/PhysX3/PhysX_3.4/Source/GeomUtils/src/pcm/GuPCMContactGenUtil.h,4,0,4
/media/ullmann/HDDGabriel/engines/UnrealEngine/Engine/Source/ThirdParty/libOpus/opus-1.1/silk/API.h,2,3,5
/media/ullmann/HDDGabriel/engines/UnrealEngine/Engine/Source/ThirdParty/libOpus/opus-1.1/silk/errors.h,3,0,3
/media/ullmann/HDDGabriel/engines/UnrealEngine/Engine/Source/Runtime/Cbor/Public/CborReader.h,0,1,1
/media/ullmann/HDDGabriel/engines/UnrealEngine/Engine/Source/Editor/UnrealEd/Public/Kismet2/KismetEditorUtilities.h,2,0,2
/media/ullmann/HDDGabriel/engines/UnrealEngine/Engine/Source/ThirdParty/FreeImage/FreeImage-3.18.0/Source/OpenEXR/IlmImf/ImfTileDescriptionAttribute.h,7,2,9
/media/ullmann/HDDGabriel/engines/UnrealEngine/Engine/Source/ThirdParty/nvTextureTools/nvTextureTools-2.0.8/src/src/nvtt/OptimalCompressDXT.cpp,0,2,2
/media/ullmann/HDDGabriel/engines/UnrealEngine/Engine/Source/ThirdParty/nvTextureTools/nvTextureTools-2.0.8/src/src/nvtt/SingleColorLookup.h,1,0,1
/media/ullmann/HDDGabriel/engines/UnrealEngine/Engine/Source/Runtime/SlateCore/Public/Types/SlateConstants.h,1,0,1
/media/ullmann/HDDGabriel/engines/UnrealEngine/Engine/Source/ThirdParty/PhysX3/APEX_1.4/common/include/ApexContext.h,1,1,2
/media/ullmann/HDDGabriel/engines/UnrealEngine/Engine/Source/ThirdParty/ICU/icu4c-53_1/source/common/loclikely.cpp,0,8,8
/media/ullmann/HDDGabriel/engines/UnrealEngine/Engine/Source/ThirdParty/PhysX3/PhysX_3.4/Source/Common/src/CmCollection.cpp,0,1,1
/media/ullmann/HDDGabriel/engines/UnrealEngine/Engine/Source/ThirdParty/PhysX3/PhysX_3.4/Source/Common/src/CmCollection.h,1,1,2
/media/ullmann/HDDGabriel/engines/UnrealEngine/Engine/Source/ThirdParty/FreeImage/FreeImage-3.18.0/Source/FreeImage/PluginJXR.cpp,0,2,2
/media/ullmann/HDDGabriel/engines/UnrealEngine/Engine/Source/ThirdParty/Intel/Embree/Embree270/src/kernels/common/profile.h,2,1,3
/media/ullmann/HDDGabriel/engines/UnrealEngine/Engine/Source/ThirdParty/EOSSDK/SDK/Include/eos_ecom_types.h,2,1,3
/media/ullmann/HDDGabriel/engines/UnrealEngine/Engine/Source/ThirdParty/libOpus/opus-1.3.1-12/include/opus_custom.h,0,1,1
/media/ullmann/HDDGabriel/engines/UnrealEngine/Engine/Source/ThirdParty/libOpus/opus-1.3.1-12/include/opus_defines.h,2,1,3
/media/ullmann/HDDGabriel/engines/UnrealEngine/Engine/Source/ThirdParty/Intel/Embree/Embree3122/Linux/x86_64-unknown-linux-gnu/include/embree3/rtcore_common.h,4,1,5
/media/ullmann/HDDGabriel/engines/UnrealEngine/Engine/Source/ThirdParty/ICU/icu4c-53_1/source/common/rbbinode.cpp,0,9,9
/media/ullmann/HDDGabriel/engines/UnrealEngine/Engine/Source/ThirdParty/ICU/icu4c-53_1/source/layout/SegmentSingleProcessor2.h,2,5,7
/media/ullmann/HDDGabriel/engines/UnrealEngine/Engine/Source/ThirdParty/Perforce/P4Api.Net/p4bridge/p4map-api.cpp,0,2,2
/media/ullmann/HDDGabriel/engines/UnrealEngine/Engine/Source/ThirdParty/WebRTC/4147/Include/third_party/opus/src/include/opus_defines.h,2,1,3
/media/ullmann/HDDGabriel/engines/UnrealEngine/Engine/Source/ThirdParty/WebRTC/4147/Include/third_party/opus/src/include/opus_types.h,2,0,2
/media/ullmann/HDDGabriel/engines/UnrealEngine/Engine/Source/ThirdParty/HarfBuzz/harfbuzz-1.2.4/src/hb-unicode.h,3,1,4
/media/ullmann/HDDGabriel/engines/UnrealEngine/Engine/Source/ThirdParty/CryptoPP/5.6.5/include/cbcmac.h,4,2,6
/media/ullmann/HDDGabriel/engines/UnrealEngine/Engine/Source/ThirdParty/FreeType2/FreeType2-2.10.0/src/otvalid/otvmod.c,1,3,4
/media/ullmann/HDDGabriel/engines/UnrealEngine/Engine/Source/ThirdParty/Intel/Embree/Embree270/src/kernels/xeon/geometry/grid_soa_intersector_n.h,1,3,4
/media/ullmann/HDDGabriel/engines/UnrealEngine/Engine/Source/Runtime/Renderer/Private/CapsuleShadowRendering.h,2,0,2
/media/ullmann/HDDGabriel/engines/UnrealEngine/Engine/Source/ThirdParty/PLCrashReporter/PLCrashReporter/Source/PLCrashAsyncObjCSection.h,1,2,3
/media/ullmann/HDDGabriel/engines/UnrealEngine/Engine/Source/ThirdParty/OpenVDB/Deploy/openvdb-8.1.0/include/openvdb/MetaMap.h,1,3,4
/media/ullmann/HDDGabriel/engines/UnrealEngine/Engine/Source/ThirdParty/Steamworks/Steamv146/sdk/public/steam/isteammusicremote.h,1,2,3
/media/ullmann/HDDGabriel/engines/UnrealEngine/Engine/Source/ThirdParty/ShaderConductor/ShaderConductor/External/DirectXShaderCompiler/lib/Transforms/ObjCARC/ObjCARCAliasAnalysis.h,2,0,2
/media/ullmann/HDDGabriel/engines/UnrealEngine/Engine/Source/ThirdParty/Windows/DirectX/Include/D3D11.h,0,1,1
/media/ullmann/HDDGabriel/engines/UnrealEngine/Engine/Source/ThirdParty/Windows/DirectX/Include/d3d10misc.h,2,0,2
/media/ullmann/HDDGabriel/engines/UnrealEngine/Engine/Source/Runtime/AugmentedReality/Private/ARPin.cpp,0,1,1
/media/ullmann/HDDGabriel/engines/UnrealEngine/Engine/Source/Runtime/AugmentedReality/Private/ARDebugDrawHelpers.h,3,0,3
/media/ullmann/HDDGabriel/engines/UnrealEngine/Engine/Source/ThirdParty/Alembic/alembic-1.8.2/maya/AbcImport/PointHelper.h,3,0,3
/media/ullmann/HDDGabriel/engines/UnrealEngine/Engine/Source/Editor/Sequencer/Private/SSequencerTransformBox.cpp,0,3,3
/media/ullmann/HDDGabriel/engines/UnrealEngine/Engine/Source/Editor/Sequencer/Private/SSequencerTransformBox.h,2,0,2
/media/ullmann/HDDGabriel/engines/UnrealEngine/Engine/Source/ThirdParty/MCPP/mcpp-2.7.2/cpp-test/test-t/ifdef15.h,2,1,3
/media/ullmann/HDDGabriel/engines/UnrealEngine/Engine/Source/ThirdParty/nvTextureTools/nvTextureTools-2.0.6/src/src/nvtt/QuickCompressDXT.cpp,0,2,2
/media/ullmann/HDDGabriel/engines/UnrealEngine/Engine/Source/ThirdParty/nvTextureTools/nvTextureTools-2.0.6/src/src/nvtt/QuickCompressDXT.h,2,0,2
/media/ullmann/HDDGabriel/engines/UnrealEngine/Engine/Source/ThirdParty/FreeImage/FreeImage-3.18.0/Source/OpenEXR/Imath/ImathBoxAlgo.h,0,5,5
/media/ullmann/HDDGabriel/engines/UnrealEngine/Engine/Source/ThirdParty/FreeImage/FreeImage-3.18.0/Source/OpenEXR/Imath/ImathBox.h,4,2,6
/media/ullmann/HDDGabriel/engines/UnrealEngine/Engine/Source/ThirdParty/libOpus/opus-1.3.1-12/silk/float/noise_shape_analysis_FLP.c,0,1,1
/media/ullmann/HDDGabriel/engines/UnrealEngine/Engine/Source/ThirdParty/libOpus/opus-1.1/silk/tables_NLSF_CB_WB.c,0,1,1
/media/ullmann/HDDGabriel/engines/UnrealEngine/Engine/Source/ThirdParty/Android/libunwind/libunwind/src/ppc64/ucontext_i.h,2,0,2
/media/ullmann/HDDGabriel/engines/UnrealEngine/Engine/Source/ThirdParty/HarfBuzz/harfbuzz-1.2.4/src/hb-shape.h,1,3,4
/media/ullmann/HDDGabriel/engines/UnrealEngine/Engine/Source/ThirdParty/libOpus/opus-1.1/include/opus_multistream.h,0,1,1
/media/ullmann/HDDGabriel/engines/UnrealEngine/Engine/Source/ThirdParty/FreeType2/FreeType2-2.6/Src/cid/cidgload.c,1,3,4
/media/ullmann/HDDGabriel/engines/UnrealEngine/Engine/Source/ThirdParty/FreeType2/FreeType2-2.6/Src/cid/cidgload.h,3,1,4
/media/ullmann/HDDGabriel/engines/UnrealEngine/Engine/Source/ThirdParty/Expat/expat-2.2.10/xmlwf/xmlfile.c,0,3,3
/media/ullmann/HDDGabriel/engines/UnrealEngine/Engine/Source/ThirdParty/Expat/expat-2.2.10/xmlwf/xmltchar.h,4,0,4
/media/ullmann/HDDGabriel/engines/UnrealEngine/Engine/Source/ThirdParty/ICU/icu4c-53_1/source/i18n/tztrans.cpp,0,2,2
/media/ullmann/HDDGabriel/engines/UnrealEngine/Engine/Source/ThirdParty/ICU/icu4c-53_1/source/i18n/unicode/tztrans.h,2,0,2
/media/ullmann/HDDGabriel/engines/UnrealEngine/Engine/Source/Runtime/GeometryCore/Public/Generators/SphereGenerator.h,0,1,1
/media/ullmann/HDDGabriel/engines/UnrealEngine/Engine/Source/ThirdParty/FreeImage/FreeImage-3.18.0/Source/LibPNG/pngconf.h,1,0,1
/media/ullmann/HDDGabriel/engines/UnrealEngine/Engine/Source/Developer/DirectoryWatcher/Public/FileCache.h,0,2,2
/media/ullmann/HDDGabriel/engines/UnrealEngine/Engine/Source/Developer/DirectoryWatcher/Public/IDirectoryWatcher.h,1,0,1
/media/ullmann/HDDGabriel/engines/UnrealEngine/Engine/Source/ThirdParty/ICU/icu4c-53_1/source/test/cintltst/cbiditst.c,0,2,2
/media/ullmann/HDDGabriel/engines/UnrealEngine/Engine/Source/ThirdParty/WebRTC/4147/Include/third_party/opus/src/celt/entenc.h,7,1,8
/media/ullmann/HDDGabriel/engines/UnrealEngine/Engine/Source/ThirdParty/PhysX3/APEX_1.4/include/UserRenderVertexBuffer.h,1,3,4
/media/ullmann/HDDGabriel/engines/UnrealEngine/Engine/Source/ThirdParty/Intel/Embree/Embree2140/MacOSX/include/embree2/rtcore_scene.h,1,0,1
/media/ullmann/HDDGabriel/engines/UnrealEngine/Engine/Source/ThirdParty/Windows/DirectX/Include/d3d12.h,2,2,4
/media/ullmann/HDDGabriel/engines/UnrealEngine/Engine/Source/ThirdParty/Windows/DirectX/Include/d3d12sdklayers.h,1,1,2
/media/ullmann/HDDGabriel/engines/UnrealEngine/Engine/Source/ThirdParty/Oculus/LibOVRPlatform/LibOVRPlatform/include/OVR_Requests_Application.h,1,4,5
/media/ullmann/HDDGabriel/engines/UnrealEngine/Engine/Source/ThirdParty/ShaderConductor/ShaderConductor/External/DirectXShaderCompiler/tools/llvm-readobj/ARMAttributeParser.cpp,0,2,2
/media/ullmann/HDDGabriel/engines/UnrealEngine/Engine/Source/ThirdParty/ShaderConductor/ShaderConductor/External/DirectXShaderCompiler/tools/llvm-readobj/ARMAttributeParser.h,2,1,3
/media/ullmann/HDDGabriel/engines/UnrealEngine/Engine/Source/Runtime/Engine/Public/VT/RuntimeVirtualTextureEnum.h,1,0,1
/media/ullmann/HDDGabriel/engines/UnrealEngine/Engine/Source/ThirdParty/openexr/Deploy/openexr-3.1.1/include/OpenEXR/IexConfig.h,1,0,1
/media/ullmann/HDDGabriel/engines/UnrealEngine/Engine/Source/ThirdParty/Intel/TBB/IntelTBB-2019u8/examples/graph/logic_sim/basics.h,3,1,4
/media/ullmann/HDDGabriel/engines/UnrealEngine/Engine/Source/Editor/ContentBrowser/Private/PathContextMenu.h,2,0,2
/media/ullmann/HDDGabriel/engines/UnrealEngine/Engine/Source/ThirdParty/Android/libunwind/libunwind/src/ia64/mk_Lcursor_i.c,0,1,1
/media/ullmann/HDDGabriel/engines/UnrealEngine/Engine/Source/ThirdParty/Android/libunwind/libunwind/src/ia64/mk_Gcursor_i.c,1,0,1
/media/ullmann/HDDGabriel/engines/UnrealEngine/Engine/Source/ThirdParty/Alembic/alembic-1.8.2/prman/Procedural/WriteMaterial.cpp,0,2,2
/media/ullmann/HDDGabriel/engines/UnrealEngine/Engine/Source/ThirdParty/Python3/Linux/include/python3.9/parsetok.h,0,2,2
/media/ullmann/HDDGabriel/engines/UnrealEngine/Engine/Source/ThirdParty/Python3/Linux/include/python3.9/node.h,2,0,2
/media/ullmann/HDDGabriel/engines/UnrealEngine/Engine/Source/ThirdParty/openexr/Deploy/openexr-3.1.1/include/OpenEXR/ImfOutputPart.h,0,1,1
/media/ullmann/HDDGabriel/engines/UnrealEngine/Engine/Source/ThirdParty/Windows/DirectXLegacy/Include/d3dx9tex.h,1,1,2
/media/ullmann/HDDGabriel/engines/UnrealEngine/Engine/Source/ThirdParty/ICU/icu4c-64_1/source/common/propname.h,2,5,7
/media/ullmann/HDDGabriel/engines/UnrealEngine/Engine/Source/ThirdParty/FreeType2/FreeType2-2.4.12/src/cff/cf2arrst.h,2,1,3
/media/ullmann/HDDGabriel/engines/UnrealEngine/Engine/Source/ThirdParty/ShaderConductor/ShaderConductor/External/DirectXShaderCompiler/tools/clang/lib/Format/UnwrappedLineFormatter.cpp,0,2,2
/media/ullmann/HDDGabriel/engines/UnrealEngine/Engine/Source/ThirdParty/ShaderConductor/ShaderConductor/External/DirectXShaderCompiler/tools/clang/lib/Format/UnwrappedLineFormatter.h,2,1,3
/media/ullmann/HDDGabriel/engines/UnrealEngine/Engine/Source/Runtime/AVEncoder/Private/Decoders/vdecmpeg4/M4BitstreamParser.cpp,0,4,4
/media/ullmann/HDDGabriel/engines/UnrealEngine/Engine/Source/ThirdParty/PhysX3/PhysX_3.4/Include/cooking/PxMidphaseDesc.h,1,0,1
/media/ullmann/HDDGabriel/engines/UnrealEngine/Engine/Source/ThirdParty/libstrophe/libstrophe-0.9.3/src/scram.h,2,2,4
/media/ullmann/HDDGabriel/engines/UnrealEngine/Engine/Source/ThirdParty/openexr/Deploy/openexr-3.1.1/include/OpenEXR/ImfPartType.h,0,2,2
/media/ullmann/HDDGabriel/engines/UnrealEngine/Engine/Source/ThirdParty/PhysX3/APEX_1.4/module/destructible/fracture/Mesh.cpp,0,2,2
/media/ullmann/HDDGabriel/engines/UnrealEngine/Engine/Source/ThirdParty/FreeType2/FreeType2-2.6/Src/cid/ciderrs.h,5,0,5
/media/ullmann/HDDGabriel/engines/UnrealEngine/Engine/Source/Runtime/Datasmith/DirectLink/Private/DirectLinkStreamSender.h,2,2,4
/media/ullmann/HDDGabriel/engines/UnrealEngine/Engine/Source/Runtime/Datasmith/DirectLink/Private/DirectLinkStreamCommunicationInterface.h,5,0,5
/media/ullmann/HDDGabriel/engines/UnrealEngine/Engine/Source/ThirdParty/FreeType2/FreeType2-2.6/Src/type1/t1gload.c,1,2,3
/media/ullmann/HDDGabriel/engines/UnrealEngine/Engine/Source/ThirdParty/ICU/icu4c-64_1/source/common/localebuilder.cpp,0,6,6
/media/ullmann/HDDGabriel/engines/UnrealEngine/Engine/Source/Editor/UnrealEd/Public/SCurveEditor.h,0,2,2
/media/ullmann/HDDGabriel/engines/UnrealEngine/Engine/Source/ThirdParty/ICU/icu4c-53_1/source/test/intltest/strtest.cpp,0,2,2
/media/ullmann/HDDGabriel/engines/UnrealEngine/Engine/Source/ThirdParty/FreeType2/FreeType2-2.10.4/src/pshinter/pshglob.h,3,0,3
/media/ullmann/HDDGabriel/engines/UnrealEngine/Engine/Source/ThirdParty/ICU/icu4c-53_1/source/i18n/collationruleparser.cpp,0,6,6
/media/ullmann/HDDGabriel/engines/UnrealEngine/Engine/Source/ThirdParty/Steamworks/Steamv147/sdk/public/steam/steamclientpublic.h,1,2,3
/media/ullmann/HDDGabriel/engines/UnrealEngine/Engine/Source/ThirdParty/Steamworks/Steamv147/sdk/public/steam/steamuniverse.h,1,0,1
/media/ullmann/HDDGabriel/engines/UnrealEngine/Engine/Source/ThirdParty/CryptoPP/5.6.2/include/md2.h,4,2,6
/media/ullmann/HDDGabriel/engines/UnrealEngine/Engine/Source/ThirdParty/HarfBuzz/harfbuzz-1.2.4/util/helper-cairo-ansi.hh,2,0,2
/media/ullmann/HDDGabriel/engines/UnrealEngine/Engine/Source/ThirdParty/ShaderConductor/ShaderConductor/External/DirectXShaderCompiler/tools/dsymutil/dsymutil.cpp,0,2,2
/media/ullmann/HDDGabriel/engines/UnrealEngine/Engine/Source/Editor/DetailCustomizations/Private/NavAgentSelectorCustomization.cpp,0,1,1
/media/ullmann/HDDGabriel/engines/UnrealEngine/Engine/Source/Runtime/Engine/Private/VT/VirtualTextureDataBuilder.cpp,0,1,1
/media/ullmann/HDDGabriel/engines/UnrealEngine/Engine/Source/Runtime/Engine/Private/VT/VirtualTextureDataBuilder.h,3,0,3
/media/ullmann/HDDGabriel/engines/UnrealEngine/Engine/Source/ThirdParty/xxhash/xxhash.c,0,1,1
/media/ullmann/HDDGabriel/engines/UnrealEngine/Engine/Source/ThirdParty/Steamworks/Steamv151/sdk/public/steam/isteamnetworkingutils.h,1,2,3
/media/ullmann/HDDGabriel/engines/UnrealEngine/Engine/Source/ThirdParty/Steamworks/Steamv151/sdk/public/steam/steamnetworkingtypes.h,4,2,6
/media/ullmann/HDDGabriel/engines/UnrealEngine/Engine/Source/ThirdParty/libcurl/include/Android/x64/curl/typecheck-gcc.h,1,0,1
/media/ullmann/HDDGabriel/engines/UnrealEngine/Engine/Source/ThirdParty/FBX/2020.2/include/fbxsdk/core/fbxconnectionpoint.h,1,0,1
/media/ullmann/HDDGabriel/engines/UnrealEngine/Engine/Source/Developer/IOS/IOSPlatformEditor/Private/SProvisionListRow.h,1,1,2
/media/ullmann/HDDGabriel/engines/UnrealEngine/Engine/Source/ThirdParty/nvTextureTools/nvTextureTools-2.0.6/src/gnuwin32/include/jmorecfg.h,1,0,1
/media/ullmann/HDDGabriel/engines/UnrealEngine/Engine/Source/ThirdParty/Alembic/alembic-1.8.2/python/PyAlembic/PyCameraSample.cpp,0,1,1
/media/ullmann/HDDGabriel/engines/UnrealEngine/Engine/Source/ThirdParty/Android/libunwind/libunwind/src/unwind/FindEnclosingFunction.c,0,1,1
/media/ullmann/HDDGabriel/engines/UnrealEngine/Engine/Source/Editor/Layers/Private/LayersModule.cpp,0,4,4
/media/ullmann/HDDGabriel/engines/UnrealEngine/Engine/Source/Editor/NaniteTools/Private/SNaniteAudit.cpp,0,3,3
/media/ullmann/HDDGabriel/engines/UnrealEngine/Engine/Source/Editor/NaniteTools/Private/SNaniteAudit.h,2,1,3
/media/ullmann/HDDGabriel/engines/UnrealEngine/Engine/Source/ThirdParty/Python3/Linux/include/python3.9/grammar.h,1,1,2
/media/ullmann/HDDGabriel/engines/UnrealEngine/Engine/Source/ThirdParty/FreeType2/FreeType2-2.10.4/src/cff/cffobjs.c,1,4,5
/media/ullmann/HDDGabriel/engines/UnrealEngine/Engine/Source/ThirdParty/PhysX3/PhysX_3.4/Include/PxForceMode.h,2,0,2
/media/ullmann/HDDGabriel/engines/UnrealEngine/Engine/Source/Editor/ConfigEditor/Private/SConfigEditor.cpp,0,2,2
/media/ullmann/HDDGabriel/engines/UnrealEngine/Engine/Source/ThirdParty/Intel/Embree/Embree2140/src/kernels/common/buffer.h,6,1,7
/media/ullmann/HDDGabriel/engines/UnrealEngine/Engine/Source/Editor/BlueprintGraph/Classes/K2Node_MakeArray.h,0,1,1
/media/ullmann/HDDGabriel/engines/UnrealEngine/Engine/Source/ThirdParty/PhysX3/APEX_1.4/shared/general/meshimport/src/MeshImportEzm/MeshImportEzm.cpp,0,1,1
/media/ullmann/HDDGabriel/engines/UnrealEngine/Engine/Source/ThirdParty/CryptoPP/5.6.5/include/dsa.cpp,0,6,6
/media/ullmann/HDDGabriel/engines/UnrealEngine/Engine/Source/ThirdParty/ICU/icu4c-64_1/source/i18n/choicfmt.cpp,0,2,2
/media/ullmann/HDDGabriel/engines/UnrealEngine/Engine/Source/ThirdParty/SDL2/SDL-gui-backend/src/video/windows/SDL_windowsevents.c,0,8,8
/media/ullmann/HDDGabriel/engines/UnrealEngine/Engine/Source/ThirdParty/CryptoPP/5.6.5/include/mqv.cpp,0,4,4
/media/ullmann/HDDGabriel/engines/UnrealEngine/Engine/Source/ThirdParty/FreeType2/FreeType2-2.10.0/src/gzip/infcodes.c,1,5,6
/media/ullmann/HDDGabriel/engines/UnrealEngine/Engine/Source/ThirdParty/FreeType2/FreeType2-2.10.0/src/gzip/inftrees.h,5,0,5
/media/ullmann/HDDGabriel/engines/UnrealEngine/Engine/Source/ThirdParty/FreeImage/FreeImage-3.18.0/Source/LibJPEG/transupp.c,0,3,3
/media/ullmann/HDDGabriel/engines/UnrealEngine/Engine/Source/ThirdParty/ICU/icu4c-64_1/source/common/ucnvlat1.cpp,0,7,7
/media/ullmann/HDDGabriel/engines/UnrealEngine/Engine/Source/Editor/Persona/Private/AnimTimeline/SAnimOutlinerItem.h,8,1,9
/media/ullmann/HDDGabriel/engines/UnrealEngine/Engine/Source/ThirdParty/Expat/expat-2.2.10/tests/memcheck.c,0,1,1
/media/ullmann/HDDGabriel/engines/UnrealEngine/Engine/Source/ThirdParty/libOpus/opus-1.1/celt/kiss_fft.h,3,1,4
/media/ullmann/HDDGabriel/engines/UnrealEngine/Engine/Source/ThirdParty/ShaderConductor/ShaderConductor/External/DirectXShaderCompiler/tools/clang/tools/diagtool/DiagnosticNames.cpp,0,1,1
/media/ullmann/HDDGabriel/engines/UnrealEngine/Engine/Source/ThirdParty/ShaderConductor/ShaderConductor/External/DirectXShaderCompiler/tools/clang/tools/diagtool/DiagnosticNames.h,4,0,4
/media/ullmann/HDDGabriel/engines/UnrealEngine/Engine/Source/ThirdParty/Intel/ISPC/ispc-1.16.1/src/expr.cpp,0,8,8
/media/ullmann/HDDGabriel/engines/UnrealEngine/Engine/Source/ThirdParty/ShaderConductor/ShaderConductor/External/DirectXShaderCompiler/lib/TableGen/TGParser.h,2,1,3
/media/ullmann/HDDGabriel/engines/UnrealEngine/Engine/Source/ThirdParty/FreeType2/FreeType2-2.10.0/src/gzip/zutil.c,1,1,2
/media/ullmann/HDDGabriel/engines/UnrealEngine/Engine/Source/Runtime/Apple/AGXRHI/Private/AGXViewport.cpp,0,2,2
/media/ullmann/HDDGabriel/engines/UnrealEngine/Engine/Source/ThirdParty/Intel/Embree/Embree2140/src/kernels/geometry/line_intersector.h,2,2,4
/media/ullmann/HDDGabriel/engines/UnrealEngine/Engine/Source/ThirdParty/FBX/2020.2/include/fbxsdk/scene/animation/fbxanimcurvebase.h,1,0,1
/media/ullmann/HDDGabriel/engines/UnrealEngine/Engine/Source/ThirdParty/CryptoPP/5.6.2/include/md5.cpp,0,3,3
/media/ullmann/HDDGabriel/engines/UnrealEngine/Engine/Source/ThirdParty/nvTextureTools/nvTextureTools-2.0.6/src/src/nvtt/squish/maths.cpp,0,1,1
/media/ullmann/HDDGabriel/engines/UnrealEngine/Engine/Source/ThirdParty/FreeType2/FreeType2-2.10.4/src/psaux/psconv.c,1,2,3
/media/ullmann/HDDGabriel/engines/UnrealEngine/Engine/Source/ThirdParty/PhysX3/PhysX_3.4/Source/PhysXCooking/src/convex/BigConvexDataBuilder.h,2,0,2
/media/ullmann/HDDGabriel/engines/UnrealEngine/Engine/Source/ThirdParty/PhysX3/APEX_1.4/common/include/PVDParameterizedHandler.h,0,1,1
/media/ullmann/HDDGabriel/engines/UnrealEngine/Engine/Source/ThirdParty/PhysX3/APEX_1.4/common/include/ApexPvdClient.h,1,0,1
/media/ullmann/HDDGabriel/engines/UnrealEngine/Engine/Source/ThirdParty/ICU/icu4c-64_1/source/test/intltest/encoll.h,2,1,3
/media/ullmann/HDDGabriel/engines/UnrealEngine/Engine/Source/ThirdParty/Intel/Embree/Embree2140/src/kernels/geometry/bezier_ribbon_intersector.h,2,3,5
/media/ullmann/HDDGabriel/engines/UnrealEngine/Engine/Source/ThirdParty/libOpus/opus-1.3.1-12/silk/fixed/noise_shape_analysis_FIX.c,0,2,2
/media/ullmann/HDDGabriel/engines/UnrealEngine/Engine/Source/ThirdParty/HarfBuzz/harfbuzz-1.2.4/test/api/test-unicode.c,0,1,1
/media/ullmann/HDDGabriel/engines/UnrealEngine/Engine/Source/Runtime/Engine/Private/Streaming/Texture2DMipAllocator_AsyncCreate.cpp,0,1,1
/media/ullmann/HDDGabriel/engines/UnrealEngine/Engine/Source/Runtime/Engine/Private/Streaming/Texture2DMipAllocator_AsyncCreate.h,2,1,3
/media/ullmann/HDDGabriel/engines/UnrealEngine/Engine/Source/ThirdParty/Alembic/alembic-1.8.2/python/PyAlembic/PyTypedArraySampleConverter.h,1,2,3
/media/ullmann/HDDGabriel/engines/UnrealEngine/Engine/Source/ThirdParty/Boost/boost-1_70_0/include/boost/polygon/polygon_45_set_traits.hpp,2,0,2
/media/ullmann/HDDGabriel/engines/UnrealEngine/Engine/Source/ThirdParty/Imath/Deploy/Imath-3.1.3/include/Imath/ImathFrame.h,0,1,1
/media/ullmann/HDDGabriel/engines/UnrealEngine/Engine/Source/Developer/TraceServices/Private/Modules/PlatformEventsModule.cpp,0,1,1
/media/ullmann/HDDGabriel/engines/UnrealEngine/Engine/Source/ThirdParty/ShaderConductor/ShaderConductor/External/DirectXShaderCompiler/tools/clang/bindings/python/tests/cindex/INPUTS/header3.h,2,0,2
/media/ullmann/HDDGabriel/engines/UnrealEngine/Engine/Source/Runtime/Windows/WindowsPlatformFeatures/Private/WindowsPlatformFeatures.h,1,1,2
/media/ullmann/HDDGabriel/engines/UnrealEngine/Engine/Source/Runtime/Windows/WindowsPlatformFeatures/Private/WindowsPlatformFeaturesCommon.h,3,0,3
/media/ullmann/HDDGabriel/engines/UnrealEngine/Engine/Source/Editor/BlueprintGraph/Classes/K2Node_Composite.h,1,1,2
/media/ullmann/HDDGabriel/engines/UnrealEngine/Engine/Source/Editor/BlueprintGraph/Classes/K2Node_Tunnel.h,2,1,3
/media/ullmann/HDDGabriel/engines/UnrealEngine/Engine/Source/Editor/UMGEditor/Private/WidgetBlueprintEditorToolbar.h,2,0,2
/media/ullmann/HDDGabriel/engines/UnrealEngine/Engine/Source/ThirdParty/Steamworks/Steamv146/sdk/public/steam/isteamugc.h,1,2,3
/media/ullmann/HDDGabriel/engines/UnrealEngine/Engine/Source/ThirdParty/Steamworks/Steamv146/sdk/public/steam/isteamremotestorage.h,3,1,4
/media/ullmann/HDDGabriel/engines/UnrealEngine/Engine/Source/ThirdParty/ICU/icu4c-64_1/source/test/intltest/collationtest.cpp,0,1,1
/media/ullmann/HDDGabriel/engines/UnrealEngine/Engine/Source/ThirdParty/ICU/icu4c-64_1/source/i18n/nfrs.cpp,0,3,3
/media/ullmann/HDDGabriel/engines/UnrealEngine/Engine/Source/ThirdParty/Oculus/LibOVRPlatform/LibOVRPlatform/include/OVR_LaunchDetails.h,2,4,6
/media/ullmann/HDDGabriel/engines/UnrealEngine/Engine/Source/ThirdParty/Oculus/LibOVRPlatform/LibOVRPlatform/include/OVR_UserArray.h,7,2,9
/media/ullmann/HDDGabriel/engines/UnrealEngine/Engine/Source/ThirdParty/Boost/boost-1_70_0/include/boost/polygon/point_traits.hpp,4,1,5
/media/ullmann/HDDGabriel/engines/UnrealEngine/Engine/Source/ThirdParty/ShaderConductor/ShaderConductor/External/DirectXShaderCompiler/include/llvm/DebugInfo/PDB/PDBSymbolCompiland.h,0,2,2
/media/ullmann/HDDGabriel/engines/UnrealEngine/Engine/Source/Programs/HeadlessChaos/Public/GeometryCollection/GeometryCollectionTestMatrices.h,0,1,1
/media/ullmann/HDDGabriel/engines/UnrealEngine/Engine/Source/Runtime/Slate/Public/Widgets/Layout/SUniformGridPanel.h,2,0,2
/media/ullmann/HDDGabriel/engines/UnrealEngine/Engine/Source/ThirdParty/Intel/Embree/Embree270/src/kernels/common/rtcore.h,1,1,2
/media/ullmann/HDDGabriel/engines/UnrealEngine/Engine/Source/Developer/OutputLog/Private/SDebugConsole.cpp,0,2,2
/media/ullmann/HDDGabriel/engines/UnrealEngine/Engine/Source/ThirdParty/MCPP/mcpp-2.7.2/cpp-test/test-t/nest2.h,1,1,2
/media/ullmann/HDDGabriel/engines/UnrealEngine/Engine/Source/ThirdParty/MCPP/mcpp-2.7.2/cpp-test/test-t/nest3.h,1,1,2
/media/ullmann/HDDGabriel/engines/UnrealEngine/Engine/Source/ThirdParty/SDL2/SDL-gui-backend/src/video/uikit/SDL_uikitmetalview.h,0,2,2
/media/ullmann/HDDGabriel/engines/UnrealEngine/Engine/Source/ThirdParty/PhysX3/PhysX_3.4/Source/PhysX/src/NpPvdSceneQueryCollector.h,2,0,2
/media/ullmann/HDDGabriel/engines/UnrealEngine/Engine/Source/Editor/UnrealEd/Private/Settings/BlueprintEditorProjectSettingsCustomization.cpp,0,1,1
/media/ullmann/HDDGabriel/engines/UnrealEngine/Engine/Source/Editor/UnrealEd/Private/Settings/BlueprintEditorProjectSettingsCustomization.h,2,0,2
/media/ullmann/HDDGabriel/engines/UnrealEngine/Engine/Source/Developer/CrashDebugHelper/Private/CrashDebugHelperModule.cpp,0,1,1
/media/ullmann/HDDGabriel/engines/UnrealEngine/Engine/Source/Developer/CrashDebugHelper/Private/CrashDebugHelperPrivate.h,2,0,2
/media/ullmann/HDDGabriel/engines/UnrealEngine/Engine/Source/Runtime/Json/Public/Dom/JsonObject.h,1,0,1
/media/ullmann/HDDGabriel/engines/UnrealEngine/Engine/Source/ThirdParty/FreeImage/FreeImage-3.18.0/Source/OpenEXR/IlmImf/ImfChromaticities.cpp,0,2,2
/media/ullmann/HDDGabriel/engines/UnrealEngine/Engine/Source/ThirdParty/FreeImage/FreeImage-3.18.0/Source/OpenEXR/IlmImf/ImfChromaticities.h,3,2,5
/media/ullmann/HDDGabriel/engines/UnrealEngine/Engine/Source/ThirdParty/OpenVDB/openvdb-8.1.0/openvdb_ax/openvdb_ax/ast/Visitor.h,4,2,6
/media/ullmann/HDDGabriel/engines/UnrealEngine/Engine/Source/ThirdParty/Intel/MetricsDiscovery/MetricsDiscoveryHelper/source/metrics_discovery_helper_dx11.h,1,1,2
/media/ullmann/HDDGabriel/engines/UnrealEngine/Engine/Source/ThirdParty/mimalloc/src/heap.c,1,0,1
/media/ullmann/HDDGabriel/engines/UnrealEngine/Engine/Source/Runtime/VulkanRHI/Private/VulkanRayTracing.h,6,1,7
/media/ullmann/HDDGabriel/engines/UnrealEngine/Engine/Source/ThirdParty/SDL2/SDL-gui-backend/src/video/windows/SDL_windowswindow.c,0,8,8
/media/ullmann/HDDGabriel/engines/UnrealEngine/Engine/Source/ThirdParty/EOSSDK/SDK/Bin/Android/include/eos_anticheatcommon_types.h,2,1,3
/media/ullmann/HDDGabriel/engines/UnrealEngine/Engine/Source/ThirdParty/PhysX3/PhysX_3.4/Source/GeomUtils/src/GuBox.cpp,0,2,2
/media/ullmann/HDDGabriel/engines/UnrealEngine/Engine/Source/ThirdParty/PhysX3/PhysX_3.4/Source/GeomUtils/src/GuCapsule.h,6,0,6
/media/ullmann/HDDGabriel/engines/UnrealEngine/Engine/Source/ThirdParty/Intel/TBB/IntelTBB-2019u8/src/test/test_parallel_sort.cpp,0,2,2
/media/ullmann/HDDGabriel/engines/UnrealEngine/Engine/Source/ThirdParty/FreeType2/FreeType2-2.10.0/src/lzw/ftlzw.c,0,2,2
/media/ullmann/HDDGabriel/engines/UnrealEngine/Engine/Source/ThirdParty/FreeType2/FreeType2-2.10.0/src/lzw/ftzopen.h,2,0,2
/media/ullmann/HDDGabriel/engines/UnrealEngine/Engine/Source/ThirdParty/Steamworks/Steamv147/sdk/public/steam/isteamapps.h,1,1,2
/media/ullmann/HDDGabriel/engines/UnrealEngine/Engine/Source/ThirdParty/Intel/Embree/Embree2140/src/common/simd/simd.h,0,4,4
/media/ullmann/HDDGabriel/engines/UnrealEngine/Engine/Source/ThirdParty/WebRTC/4147/Include/base/third_party/double_conversion/double-conversion/fixed-dtoa.h,0,1,1
/media/ullmann/HDDGabriel/engines/UnrealEngine/Engine/Source/ThirdParty/WebRTC/4147/Include/base/third_party/double_conversion/double-conversion/utils.h,8,0,8
/media/ullmann/HDDGabriel/engines/UnrealEngine/Engine/Source/ThirdParty/hlslcc/hlslcc/src/hlslcc_lib/IRDump.h,9,0,9
/media/ullmann/HDDGabriel/engines/UnrealEngine/Engine/Source/ThirdParty/Intel/Embree/Embree2140/src/common/math/quaternion.h,2,1,3
/media/ullmann/HDDGabriel/engines/UnrealEngine/Engine/Source/ThirdParty/libOpus/opus-1.3.1-12/silk/control_SNR.c,0,2,2
/media/ullmann/HDDGabriel/engines/UnrealEngine/Engine/Source/ThirdParty/ICU/icu4c-53_1/source/i18n/sharednumberformat.h,3,0,3
/media/ullmann/HDDGabriel/engines/UnrealEngine/Engine/Source/Runtime/Renderer/Private/InstanceCulling/InstanceCullingContext.cpp,0,2,2
/media/ullmann/HDDGabriel/engines/UnrealEngine/Engine/Source/Runtime/Renderer/Private/InstanceCulling/InstanceCullingLoadBalancer.h,4,0,4
/media/ullmann/HDDGabriel/engines/UnrealEngine/Engine/Source/ThirdParty/PhysX3/PhysX_3.4/Source/SimulationController/src/ScActorElementPair.h,1,2,3
/media/ullmann/HDDGabriel/engines/UnrealEngine/Engine/Source/ThirdParty/HarfBuzz/harfbuzz-1.2.4/src/hb-ot-shape-normalize.cc,0,3,3
/media/ullmann/HDDGabriel/engines/UnrealEngine/Engine/Source/Runtime/Slate/Public/Widgets/Views/STableRow.h,3,1,4
/media/ullmann/HDDGabriel/engines/UnrealEngine/Engine/Source/ThirdParty/openexr/openexr-3.1.1/src/lib/OpenEXR/ImfMultiPartInputFile.cpp,0,18,18
/media/ullmann/HDDGabriel/engines/UnrealEngine/Engine/Source/ThirdParty/FreeImage/FreeImage-3.18.0/Source/Metadata/IPTC.cpp,0,1,1
/media/ullmann/HDDGabriel/engines/UnrealEngine/Engine/Source/ThirdParty/Windows/glTF-Toolkit/glTF-Toolkit.Test/GLBSerializerTests.cpp,0,3,3
/media/ullmann/HDDGabriel/engines/UnrealEngine/Engine/Source/ThirdParty/FreeType2/FreeType2-2.10.4/src/gxvalid/gxvalid.h,13,1,14
/media/ullmann/HDDGabriel/engines/UnrealEngine/Engine/Source/ThirdParty/FreeType2/FreeType2-2.10.4/src/gxvalid/gxverror.h,1,0,1
/media/ullmann/HDDGabriel/engines/UnrealEngine/Engine/Source/ThirdParty/ICU/icu4c-53_1/source/test/intltest/itrbbi.cpp,0,3,3
/media/ullmann/HDDGabriel/engines/UnrealEngine/Engine/Source/Editor/SequenceRecorder/Public/MovieScenePropertyRecorder.h,0,1,1
/media/ullmann/HDDGabriel/engines/UnrealEngine/Engine/Source/Editor/SequenceRecorder/Public/SequenceRecorderSettings.h,1,1,2
/media/ullmann/HDDGabriel/engines/UnrealEngine/Engine/Source/ThirdParty/PhysX3/PhysX_3.4/Source/PhysX/src/gpu/PxParticleGpu.cpp,0,1,1
/media/ullmann/HDDGabriel/engines/UnrealEngine/Engine/Source/ThirdParty/PhysX3/PhysX_3.4/Source/PhysX/src/gpu/NpPhysicsGpu.h,3,0,3
/media/ullmann/HDDGabriel/engines/UnrealEngine/Engine/Source/ThirdParty/ICU/icu4c-64_1/source/common/unicode/uclean.h,6,0,6
/media/ullmann/HDDGabriel/engines/UnrealEngine/Engine/Source/ThirdParty/ICU/icu4c-64_1/source/common/dictionarydata.cpp,0,5,5
/media/ullmann/HDDGabriel/engines/UnrealEngine/Engine/Source/ThirdParty/OpenSubdiv/OpenSubdiv-3.4.4/regression/shapes/catmark_edgeonly.h,2,0,2
/media/ullmann/HDDGabriel/engines/UnrealEngine/Engine/Source/Editor/PropertyEditor/Public/IStructureDetailsView.h,0,1,1
/media/ullmann/HDDGabriel/engines/UnrealEngine/Engine/Source/Editor/DetailCustomizations/Private/SkeletalMeshReductionSettingsDetails.h,2,0,2
/media/ullmann/HDDGabriel/engines/UnrealEngine/Engine/Source/ThirdParty/SDL2/SDL-gui-backend/src/video/haiku/SDL_bopengl.h,3,1,4
/media/ullmann/HDDGabriel/engines/UnrealEngine/Engine/Source/Editor/ContentBrowserData/Public/ContentBrowserItemPath.h,0,1,1
/media/ullmann/HDDGabriel/engines/UnrealEngine/Engine/Source/Editor/ContentBrowserData/Public/ContentBrowserDataSubsystem.h,2,2,4
/media/ullmann/HDDGabriel/engines/UnrealEngine/Engine/Source/ThirdParty/Oculus/LibOVRPlatform/LibOVRPlatform/include/OVR_LaunchBlockFlowResult.h,2,1,3
/media/ullmann/HDDGabriel/engines/UnrealEngine/Engine/Source/ThirdParty/ICU/icu4c-64_1/source/i18n/number_patternstring.cpp,0,4,4
/media/ullmann/HDDGabriel/engines/UnrealEngine/Engine/Source/Runtime/Engine/Public/AudioThread.h,2,0,2
/media/ullmann/HDDGabriel/engines/UnrealEngine/Engine/Source/Developer/AssetTools/Private/SAdvancedCopyReportDialog.h,2,0,2
/media/ullmann/HDDGabriel/engines/UnrealEngine/Engine/Source/ThirdParty/FreeImage/FreeImage-3.18.0/Source/LibOpenJPEG/function_list.c,0,1,1
/media/ullmann/HDDGabriel/engines/UnrealEngine/Engine/Source/ThirdParty/PhysX3/APEX_1.4/module/clothing/embedded/PxClothFabric.h,1,0,1
/media/ullmann/HDDGabriel/engines/UnrealEngine/Engine/Source/Runtime/Slate/Public/Widgets/Input/SEditableText.h,3,0,3
/media/ullmann/HDDGabriel/engines/UnrealEngine/Engine/Source/ThirdParty/libOpus/opus-1.3.1-12/celt/arm/armcpu.c,0,1,1
/media/ullmann/HDDGabriel/engines/UnrealEngine/Engine/Source/ThirdParty/FreeImage/FreeImage-3.18.0/Source/OpenEXR/IlmImf/ImfPxr24Compressor.cpp,0,6,6
/media/ullmann/HDDGabriel/engines/UnrealEngine/Engine/Source/ThirdParty/Intel/ISPC/ispc-1.17.0/ispcrt/ispcrt.hpp,0,1,1
/media/ullmann/HDDGabriel/engines/UnrealEngine/Engine/Source/ThirdParty/Perforce/P4Api.Net/p4bridge/p4bridge-api.cpp,0,3,3
/media/ullmann/HDDGabriel/engines/UnrealEngine/Engine/Source/ThirdParty/Crunch/src/crnlib/crn_timer.h,3,0,3
/media/ullmann/HDDGabriel/engines/UnrealEngine/Engine/Source/Runtime/HeadMountedDisplay/Public/IXRTrackingSystem.h,3,4,7
/media/ullmann/HDDGabriel/engines/UnrealEngine/Engine/Source/ThirdParty/Android/libunwind/libunwind/src/unwind/GetCFA.c,0,1,1
/media/ullmann/HDDGabriel/engines/UnrealEngine/Engine/Source/ThirdParty/Intel/TBB/IntelTBB-2019u8/src/test/test_combinable.cpp,0,4,4
/media/ullmann/HDDGabriel/engines/UnrealEngine/Engine/Source/Runtime/ApplicationCore/Private/Windows/WindowsApplication.cpp,0,2,2
/media/ullmann/HDDGabriel/engines/UnrealEngine/Engine/Source/Runtime/ApplicationCore/Private/Windows/XInputInterface.h,2,0,2
/media/ullmann/HDDGabriel/engines/UnrealEngine/Engine/Source/ThirdParty/ICU/icu4c-53_1/source/test/intltest/tsdtfmsy.cpp,0,1,1
/media/ullmann/HDDGabriel/engines/UnrealEngine/Engine/Source/ThirdParty/ICU/icu4c-53_1/source/test/intltest/tsdtfmsy.h,2,1,3
/media/ullmann/HDDGabriel/engines/UnrealEngine/Engine/Source/Runtime/SessionServices/Public/SessionLogMessage.h,1,0,1
/media/ullmann/HDDGabriel/engines/UnrealEngine/Engine/Source/ThirdParty/PhysX3/PhysX_3.4/Source/GeomUtils/src/ccd/GuCCDSweepPrimitives.cpp,0,1,1
/media/ullmann/HDDGabriel/engines/UnrealEngine/Engine/Source/ThirdParty/PhysX3/PhysX_3.4/Source/GeomUtils/src/ccd/GuCCDSweepConvexMesh.h,2,0,2
/media/ullmann/HDDGabriel/engines/UnrealEngine/Engine/Source/Developer/MeshSimplifier/Private/Quadric.cpp,0,1,1
/media/ullmann/HDDGabriel/engines/UnrealEngine/Engine/Source/Developer/MeshSimplifier/Private/Quadric.h,2,0,2
/media/ullmann/HDDGabriel/engines/UnrealEngine/Engine/Source/ThirdParty/PhysX3/APEX_1.4/module/clothing/embedded/LowLevelCloth/src/MovingAverage.h,1,1,2
/media/ullmann/HDDGabriel/engines/UnrealEngine/Engine/Source/Editor/ClothPainter/Private/ClothPaintSettingsCustomization.cpp,0,4,4
/media/ullmann/HDDGabriel/engines/UnrealEngine/Engine/Source/ThirdParty/PhysX3/PhysX_3.4/Include/vehicle/PxVehicleDriveTank.h,1,0,1
/media/ullmann/HDDGabriel/engines/UnrealEngine/Engine/Source/Runtime/Engine/Public/KeyState.h,1,0,1
/media/ullmann/HDDGabriel/engines/UnrealEngine/Engine/Source/Editor/DetailCustomizations/Private/PhysicsSettingsDetails.h,2,0,2
/media/ullmann/HDDGabriel/engines/UnrealEngine/Engine/Source/ThirdParty/PhysX3/PxShared/src/pvd/src/PxProfileZone.h,4,3,7
/media/ullmann/HDDGabriel/engines/UnrealEngine/Engine/Source/ThirdParty/PhysX3/APEX_1.4/module/destructible/fracture/Delaunay3d.h,3,2,5
/media/ullmann/HDDGabriel/engines/UnrealEngine/Engine/Source/ThirdParty/ICU/icu4c-64_1/source/i18n/japancal.cpp,0,4,4
/media/ullmann/HDDGabriel/engines/UnrealEngine/Engine/Source/ThirdParty/Intel/TBB/IntelTBB-2019u8/src/test/test_allocator.h,2,1,3
/media/ullmann/HDDGabriel/engines/UnrealEngine/Engine/Source/ThirdParty/libOpus/opus-1.0.3/silk/NLSF_del_dec_quant.c,0,1,1
/media/ullmann/HDDGabriel/engines/UnrealEngine/Engine/Source/ThirdParty/ICU/icu4c-53_1/source/i18n/plurrule_impl.h,6,1,7
/media/ullmann/HDDGabriel/engines/UnrealEngine/Engine/Source/ThirdParty/ICU/icu4c-53_1/source/i18n/unicode/format.h,8,0,8
/media/ullmann/HDDGabriel/engines/UnrealEngine/Engine/Source/ThirdParty/GoogleGameSDK/gamesdk/src/swappy/vulkan/SwappyVkFallback.cpp,0,1,1
/media/ullmann/HDDGabriel/engines/UnrealEngine/Engine/Source/Runtime/Engine/Private/TextureDerivedDataTask.cpp,0,5,5
/media/ullmann/HDDGabriel/engines/UnrealEngine/Engine/Source/Runtime/Engine/Private/VT/VirtualTextureChunkDDCCache.h,4,0,4
/media/ullmann/HDDGabriel/engines/UnrealEngine/Engine/Source/ThirdParty/ICU/icu4c-64_1/source/i18n/strrepl.cpp,0,2,2
/media/ullmann/HDDGabriel/engines/UnrealEngine/Engine/Source/ThirdParty/CryptoPP/5.6.5/include/zlib.h,1,4,5
/media/ullmann/HDDGabriel/engines/UnrealEngine/Engine/Source/Editor/LevelEditor/Private/LevelViewportLayout.cpp,0,1,1
/media/ullmann/HDDGabriel/engines/UnrealEngine/Engine/Source/Editor/LevelEditor/Private/LevelViewportLayoutEntity.h,3,0,3
/media/ullmann/HDDGabriel/engines/UnrealEngine/Engine/Source/Developer/AssetTools/Private/AssetTypeActions/AssetTypeActions_InterpData.h,1,0,1
/media/ullmann/HDDGabriel/engines/UnrealEngine/Engine/Source/ThirdParty/Android/libunwind/libunwind/src/ptrace/_UPT_access_fpreg.c,0,1,1
/media/ullmann/HDDGabriel/engines/UnrealEngine/Engine/Source/Developer/LogVisualizer/Private/SVisualLoggerTimelineBar.h,3,1,4
/media/ullmann/HDDGabriel/engines/UnrealEngine/Engine/Source/ThirdParty/openexr/openexr-3.1.1/src/lib/OpenEXRCore/internal_constants.h,11,0,11
/media/ullmann/HDDGabriel/engines/UnrealEngine/Engine/Source/ThirdParty/ICU/icu4c-53_1/source/io/ufmt_cmn.c,0,1,1
/media/ullmann/HDDGabriel/engines/UnrealEngine/Engine/Source/ThirdParty/ICU/icu4c-53_1/source/io/ufmt_cmn.h,7,0,7
/media/ullmann/HDDGabriel/engines/UnrealEngine/Engine/Source/ThirdParty/Imath/Imath-3.1.3/src/Imath/ImathFrame.h,0,1,1
/media/ullmann/HDDGabriel/engines/UnrealEngine/Engine/Source/Editor/AnimGraph/Public/AnimGraphNode_LinkedAnimGraph.h,0,1,1
/media/ullmann/HDDGabriel/engines/UnrealEngine/Engine/Source/Developer/Android/AndroidPlatformEditor/Private/AndroidSDKSettingsCustomization.cpp,0,2,2
/media/ullmann/HDDGabriel/engines/UnrealEngine/Engine/Source/ThirdParty/Boost/boost-1_70_0/include/boost/array.hpp,0,1,1
/media/ullmann/HDDGabriel/engines/UnrealEngine/Engine/Source/ThirdParty/libOpus/opus-1.3.1-12/silk/VAD.c,0,1,1
/media/ullmann/HDDGabriel/engines/UnrealEngine/Engine/Source/Runtime/D3D12RHI/Private/Windows/WindowsD3D12Adapter.h,1,0,1
/media/ullmann/HDDGabriel/engines/UnrealEngine/Engine/Source/ThirdParty/ShaderConductor/ShaderConductor/External/DirectXShaderCompiler/include/llvm/DebugInfo/PDB/PDBSymbolLabel.h,0,2,2
/media/ullmann/HDDGabriel/engines/UnrealEngine/Engine/Source/Developer/Profiler/Private/ProfilerSession.cpp,0,3,3
/media/ullmann/HDDGabriel/engines/UnrealEngine/Engine/Source/Developer/Profiler/Private/ProfilerFPSAnalyzer.h,2,1,3
/media/ullmann/HDDGabriel/engines/UnrealEngine/Engine/Source/ThirdParty/SPIRV-Reflect/SPIRV-Reflect/common/output_stream.cpp,0,1,1
/media/ullmann/HDDGabriel/engines/UnrealEngine/Engine/Source/ThirdParty/FreeType2/FreeType2-2.10.0/src/type1/t1gload.c,1,2,3
/media/ullmann/HDDGabriel/engines/UnrealEngine/Engine/Source/ThirdParty/FreeType2/FreeType2-2.4.12/src/type1/t1afm.h,3,1,4
/media/ullmann/HDDGabriel/engines/UnrealEngine/Engine/Source/ThirdParty/CryptoPP/5.6.5/include/ida.cpp,0,7,7
/media/ullmann/HDDGabriel/engines/UnrealEngine/Engine/Source/ThirdParty/Intel/Embree/Embree2140/src/kernels/common/scene_instance.h,5,1,6
/media/ullmann/HDDGabriel/engines/UnrealEngine/Engine/Source/ThirdParty/ICU/icu4c-64_1/source/i18n/gregocal.cpp,0,2,2
/media/ullmann/HDDGabriel/engines/UnrealEngine/Engine/Source/Runtime/SlateCore/Public/Layout/LayoutUtils.h,1,5,6
/media/ullmann/HDDGabriel/engines/UnrealEngine/Engine/Source/Runtime/SlateCore/Public/Layout/Margin.h,2,0,2
/media/ullmann/HDDGabriel/engines/UnrealEngine/Engine/Source/ThirdParty/ShaderConductor/ShaderConductor/External/DirectXShaderCompiler/utils/TableGen/X86DisassemblerTables.cpp,0,2,2
/media/ullmann/HDDGabriel/engines/UnrealEngine/Engine/Source/ThirdParty/openexr/Deploy/openexr-3.1.1/include/OpenEXR/ImfMatrixAttribute.h,1,3,4
/media/ullmann/HDDGabriel/engines/UnrealEngine/Engine/Source/ThirdParty/Intel/TBB/IntelTBB-2019u8/src/test/test_fp.cpp,0,3,3
/media/ullmann/HDDGabriel/engines/UnrealEngine/Engine/Source/ThirdParty/Intel/TBB/IntelTBB-2019u8/src/test/harness_fp.h,2,1,3
/media/ullmann/HDDGabriel/engines/UnrealEngine/Engine/Source/ThirdParty/ShaderConductor/ShaderConductor/External/DirectXShaderCompiler/tools/llvm-pdbdump/FunctionDumper.cpp,0,4,4
/media/ullmann/HDDGabriel/engines/UnrealEngine/Engine/Source/ThirdParty/ICU/icu4c-64_1/source/test/cintltst/crestst.h,1,1,2
/media/ullmann/HDDGabriel/engines/UnrealEngine/Engine/Source/ThirdParty/ICU/icu4c-64_1/source/i18n/numparse_scientific.h,2,3,5
/media/ullmann/HDDGabriel/engines/UnrealEngine/Engine/Source/Editor/DetailCustomizations/Private/TextCustomization.cpp,0,1,1
/media/ullmann/HDDGabriel/engines/UnrealEngine/Engine/Source/Editor/DetailCustomizations/Private/TextCustomization.h,2,0,2
/media/ullmann/HDDGabriel/engines/UnrealEngine/Engine/Source/Runtime/VulkanRHI/Private/VulkanViewport.cpp,0,5,5
/media/ullmann/HDDGabriel/engines/UnrealEngine/Engine/Source/ThirdParty/SDL2/SDL-gui-backend/src/thread/vita/SDL_systhread.c,0,3,3
/media/ullmann/HDDGabriel/engines/UnrealEngine/Engine/Source/ThirdParty/FreeType2/FreeType2-2.6/Src/autofit/afglobal.c,1,8,9
/media/ullmann/HDDGabriel/engines/UnrealEngine/Engine/Source/ThirdParty/SDL2/SDL-gui-backend/src/video/riscos/SDL_riscosdefs.h,1,1,2
/media/ullmann/HDDGabriel/engines/UnrealEngine/Engine/Source/ThirdParty/ShaderConductor/ShaderConductor/External/DirectXShaderCompiler/tools/dsymutil/MachODebugMapParser.cpp,0,3,3
/media/ullmann/HDDGabriel/engines/UnrealEngine/Engine/Source/ThirdParty/ShaderConductor/ShaderConductor/External/DirectXShaderCompiler/tools/dsymutil/BinaryHolder.h,4,0,4
/media/ullmann/HDDGabriel/engines/UnrealEngine/Engine/Source/ThirdParty/Oculus/LibOVRPlatform/LibOVRPlatform/include/OVR_OrgScopedID.h,2,2,4
/media/ullmann/HDDGabriel/engines/UnrealEngine/Engine/Source/ThirdParty/FreeType2/FreeType2-2.10.4/src/sfnt/ttmtx.h,3,0,3
/media/ullmann/HDDGabriel/engines/UnrealEngine/Engine/Source/ThirdParty/Intel/Embree/Embree2140/src/kernels/subdiv/patch_eval_grid.h,1,2,3
/media/ullmann/HDDGabriel/engines/UnrealEngine/Engine/Source/ThirdParty/ICU/icu4c-53_1/source/common/uhash.c,0,6,6
/media/ullmann/HDDGabriel/engines/UnrealEngine/Engine/Source/ThirdParty/SDL2/SDL-gui-backend/src/video/SDL_blit_copy.c,0,3,3
/media/ullmann/HDDGabriel/engines/UnrealEngine/Engine/Source/ThirdParty/SDL2/SDL-gui-backend/src/video/SDL_blit_copy.h,2,0,2
/media/ullmann/HDDGabriel/engines/UnrealEngine/Engine/Source/ThirdParty/openexr/Deploy/openexr-3.1.1/include/OpenEXR/ImfDeepTiledInputFile.h,0,4,4
/media/ullmann/HDDGabriel/engines/UnrealEngine/Engine/Source/ThirdParty/ICU/icu4c-64_1/source/common/wintz.h,2,1,3
/media/ullmann/HDDGabriel/engines/UnrealEngine/Engine/Source/ThirdParty/ICU/icu4c-53_1/source/test/cintltst/encoll.c,0,4,4
/media/ullmann/HDDGabriel/engines/UnrealEngine/Engine/Source/ThirdParty/CryptoPP/5.6.5/include/polynomi.h,2,4,6
/media/ullmann/HDDGabriel/engines/UnrealEngine/Engine/Source/ThirdParty/libOpus/opus-1.0.3/celt/quant_bands.c,0,7,7
/media/ullmann/HDDGabriel/engines/UnrealEngine/Engine/Source/ThirdParty/MCPP/mcpp-2.7.2/cpp-test/test-l/nest7.h,1,1,2
/media/ullmann/HDDGabriel/engines/UnrealEngine/Engine/Source/Developer/Windows/LiveCoding/Private/External/LC_Shortcut.cpp,0,1,1
/media/ullmann/HDDGabriel/engines/UnrealEngine/Engine/Source/Developer/Windows/LiveCoding/Private/External/LC_Shortcut.h,1,0,1
/media/ullmann/HDDGabriel/engines/UnrealEngine/Engine/Source/ThirdParty/Intel/Embree/Embree270/src/kernels/xeon/geometry/triangle_intersector_pluecker2.h,0,2,2
/media/ullmann/HDDGabriel/engines/UnrealEngine/Engine/Source/ThirdParty/Crunch/src/crnlib/crn_hash.cpp,0,1,1
/media/ullmann/HDDGabriel/engines/UnrealEngine/Engine/Source/ThirdParty/GoogleOboe/Private/fifo/FifoController.h,1,1,2
/media/ullmann/HDDGabriel/engines/UnrealEngine/Engine/Source/ThirdParty/GoogleOboe/Private/fifo/FifoControllerBase.h,5,0,5
/media/ullmann/HDDGabriel/engines/UnrealEngine/Engine/Source/Runtime/RenderCore/Public/RenderGraphPass.h,3,3,6
/media/ullmann/HDDGabriel/engines/UnrealEngine/Engine/Source/ThirdParty/PhysX3/APEX_1.4/framework/include/FrameworkPerfScope.h,1,0,1
/media/ullmann/HDDGabriel/engines/UnrealEngine/Engine/Source/ThirdParty/PhysX3/APEX_1.4/module/clothing/embedded/LowLevelCloth/src/SwSelfCollision.cpp,0,6,6
/media/ullmann/HDDGabriel/engines/UnrealEngine/Engine/Source/Runtime/Slate/Public/Framework/Text/TextLayoutEngine.h,2,0,2
/media/ullmann/HDDGabriel/engines/UnrealEngine/Engine/Source/Editor/Persona/Private/SAnimNotifyPanel.h,4,3,7
/media/ullmann/HDDGabriel/engines/UnrealEngine/Engine/Source/Editor/Persona/Private/SAnimTimingPanel.h,4,2,6
/media/ullmann/HDDGabriel/engines/UnrealEngine/Engine/Source/Runtime/Renderer/Private/DynamicShadowMapChannelBindingHelper.cpp,0,2,2
/media/ullmann/HDDGabriel/engines/UnrealEngine/Engine/Source/ThirdParty/FreeType2/FreeType2-2.10.4/src/autofit/aflatin.h,6,1,7
/media/ullmann/HDDGabriel/engines/UnrealEngine/Engine/Source/ThirdParty/Python3/Win64/include/import.h,1,1,2
/media/ullmann/HDDGabriel/engines/UnrealEngine/Engine/Source/ThirdParty/PhysX3/PhysX_3.4/Source/SimulationController/src/ScActorSim.cpp,0,3,3
/media/ullmann/HDDGabriel/engines/UnrealEngine/Engine/Source/ThirdParty/ICU/icu4c-53_1/source/test/intltest/mnkytst.h,2,1,3
/media/ullmann/HDDGabriel/engines/UnrealEngine/Engine/Source/ThirdParty/FreeType2/FreeType2-2.4.12/src/pfr/pfrgload.h,2,1,3
/media/ullmann/HDDGabriel/engines/UnrealEngine/Engine/Source/ThirdParty/ICU/icu4c-53_1/source/common/cwchar.c,0,2,2
/media/ullmann/HDDGabriel/engines/UnrealEngine/Engine/Source/ThirdParty/Intel/ISPC/ispc-1.17.0/examples/cpu/gmres/matrix.h,4,1,5
/media/ullmann/HDDGabriel/engines/UnrealEngine/Engine/Source/ThirdParty/FakeIt/2.0.2/tests/overloadded_methods_tests.cpp,0,1,1
/media/ullmann/HDDGabriel/engines/UnrealEngine/Engine/Source/Runtime/Apple/AGXRHI/Private/AGXRenderPass.cpp,0,6,6
/media/ullmann/HDDGabriel/engines/UnrealEngine/Engine/Source/ThirdParty/Intel/Embree/Embree2140/src/kernels/geometry/trianglei_intersector.h,4,3,7
/media/ullmann/HDDGabriel/engines/UnrealEngine/Engine/Source/ThirdParty/ICU/icu4c-53_1/source/tools/genrb/errmsg.c,0,1,1
/media/ullmann/HDDGabriel/engines/UnrealEngine/Engine/Source/ThirdParty/Crunch/src/crnlib/crn_miniz.cpp,0,2,2
/media/ullmann/HDDGabriel/engines/UnrealEngine/Engine/Source/ThirdParty/Crunch/src/crnlib/crn_miniz.h,2,0,2
/media/ullmann/HDDGabriel/engines/UnrealEngine/Engine/Source/Editor/DetailCustomizations/Private/CollectionReferenceStructCustomization.cpp,0,1,1
/media/ullmann/HDDGabriel/engines/UnrealEngine/Engine/Source/Programs/HeadlessChaos/Resource/CylinderGeometry.cpp,0,1,1
/media/ullmann/HDDGabriel/engines/UnrealEngine/Engine/Source/Programs/HeadlessChaos/Resource/CylinderGeometry.h,1,0,1
/media/ullmann/HDDGabriel/engines/UnrealEngine/Engine/Source/ThirdParty/libOpus/opus-1.3.1-12/silk/macros.h,1,4,5
/media/ullmann/HDDGabriel/engines/UnrealEngine/Engine/Source/ThirdParty/libOpus/opus-1.3.1-12/silk/mips/macros_mipsr1.h,1,0,1
/media/ullmann/HDDGabriel/engines/UnrealEngine/Engine/Source/ThirdParty/ShaderConductor/ShaderConductor/External/googletest/googletest/samples/sample5_unittest.cc,0,2,2
/media/ullmann/HDDGabriel/engines/UnrealEngine/Engine/Source/ThirdParty/ShaderConductor/ShaderConductor/External/googletest/googletest/samples/sample3-inl.h,2,0,2
/media/ullmann/HDDGabriel/engines/UnrealEngine/Engine/Source/Runtime/VulkanRHI/Private/VulkanBarriers.cpp,0,4,4
/media/ullmann/HDDGabriel/engines/UnrealEngine/Engine/Source/Runtime/VulkanRHI/Private/VulkanBarriers.h,5,0,5
/media/ullmann/HDDGabriel/engines/UnrealEngine/Engine/Source/Runtime/Slate/Public/Widgets/Text/ISlateEditableTextWidget.h,3,0,3
/media/ullmann/HDDGabriel/engines/UnrealEngine/Engine/Source/Runtime/Renderer/Private/LightSceneInfo.cpp,0,4,4
/media/ullmann/HDDGabriel/engines/UnrealEngine/Engine/Source/ThirdParty/Intel/TBB/IntelTBB-2019u8/src/test/test_partitioner_whitebox.h,1,2,3
/media/ullmann/HDDGabriel/engines/UnrealEngine/Engine/Source/ThirdParty/ICU/icu4c-53_1/source/tools/genrb/rle.c,0,1,1
/media/ullmann/HDDGabriel/engines/UnrealEngine/Engine/Source/ThirdParty/ICU/icu4c-53_1/source/tools/genrb/rle.h,3,0,3
/media/ullmann/HDDGabriel/engines/UnrealEngine/Engine/Source/Runtime/Core/Public/Modules/ModuleInterface.h,1,0,1
/media/ullmann/HDDGabriel/engines/UnrealEngine/Engine/Source/ThirdParty/SDL2/SDL-gui-backend/src/render/software/SDL_drawline.c,0,4,4
/media/ullmann/HDDGabriel/engines/UnrealEngine/Engine/Source/ThirdParty/ShaderConductor/ShaderConductor/External/DirectXShaderCompiler/tools/lli/lli.cpp,0,4,4
/media/ullmann/HDDGabriel/engines/UnrealEngine/Engine/Source/ThirdParty/ICU/icu4c-53_1/source/layout/CoverageTables.cpp,0,5,5
/media/ullmann/HDDGabriel/engines/UnrealEngine/Engine/Source/Runtime/UMG/Public/Blueprint/DragDropOperation.h,1,0,1
/media/ullmann/HDDGabriel/engines/UnrealEngine/Engine/Source/ThirdParty/Vorbis/libvorbis-1.3.2/lib/barkmel.c,0,1,1
/media/ullmann/HDDGabriel/engines/UnrealEngine/Engine/Source/ThirdParty/Boost/boost-1_70_0/include/boost/tti/has_template.hpp,1,0,1
/media/ullmann/HDDGabriel/engines/UnrealEngine/Engine/Source/ThirdParty/SDL2/SDL-gui-backend/src/video/android/SDL_androidtouch.h,3,2,5
/media/ullmann/HDDGabriel/engines/UnrealEngine/Engine/Source/ThirdParty/FreeType2/FreeType2-2.10.4/src/psaux/psobjs.h,6,0,6
/media/ullmann/HDDGabriel/engines/UnrealEngine/Engine/Source/ThirdParty/Oculus/LibOVRPlatform/LibOVRPlatform/include/OVR_AssetFileDownloadUpdate.h,2,2,4
/media/ullmann/HDDGabriel/engines/UnrealEngine/Engine/Source/Editor/Persona/Private/PoseWatchManagerDefaultMode.cpp,0,4,4
/media/ullmann/HDDGabriel/engines/UnrealEngine/Engine/Source/ThirdParty/SDL2/SDL-gui-backend/src/render/opengl/SDL_shaders_gl.h,2,1,3
/media/ullmann/HDDGabriel/engines/UnrealEngine/Engine/Source/ThirdParty/libstrophe/libstrophe-0.9.3/src/parser_expat.c,0,2,2
/media/ullmann/HDDGabriel/engines/UnrealEngine/Engine/Source/ThirdParty/ICU/icu4c-64_1/source/i18n/unicode/dtitvinf.h,2,0,2
/media/ullmann/HDDGabriel/engines/UnrealEngine/Engine/Source/Editor/Kismet/Public/ImaginaryBlueprintData.h,0,1,1
/media/ullmann/HDDGabriel/engines/UnrealEngine/Engine/Source/Editor/Kismet/Public/FindInBlueprints.h,1,1,2
/media/ullmann/HDDGabriel/engines/UnrealEngine/Engine/Source/ThirdParty/Intel/ISPC/ispc-1.17.0/examples/xpu/pipeline-dpcpp/pipeline-dpcpp.cpp,0,1,1
/media/ullmann/HDDGabriel/engines/UnrealEngine/Engine/Source/ThirdParty/Intel/ISPC/ispc-1.17.0/examples/xpu/pipeline-dpcpp/pipeline-dpcpp.hpp,1,0,1
/media/ullmann/HDDGabriel/engines/UnrealEngine/Engine/Source/ThirdParty/FreeType2/FreeType2-2.6/Src/base/basepic.c,1,1,2
/media/ullmann/HDDGabriel/engines/UnrealEngine/Engine/Source/ThirdParty/FreeType2/FreeType2-2.6/Src/base/basepic.h,6,0,6
/media/ullmann/HDDGabriel/engines/UnrealEngine/Engine/Source/ThirdParty/mtlpp/mtlpp-master-7efad47/src/ns.inl,1,0,1
/media/ullmann/HDDGabriel/engines/UnrealEngine/Engine/Source/Editor/StatsViewer/Private/StatsPages/ShaderCookerStatsPage.h,2,0,2
/media/ullmann/HDDGabriel/engines/UnrealEngine/Engine/Source/Runtime/Engine/Public/RenderAssetUpdate.h,0,1,1
/media/ullmann/HDDGabriel/engines/UnrealEngine/Engine/Source/Runtime/Engine/Public/Streaming/StreamableRenderResourceState.h,1,0,1
/media/ullmann/HDDGabriel/engines/UnrealEngine/Engine/Source/ThirdParty/ShaderConductor/ShaderConductor/External/DirectXShaderCompiler/tools/clang/lib/Sema/TypeLocBuilder.cpp,0,1,1
/media/ullmann/HDDGabriel/engines/UnrealEngine/Engine/Source/ThirdParty/Imath/Imath-3.1.3/src/python/PyImath/PyImathVec4si.cpp,0,2,2
/media/ullmann/HDDGabriel/engines/UnrealEngine/Engine/Source/ThirdParty/CryptoPP/5.6.2/include/tea.h,2,2,4
/media/ullmann/HDDGabriel/engines/UnrealEngine/Engine/Source/ThirdParty/SDL2/SDL-gui-backend/src/video/winrt/SDL_winrtgamebar.cpp,0,3,3
/media/ullmann/HDDGabriel/engines/UnrealEngine/Engine/Source/ThirdParty/Imath/Imath-3.1.3/src/python/PyImath/PyImathQuat.h,2,1,3
/media/ullmann/HDDGabriel/engines/UnrealEngine/Engine/Source/ThirdParty/hlslcc/hlslcc/src/hlslcc_lib/compiler.h,4,0,4
/media/ullmann/HDDGabriel/engines/UnrealEngine/Engine/Source/Editor/AnimGraph/Private/AnimGraphDetails.cpp,0,1,1
/media/ullmann/HDDGabriel/engines/UnrealEngine/Engine/Source/ThirdParty/OpenSubdiv/OpenSubdiv-3.4.4/opensubdiv/osd/cpuGLVertexBuffer.h,1,2,3
/media/ullmann/HDDGabriel/engines/UnrealEngine/Engine/Source/ThirdParty/ICU/icu4c-64_1/source/i18n/sortkey.cpp,0,1,1
/media/ullmann/HDDGabriel/engines/UnrealEngine/Engine/Source/ThirdParty/ICU/icu4c-64_1/source/i18n/unicode/sortkey.h,3,0,3
/media/ullmann/HDDGabriel/engines/UnrealEngine/Engine/Source/ThirdParty/ICU/icu4c-53_1/source/i18n/wintzimpl.h,2,0,2
/media/ullmann/HDDGabriel/engines/UnrealEngine/Engine/Source/Editor/Blutility/Private/EditorUtilitySubsystem.cpp,0,1,1
/media/ullmann/HDDGabriel/engines/UnrealEngine/Engine/Source/Runtime/AVEncoder/Private/Decoders/vdecmpeg4/M4InvQuant.h,3,1,4
/media/ullmann/HDDGabriel/engines/UnrealEngine/Engine/Source/ThirdParty/Steamworks/Steamv146/sdk/public/steam/isteamparentalsettings.h,1,1,2
/media/ullmann/HDDGabriel/engines/UnrealEngine/Engine/Source/ThirdParty/MCPP/mcpp-2.7.2/test-c/n_21.c,0,1,1
/media/ullmann/HDDGabriel/engines/UnrealEngine/Engine/Source/Programs/UnrealLightmass/Private/Lighting/LightmapData.h,3,0,3
/media/ullmann/HDDGabriel/engines/UnrealEngine/Engine/Source/ThirdParty/ICU/icu4c-64_1/source/i18n/collationsettings.cpp,0,4,4
/media/ullmann/HDDGabriel/engines/UnrealEngine/Engine/Source/Programs/UnrealHeaderTool/Private/HeaderProvider.h,3,0,3
/media/ullmann/HDDGabriel/engines/UnrealEngine/Engine/Source/ThirdParty/ICU/icu4c-64_1/source/test/cintltst/cdattst.c,0,3,3
/media/ullmann/HDDGabriel/engines/UnrealEngine/Engine/Source/ThirdParty/ShaderConductor/ShaderConductor/External/DirectXShaderCompiler/tools/clang/lib/StaticAnalyzer/Checkers/ObjCUnusedIVarsChecker.cpp,0,1,1
/media/ullmann/HDDGabriel/engines/UnrealEngine/Engine/Source/ThirdParty/FreeImage/FreeImage-3.18.0/Source/OpenEXR/Iex/IexMathExc.h,1,1,2
/media/ullmann/HDDGabriel/engines/UnrealEngine/Engine/Source/Runtime/AudioMixer/Private/AudioMixerSource.h,4,2,6
/media/ullmann/HDDGabriel/engines/UnrealEngine/Engine/Source/ThirdParty/FreeType2/FreeType2-2.10.4/src/autofit/afcjk.c,1,5,6
/media/ullmann/HDDGabriel/engines/UnrealEngine/Engine/Source/ThirdParty/PhysX3/PhysX_3.4/Source/LowLevelCloth/src/Simd4f.h,1,4,5
/media/ullmann/HDDGabriel/engines/UnrealEngine/Engine/Source/ThirdParty/PhysX3/PhysX_3.4/Source/LowLevelCloth/src/SimdTypes.h,2,3,5
/media/ullmann/HDDGabriel/engines/UnrealEngine/Engine/Source/Editor/EditorWidgets/Private/EditorWidgetsModule.cpp,0,3,3
/media/ullmann/HDDGabriel/engines/UnrealEngine/Engine/Source/Editor/EditorWidgets/Private/SObjectNameEditableTextBox.h,2,0,2
/media/ullmann/HDDGabriel/engines/UnrealEngine/Engine/Source/Runtime/GameMenuBuilder/Public/GameMenuBuilderModule.h,1,0,1
/media/ullmann/HDDGabriel/engines/UnrealEngine/Engine/Source/ThirdParty/openexr/openexr-3.1.1/src/test/OpenEXRTest/testDwaLookups.h,1,0,1
/media/ullmann/HDDGabriel/engines/UnrealEngine/Engine/Source/ThirdParty/MCPP/mcpp-2.7.2/test-c/m_36_big5.c,0,1,1
/media/ullmann/HDDGabriel/engines/UnrealEngine/Engine/Source/ThirdParty/PhysX3/PhysX_3.4/Source/GeomUtils/src/intersection/GuIntersectionSphereBox.cpp,0,1,1
/media/ullmann/HDDGabriel/engines/UnrealEngine/Engine/Source/ThirdParty/PhysX3/PhysX_3.4/Source/GeomUtils/src/intersection/GuIntersectionSphereBox.h,1,0,1
/media/ullmann/HDDGabriel/engines/UnrealEngine/Engine/Source/ThirdParty/Python3/Win64/include/fileobject.h,1,1,2
/media/ullmann/HDDGabriel/engines/UnrealEngine/Engine/Source/ThirdParty/Crunch/src/inc/crnlib.h,11,0,11
/media/ullmann/HDDGabriel/engines/UnrealEngine/Engine/Source/Editor/SkeletonEditor/Private/EditableSkeleton.cpp,0,3,3
/media/ullmann/HDDGabriel/engines/UnrealEngine/Engine/Source/Editor/SkeletonEditor/Private/SBlendProfilePicker.h,3,0,3
/media/ullmann/HDDGabriel/engines/UnrealEngine/Engine/Source/ThirdParty/Intel/ISPC/ispc-1.16.1/src/stmt.h,6,2,8
/media/ullmann/HDDGabriel/engines/UnrealEngine/Engine/Source/ThirdParty/Intel/TBB/IntelTBB-2019u8/examples/parallel_for/tachyon/src/ppm.h,2,0,2
/media/ullmann/HDDGabriel/engines/UnrealEngine/Engine/Source/ThirdParty/ICU/icu4c-53_1/source/i18n/fphdlimp.cpp,0,1,1
/media/ullmann/HDDGabriel/engines/UnrealEngine/Engine/Source/ThirdParty/ICU/icu4c-53_1/source/i18n/fphdlimp.h,3,2,5
/media/ullmann/HDDGabriel/engines/UnrealEngine/Engine/Source/ThirdParty/mimalloc/src/segment.c,1,0,1
/media/ullmann/HDDGabriel/engines/UnrealEngine/Engine/Source/Editor/UndoHistory/Private/Widgets/SUndoHistoryDetails.cpp,0,1,1
/media/ullmann/HDDGabriel/engines/UnrealEngine/Engine/Source/Editor/UndoHistory/Private/Widgets/UndoHistoryUtils.h,1,0,1
/media/ullmann/HDDGabriel/engines/UnrealEngine/Engine/Source/ThirdParty/Windows/DirectX/Include/XAPO.h,1,1,2
/media/ullmann/HDDGabriel/engines/UnrealEngine/Engine/Source/Runtime/BinkAudioDecoder/SDK/BinkAudio/Src/iphone_ticks.cpp,0,1,1
/media/ullmann/HDDGabriel/engines/UnrealEngine/Engine/Source/ThirdParty/ICU/icu4c-53_1/source/i18n/reldtfmt.h,3,2,5
/media/ullmann/HDDGabriel/engines/UnrealEngine/Engine/Source/Runtime/AVEncoder/Private/Decoders/VideoDecoderMpeg4.cpp,0,3,3
/media/ullmann/HDDGabriel/engines/UnrealEngine/Engine/Source/ThirdParty/ICU/icu4c-64_1/source/test/intltest/tufmtts.cpp,0,1,1
/media/ullmann/HDDGabriel/engines/UnrealEngine/Engine/Source/Programs/TestPAL/Private/TestDirectoryWatcher.cpp,0,2,2
/media/ullmann/HDDGabriel/engines/UnrealEngine/Engine/Source/Programs/TestPAL/Private/TestDirectoryWatcher.h,2,0,2
/media/ullmann/HDDGabriel/engines/UnrealEngine/Engine/Source/ThirdParty/libJPG/jpge.cpp,0,1,1
/media/ullmann/HDDGabriel/engines/UnrealEngine/Engine/Source/ThirdParty/libJPG/jpge.h,1,0,1
/media/ullmann/HDDGabriel/engines/UnrealEngine/Engine/Source/ThirdParty/ShaderConductor/ShaderConductor/External/DirectXShaderCompiler/lib/IR/Value.cpp,0,1,1
/media/ullmann/HDDGabriel/engines/UnrealEngine/Engine/Source/Runtime/Engine/Private/MeshSimplificationSettings.cpp,0,1,1
/media/ullmann/HDDGabriel/engines/UnrealEngine/Engine/Source/Developer/MeshReductionInterface/Public/IMeshReductionManagerModule.h,1,0,1
/media/ullmann/HDDGabriel/engines/UnrealEngine/Engine/Source/ThirdParty/EOSSDK/SDK/Bin/Android/include/eos_leaderboards.h,0,1,1
/media/ullmann/HDDGabriel/engines/UnrealEngine/Engine/Source/Editor/BlueprintGraph/Public/BlueprintNodeSpawner.h,1,2,3
/media/ullmann/HDDGabriel/engines/UnrealEngine/Engine/Source/Editor/BlueprintGraph/Public/BlueprintNodeSignature.h,2,0,2
/media/ullmann/HDDGabriel/engines/UnrealEngine/Engine/Source/ThirdParty/ICU/icu4c-53_1/source/tools/toolutil/pkgitems.cpp,0,4,4
/media/ullmann/HDDGabriel/engines/UnrealEngine/Engine/Source/ThirdParty/ICU/icu4c-53_1/source/tools/toolutil/package.h,3,0,3
/media/ullmann/HDDGabriel/engines/UnrealEngine/Engine/Source/ThirdParty/ICU/icu4c-53_1/source/common/uscript_props.cpp,0,5,5
/media/ullmann/HDDGabriel/engines/UnrealEngine/Engine/Source/ThirdParty/MCPP/mcpp-2.7.2/test-l/nest82.h,1,1,2
/media/ullmann/HDDGabriel/engines/UnrealEngine/Engine/Source/ThirdParty/MCPP/mcpp-2.7.2/test-l/nest83.h,1,1,2
/media/ullmann/HDDGabriel/engines/UnrealEngine/Engine/Source/ThirdParty/CryptoPP/5.6.2/include/validat2.cpp,0,24,24
/media/ullmann/HDDGabriel/engines/UnrealEngine/Engine/Source/ThirdParty/ICU/icu4c-64_1/source/test/intltest/ucdtest.cpp,0,2,2
/media/ullmann/HDDGabriel/engines/UnrealEngine/Engine/Source/ThirdParty/ICU/icu4c-64_1/source/test/intltest/ucdtest.h,2,1,3
/media/ullmann/HDDGabriel/engines/UnrealEngine/Engine/Source/Editor/ContentBrowser/Private/SAssetDialog.h,2,0,2
/media/ullmann/HDDGabriel/engines/UnrealEngine/Engine/Source/Programs/CrashReportClient/Private/RecoveryService.cpp,0,3,3
/media/ullmann/HDDGabriel/engines/UnrealEngine/Engine/Source/Programs/CrashReportClient/Private/RecoveryService.h,2,1,3
/media/ullmann/HDDGabriel/engines/UnrealEngine/Engine/Source/ThirdParty/FreeImage/FreeImage-3.18.0/Source/LibRawLite/internal/dcb_demosaicing.c,1,0,1
/media/ullmann/HDDGabriel/engines/UnrealEngine/Engine/Source/Runtime/AugmentedReality/Private/AugmentedRealityModule.cpp,0,1,1
/media/ullmann/HDDGabriel/engines/UnrealEngine/Engine/Source/Editor/MaterialEditor/Private/MaterialExpressionClasses.cpp,0,2,2
/media/ullmann/HDDGabriel/engines/UnrealEngine/Engine/Source/Editor/MaterialEditor/Private/MaterialExpressionClasses.h,3,0,3
/media/ullmann/HDDGabriel/engines/UnrealEngine/Engine/Source/ThirdParty/PhysX3/APEX_1.4/module/destructible_legacy/include/autogen/DestructibleAssetParameters_0p5.h,1,0,1
/media/ullmann/HDDGabriel/engines/UnrealEngine/Engine/Source/Editor/AnimationBlueprintEditor/Private/AnimationNodes/SGraphNodeBlendSpaceGraph.h,1,0,1
/media/ullmann/HDDGabriel/engines/UnrealEngine/Engine/Source/Editor/MovieSceneTools/Private/Channels/BuiltInChannelEditors.cpp,0,3,3
/media/ullmann/HDDGabriel/engines/UnrealEngine/Engine/Source/Editor/MovieSceneTools/Private/Channels/EventChannelCurveModel.h,3,0,3
/media/ullmann/HDDGabriel/engines/UnrealEngine/Engine/Source/ThirdParty/WiX/3.8/sdk/inc/BalBaseBootstrapperApplication.h,0,4,4
/media/ullmann/HDDGabriel/engines/UnrealEngine/Engine/Source/ThirdParty/WiX/3.8/sdk/inc/IBootstrapperApplication.h,1,0,1
/media/ullmann/HDDGabriel/engines/UnrealEngine/Engine/Source/ThirdParty/ICU/icu4c-64_1/source/i18n/msgfmt_impl.h,1,1,2
/media/ullmann/HDDGabriel/engines/UnrealEngine/Engine/Source/ThirdParty/ICU/icu4c-64_1/source/samples/layout/gnomeglue.h,2,2,4
/media/ullmann/HDDGabriel/engines/UnrealEngine/Engine/Source/ThirdParty/libjpeg-turbo/include/jpegcomp.h,1,0,1
/media/ullmann/HDDGabriel/engines/UnrealEngine/Engine/Source/ThirdParty/CryptoPP/5.6.5/include/bfinit.cpp,0,2,2
/media/ullmann/HDDGabriel/engines/UnrealEngine/Engine/Source/Runtime/AnimGraphRuntime/Public/BoneControllers/AnimNode_CCDIK.h,0,1,1
/media/ullmann/HDDGabriel/engines/UnrealEngine/Engine/Source/Runtime/AnimGraphRuntime/Public/BoneControllers/AnimNode_SkeletalControlBase.h,1,0,1
/media/ullmann/HDDGabriel/engines/UnrealEngine/Engine/Source/ThirdParty/PhysX3/PhysX_3.4/Source/SimulationController/src/ScTriggerInteraction.cpp,0,3,3
/media/ullmann/HDDGabriel/engines/UnrealEngine/Engine/Source/ThirdParty/PhysX3/PhysX_3.4/Source/SimulationController/src/ScNPhaseCore.h,5,2,7
/media/ullmann/HDDGabriel/engines/UnrealEngine/Engine/Source/Developer/LogVisualizer/Private/LogVisualizer.cpp,0,3,3
/media/ullmann/HDDGabriel/engines/UnrealEngine/Engine/Source/Editor/EditorConfig/Public/EditorConfigSubsystem.h,0,1,1
/media/ullmann/HDDGabriel/engines/UnrealEngine/Engine/Source/Editor/EditorConfig/Public/EditorConfig.h,2,1,3
/media/ullmann/HDDGabriel/engines/UnrealEngine/Engine/Source/ThirdParty/ICU/icu4c-53_1/source/i18n/hebrwcal.cpp,0,4,4
/media/ullmann/HDDGabriel/engines/UnrealEngine/Engine/Source/ThirdParty/ICU/icu4c-53_1/source/i18n/astro.h,5,1,6
/media/ullmann/HDDGabriel/engines/UnrealEngine/Engine/Source/ThirdParty/Intel/Embree/Embree270/src/kernels/algorithms/pmap.h,2,4,6
/media/ullmann/HDDGabriel/engines/UnrealEngine/Engine/Source/ThirdParty/PhysX3/NvCloth/src/dx/DxBatchedVector.h,3,1,4
/media/ullmann/HDDGabriel/engines/UnrealEngine/Engine/Source/ThirdParty/ICU/icu4c-64_1/source/tools/tzcode/tz2icu.cpp,0,2,2
/media/ullmann/HDDGabriel/engines/UnrealEngine/Engine/Source/ThirdParty/ICU/icu4c-64_1/source/tools/tzcode/tzfile.h,4,0,4
/media/ullmann/HDDGabriel/engines/UnrealEngine/Engine/Source/ThirdParty/FreeImage/FreeImage-3.18.0/Source/OpenEXR/IlmImf/ImfFloatVectorAttribute.h,2,2,4
/media/ullmann/HDDGabriel/engines/UnrealEngine/Engine/Source/ThirdParty/FreeType2/FreeType2-2.6/Src/gxvalid/gxvmort5.c,1,1,2
/media/ullmann/HDDGabriel/engines/UnrealEngine/Engine/Source/ThirdParty/ICU/icu4c-53_1/source/io/uprintf.h,3,3,6
/media/ullmann/HDDGabriel/engines/UnrealEngine/Engine/Source/ThirdParty/openexr/openexr-3.1.1/src/lib/OpenEXR/ImfTiledOutputPart.cpp,0,3,3
/media/ullmann/HDDGabriel/engines/UnrealEngine/Engine/Source/ThirdParty/FreeType2/FreeType2-2.10.0/src/type1/t1load.c,1,3,4
/media/ullmann/HDDGabriel/engines/UnrealEngine/Engine/Source/ThirdParty/ICU/icu4c-53_1/source/i18n/winnmfmt.cpp,0,3,3
/media/ullmann/HDDGabriel/engines/UnrealEngine/Engine/Source/ThirdParty/ICU/icu4c-53_1/source/i18n/unicode/numfmt.h,9,0,9
/media/ullmann/HDDGabriel/engines/UnrealEngine/Engine/Source/Runtime/Renderer/Private/MobileTranslucentRendering.cpp,0,9,9
/media/ullmann/HDDGabriel/engines/UnrealEngine/Engine/Source/ThirdParty/PhysX3/APEX_1.4/include/VertexFormat.h,3,3,6
/media/ullmann/HDDGabriel/engines/UnrealEngine/Engine/Source/ThirdParty/PhysX3/APEX_1.4/include/UserRenderVertexBufferDesc.h,3,4,7
/media/ullmann/HDDGabriel/engines/UnrealEngine/Engine/Source/ThirdParty/ICU/icu4c-53_1/source/i18n/collationbasedatabuilder.h,1,3,4
/media/ullmann/HDDGabriel/engines/UnrealEngine/Engine/Source/Editor/DetailCustomizations/Private/MaterialInstanceDynamicDetails.h,2,0,2
/media/ullmann/HDDGabriel/engines/UnrealEngine/Engine/Source/Runtime/Portal/LauncherPlatform/Private/Mac/LauncherPlatformMac.cpp,0,1,1
/media/ullmann/HDDGabriel/engines/UnrealEngine/Engine/Source/Runtime/Portal/LauncherPlatform/Private/Mac/LauncherPlatformMac.h,3,0,3
/media/ullmann/HDDGabriel/engines/UnrealEngine/Engine/Source/ThirdParty/ICU/icu4c-53_1/source/i18n/csrmbcs.cpp,0,2,2
/media/ullmann/HDDGabriel/engines/UnrealEngine/Engine/Source/ThirdParty/Imath/Imath-3.1.3/src/ImathTest/testQuatSlerp.h,2,0,2
/media/ullmann/HDDGabriel/engines/UnrealEngine/Engine/Source/ThirdParty/ICU/icu4c-64_1/source/test/intltest/tzfmttst.h,2,1,3
/media/ullmann/HDDGabriel/engines/UnrealEngine/Engine/Source/Runtime/Renderer/Private/SceneCaptureRendering.cpp,0,7,7
/media/ullmann/HDDGabriel/engines/UnrealEngine/Engine/Source/ThirdParty/PhysX3/PhysX_3.4/Source/SimulationController/src/ScArticulationSim.cpp,0,3,3
/media/ullmann/HDDGabriel/engines/UnrealEngine/Engine/Source/ThirdParty/PhysX3/PhysX_3.4/Source/SimulationController/src/ScArticulationSim.h,5,0,5
/media/ullmann/HDDGabriel/engines/UnrealEngine/Engine/Source/ThirdParty/nvTextureTools/nvTextureTools-2.0.6/src/src/nvtt/cuda/CudaCompressDXT.cpp,0,3,3
/media/ullmann/HDDGabriel/engines/UnrealEngine/Engine/Source/ThirdParty/nvTextureTools/nvTextureTools-2.0.6/src/src/nvtt/cuda/Bitmaps.h,1,0,1
/media/ullmann/HDDGabriel/engines/UnrealEngine/Engine/Source/Editor/GraphEditor/Public/SGraphNode.h,5,1,6
/media/ullmann/HDDGabriel/engines/UnrealEngine/Engine/Source/ThirdParty/CryptoPP/5.6.5/include/socketft.cpp,0,4,4
/media/ullmann/HDDGabriel/engines/UnrealEngine/Engine/Source/ThirdParty/Alembic/alembic-1.8.2/python/PyAlembic/PyIGeomParamVertexPoint.cpp,0,2,2
/media/ullmann/HDDGabriel/engines/UnrealEngine/Engine/Source/Runtime/ImageWrapper/Public/ImageWrapperHelper.h,0,1,1
/media/ullmann/HDDGabriel/engines/UnrealEngine/Engine/Source/Runtime/ImageWrapper/Public/IImageWrapper.h,1,0,1
/media/ullmann/HDDGabriel/engines/UnrealEngine/Engine/Source/ThirdParty/FreeType2/FreeType2-2.10.0/src/truetype/ttpload.h,5,0,5
/media/ullmann/HDDGabriel/engines/UnrealEngine/Engine/Source/Runtime/MovieSceneTracks/Public/Sections/MovieSceneCameraShakeSourceShakeSection.h,0,1,1
/media/ullmann/HDDGabriel/engines/UnrealEngine/Engine/Source/Runtime/MovieSceneTracks/Public/Sections/MovieSceneCameraShakeSection.h,1,0,1
/media/ullmann/HDDGabriel/engines/UnrealEngine/Engine/Source/ThirdParty/ICU/icu4c-53_1/source/common/servslkf.cpp,0,10,10
/media/ullmann/HDDGabriel/engines/UnrealEngine/Engine/Source/Runtime/Core/Public/Delegates/Delegate.h,3,0,3
/media/ullmann/HDDGabriel/engines/UnrealEngine/Engine/Source/Runtime/Datasmith/DirectLink/Private/DirectLinkStreamSource.h,2,1,3
/media/ullmann/HDDGabriel/engines/UnrealEngine/Engine/Source/Runtime/Datasmith/DirectLink/Private/DirectLinkStreamConnectionPoint.h,3,0,3
/media/ullmann/HDDGabriel/engines/UnrealEngine/Engine/Source/ThirdParty/ICU/icu4c-53_1/source/test/intltest/dtptngts.h,2,1,3
/media/ullmann/HDDGabriel/engines/UnrealEngine/Engine/Source/ThirdParty/ICU/icu4c-64_1/source/samples/ucnv/convsamp.cpp,0,1,1
/media/ullmann/HDDGabriel/engines/UnrealEngine/Engine/Source/ThirdParty/ICU/icu4c-64_1/source/samples/ucnv/flagcb.h,2,0,2
/media/ullmann/HDDGabriel/engines/UnrealEngine/Engine/Source/ThirdParty/Android/libunwind/libunwind/src/x86/regname.c,0,1,1
/media/ullmann/HDDGabriel/engines/UnrealEngine/Engine/Source/ThirdParty/openexr/openexr-3.1.1/src/lib/OpenEXRUtil/ImfDeepImage.h,3,3,6
/media/ullmann/HDDGabriel/engines/UnrealEngine/Engine/Source/Runtime/Apple/AGXRHI/Private/Shaders/AGXShaderParameterCache.cpp,0,1,1
/media/ullmann/HDDGabriel/engines/UnrealEngine/Engine/Source/ThirdParty/FreeImage/FreeImage-3.18.0/Source/OpenEXR/IlmImf/ImfDeepCompositing.h,2,3,5
/media/ullmann/HDDGabriel/engines/UnrealEngine/Engine/Source/ThirdParty/OpenSubdiv/OpenSubdiv-3.4.4/examples/dxViewer/dxviewer.cpp,0,10,10
/media/ullmann/HDDGabriel/engines/UnrealEngine/Engine/Source/ThirdParty/OpenSubdiv/OpenSubdiv-3.4.4/examples/common/d3d11ShaderCache.h,3,1,4
/media/ullmann/HDDGabriel/engines/UnrealEngine/Engine/Source/Editor/BlueprintGraph/Classes/K2Node_PromotableOperator.h,0,2,2
/media/ullmann/HDDGabriel/engines/UnrealEngine/Engine/Source/Editor/Experimental/RemoteExecution/Public/IRemoteExecutor.h,0,2,2
/media/ullmann/HDDGabriel/engines/UnrealEngine/Engine/Source/Editor/Experimental/RemoteExecution/Public/IExecution.h,1,0,1
/media/ullmann/HDDGabriel/engines/UnrealEngine/Engine/Source/ThirdParty/Intel/TBB/IntelTBB-2019u8/src/test/test_tbb_condition_variable.cpp,0,1,1
/media/ullmann/HDDGabriel/engines/UnrealEngine/Engine/Source/ThirdParty/Intel/TBB/IntelTBB-2019u8/src/test/test_condition_variable.h,1,1,2
/media/ullmann/HDDGabriel/engines/UnrealEngine/Engine/Source/ThirdParty/OpenSubdiv/OpenSubdiv-3.4.4/examples/common/glUtils.cpp,0,2,2
/media/ullmann/HDDGabriel/engines/UnrealEngine/Engine/Source/ThirdParty/OpenSubdiv/OpenSubdiv-3.4.4/examples/common/stb_image_write.h,2,0,2
/media/ullmann/HDDGabriel/engines/UnrealEngine/Engine/Source/ThirdParty/ICU/icu4c-53_1/source/test/intltest/reldatefmttest.cpp,0,1,1
/media/ullmann/HDDGabriel/engines/UnrealEngine/Engine/Source/ThirdParty/SDL2/SDL-gui-backend/src/video/x11/SDL_x11opengl.c,0,3,3
/media/ullmann/HDDGabriel/engines/UnrealEngine/Engine/Source/ThirdParty/SDL2/SDL-gui-backend/include/SDL_sensor.h,2,4,6
/media/ullmann/HDDGabriel/engines/UnrealEngine/Engine/Source/ThirdParty/Intel/TBB/IntelTBB-2019u8/src/test/test_malloc_overload.cpp,0,5,5
/media/ullmann/HDDGabriel/engines/UnrealEngine/Engine/Source/ThirdParty/Boost/boost-1_70_0/include/boost/phoenix/stl/algorithm/detail/has_remove.hpp,0,1,1
/media/ullmann/HDDGabriel/engines/UnrealEngine/Engine/Source/ThirdParty/openexr/openexr-3.1.1/src/lib/OpenEXRUtil/ImfDeepImageLevel.cpp,0,2,2
/media/ullmann/HDDGabriel/engines/UnrealEngine/Engine/Source/ThirdParty/SDL2/SDL-gui-backend/src/video/SDL_yuv_c.h,2,1,3
/media/ullmann/HDDGabriel/engines/UnrealEngine/Engine/Source/ThirdParty/libcurl/include/Android/ARM64/curl/curl.h,2,6,8
/media/ullmann/HDDGabriel/engines/UnrealEngine/Engine/Source/ThirdParty/libcurl/include/Android/ARM64/curl/curlbuild.h,1,0,1
/media/ullmann/HDDGabriel/engines/UnrealEngine/Engine/Source/Runtime/InstallBundleManager/Public/InstallBundleSourceInterface.h,0,2,2
/media/ullmann/HDDGabriel/engines/UnrealEngine/Engine/Source/Runtime/InstallBundleManager/Public/InstallBundleUtils.h,2,1,3
/media/ullmann/HDDGabriel/engines/UnrealEngine/Engine/Source/ThirdParty/Intel/Embree/Embree2140/src/kernels/bvh/bvh_builder_hair.cpp,0,4,4
/media/ullmann/HDDGabriel/engines/UnrealEngine/Engine/Source/ThirdParty/Intel/TBB/IntelTBB-2019u8/src/test/test_tbb_fork.cpp,0,2,2
/media/ullmann/HDDGabriel/engines/UnrealEngine/Engine/Source/ThirdParty/FreeType2/FreeType2-2.10.4/src/psaux/psfixed.h,1,0,1
/media/ullmann/HDDGabriel/engines/UnrealEngine/Engine/Source/Runtime/GameplayTasks/Classes/GameplayTasksComponent.h,0,3,3
/media/ullmann/HDDGabriel/engines/UnrealEngine/Engine/Source/Runtime/GameplayTasks/Classes/GameplayTask.h,1,1,2
/media/ullmann/HDDGabriel/engines/UnrealEngine/Engine/Source/Runtime/InstallBundleManager/Public/InstallBundleManagerInterface.h,2,1,3
/media/ullmann/HDDGabriel/engines/UnrealEngine/Engine/Source/Runtime/InstallBundleManager/Public/InstallBundleTypes.h,4,0,4
/media/ullmann/HDDGabriel/engines/UnrealEngine/Engine/Source/Programs/Enterprise/Datasmith/DatasmithNavisworksExporter/DatasmithNavisworksUtil/DatasmithNavisworksUtil.cpp,0,2,2
/media/ullmann/HDDGabriel/engines/UnrealEngine/Engine/Source/Programs/Enterprise/Datasmith/DatasmithNavisworksExporter/DatasmithNavisworksUtil/DatasmithNavisworksUtil.h,1,0,1
/media/ullmann/HDDGabriel/engines/UnrealEngine/Engine/Source/ThirdParty/ICU/icu4c-53_1/source/common/unicode/ubrk.h,8,0,8
/media/ullmann/HDDGabriel/engines/UnrealEngine/Engine/Source/ThirdParty/Boost/boost-1_70_0/include/boost/polygon/detail/iterator_compact_to_points.hpp,3,0,3
/media/ullmann/HDDGabriel/engines/UnrealEngine/Engine/Source/ThirdParty/Android/libunwind/libunwind/include/libunwind-ptrace.h,0,1,1
/media/ullmann/HDDGabriel/engines/UnrealEngine/Engine/Source/ThirdParty/SDL2/SDL-gui-backend/src/video/x11/SDL_x11shape.c,0,5,5
/media/ullmann/HDDGabriel/engines/UnrealEngine/Engine/Source/ThirdParty/ShaderConductor/ShaderConductor/External/DirectXShaderCompiler/tools/clang/lib/StaticAnalyzer/Checkers/NoReturnFunctionChecker.cpp,0,2,2
/media/ullmann/HDDGabriel/engines/UnrealEngine/Engine/Source/ThirdParty/SDL2/SDL-gui-backend/src/audio/wasapi/SDL_wasapi.c,0,5,5
/media/ullmann/HDDGabriel/engines/UnrealEngine/Engine/Source/ThirdParty/Intel/TBB/IntelTBB-2019u8/src/test/test_task_group.cpp,0,4,4
/media/ullmann/HDDGabriel/engines/UnrealEngine/Engine/Source/ThirdParty/LibTiff/Source/tiffvers.h,1,0,1
/media/ullmann/HDDGabriel/engines/UnrealEngine/Engine/Source/ThirdParty/CryptoPP/5.6.2/include/rc6.cpp,0,3,3
/media/ullmann/HDDGabriel/engines/UnrealEngine/Engine/Source/ThirdParty/OpenSubdiv/OpenSubdiv-3.4.4/opensubdiv/far/topologyRefinerFactory.h,3,3,6
/media/ullmann/HDDGabriel/engines/UnrealEngine/Engine/Source/ThirdParty/OpenSubdiv/OpenSubdiv-3.4.4/opensubdiv/far/error.h,18,1,19
/media/ullmann/HDDGabriel/engines/UnrealEngine/Engine/Source/ThirdParty/PhysX3/PhysX_3.4/Source/PhysXExtensions/src/ExtSphericalJointSolverPrep.cpp,0,2,2
/media/ullmann/HDDGabriel/engines/UnrealEngine/Engine/Source/ThirdParty/PhysX3/APEX_1.4/common/include/autogen/DebugColorParams.h,1,0,1
/media/ullmann/HDDGabriel/engines/UnrealEngine/Engine/Source/ThirdParty/NVIDIA/GeForceNOW/include/GfnRuntimeSdk_CAPI.h,1,1,2
/media/ullmann/HDDGabriel/engines/UnrealEngine/Engine/Source/ThirdParty/Alembic/alembic-1.8.2/python/PyAlembic/PyOArrayProperty.cpp,0,3,3
/media/ullmann/HDDGabriel/engines/UnrealEngine/Engine/Source/ThirdParty/Alembic/alembic-1.8.2/python/PyAlembic/PyOBaseProperty.h,3,1,4
/media/ullmann/HDDGabriel/engines/UnrealEngine/Engine/Source/ThirdParty/ICU/icu4c-53_1/source/i18n/unicode/tzrule.h,4,0,4
/media/ullmann/HDDGabriel/engines/UnrealEngine/Engine/Source/ThirdParty/Intel/TBB/IntelTBB-2019u8/examples/graph/som/som_graph.cpp,0,2,2
/media/ullmann/HDDGabriel/engines/UnrealEngine/Engine/Source/Developer/ProjectLauncher/Private/Widgets/Package/SProjectLauncherPackagingSettings.cpp,0,1,1
/media/ullmann/HDDGabriel/engines/UnrealEngine/Engine/Source/Developer/ProjectLauncher/Private/Widgets/Package/SProjectLauncherPackagingSettings.h,1,0,1
/media/ullmann/HDDGabriel/engines/UnrealEngine/Engine/Source/ThirdParty/EOSSDK/SDK/Include/eos_playerdatastorage_types.h,2,1,3
/media/ullmann/HDDGabriel/engines/UnrealEngine/Engine/Source/ThirdParty/Intel/TBB/IntelTBB-2019u8/examples/parallel_for/tachyon/src/intersect.cpp,0,6,6
/media/ullmann/HDDGabriel/engines/UnrealEngine/Engine/Source/ThirdParty/Intel/TBB/IntelTBB-2019u8/src/test/test_concurrent_queue_whitebox.cpp,0,3,3
/media/ullmann/HDDGabriel/engines/UnrealEngine/Engine/Source/ThirdParty/ICU/icu4c-53_1/source/layout/SubtableProcessor2.cpp,0,4,4
/media/ullmann/HDDGabriel/engines/UnrealEngine/Engine/Source/Runtime/Slate/Public/Widgets/Input/SHyperlink.h,1,0,1
/media/ullmann/HDDGabriel/engines/UnrealEngine/Engine/Source/ThirdParty/libOpus/opus-1.1/celt/fixed_generic.h,1,0,1
/media/ullmann/HDDGabriel/engines/UnrealEngine/Engine/Source/ThirdParty/ICU/icu4c-64_1/source/common/umutablecptrie.cpp,0,8,8
/media/ullmann/HDDGabriel/engines/UnrealEngine/Engine/Source/Editor/SkeletonEditor/Public/SkeletonTreeBuilder.h,0,3,3
/media/ullmann/HDDGabriel/engines/UnrealEngine/Engine/Source/Editor/SkeletonEditor/Public/ISkeletonTreeItem.h,3,0,3
/media/ullmann/HDDGabriel/engines/UnrealEngine/Engine/Source/ThirdParty/MCPP/mcpp-2.7.2/cpp-test/test-l/nest127.h,1,0,1
/media/ullmann/HDDGabriel/engines/UnrealEngine/Engine/Source/ThirdParty/Intel/TBB/IntelTBB-2019u8/examples/parallel_for/polygon_overlay/pover_video.cpp,0,3,3
/media/ullmann/HDDGabriel/engines/UnrealEngine/Engine/Source/ThirdParty/Intel/TBB/IntelTBB-2019u8/examples/parallel_for/polygon_overlay/pover_video.h,4,2,6
/media/ullmann/HDDGabriel/engines/UnrealEngine/Engine/Source/Developer/AssetTools/Private/AssetTypeActions/AssetTypeActions_VectorField.h,1,0,1
/media/ullmann/HDDGabriel/engines/UnrealEngine/Engine/Source/ThirdParty/FreeImage/FreeImage-3.18.0/TestAPI/testThumbnail.cpp,0,1,1
/media/ullmann/HDDGabriel/engines/UnrealEngine/Engine/Source/ThirdParty/ShaderConductor/ShaderConductor/External/DirectXShaderCompiler/lib/AsmParser/Parser.cpp,0,1,1
/media/ullmann/HDDGabriel/engines/UnrealEngine/Engine/Source/ThirdParty/libcurl/curl-7.55.1/include/Android/ARM64/curl/system.h,1,0,1
/media/ullmann/HDDGabriel/engines/UnrealEngine/Engine/Source/ThirdParty/SDL2/SDL-gui-backend/src/events/imKStoUCS.c,0,2,2
/media/ullmann/HDDGabriel/engines/UnrealEngine/Engine/Source/ThirdParty/openexr/openexr-3.1.1/src/lib/Iex/IexBaseExc.cpp,0,5,5
/media/ullmann/HDDGabriel/engines/UnrealEngine/Engine/Source/Developer/HoloLens/HoloLensTargetPlatform/Private/HoloLensTargetPlatformModule.cpp,0,2,2
/media/ullmann/HDDGabriel/engines/UnrealEngine/Engine/Source/ThirdParty/Android/libunwind/libunwind/include/tdep-ia64/libunwind_i.h,0,1,1
/media/ullmann/HDDGabriel/engines/UnrealEngine/Engine/Source/ThirdParty/Android/libunwind/libunwind/include/tdep-ia64/script.h,1,0,1
/media/ullmann/HDDGabriel/engines/UnrealEngine/Engine/Source/ThirdParty/PhysX3/PxShared/src/foundation/include/PsInlineArray.h,2,2,4
/media/ullmann/HDDGabriel/engines/UnrealEngine/Engine/Source/ThirdParty/PhysX3/PxShared/src/foundation/include/PsInlineAllocator.h,1,1,2
/media/ullmann/HDDGabriel/engines/UnrealEngine/Engine/Source/ThirdParty/HarfBuzz/harfbuzz-1.2.4/util/options.cc,0,1,1
/media/ullmann/HDDGabriel/engines/UnrealEngine/Engine/Source/ThirdParty/HarfBuzz/harfbuzz-1.2.4/util/options.hh,2,0,2
/media/ullmann/HDDGabriel/engines/UnrealEngine/Engine/Source/Runtime/MovieScene/Public/Channels/MovieSceneBoolChannel.h,0,3,3
/media/ullmann/HDDGabriel/engines/UnrealEngine/Engine/Source/ThirdParty/Oculus/LibOVRPlatform/LibOVRPlatform/include/OVR_TeamArray.h,2,2,4
/media/ullmann/HDDGabriel/engines/UnrealEngine/Engine/Source/ThirdParty/PhysX3/APEX_1.4/module/clothing/embedded/LowLevelCloth/src/IterationState.h,3,3,6
/media/ullmann/HDDGabriel/engines/UnrealEngine/Engine/Source/Editor/SceneOutliner/Private/SceneOutlinerActorSCCColumn.cpp,0,1,1
/media/ullmann/HDDGabriel/engines/UnrealEngine/Engine/Source/Editor/SceneOutliner/Private/SceneOutlinerActorSCCColumn.h,2,0,2
/media/ullmann/HDDGabriel/engines/UnrealEngine/Engine/Source/ThirdParty/Android/libunwind/libunwind/src/ia64/init.h,2,1,3
/media/ullmann/HDDGabriel/engines/UnrealEngine/Engine/Source/ThirdParty/Intel/Embree/Embree270/src/kernels/common/ray4.h,8,1,9
/media/ullmann/HDDGabriel/engines/UnrealEngine/Engine/Source/Editor/GraphEditor/Public/MarqueeOperation.h,1,0,1
/media/ullmann/HDDGabriel/engines/UnrealEngine/Engine/Source/Editor/PropertyEditor/Private/SConstrainedBox.cpp,0,1,1
/media/ullmann/HDDGabriel/engines/UnrealEngine/Engine/Source/Editor/PropertyEditor/Private/SConstrainedBox.h,5,0,5
/media/ullmann/HDDGabriel/engines/UnrealEngine/Engine/Source/ThirdParty/ICU/icu4c-53_1/source/common/unicode/ucasemap.h,5,0,5
/media/ullmann/HDDGabriel/engines/UnrealEngine/Engine/Source/Runtime/GeometryCore/Public/Curve/DynamicGraph3.h,0,1,1
/media/ullmann/HDDGabriel/engines/UnrealEngine/Engine/Source/Runtime/GeometryCore/Public/Curve/DynamicGraph.h,2,0,2
/media/ullmann/HDDGabriel/engines/UnrealEngine/Engine/Source/ThirdParty/ShaderConductor/ShaderConductor/External/DirectXShaderCompiler/tools/clang/lib/Driver/ToolChains.cpp,0,1,1
/media/ullmann/HDDGabriel/engines/UnrealEngine/Engine/Source/ThirdParty/ShaderConductor/ShaderConductor/External/DirectXShaderCompiler/tools/clang/lib/Driver/ToolChains.h,6,1,7
/media/ullmann/HDDGabriel/engines/UnrealEngine/Engine/Source/ThirdParty/ICU/icu4c-53_1/source/test/intltest/tsputil.cpp,0,1,1
/media/ullmann/HDDGabriel/engines/UnrealEngine/Engine/Source/ThirdParty/ICU/icu4c-53_1/source/i18n/collationkeys.h,3,2,5
/media/ullmann/HDDGabriel/engines/UnrealEngine/Engine/Source/Runtime/CoreUObject/Public/Serialization/ArchiveReferenceMarker.h,1,0,1
/media/ullmann/HDDGabriel/engines/UnrealEngine/Engine/Source/ThirdParty/Intel/TBB/IntelTBB-2019u8/src/test/test_composite_node.cpp,0,2,2
/media/ullmann/HDDGabriel/engines/UnrealEngine/Engine/Source/ThirdParty/FreeType2/FreeType2-2.10.0/src/autofit/afmodule.c,1,4,5
/media/ullmann/HDDGabriel/engines/UnrealEngine/Engine/Source/ThirdParty/ICU/icu4c-64_1/source/test/intltest/locnmtst.h,2,1,3
/media/ullmann/HDDGabriel/engines/UnrealEngine/Engine/Source/ThirdParty/FreeType2/FreeType2-2.6/Src/truetype/ttgxvar.h,5,1,6
/media/ullmann/HDDGabriel/engines/UnrealEngine/Engine/Source/Editor/DetailCustomizations/Private/MaterialInstanceDynamicDetails.cpp,0,1,1
/media/ullmann/HDDGabriel/engines/UnrealEngine/Engine/Source/ThirdParty/FreeType2/FreeType2-2.10.4/src/type1/t1parse.c,1,2,3
/media/ullmann/HDDGabriel/engines/UnrealEngine/Engine/Source/ThirdParty/glslang/glslang/src/glslang_lib/SPIRV/GlslangToSpv.cpp,0,7,7
/media/ullmann/HDDGabriel/engines/UnrealEngine/Engine/Source/ThirdParty/libOpus/opus-1.3.1-12/celt/entenc.c,0,4,4
/media/ullmann/HDDGabriel/engines/UnrealEngine/Engine/Source/ThirdParty/libOpus/opus-1.3.1-12/celt/mfrngcod.h,2,1,3
/media/ullmann/HDDGabriel/engines/UnrealEngine/Engine/Source/Runtime/Renderer/Private/VT/TexturePagePool.cpp,0,3,3
/media/ullmann/HDDGabriel/engines/UnrealEngine/Engine/Source/Runtime/Renderer/Private/VT/TexturePagePool.h,3,1,4
/media/ullmann/HDDGabriel/engines/UnrealEngine/Engine/Source/ThirdParty/Python3/Win64/include/abstract.h,1,1,2
/media/ullmann/HDDGabriel/engines/UnrealEngine/Engine/Source/ThirdParty/Intel/TBB/IntelTBB-2019u8/src/test/test_mutex.cpp,0,3,3
/media/ullmann/HDDGabriel/engines/UnrealEngine/Engine/Source/ThirdParty/Intel/TBB/IntelTBB-2019u8/src/test/harness_tsx.h,1,1,2
/media/ullmann/HDDGabriel/engines/UnrealEngine/Engine/Source/Runtime/Core/Public/GenericPlatform/GenericPlatformFile.h,2,0,2
/media/ullmann/HDDGabriel/engines/UnrealEngine/Engine/Source/Runtime/Apple/MetalRHI/Private/MetalProfiler.cpp,0,3,3
/media/ullmann/HDDGabriel/engines/UnrealEngine/Engine/Source/ThirdParty/Steamworks/Steamv151/sdk/public/steam/isteaminput.h,2,1,3
/media/ullmann/HDDGabriel/engines/UnrealEngine/Engine/Source/ThirdParty/Boost/boost-1_70_0/include/boost/numeric/ublas/tensor/index.hpp,1,0,1
/media/ullmann/HDDGabriel/engines/UnrealEngine/Engine/Source/Runtime/Engine/Public/StaticParameterSet.h,5,1,6
/media/ullmann/HDDGabriel/engines/UnrealEngine/Engine/Source/ThirdParty/CryptoPP/5.6.5/include/iterhash.cpp,0,2,2
/media/ullmann/HDDGabriel/engines/UnrealEngine/Engine/Source/ThirdParty/Android/libunwind/libunwind/src/sh/init.h,2,1,3
/media/ullmann/HDDGabriel/engines/UnrealEngine/Engine/Source/Editor/PropertyEditor/Public/DetailsViewArgs.h,1,0,1
/media/ullmann/HDDGabriel/engines/UnrealEngine/Engine/Source/Editor/MainFrame/Private/MainFrameModule.cpp,0,4,4
/media/ullmann/HDDGabriel/engines/UnrealEngine/Engine/Source/Editor/MainFrame/Private/Menus/MainMenu.h,1,0,1
/media/ullmann/HDDGabriel/engines/UnrealEngine/Engine/Source/ThirdParty/ShaderConductor/ShaderConductor/External/DirectXShaderCompiler/tools/clang/include/clang/Analysis/Analyses/ThreadSafetyOps.def,2,0,2
/media/ullmann/HDDGabriel/engines/UnrealEngine/Engine/Source/ThirdParty/Boost/boost-1_70_0/include/boost/spirit/home/support/detail/lexer/conversion/char_state_machine.hpp,1,3,4
/media/ullmann/HDDGabriel/engines/UnrealEngine/Engine/Source/Editor/Persona/Private/AnimTimeline/SAnimTimeline.h,2,0,2
/media/ullmann/HDDGabriel/engines/UnrealEngine/Engine/Source/ThirdParty/SDL2/SDL-gui-backend/src/video/kmsdrm/SDL_kmsdrmevents.c,0,5,5
/media/ullmann/HDDGabriel/engines/UnrealEngine/Engine/Source/ThirdParty/SDL2/SDL-gui-backend/src/loadso/dummy/SDL_sysloadso.c,0,1,1
/media/ullmann/HDDGabriel/engines/UnrealEngine/Engine/Source/ThirdParty/ICU/icu4c-64_1/source/test/cintltst/crelativedateformattest.c,0,2,2
/media/ullmann/HDDGabriel/engines/UnrealEngine/Engine/Source/ThirdParty/ShaderConductor/ShaderConductor/External/DirectXShaderCompiler/lib/IR/Constants.cpp,0,2,2
/media/ullmann/HDDGabriel/engines/UnrealEngine/Engine/Source/ThirdParty/ShaderConductor/ShaderConductor/External/DirectXShaderCompiler/lib/IR/ConstantFold.h,2,0,2
/media/ullmann/HDDGabriel/engines/UnrealEngine/Engine/Source/Runtime/Core/Public/HAL/PlatformMisc.h,3,0,3
/media/ullmann/HDDGabriel/engines/UnrealEngine/Engine/Source/ThirdParty/ICU/icu4c-64_1/source/common/uenum.cpp,0,3,3
/media/ullmann/HDDGabriel/engines/UnrealEngine/Engine/Source/ThirdParty/PhysX3/PhysX_3.4/Source/GeomUtils/src/gjk/GuEPA.cpp,0,3,3
/media/ullmann/HDDGabriel/engines/UnrealEngine/Engine/Source/ThirdParty/PhysX3/PhysX_3.4/Source/GeomUtils/src/gjk/GuEPAFacet.h,1,0,1
/media/ullmann/HDDGabriel/engines/UnrealEngine/Engine/Source/ThirdParty/CryptoPP/5.6.5/include/gcm.h,3,2,5
/media/ullmann/HDDGabriel/engines/UnrealEngine/Engine/Source/ThirdParty/PhysX3/PhysX_3.4/Source/LowLevelCloth/include/Factory.h,0,2,2
/media/ullmann/HDDGabriel/engines/UnrealEngine/Engine/Source/ThirdParty/PhysX3/PhysX_3.4/Source/LowLevelCloth/include/Types.h,5,0,5
/media/ullmann/HDDGabriel/engines/UnrealEngine/Engine/Source/ThirdParty/ShaderConductor/ShaderConductor/External/DirectXShaderCompiler/tools/clang/lib/Serialization/ASTWriterDecl.cpp,0,1,1
/media/ullmann/HDDGabriel/engines/UnrealEngine/Engine/Source/ThirdParty/ShaderConductor/ShaderConductor/External/DirectXShaderCompiler/tools/clang/lib/Serialization/ASTCommon.h,5,0,5
/media/ullmann/HDDGabriel/engines/UnrealEngine/Engine/Source/ThirdParty/ICU/icu4c-53_1/source/tools/makeconv/makeconv.c,0,2,2
/media/ullmann/HDDGabriel/engines/UnrealEngine/Engine/Source/Runtime/Core/Public/Async/Fundamental/Scheduler.h,1,1,2
/media/ullmann/HDDGabriel/engines/UnrealEngine/Engine/Source/Runtime/Core/Public/Async/Fundamental/LocalQueue.h,1,0,1
/media/ullmann/HDDGabriel/engines/UnrealEngine/Engine/Source/ThirdParty/openexr/openexr-3.1.1/src/lib/OpenEXR/ImfPxr24Compressor.cpp,0,6,6
/media/ullmann/HDDGabriel/engines/UnrealEngine/Engine/Source/ThirdParty/OpenVDB/Deploy/openvdb-8.1.0/include/openvdb/tools/LevelSetRebuild.h,2,0,2
/media/ullmann/HDDGabriel/engines/UnrealEngine/Engine/Source/ThirdParty/FreeType2/FreeType2-2.10.4/src/autofit/afloader.h,2,3,5
/media/ullmann/HDDGabriel/engines/UnrealEngine/Engine/Source/ThirdParty/ICU/icu4c-64_1/source/common/bytestriebuilder.cpp,0,10,10
/media/ullmann/HDDGabriel/engines/UnrealEngine/Engine/Source/ThirdParty/ICU/icu4c-53_1/source/common/ucln_imp.h,1,1,2
/media/ullmann/HDDGabriel/engines/UnrealEngine/Engine/Source/Developer/TraceServices/Private/Analyzers/CountersTraceAnalysis.cpp,0,1,1
/media/ullmann/HDDGabriel/engines/UnrealEngine/Engine/Source/Developer/TraceServices/Private/Analyzers/CountersTraceAnalysis.h,1,0,1
/media/ullmann/HDDGabriel/engines/UnrealEngine/Engine/Source/ThirdParty/CryptoPP/5.6.5/include/arc4.cpp,0,2,2
/media/ullmann/HDDGabriel/engines/UnrealEngine/Engine/Source/ThirdParty/Boost/boost-1_70_0/include/boost/compute/cl_ext.hpp,0,1,1
/media/ullmann/HDDGabriel/engines/UnrealEngine/Engine/Source/ThirdParty/Boost/boost-1_70_0/include/boost/compute/detail/cl_versions.hpp,1,0,1
/media/ullmann/HDDGabriel/engines/UnrealEngine/Engine/Source/ThirdParty/ICU/icu4c-64_1/source/i18n/unicode/plurfmt.h,4,0,4
/media/ullmann/HDDGabriel/engines/UnrealEngine/Engine/Source/Runtime/Renderer/Private/PhysicsFieldRendering.h,2,0,2
/media/ullmann/HDDGabriel/engines/UnrealEngine/Engine/Source/Runtime/Renderer/Private/OverridePassSequence.h,0,1,1
/media/ullmann/HDDGabriel/engines/UnrealEngine/Engine/Source/Runtime/RenderCore/Public/ShaderParameters.h,6,0,6
/media/ullmann/HDDGabriel/engines/UnrealEngine/Engine/Source/Developer/AutomationDriver/Private/SlateWidgetElement.cpp,0,2,2
/media/ullmann/HDDGabriel/engines/UnrealEngine/Engine/Source/Developer/AutomationDriver/Private/SlateWidgetElement.h,1,0,1
/media/ullmann/HDDGabriel/engines/UnrealEngine/Engine/Source/ThirdParty/PhysX3/PhysX_3.4/Include/geometry/PxConvexMesh.h,1,0,1
/media/ullmann/HDDGabriel/engines/UnrealEngine/Engine/Source/Developer/MeshMergeUtilities/Public/StaticMeshComponentAdapter.h,0,1,1
/media/ullmann/HDDGabriel/engines/UnrealEngine/Engine/Source/Editor/BlueprintGraph/Classes/K2Node_SetVariableOnPersistentFrame.h,0,1,1
/media/ullmann/HDDGabriel/engines/UnrealEngine/Engine/Source/Runtime/Online/BuildPatchServices/Private/Installer/DownloadService.h,1,0,1
/media/ullmann/HDDGabriel/engines/UnrealEngine/Engine/Source/ThirdParty/PhysX3/PhysX_3.4/Source/PhysXExtensions/src/ExtRevoluteJoint.cpp,0,2,2
/media/ullmann/HDDGabriel/engines/UnrealEngine/Engine/Source/ThirdParty/ICU/icu4c-64_1/source/i18n/formattedval_sbimpl.cpp,0,1,1
/media/ullmann/HDDGabriel/engines/UnrealEngine/Engine/Source/ThirdParty/Intel/Embree/Embree270/src/kernels/xeonphi/builders/parallel_builder.cpp,0,1,1
/media/ullmann/HDDGabriel/engines/UnrealEngine/Engine/Source/ThirdParty/WebRTC/4147/Include/third_party/opus/src/silk/macros.h,1,4,5
/media/ullmann/HDDGabriel/engines/UnrealEngine/Engine/Source/ThirdParty/WebRTC/4147/Include/third_party/opus/src/silk/mips/macros_mipsr1.h,1,0,1
/media/ullmann/HDDGabriel/engines/UnrealEngine/Engine/Source/ThirdParty/ICU/icu4c-64_1/source/common/usprep.cpp,0,16,16
/media/ullmann/HDDGabriel/engines/UnrealEngine/Engine/Source/Editor/BlueprintGraph/Classes/K2Node_SwitchString.h,0,1,1
/media/ullmann/HDDGabriel/engines/UnrealEngine/Engine/Source/Editor/BlueprintGraph/Classes/K2Node_Switch.h,4,1,5
/media/ullmann/HDDGabriel/engines/UnrealEngine/Engine/Source/Runtime/Apple/MetalRHI/Private/MetalPipeline.h,4,2,6
/media/ullmann/HDDGabriel/engines/UnrealEngine/Engine/Source/ThirdParty/CryptoPP/5.6.2/include/tftables.cpp,0,2,2
/media/ullmann/HDDGabriel/engines/UnrealEngine/Engine/Source/ThirdParty/CryptoPP/5.6.2/include/twofish.h,4,2,6
/media/ullmann/HDDGabriel/engines/UnrealEngine/Engine/Source/ThirdParty/ICU/icu4c-53_1/source/test/intltest/pptest.cpp,0,1,1
/media/ullmann/HDDGabriel/engines/UnrealEngine/Engine/Source/ThirdParty/ICU/icu4c-53_1/source/layout/MarkToMarkPosnSubtables.cpp,0,10,10
/media/ullmann/HDDGabriel/engines/UnrealEngine/Engine/Source/ThirdParty/ShaderConductor/ShaderConductor/External/DirectXShaderCompiler/tools/clang/lib/SPIRV/DebugTypeVisitor.cpp,0,2,2
/media/ullmann/HDDGabriel/engines/UnrealEngine/Engine/Source/ThirdParty/ShaderConductor/ShaderConductor/External/DirectXShaderCompiler/tools/clang/lib/SPIRV/DebugTypeVisitor.h,2,0,2
/media/ullmann/HDDGabriel/engines/UnrealEngine/Engine/Source/ThirdParty/mtlpp/mtlpp-master-7efad47/src/imp_StageInputOutputDescriptor.hpp,1,1,2
/media/ullmann/HDDGabriel/engines/UnrealEngine/Engine/Source/Runtime/Renderer/Private/HairStrands/HairStrandsRasterCommon.cpp,0,2,2
/media/ullmann/HDDGabriel/engines/UnrealEngine/Engine/Source/Runtime/Renderer/Private/HairStrands/HairStrandsRasterCommon.h,3,1,4
/media/ullmann/HDDGabriel/engines/UnrealEngine/Engine/Source/ThirdParty/SDL2/SDL-gui-backend/src/joystick/windows/SDL_windowsjoystick_c.h,6,4,10
/media/ullmann/HDDGabriel/engines/UnrealEngine/Engine/Source/ThirdParty/Imath/Imath-3.1.3/src/python/PyImath/PyImathColor.h,3,1,4
/media/ullmann/HDDGabriel/engines/UnrealEngine/Engine/Source/ThirdParty/PhysX3/PhysX_3.4/Include/geometry/PxMeshScale.h,1,0,1
/media/ullmann/HDDGabriel/engines/UnrealEngine/Engine/Source/ThirdParty/ICU/icu4c-53_1/source/i18n/japancal.cpp,0,2,2
/media/ullmann/HDDGabriel/engines/UnrealEngine/Engine/Source/ThirdParty/PhysX3/PhysX_3.4/Source/GeomUtils/src/contact/GuLegacyContactBoxHeightField.cpp,0,2,2
/media/ullmann/HDDGabriel/engines/UnrealEngine/Engine/Source/ThirdParty/ICU/icu4c-53_1/source/i18n/uspoof_build.cpp,0,5,5
/media/ullmann/HDDGabriel/engines/UnrealEngine/Engine/Source/Runtime/Core/Private/Misc/Compression.cpp,0,1,1
/media/ullmann/HDDGabriel/engines/UnrealEngine/Engine/Source/ThirdParty/zlib/zlib-1.2.5/Inc/zlib.h,1,1,2
/media/ullmann/HDDGabriel/engines/UnrealEngine/Engine/Source/Runtime/Engine/Private/Streaming/TextureStreamIn.h,2,1,3
/media/ullmann/HDDGabriel/engines/UnrealEngine/Engine/Source/ThirdParty/openexr/openexr-3.1.1/src/lib/OpenEXRCore/internal_posix_file_impl.h,1,0,1
/media/ullmann/HDDGabriel/engines/UnrealEngine/Engine/Source/ThirdParty/libOpus/opus-1.0.3/tests/test_opus_encode.c,0,2,2
/media/ullmann/HDDGabriel/engines/UnrealEngine/Engine/Source/ThirdParty/libOpus/opus-1.0.3/tests/test_opus_common.h,3,0,3
/media/ullmann/HDDGabriel/engines/UnrealEngine/Engine/Source/ThirdParty/PhysX3/PhysX_3.4/Source/SimulationController/src/ScConstraintProjectionTree.h,2,0,2
/media/ullmann/HDDGabriel/engines/UnrealEngine/Engine/Source/ThirdParty/ShaderConductor/ShaderConductor/External/DirectXShaderCompiler/tools/clang/tools/dxcompiler/DXCompiler.cpp,0,1,1
/media/ullmann/HDDGabriel/engines/UnrealEngine/Engine/Source/ThirdParty/PhysX3/PhysX_3.4/Source/LowLevelDynamics/src/DyRigidBodyToSolverBody.cpp,0,1,1
/media/ullmann/HDDGabriel/engines/UnrealEngine/Engine/Source/Editor/StatusBar/Private/StatusBarSubsystem.cpp,0,2,2
/media/ullmann/HDDGabriel/engines/UnrealEngine/Engine/Source/Editor/StatusBar/Private/SStatusBar.h,2,0,2
/media/ullmann/HDDGabriel/engines/UnrealEngine/Engine/Source/Editor/LandscapeEditor/Private/LandscapeEdModeXYOffset.cpp,0,2,2
/media/ullmann/HDDGabriel/engines/UnrealEngine/Engine/Source/Editor/PropertyEditor/Public/DetailWidgetRow.h,4,3,7
/media/ullmann/HDDGabriel/engines/UnrealEngine/Engine/Source/ThirdParty/Boost/boost-1_70_0/include/boost/spirit/home/support/detail/lexer/parser/tree/leaf_node.hpp,1,3,4
/media/ullmann/HDDGabriel/engines/UnrealEngine/Engine/Source/ThirdParty/PhysX3/APEX_1.4/shared/internal/include/authoring/ApexCSGMath.h,1,0,1
/media/ullmann/HDDGabriel/engines/UnrealEngine/Engine/Source/Runtime/Online/HTTP/Public/HttpRetrySystem.h,0,2,2
/media/ullmann/HDDGabriel/engines/UnrealEngine/Engine/Source/Runtime/Online/HTTP/Public/Interfaces/IHttpRequest.h,3,0,3
/media/ullmann/HDDGabriel/engines/UnrealEngine/Engine/Source/ThirdParty/libOpus/opus-1.3.1-12/silk/inner_prod_aligned.c,0,1,1
/media/ullmann/HDDGabriel/engines/UnrealEngine/Engine/Source/ThirdParty/FreeType2/FreeType2-2.10.4/src/gxvalid/gxvmort4.c,1,1,2
/media/ullmann/HDDGabriel/engines/UnrealEngine/Engine/Source/ThirdParty/FreeType2/FreeType2-2.10.4/src/gxvalid/gxvmort.h,7,2,9
/media/ullmann/HDDGabriel/engines/UnrealEngine/Engine/Source/ThirdParty/Crunch/src/crnlib/crn_platform.cpp,0,2,2
/media/ullmann/HDDGabriel/engines/UnrealEngine/Engine/Source/ThirdParty/Intel/Embree/Embree270/src/kernels/xeon/builders/presplit.h,2,6,8
/media/ullmann/HDDGabriel/engines/UnrealEngine/Engine/Source/ThirdParty/Oculus/LibOVRPlatform/LibOVRPlatform/include/OVR_ProductArray.h,3,2,5
/media/ullmann/HDDGabriel/engines/UnrealEngine/Engine/Source/Editor/GraphEditor/Private/DragConnection.cpp,0,1,1
/media/ullmann/HDDGabriel/engines/UnrealEngine/Engine/Source/Editor/GraphEditor/Private/DragConnection.h,4,0,4
/media/ullmann/HDDGabriel/engines/UnrealEngine/Engine/Source/Editor/AnimGraph/Private/AnimBlueprintExtension_Base.h,3,0,3
/media/ullmann/HDDGabriel/engines/UnrealEngine/Engine/Source/ThirdParty/SDL2/SDL-gui-backend/src/power/emscripten/SDL_syspower.c,0,1,1
/media/ullmann/HDDGabriel/engines/UnrealEngine/Engine/Source/ThirdParty/ShaderConductor/ShaderConductor/External/DirectXShaderCompiler/tools/clang/lib/CodeGen/TargetInfo.cpp,0,5,5
/media/ullmann/HDDGabriel/engines/UnrealEngine/Engine/Source/ThirdParty/ShaderConductor/ShaderConductor/External/DirectXShaderCompiler/tools/clang/lib/CodeGen/ABIInfo.h,3,0,3
/media/ullmann/HDDGabriel/engines/UnrealEngine/Engine/Source/ThirdParty/SDL2/SDL-gui-backend/src/locale/haiku/SDL_syslocale.cc,0,2,2
/media/ullmann/HDDGabriel/engines/UnrealEngine/Engine/Source/ThirdParty/FreeImage/FreeImage-3.18.0/Source/LibJPEG/wrgif.c,0,1,1
/media/ullmann/HDDGabriel/engines/UnrealEngine/Engine/Source/ThirdParty/PhysX3/PhysX_3.4/Source/PhysXCooking/src/convex/ConvexPolygonsBuilder.h,2,1,3
/media/ullmann/HDDGabriel/engines/UnrealEngine/Engine/Source/ThirdParty/Intel/Embree/Embree2140/src/kernels/geometry/quad_intersector.h,1,0,1
/media/ullmann/HDDGabriel/engines/UnrealEngine/Engine/Source/ThirdParty/openexr/openexr-3.1.1/src/bin/exrenvmap/readInputImage.cpp,0,3,3
/media/ullmann/HDDGabriel/engines/UnrealEngine/Engine/Source/ThirdParty/OpenSubdiv/OpenSubdiv-3.4.4/opensubdiv/osd/mtlPatchTable.h,1,5,6
/media/ullmann/HDDGabriel/engines/UnrealEngine/Engine/Source/ThirdParty/CryptoPP/5.6.5/include/modes.cpp,0,4,4
/media/ullmann/HDDGabriel/engines/UnrealEngine/Engine/Source/ThirdParty/ICU/icu4c-64_1/source/i18n/csrsbcs.h,3,1,4
/media/ullmann/HDDGabriel/engines/UnrealEngine/Engine/Source/ThirdParty/openexr/openexr-3.1.1/src/lib/Iex/IexMathFpu.h,2,3,5
/media/ullmann/HDDGabriel/engines/UnrealEngine/Engine/Source/ThirdParty/openexr/openexr-3.1.1/src/lib/OpenEXR/ImfDeepTiledInputFile.h,4,4,8
/media/ullmann/HDDGabriel/engines/UnrealEngine/Engine/Source/ThirdParty/Intel/Embree/Embree270/src/kernels/algorithms/parallel_for_for_prefix_sum.h,5,2,7
/usr/include/malloc.h,2,0,2
/media/ullmann/HDDGabriel/engines/UnrealEngine/Engine/Source/ThirdParty/mtlpp/mtlpp-master-7efad47/src/vertex_descriptor.hpp,1,3,4
/media/ullmann/HDDGabriel/engines/UnrealEngine/Engine/Source/Editor/PropertyEditor/Public/IPropertyDetailsUtilities.h,0,1,1
/media/ullmann/HDDGabriel/engines/UnrealEngine/Engine/Source/Editor/PropertyEditor/Public/IPropertyUtilities.h,2,0,2
/media/ullmann/HDDGabriel/engines/UnrealEngine/Engine/Source/ThirdParty/ICU/icu4c-64_1/source/common/unicode/icuplug.h,3,0,3
/media/ullmann/HDDGabriel/engines/UnrealEngine/Engine/Source/ThirdParty/WebRTC/4147/Include/rtc_base/ssl_identity.h,0,1,1
/media/ullmann/HDDGabriel/engines/UnrealEngine/Engine/Source/Developer/CrashDebugHelper/Private/CrashDebugHelper.cpp,0,1,1
/media/ullmann/HDDGabriel/engines/UnrealEngine/Engine/Source/ThirdParty/CryptoPP/5.6.2/include/ripemd.cpp,0,3,3
/media/ullmann/HDDGabriel/engines/UnrealEngine/Engine/Source/ThirdParty/SDL2/SDL-gui-backend/src/video/winrt/SDL_winrtkeyboard.cpp,0,4,4
/media/ullmann/HDDGabriel/engines/UnrealEngine/Engine/Source/ThirdParty/ICU/icu4c-64_1/source/common/uresdata.h,2,6,8
/media/ullmann/HDDGabriel/engines/UnrealEngine/Engine/Source/ThirdParty/FBX/2020.2/include/fbxsdk/fileio/fbxglobalcamerasettings.h,1,0,1
/media/ullmann/HDDGabriel/engines/UnrealEngine/Engine/Source/ThirdParty/ICU/icu4c-53_1/source/i18n/japancal.h,2,2,4
/media/ullmann/HDDGabriel/engines/UnrealEngine/Engine/Source/ThirdParty/libPNG/libPNG-1.6.37/pngdebug.h,1,0,1
/media/ullmann/HDDGabriel/engines/UnrealEngine/Engine/Source/ThirdParty/libOpus/opus-1.0.3/silk/A2NLSF.c,0,2,2
/media/ullmann/HDDGabriel/engines/UnrealEngine/Engine/Source/Editor/Experimental/RemoteExecution/Private/RemoteExecutionModule.h,1,1,2
/media/ullmann/HDDGabriel/engines/UnrealEngine/Engine/Source/Editor/Experimental/RemoteExecution/Private/DefaultRemoteExecutor.h,2,0,2
/media/ullmann/HDDGabriel/engines/UnrealEngine/Engine/Source/ThirdParty/hlslcc/hlslcc/src/hlslcc_lib/IRDump.cpp,0,6,6
/media/ullmann/HDDGabriel/engines/UnrealEngine/Engine/Source/Developer/Windows/LiveCodingServer/Private/External/LC_TimeStamp.h,3,0,3
/media/ullmann/HDDGabriel/engines/UnrealEngine/Engine/Source/ThirdParty/PhysX3/APEX_1.4/module/clothing/embedded/PxClothMeshDesc.h,3,1,4
/media/ullmann/HDDGabriel/engines/UnrealEngine/Engine/Source/ThirdParty/PhysX3/APEX_1.4/module/clothing/embedded/ExtClothCoreUtilityTypes.h,1,0,1
/media/ullmann/HDDGabriel/engines/UnrealEngine/Engine/Source/ThirdParty/MCPP/mcpp-2.7.2/cpp-test/test-t/n_tlimit.c,0,4,4
/media/ullmann/HDDGabriel/engines/UnrealEngine/Engine/Source/ThirdParty/MCPP/mcpp-2.7.2/cpp-test/test-t/m4095.h,3,0,3
/media/ullmann/HDDGabriel/engines/UnrealEngine/Engine/Source/ThirdParty/Intel/TBB/IntelTBB-2019u8/src/tbb/queuing_rw_mutex.cpp,0,1,1
/media/ullmann/HDDGabriel/engines/UnrealEngine/Engine/Source/Editor/ContentBrowser/Private/SCollectionPicker.cpp,0,2,2
/media/ullmann/HDDGabriel/engines/UnrealEngine/Engine/Source/Editor/ContentBrowser/Private/SCollectionPicker.h,2,0,2
/media/ullmann/HDDGabriel/engines/UnrealEngine/Engine/Source/ThirdParty/SDL2/SDL-gui-backend/src/thread/vita/SDL_syscond.c,0,1,1
/media/ullmann/HDDGabriel/engines/UnrealEngine/Engine/Source/ThirdParty/SDL2/SDL-gui-backend/src/render/software/SDL_drawline.h,2,1,3
/media/ullmann/HDDGabriel/engines/UnrealEngine/Engine/Source/ThirdParty/FBX/2020.2/include/fbxsdk/scene/fbxcollectionexclusive.h,1,0,1
/media/ullmann/HDDGabriel/engines/UnrealEngine/Engine/Source/ThirdParty/FreeImage/FreeImage-3.18.0/Source/FreeImage/PluginJP2.cpp,0,2,2
/media/ullmann/HDDGabriel/engines/UnrealEngine/Engine/Source/ThirdParty/FakeIt/2.0.2/tests/custom_event_formatting_tests.cpp,0,1,1
/media/ullmann/HDDGabriel/engines/UnrealEngine/Engine/Source/ThirdParty/PhysX3/NvCloth/samples/SampleBase/renderer/ClothRenderMesh.cpp,0,2,2
/media/ullmann/HDDGabriel/engines/UnrealEngine/Engine/Source/ThirdParty/Intel/ISPC/ispc-1.16.1/ispcrt/detail/Future.h,3,2,5
/media/ullmann/HDDGabriel/engines/UnrealEngine/Engine/Source/ThirdParty/Intel/ISPC/ispc-1.16.1/ispcrt/detail/IntrusivePtr.h,3,0,3
/media/ullmann/HDDGabriel/engines/UnrealEngine/Engine/Source/ThirdParty/PhysX3/PhysX_3.4/Source/GeomUtils/src/contact/GuContactCapsuleConvex.cpp,0,1,1
/media/ullmann/HDDGabriel/engines/UnrealEngine/Engine/Source/Runtime/Datasmith/DirectLink/Private/DirectLinkStreamSender.cpp,0,1,1
/media/ullmann/HDDGabriel/engines/UnrealEngine/Engine/Source/Runtime/HeadMountedDisplay/Public/IXRInput.h,1,1,2
/media/ullmann/HDDGabriel/engines/UnrealEngine/Engine/Source/ThirdParty/PhysX3/APEX_1.4/shared/general/HACD/include/dgPolygonSoupBuilder.h,0,3,3
/media/ullmann/HDDGabriel/engines/UnrealEngine/Engine/Source/ThirdParty/Intel/Embree/Embree270/src/kernels/common/acceln.cpp,0,3,3
/media/ullmann/HDDGabriel/engines/UnrealEngine/Engine/Source/ThirdParty/Imath/Imath-3.1.3/src/Imath/ImathBoxAlgo.h,0,5,5
/media/ullmann/HDDGabriel/engines/UnrealEngine/Engine/Source/ThirdParty/hlslcc/hlslcc/src/hlslcc_lib/ir_clone.cpp,0,5,5
/media/ullmann/HDDGabriel/engines/UnrealEngine/Engine/Source/Runtime/UMG/Public/Components/BorderSlot.h,1,0,1
/media/ullmann/HDDGabriel/engines/UnrealEngine/Engine/Source/Developer/Windows/LiveCodingServer/Private/External/LC_DirectoryCache.h,5,2,7
/media/ullmann/HDDGabriel/engines/UnrealEngine/Engine/Source/ThirdParty/PhysX3/APEX_1.4/module/destructible_legacy/include/autogen/DestructibleAssetParameters_0p21.h,1,0,1
/media/ullmann/HDDGabriel/engines/UnrealEngine/Engine/Source/ThirdParty/openexr/openexr-3.1.1/src/lib/OpenEXR/ImfDeepCompositing.h,2,1,3
/media/ullmann/HDDGabriel/engines/UnrealEngine/Engine/Source/Runtime/Apple/AGXRHI/Private/AGXRHIContext.cpp,0,3,3
/media/ullmann/HDDGabriel/engines/UnrealEngine/Engine/Source/Runtime/Apple/AGXRHI/Private/AGXRHIRenderQuery.h,5,0,5
/media/ullmann/HDDGabriel/engines/UnrealEngine/Engine/Source/ThirdParty/Android/libunwind/libunwind/src/sh/Ginit_remote.c,1,2,3
/media/ullmann/HDDGabriel/engines/UnrealEngine/Engine/Source/ThirdParty/libOpus/opus-1.0.3/celt/mdct.c,0,6,6
/media/ullmann/HDDGabriel/engines/UnrealEngine/Engine/Source/ThirdParty/FreeType2/FreeType2-2.10.0/src/cff/cff.c,0,6,6
/media/ullmann/HDDGabriel/engines/UnrealEngine/Engine/Source/ThirdParty/ICU/icu4c-64_1/source/common/unicode/ucasemap.h,9,0,9
/media/ullmann/HDDGabriel/engines/UnrealEngine/Engine/Source/Runtime/Renderer/Private/MobileFogRendering.cpp,0,3,3
/media/ullmann/HDDGabriel/engines/UnrealEngine/Engine/Source/Developer/DerivedDataCache/Private/S3CacheStore.cpp,0,4,4
/media/ullmann/HDDGabriel/engines/UnrealEngine/Engine/Source/ThirdParty/WebRTC/4147/Include/third_party/libyuv/include/libyuv/convert_from.h,1,0,1
/media/ullmann/HDDGabriel/engines/UnrealEngine/Engine/Source/Editor/Layers/Private/SActorLayerCloud.h,1,2,3
/media/ullmann/HDDGabriel/engines/UnrealEngine/Engine/Source/Runtime/Renderer/Private/PostProcess/PostProcessSubsurface.cpp,0,1,1
/media/ullmann/HDDGabriel/engines/UnrealEngine/Engine/Source/Editor/Persona/Private/PoseWatchManagerPoseWatchTreeItem.cpp,0,3,3
/media/ullmann/HDDGabriel/engines/UnrealEngine/Engine/Source/ThirdParty/Intel/Embree/Embree270/src/common/math/quaternion.h,2,1,3
/media/ullmann/HDDGabriel/engines/UnrealEngine/Engine/Source/ThirdParty/ICU/icu4c-53_1/source/samples/layout/paragraph.h,3,2,5
/media/ullmann/HDDGabriel/engines/UnrealEngine/Engine/Source/ThirdParty/HarfBuzz/harfbuzz-1.2.4/src/hb-blob.h,2,1,3
/media/ullmann/HDDGabriel/engines/UnrealEngine/Engine/Source/ThirdParty/hlslcc/hlslcc/src/hlslcc_lib/ir_rvalue_visitor.h,17,0,17
/media/ullmann/HDDGabriel/engines/UnrealEngine/Engine/Source/ThirdParty/PhysX3/APEX_1.4/framework/include/autogen/SubmeshParameters.h,1,0,1
/media/ullmann/HDDGabriel/engines/UnrealEngine/Engine/Source/ThirdParty/SDL2/SDL-gui-backend/src/video/yuv2rgb/yuv_rgb_sse_func.h,1,0,1
/media/ullmann/HDDGabriel/engines/UnrealEngine/Engine/Source/ThirdParty/OpenVDB/Deploy/openvdb-8.1.0/include/openvdb/Grid.h,1,8,9
/media/ullmann/HDDGabriel/engines/UnrealEngine/Engine/Source/ThirdParty/openexr/openexr-3.1.1/src/test/OpenEXRTest/testInputPart.h,2,0,2
/media/ullmann/HDDGabriel/engines/UnrealEngine/Engine/Source/Editor/FoliageEdit/Private/FoliageEditUtility.cpp,0,1,1
/media/ullmann/HDDGabriel/engines/UnrealEngine/Engine/Source/Editor/FoliageEdit/Private/FoliageEdMode.h,7,0,7
/media/ullmann/HDDGabriel/engines/UnrealEngine/Engine/Source/ThirdParty/libOpus/opus-1.1/silk/NLSF_VQ_weights_laroia.c,0,2,2
/media/ullmann/HDDGabriel/engines/UnrealEngine/Engine/Source/ThirdParty/SDL2/SDL-gui-backend/src/thread/os2/SDL_syssem.c,0,2,2
/media/ullmann/HDDGabriel/engines/UnrealEngine/Engine/Source/ThirdParty/ICU/icu4c-64_1/source/common/unicode/bytestriebuilder.h,1,0,1
/media/ullmann/HDDGabriel/engines/UnrealEngine/Engine/Source/ThirdParty/Alembic/alembic-1.8.2/python/PyAlembic/PyOSubD.cpp,0,3,3
/media/ullmann/HDDGabriel/engines/UnrealEngine/Engine/Source/ThirdParty/PhysX3/PhysX_3.4/Source/GeomUtils/src/convex/GuShapeConvex.h,2,1,3
/media/ullmann/HDDGabriel/engines/UnrealEngine/Engine/Source/ThirdParty/PhysX3/PhysX_3.4/Source/GeomUtils/src/convex/GuConvexMeshData.h,2,0,2
/media/ullmann/HDDGabriel/engines/UnrealEngine/Engine/Source/ThirdParty/Intel/ISPCTexComp/ISPC Texture Compressor/processing.cpp,0,2,2
/media/ullmann/HDDGabriel/engines/UnrealEngine/Engine/Source/ThirdParty/Intel/ISPCTexComp/ISPC Texture Compressor/StopWatch.h,2,0,2
/media/ullmann/HDDGabriel/engines/UnrealEngine/Engine/Source/ThirdParty/PhysX3/PhysX_3.4/Source/LowLevelCloth/src/SwFabric.cpp,0,2,2
/media/ullmann/HDDGabriel/engines/UnrealEngine/Engine/Source/ThirdParty/PhysX3/PhysX_3.4/Source/LowLevelCloth/src/SwFabric.h,6,1,7
/media/ullmann/HDDGabriel/engines/UnrealEngine/Engine/Source/ThirdParty/FreeImage/FreeImage-3.18.0/Wrapper/FreeImagePlus/test/fipTestMPage.cpp,0,1,1
/media/ullmann/HDDGabriel/engines/UnrealEngine/Engine/Source/ThirdParty/FreeImage/FreeImage-3.18.0/Wrapper/FreeImagePlus/test/fipTest.h,5,1,6
/media/ullmann/HDDGabriel/engines/UnrealEngine/Engine/Source/Runtime/UMG/Public/Components/ScrollBox.h,1,0,1
/media/ullmann/HDDGabriel/engines/UnrealEngine/Engine/Source/ThirdParty/openexr/Deploy/openexr-3.1.1/include/OpenEXR/ImfCompressionAttribute.h,0,2,2
/media/ullmann/HDDGabriel/engines/UnrealEngine/Engine/Source/Editor/Persona/Private/BlendProfileCustomization.cpp,0,1,1
/media/ullmann/HDDGabriel/engines/UnrealEngine/Engine/Source/Programs/Enterprise/Datasmith/DatasmithARCHICADExporter/Private/Utils/ViewState.h,2,1,3
/media/ullmann/HDDGabriel/engines/UnrealEngine/Engine/Source/ThirdParty/Intel/TBB/IntelTBB-2019u8/examples/graph/logic_sim/D_latch.h,1,1,2
/media/ullmann/HDDGabriel/engines/UnrealEngine/Engine/Source/ThirdParty/CryptoPP/5.6.2/include/eccrypto.cpp,1,7,8
/media/ullmann/HDDGabriel/engines/UnrealEngine/Engine/Source/ThirdParty/ICU/icu4c-64_1/source/test/intltest/rbbimonkeytest.h,2,2,4
/media/ullmann/HDDGabriel/engines/UnrealEngine/Engine/Source/Runtime/Core/Public/Containers/StaticBitArray.h,1,0,1
/media/ullmann/HDDGabriel/engines/UnrealEngine/Engine/Source/ThirdParty/PhysX3/PxShared/src/pvd/src/PxPvdCommStreamEventSink.h,1,2,3
/media/ullmann/HDDGabriel/engines/UnrealEngine/Engine/Source/ThirdParty/PhysX3/PxShared/src/pvd/src/PxPvdCommStreamEvents.h,3,0,3
/media/ullmann/HDDGabriel/engines/UnrealEngine/Engine/Source/Runtime/Experimental/Chaos/Public/PhysicsProxy/PerSolverFieldSystem.h,1,0,1
/media/ullmann/HDDGabriel/engines/UnrealEngine/Engine/Source/ThirdParty/SDL2/SDL-gui-backend/src/video/SDL_blit_auto.h,2,1,3
/media/ullmann/HDDGabriel/engines/UnrealEngine/Engine/Source/Runtime/Online/BuildPatchServices/Private/IBuildManifestSet.h,4,1,5
/media/ullmann/HDDGabriel/engines/UnrealEngine/Engine/Source/ThirdParty/SDL2/SDL-gui-backend/src/joystick/virtual/SDL_virtualjoystick_c.h,2,1,3
/media/ullmann/HDDGabriel/engines/UnrealEngine/Engine/Source/ThirdParty/Intel/TBB/IntelTBB-2019u8/src/test/test_tbb_header.cpp,0,3,3
/media/ullmann/HDDGabriel/engines/UnrealEngine/Engine/Source/ThirdParty/FreeType2/FreeType2-2.6/Src/psaux/afmparse.c,1,3,4
/media/ullmann/HDDGabriel/engines/UnrealEngine/Engine/Source/ThirdParty/FreeType2/FreeType2-2.6/Src/psaux/afmparse.h,2,0,2
/media/ullmann/HDDGabriel/engines/UnrealEngine/Engine/Source/Runtime/AVEncoder/Private/IMFSampleWrapper.cpp,0,2,2
/media/ullmann/HDDGabriel/engines/UnrealEngine/Engine/Source/Runtime/AVEncoder/Private/AVEncoder.h,3,0,3
/media/ullmann/HDDGabriel/engines/UnrealEngine/Engine/Source/ThirdParty/SDL2/SDL-gui-backend/src/video/x11/SDL_x11window.h,2,1,3
/media/ullmann/HDDGabriel/engines/UnrealEngine/Engine/Source/ThirdParty/ICU/icu4c-53_1/source/test/intltest/transapi.h,2,1,3
/media/ullmann/HDDGabriel/engines/UnrealEngine/Engine/Source/ThirdParty/Imath/Imath-3.1.3/src/python/PyImath/PyImathBufferProtocol.cpp,0,4,4
/media/ullmann/HDDGabriel/engines/UnrealEngine/Engine/Source/ThirdParty/Intel/Embree/Embree270/src/kernels/xeonphi/bvh4i/bvh4i_intersector1.h,1,3,4
/media/ullmann/HDDGabriel/engines/UnrealEngine/Engine/Source/Runtime/WidgetCarousel/Public/SCarouselNavigationBar.h,1,1,2
/media/ullmann/HDDGabriel/engines/UnrealEngine/Engine/Source/Runtime/WidgetCarousel/Public/WidgetCarouselStyle.h,3,0,3
/media/ullmann/HDDGabriel/engines/UnrealEngine/Engine/Source/Runtime/Engine/Public/EngineUtils.h,1,1,2
/media/ullmann/HDDGabriel/engines/UnrealEngine/Engine/Source/ThirdParty/Android/libunwind/libunwind/src/aarch64/Gglobal.c,1,1,2
/media/ullmann/HDDGabriel/engines/UnrealEngine/Engine/Source/ThirdParty/ICU/icu4c-53_1/source/i18n/regeximp.cpp,0,1,1
/media/ullmann/HDDGabriel/engines/UnrealEngine/Engine/Source/ThirdParty/SDL2/SDL-gui-backend/src/video/x11/SDL_x11opengl.h,2,1,3
/media/ullmann/HDDGabriel/engines/UnrealEngine/Engine/Source/ThirdParty/FreeType2/FreeType2-2.10.0/src/gxvalid/gxvfeat.h,2,2,4
/media/ullmann/HDDGabriel/engines/UnrealEngine/Engine/Source/Runtime/SlateRHIRenderer/Private/SlateRHIRenderer.cpp,0,5,5
/media/ullmann/HDDGabriel/engines/UnrealEngine/Engine/Source/ThirdParty/Perforce/p4api-2015.2/include/p4/filesys.h,1,0,1
/media/ullmann/HDDGabriel/engines/UnrealEngine/Engine/Source/Editor/Persona/Private/PersonaAssetFamilyManager.cpp,0,2,2
/media/ullmann/HDDGabriel/engines/UnrealEngine/Engine/Source/Editor/Sequencer/Private/DisplayNodes/SequencerFolderNode.h,4,0,4
/media/ullmann/HDDGabriel/engines/UnrealEngine/Engine/Source/ThirdParty/FreeType2/FreeType2-2.10.0/src/cache/ftcglyph.h,5,1,6
/media/ullmann/HDDGabriel/engines/UnrealEngine/Engine/Source/ThirdParty/llvm/8/include/llvm/DebugInfo/PDB/PDBSymbolBlock.h,0,2,2
/media/ullmann/HDDGabriel/engines/UnrealEngine/Engine/Source/ThirdParty/Intel/Embree/Embree270/src/kernels/common/scene_instance.cpp,0,2,2
/media/ullmann/HDDGabriel/engines/UnrealEngine/Engine/Source/ThirdParty/HarfBuzz/harfbuzz-2.4.0/src/hb-ot-hmtx-table.hh,3,0,3
/media/ullmann/HDDGabriel/engines/UnrealEngine/Engine/Source/Developer/AutomationWindow/Private/SAutomationWindow.cpp,0,6,6
/media/ullmann/HDDGabriel/engines/UnrealEngine/Engine/Source/Developer/AutomationWindow/Private/SAutomationTestItemContextMenu.h,1,0,1
/media/ullmann/HDDGabriel/engines/UnrealEngine/Engine/Source/Editor/Persona/Private/PersonaToolkit.cpp,0,3,3
/media/ullmann/HDDGabriel/engines/UnrealEngine/Engine/Source/Editor/Persona/Private/PersonaAssetFamily.h,3,0,3
/media/ullmann/HDDGabriel/engines/UnrealEngine/Engine/Source/Runtime/Engine/Public/SkeletalMeshTypes.h,1,3,4
/media/ullmann/HDDGabriel/engines/UnrealEngine/Engine/Source/ThirdParty/SDL2/SDL-gui-backend/src/core/linux/SDL_ime.c,0,3,3
/media/ullmann/HDDGabriel/engines/UnrealEngine/Engine/Source/ThirdParty/libOpus/opus-1.3.1-12/silk/init_encoder.c,0,1,1
/media/ullmann/HDDGabriel/engines/UnrealEngine/Engine/Source/ThirdParty/MCPP/mcpp-2.7.2/test-l/nest47.h,1,1,2
/media/ullmann/HDDGabriel/engines/UnrealEngine/Engine/Source/ThirdParty/MCPP/mcpp-2.7.2/test-l/nest48.h,1,1,2
/media/ullmann/HDDGabriel/engines/UnrealEngine/Engine/Source/ThirdParty/ShaderConductor/ShaderConductor/External/DirectXShaderCompiler/tools/llvm-pdbdump/EnumDumper.h,3,0,3
/media/ullmann/HDDGabriel/engines/UnrealEngine/Engine/Source/ThirdParty/OpenSubdiv/OpenSubdiv-3.4.4/opensubdiv/osd/glPatchTable.cpp,0,3,3
/media/ullmann/HDDGabriel/engines/UnrealEngine/Engine/Source/ThirdParty/SDL2/SDL-gui-backend/src/audio/android/SDL_androidaudio.h,1,2,3
/media/ullmann/HDDGabriel/engines/UnrealEngine/Engine/Source/ThirdParty/Boost/boost-1_70_0/include/boost/phoenix/stl/algorithm/detail/has_lower_bound.hpp,0,4,4
/media/ullmann/HDDGabriel/engines/UnrealEngine/Engine/Source/ThirdParty/Boost/boost-1_70_0/include/boost/phoenix/stl/algorithm/detail/is_std_hash_set.hpp,4,0,4
/media/ullmann/HDDGabriel/engines/UnrealEngine/Engine/Source/ThirdParty/ICU/icu4c-64_1/source/i18n/collationiterator.cpp,0,4,4
/media/ullmann/HDDGabriel/engines/UnrealEngine/Engine/Source/Programs/UnrealLightmass/Private/Lighting/VolumeDistanceField.cpp,0,2,2
/media/ullmann/HDDGabriel/engines/UnrealEngine/Engine/Source/ThirdParty/Intel/Embree/Embree2140/src/kernels/geometry/quadi_mb.h,6,2,8
/media/ullmann/HDDGabriel/engines/UnrealEngine/Engine/Source/ThirdParty/Android/libunwind/libunwind/src/x86_64/Lregs.c,0,1,1
/media/ullmann/HDDGabriel/engines/UnrealEngine/Engine/Source/ThirdParty/ICU/icu4c-64_1/source/common/unicode/ucptrie.h,9,0,9
/media/ullmann/HDDGabriel/engines/UnrealEngine/Engine/Source/ThirdParty/ICU/icu4c-64_1/source/test/intltest/aliastst.h,2,1,3
/media/ullmann/HDDGabriel/engines/UnrealEngine/Engine/Source/ThirdParty/openexr/openexr-3.1.1/src/lib/OpenEXRCore/decoding.c,0,5,5
/media/ullmann/HDDGabriel/engines/UnrealEngine/Engine/Source/ThirdParty/libOpus/opus-1.3.1-12/silk/control.h,4,1,5
/media/ullmann/HDDGabriel/engines/UnrealEngine/Engine/Source/ThirdParty/Intel/TBB/IntelTBB-2019u8/include/tbb/reader_writer_lock.h,2,3,5
/media/ullmann/HDDGabriel/engines/UnrealEngine/Engine/Source/Editor/Sequencer/Private/SSequencerSectionAreaView.cpp,0,2,2
/media/ullmann/HDDGabriel/engines/UnrealEngine/Engine/Source/ThirdParty/nvTextureTools/nvTextureTools-2.0.6/src/src/nvimage/Filter.cpp,0,1,1
/media/ullmann/HDDGabriel/engines/UnrealEngine/Engine/Source/ThirdParty/nvTextureTools/nvTextureTools-2.0.6/src/src/nvimage/Filter.h,2,0,2
/media/ullmann/HDDGabriel/engines/UnrealEngine/Engine/Source/Editor/IntroTutorials/Private/STutorialOverlay.cpp,0,3,3
/media/ullmann/HDDGabriel/engines/UnrealEngine/Engine/Source/Editor/IntroTutorials/Private/STutorialOverlay.h,3,0,3
/media/ullmann/HDDGabriel/engines/UnrealEngine/Engine/Source/ThirdParty/openexr/openexr-3.1.1/src/lib/OpenEXRUtil/ImfImageLevel.h,7,3,10
/media/ullmann/HDDGabriel/engines/UnrealEngine/Engine/Source/ThirdParty/openexr/openexr-3.1.1/src/lib/OpenEXRUtil/ImfImageChannelRenaming.h,1,0,1
/media/ullmann/HDDGabriel/engines/UnrealEngine/Engine/Source/Runtime/CEF3Utils/Private/CEF3Utils.cpp,0,1,1
/media/ullmann/HDDGabriel/engines/UnrealEngine/Engine/Source/Runtime/CEF3Utils/Private/CEF3UtilsLog.h,1,0,1
/media/ullmann/HDDGabriel/engines/UnrealEngine/Engine/Source/Developer/Localization/Public/PortableObjectPipeline.h,1,0,1
/media/ullmann/HDDGabriel/engines/UnrealEngine/Engine/Source/Runtime/Slate/Public/Framework/Text/TextHitPoint.h,2,0,2
/media/ullmann/HDDGabriel/engines/UnrealEngine/Engine/Source/Editor/LevelEditor/Private/Elements/Actor/ActorElementLevelEditorCommonActionsCustomization.h,1,0,1
/media/ullmann/HDDGabriel/engines/UnrealEngine/Engine/Source/ThirdParty/PhysX3/APEX_1.4/include/Scene.h,2,6,8
/media/ullmann/HDDGabriel/engines/UnrealEngine/Engine/Source/ThirdParty/WebRTC/4147/Include/rtc_base/network.h,0,1,1
/media/ullmann/HDDGabriel/engines/UnrealEngine/Engine/Source/ThirdParty/Intel/TBB/IntelTBB-2019u8/src/test/test_cilk_dynamic_load.cpp,0,3,3
/media/ullmann/HDDGabriel/engines/UnrealEngine/Engine/Source/ThirdParty/Intel/TBB/IntelTBB-2019u8/src/test/test_cilk_common.h,2,0,2
/media/ullmann/HDDGabriel/engines/UnrealEngine/Engine/Source/ThirdParty/FreeType2/FreeType2-2.6/Src/cff/cffload.h,5,1,6
/media/ullmann/HDDGabriel/engines/UnrealEngine/Engine/Source/ThirdParty/Python3/Mac/include/picklebufobject.h,1,0,1
/media/ullmann/HDDGabriel/engines/UnrealEngine/Engine/Source/ThirdParty/WebRTC/4147/Include/tools/clang/blink_gc_plugin/tests/traceimpl_omitted_trace.h,0,1,1
/media/ullmann/HDDGabriel/engines/UnrealEngine/Engine/Source/ThirdParty/ICU/icu4c-64_1/source/common/rbbitblb.cpp,0,10,10
/media/ullmann/HDDGabriel/engines/UnrealEngine/Engine/Source/Runtime/GeometryCore/Public/VectorUtil.h,5,2,7
/media/ullmann/HDDGabriel/engines/UnrealEngine/Engine/Source/ThirdParty/CryptoPP/5.6.5/include/sharkbox.cpp,0,2,2
/media/ullmann/HDDGabriel/engines/UnrealEngine/Engine/Source/ThirdParty/libOpus/opus-1.3.1-12/celt/mathops.c,0,1,1
/media/ullmann/HDDGabriel/engines/UnrealEngine/Engine/Source/ThirdParty/ShaderConductor/ShaderConductor/External/DirectXShaderCompiler/lib/Support/Windows/MSFileSystem.inc.cpp,1,1,2
/media/ullmann/HDDGabriel/engines/UnrealEngine/Engine/Source/ThirdParty/Intel/Embree/Embree270/src/kernels/common/primref.h,6,1,7
/media/ullmann/HDDGabriel/engines/UnrealEngine/Engine/Source/ThirdParty/FakeIt/2.0.2/tests/argument_matching_tests.cpp,0,1,1
/media/ullmann/HDDGabriel/engines/UnrealEngine/Engine/Source/ThirdParty/Intel/TBB/IntelTBB-2019u8/src/tbb/dynamic_link.h,6,0,6
/media/ullmann/HDDGabriel/engines/UnrealEngine/Engine/Source/Editor/TranslationEditor/Private/TranslationEditorMenu.cpp,0,2,2
/media/ullmann/HDDGabriel/engines/UnrealEngine/Engine/Source/ThirdParty/FreeType2/FreeType2-2.10.0/src/pcf/pcfdrivr.c,1,5,6
/media/ullmann/HDDGabriel/engines/UnrealEngine/Engine/Source/ThirdParty/FreeType2/FreeType2-2.10.0/src/pcf/pcf.h,2,0,2
/media/ullmann/HDDGabriel/engines/UnrealEngine/Engine/Source/ThirdParty/FreeType2/FreeType2-2.10.4/src/type1/t1driver.h,1,0,1
/media/ullmann/HDDGabriel/engines/UnrealEngine/Engine/Source/ThirdParty/FreeType2/FreeType2-2.6/Src/cff/cf2hints.c,1,5,6
/media/ullmann/HDDGabriel/engines/UnrealEngine/Engine/Source/ThirdParty/ICU/icu4c-64_1/source/i18n/nultrans.h,4,1,5
/media/ullmann/HDDGabriel/engines/UnrealEngine/Engine/Source/ThirdParty/ShaderConductor/ShaderConductor/External/DirectXShaderCompiler/lib/CodeGen/SelectionDAG/ScheduleDAGFast.cpp,0,2,2
/media/ullmann/HDDGabriel/engines/UnrealEngine/Engine/Source/ThirdParty/WebRTC/4147/Include/third_party/opus/src/silk/arm/SigProc_FIX_armv5e.h,1,0,1
/media/ullmann/HDDGabriel/engines/UnrealEngine/Engine/Source/Developer/GraphColor/Private/stack.h,2,1,3
/media/ullmann/HDDGabriel/engines/UnrealEngine/Engine/Source/ThirdParty/CryptoPP/5.6.2/include/xtr.cpp,0,4,4
/media/ullmann/HDDGabriel/engines/UnrealEngine/Engine/Source/ThirdParty/ICU/icu4c-64_1/source/test/intltest/tzbdtest.h,2,1,3
/media/ullmann/HDDGabriel/engines/UnrealEngine/Engine/Source/ThirdParty/Intel/Embree/Embree2140/src/kernels/geometry/quad_intersector_moeller.h,4,2,6
/media/ullmann/HDDGabriel/engines/UnrealEngine/Engine/Source/ThirdParty/FreeType2/FreeType2-2.6/Src/gzip/zlib.h,3,1,4
/media/ullmann/HDDGabriel/engines/UnrealEngine/Engine/Source/ThirdParty/MCPP/mcpp-2.7.2/cpp-test/test-l/nest25.h,1,1,2
/media/ullmann/HDDGabriel/engines/UnrealEngine/Engine/Source/ThirdParty/MCPP/mcpp-2.7.2/cpp-test/test-l/nest26.h,1,1,2
/media/ullmann/HDDGabriel/engines/UnrealEngine/Engine/Source/ThirdParty/Intel/Embree/Embree2140/src/kernels/geometry/quadi_mb_intersector.h,4,3,7
/media/ullmann/HDDGabriel/engines/UnrealEngine/Engine/Source/ThirdParty/FreeType2/FreeType2-2.10.0/src/psaux/afmparse.c,1,3,4
/media/ullmann/HDDGabriel/engines/UnrealEngine/Engine/Source/ThirdParty/FreeImage/FreeImage-3.18.0/TestAPI/testMPageStream.cpp,0,1,1
/media/ullmann/HDDGabriel/engines/UnrealEngine/Engine/Source/Runtime/RigVM/Public/RigVMCore/RigVMMemoryStorage.h,2,5,7
/media/ullmann/HDDGabriel/engines/UnrealEngine/Engine/Source/Runtime/RigVM/Public/RigVMCore/RigVMMemoryCommon.h,2,2,4
/media/ullmann/HDDGabriel/engines/UnrealEngine/Engine/Source/ThirdParty/OpenSubdiv/OpenSubdiv-3.4.4/opensubdiv/osd/ompKernel.cpp,0,2,2
/media/ullmann/HDDGabriel/engines/UnrealEngine/Engine/Source/Editor/IntroTutorials/Private/TutorialStateSettings.cpp,0,1,1
/media/ullmann/HDDGabriel/engines/UnrealEngine/Engine/Source/Editor/IntroTutorials/Private/TutorialStateSettings.h,5,0,5
/media/ullmann/HDDGabriel/engines/UnrealEngine/Engine/Source/Editor/UMGEditor/Private/Customizations/DynamicEntryBoxDetails.h,1,1,2
/media/ullmann/HDDGabriel/engines/UnrealEngine/Engine/Source/Editor/UMGEditor/Private/Customizations/DynamicEntryWidgetDetailsBase.h,3,0,3
/media/ullmann/HDDGabriel/engines/UnrealEngine/Engine/Source/ThirdParty/FreeType2/FreeType2-2.6/Src/raster/ftraster.c,1,4,5
/media/ullmann/HDDGabriel/engines/UnrealEngine/Engine/Source/ThirdParty/HarfBuzz/harfbuzz-2.4.0/src/hb-ft.cc,0,5,5
/media/ullmann/HDDGabriel/engines/UnrealEngine/Engine/Source/Editor/ViewportInteraction/Public/ViewportDragOperation.h,2,1,3
/media/ullmann/HDDGabriel/engines/UnrealEngine/Engine/Source/Editor/ViewportInteraction/Public/ViewportInteractionTypes.h,6,0,6
/media/ullmann/HDDGabriel/engines/UnrealEngine/Engine/Source/ThirdParty/FreeType2/FreeType2-2.4.12/src/winfonts/fnterrs.h,1,0,1
/media/ullmann/HDDGabriel/engines/UnrealEngine/Engine/Source/ThirdParty/ShaderConductor/ShaderConductor/External/googletest/googletest/samples/sample8_unittest.cc,0,1,1
/media/ullmann/HDDGabriel/engines/UnrealEngine/Engine/Source/ThirdParty/ShaderConductor/ShaderConductor/External/googletest/googletest/samples/prime_tables.h,3,0,3
/media/ullmann/HDDGabriel/engines/UnrealEngine/Engine/Source/Editor/DetailCustomizations/Private/MaterialExpressionTextureBaseDetails.cpp,0,1,1
/media/ullmann/HDDGabriel/engines/UnrealEngine/Engine/Source/Runtime/AVEncoder/Private/Decoders/vdecmpeg4/M4Prediction.cpp,0,2,2
/media/ullmann/HDDGabriel/engines/UnrealEngine/Engine/Source/ThirdParty/PhysX3/PhysX_3.4/Source/PhysXExtensions/src/serialization/Binary/SnConvX_MetaData.cpp,0,1,1
/media/ullmann/HDDGabriel/engines/UnrealEngine/Engine/Source/ThirdParty/OpenVDB/Deploy/openvdb-8.1.0/include/openvdb/points/PointSample.h,0,2,2
/media/ullmann/HDDGabriel/engines/UnrealEngine/Engine/Source/Editor/WorldBrowser/Private/SLevelsTreeWidget.h,3,0,3
/media/ullmann/HDDGabriel/engines/UnrealEngine/Engine/Source/ThirdParty/Intel/TBB/IntelTBB-2019u8/include/tbb/internal/_range_iterator.h,2,1,3
/media/ullmann/HDDGabriel/engines/UnrealEngine/Engine/Source/Runtime/MeshDescription/Public/MeshDescriptionBase.h,0,2,2
/media/ullmann/HDDGabriel/engines/UnrealEngine/Engine/Source/ThirdParty/Oculus/LibOVRPlatform/LibOVRPlatform/include/OVR_MatchmakingEnqueuedUser.h,2,4,6
/media/ullmann/HDDGabriel/engines/UnrealEngine/Engine/Source/ThirdParty/ICU/icu4c-64_1/source/io/ufmt_cmn.cpp,0,1,1
/media/ullmann/HDDGabriel/engines/UnrealEngine/Engine/Source/ThirdParty/PhysX3/APEX_1.4/NvParameterized/include/BinaryHelper.h,2,0,2
/media/ullmann/HDDGabriel/engines/UnrealEngine/Engine/Source/ThirdParty/PhysX3/APEX_1.4/module/destructible/fracture/IceBoxPruning.cpp,0,2,2
/media/ullmann/HDDGabriel/engines/UnrealEngine/Engine/Source/ThirdParty/ICU/icu4c-53_1/source/i18n/uspoof.cpp,0,5,5
/media/ullmann/HDDGabriel/engines/UnrealEngine/Engine/Source/Editor/Documentation/Private/DocumentationModule.cpp,0,1,1
/media/ullmann/HDDGabriel/engines/UnrealEngine/Engine/Source/Editor/Documentation/Private/Documentation.h,2,0,2
/media/ullmann/HDDGabriel/engines/UnrealEngine/Engine/Source/ThirdParty/ICU/icu4c-53_1/source/layout/ContextualGlyphInsertionProc2.cpp,0,9,9
/media/ullmann/HDDGabriel/engines/UnrealEngine/Engine/Source/ThirdParty/FreeType2/FreeType2-2.10.0/src/sfnt/ttsbit.c,1,4,5
/media/ullmann/HDDGabriel/engines/UnrealEngine/Engine/Source/ThirdParty/FreeType2/FreeType2-2.10.0/src/sfnt/sferrors.h,10,0,10
/media/ullmann/HDDGabriel/engines/UnrealEngine/Engine/Source/ThirdParty/PhysX3/PhysX_3.4/Include/PxSimulationEventCallback.h,1,3,4
/media/ullmann/HDDGabriel/engines/UnrealEngine/Engine/Source/Programs/Enterprise/Datasmith/DatasmithSketchUpRubyExporter/Private/DatasmithSketchUpCamera.h,4,3,7
/media/ullmann/HDDGabriel/engines/UnrealEngine/Engine/Source/ThirdParty/libOpus/opus-1.0.3/celt/fixed_debug.h,1,0,1
/media/ullmann/HDDGabriel/engines/UnrealEngine/Engine/Source/ThirdParty/SDL2/SDL-gui-backend/include/SDL_log.h,1,3,4
/media/ullmann/HDDGabriel/engines/UnrealEngine/Engine/Source/ThirdParty/FreeType2/FreeType2-2.10.4/src/pcf/pcf.c,0,3,3
/media/ullmann/HDDGabriel/engines/UnrealEngine/Engine/Source/Programs/UnrealHeaderTool/Private/StringUtils.h,7,0,7
/media/ullmann/HDDGabriel/engines/UnrealEngine/Engine/Source/ThirdParty/FBX/2020.2/include/fbxsdk/scene/fbxselectionset.h,1,0,1
/media/ullmann/HDDGabriel/engines/UnrealEngine/Engine/Source/ThirdParty/ICU/icu4c-53_1/source/test/cintltst/trie2test.c,0,1,1
/media/ullmann/HDDGabriel/engines/UnrealEngine/Engine/Source/ThirdParty/GoogleGameSDK/gamesdk/src/common/JNIUtil.h,0,1,1
/media/ullmann/HDDGabriel/engines/UnrealEngine/Engine/Source/ThirdParty/GoogleGameSDK/gamesdk/src/common/Log.h,2,0,2
/media/ullmann/HDDGabriel/engines/UnrealEngine/Engine/Source/ThirdParty/Oculus/LibOVRPlatform/LibOVRPlatform/include/OVR_MatchmakingCriterionImportance.h,1,1,2
/media/ullmann/HDDGabriel/engines/UnrealEngine/Engine/Source/ThirdParty/ICU/icu4c-53_1/source/common/ustrtrns.cpp,0,9,9
/media/ullmann/HDDGabriel/engines/UnrealEngine/Engine/Source/ThirdParty/Intel/TBB/IntelTBB-2019u8/examples/parallel_for/tachyon/src/ui.h,12,0,12
/media/ullmann/HDDGabriel/engines/UnrealEngine/Engine/Source/ThirdParty/ShaderConductor/ShaderConductor/External/DirectXShaderCompiler/lib/Support/regstrlcpy.c,0,1,1
/media/ullmann/HDDGabriel/engines/UnrealEngine/Engine/Source/Runtime/D3D12RHI/Private/D3D12View.cpp,0,1,1
/media/ullmann/HDDGabriel/engines/UnrealEngine/Engine/Source/ThirdParty/openexr/openexr-3.1.1/src/lib/OpenEXR/ImfZipCompressor.cpp,0,3,3
/media/ullmann/HDDGabriel/engines/UnrealEngine/Engine/Source/ThirdParty/openexr/openexr-3.1.1/src/lib/OpenEXR/ImfHuf.cpp,0,4,4
/media/ullmann/HDDGabriel/engines/UnrealEngine/Engine/Source/ThirdParty/ICU/icu4c-64_1/source/common/unifunct.cpp,0,1,1
/media/ullmann/HDDGabriel/engines/UnrealEngine/Engine/Source/ThirdParty/ICU/icu4c-64_1/source/common/unicode/unifunct.h,1,0,1
/media/ullmann/HDDGabriel/engines/UnrealEngine/Engine/Source/Developer/ProfilerService/Private/ProfilerServiceModule.cpp,0,1,1
/media/ullmann/HDDGabriel/engines/UnrealEngine/Engine/Source/Developer/ProfilerService/Private/ProfilerServiceManager.h,3,0,3
/media/ullmann/HDDGabriel/engines/UnrealEngine/Engine/Source/Developer/AutomationController/Private/AutomationControllerManager.h,2,2,4
/media/ullmann/HDDGabriel/engines/UnrealEngine/Engine/Source/Developer/AutomationController/Private/AutomationDeviceClusterManager.h,2,0,2
/media/ullmann/HDDGabriel/engines/UnrealEngine/Engine/Source/ThirdParty/libOpus/opus-1.0.3/silk/control_codec.c,0,2,2
/media/ullmann/HDDGabriel/engines/UnrealEngine/Engine/Source/ThirdParty/PhysX3/PhysX_3.4/Source/PhysXCharacterKinematic/src/CctSweptCapsule.h,2,1,3
/media/ullmann/HDDGabriel/engines/UnrealEngine/Engine/Source/ThirdParty/ShaderConductor/ShaderConductor/External/DirectXShaderCompiler/tools/clang/lib/CodeGen/ObjectFilePCHContainerOperations.cpp,0,2,2
/media/ullmann/HDDGabriel/engines/UnrealEngine/Engine/Source/Runtime/Core/Public/ProfilingDebugging/ScopedDebugInfo.h,1,0,1
/media/ullmann/HDDGabriel/engines/UnrealEngine/Engine/Source/ThirdParty/FreeImage/FreeImage-3.18.0/Source/OpenEXR/IlmImf/ImfArray.h,8,1,9
/media/ullmann/HDDGabriel/engines/UnrealEngine/Engine/Source/Developer/Virtualization/Private/Virtualization.cpp,0,2,2
/media/ullmann/HDDGabriel/engines/UnrealEngine/Engine/Source/Runtime/AVEncoder/Private/AudioEncoderFactory.cpp,0,2,2
/media/ullmann/HDDGabriel/engines/UnrealEngine/Engine/Source/Runtime/AVEncoder/Private/Encoders/WmfAudioEncoder.h,2,0,2
/media/ullmann/HDDGabriel/engines/UnrealEngine/Engine/Source/ThirdParty/ICU/icu4c-53_1/source/i18n/strrepl.h,3,1,4
/media/ullmann/HDDGabriel/engines/UnrealEngine/Engine/Source/ThirdParty/ICU/icu4c-53_1/source/common/cstring.c,0,4,4
/media/ullmann/HDDGabriel/engines/UnrealEngine/Engine/Source/Runtime/Online/HTTP/Private/Apple/ApplePlatformHttp.cpp,0,1,1
/media/ullmann/HDDGabriel/engines/UnrealEngine/Engine/Source/Runtime/Online/HTTP/Private/Apple/AppleHTTP.h,2,0,2
/media/ullmann/HDDGabriel/engines/UnrealEngine/Engine/Source/Developer/TraceInsights/Private/Insights/MemoryProfiler/ViewModels/MemTagNodeGroupingAndSorting.cpp,0,1,1
/media/ullmann/HDDGabriel/engines/UnrealEngine/Engine/Source/Developer/TraceInsights/Private/Insights/MemoryProfiler/ViewModels/MemTagNodeGroupingAndSorting.h,1,0,1
/media/ullmann/HDDGabriel/engines/UnrealEngine/Engine/Source/ThirdParty/SDL2/SDL-gui-backend/src/stdlib/SDL_string.c,0,1,1
/media/ullmann/HDDGabriel/engines/UnrealEngine/Engine/Source/Runtime/Renderer/Private/MobileBasePass.cpp,0,4,4
/media/ullmann/HDDGabriel/engines/UnrealEngine/Engine/Source/Runtime/ClothingSystemRuntimeNv/Public/ClothingActor.h,1,0,1
/media/ullmann/HDDGabriel/engines/UnrealEngine/Engine/Source/Runtime/Engine/Public/ConvexVolume.h,6,0,6
/media/ullmann/HDDGabriel/engines/UnrealEngine/Engine/Source/Developer/TraceAnalysis/Private/Analysis/Processor.cpp,0,2,2
/media/ullmann/HDDGabriel/engines/UnrealEngine/Engine/Source/Developer/TraceAnalysis/Private/Analysis/Processor.h,2,1,3
/media/ullmann/HDDGabriel/engines/UnrealEngine/Engine/Source/ThirdParty/OpenSubdiv/OpenSubdiv-3.4.4/opensubdiv/far/topologyRefinerFactory.cpp,0,4,4
/media/ullmann/HDDGabriel/engines/UnrealEngine/Engine/Source/Runtime/VulkanRHI/Private/VulkanDevice.h,4,1,5
/media/ullmann/HDDGabriel/engines/UnrealEngine/Engine/Source/ThirdParty/PhysX3/APEX_1.4/module/clothing_legacy/include/autogen/ClothingActorParam_0p17.h,1,0,1
/media/ullmann/HDDGabriel/engines/UnrealEngine/Engine/Source/Editor/Persona/Private/AnimSequenceCurveEditorCommands.cpp,0,1,1
/media/ullmann/HDDGabriel/engines/UnrealEngine/Engine/Source/Editor/Persona/Private/AnimSequenceCurveEditorCommands.h,1,0,1
/media/ullmann/HDDGabriel/engines/UnrealEngine/Engine/Source/ThirdParty/Intel/TBB/IntelTBB-2019u8/src/old/spin_rw_mutex_v2.cpp,0,2,2
/media/ullmann/HDDGabriel/engines/UnrealEngine/Engine/Source/ThirdParty/Intel/TBB/IntelTBB-2019u8/src/old/spin_rw_mutex_v2.h,2,0,2
/media/ullmann/HDDGabriel/engines/UnrealEngine/Engine/Source/ThirdParty/WebRTC/4147/Include/rtc_base/test_echo_server.h,0,1,1
/media/ullmann/HDDGabriel/engines/UnrealEngine/Engine/Source/ThirdParty/ICU/icu4c-64_1/source/test/intltest/transapi.cpp,0,2,2
/media/ullmann/HDDGabriel/engines/UnrealEngine/Engine/Source/ThirdParty/ICU/icu4c-64_1/source/test/intltest/transapi.h,2,1,3
/media/ullmann/HDDGabriel/engines/UnrealEngine/Engine/Source/Runtime/Online/BuildPatchServices/Private/Installer/Controllable.h,2,0,2
/media/ullmann/HDDGabriel/engines/UnrealEngine/Engine/Source/Editor/WorldPartitionEditor/Private/WorldPartition/SWorldPartitionConvertDialog.cpp,0,1,1
/media/ullmann/HDDGabriel/engines/UnrealEngine/Engine/Source/Editor/WorldPartitionEditor/Private/WorldPartition/SWorldPartitionConvertDialog.h,2,0,2
/media/ullmann/HDDGabriel/engines/UnrealEngine/Engine/Source/ThirdParty/OpenVDB/openvdb-8.1.0/openvdb/openvdb/math/Vec2.h,0,2,2
/media/ullmann/HDDGabriel/engines/UnrealEngine/Engine/Source/Runtime/MovieSceneCapture/Public/MovieSceneCaptureSettings.h,2,0,2
/media/ullmann/HDDGabriel/engines/UnrealEngine/Engine/Source/Runtime/Online/BuildPatchServices/Private/BuildPatchDelta.cpp,0,2,2
/media/ullmann/HDDGabriel/engines/UnrealEngine/Engine/Source/Runtime/Landscape/Private/LandscapeEditResources.cpp,0,2,2
/media/ullmann/HDDGabriel/engines/UnrealEngine/Engine/Source/ThirdParty/FreeImage/FreeImage-3.18.0/Source/OpenEXR/IlmImf/ImfRgba.h,5,1,6
/media/ullmann/HDDGabriel/engines/UnrealEngine/Engine/Source/Editor/MergeActors/Private/MeshApproximationTool/MeshApproximationTool.h,1,0,1
/media/ullmann/HDDGabriel/engines/UnrealEngine/Engine/Source/Editor/VREditor/VREditorWidgetComponent.cpp,0,1,1
/media/ullmann/HDDGabriel/engines/UnrealEngine/Engine/Source/Editor/VREditor/VREditorWidgetComponent.h,2,0,2
/media/ullmann/HDDGabriel/engines/UnrealEngine/Engine/Source/ThirdParty/Vorbis/libvorbis-1.3.2/test/test.c,0,2,2
/media/ullmann/HDDGabriel/engines/UnrealEngine/Engine/Source/ThirdParty/PhysX3/PhysX_3.4/Source/LowLevel/software/include/PxsContext.h,0,3,3
/media/ullmann/HDDGabriel/engines/UnrealEngine/Engine/Source/ThirdParty/PhysX3/PhysX_3.4/Source/LowLevel/software/include/PxsContactManager.h,1,0,1
/media/ullmann/HDDGabriel/engines/UnrealEngine/Engine/Source/Editor/PluginWarden/Private/PluginWardenAuthorizer.h,4,0,4
/media/ullmann/HDDGabriel/engines/UnrealEngine/Engine/Source/Runtime/Slate/Public/Framework/Text/TextDecorators.h,2,0,2
/media/ullmann/HDDGabriel/engines/UnrealEngine/Engine/Source/ThirdParty/Intel/Embree/Embree270/src/kernels/common/scene_subdiv_mesh.cpp,0,7,7
/media/ullmann/HDDGabriel/engines/UnrealEngine/Engine/Source/ThirdParty/Intel/Embree/Embree270/src/kernels/algorithms/prefix.h,2,2,4
/media/ullmann/HDDGabriel/engines/UnrealEngine/Engine/Source/ThirdParty/CryptoPP/5.6.2/include/validate.h,7,1,8
/media/ullmann/HDDGabriel/engines/UnrealEngine/Engine/Source/ThirdParty/CryptoPP/5.6.2/include/idea.h,3,2,5
/media/ullmann/HDDGabriel/engines/UnrealEngine/Engine/Source/ThirdParty/ICU/icu4c-64_1/source/i18n/collationroot.h,5,0,5
/media/ullmann/HDDGabriel/engines/UnrealEngine/Engine/Source/Runtime/HeadMountedDisplay/Public/HeadMountedDisplayBase.h,0,3,3
/media/ullmann/HDDGabriel/engines/UnrealEngine/Engine/Source/ThirdParty/libOpus/opus-1.3.1-12/src/analysis.c,0,2,2
/media/ullmann/HDDGabriel/engines/UnrealEngine/Engine/Source/ThirdParty/Intel/Embree/Embree2140/src/common/sys/mutex.h,7,3,10
/media/ullmann/HDDGabriel/engines/UnrealEngine/Engine/Source/ThirdParty/Intel/Embree/Embree270/src/kernels/xeon/geometry/instance_intersector8.cpp,0,1,1
/media/ullmann/HDDGabriel/engines/UnrealEngine/Engine/Source/ThirdParty/Intel/Embree/Embree270/src/kernels/xeon/geometry/instance_intersector8.h,1,2,3
/media/ullmann/HDDGabriel/engines/UnrealEngine/Engine/Source/Developer/IOS/IOSPlatformEditor/Private/IOSPlatformEditorModule.cpp,0,2,2
/media/ullmann/HDDGabriel/engines/UnrealEngine/Engine/Source/Editor/AnimGraph/Private/AnimBlueprintCompiler.h,10,0,10
/media/ullmann/HDDGabriel/engines/UnrealEngine/Engine/Source/ThirdParty/PhysX3/PhysX_3.4/Source/LowLevelCloth/src/IterationState.h,2,2,4
/media/ullmann/HDDGabriel/engines/UnrealEngine/Engine/Source/ThirdParty/PhysX3/PhysX_3.4/Source/LowLevelCloth/src/Array.h,2,0,2
/media/ullmann/HDDGabriel/engines/UnrealEngine/Engine/Source/Editor/FoliageEdit/Private/FoliageTypeObjectCustomization.cpp,0,1,1
/media/ullmann/HDDGabriel/engines/UnrealEngine/Engine/Source/Editor/FoliageEdit/Private/FoliageTypeObjectCustomization.h,2,0,2
/media/ullmann/HDDGabriel/engines/UnrealEngine/Engine/Source/ThirdParty/ICU/icu4c-64_1/source/samples/layout/UnicodeReader.h,5,1,6
/media/ullmann/HDDGabriel/engines/UnrealEngine/Engine/Source/Developer/ScreenShotComparisonTools/Private/ScreenShotToolsModule.cpp,0,1,1
/media/ullmann/HDDGabriel/engines/UnrealEngine/Engine/Source/Developer/ScreenShotComparisonTools/Private/ScreenShotManager.h,2,0,2
/media/ullmann/HDDGabriel/engines/UnrealEngine/Engine/Source/ThirdParty/EOSSDK/SDK/Bin/Android/include/eos_achievements_types_deprecated.inl,1,0,1
/media/ullmann/HDDGabriel/engines/UnrealEngine/Engine/Source/ThirdParty/FreeType2/FreeType2-2.6/Src/base/ftrfork.c,1,2,3
/media/ullmann/HDDGabriel/engines/UnrealEngine/Engine/Source/ThirdParty/FreeType2/FreeType2-2.6/Src/base/ftbase.h,3,0,3
/media/ullmann/HDDGabriel/engines/UnrealEngine/Engine/Source/Developer/SlateFileDialogs/Private/SlateFileDlgWindow.cpp,0,2,2
/media/ullmann/HDDGabriel/engines/UnrealEngine/Engine/Source/Developer/SlateFileDialogs/Private/SlateFileDlgWindow.h,2,0,2
/media/ullmann/HDDGabriel/engines/UnrealEngine/Engine/Source/ThirdParty/ICU/icu4c-53_1/source/common/stringpiece.cpp,0,4,4
/media/ullmann/HDDGabriel/engines/UnrealEngine/Engine/Source/ThirdParty/FreeType2/FreeType2-2.10.4/src/gxvalid/gxvmort.c,1,2,3
/media/ullmann/HDDGabriel/engines/UnrealEngine/Engine/Source/ThirdParty/FreeType2/FreeType2-2.10.4/src/gxvalid/gxvfeat.h,2,2,4
/media/ullmann/HDDGabriel/engines/UnrealEngine/Engine/Source/ThirdParty/ICU/icu4c-64_1/source/i18n/collationrootelements.cpp,0,2,2
/media/ullmann/HDDGabriel/engines/UnrealEngine/Engine/Source/Editor/MaterialEditor/Private/SMaterialEditorCustomPrimitiveDataWidget.h,2,0,2
/media/ullmann/HDDGabriel/engines/UnrealEngine/Engine/Source/ThirdParty/FBX/2020.2/include/fbxsdk/scene/shading/fbxlayeredtexture.h,1,0,1
/media/ullmann/HDDGabriel/engines/UnrealEngine/Engine/Source/Runtime/Core/Public/Math/Quat.h,3,0,3
/media/ullmann/HDDGabriel/engines/UnrealEngine/Engine/Source/ThirdParty/WebRTC/4147/Include/tools/clang/blink_gc_plugin/tests/optional_gc_object.h,0,1,1
/media/ullmann/HDDGabriel/engines/UnrealEngine/Engine/Source/ThirdParty/CryptoPP/5.6.5/include/iterhash.h,10,4,14
/media/ullmann/HDDGabriel/engines/UnrealEngine/Engine/Source/ThirdParty/Intel/Embree/Embree2140/src/kernels/builders/bvh_builder_sah.h,5,2,7
/media/ullmann/HDDGabriel/engines/UnrealEngine/Engine/Source/ThirdParty/ShaderConductor/ShaderConductor/External/DirectXShaderCompiler/include/llvm/ExecutionEngine/JITEventListener.h,0,1,1
/media/ullmann/HDDGabriel/engines/UnrealEngine/Engine/Source/ThirdParty/openexr/openexr-3.1.1/src/lib/OpenEXRUtil/ImfFlatImageChannel.h,2,3,5
/media/ullmann/HDDGabriel/engines/UnrealEngine/Engine/Source/ThirdParty/nvTextureTools/nvTextureTools-2.0.8/src/src/nvtt/OutputOptions.h,4,1,5
/media/ullmann/HDDGabriel/engines/UnrealEngine/Engine/Source/Runtime/Core/Public/Misc/OutputDeviceRedirector.h,2,0,2
/media/ullmann/HDDGabriel/engines/UnrealEngine/Engine/Source/ThirdParty/FreeType2/FreeType2-2.4.12/src/sfnt/ttkern.h,3,0,3
/media/ullmann/HDDGabriel/engines/UnrealEngine/Engine/Source/ThirdParty/FreeImage/FreeImage-3.18.0/Source/OpenEXR/IlmImf/ImfOutputFile.h,5,7,12
/media/ullmann/HDDGabriel/engines/UnrealEngine/Engine/Source/ThirdParty/PhysX3/PhysX_3.4/Source/GeomUtils/src/pcm/GuPCMContactGenSphereCapsule.cpp,0,3,3
/media/ullmann/HDDGabriel/engines/UnrealEngine/Engine/Source/ThirdParty/PhysX3/PhysX_3.4/Source/LowLevelCloth/src/windows/CuPhaseConfig.h,1,0,1
/media/ullmann/HDDGabriel/engines/UnrealEngine/Engine/Source/ThirdParty/FreeType2/FreeType2-2.10.4/src/sfnt/pngshim.h,2,1,3
/media/ullmann/HDDGabriel/engines/UnrealEngine/Engine/Source/Developer/Virtualization/Private/PackageSubmissionChecks.h,2,0,2
/media/ullmann/HDDGabriel/engines/UnrealEngine/Engine/Source/ThirdParty/ICU/icu4c-53_1/source/i18n/currpinf.cpp,0,3,3
/media/ullmann/HDDGabriel/engines/UnrealEngine/Engine/Source/ThirdParty/ICU/icu4c-53_1/source/i18n/unicode/plurrule.h,9,0,9
/media/ullmann/HDDGabriel/engines/UnrealEngine/Engine/Source/ThirdParty/ICU/icu4c-64_1/source/test/intltest/tsnmfmt.h,2,1,3
/media/ullmann/HDDGabriel/engines/UnrealEngine/Engine/Source/Editor/OverlayEditor/Private/OverlayEditorModule.cpp,0,1,1
/media/ullmann/HDDGabriel/engines/UnrealEngine/Engine/Source/Editor/OverlayEditor/Private/OverlayEditorPrivate.h,1,0,1
/media/ullmann/HDDGabriel/engines/UnrealEngine/Engine/Source/Runtime/LiveLinkInterface/Public/LiveLinkFrameTranslator.h,3,2,5
/media/ullmann/HDDGabriel/engines/UnrealEngine/Engine/Source/ThirdParty/SDL2/SDL-gui-backend/src/video/android/SDL_androidmessagebox.h,2,1,3
/media/ullmann/HDDGabriel/engines/UnrealEngine/Engine/Source/ThirdParty/ICU/icu4c-64_1/source/common/unicode/localpointer.h,6,0,6
/media/ullmann/HDDGabriel/engines/UnrealEngine/Engine/Source/ThirdParty/OpenSubdiv/OpenSubdiv-3.4.4/opensubdiv/osd/d3d11PatchTable.cpp,0,3,3
/media/ullmann/HDDGabriel/engines/UnrealEngine/Engine/Source/ThirdParty/ShaderConductor/ShaderConductor/External/DirectXShaderCompiler/lib/DxrFallback/StateFunctionTransform.h,2,0,2
/media/ullmann/HDDGabriel/engines/UnrealEngine/Engine/Source/Runtime/UMG/Public/Components/ScrollBar.h,1,0,1
/media/ullmann/HDDGabriel/engines/UnrealEngine/Engine/Source/ThirdParty/Intel/Embree/Embree2140/src/kernels/bvh/bvh_builder_twolevel.h,1,1,2
/media/ullmann/HDDGabriel/engines/UnrealEngine/Engine/Source/Editor/Sequencer/Private/SequencerContextMenus.cpp,0,9,9
/media/ullmann/HDDGabriel/engines/UnrealEngine/Engine/Source/ThirdParty/GoogleOboe/Private/fifo/FifoControllerIndirect.h,1,1,2
/media/ullmann/HDDGabriel/engines/UnrealEngine/Engine/Source/ThirdParty/Intel/Embree/Embree270/src/kernels/common/globals.cpp,0,3,3
/media/ullmann/HDDGabriel/engines/UnrealEngine/Engine/Source/ThirdParty/PhysX3/APEX_1.4/module/clothing/include/ClothingActorImpl.h,2,5,7
/media/ullmann/HDDGabriel/engines/UnrealEngine/Engine/Source/ThirdParty/PhysX3/APEX_1.4/module/clothing/include/ClothingActorTasks.h,1,0,1
/media/ullmann/HDDGabriel/engines/UnrealEngine/Engine/Source/ThirdParty/PhysX3/PhysX_3.4/Source/LowLevelParticles/src/PtContextCpu.cpp,0,5,5
/media/ullmann/HDDGabriel/engines/UnrealEngine/Engine/Source/ThirdParty/PhysX3/PhysX_3.4/Include/common/PxTypeInfo.h,1,0,1
/media/ullmann/HDDGabriel/engines/UnrealEngine/Engine/Source/Runtime/Core/Public/Math/ScaleRotationTranslationMatrix.h,3,0,3
/media/ullmann/HDDGabriel/engines/UnrealEngine/Engine/Source/ThirdParty/openexr/Deploy/openexr-3.1.1/include/OpenEXR/openexr_errors.h,2,1,3
/media/ullmann/HDDGabriel/engines/UnrealEngine/Engine/Source/ThirdParty/Oculus/LibOVRPlatform/LibOVRPlatform/include/OVR_AssetDetailsArray.h,2,2,4
/media/ullmann/HDDGabriel/engines/UnrealEngine/Engine/Source/ThirdParty/CryptoPP/5.6.5/include/pubkey.cpp,0,5,5
/media/ullmann/HDDGabriel/engines/UnrealEngine/Engine/Source/Editor/OverlayEditor/Private/Factories/ReimportBasicOverlaysFactory.cpp,0,1,1
/media/ullmann/HDDGabriel/engines/UnrealEngine/Engine/Source/Editor/OverlayEditor/Private/Factories/ReimportBasicOverlaysFactory.h,1,0,1
/media/ullmann/HDDGabriel/engines/UnrealEngine/Engine/Source/Runtime/Engine/Public/Shader/Preshader.h,1,0,1
/media/ullmann/HDDGabriel/engines/UnrealEngine/Engine/Source/ThirdParty/FreeType2/FreeType2-2.6/Src/psaux/psauxerr.h,5,0,5
/media/ullmann/HDDGabriel/engines/UnrealEngine/Engine/Source/Developer/LogVisualizer/Private/SVisualLoggerView.cpp,0,7,7
/media/ullmann/HDDGabriel/engines/UnrealEngine/Engine/Source/Developer/LogVisualizer/Private/SVisualLoggerSectionOverlay.h,2,0,2
/media/ullmann/HDDGabriel/engines/UnrealEngine/Engine/Source/Runtime/Projects/Public/CustomBuildSteps.h,4,0,4
/media/ullmann/HDDGabriel/engines/UnrealEngine/Engine/Source/Runtime/VulkanRHI/Private/VulkanCommandBuffer.h,3,0,3
/media/ullmann/HDDGabriel/engines/UnrealEngine/Engine/Source/ThirdParty/ICU/icu4c-53_1/source/tools/toolutil/uparse.c,0,2,2
/media/ullmann/HDDGabriel/engines/UnrealEngine/Engine/Source/ThirdParty/SDL2/SDL-gui-backend/src/audio/paudio/SDL_paudio.c,0,4,4
/media/ullmann/HDDGabriel/engines/UnrealEngine/Engine/Source/ThirdParty/SDL2/SDL-gui-backend/src/core/unix/SDL_poll.h,10,1,11
/media/ullmann/HDDGabriel/engines/UnrealEngine/Engine/Source/Runtime/Sockets/Private/IOS/SocketSubsystemIOS.h,2,0,2
/media/ullmann/HDDGabriel/engines/UnrealEngine/Engine/Source/ThirdParty/Crunch/src/crnlib/crn_threaded_resampler.cpp,0,4,4
/media/ullmann/HDDGabriel/engines/UnrealEngine/Engine/Source/ThirdParty/Crunch/src/crnlib/crn_threaded_resampler.h,2,2,4
/media/ullmann/HDDGabriel/engines/UnrealEngine/Engine/Source/ThirdParty/PhysX3/NvCloth/src/SwInterCollision.cpp,0,3,3
/media/ullmann/HDDGabriel/engines/UnrealEngine/Engine/Source/ThirdParty/ICU/icu4c-64_1/source/common/cmemory.cpp,0,4,4
/media/ullmann/HDDGabriel/engines/UnrealEngine/Engine/Source/ThirdParty/ICU/icu4c-64_1/source/common/unicode/normlzr.h,2,0,2
/media/ullmann/HDDGabriel/engines/UnrealEngine/Engine/Source/ThirdParty/libstrophe/libstrophe-0.9.1/strophepp.h,0,1,1
/media/ullmann/HDDGabriel/engines/UnrealEngine/Engine/Source/ThirdParty/libstrophe/libstrophe-0.9.1/strophe.h,1,0,1
/media/ullmann/HDDGabriel/engines/UnrealEngine/Engine/Source/Editor/UnrealEd/Private/StaticLightingSystem/StaticLightingPrivate.h,2,0,2
/media/ullmann/HDDGabriel/engines/UnrealEngine/Engine/Source/ThirdParty/FreeType2/FreeType2-2.4.12/src/gxvalid/gxvmorx0.c,1,1,2
/media/ullmann/HDDGabriel/engines/UnrealEngine/Engine/Source/Editor/PhysicsAssetEditor/Private/PhysicsAssetGraph/PhysicsAssetGraphNode.h,5,0,5
/media/ullmann/HDDGabriel/engines/UnrealEngine/Engine/Source/ThirdParty/SpeedTree/SpeedTreeSDK-v7.0/Include/Core/Comparators.h,2,2,4
/media/ullmann/HDDGabriel/engines/UnrealEngine/Engine/Source/ThirdParty/SpeedTree/SpeedTreeSDK-v7.0/Include/Core/ExportBegin.h,4,0,4
/media/ullmann/HDDGabriel/engines/UnrealEngine/Engine/Source/ThirdParty/libOpus/opus-1.3.1-12/silk/structs.h,4,3,7
/media/ullmann/HDDGabriel/engines/UnrealEngine/Engine/Source/ThirdParty/libOpus/opus-1.3.1-12/silk/define.h,7,2,9
/media/ullmann/HDDGabriel/engines/UnrealEngine/Engine/Source/Programs/Enterprise/Datasmith/DatasmithARCHICADExporter/Private/Utils/Error.cpp,0,3,3
/media/ullmann/HDDGabriel/engines/UnrealEngine/Engine/Source/ThirdParty/CryptoPP/5.6.2/include/cmac.cpp,0,2,2
/media/ullmann/HDDGabriel/engines/UnrealEngine/Engine/Source/ThirdParty/CryptoPP/5.6.2/include/cmac.h,4,2,6
/media/ullmann/HDDGabriel/engines/UnrealEngine/Engine/Source/Editor/Kismet/Private/SSCSEditorViewport.cpp,0,2,2
/media/ullmann/HDDGabriel/engines/UnrealEngine/Engine/Source/ThirdParty/SDL2/SDL-gui-backend/src/joystick/steam/SDL_steamcontroller.c,0,4,4
/media/ullmann/HDDGabriel/engines/UnrealEngine/Engine/Source/Programs/UnrealTraceServer/src/TraceRelay.cpp,0,4,4
/media/ullmann/HDDGabriel/engines/UnrealEngine/Engine/Source/Programs/UnrealTraceServer/src/AsioSocket.h,4,2,6
/media/ullmann/HDDGabriel/engines/UnrealEngine/Engine/Source/Developer/TaskGraph/Private/SGraphBar.cpp,0,1,1
/media/ullmann/HDDGabriel/engines/UnrealEngine/Engine/Source/Developer/TaskGraph/Private/TaskGraphStyle.h,6,0,6
/media/ullmann/HDDGabriel/engines/UnrealEngine/Engine/Source/ThirdParty/Intel/Embree/Embree270/src/kernels/xeon/bvh8/bvh8_intersector8_chunk.h,1,3,4
/media/ullmann/HDDGabriel/engines/UnrealEngine/Engine/Source/ThirdParty/ICU/icu4c-64_1/source/tools/toolutil/unewdata.h,2,0,2
/media/ullmann/HDDGabriel/engines/UnrealEngine/Engine/Source/ThirdParty/FreeType2/FreeType2-2.10.0/src/psaux/psarrst.c,1,4,5
/media/ullmann/HDDGabriel/engines/UnrealEngine/Engine/Source/Runtime/RigVM/Public/RigVMCore/RigVMRegistry.h,2,3,5
/media/ullmann/HDDGabriel/engines/UnrealEngine/Engine/Source/Runtime/RigVM/Public/RigVMCore/RigVMPrototype.h,1,1,2
/media/ullmann/HDDGabriel/engines/UnrealEngine/Engine/Source/ThirdParty/FreeType2/FreeType2-2.6/Src/cff/cffparse.c,1,4,5
/media/ullmann/HDDGabriel/engines/UnrealEngine/Engine/Source/ThirdParty/FreeType2/FreeType2-2.6/Src/cff/cfftoken.h,1,0,1
/media/ullmann/HDDGabriel/engines/UnrealEngine/Engine/Source/Runtime/Slate/Public/Framework/Views/TableViewTypeTraits.h,3,0,3
/media/ullmann/HDDGabriel/engines/UnrealEngine/Engine/Source/ThirdParty/Boost/boost-1_70_0/include/boost/safe_numerics/safe_integer.hpp,2,5,7
/media/ullmann/HDDGabriel/engines/UnrealEngine/Engine/Source/ThirdParty/openexr/openexr-3.1.1/src/lib/OpenEXRCore/openexr.h,0,11,11
/media/ullmann/HDDGabriel/engines/UnrealEngine/Engine/Source/ThirdParty/openexr/openexr-3.1.1/src/lib/OpenEXRCore/openexr_conf.h,3,0,3
/media/ullmann/HDDGabriel/engines/UnrealEngine/Engine/Source/ThirdParty/ICU/icu4c-53_1/source/test/cintltst/ccolltst.c,0,2,2
/media/ullmann/HDDGabriel/engines/UnrealEngine/Engine/Source/ThirdParty/PhysX3/PhysX_3.4/Source/LowLevelCloth/include/Range.h,3,1,4
/media/ullmann/HDDGabriel/engines/UnrealEngine/Engine/Source/ThirdParty/Alembic/alembic-1.8.2/python/PyAlembic/PyISampleSelector.cpp,0,1,1
/media/ullmann/HDDGabriel/engines/UnrealEngine/Engine/Source/ThirdParty/FreeType2/FreeType2-2.6/Src/psnames/pspic.c,1,2,3
/media/ullmann/HDDGabriel/engines/UnrealEngine/Engine/Source/ThirdParty/FreeType2/FreeType2-2.6/Src/psnames/pspic.h,2,0,2
/media/ullmann/HDDGabriel/engines/UnrealEngine/Engine/Source/Editor/LevelEditor/Private/SSurfaceProperties.cpp,0,1,1
/media/ullmann/HDDGabriel/engines/UnrealEngine/Engine/Source/Editor/LevelEditor/Private/SSurfaceProperties.h,2,0,2
/media/ullmann/HDDGabriel/engines/UnrealEngine/Engine/Source/Programs/UnrealTraceServer/src/StoreCborServer.h,2,4,6
/media/ullmann/HDDGabriel/engines/UnrealEngine/Engine/Source/ThirdParty/hlslcc/hlslcc/src/hlslcc_lib/lower_noise.cpp,0,3,3
/media/ullmann/HDDGabriel/engines/UnrealEngine/Engine/Source/Runtime/Core/Public/UObject/BlueprintsObjectVersion.h,1,0,1
/media/ullmann/HDDGabriel/engines/UnrealEngine/Engine/Source/ThirdParty/Boost/boost-1_70_0/include/boost/polygon/polygon_90_with_holes_data.hpp,2,2,4
/media/ullmann/HDDGabriel/engines/UnrealEngine/Engine/Source/Editor/UnrealEd/Private/PackageRestore.cpp,0,2,2
/media/ullmann/HDDGabriel/engines/UnrealEngine/Engine/Source/Editor/UnrealEd/Private/PackageRestore.h,2,0,2
/media/ullmann/HDDGabriel/engines/UnrealEngine/Engine/Source/ThirdParty/openexr/openexr-3.1.1/src/lib/OpenEXRCore/attributes.c,1,3,4
/media/ullmann/HDDGabriel/engines/UnrealEngine/Engine/Source/ThirdParty/nvTextureTools/nvTextureTools-2.0.8/src/src/nvtt/QuickCompressDXT.h,2,0,2
/media/ullmann/HDDGabriel/engines/UnrealEngine/Engine/Source/Editor/Sequencer/Private/SequencerSelectionPreview.h,3,2,5
/media/ullmann/HDDGabriel/engines/UnrealEngine/Engine/Source/ThirdParty/PhysX3/PhysX_3.4/Source/SceneQuery/src/SqBucketPruner.cpp,0,1,1
/media/ullmann/HDDGabriel/engines/UnrealEngine/Engine/Source/ThirdParty/ICU/icu4c-53_1/source/test/intltest/calregts.h,3,1,4
/media/ullmann/HDDGabriel/engines/UnrealEngine/Engine/Source/ThirdParty/SDL2/SDL-gui-backend/src/core/linux/SDL_ime.h,3,1,4
/media/ullmann/HDDGabriel/engines/UnrealEngine/Engine/Source/Developer/AssetTools/Private/AssetTypeActions/AssetTypeActions_PhysicsAsset.h,1,0,1
/media/ullmann/HDDGabriel/engines/UnrealEngine/Engine/Source/ThirdParty/SDL2/SDL-gui-backend/src/locale/dummy/SDL_syslocale.c,0,2,2
/media/ullmann/HDDGabriel/engines/UnrealEngine/Engine/Source/ThirdParty/Intel/Embree/Embree270/src/kernels/xeonphi/bvh4i/bvh4i.cpp,0,5,5
/media/ullmann/HDDGabriel/engines/UnrealEngine/Engine/Source/Runtime/Apple/MetalRHI/Private/MetalDebugCommandEncoder.h,6,1,7
/media/ullmann/HDDGabriel/engines/UnrealEngine/Engine/Source/ThirdParty/FreeType2/FreeType2-2.10.0/src/gxvalid/gxvprop.c,1,2,3
/media/ullmann/HDDGabriel/engines/UnrealEngine/Engine/Source/Runtime/Online/BuildPatchServices/Private/Installer/InstallerAnalytics.h,2,0,2
/media/ullmann/HDDGabriel/engines/UnrealEngine/Engine/Source/ThirdParty/FreeImage/FreeImage-3.18.0/Wrapper/FreeImagePlus/FreeImagePlus.h,1,0,1
/media/ullmann/HDDGabriel/engines/UnrealEngine/Engine/Source/Runtime/Experimental/Chaos/Public/Chaos/AABB.h,1,1,2
/media/ullmann/HDDGabriel/engines/UnrealEngine/Engine/Source/ThirdParty/libOpus/opus-1.3.1-12/src/tansig_table.h,1,0,1
/media/ullmann/HDDGabriel/engines/UnrealEngine/Engine/Source/Editor/DetailCustomizations/Private/SoundSourceBusDetails.cpp,0,1,1
/media/ullmann/HDDGabriel/engines/UnrealEngine/Engine/Source/Editor/DetailCustomizations/Private/SoundSourceBusDetails.h,2,0,2
/media/ullmann/HDDGabriel/engines/UnrealEngine/Engine/Source/ThirdParty/PhysX3/APEX_1.4/module/clothing_legacy/include/autogen/ClothingMaterialLibraryParameters_0p5.h,1,0,1
/media/ullmann/HDDGabriel/engines/UnrealEngine/Engine/Source/Runtime/Renderer/Private/HeightfieldLighting.h,2,0,2
/media/ullmann/HDDGabriel/engines/UnrealEngine/Engine/Source/ThirdParty/FreeType2/FreeType2-2.10.4/src/autofit/aflatin2.c,1,5,6
/media/ullmann/HDDGabriel/engines/UnrealEngine/Engine/Source/ThirdParty/FreeType2/FreeType2-2.10.4/src/autofit/aflatin2.h,2,1,3
/media/ullmann/HDDGabriel/engines/UnrealEngine/Engine/Source/ThirdParty/FreeType2/FreeType2-2.6/Src/autofit/afranges.h,2,2,4
/media/ullmann/HDDGabriel/engines/UnrealEngine/Engine/Source/ThirdParty/Python3/Mac/include/longobject.h,1,0,1
/media/ullmann/HDDGabriel/engines/UnrealEngine/Engine/Source/ThirdParty/ICU/icu4c-53_1/source/samples/date/uprint.c,0,1,1
/media/ullmann/HDDGabriel/engines/UnrealEngine/Engine/Source/ThirdParty/ICU/icu4c-53_1/source/samples/date/uprint.h,2,0,2
/media/ullmann/HDDGabriel/engines/UnrealEngine/Engine/Source/ThirdParty/FreeType2/FreeType2-2.10.4/src/pcf/pcferror.h,2,0,2
/media/ullmann/HDDGabriel/engines/UnrealEngine/Engine/Source/ThirdParty/FreeImage/FreeImage-3.18.0/Source/OpenEXR/IlmImf/ImfInputPartData.h,7,3,10
/media/ullmann/HDDGabriel/engines/UnrealEngine/Engine/Source/ThirdParty/OpenSubdiv/OpenSubdiv-3.4.4/examples/common/hdr_reader.h,3,0,3
/media/ullmann/HDDGabriel/engines/UnrealEngine/Engine/Source/ThirdParty/SDL2/SDL-gui-backend/src/misc/dummy/SDL_sysurl.c,0,1,1
/media/ullmann/HDDGabriel/engines/UnrealEngine/Engine/Source/ThirdParty/Steamworks/Steamv151/sdk/public/steam/isteammusicremote.h,1,2,3
/media/ullmann/HDDGabriel/engines/UnrealEngine/Engine/Source/ThirdParty/ShaderConductor/ShaderConductor/External/DirectXShaderCompiler/tools/clang/tools/dxlib-sample/dxlib_sample.cpp,0,1,1
/media/ullmann/HDDGabriel/engines/UnrealEngine/Engine/Source/ThirdParty/nvTextureTools/nvTextureTools-2.0.8/src/src/nvtt/CompressRGB.cpp,0,3,3
/media/ullmann/HDDGabriel/engines/UnrealEngine/Engine/Source/ThirdParty/FreeImage/FreeImage-3.18.0/Source/LibJPEG/rdppm.c,0,1,1
/media/ullmann/HDDGabriel/engines/UnrealEngine/Engine/Source/Runtime/Core/Public/Templates/RemoveExtent.h,3,0,3
/media/ullmann/HDDGabriel/engines/UnrealEngine/Engine/Source/ThirdParty/PhysX3/PhysX_3.4/Include/characterkinematic/PxControllerManager.h,1,0,1
/media/ullmann/HDDGabriel/engines/UnrealEngine/Engine/Source/ThirdParty/libcurl/include/Linux/x86_64-unknown-linux-gnu/curl/urlapi.h,1,1,2
/media/ullmann/HDDGabriel/engines/UnrealEngine/Engine/Source/ThirdParty/HarfBuzz/harfbuzz-1.2.4/src/hb-warning.cc,0,2,2
/media/ullmann/HDDGabriel/engines/UnrealEngine/Engine/Source/ThirdParty/HarfBuzz/harfbuzz-1.2.4/src/hb-atomic-private.hh,2,0,2
/media/ullmann/HDDGabriel/engines/UnrealEngine/Engine/Source/Editor/Persona/Private/SkeletalMeshReferenceSectionDetails.cpp,0,2,2
/media/ullmann/HDDGabriel/engines/UnrealEngine/Engine/Source/Editor/Persona/Private/LODInfoUILayout.h,4,0,4
/media/ullmann/HDDGabriel/engines/UnrealEngine/Engine/Source/ThirdParty/SDL2/SDL-gui-backend/src/sensor/android/SDL_androidsensor.c,0,4,4
/media/ullmann/HDDGabriel/engines/UnrealEngine/Engine/Source/ThirdParty/SDL2/SDL-gui-backend/src/sensor/android/SDL_androidsensor.h,1,0,1
/media/ullmann/HDDGabriel/engines/UnrealEngine/Engine/Source/Programs/Enterprise/Datasmith/DatasmithARCHICADExporter/Private/Utils/Progression.cpp,0,3,3
/media/ullmann/HDDGabriel/engines/UnrealEngine/Engine/Source/ThirdParty/SDL2/SDL-gui-backend/src/video/winrt/SDL_winrtmessagebox.cpp,0,3,3
/media/ullmann/HDDGabriel/engines/UnrealEngine/Engine/Source/ThirdParty/PhysX3/PhysX_3.4/Source/LowLevelAABB/include/BpSimpleAABBManager.h,1,2,3
/media/ullmann/HDDGabriel/engines/UnrealEngine/Engine/Source/ThirdParty/PhysX3/PhysX_3.4/Source/LowLevelAABB/include/BpBroadPhaseUpdate.h,1,0,1
/media/ullmann/HDDGabriel/engines/UnrealEngine/Engine/Source/ThirdParty/MCPP/mcpp-2.7.2/test-l/nest61.h,1,1,2
/media/ullmann/HDDGabriel/engines/UnrealEngine/Engine/Source/ThirdParty/ICU/icu4c-64_1/source/test/intltest/msfmrgts.cpp,0,1,1
/media/ullmann/HDDGabriel/engines/UnrealEngine/Engine/Source/ThirdParty/ICU/icu4c-64_1/source/test/intltest/msfmrgts.h,2,1,3
/media/ullmann/HDDGabriel/engines/UnrealEngine/Engine/Source/ThirdParty/Oculus/LibOVRPlatform/LibOVRPlatform/include/OVR_PartyID.h,2,2,4
/media/ullmann/HDDGabriel/engines/UnrealEngine/Engine/Source/Runtime/CoreUObject/Public/UObject/Class.h,2,0,2
/media/ullmann/HDDGabriel/engines/UnrealEngine/Engine/Source/ThirdParty/SDL2/SDL-gui-backend/src/video/riscos/SDL_riscoswindow.c,0,4,4
/media/ullmann/HDDGabriel/engines/UnrealEngine/Engine/Source/ThirdParty/PhysX3/NvCloth/samples/external/shadow_lib/GFSDK_ShadowLib.h,0,1,1
/media/ullmann/HDDGabriel/engines/UnrealEngine/Engine/Source/ThirdParty/PhysX3/NvCloth/samples/external/shadow_lib/GFSDK_ShadowLib_Common.h,1,0,1
/media/ullmann/HDDGabriel/engines/UnrealEngine/Engine/Source/ThirdParty/libOpus/opus-1.3.1-12/include/opus.h,1,2,3
/media/ullmann/HDDGabriel/engines/UnrealEngine/Engine/Source/ThirdParty/libOpus/opus-1.3.1-12/include/opus_types.h,2,0,2
/media/ullmann/HDDGabriel/engines/UnrealEngine/Engine/Source/ThirdParty/SDL2/SDL-gui-backend/src/video/pandora/SDL_pandora_events.h,1,1,2
/media/ullmann/HDDGabriel/engines/UnrealEngine/Engine/Source/ThirdParty/glslang/glslang/src/glslang_lib/glslang/Include/revision.h,2,0,2
/media/ullmann/HDDGabriel/engines/UnrealEngine/Engine/Source/ThirdParty/MCPP/mcpp-2.7.2/cpp-test/test-l/nest42.h,1,1,2
/media/ullmann/HDDGabriel/engines/UnrealEngine/Engine/Source/ThirdParty/MCPP/mcpp-2.7.2/cpp-test/test-l/nest43.h,1,1,2
/media/ullmann/HDDGabriel/engines/UnrealEngine/Engine/Source/ThirdParty/ICU/icu4c-53_1/source/common/ubrkimpl.h,2,0,2
/media/ullmann/HDDGabriel/engines/UnrealEngine/Engine/Source/ThirdParty/hlslcc/hlslcc/src/hlslcc_lib/lower_output_reads.cpp,0,3,3
/media/ullmann/HDDGabriel/engines/UnrealEngine/Engine/Source/Runtime/D3D12RHI/Public/D3D12State.h,1,0,1
/media/ullmann/HDDGabriel/engines/UnrealEngine/Engine/Source/Developer/GraphColor/Private/graphUtils.cpp,0,2,2
/media/ullmann/HDDGabriel/engines/UnrealEngine/Engine/Source/Runtime/SignalProcessing/Public/DSP/Dsp.h,0,1,1
/media/ullmann/HDDGabriel/engines/UnrealEngine/Engine/Source/Runtime/SignalProcessing/Public/DSP/FloatArrayMath.h,1,0,1
/media/ullmann/HDDGabriel/engines/UnrealEngine/Engine/Source/ThirdParty/MCPP/mcpp-2.7.2/cpp-test/test-l/nest114.h,1,1,2
/media/ullmann/HDDGabriel/engines/UnrealEngine/Engine/Source/ThirdParty/MCPP/mcpp-2.7.2/cpp-test/test-l/nest115.h,1,1,2
/media/ullmann/HDDGabriel/engines/UnrealEngine/Engine/Source/Editor/DataLayerEditor/Private/DataLayer/SDataLayerTreeLabel.cpp,0,3,3
/media/ullmann/HDDGabriel/engines/UnrealEngine/Engine/Source/ThirdParty/ShaderConductor/ShaderConductor/External/SPIRV-Cross/spirv_glsl.cpp,0,3,3
/media/ullmann/HDDGabriel/engines/UnrealEngine/Engine/Source/Runtime/IESFile/Private/IESLoader.cpp,0,1,1
/media/ullmann/HDDGabriel/engines/UnrealEngine/Engine/Source/Runtime/IESFile/Private/IESLoader.h,1,0,1
/media/ullmann/HDDGabriel/engines/UnrealEngine/Engine/Source/ThirdParty/glslang/glslang/src/glslang_lib/glslang/MachineIndependent/SymbolTable.cpp,0,1,1
/media/ullmann/HDDGabriel/engines/UnrealEngine/Engine/Source/ThirdParty/LibTiff/Source/tif_dir.h,1,2,3
/media/ullmann/HDDGabriel/engines/UnrealEngine/Engine/Source/ThirdParty/SDL2/SDL-gui-backend/src/video/os2/SDL_os2mouse.h,1,1,2
/media/ullmann/HDDGabriel/engines/UnrealEngine/Engine/Source/Runtime/GameplayTasks/Classes/GameplayTaskOwnerInterface.h,2,0,2
/media/ullmann/HDDGabriel/engines/UnrealEngine/Engine/Source/Runtime/Engine/Private/VT/VirtualTextureChunkManager.h,6,2,8
/media/ullmann/HDDGabriel/engines/UnrealEngine/Engine/Source/Runtime/Slate/Public/Widgets/Text/STextBlock.h,3,0,3
/media/ullmann/HDDGabriel/engines/UnrealEngine/Engine/Source/ThirdParty/Python3/Linux/include/python3.9/pydebug.h,1,0,1
/media/ullmann/HDDGabriel/engines/UnrealEngine/Engine/Source/ThirdParty/OpenSubdiv/Deploy/OpenSubdiv-3.4.4/include/opensubdiv/osd/glLegacyGregoryPatchTable.h,0,4,4
/media/ullmann/HDDGabriel/engines/UnrealEngine/Engine/Source/ThirdParty/zlib/zlib-1.2.5/Src/inftrees.h,4,0,4
/media/ullmann/HDDGabriel/engines/UnrealEngine/Engine/Source/ThirdParty/ShaderConductor/ShaderConductor/External/DirectXShaderCompiler/include/llvm/CodeGen/PBQP/Math.h,2,0,2
/media/ullmann/HDDGabriel/engines/UnrealEngine/Engine/Source/ThirdParty/FreeImage/FreeImage-3.18.0/Source/OpenEXR/IlmImf/ImfRational.cpp,0,2,2
/media/ullmann/HDDGabriel/engines/UnrealEngine/Engine/Source/ThirdParty/FreeType2/FreeType2-2.6/Src/sfnt/sfdriver.c,1,11,12
/media/ullmann/HDDGabriel/engines/UnrealEngine/Engine/Source/Developer/LogVisualizer/Private/SVisualLoggerFilterWidget.cpp,0,2,2
/media/ullmann/HDDGabriel/engines/UnrealEngine/Engine/Source/Runtime/AssetRegistry/Private/AssetRegistry.h,4,1,5
/media/ullmann/HDDGabriel/engines/UnrealEngine/Engine/Source/ThirdParty/Intel/Embree/Embree270/src/kernels/xeon/geometry/instance_intersector16.h,1,2,3
/media/ullmann/HDDGabriel/engines/UnrealEngine/Engine/Source/ThirdParty/openexr/openexr-3.1.1/src/lib/IlmThread/IlmThread.h,2,2,4
/media/ullmann/HDDGabriel/engines/UnrealEngine/Engine/Source/ThirdParty/openexr/openexr-3.1.1/src/lib/IlmThread/IlmThreadExport.h,4,0,4
/media/ullmann/HDDGabriel/engines/UnrealEngine/Engine/Source/ThirdParty/libPNG/libPNG-1.5.2/contrib/gregbook/rpng-win.c,0,1,1
/media/ullmann/HDDGabriel/engines/UnrealEngine/Engine/Source/Runtime/RigVM/Public/RigVMCore/RigVMFunction.h,2,3,5
/media/ullmann/HDDGabriel/engines/UnrealEngine/Engine/Source/Runtime/RigVM/Public/RigVMCore/RigVMMemory.h,4,2,6
/media/ullmann/HDDGabriel/engines/UnrealEngine/Engine/Source/ThirdParty/zlib/zlib-1.2.5/Src/inftrees.c,0,2,2
/media/ullmann/HDDGabriel/engines/UnrealEngine/Engine/Source/ThirdParty/openexr/openexr-3.1.1/src/lib/OpenEXR/ImfDeepTiledOutputPart.cpp,0,4,4
/media/ullmann/HDDGabriel/engines/UnrealEngine/Engine/Source/ThirdParty/openexr/openexr-3.1.1/src/lib/OpenEXR/ImfMultiPartOutputFile.h,5,3,8
/media/ullmann/HDDGabriel/engines/UnrealEngine/Engine/Source/ThirdParty/ICU/icu4c-64_1/source/i18n/scriptset.cpp,0,1,1
/media/ullmann/HDDGabriel/engines/UnrealEngine/Engine/Source/ThirdParty/Intel/TBB/IntelTBB-2019u8/include/tbb/null_rw_mutex.h,2,1,3
/media/ullmann/HDDGabriel/engines/UnrealEngine/Engine/Source/Editor/PhysicsAssetEditor/Private/PhysicsAssetEditorToolsSummoner.cpp,0,3,3
/media/ullmann/HDDGabriel/engines/UnrealEngine/Engine/Source/ThirdParty/CryptoPP/5.6.5/include/osrng.cpp,0,4,4
/media/ullmann/HDDGabriel/engines/UnrealEngine/Engine/Source/Editor/AnimGraph/Public/AnimGraphNode_BlendListByBool.h,0,1,1
/media/ullmann/HDDGabriel/engines/UnrealEngine/Engine/Source/Runtime/Experimental/ChaosVehicles/ChaosVehiclesCore/Public/AerodynamicsSystem.h,1,2,3
/media/ullmann/HDDGabriel/engines/UnrealEngine/Engine/Source/Developer/Virtualization/Private/VirtualizationUtilities.cpp,0,1,1
/media/ullmann/HDDGabriel/engines/UnrealEngine/Engine/Source/ThirdParty/HarfBuzz/harfbuzz-1.2.4/util/hb-view.cc,0,3,3
/media/ullmann/HDDGabriel/engines/UnrealEngine/Engine/Source/ThirdParty/HarfBuzz/harfbuzz-1.2.4/util/main-font-text.hh,3,0,3
/media/ullmann/HDDGabriel/engines/UnrealEngine/Engine/Source/Runtime/Experimental/Chaos/Public/Chaos/PBDConstraintBaseData.h,0,1,1
/media/ullmann/HDDGabriel/engines/UnrealEngine/Engine/Source/ThirdParty/Intel/Embree/Embree270/src/kernels/xeonphi/bvh4hair/bvh4hair.cpp,0,4,4
/media/ullmann/HDDGabriel/engines/UnrealEngine/Engine/Source/ThirdParty/FreeType2/FreeType2-2.10.4/src/psaux/psintrp.h,3,2,5
/media/ullmann/HDDGabriel/engines/UnrealEngine/Engine/Source/Runtime/Core/Public/Math/BoxSphereBounds.h,3,0,3
/media/ullmann/HDDGabriel/engines/UnrealEngine/Engine/Source/Editor/DetailCustomizations/Private/CameraFocusSettingsCustomization.cpp,0,1,1
/media/ullmann/HDDGabriel/engines/UnrealEngine/Engine/Source/Editor/DetailCustomizations/Private/CameraFocusSettingsCustomization.h,2,0,2
/media/ullmann/HDDGabriel/engines/UnrealEngine/Engine/Source/ThirdParty/Imath/Imath-3.1.3/src/ImathTest/testQuatSlerp.cpp,0,1,1
/media/ullmann/HDDGabriel/engines/UnrealEngine/Engine/Source/ThirdParty/BLAKE3/0.3.7/c/blake3_avx2.c,0,1,1
/media/ullmann/HDDGabriel/engines/UnrealEngine/Engine/Source/ThirdParty/PhysX3/PhysX_3.4/Source/PhysXCooking/src/CookingUtils.cpp,0,1,1
/media/ullmann/HDDGabriel/engines/UnrealEngine/Engine/Source/ThirdParty/PhysX3/PhysX_3.4/Source/PhysXCooking/src/CookingUtils.h,1,0,1
/media/ullmann/HDDGabriel/engines/UnrealEngine/Engine/Source/ThirdParty/FreeType2/FreeType2-2.10.4/src/pshinter/pshmod.h,1,0,1
/media/ullmann/HDDGabriel/engines/UnrealEngine/Engine/Source/ThirdParty/CryptoPP/5.6.5/include/rw.cpp,0,6,6
/media/ullmann/HDDGabriel/engines/UnrealEngine/Engine/Source/Editor/Persona/Private/AnimationEditorViewportClient.cpp,0,3,3
/media/ullmann/HDDGabriel/engines/UnrealEngine/Engine/Source/ThirdParty/Intel/Embree/Embree2140/src/kernels/geometry/bezier_curve_intersector.h,2,5,7
/media/ullmann/HDDGabriel/engines/UnrealEngine/Engine/Source/ThirdParty/OpenAL/1.15.1/include/AL/alc.h,2,0,2
/media/ullmann/HDDGabriel/engines/UnrealEngine/Engine/Source/ThirdParty/ICU/icu4c-64_1/source/i18n/zonemeta.cpp,0,6,6
/media/ullmann/HDDGabriel/engines/UnrealEngine/Engine/Source/ThirdParty/ICU/icu4c-64_1/source/test/cintltst/ccolltst.c,0,2,2
/media/ullmann/HDDGabriel/engines/UnrealEngine/Engine/Source/ThirdParty/FBX/2020.2/include/fbxsdk/scene/animation/fbxanimstack.h,1,0,1
/media/ullmann/HDDGabriel/engines/UnrealEngine/Engine/Source/ThirdParty/HarfBuzz/harfbuzz-1.2.4/src/hb-private.hh,14,0,14
/media/ullmann/HDDGabriel/engines/UnrealEngine/Engine/Source/Runtime/Experimental/Interchange/Engine/Private/InterchangeManager.cpp,0,4,4
/media/ullmann/HDDGabriel/engines/UnrealEngine/Engine/Source/ThirdParty/Android/libunwind/libunwind/include/config.h,2,0,2
/media/ullmann/HDDGabriel/engines/UnrealEngine/Engine/Source/ThirdParty/openexr/openexr-3.1.1/src/lib/OpenEXR/ImfHuf.h,3,2,5
/media/ullmann/HDDGabriel/engines/UnrealEngine/Engine/Source/ThirdParty/PhysX3/PhysX_3.4/Source/PhysX/src/buffering/ScbParticleSystem.cpp,0,1,1
/media/ullmann/HDDGabriel/engines/UnrealEngine/Engine/Source/ThirdParty/ICU/icu4c-64_1/source/i18n/tznames.cpp,0,3,3
/media/ullmann/HDDGabriel/engines/UnrealEngine/Engine/Source/ThirdParty/ICU/icu4c-64_1/source/i18n/tznames_impl.h,5,1,6
/media/ullmann/HDDGabriel/engines/UnrealEngine/Engine/Source/Runtime/Slate/Public/Framework/Commands/UICommandList.h,4,0,4
/media/ullmann/HDDGabriel/engines/UnrealEngine/Engine/Source/Runtime/Renderer/Private/Lumen/LumenVisualize.cpp,0,5,5
/media/ullmann/HDDGabriel/engines/UnrealEngine/Engine/Source/Runtime/PerfCounters/Private/ZeroLoad.cpp,0,1,1
/media/ullmann/HDDGabriel/engines/UnrealEngine/Engine/Source/ThirdParty/SDL2/SDL-gui-backend/src/video/pandora/SDL_pandora.c,0,6,6
/media/ullmann/HDDGabriel/engines/UnrealEngine/Engine/Source/Runtime/Slate/Public/Widgets/Layout/SDPIScaler.h,1,0,1
/media/ullmann/HDDGabriel/engines/UnrealEngine/Engine/Source/Editor/UMGEditor/Private/Animation/Sequencer2DTransformTrackEditor.h,1,0,1
/media/ullmann/HDDGabriel/engines/UnrealEngine/Engine/Source/ThirdParty/libOpus/opus-1.1/silk/float/scale_copy_vector_FLP.c,0,1,1
/media/ullmann/HDDGabriel/engines/UnrealEngine/Engine/Source/ThirdParty/PhysX3/PxShared/src/pvd/src/PxProfileEventHandler.h,1,2,3
/media/ullmann/HDDGabriel/engines/UnrealEngine/Engine/Source/ThirdParty/PhysX3/PhysX_3.4/Source/LowLevelParticles/include/PtParticleShape.h,2,0,2
/media/ullmann/HDDGabriel/engines/UnrealEngine/Engine/Source/Editor/Persona/Private/STrack.h,7,0,7
/media/ullmann/HDDGabriel/engines/UnrealEngine/Engine/Source/ThirdParty/Android/libunwind/libunwind/src/sh/Lcreate_addr_space.c,0,1,1
/media/ullmann/HDDGabriel/engines/UnrealEngine/Engine/Source/ThirdParty/PhysX3/APEX_1.4/framework/include/RenderResourceManagerWrapper.h,0,1,1
/media/ullmann/HDDGabriel/engines/UnrealEngine/Engine/Source/ThirdParty/Boost/boost-1_70_0/include/boost/spirit/home/support/detail/lexer/generate_cpp.hpp,0,6,6
/media/ullmann/HDDGabriel/engines/UnrealEngine/Engine/Source/ThirdParty/Android/libunwind/libunwind/src/unwind/GetTextRelBase.c,0,1,1
/media/ullmann/HDDGabriel/engines/UnrealEngine/Engine/Source/Runtime/Core/Public/Logging/LogVerbosity.h,3,0,3
/media/ullmann/HDDGabriel/engines/UnrealEngine/Engine/Source/ThirdParty/ShaderConductor/ShaderConductor/External/DirectXShaderCompiler/tools/clang/lib/CodeGen/CGOpenCLRuntime.cpp,0,2,2
/media/ullmann/HDDGabriel/engines/UnrealEngine/Engine/Source/ThirdParty/ShaderConductor/ShaderConductor/External/DirectXShaderCompiler/tools/clang/lib/CodeGen/CGOpenCLRuntime.h,4,0,4
/media/ullmann/HDDGabriel/engines/UnrealEngine/Engine/Source/ThirdParty/MCPP/mcpp-2.7.2/test-l/l_37_8.c,0,1,1
/media/ullmann/HDDGabriel/engines/UnrealEngine/Engine/Source/ThirdParty/MCPP/mcpp-2.7.2/test-l/longline.c,1,0,1
/media/ullmann/HDDGabriel/engines/UnrealEngine/Engine/Source/ThirdParty/OpenSubdiv/Deploy/OpenSubdiv-3.4.4/include/opensubdiv/sdc/catmarkScheme.h,1,2,3
/media/ullmann/HDDGabriel/engines/UnrealEngine/Engine/Source/ThirdParty/ICU/icu4c-64_1/source/common/uvectr64.h,1,4,5
/media/ullmann/HDDGabriel/engines/UnrealEngine/Engine/Source/ThirdParty/SDL2/SDL-gui-backend/src/video/nacl/SDL_naclvideo.c,0,7,7
/media/ullmann/HDDGabriel/engines/UnrealEngine/Engine/Source/ThirdParty/FreeImage/FreeImage-3.18.0/Source/OpenEXR/Imath/ImathPlane.h,2,3,5
/media/ullmann/HDDGabriel/engines/UnrealEngine/Engine/Source/ThirdParty/ICU/icu4c-53_1/source/i18n/csmatch.cpp,0,3,3
/media/ullmann/HDDGabriel/engines/UnrealEngine/Engine/Source/Runtime/InteractiveToolsFramework/Public/BaseBehaviors/MultiClickSequenceInputBehavior.h,0,1,1
/media/ullmann/HDDGabriel/engines/UnrealEngine/Engine/Source/Runtime/InteractiveToolsFramework/Public/BaseBehaviors/BehaviorTargetInterfaces.h,4,0,4
/media/ullmann/HDDGabriel/engines/UnrealEngine/Engine/Source/Runtime/Core/Public/Math/InterpCurvePoint.h,4,0,4
/media/ullmann/HDDGabriel/engines/UnrealEngine/Engine/Source/Editor/WorldBrowser/Public/WorldBrowserModule.h,3,0,3
/media/ullmann/HDDGabriel/engines/UnrealEngine/Engine/Source/ThirdParty/Intel/Embree/Embree270/src/kernels/xeon/bvh4/bvh4_refit.avx.cpp,0,1,1
/media/ullmann/HDDGabriel/engines/UnrealEngine/Engine/Source/ThirdParty/Intel/Embree/Embree270/src/kernels/xeon/bvh4/bvh4_refit.cpp,1,6,7
/media/ullmann/HDDGabriel/engines/UnrealEngine/Engine/Source/ThirdParty/Expat/expat-2.2.10/tests/runtestspp.cpp,0,1,1
/media/ullmann/HDDGabriel/engines/UnrealEngine/Engine/Source/ThirdParty/SDL2/SDL-gui-backend/src/audio/nas/SDL_nasaudio.c,0,3,3
/media/ullmann/HDDGabriel/engines/UnrealEngine/Engine/Source/ThirdParty/libOpus/opus-1.1/silk/inner_prod_aligned.c,0,1,1
/media/ullmann/HDDGabriel/engines/UnrealEngine/Engine/Source/ThirdParty/Intel/TBB/IntelTBB-2019u8/src/test/test_indexer_node.cpp,0,1,1
/media/ullmann/HDDGabriel/engines/UnrealEngine/Engine/Source/ThirdParty/ICU/icu4c-64_1/source/i18n/ucol.cpp,0,5,5
/media/ullmann/HDDGabriel/engines/UnrealEngine/Engine/Source/ThirdParty/ICU/icu4c-64_1/source/i18n/unicode/ucoleitr.h,3,0,3
/media/ullmann/HDDGabriel/engines/UnrealEngine/Engine/Source/ThirdParty/openexr/openexr-3.1.1/src/lib/OpenEXRUtil/ImfFlatImageLevel.cpp,0,2,2
/media/ullmann/HDDGabriel/engines/UnrealEngine/Engine/Source/ThirdParty/Distorm/src/prefix.c,0,4,4
/media/ullmann/HDDGabriel/engines/UnrealEngine/Engine/Source/Runtime/RHI/Public/RHIUtilities.h,1,2,3
/media/ullmann/HDDGabriel/engines/UnrealEngine/Engine/Source/Editor/ComponentVisualizers/Public/ForceFeedbackComponentVisualizer.h,0,1,1
/media/ullmann/HDDGabriel/engines/UnrealEngine/Engine/Source/Editor/ComponentVisualizers/Public/AttenuatedComponentVisualizer.h,2,0,2
/media/ullmann/HDDGabriel/engines/UnrealEngine/Engine/Source/ThirdParty/rpclib/Source/include/rpc/msgpack/adaptor/cpp11/array.hpp,1,0,1
/media/ullmann/HDDGabriel/engines/UnrealEngine/Engine/Source/ThirdParty/ShaderConductor/ShaderConductor/External/DirectXShaderCompiler/utils/TableGen/DAGISelMatcherEmitter.cpp,0,2,2
/media/ullmann/HDDGabriel/engines/UnrealEngine/Engine/Source/ThirdParty/ShaderConductor/ShaderConductor/External/DirectXShaderCompiler/utils/TableGen/CodeGenDAGPatterns.h,8,2,10
/media/ullmann/HDDGabriel/engines/UnrealEngine/Engine/Source/ThirdParty/PhysX3/PhysX_3.4/Source/GeomUtils/src/mesh/GuBV4_CapsuleSweep_Internal.h,2,0,2
/media/ullmann/HDDGabriel/engines/UnrealEngine/Engine/Source/ThirdParty/FreeType2/FreeType2-2.10.4/src/cache/ftcmru.c,1,2,3
/media/ullmann/HDDGabriel/engines/UnrealEngine/Engine/Source/ThirdParty/openexr/openexr-3.1.1/src/lib/OpenEXR/ImfAutoArray.h,2,1,3
/media/ullmann/HDDGabriel/engines/UnrealEngine/Engine/Source/ThirdParty/Perforce/p4api-2014.2/include/p4/error.h,2,0,2
/media/ullmann/HDDGabriel/engines/UnrealEngine/Engine/Source/Runtime/AugmentedReality/Public/ARSessionConfigCookSupport.h,0,1,1
/media/ullmann/HDDGabriel/engines/UnrealEngine/Engine/Source/ThirdParty/libOpus/opus-1.3.1-12/silk/dec_API.c,0,2,2
/media/ullmann/HDDGabriel/engines/UnrealEngine/Engine/Source/ThirdParty/nvTextureTools/nvTextureTools-2.0.8/src/src/nvtt/squish/singlechannelfit.cpp,0,3,3
/media/ullmann/HDDGabriel/engines/UnrealEngine/Engine/Source/ThirdParty/nvTextureTools/nvTextureTools-2.0.8/src/src/nvtt/squish/singlechannelfit.h,1,3,4
/media/ullmann/HDDGabriel/engines/UnrealEngine/Engine/Source/ThirdParty/FreeType2/FreeType2-2.4.12/src/base/ftutil.c,1,0,1
/media/ullmann/HDDGabriel/engines/UnrealEngine/Engine/Source/Editor/MaterialEditor/Private/SMaterialEditorStatsWidget.cpp,0,2,2
/media/ullmann/HDDGabriel/engines/UnrealEngine/Engine/Source/Editor/MaterialEditor/Private/MaterialStatsGrid.h,3,1,4
/media/ullmann/HDDGabriel/engines/UnrealEngine/Engine/Source/ThirdParty/PhysX3/PhysX_3.4/Include/geometry/PxHeightFieldFlag.h,1,0,1
/media/ullmann/HDDGabriel/engines/UnrealEngine/Engine/Source/Runtime/Core/Public/ProfilingDebugging/ExternalProfiler.h,1,0,1
/media/ullmann/HDDGabriel/engines/UnrealEngine/Engine/Source/Runtime/Engine/Classes/Engine/PrimaryAssetLabel.h,0,1,1
/media/ullmann/HDDGabriel/engines/UnrealEngine/Engine/Source/Runtime/Engine/Classes/Engine/DataAsset.h,2,0,2
/media/ullmann/HDDGabriel/engines/UnrealEngine/Engine/Source/Editor/BlueprintGraph/Classes/K2Node_MakeVariable.h,0,1,1
/media/ullmann/HDDGabriel/engines/UnrealEngine/Engine/Source/ThirdParty/ICU/icu4c-53_1/source/tools/gensprep/gensprep.c,0,1,1
/media/ullmann/HDDGabriel/engines/UnrealEngine/Engine/Source/ThirdParty/WebRTC/4147/Include/third_party/libvpx/source/libvpx/vp8/common/entropymode.h,0,2,2
/media/ullmann/HDDGabriel/engines/UnrealEngine/Engine/Source/ThirdParty/Intel/Embree/Embree2140/src/kernels/builders/bvh_builder_morton.h,1,2,3
/media/ullmann/HDDGabriel/engines/UnrealEngine/Engine/Source/ThirdParty/FreeImage/FreeImage-3.18.0/Source/LibJPEG/jfdctflt.c,0,3,3
/media/ullmann/HDDGabriel/engines/UnrealEngine/Engine/Source/ThirdParty/mimalloc/src/init.c,1,0,1
/media/ullmann/HDDGabriel/engines/UnrealEngine/Engine/Source/Editor/MeshPaint/Public/MeshPaintSkeletalMeshAdapter.h,0,3,3
/media/ullmann/HDDGabriel/engines/UnrealEngine/Engine/Source/ThirdParty/Crunch/src/crnlib/crn_sparse_bit_array.cpp,0,2,2
/media/ullmann/HDDGabriel/engines/UnrealEngine/Engine/Source/Runtime/Online/XMPP/Public/XmppModule.h,1,2,3
/media/ullmann/HDDGabriel/engines/UnrealEngine/Engine/Source/ThirdParty/MCPP/mcpp-2.7.2/cpp-test/test-l/l_37_9.c,0,1,1
/media/ullmann/HDDGabriel/engines/UnrealEngine/Engine/Source/ThirdParty/MCPP/mcpp-2.7.2/cpp-test/test-l/m8191.h,1,0,1
/media/ullmann/HDDGabriel/engines/UnrealEngine/Engine/Source/ThirdParty/OpenSubdiv/OpenSubdiv-3.4.4/regression/shapes/catmark_square_hedit3.h,2,0,2
/media/ullmann/HDDGabriel/engines/UnrealEngine/Engine/Source/ThirdParty/glslang/glslang/src/glslang_lib/glslang/MachineIndependent/ParseHelper.cpp,0,4,4
/media/ullmann/HDDGabriel/engines/UnrealEngine/Engine/Source/ThirdParty/ICU/icu4c-64_1/source/i18n/number_integerwidth.cpp,0,3,3
/media/ullmann/HDDGabriel/engines/UnrealEngine/Engine/Source/ThirdParty/PhysX3/PhysX_3.4/Source/GeomUtils/src/gjk/GuGJKPenetration.h,2,5,7
/media/ullmann/HDDGabriel/engines/UnrealEngine/Engine/Source/ThirdParty/PhysX3/PhysX_3.4/Source/GeomUtils/src/gjk/GuGJKUtil.h,4,0,4
/media/ullmann/HDDGabriel/engines/UnrealEngine/Engine/Source/ThirdParty/PhysX3/APEX_1.4/module/clothing_legacy/include/autogen/ClothingMaterialLibraryParameters_0p11.h,1,0,1
/media/ullmann/HDDGabriel/engines/UnrealEngine/Engine/Source/Developer/GameplayDebugger/Private/GameplayDebuggerModule.cpp,0,7,7
/media/ullmann/HDDGabriel/engines/UnrealEngine/Engine/Source/Developer/GameplayDebugger/Private/Editor/GameplayDebuggerExtensionConfigCustomization.h,1,0,1
/media/ullmann/HDDGabriel/engines/UnrealEngine/Engine/Source/Runtime/Core/Public/Math/Vector2DHalf.h,3,0,3
/media/ullmann/HDDGabriel/engines/UnrealEngine/Engine/Source/Editor/AnimationBlueprintLibrary/Public/AnimPose.h,0,1,1
/media/ullmann/HDDGabriel/engines/UnrealEngine/Engine/Source/Editor/AnimationBlueprintLibrary/Public/AnimationBlueprintLibrary.h,1,0,1
/media/ullmann/HDDGabriel/engines/UnrealEngine/Engine/Source/ThirdParty/PhysX3/PhysX_3.4/Source/Common/src/CmRadixSortBuffered.h,2,2,4
/media/ullmann/HDDGabriel/engines/UnrealEngine/Engine/Source/ThirdParty/PhysX3/PhysX_3.4/Source/Common/src/CmPhysXCommon.h,21,0,21
/media/ullmann/HDDGabriel/engines/UnrealEngine/Engine/Source/ThirdParty/MCPP/mcpp-2.7.2/test-l/nest84.h,1,1,2
/media/ullmann/HDDGabriel/engines/UnrealEngine/Engine/Source/Runtime/HeadMountedDisplay/Public/LateUpdateManager.h,4,0,4
/media/ullmann/HDDGabriel/engines/UnrealEngine/Engine/Source/ThirdParty/Boost/boost-1_70_0/include/boost/spirit/home/support/detail/lexer/generate_re2c.hpp,0,6,6
/media/ullmann/HDDGabriel/engines/UnrealEngine/Engine/Source/ThirdParty/Boost/boost-1_70_0/include/boost/spirit/home/support/detail/lexer/runtime_error.hpp,6,0,6
/media/ullmann/HDDGabriel/engines/UnrealEngine/Engine/Source/ThirdParty/ICU/icu4c-53_1/source/common/ucnv_lmb.c,0,10,10
/media/ullmann/HDDGabriel/engines/UnrealEngine/Engine/Source/ThirdParty/CryptoPP/5.6.5/include/shacal2.cpp,0,3,3
/media/ullmann/HDDGabriel/engines/UnrealEngine/Engine/Source/ThirdParty/FreeImage/FreeImage-3.18.0/Source/LibJPEG/jmorecfg.h,1,0,1
/media/ullmann/HDDGabriel/engines/UnrealEngine/Engine/Source/Editor/UnrealEd/Private/SFbxSceneOptionWindow.h,0,2,2
/media/ullmann/HDDGabriel/engines/UnrealEngine/Engine/Source/Editor/UnrealEd/Private/Fbx/SSceneMaterialsListView.h,1,0,1
/media/ullmann/HDDGabriel/engines/UnrealEngine/Engine/Source/ThirdParty/WebRTC/4147/Include/third_party/abseil-cpp/absl/time/internal/cctz/src/time_zone_info.h,1,2,3
/media/ullmann/HDDGabriel/engines/UnrealEngine/Engine/Source/ThirdParty/WebRTC/4147/Include/third_party/abseil-cpp/absl/time/internal/cctz/src/tzfile.h,1,0,1
/media/ullmann/HDDGabriel/engines/UnrealEngine/Engine/Source/Editor/AudioEditor/Private/AssetTypeActions/AssetTypeActions_SoundAttenuation.h,1,0,1
/media/ullmann/HDDGabriel/engines/UnrealEngine/Engine/Source/ThirdParty/PhysX3/APEX_1.4/framework/include/autogen/BufferF32x4.h,1,0,1
/media/ullmann/HDDGabriel/engines/UnrealEngine/Engine/Source/Developer/Windows/LiveCodingServer/Private/External/LC_Assembler.cpp,0,1,1
/media/ullmann/HDDGabriel/engines/UnrealEngine/Engine/Source/ThirdParty/Intel/TBB/IntelTBB-2019u8/examples/parallel_for/game_of_life/src/Evolution.cpp,0,2,2
/media/ullmann/HDDGabriel/engines/UnrealEngine/Engine/Source/ThirdParty/Intel/TBB/IntelTBB-2019u8/examples/parallel_for/game_of_life/src/Evolution.h,4,1,5
/media/ullmann/HDDGabriel/engines/UnrealEngine/Engine/Source/Editor/DetailCustomizations/Private/BlackboardEntryDetails.cpp,0,1,1
/media/ullmann/HDDGabriel/engines/UnrealEngine/Engine/Source/Editor/DetailCustomizations/Private/BlackboardEntryDetails.h,2,0,2
/media/ullmann/HDDGabriel/engines/UnrealEngine/Engine/Source/Editor/Persona/Private/PoseWatchManagerFolderTreeItem.cpp,0,3,3
/media/ullmann/HDDGabriel/engines/UnrealEngine/Engine/Source/ThirdParty/Android/libunwind/libunwind/src/unwind/SetIP.c,0,1,1
/media/ullmann/HDDGabriel/engines/UnrealEngine/Engine/Source/ThirdParty/ICU/icu4c-53_1/source/i18n/windtfmt.h,2,3,5
/media/ullmann/HDDGabriel/engines/UnrealEngine/Engine/Source/ThirdParty/ShaderConductor/ShaderConductor/External/DirectXShaderCompiler/tools/clang/lib/CodeGen/CGObjC.cpp,0,5,5
/media/ullmann/HDDGabriel/engines/UnrealEngine/Engine/Source/ThirdParty/libOpus/opus-1.0.3/silk/decode_indices.c,0,1,1
/media/ullmann/HDDGabriel/engines/UnrealEngine/Engine/Source/ThirdParty/ShaderConductor/ShaderConductor/External/DirectXShaderCompiler/include/dxc/DXIL/DxilInterpolationMode.h,0,1,1
/media/ullmann/HDDGabriel/engines/UnrealEngine/Engine/Source/ThirdParty/openexr/openexr-3.1.1/src/test/OpenEXRFuzzTest/main.cpp,0,4,4
/media/ullmann/HDDGabriel/engines/UnrealEngine/Engine/Source/ThirdParty/openexr/openexr-3.1.1/src/test/OpenEXRFuzzTest/testFuzzDeepScanLines.h,1,0,1
/media/ullmann/HDDGabriel/engines/UnrealEngine/Engine/Source/Developer/AssetTools/Private/AssetTypeActions/AssetTypeActions_HapticFeedback.h,1,0,1
/media/ullmann/HDDGabriel/engines/UnrealEngine/Engine/Source/ThirdParty/ICU/icu4c-53_1/source/layout/AnchorTables.cpp,0,5,5
/media/ullmann/HDDGabriel/engines/UnrealEngine/Engine/Source/ThirdParty/Intel/TBB/IntelTBB-2019u8/src/tbb/tbb_misc.cpp,0,3,3
/media/ullmann/HDDGabriel/engines/UnrealEngine/Engine/Source/ThirdParty/CryptoPP/5.6.5/include/md4.h,2,1,3
/media/ullmann/HDDGabriel/engines/UnrealEngine/Engine/Source/ThirdParty/ShaderConductor/ShaderConductor/External/DirectXShaderCompiler/tools/clang/lib/ARCMigrate/TransGCAttrs.cpp,0,2,2
/media/ullmann/HDDGabriel/engines/UnrealEngine/Engine/Source/ThirdParty/libOpus/opus-1.1/silk/tables_NLSF_CB_NB_MB.c,0,1,1
/media/ullmann/HDDGabriel/engines/UnrealEngine/Engine/Source/Developer/TargetPlatform/Public/Interfaces/ITargetPlatform.h,1,0,1
/media/ullmann/HDDGabriel/engines/UnrealEngine/Engine/Source/ThirdParty/libOpus/opus-1.1/silk/fixed/residual_energy16_FIX.c,0,1,1
/media/ullmann/HDDGabriel/engines/UnrealEngine/Engine/Source/Runtime/Apple/AGXRHI/Private/AGXRenderTarget.cpp,0,2,2
/media/ullmann/HDDGabriel/engines/UnrealEngine/Engine/Source/Runtime/CoreUObject/Public/UObject/UnrealTypePrivate.h,0,1,1
/media/ullmann/HDDGabriel/engines/UnrealEngine/Engine/Source/ThirdParty/PhysX3/PhysX_3.4/Source/LowLevelDynamics/src/DySolverContact4.h,6,1,7
/media/ullmann/HDDGabriel/engines/UnrealEngine/Engine/Source/Editor/BlueprintGraph/Classes/BlueprintBoundEventNodeSpawner.h,0,2,2
/media/ullmann/HDDGabriel/engines/UnrealEngine/Engine/Source/Developer/AudioFormatOgg/Private/AudioFormatOgg.cpp,0,1,1
/media/ullmann/HDDGabriel/engines/UnrealEngine/Engine/Source/Developer/AudioFormatOgg/Private/AudioFormatOgg.h,1,0,1
/media/ullmann/HDDGabriel/engines/UnrealEngine/Engine/Source/ThirdParty/PhysX3/APEX_1.4/common/include/ApexAuthorableObject.h,0,1,1
/media/ullmann/HDDGabriel/engines/UnrealEngine/Engine/Source/Runtime/Engine/Public/TextureRenderTarget2DArrayResource.h,0,1,1
/media/ullmann/HDDGabriel/engines/UnrealEngine/Engine/Source/ThirdParty/FreeType2/FreeType2-2.10.4/src/raster/ftraster.c,1,3,4
/media/ullmann/HDDGabriel/engines/UnrealEngine/Engine/Source/ThirdParty/FreeType2/FreeType2-2.10.4/src/raster/ftmisc.h,1,0,1
/media/ullmann/HDDGabriel/engines/UnrealEngine/Engine/Source/ThirdParty/libOpus/opus-1.1/silk/float/residual_energy_FLP.c,0,1,1
/media/ullmann/HDDGabriel/engines/UnrealEngine/Engine/Source/ThirdParty/SDL2/SDL-gui-backend/src/video/cocoa/SDL_cocoaopengl.h,1,1,2
/media/ullmann/HDDGabriel/engines/UnrealEngine/Engine/Source/ThirdParty/libOpus/opus-1.1/TVOS/libOpus/include/opus_defines.h,2,1,3
/media/ullmann/HDDGabriel/engines/UnrealEngine/Engine/Source/Editor/DetailCustomizations/Private/CameraDetails.h,2,0,2
/media/ullmann/HDDGabriel/engines/UnrealEngine/Engine/Source/Editor/HierarchicalLODOutliner/Private/StaticMeshActorItem.cpp,0,2,2
/media/ullmann/HDDGabriel/engines/UnrealEngine/Engine/Source/Editor/HierarchicalLODOutliner/Private/StaticMeshActorItem.h,2,2,4
/media/ullmann/HDDGabriel/engines/UnrealEngine/Engine/Source/Runtime/Apple/AGXRHI/Private/AGXRHI.cpp,0,4,4
/media/ullmann/HDDGabriel/engines/UnrealEngine/Engine/Source/ThirdParty/Intel/TBB/IntelTBB-2019u8/examples/parallel_reduce/convex_hull/convex_hull_bench.cpp,0,1,1
/media/ullmann/HDDGabriel/engines/UnrealEngine/Engine/Source/Runtime/SlateCore/Public/Brushes/SlateBoxBrush.h,1,0,1
/media/ullmann/HDDGabriel/engines/UnrealEngine/Engine/Source/ThirdParty/PhysX3/APEX_1.4/NvParameterized/include/PlatformABI.h,1,2,3
/media/ullmann/HDDGabriel/engines/UnrealEngine/Engine/Source/ThirdParty/PhysX3/APEX_1.4/NvParameterized/include/PlatformABI.inl,1,0,1
/media/ullmann/HDDGabriel/engines/UnrealEngine/Engine/Source/ThirdParty/coremod/coremod-4.2.6/src/hio.c,0,2,2
/media/ullmann/HDDGabriel/engines/UnrealEngine/Engine/Source/ThirdParty/Intel/Embree/Embree2140/src/kernels/geometry/bezier1v_intersector.h,4,4,8
/media/ullmann/HDDGabriel/engines/UnrealEngine/Engine/Source/Editor/DetailCustomizations/Private/MeshMergingSettingsCustomization.cpp,0,2,2
/media/ullmann/HDDGabriel/engines/UnrealEngine/Engine/Source/Editor/DetailCustomizations/Private/MeshMergingSettingsCustomization.h,2,1,3
/media/ullmann/HDDGabriel/engines/UnrealEngine/Engine/Source/ThirdParty/SDL2/SDL-gui-backend/src/events/SDL_gesture_c.h,2,1,3
/media/ullmann/HDDGabriel/engines/UnrealEngine/Engine/Source/ThirdParty/FreeImage/FreeImage-3.18.0/Source/LibOpenJPEG/t1.h,1,0,1
/media/ullmann/HDDGabriel/engines/UnrealEngine/Engine/Source/ThirdParty/OpenSubdiv/OpenSubdiv-3.4.4/opensubdiv/far/loopPatchBuilder.cpp,0,3,3
/media/ullmann/HDDGabriel/engines/UnrealEngine/Engine/Source/ThirdParty/OpenSubdiv/OpenSubdiv-3.4.4/opensubdiv/far/loopPatchBuilder.h,2,2,4
/media/ullmann/HDDGabriel/engines/UnrealEngine/Engine/Source/ThirdParty/ICU/icu4c-53_1/source/common/unisetspan.cpp,0,8,8
/media/ullmann/HDDGabriel/engines/UnrealEngine/Engine/Source/Runtime/CoreUObject/Public/Serialization/ArchiveReplaceOrClearExternalReferences.h,1,0,1
/media/ullmann/HDDGabriel/engines/UnrealEngine/Engine/Source/ThirdParty/openexr/Deploy/openexr-3.1.1/include/OpenEXR/ImfLineOrder.h,3,2,5
/media/ullmann/HDDGabriel/engines/UnrealEngine/Engine/Source/Runtime/StorageServerClient/Private/StorageServerPlatformFile.cpp,0,4,4
/media/ullmann/HDDGabriel/engines/UnrealEngine/Engine/Source/Runtime/WebBrowser/Private/Native/NativeJSScripting.cpp,0,4,4
/media/ullmann/HDDGabriel/engines/UnrealEngine/Engine/Source/Editor/EnvironmentLightingViewer/Public/EnvironmentLightingModule.h,1,0,1
/media/ullmann/HDDGabriel/engines/UnrealEngine/Engine/Source/ThirdParty/ShaderConductor/ShaderConductor/External/DirectXShaderCompiler/tools/clang/lib/StaticAnalyzer/Checkers/DynamicTypePropagation.cpp,0,1,1
/media/ullmann/HDDGabriel/engines/UnrealEngine/Engine/Source/Runtime/StorageServerClient/Private/StorageServerIoDispatcherBackend.cpp,0,1,1
/media/ullmann/HDDGabriel/engines/UnrealEngine/Engine/Source/Runtime/StorageServerClient/Private/StorageServerIoDispatcherBackend.h,2,0,2
/media/ullmann/HDDGabriel/engines/UnrealEngine/Engine/Source/ThirdParty/openexr/Deploy/openexr-3.1.1/include/OpenEXR/ImfFrameBuffer.h,5,3,8
/media/ullmann/HDDGabriel/engines/UnrealEngine/Engine/Source/Editor/Persona/Private/AnimTimeline/AnimModel_AnimComposite.cpp,0,3,3
/media/ullmann/HDDGabriel/engines/UnrealEngine/Engine/Source/Editor/Persona/Private/AnimTimeline/AnimModel_AnimComposite.h,1,1,2
/media/ullmann/HDDGabriel/engines/UnrealEngine/Engine/Source/ThirdParty/ICU/icu4c-64_1/source/layoutex/layout/ParagraphLayout.h,2,0,2
/media/ullmann/HDDGabriel/engines/UnrealEngine/Engine/Source/ThirdParty/Intel/TBB/IntelTBB-2019u8/src/test/harness_report.h,7,1,8
/media/ullmann/HDDGabriel/engines/UnrealEngine/Engine/Source/ThirdParty/Intel/TBB/IntelTBB-2019u8/src/test/harness_mic.h,1,0,1
/media/ullmann/HDDGabriel/engines/UnrealEngine/Engine/Source/ThirdParty/FreeImage/FreeImage-3.18.0/Source/LibTIFF4/tif_fax3.c,0,3,3
/media/ullmann/HDDGabriel/engines/UnrealEngine/Engine/Source/Runtime/Engine/Private/Materials/MaterialShared.cpp,0,1,1
/media/ullmann/HDDGabriel/engines/UnrealEngine/Engine/Source/Runtime/Engine/Private/Materials/MaterialHLSLEmitter.h,1,0,1
/media/ullmann/HDDGabriel/engines/UnrealEngine/Engine/Source/ThirdParty/Intel/TBB/IntelTBB-2019u8/src/test/test_parallel_reduce.cpp,0,5,5
/media/ullmann/HDDGabriel/engines/UnrealEngine/Engine/Source/ThirdParty/CryptoPP/5.6.5/include/pssr.h,6,4,10
/media/ullmann/HDDGabriel/engines/UnrealEngine/Engine/Source/Editor/PropertyEditor/Private/DetailsViewConfig.h,1,0,1
/media/ullmann/HDDGabriel/engines/UnrealEngine/Engine/Source/ThirdParty/ICU/icu4c-53_1/source/test/intltest/rbbiapts.h,2,1,3
/media/ullmann/HDDGabriel/engines/UnrealEngine/Engine/Source/ThirdParty/Alembic/alembic-1.8.2/python/PyAlembic/PyArchiveInfo.cpp,0,1,1
/media/ullmann/HDDGabriel/engines/UnrealEngine/Engine/Source/ThirdParty/ICU/icu4c-64_1/source/test/cintltst/cbiditst.c,0,2,2
/media/ullmann/HDDGabriel/engines/UnrealEngine/Engine/Source/ThirdParty/EOSSDK/SDK/Bin/IOS/EOSSDK.framework/Headers/eos_rtc_admin_types.h,2,1,3
/media/ullmann/HDDGabriel/engines/UnrealEngine/Engine/Source/Runtime/Core/Public/UObject/WeakObjectPtrTemplates.h,3,0,3
/media/ullmann/HDDGabriel/engines/UnrealEngine/Engine/Source/Editor/UMGEditor/Private/Details/DetailWidgetExtensionHandler.h,0,1,1
/media/ullmann/HDDGabriel/engines/UnrealEngine/Engine/Source/Editor/PropertyEditor/Public/IDetailPropertyExtensionHandler.h,1,1,2
/media/ullmann/HDDGabriel/engines/UnrealEngine/Engine/Source/ThirdParty/ShaderConductor/ShaderConductor/External/DirectXShaderCompiler/utils/TableGen/CodeGenTarget.cpp,0,3,3
/media/ullmann/HDDGabriel/engines/UnrealEngine/Engine/Source/ThirdParty/CryptoPP/5.6.5/include/fips140.cpp,0,4,4
/media/ullmann/HDDGabriel/engines/UnrealEngine/Engine/Source/ThirdParty/Android/libunwind/libunwind/src/elf32.h,1,1,2
/media/ullmann/HDDGabriel/engines/UnrealEngine/Engine/Source/ThirdParty/Android/libunwind/libunwind/src/elfxx.h,2,0,2
/media/ullmann/HDDGabriel/engines/UnrealEngine/Engine/Source/ThirdParty/CryptoPP/5.6.5/include/fipsalgt.cpp,0,5,5
/media/ullmann/HDDGabriel/engines/UnrealEngine/Engine/Source/ThirdParty/libOpus/opus-1.3.1-12/celt/fixed_debug.h,1,0,1
/media/ullmann/HDDGabriel/engines/UnrealEngine/Engine/Source/ThirdParty/ICU/icu4c-53_1/source/i18n/winnmfmt.h,2,3,5
/media/ullmann/HDDGabriel/engines/UnrealEngine/Engine/Source/ThirdParty/Intel/TBB/IntelTBB-2019u8/src/test/test_enumerable_thread_specific.cpp,0,4,4
/media/ullmann/HDDGabriel/engines/UnrealEngine/Engine/Source/ThirdParty/PhysX3/NvCloth/extensions/include/NvClothExt/ClothTetherCooker.h,0,1,1
/media/ullmann/HDDGabriel/engines/UnrealEngine/Engine/Source/ThirdParty/PhysX3/NvCloth/extensions/include/NvClothExt/ClothMeshDesc.h,3,0,3
/media/ullmann/HDDGabriel/engines/UnrealEngine/Engine/Source/ThirdParty/ICU/icu4c-53_1/source/i18n/coptccal.h,2,2,4
/media/ullmann/HDDGabriel/engines/UnrealEngine/Engine/Source/ThirdParty/openexr/openexr-3.1.1/src/lib/OpenEXR/ImfRgba.h,4,2,6
/media/ullmann/HDDGabriel/engines/UnrealEngine/Engine/Source/ThirdParty/OpenSubdiv/OpenSubdiv-3.4.4/regression/hbr_regression/main.cpp,0,2,2
/media/ullmann/HDDGabriel/engines/UnrealEngine/Engine/Source/ThirdParty/OpenVDB/Deploy/openvdb-8.1.0/include/openvdb/tools/VectorTransformer.h,0,1,1
/media/ullmann/HDDGabriel/engines/UnrealEngine/Engine/Source/ThirdParty/ICU/icu4c-64_1/source/test/intltest/compactdecimalformattest.cpp,0,1,1
/media/ullmann/HDDGabriel/engines/UnrealEngine/Engine/Source/ThirdParty/openexr/Deploy/openexr-3.1.1/include/OpenEXR/ImfFlatImageChannel.h,1,5,6
/media/ullmann/HDDGabriel/engines/UnrealEngine/Engine/Source/Editor/LandscapeEditor/Private/LandscapeEditorDetailCustomization_AlphaBrush.h,3,1,4
/media/ullmann/HDDGabriel/engines/UnrealEngine/Engine/Source/ThirdParty/FreeType2/FreeType2-2.6/Src/gxvalid/gxvmod.c,1,3,4
/media/ullmann/HDDGabriel/engines/UnrealEngine/Engine/Source/ThirdParty/FreeType2/FreeType2-2.6/Src/gxvalid/gxvcommn.h,13,1,14
/media/ullmann/HDDGabriel/engines/UnrealEngine/Engine/Source/Editor/Persona/Private/SAnimMontageScrubPanel.h,3,2,5
/media/ullmann/HDDGabriel/engines/UnrealEngine/Engine/Source/Editor/AnimGraph/Private/EditModes/PoseDriverEditMode.h,1,0,1
/media/ullmann/HDDGabriel/engines/UnrealEngine/Engine/Source/ThirdParty/Android/libunwind/libunwind/src/unwind/DeleteException.c,0,1,1
/media/ullmann/HDDGabriel/engines/UnrealEngine/Engine/Source/ThirdParty/ICU/icu4c-64_1/source/i18n/selfmt.cpp,0,4,4
/media/ullmann/HDDGabriel/engines/UnrealEngine/Engine/Source/ThirdParty/ICU/icu4c-64_1/source/i18n/selfmtimpl.h,1,1,2
/media/ullmann/HDDGabriel/engines/UnrealEngine/Engine/Source/Editor/Sequencer/Private/MovieSceneCopyableBinding.h,2,0,2
/media/ullmann/HDDGabriel/engines/UnrealEngine/Engine/Source/Runtime/Core/Public/Math/Rotator.h,3,0,3
/media/ullmann/HDDGabriel/engines/UnrealEngine/Engine/Source/ThirdParty/CryptoPP/5.6.5/include/zlib.cpp,0,5,5
/media/ullmann/HDDGabriel/engines/UnrealEngine/Engine/Source/Runtime/WebBrowser/Private/Native/NativeJSScripting.h,7,0,7
/media/ullmann/HDDGabriel/engines/UnrealEngine/Engine/Source/ThirdParty/ICU/icu4c-64_1/source/i18n/number_formatimpl.h,3,8,11
/media/ullmann/HDDGabriel/engines/UnrealEngine/Engine/Source/Runtime/Core/Public/Templates/IsArithmetic.h,3,0,3
/media/ullmann/HDDGabriel/engines/UnrealEngine/Engine/Source/Editor/DetailCustomizations/Private/DialogueWaveDetails.cpp,0,2,2
/media/ullmann/HDDGabriel/engines/UnrealEngine/Engine/Source/Editor/DetailCustomizations/Private/DialogueWaveWidgets.h,3,0,3
/media/ullmann/HDDGabriel/engines/UnrealEngine/Engine/Source/Editor/ClothPainter/Private/SClothAssetSelector.cpp,0,4,4
/media/ullmann/HDDGabriel/engines/UnrealEngine/Engine/Source/Editor/ClothPainter/Private/SCopyVertexColorSettingsPanel.h,2,0,2
/media/ullmann/HDDGabriel/engines/UnrealEngine/Engine/Source/Editor/UnrealEd/Classes/Factories/CompositeCurveTableFactory.h,0,1,1
/media/ullmann/HDDGabriel/engines/UnrealEngine/Engine/Source/Editor/UnrealEd/Classes/Factories/CSVImportFactory.h,1,0,1
/media/ullmann/HDDGabriel/engines/UnrealEngine/Engine/Source/ThirdParty/Intel/Embree/Embree270/src/common/sys/condition.cpp,0,1,1
/media/ullmann/HDDGabriel/engines/UnrealEngine/Engine/Source/Developer/TraceInsights/Private/Insights/NetworkingProfiler/ViewModels/NetEventNodeHelper.cpp,0,1,1
/media/ullmann/HDDGabriel/engines/UnrealEngine/Engine/Source/Developer/TraceInsights/Private/Insights/NetworkingProfiler/ViewModels/NetEventNodeHelper.h,1,0,1
/media/ullmann/HDDGabriel/engines/UnrealEngine/Engine/Source/Developer/AssetTools/Public/AssetTypeActions_Base.h,1,3,4
/media/ullmann/HDDGabriel/engines/UnrealEngine/Engine/Source/ThirdParty/FreeType2/FreeType2-2.10.0/src/base/ftgloadr.c,1,0,1
/media/ullmann/HDDGabriel/engines/UnrealEngine/Engine/Source/Runtime/Core/Public/Templates/IsFloatingPoint.h,2,0,2
/media/ullmann/HDDGabriel/engines/UnrealEngine/Engine/Source/Programs/Enterprise/Datasmith/DatasmithARCHICADExporter/Private/MetaData.cpp,0,3,3
/media/ullmann/HDDGabriel/engines/UnrealEngine/Engine/Source/ThirdParty/SDL2/SDL-gui-backend/src/joystick/dummy/SDL_sysjoystick.c,0,3,3
/media/ullmann/HDDGabriel/engines/UnrealEngine/Engine/Source/Runtime/GeometryCore/Public/CircleTypes.h,0,5,5
/media/ullmann/HDDGabriel/engines/UnrealEngine/Engine/Source/ThirdParty/openexr/openexr-3.1.1/src/test/OpenEXRTest/testBackwardCompatibility.cpp,0,3,3
/media/ullmann/HDDGabriel/engines/UnrealEngine/Engine/Source/ThirdParty/SDL2/SDL-gui-backend/src/video/haiku/SDL_bmodes.cc,0,5,5
/media/ullmann/HDDGabriel/engines/UnrealEngine/Engine/Source/ThirdParty/ICU/icu4c-53_1/source/layout/TibetanLayoutEngine.h,2,0,2
/media/ullmann/HDDGabriel/engines/UnrealEngine/Engine/Source/ThirdParty/SDL2/SDL-gui-backend/src/video/directfb/SDL_DirectFB_mouse.h,2,1,3
/media/ullmann/HDDGabriel/engines/UnrealEngine/Engine/Source/ThirdParty/hlslcc/hlslcc/src/hlslcc_lib/opt_function_inlining.cpp,0,7,7
/media/ullmann/HDDGabriel/engines/UnrealEngine/Engine/Source/ThirdParty/hlslcc/hlslcc/src/hlslcc_lib/ir_function_inlining.h,3,0,3
/media/ullmann/HDDGabriel/engines/UnrealEngine/Engine/Source/Runtime/ClothingSystemRuntimeCommon/Public/ClothingAsset.h,0,3,3
/media/ullmann/HDDGabriel/engines/UnrealEngine/Engine/Source/Runtime/ClothingSystemRuntimeCommon/Public/ClothConfig_Legacy.h,1,0,1
/media/ullmann/HDDGabriel/engines/UnrealEngine/Engine/Source/ThirdParty/ICU/icu4c-53_1/source/test/intltest/sdtfmtts.h,2,1,3
/media/ullmann/HDDGabriel/engines/UnrealEngine/Engine/Source/ThirdParty/SDL2/SDL-gui-backend/src/video/wayland/SDL_waylandevents.c,0,9,9
/media/ullmann/HDDGabriel/engines/UnrealEngine/Engine/Source/ThirdParty/Intel/ISPC/ispc-1.16.1/src/builtins-info.h,1,0,1
/media/ullmann/HDDGabriel/engines/UnrealEngine/Engine/Source/ThirdParty/ShaderConductor/ShaderConductor/External/DirectXShaderCompiler/tools/clang/lib/CodeGen/CGBuilder.h,5,0,5
/media/ullmann/HDDGabriel/engines/UnrealEngine/Engine/Source/Runtime/LiveLinkInterface/Public/LiveLinkFrameInterpolationProcessor.h,1,2,3
/media/ullmann/HDDGabriel/engines/UnrealEngine/Engine/Source/Editor/Layers/Private/ActorLayerViewModel.h,3,0,3
/media/ullmann/HDDGabriel/engines/UnrealEngine/Engine/Source/ThirdParty/FreeType2/FreeType2-2.4.12/src/gxvalid/gxvmort4.c,1,1,2
/media/ullmann/HDDGabriel/engines/UnrealEngine/Engine/Source/Developer/Windows/LiveCodingServer/Private/External/LC_Amalgamation.cpp,0,6,6
/media/ullmann/HDDGabriel/engines/UnrealEngine/Engine/Source/Runtime/HeadMountedDisplay/Public/StereoLayerManager.h,1,1,2
/media/ullmann/HDDGabriel/engines/UnrealEngine/Engine/Source/ThirdParty/WebRTC/4147/Include/rtc_base/bounded_inline_vector_impl.h,0,1,1
/media/ullmann/HDDGabriel/engines/UnrealEngine/Engine/Source/ThirdParty/openexr/openexr-3.1.1/src/test/OpenEXRTest/testCopyDeepScanLine.h,2,0,2
/media/ullmann/HDDGabriel/engines/UnrealEngine/Engine/Source/ThirdParty/Vorbis/libvorbis-1.3.2/test/write_read.h,2,0,2
/media/ullmann/HDDGabriel/engines/UnrealEngine/Engine/Source/Editor/DetailCustomizations/Private/DistanceDatumStructCustomization.cpp,0,1,1
/media/ullmann/HDDGabriel/engines/UnrealEngine/Engine/Source/Editor/DetailCustomizations/Private/DistanceDatumStructCustomization.h,2,0,2
/media/ullmann/HDDGabriel/engines/UnrealEngine/Engine/Source/ThirdParty/ICU/icu4c-53_1/source/test/iotest/trnstst.c,0,1,1
/media/ullmann/HDDGabriel/engines/UnrealEngine/Engine/Source/ThirdParty/glslang/glslang/src/glslang_lib/glslang/MachineIndependent/preprocessor/PpTokens.cpp,0,2,2
/media/ullmann/HDDGabriel/engines/UnrealEngine/Engine/Source/ThirdParty/glslang/glslang/src/glslang_lib/glslang/MachineIndependent/preprocessor/PpContext.h,10,1,11
/media/ullmann/HDDGabriel/engines/UnrealEngine/Engine/Source/Editor/UnrealEd/Public/WorldTransientFolders.h,1,1,2
/media/ullmann/HDDGabriel/engines/UnrealEngine/Engine/Source/ThirdParty/Intel/ISPC/ispc-1.16.1/src/bitcode_lib.cpp,0,2,2
/media/ullmann/HDDGabriel/engines/UnrealEngine/Engine/Source/ThirdParty/Intel/ISPC/ispc-1.16.1/src/bitcode_lib.h,2,1,3
/media/ullmann/HDDGabriel/engines/UnrealEngine/Engine/Source/ThirdParty/SDL2/SDL-gui-backend/src/video/x11/SDL_x11vulkan.c,0,3,3
/media/ullmann/HDDGabriel/engines/UnrealEngine/Engine/Source/Editor/DetailCustomizations/Private/SoftClassPathCustomization.h,2,0,2
/media/ullmann/HDDGabriel/engines/UnrealEngine/Engine/Source/Programs/Enterprise/Datasmith/DatasmithARCHICADExporter/Private/TexturesCache.cpp,0,2,2
/media/ullmann/HDDGabriel/engines/UnrealEngine/Engine/Source/ThirdParty/ICU/icu4c-53_1/source/i18n/unicode/ucsdet.h,2,0,2
/media/ullmann/HDDGabriel/engines/UnrealEngine/Engine/Source/ThirdParty/Alembic/alembic-1.8.2/maya/AbcImport/PointHelper.cpp,0,3,3
/media/ullmann/HDDGabriel/engines/UnrealEngine/Engine/Source/ThirdParty/FreeType2/FreeType2-2.6/Src/pfr/pfrtypes.h,3,0,3
/media/ullmann/HDDGabriel/engines/UnrealEngine/Engine/Source/ThirdParty/FreeImage/FreeImage-3.18.0/Source/OpenEXR/IlmImf/ImfPizCompressor.h,2,4,6
/media/ullmann/HDDGabriel/engines/UnrealEngine/Engine/Source/ThirdParty/CryptoPP/5.6.2/include/network.cpp,0,3,3
/media/ullmann/HDDGabriel/engines/UnrealEngine/Engine/Source/ThirdParty/PhysX3/PhysX_3.4/Source/SimulationController/src/ScNPhaseCore.cpp,0,8,8
/media/ullmann/HDDGabriel/engines/UnrealEngine/Engine/Source/ThirdParty/PhysX3/PhysX_3.4/Source/SimulationController/src/ScSimStats.h,5,0,5
/media/ullmann/HDDGabriel/engines/UnrealEngine/Engine/Source/ThirdParty/openexr/openexr-3.1.1/src/lib/OpenEXRCore/internal_rle.c,0,3,3
/media/ullmann/HDDGabriel/engines/UnrealEngine/Engine/Source/ThirdParty/ICU/icu4c-64_1/source/tools/tzcode/tz2icu.h,2,0,2
/media/ullmann/HDDGabriel/engines/UnrealEngine/Engine/Source/Editor/Kismet/Public/FindInBlueprintManager.h,3,0,3
/media/ullmann/HDDGabriel/engines/UnrealEngine/Engine/Source/ThirdParty/ICU/icu4c-64_1/source/i18n/udateintervalformat.cpp,0,4,4
/media/ullmann/HDDGabriel/engines/UnrealEngine/Engine/Source/Editor/AnimGraph/Public/AnimGraphNode_CCDIK.h,0,1,1
/media/ullmann/HDDGabriel/engines/UnrealEngine/Engine/Source/ThirdParty/Intel/TBB/IntelTBB-2019u8/include/tbb/internal/_aggregator_impl.h,3,2,5
/media/ullmann/HDDGabriel/engines/UnrealEngine/Engine/Source/ThirdParty/Android/libunwind/libunwind/src/coredump/_UPT_put_unwind_info.c,0,2,2
/media/ullmann/HDDGabriel/engines/UnrealEngine/Engine/Source/ThirdParty/FreeType2/FreeType2-2.10.0/src/psaux/t1cmap.c,1,2,3
/media/ullmann/HDDGabriel/engines/UnrealEngine/Engine/Source/ThirdParty/FreeType2/FreeType2-2.10.0/src/psaux/t1cmap.h,2,0,2
/media/ullmann/HDDGabriel/engines/UnrealEngine/Engine/Source/ThirdParty/Python3/Linux/include/python3.9/pyhash.h,1,0,1
/media/ullmann/HDDGabriel/engines/UnrealEngine/Engine/Source/ThirdParty/openexr/Deploy/openexr-3.1.1/include/OpenEXR/ImfMultiView.h,1,4,5
/media/ullmann/HDDGabriel/engines/UnrealEngine/Engine/Source/ThirdParty/ShaderConductor/ShaderConductor/External/DirectXShaderCompiler/lib/Transforms/ObjCARC/ObjCARCExpand.cpp,0,1,1
/media/ullmann/HDDGabriel/engines/UnrealEngine/Engine/Source/Developer/GameplayDebugger/Private/GameplayDebuggerLocalController.cpp,0,2,2
/media/ullmann/HDDGabriel/engines/UnrealEngine/Engine/Source/ThirdParty/ICU/icu4c-53_1/source/test/intltest/canittst.cpp,0,2,2
/media/ullmann/HDDGabriel/engines/UnrealEngine/Engine/Source/ThirdParty/ICU/icu4c-53_1/source/test/intltest/canittst.h,2,1,3
/media/ullmann/HDDGabriel/engines/UnrealEngine/Engine/Source/Developer/CollisionAnalyzer/Private/CollisionAnalyzerModule.cpp,0,3,3
/media/ullmann/HDDGabriel/engines/UnrealEngine/Engine/Source/Developer/ProjectLauncher/Private/Widgets/Progress/SProjectLauncherTaskListRow.cpp,0,1,1
/media/ullmann/HDDGabriel/engines/UnrealEngine/Engine/Source/Developer/ProjectLauncher/Private/Widgets/Progress/SProjectLauncherTaskListRow.h,1,0,1
/media/ullmann/HDDGabriel/engines/UnrealEngine/Engine/Source/Runtime/Experimental/Chaos/Public/Chaos/PBDSuspensionConstraints.h,1,0,1
/media/ullmann/HDDGabriel/engines/UnrealEngine/Engine/Source/ThirdParty/PhysX3/PxShared/src/foundation/include/PsSortInternals.h,1,2,3
/media/ullmann/HDDGabriel/engines/UnrealEngine/Engine/Source/ThirdParty/PhysX3/PxShared/src/foundation/include/PsBasicTemplates.h,6,1,7
/media/ullmann/HDDGabriel/engines/UnrealEngine/Engine/Source/ThirdParty/FreeImage/FreeImage-3.18.0/Source/LibTIFF4/tif_vms.c,0,1,1
/media/ullmann/HDDGabriel/engines/UnrealEngine/Engine/Source/Developer/Windows/LiveCodingServer/Private/External/LC_Key.h,2,0,2
/media/ullmann/HDDGabriel/engines/UnrealEngine/Engine/Source/Runtime/Core/Public/HAL/Platform.h,1,1,2
/media/ullmann/HDDGabriel/engines/UnrealEngine/Engine/Source/ThirdParty/MCPP/mcpp-2.7.2/cpp-test/test-l/nest28.h,1,1,2
/media/ullmann/HDDGabriel/engines/UnrealEngine/Engine/Source/ThirdParty/MCPP/mcpp-2.7.2/cpp-test/test-l/nest29.h,1,1,2
/media/ullmann/HDDGabriel/engines/UnrealEngine/Engine/Source/ThirdParty/Intel/Embree/Embree2140/src/kernels/common/tasksys.cpp,0,1,1
/media/ullmann/HDDGabriel/engines/UnrealEngine/Engine/Source/ThirdParty/HarfBuzz/harfbuzz-2.4.0/src/hb-ot-shape-complex-arabic.cc,0,5,5
/media/ullmann/HDDGabriel/engines/UnrealEngine/Engine/Source/ThirdParty/HarfBuzz/harfbuzz-2.4.0/src/hb-ot-shape.hh,4,0,4
/media/ullmann/HDDGabriel/engines/UnrealEngine/Engine/Source/Developer/MeshMergeUtilities/Private/MeshMergeDataTracker.cpp,0,1,1
/media/ullmann/HDDGabriel/engines/UnrealEngine/Engine/Source/ThirdParty/HarfBuzz/harfbuzz-2.4.0/src/hb-ot-post-table.hh,3,0,3
/media/ullmann/HDDGabriel/engines/UnrealEngine/Engine/Source/ThirdParty/SDL2/SDL-gui-backend/src/video/vivante/SDL_vivanteplatform.h,2,2,4
/media/ullmann/HDDGabriel/engines/UnrealEngine/Engine/Source/ThirdParty/ICU/icu4c-64_1/source/test/intltest/simplethread.h,6,0,6
/media/ullmann/HDDGabriel/engines/UnrealEngine/Engine/Source/ThirdParty/SDL2/SDL-gui-backend/src/video/wayland/SDL_waylanddyn.c,0,3,3
/media/ullmann/HDDGabriel/engines/UnrealEngine/Engine/Source/ThirdParty/SDL2/SDL-gui-backend/src/video/wayland/SDL_waylandsym.h,2,0,2
/media/ullmann/HDDGabriel/engines/UnrealEngine/Engine/Source/ThirdParty/PhysX3/APEX_1.4/include/destructible/DestructibleRenderable.h,0,1,1
/media/ullmann/HDDGabriel/engines/UnrealEngine/Engine/Source/ThirdParty/PhysX3/APEX_1.4/include/destructible/ModuleDestructible.h,4,0,4
/media/ullmann/HDDGabriel/engines/UnrealEngine/Engine/Source/ThirdParty/CryptoPP/5.6.5/include/ripemd.cpp,0,3,3
/media/ullmann/HDDGabriel/engines/UnrealEngine/Engine/Source/ThirdParty/rpclib/Source/include/rpc/msgpack/version.h,0,1,1
/media/ullmann/HDDGabriel/engines/UnrealEngine/Engine/Source/ThirdParty/PhysX3/NvCloth/src/IterationState.h,6,2,8
/media/ullmann/HDDGabriel/engines/UnrealEngine/Engine/Source/ThirdParty/ICU/icu4c-64_1/source/i18n/nfrs.h,4,2,6
/media/ullmann/HDDGabriel/engines/UnrealEngine/Engine/Source/ThirdParty/CryptoPP/5.6.2/include/shacal2.cpp,0,3,3
/media/ullmann/HDDGabriel/engines/UnrealEngine/Engine/Source/Runtime/Slate/Public/Framework/Text/SlateTextLayout.h,2,0,2
/media/ullmann/HDDGabriel/engines/UnrealEngine/Engine/Source/Editor/ViewportInteraction/Gizmo/VIPivotTransformGizmo.h,1,0,1
/media/ullmann/HDDGabriel/engines/UnrealEngine/Engine/Source/ThirdParty/SDL2/SDL-gui-backend/src/libm/e_rem_pio2.c,0,2,2
/media/ullmann/HDDGabriel/engines/UnrealEngine/Engine/Source/ThirdParty/ShaderConductor/ShaderConductor/External/DirectXShaderCompiler/lib/CodeGen/SelectionDAG/SelectionDAGDumper.cpp,0,1,1
/media/ullmann/HDDGabriel/engines/UnrealEngine/Engine/Source/ThirdParty/ICU/icu4c-53_1/source/i18n/esctrn.cpp,0,1,1
/media/ullmann/HDDGabriel/engines/UnrealEngine/Engine/Source/ThirdParty/FreeImage/FreeImage-3.18.0/Source/FreeImage/PluginPSD.cpp,0,1,1
/media/ullmann/HDDGabriel/engines/UnrealEngine/Engine/Source/Editor/PropertyEditor/Private/SPropertyTreeViewImpl.cpp,0,10,10
/media/ullmann/HDDGabriel/engines/UnrealEngine/Engine/Source/Editor/PropertyEditor/Private/UserInterface/PropertyEditor/SPropertyEditorTableRow.h,1,0,1
/media/ullmann/HDDGabriel/engines/UnrealEngine/Engine/Source/ThirdParty/AMD/Amf/core/Variant.h,1,1,2
/media/ullmann/HDDGabriel/engines/UnrealEngine/Engine/Source/ThirdParty/AMD/Amf/core/Interface.h,4,1,5
/media/ullmann/HDDGabriel/engines/UnrealEngine/Engine/Source/ThirdParty/Alembic/alembic-1.8.2/prman/Procedural/WriteGeo.cpp,0,5,5
/media/ullmann/HDDGabriel/engines/UnrealEngine/Engine/Source/ThirdParty/ICU/icu4c-64_1/source/test/cintltst/calltest.c,0,1,1
/media/ullmann/HDDGabriel/engines/UnrealEngine/Engine/Source/ThirdParty/SDL2/SDL-gui-backend/src/thread/generic/SDL_sysmutex.c,0,2,2
/media/ullmann/HDDGabriel/engines/UnrealEngine/Engine/Source/ThirdParty/libOpus/opus-1.0.3/celt/laplace.h,2,2,4
/media/ullmann/HDDGabriel/engines/UnrealEngine/Engine/Source/ThirdParty/openexr/openexr-3.1.1/src/lib/OpenEXR/ImfB44Compressor.h,2,2,4
/media/ullmann/HDDGabriel/engines/UnrealEngine/Engine/Source/ThirdParty/Crunch/src/crnlib/crn_threading_pthreads.h,2,1,3
/media/ullmann/HDDGabriel/engines/UnrealEngine/Engine/Source/Runtime/Renderer/Private/PostProcess/PostProcessEyeAdaptation.h,2,0,2
/media/ullmann/HDDGabriel/engines/UnrealEngine/Engine/Source/ThirdParty/PhysX3/APEX_1.4/shared/general/HACD/include/dgPolyhedra.h,1,4,5
/media/ullmann/HDDGabriel/engines/UnrealEngine/Engine/Source/ThirdParty/ICU/icu4c-53_1/source/test/cintltst/nccbtst.c,0,2,2
/media/ullmann/HDDGabriel/engines/UnrealEngine/Engine/Source/ThirdParty/ICU/icu4c-53_1/source/test/cintltst/nccbtst.h,1,1,2
/media/ullmann/HDDGabriel/engines/UnrealEngine/Engine/Source/Runtime/SignalProcessing/Public/DSP/LinearInterpFractionalDelay.h,1,0,1
/media/ullmann/HDDGabriel/engines/UnrealEngine/Engine/Source/ThirdParty/openexr/openexr-3.1.1/src/lib/OpenEXRCore/openexr_context.h,6,2,8
/media/ullmann/HDDGabriel/engines/UnrealEngine/Engine/Source/ThirdParty/ICU/icu4c-64_1/source/i18n/unicode/ulistformatter.h,2,0,2
/media/ullmann/HDDGabriel/engines/UnrealEngine/Engine/Source/ThirdParty/OpenSubdiv/OpenSubdiv-3.4.4/examples/common/glPtexMipmapTexture.cpp,0,2,2
/media/ullmann/HDDGabriel/engines/UnrealEngine/Engine/Source/ThirdParty/OpenSubdiv/OpenSubdiv-3.4.4/examples/common/glPtexMipmapTexture.h,2,0,2
/media/ullmann/HDDGabriel/engines/UnrealEngine/Engine/Source/ThirdParty/SDL2/SDL-gui-backend/src/video/x11/edid-parse.c,0,2,2
/media/ullmann/HDDGabriel/engines/UnrealEngine/Engine/Source/ThirdParty/FreeImage/FreeImage-3.18.0/Source/LibTIFF4/tif_extension.c,0,1,1
/media/ullmann/HDDGabriel/engines/UnrealEngine/Engine/Source/ThirdParty/Windows/glTF-Toolkit/glTF-Toolkit.Test/GLTFTexturePackingUtilsTests.cpp,0,2,2
/media/ullmann/HDDGabriel/engines/UnrealEngine/Engine/Source/ThirdParty/Intel/MetricsDiscovery/MetricsDiscoveryHelper/metrics-discovery/inc/common/instrumentation/api/metrics_discovery_internal_api.h,0,1,1
/media/ullmann/HDDGabriel/engines/UnrealEngine/Engine/Source/ThirdParty/Intel/MetricsDiscovery/MetricsDiscoveryHelper/metrics-discovery/inc/common/instrumentation/api/metrics_discovery_api.h,1,0,1
/media/ullmann/HDDGabriel/engines/UnrealEngine/Engine/Source/Runtime/MovieScene/Public/IMovieSceneObjectSpawner.h,1,1,2
/media/ullmann/HDDGabriel/engines/UnrealEngine/Engine/Source/ThirdParty/SDL2/SDL-gui-backend/src/video/uikit/SDL_uikitmodes.h,0,2,2
/media/ullmann/HDDGabriel/engines/UnrealEngine/Engine/Source/ThirdParty/Python3/Win64/include/pystrcmp.h,1,0,1
/media/ullmann/HDDGabriel/engines/UnrealEngine/Engine/Source/ThirdParty/OpenSubdiv/OpenSubdiv-3.4.4/opensubdiv/sdc/catmarkScheme.h,3,2,5
/media/ullmann/HDDGabriel/engines/UnrealEngine/Engine/Source/ThirdParty/OpenSubdiv/OpenSubdiv-3.4.4/opensubdiv/sdc/scheme.h,3,4,7
/media/ullmann/HDDGabriel/engines/UnrealEngine/Engine/Source/Runtime/SlateCore/Public/Animation/CurveHandle.h,1,0,1
/media/ullmann/HDDGabriel/engines/UnrealEngine/Engine/Source/ThirdParty/OpenSubdiv/Deploy/OpenSubdiv-3.4.4/include/opensubdiv/far/topologyRefinerFactory.h,1,3,4
/media/ullmann/HDDGabriel/engines/UnrealEngine/Engine/Source/ThirdParty/nvTextureTools/nvTextureTools-2.0.6/src/src/nvtt/cuda/CudaCompressDXT.h,2,0,2
/media/ullmann/HDDGabriel/engines/UnrealEngine/Engine/Source/ThirdParty/ICU/icu4c-64_1/source/common/unisetspan.h,2,2,4
/media/ullmann/HDDGabriel/engines/UnrealEngine/Engine/Source/ThirdParty/FreeType2/FreeType2-2.10.0/src/psaux/psstack.c,1,5,6
/media/ullmann/HDDGabriel/engines/UnrealEngine/Engine/Source/ThirdParty/OpenSubdiv/OpenSubdiv-3.4.4/opensubdiv/osd/ompKernel.h,2,1,3
/media/ullmann/HDDGabriel/engines/UnrealEngine/Engine/Source/ThirdParty/ICU/icu4c-53_1/source/test/letest/gendata.cpp,0,4,4
/media/ullmann/HDDGabriel/engines/UnrealEngine/Engine/Source/ThirdParty/ICU/icu4c-64_1/source/i18n/number_skeletons.h,2,2,4
/media/ullmann/HDDGabriel/engines/UnrealEngine/Engine/Source/ThirdParty/ICU/icu4c-64_1/source/samples/layout/cmaps.h,5,1,6
/media/ullmann/HDDGabriel/engines/UnrealEngine/Engine/Source/ThirdParty/WindowsMixedRealityInterop/MixedRealityInterop/SpeechRecognizer.h,1,0,1
/media/ullmann/HDDGabriel/engines/UnrealEngine/Engine/Source/ThirdParty/Alembic/alembic-1.8.2/maya/AbcImport/AbcImport.h,2,0,2
/media/ullmann/HDDGabriel/engines/UnrealEngine/Engine/Source/ThirdParty/openexr/openexr-3.1.1/src/test/OpenEXRTest/testTiledRgba.cpp,0,2,2
/media/ullmann/HDDGabriel/engines/UnrealEngine/Engine/Source/ThirdParty/libOpus/opus-1.0.3/silk/float/LPC_inv_pred_gain_FLP.c,0,1,1
/media/ullmann/HDDGabriel/engines/UnrealEngine/Engine/Source/Programs/UnrealHeaderTool/Private/UnrealSourceFile.h,6,4,10
/media/ullmann/HDDGabriel/engines/UnrealEngine/Engine/Source/ThirdParty/PhysX3/PhysX_3.4/Source/SceneQuery/src/SqSceneQueryManager.cpp,0,3,3
/media/ullmann/HDDGabriel/engines/UnrealEngine/Engine/Source/ThirdParty/SDL2/SDL-gui-backend/src/video/windows/SDL_windowsopengles.h,3,3,6
/media/ullmann/HDDGabriel/engines/UnrealEngine/Engine/Source/ThirdParty/FreeImage/FreeImage-3.18.0/Source/LibOpenJPEG/tcd.c,0,1,1
/media/ullmann/HDDGabriel/engines/UnrealEngine/Engine/Source/Runtime/Renderer/Private/PostProcess/TemporalAA.cpp,0,1,1
/media/ullmann/HDDGabriel/engines/UnrealEngine/Engine/Source/ThirdParty/Intel/Embree/Embree2140/src/kernels/geometry/cylinder.h,2,1,3
/media/ullmann/HDDGabriel/engines/UnrealEngine/Engine/Source/ThirdParty/SDL2/SDL-gui-backend/src/timer/psp/SDL_systimer.c,0,2,2
/media/ullmann/HDDGabriel/engines/UnrealEngine/Engine/Source/Developer/AssetTools/Private/AssetToolsLog.h,3,0,3
/media/ullmann/HDDGabriel/engines/UnrealEngine/Engine/Source/ThirdParty/Android/libunwind/libunwind/src/x86/Linit.c,0,1,1
/media/ullmann/HDDGabriel/engines/UnrealEngine/Engine/Source/ThirdParty/Android/libunwind/libunwind/src/x86/Ginit.c,1,1,2
/media/ullmann/HDDGabriel/engines/UnrealEngine/Engine/Source/Editor/WorldBrowser/Private/LevelFolders.h,4,1,5
/media/ullmann/HDDGabriel/engines/UnrealEngine/Engine/Source/ThirdParty/PhysX3/PhysX_3.4/Source/PhysXCooking/src/convex/ConvexHullBuilder.h,4,0,4
/media/ullmann/HDDGabriel/engines/UnrealEngine/Engine/Source/Runtime/Core/Public/UObject/MobileObjectVersion.h,1,0,1
/media/ullmann/HDDGabriel/engines/UnrealEngine/Engine/Source/ThirdParty/CryptoPP/5.6.2/include/rng.cpp,0,3,3
/media/ullmann/HDDGabriel/engines/UnrealEngine/Engine/Source/ThirdParty/FreeImage/FreeImage-3.18.0/Source/LibTIFF4/tif_fax3sm.c,0,2,2
/media/ullmann/HDDGabriel/engines/UnrealEngine/Engine/Source/ThirdParty/CryptoPP/5.6.2/include/mqueue.cpp,0,2,2
/media/ullmann/HDDGabriel/engines/UnrealEngine/Engine/Source/ThirdParty/libOpus/opus-1.0.3/silk/interpolate.c,0,1,1
/media/ullmann/HDDGabriel/engines/UnrealEngine/Engine/Source/Editor/ViewportInteraction/Public/ViewportTransformer.h,1,2,3
/media/ullmann/HDDGabriel/engines/UnrealEngine/Engine/Source/Editor/ViewportInteraction/Public/ViewportWorldInteraction.h,1,3,4
/media/ullmann/HDDGabriel/engines/UnrealEngine/Engine/Source/ThirdParty/Perforce/p4api-2018.1/Include/Win32/VS2015/p4/netconnect.h,0,1,1
/media/ullmann/HDDGabriel/engines/UnrealEngine/Engine/Source/ThirdParty/Perforce/p4api-2018.1/Include/Win32/VS2015/p4/error.h,2,0,2
/media/ullmann/HDDGabriel/engines/UnrealEngine/Engine/Source/ThirdParty/Intel/Embree/Embree2140/src/kernels/subdiv/gregory_patch_dense.h,1,1,2
/media/ullmann/HDDGabriel/engines/UnrealEngine/Engine/Source/ThirdParty/PhysX3/APEX_1.4/module/clothing_legacy/include/autogen/ClothingGraphicalLodParameters_0p4.h,1,0,1
/media/ullmann/HDDGabriel/engines/UnrealEngine/Engine/Source/ThirdParty/FreeType2/FreeType2-2.10.4/src/pcf/pcf.h,2,0,2
/media/ullmann/HDDGabriel/engines/UnrealEngine/Engine/Source/ThirdParty/libOpus/opus-1.3.1-12/silk/LPC_inv_pred_gain.c,0,2,2
/media/ullmann/HDDGabriel/engines/UnrealEngine/Engine/Source/ThirdParty/ICU/icu4c-53_1/source/layout/MultipleSubstSubtables.cpp,0,7,7
/media/ullmann/HDDGabriel/engines/UnrealEngine/Engine/Source/ThirdParty/Intel/TBB/IntelTBB-2019u8/src/test/test_malloc_new_handler.cpp,0,6,6
/media/ullmann/HDDGabriel/engines/UnrealEngine/Engine/Source/Runtime/Apple/AudioMixerAudioUnit/Private/AudioMixerPlatformAudioUnit.cpp,0,1,1
/media/ullmann/HDDGabriel/engines/UnrealEngine/Engine/Source/Runtime/Apple/AudioMixerAudioUnit/Private/AudioMixerPlatformAudioUnit.h,2,0,2
/media/ullmann/HDDGabriel/engines/UnrealEngine/Engine/Source/Runtime/Online/BuildPatchServices/Private/BuildPatchFileConstructor.h,3,4,7
/media/ullmann/HDDGabriel/engines/UnrealEngine/Engine/Source/ThirdParty/openexr/openexr-3.1.1/src/lib/OpenEXR/ImfTimeCodeAttribute.cpp,0,1,1
/media/ullmann/HDDGabriel/engines/UnrealEngine/Engine/Source/ThirdParty/libPNG/libPNG-1.5.2/pngwrite.c,0,1,1
/media/ullmann/HDDGabriel/engines/UnrealEngine/Engine/Source/Editor/SceneOutliner/Private/SceneOutlinerPinnedColumn.cpp,0,1,1
/media/ullmann/HDDGabriel/engines/UnrealEngine/Engine/Source/Editor/SceneOutliner/Private/SceneOutlinerPinnedColumn.h,2,0,2
/media/ullmann/HDDGabriel/engines/UnrealEngine/Engine/Source/Editor/AnimGraph/Public/AnimGraphNode_ApplyAdditive.h,0,1,1
/media/ullmann/HDDGabriel/engines/UnrealEngine/Engine/Source/Runtime/ClothingSystemRuntimeCommon/Private/ClothingAsset.cpp,0,1,1
/media/ullmann/HDDGabriel/engines/UnrealEngine/Engine/Source/ThirdParty/Intel/TBB/IntelTBB-2019u8/src/test/test_global_control.cpp,0,3,3
/media/ullmann/HDDGabriel/engines/UnrealEngine/Engine/Source/ThirdParty/libOpus/opus-1.3.1-12/silk/float/scale_vector_FLP.c,0,1,1
/media/ullmann/HDDGabriel/engines/UnrealEngine/Engine/Source/ThirdParty/OpenVDB/openvdb-8.1.0/openvdb_maya/openvdb_maya/OpenVDBWriteNode.cc,0,1,1
/media/ullmann/HDDGabriel/engines/UnrealEngine/Engine/Source/ThirdParty/libcurl/7_65_3/include/Unix/aarch64-unknown-linux-gnueabi/curl/typecheck-gcc.h,1,0,1
/media/ullmann/HDDGabriel/engines/UnrealEngine/Engine/Source/ThirdParty/Intel/TBB/IntelTBB-2019u8/src/old/test_concurrent_queue_v2.cpp,0,2,2
/media/ullmann/HDDGabriel/engines/UnrealEngine/Engine/Source/ThirdParty/openexr/openexr-3.1.1/Contrib/DtexToExr/PxBaseDeepHelper.h,4,3,7
/media/ullmann/HDDGabriel/engines/UnrealEngine/Engine/Source/ThirdParty/Eigen/Eigen/src/Eigenvalues/ComplexSchur.h,1,1,2
/media/ullmann/HDDGabriel/engines/UnrealEngine/Engine/Source/ThirdParty/Eigen/Eigen/src/Eigenvalues/HessenbergDecomposition.h,2,0,2
/media/ullmann/HDDGabriel/engines/UnrealEngine/Engine/Source/ThirdParty/SDL2/SDL-gui-backend/src/loadso/dlopen/SDL_sysloadso.c,0,2,2
/media/ullmann/HDDGabriel/engines/UnrealEngine/Engine/Source/ThirdParty/libOpus/opus-1.3.1-12/silk/mips/NSQ_del_dec_mipsr1.h,1,0,1
/media/ullmann/HDDGabriel/engines/UnrealEngine/Engine/Source/ThirdParty/Intel/TBB/IntelTBB-2019u8/examples/graph/stereo/stereo.cpp,0,2,2
/media/ullmann/HDDGabriel/engines/UnrealEngine/Engine/Source/ThirdParty/ShaderConductor/ShaderConductor/External/DirectXShaderCompiler/include/dxc/DXIL/DxilResourceProperties.h,0,1,1
/media/ullmann/HDDGabriel/engines/UnrealEngine/Engine/Source/ThirdParty/SDL2/SDL-gui-backend/include/SDL_bits.h,0,3,3
/media/ullmann/HDDGabriel/engines/UnrealEngine/Engine/Source/ThirdParty/FBX/2020.2/include/fbxsdk/scene/animation/fbxanimevalclassic.h,1,0,1
/media/ullmann/HDDGabriel/engines/UnrealEngine/Engine/Source/Editor/MovieSceneTools/Private/TrackEditors/CameraShakeTrackEditor.h,1,0,1
/media/ullmann/HDDGabriel/engines/UnrealEngine/Engine/Source/ThirdParty/CryptoPP/5.6.5/include/wait.cpp,0,5,5
/media/ullmann/HDDGabriel/engines/UnrealEngine/Engine/Source/ThirdParty/Android/libunwind/libunwind/src/hppa/tables.c,0,1,1
/media/ullmann/HDDGabriel/engines/UnrealEngine/Engine/Source/ThirdParty/PhysX3/APEX_1.4/module/destructible/fracture/Core/IslandDetectorBase.h,3,1,4
/media/ullmann/HDDGabriel/engines/UnrealEngine/Engine/Source/Developer/TraceAnalysis/Private/Store/AsioRecorder.cpp,0,4,4
/media/ullmann/HDDGabriel/engines/UnrealEngine/Engine/Source/Runtime/Core/Public/GenericPlatform/GenericPlatformTime.h,2,0,2
/media/ullmann/HDDGabriel/engines/UnrealEngine/Engine/Source/Runtime/Engine/Private/Particles/FXSystemSet.cpp,0,1,1
/media/ullmann/HDDGabriel/engines/UnrealEngine/Engine/Source/Runtime/Engine/Private/Particles/FXSystemSet.h,1,0,1
/media/ullmann/HDDGabriel/engines/UnrealEngine/Engine/Source/ThirdParty/ShaderConductor/ShaderConductor/External/DirectXShaderCompiler/tools/clang/lib/Headers/f16cintrin.h,1,0,1
/media/ullmann/HDDGabriel/engines/UnrealEngine/Engine/Source/Runtime/AudioExtensions/Public/IAudioModulation.h,0,2,2
/media/ullmann/HDDGabriel/engines/UnrealEngine/Engine/Source/ThirdParty/FBX/2020.2/include/fbxsdk/core/math/fbxmatrix.h,1,0,1
/media/ullmann/HDDGabriel/engines/UnrealEngine/Engine/Source/ThirdParty/OpenVDB/Deploy/openvdb-8.1.0/include/openvdb/points/AttributeGroup.h,3,2,5
/media/ullmann/HDDGabriel/engines/UnrealEngine/Engine/Source/ThirdParty/OpenVDB/Deploy/openvdb-8.1.0/include/openvdb/points/AttributeArray.h,6,2,8
/media/ullmann/HDDGabriel/engines/UnrealEngine/Engine/Source/ThirdParty/PhysX3/PhysX_3.4/Include/geometry/PxHeightFieldGeometry.h,2,0,2
/media/ullmann/HDDGabriel/engines/UnrealEngine/Engine/Source/ThirdParty/Intel/Embree/Embree270/Linux/x86_64-unknown-linux-gnu/include/embree2/rtcore.h,0,3,3
/media/ullmann/HDDGabriel/engines/UnrealEngine/Engine/Source/ThirdParty/Intel/Embree/Embree270/Linux/x86_64-unknown-linux-gnu/include/embree2/rtcore_geometry_user.h,1,0,1
/media/ullmann/HDDGabriel/engines/UnrealEngine/Engine/Source/ThirdParty/FreeType2/FreeType2-2.4.12/src/type42/t42parse.c,1,2,3
/media/ullmann/HDDGabriel/engines/UnrealEngine/Engine/Source/ThirdParty/coremod/coremod-4.2.6/src/scan.c,0,3,3
/media/ullmann/HDDGabriel/engines/UnrealEngine/Engine/Source/ThirdParty/coremod/coremod-4.2.6/src/effects.h,4,0,4
/media/ullmann/HDDGabriel/engines/UnrealEngine/Engine/Source/ThirdParty/PhysX3/APEX_1.4/include/ApexSDKCachedData.h,1,1,2
/media/ullmann/HDDGabriel/engines/UnrealEngine/Engine/Source/ThirdParty/PhysX3/APEX_1.4/include/UserRenderBoneBufferDesc.h,2,2,4
/media/ullmann/HDDGabriel/engines/UnrealEngine/Engine/Source/Developer/Windows/LiveCodingServer/Private/External/LC_SchedulerWorkerThread.h,2,0,2
/media/ullmann/HDDGabriel/engines/UnrealEngine/Engine/Source/Developer/TraceInsights/Private/Insights/Common/InsightsMenuBuilder.cpp,0,1,1
/media/ullmann/HDDGabriel/engines/UnrealEngine/Engine/Source/Developer/TraceInsights/Private/Insights/Common/InsightsMenuBuilder.h,1,0,1
/media/ullmann/HDDGabriel/engines/UnrealEngine/Engine/Source/ThirdParty/libOpus/opus-1.3.1-12/celt/arm/kiss_fft_armv4.h,1,0,1
/media/ullmann/HDDGabriel/engines/UnrealEngine/Engine/Source/ThirdParty/ICU/icu4c-64_1/source/i18n/buddhcal.cpp,0,2,2
/media/ullmann/HDDGabriel/engines/UnrealEngine/Engine/Source/ThirdParty/PLCrashReporter/PLCrashReporter/Dependencies/protobuf-c/protobuf-c/protobuf-c.c,0,1,1
/media/ullmann/HDDGabriel/engines/UnrealEngine/Engine/Source/ThirdParty/PLCrashReporter/PLCrashReporter/Dependencies/protobuf-c/protobuf-c/protobuf-c.h,1,0,1
/media/ullmann/HDDGabriel/engines/UnrealEngine/Engine/Source/ThirdParty/FreeType2/FreeType2-2.10.0/src/psaux/pserror.h,9,1,10
/media/ullmann/HDDGabriel/engines/UnrealEngine/Engine/Source/ThirdParty/OpenSubdiv/OpenSubdiv-3.4.4/opensubdiv/osd/hlslPatchShaderSource.cpp,0,2,2
/media/ullmann/HDDGabriel/engines/UnrealEngine/Engine/Source/ThirdParty/ICU/icu4c-53_1/source/i18n/regexcmp.h,2,0,2
/media/ullmann/HDDGabriel/engines/UnrealEngine/Engine/Source/Runtime/Core/Public/Templates/IsTriviallyDestructible.h,3,0,3
/media/ullmann/HDDGabriel/engines/UnrealEngine/Engine/Source/Runtime/MediaUtils/Private/MediaSampleCache.cpp,0,1,1
/media/ullmann/HDDGabriel/engines/UnrealEngine/Engine/Source/Editor/DetailCustomizations/Private/ImportantToggleSettingCustomization.cpp,0,1,1
/media/ullmann/HDDGabriel/engines/UnrealEngine/Engine/Source/Programs/UnrealLightmass/Public/LightmassPublic.h,0,4,4
/media/ullmann/HDDGabriel/engines/UnrealEngine/Engine/Source/Programs/UnrealLightmass/Public/SceneExport.h,2,1,3
/media/ullmann/HDDGabriel/engines/UnrealEngine/Engine/Source/Runtime/Engine/Public/MaterialExpressionIO.h,3,1,4
/media/ullmann/HDDGabriel/engines/UnrealEngine/Engine/Source/ThirdParty/Alembic/alembic-1.8.2/maya/AbcImport/main.cpp,0,3,3
/media/ullmann/HDDGabriel/engines/UnrealEngine/Engine/Source/ThirdParty/Alembic/alembic-1.8.2/maya/AbcImport/AlembicNode.h,3,1,4
/media/ullmann/HDDGabriel/engines/UnrealEngine/Engine/Source/ThirdParty/ICU/icu4c-64_1/source/samples/layout/GnomeGUISupport.h,3,1,4
/media/ullmann/HDDGabriel/engines/UnrealEngine/Engine/Source/ThirdParty/ICU/icu4c-53_1/source/i18n/smpdtfst.cpp,0,3,3
/media/ullmann/HDDGabriel/engines/UnrealEngine/Engine/Source/Editor/Persona/Public/PersonaCommonCommands.cpp,0,1,1
/media/ullmann/HDDGabriel/engines/UnrealEngine/Engine/Source/Editor/Persona/Public/PersonaCommonCommands.h,1,0,1
/media/ullmann/HDDGabriel/engines/UnrealEngine/Engine/Source/Developer/TraceInsights/Private/Insights/TaskGraphProfiler/ViewModels/TaskTable.cpp,0,1,1
/media/ullmann/HDDGabriel/engines/UnrealEngine/Engine/Source/Developer/TraceInsights/Private/Insights/TaskGraphProfiler/ViewModels/TaskTable.h,1,0,1
/media/ullmann/HDDGabriel/engines/UnrealEngine/Engine/Source/Editor/Blutility/Private/BlutilityLevelEditorExtensions.h,2,0,2
/media/ullmann/HDDGabriel/engines/UnrealEngine/Engine/Source/ThirdParty/Boost/boost-1_70_0/include/boost/outcome/boost_outcome.hpp,1,2,3
/media/ullmann/HDDGabriel/engines/UnrealEngine/Engine/Source/ThirdParty/Android/libunwind/libunwind/src/ptrace/_UPT_put_unwind_info.c,0,1,1
/media/ullmann/HDDGabriel/engines/UnrealEngine/Engine/Source/ThirdParty/ICU/icu4c-53_1/source/samples/layout/layout.cpp,0,6,6
/media/ullmann/HDDGabriel/engines/UnrealEngine/Engine/Source/ThirdParty/ICU/icu4c-53_1/source/samples/layout/resource.h,2,0,2
/media/ullmann/HDDGabriel/engines/UnrealEngine/Engine/Source/ThirdParty/ICU/icu4c-64_1/source/common/ucharstrieiterator.cpp,0,4,4
/media/ullmann/HDDGabriel/engines/UnrealEngine/Engine/Source/ThirdParty/openexr/openexr-3.1.1/src/lib/OpenEXR/ImfDeepFrameBuffer.cpp,0,2,2
/media/ullmann/HDDGabriel/engines/UnrealEngine/Engine/Source/Runtime/Landscape/Classes/LandscapePhysicalMaterial.h,1,0,1
/media/ullmann/HDDGabriel/engines/UnrealEngine/Engine/Source/Runtime/Apple/MetalRHI/Private/Shaders/Types/MetalComputeShader.cpp,0,2,2
/media/ullmann/HDDGabriel/engines/UnrealEngine/Engine/Source/Runtime/SlateCore/Public/Sound/NullSlateSoundDevice.h,1,0,1
/media/ullmann/HDDGabriel/engines/UnrealEngine/Engine/Source/ThirdParty/ShaderConductor/ShaderConductor/External/DirectXShaderCompiler/lib/ExecutionEngine/RuntimeDyld/RuntimeDyldCheckerImpl.h,3,1,4
/media/ullmann/HDDGabriel/engines/UnrealEngine/Engine/Source/ThirdParty/ICU/icu4c-64_1/source/common/uchar.cpp,0,12,12
/media/ullmann/HDDGabriel/engines/UnrealEngine/Engine/Source/Developer/GraphColor/Private/graphFunctionTable.h,3,0,3
/media/ullmann/HDDGabriel/engines/UnrealEngine/Engine/Source/ThirdParty/Intel/TBB/IntelTBB-2019u8/src/perf/time_cpq_throughput_test.cpp,0,1,1
/media/ullmann/HDDGabriel/engines/UnrealEngine/Engine/Source/Runtime/Renderer/Private/Lumen/LumenScreenProbeHardwareRayTracing.cpp,0,3,3
/media/ullmann/HDDGabriel/engines/UnrealEngine/Engine/Source/ThirdParty/FreeType2/FreeType2-2.10.4/src/psaux/psblues.c,1,4,5
/media/ullmann/HDDGabriel/engines/UnrealEngine/Engine/Source/ThirdParty/FreeType2/FreeType2-2.10.4/src/psaux/pshints.h,4,0,4
/media/ullmann/HDDGabriel/engines/UnrealEngine/Engine/Source/Developer/AssetTools/Public/IAssetTypeActions.h,5,1,6
/media/ullmann/HDDGabriel/engines/UnrealEngine/Engine/Source/Developer/TargetDeviceServices/Public/ITargetDeviceServicesModule.h,0,2,2
/media/ullmann/HDDGabriel/engines/UnrealEngine/Engine/Source/Developer/TargetDeviceServices/Public/ITargetDeviceProxyManager.h,1,0,1
/media/ullmann/HDDGabriel/engines/UnrealEngine/Engine/Source/Editor/CurveEditor/Private/DragOperations/CurveEditorDragOperation_Tangent.cpp,0,1,1
/media/ullmann/HDDGabriel/engines/UnrealEngine/Engine/Source/Editor/CurveEditor/Private/DragOperations/CurveEditorDragOperation_Tangent.h,2,0,2
/media/ullmann/HDDGabriel/engines/UnrealEngine/Engine/Source/ThirdParty/FontConfig/fontconfig-2.13.94/src/fcatomic.h,1,1,2
/media/ullmann/HDDGabriel/engines/UnrealEngine/Engine/Source/Runtime/AVEncoder/Private/Decoders/vdecmpeg4/vdecmpeg4_Stream.h,2,1,3
/media/ullmann/HDDGabriel/engines/UnrealEngine/Engine/Source/ThirdParty/PhysX3/APEX_1.4/module/framework_legacy/include/autogen/VertexFormatParameters_0p0.h,1,0,1
/media/ullmann/HDDGabriel/engines/UnrealEngine/Engine/Source/ThirdParty/ICU/icu4c-53_1/source/common/locutil.h,2,2,4
/media/ullmann/HDDGabriel/engines/UnrealEngine/Engine/Source/ThirdParty/ShaderConductor/ShaderConductor/External/SPIRV-Headers/tools/buildHeaders/header.cpp,0,3,3
/media/ullmann/HDDGabriel/engines/UnrealEngine/Engine/Source/ThirdParty/ShaderConductor/ShaderConductor/External/SPIRV-Headers/tools/buildHeaders/jsoncpp/dist/json/json.h,3,0,3
/media/ullmann/HDDGabriel/engines/UnrealEngine/Engine/Source/ThirdParty/PhysX3/PhysX_3.4/Source/SimulationController/src/ScRigidCore.cpp,0,2,2
/media/ullmann/HDDGabriel/engines/UnrealEngine/Engine/Source/Runtime/Renderer/Private/PostProcess/PostProcessTonemap.h,1,0,1
/media/ullmann/HDDGabriel/engines/UnrealEngine/Engine/Source/ThirdParty/PhysX3/PhysX_3.4/Source/SimulationController/src/ScActorSim.h,9,1,10
/media/ullmann/HDDGabriel/engines/UnrealEngine/Engine/Source/ThirdParty/openexr/Deploy/openexr-3.1.1/include/OpenEXR/ImfIntAttribute.h,0,3,3
/media/ullmann/HDDGabriel/engines/UnrealEngine/Engine/Source/ThirdParty/Python3/Mac/include/osmodule.h,1,0,1
/media/ullmann/HDDGabriel/engines/UnrealEngine/Engine/Source/ThirdParty/Boost/boost-1_70_0/include/boost/iterator.hpp,0,1,1
/media/ullmann/HDDGabriel/engines/UnrealEngine/Engine/Source/ThirdParty/PhysX3/PhysX_3.4/Source/LowLevelCloth/src/SwFactory.cpp,0,5,5
/media/ullmann/HDDGabriel/engines/UnrealEngine/Engine/Source/Runtime/Renderer/Private/DistanceFieldObjectManagement.cpp,0,5,5
/media/ullmann/HDDGabriel/engines/UnrealEngine/Engine/Source/ThirdParty/FreeType2/FreeType2-2.4.12/src/autofit/afangles.c,1,1,2
/media/ullmann/HDDGabriel/engines/UnrealEngine/Engine/Source/ThirdParty/libOpus/opus-1.3.1-12/celt/arm/fft_arm.h,1,0,1
/media/ullmann/HDDGabriel/engines/UnrealEngine/Engine/Source/Runtime/Experimental/Chaos/Public/GeometryCollection/ManagedArrayCollection.h,1,0,1
/media/ullmann/HDDGabriel/engines/UnrealEngine/Engine/Source/Developer/HoloLens/HoloLensPlatformEditor/Private/HoloLensLocalizedResources.h,1,0,1
/media/ullmann/HDDGabriel/engines/UnrealEngine/Engine/Source/ThirdParty/OpenSubdiv/OpenSubdiv-3.4.4/opensubdiv/osd/glLegacyGregoryPatchTable.h,1,4,5
/media/ullmann/HDDGabriel/engines/UnrealEngine/Engine/Source/ThirdParty/ICU/icu4c-53_1/source/test/intltest/tokiter.h,2,1,3
/media/ullmann/HDDGabriel/engines/UnrealEngine/Engine/Source/ThirdParty/openexr/openexr-3.1.1/src/test/OpenEXRCoreTest/general_attr.cpp,0,11,11
/media/ullmann/HDDGabriel/engines/UnrealEngine/Engine/Source/ThirdParty/FreeType2/FreeType2-2.6/Include/ftsystem.h,0,1,1
/media/ullmann/HDDGabriel/engines/UnrealEngine/Engine/Source/ThirdParty/ICU/icu4c-53_1/source/i18n/uitercollationiterator.h,2,2,4
/media/ullmann/HDDGabriel/engines/UnrealEngine/Engine/Source/Runtime/Core/Public/Math/NumericLimits.h,3,0,3
/media/ullmann/HDDGabriel/engines/UnrealEngine/Engine/Source/Programs/HeadlessChaos/Public/HeadlessChaosTestClustering.h,0,1,1
/media/ullmann/HDDGabriel/engines/UnrealEngine/Engine/Source/Editor/Kismet/Private/SKismetInspector.cpp,0,3,3
/media/ullmann/HDDGabriel/engines/UnrealEngine/Engine/Source/Editor/Kismet/Private/FormatTextDetails.h,2,0,2
/media/ullmann/HDDGabriel/engines/UnrealEngine/Engine/Source/ThirdParty/GoogleOboe/Private/opensles/EngineOpenSLES.cpp,0,2,2
/media/ullmann/HDDGabriel/engines/UnrealEngine/Engine/Source/ThirdParty/ICU/icu4c-53_1/source/i18n/unicode/uspoof.h,7,0,7
/media/ullmann/HDDGabriel/engines/UnrealEngine/Engine/Source/Runtime/SlateCore/Public/Animation/CurveSequence.h,1,0,1
/media/ullmann/HDDGabriel/engines/UnrealEngine/Engine/Source/Developer/Windows/LiveCoding/Private/External/LC_Assert.h,3,2,5
/media/ullmann/HDDGabriel/engines/UnrealEngine/Engine/Source/ThirdParty/ICU/icu4c-53_1/source/test/perf/leperf/SimpleFontInstance.cpp,1,1,2
/media/ullmann/HDDGabriel/engines/UnrealEngine/Engine/Source/ThirdParty/openexr/openexr-3.1.1/src/lib/OpenEXR/ImfCRgbaFile.h,1,1,2
/media/ullmann/HDDGabriel/engines/UnrealEngine/Engine/Source/ThirdParty/FreeType2/FreeType2-2.4.12/src/otvalid/otvmath.c,1,3,4
/media/ullmann/HDDGabriel/engines/UnrealEngine/Engine/Source/Programs/TextureShare/Samples/ThirdParty/TextureShare_ClientD3D12/DXSampleHelper.h,1,0,1
/media/ullmann/HDDGabriel/engines/UnrealEngine/Engine/Source/Runtime/HeadMountedDisplay/Public/XRMotionControllerBase.h,0,1,1
/media/ullmann/HDDGabriel/engines/UnrealEngine/Engine/Source/Runtime/HeadMountedDisplay/Public/IMotionController.h,3,0,3
/media/ullmann/HDDGabriel/engines/UnrealEngine/Engine/Source/ThirdParty/ICU/icu4c-53_1/source/i18n/collationsets.h,3,1,4
/media/ullmann/HDDGabriel/engines/UnrealEngine/Engine/Source/ThirdParty/ICU/icu4c-53_1/source/test/perf/ustrperf/stringperf.cpp,0,1,1
/media/ullmann/HDDGabriel/engines/UnrealEngine/Engine/Source/ThirdParty/ICU/icu4c-53_1/source/test/perf/ustrperf/stringperf.h,1,0,1
/media/ullmann/HDDGabriel/engines/UnrealEngine/Engine/Source/ThirdParty/OpenVDB/openvdb-8.1.0/openvdb_houdini/openvdb_houdini/GT_GEOPrimCollectVDB.cc,0,3,3
/media/ullmann/HDDGabriel/engines/UnrealEngine/Engine/Source/ThirdParty/OpenVDB/openvdb-8.1.0/openvdb_houdini/openvdb_houdini/GT_GEOPrimCollectVDB.h,2,0,2
/media/ullmann/HDDGabriel/engines/UnrealEngine/Engine/Source/ThirdParty/Python3/Win64/include/code.h,1,1,2
/media/ullmann/HDDGabriel/engines/UnrealEngine/Engine/Source/ThirdParty/Python3/Win64/include/cpython/code.h,1,0,1
/media/ullmann/HDDGabriel/engines/UnrealEngine/Engine/Source/ThirdParty/ICU/icu4c-53_1/source/layout/MPreFixups.cpp,0,3,3
/media/ullmann/HDDGabriel/engines/UnrealEngine/Engine/Source/Programs/Enterprise/Datasmith/DatasmithSketchUpRubyExporter/Private/DatasmithSketchUpUtils.cpp,0,6,6
/media/ullmann/HDDGabriel/engines/UnrealEngine/Engine/Source/ThirdParty/ShaderConductor/ShaderConductor/External/DirectXShaderCompiler/tools/clang/lib/CodeGen/CoverageMappingGen.cpp,0,2,2
/media/ullmann/HDDGabriel/engines/UnrealEngine/Engine/Source/ThirdParty/ShaderConductor/ShaderConductor/External/DirectXShaderCompiler/tools/clang/lib/CodeGen/CoverageMappingGen.h,4,0,4
/media/ullmann/HDDGabriel/engines/UnrealEngine/Engine/Source/ThirdParty/ICU/icu4c-64_1/source/tools/toolutil/pkg_genc.cpp,0,5,5
/media/ullmann/HDDGabriel/engines/UnrealEngine/Engine/Source/ThirdParty/ICU/icu4c-64_1/source/tools/toolutil/pkg_genc.h,1,1,2
/media/ullmann/HDDGabriel/engines/UnrealEngine/Engine/Source/ThirdParty/PhysX3/PhysX_3.4/Source/GeomUtils/src/contact/GuContactSphereSphere.cpp,0,1,1
/media/ullmann/HDDGabriel/engines/UnrealEngine/Engine/Source/ThirdParty/ICU/icu4c-53_1/source/samples/layout/GDIFontMap.cpp,0,4,4
/media/ullmann/HDDGabriel/engines/UnrealEngine/Engine/Source/ThirdParty/Intel/TBB/IntelTBB-2019u8/include/tbb/queuing_rw_mutex.h,1,2,3
/media/ullmann/HDDGabriel/engines/UnrealEngine/Engine/Source/ThirdParty/openexr/openexr-3.1.1/src/test/OpenEXRTest/testSharedFrameBuffer.h,1,0,1
/media/ullmann/HDDGabriel/engines/UnrealEngine/Engine/Source/Runtime/Engine/Classes/Engine/NetConnection.h,0,1,1
/media/ullmann/HDDGabriel/engines/UnrealEngine/Engine/Source/Runtime/Engine/Classes/Engine/ReplicationDriver.h,1,0,1
/media/ullmann/HDDGabriel/engines/UnrealEngine/Engine/Source/ThirdParty/libOpus/opus-1.1/celt/arm/kiss_fft_armv5e.h,1,0,1
/media/ullmann/HDDGabriel/engines/UnrealEngine/Engine/Source/ThirdParty/ShaderConductor/ShaderConductor/External/DirectXShaderCompiler/include/llvm/DebugInfo/PDB/DIA/DIAEnumSymbols.h,0,1,1
/media/ullmann/HDDGabriel/engines/UnrealEngine/Engine/Source/ThirdParty/Imath/Imath-3.1.3/src/ImathTest/testError.h,2,0,2
/media/ullmann/HDDGabriel/engines/UnrealEngine/Engine/Source/ThirdParty/FreeType2/FreeType2-2.6/Src/smooth/smooth.c,0,3,3
/media/ullmann/HDDGabriel/engines/UnrealEngine/Engine/Source/ThirdParty/FreeType2/FreeType2-2.6/Src/smooth/ftspic.c,1,2,3
/media/ullmann/HDDGabriel/engines/UnrealEngine/Engine/Source/Runtime/Core/Public/Math/GenericOctree.h,0,2,2
/media/ullmann/HDDGabriel/engines/UnrealEngine/Engine/Source/Runtime/Core/Public/Math/GenericOctreePublic.h,1,0,1
/media/ullmann/HDDGabriel/engines/UnrealEngine/Engine/Source/ThirdParty/ICU/icu4c-53_1/source/common/unicode/messagepattern.h,2,0,2
/media/ullmann/HDDGabriel/engines/UnrealEngine/Engine/Source/Editor/PhysicsAssetEditor/Private/PhysicsAssetDetailsCustomization.cpp,0,4,4
/media/ullmann/HDDGabriel/engines/UnrealEngine/Engine/Source/Editor/PhysicsAssetEditor/Private/PhysicsAssetEditorActions.h,4,0,4
/media/ullmann/HDDGabriel/engines/UnrealEngine/Engine/Source/Editor/EnvironmentLightingViewer/Private/SEnvironmentLightingViewer.h,2,0,2
/media/ullmann/HDDGabriel/engines/UnrealEngine/Engine/Source/ThirdParty/ICU/icu4c-53_1/source/layout/ContextualGlyphSubstProc.cpp,0,9,9
/media/ullmann/HDDGabriel/engines/UnrealEngine/Engine/Source/Runtime/AVEncoder/Private/Decoders/vdecmpeg4/M4XCmdSingleThread.cpp,0,6,6
/media/ullmann/HDDGabriel/engines/UnrealEngine/Engine/Source/Runtime/AVEncoder/Private/Decoders/vdecmpeg4/M4idct.h,3,1,4
/media/ullmann/HDDGabriel/engines/UnrealEngine/Engine/Source/Runtime/Online/BuildPatchServices/Private/Generation/ChunkMatchProcessor.h,1,0,1
/media/ullmann/HDDGabriel/engines/UnrealEngine/Engine/Source/ThirdParty/Vulkan/Include/vulkan/vulkan_directfb.h,1,0,1
/media/ullmann/HDDGabriel/engines/UnrealEngine/Engine/Source/Editor/Sequencer/Private/SSequencerSplitterOverlay.h,1,0,1
/media/ullmann/HDDGabriel/engines/UnrealEngine/Engine/Source/ThirdParty/ICU/icu4c-53_1/source/test/cintltst/cutiltst.c,0,1,1
/media/ullmann/HDDGabriel/engines/UnrealEngine/Engine/Source/Runtime/Datasmith/DirectLink/Public/DirectLinkElementSnapshot.h,0,2,2
/media/ullmann/HDDGabriel/engines/UnrealEngine/Engine/Source/ThirdParty/CryptoPP/5.6.5/include/mdc.h,0,3,3
/media/ullmann/HDDGabriel/engines/UnrealEngine/Engine/Source/Runtime/Apple/MetalRHI/Private/MetalRHIRenderQuery.h,5,0,5
/media/ullmann/HDDGabriel/engines/UnrealEngine/Engine/Source/ThirdParty/ICU/icu4c-64_1/source/common/uvectr64.cpp,0,3,3
/media/ullmann/HDDGabriel/engines/UnrealEngine/Engine/Source/ThirdParty/WebRTC/4147/Include/third_party/opus/src/silk/arm/LPC_inv_pred_gain_arm.h,1,0,1
/media/ullmann/HDDGabriel/engines/UnrealEngine/Engine/Source/ThirdParty/OpenSubdiv/OpenSubdiv-3.4.4/opensubdiv/vtr/triRefinement.h,2,2,4
/media/ullmann/HDDGabriel/engines/UnrealEngine/Engine/Source/ThirdParty/FreeType2/FreeType2-2.10.0/src/base/fttrigon.c,1,0,1
/media/ullmann/HDDGabriel/engines/UnrealEngine/Engine/Source/ThirdParty/Oculus/LibOVRPlatform/LibOVRPlatform/include/OVR_VoipBitrate.h,2,1,3
/media/ullmann/HDDGabriel/engines/UnrealEngine/Engine/Source/ThirdParty/PhysX3/PhysX_3.4/Source/PhysX/src/NpConstraint.cpp,0,5,5
/media/ullmann/HDDGabriel/engines/UnrealEngine/Engine/Source/ThirdParty/PhysX3/PhysX_3.4/Source/PhysX/src/NpRigidStatic.h,9,1,10
/media/ullmann/HDDGabriel/engines/UnrealEngine/Engine/Source/ThirdParty/Intel/TBB/IntelTBB-2019u8/src/test/test_hw_concurrency.cpp,0,3,3
/media/ullmann/HDDGabriel/engines/UnrealEngine/Engine/Source/ThirdParty/Intel/TBB/IntelTBB-2019u8/src/test/harness_concurrency.h,2,0,2
/media/ullmann/HDDGabriel/engines/UnrealEngine/Engine/Source/Runtime/Engine/Public/TraceFilters.h,0,1,1
/media/ullmann/HDDGabriel/engines/UnrealEngine/Engine/Source/Runtime/Engine/Public/TraceFilter.h,2,0,2
/media/ullmann/HDDGabriel/engines/UnrealEngine/Engine/Source/ThirdParty/Intel/Embree/Embree2140/src/common/simd/vboold4_avx512.h,1,0,1
/media/ullmann/HDDGabriel/engines/UnrealEngine/Engine/Source/Editor/PinnedCommandList/Public/IPinnedCommandList.h,0,1,1
/media/ullmann/HDDGabriel/engines/UnrealEngine/Engine/Source/Editor/PinnedCommandList/Public/IPinnedCommandListModule.h,1,0,1
/media/ullmann/HDDGabriel/engines/UnrealEngine/Engine/Source/Editor/BlueprintGraph/Classes/K2Node_IfThenElse.h,0,1,1
/media/ullmann/HDDGabriel/engines/UnrealEngine/Engine/Source/Runtime/Core/Public/Math/RangeBound.h,3,0,3
/media/ullmann/HDDGabriel/engines/UnrealEngine/Engine/Source/Editor/BehaviorTreeEditor/Private/SGraphNode_BehaviorTree.h,2,0,2
/media/ullmann/HDDGabriel/engines/UnrealEngine/Engine/Source/ThirdParty/Intel/Embree/Embree2140/src/kernels/builders/splitter.h,1,2,3
/media/ullmann/HDDGabriel/engines/UnrealEngine/Engine/Source/ThirdParty/Intel/Embree/Embree2140/src/kernels/common/primref.h,5,1,6
/media/ullmann/HDDGabriel/engines/UnrealEngine/Engine/Source/ThirdParty/mtlpp/mtlpp-master-7efad47/src/defines.hpp,1,0,1
/media/ullmann/HDDGabriel/engines/UnrealEngine/Engine/Source/ThirdParty/Android/libunwind/libunwind/src/arm/Gget_proc_info.c,1,1,2
/media/ullmann/HDDGabriel/engines/UnrealEngine/Engine/Source/ThirdParty/EOSSDK/SDK/Include/eos_progressionsnapshot.h,0,1,1
/media/ullmann/HDDGabriel/engines/UnrealEngine/Engine/Source/ThirdParty/HarfBuzz/harfbuzz-2.4.0/src/hb-unicode.cc,0,3,3
/media/ullmann/HDDGabriel/engines/UnrealEngine/Engine/Source/ThirdParty/HarfBuzz/harfbuzz-2.4.0/src/hb-unicode.hh,1,0,1
/media/ullmann/HDDGabriel/engines/UnrealEngine/Engine/Source/Runtime/Apple/AGXRHI/Private/Shaders/Types/AGXGeometryShader.h,1,0,1
/media/ullmann/HDDGabriel/engines/UnrealEngine/Engine/Source/ThirdParty/FreeType2/FreeType2-2.6/Src/autofit/afblue.c,1,1,2
/media/ullmann/HDDGabriel/engines/UnrealEngine/Engine/Source/Editor/AddContentDialog/Private/ContentSourceDragDropOp.cpp,0,2,2
/media/ullmann/HDDGabriel/engines/UnrealEngine/Engine/Source/Editor/AddContentDialog/Private/ViewModels/ContentSourceViewModel.h,2,0,2
/media/ullmann/HDDGabriel/engines/UnrealEngine/Engine/Source/ThirdParty/openexr/openexr-3.1.1/src/test/OpenEXRTest/testAttributes.h,1,0,1
/media/ullmann/HDDGabriel/engines/UnrealEngine/Engine/Source/ThirdParty/ShaderConductor/ShaderConductor/External/DirectXShaderCompiler/tools/clang/lib/StaticAnalyzer/Checkers/PointerArithChecker.cpp,0,1,1
/media/ullmann/HDDGabriel/engines/UnrealEngine/Engine/Source/ThirdParty/PhysX3/APEX_1.4/module/clothing_legacy/include/autogen/ClothingGraphicalLodParameters_0p5.h,1,0,1
/media/ullmann/HDDGabriel/engines/UnrealEngine/Engine/Source/Editor/EditorConfig/Public/EditorMetadataOverrides.h,0,1,1
/media/ullmann/HDDGabriel/engines/UnrealEngine/Engine/Source/ThirdParty/SDL2/SDL-gui-backend/src/libm/s_atan.c,0,2,2
/media/ullmann/HDDGabriel/engines/UnrealEngine/Engine/Source/ThirdParty/Intel/Embree/Embree270/src/kernels/common/subdiv/catmullclark_coefficients.h,5,1,6
/media/ullmann/HDDGabriel/engines/UnrealEngine/Engine/Source/Editor/PhysicsAssetEditor/Private/PhysicsAssetEditorSkeletonTreeBuilder.h,2,0,2
/media/ullmann/HDDGabriel/engines/UnrealEngine/Engine/Source/ThirdParty/CryptoPP/5.6.5/include/basecode.h,4,4,8
/media/ullmann/HDDGabriel/engines/UnrealEngine/Engine/Source/ThirdParty/ICU/icu4c-64_1/source/test/perf/leperf/FontTableCache.cpp,1,1,2
/media/ullmann/HDDGabriel/engines/UnrealEngine/Engine/Source/ThirdParty/ICU/icu4c-64_1/source/test/perf/leperf/FontTableCache.h,2,0,2
/media/ullmann/HDDGabriel/engines/UnrealEngine/Engine/Source/Runtime/GeometryCore/Public/Distance/DistSegment3Triangle3.h,1,2,3
/media/ullmann/HDDGabriel/engines/UnrealEngine/Engine/Source/Runtime/GeometryCore/Public/Distance/DistPoint3Triangle3.h,3,0,3
/media/ullmann/HDDGabriel/engines/UnrealEngine/Engine/Source/ThirdParty/ICU/icu4c-64_1/source/i18n/measunit.cpp,0,1,1
/media/ullmann/HDDGabriel/engines/UnrealEngine/Engine/Source/ThirdParty/ICU/icu4c-64_1/source/i18n/unicode/measunit.h,2,0,2
/media/ullmann/HDDGabriel/engines/UnrealEngine/Engine/Source/ThirdParty/SDL2/SDL-gui-backend/src/core/os2/SDL_os2.h,14,1,15
/media/ullmann/HDDGabriel/engines/UnrealEngine/Engine/Source/ThirdParty/Python3/Linux/include/python3.9/classobject.h,1,0,1
/media/ullmann/HDDGabriel/engines/UnrealEngine/Engine/Source/Programs/Enterprise/Datasmith/DatasmithARCHICADExporter/Private/SyncData.cpp,0,12,12
/media/ullmann/HDDGabriel/engines/UnrealEngine/Engine/Source/Editor/AnimationBlueprintEditor/Private/AnimationNodes/SAnimationGraphNode.cpp,0,1,1
/media/ullmann/HDDGabriel/engines/UnrealEngine/Engine/Source/ThirdParty/OpenSubdiv/OpenSubdiv-3.4.4/regression/shapes/catmark_nonquads.h,1,0,1
/media/ullmann/HDDGabriel/engines/UnrealEngine/Engine/Source/ThirdParty/HLMediaLibrary/HLMediaLibrary/Transform.cpp,0,2,2
/media/ullmann/HDDGabriel/engines/UnrealEngine/Engine/Source/Editor/StatsViewer/Private/StatsPages/LightingBuildInfoStatsPage.h,1,0,1
/media/ullmann/HDDGabriel/engines/UnrealEngine/Engine/Source/ThirdParty/Intel/Embree/Embree270/src/kernels/xeonphi/geometry/bezier1i_intersector16.h,1,3,4
/media/ullmann/HDDGabriel/engines/UnrealEngine/Engine/Source/Runtime/Renderer/Private/DynamicShadowMapChannelBindingHelper.h,2,1,3
/media/ullmann/HDDGabriel/engines/UnrealEngine/Engine/Source/ThirdParty/nvTextureTools/nvTextureTools-2.0.6/src/src/nvtt/squish/squish.h,11,0,11
/media/ullmann/HDDGabriel/engines/UnrealEngine/Engine/Source/Runtime/Landscape/Private/LandscapeBlueprintSupport.cpp,0,2,2
/media/ullmann/HDDGabriel/engines/UnrealEngine/Engine/Source/Editor/Persona/Private/SkinWeightProfileCustomization.h,2,0,2
/media/ullmann/HDDGabriel/engines/UnrealEngine/Engine/Source/Editor/PropertyEditor/Private/SDetailNameArea.h,3,0,3
/media/ullmann/HDDGabriel/engines/UnrealEngine/Engine/Source/ThirdParty/PhysX3/NvCloth/samples/SampleBase/renderer/RenderMaterial.cpp,0,3,3
/media/ullmann/HDDGabriel/engines/UnrealEngine/Engine/Source/ThirdParty/PhysX3/NvCloth/samples/SampleBase/renderer/RenderMaterial.h,3,0,3
/media/ullmann/HDDGabriel/engines/UnrealEngine/Engine/Source/Editor/VREditor/VREditorAvatarActor.h,2,0,2
/media/ullmann/HDDGabriel/engines/UnrealEngine/Engine/Source/Runtime/Engine/Public/GraphEditAction.h,3,0,3
/media/ullmann/HDDGabriel/engines/UnrealEngine/Engine/Source/ThirdParty/Steamworks/Steamv151/sdk/public/steam/steam_gameserver.h,0,3,3
/media/ullmann/HDDGabriel/engines/UnrealEngine/Engine/Source/Runtime/Slate/Public/Framework/Text/IRunRenderer.h,2,0,2
/media/ullmann/HDDGabriel/engines/UnrealEngine/Engine/Source/Runtime/Engine/Public/AnimEncoding_ConstantKeyLerp.h,1,2,3
/media/ullmann/HDDGabriel/engines/UnrealEngine/Engine/Source/Runtime/Messaging/Private/Bus/MessageDispatchTask.h,1,0,1
/media/ullmann/HDDGabriel/engines/UnrealEngine/Engine/Source/ThirdParty/HarfBuzz/harfbuzz-2.4.0/src/hb-uniscribe.cc,0,6,6
/media/ullmann/HDDGabriel/engines/UnrealEngine/Engine/Source/ThirdParty/Intel/Embree/Embree2140/src/common/sys/library.cpp,0,3,3
/media/ullmann/HDDGabriel/engines/UnrealEngine/Engine/Source/ThirdParty/Intel/Embree/Embree2140/src/common/sys/library.h,1,1,2
/media/ullmann/HDDGabriel/engines/UnrealEngine/Engine/Source/Runtime/Experimental/Chaos/Public/ChaosSolverConfiguration.h,0,3,3
/media/ullmann/HDDGabriel/engines/UnrealEngine/Engine/Source/Runtime/Experimental/Chaos/Public/SolverEventFilters.h,2,0,2
/media/ullmann/HDDGabriel/engines/UnrealEngine/Engine/Source/Runtime/Renderer/Private/LightShaftRendering.h,2,0,2
/media/ullmann/HDDGabriel/engines/UnrealEngine/Engine/Source/ThirdParty/CryptoPP/5.6.5/include/crc.h,4,1,5
/media/ullmann/HDDGabriel/engines/UnrealEngine/Engine/Source/ThirdParty/FreeImage/FreeImage-3.18.0/Source/LibJXR/image/sys/adapthuff.c,0,1,1
/media/ullmann/HDDGabriel/engines/UnrealEngine/Engine/Source/ThirdParty/FreeImage/FreeImage-3.18.0/Source/LibJXR/image/sys/strcodec.h,5,4,9
/media/ullmann/HDDGabriel/engines/UnrealEngine/Engine/Source/ThirdParty/ICU/icu4c-64_1/source/i18n/number_modifiers.cpp,0,2,2
/media/ullmann/HDDGabriel/engines/UnrealEngine/Engine/Source/Developer/Windows/LiveCodingServer/Private/External/LC_UniqueId.h,5,0,5
/media/ullmann/HDDGabriel/engines/UnrealEngine/Engine/Source/ThirdParty/MCPP/mcpp-2.7.2/cpp-test/test-l/nest36.h,1,1,2
/media/ullmann/HDDGabriel/engines/UnrealEngine/Engine/Source/ThirdParty/FreeType2/FreeType2-2.10.4/src/pfr/pfrobjs.c,1,6,7
/media/ullmann/HDDGabriel/engines/UnrealEngine/Engine/Source/ThirdParty/FreeType2/FreeType2-2.10.4/src/pfr/pfrcmap.h,2,1,3
/media/ullmann/HDDGabriel/engines/UnrealEngine/Engine/Source/Runtime/Apple/AGXRHI/Private/AGXProfiler.cpp,0,2,2
/media/ullmann/HDDGabriel/engines/UnrealEngine/Engine/Source/Runtime/WebBrowser/Public/IWebBrowserAdapter.h,0,1,1
/media/ullmann/HDDGabriel/engines/UnrealEngine/Engine/Source/Runtime/WebBrowser/Public/IWebBrowserWindow.h,1,1,2
/media/ullmann/HDDGabriel/engines/UnrealEngine/Engine/Source/ThirdParty/libOpus/opus-1.0.3/silk/LP_variable_cutoff.c,0,1,1
/media/ullmann/HDDGabriel/engines/UnrealEngine/Engine/Source/Editor/AnimGraph/Public/AnimGraphNode_SplineIK.h,0,1,1
/media/ullmann/HDDGabriel/engines/UnrealEngine/Engine/Source/ThirdParty/OpenSubdiv/OpenSubdiv-3.4.4/opensubdiv/osd/cpuD3D11VertexBuffer.cpp,0,2,2
/media/ullmann/HDDGabriel/engines/UnrealEngine/Engine/Source/ThirdParty/OpenSubdiv/OpenSubdiv-3.4.4/opensubdiv/osd/cpuD3D11VertexBuffer.h,1,1,2
/media/ullmann/HDDGabriel/engines/UnrealEngine/Engine/Source/ThirdParty/FBX/2020.2/include/fbxsdk/scene/shading/fbxshadingconventions.h,1,0,1
/media/ullmann/HDDGabriel/engines/UnrealEngine/Engine/Source/ThirdParty/libOpus/opus-1.3.1-12/tests/test_opus_projection.c,0,2,2
/media/ullmann/HDDGabriel/engines/UnrealEngine/Engine/Source/ThirdParty/Python3/Win64/include/fileutils.h,1,1,2
/media/ullmann/HDDGabriel/engines/UnrealEngine/Engine/Source/Editor/DistCurveEditor/Private/SCurveEditorViewport.cpp,0,2,2
/media/ullmann/HDDGabriel/engines/UnrealEngine/Engine/Source/ThirdParty/ICU/icu4c-64_1/source/common/usetiter.cpp,0,4,4
/media/ullmann/HDDGabriel/engines/UnrealEngine/Engine/Source/ThirdParty/Intel/TBB/IntelTBB-2019u8/src/test/test_task_scheduler_init.cpp,0,4,4
/media/ullmann/HDDGabriel/engines/UnrealEngine/Engine/Source/ThirdParty/SDL2/SDL-gui-backend/src/audio/openslES/SDL_openslES.h,1,2,3
/media/ullmann/HDDGabriel/engines/UnrealEngine/Engine/Source/Editor/PhysicsAssetEditor/Private/PhysicsAssetGraph/PhysicsAssetGraphSchema.cpp,0,5,5
/media/ullmann/HDDGabriel/engines/UnrealEngine/Engine/Source/ThirdParty/FreeType2/FreeType2-2.6/Src/autofit/aflatin2.h,2,1,3
/media/ullmann/HDDGabriel/engines/UnrealEngine/Engine/Source/Runtime/CrashReportCore/Private/PendingReports.cpp,0,1,1
/media/ullmann/HDDGabriel/engines/UnrealEngine/Engine/Source/Runtime/CrashReportCore/Private/PendingReports.h,2,0,2
/media/ullmann/HDDGabriel/engines/UnrealEngine/Engine/Source/ThirdParty/ICU/icu4c-53_1/source/i18n/upluralrules.cpp,0,2,2
/media/ullmann/HDDGabriel/engines/UnrealEngine/Engine/Source/ThirdParty/HarfBuzz/harfbuzz-2.4.0/src/hb-ot-var-mvar-table.hh,1,0,1
/media/ullmann/HDDGabriel/engines/UnrealEngine/Engine/Source/Editor/SkeletonEditor/Private/SkeletonTreeCommands.h,2,0,2
/media/ullmann/HDDGabriel/engines/UnrealEngine/Engine/Source/ThirdParty/Python3/Win64/include/internal/pycore_ceval.h,0,1,1
/media/ullmann/HDDGabriel/engines/UnrealEngine/Engine/Source/ThirdParty/FreeType2/FreeType2-2.4.12/src/base/basepic.c,1,1,2
/media/ullmann/HDDGabriel/engines/UnrealEngine/Engine/Source/ThirdParty/FreeType2/FreeType2-2.4.12/src/base/basepic.h,6,0,6
/media/ullmann/HDDGabriel/engines/UnrealEngine/Engine/Source/ThirdParty/FreeImage/FreeImage-3.18.0/Source/OpenEXR/IlmImf/ImfKeyCode.h,2,2,4
/media/ullmann/HDDGabriel/engines/UnrealEngine/Engine/Source/ThirdParty/zlib/zlib-1.2.5/Src/contrib/blast/blast.c,0,1,1
/media/ullmann/HDDGabriel/engines/UnrealEngine/Engine/Source/ThirdParty/zlib/zlib-1.2.5/Src/contrib/blast/blast.h,1,0,1
/media/ullmann/HDDGabriel/engines/UnrealEngine/Engine/Source/Editor/DetailCustomizations/Private/CurveStructCustomization.h,2,0,2
/media/ullmann/HDDGabriel/engines/UnrealEngine/Engine/Source/ThirdParty/WebRTC/4147/Include/third_party/opus/src/celt/mathops.h,1,3,4
/media/ullmann/HDDGabriel/engines/UnrealEngine/Engine/Source/ThirdParty/WebRTC/4147/Include/third_party/opus/src/celt/os_support.h,2,0,2
/media/ullmann/HDDGabriel/engines/UnrealEngine/Engine/Source/ThirdParty/Python3/Linux/include/python3.9/osmodule.h,1,0,1
/media/ullmann/HDDGabriel/engines/UnrealEngine/Engine/Source/Runtime/Slate/Public/Framework/Text/ITextDecorator.h,2,0,2
/media/ullmann/HDDGabriel/engines/UnrealEngine/Engine/Source/Editor/StaticMeshEditor/Private/StaticMeshEditorViewportClient.cpp,0,4,4
/media/ullmann/HDDGabriel/engines/UnrealEngine/Engine/Source/ThirdParty/ICU/icu4c-53_1/source/i18n/unicode/simpletz.h,9,0,9
/media/ullmann/HDDGabriel/engines/UnrealEngine/Engine/Source/Developer/TraceServices/Private/Model/CountersPrivate.h,1,0,1
/media/ullmann/HDDGabriel/engines/UnrealEngine/Engine/Source/ThirdParty/FreeType2/FreeType2-2.10.0/src/type1/t1driver.c,1,5,6
/media/ullmann/HDDGabriel/engines/UnrealEngine/Engine/Source/ThirdParty/FreeType2/FreeType2-2.10.0/src/type1/t1load.h,3,1,4
/media/ullmann/HDDGabriel/engines/UnrealEngine/Engine/Source/ThirdParty/Intel/ISPC/ispc-1.17.0/examples/cpu/volume_rendering/volume.cpp,0,1,1
/media/ullmann/HDDGabriel/engines/UnrealEngine/Engine/Source/Editor/AnimGraph/Private/AnimBlueprintExtension.cpp,0,4,4
/media/ullmann/HDDGabriel/engines/UnrealEngine/Engine/Source/ThirdParty/ShaderConductor/ShaderConductor/External/DirectXShaderCompiler/tools/clang/lib/StaticAnalyzer/Checkers/PthreadLockChecker.cpp,0,1,1
/media/ullmann/HDDGabriel/engines/UnrealEngine/Engine/Source/ThirdParty/libOpus/opus-1.1/silk/fixed/process_gains_FIX.c,0,1,1
/media/ullmann/HDDGabriel/engines/UnrealEngine/Engine/Source/ThirdParty/ShaderConductor/ShaderConductor/External/DirectXShaderCompiler/tools/clang/lib/StaticAnalyzer/Checkers/ObjCContainersASTChecker.cpp,0,1,1
/media/ullmann/HDDGabriel/engines/UnrealEngine/Engine/Source/Runtime/Online/BuildPatchServices/Private/BuildPatchProgress.cpp,0,1,1
/media/ullmann/HDDGabriel/engines/UnrealEngine/Engine/Source/ThirdParty/ICU/icu4c-64_1/source/tools/toolutil/flagparser.cpp,0,2,2
/media/ullmann/HDDGabriel/engines/UnrealEngine/Engine/Source/ThirdParty/ICU/icu4c-64_1/source/tools/toolutil/filestrm.h,12,0,12
/media/ullmann/HDDGabriel/engines/UnrealEngine/Engine/Source/ThirdParty/PhysX3/PhysX_3.4/Source/LowLevelCloth/src/windows/CuCloth.cpp,0,7,7
/media/ullmann/HDDGabriel/engines/UnrealEngine/Engine/Source/ThirdParty/PhysX3/PhysX_3.4/Source/LowLevelCloth/src/windows/CuClothData.h,3,0,3
/media/ullmann/HDDGabriel/engines/UnrealEngine/Engine/Source/ThirdParty/SDL2/SDL-gui-backend/src/video/windows/SDL_windowsmessagebox.h,1,1,2
/media/ullmann/HDDGabriel/engines/UnrealEngine/Engine/Source/ThirdParty/OpenSubdiv/Deploy/OpenSubdiv-3.4.4/include/opensubdiv/osd/glPatchTable.h,1,4,5
/media/ullmann/HDDGabriel/engines/UnrealEngine/Engine/Source/Runtime/GameplayMediaEncoder/Private/GameplayMediaEncoderCommon.cpp,0,1,1
/media/ullmann/HDDGabriel/engines/UnrealEngine/Engine/Source/Runtime/Online/BackgroundHTTPFileHash/Private/BackgroundHttpFileHashHelper.cpp,0,1,1
/media/ullmann/HDDGabriel/engines/UnrealEngine/Engine/Source/Runtime/Online/BackgroundHTTPFileHash/Private/BackgroundHttpFileHashPrivate.h,2,0,2
/media/ullmann/HDDGabriel/engines/UnrealEngine/Engine/Source/ThirdParty/Unix/LibCxx/include/c++/v1/tgmath.h,0,2,2
/media/ullmann/HDDGabriel/engines/UnrealEngine/Engine/Source/ThirdParty/Unix/LibCxx/include/c++/v1/ctgmath,1,0,1
/media/ullmann/HDDGabriel/engines/UnrealEngine/Engine/Source/ThirdParty/OpenSubdiv/Deploy/OpenSubdiv-3.4.4/include/opensubdiv/vtr/sparseSelector.h,0,3,3
/media/ullmann/HDDGabriel/engines/UnrealEngine/Engine/Source/ThirdParty/Oculus/LibOVRPlatform/LibOVRPlatform/include/OVR_CloudStorageDataStatus.h,1,1,2
/media/ullmann/HDDGabriel/engines/UnrealEngine/Engine/Source/Runtime/Experimental/Chaos/Public/EventDefaults.h,0,1,1
/media/ullmann/HDDGabriel/engines/UnrealEngine/Engine/Source/Editor/UnrealEd/Public/CurveTableEditorUtils.h,0,1,1
/media/ullmann/HDDGabriel/engines/UnrealEngine/Engine/Source/Editor/UnrealEd/Public/Kismet2/ListenerManager.h,2,0,2
/media/ullmann/HDDGabriel/engines/UnrealEngine/Engine/Source/ThirdParty/openexr/openexr-3.1.1/src/lib/OpenEXR/ImfDeepImageState.h,1,2,3
/media/ullmann/HDDGabriel/engines/UnrealEngine/Engine/Source/ThirdParty/Steamworks/Steamv146/sdk/public/steam/isteamuserstats.h,1,2,3
/media/ullmann/HDDGabriel/engines/UnrealEngine/Engine/Source/Editor/CurveEditor/Public/SCurveEditorPanel.h,0,3,3
/media/ullmann/HDDGabriel/engines/UnrealEngine/Engine/Source/Editor/CurveEditor/Public/CurveEditorTypes.h,10,0,10
/media/ullmann/HDDGabriel/engines/UnrealEngine/Engine/Source/ThirdParty/Boost/boost-1_70_0/include/boost/phoenix/stl/algorithm/detail/is_unordered_set_or_map.hpp,1,0,1
/media/ullmann/HDDGabriel/engines/UnrealEngine/Engine/Source/ThirdParty/Windows/DirectX/Include/d3d11_3.h,1,2,3
/media/ullmann/HDDGabriel/engines/UnrealEngine/Engine/Source/ThirdParty/Windows/DirectX/Include/d3d11_2.h,1,1,2
/media/ullmann/HDDGabriel/engines/UnrealEngine/Engine/Source/ThirdParty/ShaderConductor/ShaderConductor/External/DirectXShaderCompiler/tools/clang/lib/Index/CommentToXML.cpp,0,1,1
/media/ullmann/HDDGabriel/engines/UnrealEngine/Engine/Source/ThirdParty/ShaderConductor/ShaderConductor/External/DirectXShaderCompiler/tools/clang/lib/Index/SimpleFormatContext.h,1,0,1
/media/ullmann/HDDGabriel/engines/UnrealEngine/Engine/Source/Runtime/D3D12RHI/Private/D3D12CommandList.cpp,0,2,2
/media/ullmann/HDDGabriel/engines/UnrealEngine/Engine/Source/Runtime/D3D12RHI/Private/D3D12CommandList.h,2,0,2
/media/ullmann/HDDGabriel/engines/UnrealEngine/Engine/Source/Editor/UnrealEd/Public/DragTool_FrustumSelect.h,0,2,2
/media/ullmann/HDDGabriel/engines/UnrealEngine/Engine/Source/Editor/UnrealEd/Public/LevelEditorViewport.h,3,2,5
/media/ullmann/HDDGabriel/engines/UnrealEngine/Engine/Source/ThirdParty/Intel/Embree/Embree2140/src/common/sys/array.h,1,2,3
/media/ullmann/HDDGabriel/engines/UnrealEngine/Engine/Source/Runtime/Apple/MetalRHI/Private/Shaders/MetalCompiledShaderCache.h,2,0,2
/media/ullmann/HDDGabriel/engines/UnrealEngine/Engine/Source/Runtime/NavigationSystem/Public/NavigationOctreeController.h,2,1,3
/media/ullmann/HDDGabriel/engines/UnrealEngine/Engine/Source/Runtime/NavigationSystem/Public/NavigationOctree.h,2,1,3
/media/ullmann/HDDGabriel/engines/UnrealEngine/Engine/Source/ThirdParty/Python3/Linux/include/python3.9/descrobject.h,1,0,1
/media/ullmann/HDDGabriel/engines/UnrealEngine/Engine/Source/ThirdParty/Intel/Embree/Embree2140/src/kernels/geometry/intersector_iterators.h,4,2,6
/media/ullmann/HDDGabriel/engines/UnrealEngine/Engine/Source/ThirdParty/PhysX3/APEX_1.4/include/RenderMeshActor.h,1,3,4
/media/ullmann/HDDGabriel/engines/UnrealEngine/Engine/Source/ThirdParty/CryptoPP/5.6.2/include/iterhash.cpp,0,2,2
/media/ullmann/HDDGabriel/engines/UnrealEngine/Engine/Source/Runtime/SlateCore/Public/Rendering/RenderingPolicy.h,1,0,1
/media/ullmann/HDDGabriel/engines/UnrealEngine/Engine/Source/ThirdParty/SDL2/SDL-gui-backend/src/video/kmsdrm/SDL_kmsdrmevents.h,2,1,3
/media/ullmann/HDDGabriel/engines/UnrealEngine/Engine/Source/ThirdParty/Intel/ISPC/ispc-1.17.0/examples/xpu/sgemm/Matrix.h,2,0,2
/media/ullmann/HDDGabriel/engines/UnrealEngine/Engine/Source/ThirdParty/FreeType2/FreeType2-2.4.12/src/base/ftpic.c,1,1,2
/media/ullmann/HDDGabriel/engines/UnrealEngine/Engine/Source/Editor/AnimGraph/Public/AnimGraphNode_IdentityPose.h,0,1,1
/media/ullmann/HDDGabriel/engines/UnrealEngine/Engine/Source/Editor/AnimGraph/Public/AnimGraphNode_RefPoseBase.h,3,1,4
/media/ullmann/HDDGabriel/engines/UnrealEngine/Engine/Source/ThirdParty/libOpus/opus-1.1/src/mlp.h,3,0,3
/media/ullmann/HDDGabriel/engines/UnrealEngine/Engine/Source/Editor/IntroTutorials/Private/STutorialsBrowser.cpp,0,6,6
/media/ullmann/HDDGabriel/engines/UnrealEngine/Engine/Source/Editor/IntroTutorials/Private/TutorialSettings.h,3,0,3
/media/ullmann/HDDGabriel/engines/UnrealEngine/Engine/Source/ThirdParty/FreeType2/FreeType2-2.6/Include/ftrender.h,0,1,1
/media/ullmann/HDDGabriel/engines/UnrealEngine/Engine/Source/Runtime/Core/Public/Misc/CoreMiscDefines.h,1,1,2
/media/ullmann/HDDGabriel/engines/UnrealEngine/Engine/Source/ThirdParty/openexr/openexr-3.1.1/src/test/OpenEXRTest/testCopyDeepTiled.cpp,0,3,3
/media/ullmann/HDDGabriel/engines/UnrealEngine/Engine/Source/Editor/DetailCustomizations/Private/Vector4StructCustomization.cpp,0,1,1
/media/ullmann/HDDGabriel/engines/UnrealEngine/Engine/Source/ThirdParty/SDL2/SDL-gui-backend/src/power/android/SDL_syspower.c,0,3,3
/media/ullmann/HDDGabriel/engines/UnrealEngine/Engine/Source/Runtime/Apple/AGXRHI/Private/AGXDynamicRHI_Shaders.cpp,0,3,3
/media/ullmann/HDDGabriel/engines/UnrealEngine/Engine/Source/ThirdParty/CryptoPP/5.6.5/include/dh2.cpp,0,2,2
/media/ullmann/HDDGabriel/engines/UnrealEngine/Engine/Source/ThirdParty/ICU/icu4c-53_1/source/samples/layout/cgnomelayout.c,0,3,3
/media/ullmann/HDDGabriel/engines/UnrealEngine/Engine/Source/ThirdParty/ICU/icu4c-53_1/source/samples/layout/arraymem.h,3,0,3
/media/ullmann/HDDGabriel/engines/UnrealEngine/Engine/Source/Editor/Kismet/Private/SBlueprintPalette.cpp,0,3,3
/media/ullmann/HDDGabriel/engines/UnrealEngine/Engine/Source/Editor/Kismet/Private/SBlueprintFavoritesPalette.h,2,1,3
/media/ullmann/HDDGabriel/engines/UnrealEngine/Engine/Source/Runtime/Slate/Public/Widgets/Input/SRotatorInputBox.h,1,0,1
/media/ullmann/HDDGabriel/engines/UnrealEngine/Engine/Source/Editor/DetailCustomizations/Private/MaterialAttributePropertyDetails.cpp,0,1,1
/media/ullmann/HDDGabriel/engines/UnrealEngine/Engine/Source/Editor/DetailCustomizations/Private/MaterialAttributePropertyDetails.h,2,0,2
/media/ullmann/HDDGabriel/engines/UnrealEngine/Engine/Source/ThirdParty/Vorbis/libvorbis-1.3.2/lib/modes/setup_8.h,1,2,3
/media/ullmann/HDDGabriel/engines/UnrealEngine/Engine/Source/ThirdParty/Intel/Embree/Embree2140/src/kernels/common/state.cpp,0,1,1
/media/ullmann/HDDGabriel/engines/UnrealEngine/Engine/Source/ThirdParty/FreeType2/FreeType2-2.4.12/src/psnames/pspic.c,1,2,3
/media/ullmann/HDDGabriel/engines/UnrealEngine/Engine/Source/ThirdParty/FreeType2/FreeType2-2.4.12/src/psnames/pspic.h,2,0,2
/media/ullmann/HDDGabriel/engines/UnrealEngine/Engine/Source/ThirdParty/ICU/icu4c-64_1/source/test/intltest/tztest.h,2,1,3
/media/ullmann/HDDGabriel/engines/UnrealEngine/Engine/Source/ThirdParty/Intel/Embree/Embree2140/src/common/sys/sysinfo.h,7,1,8
/media/ullmann/HDDGabriel/engines/UnrealEngine/Engine/Source/ThirdParty/CryptoPP/5.6.5/include/3way.h,2,3,5
/media/ullmann/HDDGabriel/engines/UnrealEngine/Engine/Source/ThirdParty/SDL2/SDL-gui-backend/include/SDL_test_md5.h,1,2,3
/media/ullmann/HDDGabriel/engines/UnrealEngine/Engine/Source/ThirdParty/ICU/icu4c-64_1/source/tools/tzcode/asctime.c,0,2,2
/media/ullmann/HDDGabriel/engines/UnrealEngine/Engine/Source/ThirdParty/OpenVDB/openvdb-8.1.0/openvdb_ax/openvdb_ax/math/OpenSimplexNoise.cc,0,1,1
/media/ullmann/HDDGabriel/engines/UnrealEngine/Engine/Source/ThirdParty/OpenVDB/openvdb-8.1.0/openvdb_ax/openvdb_ax/math/OpenSimplexNoise.h,2,0,2
/media/ullmann/HDDGabriel/engines/UnrealEngine/Engine/Source/ThirdParty/EOSSDK/SDK/Bin/IOS/EOSSDK.framework/Headers/eos_friends_types.h,2,1,3
/media/ullmann/HDDGabriel/engines/UnrealEngine/Engine/Source/Editor/SceneDepthPickerMode/Private/EditorModeSceneDepthPicker.cpp,0,1,1
/media/ullmann/HDDGabriel/engines/UnrealEngine/Engine/Source/Editor/SceneDepthPickerMode/Private/EditorModeSceneDepthPicker.h,2,0,2
/media/ullmann/HDDGabriel/engines/UnrealEngine/Engine/Source/ThirdParty/SDL2/SDL-gui-backend/src/thread/psp/SDL_sysmutex.c,0,2,2
/media/ullmann/HDDGabriel/engines/UnrealEngine/Engine/Source/ThirdParty/PhysX3/PhysX_3.4/Source/PhysX/src/buffering/ScbBase.h,7,1,8
/media/ullmann/HDDGabriel/engines/UnrealEngine/Engine/Source/ThirdParty/ShaderConductor/ShaderConductor/External/DirectXShaderCompiler/tools/clang/lib/Serialization/ASTReader.cpp,0,2,2
/media/ullmann/HDDGabriel/engines/UnrealEngine/Engine/Source/ThirdParty/libOpus/opus-1.1/silk/resampler_down2_3.c,0,2,2
/media/ullmann/HDDGabriel/engines/UnrealEngine/Engine/Source/ThirdParty/libOpus/opus-1.1/silk/resampler_private.h,7,3,10
/media/ullmann/HDDGabriel/engines/UnrealEngine/Engine/Source/ThirdParty/FreeType2/FreeType2-2.6/Include/tttags.h,0,1,1
/media/ullmann/HDDGabriel/engines/UnrealEngine/Engine/Source/Editor/Documentation/Private/SDocumentationToolTip.cpp,0,1,1
/media/ullmann/HDDGabriel/engines/UnrealEngine/Engine/Source/ThirdParty/FreeImage/FreeImage-3.18.0/Source/LibJPEG/jcapimin.c,0,2,2
/media/ullmann/HDDGabriel/engines/UnrealEngine/Engine/Source/ThirdParty/Imath/Imath-3.1.3/src/python/PyImath/PyImathVec3siArray.cpp,0,2,2
/media/ullmann/HDDGabriel/engines/UnrealEngine/Engine/Source/Runtime/Engine/Public/ObjectTrace.h,0,2,2
/media/ullmann/HDDGabriel/engines/UnrealEngine/Engine/Source/ThirdParty/WebRTC/4147/Include/third_party/opus/src/silk/pitch_est_defines.h,0,1,1
/media/ullmann/HDDGabriel/engines/UnrealEngine/Engine/Source/Developer/AutomationWindow/Private/SAutomationTestItem.h,2,0,2
/media/ullmann/HDDGabriel/engines/UnrealEngine/Engine/Source/ThirdParty/OpenSubdiv/OpenSubdiv-3.4.4/opensubdiv/osd/ompEvaluator.cpp,0,5,5
/media/ullmann/HDDGabriel/engines/UnrealEngine/Engine/Source/ThirdParty/OpenSubdiv/OpenSubdiv-3.4.4/opensubdiv/osd/patchBasisCommonEval.h,3,0,3
/media/ullmann/HDDGabriel/engines/UnrealEngine/Engine/Source/ThirdParty/Android/libunwind/libunwind/include/libunwind-arm.h,1,2,3
/media/ullmann/HDDGabriel/engines/UnrealEngine/Engine/Source/ThirdParty/WebRTC/4147/Include/third_party/libyuv/include/libyuv/compare.h,1,0,1
/media/ullmann/HDDGabriel/engines/UnrealEngine/Engine/Source/ThirdParty/ICU/icu4c-64_1/source/common/unicode/rep.h,2,0,2
/media/ullmann/HDDGabriel/engines/UnrealEngine/Engine/Source/Programs/UnrealHeaderTool/Private/Specifiers/CheckedMetadataSpecifiers.h,3,0,3
/media/ullmann/HDDGabriel/engines/UnrealEngine/Engine/Source/ThirdParty/ICU/icu4c-64_1/source/test/intltest/itrbnfp.h,2,1,3
/media/ullmann/HDDGabriel/engines/UnrealEngine/Engine/Source/Editor/Sequencer/Private/SequencerModule.cpp,0,3,3
/media/ullmann/HDDGabriel/engines/UnrealEngine/Engine/Source/Editor/PropertyEditor/Private/DetailMultiTopLevelObjectRootNode.h,2,3,5
/media/ullmann/HDDGabriel/engines/UnrealEngine/Engine/Source/Editor/Persona/Private/IPoseWatchManagerTreeItem.h,8,1,9
/media/ullmann/HDDGabriel/engines/UnrealEngine/Engine/Source/ThirdParty/ICU/icu4c-53_1/source/i18n/unicode/utmscale.h,2,0,2
/media/ullmann/HDDGabriel/engines/UnrealEngine/Engine/Source/ThirdParty/Intel/TBB/IntelTBB-2019u8/src/test/test_fast_random.cpp,0,2,2
/media/ullmann/HDDGabriel/engines/UnrealEngine/Engine/Source/ThirdParty/ICU/icu4c-64_1/source/i18n/simpletz.cpp,0,4,4
/media/ullmann/HDDGabriel/engines/UnrealEngine/Engine/Source/Runtime/MovieScene/Public/Evaluation/MovieSceneSequenceHierarchy.h,1,0,1
/media/ullmann/HDDGabriel/engines/UnrealEngine/Engine/Source/ThirdParty/ICU/icu4c-53_1/source/i18n/collationfcd.h,5,0,5
/media/ullmann/HDDGabriel/engines/UnrealEngine/Engine/Source/ThirdParty/SDL2/SDL-gui-backend/src/video/directfb/SDL_DirectFB_shape.c,0,5,5
/media/ullmann/HDDGabriel/engines/UnrealEngine/Engine/Source/ThirdParty/FreeType2/FreeType2-2.10.0/src/gxvalid/gxvmort0.c,1,1,2
/media/ullmann/HDDGabriel/engines/UnrealEngine/Engine/Source/Runtime/Renderer/Private/PostProcess/TemporalSuperResolution.cpp,0,1,1
/media/ullmann/HDDGabriel/engines/UnrealEngine/Engine/Source/Editor/TextureEditor/Private/TextureEditorToolkit.cpp,0,5,5
/media/ullmann/HDDGabriel/engines/UnrealEngine/Engine/Source/Editor/TextureEditor/Private/TextureEditorConstants.h,1,0,1
/media/ullmann/HDDGabriel/engines/UnrealEngine/Engine/Source/ThirdParty/FreeType2/FreeType2-2.4.12/src/pcf/pcfdrivr.c,1,5,6
/media/ullmann/HDDGabriel/engines/UnrealEngine/Engine/Source/ThirdParty/FreeType2/FreeType2-2.4.12/src/pcf/pcferror.h,2,0,2
/media/ullmann/HDDGabriel/engines/UnrealEngine/Engine/Source/ThirdParty/FreeType2/FreeType2-2.10.0/src/lzw/ftzopen.c,1,1,2
/media/ullmann/HDDGabriel/engines/UnrealEngine/Engine/Source/Editor/UnrealEd/Public/DragTool_BoxSelect.h,0,2,2
/media/ullmann/HDDGabriel/engines/UnrealEngine/Engine/Source/ThirdParty/PhysX3/PhysX_3.4/Include/geometry/PxConvexMeshGeometry.h,2,0,2
/media/ullmann/HDDGabriel/engines/UnrealEngine/Engine/Source/ThirdParty/glslang/glslang/src/glslang_lib/glslang/OSDependent/osinclude.h,6,0,6
/media/ullmann/HDDGabriel/engines/UnrealEngine/Engine/Source/ThirdParty/GoogleOboe/Private/opensles/AudioOutputStreamOpenSLES.cpp,0,4,4
/media/ullmann/HDDGabriel/engines/UnrealEngine/Engine/Source/ThirdParty/GoogleOboe/Private/opensles/OutputMixerOpenSLES.h,2,0,2
/media/ullmann/HDDGabriel/engines/UnrealEngine/Engine/Source/ThirdParty/FontConfig/fontconfig-2.13.94/src/fcfs.c,0,1,1
/media/ullmann/HDDGabriel/engines/UnrealEngine/Engine/Source/Developer/ShaderCompilerCommon/Public/ShaderCompilerCommon.h,2,2,4
/media/ullmann/HDDGabriel/engines/UnrealEngine/Engine/Source/Developer/ShaderCompilerCommon/Public/CrossCompilerDefinitions.h,2,1,3
/media/ullmann/HDDGabriel/engines/UnrealEngine/Engine/Source/Runtime/SlateCore/Public/Types/NavigationMetaData.h,1,0,1
/media/ullmann/HDDGabriel/engines/UnrealEngine/Engine/Source/Runtime/Online/BuildPatchServices/Private/Generation/DataScanner.h,1,0,1
/media/ullmann/HDDGabriel/engines/UnrealEngine/Engine/Source/ThirdParty/PhysX3/PhysX_3.4/Include/PxContact.h,3,0,3
/media/ullmann/HDDGabriel/engines/UnrealEngine/Engine/Source/ThirdParty/WebRTC/4147/Include/third_party/opus/src/silk/arm/NSQ_neon.h,1,0,1
/media/ullmann/HDDGabriel/engines/UnrealEngine/Engine/Source/Editor/UMGEditor/Private/UMGEditorActions.h,2,0,2
/media/ullmann/HDDGabriel/engines/UnrealEngine/Engine/Source/ThirdParty/Boost/boost-1_70_0/include/boost/polygon/polygon_with_holes_data.hpp,2,2,4
/media/ullmann/HDDGabriel/engines/UnrealEngine/Engine/Source/ThirdParty/SDL2/SDL-gui-backend/src/video/x11/SDL_x11modes.c,0,3,3
/media/ullmann/HDDGabriel/engines/UnrealEngine/Engine/Source/ThirdParty/SDL2/SDL-gui-backend/src/video/x11/edid.h,2,0,2
/media/ullmann/HDDGabriel/engines/UnrealEngine/Engine/Source/ThirdParty/ShaderConductor/ShaderConductor/External/DirectXShaderCompiler/tools/clang/lib/Sema/SemaTemplateDeduction.cpp,0,1,1
/media/ullmann/HDDGabriel/engines/UnrealEngine/Engine/Source/ThirdParty/FreeType2/FreeType2-2.4.12/src/sfnt/ttpost.c,1,2,3
/media/ullmann/HDDGabriel/engines/UnrealEngine/Engine/Source/ThirdParty/libOpus/opus-1.3.1-12/celt/quant_bands.c,0,7,7
/media/ullmann/HDDGabriel/engines/UnrealEngine/Engine/Source/ThirdParty/ICU/icu4c-53_1/source/common/sprpimpl.h,2,8,10
/media/ullmann/HDDGabriel/engines/UnrealEngine/Engine/Source/Runtime/MessagingRpc/Private/MessageRpcClient.h,2,0,2
/media/ullmann/HDDGabriel/engines/UnrealEngine/Engine/Source/ThirdParty/FreeType2/FreeType2-2.10.4/src/psaux/psintrp.c,1,9,10
/media/ullmann/HDDGabriel/engines/UnrealEngine/Engine/Source/ThirdParty/PhysX3/PhysX_3.4/Source/PhysXExtensions/src/serialization/Xml/SnXmlMemoryAllocator.h,3,0,3
/media/ullmann/HDDGabriel/engines/UnrealEngine/Engine/Source/ThirdParty/CryptoPP/5.6.2/include/crc.cpp,0,3,3
/media/ullmann/HDDGabriel/engines/UnrealEngine/Engine/Source/ThirdParty/ICU/icu4c-64_1/source/test/intltest/canittst.cpp,0,2,2
/media/ullmann/HDDGabriel/engines/UnrealEngine/Engine/Source/ThirdParty/ICU/icu4c-64_1/source/test/intltest/canittst.h,2,1,3
/media/ullmann/HDDGabriel/engines/UnrealEngine/Engine/Source/ThirdParty/FreeType2/FreeType2-2.10.0/src/type1/type1.c,0,6,6
/media/ullmann/HDDGabriel/engines/UnrealEngine/Engine/Source/ThirdParty/Intel/Embree/Embree270/src/common/simd/simd.h,1,4,5
/media/ullmann/HDDGabriel/engines/UnrealEngine/Engine/Source/ThirdParty/OpenVDB/openvdb-8.1.0/openvdb/openvdb/tree/LeafNode.h,3,4,7
/media/ullmann/HDDGabriel/engines/UnrealEngine/Engine/Source/ThirdParty/OpenVDB/openvdb-8.1.0/openvdb/openvdb/tree/LeafNodeBool.h,1,2,3
/media/ullmann/HDDGabriel/engines/UnrealEngine/Engine/Source/ThirdParty/llvm/8/include/llvm/DebugInfo/PDB/PDBSymbolFuncDebugStart.h,0,2,2
/media/ullmann/HDDGabriel/engines/UnrealEngine/Engine/Source/ThirdParty/DirectShow/DirectShow-1.0.0/src/Public/amextra.h,1,0,1
/media/ullmann/HDDGabriel/engines/UnrealEngine/Engine/Source/Editor/DetailCustomizations/Private/MotionControllerDetails.h,2,0,2
/media/ullmann/HDDGabriel/engines/UnrealEngine/Engine/Source/ThirdParty/openexr/openexr-3.1.1/src/lib/OpenEXR/ImfRle.h,3,2,5
/media/ullmann/HDDGabriel/engines/UnrealEngine/Engine/Source/ThirdParty/Intel/TBB/IntelTBB-2019u8/src/test/test_malloc_atexit.cpp,0,2,2
/media/ullmann/HDDGabriel/engines/UnrealEngine/Engine/Source/ThirdParty/Intel/TBB/IntelTBB-2019u8/src/test/harness_allocator_overload.h,4,1,5
/media/ullmann/HDDGabriel/engines/UnrealEngine/Engine/Source/ThirdParty/ShaderConductor/ShaderConductor/External/DirectXShaderCompiler/lib/Transforms/ObjCARC/ObjCARCOpts.cpp,0,7,7
/media/ullmann/HDDGabriel/engines/UnrealEngine/Engine/Source/ThirdParty/ICU/icu4c-64_1/source/common/unicode/bytestrie.h,6,0,6
/media/ullmann/HDDGabriel/engines/UnrealEngine/Engine/Source/Editor/BlueprintGraph/Classes/K2Node_StructOperation.h,2,2,4
/media/ullmann/HDDGabriel/engines/UnrealEngine/Engine/Source/ThirdParty/Crunch/src/crnlib/crn_threading_pthreads.cpp,0,4,4
/media/ullmann/HDDGabriel/engines/UnrealEngine/Engine/Source/ThirdParty/ICU/icu4c-64_1/source/common/unicode/ubiditransform.h,1,0,1
/media/ullmann/HDDGabriel/engines/UnrealEngine/Engine/Source/Runtime/Engine/Public/ReplayNetConnection.h,0,1,1
/media/ullmann/HDDGabriel/engines/UnrealEngine/Engine/Source/ThirdParty/CryptoPP/5.6.5/include/tiger.h,5,2,7
/media/ullmann/HDDGabriel/engines/UnrealEngine/Engine/Source/Runtime/AVEncoder/Public/VideoDecoder.h,1,3,4
/media/ullmann/HDDGabriel/engines/UnrealEngine/Engine/Source/Runtime/AVEncoder/Public/VideoDecoderAllocationTypes.h,2,0,2
/media/ullmann/HDDGabriel/engines/UnrealEngine/Engine/Source/ThirdParty/libcurl/7_75_0/include/Android/curl/urlapi.h,1,1,2
/media/ullmann/HDDGabriel/engines/UnrealEngine/Engine/Source/ThirdParty/Android/libunwind/libunwind/src/x86_64/Lstash_frame.c,0,1,1
/media/ullmann/HDDGabriel/engines/UnrealEngine/Engine/Source/Runtime/Engine/Public/PhysicsReplication.h,0,1,1
/media/ullmann/HDDGabriel/engines/UnrealEngine/Engine/Source/ThirdParty/openexr/openexr-3.1.1/src/lib/OpenEXRUtil/ImfImageChannel.cpp,0,2,2
/media/ullmann/HDDGabriel/engines/UnrealEngine/Engine/Source/Editor/LandscapeEditor/Private/LandscapeEditorDetailCustomization_MiscTools.cpp,0,3,3
/media/ullmann/HDDGabriel/engines/UnrealEngine/Engine/Source/ThirdParty/Python3/Win64/include/sliceobject.h,1,0,1
/media/ullmann/HDDGabriel/engines/UnrealEngine/Engine/Source/ThirdParty/Vorbis/libvorbis-1.3.2/lib/info.c,0,7,7
/media/ullmann/HDDGabriel/engines/UnrealEngine/Engine/Source/Editor/GraphEditor/Private/KismetNodes/SGraphNodeK2Copy.h,1,0,1
/media/ullmann/HDDGabriel/engines/UnrealEngine/Engine/Source/Editor/BlueprintGraph/Classes/NodeDependingOnEnumInterface.h,7,0,7
/media/ullmann/HDDGabriel/engines/UnrealEngine/Engine/Source/ThirdParty/Boost/boost-1_70_0/include/boost/safe_numerics/checked_result.hpp,6,1,7
/media/ullmann/HDDGabriel/engines/UnrealEngine/Engine/Source/ThirdParty/SDL2/SDL-gui-backend/include/SDL_cpuinfo.h,1,3,4
/media/ullmann/HDDGabriel/engines/UnrealEngine/Engine/Source/ThirdParty/Python3/Win64/include/cpython/initconfig.h,1,0,1
/media/ullmann/HDDGabriel/engines/UnrealEngine/Engine/Source/ThirdParty/EOSSDK/SDK/Bin/IOS/EOSSDK.framework/Headers/eos_ui_types.h,5,2,7
/media/ullmann/HDDGabriel/engines/UnrealEngine/Engine/Source/Editor/MainFrame/Private/MainFrameModule.h,1,2,3
/media/ullmann/HDDGabriel/engines/UnrealEngine/Engine/Source/Editor/MainFrame/Private/Frame/MainFrameHandler.h,1,0,1
/media/ullmann/HDDGabriel/engines/UnrealEngine/Engine/Source/Editor/BlueprintGraph/Classes/K2Node_ClassDynamicCast.h,0,2,2
/media/ullmann/HDDGabriel/engines/UnrealEngine/Engine/Source/ThirdParty/Perforce/p4api-2015.2/include/p4/clientresolvea.h,1,1,2
/media/ullmann/HDDGabriel/engines/UnrealEngine/Engine/Source/ThirdParty/FreeImage/FreeImage-3.18.0/TestAPI/testMPage.cpp,0,1,1
/media/ullmann/HDDGabriel/engines/UnrealEngine/Engine/Source/Editor/UnrealEd/Private/Cooker/CookedSavePackageValidator.h,2,0,2
/media/ullmann/HDDGabriel/engines/UnrealEngine/Engine/Source/Developer/ProjectLauncher/Private/Widgets/Archive/SProjectLauncherArchivePage.cpp,0,1,1
/media/ullmann/HDDGabriel/engines/UnrealEngine/Engine/Source/Developer/ProjectLauncher/Private/Widgets/Archive/SProjectLauncherArchivePage.h,1,0,1
/media/ullmann/HDDGabriel/engines/UnrealEngine/Engine/Source/ThirdParty/PhysX3/APEX_1.4/shared/general/meshimport/src/MeshImport/ExportPOVRay.h,2,0,2
/media/ullmann/HDDGabriel/engines/UnrealEngine/Engine/Source/ThirdParty/openexr/Deploy/openexr-3.1.1/include/OpenEXR/ImfFlatImageLevel.h,1,3,4
/media/ullmann/HDDGabriel/engines/UnrealEngine/Engine/Source/ThirdParty/ShaderConductor/ShaderConductor/External/DirectXShaderCompiler/include/llvm/DebugInfo/PDB/IPDBDataStream.h,0,1,1
/media/ullmann/HDDGabriel/engines/UnrealEngine/Engine/Source/ThirdParty/ShaderConductor/ShaderConductor/External/DirectXShaderCompiler/lib/DxilDia/DxilDiaTableInjectedSources.cpp,0,4,4
/media/ullmann/HDDGabriel/engines/UnrealEngine/Engine/Source/Runtime/Engine/Public/OpusAudioInfo.h,0,1,1
/media/ullmann/HDDGabriel/engines/UnrealEngine/Engine/Source/Runtime/UMG/Public/Components/WindowTitleBarArea.h,1,0,1
/media/ullmann/HDDGabriel/engines/UnrealEngine/Engine/Source/ThirdParty/FreeType2/FreeType2-2.6/Include/ftsnames.h,0,1,1
/media/ullmann/HDDGabriel/engines/UnrealEngine/Engine/Source/Developer/Android/AndroidPlatformEditor/Private/AndroidLicenseDialog.cpp,0,1,1
/media/ullmann/HDDGabriel/engines/UnrealEngine/Engine/Source/Developer/Android/AndroidPlatformEditor/Private/AndroidLicenseDialog.h,2,0,2
/media/ullmann/HDDGabriel/engines/UnrealEngine/Engine/Source/ThirdParty/SDL2/SDL-gui-backend/src/thread/windows/SDL_systhread_c.h,2,2,4
/media/ullmann/HDDGabriel/engines/UnrealEngine/Engine/Source/ThirdParty/ICU/icu4c-53_1/source/test/intltest/itercoll.cpp,0,1,1
/media/ullmann/HDDGabriel/engines/UnrealEngine/Engine/Source/Developer/MessageLog/Public/MessageLogInitializationOptions.h,2,0,2
/media/ullmann/HDDGabriel/engines/UnrealEngine/Engine/Source/Developer/AssetTools/Public/ClassTypeActions_Base.h,0,1,1
/media/ullmann/HDDGabriel/engines/UnrealEngine/Engine/Source/Developer/AssetTools/Public/IClassTypeActions.h,1,0,1
/media/ullmann/HDDGabriel/engines/UnrealEngine/Engine/Source/ThirdParty/Alembic/alembic-1.8.2/prman/Procedural/ProcMain.cpp,0,4,4
/media/ullmann/HDDGabriel/engines/UnrealEngine/Engine/Source/ThirdParty/Alembic/alembic-1.8.2/prman/Procedural/PathUtil.h,2,0,2
/media/ullmann/HDDGabriel/engines/UnrealEngine/Engine/Source/ThirdParty/FreeType2/FreeType2-2.10.4/builds/vms/ftsystem.c,0,1,1
/media/ullmann/HDDGabriel/engines/UnrealEngine/Engine/Source/ThirdParty/FreeType2/FreeType2-2.10.4/builds/vms/ftconfig.h,1,0,1
/media/ullmann/HDDGabriel/engines/UnrealEngine/Engine/Source/Editor/AnimationBlueprintEditor/Private/AnimationNodes/SGraphNodeSequencePlayer.h,1,0,1
/media/ullmann/HDDGabriel/engines/UnrealEngine/Engine/Source/ThirdParty/ICU/icu4c-53_1/source/layout/TibetanLayoutEngine.cpp,0,4,4
/media/ullmann/HDDGabriel/engines/UnrealEngine/Engine/Source/ThirdParty/openexr/openexr-3.1.1/src/bin/exrmaketiled/Image.cpp,0,2,2
/media/ullmann/HDDGabriel/engines/UnrealEngine/Engine/Source/ThirdParty/openexr/openexr-3.1.1/src/bin/exrmaketiled/namespaceAlias.h,5,0,5
/media/ullmann/HDDGabriel/engines/UnrealEngine/Engine/Source/ThirdParty/ICU/icu4c-53_1/source/test/cintltst/cdtdptst.c,0,3,3
/media/ullmann/HDDGabriel/engines/UnrealEngine/Engine/Source/ThirdParty/ICU/icu4c-53_1/source/test/cintltst/cdtdptst.h,1,1,2
/media/ullmann/HDDGabriel/engines/UnrealEngine/Engine/Source/Developer/Datasmith/DatasmithFacade/Public/DatasmithFacadeUEPbrMaterial.h,1,2,3
/media/ullmann/HDDGabriel/engines/UnrealEngine/Engine/Source/Runtime/Slate/Public/Framework/Text/TextRunRenderer.h,3,0,3
/media/ullmann/HDDGabriel/engines/UnrealEngine/Engine/Source/ThirdParty/ShaderConductor/ShaderConductor/External/DirectXShaderCompiler/tools/clang/tools/libclang/CIndexDiagnostic.h,7,0,7
/media/ullmann/HDDGabriel/engines/UnrealEngine/Engine/Source/ThirdParty/CryptoPP/5.6.5/include/base32.cpp,0,2,2
/media/ullmann/HDDGabriel/engines/UnrealEngine/Engine/Source/ThirdParty/Windows/DirectX/Include/d3d11_4.h,0,2,2
/media/ullmann/HDDGabriel/engines/UnrealEngine/Engine/Source/ThirdParty/PhysX3/NvCloth/src/dx/DxDeviceVector.h,2,1,3
/media/ullmann/HDDGabriel/engines/UnrealEngine/Engine/Source/ThirdParty/PhysX3/NvCloth/src/dx/DxCheckSuccess.h,2,0,2
/media/ullmann/HDDGabriel/engines/UnrealEngine/Engine/Source/ThirdParty/ShaderConductor/ShaderConductor/External/DirectXShaderCompiler/tools/lli/RemoteTargetMessage.h,2,0,2
/media/ullmann/HDDGabriel/engines/UnrealEngine/Engine/Source/ThirdParty/Eigen/Eigen/src/Core/MatrixBase.h,0,4,4
/media/ullmann/HDDGabriel/engines/UnrealEngine/Engine/Source/ThirdParty/Eigen/Eigen/src/plugins/CommonCwiseUnaryOps.h,3,0,3
/media/ullmann/HDDGabriel/engines/UnrealEngine/Engine/Source/ThirdParty/FreeImage/FreeImage-3.18.0/Source/FreeImageToolkit/Resize.cpp,0,1,1
/media/ullmann/HDDGabriel/engines/UnrealEngine/Engine/Source/ThirdParty/OpenVDB/openvdb-8.1.0/openvdb_ax/openvdb_ax/codegen/PointComputeGenerator.h,2,5,7
/media/ullmann/HDDGabriel/engines/UnrealEngine/Engine/Source/Runtime/Renderer/Private/VolumetricFogShared.h,3,1,4
/media/ullmann/HDDGabriel/engines/UnrealEngine/Engine/Source/ThirdParty/ICU/icu4c-53_1/source/i18n/identifier_info.cpp,0,3,3
/media/ullmann/HDDGabriel/engines/UnrealEngine/Engine/Source/ThirdParty/PhysX3/APEX_1.4/shared/general/HACD/include/dgGoogol.h,0,2,2
/media/ullmann/HDDGabriel/engines/UnrealEngine/Engine/Source/Editor/EditorWidgets/Public/EditorWidgets.h,0,3,3
/media/ullmann/HDDGabriel/engines/UnrealEngine/Engine/Source/ThirdParty/ICU/icu4c-53_1/source/i18n/tznames_impl.h,4,1,5
/media/ullmann/HDDGabriel/engines/UnrealEngine/Engine/Source/ThirdParty/SDL2/SDL-gui-backend/src/power/vita/SDL_syspower.c,0,1,1
/media/ullmann/HDDGabriel/engines/UnrealEngine/Engine/Source/ThirdParty/libOpus/opus-1.1/celt/quant_bands.c,0,7,7
/media/ullmann/HDDGabriel/engines/UnrealEngine/Engine/Source/Developer/ToolMenus/Public/ToolMenuEntry.h,2,3,5
/media/ullmann/HDDGabriel/engines/UnrealEngine/Engine/Source/Editor/BehaviorTreeEditor/Private/BehaviorTreeDebugger.cpp,0,2,2
/media/ullmann/HDDGabriel/engines/UnrealEngine/Engine/Source/Editor/Cascade/Private/SCascadePreviewToolbar.cpp,0,5,5
/media/ullmann/HDDGabriel/engines/UnrealEngine/Engine/Source/Editor/PropertyEditor/Private/UserInterface/PropertyEditor/SPropertyEditorAsset.h,2,0,2
/media/ullmann/HDDGabriel/engines/UnrealEngine/Engine/Source/ThirdParty/SDL2/SDL-gui-backend/src/video/x11/SDL_x11opengles.c,0,4,4
/media/ullmann/HDDGabriel/engines/UnrealEngine/Engine/Source/Runtime/Experimental/Voronoi/Private/voro++/src/v_base.hh,1,0,1
/media/ullmann/HDDGabriel/engines/UnrealEngine/Engine/Source/Developer/TraceInsights/Private/Insights/ViewModels/TimerAggregation.cpp,0,1,1
/media/ullmann/HDDGabriel/engines/UnrealEngine/Engine/Source/Developer/TraceInsights/Private/Insights/ViewModels/TimerAggregation.h,1,0,1
/media/ullmann/HDDGabriel/engines/UnrealEngine/Engine/Source/ThirdParty/PhysX3/PhysX_3.4/Source/GeomUtils/src/mesh/GuSweepMesh.h,3,1,4
/media/ullmann/HDDGabriel/engines/UnrealEngine/Engine/Source/ThirdParty/PhysX3/PhysX_3.4/Source/GeomUtils/src/mesh/GuMidphaseInterface.h,4,1,5
/media/ullmann/HDDGabriel/engines/UnrealEngine/Engine/Source/ThirdParty/PhysX3/APEX_1.4/shared/general/RenderDebug/include/PsCommStream.h,0,1,1
/media/ullmann/HDDGabriel/engines/UnrealEngine/Engine/Source/ThirdParty/PhysX3/APEX_1.4/shared/general/RenderDebug/include/PsCommLayer.h,1,0,1
/media/ullmann/HDDGabriel/engines/UnrealEngine/Engine/Source/ThirdParty/FreeImage/FreeImage-3.18.0/Source/OpenEXR/IlmImf/ImfXdr.h,18,2,20
/media/ullmann/HDDGabriel/engines/UnrealEngine/Engine/Source/ThirdParty/Alembic/alembic-1.8.2/python/PyAlembic/PyOGeomParamBox.cpp,0,2,2
/media/ullmann/HDDGabriel/engines/UnrealEngine/Engine/Source/ThirdParty/SDL2/SDL-gui-backend/src/render/opengles2/SDL_shaders_gles2.h,2,1,3
/media/ullmann/HDDGabriel/engines/UnrealEngine/Engine/Source/ThirdParty/Intel/TBB/IntelTBB-2019u8/src/test/test_parallel_scan.cpp,0,4,4
/media/ullmann/HDDGabriel/engines/UnrealEngine/Engine/Source/ThirdParty/FreeType2/FreeType2-2.10.4/src/cid/type1cid.c,0,5,5
/media/ullmann/HDDGabriel/engines/UnrealEngine/Engine/Source/Editor/DataLayerEditor/Private/DataLayer/SDataLayerOutliner.h,2,0,2
/media/ullmann/HDDGabriel/engines/UnrealEngine/Engine/Source/Developer/TraceInsights/Private/Insights/NetworkingProfiler/Widgets/SNetStatsTableRow.cpp,0,1,1
/media/ullmann/HDDGabriel/engines/UnrealEngine/Engine/Source/Developer/TraceInsights/Private/Insights/NetworkingProfiler/Widgets/SNetStatsTableRow.h,1,0,1
/media/ullmann/HDDGabriel/engines/UnrealEngine/Engine/Source/ThirdParty/ICU/icu4c-64_1/source/common/uelement.h,6,1,7
/media/ullmann/HDDGabriel/engines/UnrealEngine/Engine/Source/ThirdParty/hlslcc/hlslcc/src/hlslcc_lib/lower_vector.cpp,0,3,3
/media/ullmann/HDDGabriel/engines/UnrealEngine/Engine/Source/Developer/DesktopPlatform/Private/Windows/DesktopPlatformWindows.cpp,0,2,2
/media/ullmann/HDDGabriel/engines/UnrealEngine/Engine/Source/Developer/DesktopPlatform/Private/Windows/WindowsNativeFeedbackContext.h,2,0,2
/media/ullmann/HDDGabriel/engines/UnrealEngine/Engine/Source/ThirdParty/CryptoPP/5.6.2/include/arc4.h,3,1,4
/media/ullmann/HDDGabriel/engines/UnrealEngine/Engine/Source/Editor/Persona/Private/AnimTimeline/AnimTimelineTrack_Montage.cpp,0,3,3
/media/ullmann/HDDGabriel/engines/UnrealEngine/Engine/Source/ThirdParty/Intel/TBB/IntelTBB-2019u8/src/test/test_iterators.cpp,0,1,1
/media/ullmann/HDDGabriel/engines/UnrealEngine/Engine/Source/Runtime/D3D12RHI/Private/D3D12DirectCommandListManager.cpp,0,1,1
/media/ullmann/HDDGabriel/engines/UnrealEngine/Engine/Source/ThirdParty/FreeType2/FreeType2-2.6/Src/base/ftoutln.c,1,0,1
/media/ullmann/HDDGabriel/engines/UnrealEngine/Engine/Source/ThirdParty/Vorbis/libvorbis-1.3.2/lib/highlevel.h,1,0,1
/media/ullmann/HDDGabriel/engines/UnrealEngine/Engine/Source/ThirdParty/ICU/icu4c-64_1/source/common/dictbe.h,2,5,7
/media/ullmann/HDDGabriel/engines/UnrealEngine/Engine/Source/Editor/ViewportInteraction/Public/ViewportInteractor.h,3,3,6
/media/ullmann/HDDGabriel/engines/UnrealEngine/Engine/Source/Editor/ViewportInteraction/Public/ViewportInteractionUtils.h,1,0,1
/media/ullmann/HDDGabriel/engines/UnrealEngine/Engine/Source/ThirdParty/ICU/icu4c-64_1/source/test/cintltst/udatpg_test.c,0,1,1
/media/ullmann/HDDGabriel/engines/UnrealEngine/Engine/Source/Programs/UnrealTraceServer/src/AsioSocket.cpp,0,3,3
/media/ullmann/HDDGabriel/engines/UnrealEngine/Engine/Source/ThirdParty/PhysX3/PhysX_3.4/Source/PhysX/src/particles/NpParticleSystem.h,3,1,4
/media/ullmann/HDDGabriel/engines/UnrealEngine/Engine/Source/ThirdParty/Boost/boost-1_70_0/include/boost/outcome/experimental/status-code/status_error.hpp,1,1,2
/media/ullmann/HDDGabriel/engines/UnrealEngine/Engine/Source/ThirdParty/Intel/ISPC/ispc-1.17.0/ispcrt/detail/Exception.h,1,1,2
/media/ullmann/HDDGabriel/engines/UnrealEngine/Engine/Source/ThirdParty/PhysX3/PxShared/src/pvd/src/PxProfileEventFilter.h,2,2,4
/media/ullmann/HDDGabriel/engines/UnrealEngine/Engine/Source/ThirdParty/SDL2/SDL-gui-backend/include/SDL_config_minimal.h,1,1,2
/media/ullmann/HDDGabriel/engines/UnrealEngine/Engine/Source/ThirdParty/Boost/boost-1_70_0/include/boost/safe_numerics/utility.hpp,6,0,6
/media/ullmann/HDDGabriel/engines/UnrealEngine/Engine/Source/ThirdParty/Boost/boost-1_70_0/include/boost/polygon/detail/voronoi_predicates.hpp,1,1,2
/media/ullmann/HDDGabriel/engines/UnrealEngine/Engine/Source/ThirdParty/FreeType2/FreeType2-2.10.0/src/autofit/afloader.c,1,5,6
/media/ullmann/HDDGabriel/engines/UnrealEngine/Engine/Source/ThirdParty/WebRTC/4147/Include/tools/clang/blink_gc_plugin/tests/fields_illegal_tracing.h,0,1,1
/media/ullmann/HDDGabriel/engines/UnrealEngine/Engine/Source/ThirdParty/PhysX3/PxShared/src/pvd/src/PxPvdInternalByteStreams.h,2,2,4
/media/ullmann/HDDGabriel/engines/UnrealEngine/Engine/Source/ThirdParty/ICU/icu4c-53_1/source/i18n/hebrwcal.h,3,2,5
/media/ullmann/HDDGabriel/engines/UnrealEngine/Engine/Source/ThirdParty/FBX/2020.2/include/fbxsdk/scene/shading/fbxsurfacephong.h,1,0,1
/media/ullmann/HDDGabriel/engines/UnrealEngine/Engine/Source/ThirdParty/HWCPipe/include/gpu_profiler.h,1,1,2
/media/ullmann/HDDGabriel/engines/UnrealEngine/Engine/Source/Runtime/Slate/Public/Widgets/Layout/SBorder.h,3,0,3
/media/ullmann/HDDGabriel/engines/UnrealEngine/Engine/Source/ThirdParty/WebRTC/4147/Include/third_party/opus/src/include/opus_multistream.h,1,1,2
/media/ullmann/HDDGabriel/engines/UnrealEngine/Engine/Source/ThirdParty/WebRTC/4147/Include/third_party/opus/src/include/opus.h,1,2,3
/media/ullmann/HDDGabriel/engines/UnrealEngine/Engine/Source/ThirdParty/Intel/TBB/IntelTBB-2019u8/include/tbb/internal/_flow_graph_body_impl.h,1,0,1
/media/ullmann/HDDGabriel/engines/UnrealEngine/Engine/Source/ThirdParty/ICU/icu4c-53_1/source/layout/ThaiLayoutEngine.h,2,4,6
/media/ullmann/HDDGabriel/engines/UnrealEngine/Engine/Source/ThirdParty/FreeImage/FreeImage-3.18.0/Source/LibJPEG/jdinput.c,0,2,2
/media/ullmann/HDDGabriel/engines/UnrealEngine/Engine/Source/ThirdParty/PhysX3/APEX_1.4/framework/include/autogen/BufferU16x2.h,1,0,1
/media/ullmann/HDDGabriel/engines/UnrealEngine/Engine/Source/ThirdParty/PhysX3/APEX_1.4/include/MirrorScene.h,1,2,3
/media/ullmann/HDDGabriel/engines/UnrealEngine/Engine/Source/Runtime/MeshDescription/Public/AttributeArrayContainer.h,1,0,1
/media/ullmann/HDDGabriel/engines/UnrealEngine/Engine/Source/ThirdParty/ICU/icu4c-53_1/source/test/cintltst/cdateintervalformattest.c,0,1,1
/media/ullmann/HDDGabriel/engines/UnrealEngine/Engine/Source/ThirdParty/libOpus/opus-1.1/celt/mfrngcod.h,2,1,3
/media/ullmann/HDDGabriel/engines/UnrealEngine/Engine/Source/ThirdParty/Crunch/src/crnlib/crn_jpge.cpp,0,2,2
/media/ullmann/HDDGabriel/engines/UnrealEngine/Engine/Source/ThirdParty/Crunch/src/crnlib/crn_jpge.h,2,0,2
/media/ullmann/HDDGabriel/engines/UnrealEngine/Engine/Source/ThirdParty/libPNG/libPNG-1.5.27/pngwrite.c,0,1,1
/media/ullmann/HDDGabriel/engines/UnrealEngine/Engine/Source/ThirdParty/ICU/icu4c-53_1/source/layout/GDEFMarkFilter.cpp,0,4,4
/media/ullmann/HDDGabriel/engines/UnrealEngine/Engine/Source/ThirdParty/WebRTC/4147/Include/third_party/libyuv/include/libyuv/scale_row.h,1,0,1
/media/ullmann/HDDGabriel/engines/UnrealEngine/Engine/Source/ThirdParty/Windows/DirectX/Include/X3DAudio.h,0,1,1
/media/ullmann/HDDGabriel/engines/UnrealEngine/Engine/Source/Runtime/Apple/AGXRHI/Private/AGXVertexDeclaration.h,6,1,7
/media/ullmann/HDDGabriel/engines/UnrealEngine/Engine/Source/ThirdParty/SDL2/SDL-gui-backend/src/video/vita/SDL_vitagl.c,0,3,3
/media/ullmann/HDDGabriel/engines/UnrealEngine/Engine/Source/ThirdParty/ICU/icu4c-64_1/source/i18n/repattrn.cpp,0,4,4
/media/ullmann/HDDGabriel/engines/UnrealEngine/Engine/Source/ThirdParty/NVIDIA/GPUDirect/include/dvpapi_d3d11.h,0,1,1
/media/ullmann/HDDGabriel/engines/UnrealEngine/Engine/Source/ThirdParty/NVIDIA/GPUDirect/include/DVPAPI.h,7,0,7
/media/ullmann/HDDGabriel/engines/UnrealEngine/Engine/Source/ThirdParty/ShaderConductor/ShaderConductor/External/DirectXShaderCompiler/tools/llvm-pdbdump/llvm-pdbdump.cpp,0,7,7
/media/ullmann/HDDGabriel/engines/UnrealEngine/Engine/Source/ThirdParty/ShaderConductor/ShaderConductor/External/DirectXShaderCompiler/tools/llvm-pdbdump/CompilandDumper.h,2,0,2
/media/ullmann/HDDGabriel/engines/UnrealEngine/Engine/Source/Editor/Kismet/Public/SSCSEditor.h,0,1,1
/media/ullmann/HDDGabriel/engines/UnrealEngine/Engine/Source/ThirdParty/libOpus/opus-1.3.1-12/celt/mdct.c,0,7,7
/media/ullmann/HDDGabriel/engines/UnrealEngine/Engine/Source/ThirdParty/Intel/Embree/Embree2140/src/kernels/common/vector.h,1,1,2
/media/ullmann/HDDGabriel/engines/UnrealEngine/Engine/Source/ThirdParty/ICU/icu4c-64_1/source/common/stringtriebuilder.cpp,0,5,5
/media/ullmann/HDDGabriel/engines/UnrealEngine/Engine/Source/ThirdParty/ShaderConductor/ShaderConductor/External/DirectXShaderCompiler/lib/HLSL/HLLowerUDT.cpp,0,1,1
/media/ullmann/HDDGabriel/engines/UnrealEngine/Engine/Source/Runtime/AIModule/Classes/AIResourceInterface.h,1,1,2
/media/ullmann/HDDGabriel/engines/UnrealEngine/Engine/Source/Editor/Persona/Private/PoseWatchManagerPoseWatchTreeItem.h,6,1,7
/media/ullmann/HDDGabriel/engines/UnrealEngine/Engine/Source/ThirdParty/SDL2/SDL-gui-backend/src/loadso/windows/SDL_sysloadso.c,0,2,2
/media/ullmann/HDDGabriel/engines/UnrealEngine/Engine/Source/Runtime/CrashReportCore/Public/PlatformErrorReport.h,1,5,6
/media/ullmann/HDDGabriel/engines/UnrealEngine/Engine/Source/Runtime/CrashReportCore/Public/Linux/LinuxErrorReport.h,1,0,1
/media/ullmann/HDDGabriel/engines/UnrealEngine/Engine/Source/ThirdParty/SDL2/SDL-gui-backend/include/SDL_mouse.h,1,5,6
/media/ullmann/HDDGabriel/engines/UnrealEngine/Engine/Source/Editor/UnrealEd/Public/AnimationEditorUtils.h,0,4,4
/media/ullmann/HDDGabriel/engines/UnrealEngine/Engine/Source/ThirdParty/Alembic/alembic-1.8.2/python/PyAlembic/PyIPropertyUtil.h,2,1,3
/media/ullmann/HDDGabriel/engines/UnrealEngine/Engine/Source/ThirdParty/nvTextureTools/nvTextureTools-2.0.6/src/src/nvtt/tools/ddsinfo.cpp,0,1,1
/media/ullmann/HDDGabriel/engines/UnrealEngine/Engine/Source/ThirdParty/nvTextureTools/nvTextureTools-2.0.6/src/src/nvimage/FloatImage.cpp,0,3,3
/media/ullmann/HDDGabriel/engines/UnrealEngine/Engine/Source/ThirdParty/PhysX3/PhysX_3.4/Include/extensions/PxDefaultStreams.h,1,0,1
/media/ullmann/HDDGabriel/engines/UnrealEngine/Engine/Source/ThirdParty/ICU/icu4c-64_1/source/test/intltest/svccoll.h,2,1,3
/media/ullmann/HDDGabriel/engines/UnrealEngine/Engine/Source/Runtime/UMG/Public/Components/UniformGridPanel.h,1,0,1
/media/ullmann/HDDGabriel/engines/UnrealEngine/Engine/Source/Runtime/Renderer/Private/Lumen/LumenMeshSDFCulling.cpp,0,2,2
/media/ullmann/HDDGabriel/engines/UnrealEngine/Engine/Source/ThirdParty/libOpus/opus-1.3.1-12/silk/HP_variable_cutoff.c,0,1,1
/media/ullmann/HDDGabriel/engines/UnrealEngine/Engine/Source/Runtime/OpenGLDrv/Private/OpenGLES.cpp,0,1,1
/media/ullmann/HDDGabriel/engines/UnrealEngine/Engine/Source/Runtime/Online/XMPP/Public/XmppPresence.h,2,1,3
/media/ullmann/HDDGabriel/engines/UnrealEngine/Engine/Source/ThirdParty/PhysX3/PxShared/src/pvd/src/PxProfileZoneManagerImpl.h,1,4,5
/media/ullmann/HDDGabriel/engines/UnrealEngine/Engine/Source/ThirdParty/FreeType2/FreeType2-2.10.0/src/psaux/pserror.c,1,2,3
/media/ullmann/HDDGabriel/engines/UnrealEngine/Engine/Source/ThirdParty/FreeType2/FreeType2-2.4.12/src/gxvalid/gxvtrak.c,1,2,3
/media/ullmann/HDDGabriel/engines/UnrealEngine/Engine/Source/ThirdParty/FreeType2/FreeType2-2.4.12/src/gzip/inftrees.h,5,0,5
/media/ullmann/HDDGabriel/engines/UnrealEngine/Engine/Source/Runtime/Renderer/Private/PostProcess/PostProcessSubsurface.h,7,0,7
/media/ullmann/HDDGabriel/engines/UnrealEngine/Engine/Source/ThirdParty/SDL2/SDL-gui-backend/src/video/haiku/SDL_bwindow.h,1,1,2
/media/ullmann/HDDGabriel/engines/UnrealEngine/Engine/Source/Runtime/Core/Public/ProfilingDebugging/UMemoryDefines.h,1,0,1
/media/ullmann/HDDGabriel/engines/UnrealEngine/Engine/Source/Editor/Sequencer/Private/SequencerInputHandlerStack.h,1,0,1
/media/ullmann/HDDGabriel/engines/UnrealEngine/Engine/Source/ThirdParty/WebRTC/4147/Include/base/third_party/double_conversion/double-conversion/fast-dtoa.h,0,1,1
/media/ullmann/HDDGabriel/engines/UnrealEngine/Engine/Source/ThirdParty/Python3/Mac/include/import.h,1,1,2
/media/ullmann/HDDGabriel/engines/UnrealEngine/Engine/Source/ThirdParty/FreeType2/FreeType2-2.6/Src/cid/cidobjs.h,1,0,1
/media/ullmann/HDDGabriel/engines/UnrealEngine/Engine/Source/ThirdParty/libOpus/opus-1.3.1-12/silk/resampler_rom.c,0,1,1
/media/ullmann/HDDGabriel/engines/UnrealEngine/Engine/Source/ThirdParty/FBX/2020.2/include/fbxsdk/core/fbxclassid.h,1,0,1
/media/ullmann/HDDGabriel/engines/UnrealEngine/Engine/Source/Editor/UnrealEd/Public/DragTool_Measure.h,0,1,1
/media/ullmann/HDDGabriel/engines/UnrealEngine/Engine/Source/Editor/UnrealEd/Public/EditorDragTools.h,4,0,4
/media/ullmann/HDDGabriel/engines/UnrealEngine/Engine/Source/ThirdParty/FreeImage/FreeImage-3.18.0/Source/FreeImage/PluginJ2K.cpp,0,2,2
/media/ullmann/HDDGabriel/engines/UnrealEngine/Engine/Source/ThirdParty/ICU/icu4c-53_1/source/common/unicode/caniter.h,1,0,1
/media/ullmann/HDDGabriel/engines/UnrealEngine/Engine/Source/Programs/HeadlessChaos/Public/GeometryCollection/GeometryCollectionTestFields.h,0,1,1
/media/ullmann/HDDGabriel/engines/UnrealEngine/Engine/Source/Runtime/Apple/AGXRHI/Private/AGXCommandList.cpp,0,7,7
/media/ullmann/HDDGabriel/engines/UnrealEngine/Engine/Source/Runtime/Apple/AGXRHI/Private/AGXCommandQueue.h,7,0,7
/media/ullmann/HDDGabriel/engines/UnrealEngine/Engine/Source/Runtime/AIModule/Private/AIController.cpp,0,1,1
/media/ullmann/HDDGabriel/engines/UnrealEngine/Engine/Source/Runtime/AIModule/Private/AIModuleLog.h,1,0,1
/media/ullmann/HDDGabriel/engines/UnrealEngine/Engine/Source/ThirdParty/ShaderConductor/ShaderConductor/External/DirectXShaderCompiler/include/llvm/ExecutionEngine/Orc/ObjectTransformLayer.h,0,1,1
/media/ullmann/HDDGabriel/engines/UnrealEngine/Engine/Source/Programs/Enterprise/Datasmith/DatasmithARCHICADExporter/Private/Utils/Pasteboard.h,3,1,4
/media/ullmann/HDDGabriel/engines/UnrealEngine/Engine/Source/ThirdParty/VHACD/src/VHACD-ASYNC.cpp,0,1,1
/media/ullmann/HDDGabriel/engines/UnrealEngine/Engine/Source/ThirdParty/Boost/boost-1_70_0/include/boost/histogram/unlimited_storage.hpp,0,1,1
/media/ullmann/HDDGabriel/engines/UnrealEngine/Engine/Source/ThirdParty/Boost/boost-1_70_0/include/boost/histogram/algorithm,2,0,2
/media/ullmann/HDDGabriel/engines/UnrealEngine/Engine/Source/Runtime/MovieSceneCapture/Public/MovieSceneCaptureModule.h,0,1,1
/media/ullmann/HDDGabriel/engines/UnrealEngine/Engine/Source/Runtime/Landscape/Classes/ILandscapeSplineInterface.h,3,0,3
/media/ullmann/HDDGabriel/engines/UnrealEngine/Engine/Source/Runtime/Core/Public/HAL/PlatformAtomics.h,3,0,3
/media/ullmann/HDDGabriel/engines/UnrealEngine/Engine/Source/ThirdParty/PhysX3/PxShared/src/pvd/src/PxProfileContextProvider.h,4,1,5
/media/ullmann/HDDGabriel/engines/UnrealEngine/Engine/Source/ThirdParty/Boost/boost-1_70_0/include/boost/polygon/detail/voronoi_ctypes.hpp,2,0,2
/media/ullmann/HDDGabriel/engines/UnrealEngine/Engine/Source/ThirdParty/ShaderConductor/ShaderConductor/External/DirectXShaderCompiler/lib/Transforms/InstCombine/InstCombinePHI.cpp,0,1,1
/media/ullmann/HDDGabriel/engines/UnrealEngine/Engine/Source/ThirdParty/PhysX3/PhysX_3.4/Source/SceneQuery/src/SqAABBTreeUpdateMap.h,6,1,7
/media/ullmann/HDDGabriel/engines/UnrealEngine/Engine/Source/ThirdParty/SDL2/SDL-gui-backend/src/thread/generic/SDL_systls.c,0,2,2
/media/ullmann/HDDGabriel/engines/UnrealEngine/Engine/Source/ThirdParty/ShaderConductor/ShaderConductor/External/DirectXShaderCompiler/tools/clang/lib/SPIRV/PreciseVisitor.cpp,0,1,1
/media/ullmann/HDDGabriel/engines/UnrealEngine/Engine/Source/ThirdParty/ShaderConductor/ShaderConductor/External/DirectXShaderCompiler/tools/clang/lib/SPIRV/PreciseVisitor.h,2,0,2
/media/ullmann/HDDGabriel/engines/UnrealEngine/Engine/Source/ThirdParty/ICU/icu4c-64_1/source/tools/gennorm2/norms.h,5,0,5
/media/ullmann/HDDGabriel/engines/UnrealEngine/Engine/Source/Runtime/MovieScene/Public/MovieSceneSequence.h,1,3,4
/media/ullmann/HDDGabriel/engines/UnrealEngine/Engine/Source/ThirdParty/ICU/icu4c-53_1/source/common/ucln.h,4,1,5
/media/ullmann/HDDGabriel/engines/UnrealEngine/Engine/Source/Editor/MaterialEditor/Private/MaterialEditorDetailCustomization.cpp,0,2,2
/media/ullmann/HDDGabriel/engines/UnrealEngine/Engine/Source/Editor/MaterialEditor/Private/MaterialEditorDetailCustomization.h,2,0,2
/media/ullmann/HDDGabriel/engines/UnrealEngine/Engine/Source/Runtime/D3D12RHI/Private/Windows/D3D12RHIBasePrivate.h,1,2,3
/media/ullmann/HDDGabriel/engines/UnrealEngine/Engine/Source/Developer/AutomationWindow/Private/AutomationPresetManager.h,2,0,2
/media/ullmann/HDDGabriel/engines/UnrealEngine/Engine/Source/Runtime/CoreUObject/Public/UObject/PackageFileSummary.h,1,0,1
/media/ullmann/HDDGabriel/engines/UnrealEngine/Engine/Source/ThirdParty/Windows/DirectX/Include/dxgicommon.h,4,0,4
/media/ullmann/HDDGabriel/engines/UnrealEngine/Engine/Source/Developer/GameplayDebugger/Private/GameplayDebuggerExtension_Spectator.h,2,0,2
/media/ullmann/HDDGabriel/engines/UnrealEngine/Engine/Source/Editor/AnimationBlueprintEditor/Private/StateMachineConnectionDrawingPolicy.h,2,0,2
/media/ullmann/HDDGabriel/engines/UnrealEngine/Engine/Source/Runtime/MovieScene/Public/EntitySystem/MovieSceneEntitySystemLinker.h,0,1,1
/media/ullmann/HDDGabriel/engines/UnrealEngine/Engine/Source/ThirdParty/Python3/Win64/include/moduleobject.h,1,0,1
/media/ullmann/HDDGabriel/engines/UnrealEngine/Engine/Source/ThirdParty/EOSSDK/SDK/Include/eos_anticheatcommon_types.h,2,1,3
/media/ullmann/HDDGabriel/engines/UnrealEngine/Engine/Source/ThirdParty/MCPP/mcpp-2.7.2/test-l/nest87.h,1,1,2
/media/ullmann/HDDGabriel/engines/UnrealEngine/Engine/Source/Runtime/Experimental/Chaos/Public/Chaos/ParticleProperties.inl,1,0,1
/media/ullmann/HDDGabriel/engines/UnrealEngine/Engine/Source/ThirdParty/openexr/Deploy/openexr-3.1.1/include/OpenEXR/ImfOutputFile.h,0,3,3
/media/ullmann/HDDGabriel/engines/UnrealEngine/Engine/Source/ThirdParty/openexr/Deploy/openexr-3.1.1/include/OpenEXR/ImfGenericOutputFile.h,5,1,6
/media/ullmann/HDDGabriel/engines/UnrealEngine/Engine/Source/Runtime/Online/HTTP/Private/NullHttp.cpp,0,1,1
/media/ullmann/HDDGabriel/engines/UnrealEngine/Engine/Source/ThirdParty/Intel/Embree/Embree270/src/kernels/xeon/geometry/subdivpatch1_intersector1.h,5,3,8
/media/ullmann/HDDGabriel/engines/UnrealEngine/Engine/Source/Editor/AnimGraph/Public/AnimGraphNode_Slot.h,0,1,1
/media/ullmann/HDDGabriel/engines/UnrealEngine/Engine/Source/ThirdParty/ICU/icu4c-53_1/source/test/intltest/normconf.cpp,0,1,1
/media/ullmann/HDDGabriel/engines/UnrealEngine/Engine/Source/ThirdParty/ICU/icu4c-53_1/source/test/intltest/normconf.h,3,1,4
/media/ullmann/HDDGabriel/engines/UnrealEngine/Engine/Source/ThirdParty/Intel/Embree/Embree270/src/kernels/xeon/geometry/instance_intersector4.cpp,0,1,1
/media/ullmann/HDDGabriel/engines/UnrealEngine/Engine/Source/ThirdParty/Intel/Embree/Embree270/src/kernels/xeon/geometry/instance_intersector4.h,1,2,3
/media/ullmann/HDDGabriel/engines/UnrealEngine/Engine/Source/ThirdParty/MCPP/mcpp-2.7.2/cpp-test/test-l/nest70.h,1,1,2
/media/ullmann/HDDGabriel/engines/UnrealEngine/Engine/Source/ThirdParty/ICU/icu4c-53_1/source/i18n/ztrans.cpp,0,2,2
/media/ullmann/HDDGabriel/engines/UnrealEngine/Engine/Source/ThirdParty/Intel/TBB/IntelTBB-2019u8/src/rml/server/rml_server.cpp,0,3,3
/media/ullmann/HDDGabriel/engines/UnrealEngine/Engine/Source/ThirdParty/Intel/TBB/IntelTBB-2019u8/src/rml/server/wait_counter.h,1,1,2
/media/ullmann/HDDGabriel/engines/UnrealEngine/Engine/Source/Runtime/Engine/Private/ContentStreaming.cpp,0,3,3
/media/ullmann/HDDGabriel/engines/UnrealEngine/Engine/Source/Runtime/Engine/Private/Streaming/TextureStreamingHelpers.h,5,0,5
/media/ullmann/HDDGabriel/engines/UnrealEngine/Engine/Source/ThirdParty/CEF3/cef_binary_84.4.0+g304e015+chromium-84.0.4147.105_macosx64/tests/ceftests/file_util_unittest.cc,0,1,1
/media/ullmann/HDDGabriel/engines/UnrealEngine/Engine/Source/ThirdParty/CEF3/cef_binary_84.4.0+g304e015+chromium-84.0.4147.105_macosx64/tests/ceftests/tests/shared/browser/file_util.h,5,0,5
/media/ullmann/HDDGabriel/engines/UnrealEngine/Engine/Source/ThirdParty/ICU/icu4c-53_1/source/i18n/nfrule.cpp,0,7,7
/media/ullmann/HDDGabriel/engines/UnrealEngine/Engine/Source/ThirdParty/OpenVDB/Deploy/openvdb-8.1.0/include/openvdb/version.h,3,0,3
/media/ullmann/HDDGabriel/engines/UnrealEngine/Engine/Source/ThirdParty/GoogleOboe/Private/opensles/AudioInputStreamOpenSLES.cpp,0,3,3
/media/ullmann/HDDGabriel/engines/UnrealEngine/Engine/Source/ThirdParty/GoogleOboe/Private/opensles/AudioStreamOpenSLES.h,5,0,5
/media/ullmann/HDDGabriel/engines/UnrealEngine/Engine/Source/ThirdParty/OpenAL/1.18.1/include/AL/alext.h,0,3,3
/media/ullmann/HDDGabriel/engines/UnrealEngine/Engine/Source/ThirdParty/OpenAL/1.18.1/include/AL/al.h,2,0,2
/media/ullmann/HDDGabriel/engines/UnrealEngine/Engine/Source/Runtime/Engine/Classes/Sound/AudioVolume.h,0,1,1
/media/ullmann/HDDGabriel/engines/UnrealEngine/Engine/Source/Runtime/Engine/Classes/Sound/ReverbSettings.h,1,0,1
/media/ullmann/HDDGabriel/engines/UnrealEngine/Engine/Source/ThirdParty/PhysX3/APEX_1.4/include/RenderMeshActorDesc.h,1,2,3
/media/ullmann/HDDGabriel/engines/UnrealEngine/Engine/Source/Runtime/Core/Public/Misc/HashBuilder.h,0,1,1
/media/ullmann/HDDGabriel/engines/UnrealEngine/Engine/Source/ThirdParty/Vorbis/libvorbis-1.3.2/lib/codebook.h,8,0,8
/media/ullmann/HDDGabriel/engines/UnrealEngine/Engine/Source/Developer/Windows/LiveCodingServer/Private/External/LC_RelocationPatcher.cpp,0,3,3
/media/ullmann/HDDGabriel/engines/UnrealEngine/Engine/Source/Editor/Experimental/RemoteExecution/Private/RemoteExecutionModule.cpp,0,2,2
/media/ullmann/HDDGabriel/engines/UnrealEngine/Engine/Source/Editor/Experimental/RemoteExecution/Private/RemoteExecutionSettings.h,2,0,2
/media/ullmann/HDDGabriel/engines/UnrealEngine/Engine/Source/Runtime/CoreUObject/Public/UObject/PropertyTag.h,1,0,1
/media/ullmann/HDDGabriel/engines/UnrealEngine/Engine/Source/Editor/StatsViewer/Private/StatsPages/StaticMeshLightingInfoStatsPage.h,1,0,1
/media/ullmann/HDDGabriel/engines/UnrealEngine/Engine/Source/ThirdParty/FreeType2/FreeType2-2.10.0/src/pfr/pfrdrivr.c,1,3,4
/media/ullmann/HDDGabriel/engines/UnrealEngine/Engine/Source/Runtime/Portal/Rpc/Private/PortalRpcModule.cpp,0,3,3
/media/ullmann/HDDGabriel/engines/UnrealEngine/Engine/Source/Runtime/Portal/Rpc/Private/PortalRpcResponder.h,2,0,2
/media/ullmann/HDDGabriel/engines/UnrealEngine/Engine/Source/ThirdParty/libOpus/opus-1.3.1-12/tests/test_opus_api.c,0,1,1
/media/ullmann/HDDGabriel/engines/UnrealEngine/Engine/Source/Runtime/MediaUtils/Private/MediaUtilsModule.cpp,0,1,1
/media/ullmann/HDDGabriel/engines/UnrealEngine/Engine/Source/Editor/LandscapeEditor/Private/LandscapeEditorDetailCustomization_MiscTools.h,3,1,4
/media/ullmann/HDDGabriel/engines/UnrealEngine/Engine/Source/ThirdParty/PhysX3/APEX_1.4/framework/include/autogen/RenderMeshAssetParameters.h,2,0,2
/media/ullmann/HDDGabriel/engines/UnrealEngine/Engine/Source/ThirdParty/Intel/TBB/IntelTBB-2019u8/examples/parallel_for/tachyon/src/imap.cpp,0,5,5
/media/ullmann/HDDGabriel/engines/UnrealEngine/Engine/Source/ThirdParty/nvTextureTools/nvTextureTools-2.0.6/src/src/nvimage/BlockDXT.cpp,0,2,2
/media/ullmann/HDDGabriel/engines/UnrealEngine/Engine/Source/ThirdParty/nvTextureTools/nvTextureTools-2.0.6/src/src/nvimage/BlockDXT.h,1,0,1
/media/ullmann/HDDGabriel/engines/UnrealEngine/Engine/Source/Runtime/Datasmith/DirectLink/Private/DirectLinkScenePipe.h,4,2,6
/media/ullmann/HDDGabriel/engines/UnrealEngine/Engine/Source/Runtime/Apple/AGXRHI/Private/AGXBuffer.h,3,1,4
/media/ullmann/HDDGabriel/engines/UnrealEngine/Engine/Source/ThirdParty/PhysX3/PhysX_3.4/Source/GeomUtils/src/pcm/GuPCMContactSphereHeightField.cpp,0,2,2
/media/ullmann/HDDGabriel/engines/UnrealEngine/Engine/Source/ThirdParty/PhysX3/PhysX_3.4/Source/GeomUtils/src/pcm/GuPCMContactMeshCallback.h,6,0,6
/media/ullmann/HDDGabriel/engines/UnrealEngine/Engine/Source/Runtime/Renderer/Private/SceneTextures.h,5,1,6
/media/ullmann/HDDGabriel/engines/UnrealEngine/Engine/Source/ThirdParty/Alembic/alembic-1.8.2/prman/Procedural/WriteMaterial.h,3,1,4
/media/ullmann/HDDGabriel/engines/UnrealEngine/Engine/Source/ThirdParty/OpenVDB/Deploy/openvdb-8.1.0/include/openvdb/tools/ParticlesToLevelSet.h,0,4,4
/media/ullmann/HDDGabriel/engines/UnrealEngine/Engine/Source/ThirdParty/OpenVDB/Deploy/openvdb-8.1.0/include/openvdb/tools/Composite.h,2,4,6
/media/ullmann/HDDGabriel/engines/UnrealEngine/Engine/Source/Editor/DetailCustomizations/Private/NavLinkStructCustomization.cpp,0,1,1
/media/ullmann/HDDGabriel/engines/UnrealEngine/Engine/Source/Editor/DetailCustomizations/Private/NavLinkStructCustomization.h,2,0,2
/media/ullmann/HDDGabriel/engines/UnrealEngine/Engine/Source/Runtime/Core/Public/Misc/SingleThreadRunnable.h,1,0,1
/media/ullmann/HDDGabriel/engines/UnrealEngine/Engine/Source/ThirdParty/WebRTC/4147/Include/third_party/libyuv/include/libyuv/basic_types.h,1,0,1
/media/ullmann/HDDGabriel/engines/UnrealEngine/Engine/Source/ThirdParty/OpenSubdiv/OpenSubdiv-3.4.4/examples/common/clDeviceContext.cpp,0,1,1
/media/ullmann/HDDGabriel/engines/UnrealEngine/Engine/Source/ThirdParty/OpenSubdiv/OpenSubdiv-3.4.4/examples/common/clDeviceContext.h,1,0,1
/media/ullmann/HDDGabriel/engines/UnrealEngine/Engine/Source/ThirdParty/FreeType2/FreeType2-2.6/Src/psaux/psconv.c,1,2,3
/media/ullmann/HDDGabriel/engines/UnrealEngine/Engine/Source/Runtime/RuntimeAssetCache/Private/RuntimeAssetCacheFilesystemBackend.cpp,0,3,3
/media/ullmann/HDDGabriel/engines/UnrealEngine/Engine/Source/Editor/Persona/Private/AnimTimeline/SAnimTimelineOverlay.cpp,0,2,2
/media/ullmann/HDDGabriel/engines/UnrealEngine/Engine/Source/Editor/Persona/Private/AnimTimeline/SAnimTimelineOverlay.h,2,1,3
/media/ullmann/HDDGabriel/engines/UnrealEngine/Engine/Source/Developer/LogVisualizer/Private/SVisualLoggerFilterWidget.h,2,1,3
/media/ullmann/HDDGabriel/engines/UnrealEngine/Engine/Source/Runtime/AugmentedReality/Private/ARLifeCycleComponent.cpp,0,1,1
/media/ullmann/HDDGabriel/engines/UnrealEngine/Engine/Source/Editor/CurveTableEditor/Private/CurveTableEditorHandle.h,2,0,2
/media/ullmann/HDDGabriel/engines/UnrealEngine/Engine/Source/ThirdParty/CryptoPP/5.6.5/include/keccak.cpp,0,2,2
/media/ullmann/HDDGabriel/engines/UnrealEngine/Engine/Source/Editor/BlueprintGraph/Private/BlueprintActionFilter.cpp,0,1,1
/media/ullmann/HDDGabriel/engines/UnrealEngine/Engine/Source/ThirdParty/Intel/Embree/Embree270/src/common/math/obbox.h,1,2,3
/media/ullmann/HDDGabriel/engines/UnrealEngine/Engine/Source/ThirdParty/Intel/Embree/Embree270/src/common/math/bbox.h,3,2,5
/media/ullmann/HDDGabriel/engines/UnrealEngine/Engine/Source/ThirdParty/ICU/icu4c-64_1/source/common/stringpiece.cpp,0,4,4
/media/ullmann/HDDGabriel/engines/UnrealEngine/Engine/Source/ThirdParty/SDL2/SDL-gui-backend/src/render/vitagxm/SDL_render_vita_gxm_memory.c,0,2,2
/media/ullmann/HDDGabriel/engines/UnrealEngine/Engine/Source/ThirdParty/SDL2/SDL-gui-backend/src/render/vitagxm/SDL_render_vita_gxm_memory.h,3,0,3
/media/ullmann/HDDGabriel/engines/UnrealEngine/Engine/Source/ThirdParty/Distorm/include/mnemonics.h,6,0,6
/media/ullmann/HDDGabriel/engines/UnrealEngine/Engine/Source/Developer/Windows/LiveCoding/Private/External/LC_ClientUserCommandThread.h,3,3,6
/media/ullmann/HDDGabriel/engines/UnrealEngine/Engine/Source/Editor/Cascade/Private/CascadePreviewViewportClient.h,4,0,4
/media/ullmann/HDDGabriel/engines/UnrealEngine/Engine/Source/ThirdParty/PhysX3/APEX_1.4/module/clothing/src/simd/NvSimdTypes.h,2,3,5
/media/ullmann/HDDGabriel/engines/UnrealEngine/Engine/Source/ThirdParty/PhysX3/APEX_1.4/module/clothing/src/simd/sse2/NvSse2SimdTypes.h,1,0,1
/media/ullmann/HDDGabriel/engines/UnrealEngine/Engine/Source/ThirdParty/PhysX3/APEX_1.4/module/destructible_legacy/include/autogen/DestructibleActorParam_0p27.h,1,0,1
/media/ullmann/HDDGabriel/engines/UnrealEngine/Engine/Source/ThirdParty/ShaderConductor/ShaderConductor/External/DirectXShaderCompiler/tools/clang/tools/dxcompiler/dxcompileradapter.h,1,0,1
/media/ullmann/HDDGabriel/engines/UnrealEngine/Engine/Source/ThirdParty/ICU/icu4c-64_1/source/test/intltest/srchtest.cpp,0,2,2
/media/ullmann/HDDGabriel/engines/UnrealEngine/Engine/Source/ThirdParty/ICU/icu4c-64_1/source/test/cintltst/usrchdat.c,2,0,2
/media/ullmann/HDDGabriel/engines/UnrealEngine/Engine/Source/Editor/PlacementMode/Private/SPlacementModeTools.cpp,0,1,1
/media/ullmann/HDDGabriel/engines/UnrealEngine/Engine/Source/Editor/PlacementMode/Private/SPlacementModeTools.h,2,0,2
/media/ullmann/HDDGabriel/engines/UnrealEngine/Engine/Source/ThirdParty/SDL2/SDL-gui-backend/src/events/SDL_dropevents_c.h,2,1,3
/media/ullmann/HDDGabriel/engines/UnrealEngine/Engine/Source/ThirdParty/OpenSubdiv/OpenSubdiv-3.4.4/opensubdiv/sdc/loopScheme.h,3,2,5
/media/ullmann/HDDGabriel/engines/UnrealEngine/Engine/Source/ThirdParty/Intel/TBB/IntelTBB-2019u8/examples/graph/logic_sim/one_bit_adder.h,3,1,4
/media/ullmann/HDDGabriel/engines/UnrealEngine/Engine/Source/ThirdParty/VHACD/inc/vhacdVHACD.h,0,3,3
/media/ullmann/HDDGabriel/engines/UnrealEngine/Engine/Source/ThirdParty/PhysX3/APEX_1.4/module/destructible/fracture/Renderable.h,2,1,3
/media/ullmann/HDDGabriel/engines/UnrealEngine/Engine/Source/ThirdParty/CryptoPP/5.6.2/include/md4.h,2,1,3
/media/ullmann/HDDGabriel/engines/UnrealEngine/Engine/Source/Developer/DerivedDataCache/Public/DerivedDataSharedString.h,1,1,2
/media/ullmann/HDDGabriel/engines/UnrealEngine/Engine/Source/Editor/MaterialEditor/Private/MaterialEditorTabs.cpp,0,1,1
/media/ullmann/HDDGabriel/engines/UnrealEngine/Engine/Source/ThirdParty/Windows/DirectX/Include/XAPOBase.h,0,1,1
/media/ullmann/HDDGabriel/engines/UnrealEngine/Engine/Source/ThirdParty/PhysX3/PhysX_3.4/Source/SimulationController/src/particles/ScParticlePacketShape.cpp,0,2,2
/media/ullmann/HDDGabriel/engines/UnrealEngine/Engine/Source/ThirdParty/FreeImage/FreeImage-3.18.0/Source/OpenEXR/IlmThread/IlmThreadSemaphorePosixCompat.cpp,0,1,1
/media/ullmann/HDDGabriel/engines/UnrealEngine/Engine/Source/Runtime/Renderer/Private/HairStrands/HairStrandsCluster.cpp,0,3,3
/media/ullmann/HDDGabriel/engines/UnrealEngine/Engine/Source/ThirdParty/FreeType2/FreeType2-2.4.12/src/type42/t42error.h,3,0,3
/media/ullmann/HDDGabriel/engines/UnrealEngine/Engine/Source/ThirdParty/ShaderConductor/ShaderConductor/External/DirectXShaderCompiler/tools/clang/lib/ARCMigrate/TransZeroOutPropsInDealloc.cpp,0,2,2
/media/ullmann/HDDGabriel/engines/UnrealEngine/Engine/Source/Programs/Enterprise/Datasmith/DatasmithMaxExporter/Public/DatasmithMaxLogger.h,0,1,1
/media/ullmann/HDDGabriel/engines/UnrealEngine/Engine/Source/Programs/Enterprise/Datasmith/DatasmithMaxExporter/Public/DatasmithMaxClassIDs.h,2,0,2
/media/ullmann/HDDGabriel/engines/UnrealEngine/Engine/Source/ThirdParty/openexr/openexr-3.1.1/src/lib/OpenEXR/ImfTimeCode.h,2,2,4
/media/ullmann/HDDGabriel/engines/UnrealEngine/Engine/Source/ThirdParty/FreeImage/FreeImage-3.18.0/Source/OpenEXR/IlmImf/ImfDeepScanLineInputPart.cpp,0,2,2
/media/ullmann/HDDGabriel/engines/UnrealEngine/Engine/Source/ThirdParty/Android/libunwind/libunwind/src/sh/Linit.c,0,1,1
/media/ullmann/HDDGabriel/engines/UnrealEngine/Engine/Source/ThirdParty/Android/libunwind/libunwind/src/sh/Ginit.c,1,1,2
/media/ullmann/HDDGabriel/engines/UnrealEngine/Engine/Source/ThirdParty/Breakpad/src/third_party/libdisasm/x86_operand_list.c,0,1,1
/media/ullmann/HDDGabriel/engines/UnrealEngine/Engine/Source/ThirdParty/ICU/icu4c-64_1/source/test/intltest/intltest.cpp,0,3,3
/media/ullmann/HDDGabriel/engines/UnrealEngine/Engine/Source/ThirdParty/Oculus/LibOVRPlatform/LibOVRPlatform/include/OVR_Party.h,2,5,7
/media/ullmann/HDDGabriel/engines/UnrealEngine/Engine/Source/ThirdParty/ICU/icu4c-64_1/source/i18n/uitercollationiterator.h,2,3,5
/media/ullmann/HDDGabriel/engines/UnrealEngine/Engine/Source/ThirdParty/ICU/icu4c-64_1/source/i18n/unicode/tznames.h,4,0,4
/media/ullmann/HDDGabriel/engines/UnrealEngine/Engine/Source/ThirdParty/SDL2/SDL-gui-backend/src/sensor/windows/SDL_windowssensor.c,0,4,4
/media/ullmann/HDDGabriel/engines/UnrealEngine/Engine/Source/Runtime/RenderCore/Private/RenderGraphUtils.cpp,0,1,1
/media/ullmann/HDDGabriel/engines/UnrealEngine/Engine/Source/Runtime/RenderCore/Private/RenderGraphResourcePool.h,5,0,5
/media/ullmann/HDDGabriel/engines/UnrealEngine/Engine/Source/ThirdParty/openexr/openexr-3.1.1/src/lib/OpenEXR/ImfInputPart.h,3,1,4
/media/ullmann/HDDGabriel/engines/UnrealEngine/Engine/Source/ThirdParty/PhysX3/NvCloth/src/cuda/CuPhaseConfig.h,1,0,1
/media/ullmann/HDDGabriel/engines/UnrealEngine/Engine/Source/ThirdParty/OpenVDB/openvdb-8.1.0/openvdb_ax/openvdb_ax/ast/Tokens.h,7,1,8
/media/ullmann/HDDGabriel/engines/UnrealEngine/Engine/Source/Editor/ClassViewer/Private/ClassViewerNode.h,3,0,3
/media/ullmann/HDDGabriel/engines/UnrealEngine/Engine/Source/Runtime/Experimental/Interchange/Engine/Private/Tasks/InterchangeTaskCreateSceneObjects.h,2,0,2
/media/ullmann/HDDGabriel/engines/UnrealEngine/Engine/Source/ThirdParty/ShaderConductor/ShaderConductor/External/DirectXShaderCompiler/tools/dsymutil/DebugMap.cpp,0,2,2
/media/ullmann/HDDGabriel/engines/UnrealEngine/Engine/Source/Editor/BlueprintGraph/Classes/K2Node_SwitchEnum.h,0,2,2
/media/ullmann/HDDGabriel/engines/UnrealEngine/Engine/Source/ThirdParty/MCPP/mcpp-2.7.2/test-c/n_std.c,0,4,4
/media/ullmann/HDDGabriel/engines/UnrealEngine/Engine/Source/ThirdParty/CryptoPP/5.6.2/include/seal.cpp,0,4,4
/media/ullmann/HDDGabriel/engines/UnrealEngine/Engine/Source/Runtime/Engine/Private/Streaming/Texture2DStreamIn_DDC_AsyncReallocate.h,1,1,2
/media/ullmann/HDDGabriel/engines/UnrealEngine/Engine/Source/Runtime/Apple/MetalRHI/Private/MetalDebugCommandEncoder.cpp,0,4,4
/media/ullmann/HDDGabriel/engines/UnrealEngine/Engine/Source/ThirdParty/ShaderConductor/ShaderConductor/External/DirectXShaderCompiler/lib/ExecutionEngine/IntelJITEvents/jitprofiling.c,0,2,2
/media/ullmann/HDDGabriel/engines/UnrealEngine/Engine/Source/ThirdParty/ShaderConductor/ShaderConductor/External/DirectXShaderCompiler/lib/ExecutionEngine/IntelJITEvents/jitprofiling.h,2,0,2
/media/ullmann/HDDGabriel/engines/UnrealEngine/Engine/Source/ThirdParty/OpenSubdiv/OpenSubdiv-3.4.4/opensubdiv/osd/cudaPatchTable.h,1,3,4
/media/ullmann/HDDGabriel/engines/UnrealEngine/Engine/Source/ThirdParty/PhysX3/APEX_1.4/module/destructible_legacy/include/autogen/DestructibleActorParam_0p9.h,1,0,1
/media/ullmann/HDDGabriel/engines/UnrealEngine/Engine/Source/ThirdParty/CryptoPP/5.6.5/include/trunhash.h,1,1,2
/media/ullmann/HDDGabriel/engines/UnrealEngine/Engine/Source/ThirdParty/FreeType2/FreeType2-2.6/Src/pshinter/pshinter.c,0,5,5
/media/ullmann/HDDGabriel/engines/UnrealEngine/Engine/Source/ThirdParty/FreeType2/FreeType2-2.6/Src/pshinter/pshglob.c,1,1,2
/media/ullmann/HDDGabriel/engines/UnrealEngine/Engine/Source/ThirdParty/FreeImage/FreeImage-3.18.0/Source/LibJPEG/jdmaster.c,0,2,2
/media/ullmann/HDDGabriel/engines/UnrealEngine/Engine/Source/Editor/ClassViewer/Public/SClassViewer.h,0,1,1
/media/ullmann/HDDGabriel/engines/UnrealEngine/Engine/Source/Editor/ClassViewer/Public/ClassViewerModule.h,2,0,2
/media/ullmann/HDDGabriel/engines/UnrealEngine/Engine/Source/ThirdParty/PhysX3/APEX_1.4/module/clothing/embedded/LowLevelCloth/src/SwSolverKernel.cpp,0,9,9
/media/ullmann/HDDGabriel/engines/UnrealEngine/Engine/Source/Editor/LocalizationDashboard/Private/LocalizationTargetDetailCustomization.cpp,0,3,3
/media/ullmann/HDDGabriel/engines/UnrealEngine/Engine/Source/Editor/LocalizationDashboard/Private/SLocalizationTargetEditorCultureRow.h,2,0,2
/media/ullmann/HDDGabriel/engines/UnrealEngine/Engine/Source/ThirdParty/SDL2/SDL-gui-backend/src/haptic/windows/SDL_xinputhaptic_c.h,3,2,5
/media/ullmann/HDDGabriel/engines/UnrealEngine/Engine/Source/ThirdParty/PhysX3/PhysX_3.4/Source/GeomUtils/src/mesh/GuBV4_AABBSweep.cpp,0,2,2
/media/ullmann/HDDGabriel/engines/UnrealEngine/Engine/Source/ThirdParty/Imath/Imath-3.1.3/src/Imath/ImathLineAlgo.h,1,4,5
/media/ullmann/HDDGabriel/engines/UnrealEngine/Engine/Source/ThirdParty/Imath/Imath-3.1.3/src/Imath/ImathVecAlgo.h,1,2,3
/media/ullmann/HDDGabriel/engines/UnrealEngine/Engine/Source/Runtime/SlateRHIRenderer/Private/SlateUpdatableBuffer.h,3,1,4
/media/ullmann/HDDGabriel/engines/UnrealEngine/Engine/Source/Runtime/SlateRHIRenderer/Private/SlateElementVertexBuffer.h,4,0,4
/media/ullmann/HDDGabriel/engines/UnrealEngine/Engine/Source/ThirdParty/Python3/Linux/include/python3.9/cpython/ceval.h,1,0,1
/media/ullmann/HDDGabriel/engines/UnrealEngine/Engine/Source/ThirdParty/ShaderConductor/ShaderConductor/External/DirectXShaderCompiler/tools/clang/tools/libclang/CXSourceLocation.cpp,0,6,6
/media/ullmann/HDDGabriel/engines/UnrealEngine/Engine/Source/ThirdParty/ShaderConductor/ShaderConductor/External/DirectXShaderCompiler/tools/clang/tools/libclang/CXSourceLocation.h,7,0,7
/media/ullmann/HDDGabriel/engines/UnrealEngine/Engine/Source/Runtime/Engine/Private/PieFixupSerializer.cpp,0,1,1
/media/ullmann/HDDGabriel/engines/UnrealEngine/Engine/Source/Runtime/Engine/Private/PieFixupSerializer.h,2,0,2
/media/ullmann/HDDGabriel/engines/UnrealEngine/Engine/Source/ThirdParty/FreeType2/FreeType2-2.10.4/src/gzip/zutil.h,7,1,8
/media/ullmann/HDDGabriel/engines/UnrealEngine/Engine/Source/ThirdParty/FreeType2/FreeType2-2.4.12/src/gzip/infcodes.h,4,0,4
/media/ullmann/HDDGabriel/engines/UnrealEngine/Engine/Source/Runtime/Renderer/Private/GPUScene.cpp,0,6,6
/media/ullmann/HDDGabriel/engines/UnrealEngine/Engine/Source/Runtime/Renderer/Private/HeightfieldLighting.cpp,0,4,4
/media/ullmann/HDDGabriel/engines/UnrealEngine/Engine/Source/ThirdParty/FreeType2/FreeType2-2.10.0/src/cache/ftcerror.h,8,0,8
/media/ullmann/HDDGabriel/engines/UnrealEngine/Engine/Source/ThirdParty/Imath/Imath-3.1.3/src/ImathTest/testLimits.cpp,0,1,1
/media/ullmann/HDDGabriel/engines/UnrealEngine/Engine/Source/Programs/UnrealLightmass/Private/LightmassCore/Math/LMMath.cpp,0,1,1
/media/ullmann/HDDGabriel/engines/UnrealEngine/Engine/Source/ThirdParty/Intel/Embree/Embree2140/src/common/math/vec2.h,3,1,4
/media/ullmann/HDDGabriel/engines/UnrealEngine/Engine/Source/ThirdParty/ICU/icu4c-64_1/source/i18n/unicode/dtfmtsym.h,6,0,6
/media/ullmann/HDDGabriel/engines/UnrealEngine/Engine/Source/ThirdParty/CryptoPP/5.6.5/include/md2.cpp,0,2,2
/media/ullmann/HDDGabriel/engines/UnrealEngine/Engine/Source/ThirdParty/Oculus/LibOVRPlatform/LibOVRPlatform/include/OVR_VoipSampleRate.h,2,1,3
/media/ullmann/HDDGabriel/engines/UnrealEngine/Engine/Source/ThirdParty/ShaderConductor/ShaderConductor/External/DirectXShaderCompiler/tools/llvm-readobj/MachODumper.cpp,0,5,5
/media/ullmann/HDDGabriel/engines/UnrealEngine/Engine/Source/Editor/Persona/Private/AnimTimeline/AnimTimelineTrack_TimingPanel.h,2,1,3
/media/ullmann/HDDGabriel/engines/UnrealEngine/Engine/Source/Developer/SourceControl/Private/SSourceControlLogin.cpp,0,3,3
/media/ullmann/HDDGabriel/engines/UnrealEngine/Engine/Source/Developer/SourceControl/Private/SSourceControlLogin.h,3,0,3
/media/ullmann/HDDGabriel/engines/UnrealEngine/Engine/Source/ThirdParty/libOpus/opus-1.1/celt/static_modes_fixed.h,0,2,2
/media/ullmann/HDDGabriel/engines/UnrealEngine/Engine/Source/ThirdParty/ICU/icu4c-64_1/source/common/utrie2_builder.cpp,0,8,8
/media/ullmann/HDDGabriel/engines/UnrealEngine/Engine/Source/ThirdParty/OpenSubdiv/OpenSubdiv-3.4.4/examples/dxViewer/init_shapes.h,1,2,3
/media/ullmann/HDDGabriel/engines/UnrealEngine/Engine/Source/ThirdParty/SDL2/SDL-gui-backend/src/video/SDL_RLEaccel.c,0,4,4
/media/ullmann/HDDGabriel/engines/UnrealEngine/Engine/Source/ThirdParty/SDL2/SDL-gui-backend/src/video/SDL_RLEaccel_c.h,4,1,5
/media/ullmann/HDDGabriel/engines/UnrealEngine/Engine/Source/ThirdParty/Intel/TBB/IntelTBB-2019u8/src/test/test_blocked_range.cpp,0,3,3
/media/ullmann/HDDGabriel/engines/UnrealEngine/Engine/Source/ThirdParty/FreeType2/FreeType2-2.10.4/src/psaux/psarrst.c,1,4,5
/media/ullmann/HDDGabriel/engines/UnrealEngine/Engine/Source/ThirdParty/Android/libunwind/libunwind/src/unwind/RaiseException.c,0,1,1
/media/ullmann/HDDGabriel/engines/UnrealEngine/Engine/Source/Editor/DataTableEditor/Private/DataTableEditorModule.cpp,0,2,2
/media/ullmann/HDDGabriel/engines/UnrealEngine/Engine/Source/ThirdParty/SDL2/SDL-gui-backend/include/SDL_config_android.h,1,1,2
/media/ullmann/HDDGabriel/engines/UnrealEngine/Engine/Source/Runtime/Renderer/Private/InstanceCulling/InstanceCullingLoadBalancer.cpp,0,1,1
/media/ullmann/HDDGabriel/engines/UnrealEngine/Engine/Source/Runtime/Engine/Private/Materials/StrataMaterial.cpp,0,1,1
/media/ullmann/HDDGabriel/engines/UnrealEngine/Engine/Source/Runtime/Engine/Private/Materials/StrataMaterial.h,3,0,3
/media/ullmann/HDDGabriel/engines/UnrealEngine/Engine/Source/Editor/UnrealEd/Public/EditorDirectories.h,1,0,1
/media/ullmann/HDDGabriel/engines/UnrealEngine/Engine/Source/ThirdParty/ICU/icu4c-53_1/source/common/uvectr32.h,3,4,7
/media/ullmann/HDDGabriel/engines/UnrealEngine/Engine/Source/ThirdParty/SDL2/SDL-gui-backend/src/filesystem/dummy/SDL_sysfilesystem.c,0,1,1
/media/ullmann/HDDGabriel/engines/UnrealEngine/Engine/Source/ThirdParty/FreeType2/FreeType2-2.6/Include/ftcache.h,0,1,1
/media/ullmann/HDDGabriel/engines/UnrealEngine/Engine/Source/ThirdParty/OpenVDB/openvdb-8.1.0/openvdb/openvdb/points/PointSample.h,0,2,2
/media/ullmann/HDDGabriel/engines/UnrealEngine/Engine/Source/ThirdParty/ShaderConductor/ShaderConductor/External/DirectXShaderCompiler/tools/clang/lib/CodeGen/CGVTables.cpp,0,3,3
/media/ullmann/HDDGabriel/engines/UnrealEngine/Engine/Source/ThirdParty/hlslcc/hlslcc/src/hlslcc_lib/opt_constant_variable.cpp,0,6,6
/media/ullmann/HDDGabriel/engines/UnrealEngine/Engine/Source/Developer/HoloLens/HoloLensTargetPlatform/Private/HoloLensTargetDevice.h,4,1,5
/media/ullmann/HDDGabriel/engines/UnrealEngine/Engine/Source/ThirdParty/ShaderConductor/ShaderConductor/External/DirectXShaderCompiler/lib/CodeGen/InterferenceCache.cpp,0,1,1
/media/ullmann/HDDGabriel/engines/UnrealEngine/Engine/Source/ThirdParty/ShaderConductor/ShaderConductor/External/DirectXShaderCompiler/lib/CodeGen/InterferenceCache.h,2,0,2
/media/ullmann/HDDGabriel/engines/UnrealEngine/Engine/Source/ThirdParty/libPNG/libPNG-1.6.37/arm/filter_neon_intrinsics.c,0,1,1
/media/ullmann/HDDGabriel/engines/UnrealEngine/Engine/Source/ThirdParty/Expat/expat-2.2.10/xmlwf/readfilemap.c,0,2,2
/media/ullmann/HDDGabriel/engines/UnrealEngine/Engine/Source/ThirdParty/ICU/icu4c-53_1/source/i18n/unumsys.cpp,0,2,2
/media/ullmann/HDDGabriel/engines/UnrealEngine/Engine/Source/ThirdParty/ICU/icu4c-53_1/source/i18n/unicode/unumsys.h,1,0,1
/media/ullmann/HDDGabriel/engines/UnrealEngine/Engine/Source/Developer/RealtimeProfiler/Private/SRealtimeProfilerFrame.cpp,0,1,1
/media/ullmann/HDDGabriel/engines/UnrealEngine/Engine/Source/Developer/RealtimeProfiler/Private/SRealtimeProfilerFrame.h,1,0,1
/media/ullmann/HDDGabriel/engines/UnrealEngine/Engine/Source/ThirdParty/ICU/icu4c-64_1/source/common/ures_cnv.cpp,0,7,7
/media/ullmann/HDDGabriel/engines/UnrealEngine/Engine/Source/ThirdParty/Android/libunwind/libunwind/src/unwind/GetIP.c,0,1,1
/media/ullmann/HDDGabriel/engines/UnrealEngine/Engine/Source/Programs/HeadlessChaos/Public/GeometryCollection/GeometryCollectionTestEvents.h,0,1,1
/media/ullmann/HDDGabriel/engines/UnrealEngine/Engine/Source/ThirdParty/ICU/icu4c-64_1/source/i18n/ztrans.h,2,0,2
/media/ullmann/HDDGabriel/engines/UnrealEngine/Engine/Source/Editor/AnimGraph/Private/AnimBlueprintVariableCreationContext.cpp,0,2,2
/media/ullmann/HDDGabriel/engines/UnrealEngine/Engine/Source/Editor/AnimGraph/Private/AnimBlueprintVariableCreationContext.h,2,0,2
/media/ullmann/HDDGabriel/engines/UnrealEngine/Engine/Source/ThirdParty/PhysX3/PhysX_3.4/Source/PhysXCharacterKinematic/src/CctUtils.h,3,0,3
/media/ullmann/HDDGabriel/engines/UnrealEngine/Engine/Source/ThirdParty/Imath/Imath-3.1.3/src/python/PyImath/PyImathRandom.cpp,0,5,5
/media/ullmann/HDDGabriel/engines/UnrealEngine/Engine/Source/ThirdParty/FreeType2/FreeType2-2.6/Src/cff/cffgload.c,1,5,6
/media/ullmann/HDDGabriel/engines/UnrealEngine/Engine/Source/ThirdParty/ShaderConductor/ShaderConductor/External/DirectXShaderCompiler/tools/llvm-pdbdump/ExternalSymbolDumper.h,2,0,2
/media/ullmann/HDDGabriel/engines/UnrealEngine/Engine/Source/ThirdParty/WebRTC/4147/Include/third_party/libsrtp/crypto/include/crypto_kernel.h,0,5,5
/media/ullmann/HDDGabriel/engines/UnrealEngine/Engine/Source/ThirdParty/ICU/icu4c-53_1/source/i18n/collationfastlatin.cpp,0,4,4
/media/ullmann/HDDGabriel/engines/UnrealEngine/Engine/Source/ThirdParty/libOpus/opus-1.3.1-12/silk/fixed/find_pitch_lags_FIX.c,0,1,1
/media/ullmann/HDDGabriel/engines/UnrealEngine/Engine/Source/Editor/Persona/Private/SSkeletonSlotNames.h,3,1,4
/media/ullmann/HDDGabriel/engines/UnrealEngine/Engine/Source/Runtime/Slate/Public/Widgets/SWeakWidget.h,2,0,2
/media/ullmann/HDDGabriel/engines/UnrealEngine/Engine/Source/ThirdParty/FreeType2/FreeType2-2.4.12/src/gzip/inftrees.c,1,3,4
/media/ullmann/HDDGabriel/engines/UnrealEngine/Engine/Source/ThirdParty/FreeType2/FreeType2-2.4.12/src/gzip/inffixed.h,1,0,1
/media/ullmann/HDDGabriel/engines/UnrealEngine/Engine/Source/ThirdParty/FreeType2/FreeType2-2.4.12/src/otvalid/otvgdef.c,1,2,3
/media/ullmann/HDDGabriel/engines/UnrealEngine/Engine/Source/ThirdParty/PhysX3/APEX_1.4/module/destructible_legacy/include/autogen/DestructiblePreviewParam_0p0.h,1,0,1
/media/ullmann/HDDGabriel/engines/UnrealEngine/Engine/Source/ThirdParty/OpenVDB/openvdb-8.1.0/openvdb_ax/openvdb_ax/test/frontend/TestAssignExpressionNode.cc,0,1,1
/media/ullmann/HDDGabriel/engines/UnrealEngine/Engine/Source/ThirdParty/ICU/icu4c-53_1/source/common/propname_data.h,1,0,1
/media/ullmann/HDDGabriel/engines/UnrealEngine/Engine/Source/Editor/LandscapeEditor/Private/LandscapeFileFormatPng.cpp,0,1,1
/media/ullmann/HDDGabriel/engines/UnrealEngine/Engine/Source/Developer/Windows/LiveCodingServer/Private/External/LC_ImmutableString.cpp,0,2,2
/media/ullmann/HDDGabriel/engines/UnrealEngine/Engine/Source/Editor/ContentBrowser/Private/NewAssetOrClassContextMenu.cpp,0,2,2
/media/ullmann/HDDGabriel/engines/UnrealEngine/Engine/Source/ThirdParty/WiX/3.8/sdk/inc/balutil.h,1,1,2
/media/ullmann/HDDGabriel/engines/UnrealEngine/Engine/Source/ThirdParty/WiX/3.8/sdk/inc/dutil.h,2,0,2
/media/ullmann/HDDGabriel/engines/UnrealEngine/Engine/Source/ThirdParty/ICU/icu4c-53_1/source/common/util_props.cpp,0,4,4
/media/ullmann/HDDGabriel/engines/UnrealEngine/Engine/Source/ThirdParty/ICU/icu4c-64_1/source/common/bmpset.h,2,2,4
/media/ullmann/HDDGabriel/engines/UnrealEngine/Engine/Source/Runtime/BinkAudioDecoder/SDK/BinkAudio/Src/radfft.h,3,1,4
/media/ullmann/HDDGabriel/engines/UnrealEngine/Engine/Source/Runtime/BinkAudioDecoder/SDK/BinkAudio/Src/egttypes.h,3,0,3
/media/ullmann/HDDGabriel/engines/UnrealEngine/Engine/Source/Runtime/SlateCore/Public/Layout/ArrangedChildren.h,2,0,2
/media/ullmann/HDDGabriel/engines/UnrealEngine/Engine/Source/ThirdParty/ICU/icu4c-53_1/source/tools/toolutil/ucm.h,2,1,3
/media/ullmann/HDDGabriel/engines/UnrealEngine/Engine/Source/ThirdParty/ICU/icu4c-64_1/source/tools/toolutil/xmlparser.cpp,0,2,2
/media/ullmann/HDDGabriel/engines/UnrealEngine/Engine/Source/ThirdParty/ICU/icu4c-64_1/source/tools/toolutil/xmlparser.h,1,0,1
/media/ullmann/HDDGabriel/engines/UnrealEngine/Engine/Source/Editor/BlueprintGraph/Classes/K2Node_CallMaterialParameterCollectionFunction.h,0,1,1
/media/ullmann/HDDGabriel/engines/UnrealEngine/Engine/Source/Developer/Windows/LiveCoding/Private/External/LC_Environment.h,2,0,2
/media/ullmann/HDDGabriel/engines/UnrealEngine/Engine/Source/ThirdParty/Intel/Embree/Embree2140/src/kernels/common/alloc.cpp,0,1,1
/media/ullmann/HDDGabriel/engines/UnrealEngine/Engine/Source/ThirdParty/Intel/Embree/Embree2140/src/kernels/common/alloc.h,2,1,3
/media/ullmann/HDDGabriel/engines/UnrealEngine/Engine/Source/ThirdParty/FBX/2020.2/include/fbxsdk/scene/shading/fbximplementation.h,1,0,1
/media/ullmann/HDDGabriel/engines/UnrealEngine/Engine/Source/ThirdParty/ICU/icu4c-64_1/source/common/uobject.cpp,0,2,2
/media/ullmann/HDDGabriel/engines/UnrealEngine/Engine/Source/ThirdParty/nvTextureTools/nvTextureTools-2.0.6/src/src/nvtt/nvtt_wrapper.cpp,0,2,2
/media/ullmann/HDDGabriel/engines/UnrealEngine/Engine/Source/ThirdParty/nvTextureTools/nvTextureTools-2.0.6/src/src/nvtt/nvtt_wrapper.h,1,0,1
/media/ullmann/HDDGabriel/engines/UnrealEngine/Engine/Source/ThirdParty/WebRTC/4147/Include/base/value_conversions.h,0,1,1
/media/ullmann/HDDGabriel/engines/UnrealEngine/Engine/Source/ThirdParty/Intel/Embree/Embree2140/src/kernels/geometry/grid_soa_intersector.h,2,3,5
/media/ullmann/HDDGabriel/engines/UnrealEngine/Engine/Source/ThirdParty/FBX/2020.2/include/fbxsdk/core/base/fbxmemorypool.h,1,0,1
/media/ullmann/HDDGabriel/engines/UnrealEngine/Engine/Source/ThirdParty/ICU/icu4c-53_1/source/layout/SingleSubstitutionSubtables.h,2,5,7
/media/ullmann/HDDGabriel/engines/UnrealEngine/Engine/Source/ThirdParty/Android/libunwind/libunwind/src/hppa/Ginit_remote.c,1,2,3
/media/ullmann/HDDGabriel/engines/UnrealEngine/Engine/Source/ThirdParty/PhysX3/PhysX_3.4/Source/GeomUtils/src/mesh/GuTriangleMeshRTree.cpp,0,2,2
/media/ullmann/HDDGabriel/engines/UnrealEngine/Engine/Source/ThirdParty/OpenSubdiv/Deploy/OpenSubdiv-3.4.4/include/opensubdiv/hbr/face.h,3,4,7
/media/ullmann/HDDGabriel/engines/UnrealEngine/Engine/Source/ThirdParty/HarfBuzz/harfbuzz-2.4.0/src/hb-font.cc,0,4,4
/media/ullmann/HDDGabriel/engines/UnrealEngine/Engine/Source/ThirdParty/Intel/TBB/IntelTBB-2019u8/src/tbbmalloc/large_objects.cpp,1,1,2
/media/ullmann/HDDGabriel/engines/UnrealEngine/Engine/Source/Programs/Enterprise/Datasmith/DatasmithARCHICADExporter/Private/Utils/LocalizeTools.cpp,0,4,4
/media/ullmann/HDDGabriel/engines/UnrealEngine/Engine/Source/ThirdParty/HarfBuzz/harfbuzz-2.4.0/src/hb-ot-cff2-table.hh,6,0,6
/media/ullmann/HDDGabriel/engines/UnrealEngine/Engine/Source/Developer/RigVMDeveloper/Public/RigVMModel/RigVMGraph.h,2,7,9
/media/ullmann/HDDGabriel/engines/UnrealEngine/Engine/Source/Developer/RigVMDeveloper/Public/RigVMModel/RigVMNode.h,1,1,2
/media/ullmann/HDDGabriel/engines/UnrealEngine/Engine/Source/ThirdParty/FreeType2/FreeType2-2.4.12/src/sfnt/ttload.h,6,0,6
/media/ullmann/HDDGabriel/engines/UnrealEngine/Engine/Source/ThirdParty/Crunch/src/crnlib/crn_checksum.h,2,0,2
/media/ullmann/HDDGabriel/engines/UnrealEngine/Engine/Source/Developer/CollisionAnalyzer/Private/CollisionAnalyzer.h,4,0,4
/media/ullmann/HDDGabriel/engines/UnrealEngine/Engine/Source/ThirdParty/SDL2/SDL-gui-backend/src/libm/e_exp.c,0,2,2
/media/ullmann/HDDGabriel/engines/UnrealEngine/Engine/Source/Editor/StructViewer/Private/StructViewerModule.cpp,0,3,3
/media/ullmann/HDDGabriel/engines/UnrealEngine/Engine/Source/ThirdParty/PhysX3/PhysX_3.4/Source/PhysXVehicle/src/PxVehicleDriveNW.cpp,0,3,3
/media/ullmann/HDDGabriel/engines/UnrealEngine/Engine/Source/ThirdParty/Intel/TBB/IntelTBB-2019u8/src/tbb/mailbox.h,3,1,4
/media/ullmann/HDDGabriel/engines/UnrealEngine/Engine/Source/Editor/UnrealEd/Public/EditorActorFolders.h,0,1,1
/media/ullmann/HDDGabriel/engines/UnrealEngine/Engine/Source/Runtime/Core/Public/CoreFwd.h,2,3,5
/media/ullmann/HDDGabriel/engines/UnrealEngine/Engine/Source/ThirdParty/Intel/Embree/Embree270/src/kernels/common/subdiv/tessellation_cache.h,8,1,9
/media/ullmann/HDDGabriel/engines/UnrealEngine/Engine/Source/ThirdParty/ShaderConductor/ShaderConductor/External/DirectXShaderCompiler/tools/clang/lib/Serialization/Module.cpp,0,1,1
/media/ullmann/HDDGabriel/engines/UnrealEngine/Engine/Source/ThirdParty/HarfBuzz/harfbuzz-2.4.0/src/hb-ot-shape-fallback.hh,2,0,2
/media/ullmann/HDDGabriel/engines/UnrealEngine/Engine/Source/Developer/LogVisualizer/Private/SVisualLoggerLogsList.cpp,0,3,3
/media/ullmann/HDDGabriel/engines/UnrealEngine/Engine/Source/Developer/LogVisualizer/Private/SVisualLoggerLogsList.h,3,1,4
/media/ullmann/HDDGabriel/engines/UnrealEngine/Engine/Source/ThirdParty/ICU/icu4c-53_1/source/i18n/collationdata.cpp,0,3,3
/media/ullmann/HDDGabriel/engines/UnrealEngine/Engine/Source/Runtime/Core/Public/Logging/LogCategory.h,3,0,3
/media/ullmann/HDDGabriel/engines/UnrealEngine/Engine/Source/ThirdParty/libjpeg-turbo/include/jdcoefct.h,0,1,1
/media/ullmann/HDDGabriel/engines/UnrealEngine/Engine/Source/Runtime/Core/Public/Math/RotationMatrix.h,3,0,3
/media/ullmann/HDDGabriel/engines/UnrealEngine/Engine/Source/ThirdParty/WebRTC/4147/Include/third_party/opus/src/silk/structs.h,2,3,5
/media/ullmann/HDDGabriel/engines/UnrealEngine/Engine/Source/ThirdParty/libOpus/opus-1.0.3/silk/stereo_LR_to_MS.c,0,1,1
/media/ullmann/HDDGabriel/engines/UnrealEngine/Engine/Source/ThirdParty/Python3/Mac/include/funcobject.h,1,0,1
/media/ullmann/HDDGabriel/engines/UnrealEngine/Engine/Source/Runtime/GeometryCore/Public/Generators/SweepGenerator.h,0,1,1
/media/ullmann/HDDGabriel/engines/UnrealEngine/Engine/Source/Developer/TraceInsights/Private/Insights/ViewModels/LoadingTimingTrack.cpp,0,1,1
/media/ullmann/HDDGabriel/engines/UnrealEngine/Engine/Source/Developer/TraceInsights/Private/Insights/ViewModels/LoadingTimingTrack.h,1,0,1
/media/ullmann/HDDGabriel/engines/UnrealEngine/Engine/Source/ThirdParty/OpenVDB/openvdb-8.1.0/openvdb_ax/openvdb_ax/codegen/VolumeComputeGenerator.h,1,3,4
/media/ullmann/HDDGabriel/engines/UnrealEngine/Engine/Source/ThirdParty/ICU/icu4c-53_1/source/test/intltest/callimts.cpp,0,2,2
/media/ullmann/HDDGabriel/engines/UnrealEngine/Engine/Source/ThirdParty/PhysX3/APEX_1.4/include/IosAsset.h,1,1,2
/media/ullmann/HDDGabriel/engines/UnrealEngine/Engine/Source/ThirdParty/ICU/icu4c-53_1/source/tools/genrb/parse.h,2,0,2
/media/ullmann/HDDGabriel/engines/UnrealEngine/Engine/Source/ThirdParty/PhysX3/PhysX_3.4/Source/PhysXCharacterKinematic/src/CctCapsuleController.h,3,1,4
/media/ullmann/HDDGabriel/engines/UnrealEngine/Engine/Source/Editor/MergeActors/Private/MergeActorsTool.cpp,0,1,1
/media/ullmann/HDDGabriel/engines/UnrealEngine/Engine/Source/Editor/MergeActors/Private/MergeActorsTool.h,1,1,2
/media/ullmann/HDDGabriel/engines/UnrealEngine/Engine/Source/ThirdParty/SDL2/SDL-gui-backend/src/video/SDL_pixels.c,0,5,5
/media/ullmann/HDDGabriel/engines/UnrealEngine/Engine/Source/ThirdParty/FreeType2/FreeType2-2.10.0/src/sfnt/ttkern.h,3,0,3
/media/ullmann/HDDGabriel/engines/UnrealEngine/Engine/Source/ThirdParty/ICU/icu4c-53_1/source/tools/makeconv/genmbcs.cpp,0,2,2
/media/ullmann/HDDGabriel/engines/UnrealEngine/Engine/Source/ThirdParty/Android/libunwind/libunwind/src/x86_64/Lglobal.c,0,1,1
/media/ullmann/HDDGabriel/engines/UnrealEngine/Engine/Source/ThirdParty/Android/libunwind/libunwind/src/x86_64/Gglobal.c,1,1,2
/media/ullmann/HDDGabriel/engines/UnrealEngine/Engine/Source/ThirdParty/MCPP/mcpp-2.7.2/test-c/nest8.h,1,1,2
/media/ullmann/HDDGabriel/engines/UnrealEngine/Engine/Source/ThirdParty/MCPP/mcpp-2.7.2/test-c/nest9.h,1,1,2
/media/ullmann/HDDGabriel/engines/UnrealEngine/Engine/Source/ThirdParty/HarfBuzz/harfbuzz-1.2.4/src/hb-set.cc,0,1,1
/media/ullmann/HDDGabriel/engines/UnrealEngine/Engine/Source/ThirdParty/HarfBuzz/harfbuzz-1.2.4/src/hb-set-private.hh,2,0,2
/media/ullmann/HDDGabriel/engines/UnrealEngine/Engine/Source/ThirdParty/SDL2/SDL-gui-backend/src/video/wayland/SDL_waylandmouse.h,2,2,4
/media/ullmann/HDDGabriel/engines/UnrealEngine/Engine/Source/ThirdParty/OpenSubdiv/OpenSubdiv-3.4.4/opensubdiv/hbr/loop.h,0,2,2
/media/ullmann/HDDGabriel/engines/UnrealEngine/Engine/Source/Developer/TraceServices/Private/Analyzers/MiscTraceAnalysis.h,2,0,2
/media/ullmann/HDDGabriel/engines/UnrealEngine/Engine/Source/ThirdParty/HarfBuzz/harfbuzz-1.2.4/src/hb-ot-shape-complex-use.cc,0,3,3
/media/ullmann/HDDGabriel/engines/UnrealEngine/Engine/Source/ThirdParty/HarfBuzz/harfbuzz-1.2.4/src/hb-ot-shape-complex-arabic-private.hh,2,0,2
/media/ullmann/HDDGabriel/engines/UnrealEngine/Engine/Source/Editor/Persona/Private/SPoseEditor.h,2,1,3
/media/ullmann/HDDGabriel/engines/UnrealEngine/Engine/Source/Runtime/OpenGLDrv/Private/Android/AndroidEGL.cpp,0,1,1
/media/ullmann/HDDGabriel/engines/UnrealEngine/Engine/Source/ThirdParty/Python3/Win64/include/pymacconfig.h,1,0,1
/media/ullmann/HDDGabriel/engines/UnrealEngine/Engine/Source/ThirdParty/ICU/icu4c-53_1/source/common/udatamem.c,0,4,4
/media/ullmann/HDDGabriel/engines/UnrealEngine/Engine/Source/ThirdParty/Boost/boost-1_70_0/include/boost/polygon/detail/polygon_set_view.hpp,2,0,2
/media/ullmann/HDDGabriel/engines/UnrealEngine/Engine/Source/Runtime/Online/Stomp/Private/StompMessage.h,2,1,3
/media/ullmann/HDDGabriel/engines/UnrealEngine/Engine/Source/Runtime/Online/Stomp/Private/StompFrame.h,3,1,4
/media/ullmann/HDDGabriel/engines/UnrealEngine/Engine/Source/ThirdParty/PhysX3/APEX_1.4/include/RenderContext.h,1,1,2
/media/ullmann/HDDGabriel/engines/UnrealEngine/Engine/Source/ThirdParty/libOpus/opus-1.0.3/celt/mathops.c,0,1,1
/media/ullmann/HDDGabriel/engines/UnrealEngine/Engine/Source/ThirdParty/WebRTC/4147/Include/third_party/opus/src/silk/float/main_FLP.h,0,2,2
/media/ullmann/HDDGabriel/engines/UnrealEngine/Engine/Source/ThirdParty/WebRTC/4147/Include/third_party/opus/src/silk/float/structs_FLP.h,1,0,1
/media/ullmann/HDDGabriel/engines/UnrealEngine/Engine/Source/ThirdParty/Intel/TBB/IntelTBB-2019u8/src/test/test_task_assertions.cpp,0,3,3
/media/ullmann/HDDGabriel/engines/UnrealEngine/Engine/Source/Runtime/Apple/MetalRHI/Private/MetalUAV.cpp,0,4,4
/media/ullmann/HDDGabriel/engines/UnrealEngine/Engine/Source/ThirdParty/ICU/icu4c-53_1/source/layout/ThaiShaping.h,4,3,7
/media/ullmann/HDDGabriel/engines/UnrealEngine/Engine/Source/ThirdParty/Intel/TBB/IntelTBB-2019u8/examples/graph/logic_sim/four_bit_adder.h,1,1,2
/media/ullmann/HDDGabriel/engines/UnrealEngine/Engine/Source/Runtime/PakFile/Private/IPlatformFilePak.cpp,0,3,3
/media/ullmann/HDDGabriel/engines/UnrealEngine/Engine/Source/Runtime/PakFile/Private/FilePackageStore.h,2,0,2
/media/ullmann/HDDGabriel/engines/UnrealEngine/Engine/Source/ThirdParty/ICU/icu4c-64_1/source/i18n/number_modifiers.h,7,3,10
/media/ullmann/HDDGabriel/engines/UnrealEngine/Engine/Source/Editor/DetailCustomizations/Private/FilePathStructCustomization.cpp,0,1,1
/media/ullmann/HDDGabriel/engines/UnrealEngine/Engine/Source/Editor/DetailCustomizations/Private/FilePathStructCustomization.h,2,0,2
/media/ullmann/HDDGabriel/engines/UnrealEngine/Engine/Source/ThirdParty/PhysX3/APEX_1.4/module/framework_legacy/include/autogen/BufferF32x4_0p1.h,1,0,1
/media/ullmann/HDDGabriel/engines/UnrealEngine/Engine/Source/ThirdParty/libOpus/opus-1.0.3/silk/float/sort_FLP.c,0,1,1
/media/ullmann/HDDGabriel/engines/UnrealEngine/Engine/Source/ThirdParty/libOpus/opus-1.1/silk/resampler_private_AR2.c,0,2,2
/media/ullmann/HDDGabriel/engines/UnrealEngine/Engine/Source/ThirdParty/SDL2/SDL-gui-backend/src/thread/stdcpp/SDL_syscond.cpp,0,2,2
/media/ullmann/HDDGabriel/engines/UnrealEngine/Engine/Source/Editor/PropertyEditor/Public/VariablePrecisionNumericInterface.h,2,0,2
/media/ullmann/HDDGabriel/engines/UnrealEngine/Engine/Source/ThirdParty/FontConfig/fontconfig-2.13.94/src/fcmatch.c,0,2,2
/media/ullmann/HDDGabriel/engines/UnrealEngine/Engine/Source/Developer/TraceInsights/Private/Insights/NetworkingProfiler/ViewModels/NetStatsViewColumnFactory.cpp,0,1,1
/media/ullmann/HDDGabriel/engines/UnrealEngine/Engine/Source/Developer/TraceInsights/Private/Insights/NetworkingProfiler/ViewModels/NetStatsViewColumnFactory.h,1,0,1
/media/ullmann/HDDGabriel/engines/UnrealEngine/Engine/Source/Runtime/AnimGraphRuntime/Public/AnimNodes/AnimNode_ApplyAdditive.h,1,0,1
/media/ullmann/HDDGabriel/engines/UnrealEngine/Engine/Source/Editor/LandscapeEditor/Private/LandscapeEdModeBrushes.cpp,0,1,1
/media/ullmann/HDDGabriel/engines/UnrealEngine/Engine/Source/ThirdParty/CryptoPP/5.6.5/include/tea.h,2,3,5
/media/ullmann/HDDGabriel/engines/UnrealEngine/Engine/Source/ThirdParty/FreeImage/FreeImage-3.18.0/Source/LibTIFF4/tif_swab.c,0,1,1
/media/ullmann/HDDGabriel/engines/UnrealEngine/Engine/Source/Runtime/RenderCore/Public/ResolveShader.h,0,3,3
/media/ullmann/HDDGabriel/engines/UnrealEngine/Engine/Source/ThirdParty/libOpus/opus-1.0.3/silk/float/burg_modified_FLP.c,0,1,1
/media/ullmann/HDDGabriel/engines/UnrealEngine/Engine/Source/Runtime/OpenGLDrv/Public/OpenGLDrv.h,1,2,3
/media/ullmann/HDDGabriel/engines/UnrealEngine/Engine/Source/ThirdParty/ICU/icu4c-64_1/source/test/cintltst/ncnvfbts.c,0,2,2
/media/ullmann/HDDGabriel/engines/UnrealEngine/Engine/Source/Runtime/MediaUtils/Public/MediaAudioResampler.h,0,1,1
/media/ullmann/HDDGabriel/engines/UnrealEngine/Engine/Source/Runtime/MediaUtils/Public/MediaSampleSource.h,2,0,2
/media/ullmann/HDDGabriel/engines/UnrealEngine/Engine/Source/ThirdParty/ICU/icu4c-53_1/source/layout/ThaiStateTables.cpp,0,2,2
/media/ullmann/HDDGabriel/engines/UnrealEngine/Engine/Source/ThirdParty/libPNG/libPNG-1.5.27/scripts/def.c,0,1,1
/media/ullmann/HDDGabriel/engines/UnrealEngine/Engine/Source/Runtime/Online/HTTPServer/Private/HttpRouter.cpp,0,3,3
/media/ullmann/HDDGabriel/engines/UnrealEngine/Engine/Source/ThirdParty/PhysX3/PhysX_3.4/Source/LowLevelCloth/src/windows/ClothClone.h,1,0,1
/media/ullmann/HDDGabriel/engines/UnrealEngine/Engine/Source/Editor/LandscapeEditor/Private/Classes/ActorFactoryLandscape.h,2,0,2
/media/ullmann/HDDGabriel/engines/UnrealEngine/Engine/Source/Developer/Zen/Internal/ZenSerialization.cpp,0,1,1
/media/ullmann/HDDGabriel/engines/UnrealEngine/Engine/Source/Developer/Zen/Internal/ZenSerialization.h,3,0,3
/media/ullmann/HDDGabriel/engines/UnrealEngine/Engine/Source/ThirdParty/Intel/ISPC/ispc-1.16.1/src/type.cpp,0,5,5
/media/ullmann/HDDGabriel/engines/UnrealEngine/Engine/Source/Editor/PixelInspector/Private/PixelInspectorResult.cpp,0,2,2
/media/ullmann/HDDGabriel/engines/UnrealEngine/Engine/Source/Editor/PixelInspector/Private/PixelInspectorResult.h,3,0,3
/media/ullmann/HDDGabriel/engines/UnrealEngine/Engine/Source/ThirdParty/Oculus/LibOVRPlatform/LibOVRPlatform/include/OVR_SystemVoipStatus.h,2,1,3
/media/ullmann/HDDGabriel/engines/UnrealEngine/Engine/Source/ThirdParty/ICU/icu4c-64_1/source/tools/genrb/rle.h,3,0,3
/media/ullmann/HDDGabriel/engines/UnrealEngine/Engine/Source/ThirdParty/PhysX3/PhysX_3.4/Include/PxScene.h,3,9,12
/media/ullmann/HDDGabriel/engines/UnrealEngine/Engine/Source/ThirdParty/PhysX3/PhysX_3.4/Include/pvd/PxPvdSceneClient.h,2,0,2
/media/ullmann/HDDGabriel/engines/UnrealEngine/Engine/Source/ThirdParty/Android/libunwind/libunwind/src/sh/Gresume.c,1,2,3
/media/ullmann/HDDGabriel/engines/UnrealEngine/Engine/Source/ThirdParty/Android/libunwind/libunwind/src/sh/offsets.h,2,0,2
/media/ullmann/HDDGabriel/engines/UnrealEngine/Engine/Source/ThirdParty/openexr/openexr-3.1.1/src/test/OpenEXRTest/testMultiScanlinePartThreading.h,2,0,2
/media/ullmann/HDDGabriel/engines/UnrealEngine/Engine/Source/Developer/ProjectLauncher/Private/Widgets/Deploy/SProjectLauncherDeployTaskSettings.cpp,0,1,1
/media/ullmann/HDDGabriel/engines/UnrealEngine/Engine/Source/Developer/ProjectLauncher/Private/Widgets/Deploy/SProjectLauncherDeployTaskSettings.h,1,0,1
/media/ullmann/HDDGabriel/engines/UnrealEngine/Engine/Source/Runtime/Apple/AGXRHI/Private/Shaders/AGXCompiledShaderCache.cpp,0,2,2
/media/ullmann/HDDGabriel/engines/UnrealEngine/Engine/Source/Runtime/Apple/AGXRHI/Private/Shaders/AGXCompiledShaderCache.h,2,0,2
/media/ullmann/HDDGabriel/engines/UnrealEngine/Engine/Source/Runtime/Foliage/Private/InstancedFoliage.cpp,0,2,2
/media/ullmann/HDDGabriel/engines/UnrealEngine/Engine/Source/Runtime/Foliage/Private/FoliageISMActor.h,2,0,2
/media/ullmann/HDDGabriel/engines/UnrealEngine/Engine/Source/Editor/UnrealEd/Private/Settings/LevelEditorPlaySettingsCustomization.cpp,0,2,2
/media/ullmann/HDDGabriel/engines/UnrealEngine/Engine/Source/Editor/UnrealEd/Private/Settings/LevelEditorPlaySettingsCustomization.h,2,0,2
/media/ullmann/HDDGabriel/engines/UnrealEngine/Engine/Source/ThirdParty/GoogleGameSDK/gamesdk/src/swappy/vulkan/SwappyVkGoogleDisplayTiming.h,2,1,3
/media/ullmann/HDDGabriel/engines/UnrealEngine/Engine/Source/ThirdParty/PhysX3/PhysX_3.4/Source/PhysXExtensions/src/serialization/Xml/SnRepXCoreSerializer.cpp,0,5,5
/media/ullmann/HDDGabriel/engines/UnrealEngine/Engine/Source/ThirdParty/HarfBuzz/harfbuzz-1.2.4/src/hb-ft.cc,0,3,3
/media/ullmann/HDDGabriel/engines/UnrealEngine/Engine/Source/Editor/DetailCustomizations/Private/MaterialProxySettingsCustomizations.cpp,0,1,1
/media/ullmann/HDDGabriel/engines/UnrealEngine/Engine/Source/Runtime/Engine/Private/SkeletalRenderCPUSkin.cpp,0,2,2
/media/ullmann/HDDGabriel/engines/UnrealEngine/Engine/Source/Runtime/Engine/Private/SkeletalRenderCPUSkin.h,1,0,1
/media/ullmann/HDDGabriel/engines/UnrealEngine/Engine/Source/ThirdParty/llvm/8/include/llvm/DebugInfo/PDB/PDBSymbolFuncDebugEnd.h,0,2,2
/media/ullmann/HDDGabriel/engines/UnrealEngine/Engine/Source/ThirdParty/ICU/icu4c-53_1/source/i18n/utf16collationiterator.h,5,3,8
/media/ullmann/HDDGabriel/engines/UnrealEngine/Engine/Source/ThirdParty/openexr/openexr-3.1.1/src/test/OpenEXRTest/testCopyDeepTiled.h,2,0,2
/media/ullmann/HDDGabriel/engines/UnrealEngine/Engine/Source/ThirdParty/ShaderConductor/ShaderConductor/External/DirectXShaderCompiler/utils/TableGen/CodeGenRegisters.cpp,0,2,2
/media/ullmann/HDDGabriel/engines/UnrealEngine/Engine/Source/ThirdParty/ShaderConductor/ShaderConductor/External/DirectXShaderCompiler/utils/TableGen/CodeGenRegisters.h,4,0,4
/media/ullmann/HDDGabriel/engines/UnrealEngine/Engine/Source/Runtime/Renderer/Private/VirtualShadowMaps/VirtualShadowMapProjection.cpp,0,2,2
/media/ullmann/HDDGabriel/engines/UnrealEngine/Engine/Source/Runtime/Renderer/Private/VirtualShadowMaps/VirtualShadowMapProjection.h,4,0,4
/media/ullmann/HDDGabriel/engines/UnrealEngine/Engine/Source/ThirdParty/Eigen/Eigen/src/plugins/MatrixCwiseUnaryOps.h,3,0,3
/media/ullmann/HDDGabriel/engines/UnrealEngine/Engine/Source/ThirdParty/Python3/Mac/include/cpython/fileobject.h,1,0,1
/media/ullmann/HDDGabriel/engines/UnrealEngine/Engine/Source/Editor/AudioEditor/Private/SoundCueGraphConnectionDrawingPolicy.cpp,0,1,1
/media/ullmann/HDDGabriel/engines/UnrealEngine/Engine/Source/ThirdParty/libOpus/opus-1.0.3/src/opus_multistream.c,0,1,1
/media/ullmann/HDDGabriel/engines/UnrealEngine/Engine/Source/Editor/NaniteTools/Private/NaniteToolCommands.cpp,0,1,1
/media/ullmann/HDDGabriel/engines/UnrealEngine/Engine/Source/Editor/NaniteTools/Private/NaniteToolCommands.h,3,0,3
/media/ullmann/HDDGabriel/engines/UnrealEngine/Engine/Source/ThirdParty/PhysX3/APEX_1.4/common/include/ApexCudaProfile.h,1,1,2
/media/ullmann/HDDGabriel/engines/UnrealEngine/Engine/Source/ThirdParty/PhysX3/APEX_1.4/module/destructible/fracture/Core/Delaunay3dBase.h,3,1,4
/media/ullmann/HDDGabriel/engines/UnrealEngine/Engine/Source/Developer/VulkanShaderFormat/Private/VulkanBackend.cpp,0,2,2
/media/ullmann/HDDGabriel/engines/UnrealEngine/Engine/Source/Developer/VulkanShaderFormat/Private/VulkanBackend.h,2,0,2
/media/ullmann/HDDGabriel/engines/UnrealEngine/Engine/Source/ThirdParty/CryptoPP/5.6.5/include/eax.cpp,0,2,2
/media/ullmann/HDDGabriel/engines/UnrealEngine/Engine/Source/ThirdParty/CryptoPP/5.6.5/include/eax.h,2,3,5
/media/ullmann/HDDGabriel/engines/UnrealEngine/Engine/Source/Editor/Sequencer/Private/DisplayNodes/SequencerKeyTimeCache.h,3,0,3
/media/ullmann/HDDGabriel/engines/UnrealEngine/Engine/Source/ThirdParty/PhysX3/APEX_1.4/module/destructible/fracture/Core/SimSceneBase.cpp,0,11,11
/media/ullmann/HDDGabriel/engines/UnrealEngine/Engine/Source/ThirdParty/ICU/icu4c-53_1/source/test/cintltst/cpluralrulestest.c,0,1,1
/media/ullmann/HDDGabriel/engines/UnrealEngine/Engine/Source/ThirdParty/llvm/8/include/llvm/DebugInfo/PDB/DIA/DIAEnumTables.h,0,1,1
/media/ullmann/HDDGabriel/engines/UnrealEngine/Engine/Source/ThirdParty/CryptoPP/5.6.5/include/seed.h,2,2,4
/media/ullmann/HDDGabriel/engines/UnrealEngine/Engine/Source/ThirdParty/HarfBuzz/harfbuzz-2.4.0/src/hb-blob.hh,2,0,2
/media/ullmann/HDDGabriel/engines/UnrealEngine/Engine/Source/Programs/UnrealTraceServer/src/SystemTray.cpp,0,3,3
/media/ullmann/HDDGabriel/engines/UnrealEngine/Engine/Source/ThirdParty/SDL2/SDL-gui-backend/src/video/x11/SDL_x11events.h,1,1,2
/media/ullmann/HDDGabriel/engines/UnrealEngine/Engine/Source/ThirdParty/glslang/glslang/src/glslang_lib/glslang/MachineIndependent/intermOut.cpp,0,2,2
/media/ullmann/HDDGabriel/engines/UnrealEngine/Engine/Source/ThirdParty/libOpus/opus-1.1/src/mlp.c,0,2,2
/media/ullmann/HDDGabriel/engines/UnrealEngine/Engine/Source/ThirdParty/libOpus/opus-1.1/src/tansig_table.h,1,0,1
/media/ullmann/HDDGabriel/engines/UnrealEngine/Engine/Source/ThirdParty/llvm/8/include/llvm/DebugInfo/PDB/IPDBSectionContrib.h,0,1,1
/media/ullmann/HDDGabriel/engines/UnrealEngine/Engine/Source/ThirdParty/SDL2/SDL-gui-backend/src/video/windows/SDL_windowsmouse.c,0,3,3
/media/ullmann/HDDGabriel/engines/UnrealEngine/Engine/Source/ThirdParty/ShaderConductor/ShaderConductor/External/DirectXShaderCompiler/lib/DxilDia/DxilDiaTableSourceFiles.h,3,2,5
/media/ullmann/HDDGabriel/engines/UnrealEngine/Engine/Source/ThirdParty/SDL2/SDL-gui-backend/src/video/x11/SDL_x11clipboard.h,2,1,3
/media/ullmann/HDDGabriel/engines/UnrealEngine/Engine/Source/Developer/Windows/LiveCodingServer/Private/External/LC_ChangeNotification.cpp,0,1,1
/media/ullmann/HDDGabriel/engines/UnrealEngine/Engine/Source/Developer/Windows/LiveCodingServer/Private/External/LC_ChangeNotification.h,4,0,4
/media/ullmann/HDDGabriel/engines/UnrealEngine/Engine/Source/Editor/MeshPaint/Public/IMeshPaintGeometryAdapterFactory.h,2,0,2
/media/ullmann/HDDGabriel/engines/UnrealEngine/Engine/Source/Editor/Sequencer/Public/SequencerTrackFilterExtension.h,0,1,1
/media/ullmann/HDDGabriel/engines/UnrealEngine/Engine/Source/Editor/Sequencer/Public/SequencerTrackFilterBase.h,1,0,1
/media/ullmann/HDDGabriel/engines/UnrealEngine/Engine/Source/Runtime/Online/HTTPServer/Private/HttpConnection.h,3,3,6
/media/ullmann/HDDGabriel/engines/UnrealEngine/Engine/Source/Runtime/Online/HTTPServer/Private/HttpConnectionResponseWriteContext.h,3,1,4
/media/ullmann/HDDGabriel/engines/UnrealEngine/Engine/Source/ThirdParty/HarfBuzz/harfbuzz-1.2.4/src/hb-ot-shape-complex-arabic-fallback.hh,1,0,1
/media/ullmann/HDDGabriel/engines/UnrealEngine/Engine/Source/ThirdParty/Intel/ISPC/ispc-1.17.0/src/module.cpp,0,12,12
/media/ullmann/HDDGabriel/engines/UnrealEngine/Engine/Source/ThirdParty/Intel/ISPC/ispc-1.17.0/src/builtins.h,2,1,3
/media/ullmann/HDDGabriel/engines/UnrealEngine/Engine/Source/Runtime/Slate/Public/SlateMaterialBrush.h,0,1,1
/media/ullmann/HDDGabriel/engines/UnrealEngine/Engine/Source/ThirdParty/Android/libunwind/libunwind/src/ppc64/get_func_addr.c,0,1,1
/media/ullmann/HDDGabriel/engines/UnrealEngine/Engine/Source/Developer/AutomationWindow/Private/SAutomationTestItem.cpp,0,2,2
/media/ullmann/HDDGabriel/engines/UnrealEngine/Engine/Source/ThirdParty/Intel/Embree/Embree270/src/kernels/xeon/geometry/trianglepairs8.h,4,1,5
/media/ullmann/HDDGabriel/engines/UnrealEngine/Engine/Source/ThirdParty/SDL2/SDL-gui-backend/include/SDL_test_assert.h,1,2,3
/media/ullmann/HDDGabriel/engines/UnrealEngine/Engine/Source/ThirdParty/PhysX3/APEX_1.4/include/Context.h,3,1,4
/media/ullmann/HDDGabriel/engines/UnrealEngine/Engine/Source/ThirdParty/PhysX3/APEX_1.4/include/Shape.h,1,2,3
/media/ullmann/HDDGabriel/engines/UnrealEngine/Engine/Source/ThirdParty/libcurl/7_75_0/include/Android/curl/mprintf.h,0,1,1
/media/ullmann/HDDGabriel/engines/UnrealEngine/Engine/Source/ThirdParty/Intel/Embree/Embree270/src/common/tasking/tasksys.cpp,0,4,4
/media/ullmann/HDDGabriel/engines/UnrealEngine/Engine/Source/ThirdParty/MCPP/mcpp-2.7.2/test-c/line.h,3,0,3
/media/ullmann/HDDGabriel/engines/UnrealEngine/Engine/Source/ThirdParty/libcurl/7_65_3/include/Unix/aarch64-unknown-linux-gnueabi/curl/curlver.h,1,0,1
/media/ullmann/HDDGabriel/engines/UnrealEngine/Engine/Source/Runtime/MovieScene/Public/Channels/MovieSceneCurveChannelCommon.h,0,3,3
/media/ullmann/HDDGabriel/engines/UnrealEngine/Engine/Source/ThirdParty/SDL2/SDL-gui-backend/src/video/uikit/SDL_uikitclipboard.h,0,1,1
/media/ullmann/HDDGabriel/engines/UnrealEngine/Engine/Source/ThirdParty/FreeType2/FreeType2-2.10.4/src/pfr/pfrload.h,4,1,5
/media/ullmann/HDDGabriel/engines/UnrealEngine/Engine/Source/Editor/UnrealEd/Public/EditorViewportLayoutOnePane.h,0,1,1
/media/ullmann/HDDGabriel/engines/UnrealEngine/Engine/Source/Runtime/CoreUObject/Public/UObject/WeakObjectPtr.h,2,0,2
/media/ullmann/HDDGabriel/engines/UnrealEngine/Engine/Source/ThirdParty/CryptoPP/5.6.5/include/vmac.h,2,3,5
/media/ullmann/HDDGabriel/engines/UnrealEngine/Engine/Source/Runtime/Renderer/Private/Lumen/LumenMeshCards.h,9,1,10
/media/ullmann/HDDGabriel/engines/UnrealEngine/Engine/Source/Runtime/LiveLinkInterface/Public/LiveLinkFramePreProcessor.h,1,2,3
/media/ullmann/HDDGabriel/engines/UnrealEngine/Engine/Source/ThirdParty/Intel/Embree/Embree2140/src/kernels/geometry/quad_intersector_pluecker.h,3,1,4
/media/ullmann/HDDGabriel/engines/UnrealEngine/Engine/Source/Programs/Enterprise/Datasmith/DatasmithARCHICADExporter/Private/ProjectEvent.h,2,1,3
/media/ullmann/HDDGabriel/engines/UnrealEngine/Engine/Source/Editor/DetailCustomizations/Private/SoftObjectPathCustomization.h,2,0,2
/media/ullmann/HDDGabriel/engines/UnrealEngine/Engine/Source/ThirdParty/Imath/Imath-3.1.3/src/ImathTest/testInterop.h,1,0,1
/media/ullmann/HDDGabriel/engines/UnrealEngine/Engine/Source/ThirdParty/OpenVDB/openvdb-8.1.0/openvdb_ax/openvdb_ax/test/integration/TestTernary.cc,0,1,1
/media/ullmann/HDDGabriel/engines/UnrealEngine/Engine/Source/Editor/StatusBar/Private/SStatusBar.cpp,0,2,2
/media/ullmann/HDDGabriel/engines/UnrealEngine/Engine/Source/ThirdParty/nvTextureTools/nvTextureTools-2.0.6/src/src/nvcore/DefsGnucLinux.h,1,0,1
/media/ullmann/HDDGabriel/engines/UnrealEngine/Engine/Source/ThirdParty/HarfBuzz/harfbuzz-2.4.0/src/hb-ot-glyf-table.hh,5,0,5
/media/ullmann/HDDGabriel/engines/UnrealEngine/Engine/Source/ThirdParty/PLCrashReporter/PLCrashReporter/Source/PLCrashAsyncDwarfPrimitives.cpp,0,3,3
/media/ullmann/HDDGabriel/engines/UnrealEngine/Engine/Source/ThirdParty/libOpus/opus-1.3.1-12/src/opus_multistream_encoder.c,0,1,1
/media/ullmann/HDDGabriel/engines/UnrealEngine/Engine/Source/ThirdParty/Intel/ISPC/ispc-1.16.1/examples/cpu/noise/noise.cpp,0,1,1
/media/ullmann/HDDGabriel/engines/UnrealEngine/Engine/Source/Editor/UnrealEd/Public/HierarchicalLOD.h,0,1,1
/media/ullmann/HDDGabriel/engines/UnrealEngine/Engine/Source/Editor/UnrealEd/Public/LODCluster.h,1,0,1
/media/ullmann/HDDGabriel/engines/UnrealEngine/Engine/Source/Runtime/Engine/Private/Streaming/Texture2DStreamIn_IO_AsyncReallocate.h,1,1,2
/media/ullmann/HDDGabriel/engines/UnrealEngine/Engine/Source/ThirdParty/CryptoPP/5.6.2/include/pkcspad.cpp,0,2,2
/media/ullmann/HDDGabriel/engines/UnrealEngine/Engine/Source/Runtime/Core/Public/Misc/Exec.h,3,0,3
/media/ullmann/HDDGabriel/engines/UnrealEngine/Engine/Source/ThirdParty/Imath/Imath-3.1.3/src/Imath/ImathGL.h,0,4,4
/media/ullmann/HDDGabriel/engines/UnrealEngine/Engine/Source/ThirdParty/SDL2/SDL-gui-backend/src/audio/SDL_wave.h,1,1,2
/media/ullmann/HDDGabriel/engines/UnrealEngine/Engine/Source/ThirdParty/PhysX3/PhysX_3.4/Source/PhysXCooking/src/mesh/RTreeCooking.h,2,0,2
/media/ullmann/HDDGabriel/engines/UnrealEngine/Engine/Source/ThirdParty/ICU/icu4c-53_1/source/common/utrace.c,0,5,5
/media/ullmann/HDDGabriel/engines/UnrealEngine/Engine/Source/ThirdParty/SDL2/SDL-gui-backend/src/audio/fusionsound/SDL_fsaudio.c,0,3,3
/media/ullmann/HDDGabriel/engines/UnrealEngine/Engine/Source/Runtime/VulkanRHI/Private/VulkanGenericPlatform.h,4,1,5
/media/ullmann/HDDGabriel/engines/UnrealEngine/Engine/Source/ThirdParty/Intel/TBB/IntelTBB-2019u8/examples/graph/fgbzip2/huffman.cpp,0,1,1
/media/ullmann/HDDGabriel/engines/UnrealEngine/Engine/Source/ThirdParty/OpenSubdiv/OpenSubdiv-3.4.4/regression/shapes/catmark_gregory_test3.h,1,0,1
/media/ullmann/HDDGabriel/engines/UnrealEngine/Engine/Source/ThirdParty/OpenSubdiv/OpenSubdiv-3.4.4/examples/common/viewerArgsUtils.cpp,0,4,4
/media/ullmann/HDDGabriel/engines/UnrealEngine/Engine/Source/ThirdParty/Intel/Embree/Embree3122/Linux/x86_64-unknown-linux-gnu/include/embree3/rtcore_quaternion.h,2,1,3
/media/ullmann/HDDGabriel/engines/UnrealEngine/Engine/Source/Programs/Enterprise/Datasmith/DatasmithARCHICADExporter/Private/Utils/Element2String.h,4,1,5
/media/ullmann/HDDGabriel/engines/UnrealEngine/Engine/Source/ThirdParty/Python3/Mac/include/pymem.h,2,2,4
/media/ullmann/HDDGabriel/engines/UnrealEngine/Engine/Source/ThirdParty/Python3/Mac/include/pyport.h,2,2,4
/media/ullmann/HDDGabriel/engines/UnrealEngine/Engine/Source/ThirdParty/openexr/Deploy/openexr-3.1.1/include/OpenEXR/ImfName.h,3,2,5
/media/ullmann/HDDGabriel/engines/UnrealEngine/Engine/Source/ThirdParty/Unix/LibCxx/include/c++/v1/wchar.h,0,2,2
/media/ullmann/HDDGabriel/engines/UnrealEngine/Engine/Source/ThirdParty/Vorbis/libvorbis-1.3.2/lib/floor1.c,0,5,5
/media/ullmann/HDDGabriel/engines/UnrealEngine/Engine/Source/Runtime/Online/HTTP/Private/HttpThread.h,2,0,2
/media/ullmann/HDDGabriel/engines/UnrealEngine/Engine/Source/ThirdParty/openexr/openexr-3.1.1/src/lib/OpenEXR/ImfCompressionAttribute.cpp,0,1,1
/media/ullmann/HDDGabriel/engines/UnrealEngine/Engine/Source/ThirdParty/ICU/icu4c-64_1/source/test/intltest/tmsgfmt.cpp,0,2,2
/media/ullmann/HDDGabriel/engines/UnrealEngine/Engine/Source/ThirdParty/ICU/icu4c-53_1/source/layout/TrimmedArrayProcessor.h,2,5,7
/media/ullmann/HDDGabriel/engines/UnrealEngine/Engine/Source/ThirdParty/PLCrashReporter/PLCrashReporter/Source/PLCrashAsyncMachOImage.c,0,1,1
/media/ullmann/HDDGabriel/engines/UnrealEngine/Engine/Source/ThirdParty/Vorbis/libvorbis-1.3.2/lib/smallft.c,0,3,3
/media/ullmann/HDDGabriel/engines/UnrealEngine/Engine/Source/ThirdParty/CryptoPP/5.6.5/include/twofish.h,4,2,6
/media/ullmann/HDDGabriel/engines/UnrealEngine/Engine/Source/ThirdParty/ICU/icu4c-64_1/source/i18n/collationfastlatin.cpp,0,4,4
/media/ullmann/HDDGabriel/engines/UnrealEngine/Engine/Source/ThirdParty/ICU/icu4c-64_1/source/common/pluralmap.cpp,0,4,4
/media/ullmann/HDDGabriel/engines/UnrealEngine/Engine/Source/ThirdParty/ICU/icu4c-53_1/source/layout/TrimmedArrayProcessor.cpp,0,8,8
/media/ullmann/HDDGabriel/engines/UnrealEngine/Engine/Source/ThirdParty/FreeImage/FreeImage-3.18.0/Source/OpenEXR/IlmImf/ImfName.h,3,1,4
/media/ullmann/HDDGabriel/engines/UnrealEngine/Engine/Source/ThirdParty/ICU/icu4c-64_1/source/i18n/numparse_compositions.cpp,0,2,2
/media/ullmann/HDDGabriel/engines/UnrealEngine/Engine/Source/ThirdParty/ICU/icu4c-64_1/source/i18n/numparse_compositions.h,2,1,3
/media/ullmann/HDDGabriel/engines/UnrealEngine/Engine/Source/ThirdParty/ShaderConductor/ShaderConductor/External/DirectXShaderCompiler/lib/ExecutionEngine/RuntimeDyld/RuntimeDyldCOFF.h,3,1,4
/media/ullmann/HDDGabriel/engines/UnrealEngine/Engine/Source/ThirdParty/EOSSDK/SDK/Bin/Android/include/eos_auth.h,0,1,1
/media/ullmann/HDDGabriel/engines/UnrealEngine/Engine/Source/ThirdParty/EOSSDK/SDK/Bin/Android/include/eos_auth_types.h,2,1,3
/media/ullmann/HDDGabriel/engines/UnrealEngine/Engine/Source/ThirdParty/ICU/icu4c-64_1/source/common/ucol_swp.h,2,2,4
/media/ullmann/HDDGabriel/engines/UnrealEngine/Engine/Source/ThirdParty/PhysX3/PxShared/src/pvd/src/PxProfileDataParsing.h,1,1,2
/media/ullmann/HDDGabriel/engines/UnrealEngine/Engine/Source/ThirdParty/ICU/icu4c-64_1/source/i18n/windtfmt.h,2,3,5
/media/ullmann/HDDGabriel/engines/UnrealEngine/Engine/Source/ThirdParty/CryptoPP/5.6.5/include/zdeflate.cpp,0,4,4
/media/ullmann/HDDGabriel/engines/UnrealEngine/Engine/Source/ThirdParty/FreeType2/FreeType2-2.6/Include/ftbbox.h,0,1,1
/media/ullmann/HDDGabriel/engines/UnrealEngine/Engine/Source/ThirdParty/Intel/Embree/Embree270/src/common/math/col3.h,2,1,3
/media/ullmann/HDDGabriel/engines/UnrealEngine/Engine/Source/ThirdParty/EOSSDK/SDK/Bin/IOS/EOSSDK.framework/Headers/eos_mods.h,0,1,1
/media/ullmann/HDDGabriel/engines/UnrealEngine/Engine/Source/ThirdParty/EOSSDK/SDK/Bin/IOS/EOSSDK.framework/Headers/eos_mods_types.h,2,1,3
/media/ullmann/HDDGabriel/engines/UnrealEngine/Engine/Source/ThirdParty/OpenVDB/openvdb-8.1.0/openvdb_ax/openvdb_ax/test/backend/TestSymbolTable.cc,0,1,1
/media/ullmann/HDDGabriel/engines/UnrealEngine/Engine/Source/Runtime/RenderCore/Public/ShaderPermutation.h,1,0,1
/media/ullmann/HDDGabriel/engines/UnrealEngine/Engine/Source/ThirdParty/HarfBuzz/harfbuzz-2.4.0/src/hb-ot-shape-complex-use-table.cc,0,1,1
/media/ullmann/HDDGabriel/engines/UnrealEngine/Engine/Source/ThirdParty/SDL2/SDL-gui-backend/src/video/x11/SDL_x11xinput2.h,6,1,7
/media/ullmann/HDDGabriel/engines/UnrealEngine/Engine/Source/ThirdParty/CryptoPP/5.6.5/include/queue.cpp,0,3,3
/media/ullmann/HDDGabriel/engines/UnrealEngine/Engine/Source/ThirdParty/Perforce/P4Api.Net/p4bridge/stdafx.cpp,0,1,1
/media/ullmann/HDDGabriel/engines/UnrealEngine/Engine/Source/ThirdParty/ICU/icu4c-64_1/source/i18n/numfmt.cpp,0,11,11
/media/ullmann/HDDGabriel/engines/UnrealEngine/Engine/Source/Editor/Cascade/Private/CascadeEmitterHitProxies.cpp,0,1,1
/media/ullmann/HDDGabriel/engines/UnrealEngine/Engine/Source/Editor/Cascade/Private/CascadeEmitterHitProxies.h,2,0,2
/media/ullmann/HDDGabriel/engines/UnrealEngine/Engine/Source/ThirdParty/glslang/glslang/src/glslang_lib/glslang/MachineIndependent/iomapper.h,2,1,3
/media/ullmann/HDDGabriel/engines/UnrealEngine/Engine/Source/Developer/TargetDeviceServices/Private/Services/TargetDeviceServiceManager.cpp,0,2,2
/media/ullmann/HDDGabriel/engines/UnrealEngine/Engine/Source/Developer/TargetDeviceServices/Private/Services/TargetDeviceServiceManager.h,1,0,1
/media/ullmann/HDDGabriel/engines/UnrealEngine/Engine/Source/Runtime/InteractiveToolsFramework/Public/MultiSelectionTool.h,0,4,4
/media/ullmann/HDDGabriel/engines/UnrealEngine/Engine/Source/ThirdParty/Intel/Embree/Embree270/src/common/simd/int8_avx.h,1,0,1
/media/ullmann/HDDGabriel/engines/UnrealEngine/Engine/Source/ThirdParty/Intel/TBB/IntelTBB-2019u8/src/test/test_openmp.cpp,0,1,1
/media/ullmann/HDDGabriel/engines/UnrealEngine/Engine/Source/ThirdParty/ICU/icu4c-64_1/source/io/ustdio.cpp,0,3,3
/media/ullmann/HDDGabriel/engines/UnrealEngine/Engine/Source/ThirdParty/Intel/Embree/Embree2140/src/kernels/geometry/subdivpatch1eager_intersector.h,4,4,8
/media/ullmann/HDDGabriel/engines/UnrealEngine/Engine/Source/ThirdParty/glslang/glslang/src/glslang_exe/StandAlone/ResourceLimits.cpp,0,1,1
/media/ullmann/HDDGabriel/engines/UnrealEngine/Engine/Source/ThirdParty/glslang/glslang/src/glslang_exe/StandAlone/ResourceLimits.h,2,0,2
/media/ullmann/HDDGabriel/engines/UnrealEngine/Engine/Source/ThirdParty/Imath/Deploy/Imath-3.1.3/include/Imath/ImathRandom.h,0,2,2
/media/ullmann/HDDGabriel/engines/UnrealEngine/Engine/Source/ThirdParty/Alembic/alembic-1.8.2/python/PyAlembic/PyOArchive.cpp,0,1,1
/media/ullmann/HDDGabriel/engines/UnrealEngine/Engine/Source/Editor/LandscapeEditor/Private/LandscapeEditorDetailWidgets.h,2,0,2
/media/ullmann/HDDGabriel/engines/UnrealEngine/Engine/Source/Runtime/Engine/Private/VT/VirtualTextureUploadCache.cpp,0,2,2
/media/ullmann/HDDGabriel/engines/UnrealEngine/Engine/Source/ThirdParty/ICU/icu4c-64_1/source/samples/layout/GDIFontMap.h,3,3,6
/media/ullmann/HDDGabriel/engines/UnrealEngine/Engine/Source/ThirdParty/FreeType2/FreeType2-2.6/Include/ftadvanc.h,0,1,1
/media/ullmann/HDDGabriel/engines/UnrealEngine/Engine/Source/ThirdParty/ICU/icu4c-64_1/source/test/cintltst/cfrtst.h,1,1,2
/media/ullmann/HDDGabriel/engines/UnrealEngine/Engine/Source/ThirdParty/PhysX3/APEX_1.4/shared/external/include/SampleConvexMeshActor.h,0,1,1
/media/ullmann/HDDGabriel/engines/UnrealEngine/Engine/Source/ThirdParty/PhysX3/APEX_1.4/module/destructible/fracture/MeshClipper.h,2,1,3
/media/ullmann/HDDGabriel/engines/UnrealEngine/Engine/Source/ThirdParty/ICU/icu4c-53_1/source/common/unicode/idna.h,1,0,1
/media/ullmann/HDDGabriel/engines/UnrealEngine/Engine/Source/ThirdParty/WebRTC/4147/Include/tools/clang/blink_gc_plugin/tests/make_unique_gc_object.h,0,1,1
/media/ullmann/HDDGabriel/engines/UnrealEngine/Engine/Source/ThirdParty/SDL2/SDL-gui-backend/src/video/khronos/vulkan/vulkan_beta.h,1,0,1
/media/ullmann/HDDGabriel/engines/UnrealEngine/Engine/Source/Editor/DetailCustomizations/Private/FbxImportUIDetails.cpp,0,1,1
/media/ullmann/HDDGabriel/engines/UnrealEngine/Engine/Source/ThirdParty/FreeType2/FreeType2-2.6/Src/pshinter/pshnterr.h,3,0,3
/media/ullmann/HDDGabriel/engines/UnrealEngine/Engine/Source/Developer/LogVisualizer/Private/VisualLoggerCanvasRenderer.cpp,0,3,3
/media/ullmann/HDDGabriel/engines/UnrealEngine/Engine/Source/Runtime/Core/Public/Misc/CallbackDevice.h,1,0,1
/media/ullmann/HDDGabriel/engines/UnrealEngine/Engine/Source/ThirdParty/glslang/glslang/src/glslang_lib/glslang/MachineIndependent/gl_types.h,3,0,3
/media/ullmann/HDDGabriel/engines/UnrealEngine/Engine/Source/ThirdParty/PhysX3/APEX_1.4/shared/general/meshimport/include/utils/MiAsc2Bin.h,0,1,1
/media/ullmann/HDDGabriel/engines/UnrealEngine/Engine/Source/Runtime/Slate/Public/Widgets/Input/STextComboPopup.h,1,0,1
/media/ullmann/HDDGabriel/engines/UnrealEngine/Engine/Source/ThirdParty/Imath/Imath-3.1.3/src/ImathTest/testFrustum.h,2,0,2
/media/ullmann/HDDGabriel/engines/UnrealEngine/Engine/Source/ThirdParty/ICU/icu4c-53_1/source/i18n/unicode/curramt.h,6,0,6
/media/ullmann/HDDGabriel/engines/UnrealEngine/Engine/Source/ThirdParty/ICU/icu4c-53_1/source/layout/LigatureSubstProc2.h,2,5,7
/media/ullmann/HDDGabriel/engines/UnrealEngine/Engine/Source/ThirdParty/FreeImage/FreeImage-3.18.0/Wrapper/FreeImagePlus/test/fipTestMemIO.cpp,0,1,1
/media/ullmann/HDDGabriel/engines/UnrealEngine/Engine/Source/ThirdParty/mimalloc/src/os.c,1,0,1
/media/ullmann/HDDGabriel/engines/UnrealEngine/Engine/Source/Runtime/WebBrowser/Private/CEF/CEFBrowserApp.h,1,1,2
/media/ullmann/HDDGabriel/engines/UnrealEngine/Engine/Source/Programs/SwitchboardListener/Private/Windows/WindowsCpuUtilizationMonitor.cpp,0,1,1
/media/ullmann/HDDGabriel/engines/UnrealEngine/Engine/Source/Programs/SwitchboardListener/Private/Windows/WindowsCpuUtilizationMonitor.h,1,0,1
/media/ullmann/HDDGabriel/engines/UnrealEngine/Engine/Source/ThirdParty/openexr/openexr-3.1.1/src/lib/OpenEXR/ImfLut.cpp,0,1,1
/media/ullmann/HDDGabriel/engines/UnrealEngine/Engine/Source/ThirdParty/OpenVDB/openvdb-8.1.0/openvdb/openvdb/tools/PointAdvect.h,0,2,2
/media/ullmann/HDDGabriel/engines/UnrealEngine/Engine/Source/ThirdParty/CEF3/cef_binary_84.4.0+g304e015+chromium-84.0.4147.105_macosx64/tests/ceftests/plugin_unittest.cc,0,1,1
/media/ullmann/HDDGabriel/engines/UnrealEngine/Engine/Source/ThirdParty/CEF3/cef_binary_84.4.0+g304e015+chromium-84.0.4147.105_macosx64/tests/ceftests/tests/shared/browser/resource_util.h,3,0,3
/media/ullmann/HDDGabriel/engines/UnrealEngine/Engine/Source/Developer/TraceServices/Private/Modules/TasksModule.cpp,0,1,1
/media/ullmann/HDDGabriel/engines/UnrealEngine/Engine/Source/ThirdParty/OpenSubdiv/OpenSubdiv-3.4.4/opensubdiv/far/patchBuilder.cpp,0,8,8
/media/ullmann/HDDGabriel/engines/UnrealEngine/Engine/Source/ThirdParty/OpenSubdiv/OpenSubdiv-3.4.4/opensubdiv/far/bilinearPatchBuilder.h,2,2,4
/media/ullmann/HDDGabriel/engines/UnrealEngine/Engine/Source/ThirdParty/SDL2/SDL-gui-backend/src/video/uikit/SDL_uikitopengles.h,0,1,1
/media/ullmann/HDDGabriel/engines/UnrealEngine/Engine/Source/Editor/UMGEditor/Private/UMGEditorActions.cpp,0,1,1
/media/ullmann/HDDGabriel/engines/UnrealEngine/Engine/Source/ThirdParty/PhysX3/PxShared/src/pvd/src/PxProfileMemoryEventReflexiveWriter.h,0,2,2
/media/ullmann/HDDGabriel/engines/UnrealEngine/Engine/Source/Runtime/Experimental/Interchange/Engine/Private/Tasks/InterchangeTaskParsing.h,2,0,2
/media/ullmann/HDDGabriel/engines/UnrealEngine/Engine/Source/ThirdParty/Python3/Mac/include/dictobject.h,1,1,2
/media/ullmann/HDDGabriel/engines/UnrealEngine/Engine/Source/Runtime/AudioAnalyzer/Public/AudioAnalyzerFacade.h,0,1,1
/media/ullmann/HDDGabriel/engines/UnrealEngine/Engine/Source/Runtime/AudioAnalyzer/Public/IAudioAnalyzerInterface.h,1,0,1
/media/ullmann/HDDGabriel/engines/UnrealEngine/Engine/Source/ThirdParty/DirectShow/DirectShow-1.0.0/src/Public/combase.h,1,0,1
/media/ullmann/HDDGabriel/engines/UnrealEngine/Engine/Source/ThirdParty/ICU/icu4c-53_1/source/i18n/unicode/measure.h,2,0,2
/media/ullmann/HDDGabriel/engines/UnrealEngine/Engine/Source/ThirdParty/Intel/Embree/Embree270/src/kernels/xeon/bvh8/bvh8_statistics.cpp,0,1,1
/media/ullmann/HDDGabriel/engines/UnrealEngine/Engine/Source/ThirdParty/ICU/icu4c-64_1/source/tools/toolutil/uparse.cpp,0,2,2
/media/ullmann/HDDGabriel/engines/UnrealEngine/Engine/Source/Editor/ContentBrowser/Private/SFilterList.cpp,0,2,2
/media/ullmann/HDDGabriel/engines/UnrealEngine/Engine/Source/Editor/ContentBrowser/Private/SFilterList.h,4,0,4
/media/ullmann/HDDGabriel/engines/UnrealEngine/Engine/Source/ThirdParty/CryptoPP/5.6.5/include/algparam.cpp,0,3,3
/media/ullmann/HDDGabriel/engines/UnrealEngine/Engine/Source/ThirdParty/PhysX3/PhysX_3.4/Source/GeomUtils/src/intersection/GuIntersectionRayCapsule.cpp,0,2,2
/media/ullmann/HDDGabriel/engines/UnrealEngine/Engine/Source/ThirdParty/PhysX3/PhysX_3.4/Source/GeomUtils/src/intersection/GuIntersectionRaySphere.h,2,0,2
/media/ullmann/HDDGabriel/engines/UnrealEngine/Engine/Source/Editor/MaterialEditor/Private/MaterialEditorUtilities.cpp,0,2,2
/media/ullmann/HDDGabriel/engines/UnrealEngine/Engine/Source/Runtime/UMG/Public/Components/ExpandableArea.h,1,0,1
/media/ullmann/HDDGabriel/engines/UnrealEngine/Engine/Source/ThirdParty/OpenSubdiv/Deploy/OpenSubdiv-3.4.4/include/opensubdiv/osd/opengl.h,6,0,6
/media/ullmann/HDDGabriel/engines/UnrealEngine/Engine/Source/ThirdParty/Intel/Embree/Embree270/src/kernels/xeonphi/bvh4mb/bvh4mb_intersector16_hybrid.h,1,2,3
/media/ullmann/HDDGabriel/engines/UnrealEngine/Engine/Source/ThirdParty/Intel/TBB/IntelTBB-2019u8/examples/parallel_for/polygon_overlay/polyover.cpp,0,3,3
/media/ullmann/HDDGabriel/engines/UnrealEngine/Engine/Source/ThirdParty/ICU/icu4c-64_1/source/common/servlkf.cpp,0,10,10
/media/ullmann/HDDGabriel/engines/UnrealEngine/Engine/Source/Editor/Persona/Private/SAnimationBlendSpace.h,2,1,3
/media/ullmann/HDDGabriel/engines/UnrealEngine/Engine/Source/ThirdParty/SDL2/SDL-gui-backend/src/audio/pipewire/SDL_pipewire.c,0,2,2
/media/ullmann/HDDGabriel/engines/UnrealEngine/Engine/Source/ThirdParty/SDL2/SDL-gui-backend/src/audio/pipewire/SDL_pipewire.h,1,2,3
/media/ullmann/HDDGabriel/engines/UnrealEngine/Engine/Source/ThirdParty/ICU/icu4c-64_1/source/tools/toolutil/package.cpp,0,3,3
/media/ullmann/HDDGabriel/engines/UnrealEngine/Engine/Source/ThirdParty/ICU/icu4c-64_1/source/tools/toolutil/swapimpl.h,2,0,2
/media/ullmann/HDDGabriel/engines/UnrealEngine/Engine/Source/Runtime/Online/HTTPServer/Private/HttpConnectionTypes.h,2,0,2
/media/ullmann/HDDGabriel/engines/UnrealEngine/Engine/Source/ThirdParty/PhysX3/PhysX_3.4/Include/cooking/PxCooking.h,1,0,1
/media/ullmann/HDDGabriel/engines/UnrealEngine/Engine/Source/ThirdParty/libPNG/libPNG-1.6.37/pngwtran.c,0,1,1
/media/ullmann/HDDGabriel/engines/UnrealEngine/Engine/Source/ThirdParty/ICU/icu4c-53_1/source/test/intltest/plurfmts.h,2,1,3
/media/ullmann/HDDGabriel/engines/UnrealEngine/Engine/Source/ThirdParty/MCPP/mcpp-2.7.2/test-l/nest56.h,1,1,2
/media/ullmann/HDDGabriel/engines/UnrealEngine/Engine/Source/ThirdParty/OpenSubdiv/OpenSubdiv-3.4.4/regression/shapes/loop_cubes_semisharp.h,1,0,1
/media/ullmann/HDDGabriel/engines/UnrealEngine/Engine/Source/ThirdParty/AMD/Amf/core/Trace.h,1,4,5
/media/ullmann/HDDGabriel/engines/UnrealEngine/Engine/Source/Runtime/Apple/MetalRHI/Private/Shaders/Types/MetalVertexShader.cpp,0,2,2
/media/ullmann/HDDGabriel/engines/UnrealEngine/Engine/Source/Runtime/Apple/MetalRHI/Private/Shaders/Types/MetalVertexShader.h,2,0,2
/media/ullmann/HDDGabriel/engines/UnrealEngine/Engine/Source/Editor/AnimGraph/Private/AnimGraphNode_UseCachedPose.cpp,0,1,1
/media/ullmann/HDDGabriel/engines/UnrealEngine/Engine/Source/Editor/AnimGraph/Private/AnimBlueprintExtension_CachedPose.h,3,0,3
/media/ullmann/HDDGabriel/engines/UnrealEngine/Engine/Source/ThirdParty/PhysX3/PhysX_3.4/Source/GeomUtils/src/GuSweepSharedTests.h,1,0,1
/media/ullmann/HDDGabriel/engines/UnrealEngine/Engine/Source/ThirdParty/ICU/icu4c-64_1/source/common/bytestrieiterator.cpp,0,5,5
/media/ullmann/HDDGabriel/engines/UnrealEngine/Engine/Source/Runtime/Core/Public/Math/Interval.h,3,0,3
/media/ullmann/HDDGabriel/engines/UnrealEngine/Engine/Source/Editor/DetailCustomizations/Private/ActorDetails.cpp,0,3,3
/media/ullmann/HDDGabriel/engines/UnrealEngine/Engine/Source/ThirdParty/ICU/icu4c-64_1/source/test/intltest/tsmthred.h,2,1,3
/media/ullmann/HDDGabriel/engines/UnrealEngine/Engine/Source/ThirdParty/Android/libunwind/libunwind/include/libunwind-sh.h,1,2,3
/media/ullmann/HDDGabriel/engines/UnrealEngine/Engine/Source/Editor/AnimationBlueprintEditor/Private/AnimationBlueprintEditor.h,6,0,6
/media/ullmann/HDDGabriel/engines/UnrealEngine/Engine/Source/ThirdParty/libstrophe/libstrophe-0.9.3/tests/test.c,0,1,1
/media/ullmann/HDDGabriel/engines/UnrealEngine/Engine/Source/ThirdParty/Intel/Embree/Embree2140/src/kernels/geometry/linei_intersector.h,4,3,7
/media/ullmann/HDDGabriel/engines/UnrealEngine/Engine/Source/ThirdParty/ICU/icu4c-53_1/source/common/uarrsort.c,0,3,3
/media/ullmann/HDDGabriel/engines/UnrealEngine/Engine/Source/ThirdParty/PhysX3/APEX_1.4/module/clothing/embedded/ExtClothSimpleTetherCooker.cpp,0,2,2
/media/ullmann/HDDGabriel/engines/UnrealEngine/Engine/Source/ThirdParty/PhysX3/APEX_1.4/module/clothing/embedded/ExtClothTetherCooker.h,3,2,5
/media/ullmann/HDDGabriel/engines/UnrealEngine/Engine/Source/ThirdParty/ShaderConductor/ShaderConductor/External/DirectXShaderCompiler/lib/CodeGen/AsmPrinter/DebugLocStream.cpp,0,2,2
/media/ullmann/HDDGabriel/engines/UnrealEngine/Engine/Source/ThirdParty/PhysX3/APEX_1.4/module/destructible/fracture/PolygonTriangulator.cpp,0,2,2
/media/ullmann/HDDGabriel/engines/UnrealEngine/Engine/Source/ThirdParty/ShaderConductor/ShaderConductor/External/DirectXShaderCompiler/include/llvm/Support/ELFRelocs/PowerPC64.def,1,0,1
/media/ullmann/HDDGabriel/engines/UnrealEngine/Engine/Source/ThirdParty/Intel/Embree/Embree2140/src/kernels/geometry/linei.h,6,1,7
/media/ullmann/HDDGabriel/engines/UnrealEngine/Engine/Source/Runtime/Experimental/Chaos/Public/Chaos/ImplicitObjectUnion.h,0,2,2
/media/ullmann/HDDGabriel/engines/UnrealEngine/Engine/Source/Runtime/Experimental/GeometryCollectionEngine/Public/ChaosTrailingEventFilter.h,1,1,2
/media/ullmann/HDDGabriel/engines/UnrealEngine/Engine/Source/ThirdParty/ShaderConductor/ShaderConductor/External/SPIRV-Cross/spirv_cross.cpp,0,5,5
/media/ullmann/HDDGabriel/engines/UnrealEngine/Engine/Source/ThirdParty/ShaderConductor/ShaderConductor/External/SPIRV-Cross/spirv_cfg.hpp,3,1,4
/media/ullmann/HDDGabriel/engines/UnrealEngine/Engine/Source/ThirdParty/libOpus/opus-1.1/celt/arm/armcpu.c,0,1,1
/media/ullmann/HDDGabriel/engines/UnrealEngine/Engine/Source/ThirdParty/libOpus/opus-1.1/celt/arm/armcpu.h,3,0,3
/media/ullmann/HDDGabriel/engines/UnrealEngine/Engine/Source/ThirdParty/SDL2/SDL-gui-backend/src/video/riscos/SDL_riscosmodes.c,0,4,4
/media/ullmann/HDDGabriel/engines/UnrealEngine/Engine/Source/Editor/Persona/Private/AnimTimeline/SAnimTrackArea.cpp,0,6,6
/media/ullmann/HDDGabriel/engines/UnrealEngine/Engine/Source/ThirdParty/ShaderConductor/ShaderConductor/External/DirectXShaderCompiler/tools/llvm-c-test/metadata.c,0,1,1
/media/ullmann/HDDGabriel/engines/UnrealEngine/Engine/Source/ThirdParty/Python3/Win64/include/exports.h,1,0,1
/media/ullmann/HDDGabriel/engines/UnrealEngine/Engine/Source/Editor/Persona/Private/SSkeletonAnimNotifies.cpp,0,2,2
/media/ullmann/HDDGabriel/engines/UnrealEngine/Engine/Source/ThirdParty/Imath/Imath-3.1.3/src/python/PyImath/PyImathBox2Array.cpp,0,2,2
/media/ullmann/HDDGabriel/engines/UnrealEngine/Engine/Source/ThirdParty/BLAKE3/0.3.7/c/blake3.h,3,0,3
/media/ullmann/HDDGabriel/engines/UnrealEngine/Engine/Source/Runtime/Engine/Private/VT/BlockCodingHelpers.h,3,0,3
/media/ullmann/HDDGabriel/engines/UnrealEngine/Engine/Source/Editor/UnrealEd/Classes/Factories/TextureFactory.h,0,1,1
/media/ullmann/HDDGabriel/engines/UnrealEngine/Engine/Source/Editor/UnrealEd/Classes/Factories/ImportSettings.h,1,0,1
/media/ullmann/HDDGabriel/engines/UnrealEngine/Engine/Source/Developer/MessageLog/Private/MessageFilter.cpp,0,1,1
/media/ullmann/HDDGabriel/engines/UnrealEngine/Engine/Source/Developer/MessageLog/Private/MessageFilter.h,1,0,1
/media/ullmann/HDDGabriel/engines/UnrealEngine/Engine/Source/ThirdParty/ShaderConductor/ShaderConductor/External/DirectXShaderCompiler/lib/CodeGen/BranchFolding.cpp,0,1,1
/media/ullmann/HDDGabriel/engines/UnrealEngine/Engine/Source/Programs/UnrealTraceServer/src/Recorder.h,4,4,8
/media/ullmann/HDDGabriel/engines/UnrealEngine/Engine/Source/ThirdParty/PhysX3/PhysX_3.4/Source/SimulationController/src/particles/ScParticlePacketShape.h,4,1,5
/media/ullmann/HDDGabriel/engines/UnrealEngine/Engine/Source/Editor/UnrealEd/Private/FbxMaterialConflictWindow.h,0,1,1
/media/ullmann/HDDGabriel/engines/UnrealEngine/Engine/Source/Editor/UnrealEd/Private/FbxCompareWindow.h,1,0,1
/media/ullmann/HDDGabriel/engines/UnrealEngine/Engine/Source/ThirdParty/FreeType2/FreeType2-2.10.4/src/pshinter/pshrec.c,1,3,4
/media/ullmann/HDDGabriel/engines/UnrealEngine/Engine/Source/ThirdParty/FreeType2/FreeType2-2.10.4/src/pshinter/pshnterr.h,2,0,2
/media/ullmann/HDDGabriel/engines/UnrealEngine/Engine/Source/ThirdParty/openexr/openexr-3.1.1/src/lib/OpenEXR/ImfDwaCompressorSimd.h,1,3,4
/media/ullmann/HDDGabriel/engines/UnrealEngine/Engine/Source/ThirdParty/PhysX3/APEX_1.4/module/destructible/fracture/Core/CompoundGeometryBase.cpp,0,1,1
/media/ullmann/HDDGabriel/engines/UnrealEngine/Engine/Source/ThirdParty/Intel/Embree/Embree270/src/kernels/xeon/geometry/object_intersector4.h,1,2,3
/media/ullmann/HDDGabriel/engines/UnrealEngine/Engine/Source/ThirdParty/PhysX3/PhysX_3.4/Source/PhysX/src/NpWriteCheck.h,5,0,5
/media/ullmann/HDDGabriel/engines/UnrealEngine/Engine/Source/Runtime/DeveloperSettings/Public/Engine/DeveloperSettings.h,3,0,3
/media/ullmann/HDDGabriel/engines/UnrealEngine/Engine/Source/Developer/RealtimeProfiler/Private/SRealtimeProfilerTimeline.cpp,0,3,3
/media/ullmann/HDDGabriel/engines/UnrealEngine/Engine/Source/Developer/RealtimeProfiler/Private/SRealtimeProfilerTimeline.h,2,0,2
/media/ullmann/HDDGabriel/engines/UnrealEngine/Engine/Source/ThirdParty/Boost/boost-1_70_0/include/boost/spirit/home/support/detail/lexer/containers/ptr_list.hpp,1,0,1
/media/ullmann/HDDGabriel/engines/UnrealEngine/Engine/Source/ThirdParty/ICU/icu4c-64_1/source/i18n/vtzone.cpp,0,4,4
/media/ullmann/HDDGabriel/engines/UnrealEngine/Engine/Source/ThirdParty/PhysX3/APEX_1.4/include/clothing/ClothingAssetAuthoring.h,0,1,1
/media/ullmann/HDDGabriel/engines/UnrealEngine/Engine/Source/ThirdParty/PhysX3/APEX_1.4/include/clothing/ClothingPhysicalMesh.h,1,0,1
/media/ullmann/HDDGabriel/engines/UnrealEngine/Engine/Source/ThirdParty/PhysX3/PhysX_3.4/Source/PhysX/src/buffering/ScbArticulationJoint.h,2,3,5
/media/ullmann/HDDGabriel/engines/UnrealEngine/Engine/Source/Runtime/Online/ICMP/Private/IcmpPosix.cpp,0,1,1
/media/ullmann/HDDGabriel/engines/UnrealEngine/Engine/Source/Runtime/Online/ICMP/Private/IcmpPrivate.h,3,0,3
/media/ullmann/HDDGabriel/engines/UnrealEngine/Engine/Source/ThirdParty/FreeImage/FreeImage-3.18.0/Source/OpenEXR/IlmImf/ImfRleCompressor.cpp,0,4,4
/media/ullmann/HDDGabriel/engines/UnrealEngine/Engine/Source/ThirdParty/HarfBuzz/harfbuzz-1.2.4/src/hb-ot-map.cc,0,2,2
/media/ullmann/HDDGabriel/engines/UnrealEngine/Engine/Source/ThirdParty/Imath/Imath-3.1.3/src/ImathTest/testProcrustes.h,1,0,1
/media/ullmann/HDDGabriel/engines/UnrealEngine/Engine/Source/ThirdParty/FreeType2/FreeType2-2.10.4/src/pfr/pfrload.c,1,2,3
/media/ullmann/HDDGabriel/engines/UnrealEngine/Engine/Source/Editor/StructViewer/Private/SStructViewer.cpp,0,2,2
/media/ullmann/HDDGabriel/engines/UnrealEngine/Engine/Source/Editor/StructViewer/Private/SStructViewer.h,2,0,2
/media/ullmann/HDDGabriel/engines/UnrealEngine/Engine/Source/Runtime/Renderer/Private/Lumen/LumenProbeHierarchy.cpp,0,1,1
/media/ullmann/HDDGabriel/engines/UnrealEngine/Engine/Source/Runtime/Renderer/Private/Lumen/LumenProbeHierarchy.h,4,0,4
/media/ullmann/HDDGabriel/engines/UnrealEngine/Engine/Source/Runtime/Experimental/Interchange/Engine/Private/Tasks/InterchangeTaskCreateAsset.cpp,0,1,1
/media/ullmann/HDDGabriel/engines/UnrealEngine/Engine/Source/Runtime/Experimental/Interchange/Engine/Private/Tasks/InterchangeTaskCreateAsset.h,2,0,2
/media/ullmann/HDDGabriel/engines/UnrealEngine/Engine/Source/Runtime/Experimental/Chaos/Public/GeometryCollection/GeometryCollectionAlgo.h,0,1,1
/media/ullmann/HDDGabriel/engines/UnrealEngine/Engine/Source/Runtime/Experimental/Chaos/Public/GeometryCollection/ManagedArray.h,1,0,1
/media/ullmann/HDDGabriel/engines/UnrealEngine/Engine/Source/Editor/AnimGraph/Private/AnimBlueprintNodeOptionalPinManager.cpp,0,1,1
/media/ullmann/HDDGabriel/engines/UnrealEngine/Engine/Source/Editor/AnimGraph/Private/AnimBlueprintNodeOptionalPinManager.h,2,0,2
/media/ullmann/HDDGabriel/engines/UnrealEngine/Engine/Source/ThirdParty/PhysX3/PhysX_3.4/Include/PxBatchQueryDesc.h,2,4,6
/media/ullmann/HDDGabriel/engines/UnrealEngine/Engine/Source/Developer/TraceInsights/Private/Insights/MemoryProfiler/ViewModels/MemAllocGroupingByCallstack.cpp,0,2,2
/media/ullmann/HDDGabriel/engines/UnrealEngine/Engine/Source/Developer/TraceInsights/Private/Insights/MemoryProfiler/ViewModels/MemAllocGroupingByCallstack.h,1,0,1
/media/ullmann/HDDGabriel/engines/UnrealEngine/Engine/Source/ThirdParty/FreeImage/FreeImage-3.18.0/Source/LibTIFF4/tif_predict.c,0,2,2
/media/ullmann/HDDGabriel/engines/UnrealEngine/Engine/Source/ThirdParty/FreeType2/FreeType2-2.10.0/src/autofit/afshaper.c,1,5,6
/media/ullmann/HDDGabriel/engines/UnrealEngine/Engine/Source/ThirdParty/HarfBuzz/harfbuzz-2.4.0/src/hb-coretext.h,1,1,2
/media/ullmann/HDDGabriel/engines/UnrealEngine/Engine/Source/ThirdParty/ShaderConductor/ShaderConductor/External/SPIRV-Tools/source/opt/graphics_robust_access_pass.cpp,0,9,9
/media/ullmann/HDDGabriel/engines/UnrealEngine/Engine/Source/ThirdParty/ShaderConductor/ShaderConductor/External/SPIRV-Tools/source/opt/function.h,2,0,2
/media/ullmann/HDDGabriel/engines/UnrealEngine/Engine/Source/Editor/LandscapeEditor/Private/LandscapeEditorDetailCustomization_Base.cpp,0,2,2
/media/ullmann/HDDGabriel/engines/UnrealEngine/Engine/Source/ThirdParty/ICU/icu4c-64_1/source/io/unicode/ustdio.h,8,0,8
/media/ullmann/HDDGabriel/engines/UnrealEngine/Engine/Source/ThirdParty/Kiss_FFT/kiss_fft129/kiss_fft.c,0,1,1
/media/ullmann/HDDGabriel/engines/UnrealEngine/Engine/Source/ThirdParty/Kiss_FFT/kiss_fft129/_kiss_fft_guts.h,1,1,2
/media/ullmann/HDDGabriel/engines/UnrealEngine/Engine/Source/Editor/FoliageEdit/Private/LandscapeGrassTypeFactory.cpp,0,1,1
/media/ullmann/HDDGabriel/engines/UnrealEngine/Engine/Source/Editor/FoliageEdit/Private/LandscapeGrassTypeFactory.h,1,0,1
/media/ullmann/HDDGabriel/engines/UnrealEngine/Engine/Source/ThirdParty/ICU/icu4c-64_1/source/common/ustrfmt.cpp,0,2,2
/media/ullmann/HDDGabriel/engines/UnrealEngine/Engine/Source/Runtime/Engine/Private/LevelTick.cpp,0,3,3
/media/ullmann/HDDGabriel/engines/UnrealEngine/Engine/Source/ThirdParty/FreeType2/FreeType2-2.6/Src/autofit/afscript.h,6,0,6
/media/ullmann/HDDGabriel/engines/UnrealEngine/Engine/Source/ThirdParty/SDL2/SDL-gui-backend/src/misc/vita/SDL_sysurl.c,0,1,1
/media/ullmann/HDDGabriel/engines/UnrealEngine/Engine/Source/Editor/Persona/Private/SAnimNotifyPanel.cpp,0,3,3
/media/ullmann/HDDGabriel/engines/UnrealEngine/Engine/Source/Runtime/Renderer/Private/VolumetricRenderTarget.h,5,1,6
/media/ullmann/HDDGabriel/engines/UnrealEngine/Engine/Source/Runtime/Renderer/Private/VolumetricRenderTargetViewStateData.h,2,0,2
/media/ullmann/HDDGabriel/engines/UnrealEngine/Engine/Source/ThirdParty/Intel/Embree/Embree270/src/kernels/xeon/builders/bvh_builder_morton.h,1,2,3
/media/ullmann/HDDGabriel/engines/UnrealEngine/Engine/Source/ThirdParty/Intel/Embree/Embree2140/src/common/sys/filename.cpp,0,2,2
/media/ullmann/HDDGabriel/engines/UnrealEngine/Engine/Source/ThirdParty/ICU/icu4c-53_1/source/i18n/dcfmtsym.cpp,0,7,7
/media/ullmann/HDDGabriel/engines/UnrealEngine/Engine/Source/ThirdParty/ICU/icu4c-53_1/source/i18n/unicode/unum.h,3,0,3
/media/ullmann/HDDGabriel/engines/UnrealEngine/Engine/Source/ThirdParty/libPNG/libPNG-1.6.37/mips/filter_msa_intrinsics.c,0,1,1
/media/ullmann/HDDGabriel/engines/UnrealEngine/Engine/Source/Editor/PropertyEditor/Private/DetailLayoutBuilderImpl.h,6,3,9
/media/ullmann/HDDGabriel/engines/UnrealEngine/Engine/Source/Runtime/SlateRHIRenderer/Private/SlateElementVertexBuffer.cpp,0,1,1
/media/ullmann/HDDGabriel/engines/UnrealEngine/Engine/Source/Runtime/Experimental/Interchange/Core/Public/InterchangeTranslatorBase.h,0,3,3
/media/ullmann/HDDGabriel/engines/UnrealEngine/Engine/Source/ThirdParty/PhysX3/APEX_1.4/include/Curve.h,0,2,2
/media/ullmann/HDDGabriel/engines/UnrealEngine/Engine/Source/ThirdParty/libstrophe/libstrophe-0.9.3/src/tls_openssl.c,0,3,3
/media/ullmann/HDDGabriel/engines/UnrealEngine/Engine/Source/ThirdParty/Python3/Linux/include/python3.9/picklebufobject.h,1,0,1
/media/ullmann/HDDGabriel/engines/UnrealEngine/Engine/Source/Developer/Windows/LiveCodingServer/Private/External/LC_ModulePatch.cpp,0,2,2
/media/ullmann/HDDGabriel/engines/UnrealEngine/Engine/Source/ThirdParty/FreeType2/FreeType2-2.10.0/src/otvalid/otvgpos.c,1,3,4
/media/ullmann/HDDGabriel/engines/UnrealEngine/Engine/Source/ThirdParty/Boost/boost-1_70_0/include/boost/outcome/std_outcome.hpp,1,4,5
/media/ullmann/HDDGabriel/engines/UnrealEngine/Engine/Source/ThirdParty/WebRTC/4147/Include/third_party/ffmpeg/libavcodec/opusenc_utils.h,1,1,2
/media/ullmann/HDDGabriel/engines/UnrealEngine/Engine/Source/ThirdParty/WebRTC/4147/Include/third_party/ffmpeg/libavcodec/opus.h,2,1,3
/media/ullmann/HDDGabriel/engines/UnrealEngine/Engine/Source/ThirdParty/Oculus/LibOVRPlatform/LibOVRPlatform/include/OVR_Packet.h,2,3,5
/media/ullmann/HDDGabriel/engines/UnrealEngine/Engine/Source/Runtime/CoreUObject/Public/UObject/UObjectArray.h,2,0,2
/media/ullmann/HDDGabriel/engines/UnrealEngine/Engine/Source/ThirdParty/HarfBuzz/harfbuzz-1.2.4/src/hb-ot-shape-normalize-private.hh,2,0,2
/media/ullmann/HDDGabriel/engines/UnrealEngine/Engine/Source/ThirdParty/PhysX3/NvCloth/samples/SampleBase/utils/CallbackImplementations.cpp,0,2,2
/media/ullmann/HDDGabriel/engines/UnrealEngine/Engine/Source/ThirdParty/PhysX3/NvCloth/samples/SampleBase/utils/CallbackImplementations.h,2,0,2
/media/ullmann/HDDGabriel/engines/UnrealEngine/Engine/Source/ThirdParty/Python3/Win64/include/pymacro.h,1,0,1
/media/ullmann/HDDGabriel/engines/UnrealEngine/Engine/Source/ThirdParty/FreeImage/FreeImage-3.18.0/Source/LibTIFF4/tif_version.c,0,1,1
/media/ullmann/HDDGabriel/engines/UnrealEngine/Engine/Source/ThirdParty/Crunch/src/crnlib/crn_math.h,1,0,1
/media/ullmann/HDDGabriel/engines/UnrealEngine/Engine/Source/Runtime/ApplicationCore/Private/IOS/IOSPlatformSurvey.cpp,0,1,1
/media/ullmann/HDDGabriel/engines/UnrealEngine/Engine/Source/Runtime/ApplicationCore/Private/IOS/IOSWindow.h,4,0,4
/media/ullmann/HDDGabriel/engines/UnrealEngine/Engine/Source/Editor/ClothPainter/Private/ClothingAssetListCommands.h,2,0,2
/media/ullmann/HDDGabriel/engines/UnrealEngine/Engine/Source/Editor/PropertyEditor/Private/UserInterface/PropertyEditor/SPropertyEditorNumeric.h,1,0,1
/media/ullmann/HDDGabriel/engines/UnrealEngine/Engine/Source/Runtime/Online/BackgroundHTTP/Public/BackgroundHttpModule.h,1,2,3
/media/ullmann/HDDGabriel/engines/UnrealEngine/Engine/Source/Runtime/Online/BackgroundHTTP/Public/Interfaces/IBackgroundHttpManager.h,2,1,3
/media/ullmann/HDDGabriel/engines/UnrealEngine/Engine/Source/ThirdParty/PhysX3/APEX_1.4/common/include/FieldSamplerQueryIntl.h,0,2,2
/media/ullmann/HDDGabriel/engines/UnrealEngine/Engine/Source/ThirdParty/FreeImage/FreeImage-3.18.0/Source/FreeImageIO.h,0,1,1
/media/ullmann/HDDGabriel/engines/UnrealEngine/Engine/Source/Editor/Sequencer/Private/SequencerSectionLayoutBuilder.cpp,0,2,2
/media/ullmann/HDDGabriel/engines/UnrealEngine/Engine/Source/Runtime/Online/BuildPatchServices/Private/Common/HttpManager.h,2,0,2
/media/ullmann/HDDGabriel/engines/UnrealEngine/Engine/Source/Editor/Persona/Private/SAnimMontagePanel.cpp,0,4,4
/media/ullmann/HDDGabriel/engines/UnrealEngine/Engine/Source/Runtime/Renderer/Private/VolumetricFogLightFunction.cpp,0,4,4
/media/ullmann/HDDGabriel/engines/UnrealEngine/Engine/Source/ThirdParty/SpeedTree/SpeedTreeSDK-v7.0/Include/Core/Map.h,0,5,5
/media/ullmann/HDDGabriel/engines/UnrealEngine/Engine/Source/ThirdParty/SpeedTree/SpeedTreeSDK-v7.0/Include/Core/Array.h,3,0,3
/media/ullmann/HDDGabriel/engines/UnrealEngine/Engine/Source/ThirdParty/Boost/boost-1_70_0/include/boost/safe_numerics/safe_compare.hpp,1,0,1
/media/ullmann/HDDGabriel/engines/UnrealEngine/Engine/Source/ThirdParty/hlslcc/hlslcc/src/hlslcc_lib/simple_list.h,1,0,1
/media/ullmann/HDDGabriel/engines/UnrealEngine/Engine/Source/Editor/Persona/Private/AnimTimeline/AnimTimelineTrack.cpp,0,3,3
/media/ullmann/HDDGabriel/engines/UnrealEngine/Engine/Source/Runtime/GameplayTags/Classes/GameplayTagsSettings.h,0,1,1
/media/ullmann/HDDGabriel/engines/UnrealEngine/Engine/Source/Runtime/GameplayTags/Classes/GameplayTagsManager.h,1,1,2
/media/ullmann/HDDGabriel/engines/UnrealEngine/Engine/Source/ThirdParty/Android/libunwind/libunwind/src/ia64/Gregs.c,1,3,4
/media/ullmann/HDDGabriel/engines/UnrealEngine/Engine/Source/ThirdParty/Android/libunwind/libunwind/src/ia64/regs.h,3,1,4
/media/ullmann/HDDGabriel/engines/UnrealEngine/Engine/Source/Runtime/Engine/Private/Streaming/Texture2DMipDataProvider_IO.cpp,0,1,1
/media/ullmann/HDDGabriel/engines/UnrealEngine/Engine/Source/ThirdParty/MCPP/mcpp-2.7.2/test-l/nest1.h,0,1,1
/media/ullmann/HDDGabriel/engines/UnrealEngine/Engine/Source/ThirdParty/Unix/LibCxx/include/c++/v1/stddef.h,2,2,4
/media/ullmann/HDDGabriel/engines/UnrealEngine/Engine/Source/ThirdParty/Unix/LibCxx/include/c++/v1/__nullptr,1,0,1
/media/ullmann/HDDGabriel/engines/UnrealEngine/Engine/Source/ThirdParty/Steamworks/Steamv147/sdk/public/steam/isteamgameserverstats.h,1,1,2
/media/ullmann/HDDGabriel/engines/UnrealEngine/Engine/Source/Editor/PropertyEditor/Private/SDetailsView.h,3,2,5
/media/ullmann/HDDGabriel/engines/UnrealEngine/Engine/Source/ThirdParty/ICU/icu4c-64_1/source/i18n/tznames_impl.cpp,0,5,5
/media/ullmann/HDDGabriel/engines/UnrealEngine/Engine/Source/ThirdParty/libOpus/opus-1.0.3/celt/modes.c,0,6,6
/media/ullmann/HDDGabriel/engines/UnrealEngine/Engine/Source/Programs/EpicWebHelper/Private/EpicWebHelperCallbackRegistry.cpp,0,2,2
/media/ullmann/HDDGabriel/engines/UnrealEngine/Engine/Source/Programs/EpicWebHelper/Private/EpicWebHelperCallbackRegistry.h,2,1,3
/media/ullmann/HDDGabriel/engines/UnrealEngine/Engine/Source/Editor/AudioEditor/Private/Editors/SoundEffectPresetEditor.cpp,0,1,1
/media/ullmann/HDDGabriel/engines/UnrealEngine/Engine/Source/Editor/AudioEditor/Private/Editors/SoundEffectPresetEditor.h,1,0,1
/media/ullmann/HDDGabriel/engines/UnrealEngine/Engine/Source/Editor/Sequencer/Private/SequencerTimeSliderController.cpp,0,2,2
/media/ullmann/HDDGabriel/engines/UnrealEngine/Engine/Source/ThirdParty/FreeType2/FreeType2-2.10.4/src/psaux/afmparse.c,1,3,4
/media/ullmann/HDDGabriel/engines/UnrealEngine/Engine/Source/ThirdParty/FreeType2/FreeType2-2.10.4/src/psaux/psauxerr.h,6,0,6
/media/ullmann/HDDGabriel/engines/UnrealEngine/Engine/Source/Runtime/Engine/Public/SimpleElementShaders.h,0,1,1
/media/ullmann/HDDGabriel/engines/UnrealEngine/Engine/Source/Runtime/Projects/Public/LocalizationDescriptor.h,3,0,3
/media/ullmann/HDDGabriel/engines/UnrealEngine/Engine/Source/ThirdParty/Crunch/src/crnlib/crn_qdxt5.h,2,6,8
/media/ullmann/HDDGabriel/engines/UnrealEngine/Engine/Source/ThirdParty/FBX/2020.2/include/fbxsdk/scene/fbxenvironment.h,1,0,1
/media/ullmann/HDDGabriel/engines/UnrealEngine/Engine/Source/ThirdParty/MCPP/mcpp-2.7.2/test-l/nest49.h,1,1,2
/media/ullmann/HDDGabriel/engines/UnrealEngine/Engine/Source/ThirdParty/openexr/openexr-3.1.1/src/test/OpenEXRCoreTest/write.cpp,0,2,2
/media/ullmann/HDDGabriel/engines/UnrealEngine/Engine/Source/ThirdParty/libcurl/include/Android/x86/curl/curlver.h,1,0,1
/media/ullmann/HDDGabriel/engines/UnrealEngine/Engine/Source/ThirdParty/PhysX3/APEX_1.4/module/clothing_legacy/include/autogen/ClothingPhysicalMeshParameters_0p10.h,1,0,1
/media/ullmann/HDDGabriel/engines/UnrealEngine/Engine/Source/ThirdParty/SDL2/SDL-gui-backend/src/video/directfb/SDL_DirectFB_modes.c,0,3,3
/media/ullmann/HDDGabriel/engines/UnrealEngine/Engine/Source/Editor/AudioEditor/Private/SoundClassEditor.cpp,0,3,3
/media/ullmann/HDDGabriel/engines/UnrealEngine/Engine/Source/Editor/AudioEditor/Private/SoundClassEditor.h,2,0,2
/media/ullmann/HDDGabriel/engines/UnrealEngine/Engine/Source/ThirdParty/nvTextureTools/nvTextureTools-2.0.8/src/src/nvtt/OptimalCompressDXT.h,3,0,3
/media/ullmann/HDDGabriel/engines/UnrealEngine/Engine/Source/ThirdParty/ICU/icu4c-64_1/source/i18n/ucsdet.cpp,0,8,8
/media/ullmann/HDDGabriel/engines/UnrealEngine/Engine/Source/ThirdParty/ICU/icu4c-64_1/source/i18n/unicode/ucsdet.h,2,0,2
/media/ullmann/HDDGabriel/engines/UnrealEngine/Engine/Source/ThirdParty/Crunch/src/crnlib/crn_freeimage_image_utils.h,0,1,1
/media/ullmann/HDDGabriel/engines/UnrealEngine/Engine/Source/ThirdParty/ShaderConductor/ShaderConductor/External/DirectXShaderCompiler/tools/llvm-pdbdump/TypedefDumper.cpp,0,5,5
/media/ullmann/HDDGabriel/engines/UnrealEngine/Engine/Source/Developer/ToolMenus/Public/ToolMenuMisc.h,4,0,4
/media/ullmann/HDDGabriel/engines/UnrealEngine/Engine/Source/ThirdParty/FreeImage/FreeImage-3.18.0/Source/OpenEXR/IlmImf/ImfTiledMisc.cpp,0,5,5
/media/ullmann/HDDGabriel/engines/UnrealEngine/Engine/Source/ThirdParty/CryptoPP/5.6.5/include/files.cpp,0,2,2
/media/ullmann/HDDGabriel/engines/UnrealEngine/Engine/Source/ThirdParty/ICU/icu4c-64_1/source/common/unicode/strenum.h,4,0,4
/media/ullmann/HDDGabriel/engines/UnrealEngine/Engine/Source/ThirdParty/Android/libunwind/libunwind/src/arm/Gglobal.c,1,1,2
/media/ullmann/HDDGabriel/engines/UnrealEngine/Engine/Source/ThirdParty/PhysX3/PhysX_3.4/Source/PhysXCooking/src/convex/BigConvexDataBuilder.cpp,0,2,2
/media/ullmann/HDDGabriel/engines/UnrealEngine/Engine/Source/ThirdParty/Intel/TBB/IntelTBB-2019u8/src/test/test_sequencer_node.cpp,0,2,2
/media/ullmann/HDDGabriel/engines/UnrealEngine/Engine/Source/ThirdParty/PhysX3/APEX_1.4/module/destructible/fracture/Renderable.cpp,0,5,5
/media/ullmann/HDDGabriel/engines/UnrealEngine/Engine/Source/ThirdParty/libPNG/libPNG-1.5.2/pngerror.c,0,1,1
/media/ullmann/HDDGabriel/engines/UnrealEngine/Engine/Source/ThirdParty/mimalloc/src/alloc.c,1,1,2
/media/ullmann/HDDGabriel/engines/UnrealEngine/Engine/Source/ThirdParty/ICU/icu4c-53_1/source/test/cintltst/encoll.h,1,1,2
/media/ullmann/HDDGabriel/engines/UnrealEngine/Engine/Source/ThirdParty/FreeImage/FreeImage-3.18.0/Source/OpenEXR/IlmImf/ImfPreviewImageAttribute.cpp,0,1,1
/media/ullmann/HDDGabriel/engines/UnrealEngine/Engine/Source/ThirdParty/FreeImage/FreeImage-3.18.0/Source/OpenEXR/IlmImf/ImfPreviewImageAttribute.h,6,2,8
/media/ullmann/HDDGabriel/engines/UnrealEngine/Engine/Source/ThirdParty/SDL2/SDL-gui-backend/src/video/psp/SDL_pspvideo.h,6,2,8
/media/ullmann/HDDGabriel/engines/UnrealEngine/Engine/Source/ThirdParty/PhysX3/PhysX_3.4/Include/PxPhysicsSerialization.h,0,2,2
/media/ullmann/HDDGabriel/engines/UnrealEngine/Engine/Source/ThirdParty/PhysX3/PhysX_3.4/Include/common/PxSerialFramework.h,5,0,5
/media/ullmann/HDDGabriel/engines/UnrealEngine/Engine/Source/Editor/MovieSceneTools/Private/Channels/SCurveEditorEventChannelView.cpp,0,1,1
/media/ullmann/HDDGabriel/engines/UnrealEngine/Engine/Source/Editor/MovieSceneTools/Private/Channels/SCurveEditorEventChannelView.h,2,0,2
/media/ullmann/HDDGabriel/engines/UnrealEngine/Engine/Source/Developer/TraceAnalysis/Private/Analysis/Transport/TidPacketTransport.h,2,1,3
/media/ullmann/HDDGabriel/engines/UnrealEngine/Engine/Source/ThirdParty/PhysX3/APEX_1.4/module/destructible/include/autogen/DestructibleActorChunks.h,1,0,1
/media/ullmann/HDDGabriel/engines/UnrealEngine/Engine/Source/ThirdParty/ICU/icu4c-53_1/source/i18n/dtptngen_impl.h,1,0,1
/media/ullmann/HDDGabriel/engines/UnrealEngine/Engine/Source/Runtime/SlateRHIRenderer/Private/SlateNativeTextureResource.h,3,0,3
/media/ullmann/HDDGabriel/engines/UnrealEngine/Engine/Source/ThirdParty/SDL2/SDL-gui-backend/include/SDL_test_random.h,1,2,3
/media/ullmann/HDDGabriel/engines/UnrealEngine/Engine/Source/ThirdParty/CryptoPP/5.6.2/include/emsa2.h,3,3,6
/media/ullmann/HDDGabriel/engines/UnrealEngine/Engine/Source/ThirdParty/Alembic/alembic-1.8.2/python/PyAlembic/PyOPolyMesh.cpp,0,3,3
/media/ullmann/HDDGabriel/engines/UnrealEngine/Engine/Source/ThirdParty/Android/detex/AndroidETC.cpp,0,2,2
/media/ullmann/HDDGabriel/engines/UnrealEngine/Engine/Source/Editor/UnrealEd/Private/PackageAutoSaver.h,2,0,2
/media/ullmann/HDDGabriel/engines/UnrealEngine/Engine/Source/ThirdParty/ShaderConductor/ShaderConductor/External/DirectXShaderCompiler/lib/CodeGen/AsmPrinter/DIE.cpp,0,3,3
/media/ullmann/HDDGabriel/engines/UnrealEngine/Engine/Source/ThirdParty/SDL2/SDL-gui-backend/src/video/directfb/SDL_DirectFB_render.h,1,0,1
/media/ullmann/HDDGabriel/engines/UnrealEngine/Engine/Source/ThirdParty/ShaderConductor/ShaderConductor/External/DirectXShaderCompiler/lib/Transforms/ObjCARC/PtrState.h,2,1,3
/media/ullmann/HDDGabriel/engines/UnrealEngine/Engine/Source/ThirdParty/OpenSubdiv/OpenSubdiv-3.4.4/regression/shapes/loop_pole64.h,1,0,1
/media/ullmann/HDDGabriel/engines/UnrealEngine/Engine/Source/Editor/Kismet/Private/UserDefinedStructureEditor.h,2,0,2
/media/ullmann/HDDGabriel/engines/UnrealEngine/Engine/Source/ThirdParty/PhysX3/PhysX_3.4/Source/SimulationController/include/ScArticulationCore.h,0,1,1
/media/ullmann/HDDGabriel/engines/UnrealEngine/Engine/Source/ThirdParty/PhysX3/PhysX_3.4/Source/SimulationController/include/ScActorCore.h,4,0,4
/media/ullmann/HDDGabriel/engines/UnrealEngine/Engine/Source/Runtime/Core/Public/Containers/UnrealString.h,4,0,4
/media/ullmann/HDDGabriel/engines/UnrealEngine/Engine/Source/ThirdParty/MCPP/mcpp-2.7.2/test-c/n_13_5.c,0,1,1
/media/ullmann/HDDGabriel/engines/UnrealEngine/Engine/Source/Editor/DetailCustomizations/Private/HierarchicalSimplificationCustomizations.cpp,0,1,1
/media/ullmann/HDDGabriel/engines/UnrealEngine/Engine/Source/Editor/UnrealEd/Classes/Exporters/StaticMeshExporterFBX.h,0,1,1
/media/ullmann/HDDGabriel/engines/UnrealEngine/Engine/Source/Editor/UnrealEd/Classes/Exporters/ExporterFbx.h,4,0,4
/media/ullmann/HDDGabriel/engines/UnrealEngine/Engine/Source/ThirdParty/ICU/icu4c-64_1/source/common/udataswp.cpp,0,5,5
/media/ullmann/HDDGabriel/engines/UnrealEngine/Engine/Source/ThirdParty/Perforce/p4api-2014.2/include/p4/filesys.h,1,0,1
/media/ullmann/HDDGabriel/engines/UnrealEngine/Engine/Source/ThirdParty/MCPP/mcpp-2.7.2/test-l/nest50.h,1,1,2
/media/ullmann/HDDGabriel/engines/UnrealEngine/Engine/Source/ThirdParty/Intel/ISPC/ispc-1.16.1/src/ispc.cpp,0,4,4
/media/ullmann/HDDGabriel/engines/UnrealEngine/Engine/Source/ThirdParty/FreeType2/FreeType2-2.6/Src/base/ftpic.c,1,1,2
/media/ullmann/HDDGabriel/engines/UnrealEngine/Engine/Source/ThirdParty/ShaderConductor/ShaderConductor/External/DirectXShaderCompiler/lib/ExecutionEngine/IntelJITEvents/ittnotify_config.h,1,1,2
/media/ullmann/HDDGabriel/engines/UnrealEngine/Engine/Source/ThirdParty/WebRTC/4147/Include/third_party/libvpx/source/libvpx/vpx/vp8_zerocopy.h,0,1,1
/media/ullmann/HDDGabriel/engines/UnrealEngine/Engine/Source/ThirdParty/SDL2/SDL-gui-backend/src/video/haiku/SDL_bmessagebox.cc,0,2,2
/media/ullmann/HDDGabriel/engines/UnrealEngine/Engine/Source/ThirdParty/libOpus/opus-1.1/celt/arm/fixed_armv5e.h,1,1,2
/media/ullmann/HDDGabriel/engines/UnrealEngine/Engine/Source/ThirdParty/FBX/2020.2/include/fbxsdk/scene/shading/fbxpropertyentryview.h,1,0,1
/media/ullmann/HDDGabriel/engines/UnrealEngine/Engine/Source/Runtime/AVEncoder/Private/Decoders/vdecmpeg4/M4BitstreamHeaderInfo.h,2,2,4
/media/ullmann/HDDGabriel/engines/UnrealEngine/Engine/Source/ThirdParty/HarfBuzz/harfbuzz-2.4.0/src/hb-ot-shape-complex-arabic-table.hh,1,0,1
/media/ullmann/HDDGabriel/engines/UnrealEngine/Engine/Source/ThirdParty/Intel/TBB/IntelTBB-2019u8/examples/parallel_for/tachyon/src/box.cpp,0,7,7
/media/ullmann/HDDGabriel/engines/UnrealEngine/Engine/Source/Runtime/Landscape/Private/LandscapePhysicalMaterial.cpp,0,1,1
/media/ullmann/HDDGabriel/engines/UnrealEngine/Engine/Source/ThirdParty/ShaderConductor/ShaderConductor/External/DirectXShaderCompiler/include/llvm/ExecutionEngine/Orc/ExecutionUtils.h,0,1,1
/media/ullmann/HDDGabriel/engines/UnrealEngine/Engine/Source/Developer/Datasmith/DatasmithFacade/Public/DatasmithFacadeVariant.h,0,2,2
/media/ullmann/HDDGabriel/engines/UnrealEngine/Engine/Source/ThirdParty/SDL2/SDL-gui-backend/src/video/haiku/SDL_bframebuffer.h,4,1,5
/media/ullmann/HDDGabriel/engines/UnrealEngine/Engine/Source/Developer/RigVMDeveloper/Public/RigVMModel/RigVMLink.h,1,1,2
/media/ullmann/HDDGabriel/engines/UnrealEngine/Engine/Source/Developer/RigVMDeveloper/Public/RigVMModel/RigVMPin.h,2,0,2
/media/ullmann/HDDGabriel/engines/UnrealEngine/Engine/Source/ThirdParty/FreeType2/FreeType2-2.10.0/src/pcf/pcf.c,0,3,3
/media/ullmann/HDDGabriel/engines/UnrealEngine/Engine/Source/ThirdParty/FreeType2/FreeType2-2.10.0/src/pcf/pcfread.c,1,3,4
/media/ullmann/HDDGabriel/engines/UnrealEngine/Engine/Source/ThirdParty/glslang/glslang/src/glslang_lib/glslang/MachineIndependent/preprocessor/PpScanner.cpp,0,3,3
/media/ullmann/HDDGabriel/engines/UnrealEngine/Engine/Source/ThirdParty/FontConfig/fontconfig-2.13.94/src/fcdefault.c,0,1,1
/media/ullmann/HDDGabriel/engines/UnrealEngine/Engine/Source/ThirdParty/libPNG/libPNG-1.6.37/contrib/gregbook/readpng.c,0,1,1
/media/ullmann/HDDGabriel/engines/UnrealEngine/Engine/Source/ThirdParty/libPNG/libPNG-1.6.37/contrib/gregbook/readpng.h,4,0,4
/media/ullmann/HDDGabriel/engines/UnrealEngine/Engine/Source/ThirdParty/FreeType2/FreeType2-2.6/Include/ftsynth.h,0,1,1
/media/ullmann/HDDGabriel/engines/UnrealEngine/Engine/Source/ThirdParty/FreeType2/FreeType2-2.10.4/src/cff/cffload.c,1,3,4
/media/ullmann/HDDGabriel/engines/UnrealEngine/Engine/Source/ThirdParty/llvm/8/include/llvm/DebugInfo/PDB/IPDBTable.h,0,1,1
/media/ullmann/HDDGabriel/engines/UnrealEngine/Engine/Source/ThirdParty/ICU/icu4c-64_1/source/test/intltest/tsputil.h,2,1,3
/media/ullmann/HDDGabriel/engines/UnrealEngine/Engine/Source/ThirdParty/ShaderConductor/ShaderConductor/External/SPIRV-Cross/spirv_cross_containers.hpp,1,1,2
/media/ullmann/HDDGabriel/engines/UnrealEngine/Engine/Source/Developer/ShaderFormatVectorVM/Private/ir_vm_extract_scalar.cpp,0,1,1
/media/ullmann/HDDGabriel/engines/UnrealEngine/Engine/Source/Developer/ShaderFormatVectorVM/Private/VectorVMBackend.h,10,0,10
/media/ullmann/HDDGabriel/engines/UnrealEngine/Engine/Source/Runtime/AudioExtensions/Public/ISoundfieldFormat.h,3,0,3
/media/ullmann/HDDGabriel/engines/UnrealEngine/Engine/Source/ThirdParty/ICU/icu4c-53_1/source/i18n/nfrs.h,4,2,6
/media/ullmann/HDDGabriel/engines/UnrealEngine/Engine/Source/ThirdParty/FreeImage/FreeImage-3.18.0/Source/OpenEXR/Iex/IexBaseExc.cpp,0,3,3
/media/ullmann/HDDGabriel/engines/UnrealEngine/Engine/Source/ThirdParty/FreeImage/FreeImage-3.18.0/Source/OpenEXR/Iex/IexBaseExc.h,5,2,7
/media/ullmann/HDDGabriel/engines/UnrealEngine/Engine/Source/ThirdParty/ICU/icu4c-53_1/source/test/cintltst/cformtst.c,0,2,2
/media/ullmann/HDDGabriel/engines/UnrealEngine/Engine/Source/ThirdParty/ICU/icu4c-64_1/source/test/intltest/aliastst.cpp,0,1,1
/media/ullmann/HDDGabriel/engines/UnrealEngine/Engine/Source/ThirdParty/ICU/icu4c-53_1/source/i18n/collationdatawriter.h,1,0,1
/media/ullmann/HDDGabriel/engines/UnrealEngine/Engine/Source/ThirdParty/ICU/icu4c-53_1/source/layout/ContextualSubstSubtables.h,3,7,10
/media/ullmann/HDDGabriel/engines/UnrealEngine/Engine/Source/ThirdParty/ShaderConductor/ShaderConductor/External/DirectXShaderCompiler/include/dxc/DXIL/DxilResource.h,0,1,1
/media/ullmann/HDDGabriel/engines/UnrealEngine/Engine/Source/ThirdParty/FreeType2/FreeType2-2.6/Src/cache/ftcmanag.c,1,3,4
/media/ullmann/HDDGabriel/engines/UnrealEngine/Engine/Source/Editor/AudioEditor/Private/SoundModulationDestinationLayout.h,2,0,2
/media/ullmann/HDDGabriel/engines/UnrealEngine/Engine/Source/ThirdParty/CEF3/cef_binary_84.4.0+g304e015+chromium-84.0.4147.105_macosx64/tests/ceftests/tracing_unittest.cc,0,1,1
/media/ullmann/HDDGabriel/engines/UnrealEngine/Engine/Source/ThirdParty/PhysX3/PhysX_3.4/Source/LowLevelParticles/src/PtDynamicsTempBuffers.h,2,1,3
/media/ullmann/HDDGabriel/engines/UnrealEngine/Engine/Source/Editor/PropertyEditor/Private/SDetailRowIndent.h,4,0,4
/media/ullmann/HDDGabriel/engines/UnrealEngine/Engine/Source/ThirdParty/Boost/boost-1_70_0/include/boost/next_prior.hpp,0,1,1
/media/ullmann/HDDGabriel/engines/UnrealEngine/Engine/Source/ThirdParty/SDL2/SDL-gui-backend/src/filesystem/riscos/SDL_sysfilesystem.c,0,1,1
/media/ullmann/HDDGabriel/engines/UnrealEngine/Engine/Source/ThirdParty/Steamworks/Steamv146/sdk/public/steam/steamencryptedappticket.h,0,1,1
/media/ullmann/HDDGabriel/engines/UnrealEngine/Engine/Source/ThirdParty/Intel/TBB/IntelTBB-2019u8/include/tbb/concurrent_queue.h,1,2,3
/media/ullmann/HDDGabriel/engines/UnrealEngine/Engine/Source/ThirdParty/Intel/ISPC/ispc-1.16.1/examples/xpu/sgemm/main.cpp,0,2,2
/media/ullmann/HDDGabriel/engines/UnrealEngine/Engine/Source/ThirdParty/ICU/icu4c-53_1/source/test/cintltst/ucnvseltst.c,0,1,1
/media/ullmann/HDDGabriel/engines/UnrealEngine/Engine/Source/ThirdParty/ICU/icu4c-53_1/source/test/cintltst/ucnvseltst.h,1,1,2
/media/ullmann/HDDGabriel/engines/UnrealEngine/Engine/Source/ThirdParty/openexr/openexr-3.1.1/src/lib/OpenEXR/ImfLineOrder.h,3,2,5
/media/ullmann/HDDGabriel/engines/UnrealEngine/Engine/Source/ThirdParty/ICU/icu4c-64_1/source/i18n/unicode/dtptngen.h,4,0,4
/media/ullmann/HDDGabriel/engines/UnrealEngine/Engine/Source/ThirdParty/ICU/icu4c-53_1/source/i18n/basictz.cpp,0,2,2
/media/ullmann/HDDGabriel/engines/UnrealEngine/Engine/Source/Runtime/PreLoadScreen/Public/PreLoadScreen.h,2,0,2
/media/ullmann/HDDGabriel/engines/UnrealEngine/Engine/Source/Editor/PropertyEditor/Private/SDetailCategoryTableRow.cpp,0,3,3
/media/ullmann/HDDGabriel/engines/UnrealEngine/Engine/Source/Editor/PropertyEditor/Private/SDetailExpanderArrow.h,3,0,3
/media/ullmann/HDDGabriel/engines/UnrealEngine/Engine/Source/ThirdParty/EOSSDK/SDK/Include/eos_lobby_types.h,2,2,4
/media/ullmann/HDDGabriel/engines/UnrealEngine/Engine/Source/ThirdParty/CryptoPP/5.6.5/include/idea.cpp,0,4,4
/media/ullmann/HDDGabriel/engines/UnrealEngine/Engine/Source/ThirdParty/Intel/Embree/Embree270/src/kernels/common/scene_user_geometry.h,3,1,4
/media/ullmann/HDDGabriel/engines/UnrealEngine/Engine/Source/ThirdParty/FreeImage/FreeImage-3.18.0/Source/OpenEXR/Imath/ImathSphere.h,1,4,5
/media/ullmann/HDDGabriel/engines/UnrealEngine/Engine/Source/ThirdParty/PhysX3/PxShared/src/foundation/include/PsHash.h,1,2,3
/media/ullmann/HDDGabriel/engines/UnrealEngine/Engine/Source/ThirdParty/OpenSubdiv/OpenSubdiv-3.4.4/regression/shapes/catmark_pawn.h,1,0,1
/media/ullmann/HDDGabriel/engines/UnrealEngine/Engine/Source/Editor/BlueprintGraph/Classes/K2Node_PureAssignmentStatement.h,0,1,1
/media/ullmann/HDDGabriel/engines/UnrealEngine/Engine/Source/ThirdParty/FreeImage/FreeImage-3.18.0/Source/LibOpenJPEG/jp2.h,2,0,2
/media/ullmann/HDDGabriel/engines/UnrealEngine/Engine/Source/ThirdParty/FreeType2/FreeType2-2.6/Src/raster/rastpic.h,3,0,3
/media/ullmann/HDDGabriel/engines/UnrealEngine/Engine/Source/ThirdParty/CryptoPP/5.6.5/include/filters.cpp,0,9,9
/media/ullmann/HDDGabriel/engines/UnrealEngine/Engine/Source/ThirdParty/VHACD/inc/btVector3.h,1,2,3
/media/ullmann/HDDGabriel/engines/UnrealEngine/Engine/Source/ThirdParty/VHACD/inc/btMinMax.h,1,1,2
/media/ullmann/HDDGabriel/engines/UnrealEngine/Engine/Source/ThirdParty/ShaderConductor/ShaderConductor/External/DirectXShaderCompiler/tools/clang/lib/Driver/Tools.cpp,0,3,3
/media/ullmann/HDDGabriel/engines/UnrealEngine/Engine/Source/ThirdParty/SDL2/SDL-gui-backend/src/video/SDL_rect.c,0,2,2
/media/ullmann/HDDGabriel/engines/UnrealEngine/Engine/Source/ThirdParty/SDL2/SDL-gui-backend/src/video/SDL_rect_c.h,2,1,3
/media/ullmann/HDDGabriel/engines/UnrealEngine/Engine/Source/Developer/DerivedDataCache/Private/DerivedDataBuild.cpp,0,1,1
/media/ullmann/HDDGabriel/engines/UnrealEngine/Engine/Source/Developer/DerivedDataCache/Public/DerivedDataBuildDefinition.h,1,1,2
/media/ullmann/HDDGabriel/engines/UnrealEngine/Engine/Source/ThirdParty/SDL2/SDL-gui-backend/src/video/os2/SDL_os2vman.c,0,5,5
/media/ullmann/HDDGabriel/engines/UnrealEngine/Engine/Source/ThirdParty/SDL2/SDL-gui-backend/src/video/os2/SDL_gradd.h,1,0,1
/media/ullmann/HDDGabriel/engines/UnrealEngine/Engine/Source/Runtime/Landscape/Private/LandscapeEditResources.h,2,0,2
/media/ullmann/HDDGabriel/engines/UnrealEngine/Engine/Source/Runtime/Engine/Classes/GameFramework/LightWeightInstanceSubsystem.h,0,1,1
/media/ullmann/HDDGabriel/engines/UnrealEngine/Engine/Source/Runtime/Engine/Classes/GameFramework/Actor.h,2,0,2
/media/ullmann/HDDGabriel/engines/UnrealEngine/Engine/Source/ThirdParty/ICU/icu4c-64_1/source/common/unistr_case_locale.cpp,0,5,5
/media/ullmann/HDDGabriel/engines/UnrealEngine/Engine/Source/Editor/Sequencer/Public/ISequencerTrackEditor.h,1,2,3
/media/ullmann/HDDGabriel/engines/UnrealEngine/Engine/Source/Runtime/Experimental/Interchange/Engine/Private/InterchangeEngineModule.cpp,0,1,1
/media/ullmann/HDDGabriel/engines/UnrealEngine/Engine/Source/Runtime/Experimental/Interchange/Engine/Private/InterchangeEngineLogPrivate.h,2,0,2
/media/ullmann/HDDGabriel/engines/UnrealEngine/Engine/Source/ThirdParty/libOpus/opus-1.3.1-12/silk/fixed/find_pred_coefs_FIX.c,0,1,1
/media/ullmann/HDDGabriel/engines/UnrealEngine/Engine/Source/Developer/Windows/LiveCoding/Private/External/LC_InterprocessMutex.cpp,0,2,2
/media/ullmann/HDDGabriel/engines/UnrealEngine/Engine/Source/Developer/Windows/LiveCoding/Private/External/LC_InterprocessMutex.h,3,1,4
/media/ullmann/HDDGabriel/engines/UnrealEngine/Engine/Source/ThirdParty/HarfBuzz/harfbuzz-1.2.4/src/hb-ot-os2-table.hh,1,0,1
/media/ullmann/HDDGabriel/engines/UnrealEngine/Engine/Source/Runtime/D3D12RHI/Private/D3D12ConstantBuffer.cpp,0,1,1
/media/ullmann/HDDGabriel/engines/UnrealEngine/Engine/Source/Editor/AnimGraph/Private/EditModes/SplineIKEditMode.h,2,0,2
/media/ullmann/HDDGabriel/engines/UnrealEngine/Engine/Source/ThirdParty/PhysX3/APEX_1.4/module/destructible/fracture/IceRevisitedRadix.cpp,0,2,2
/media/ullmann/HDDGabriel/engines/UnrealEngine/Engine/Source/Developer/TaskGraph/Private/STaskGraph.cpp,0,2,2
/media/ullmann/HDDGabriel/engines/UnrealEngine/Engine/Source/Developer/TaskGraph/Private/SProfileVisualizer.h,2,0,2
/media/ullmann/HDDGabriel/engines/UnrealEngine/Engine/Source/ThirdParty/Python3/Linux/include/python3.9/dictobject.h,1,1,2
/media/ullmann/HDDGabriel/engines/UnrealEngine/Engine/Source/ThirdParty/WebRTC/4147/Include/third_party/opus/src/silk/Inlines.h,1,0,1
/media/ullmann/HDDGabriel/engines/UnrealEngine/Engine/Source/ThirdParty/openexr/openexr-3.1.1/src/lib/OpenEXR/ImfRleCompressor.h,2,2,4
/media/ullmann/HDDGabriel/engines/UnrealEngine/Engine/Source/ThirdParty/PhysX3/PhysX_3.4/Source/GeomUtils/src/intersection/GuIntersectionRayCapsule.h,1,1,2
/media/ullmann/HDDGabriel/engines/UnrealEngine/Engine/Source/ThirdParty/PhysX3/PhysX_3.4/Source/GeomUtils/src/intersection/GuIntersectionRay.h,2,0,2
/media/ullmann/HDDGabriel/engines/UnrealEngine/Engine/Source/ThirdParty/PhysX3/APEX_1.4/module/framework_legacy/include/autogen/BufferU8x1_0p0.h,1,0,1
/media/ullmann/HDDGabriel/engines/UnrealEngine/Engine/Source/ThirdParty/SDL2/SDL-gui-backend/src/joystick/controller_type.h,2,0,2
/media/ullmann/HDDGabriel/engines/UnrealEngine/Engine/Source/ThirdParty/SDL2/SDL-gui-backend/include/SDL_quit.h,1,2,3
/media/ullmann/HDDGabriel/engines/UnrealEngine/Engine/Source/ThirdParty/ICU/icu4c-53_1/source/test/intltest/currcoll.h,2,1,3
/media/ullmann/HDDGabriel/engines/UnrealEngine/Engine/Source/ThirdParty/FreeType2/FreeType2-2.10.4/src/sfnt/ttcmap.h,3,1,4
/media/ullmann/HDDGabriel/engines/UnrealEngine/Engine/Source/ThirdParty/libPNG/libPNG-1.6.37/contrib/gregbook/rpng2-win.c,0,1,1
/media/ullmann/HDDGabriel/engines/UnrealEngine/Engine/Source/ThirdParty/libPNG/libPNG-1.6.37/contrib/gregbook/readpng2.h,3,0,3
/media/ullmann/HDDGabriel/engines/UnrealEngine/Engine/Source/ThirdParty/Imath/Imath-3.1.3/src/ImathTest/testArithmetic.cpp,0,1,1
/media/ullmann/HDDGabriel/engines/UnrealEngine/Engine/Source/ThirdParty/Imath/Imath-3.1.3/src/ImathTest/testArithmetic.h,2,0,2
/media/ullmann/HDDGabriel/engines/UnrealEngine/Engine/Source/Runtime/RenderCore/Public/GPUMessaging.h,0,1,1
/media/ullmann/HDDGabriel/engines/UnrealEngine/Engine/Source/ThirdParty/FreeType2/FreeType2-2.4.12/src/base/ftdbgmem.c,1,0,1
/media/ullmann/HDDGabriel/engines/UnrealEngine/Engine/Source/ThirdParty/ICU/icu4c-64_1/source/i18n/usearch.cpp,0,3,3
/media/ullmann/HDDGabriel/engines/UnrealEngine/Engine/Source/ThirdParty/PhysX3/APEX_1.4/module/destructible_legacy/include/autogen/DestructibleAssetParameters_0p9.h,1,0,1
/media/ullmann/HDDGabriel/engines/UnrealEngine/Engine/Source/ThirdParty/Android/libunwind/libunwind/src/mips/Lcreate_addr_space.c,0,1,1
/media/ullmann/HDDGabriel/engines/UnrealEngine/Engine/Source/ThirdParty/Android/libunwind/libunwind/src/mips/Gcreate_addr_space.c,1,1,2
/media/ullmann/HDDGabriel/engines/UnrealEngine/Engine/Source/ThirdParty/ShaderConductor/ShaderConductor/External/DirectXShaderCompiler/tools/clang/lib/Headers/htmxlintrin.h,0,2,2
/media/ullmann/HDDGabriel/engines/UnrealEngine/Engine/Source/Developer/Windows/LiveCodingServer/Private/External/LC_AppSettings.cpp,0,2,2
/media/ullmann/HDDGabriel/engines/UnrealEngine/Engine/Source/ThirdParty/Crunch/src/example3/example3.cpp,0,1,1
/media/ullmann/HDDGabriel/engines/UnrealEngine/Engine/Source/ThirdParty/Crunch/src/example3/stb_image.h,1,0,1
/media/ullmann/HDDGabriel/engines/UnrealEngine/Engine/Source/ThirdParty/llvm/8/include/llvm/DebugInfo/PDB/PDBSymbolTypeArray.h,0,2,2
/media/ullmann/HDDGabriel/engines/UnrealEngine/Engine/Source/Developer/AssetTools/Private/AssetTypeActions/AssetTypeActions_Font.h,1,0,1
/media/ullmann/HDDGabriel/engines/UnrealEngine/Engine/Source/ThirdParty/ShaderConductor/ShaderConductor/External/DirectXShaderCompiler/tools/clang/tools/libclang/CIndexInclusionStack.cpp,0,3,3
/media/ullmann/HDDGabriel/engines/UnrealEngine/Engine/Source/ThirdParty/SDL2/SDL-gui-backend/src/video/haiku/SDL_bvideo.h,1,2,3
/media/ullmann/HDDGabriel/engines/UnrealEngine/Engine/Source/ThirdParty/SDL2/SDL-gui-backend/src/main/haiku/SDL_BeApp.h,4,1,5
/media/ullmann/HDDGabriel/engines/UnrealEngine/Engine/Source/Editor/LevelEditor/Private/SLevelEditorBuildAndSubmit.h,2,0,2
/media/ullmann/HDDGabriel/engines/UnrealEngine/Engine/Source/ThirdParty/Intel/Embree/Embree3122/MacOSX/include/embree3/rtcore_quaternion.h,2,1,3
/media/ullmann/HDDGabriel/engines/UnrealEngine/Engine/Source/Editor/DetailCustomizations/Private/SoftObjectPathCustomization.cpp,0,1,1
/media/ullmann/HDDGabriel/engines/UnrealEngine/Engine/Source/ThirdParty/Vorbis/libvorbis-1.3.2/lib/lpc.c,0,5,5
/media/ullmann/HDDGabriel/engines/UnrealEngine/Engine/Source/ThirdParty/openexr/Deploy/openexr-3.1.1/include/OpenEXR/ImfInt64.h,0,1,1
/media/ullmann/HDDGabriel/engines/UnrealEngine/Engine/Source/ThirdParty/Intel/ISPC/ispc-1.17.0/src/decl.cpp,0,7,7
/media/ullmann/HDDGabriel/engines/UnrealEngine/Engine/Source/ThirdParty/Android/libunwind/libunwind/src/coredump/_UCD_access_reg_linux.c,0,2,2
/media/ullmann/HDDGabriel/engines/UnrealEngine/Engine/Source/ThirdParty/OpenVDB/openvdb-8.1.0/openvdb/openvdb/io/DelayedLoadMetadata.h,4,0,4
/media/ullmann/HDDGabriel/engines/UnrealEngine/Engine/Source/ThirdParty/GoogleOboe/Private/opensles/AudioOutputStreamOpenSLES.h,1,1,2
/media/ullmann/HDDGabriel/engines/UnrealEngine/Engine/Source/ThirdParty/Intel/Embree/Embree270/src/kernels/xeon/bvh4/bvh4_intersector16_single.cpp,0,8,8
/media/ullmann/HDDGabriel/engines/UnrealEngine/Engine/Source/ThirdParty/libPNG/libPNG-1.6.37/contrib/gregbook/rpng-win.c,0,1,1
/media/ullmann/HDDGabriel/engines/UnrealEngine/Engine/Source/Editor/EditorWidgets/Private/SAssetDiscoveryIndicator.h,2,0,2
/media/ullmann/HDDGabriel/engines/UnrealEngine/Engine/Source/Runtime/Datasmith/DirectLink/Private/DirectLinkMessages.h,3,0,3
/media/ullmann/HDDGabriel/engines/UnrealEngine/Engine/Source/ThirdParty/hlslcc/hlslcc/src/hlslcc_lib/ir_import_prototypes.cpp,0,3,3
/media/ullmann/HDDGabriel/engines/UnrealEngine/Engine/Source/ThirdParty/Intel/TBB/IntelTBB-2019u8/include/tbb/task_arena.h,5,5,10
/media/ullmann/HDDGabriel/engines/UnrealEngine/Engine/Source/ThirdParty/Boost/boost-1_70_0/include/boost/format.hpp,0,1,1
/media/ullmann/HDDGabriel/engines/UnrealEngine/Engine/Source/ThirdParty/Boost/boost-1_70_0/include/boost/locale,1,0,1
/media/ullmann/HDDGabriel/engines/UnrealEngine/Engine/Source/ThirdParty/ShaderConductor/ShaderConductor/External/DirectXShaderCompiler/tools/clang/lib/CodeGen/CGBlocks.cpp,0,5,5
/media/ullmann/HDDGabriel/engines/UnrealEngine/Engine/Source/Runtime/Slate/Public/Framework/MultiBox/MultiBoxBuilder.h,3,0,3
/media/ullmann/HDDGabriel/engines/UnrealEngine/Engine/Source/ThirdParty/SDL2/SDL-gui-backend/src/video/vita/SDL_vitatouch.h,2,1,3
/media/ullmann/HDDGabriel/engines/UnrealEngine/Engine/Source/ThirdParty/Boost/boost-1_70_0/include/boost/polygon/detail/polygon_arbitrary_formation.hpp,2,0,2
/media/ullmann/HDDGabriel/engines/UnrealEngine/Engine/Source/Runtime/Core/Private/Tests/Misc/PathViewsTest.cpp,0,1,1
/media/ullmann/HDDGabriel/engines/UnrealEngine/Engine/Source/ThirdParty/FreeType2/FreeType2-2.10.0/src/pcf/pcferror.h,2,0,2
/media/ullmann/HDDGabriel/engines/UnrealEngine/Engine/Source/ThirdParty/ICU/icu4c-53_1/source/i18n/unicode/gender.h,1,0,1
/media/ullmann/HDDGabriel/engines/UnrealEngine/Engine/Source/ThirdParty/PhysX3/APEX_1.4/module/clothing_legacy/include/autogen/ClothingAssetParameters_0p4.h,1,0,1
/media/ullmann/HDDGabriel/engines/UnrealEngine/Engine/Source/ThirdParty/SpeedTree/SpeedTreeSDK-v7.0/Include/Core/Memory.h,0,1,1
/media/ullmann/HDDGabriel/engines/UnrealEngine/Engine/Source/ThirdParty/SpeedTree/SpeedTreeSDK-v7.0/Include/Core/Allocator.h,1,0,1
/media/ullmann/HDDGabriel/engines/UnrealEngine/Engine/Source/ThirdParty/PhysX3/PhysX_3.4/Source/PhysXMetaData/core/include/PvdMetaDataPropertyVisitor.h,2,1,3
/media/ullmann/HDDGabriel/engines/UnrealEngine/Engine/Source/ThirdParty/PhysX3/PhysX_3.4/Source/PhysXMetaData/core/include/PvdMetaDataExtensions.h,1,1,2
/media/ullmann/HDDGabriel/engines/UnrealEngine/Engine/Source/Runtime/WebBrowser/Private/Android/AndroidWebBrowserWidget.h,2,3,5
/media/ullmann/HDDGabriel/engines/UnrealEngine/Engine/Source/Runtime/WebBrowser/Private/Android/AndroidWebBrowserDialog.h,4,0,4
/media/ullmann/HDDGabriel/engines/UnrealEngine/Engine/Source/ThirdParty/openexr/openexr-3.1.1/src/lib/OpenEXR/ImfZipCompressor.h,2,3,5
/media/ullmann/HDDGabriel/engines/UnrealEngine/Engine/Source/ThirdParty/MCPP/mcpp-2.7.2/test-c/m_34_ksc.c,0,1,1
/media/ullmann/HDDGabriel/engines/UnrealEngine/Engine/Source/Editor/CurveTableEditor/Private/RealCurveModel.cpp,0,1,1
/media/ullmann/HDDGabriel/engines/UnrealEngine/Engine/Source/Runtime/UMG/Public/Components/ButtonSlot.h,1,0,1
/media/ullmann/HDDGabriel/engines/UnrealEngine/Engine/Source/ThirdParty/WebRTC/4147/Include/tools/clang/blink_gc_plugin/tests/inner_class.h,0,1,1
/media/ullmann/HDDGabriel/engines/UnrealEngine/Engine/Source/ThirdParty/FreeType2/FreeType2-2.4.12/src/autofit/afpic.h,3,1,4
/media/ullmann/HDDGabriel/engines/UnrealEngine/Engine/Source/Runtime/Experimental/GeometryCollectionEngine/Public/GeometryCollection/GeometryCollectionComponent.h,0,2,2
/media/ullmann/HDDGabriel/engines/UnrealEngine/Engine/Source/Runtime/Experimental/GeometryCollectionEngine/Public/GeometryCollection/GeometryCollectionEditorSelection.h,2,0,2
/media/ullmann/HDDGabriel/engines/UnrealEngine/Engine/Source/ThirdParty/libSampleRate/Private/float_cast.h,0,1,1
/media/ullmann/HDDGabriel/engines/UnrealEngine/Engine/Source/ThirdParty/libSampleRate/Private/config.h,2,0,2
/media/ullmann/HDDGabriel/engines/UnrealEngine/Engine/Source/Runtime/Slate/Public/Widgets/Input/IVirtualKeyboardEntry.h,3,0,3
/media/ullmann/HDDGabriel/engines/UnrealEngine/Engine/Source/Developer/Windows/LiveCodingServer/Private/LiveCodingServerModule.cpp,0,2,2
/media/ullmann/HDDGabriel/engines/UnrealEngine/Engine/Source/Developer/Windows/LiveCodingServer/Private/LiveCodingServerModule.h,1,0,1
/media/ullmann/HDDGabriel/engines/UnrealEngine/Engine/Source/Editor/PropertyEditor/Private/DetailCategoryGroupNode.h,4,2,6
/media/ullmann/HDDGabriel/engines/UnrealEngine/Engine/Source/Programs/Enterprise/Datasmith/DatasmithMaxExporter/Private/DatasmithMaxSceneExporter.cpp,0,2,2
/media/ullmann/HDDGabriel/engines/UnrealEngine/Engine/Source/ThirdParty/nvTextureTools/nvTextureTools-2.0.8/src/src/nvtt/squish/fastclusterfit.cpp,0,4,4
/media/ullmann/HDDGabriel/engines/UnrealEngine/Engine/Source/ThirdParty/nvTextureTools/nvTextureTools-2.0.8/src/src/nvtt/squish/fastclusterlookup.inl,1,0,1
/media/ullmann/HDDGabriel/engines/UnrealEngine/Engine/Source/Developer/Windows/LiveCoding/Private/External/LC_CommandMap.h,4,2,6
/media/ullmann/HDDGabriel/engines/UnrealEngine/Engine/Source/Editor/Persona/Private/PersonaPreviewSceneRefPoseController.cpp,0,2,2
/media/ullmann/HDDGabriel/engines/UnrealEngine/Engine/Source/Editor/Persona/Private/PersonaPreviewSceneRefPoseController.h,3,0,3
/media/ullmann/HDDGabriel/engines/UnrealEngine/Engine/Source/ThirdParty/openexr/Deploy/openexr-3.1.1/include/OpenEXR/ImfPreviewImageAttribute.h,0,4,4
/media/ullmann/HDDGabriel/engines/UnrealEngine/Engine/Source/ThirdParty/openexr/Deploy/openexr-3.1.1/include/OpenEXR/ImfPreviewImage.h,1,1,2
/media/ullmann/HDDGabriel/engines/UnrealEngine/Engine/Source/Runtime/Online/BuildPatchServices/Private/Generation/ManifestBuilder.h,1,0,1
/media/ullmann/HDDGabriel/engines/UnrealEngine/Engine/Source/ThirdParty/Intel/TBB/IntelTBB-2019u8/include/tbb/tbb_exception.h,13,2,15
/media/ullmann/HDDGabriel/engines/UnrealEngine/Engine/Source/ThirdParty/SDL2/SDL-gui-backend/src/libm/k_tan.c,0,2,2
/media/ullmann/HDDGabriel/engines/UnrealEngine/Engine/Source/ThirdParty/PhysX3/PhysX_3.4/Source/LowLevelCloth/src/SwSelfCollision.h,2,2,4
/media/ullmann/HDDGabriel/engines/UnrealEngine/Engine/Source/ThirdParty/ShaderConductor/ShaderConductor/External/DirectXShaderCompiler/tools/clang/unittests/HLSL/ExecutionTest.cpp,0,1,1
/media/ullmann/HDDGabriel/engines/UnrealEngine/Engine/Source/ThirdParty/SDL2/SDL-gui-backend/src/core/windows/SDL_directx.h,3,2,5
/media/ullmann/HDDGabriel/engines/UnrealEngine/Engine/Source/ThirdParty/PhysX3/NvCloth/src/dx/DxSolver.h,3,4,7
/media/ullmann/HDDGabriel/engines/UnrealEngine/Engine/Source/ThirdParty/FreeType2/FreeType2-2.10.0/src/gxvalid/gxvmort1.c,1,1,2
/media/ullmann/HDDGabriel/engines/UnrealEngine/Engine/Source/ThirdParty/Intel/ISPC/ispc-1.17.0/src/ast.h,5,1,6
/media/ullmann/HDDGabriel/engines/UnrealEngine/Engine/Source/Runtime/Engine/Public/DerivedMeshDataTaskUtils.h,2,2,4
/media/ullmann/HDDGabriel/engines/UnrealEngine/Engine/Source/ThirdParty/ICU/icu4c-64_1/source/test/cintltst/cdetst.h,1,1,2
/media/ullmann/HDDGabriel/engines/UnrealEngine/Engine/Source/ThirdParty/zlib/v1.2.8/include/Unix/x86_64-unknown-linux-gnu/zlib.h,0,1,1
/media/ullmann/HDDGabriel/engines/UnrealEngine/Engine/Source/ThirdParty/zlib/v1.2.8/include/Unix/x86_64-unknown-linux-gnu/zconf.h,1,0,1
/media/ullmann/HDDGabriel/engines/UnrealEngine/Engine/Source/ThirdParty/Steamworks/Steamv151/sdk/public/steam/isteamuserstats.h,1,2,3
/media/ullmann/HDDGabriel/engines/UnrealEngine/Engine/Source/ThirdParty/HarfBuzz/harfbuzz-1.2.4/test/api/test-version.c,0,1,1
/media/ullmann/HDDGabriel/engines/UnrealEngine/Engine/Source/ThirdParty/Android/libunwind/libunwind/src/ppc32/Ginit.c,1,2,3
/media/ullmann/HDDGabriel/engines/UnrealEngine/Engine/Source/ThirdParty/Android/libunwind/libunwind/src/ppc32/ucontext_i.h,2,0,2
/media/ullmann/HDDGabriel/engines/UnrealEngine/Engine/Source/ThirdParty/CryptoPP/5.6.5/include/seal.h,3,2,5
/media/ullmann/HDDGabriel/engines/UnrealEngine/Engine/Source/ThirdParty/FreeType2/FreeType2-2.10.0/src/cid/cidgload.c,1,3,4
/media/ullmann/HDDGabriel/engines/UnrealEngine/Engine/Source/ThirdParty/FreeType2/FreeType2-2.10.0/src/cid/cidgload.h,3,1,4
/media/ullmann/HDDGabriel/engines/UnrealEngine/Engine/Source/Editor/GraphEditor/Private/KismetPins/SGraphPinText.h,1,0,1
/media/ullmann/HDDGabriel/engines/UnrealEngine/Engine/Source/Runtime/Online/BuildPatchServices/Private/BuildPatchManifest.cpp,0,5,5
/media/ullmann/HDDGabriel/engines/UnrealEngine/Engine/Source/Runtime/Online/BuildPatchServices/Private/BuildPatchUtil.h,8,1,9
/media/ullmann/HDDGabriel/engines/UnrealEngine/Engine/Source/Editor/DataLayerEditor/Private/DataLayer/DataLayerOutlinerIsVisibleColumn.cpp,0,2,2
/media/ullmann/HDDGabriel/engines/UnrealEngine/Engine/Source/ThirdParty/MCPP/mcpp-2.7.2/test-l/nest27.h,1,1,2
/media/ullmann/HDDGabriel/engines/UnrealEngine/Engine/Source/ThirdParty/MCPP/mcpp-2.7.2/test-l/nest28.h,1,1,2
/media/ullmann/HDDGabriel/engines/UnrealEngine/Engine/Source/ThirdParty/openexr/Deploy/openexr-3.1.1/include/OpenEXR/ImfGenericInputFile.h,5,1,6
/media/ullmann/HDDGabriel/engines/UnrealEngine/Engine/Source/ThirdParty/CryptoPP/5.6.5/include/modexppc.h,2,7,9
/media/ullmann/HDDGabriel/engines/UnrealEngine/Engine/Source/ThirdParty/Intel/Embree/Embree270/src/kernels/common/builder.h,3,2,5
/media/ullmann/HDDGabriel/engines/UnrealEngine/Engine/Source/ThirdParty/Vorbis/libvorbis-1.3.2/lib/modes/setup_X.h,1,0,1
/media/ullmann/HDDGabriel/engines/UnrealEngine/Engine/Source/Developer/MeshUtilities/Private/MeshCardRepresentationUtilities.cpp,0,2,2
/media/ullmann/HDDGabriel/engines/UnrealEngine/Engine/Source/Developer/MeshUtilities/Private/MeshRepresentationCommon.h,3,0,3
/media/ullmann/HDDGabriel/engines/UnrealEngine/Engine/Source/Runtime/Core/Public/Misc/EngineVersionBase.h,3,0,3
/media/ullmann/HDDGabriel/engines/UnrealEngine/Engine/Source/ThirdParty/SDL2/SDL-gui-backend/src/main/uikit/SDL_uikit_main.c,0,1,1
/media/ullmann/HDDGabriel/engines/UnrealEngine/Engine/Source/ThirdParty/PhysX3/APEX_1.4/module/destructible/fracture/Actor.cpp,0,6,6
/media/ullmann/HDDGabriel/engines/UnrealEngine/Engine/Source/ThirdParty/ShaderConductor/ShaderConductor/External/DirectXShaderCompiler/tools/dsymutil/DwarfLinker.cpp,0,3,3
/media/ullmann/HDDGabriel/engines/UnrealEngine/Engine/Source/Developer/LogVisualizer/Private/SVisualLoggerStatusView.cpp,0,3,3
/media/ullmann/HDDGabriel/engines/UnrealEngine/Engine/Source/ThirdParty/ICU/icu4c-53_1/source/tools/toolutil/ucmstate.c,0,2,2
/media/ullmann/HDDGabriel/engines/UnrealEngine/Engine/Source/ThirdParty/WebRTC/4147/Include/third_party/libvpx/source/config/linux/mipsel/vp9_rtcd.h,0,1,1
/media/ullmann/HDDGabriel/engines/UnrealEngine/Engine/Source/ThirdParty/WebRTC/4147/Include/third_party/libvpx/source/config/linux/mipsel/vpx_config.h,4,0,4
/media/ullmann/HDDGabriel/engines/UnrealEngine/Engine/Source/ThirdParty/ICU/icu4c-64_1/source/test/intltest/citrtest.h,2,1,3
/media/ullmann/HDDGabriel/engines/UnrealEngine/Engine/Source/ThirdParty/EOSSDK/SDK/Include/eos_ui.h,0,1,1
/media/ullmann/HDDGabriel/engines/UnrealEngine/Engine/Source/ThirdParty/EOSSDK/SDK/Include/eos_ui_types.h,5,2,7
/media/ullmann/HDDGabriel/engines/UnrealEngine/Engine/Source/ThirdParty/Intel/TBB/IntelTBB-2019u8/examples/graph/stereo/lodepng.cpp,0,1,1
/media/ullmann/HDDGabriel/engines/UnrealEngine/Engine/Source/ThirdParty/Intel/TBB/IntelTBB-2019u8/examples/graph/stereo/lodepng.h,2,0,2
/media/ullmann/HDDGabriel/engines/UnrealEngine/Engine/Source/ThirdParty/openexr/Deploy/openexr-3.1.1/include/OpenEXR/ImfSampleCountChannel.h,2,2,4
/media/ullmann/HDDGabriel/engines/UnrealEngine/Engine/Source/ThirdParty/openexr/Deploy/openexr-3.1.1/include/OpenEXR/ImfImageChannel.h,4,5,9
/media/ullmann/HDDGabriel/engines/UnrealEngine/Engine/Source/ThirdParty/ICU/icu4c-53_1/source/common/unicode/uchriter.h,7,0,7
/media/ullmann/HDDGabriel/engines/UnrealEngine/Engine/Source/ThirdParty/ICU/icu4c-64_1/source/i18n/uspoof.cpp,0,4,4
/media/ullmann/HDDGabriel/engines/UnrealEngine/Engine/Source/ThirdParty/ICU/icu4c-64_1/source/i18n/uspoof_impl.h,5,1,6
/media/ullmann/HDDGabriel/engines/UnrealEngine/Engine/Source/ThirdParty/Intel/ISPC/ispc-1.16.1/examples/cpu/gmres/matrix.h,4,1,5
/media/ullmann/HDDGabriel/engines/UnrealEngine/Engine/Source/ThirdParty/OpenVDB/openvdb-8.1.0/openvdb/openvdb/points/PointGroup.h,2,6,8
/media/ullmann/HDDGabriel/engines/UnrealEngine/Engine/Source/Runtime/UMG/Public/Components/Throbber.h,1,0,1
/media/ullmann/HDDGabriel/engines/UnrealEngine/Engine/Source/ThirdParty/FreeType2/FreeType2-2.4.12/src/sfnt/sfntpic.h,3,2,5
/media/ullmann/HDDGabriel/engines/UnrealEngine/Engine/Source/ThirdParty/nvTextureTools/nvTextureTools-2.0.8/src/gnuwin32/include/zlib.h,1,1,2
/media/ullmann/HDDGabriel/engines/UnrealEngine/Engine/Source/ThirdParty/nvTextureTools/nvTextureTools-2.0.8/src/gnuwin32/include/zconf.h,1,0,1
/media/ullmann/HDDGabriel/engines/UnrealEngine/Engine/Source/ThirdParty/HarfBuzz/harfbuzz-1.2.4/src/hb-shape-plan.cc,0,5,5
/media/ullmann/HDDGabriel/engines/UnrealEngine/Engine/Source/ThirdParty/HarfBuzz/harfbuzz-1.2.4/src/hb-shaper-private.hh,3,0,3
/media/ullmann/HDDGabriel/engines/UnrealEngine/Engine/Source/Runtime/Apple/MetalRHI/Private/MetalHashedVertexDescriptor.cpp,0,2,2
/media/ullmann/HDDGabriel/engines/UnrealEngine/Engine/Source/Runtime/Apple/MetalRHI/Private/MetalHashedVertexDescriptor.h,3,0,3
/media/ullmann/HDDGabriel/engines/UnrealEngine/Engine/Source/Runtime/Engine/Public/Animation/AnimCurveTypes.h,4,0,4
/media/ullmann/HDDGabriel/engines/UnrealEngine/Engine/Source/ThirdParty/ShaderConductor/ShaderConductor/External/DirectXShaderCompiler/include/llvm/DebugInfo/PDB/PDBSymbolTypeManaged.h,0,2,2
/media/ullmann/HDDGabriel/engines/UnrealEngine/Engine/Source/Runtime/Engine/Private/Atmosphere/AtmosphericFog.cpp,0,1,1
/media/ullmann/HDDGabriel/engines/UnrealEngine/Engine/Source/ThirdParty/SDL2/SDL-gui-backend/src/video/cocoa/SDL_cocoamouse.h,1,2,3
/media/ullmann/HDDGabriel/engines/UnrealEngine/Engine/Source/Editor/BlueprintGraph/Classes/K2Node_Variable.h,3,1,4
/media/ullmann/HDDGabriel/engines/UnrealEngine/Engine/Source/Runtime/NetworkFileSystem/Private/NetworkFileServerConnection.cpp,0,2,2
/media/ullmann/HDDGabriel/engines/UnrealEngine/Engine/Source/Runtime/NetworkFileSystem/Private/NetworkFileServerConnection.h,3,0,3
/media/ullmann/HDDGabriel/engines/UnrealEngine/Engine/Source/Runtime/OpenGLDrv/Private/OpenGLViewport.cpp,0,1,1
/media/ullmann/HDDGabriel/engines/UnrealEngine/Engine/Source/ThirdParty/openexr/openexr-3.1.1/src/lib/OpenEXRUtil/ImfDeepImageChannel.h,2,4,6
/media/ullmann/HDDGabriel/engines/UnrealEngine/Engine/Source/Runtime/VulkanRHI/Private/Windows/VulkanWindowsPlatform.cpp,0,4,4
/media/ullmann/HDDGabriel/engines/UnrealEngine/Engine/Source/Runtime/VulkanRHI/Private/Windows/VulkanWindowsPlatform.h,2,1,3
/media/ullmann/HDDGabriel/engines/UnrealEngine/Engine/Source/ThirdParty/PhysX3/PhysX_3.4/Source/GeomUtils/src/pcm/GuPCMContactPlaneConvex.cpp,0,1,1
/media/ullmann/HDDGabriel/engines/UnrealEngine/Engine/Source/ThirdParty/Oculus/OVRPlugin/OVRPlugin/Include/OVR_Plugin_MixedReality_Deprecated.h,0,1,1
/media/ullmann/HDDGabriel/engines/UnrealEngine/Engine/Source/ThirdParty/Oculus/OVRPlugin/OVRPlugin/Include/OVR_Plugin_MixedReality.h,1,1,2
/media/ullmann/HDDGabriel/engines/UnrealEngine/Engine/Source/Runtime/Engine/Public/AudioStreaming.h,1,1,2
/media/ullmann/HDDGabriel/engines/UnrealEngine/Engine/Source/ThirdParty/openexr/Deploy/openexr-3.1.1/include/OpenEXR/openexr_debug.h,1,1,2
/media/ullmann/HDDGabriel/engines/UnrealEngine/Engine/Source/ThirdParty/openexr/Deploy/openexr-3.1.1/include/OpenEXR/openexr_context.h,4,2,6
/media/ullmann/HDDGabriel/engines/UnrealEngine/Engine/Source/Editor/MovieSceneTools/Private/TrackEditors/AttachTrackEditor.h,1,0,1
/media/ullmann/HDDGabriel/engines/UnrealEngine/Engine/Source/Editor/Cascade/Private/SCascadePreviewViewport.cpp,0,4,4
/media/ullmann/HDDGabriel/engines/UnrealEngine/Engine/Source/Editor/Cascade/Private/SCascadePreviewToolbar.h,2,1,3
/media/ullmann/HDDGabriel/engines/UnrealEngine/Engine/Source/Runtime/MovieScene/Public/Evaluation/MovieSceneEvaluationTree.h,1,0,1
/media/ullmann/HDDGabriel/engines/UnrealEngine/Engine/Source/ThirdParty/ICU/icu4c-53_1/source/common/unifunct.cpp,0,1,1
/media/ullmann/HDDGabriel/engines/UnrealEngine/Engine/Source/ThirdParty/ICU/icu4c-53_1/source/common/unicode/unifunct.h,1,0,1
/media/ullmann/HDDGabriel/engines/UnrealEngine/Engine/Source/ThirdParty/llvm/8/include/llvm/DebugInfo/PDB/PDBSymbolTypeEnum.h,0,4,4
/media/ullmann/HDDGabriel/engines/UnrealEngine/Engine/Source/ThirdParty/ShaderConductor/ShaderConductor/External/DirectXShaderCompiler/tools/clang/lib/CodeGen/CGCUDANV.cpp,0,3,3
/media/ullmann/HDDGabriel/engines/UnrealEngine/Engine/Source/ThirdParty/ICU/icu4c-64_1/source/i18n/olsontz.h,7,1,8
/media/ullmann/HDDGabriel/engines/UnrealEngine/Engine/Source/ThirdParty/libOpus/opus-1.3.1-12/celt/rate.c,0,6,6
/media/ullmann/HDDGabriel/engines/UnrealEngine/Engine/Source/ThirdParty/OpenSubdiv/OpenSubdiv-3.4.4/opensubdiv/osd/glComputeEvaluator.cpp,0,4,4
/media/ullmann/HDDGabriel/engines/UnrealEngine/Engine/Source/ThirdParty/mtlpp/mtlpp-master-7efad47/src/imp_VertexDesc.hpp,1,1,2
/media/ullmann/HDDGabriel/engines/UnrealEngine/Engine/Source/ThirdParty/SDL2/SDL-gui-backend/src/libm/s_cos.c,0,2,2
/media/ullmann/HDDGabriel/engines/UnrealEngine/Engine/Source/Programs/Enterprise/Datasmith/DatasmithARCHICADExporter/Private/Utils/WarningsDisabler.h,5,0,5
/media/ullmann/HDDGabriel/engines/UnrealEngine/Engine/Source/ThirdParty/Oculus/LibOVRPlatform/LibOVRPlatform/include/OVR_Requests_AssetFile.h,1,2,3
/media/ullmann/HDDGabriel/engines/UnrealEngine/Engine/Source/ThirdParty/HarfBuzz/harfbuzz-2.4.0/src/hb-ot-layout-gpos-table.hh,3,0,3
/media/ullmann/HDDGabriel/engines/UnrealEngine/Engine/Source/ThirdParty/Intel/TBB/IntelTBB-2019u8/src/test/test_task_scheduler_observer.cpp,0,3,3
/media/ullmann/HDDGabriel/engines/UnrealEngine/Engine/Source/ThirdParty/FreeImage/FreeImage-3.18.0/Source/OpenEXR/IlmThread/IlmThreadSemaphore.cpp,0,1,1
/media/ullmann/HDDGabriel/engines/UnrealEngine/Engine/Source/ThirdParty/ICU/icu4c-53_1/source/i18n/unicode/numsys.h,9,0,9
/media/ullmann/HDDGabriel/engines/UnrealEngine/Engine/Source/ThirdParty/OpenSubdiv/OpenSubdiv-3.4.4/regression/shapes/catmark_chaikin0.h,1,0,1
/media/ullmann/HDDGabriel/engines/UnrealEngine/Engine/Source/ThirdParty/ICU/icu4c-53_1/source/test/intltest/ssearch.h,2,1,3
/media/ullmann/HDDGabriel/engines/UnrealEngine/Engine/Source/ThirdParty/ShaderConductor/ShaderConductor/External/DirectXShaderCompiler/lib/DxilDia/DxilDiaTableInputAssemblyFile.cpp,0,2,2
/media/ullmann/HDDGabriel/engines/UnrealEngine/Engine/Source/ThirdParty/OpenSubdiv/Deploy/OpenSubdiv-3.4.4/include/opensubdiv/far/stencilTable.h,2,2,4
/media/ullmann/HDDGabriel/engines/UnrealEngine/Engine/Source/ThirdParty/libcurl/curl-7.55.1/include/Android/x86/curl/system.h,1,0,1
/media/ullmann/HDDGabriel/engines/UnrealEngine/Engine/Source/Developer/Profiler/Private/ProfilerDataSource.h,3,1,4
/media/ullmann/HDDGabriel/engines/UnrealEngine/Engine/Source/Editor/AnimGraph/Private/PoseDriverDetails.cpp,0,1,1
/media/ullmann/HDDGabriel/engines/UnrealEngine/Engine/Source/Editor/AnimGraph/Private/PoseDriverDetails.h,2,0,2
/media/ullmann/HDDGabriel/engines/UnrealEngine/Engine/Source/ThirdParty/ICU/icu4c-53_1/source/samples/translit/main.cpp,0,2,2
/media/ullmann/HDDGabriel/engines/UnrealEngine/Engine/Source/ThirdParty/ICU/icu4c-53_1/source/samples/translit/util.h,1,0,1
/media/ullmann/HDDGabriel/engines/UnrealEngine/Engine/Source/ThirdParty/Intel/TBB/IntelTBB-2019u8/src/test/harness_iterator.h,3,1,4
/media/ullmann/HDDGabriel/engines/UnrealEngine/Engine/Source/ThirdParty/Python3/Linux/include/python3.9/symtable.h,0,1,1
/media/ullmann/HDDGabriel/engines/UnrealEngine/Engine/Source/ThirdParty/Python3/Linux/include/python3.9/Python-ast.h,2,1,3
/media/ullmann/HDDGabriel/engines/UnrealEngine/Engine/Source/Runtime/MoviePlayer/Private/MoviePlayerThreading.cpp,0,2,2
/media/ullmann/HDDGabriel/engines/UnrealEngine/Engine/Source/Runtime/MoviePlayer/Private/DefaultGameMoviePlayer.h,3,0,3
/media/ullmann/HDDGabriel/engines/UnrealEngine/Engine/Source/Developer/TraceInsights/Private/Insights/MemoryProfiler/Widgets/SMemTagTreeViewTooltip.cpp,0,1,1
/media/ullmann/HDDGabriel/engines/UnrealEngine/Engine/Source/Developer/TraceInsights/Private/Insights/MemoryProfiler/Widgets/SMemTagTreeViewTooltip.h,1,0,1
/media/ullmann/HDDGabriel/engines/UnrealEngine/Engine/Source/ThirdParty/ICU/icu4c-64_1/source/test/perf/leperf/SimpleFontInstance.h,3,0,3
/media/ullmann/HDDGabriel/engines/UnrealEngine/Engine/Source/ThirdParty/Alembic/alembic-1.8.2/lib/Alembic/AbcCoreAbstract/Tests/TestTimeSampling.cpp,0,1,1
/media/ullmann/HDDGabriel/engines/UnrealEngine/Engine/Source/ThirdParty/Alembic/alembic-1.8.2/lib/Alembic/AbcCoreAbstract/Tests/Assert.h,2,0,2
/media/ullmann/HDDGabriel/engines/UnrealEngine/Engine/Source/ThirdParty/PhysX3/APEX_1.4/module/common_legacy/include/autogen/ConvexHullParameters_0p1.h,1,0,1
/media/ullmann/HDDGabriel/engines/UnrealEngine/Engine/Source/Editor/AnimGraph/Public/AnimGraphNode_AnimDynamics.h,0,1,1
/media/ullmann/HDDGabriel/engines/UnrealEngine/Engine/Source/ThirdParty/PhysX3/PhysX_3.4/Source/PhysXCharacterKinematic/src/CctCapsuleController.cpp,0,2,2
/media/ullmann/HDDGabriel/engines/UnrealEngine/Engine/Source/ThirdParty/PhysX3/PhysX_3.4/Source/PhysX/src/NpRigidBodyTemplate.h,2,4,6
/media/ullmann/HDDGabriel/engines/UnrealEngine/Engine/Source/ThirdParty/PhysX3/PhysX_3.4/Source/PhysX/src/NpShape.h,4,1,5
/media/ullmann/HDDGabriel/engines/UnrealEngine/Engine/Source/Editor/SequenceRecorder/Private/SequenceRecorderDetailsCustomization.h,2,0,2
/media/ullmann/HDDGabriel/engines/UnrealEngine/Engine/Source/ThirdParty/FreeImage/FreeImage-3.18.0/Source/OpenEXR/IlmImf/ImfStringAttribute.cpp,0,1,1
/media/ullmann/HDDGabriel/engines/UnrealEngine/Engine/Source/ThirdParty/libOpus/opus-1.3.1-12/silk/errors.h,3,0,3
/media/ullmann/HDDGabriel/engines/UnrealEngine/Engine/Source/Runtime/Apple/MetalRHI/Private/MetalCommandEncoder.cpp,0,9,9
/media/ullmann/HDDGabriel/engines/UnrealEngine/Engine/Source/Runtime/Apple/MetalRHI/Private/MetalGraphicsPipelineState.h,9,0,9
/media/ullmann/HDDGabriel/engines/UnrealEngine/Engine/Source/ThirdParty/WindowsMixedRealityInterop/MixedRealityInteropHoloLens/stdafx.cpp,0,1,1
/media/ullmann/HDDGabriel/engines/UnrealEngine/Engine/Source/ThirdParty/WindowsMixedRealityInterop/MixedRealityInteropHoloLens/stdafx.h,1,1,2
/media/ullmann/HDDGabriel/engines/UnrealEngine/Engine/Source/Programs/EpicWebHelper/Private/EpicWebHelperLibCEFIncludes.h,2,0,2
/media/ullmann/HDDGabriel/engines/UnrealEngine/Engine/Source/ThirdParty/PhysX3/PhysX_3.4/Source/PhysXMetaData/core/include/PxMetaDataObjects.h,2,2,4
/media/ullmann/HDDGabriel/engines/UnrealEngine/Engine/Source/ThirdParty/SDL2/SDL-gui-backend/src/joystick/usb_ids.h,3,0,3
/media/ullmann/HDDGabriel/engines/UnrealEngine/Engine/Source/ThirdParty/ICU/icu4c-64_1/source/test/iotest/stream.cpp,0,1,1
/media/ullmann/HDDGabriel/engines/UnrealEngine/Engine/Source/Runtime/GeometryFramework/Public/DynamicMeshActor.h,0,2,2
/media/ullmann/HDDGabriel/engines/UnrealEngine/Engine/Source/Developer/AssetTools/Private/AssetTypeActions/AssetTypeActions_Skeleton.h,1,0,1
/media/ullmann/HDDGabriel/engines/UnrealEngine/Engine/Source/ThirdParty/FreeType2/FreeType2-2.10.0/src/autofit/afindic.c,1,6,7
/media/ullmann/HDDGabriel/engines/UnrealEngine/Engine/Source/Editor/Sequencer/Private/SequencerNodeTree.h,4,2,6
/media/ullmann/HDDGabriel/engines/UnrealEngine/Engine/Source/Developer/RigVMDeveloper/Public/RigVMModel/Nodes/RigVMParameterNode.h,1,0,1
/media/ullmann/HDDGabriel/engines/UnrealEngine/Engine/Source/ThirdParty/FreeType2/FreeType2-2.6/Src/pfr/pfr.c,0,6,6
/media/ullmann/HDDGabriel/engines/UnrealEngine/Engine/Source/ThirdParty/FreeType2/FreeType2-2.6/Src/pfr/pfrdrivr.c,1,3,4
/media/ullmann/HDDGabriel/engines/UnrealEngine/Engine/Source/Runtime/Core/Public/Math/GenericOctree.inl,1,0,1
/media/ullmann/HDDGabriel/engines/UnrealEngine/Engine/Source/ThirdParty/Perforce/P4Api.Net/p4bridge/p4base.h,2,0,2
/media/ullmann/HDDGabriel/engines/UnrealEngine/Engine/Source/ThirdParty/CryptoPP/5.6.2/include/eax.h,2,3,5
/media/ullmann/HDDGabriel/engines/UnrealEngine/Engine/Source/ThirdParty/Imath/Imath-3.1.3/src/ImathTest/testQuat.cpp,0,1,1
/media/ullmann/HDDGabriel/engines/UnrealEngine/Engine/Source/ThirdParty/Imath/Imath-3.1.3/src/ImathTest/testQuat.h,2,0,2
/media/ullmann/HDDGabriel/engines/UnrealEngine/Engine/Source/ThirdParty/ShaderConductor/ShaderConductor/External/DirectXShaderCompiler/tools/clang/lib/CodeGen/CGOpenMPRuntime.cpp,0,3,3
/media/ullmann/HDDGabriel/engines/UnrealEngine/Engine/Source/ThirdParty/ICU/icu4c-53_1/source/test/cintltst/nfsprep.h,2,0,2
/media/ullmann/HDDGabriel/engines/UnrealEngine/Engine/Source/ThirdParty/Crunch/src/crnlib/crn_texture_file_types.cpp,0,3,3
/media/ullmann/HDDGabriel/engines/UnrealEngine/Engine/Source/ThirdParty/ShaderConductor/ShaderConductor/External/DirectXShaderCompiler/lib/TableGen/Main.cpp,0,1,1
/media/ullmann/HDDGabriel/engines/UnrealEngine/Engine/Source/ThirdParty/PhysX3/APEX_1.4/module/destructible_legacy/include/autogen/DestructibleAssetParameters_0p25.h,1,0,1
/media/ullmann/HDDGabriel/engines/UnrealEngine/Engine/Source/Editor/AnimGraph/Public/AnimGraphNode_LinkedAnimLayer.h,0,1,1
/media/ullmann/HDDGabriel/engines/UnrealEngine/Engine/Source/ThirdParty/Imath/Imath-3.1.3/src/python/PyImath/PyImathStringArray.h,1,2,3
/media/ullmann/HDDGabriel/engines/UnrealEngine/Engine/Source/ThirdParty/PhysX3/PhysX_3.4/Source/PhysX/src/NpWriteCheck.cpp,0,2,2
/media/ullmann/HDDGabriel/engines/UnrealEngine/Engine/Source/ThirdParty/Intel/Embree/Embree2140/src/common/simd/vdouble8_avx512.h,1,0,1
/media/ullmann/HDDGabriel/engines/UnrealEngine/Engine/Source/ThirdParty/Perforce/p4api-2018.1/Include/Mac/p4/filesys.h,1,0,1
/media/ullmann/HDDGabriel/engines/UnrealEngine/Engine/Source/ThirdParty/MCPP/mcpp-2.7.2/test-c/m_33_gb.c,0,1,1
/media/ullmann/HDDGabriel/engines/UnrealEngine/Engine/Source/ThirdParty/Android/libunwind/libunwind/src/x86/Linit_local.c,0,1,1
/media/ullmann/HDDGabriel/engines/UnrealEngine/Engine/Source/ThirdParty/ICU/icu4c-64_1/source/common/unicode/ucharstrie.h,5,0,5
/media/ullmann/HDDGabriel/engines/UnrealEngine/Engine/Source/ThirdParty/Alembic/alembic-1.8.2/python/PyAlembic/PyIPolyMesh.cpp,0,3,3
/media/ullmann/HDDGabriel/engines/UnrealEngine/Engine/Source/ThirdParty/libOpus/opus-1.0.3/silk/float/prefilter_FLP.c,0,1,1
/media/ullmann/HDDGabriel/engines/UnrealEngine/Engine/Source/ThirdParty/Windows/DirectXLegacy/Include/d3dx10async.h,1,0,1
/media/ullmann/HDDGabriel/engines/UnrealEngine/Engine/Source/Runtime/Apple/MetalRHI/Private/Shaders/MetalShaderLibrary.cpp,0,3,3
/media/ullmann/HDDGabriel/engines/UnrealEngine/Engine/Source/Runtime/Apple/MetalRHI/Private/Shaders/Debugging/MetalShaderDebugZipFile.h,3,0,3
/media/ullmann/HDDGabriel/engines/UnrealEngine/Engine/Source/ThirdParty/ShaderConductor/ShaderConductor/External/DirectXShaderCompiler/tools/llvm-c-test/module.c,0,1,1
/media/ullmann/HDDGabriel/engines/UnrealEngine/Engine/Source/Programs/UnrealLightmass/Private/Lighting/LightingCache.h,3,1,4
/media/ullmann/HDDGabriel/engines/UnrealEngine/Engine/Source/Programs/UnrealLightmass/Private/Lighting/LightingMesh.h,9,0,9
/media/ullmann/HDDGabriel/engines/UnrealEngine/Engine/Source/ThirdParty/openexr/Deploy/openexr-3.1.1/include/OpenEXR/ImfChromaticitiesAttribute.h,1,2,3
/media/ullmann/HDDGabriel/engines/UnrealEngine/Engine/Source/ThirdParty/Intel/Embree/Embree270/src/kernels/xeonphi/bvh4hair/bvh4hair_builder.cpp,0,3,3
/media/ullmann/HDDGabriel/engines/UnrealEngine/Engine/Source/ThirdParty/Intel/Embree/Embree270/src/kernels/algorithms/parallel_partition.h,4,1,5
/media/ullmann/HDDGabriel/engines/UnrealEngine/Engine/Source/ThirdParty/ICU/icu4c-53_1/source/i18n/rbt_data.h,8,1,9
/media/ullmann/HDDGabriel/engines/UnrealEngine/Engine/Source/ThirdParty/Intel/Embree/Embree270/src/kernels/xeon/bvh4/bvh4_statistics.cpp,0,1,1
/media/ullmann/HDDGabriel/engines/UnrealEngine/Engine/Source/Editor/SwarmInterface/Public/SwarmInterface.h,1,1,2
/media/ullmann/HDDGabriel/engines/UnrealEngine/Engine/Source/Editor/SwarmInterface/Public/SwarmDefines.h,2,0,2
/media/ullmann/HDDGabriel/engines/UnrealEngine/Engine/Source/ThirdParty/HarfBuzz/harfbuzz-1.2.4/src/test-buffer-serialize.cc,0,2,2
/media/ullmann/HDDGabriel/engines/UnrealEngine/Engine/Source/ThirdParty/CryptoPP/5.6.2/include/asn.cpp,0,2,2
/media/ullmann/HDDGabriel/engines/UnrealEngine/Engine/Source/Runtime/Engine/Classes/Sound/SoundWaveLoadingBehavior.cpp,0,1,1
/media/ullmann/HDDGabriel/engines/UnrealEngine/Engine/Source/Runtime/Engine/Classes/Sound/SoundWaveLoadingBehavior.h,2,0,2
/media/ullmann/HDDGabriel/engines/UnrealEngine/Engine/Source/ThirdParty/ICU/icu4c-53_1/source/i18n/ucal.cpp,0,5,5
/media/ullmann/HDDGabriel/engines/UnrealEngine/Engine/Source/ThirdParty/Python3/Mac/include/setobject.h,1,0,1
/media/ullmann/HDDGabriel/engines/UnrealEngine/Engine/Source/ThirdParty/ShaderConductor/ShaderConductor/External/DirectXShaderCompiler/tools/clang/lib/SPIRV/RemoveBufferBlockVisitor.h,2,0,2
/media/ullmann/HDDGabriel/engines/UnrealEngine/Engine/Source/ThirdParty/Perforce/p4api-2021.2/Include/Win64/VS2015/p4/strbuf.h,1,0,1
/media/ullmann/HDDGabriel/engines/UnrealEngine/Engine/Source/ThirdParty/ShaderConductor/ShaderConductor/External/DirectXShaderCompiler/lib/CodeGen/AsmPrinter/AsmPrinterHandler.h,3,0,3
/media/ullmann/HDDGabriel/engines/UnrealEngine/Engine/Source/Runtime/Online/WebSockets/Private/HoloLens/HoloLensWebSocketsManager.h,1,1,2
/media/ullmann/HDDGabriel/engines/UnrealEngine/Engine/Source/Runtime/Online/WebSockets/Private/HoloLens/HoloLensWebSocket.h,2,0,2
/media/ullmann/HDDGabriel/engines/UnrealEngine/Engine/Source/ThirdParty/MCPP/mcpp-2.7.2/test-l/nest72.h,1,1,2
/media/ullmann/HDDGabriel/engines/UnrealEngine/Engine/Source/ThirdParty/PhysX3/PhysX_3.4/Source/LowLevelCloth/src/SwInterCollision.cpp,0,3,3
/media/ullmann/HDDGabriel/engines/UnrealEngine/Engine/Source/ThirdParty/ICU/icu4c-53_1/source/test/intltest/dcfmapts.cpp,0,1,1
/media/ullmann/HDDGabriel/engines/UnrealEngine/Engine/Source/Developer/TreeMap/Public/ITreeMap.h,2,0,2
/media/ullmann/HDDGabriel/engines/UnrealEngine/Engine/Source/Editor/BlueprintGraph/Classes/K2Node_GenericCreateObject.h,1,1,2
/media/ullmann/HDDGabriel/engines/UnrealEngine/Engine/Source/Runtime/AVEncoder/Private/Decoders/vdecmpeg4/M4MemOps.h,7,1,8
/media/ullmann/HDDGabriel/engines/UnrealEngine/Engine/Source/ThirdParty/ICU/icu4c-64_1/source/samples/layout/GDIFontInstance.h,3,3,6
/media/ullmann/HDDGabriel/engines/UnrealEngine/Engine/Source/ThirdParty/openexr/openexr-3.1.1/src/test/OpenEXRTest/testExistingStreams.h,1,0,1
/media/ullmann/HDDGabriel/engines/UnrealEngine/Engine/Source/ThirdParty/PhysX3/PhysX_3.4/Source/LowLevelParticles/src/PtConstants.h,2,0,2
/media/ullmann/HDDGabriel/engines/UnrealEngine/Engine/Source/ThirdParty/ICU/icu4c-64_1/source/common/uenumimp.h,8,1,9
/media/ullmann/HDDGabriel/engines/UnrealEngine/Engine/Source/ThirdParty/SDL2/SDL-gui-backend/src/audio/openslES/SDL_openslES.c,0,4,4
/media/ullmann/HDDGabriel/engines/UnrealEngine/Engine/Source/ThirdParty/MCPP/mcpp-2.7.2/test-c/m_34_sjis.c,0,1,1
/media/ullmann/HDDGabriel/engines/UnrealEngine/Engine/Source/ThirdParty/Intel/Embree/Embree270/src/kernels/common/raystream_log.cpp,0,3,3
/media/ullmann/HDDGabriel/engines/UnrealEngine/Engine/Source/ThirdParty/Oculus/LibOVRPlatform/LibOVRPlatform/include/OVR_SendPolicy.h,2,1,3
/media/ullmann/HDDGabriel/engines/UnrealEngine/Engine/Source/ThirdParty/ICU/icu4c-53_1/source/test/intltest/cpdtrtst.h,2,1,3
/media/ullmann/HDDGabriel/engines/UnrealEngine/Engine/Source/ThirdParty/PhysX3/PhysX_3.4/Include/collision/PxCollisionDefs.h,1,0,1
/media/ullmann/HDDGabriel/engines/UnrealEngine/Engine/Source/ThirdParty/Boost/boost-1_70_0/include/boost/phoenix/stl/algorithm/detail/has_equal_range.hpp,0,4,4
/media/ullmann/HDDGabriel/engines/UnrealEngine/Engine/Source/ThirdParty/nvTextureTools/nvTextureTools-2.0.8/src/src/nvtt/nvtt.cpp,0,1,1
/media/ullmann/HDDGabriel/engines/UnrealEngine/Engine/Source/ThirdParty/PhysX3/APEX_1.4/include/Actor.h,3,1,4
/media/ullmann/HDDGabriel/engines/UnrealEngine/Engine/Source/Editor/PropertyEditor/Public/PropertyCustomizationHelpers.h,1,5,6
/media/ullmann/HDDGabriel/engines/UnrealEngine/Engine/Source/Runtime/Slate/Public/Widgets/Navigation/SBreadcrumbTrail.h,1,0,1
/media/ullmann/HDDGabriel/engines/UnrealEngine/Engine/Source/Developer/ScreenShotComparison/Private/Widgets/SScreenShotImagePopup.h,1,0,1
/media/ullmann/HDDGabriel/engines/UnrealEngine/Engine/Source/Runtime/SlateCore/Public/Layout/Visibility.h,2,0,2
/media/ullmann/HDDGabriel/engines/UnrealEngine/Engine/Source/ThirdParty/Boost/boost-1_70_0/include/boost/polygon/detail/minkowski.hpp,1,0,1
/media/ullmann/HDDGabriel/engines/UnrealEngine/Engine/Source/ThirdParty/ICU/icu4c-53_1/source/i18n/usearch.cpp,0,3,3
/media/ullmann/HDDGabriel/engines/UnrealEngine/Engine/Source/ThirdParty/ICU/icu4c-53_1/source/i18n/unicode/usearch.h,1,0,1
/media/ullmann/HDDGabriel/engines/UnrealEngine/Engine/Source/ThirdParty/Intel/TBB/IntelTBB-2019u8/examples/task_arena/fractal/main.cpp,0,3,3
/media/ullmann/HDDGabriel/engines/UnrealEngine/Engine/Source/ThirdParty/Intel/TBB/IntelTBB-2019u8/examples/task_arena/fractal/fractal_video.h,1,2,3
/media/ullmann/HDDGabriel/engines/UnrealEngine/Engine/Source/ThirdParty/FreeType2/FreeType2-2.10.0/src/cache/ftcimage.c,1,3,4
/media/ullmann/HDDGabriel/engines/UnrealEngine/Engine/Source/ThirdParty/ICU/icu4c-64_1/source/common/filterednormalizer2.cpp,0,8,8
/media/ullmann/HDDGabriel/engines/UnrealEngine/Engine/Source/ThirdParty/openexr/openexr-3.1.1/src/test/OpenEXRFuzzTest/testFuzzScanLines.cpp,0,2,2
/media/ullmann/HDDGabriel/engines/UnrealEngine/Engine/Source/ThirdParty/openexr/openexr-3.1.1/src/test/OpenEXRFuzzTest/tmpDir.h,4,0,4
/media/ullmann/HDDGabriel/engines/UnrealEngine/Engine/Source/ThirdParty/PhysX3/PhysX_3.4/Source/LowLevelDynamics/src/DySolverContext.h,7,0,7
/media/ullmann/HDDGabriel/engines/UnrealEngine/Engine/Source/ThirdParty/ICU/icu4c-53_1/source/i18n/nultrans.cpp,0,1,1
/media/ullmann/HDDGabriel/engines/UnrealEngine/Engine/Source/ThirdParty/Intel/Embree/Embree2140/src/kernels/subdiv/half_edge.h,2,1,3
/media/ullmann/HDDGabriel/engines/UnrealEngine/Engine/Source/ThirdParty/ICU/icu4c-53_1/source/test/intltest/ustrtest.cpp,0,1,1
/media/ullmann/HDDGabriel/engines/UnrealEngine/Engine/Source/Runtime/Renderer/Private/SceneTextures.cpp,0,9,9
/media/ullmann/HDDGabriel/engines/UnrealEngine/Engine/Source/Runtime/Renderer/Private/PostProcess/PostProcessAmbientOcclusionMobile.h,3,0,3
/media/ullmann/HDDGabriel/engines/UnrealEngine/Engine/Source/Developer/TraceInsights/Private/Insights/NetworkingProfiler/Widgets/SNetStatsView.cpp,0,1,1
/media/ullmann/HDDGabriel/engines/UnrealEngine/Engine/Source/Developer/TraceInsights/Private/Insights/NetworkingProfiler/Widgets/SNetStatsView.h,1,0,1
/media/ullmann/HDDGabriel/engines/UnrealEngine/Engine/Source/Editor/PropertyEditor/Private/StructurePropertyNode.cpp,0,3,3
/media/ullmann/HDDGabriel/engines/UnrealEngine/Engine/Source/ThirdParty/PhysX3/PhysX_3.4/Source/PhysXMetaData/core/include/PxMetaDataCompare.h,0,1,1
/media/ullmann/HDDGabriel/engines/UnrealEngine/Engine/Source/ThirdParty/Intel/ISPC/ispc-1.17.0/examples/cpu/aobench_instrumented/ao.cpp,0,2,2
/media/ullmann/HDDGabriel/engines/UnrealEngine/Engine/Source/ThirdParty/Intel/ISPC/ispc-1.17.0/examples/cpu/aobench_instrumented/instrument.h,2,0,2
/media/ullmann/HDDGabriel/engines/UnrealEngine/Engine/Source/ThirdParty/ICU/icu4c-53_1/source/i18n/msgfmt.cpp,0,11,11
/media/ullmann/HDDGabriel/engines/UnrealEngine/Engine/Source/ThirdParty/Intel/Embree/Embree270/src/kernels/common/globals.h,3,1,4
/media/ullmann/HDDGabriel/engines/UnrealEngine/Engine/Source/ThirdParty/ShaderConductor/ShaderConductor/External/DirectXShaderCompiler/lib/ExecutionEngine/IntelJITEvents/IntelJITEventListener.cpp,0,1,1
/media/ullmann/HDDGabriel/engines/UnrealEngine/Engine/Source/ThirdParty/ShaderConductor/ShaderConductor/External/DirectXShaderCompiler/lib/ExecutionEngine/IntelJITEvents/IntelJITEventsWrapper.h,1,1,2
/media/ullmann/HDDGabriel/engines/UnrealEngine/Engine/Source/ThirdParty/FreeImage/FreeImage-3.18.0/Source/OpenEXR/IlmImf/ImfVecAttribute.h,4,1,5
/media/ullmann/HDDGabriel/engines/UnrealEngine/Engine/Source/ThirdParty/FreeType2/FreeType2-2.10.4/src/sfnt/woff2tags.c,1,1,2
/media/ullmann/HDDGabriel/engines/UnrealEngine/Engine/Source/ThirdParty/FreeType2/FreeType2-2.10.4/src/sfnt/woff2tags.h,2,0,2
/media/ullmann/HDDGabriel/engines/UnrealEngine/Engine/Source/ThirdParty/FreeImage/FreeImage-3.18.0/Source/LibJPEG/jcparam.c,0,2,2
/media/ullmann/HDDGabriel/engines/UnrealEngine/Engine/Source/ThirdParty/Oculus/LibOVRPlatform/LibOVRPlatform/include/OVR_MediaContentType.h,1,1,2
/media/ullmann/HDDGabriel/engines/UnrealEngine/Engine/Source/Runtime/Experimental/Chaos/Public/Chaos/ImplicitObjectTransformed.h,1,2,3
/media/ullmann/HDDGabriel/engines/UnrealEngine/Engine/Source/ThirdParty/Intel/TBB/IntelTBB-2019u8/src/test/test_task_auto_init.cpp,0,3,3
/media/ullmann/HDDGabriel/engines/UnrealEngine/Engine/Source/ThirdParty/Intel/Embree/Embree2140/src/kernels/geometry/bezier1i_intersector.h,4,4,8
/media/ullmann/HDDGabriel/engines/UnrealEngine/Engine/Source/ThirdParty/PhysX3/PhysX_3.4/Source/LowLevelCloth/include/Cloth.h,0,2,2
/media/ullmann/HDDGabriel/engines/UnrealEngine/Engine/Source/Developer/DerivedDataCache/Private/DerivedDataCache.cpp,0,2,2
/media/ullmann/HDDGabriel/engines/UnrealEngine/Engine/Source/ThirdParty/OpenSubdiv/Deploy/OpenSubdiv-3.4.4/include/opensubdiv/vtr/fvarRefinement.h,1,6,7
/media/ullmann/HDDGabriel/engines/UnrealEngine/Engine/Source/ThirdParty/ICU/icu4c-53_1/source/i18n/plurrule.cpp,0,6,6
/media/ullmann/HDDGabriel/engines/UnrealEngine/Engine/Source/ThirdParty/ICU/icu4c-64_1/source/test/intltest/textfile.cpp,0,2,2
/media/ullmann/HDDGabriel/engines/UnrealEngine/Engine/Source/Developer/TraceInsights/Private/Insights/StoreService/StoreBrowser.cpp,0,1,1
/media/ullmann/HDDGabriel/engines/UnrealEngine/Engine/Source/Developer/TraceInsights/Private/Insights/StoreService/StoreBrowser.h,1,0,1
/media/ullmann/HDDGabriel/engines/UnrealEngine/Engine/Source/ThirdParty/CryptoPP/5.6.2/include/des.cpp,0,3,3
/media/ullmann/HDDGabriel/engines/UnrealEngine/Engine/Source/Runtime/Online/SSL/Private/Windows/WindowsPlatformSslCertificateManager.h,2,0,2
/media/ullmann/HDDGabriel/engines/UnrealEngine/Engine/Source/ThirdParty/PhysX3/APEX_1.4/module/clothing/embedded/ExtClothGeodesicTetherCooker.cpp,0,2,2
/media/ullmann/HDDGabriel/engines/UnrealEngine/Engine/Source/ThirdParty/Steamworks/Steamv146/sdk/public/steam/isteaminventory.h,1,1,2
/media/ullmann/HDDGabriel/engines/UnrealEngine/Engine/Source/ThirdParty/openexr/openexr-3.1.1/src/test/OpenEXRTest/testBadTypeAttributes.cpp,0,1,1
/media/ullmann/HDDGabriel/engines/UnrealEngine/Engine/Source/ThirdParty/libOpus/opus-1.3.1-12/silk/tables_pitch_lag.c,0,1,1
/media/ullmann/HDDGabriel/engines/UnrealEngine/Engine/Source/ThirdParty/Intel/TBB/IntelTBB-2019u8/include/tbb/task_scheduler_observer.h,1,2,3
/media/ullmann/HDDGabriel/engines/UnrealEngine/Engine/Source/ThirdParty/FreeType2/FreeType2-2.10.4/src/pfr/pfrdrivr.h,1,0,1
/media/ullmann/HDDGabriel/engines/UnrealEngine/Engine/Source/ThirdParty/OpenVDB/openvdb-8.1.0/openvdb/openvdb/python/pyTransform.cc,0,1,1
/media/ullmann/HDDGabriel/engines/UnrealEngine/Engine/Source/ThirdParty/libOpus/opus-1.1/silk/fixed/LTP_analysis_filter_FIX.c,0,1,1
/media/ullmann/HDDGabriel/engines/UnrealEngine/Engine/Source/ThirdParty/FreeType2/FreeType2-2.10.0/src/type1/t1driver.h,1,0,1
/media/ullmann/HDDGabriel/engines/UnrealEngine/Engine/Source/Runtime/AssetRegistry/Private/PackageDependencyData.h,4,0,4
/media/ullmann/HDDGabriel/engines/UnrealEngine/Engine/Source/Editor/LandscapeEditor/Private/LandscapeEditorDetailCustomizations.h,0,7,7
/media/ullmann/HDDGabriel/engines/UnrealEngine/Engine/Source/ThirdParty/SDL2/SDL-gui-backend/src/thread/vita/SDL_syssem.c,0,1,1
/media/ullmann/HDDGabriel/engines/UnrealEngine/Engine/Source/Runtime/MRMesh/Public/MeshReconstructorBase.cpp,0,1,1
/media/ullmann/HDDGabriel/engines/UnrealEngine/Engine/Source/Runtime/MRMesh/Public/MeshReconstructorBase.h,1,0,1
/media/ullmann/HDDGabriel/engines/UnrealEngine/Engine/Source/ThirdParty/PhysX3/APEX_1.4/module/clothing_legacy/include/autogen/ClothingActorParam_0p0.h,1,0,1
/media/ullmann/HDDGabriel/engines/UnrealEngine/Engine/Source/ThirdParty/Intel/Embree/Embree3122/Win64/include/embree3/rtcore_builder.h,1,1,2
/media/ullmann/HDDGabriel/engines/UnrealEngine/Engine/Source/Editor/DistCurveEditor/Private/CurveEditorActions.cpp,0,1,1
/media/ullmann/HDDGabriel/engines/UnrealEngine/Engine/Source/Editor/DistCurveEditor/Private/CurveEditorActions.h,2,0,2
/media/ullmann/HDDGabriel/engines/UnrealEngine/Engine/Source/ThirdParty/ICU/icu4c-64_1/source/test/intltest/numbertest_patternstring.cpp,0,1,1
/media/ullmann/HDDGabriel/engines/UnrealEngine/Engine/Source/Runtime/Slate/Public/Widgets/Input/SSpinBox.h,2,0,2
/media/ullmann/HDDGabriel/engines/UnrealEngine/Engine/Source/ThirdParty/ShaderConductor/ShaderConductor/External/DirectXShaderCompiler/utils/TableGen/CodeGenDAGPatterns.cpp,0,1,1
/media/ullmann/HDDGabriel/engines/UnrealEngine/Engine/Source/Runtime/AVEncoder/Private/Decoders/vdecmpeg4/M4BitstreamParser.h,2,5,7
/media/ullmann/HDDGabriel/engines/UnrealEngine/Engine/Source/ThirdParty/MCPP/mcpp-2.7.2/test-l/nest35.h,1,1,2
/media/ullmann/HDDGabriel/engines/UnrealEngine/Engine/Source/ThirdParty/MCPP/mcpp-2.7.2/test-l/nest36.h,1,1,2
/media/ullmann/HDDGabriel/engines/UnrealEngine/Engine/Source/ThirdParty/ShaderConductor/ShaderConductor/External/DirectXShaderCompiler/tools/clang/lib/ARCMigrate/TransUnbridgedCasts.cpp,0,2,2
/media/ullmann/HDDGabriel/engines/UnrealEngine/Engine/Source/ThirdParty/libOpus/opus-1.3.1-12/celt/vq.h,5,4,9
/media/ullmann/HDDGabriel/engines/UnrealEngine/Engine/Source/ThirdParty/Intel/TBB/IntelTBB-2019u8/src/tbb/tools_api/ittnotify.h,2,1,3
/media/ullmann/HDDGabriel/engines/UnrealEngine/Engine/Source/ThirdParty/Intel/TBB/IntelTBB-2019u8/src/tbb/tools_api/legacy/ittnotify.h,3,0,3
/media/ullmann/HDDGabriel/engines/UnrealEngine/Engine/Source/Runtime/Core/Public/GenericPlatform/GenericPlatformMisc.h,2,0,2
/media/ullmann/HDDGabriel/engines/UnrealEngine/Engine/Source/Editor/MovieSceneTools/Public/MovieSceneToolsUserSettings.h,0,1,1
/media/ullmann/HDDGabriel/engines/UnrealEngine/Engine/Source/ThirdParty/Breakpad/src/third_party/libdisasm/ia32_reg.c,0,2,2
/media/ullmann/HDDGabriel/engines/UnrealEngine/Engine/Source/ThirdParty/ICU/icu4c-53_1/source/layout/CanonData.cpp,0,2,2
/media/ullmann/HDDGabriel/engines/UnrealEngine/Engine/Source/ThirdParty/openexr/openexr-3.1.1/src/lib/OpenEXR/ImfPartHelper.h,0,8,8
/media/ullmann/HDDGabriel/engines/UnrealEngine/Engine/Source/Editor/LandscapeEditor/Private/LandscapeEdModePaintTools.cpp,0,2,2
/media/ullmann/HDDGabriel/engines/UnrealEngine/Engine/Source/ThirdParty/FreeImage/FreeImage-3.18.0/Source/LibJPEG/jfdctfst.c,0,3,3
/media/ullmann/HDDGabriel/engines/UnrealEngine/Engine/Source/ThirdParty/FreeType2/FreeType2-2.6/Src/cid/cidload.c,1,3,4
/media/ullmann/HDDGabriel/engines/UnrealEngine/Engine/Source/ThirdParty/Boost/boost-1_70_0/include/boost/safe_numerics/exception_policies.hpp,3,1,4
/media/ullmann/HDDGabriel/engines/UnrealEngine/Engine/Source/ThirdParty/PhysX3/PhysX_3.4/Source/SimulationController/src/ScActorInteraction.h,2,2,4
/media/ullmann/HDDGabriel/engines/UnrealEngine/Engine/Source/ThirdParty/FreeType2/FreeType2-2.10.0/src/autofit/afglobal.c,1,7,8
/media/ullmann/HDDGabriel/engines/UnrealEngine/Engine/Source/ThirdParty/FreeType2/FreeType2-2.10.0/src/autofit/afshaper.h,3,0,3
/media/ullmann/HDDGabriel/engines/UnrealEngine/Engine/Source/ThirdParty/Alembic/alembic-1.8.2/maya/AbcExport/MayaPointPrimitiveWriter.cpp,0,2,2
/media/ullmann/HDDGabriel/engines/UnrealEngine/Engine/Source/Developer/TraceInsights/Private/Insights/Widgets/SStatsTableRow.cpp,0,1,1
/media/ullmann/HDDGabriel/engines/UnrealEngine/Engine/Source/Developer/TraceInsights/Private/Insights/Widgets/SStatsTableRow.h,1,0,1
/media/ullmann/HDDGabriel/engines/UnrealEngine/Engine/Source/Runtime/CoreUObject/Public/UObject/UObjectGlobals.h,2,0,2
/media/ullmann/HDDGabriel/engines/UnrealEngine/Engine/Source/Runtime/Engine/Private/Particles/ParticleResources.cpp,0,1,1
/media/ullmann/HDDGabriel/engines/UnrealEngine/Engine/Source/Runtime/Engine/Private/Particles/ParticleCurveTexture.h,1,0,1
/media/ullmann/HDDGabriel/engines/UnrealEngine/Engine/Source/ThirdParty/rpclib/Source/include/rpc/msgpack/adaptor/array_ref.hpp,1,0,1
/media/ullmann/HDDGabriel/engines/UnrealEngine/Engine/Source/ThirdParty/Intel/TBB/IntelTBB-2019u8/examples/parallel_for/tachyon/src/ui.cpp,0,5,5
/media/ullmann/HDDGabriel/engines/UnrealEngine/Engine/Source/ThirdParty/CryptoPP/5.6.2/include/camellia.cpp,0,4,4
/media/ullmann/HDDGabriel/engines/UnrealEngine/Engine/Source/ThirdParty/ShaderConductor/ShaderConductor/External/DirectXShaderCompiler/tools/clang/lib/StaticAnalyzer/Checkers/ObjCContainersChecker.cpp,0,1,1
/media/ullmann/HDDGabriel/engines/UnrealEngine/Engine/Source/ThirdParty/PhysX3/NvCloth/src/SwInterCollision.h,5,2,7
/media/ullmann/HDDGabriel/engines/UnrealEngine/Engine/Source/Editor/AnimationModifiers/Private/SAnimationModifiersTab.cpp,0,4,4
/media/ullmann/HDDGabriel/engines/UnrealEngine/Engine/Source/Editor/AnimationModifiers/Private/SAnimationModifiersTab.h,3,1,4
/media/ullmann/HDDGabriel/engines/UnrealEngine/Engine/Source/ThirdParty/SpeedTree/SpeedTreeSDK-v7.0/Include/Core/List.h,0,1,1
/media/ullmann/HDDGabriel/engines/UnrealEngine/Engine/Source/ThirdParty/nvTextureTools/nvTextureTools-2.0.8/src/src/nvtt/tools/configdialog.cpp,0,1,1
/media/ullmann/HDDGabriel/engines/UnrealEngine/Engine/Source/ThirdParty/nvTextureTools/nvTextureTools-2.0.8/src/src/nvtt/tools/configdialog.h,2,0,2
/media/ullmann/HDDGabriel/engines/UnrealEngine/Engine/Source/ThirdParty/xxhash/tests/collisions/main.c,0,3,3
/media/ullmann/HDDGabriel/engines/UnrealEngine/Engine/Source/ThirdParty/xxhash/tests/collisions/sort.hh,2,0,2
/media/ullmann/HDDGabriel/engines/UnrealEngine/Engine/Source/ThirdParty/ICU/icu4c-64_1/source/i18n/numparse_stringsegment.h,1,2,3
/media/ullmann/HDDGabriel/engines/UnrealEngine/Engine/Source/ThirdParty/nvTextureTools/nvTextureTools-2.0.6/src/src/nvmath/Plane.cpp,0,2,2
/media/ullmann/HDDGabriel/engines/UnrealEngine/Engine/Source/ThirdParty/nvTextureTools/nvTextureTools-2.0.6/src/src/nvmath/Plane.h,1,0,1
/media/ullmann/HDDGabriel/engines/UnrealEngine/Engine/Source/ThirdParty/FreeType2/FreeType2-2.6/Src/gzip/zconf.h,1,0,1
/media/ullmann/HDDGabriel/engines/UnrealEngine/Engine/Source/ThirdParty/Breakpad/src/client/mac/handler/dynamic_images.cc,0,1,1
/media/ullmann/HDDGabriel/engines/UnrealEngine/Engine/Source/ThirdParty/Breakpad/src/client/mac/handler/breakpad_nlist_64.h,2,0,2
/media/ullmann/HDDGabriel/engines/UnrealEngine/Engine/Source/Runtime/AssetRegistry/Private/DiskCachedAssetData.h,1,1,2
/media/ullmann/HDDGabriel/engines/UnrealEngine/Engine/Source/Runtime/Engine/Private/Streaming/Texture2DArrayStreaming.h,0,3,3
/media/ullmann/HDDGabriel/engines/UnrealEngine/Engine/Source/Runtime/Engine/Private/Streaming/Texture2DMipDataProvider_DDC.h,4,0,4
/media/ullmann/HDDGabriel/engines/UnrealEngine/Engine/Source/Editor/DetailCustomizations/Private/ObjectDetails.h,2,0,2
/media/ullmann/HDDGabriel/engines/UnrealEngine/Engine/Source/ThirdParty/ShaderConductor/ShaderConductor/External/DirectXShaderCompiler/lib/Support/Windows/Host.inc,1,0,1
/media/ullmann/HDDGabriel/engines/UnrealEngine/Engine/Source/Runtime/AIModule/Private/GameplayDebugger/GameplayDebuggerCategory_BehaviorTree.h,1,0,1
/media/ullmann/HDDGabriel/engines/UnrealEngine/Engine/Source/ThirdParty/WebRTC/4147/Include/rtc_base/test_client.h,0,1,1
/media/ullmann/HDDGabriel/engines/UnrealEngine/Engine/Source/ThirdParty/libPNG/libPNG-1.5.2/pngwtran.c,0,1,1
/media/ullmann/HDDGabriel/engines/UnrealEngine/Engine/Source/ThirdParty/CryptoPP/5.6.5/include/oaep.cpp,0,4,4
/media/ullmann/HDDGabriel/engines/UnrealEngine/Engine/Source/ThirdParty/libOpus/opus-1.3.1-12/celt/mips/pitch_mipsr1.h,1,0,1
/media/ullmann/HDDGabriel/engines/UnrealEngine/Engine/Source/ThirdParty/OpenSubdiv/OpenSubdiv-3.4.4/opensubdiv/osd/d3d11Mesh.h,0,3,3
/media/ullmann/HDDGabriel/engines/UnrealEngine/Engine/Source/ThirdParty/FreeType2/FreeType2-2.10.0/src/autofit/afhints.c,1,2,3
/media/ullmann/HDDGabriel/engines/UnrealEngine/Engine/Source/ThirdParty/OpenVDB/Deploy/openvdb-8.1.0/include/openvdb/io/Compression.h,1,2,3
/media/ullmann/HDDGabriel/engines/UnrealEngine/Engine/Source/ThirdParty/OpenVDB/Deploy/openvdb-8.1.0/include/openvdb/io/io.h,3,0,3
/media/ullmann/HDDGabriel/engines/UnrealEngine/Engine/Source/Developer/Windows/WindowsTargetPlatform/Private/LocalPcTargetDevice.h,2,0,2
/media/ullmann/HDDGabriel/engines/UnrealEngine/Engine/Source/ThirdParty/ShaderConductor/ShaderConductor/External/DirectXShaderCompiler/tools/clang/tools/libclang/CIndexCXX.cpp,0,3,3
/media/ullmann/HDDGabriel/engines/UnrealEngine/Engine/Source/ThirdParty/ShaderConductor/ShaderConductor/External/DirectXShaderCompiler/tools/clang/tools/libclang/CXType.h,4,0,4
/media/ullmann/HDDGabriel/engines/UnrealEngine/Engine/Source/Editor/DetailCustomizations/Private/SkeletalControlNodeDetails.h,2,0,2
/media/ullmann/HDDGabriel/engines/UnrealEngine/Engine/Source/ThirdParty/FBX/2020.2/include/fbxsdk/scene/geometry/fbxproceduralgeometry.h,1,0,1
/media/ullmann/HDDGabriel/engines/UnrealEngine/Engine/Source/Programs/UnrealLightmass/Public/MeshExport.h,2,0,2
/media/ullmann/HDDGabriel/engines/UnrealEngine/Engine/Source/Editor/BlueprintGraph/Classes/K2Node_CallParentFunction.h,0,1,1
/media/ullmann/HDDGabriel/engines/UnrealEngine/Engine/Source/Editor/ViewportInteraction/Gizmo/VIStretchGizmoHandle.cpp,0,1,1
/media/ullmann/HDDGabriel/engines/UnrealEngine/Engine/Source/Editor/ViewportInteraction/Gizmo/VIStretchGizmoHandle.h,2,0,2
/media/ullmann/HDDGabriel/engines/UnrealEngine/Engine/Source/ThirdParty/openexr/openexr-3.1.1/src/test/OpenEXRCoreTest/test_value.h,6,0,6
/media/ullmann/HDDGabriel/engines/UnrealEngine/Engine/Source/Editor/DetailCustomizations/Private/SkeletonDetails.h,2,0,2
/media/ullmann/HDDGabriel/engines/UnrealEngine/Engine/Source/ThirdParty/ICU/icu4c-53_1/source/common/unicode/ucharstriebuilder.h,1,0,1
/media/ullmann/HDDGabriel/engines/UnrealEngine/Engine/Source/ThirdParty/FreeImage/FreeImage-3.18.0/Source/OpenEXR/IlmImf/ImfCompressionAttribute.cpp,0,1,1
/media/ullmann/HDDGabriel/engines/UnrealEngine/Engine/Source/ThirdParty/FreeImage/FreeImage-3.18.0/Source/OpenEXR/IlmImf/ImfCompressionAttribute.h,2,2,4
/media/ullmann/HDDGabriel/engines/UnrealEngine/Engine/Source/Runtime/Engine/Public/Animation/AnimNotifyQueue.h,1,0,1
/media/ullmann/HDDGabriel/engines/UnrealEngine/Engine/Source/ThirdParty/nvTextureTools/nvTextureTools-2.0.6/src/src/nvtt/tools/resize.cpp,0,1,1
/media/ullmann/HDDGabriel/engines/UnrealEngine/Engine/Source/Runtime/Core/Public/Containers/Map.h,3,0,3
/media/ullmann/HDDGabriel/engines/UnrealEngine/Engine/Source/ThirdParty/Intel/Embree/Embree270/src/kernels/xeonphi/bvh4mb/bvh4mb_intersector16_single.h,1,2,3
/media/ullmann/HDDGabriel/engines/UnrealEngine/Engine/Source/Runtime/SlateCore/Private/Debugging/ConsoleSlateDebuggerBreak.h,1,0,1
/media/ullmann/HDDGabriel/engines/UnrealEngine/Engine/Source/ThirdParty/coremod/coremod-4.2.6/src/control.c,0,3,3
/media/ullmann/HDDGabriel/engines/UnrealEngine/Engine/Source/ThirdParty/Intel/ISPC/ispc-1.17.0/examples/cpu/gmres/mmio.c,0,1,1
/media/ullmann/HDDGabriel/engines/UnrealEngine/Engine/Source/ThirdParty/Intel/ISPC/ispc-1.16.1/src/main.cpp,0,5,5
/media/ullmann/HDDGabriel/engines/UnrealEngine/Engine/Source/Editor/Persona/Private/SAnimTrackPanel.h,6,0,6
/media/ullmann/HDDGabriel/engines/UnrealEngine/Engine/Source/Developer/Windows/LiveCodingServer/Private/External/LC_LiveModule.h,3,3,6
/media/ullmann/HDDGabriel/engines/UnrealEngine/Engine/Source/ThirdParty/FreeType2/FreeType2-2.4.12/src/truetype/ttobjs.c,1,5,6
/media/ullmann/HDDGabriel/engines/UnrealEngine/Engine/Source/ThirdParty/FreeType2/FreeType2-2.4.12/src/truetype/ttgxvar.h,5,1,6
/media/ullmann/HDDGabriel/engines/UnrealEngine/Engine/Source/ThirdParty/OpenSubdiv/OpenSubdiv-3.4.4/regression/shapes/catmark_gregory_test4.h,1,0,1
/media/ullmann/HDDGabriel/engines/UnrealEngine/Engine/Source/ThirdParty/ICU/icu4c-64_1/source/i18n/measfmt.cpp,0,14,14
/media/ullmann/HDDGabriel/engines/UnrealEngine/Engine/Source/ThirdParty/ShaderConductor/ShaderConductor/External/DirectXShaderCompiler/tools/clang/lib/StaticAnalyzer/Checkers/CStringSyntaxChecker.cpp,0,1,1
/media/ullmann/HDDGabriel/engines/UnrealEngine/Engine/Source/ThirdParty/FreeImage/FreeImage-3.18.0/Source/LibJPEG/jccolor.c,0,2,2
/media/ullmann/HDDGabriel/engines/UnrealEngine/Engine/Source/Developer/AITestSuite/Classes/MockAI_BT.h,0,1,1
/media/ullmann/HDDGabriel/engines/UnrealEngine/Engine/Source/Developer/AITestSuite/Classes/MockAI.h,1,0,1
/media/ullmann/HDDGabriel/engines/UnrealEngine/Engine/Source/ThirdParty/Intel/Embree/Embree270/src/kernels/algorithms/parallel_for.cpp,0,1,1
/media/ullmann/HDDGabriel/engines/UnrealEngine/Engine/Source/Editor/TranslationEditor/Private/TranslationEditorModule.cpp,0,3,3
/media/ullmann/HDDGabriel/engines/UnrealEngine/Engine/Source/Editor/TranslationEditor/Private/TranslationEditor.h,3,3,6
/media/ullmann/HDDGabriel/engines/UnrealEngine/Engine/Source/ThirdParty/FreeType2/FreeType2-2.10.4/src/autofit/afangles.c,1,1,2
/media/ullmann/HDDGabriel/engines/UnrealEngine/Engine/Source/ThirdParty/ICU/icu4c-53_1/source/test/intltest/ficoll.cpp,0,2,2
/media/ullmann/HDDGabriel/engines/UnrealEngine/Engine/Source/Runtime/Apple/AGXRHI/Private/AGXUAV.cpp,0,3,3
/media/ullmann/HDDGabriel/engines/UnrealEngine/Engine/Source/Editor/ClothPainter/Private/ClothPainter.h,6,0,6
/media/ullmann/HDDGabriel/engines/UnrealEngine/Engine/Source/ThirdParty/CryptoPP/5.6.5/include/simple.cpp,0,2,2
/media/ullmann/HDDGabriel/engines/UnrealEngine/Engine/Source/Developer/SlateReflector/Private/Widgets/SAtlasVisualizer.h,1,0,1
/media/ullmann/HDDGabriel/engines/UnrealEngine/Engine/Source/Editor/SubobjectEditor/Public/SSubobjectBlueprintEditor.h,0,1,1
/media/ullmann/HDDGabriel/engines/UnrealEngine/Engine/Source/Editor/SubobjectEditor/Public/SSubobjectEditor.h,2,0,2
/media/ullmann/HDDGabriel/engines/UnrealEngine/Engine/Source/ThirdParty/coremod/coremod-4.2.6/src/loaders/mod_load.c,0,2,2
/media/ullmann/HDDGabriel/engines/UnrealEngine/Engine/Source/Runtime/Core/Public/Stats/Stats2.h,0,2,2
/media/ullmann/HDDGabriel/engines/UnrealEngine/Engine/Source/Runtime/Core/Public/Stats/StatsCommon.h,2,0,2
/media/ullmann/HDDGabriel/engines/UnrealEngine/Engine/Source/ThirdParty/SDL2/SDL-gui-backend/src/events/SDL_displayevents.c,0,2,2
/media/ullmann/HDDGabriel/engines/UnrealEngine/Engine/Source/Editor/DetailCustomizations/Private/AssetViewerSettingsCustomization.cpp,0,1,1
/media/ullmann/HDDGabriel/engines/UnrealEngine/Engine/Source/Editor/DetailCustomizations/Private/AssetViewerSettingsCustomization.h,2,0,2
/media/ullmann/HDDGabriel/engines/UnrealEngine/Engine/Source/ThirdParty/ICU/icu4c-64_1/source/test/intltest/strcase.cpp,0,2,2
/media/ullmann/HDDGabriel/engines/UnrealEngine/Engine/Source/ThirdParty/ICU/icu4c-64_1/source/test/intltest/testutil.h,7,1,8
/media/ullmann/HDDGabriel/engines/UnrealEngine/Engine/Source/ThirdParty/ICU/icu4c-53_1/source/i18n/regexst.cpp,0,4,4
/media/ullmann/HDDGabriel/engines/UnrealEngine/Engine/Source/ThirdParty/ShaderConductor/ShaderConductor/External/DirectXShaderCompiler/lib/ExecutionEngine/RuntimeDyld/Targets/RuntimeDyldMachOX86_64.h,1,1,2
/media/ullmann/HDDGabriel/engines/UnrealEngine/Engine/Source/ThirdParty/ICU/icu4c-64_1/source/test/intltest/tzbdtest.cpp,0,1,1
/media/ullmann/HDDGabriel/engines/UnrealEngine/Engine/Source/ThirdParty/Intel/MetricsDiscovery/MetricsDiscoveryHelper/metrics-discovery/instrumentation/metrics_discovery/common/inc/md_per_platform_preamble.h,0,2,2
/media/ullmann/HDDGabriel/engines/UnrealEngine/Engine/Source/Runtime/Core/Public/Math/UnrealMathUtility.h,3,0,3
/media/ullmann/HDDGabriel/engines/UnrealEngine/Engine/Source/Editor/UMGEditor/Public/IUMGDesigner.h,0,1,1
/media/ullmann/HDDGabriel/engines/UnrealEngine/Engine/Source/Editor/MergeActors/Private/MergeProxyUtils/Utils.h,1,0,1
/media/ullmann/HDDGabriel/engines/UnrealEngine/Engine/Source/ThirdParty/PhysX3/PhysX_3.4/Source/GeomUtils/src/pcm/GuPCMContactPlaneBox.cpp,0,1,1
/media/ullmann/HDDGabriel/engines/UnrealEngine/Engine/Source/ThirdParty/Boost/boost-1_70_0/include/boost/outcome/detail/basic_result_final.hpp,1,2,3
/media/ullmann/HDDGabriel/engines/UnrealEngine/Engine/Source/ThirdParty/Boost/boost-1_70_0/include/boost/outcome/detail/basic_result_value_observers.hpp,1,1,2
/media/ullmann/HDDGabriel/engines/UnrealEngine/Engine/Source/ThirdParty/ICU/icu4c-53_1/source/test/letest/FontTableCache.h,2,0,2
/media/ullmann/HDDGabriel/engines/UnrealEngine/Engine/Source/ThirdParty/Intel/TBB/IntelTBB-2019u8/src/test/test_parallel_for.cpp,0,8,8
/media/ullmann/HDDGabriel/engines/UnrealEngine/Engine/Source/ThirdParty/libcurl/7_75_0/include/Android/curl/system.h,1,0,1
/media/ullmann/HDDGabriel/engines/UnrealEngine/Engine/Source/ThirdParty/ShaderConductor/ShaderConductor/External/SPIRV-Tools/source/reduce/reduction_opportunity_finder.cpp,0,1,1
/media/ullmann/HDDGabriel/engines/UnrealEngine/Engine/Source/ThirdParty/ShaderConductor/ShaderConductor/External/SPIRV-Tools/source/reduce/reduction_opportunity_finder.h,1,0,1
/media/ullmann/HDDGabriel/engines/UnrealEngine/Engine/Source/Developer/LogVisualizer/Private/SVisualLogger.cpp,0,14,14
/media/ullmann/HDDGabriel/engines/UnrealEngine/Engine/Source/ThirdParty/ShaderConductor/ShaderConductor/External/DirectXShaderCompiler/lib/CodeGen/AsmPrinter/AddressPool.cpp,0,1,1
/media/ullmann/HDDGabriel/engines/UnrealEngine/Engine/Source/ThirdParty/ShaderConductor/ShaderConductor/External/DirectXShaderCompiler/lib/CodeGen/AsmPrinter/AddressPool.h,2,0,2
/media/ullmann/HDDGabriel/engines/UnrealEngine/Engine/Source/ThirdParty/rpclib/Source/include/rpc/client.h,0,1,1
/media/ullmann/HDDGabriel/engines/UnrealEngine/Engine/Source/ThirdParty/rpclib/Source/include/rpc/nonstd/optional.hpp,1,0,1
/media/ullmann/HDDGabriel/engines/UnrealEngine/Engine/Source/ThirdParty/FreeType2/FreeType2-2.4.12/src/cache/ftcmru.h,4,0,4
/media/ullmann/HDDGabriel/engines/UnrealEngine/Engine/Source/Runtime/Engine/Private/Slate/SlateSoundDevice.h,1,0,1
/media/ullmann/HDDGabriel/engines/UnrealEngine/Engine/Source/Editor/AnimGraph/Private/AnimBlueprintCompiler.cpp,0,5,5
/media/ullmann/HDDGabriel/engines/UnrealEngine/Engine/Source/ThirdParty/Android/libunwind/libunwind/src/x86/Linit_remote.c,0,1,1
/media/ullmann/HDDGabriel/engines/UnrealEngine/Engine/Source/ThirdParty/Android/libunwind/libunwind/src/x86/Ginit_remote.c,1,2,3
/media/ullmann/HDDGabriel/engines/UnrealEngine/Engine/Source/ThirdParty/libPNG/libPNG-1.5.27/example.c,0,1,1
/media/ullmann/HDDGabriel/engines/UnrealEngine/Engine/Source/ThirdParty/Intel/Embree/Embree2140/src/kernels/geometry/triangle_intersector_pluecker.h,5,4,9
/media/ullmann/HDDGabriel/engines/UnrealEngine/Engine/Source/ThirdParty/libOpus/opus-1.3.1-12/celt/mips/mdct_mipsr1.h,1,0,1
/media/ullmann/HDDGabriel/engines/UnrealEngine/Engine/Source/ThirdParty/WebRTC/4147/Include/third_party/opus/src/silk/typedef.h,7,0,7
/media/ullmann/HDDGabriel/engines/UnrealEngine/Engine/Source/Runtime/Engine/Private/Streaming/VolumeTextureStreaming.h,1,3,4
/media/ullmann/HDDGabriel/engines/UnrealEngine/Engine/Source/ThirdParty/FreeType2/FreeType2-2.4.12/src/cache/ftcsbits.c,1,3,4
/media/ullmann/HDDGabriel/engines/UnrealEngine/Engine/Source/ThirdParty/FreeType2/FreeType2-2.6/Include/ftlist.h,0,1,1
/media/ullmann/HDDGabriel/engines/UnrealEngine/Engine/Source/ThirdParty/FreeType2/FreeType2-2.10.4/src/base/ftobjs.c,1,2,3
/media/ullmann/HDDGabriel/engines/UnrealEngine/Engine/Source/ThirdParty/FreeType2/FreeType2-2.10.4/src/base/md5.c,1,1,2
/media/ullmann/HDDGabriel/engines/UnrealEngine/Engine/Source/Editor/UnrealEd/Private/ShaderLibraryChunkDataGenerator.cpp,0,1,1
/media/ullmann/HDDGabriel/engines/UnrealEngine/Engine/Source/Runtime/HeadMountedDisplay/Public/XRTrackingSystemBase.h,1,2,3
/media/ullmann/HDDGabriel/engines/UnrealEngine/Engine/Source/ThirdParty/CryptoPP/5.6.5/include/xtr.h,2,4,6
/media/ullmann/HDDGabriel/engines/UnrealEngine/Engine/Source/ThirdParty/CryptoPP/5.6.2/include/pubkey.cpp,0,2,2
/media/ullmann/HDDGabriel/engines/UnrealEngine/Engine/Source/ThirdParty/ShaderConductor/ShaderConductor/External/DirectXShaderCompiler/lib/CodeGen/AsmPrinter/DwarfFile.h,2,2,4
/media/ullmann/HDDGabriel/engines/UnrealEngine/Engine/Source/ThirdParty/ShaderConductor/ShaderConductor/External/DirectXShaderCompiler/lib/CodeGen/AsmPrinter/DwarfStringPool.h,2,0,2
/media/ullmann/HDDGabriel/engines/UnrealEngine/Engine/Source/Runtime/Engine/Private/DataTableCSV.cpp,0,1,1
/media/ullmann/HDDGabriel/engines/UnrealEngine/Engine/Source/Runtime/Engine/Private/DataTableCSV.h,3,0,3
/media/ullmann/HDDGabriel/engines/UnrealEngine/Engine/Source/ThirdParty/ICU/icu4c-64_1/source/test/cintltst/cbiapts.h,1,1,2
/media/ullmann/HDDGabriel/engines/UnrealEngine/Engine/Source/ThirdParty/Android/libunwind/libunwind/src/sh/Ginit_local.c,1,2,3
/media/ullmann/HDDGabriel/engines/UnrealEngine/Engine/Source/Developer/NaniteBuilder/Private/ClusterDAG.cpp,0,2,2
/media/ullmann/HDDGabriel/engines/UnrealEngine/Engine/Source/Runtime/Online/BuildPatchServices/Private/Installer/Statistics/FileConstructorStatistics.h,1,0,1
/media/ullmann/HDDGabriel/engines/UnrealEngine/Engine/Source/ThirdParty/PhysX3/PhysX_3.4/Source/GeomUtils/src/contact/GuContactConvexMesh.cpp,0,2,2
/media/ullmann/HDDGabriel/engines/UnrealEngine/Engine/Source/ThirdParty/PhysX3/PhysX_3.4/Source/GeomUtils/src/contact/GuContactPolygonPolygon.h,3,0,3
/media/ullmann/HDDGabriel/engines/UnrealEngine/Engine/Source/Editor/DetailCustomizations/Private/BrushDetails.h,2,0,2
/media/ullmann/HDDGabriel/engines/UnrealEngine/Engine/Source/ThirdParty/ICU/icu4c-64_1/source/test/intltest/tzregts.cpp,0,2,2
/media/ullmann/HDDGabriel/engines/UnrealEngine/Engine/Source/ThirdParty/ICU/icu4c-64_1/source/test/intltest/calregts.h,3,1,4
/media/ullmann/HDDGabriel/engines/UnrealEngine/Engine/Source/ThirdParty/FreeType2/FreeType2-2.6/Src/cff/cf2stack.h,2,0,2
/media/ullmann/HDDGabriel/engines/UnrealEngine/Engine/Source/ThirdParty/Python3/Win64/include/modsupport.h,1,0,1
/media/ullmann/HDDGabriel/engines/UnrealEngine/Engine/Source/Runtime/NetworkFileSystem/Private/NetworkFileSystemLog.h,4,0,4
/media/ullmann/HDDGabriel/engines/UnrealEngine/Engine/Source/Developer/SlateReflector/Private/WidgetSnapshotService.cpp,0,3,3
/media/ullmann/HDDGabriel/engines/UnrealEngine/Engine/Source/Developer/SlateReflector/Private/WidgetSnapshotMessages.h,1,0,1
/media/ullmann/HDDGabriel/engines/UnrealEngine/Engine/Source/ThirdParty/MCPP/mcpp-2.7.2/cpp-test/test-l/nest62.h,1,1,2
/media/ullmann/HDDGabriel/engines/UnrealEngine/Engine/Source/ThirdParty/MCPP/mcpp-2.7.2/cpp-test/test-l/nest63.h,1,1,2
/media/ullmann/HDDGabriel/engines/UnrealEngine/Engine/Source/Developer/TraceServices/Private/Model/NetProfilerProvider.cpp,0,1,1
/media/ullmann/HDDGabriel/engines/UnrealEngine/Engine/Source/Developer/TraceServices/Private/Model/NetProfilerProvider.h,2,0,2
/media/ullmann/HDDGabriel/engines/UnrealEngine/Engine/Source/ThirdParty/ShaderConductor/ShaderConductor/External/DirectXShaderCompiler/lib/CodeGen/SelectionDAG/SelectionDAGBuilder.cpp,0,2,2
/media/ullmann/HDDGabriel/engines/UnrealEngine/Engine/Source/ThirdParty/WebRTC/4147/Include/third_party/expat/files/lib/winconfig.h,0,1,1
/media/ullmann/HDDGabriel/engines/UnrealEngine/Engine/Source/ThirdParty/WebRTC/4147/Include/third_party/expat/files/lib/expat_config.h,1,0,1
/media/ullmann/HDDGabriel/engines/UnrealEngine/Engine/Source/ThirdParty/Intel/TBB/IntelTBB-2019u8/src/rml/include/rml_omp.h,0,1,1
/media/ullmann/HDDGabriel/engines/UnrealEngine/Engine/Source/ThirdParty/ShaderConductor/ShaderConductor/External/DirectXShaderCompiler/lib/Transforms/ObjCARC/ObjCARC.cpp,0,1,1
/media/ullmann/HDDGabriel/engines/UnrealEngine/Engine/Source/ThirdParty/ICU/icu4c-53_1/source/test/cintltst/cdetst.h,1,1,2
/media/ullmann/HDDGabriel/engines/UnrealEngine/Engine/Source/ThirdParty/Boost/boost-1_70_0/include/boost/polygon/rectangle_traits.hpp,3,1,4
/media/ullmann/HDDGabriel/engines/UnrealEngine/Engine/Source/Runtime/LevelSequence/Public/LevelSequence.h,1,3,4
/media/ullmann/HDDGabriel/engines/UnrealEngine/Engine/Source/Runtime/LevelSequence/Public/LevelSequenceBindingReference.h,1,0,1
/media/ullmann/HDDGabriel/engines/UnrealEngine/Engine/Source/ThirdParty/libOpus/opus-1.3.1-12/celt/x86/celt_lpc_sse.h,1,0,1
/media/ullmann/HDDGabriel/engines/UnrealEngine/Engine/Source/ThirdParty/ICU/icu4c-53_1/source/layout/ShapingTypeData.cpp,0,2,2
/media/ullmann/HDDGabriel/engines/UnrealEngine/Engine/Source/ThirdParty/Boost/boost-1_70_0/include/boost/outcome/iostream_support.hpp,1,1,2
/media/ullmann/HDDGabriel/engines/UnrealEngine/Engine/Source/Editor/ContentBrowser/Private/TextFilterKeyValueHandlers.cpp,0,1,1
/media/ullmann/HDDGabriel/engines/UnrealEngine/Engine/Source/Editor/ContentBrowser/Private/TextFilterKeyValueHandlers.h,2,0,2
/media/ullmann/HDDGabriel/engines/UnrealEngine/Engine/Source/ThirdParty/FreeType2/FreeType2-2.4.12/src/gxvalid/gxvmort5.c,1,1,2
/media/ullmann/HDDGabriel/engines/UnrealEngine/Engine/Source/ThirdParty/PhysX3/APEX_1.4/shared/general/ConvexDecomposition/app/TestConvexDecomposition/TestConvexDecomposition.cpp,0,1,1
/media/ullmann/HDDGabriel/engines/UnrealEngine/Engine/Source/ThirdParty/libPNG/libPNG-1.6.37/contrib/gregbook/rpng-x.c,0,1,1
/media/ullmann/HDDGabriel/engines/UnrealEngine/Engine/Source/ThirdParty/Intel/ISPC/ispc-1.16.1/ispcrt/detail/Module.h,2,1,3
/media/ullmann/HDDGabriel/engines/UnrealEngine/Engine/Source/Editor/SubobjectDataInterface/Public/SubobjectData.h,4,1,5
/media/ullmann/HDDGabriel/engines/UnrealEngine/Engine/Source/Editor/SubobjectDataInterface/Public/SubobjectDataHandle.h,2,0,2
/media/ullmann/HDDGabriel/engines/UnrealEngine/Engine/Source/ThirdParty/ICU/icu4c-64_1/source/tools/toolutil/filetools.cpp,0,2,2
/media/ullmann/HDDGabriel/engines/UnrealEngine/Engine/Source/ThirdParty/ICU/icu4c-64_1/source/tools/genrb/prscmnts.h,2,0,2
/media/ullmann/HDDGabriel/engines/UnrealEngine/Engine/Source/ThirdParty/MCPP/mcpp-2.7.2/test-l/nest46.h,1,1,2
/media/ullmann/HDDGabriel/engines/UnrealEngine/Engine/Source/Developer/SourceControl/Private/DefaultSourceControlProvider.h,2,0,2
/media/ullmann/HDDGabriel/engines/UnrealEngine/Engine/Source/ThirdParty/OpenSubdiv/OpenSubdiv-3.4.4/opensubdiv/far/stencilTableFactory.h,2,2,4
/media/ullmann/HDDGabriel/engines/UnrealEngine/Engine/Source/ThirdParty/HarfBuzz/harfbuzz-2.4.0/src/hb-face.h,2,3,5
/media/ullmann/HDDGabriel/engines/UnrealEngine/Engine/Source/ThirdParty/HarfBuzz/harfbuzz-2.4.0/src/hb-blob.h,2,1,3
/media/ullmann/HDDGabriel/engines/UnrealEngine/Engine/Source/ThirdParty/SDL2/SDL-gui-backend/src/joystick/hidapi/SDL_hidapi_switch.c,0,5,5
/media/ullmann/HDDGabriel/engines/UnrealEngine/Engine/Source/Developer/TraceAnalysis/Private/Store/AsioTickable.cpp,0,1,1
/media/ullmann/HDDGabriel/engines/UnrealEngine/Engine/Source/Developer/TraceAnalysis/Private/Store/AsioTickable.h,4,0,4
/media/ullmann/HDDGabriel/engines/UnrealEngine/Engine/Source/ThirdParty/ShaderConductor/ShaderConductor/External/DirectXShaderCompiler/lib/AsmParser/LLToken.h,1,0,1
/media/ullmann/HDDGabriel/engines/UnrealEngine/Engine/Source/Developer/Apple/MetalShaderFormat/Private/MetalShaderFormat.cpp,0,3,3
/media/ullmann/HDDGabriel/engines/UnrealEngine/Engine/Source/Developer/Apple/MetalShaderFormat/Private/MetalDerivedData.h,3,1,4
/media/ullmann/HDDGabriel/engines/UnrealEngine/Engine/Source/ThirdParty/ICU/icu4c-64_1/source/test/cintltst/utransts.c,0,1,1
/media/ullmann/HDDGabriel/engines/UnrealEngine/Engine/Source/ThirdParty/ShaderConductor/ShaderConductor/External/DirectXShaderCompiler/tools/clang/lib/Headers/avx512bwintrin.h,1,0,1
/media/ullmann/HDDGabriel/engines/UnrealEngine/Engine/Source/ThirdParty/CryptoPP/5.6.2/include/safer.h,2,2,4
/media/ullmann/HDDGabriel/engines/UnrealEngine/Engine/Source/Runtime/AugmentedReality/Public/ARSupportInterface.h,1,3,4
/media/ullmann/HDDGabriel/engines/UnrealEngine/Engine/Source/ThirdParty/FreeType2/FreeType2-2.6/Src/type1/t1parse.c,1,2,3
/media/ullmann/HDDGabriel/engines/UnrealEngine/Engine/Source/ThirdParty/ICU/icu4c-64_1/source/i18n/unicode/unirepl.h,3,0,3
/media/ullmann/HDDGabriel/engines/UnrealEngine/Engine/Source/Editor/Sequencer/Private/SequencerLog.h,3,0,3
/media/ullmann/HDDGabriel/engines/UnrealEngine/Engine/Source/ThirdParty/Crunch/src/crnlib/crn_dxt_hc_common.h,4,0,4
/media/ullmann/HDDGabriel/engines/UnrealEngine/Engine/Source/Developer/RealtimeProfiler/Private/SRealtimeProfilerLineGraph.cpp,0,3,3
/media/ullmann/HDDGabriel/engines/UnrealEngine/Engine/Source/Developer/RealtimeProfiler/Private/SRealtimeProfilerLineGraph.h,2,0,2
/media/ullmann/HDDGabriel/engines/UnrealEngine/Engine/Source/ThirdParty/ICU/icu4c-53_1/source/common/ustr_wcs.cpp,0,7,7
/media/ullmann/HDDGabriel/engines/UnrealEngine/Engine/Source/ThirdParty/FreeType2/FreeType2-2.6/Src/cache/ftccache.c,1,3,4
/media/ullmann/HDDGabriel/engines/UnrealEngine/Engine/Source/ThirdParty/Oculus/LibOVRPlatform/LibOVRPlatform/include/OVR_LivestreamingMicrophoneStatus.h,0,1,1
/media/ullmann/HDDGabriel/engines/UnrealEngine/Engine/Source/Runtime/Engine/Public/ParticleBeamTrailVertexFactory.h,0,1,1
/media/ullmann/HDDGabriel/engines/UnrealEngine/Engine/Source/ThirdParty/PhysX3/PhysX_3.4/Source/PhysXCooking/src/convex/ConvexPolygonsBuilder.cpp,0,1,1
/media/ullmann/HDDGabriel/engines/UnrealEngine/Engine/Source/ThirdParty/EOSSDK/SDK/Bin/IOS/EOSSDK.framework/Headers/eos_titlestorage_types.h,2,1,3
/media/ullmann/HDDGabriel/engines/UnrealEngine/Engine/Source/ThirdParty/Intel/TBB/IntelTBB-2019u8/src/test/test_flow_graph_whitebox.cpp,0,2,2
/media/ullmann/HDDGabriel/engines/UnrealEngine/Engine/Source/ThirdParty/FreeType2/FreeType2-2.10.4/src/psaux/psread.c,1,3,4
/media/ullmann/HDDGabriel/engines/UnrealEngine/Engine/Source/Editor/UnrealEd/Private/DerivedDataBuildRemoteExecutor.cpp,0,1,1
/media/ullmann/HDDGabriel/engines/UnrealEngine/Engine/Source/Editor/UnrealEd/Private/DerivedDataBuildRemoteExecutor.h,2,0,2
/media/ullmann/HDDGabriel/engines/UnrealEngine/Engine/Source/ThirdParty/ShaderConductor/ShaderConductor/External/DirectXShaderCompiler/tools/clang/unittests/Tooling/RecursiveASTVisitorTestExprVisitor.cpp,0,1,1
/media/ullmann/HDDGabriel/engines/UnrealEngine/Engine/Source/ThirdParty/FakeIt/2.0.2/config/gtest/fakeit_instance.hpp,1,1,2
/media/ullmann/HDDGabriel/engines/UnrealEngine/Engine/Source/ThirdParty/FakeIt/2.0.2/config/gtest/GTestFakeit.hpp,1,0,1
/media/ullmann/HDDGabriel/engines/UnrealEngine/Engine/Source/ThirdParty/ShaderConductor/ShaderConductor/External/DirectXShaderCompiler/utils/TableGen/CodeGenInstruction.cpp,0,2,2
/media/ullmann/HDDGabriel/engines/UnrealEngine/Engine/Source/Programs/TestPAL/Private/TestPALLog.h,3,0,3
/media/ullmann/HDDGabriel/engines/UnrealEngine/Engine/Source/ThirdParty/ICU/icu4c-53_1/source/test/intltest/idnaconf.h,2,1,3
/media/ullmann/HDDGabriel/engines/UnrealEngine/Engine/Source/ThirdParty/ICU/icu4c-64_1/source/i18n/datefmt.cpp,0,5,5
/media/ullmann/HDDGabriel/engines/UnrealEngine/Engine/Source/ThirdParty/FreeType2/FreeType2-2.4.12/src/psaux/psauxmod.c,1,5,6
/media/ullmann/HDDGabriel/engines/UnrealEngine/Engine/Source/ThirdParty/FreeType2/FreeType2-2.4.12/src/psaux/psobjs.h,3,0,3
/media/ullmann/HDDGabriel/engines/UnrealEngine/Engine/Source/Runtime/Engine/Classes/Animation/AnimData/IAnimationDataController.h,0,2,2
/media/ullmann/HDDGabriel/engines/UnrealEngine/Engine/Source/Runtime/Engine/Classes/Animation/AnimData/AttributeIdentifier.h,1,0,1
/media/ullmann/HDDGabriel/engines/UnrealEngine/Engine/Source/Runtime/AudioLink/AudioLinkEngine/Private/BufferedSourceListener.cpp,0,1,1
/media/ullmann/HDDGabriel/engines/UnrealEngine/Engine/Source/Runtime/AudioLink/AudioLinkEngine/Private/BufferedSourceListener.h,2,1,3
/media/ullmann/HDDGabriel/engines/UnrealEngine/Engine/Source/ThirdParty/openexr/openexr-3.1.1/src/examples/main.cpp,0,6,6
/media/ullmann/HDDGabriel/engines/UnrealEngine/Engine/Source/ThirdParty/openexr/openexr-3.1.1/src/examples/generalInterfaceExamples.h,1,0,1
/media/ullmann/HDDGabriel/engines/UnrealEngine/Engine/Source/Runtime/Core/Public/HoloLens/MinHoloLensApi.h,1,0,1
/media/ullmann/HDDGabriel/engines/UnrealEngine/Engine/Source/ThirdParty/libPNG/libPNG-1.5.27/pngtest.c,0,1,1
/media/ullmann/HDDGabriel/engines/UnrealEngine/Engine/Source/ThirdParty/Android/libunwind/libunwind/src/ia64/Lget_save_loc.c,0,1,1
/media/ullmann/HDDGabriel/engines/UnrealEngine/Engine/Source/Editor/DetailCustomizations/Private/CameraDetails.cpp,0,1,1
/media/ullmann/HDDGabriel/engines/UnrealEngine/Engine/Source/Runtime/Core/Public/Templates/TypeHash.h,3,0,3
/media/ullmann/HDDGabriel/engines/UnrealEngine/Engine/Source/ThirdParty/Crunch/src/crnlib/crn_etc.cpp,0,4,4
/media/ullmann/HDDGabriel/engines/UnrealEngine/Engine/Source/ThirdParty/Crunch/src/crnlib/crn_ryg_dxt.hpp,8,1,9
/media/ullmann/HDDGabriel/engines/UnrealEngine/Engine/Source/ThirdParty/Windows/glTF-Toolkit/glTF-Toolkit.Test/GLTFLODUtilsTests.cpp,0,2,2
/media/ullmann/HDDGabriel/engines/UnrealEngine/Engine/Source/ThirdParty/libOpus/opus-1.3.1-12/celt/mips/celt_mipsr1.h,1,0,1
/media/ullmann/HDDGabriel/engines/UnrealEngine/Engine/Source/Runtime/Engine/Public/UnrealEngine.h,2,1,3
/media/ullmann/HDDGabriel/engines/UnrealEngine/Engine/Source/Runtime/Engine/Public/AlphaBlend.h,2,0,2
/media/ullmann/HDDGabriel/engines/UnrealEngine/Engine/Source/ThirdParty/FreeType2/FreeType2-2.4.12/src/autofit/afpic.c,1,7,8
/media/ullmann/HDDGabriel/engines/UnrealEngine/Engine/Source/ThirdParty/ICU/icu4c-64_1/source/i18n/chnsecal.cpp,0,5,5
/media/ullmann/HDDGabriel/engines/UnrealEngine/Engine/Source/ThirdParty/OpenSubdiv/OpenSubdiv-3.4.4/examples/farViewer/gl_mesh.cpp,0,4,4
/media/ullmann/HDDGabriel/engines/UnrealEngine/Engine/Source/Editor/Persona/Private/PersonaMeshDetails.cpp,0,2,2
/media/ullmann/HDDGabriel/engines/UnrealEngine/Engine/Source/Editor/Persona/Private/PersonaMeshDetails.h,2,0,2
/media/ullmann/HDDGabriel/engines/UnrealEngine/Engine/Source/ThirdParty/ShaderConductor/ShaderConductor/External/DirectXShaderCompiler/tools/clang/lib/Sema/SemaTemplateVariadic.cpp,0,1,1
/media/ullmann/HDDGabriel/engines/UnrealEngine/Engine/Source/Runtime/Core/Public/Algo/Reverse.h,3,0,3
/media/ullmann/HDDGabriel/engines/UnrealEngine/Engine/Source/ThirdParty/Crunch/src/crnlib/crn_comp.h,3,7,10
/media/ullmann/HDDGabriel/engines/UnrealEngine/Engine/Source/ThirdParty/SDL2/SDL-gui-backend/src/video/dummy/SDL_nullevents_c.h,2,2,4
/media/ullmann/HDDGabriel/engines/UnrealEngine/Engine/Source/ThirdParty/libOpus/opus-1.0.3/silk/fixed/residual_energy16_FIX.c,0,1,1
/media/ullmann/HDDGabriel/engines/UnrealEngine/Engine/Source/Editor/Persona/Private/SSequenceEditor.cpp,0,2,2
/media/ullmann/HDDGabriel/engines/UnrealEngine/Engine/Source/ThirdParty/Eigen/Eigen/src/Eigenvalues/ComplexEigenSolver.h,0,1,1
/media/ullmann/HDDGabriel/engines/UnrealEngine/Engine/Source/ThirdParty/ICU/icu4c-53_1/source/test/intltest/dtfmrgts.cpp,0,1,1
/media/ullmann/HDDGabriel/engines/UnrealEngine/Engine/Source/ThirdParty/ICU/icu4c-53_1/source/test/intltest/dtfmrgts.h,2,1,3
/media/ullmann/HDDGabriel/engines/UnrealEngine/Engine/Source/Editor/PropertyEditor/Private/UserInterface/PropertyEditor/SPropertySceneOutliner.cpp,0,2,2
/media/ullmann/HDDGabriel/engines/UnrealEngine/Engine/Source/Runtime/Landscape/Private/LandscapeSplineRaster.h,3,0,3
/media/ullmann/HDDGabriel/engines/UnrealEngine/Engine/Source/Editor/MeshPaint/Private/ImportVertexColorOptionsCustomization.cpp,0,2,2
/media/ullmann/HDDGabriel/engines/UnrealEngine/Engine/Source/Editor/MeshPaint/Private/SImportVertexColorOptions.h,3,0,3
/media/ullmann/HDDGabriel/engines/UnrealEngine/Engine/Source/ThirdParty/openexr/Deploy/openexr-3.1.1/include/OpenEXR/ImfDeepFrameBuffer.h,1,2,3
/media/ullmann/HDDGabriel/engines/UnrealEngine/Engine/Source/ThirdParty/AMD/Amf/core/Debug.h,1,2,3
/media/ullmann/HDDGabriel/engines/UnrealEngine/Engine/Source/Developer/ProjectLauncher/Private/Widgets/SProjectLauncher.cpp,0,1,1
/media/ullmann/HDDGabriel/engines/UnrealEngine/Engine/Source/Editor/FoliageEdit/Private/FoliagePaletteCommands.h,3,0,3
/media/ullmann/HDDGabriel/engines/UnrealEngine/Engine/Source/ThirdParty/Python3/Win64/include/pytime.h,1,2,3
/media/ullmann/HDDGabriel/engines/UnrealEngine/Engine/Source/ThirdParty/Python3/Win64/include/object.h,2,1,3
/media/ullmann/HDDGabriel/engines/UnrealEngine/Engine/Source/ThirdParty/Alembic/alembic-1.8.2/maya/AbcExport/AbcExport.cpp,0,3,3
/media/ullmann/HDDGabriel/engines/UnrealEngine/Engine/Source/ThirdParty/Alembic/alembic-1.8.2/maya/AbcExport/AbcExport.h,1,1,2
/media/ullmann/HDDGabriel/engines/UnrealEngine/Engine/Source/Runtime/Renderer/Private/HairStrands/HairStrandsDeepShadow.h,5,0,5
/media/ullmann/HDDGabriel/engines/UnrealEngine/Engine/Source/Runtime/Core/Private/HAL/LowLevelMemTrackerTest.cpp,0,1,1
/media/ullmann/HDDGabriel/engines/UnrealEngine/Engine/Source/ThirdParty/ICU/icu4c-64_1/source/i18n/double-conversion-fast-dtoa.cpp,0,4,4
/media/ullmann/HDDGabriel/engines/UnrealEngine/Engine/Source/ThirdParty/hlslcc/hlslcc/src/hlslcc_lib/ir_variable_refcount.cpp,0,5,5
/media/ullmann/HDDGabriel/engines/UnrealEngine/Engine/Source/ThirdParty/ShaderConductor/ShaderConductor/External/DirectXShaderCompiler/tools/clang/lib/Headers/avx512fintrin.h,1,0,1
/media/ullmann/HDDGabriel/engines/UnrealEngine/Engine/Source/Developer/Android/AndroidTargetPlatform/Private/AndroidTargetDeviceOutput.h,0,1,1
/media/ullmann/HDDGabriel/engines/UnrealEngine/Engine/Source/Developer/Android/AndroidTargetPlatform/Private/AndroidTargetDeviceOutput.inl,1,0,1
/media/ullmann/HDDGabriel/engines/UnrealEngine/Engine/Source/ThirdParty/Intel/Embree/Embree270/src/kernels/xeon/bvh8/bvh8_builder_sah.avx.cpp,0,1,1
/media/ullmann/HDDGabriel/engines/UnrealEngine/Engine/Source/Editor/CurveEditor/Public/KeyBarCurveModel.h,0,1,1
/media/ullmann/HDDGabriel/engines/UnrealEngine/Engine/Source/ThirdParty/Intel/TBB/IntelTBB-2019u8/examples/parallel_for/tachyon/src/coordsys.h,2,0,2
/media/ullmann/HDDGabriel/engines/UnrealEngine/Engine/Source/ThirdParty/openexr/openexr-3.1.1/src/lib/OpenEXR/ImfTiledMisc.cpp,0,5,5
/media/ullmann/HDDGabriel/engines/UnrealEngine/Engine/Source/Editor/PixelInspector/Private/PixelInspectorDetailsCustomization.h,2,0,2
/media/ullmann/HDDGabriel/engines/UnrealEngine/Engine/Source/ThirdParty/OpenVDB/openvdb-8.1.0/openvdb_houdini/openvdb_houdini/UT_VDBUtils.cc,0,1,1
/media/ullmann/HDDGabriel/engines/UnrealEngine/Engine/Source/ThirdParty/OpenVDB/openvdb-8.1.0/openvdb_houdini/openvdb_houdini/UT_VDBUtils.h,4,0,4
/media/ullmann/HDDGabriel/engines/UnrealEngine/Engine/Source/ThirdParty/Intel/ISPC/ispc-1.17.0/src/ctx.h,7,1,8
/media/ullmann/HDDGabriel/engines/UnrealEngine/Engine/Source/ThirdParty/ICU/icu4c-64_1/source/test/cintltst/stdnmtst.c,0,1,1
/media/ullmann/HDDGabriel/engines/UnrealEngine/Engine/Source/Runtime/MaterialShaderQualitySettings/Private/MaterialShaderQualitySettingsCustomization.cpp,0,1,1
/media/ullmann/HDDGabriel/engines/UnrealEngine/Engine/Source/Runtime/MaterialShaderQualitySettings/Private/ShaderQualityOverridesListItem.h,1,0,1
/media/ullmann/HDDGabriel/engines/UnrealEngine/Engine/Source/Editor/PListEditor/Private/PListNodeBoolean.h,2,1,3
/media/ullmann/HDDGabriel/engines/UnrealEngine/Engine/Source/ThirdParty/Intel/MetricsDiscovery/MetricsDiscoveryHelper/samples/range_sample_dx11/imgui/examples/apple_example/imguiex-ios/debug_hud.cpp,0,1,1
/media/ullmann/HDDGabriel/engines/UnrealEngine/Engine/Source/ThirdParty/Intel/MetricsDiscovery/MetricsDiscoveryHelper/samples/range_sample_dx11/imgui/examples/apple_example/imguiex-ios/debug_hud.h,1,0,1
/media/ullmann/HDDGabriel/engines/UnrealEngine/Engine/Source/Editor/BlueprintGraph/Classes/K2Node_ConstructObjectFromClass.h,2,1,3
/media/ullmann/HDDGabriel/engines/UnrealEngine/Engine/Source/Editor/DetailCustomizations/Private/LightComponentDetails.h,3,0,3
/media/ullmann/HDDGabriel/engines/UnrealEngine/Engine/Source/ThirdParty/PhysX3/NvCloth/src/cuda/CuFabric.cpp,0,3,3
/media/ullmann/HDDGabriel/engines/UnrealEngine/Engine/Source/ThirdParty/llvm/8/include/llvm/BinaryFormat/ELFRelocs/x86_64.def,1,0,1
/media/ullmann/HDDGabriel/engines/UnrealEngine/Engine/Source/ThirdParty/FreeType2/FreeType2-2.4.12/src/sfnt/sfdriver.h,1,0,1
/media/ullmann/HDDGabriel/engines/UnrealEngine/Engine/Source/Runtime/Core/Public/Compression/OodleDataCompressionUtil.h,0,1,1
/media/ullmann/HDDGabriel/engines/UnrealEngine/Engine/Source/Runtime/Core/Public/Compression/OodleDataCompression.h,1,0,1
/media/ullmann/HDDGabriel/engines/UnrealEngine/Engine/Source/ThirdParty/nvTextureTools/nvTextureTools-2.0.8/src/src/nvtt/tools/resize.cpp,0,1,1
/media/ullmann/HDDGabriel/engines/UnrealEngine/Engine/Source/ThirdParty/nvTextureTools/nvTextureTools-2.0.8/src/src/nvtt/tools/cmdline.h,8,0,8
/media/ullmann/HDDGabriel/engines/UnrealEngine/Engine/Source/Runtime/Apple/MetalRHI/Private/MetalDynamicRHI.h,1,0,1
/media/ullmann/HDDGabriel/engines/UnrealEngine/Engine/Source/ThirdParty/FreeImage/FreeImage-3.18.0/Source/OpenEXR/IlmImf/ImfFramesPerSecond.cpp,0,2,2
/media/ullmann/HDDGabriel/engines/UnrealEngine/Engine/Source/ThirdParty/PhysX3/APEX_1.4/module/clothing/include/SimulationAbstract.h,1,0,1
/media/ullmann/HDDGabriel/engines/UnrealEngine/Engine/Source/ThirdParty/SDL2/SDL-gui-backend/src/audio/winmm/SDL_winmm.c,0,4,4
/media/ullmann/HDDGabriel/engines/UnrealEngine/Engine/Source/Editor/UnrealEd/Public/IPreviewProfileController.h,1,0,1
/media/ullmann/HDDGabriel/engines/UnrealEngine/Engine/Source/Editor/AddContentDialog/Private/ContentSourceProviderManager.cpp,0,1,1
/media/ullmann/HDDGabriel/engines/UnrealEngine/Engine/Source/ThirdParty/HarfBuzz/harfbuzz-1.2.4/src/hb-font-private.hh,6,0,6
/media/ullmann/HDDGabriel/engines/UnrealEngine/Engine/Source/ThirdParty/ICU/icu4c-64_1/source/io/locbund.h,6,0,6
/media/ullmann/HDDGabriel/engines/UnrealEngine/Engine/Source/Runtime/Renderer/Private/SubsurfaceTiles.h,1,1,2
/media/ullmann/HDDGabriel/engines/UnrealEngine/Engine/Source/Runtime/Core/Private/Internationalization/ICURegex.cpp,0,1,1
/media/ullmann/HDDGabriel/engines/UnrealEngine/Engine/Source/Runtime/Core/Private/Internationalization/ICURegex.h,1,0,1
/media/ullmann/HDDGabriel/engines/UnrealEngine/Engine/Source/ThirdParty/ICU/icu4c-53_1/source/i18n/coleitr.cpp,0,8,8
/media/ullmann/HDDGabriel/engines/UnrealEngine/Engine/Source/ThirdParty/Intel/Embree/Embree2140/src/kernels/common/stat.h,2,1,3
/media/ullmann/HDDGabriel/engines/UnrealEngine/Engine/Source/ThirdParty/ICU/icu4c-53_1/source/common/unicode/schriter.h,3,0,3
/media/ullmann/HDDGabriel/engines/UnrealEngine/Engine/Source/Runtime/Messaging/Private/Bus/MessageBus.h,1,0,1
/media/ullmann/HDDGabriel/engines/UnrealEngine/Engine/Source/ThirdParty/ICU/icu4c-53_1/source/test/intltest/listformattertest.cpp,0,1,1
/media/ullmann/HDDGabriel/engines/UnrealEngine/Engine/Source/ThirdParty/ICU/icu4c-53_1/source/test/intltest/listformattertest.h,2,1,3
/media/ullmann/HDDGabriel/engines/UnrealEngine/Engine/Source/ThirdParty/Android/libunwind/libunwind/include/libunwind-ppc32.h,1,2,3
/media/ullmann/HDDGabriel/engines/UnrealEngine/Engine/Source/ThirdParty/SDL2/SDL-gui-backend/src/video/directfb/SDL_DirectFB_opengl.c,0,4,4
/media/ullmann/HDDGabriel/engines/UnrealEngine/Engine/Source/ThirdParty/libOpus/opus-1.3.1-12/silk/stereo_find_predictor.c,0,1,1
/media/ullmann/HDDGabriel/engines/UnrealEngine/Engine/Source/Editor/AnimationBlueprintEditor/Private/AnimationNodes/SGraphNodeBlendSpaceGraph.cpp,0,2,2
/media/ullmann/HDDGabriel/engines/UnrealEngine/Engine/Source/ThirdParty/ICU/icu4c-53_1/source/test/intltest/jacoll.cpp,0,2,2
/media/ullmann/HDDGabriel/engines/UnrealEngine/Engine/Source/ThirdParty/Boost/boost-1_70_0/include/boost/outcome/experimental/status-code/nt_code.hpp,2,3,5
/media/ullmann/HDDGabriel/engines/UnrealEngine/Engine/Source/ThirdParty/HarfBuzz/harfbuzz-2.4.0/src/hb-ot-tag.cc,0,2,2
/media/ullmann/HDDGabriel/engines/UnrealEngine/Engine/Source/ThirdParty/ICU/icu4c-64_1/source/i18n/sharedbreakiterator.cpp,0,1,1
/media/ullmann/HDDGabriel/engines/UnrealEngine/Engine/Source/ThirdParty/ICU/icu4c-64_1/source/i18n/sharedbreakiterator.h,2,0,2
/media/ullmann/HDDGabriel/engines/UnrealEngine/Engine/Source/ThirdParty/FreeType2/FreeType2-2.10.4/src/bdf/bdferror.h,2,0,2
/media/ullmann/HDDGabriel/engines/UnrealEngine/Engine/Source/ThirdParty/openexr/openexr-3.1.1/src/test/OpenEXRCoreTest/deep.cpp,0,2,2
/media/ullmann/HDDGabriel/engines/UnrealEngine/Engine/Source/ThirdParty/Windows/DirectX/Include/DXGIType.h,0,1,1
/media/ullmann/HDDGabriel/engines/UnrealEngine/Engine/Source/Editor/StatusBar/Private/SourceControlMenuHelpers.cpp,0,1,1
/media/ullmann/HDDGabriel/engines/UnrealEngine/Engine/Source/Editor/StatusBar/Private/SourceControlMenuHelpers.h,3,0,3
/media/ullmann/HDDGabriel/engines/UnrealEngine/Engine/Source/Runtime/CoreUObject/Public/Misc/NotifyHook.h,1,0,1
/media/ullmann/HDDGabriel/engines/UnrealEngine/Engine/Source/ThirdParty/FreeType2/FreeType2-2.10.4/src/cid/cidload.c,1,3,4
/media/ullmann/HDDGabriel/engines/UnrealEngine/Engine/Source/ThirdParty/ICU/icu4c-53_1/source/common/icudataver.c,0,4,4
/media/ullmann/HDDGabriel/engines/UnrealEngine/Engine/Source/Editor/CurveEditor/Public/CurveDrawInfo.h,2,1,3
/media/ullmann/HDDGabriel/engines/UnrealEngine/Engine/Source/ThirdParty/PhysX3/PhysX_3.4/Source/PhysXCooking/src/convex/VolumeIntegration.cpp,0,1,1
/media/ullmann/HDDGabriel/engines/UnrealEngine/Engine/Source/ThirdParty/PhysX3/PhysX_3.4/Source/PhysXCooking/src/convex/VolumeIntegration.h,3,0,3
/media/ullmann/HDDGabriel/engines/UnrealEngine/Engine/Source/ThirdParty/openexr/Deploy/openexr-3.1.1/include/OpenEXR/ImfFlatImage.h,1,4,5
/media/ullmann/HDDGabriel/engines/UnrealEngine/Engine/Source/Programs/Enterprise/Datasmith/DatasmithARCHICADExporter/Private/Utils/ViewState.cpp,0,2,2
/media/ullmann/HDDGabriel/engines/UnrealEngine/Engine/Source/ThirdParty/Imath/Imath-3.1.3/src/python/PyImath/PyImathBasicTypes.h,2,1,3
/media/ullmann/HDDGabriel/engines/UnrealEngine/Engine/Source/Editor/UMGEditor/Private/Customizations/DynamicEntryBoxDetails.cpp,0,3,3
/media/ullmann/HDDGabriel/engines/UnrealEngine/Engine/Source/ThirdParty/xxhash/tests/bench/benchHash.c,0,1,1
/media/ullmann/HDDGabriel/engines/UnrealEngine/Engine/Source/ThirdParty/xxhash/tests/bench/benchHash.h,2,1,3
/media/ullmann/HDDGabriel/engines/UnrealEngine/Engine/Source/Editor/PIEPreviewDeviceProfileSelector/Private/PIEPreviewSettings.cpp,0,1,1
/media/ullmann/HDDGabriel/engines/UnrealEngine/Engine/Source/Editor/DetailCustomizations/Private/MarginCustomization.h,2,0,2
/media/ullmann/HDDGabriel/engines/UnrealEngine/Engine/Source/ThirdParty/Android/libunwind/libunwind/src/ppc/Lcreate_addr_space.c,0,1,1
/media/ullmann/HDDGabriel/engines/UnrealEngine/Engine/Source/ThirdParty/Android/libunwind/libunwind/src/ppc/Gcreate_addr_space.c,1,0,1
/media/ullmann/HDDGabriel/engines/UnrealEngine/Engine/Source/ThirdParty/ICU/icu4c-64_1/source/tools/pkgdata/pkgtypes.c,0,1,1
/media/ullmann/HDDGabriel/engines/UnrealEngine/Engine/Source/ThirdParty/Android/libunwind/libunwind/src/coredump/_UCD_elf_map_image.c,0,2,2
/media/ullmann/HDDGabriel/engines/UnrealEngine/Engine/Source/Runtime/Slate/Public/Widgets/Layout/SSpacer.h,3,0,3
/media/ullmann/HDDGabriel/engines/UnrealEngine/Engine/Source/Runtime/Engine/Private/Analytics/EditorAnalyticsSessionSummary.h,2,0,2
/media/ullmann/HDDGabriel/engines/UnrealEngine/Engine/Source/ThirdParty/ShaderConductor/ShaderConductor/External/DirectXShaderCompiler/tools/clang/lib/Parse/HLSLRootSignature.cpp,0,1,1
/media/ullmann/HDDGabriel/engines/UnrealEngine/Engine/Source/ThirdParty/ShaderConductor/ShaderConductor/External/DirectXShaderCompiler/tools/clang/lib/Parse/HLSLRootSignature.h,1,0,1
/media/ullmann/HDDGabriel/engines/UnrealEngine/Engine/Source/Runtime/Renderer/Private/LightMapDensityRendering.h,3,2,5
/media/ullmann/HDDGabriel/engines/UnrealEngine/Engine/Source/Runtime/Renderer/Private/ShaderBaseClasses.h,8,0,8
/media/ullmann/HDDGabriel/engines/UnrealEngine/Engine/Source/ThirdParty/Alembic/alembic-1.8.2/arnold/Procedural/PathUtil.h,2,0,2
/media/ullmann/HDDGabriel/engines/UnrealEngine/Engine/Source/ThirdParty/ICU/icu4c-64_1/source/test/letest/cletest.c,0,4,4
/media/ullmann/HDDGabriel/engines/UnrealEngine/Engine/Source/ThirdParty/HarfBuzz/harfbuzz-1.2.4/src/hb-ot-shape-complex-arabic-table.hh,1,0,1
/media/ullmann/HDDGabriel/engines/UnrealEngine/Engine/Source/ThirdParty/CryptoPP/5.6.2/include/trdlocal.h,4,2,6
/media/ullmann/HDDGabriel/engines/UnrealEngine/Engine/Source/ThirdParty/PhysX3/APEX_1.4/module/destructible_legacy/include/autogen/DestructibleAssetParameters_0p4.h,1,0,1
/media/ullmann/HDDGabriel/engines/UnrealEngine/Engine/Source/ThirdParty/mtlpp/mtlpp-master-7efad47/src/sampler.hpp,3,4,7
/media/ullmann/HDDGabriel/engines/UnrealEngine/Engine/Source/ThirdParty/Breakpad/src/google_breakpad/common/minidump_exception_solaris.h,1,0,1
/media/ullmann/HDDGabriel/engines/UnrealEngine/Engine/Source/Developer/Windows/LiveCodingServer/Private/External/LC_SchedulerWorkerThread.cpp,0,3,3
/media/ullmann/HDDGabriel/engines/UnrealEngine/Engine/Source/Developer/Windows/LiveCodingServer/Private/External/LC_SchedulerTask.h,3,0,3
/media/ullmann/HDDGabriel/engines/UnrealEngine/Engine/Source/ThirdParty/PhysX3/PhysX_3.4/Include/PxSimulationStatistics.h,2,2,4
/media/ullmann/HDDGabriel/engines/UnrealEngine/Engine/Source/ThirdParty/libOpus/opus-1.1/silk/fixed/find_LTP_FIX.c,0,1,1
/media/ullmann/HDDGabriel/engines/UnrealEngine/Engine/Source/ThirdParty/PhysX3/APEX_1.4/framework/src/windows/PhysXIndicator.h,2,2,4
/media/ullmann/HDDGabriel/engines/UnrealEngine/Engine/Source/Editor/Persona/Private/AnimSequenceTimelineCommands.cpp,0,1,1
/media/ullmann/HDDGabriel/engines/UnrealEngine/Engine/Source/Editor/Persona/Private/AnimSequenceTimelineCommands.h,2,0,2
/media/ullmann/HDDGabriel/engines/UnrealEngine/Engine/Source/ThirdParty/ICU/icu4c-64_1/source/i18n/unicode/coll.h,7,0,7
/media/ullmann/HDDGabriel/engines/UnrealEngine/Engine/Source/ThirdParty/FreeImage/FreeImage-3.18.0/Source/OpenEXR/IlmImf/ImfRle.cpp,0,2,2
/media/ullmann/HDDGabriel/engines/UnrealEngine/Engine/Source/ThirdParty/FreeImage/FreeImage-3.18.0/Source/OpenEXR/IlmImf/ImfRle.h,3,2,5
/media/ullmann/HDDGabriel/engines/UnrealEngine/Engine/Source/ThirdParty/CryptoPP/5.6.2/include/wake.cpp,0,2,2
/media/ullmann/HDDGabriel/engines/UnrealEngine/Engine/Source/Editor/GraphEditor/Private/KismetNodes/SGraphNodeK2Sequence.h,1,0,1
/media/ullmann/HDDGabriel/engines/UnrealEngine/Engine/Source/ThirdParty/PhysX3/PhysX_3.4/Source/SimulationController/src/cloth/ScClothCore.cpp,0,1,1
/media/ullmann/HDDGabriel/engines/UnrealEngine/Engine/Source/ThirdParty/PhysX3/PhysX_3.4/Source/SimulationController/src/cloth/ScClothSim.h,3,1,4
/media/ullmann/HDDGabriel/engines/UnrealEngine/Engine/Source/ThirdParty/ShaderConductor/ShaderConductor/External/SPIRV-Cross/spirv_msl.hpp,3,1,4
/media/ullmann/HDDGabriel/engines/UnrealEngine/Engine/Source/Runtime/Online/HTTPServer/Private/HttpConnectionResponseWriteContext.cpp,0,2,2
/media/ullmann/HDDGabriel/engines/UnrealEngine/Engine/Source/Programs/HeadlessChaos/Public/HeadlessChaosTestEPA.h,0,1,1
/media/ullmann/HDDGabriel/engines/UnrealEngine/Engine/Source/ThirdParty/Steamworks/Steamv147/sdk/public/steam/steamencryptedappticket.h,0,1,1
/media/ullmann/HDDGabriel/engines/UnrealEngine/Engine/Source/Editor/CurveEditor/Public/CurveEditor.h,3,11,14
/media/ullmann/HDDGabriel/engines/UnrealEngine/Engine/Source/ThirdParty/ShaderConductor/ShaderConductor/External/SPIRV-Tools/test/opt/upgrade_memory_model_test.cpp,0,3,3
/media/ullmann/HDDGabriel/engines/UnrealEngine/Engine/Source/ThirdParty/ShaderConductor/ShaderConductor/External/SPIRV-Tools/test/opt/pass_fixture.h,3,0,3
/media/ullmann/HDDGabriel/engines/UnrealEngine/Engine/Source/ThirdParty/Windows/DirectX/Include/dxgi1_4.h,1,1,2
/media/ullmann/HDDGabriel/engines/UnrealEngine/Engine/Source/ThirdParty/Intel/Embree/Embree270/src/common/sys/network.h,1,1,2
/media/ullmann/HDDGabriel/engines/UnrealEngine/Engine/Source/ThirdParty/FreeType2/FreeType2-2.10.4/src/sfnt/pngshim.c,1,2,3
/media/ullmann/HDDGabriel/engines/UnrealEngine/Engine/Source/ThirdParty/libPNG/libPNG-1.6.37/contrib/libtests/timepng.c,0,1,1
/media/ullmann/HDDGabriel/engines/UnrealEngine/Engine/Source/ThirdParty/ICU/icu4c-64_1/source/test/intltest/convtest.h,2,1,3
/media/ullmann/HDDGabriel/engines/UnrealEngine/Engine/Source/ThirdParty/ICU/icu4c-64_1/source/i18n/erarules.h,2,0,2
/media/ullmann/HDDGabriel/engines/UnrealEngine/Engine/Source/Developer/ProjectLauncher/Private/Widgets/Profile/SProjectLauncherProfileListView.cpp,0,1,1
/media/ullmann/HDDGabriel/engines/UnrealEngine/Engine/Source/Developer/ProjectLauncher/Private/Widgets/Profile/SProjectLauncherProfileListView.h,1,0,1
/media/ullmann/HDDGabriel/engines/UnrealEngine/Engine/Source/ThirdParty/llvm/8/include/llvm/DebugInfo/PDB/PDBSymDumper.h,0,1,1
/media/ullmann/HDDGabriel/engines/UnrealEngine/Engine/Source/ThirdParty/openexr/Deploy/openexr-3.1.1/include/OpenEXR/ImfIDManifestAttribute.h,1,4,5
/media/ullmann/HDDGabriel/engines/UnrealEngine/Engine/Source/ThirdParty/ICU/icu4c-53_1/source/i18n/uspoof_wsconf.h,2,1,3
/media/ullmann/HDDGabriel/engines/UnrealEngine/Engine/Source/Runtime/PhysicsCore/Public/SQAccelerator.h,0,3,3
/media/ullmann/HDDGabriel/engines/UnrealEngine/Engine/Source/Runtime/PhysicsCore/Public/ChaosSQTypes.h,5,1,6
/media/ullmann/HDDGabriel/engines/UnrealEngine/Engine/Source/ThirdParty/ShaderConductor/ShaderConductor/External/SPIRV-Tools/source/opt/block_merge_util.cpp,0,1,1
/media/ullmann/HDDGabriel/engines/UnrealEngine/Engine/Source/ThirdParty/ShaderConductor/ShaderConductor/External/SPIRV-Tools/source/opt/block_merge_util.h,1,0,1
/media/ullmann/HDDGabriel/engines/UnrealEngine/Engine/Source/ThirdParty/EOSSDK/SDK/Include/eos_kws_types.h,2,1,3
/media/ullmann/HDDGabriel/engines/UnrealEngine/Engine/Source/ThirdParty/MCPP/mcpp-2.7.2/test-c/n_10.c,0,1,1
/media/ullmann/HDDGabriel/engines/UnrealEngine/Engine/Source/Editor/Persona/Private/PoseWatchManagerColumnLabel.cpp,0,5,5
/media/ullmann/HDDGabriel/engines/UnrealEngine/Engine/Source/ThirdParty/OpenVDB/openvdb-8.1.0/openvdb/openvdb/python/pyIntGrid.cc,0,1,1
/media/ullmann/HDDGabriel/engines/UnrealEngine/Engine/Source/ThirdParty/SDL2/SDL-gui-backend/src/render/software/SDL_rotate.h,2,0,2
/media/ullmann/HDDGabriel/engines/UnrealEngine/Engine/Source/ThirdParty/Intel/TBB/IntelTBB-2019u8/src/rml/test/rml_omp_stub.cpp,0,1,1
/media/ullmann/HDDGabriel/engines/UnrealEngine/Engine/Source/ThirdParty/SDL2/SDL-gui-backend/src/libm/e_log.c,0,2,2
/media/ullmann/HDDGabriel/engines/UnrealEngine/Engine/Source/ThirdParty/libPNG/libPNG-1.5.27/pngrio.c,0,1,1
/media/ullmann/HDDGabriel/engines/UnrealEngine/Engine/Source/Editor/Sequencer/Private/SequencerSelectionPreview.cpp,0,1,1
/media/ullmann/HDDGabriel/engines/UnrealEngine/Engine/Source/Editor/UnrealEd/Private/PerformanceMonitor.h,3,0,3
/media/ullmann/HDDGabriel/engines/UnrealEngine/Engine/Source/Editor/SequencerWidgets/Private/SequencerWidgetsModule.cpp,0,3,3
/media/ullmann/HDDGabriel/engines/UnrealEngine/Engine/Source/Editor/SequencerWidgets/Private/STimeRange.h,2,0,2
/media/ullmann/HDDGabriel/engines/UnrealEngine/Engine/Source/ThirdParty/ICU/icu4c-64_1/source/test/intltest/escoll.cpp,0,2,2
/media/ullmann/HDDGabriel/engines/UnrealEngine/Engine/Source/ThirdParty/ShaderConductor/ShaderConductor/External/DirectXShaderCompiler/tools/clang/unittests/SPIRV/SpirvTypeTest.cpp,0,1,1
/media/ullmann/HDDGabriel/engines/UnrealEngine/Engine/Source/Developer/TraceInsights/Private/Insights/Tests/UITests.cpp,0,1,1
/media/ullmann/HDDGabriel/engines/UnrealEngine/Engine/Source/Developer/TraceInsights/Private/Insights/Tests/UITests.h,1,0,1
/media/ullmann/HDDGabriel/engines/UnrealEngine/Engine/Source/ThirdParty/PhysX3/APEX_1.4/shared/general/meshimport/src/MeshImport/ExportDynamicSystem.h,2,0,2
/media/ullmann/HDDGabriel/engines/UnrealEngine/Engine/Source/ThirdParty/OpenVDB/openvdb-8.1.0/openvdb/openvdb/io/Stream.h,2,1,3
/media/ullmann/HDDGabriel/engines/UnrealEngine/Engine/Source/ThirdParty/FreeType2/FreeType2-2.10.0/src/otvalid/otvgsub.c,1,2,3
/media/ullmann/HDDGabriel/engines/UnrealEngine/Engine/Source/ThirdParty/MCPP/mcpp-2.7.2/test-l/nest106.h,1,1,2
/media/ullmann/HDDGabriel/engines/UnrealEngine/Engine/Source/ThirdParty/MCPP/mcpp-2.7.2/test-l/nest107.h,1,1,2
/media/ullmann/HDDGabriel/engines/UnrealEngine/Engine/Source/ThirdParty/ICU/icu4c-64_1/source/test/cintltst/cdateintervalformattest.c,0,2,2
/media/ullmann/HDDGabriel/engines/UnrealEngine/Engine/Source/ThirdParty/Boost/boost-1_70_0/include/boost/spirit/home/support/detail/lexer/rules.hpp,2,3,5
/media/ullmann/HDDGabriel/engines/UnrealEngine/Engine/Source/ThirdParty/libcurl/7_75_0/include/Android/curl/options.h,1,0,1
/media/ullmann/HDDGabriel/engines/UnrealEngine/Engine/Source/ThirdParty/HarfBuzz/harfbuzz-1.2.4/src/test.cc,0,2,2
/media/ullmann/HDDGabriel/engines/UnrealEngine/Engine/Source/ThirdParty/mtlpp/mtlpp-master-7efad47/src/imp_State.hpp,5,1,6
/media/ullmann/HDDGabriel/engines/UnrealEngine/Engine/Source/ThirdParty/FreeImage/FreeImage-3.18.0/Source/LibJPEG/jquant1.c,0,2,2
/media/ullmann/HDDGabriel/engines/UnrealEngine/Engine/Source/Developer/MeshMergeUtilities/Private/StaticMeshComponentAdapter.cpp,0,2,2
/media/ullmann/HDDGabriel/engines/UnrealEngine/Engine/Source/Developer/MeshMergeUtilities/Private/MeshMergeUtilities.h,4,0,4
/media/ullmann/HDDGabriel/engines/UnrealEngine/Engine/Source/ThirdParty/ShaderConductor/ShaderConductor/External/DirectXShaderCompiler/tools/clang/lib/Headers/fxsrintrin.h,1,0,1
/media/ullmann/HDDGabriel/engines/UnrealEngine/Engine/Source/ThirdParty/PhysX3/PhysX_3.4/Source/GeomUtils/src/mesh/GuBV4_BoxOverlap_Internal.h,3,1,4
/media/ullmann/HDDGabriel/engines/UnrealEngine/Engine/Source/ThirdParty/PhysX3/PhysX_3.4/Source/GeomUtils/src/mesh/GuBV4_Common.h,7,0,7
/media/ullmann/HDDGabriel/engines/UnrealEngine/Engine/Source/Runtime/Online/BuildPatchServices/Private/BuildPatchHash.cpp,0,1,1
/media/ullmann/HDDGabriel/engines/UnrealEngine/Engine/Source/ThirdParty/ICU/icu4c-64_1/source/tools/toolutil/ucbuf.cpp,0,2,2
/media/ullmann/HDDGabriel/engines/UnrealEngine/Engine/Source/Developer/TraceServices/Private/Analyzers/GpuProfilerTraceAnalysis.cpp,0,1,1
/media/ullmann/HDDGabriel/engines/UnrealEngine/Engine/Source/Developer/TraceServices/Private/Analyzers/GpuProfilerTraceAnalysis.h,1,0,1
/media/ullmann/HDDGabriel/engines/UnrealEngine/Engine/Source/ThirdParty/SDL2/SDL-gui-backend/src/power/winrt/SDL_syspower.cpp,0,1,1
/media/ullmann/HDDGabriel/engines/UnrealEngine/Engine/Source/ThirdParty/nvTextureTools/nvTextureTools-2.0.8/src/src/nvimage/Image.h,2,0,2
/media/ullmann/HDDGabriel/engines/UnrealEngine/Engine/Source/ThirdParty/PhysX3/PhysX_3.4/Source/GeomUtils/src/common/GuSeparatingAxes.cpp,0,1,1
/media/ullmann/HDDGabriel/engines/UnrealEngine/Engine/Source/ThirdParty/PhysX3/PhysX_3.4/Source/GeomUtils/src/common/GuSeparatingAxes.h,1,0,1
/media/ullmann/HDDGabriel/engines/UnrealEngine/Engine/Source/ThirdParty/FreeType2/FreeType2-2.10.4/src/truetype/ttobjs.h,4,0,4
/media/ullmann/HDDGabriel/engines/UnrealEngine/Engine/Source/ThirdParty/Boost/boost-1_70_0/include/boost/numeric/ublas/tensor/storage_traits.hpp,1,0,1
/media/ullmann/HDDGabriel/engines/UnrealEngine/Engine/Source/ThirdParty/FreeImage/FreeImage-3.18.0/Source/OpenEXR/IlmImf/ImfAttribute.cpp,0,2,2
/media/ullmann/HDDGabriel/engines/UnrealEngine/Engine/Source/ThirdParty/Intel/Embree/Embree270/Linux/x86_64-unknown-linux-gnu/include/embree2/rtcore_geometry.h,1,0,1
/media/ullmann/HDDGabriel/engines/UnrealEngine/Engine/Source/ThirdParty/FreeImage/FreeImage-3.18.0/Source/LibOpenJPEG/bio.c,0,1,1
/media/ullmann/HDDGabriel/engines/UnrealEngine/Engine/Source/ThirdParty/nvTextureTools/nvTextureTools-2.0.8/src/src/nvmath/Plane.cpp,0,2,2
/media/ullmann/HDDGabriel/engines/UnrealEngine/Engine/Source/ThirdParty/nvTextureTools/nvTextureTools-2.0.8/src/src/nvmath/Matrix.h,1,0,1
/media/ullmann/HDDGabriel/engines/UnrealEngine/Engine/Source/Runtime/Engine/Public/Physics/PhysicsInterfacePhysX.h,0,2,2
/media/ullmann/HDDGabriel/engines/UnrealEngine/Engine/Source/Runtime/Engine/Public/Physics/PhysicsInterfaceTypes.h,1,1,2
/media/ullmann/HDDGabriel/engines/UnrealEngine/Engine/Source/ThirdParty/Android/libunwind/libunwind/include/tdep-arm/libunwind_i.h,0,1,1
/media/ullmann/HDDGabriel/engines/UnrealEngine/Engine/Source/ThirdParty/Android/libunwind/libunwind/include/tdep-arm/ex_tables.h,1,0,1
/media/ullmann/HDDGabriel/engines/UnrealEngine/Engine/Source/ThirdParty/Vorbis/libvorbis-1.3.2/lib/window.c,0,2,2
/media/ullmann/HDDGabriel/engines/UnrealEngine/Engine/Source/Editor/SkeletonEditor/Private/SkeletonEditor.h,4,0,4
/media/ullmann/HDDGabriel/engines/UnrealEngine/Engine/Source/Runtime/Renderer/Private/DistanceFieldVisualization.cpp,0,8,8
/media/ullmann/HDDGabriel/engines/UnrealEngine/Engine/Source/ThirdParty/OpenVDB/openvdb-8.1.0/openvdb_ax/openvdb_ax/test/integration/TestArrayUnpack.cc,0,3,3
/media/ullmann/HDDGabriel/engines/UnrealEngine/Engine/Source/ThirdParty/ICU/icu4c-53_1/source/common/ustring.cpp,0,8,8
/media/ullmann/HDDGabriel/engines/UnrealEngine/Engine/Source/ThirdParty/ShaderConductor/ShaderConductor/External/DirectXShaderCompiler/utils/TableGen/FixedLenDecoderEmitter.cpp,0,1,1
/media/ullmann/HDDGabriel/engines/UnrealEngine/Engine/Source/ThirdParty/hlslcc/hlslcc/src/hlslcc_lib/pp.cpp,0,3,3
/media/ullmann/HDDGabriel/engines/UnrealEngine/Engine/Source/ThirdParty/WebRTC/4147/Include/third_party/libjpeg_turbo/cmyk.h,0,3,3
/media/ullmann/HDDGabriel/engines/UnrealEngine/Engine/Source/ThirdParty/WebRTC/4147/Include/third_party/libjpeg_turbo/jconfigint.h,2,0,2
/media/ullmann/HDDGabriel/engines/UnrealEngine/Engine/Source/ThirdParty/Oculus/LibOVRPlatform/LibOVRPlatform/include/OVR_LaunchReportFlowResult.h,2,2,4
/media/ullmann/HDDGabriel/engines/UnrealEngine/Engine/Source/ThirdParty/FreeImage/FreeImage-3.18.0/Source/LibOpenJPEG/tgt.h,1,0,1
/media/ullmann/HDDGabriel/engines/UnrealEngine/Engine/Source/ThirdParty/PhysX3/APEX_1.4/module/clothing/include/ClothingActorData.h,1,1,2
/media/ullmann/HDDGabriel/engines/UnrealEngine/Engine/Source/ThirdParty/PhysX3/PxShared/src/foundation/include/PsArray.h,3,2,5
/media/ullmann/HDDGabriel/engines/UnrealEngine/Engine/Source/ThirdParty/ICU/icu4c-64_1/source/common/ucmndata.cpp,0,5,5
/media/ullmann/HDDGabriel/engines/UnrealEngine/Engine/Source/Runtime/Overlay/Public/OverlaysImporter.h,0,1,1
/media/ullmann/HDDGabriel/engines/UnrealEngine/Engine/Source/Runtime/Overlay/Public/Overlays.h,3,0,3
/media/ullmann/HDDGabriel/engines/UnrealEngine/Engine/Source/Editor/LevelEditor/Private/LevelEditorActions.cpp,0,4,4
/media/ullmann/HDDGabriel/engines/UnrealEngine/Engine/Source/Editor/NewLevelDialog/Public/NewLevelDialogModule.h,1,0,1
/media/ullmann/HDDGabriel/engines/UnrealEngine/Engine/Source/Programs/Enterprise/Datasmith/DatasmithARCHICADExporter/Private/SyncData.h,4,2,6
/media/ullmann/HDDGabriel/engines/UnrealEngine/Engine/Source/Developer/AutomationController/Public/IAutomationControllerModule.h,0,1,1
/media/ullmann/HDDGabriel/engines/UnrealEngine/Engine/Source/Developer/AutomationController/Public/IAutomationControllerManager.h,1,1,2
/media/ullmann/HDDGabriel/engines/UnrealEngine/Engine/Source/ThirdParty/ICU/icu4c-53_1/source/i18n/msgfmt_impl.h,1,1,2
/media/ullmann/HDDGabriel/engines/UnrealEngine/Engine/Source/ThirdParty/MCPP/mcpp-2.7.2/cpp-test/test-l/nest5.h,1,1,2
/media/ullmann/HDDGabriel/engines/UnrealEngine/Engine/Source/ThirdParty/MCPP/mcpp-2.7.2/cpp-test/test-l/nest6.h,1,1,2
/media/ullmann/HDDGabriel/engines/UnrealEngine/Engine/Source/ThirdParty/Vorbis/libvorbis-1.3.2/lib/analysis.c,0,5,5
/media/ullmann/HDDGabriel/engines/UnrealEngine/Engine/Source/ThirdParty/CryptoPP/5.6.2/include/shark.h,3,3,6
/media/ullmann/HDDGabriel/engines/UnrealEngine/Engine/Source/ThirdParty/PhysX3/NvCloth/src/neon/SwCollisionHelpers.h,1,0,1
/media/ullmann/HDDGabriel/engines/UnrealEngine/Engine/Source/Runtime/HeadMountedDisplay/Public/IHeadMountedDisplay.h,2,2,4
/media/ullmann/HDDGabriel/engines/UnrealEngine/Engine/Source/Runtime/SlateCore/Public/Types/ISlateMetaData.h,1,0,1
/media/ullmann/HDDGabriel/engines/UnrealEngine/Engine/Source/ThirdParty/libOpus/opus-1.0.3/silk/float/find_LPC_FLP.c,0,1,1
/media/ullmann/HDDGabriel/engines/UnrealEngine/Engine/Source/Editor/EditorStyle/Private/StarshipStyle.cpp,0,1,1
/media/ullmann/HDDGabriel/engines/UnrealEngine/Engine/Source/Editor/EditorStyle/Private/StarshipStyle.h,2,1,3
/media/ullmann/HDDGabriel/engines/UnrealEngine/Engine/Source/ThirdParty/libOpus/opus-1.0.3/celt/rate.h,9,2,11
/media/ullmann/HDDGabriel/engines/UnrealEngine/Engine/Source/ThirdParty/Intel/MetricsDiscovery/MetricsDiscoveryHelper/source/values.cpp,0,1,1
/media/ullmann/HDDGabriel/engines/UnrealEngine/Engine/Source/ThirdParty/glslang/glslang/src/glslang_lib/glslang/MachineIndependent/PoolAlloc.cpp,0,4,4
/media/ullmann/HDDGabriel/engines/UnrealEngine/Engine/Source/ThirdParty/PhysX3/PhysX_3.4/Source/LowLevelParticles/src/PtBatcher.h,2,0,2
/media/ullmann/HDDGabriel/engines/UnrealEngine/Engine/Source/Programs/Enterprise/Datasmith/DatasmithARCHICADExporter/Private/Export.h,2,1,3
/media/ullmann/HDDGabriel/engines/UnrealEngine/Engine/Source/Runtime/UMG/Public/Components/MultiLineEditableText.h,1,0,1
/media/ullmann/HDDGabriel/engines/UnrealEngine/Engine/Source/ThirdParty/PhysX3/PhysX_3.4/Source/GeomUtils/src/mesh/GuBV4_ProcessStreamNoOrder_SegmentAABB_Inflated.h,2,0,2
/media/ullmann/HDDGabriel/engines/UnrealEngine/Engine/Source/ThirdParty/Intel/TBB/IntelTBB-2019u8/src/rml/perfor/omp_nested.cpp,0,1,1
/media/ullmann/HDDGabriel/engines/UnrealEngine/Engine/Source/Runtime/UMG/Public/Components/UniformGridSlot.h,1,0,1
/media/ullmann/HDDGabriel/engines/UnrealEngine/Engine/Source/ThirdParty/Alembic/alembic-1.8.2/python/PyAlembic/PyICamera.cpp,0,3,3
/media/ullmann/HDDGabriel/engines/UnrealEngine/Engine/Source/ThirdParty/ICU/icu4c-53_1/source/i18n/strrepl.cpp,0,2,2
/media/ullmann/HDDGabriel/engines/UnrealEngine/Engine/Source/ThirdParty/PhysX3/PhysX_3.4/Source/PhysXExtensions/src/ExtPrismaticJointSolverPrep.cpp,0,2,2
/media/ullmann/HDDGabriel/engines/UnrealEngine/Engine/Source/ThirdParty/libPNG/libPNG-1.5.2/contrib/gregbook/wpng.c,0,1,1
/media/ullmann/HDDGabriel/engines/UnrealEngine/Engine/Source/ThirdParty/libPNG/libPNG-1.5.2/contrib/gregbook/writepng.h,2,0,2
/media/ullmann/HDDGabriel/engines/UnrealEngine/Engine/Source/ThirdParty/ICU/icu4c-53_1/source/test/letest/letsutil.cpp,0,2,2
/media/ullmann/HDDGabriel/engines/UnrealEngine/Engine/Source/Runtime/Engine/Public/ComponentReregisterContext.h,1,0,1
/media/ullmann/HDDGabriel/engines/UnrealEngine/Engine/Source/ThirdParty/FreeImage/FreeImage-3.18.0/Source/LibJPEG/jutils.c,0,2,2
/media/ullmann/HDDGabriel/engines/UnrealEngine/Engine/Source/Editor/PhysicsAssetEditor/Private/PhysicsAssetGraph/PhysicsAssetGraphNode.cpp,0,2,2
/media/ullmann/HDDGabriel/engines/UnrealEngine/Engine/Source/ThirdParty/MCPP/mcpp-2.7.2/src/mccp_cmdline.c,0,2,2
/media/ullmann/HDDGabriel/engines/UnrealEngine/Engine/Source/Editor/SerializedRecorderInterface/Public/Serializers/MovieSceneManifestSerialization.h,0,1,1
/media/ullmann/HDDGabriel/engines/UnrealEngine/Engine/Source/ThirdParty/ICU/icu4c-53_1/source/test/cintltst/ncnvfbts.c,0,2,2
/media/ullmann/HDDGabriel/engines/UnrealEngine/Engine/Source/Runtime/Online/HTTP/Public/HttpManager.h,0,3,3
/media/ullmann/HDDGabriel/engines/UnrealEngine/Engine/Source/ThirdParty/Intel/TBB/IntelTBB-2019u8/include/tbb/internal/_flow_graph_streaming_node.h,1,0,1
/media/ullmann/HDDGabriel/engines/UnrealEngine/Engine/Source/ThirdParty/FreeType2/FreeType2-2.10.4/src/sfnt/sfdriver.h,1,0,1
/media/ullmann/HDDGabriel/engines/UnrealEngine/Engine/Source/Runtime/Core/Public/Templates/IntegralConstant.h,3,0,3
/media/ullmann/HDDGabriel/engines/UnrealEngine/Engine/Source/Editor/WorldBrowser/Private/Tiles/SWorldComposition.h,1,0,1
/media/ullmann/HDDGabriel/engines/UnrealEngine/Engine/Source/Editor/DetailCustomizations/Private/BodySetupDetails.cpp,0,1,1
/media/ullmann/HDDGabriel/engines/UnrealEngine/Engine/Source/Runtime/Core/Public/Templates/Invoke.h,3,0,3
/media/ullmann/HDDGabriel/engines/UnrealEngine/Engine/Source/ThirdParty/FreeType2/FreeType2-2.10.0/src/gxvalid/gxvfeat.c,1,3,4
/media/ullmann/HDDGabriel/engines/UnrealEngine/Engine/Source/Editor/Sequencer/Private/SSequencerTreeView.cpp,0,3,3
/media/ullmann/HDDGabriel/engines/UnrealEngine/Engine/Source/Runtime/Experimental/Chaos/Public/PhysicsProxy/SingleParticlePhysicsProxyFwd.h,2,0,2
/media/ullmann/HDDGabriel/engines/UnrealEngine/Engine/Source/ThirdParty/FreeType2/FreeType2-2.6/Src/cff/cf2error.h,9,1,10
/media/ullmann/HDDGabriel/engines/UnrealEngine/Engine/Source/Runtime/MovieScene/Public/MovieSceneSequenceVisitor.h,0,2,2
/media/ullmann/HDDGabriel/engines/UnrealEngine/Engine/Source/ThirdParty/Windows/DirectX/Include/D3D10.h,0,2,2
/media/ullmann/HDDGabriel/engines/UnrealEngine/Engine/Source/ThirdParty/Windows/DirectX/Include/d3d10sdklayers.h,1,0,1
/media/ullmann/HDDGabriel/engines/UnrealEngine/Engine/Source/ThirdParty/PhysX3/PhysX_3.4/Source/GeomUtils/src/mesh/GuSweepsMesh.cpp,0,2,2
/media/ullmann/HDDGabriel/engines/UnrealEngine/Engine/Source/ThirdParty/PhysX3/PhysX_3.4/Source/GeomUtils/src/mesh/GuSweepConvexTri.h,1,0,1
/media/ullmann/HDDGabriel/engines/UnrealEngine/Engine/Source/ThirdParty/ICU/icu4c-53_1/source/samples/layout/ucreader.h,3,1,4
/media/ullmann/HDDGabriel/engines/UnrealEngine/Engine/Source/ThirdParty/openexr/openexr-3.1.1/src/lib/OpenEXR/ImfOpaqueAttribute.cpp,0,2,2
/media/ullmann/HDDGabriel/engines/UnrealEngine/Engine/Source/Editor/SequenceRecorder/Private/ActorRecordingDetailsCustomization.cpp,0,1,1
/media/ullmann/HDDGabriel/engines/UnrealEngine/Engine/Source/Editor/SequenceRecorder/Private/ActorRecordingDetailsCustomization.h,2,0,2
/media/ullmann/HDDGabriel/engines/UnrealEngine/Engine/Source/ThirdParty/FreeType2/FreeType2-2.10.4/src/otvalid/otvbase.c,1,2,3
/media/ullmann/HDDGabriel/engines/UnrealEngine/Engine/Source/ThirdParty/OpenVDB/openvdb-8.1.0/openvdb/openvdb/unittest/TestDenseSparseTools.cc,0,1,1
/media/ullmann/HDDGabriel/engines/UnrealEngine/Engine/Source/ThirdParty/SDL2/SDL-gui-backend/src/joystick/windows/SDL_windowsjoystick.c,0,10,10
/media/ullmann/HDDGabriel/engines/UnrealEngine/Engine/Source/ThirdParty/FreeType2/FreeType2-2.10.4/src/cache/ftccback.h,7,5,12
/media/ullmann/HDDGabriel/engines/UnrealEngine/Engine/Source/ThirdParty/ICU/icu4c-53_1/source/samples/layout/ScriptCompositeFontInstance.cpp,0,2,2
/media/ullmann/HDDGabriel/engines/UnrealEngine/Engine/Source/ThirdParty/OpenSubdiv/OpenSubdiv-3.4.4/opensubdiv/osd/d3d11PatchTable.h,2,4,6
/media/ullmann/HDDGabriel/engines/UnrealEngine/Engine/Source/Runtime/Experimental/Chaos/Public/Chaos/PBDConstraintRule.h,1,0,1
/media/ullmann/HDDGabriel/engines/UnrealEngine/Engine/Source/Editor/AnimGraph/Private/AnimBlueprintExtension_NodeRelevancy.h,1,0,1
/media/ullmann/HDDGabriel/engines/UnrealEngine/Engine/Source/Editor/UnrealEd/Private/Settings/EditorLoadingSavingSettingsCustomization.h,1,0,1
/media/ullmann/HDDGabriel/engines/UnrealEngine/Engine/Source/ThirdParty/FreeType2/FreeType2-2.10.0/src/truetype/ttobjs.c,1,5,6
/media/ullmann/HDDGabriel/engines/UnrealEngine/Engine/Source/Programs/Enterprise/Datasmith/DatasmithARCHICADExporter/Private/Utils/TimeStat.cpp,0,1,1
/media/ullmann/HDDGabriel/engines/UnrealEngine/Engine/Source/ThirdParty/libOpus/opus-1.1/silk/A2NLSF.c,0,2,2
/media/ullmann/HDDGabriel/engines/UnrealEngine/Engine/Source/Developer/FunctionalTesting/Classes/FunctionalUIScreenshotTest.h,0,1,1
/media/ullmann/HDDGabriel/engines/UnrealEngine/Engine/Source/ThirdParty/SDL2/SDL-gui-backend/src/joystick/haiku/SDL_haikujoystick.cc,0,3,3
/media/ullmann/HDDGabriel/engines/UnrealEngine/Engine/Source/ThirdParty/PhysX3/NvCloth/extensions/include/NvClothExt/ClothMeshQuadifier.h,0,1,1
/media/ullmann/HDDGabriel/engines/UnrealEngine/Engine/Source/ThirdParty/libOpus/opus-1.1/silk/control_SNR.c,0,2,2
/media/ullmann/HDDGabriel/engines/UnrealEngine/Engine/Source/Developer/DerivedDataCache/Public/DerivedDataBuild.h,0,1,1
/media/ullmann/HDDGabriel/engines/UnrealEngine/Engine/Source/ThirdParty/WebRTC/4147/Include/rtc_base/task_queue.h,0,1,1
/media/ullmann/HDDGabriel/engines/UnrealEngine/Engine/Source/Runtime/Renderer/Private/HairStrands/HairStrandsInterface.cpp,0,3,3
/media/ullmann/HDDGabriel/engines/UnrealEngine/Engine/Source/Runtime/Renderer/Private/HairStrands/HairStrandsMeshProjection.h,3,0,3
/media/ullmann/HDDGabriel/engines/UnrealEngine/Engine/Source/ThirdParty/WebRTC/4147/Include/base/third_party/double_conversion/double-conversion/double-to-string.h,1,1,2
/media/ullmann/HDDGabriel/engines/UnrealEngine/Engine/Source/ThirdParty/ShaderConductor/ShaderConductor/External/DirectXShaderCompiler/tools/llvm-readobj/ARMWinEHPrinter.cpp,0,2,2
/media/ullmann/HDDGabriel/engines/UnrealEngine/Engine/Source/ThirdParty/ShaderConductor/ShaderConductor/External/DirectXShaderCompiler/tools/llvm-readobj/ARMWinEHPrinter.h,2,1,3
/media/ullmann/HDDGabriel/engines/UnrealEngine/Engine/Source/ThirdParty/WebRTC/4147/Include/tools/clang/blink_gc_plugin/tests/left_most_gc_base.h,0,1,1
/media/ullmann/HDDGabriel/engines/UnrealEngine/Engine/Source/Runtime/Apple/MetalRHI/Private/MetalState.cpp,0,2,2
/media/ullmann/HDDGabriel/engines/UnrealEngine/Engine/Source/ThirdParty/OpenVDB/openvdb-8.1.0/openvdb_ax/openvdb_ax/test/frontend/TestKeywordNode.cc,0,1,1
/media/ullmann/HDDGabriel/engines/UnrealEngine/Engine/Source/Programs/Enterprise/Datasmith/DatasmithARCHICADExporter/Private/Exporter.cpp,0,4,4
/media/ullmann/HDDGabriel/engines/UnrealEngine/Engine/Source/Editor/ClothPainter/Private/ClothingAssetListCommands.cpp,0,1,1
/media/ullmann/HDDGabriel/engines/UnrealEngine/Engine/Source/ThirdParty/OpenVDB/Deploy/openvdb-8.1.0/include/openvdb/io/Archive.h,2,1,3
/media/ullmann/HDDGabriel/engines/UnrealEngine/Engine/Source/Developer/Windows/LiveCoding/Private/External/LPP_API.h,4,0,4
/media/ullmann/HDDGabriel/engines/UnrealEngine/Engine/Source/ThirdParty/CryptoPP/5.6.2/include/base64.cpp,0,2,2
/media/ullmann/HDDGabriel/engines/UnrealEngine/Engine/Source/Editor/UnrealEd/Private/AutoSaveUtils.cpp,0,1,1
/media/ullmann/HDDGabriel/engines/UnrealEngine/Engine/Source/ThirdParty/PhysX3/PxShared/src/pvd/src/PxPvdUserRenderImpl.h,1,1,2
/media/ullmann/HDDGabriel/engines/UnrealEngine/Engine/Source/ThirdParty/Boost/boost-1_70_0/include/boost/math/quaternion.hpp,0,1,1
/media/ullmann/HDDGabriel/engines/UnrealEngine/Engine/Source/ThirdParty/Boost/boost-1_70_0/include/boost/math/complex,1,0,1
/media/ullmann/HDDGabriel/engines/UnrealEngine/Engine/Source/ThirdParty/FreeType2/FreeType2-2.10.4/src/otvalid/otvmath.c,1,3,4
/media/ullmann/HDDGabriel/engines/UnrealEngine/Engine/Source/ThirdParty/ShaderConductor/ShaderConductor/External/DirectXShaderCompiler/lib/Support/ThreadLocal.cpp,0,2,2
/media/ullmann/HDDGabriel/engines/UnrealEngine/Engine/Source/ThirdParty/ShaderConductor/ShaderConductor/External/DirectXShaderCompiler/lib/Support/Windows/ThreadLocal.inc,1,0,1
/media/ullmann/HDDGabriel/engines/UnrealEngine/Engine/Source/ThirdParty/Imath/Imath-3.1.3/src/python/PyImath/PyImathFrustum.h,2,1,3
/media/ullmann/HDDGabriel/engines/UnrealEngine/Engine/Source/ThirdParty/FakeIt/2.0.2/tests/cpp14_tests.cpp,0,1,1
/media/ullmann/HDDGabriel/engines/UnrealEngine/Engine/Source/ThirdParty/ICU/icu4c-64_1/source/test/intltest/tstnrapi.cpp,0,1,1
/media/ullmann/HDDGabriel/engines/UnrealEngine/Engine/Source/ThirdParty/openexr/openexr-3.1.1/src/test/IexTest/testBaseExc.cpp,0,1,1
/media/ullmann/HDDGabriel/engines/UnrealEngine/Engine/Source/ThirdParty/openexr/openexr-3.1.1/src/test/IexTest/testBaseExc.h,2,0,2
/media/ullmann/HDDGabriel/engines/UnrealEngine/Engine/Source/Editor/DetailCustomizations/Private/WindowsTargetSettingsDetails.cpp,0,1,1
/media/ullmann/HDDGabriel/engines/UnrealEngine/Engine/Source/Editor/DetailCustomizations/Private/WindowsTargetSettingsDetails.h,2,0,2
/media/ullmann/HDDGabriel/engines/UnrealEngine/Engine/Source/ThirdParty/PhysX3/APEX_1.4/module/clothing_legacy/include/autogen/ClothingMaterialLibraryParameters_0p8.h,1,0,1
/media/ullmann/HDDGabriel/engines/UnrealEngine/Engine/Source/ThirdParty/ICU/icu4c-64_1/source/i18n/collation.cpp,0,1,1
/media/ullmann/HDDGabriel/engines/UnrealEngine/Engine/Source/Developer/Profiler/Private/ProfilerCommands.h,2,0,2
/media/ullmann/HDDGabriel/engines/UnrealEngine/Engine/Source/ThirdParty/Breakpad/src/third_party/libdisasm/ia32_opcode_tables.h,2,0,2
/media/ullmann/HDDGabriel/engines/UnrealEngine/Engine/Source/ThirdParty/ShaderConductor/ShaderConductor/External/DirectXShaderCompiler/include/llvm/ExecutionEngine/JITSymbolFlags.h,1,0,1
/media/ullmann/HDDGabriel/engines/UnrealEngine/Engine/Source/ThirdParty/SDL2/SDL-gui-backend/src/audio/arts/SDL_artsaudio.h,1,2,3
/media/ullmann/HDDGabriel/engines/UnrealEngine/Engine/Source/ThirdParty/FreeType2/FreeType2-2.6/Src/base/ftmac.c,1,1,2
/media/ullmann/HDDGabriel/engines/UnrealEngine/Engine/Source/ThirdParty/FreeType2/FreeType2-2.10.0/src/base/ftrfork.c,1,1,2
/media/ullmann/HDDGabriel/engines/UnrealEngine/Engine/Source/ThirdParty/FreeType2/FreeType2-2.10.0/src/base/ftbase.h,3,0,3
/media/ullmann/HDDGabriel/engines/UnrealEngine/Engine/Source/Runtime/Engine/Public/ExternalTexture.h,0,1,1
/media/ullmann/HDDGabriel/engines/UnrealEngine/Engine/Source/ThirdParty/NVIDIA/GPUDirect/include/dvpapi_cuda.h,0,1,1
/media/ullmann/HDDGabriel/engines/UnrealEngine/Engine/Source/ThirdParty/SDL2/SDL-gui-backend/src/libm/s_sin.c,0,2,2
/media/ullmann/HDDGabriel/engines/UnrealEngine/Engine/Source/ThirdParty/libOpus/opus-1.1/silk/fixed/residual_energy_FIX.c,0,1,1
/media/ullmann/HDDGabriel/engines/UnrealEngine/Engine/Source/ThirdParty/ICU/icu4c-53_1/source/test/cintltst/uenumtst.c,0,1,1
/media/ullmann/HDDGabriel/engines/UnrealEngine/Engine/Source/ThirdParty/libOpus/opus-1.0.3/silk/float/find_LTP_FLP.c,0,1,1
/media/ullmann/HDDGabriel/engines/UnrealEngine/Engine/Source/ThirdParty/Intel/TBB/IntelTBB-2019u8/src/tbb/concurrent_vector.cpp,0,2,2
/media/ullmann/HDDGabriel/engines/UnrealEngine/Engine/Source/Editor/PropertyEditor/Private/UserInterface/PropertyEditor/PropertyEditorConstants.h,3,0,3
/media/ullmann/HDDGabriel/engines/UnrealEngine/Engine/Source/ThirdParty/openexr/openexr-3.1.1/src/lib/OpenEXR/ImfDwaCompressor.h,3,3,6
/media/ullmann/HDDGabriel/engines/UnrealEngine/Engine/Source/ThirdParty/Python3/Linux/include/python3.9/methodobject.h,1,1,2
/media/ullmann/HDDGabriel/engines/UnrealEngine/Engine/Source/Runtime/CrashReportCore/Private/GenericErrorReport.cpp,0,1,1
/media/ullmann/HDDGabriel/engines/UnrealEngine/Engine/Source/ThirdParty/libOpus/opus-1.3.1-12/silk/arm/LPC_inv_pred_gain_arm.h,1,0,1
/media/ullmann/HDDGabriel/engines/UnrealEngine/Engine/Source/Runtime/WebBrowser/Private/CEF/CEFResourceContextHandler.h,2,1,3
/media/ullmann/HDDGabriel/engines/UnrealEngine/Engine/Source/Editor/AnimationModifiers/Private/AnimationModifierDetailCustomization.cpp,0,1,1
/media/ullmann/HDDGabriel/engines/UnrealEngine/Engine/Source/Editor/AnimationModifiers/Private/AnimationModifierDetailCustomization.h,3,0,3
/media/ullmann/HDDGabriel/engines/UnrealEngine/Engine/Source/ThirdParty/WebRTC/4147/Include/third_party/libvpx/source/libvpx/vp8/common/entropy.h,1,2,3
/media/ullmann/HDDGabriel/engines/UnrealEngine/Engine/Source/ThirdParty/FreeType2/FreeType2-2.4.12/src/psaux/psconv.c,1,2,3
/media/ullmann/HDDGabriel/engines/UnrealEngine/Engine/Source/ThirdParty/FreeType2/FreeType2-2.4.12/src/psaux/psconv.h,3,0,3
/media/ullmann/HDDGabriel/engines/UnrealEngine/Engine/Source/ThirdParty/FreeType2/FreeType2-2.10.4/src/type1/t1parse.h,2,0,2
/media/ullmann/HDDGabriel/engines/UnrealEngine/Engine/Source/Runtime/Online/BuildPatchServices/Public/Interfaces/IBuildPatchServicesModule.h,2,0,2
/media/ullmann/HDDGabriel/engines/UnrealEngine/Engine/Source/ThirdParty/CryptoPP/5.6.2/include/authenc.cpp,0,2,2
/media/ullmann/HDDGabriel/engines/UnrealEngine/Engine/Source/Editor/LevelInstanceEditor/Private/LevelInstanceEditorModule.h,1,0,1
/media/ullmann/HDDGabriel/engines/UnrealEngine/Engine/Source/ThirdParty/Intel/TBB/IntelTBB-2019u8/src/test/test_intrusive_list.cpp,0,3,3
/media/ullmann/HDDGabriel/engines/UnrealEngine/Engine/Source/ThirdParty/FreeType2/FreeType2-2.10.0/src/cid/cidparse.c,1,2,3
/media/ullmann/HDDGabriel/engines/UnrealEngine/Engine/Source/ThirdParty/FreeType2/FreeType2-2.10.0/src/cid/ciderrs.h,5,0,5
/media/ullmann/HDDGabriel/engines/UnrealEngine/Engine/Source/Programs/HeadlessChaos/Public/GeometryCollection/GeometryCollectionTestBoneHierarchy.h,0,1,1
/media/ullmann/HDDGabriel/engines/UnrealEngine/Engine/Source/ThirdParty/ICU/icu4c-64_1/source/test/cintltst/cucdapi.c,0,2,2
/media/ullmann/HDDGabriel/engines/UnrealEngine/Engine/Source/ThirdParty/ICU/icu4c-64_1/source/test/cintltst/cucdapi.h,2,0,2
/media/ullmann/HDDGabriel/engines/UnrealEngine/Engine/Source/ThirdParty/FreeType2/FreeType2-2.10.4/src/autofit/afcjk.h,3,2,5
/media/ullmann/HDDGabriel/engines/UnrealEngine/Engine/Source/Programs/TextureShare/Samples/ThirdParty/TextureShare_ClientD3D11/DDSTextureLoader.cpp,0,1,1
/media/ullmann/HDDGabriel/engines/UnrealEngine/Engine/Source/Programs/TextureShare/Samples/ThirdParty/TextureShare_ClientD3D11/DDSTextureLoader.h,2,0,2
/media/ullmann/HDDGabriel/engines/UnrealEngine/Engine/Source/ThirdParty/PhysX3/APEX_1.4/include/ApexNameSpace.h,1,1,2
/media/ullmann/HDDGabriel/engines/UnrealEngine/Engine/Source/ThirdParty/openexr/openexr-3.1.1/src/lib/OpenEXR/ImfArray.h,7,1,8
/media/ullmann/HDDGabriel/engines/UnrealEngine/Engine/Source/ThirdParty/SDL2/SDL-gui-backend/src/haptic/windows/SDL_windowshaptic.c,0,8,8
/media/ullmann/HDDGabriel/engines/UnrealEngine/Engine/Source/Runtime/LevelSequence/Public/SequenceMediaController.h,0,1,1
/media/ullmann/HDDGabriel/engines/UnrealEngine/Engine/Source/Runtime/LevelSequence/Public/LevelSequenceActor.h,2,1,3
/media/ullmann/HDDGabriel/engines/UnrealEngine/Engine/Source/ThirdParty/PhysX3/PhysX_3.4/Include/extensions/PxBinaryConverter.h,1,0,1
/media/ullmann/HDDGabriel/engines/UnrealEngine/Engine/Source/Editor/BehaviorTreeEditor/Private/DetailCustomizations/BlackboardSelectorDetails.h,1,0,1
/media/ullmann/HDDGabriel/engines/UnrealEngine/Engine/Source/ThirdParty/Python3/Linux/include/python3.9/compile.h,1,0,1
/media/ullmann/HDDGabriel/engines/UnrealEngine/Engine/Source/ThirdParty/OpenSubdiv/OpenSubdiv-3.4.4/examples/glShareTopology/glShareTopology.cpp,0,9,9
/media/ullmann/HDDGabriel/engines/UnrealEngine/Engine/Source/ThirdParty/Boost/boost-1_70_0/include/boost/safe_numerics/checked_result_operations.hpp,2,2,4
/media/ullmann/HDDGabriel/engines/UnrealEngine/Engine/Source/Editor/Persona/Private/AnimTimeline/AnimTimelineTrack_NotifiesPanel.cpp,0,4,4
/media/ullmann/HDDGabriel/engines/UnrealEngine/Engine/Source/Editor/Persona/Private/AnimTimeline/AnimTimelineTrack_NotifiesPanel.h,3,1,4
/media/ullmann/HDDGabriel/engines/UnrealEngine/Engine/Source/ThirdParty/Android/libunwind/libunwind/src/x86/Lregs.c,0,1,1
/media/ullmann/HDDGabriel/engines/UnrealEngine/Engine/Source/ThirdParty/ICU/icu4c-53_1/source/common/bytestream.cpp,0,3,3
/media/ullmann/HDDGabriel/engines/UnrealEngine/Engine/Source/ThirdParty/ICU/icu4c-53_1/source/common/unicode/bytestream.h,2,0,2
/media/ullmann/HDDGabriel/engines/UnrealEngine/Engine/Source/ThirdParty/CryptoPP/5.6.2/include/blumshub.h,3,1,4
/media/ullmann/HDDGabriel/engines/UnrealEngine/Engine/Source/ThirdParty/Windows/DirectXLegacy/Include/d3dx9shape.h,1,1,2
/media/ullmann/HDDGabriel/engines/UnrealEngine/Engine/Source/ThirdParty/PhysX3/PhysX_3.4/Source/GeomUtils/src/GuSweepMTD.h,2,0,2
/media/ullmann/HDDGabriel/engines/UnrealEngine/Engine/Source/Runtime/Core/Public/Misc/Compression.h,3,0,3
/media/ullmann/HDDGabriel/engines/UnrealEngine/Engine/Source/ThirdParty/FreeType2/FreeType2-2.4.12/src/cff/cffcmap.c,1,3,4
/media/ullmann/HDDGabriel/engines/UnrealEngine/Engine/Source/ThirdParty/ICU/icu4c-53_1/source/i18n/reldatefmt.cpp,0,9,9
/media/ullmann/HDDGabriel/engines/UnrealEngine/Engine/Source/ThirdParty/ICU/icu4c-53_1/source/i18n/unicode/reldatefmt.h,1,0,1
/media/ullmann/HDDGabriel/engines/UnrealEngine/Engine/Source/ThirdParty/Crunch/src/crnlib/crn_qdxt1.cpp,0,6,6
/media/ullmann/HDDGabriel/engines/UnrealEngine/Engine/Source/ThirdParty/PhysX3/APEX_1.4/include/CudaTestManager.h,0,1,1
/media/ullmann/HDDGabriel/engines/UnrealEngine/Engine/Source/ThirdParty/HarfBuzz/harfbuzz-2.4.0/src/hb-aat-layout-common.hh,1,0,1
/media/ullmann/HDDGabriel/engines/UnrealEngine/Engine/Source/ThirdParty/ShaderConductor/ShaderConductor/External/DirectXShaderCompiler/tools/clang/lib/CodeGen/CodeGenABITypes.cpp,0,1,1
/media/ullmann/HDDGabriel/engines/UnrealEngine/Engine/Source/ThirdParty/OpenVDB/Deploy/openvdb-8.1.0/include/openvdb/math/ConjGradient.h,0,1,1
/media/ullmann/HDDGabriel/engines/UnrealEngine/Engine/Source/Runtime/Renderer/Private/SceneOcclusion.cpp,0,7,7
/media/ullmann/HDDGabriel/engines/UnrealEngine/Engine/Source/ThirdParty/Oculus/LibOVRPlatform/LibOVRPlatform/include/OVR_MatchmakingRoomArray.h,3,2,5
/media/ullmann/HDDGabriel/engines/UnrealEngine/Engine/Source/ThirdParty/FreeType2/FreeType2-2.4.12/src/sfnt/ttcmap.h,4,0,4
/media/ullmann/HDDGabriel/engines/UnrealEngine/Engine/Source/ThirdParty/ICU/icu4c-53_1/source/samples/layout/GDIGUISupport.h,3,1,4
/media/ullmann/HDDGabriel/engines/UnrealEngine/Engine/Source/ThirdParty/ICU/icu4c-53_1/source/test/intltest/jacoll.h,2,1,3
/media/ullmann/HDDGabriel/engines/UnrealEngine/Engine/Source/Editor/FoliageEdit/Private/FoliageTypePaintingCustomization.cpp,0,3,3
/media/ullmann/HDDGabriel/engines/UnrealEngine/Engine/Source/Editor/FoliageEdit/Private/FoliageTypePaintingCustomization.h,2,0,2
/media/ullmann/HDDGabriel/engines/UnrealEngine/Engine/Source/ThirdParty/FreeType2/FreeType2-2.10.4/src/cff/cfferrs.h,6,0,6
/media/ullmann/HDDGabriel/engines/UnrealEngine/Engine/Source/ThirdParty/ICU/icu4c-53_1/source/common/ustrenum.h,1,2,3
/media/ullmann/HDDGabriel/engines/UnrealEngine/Engine/Source/ThirdParty/FreeImage/FreeImage-3.18.0/Source/LibTIFF4/tif_print.c,0,1,1
/media/ullmann/HDDGabriel/engines/UnrealEngine/Engine/Source/ThirdParty/MCPP/mcpp-2.7.2/test-l/nest76.h,1,1,2
/media/ullmann/HDDGabriel/engines/UnrealEngine/Engine/Source/Runtime/Experimental/Chaos/Public/Chaos/Framework/PhysicsProxy.h,2,0,2
/media/ullmann/HDDGabriel/engines/UnrealEngine/Engine/Source/ThirdParty/FreeImage/FreeImage-3.18.0/Source/LibTIFF4/tif_strip.c,0,1,1
/media/ullmann/HDDGabriel/engines/UnrealEngine/Engine/Source/Editor/SourceControlWindows/Private/SourceControlWindows.cpp,0,1,1
/media/ullmann/HDDGabriel/engines/UnrealEngine/Engine/Source/ThirdParty/GoogleGameSDK/gamesdk/include/swappy/swappyVk.h,0,1,1
/media/ullmann/HDDGabriel/engines/UnrealEngine/Engine/Source/ThirdParty/GoogleGameSDK/gamesdk/include/swappy/swappy_common.h,3,0,3
/media/ullmann/HDDGabriel/engines/UnrealEngine/Engine/Source/ThirdParty/PhysX3/NvCloth/src/dx/DxClothData.cpp,0,5,5
/media/ullmann/HDDGabriel/engines/UnrealEngine/Engine/Source/Developer/Windows/LiveCodingServer/Private/External/LC_ExecutablePatcher.h,3,0,3
/media/ullmann/HDDGabriel/engines/UnrealEngine/Engine/Source/ThirdParty/FreeType2/FreeType2-2.4.12/src/pcf/pcf.c,0,3,3
/media/ullmann/HDDGabriel/engines/UnrealEngine/Engine/Source/ThirdParty/ShaderConductor/ShaderConductor/External/DirectXShaderCompiler/tools/clang/tools/libclang/CXCursor.cpp,0,4,4
/media/ullmann/HDDGabriel/engines/UnrealEngine/Engine/Source/ThirdParty/FreeType2/FreeType2-2.4.12/src/pshinter/pshglob.c,1,1,2
/media/ullmann/HDDGabriel/engines/UnrealEngine/Engine/Source/Editor/LandscapeEditor/Private/SLandscapeEditor.cpp,0,2,2
/media/ullmann/HDDGabriel/engines/UnrealEngine/Engine/Source/ThirdParty/openexr/openexr-3.1.1/src/lib/OpenEXR/ImfConvert.cpp,0,2,2
/media/ullmann/HDDGabriel/engines/UnrealEngine/Engine/Source/ThirdParty/ICU/icu4c-64_1/source/test/cintltst/crestst.c,0,2,2
/media/ullmann/HDDGabriel/engines/UnrealEngine/Engine/Source/Runtime/Renderer/Private/HairStrands/HairStrandsTile.h,4,1,5
/media/ullmann/HDDGabriel/engines/UnrealEngine/Engine/Source/Developer/Profiler/Private/ProfilerSession.h,5,3,8
/media/ullmann/HDDGabriel/engines/UnrealEngine/Engine/Source/ThirdParty/ICU/icu4c-64_1/source/test/cintltst/cucdtst.c,0,2,2
/media/ullmann/HDDGabriel/engines/UnrealEngine/Engine/Source/Runtime/CoreUObject/Private/UObject/LinkerPlaceholderClass.h,1,0,1
/media/ullmann/HDDGabriel/engines/UnrealEngine/Engine/Source/ThirdParty/Boost/boost-1_70_0/include/boost/polygon/detail/polygon_90_set_view.hpp,2,0,2
/media/ullmann/HDDGabriel/engines/UnrealEngine/Engine/Source/ThirdParty/SDL2/SDL-gui-backend/src/audio/esd/SDL_esdaudio.c,0,3,3
/media/ullmann/HDDGabriel/engines/UnrealEngine/Engine/Source/ThirdParty/SDL2/SDL-gui-backend/src/audio/esd/SDL_esdaudio.h,1,2,3
/media/ullmann/HDDGabriel/engines/UnrealEngine/Engine/Source/ThirdParty/ICU/icu4c-64_1/source/i18n/number_scientific.cpp,0,5,5
/media/ullmann/HDDGabriel/engines/UnrealEngine/Engine/Source/Runtime/Experimental/Voronoi/Private/voro++/src/unitcell.cc,0,2,2
/media/ullmann/HDDGabriel/engines/UnrealEngine/Engine/Source/Runtime/Experimental/Voronoi/Private/voro++/src/unitcell.hh,1,0,1
/media/ullmann/HDDGabriel/engines/UnrealEngine/Engine/Source/Runtime/SlateCore/Public/Widgets/SCompoundWidget.h,1,0,1
/media/ullmann/HDDGabriel/engines/UnrealEngine/Engine/Source/Runtime/D3D12RHI/Private/D3D12CommandContext.h,1,1,2
/media/ullmann/HDDGabriel/engines/UnrealEngine/Engine/Source/ThirdParty/ICU/icu4c-64_1/source/i18n/currpinf.cpp,0,3,3
/media/ullmann/HDDGabriel/engines/UnrealEngine/Engine/Source/ThirdParty/ICU/icu4c-64_1/source/i18n/unicode/currpinf.h,3,0,3
/media/ullmann/HDDGabriel/engines/UnrealEngine/Engine/Source/ThirdParty/CryptoPP/5.6.5/include/esign.h,4,5,9
/media/ullmann/HDDGabriel/engines/UnrealEngine/Engine/Source/ThirdParty/Vorbis/libvorbis-1.3.2/lib/block.c,0,6,6
/media/ullmann/HDDGabriel/engines/UnrealEngine/Engine/Source/ThirdParty/OpenSubdiv/OpenSubdiv-3.4.4/opensubdiv/osd/d3d11ComputeEvaluator.cpp,0,3,3
/media/ullmann/HDDGabriel/engines/UnrealEngine/Engine/Source/ThirdParty/ICU/icu4c-64_1/source/i18n/transreg.cpp,0,8,8
/media/ullmann/HDDGabriel/engines/UnrealEngine/Engine/Source/ThirdParty/CryptoPP/5.6.2/include/tiger.cpp,0,4,4
/media/ullmann/HDDGabriel/engines/UnrealEngine/Engine/Source/Runtime/Core/Public/Misc/Guid.h,2,0,2
/media/ullmann/HDDGabriel/engines/UnrealEngine/Engine/Source/ThirdParty/PhysX3/APEX_1.4/shared/external/include/ApexMaterial.h,0,1,1
/media/ullmann/HDDGabriel/engines/UnrealEngine/Engine/Source/ThirdParty/PhysX3/APEX_1.4/shared/external/include/MaterialLibrary.h,1,0,1
/media/ullmann/HDDGabriel/engines/UnrealEngine/Engine/Source/ThirdParty/openexr/Deploy/openexr-3.1.1/include/OpenEXR/ImfDeepImageChannel.h,1,6,7
/media/ullmann/HDDGabriel/engines/UnrealEngine/Engine/Source/Runtime/RenderCore/Public/VertexFactory.h,0,3,3
/media/ullmann/HDDGabriel/engines/UnrealEngine/Engine/Source/Runtime/CoreUObject/Public/UObject/Object.h,2,0,2
/media/ullmann/HDDGabriel/engines/UnrealEngine/Engine/Source/Programs/Enterprise/Datasmith/DatasmithARCHICADExporter/Private/Synchronizer.cpp,0,6,6
/media/ullmann/HDDGabriel/engines/UnrealEngine/Engine/Source/Runtime/Slate/Public/Widgets/Layout/SSplitter.h,3,0,3
/media/ullmann/HDDGabriel/engines/UnrealEngine/Engine/Source/ThirdParty/openexr/openexr-3.1.1/src/lib/OpenEXR/ImfWav.cpp,0,2,2
/media/ullmann/HDDGabriel/engines/UnrealEngine/Engine/Source/ThirdParty/openexr/openexr-3.1.1/src/lib/OpenEXR/ImfWav.h,2,2,4
/media/ullmann/HDDGabriel/engines/UnrealEngine/Engine/Source/ThirdParty/FreeImage/FreeImage-3.18.0/Wrapper/FreeImagePlus/test/fipTestMPageStream.cpp,0,1,1
/media/ullmann/HDDGabriel/engines/UnrealEngine/Engine/Source/ThirdParty/ShaderConductor/ShaderConductor/External/DirectXShaderCompiler/tools/clang/lib/Sema/SemaLambda.cpp,0,1,1
/media/ullmann/HDDGabriel/engines/UnrealEngine/Engine/Source/ThirdParty/nvTextureTools/nvTextureTools-2.0.6/src/src/nvtt/CompressRGB.cpp,0,3,3
/media/ullmann/HDDGabriel/engines/UnrealEngine/Engine/Source/ThirdParty/nvTextureTools/nvTextureTools-2.0.6/src/src/nvtt/OutputOptions.h,4,1,5
/media/ullmann/HDDGabriel/engines/UnrealEngine/Engine/Source/ThirdParty/ShaderConductor/ShaderConductor/External/DirectXShaderCompiler/include/llvm/DebugInfo/PDB/PDBSymbolTypeVTable.h,0,2,2
/media/ullmann/HDDGabriel/engines/UnrealEngine/Engine/Source/ThirdParty/FreeType2/FreeType2-2.4.12/src/bdf/bdfdrivr.h,1,1,2
/media/ullmann/HDDGabriel/engines/UnrealEngine/Engine/Source/ThirdParty/SDL2/SDL-gui-backend/src/render/SDL_d3dmath.c,0,2,2
/media/ullmann/HDDGabriel/engines/UnrealEngine/Engine/Source/ThirdParty/SDL2/SDL-gui-backend/src/render/SDL_d3dmath.h,3,1,4
/media/ullmann/HDDGabriel/engines/UnrealEngine/Engine/Source/ThirdParty/SDL2/SDL-gui-backend/src/thread/vita/SDL_systhread_c.h,2,0,2
/media/ullmann/HDDGabriel/engines/UnrealEngine/Engine/Source/Runtime/Core/Public/Misc/ScopeLock.h,2,0,2
/media/ullmann/HDDGabriel/engines/UnrealEngine/Engine/Source/ThirdParty/ICU/icu4c-64_1/source/i18n/collationtailoring.cpp,0,3,3
/media/ullmann/HDDGabriel/engines/UnrealEngine/Engine/Source/ThirdParty/Intel/Embree/Embree3122/Win64/include/embree3/rtcore_buffer.h,2,1,3
/media/ullmann/HDDGabriel/engines/UnrealEngine/Engine/Source/Developer/SlateReflector/Private/WidgetSnapshotService.h,2,0,2
/media/ullmann/HDDGabriel/engines/UnrealEngine/Engine/Source/ThirdParty/SDL2/SDL-gui-backend/src/video/directfb/SDL_DirectFB_window.h,9,2,11
/media/ullmann/HDDGabriel/engines/UnrealEngine/Engine/Source/ThirdParty/libOpus/opus-1.3.1-12/src/opus_multistream.c,0,1,1
/media/ullmann/HDDGabriel/engines/UnrealEngine/Engine/Source/ThirdParty/FreeType2/FreeType2-2.6/Src/raster/rasterrs.h,3,0,3
/media/ullmann/HDDGabriel/engines/UnrealEngine/Engine/Source/Runtime/D3D12RHI/Private/HoloLens/D3D12RHIBasePrivate.h,1,0,1
/media/ullmann/HDDGabriel/engines/UnrealEngine/Engine/Source/Programs/LiveCodingConsole/Private/LiveCodingConsole.cpp,0,4,4
/media/ullmann/HDDGabriel/engines/UnrealEngine/Engine/Source/ThirdParty/libOpus/opus-1.0.3/celt/static_modes_float.h,0,2,2
/media/ullmann/HDDGabriel/engines/UnrealEngine/Engine/Source/Developer/ShaderCompilerCommon/Private/HlslParser.cpp,0,2,2
/media/ullmann/HDDGabriel/engines/UnrealEngine/Engine/Source/ThirdParty/ICU/icu4c-64_1/source/samples/layout/UnicodeReader.cpp,0,2,2
/media/ullmann/HDDGabriel/engines/UnrealEngine/Engine/Source/Editor/LevelEditor/Private/SLevelEditorBuildAndSubmit.cpp,0,1,1
/media/ullmann/HDDGabriel/engines/UnrealEngine/Engine/Source/ThirdParty/SDL2/SDL-gui-backend/src/video/winrt/SDL_winrtopengles.h,2,2,4
/media/ullmann/HDDGabriel/engines/UnrealEngine/Engine/Source/ThirdParty/libOpus/opus-1.3.1-12/silk/NLSF_VQ.c,0,1,1
/media/ullmann/HDDGabriel/engines/UnrealEngine/Engine/Source/Editor/EditorWidgets/Public/EditorWidgetsModule.h,2,1,3
/media/ullmann/HDDGabriel/engines/UnrealEngine/Engine/Source/Editor/EditorWidgets/Public/AssetDiscoveryIndicator.h,2,0,2
/media/ullmann/HDDGabriel/engines/UnrealEngine/Engine/Source/Runtime/Engine/Private/AsyncActionLoadPrimaryAsset.cpp,0,1,1
/media/ullmann/HDDGabriel/engines/UnrealEngine/Engine/Source/Runtime/Engine/Private/AsyncActionLoadPrimaryAsset.h,1,0,1
/media/ullmann/HDDGabriel/engines/UnrealEngine/Engine/Source/ThirdParty/ICU/icu4c-64_1/source/common/uchar_props_data.h,1,0,1
/media/ullmann/HDDGabriel/engines/UnrealEngine/Engine/Source/Editor/SequencerWidgets/Private/STimeRangeSlider.h,2,0,2
/media/ullmann/HDDGabriel/engines/UnrealEngine/Engine/Source/ThirdParty/PLCrashReporter/PLCrashReporter/Source/PLCrashAsyncDwarfCIE.cpp,0,2,2
/media/ullmann/HDDGabriel/engines/UnrealEngine/Engine/Source/Runtime/Landscape/Classes/LandscapeSplineSegment.h,1,1,2
/media/ullmann/HDDGabriel/engines/UnrealEngine/Engine/Source/Runtime/Landscape/Classes/LandscapeSplinesComponent.h,1,1,2
/media/ullmann/HDDGabriel/engines/UnrealEngine/Engine/Source/ThirdParty/SDL2/SDL-gui-backend/src/video/x11/SDL_x11messagebox.c,0,4,4
/media/ullmann/HDDGabriel/engines/UnrealEngine/Engine/Source/ThirdParty/SDL2/SDL-gui-backend/src/video/x11/SDL_x11dyn.h,3,2,5
/media/ullmann/HDDGabriel/engines/UnrealEngine/Engine/Source/ThirdParty/ICU/icu4c-53_1/source/test/cintltst/ccapitst.h,1,1,2
/media/ullmann/HDDGabriel/engines/UnrealEngine/Engine/Source/Runtime/Renderer/Private/VT/VirtualTextureSpace.cpp,0,3,3
/media/ullmann/HDDGabriel/engines/UnrealEngine/Engine/Source/ThirdParty/libOpus/opus-1.3.1-12/silk/LPC_fit.c,0,1,1
/media/ullmann/HDDGabriel/engines/UnrealEngine/Engine/Source/ThirdParty/libOpus/opus-1.3.1-12/silk/shell_coder.c,0,1,1
/media/ullmann/HDDGabriel/engines/UnrealEngine/Engine/Source/ThirdParty/ShaderConductor/ShaderConductor/External/DirectXShaderCompiler/lib/MC/MCDisassembler/Disassembler.cpp,0,1,1
/media/ullmann/HDDGabriel/engines/UnrealEngine/Engine/Source/ThirdParty/ShaderConductor/ShaderConductor/External/DirectXShaderCompiler/lib/MC/MCDisassembler/Disassembler.h,1,0,1
/media/ullmann/HDDGabriel/engines/UnrealEngine/Engine/Source/ThirdParty/Python3/Win64/include/cpython/pystate.h,1,0,1
/media/ullmann/HDDGabriel/engines/UnrealEngine/Engine/Source/Runtime/Core/Public/Internationalization/CulturePointer.h,3,0,3
/media/ullmann/HDDGabriel/engines/UnrealEngine/Engine/Source/ThirdParty/ICU/icu4c-64_1/source/i18n/unicode/uformattable.h,1,0,1
/media/ullmann/HDDGabriel/engines/UnrealEngine/Engine/Source/ThirdParty/CryptoPP/5.6.2/include/seed.h,2,2,4
/media/ullmann/HDDGabriel/engines/UnrealEngine/Engine/Source/ThirdParty/nvTextureTools/nvTextureTools-2.0.6/src/src/nvtt/nvtt.cpp,0,1,1
/media/ullmann/HDDGabriel/engines/UnrealEngine/Engine/Source/ThirdParty/mtlpp/mtlpp-master-7efad47/src/imp_RenderCommandEncoder.hpp,1,1,2
/media/ullmann/HDDGabriel/engines/UnrealEngine/Engine/Source/ThirdParty/WebRTC/4147/Include/third_party/libvpx/source/libvpx/vp8/decoder/ec_types.h,2,0,2
/media/ullmann/HDDGabriel/engines/UnrealEngine/Engine/Source/ThirdParty/Eigen/Eigen/src/SparseCore/SparseMatrixBase.h,0,5,5
/media/ullmann/HDDGabriel/engines/UnrealEngine/Engine/Source/ThirdParty/Eigen/Eigen/src/plugins/MatrixCwiseBinaryOps.h,3,0,3
/media/ullmann/HDDGabriel/engines/UnrealEngine/Engine/Source/ThirdParty/Intel/TBB/IntelTBB-2019u8/examples/parallel_for/tachyon/src/imap.h,3,0,3
/media/ullmann/HDDGabriel/engines/UnrealEngine/Engine/Source/ThirdParty/Imath/Imath-3.1.3/src/ImathTest/testError.cpp,0,1,1
/media/ullmann/HDDGabriel/engines/UnrealEngine/Engine/Source/ThirdParty/hlslcc/hlslcc/src/hlslcc_lib/ir_hv_accept.cpp,0,2,2
/media/ullmann/HDDGabriel/engines/UnrealEngine/Engine/Source/ThirdParty/llvm/8/include/llvm/DebugInfo/PDB/PDBSymbolData.h,0,3,3
/media/ullmann/HDDGabriel/engines/UnrealEngine/Engine/Source/ThirdParty/FreeImage/FreeImage-3.18.0/Source/LibJXR/jxrgluelib/JXRMeta.h,2,0,2
/media/ullmann/HDDGabriel/engines/UnrealEngine/Engine/Source/ThirdParty/HarfBuzz/harfbuzz-2.4.0/src/hb-ot-shape-complex-indic-table.cc,0,1,1
/media/ullmann/HDDGabriel/engines/UnrealEngine/Engine/Source/ThirdParty/HarfBuzz/harfbuzz-2.4.0/src/hb-ot-shape-complex-indic.hh,3,0,3
/media/ullmann/HDDGabriel/engines/UnrealEngine/Engine/Source/ThirdParty/PhysX3/NvCloth/samples/SampleBase/scene/Scene.cpp,0,1,1
/media/ullmann/HDDGabriel/engines/UnrealEngine/Engine/Source/ThirdParty/PhysX3/NvCloth/samples/SampleBase/scene/Scene.h,1,0,1
/media/ullmann/HDDGabriel/engines/UnrealEngine/Engine/Source/Runtime/MovieScene/Public/MovieSceneTimeController.h,2,1,3
/media/ullmann/HDDGabriel/engines/UnrealEngine/Engine/Source/Editor/SkeletonEditor/Private/SkeletonTreeBoneItem.cpp,0,2,2
/media/ullmann/HDDGabriel/engines/UnrealEngine/Engine/Source/ThirdParty/ShaderConductor/ShaderConductor/External/DirectXShaderCompiler/tools/llvm-cxxdump/llvm-cxxdump.cpp,0,2,2
/media/ullmann/HDDGabriel/engines/UnrealEngine/Engine/Source/ThirdParty/ShaderConductor/ShaderConductor/External/DirectXShaderCompiler/tools/llvm-cxxdump/llvm-cxxdump.h,1,0,1
/media/ullmann/HDDGabriel/engines/UnrealEngine/Engine/Source/Runtime/AudioCodecEngine/Private/AudioCodecEngineModule.cpp,0,1,1
/media/ullmann/HDDGabriel/engines/UnrealEngine/Engine/Source/Runtime/Renderer/Private/VisualizeTexturePresent.cpp,0,2,2
/media/ullmann/HDDGabriel/engines/UnrealEngine/Engine/Source/Programs/Enterprise/Datasmith/DatasmithARCHICADExporter/Private/Utils/TaskMgr.cpp,0,2,2
/media/ullmann/HDDGabriel/engines/UnrealEngine/Engine/Source/Editor/AnimGraph/Private/EditModes/CCDIKEditMode.cpp,0,1,1
/media/ullmann/HDDGabriel/engines/UnrealEngine/Engine/Source/ThirdParty/ShaderConductor/ShaderConductor/External/DirectXShaderCompiler/tools/clang/unittests/AST/SourceLocationTest.cpp,0,1,1
/media/ullmann/HDDGabriel/engines/UnrealEngine/Engine/Source/ThirdParty/ShaderConductor/ShaderConductor/External/DirectXShaderCompiler/tools/clang/unittests/AST/MatchVerifier.h,3,0,3
/media/ullmann/HDDGabriel/engines/UnrealEngine/Engine/Source/Runtime/Datasmith/DirectLink/Private/DirectLinkStreamReceiver.h,2,2,4
/media/ullmann/HDDGabriel/engines/UnrealEngine/Engine/Source/Editor/PropertyEditor/Public/MaterialList.h,0,2,2
/media/ullmann/HDDGabriel/engines/UnrealEngine/Engine/Source/Editor/PropertyEditor/Public/IDetailCustomNodeBuilder.h,4,0,4
/media/ullmann/HDDGabriel/engines/UnrealEngine/Engine/Source/ThirdParty/llvm/8/include/llvm/BinaryFormat/ELFRelocs/PowerPC.def,1,0,1
/media/ullmann/HDDGabriel/engines/UnrealEngine/Engine/Source/ThirdParty/SDL2/SDL-gui-backend/src/render/SDL_render.c,0,5,5
/media/ullmann/HDDGabriel/engines/UnrealEngine/Engine/Source/Developer/DesktopPlatform/Public/DesktopPlatformModule.h,0,1,1
/media/ullmann/HDDGabriel/engines/UnrealEngine/Engine/Source/Developer/DesktopPlatform/Public/IDesktopPlatform.h,1,0,1
/media/ullmann/HDDGabriel/engines/UnrealEngine/Engine/Source/ThirdParty/ICU/icu4c-53_1/source/layout/IndicReordering.h,3,2,5
/media/ullmann/HDDGabriel/engines/UnrealEngine/Engine/Source/Editor/PropertyEditor/Public/DetailBuilderTypes.h,2,0,2
/media/ullmann/HDDGabriel/engines/UnrealEngine/Engine/Source/ThirdParty/EOSSDK/SDK/Bin/IOS/EOSSDK.framework/Headers/eos_auth.h,0,1,1
/media/ullmann/HDDGabriel/engines/UnrealEngine/Engine/Source/ThirdParty/EOSSDK/SDK/Bin/IOS/EOSSDK.framework/Headers/eos_auth_types.h,2,1,3
/media/ullmann/HDDGabriel/engines/UnrealEngine/Engine/Source/ThirdParty/WebRTC/4147/Include/third_party/opus/src/silk/arm/macros_arm64.h,1,0,1
/media/ullmann/HDDGabriel/engines/UnrealEngine/Engine/Source/ThirdParty/openexr/openexr-3.1.1/src/lib/IlmThread/IlmThreadPool.cpp,0,3,3
/media/ullmann/HDDGabriel/engines/UnrealEngine/Engine/Source/Editor/StatsViewer/Public/StatsPage.h,0,2,2
/media/ullmann/HDDGabriel/engines/UnrealEngine/Engine/Source/Editor/StatsViewer/Public/IStatsPage.h,2,1,3
/media/ullmann/HDDGabriel/engines/UnrealEngine/Engine/Source/ThirdParty/Eigen/Eigen/src/StlSupport/StdList.h,0,1,1
/media/ullmann/HDDGabriel/engines/UnrealEngine/Engine/Source/ThirdParty/Eigen/Eigen/src/StlSupport/details.h,3,0,3
/media/ullmann/HDDGabriel/engines/UnrealEngine/Engine/Source/ThirdParty/zlib/zlib-1.2.5/Src/contrib/minizip/iowin32.h,2,0,2
/media/ullmann/HDDGabriel/engines/UnrealEngine/Engine/Source/Runtime/Slate/Public/Framework/Application/IMenu.h,3,0,3
/media/ullmann/HDDGabriel/engines/UnrealEngine/Engine/Source/ThirdParty/FreeImage/FreeImage-3.18.0/Source/OpenEXR/IlmImf/ImfEnvmap.cpp,0,2,2
/media/ullmann/HDDGabriel/engines/UnrealEngine/Engine/Source/ThirdParty/FreeImage/FreeImage-3.18.0/Source/OpenEXR/IlmImf/ImfEnvmap.h,2,2,4
/media/ullmann/HDDGabriel/engines/UnrealEngine/Engine/Source/Runtime/Core/Public/Logging/LogSuppressionInterface.h,1,0,1
/media/ullmann/HDDGabriel/engines/UnrealEngine/Engine/Source/Editor/LandscapeEditor/Private/LandscapeFileFormatRaw.cpp,0,1,1
/media/ullmann/HDDGabriel/engines/UnrealEngine/Engine/Source/Editor/LandscapeEditor/Private/LandscapeFileFormatRaw.h,2,0,2
/media/ullmann/HDDGabriel/engines/UnrealEngine/Engine/Source/Runtime/CoreUObject/Private/UObject/LinkerPlaceholderFunction.h,1,0,1
/media/ullmann/HDDGabriel/engines/UnrealEngine/Engine/Source/ThirdParty/WebRTC/4147/Include/tools/clang/blink_gc_plugin/tests/base_class_must_define_virtual_trace.h,0,1,1
/media/ullmann/HDDGabriel/engines/UnrealEngine/Engine/Source/Runtime/Renderer/Private/SceneCaptureRendering.h,2,1,3
/media/ullmann/HDDGabriel/engines/UnrealEngine/Engine/Source/ThirdParty/openexr/openexr-3.1.1/src/lib/Iex/IexMathFpu.cpp,0,1,1
/media/ullmann/HDDGabriel/engines/UnrealEngine/Engine/Source/ThirdParty/OpenVDB/Deploy/openvdb-8.1.0/include/openvdb/math/Coord.h,4,2,6
/media/ullmann/HDDGabriel/engines/UnrealEngine/Engine/Source/Programs/UnrealHeaderTool/Private/EngineAPI.h,4,0,4
/media/ullmann/HDDGabriel/engines/UnrealEngine/Engine/Source/Runtime/Launch/Private/IOS/TcpConsoleListener.cpp,0,1,1
/media/ullmann/HDDGabriel/engines/UnrealEngine/Engine/Source/Runtime/Launch/Private/IOS/TcpConsoleListener.h,2,0,2
/media/ullmann/HDDGabriel/engines/UnrealEngine/Engine/Source/Editor/ViewportInteraction/Gizmo/VIPivotTransformGizmo.cpp,0,2,2
/media/ullmann/HDDGabriel/engines/UnrealEngine/Engine/Source/ThirdParty/EOSSDK/SDK/Bin/Android/include/eos_p2p_types.h,2,1,3
/media/ullmann/HDDGabriel/engines/UnrealEngine/Engine/Source/ThirdParty/ICU/icu4c-53_1/source/test/intltest/decoll.cpp,0,2,2
/media/ullmann/HDDGabriel/engines/UnrealEngine/Engine/Source/ThirdParty/PhysX3/NvCloth/src/dx/DxSolverKernelBlob.h,2,0,2
/media/ullmann/HDDGabriel/engines/UnrealEngine/Engine/Source/ThirdParty/ICU/icu4c-53_1/source/i18n/unicode/coll.h,7,0,7
/media/ullmann/HDDGabriel/engines/UnrealEngine/Engine/Source/ThirdParty/libcurl/curl-7.55.1/include/Win32/VS2015/curl/multi.h,1,1,2
/media/ullmann/HDDGabriel/engines/UnrealEngine/Engine/Source/Developer/Windows/LiveCodingServer/Private/External/LC_NameMangling.h,6,0,6
/media/ullmann/HDDGabriel/engines/UnrealEngine/Engine/Source/ThirdParty/ICU/icu4c-53_1/source/test/intltest/dtfmttst.h,2,1,3
/media/ullmann/HDDGabriel/engines/UnrealEngine/Engine/Source/Editor/TextureEditor/Private/Models/TextureEditorCommands.h,1,0,1
/media/ullmann/HDDGabriel/engines/UnrealEngine/Engine/Source/Editor/PropertyEditor/Private/UserInterface/PropertyTable/TextPropertyTableCellPresenter.h,1,0,1
/media/ullmann/HDDGabriel/engines/UnrealEngine/Engine/Source/ThirdParty/SDL2/SDL-gui-backend/src/video/raspberry/SDL_rpievents_c.h,2,1,3
/media/ullmann/HDDGabriel/engines/UnrealEngine/Engine/Source/Editor/Kismet/Private/SBlueprintLibraryPalette.cpp,0,1,1
/media/ullmann/HDDGabriel/engines/UnrealEngine/Engine/Source/Runtime/Sockets/Private/BSDSockets/SocketSubsystemBSD.h,1,1,2
/media/ullmann/HDDGabriel/engines/UnrealEngine/Engine/Source/ThirdParty/ShaderConductor/ShaderConductor/External/DirectXShaderCompiler/tools/clang/lib/CodeGen/MicrosoftCXXABI.cpp,0,5,5
/media/ullmann/HDDGabriel/engines/UnrealEngine/Engine/Source/ThirdParty/ICU/icu4c-64_1/source/tools/genrb/errmsg.h,8,0,8
/media/ullmann/HDDGabriel/engines/UnrealEngine/Engine/Source/ThirdParty/WebRTC/4147/Include/third_party/libvpx/source/config/win/arm64/vp8_rtcd.h,0,1,1
/media/ullmann/HDDGabriel/engines/UnrealEngine/Engine/Source/Runtime/Online/BuildPatchServices/Private/Data/ChunkData.h,6,0,6
/media/ullmann/HDDGabriel/engines/UnrealEngine/Engine/Source/Editor/UMGEditor/Private/Customizations/ListViewBaseDetails.cpp,0,3,3
/media/ullmann/HDDGabriel/engines/UnrealEngine/Engine/Source/Editor/UMGEditor/Private/Customizations/ListViewBaseDetails.h,1,1,2
/media/ullmann/HDDGabriel/engines/UnrealEngine/Engine/Source/ThirdParty/PhysX3/APEX_1.4/module/emitter/include/GroundEmitterAssetImpl.h,3,0,3
/media/ullmann/HDDGabriel/engines/UnrealEngine/Engine/Source/ThirdParty/libOpus/opus-1.3.1-12/silk/arm/NSQ_del_dec_arm.h,1,0,1
/media/ullmann/HDDGabriel/engines/UnrealEngine/Engine/Source/ThirdParty/FreeType2/FreeType2-2.4.12/src/gxvalid/gxvlcar.c,1,2,3
/media/ullmann/HDDGabriel/engines/UnrealEngine/Engine/Source/Editor/FoliageEdit/Private/FoliageEditModule.cpp,0,7,7
/media/ullmann/HDDGabriel/engines/UnrealEngine/Engine/Source/ThirdParty/PhysX3/PhysX_3.4/Source/PhysXCooking/src/convex/ConvexHullLib.cpp,0,1,1
/media/ullmann/HDDGabriel/engines/UnrealEngine/Engine/Source/ThirdParty/PhysX3/PhysX_3.4/Source/PhysXCooking/src/convex/ConvexHullLib.h,4,0,4
/media/ullmann/HDDGabriel/engines/UnrealEngine/Engine/Source/ThirdParty/OpenSubdiv/OpenSubdiv-3.4.4/opensubdiv/osd/cpuEvaluator.cpp,0,5,5
/media/ullmann/HDDGabriel/engines/UnrealEngine/Engine/Source/ThirdParty/OpenSubdiv/OpenSubdiv-3.4.4/opensubdiv/osd/patchBasisCommon.h,3,0,3
/media/ullmann/HDDGabriel/engines/UnrealEngine/Engine/Source/ThirdParty/ICU/icu4c-64_1/source/common/ucat.cpp,0,4,4
/media/ullmann/HDDGabriel/engines/UnrealEngine/Engine/Source/ThirdParty/WebRTC/4147/Include/tools/clang/blink_gc_plugin/tests/cycle_super_neg.h,0,1,1
/media/ullmann/HDDGabriel/engines/UnrealEngine/Engine/Source/ThirdParty/VHACD/inc/vhacdMesh.h,1,2,3
/media/ullmann/HDDGabriel/engines/UnrealEngine/Engine/Source/ThirdParty/PhysX3/PhysX_3.4/Source/GeomUtils/src/mesh/GuBV32Build.cpp,0,3,3
/media/ullmann/HDDGabriel/engines/UnrealEngine/Engine/Source/ThirdParty/PhysX3/PhysX_3.4/Source/GeomUtils/src/mesh/GuBV32Build.h,1,0,1
/media/ullmann/HDDGabriel/engines/UnrealEngine/Engine/Source/ThirdParty/glslang/glslang/src/glslang_lib/glslang/Include/PoolAlloc.h,3,0,3
/media/ullmann/HDDGabriel/engines/UnrealEngine/Engine/Source/ThirdParty/PhysX3/APEX_1.4/include/ApexDesc.h,5,1,6
/media/ullmann/HDDGabriel/engines/UnrealEngine/Engine/Source/ThirdParty/MCPP/mcpp-2.7.2/test-l/nest24.h,1,1,2
/media/ullmann/HDDGabriel/engines/UnrealEngine/Engine/Source/Editor/UnrealEd/Public/Viewports.h,2,0,2
/media/ullmann/HDDGabriel/engines/UnrealEngine/Engine/Source/ThirdParty/OpenVDB/openvdb-8.1.0/openvdb/openvdb/io/Stream.cc,0,4,4
/media/ullmann/HDDGabriel/engines/UnrealEngine/Engine/Source/ThirdParty/OpenVDB/openvdb-8.1.0/openvdb/openvdb/io/GridDescriptor.h,4,0,4
/media/ullmann/HDDGabriel/engines/UnrealEngine/Engine/Source/ThirdParty/OpenVDB/Deploy/openvdb-8.1.0/include/openvdb/math/Quat.h,0,4,4
/media/ullmann/HDDGabriel/engines/UnrealEngine/Engine/Source/Editor/EditorConfig/Private/Tests/EditorConfigTestHelpers.cpp,0,1,1
/media/ullmann/HDDGabriel/engines/UnrealEngine/Engine/Source/Editor/EditorConfig/Private/Tests/EditorConfigTestHelpers.h,2,0,2
/media/ullmann/HDDGabriel/engines/UnrealEngine/Engine/Source/ThirdParty/ICU/icu4c-64_1/source/test/fuzzer/uregex_open_fuzzer.cc,0,1,1
/media/ullmann/HDDGabriel/engines/UnrealEngine/Engine/Source/ThirdParty/ICU/icu4c-64_1/source/test/fuzzer/fuzzer_utils.h,6,0,6
/media/ullmann/HDDGabriel/engines/UnrealEngine/Engine/Source/Runtime/Renderer/Private/VirtualShadowMaps/VirtualShadowMapArray.cpp,0,5,5
/media/ullmann/HDDGabriel/engines/UnrealEngine/Engine/Source/ThirdParty/ICU/icu4c-64_1/source/i18n/collationdatabuilder.h,3,3,6
/media/ullmann/HDDGabriel/engines/UnrealEngine/Engine/Source/Editor/LevelEditor/Private/SActorDetails.cpp,0,2,2
/media/ullmann/HDDGabriel/engines/UnrealEngine/Engine/Source/Editor/LevelEditor/Private/SActorDetails.h,2,0,2
/media/ullmann/HDDGabriel/engines/UnrealEngine/Engine/Source/ThirdParty/mtlpp/mtlpp-master-7efad47/interpose/MTIRenderCommandEncoder.hpp,0,1,1
/media/ullmann/HDDGabriel/engines/UnrealEngine/Engine/Source/ThirdParty/Imath/Imath-3.1.3/src/python/PyImath/PyImathEuler.cpp,0,6,6
/media/ullmann/HDDGabriel/engines/UnrealEngine/Engine/Source/ThirdParty/FreeImage/FreeImage-3.18.0/Source/LibOpenJPEG/thix_manager.c,0,1,1
/media/ullmann/HDDGabriel/engines/UnrealEngine/Engine/Source/ThirdParty/Intel/ISPC/ispc-1.17.0/src/decl.h,2,1,3
/media/ullmann/HDDGabriel/engines/UnrealEngine/Engine/Source/ThirdParty/MCPP/mcpp-2.7.2/test-c/n_15.c,0,1,1
/media/ullmann/HDDGabriel/engines/UnrealEngine/Engine/Source/ThirdParty/ICU/icu4c-53_1/source/test/perf/unisetperf/draft/bitset.cpp,0,1,1
/media/ullmann/HDDGabriel/engines/UnrealEngine/Engine/Source/ThirdParty/ICU/icu4c-53_1/source/test/perf/unisetperf/draft/unicont.h,2,0,2
/media/ullmann/HDDGabriel/engines/UnrealEngine/Engine/Source/ThirdParty/llvm/8/include/llvm/DebugInfo/PDB/DIA/DIASourceFile.h,0,1,1
/media/ullmann/HDDGabriel/engines/UnrealEngine/Engine/Source/ThirdParty/ShaderConductor/ShaderConductor/External/DirectXShaderCompiler/tools/clang/lib/Headers/mmintrin.h,3,0,3
/media/ullmann/HDDGabriel/engines/UnrealEngine/Engine/Source/ThirdParty/FreeImage/FreeImage-3.18.0/Source/OpenEXR/IexMath/IexMathFloatExc.h,1,1,2
/media/ullmann/HDDGabriel/engines/UnrealEngine/Engine/Source/ThirdParty/OpenVDB/Deploy/openvdb-8.1.0/include/openvdb/tools/PointAdvect.h,0,2,2
/media/ullmann/HDDGabriel/engines/UnrealEngine/Engine/Source/ThirdParty/OpenVDB/Deploy/openvdb-8.1.0/include/openvdb/tools/VelocityFields.h,3,1,4
/media/ullmann/HDDGabriel/engines/UnrealEngine/Engine/Source/Runtime/VulkanRHI/Private/VulkanLayers.cpp,0,2,2
/media/ullmann/HDDGabriel/engines/UnrealEngine/Engine/Source/ThirdParty/WebRTC/4147/Include/third_party/libsrtp/include/srtp_priv.h,0,1,1
/media/ullmann/HDDGabriel/engines/UnrealEngine/Engine/Source/ThirdParty/WebRTC/4147/Include/third_party/libsrtp/include/srtp.h,1,0,1
/media/ullmann/HDDGabriel/engines/UnrealEngine/Engine/Source/ThirdParty/PhysX3/PhysX_3.4/Source/LowLevel/API/include/PxvContext.h,0,2,2
/media/ullmann/HDDGabriel/engines/UnrealEngine/Engine/Source/ThirdParty/PhysX3/PhysX_3.4/Source/LowLevel/API/include/PxvGlobals.h,1,1,2
/media/ullmann/HDDGabriel/engines/UnrealEngine/Engine/Source/ThirdParty/EOSSDK/SDK/Include/eos_result.h,1,0,1
/media/ullmann/HDDGabriel/engines/UnrealEngine/Engine/Source/ThirdParty/ShaderConductor/ShaderConductor/External/DirectXShaderCompiler/tools/clang/tools/libclang/CIndexUSRs.cpp,0,4,4
/media/ullmann/HDDGabriel/engines/UnrealEngine/Engine/Source/ThirdParty/SDL2/SDL-gui-backend/src/video/SDL_blit_slow.h,2,1,3
/media/ullmann/HDDGabriel/engines/UnrealEngine/Engine/Source/Runtime/AudioMixer/Private/AudioMixerSourceDecode.cpp,0,2,2
/media/ullmann/HDDGabriel/engines/UnrealEngine/Engine/Source/Editor/Layers/Private/ActorLayerCollectionViewModel.h,3,0,3
/media/ullmann/HDDGabriel/engines/UnrealEngine/Engine/Source/ThirdParty/HarfBuzz/harfbuzz-2.4.0/src/hb-subset-cff-common.hh,3,0,3
/media/ullmann/HDDGabriel/engines/UnrealEngine/Engine/Source/Runtime/OpenGLDrv/Private/Android/AndroidOpenGL.cpp,0,2,2
/media/ullmann/HDDGabriel/engines/UnrealEngine/Engine/Source/Runtime/OpenGLDrv/Private/Android/AndroidOpenGLPrivate.h,1,0,1
/media/ullmann/HDDGabriel/engines/UnrealEngine/Engine/Source/Developer/AssetTools/Private/AssetRenameManager.cpp,0,3,3
/media/ullmann/HDDGabriel/engines/UnrealEngine/Engine/Source/Developer/AssetTools/Private/SDiscoveringAssetsDialog.h,4,0,4
/media/ullmann/HDDGabriel/engines/UnrealEngine/Engine/Source/ThirdParty/ShaderConductor/ShaderConductor/External/SPIRV-Tools/test/opt/eliminate_dead_member_test.cpp,0,3,3
/media/ullmann/HDDGabriel/engines/UnrealEngine/Engine/Source/ThirdParty/FreeType2/FreeType2-2.4.12/src/base/ftstroke.c,0,1,1
/media/ullmann/HDDGabriel/engines/UnrealEngine/Engine/Source/ThirdParty/SDL2/SDL-gui-backend/src/video/cocoa/SDL_cocoawindow.h,1,2,3
/media/ullmann/HDDGabriel/engines/UnrealEngine/Engine/Source/ThirdParty/OpenVDB/Deploy/openvdb-8.1.0/include/openvdb/tools/Dense.h,1,1,2
/media/ullmann/HDDGabriel/engines/UnrealEngine/Engine/Source/ThirdParty/SDL2/SDL-gui-backend/src/video/android/SDL_androidgl.c,0,6,6
/media/ullmann/HDDGabriel/engines/UnrealEngine/Engine/Source/Runtime/Core/Public/Templates/MemoryOps.h,3,0,3
/media/ullmann/HDDGabriel/engines/UnrealEngine/Engine/Source/Runtime/MoviePlayer/Private/MoviePlayer.cpp,0,2,2
/media/ullmann/HDDGabriel/engines/UnrealEngine/Engine/Source/Runtime/MoviePlayer/Private/NullMoviePlayer.h,2,0,2
/media/ullmann/HDDGabriel/engines/UnrealEngine/Engine/Source/ThirdParty/SDL2/SDL-gui-backend/src/joystick/android/SDL_sysjoystick.c,0,6,6
/media/ullmann/HDDGabriel/engines/UnrealEngine/Engine/Source/ThirdParty/CEF3/cef_binary_84.4.0+g304e015+chromium-84.0.4147.105_macosx64/tests/ceftests/download_unittest.cc,0,1,1
/media/ullmann/HDDGabriel/engines/UnrealEngine/Engine/Source/ThirdParty/nvTextureTools/nvTextureTools-2.0.6/src/src/nvtt/tools/assemble.cpp,0,1,1
/media/ullmann/HDDGabriel/engines/UnrealEngine/Engine/Source/ThirdParty/Boost/boost-1_70_0/include/boost/spirit/home/support/detail/lexer/parser/tokeniser/re_tokeniser_helper.hpp,1,3,4
/media/ullmann/HDDGabriel/engines/UnrealEngine/Engine/Source/ThirdParty/Imath/Imath-3.1.3/src/Imath/ImathColorAlgo.h,1,4,5
/media/ullmann/HDDGabriel/engines/UnrealEngine/Engine/Source/ThirdParty/openexr/openexr-3.1.1/src/lib/OpenEXR/ImfTimeCode.cpp,0,2,2
/media/ullmann/HDDGabriel/engines/UnrealEngine/Engine/Source/ThirdParty/nvTextureTools/nvTextureTools-2.0.6/src/src/nvimage/ImageIO.h,1,0,1
/media/ullmann/HDDGabriel/engines/UnrealEngine/Engine/Source/Developer/DeviceManager/Private/DeviceManagerModule.cpp,0,1,1
/media/ullmann/HDDGabriel/engines/UnrealEngine/Engine/Source/Developer/DeviceManager/Private/Widgets/SDeviceManager.h,1,0,1
/media/ullmann/HDDGabriel/engines/UnrealEngine/Engine/Source/ThirdParty/FreeType2/FreeType2-2.4.12/src/type1/t1load.c,1,3,4
/media/ullmann/HDDGabriel/engines/UnrealEngine/Engine/Source/ThirdParty/FreeType2/FreeType2-2.4.12/src/type1/t1tokens.h,1,0,1
/media/ullmann/HDDGabriel/engines/UnrealEngine/Engine/Source/Runtime/Navmesh/Public/Detour/DetourNavMesh.h,0,1,1
/media/ullmann/HDDGabriel/engines/UnrealEngine/Engine/Source/Runtime/Navmesh/Public/Detour/DetourLargeWorldCoordinates.h,2,0,2
/media/ullmann/HDDGabriel/engines/UnrealEngine/Engine/Source/Editor/UnrealEd/Private/LandscapeTextureBakingNotification.cpp,0,1,1
/media/ullmann/HDDGabriel/engines/UnrealEngine/Engine/Source/Editor/UnrealEd/Private/GlobalEditorNotification.h,5,0,5
/media/ullmann/HDDGabriel/engines/UnrealEngine/Engine/Source/ThirdParty/Perforce/p4api-2018.1/Include/Mac/p4/serverhelperapi.h,0,2,2
/media/ullmann/HDDGabriel/engines/UnrealEngine/Engine/Source/Developer/LogVisualizer/Private/SVisualLoggerSectionOverlay.cpp,0,2,2
/media/ullmann/HDDGabriel/engines/UnrealEngine/Engine/Source/ThirdParty/PhysX3/PhysX_3.4/Source/LowLevelDynamics/src/DyArticulationContactPrep.cpp,0,6,6
/media/ullmann/HDDGabriel/engines/UnrealEngine/Engine/Source/ThirdParty/FontConfig/fontconfig-2.13.94/src/fcserialize.c,0,1,1
/media/ullmann/HDDGabriel/engines/UnrealEngine/Engine/Source/ThirdParty/DirectShow/DirectShow-1.0.0/src/Public/cprop.h,1,0,1
/media/ullmann/HDDGabriel/engines/UnrealEngine/Engine/Source/ThirdParty/PLCrashReporter/PLCrashReporter/Source/PLCrashAsyncThread_current.c,0,3,3
/media/ullmann/HDDGabriel/engines/UnrealEngine/Engine/Source/ThirdParty/ICU/icu4c-53_1/source/test/intltest/restest.h,2,1,3
/media/ullmann/HDDGabriel/engines/UnrealEngine/Engine/Source/ThirdParty/MCPP/mcpp-2.7.2/cpp-test/test-l/nest108.h,1,1,2
/media/ullmann/HDDGabriel/engines/UnrealEngine/Engine/Source/ThirdParty/MCPP/mcpp-2.7.2/cpp-test/test-l/nest109.h,1,1,2
/media/ullmann/HDDGabriel/engines/UnrealEngine/Engine/Source/Runtime/AVEncoder/Private/Decoders/vdecmpeg4/M4Memory.h,4,3,7
/media/ullmann/HDDGabriel/engines/UnrealEngine/Engine/Source/Runtime/Engine/Public/DebugViewModeHelpers.h,6,1,7
/media/ullmann/HDDGabriel/engines/UnrealEngine/Engine/Source/Runtime/AugmentedReality/Private/ARTrackable.cpp,0,1,1
/media/ullmann/HDDGabriel/engines/UnrealEngine/Engine/Source/Runtime/Engine/Public/PacketHandlers/StatelessConnectHandlerComponent.h,1,0,1
/media/ullmann/HDDGabriel/engines/UnrealEngine/Engine/Source/Programs/EpicWebHelper/Private/EpicWebHelperRemoteScripting.h,3,2,5
/media/ullmann/HDDGabriel/engines/UnrealEngine/Engine/Source/Editor/ContentBrowser/Private/NewAssetOrClassContextMenu.h,2,0,2
/media/ullmann/HDDGabriel/engines/UnrealEngine/Engine/Source/Runtime/AVEncoder/Private/MicrosoftCommon.h,3,0,3
/media/ullmann/HDDGabriel/engines/UnrealEngine/Engine/Source/Developer/GraphColor/Private/stack.cpp,0,1,1
/media/ullmann/HDDGabriel/engines/UnrealEngine/Engine/Source/ThirdParty/Crunch/src/crnlib/crn_color.h,4,1,5
/media/ullmann/HDDGabriel/engines/UnrealEngine/Engine/Source/ThirdParty/libOpus/opus-1.0.3/silk/resampler.c,0,1,1
/media/ullmann/HDDGabriel/engines/UnrealEngine/Engine/Source/ThirdParty/openexr/openexr-3.1.1/src/test/OpenEXRTest/testB44ExpLogTable.h,1,0,1
/media/ullmann/HDDGabriel/engines/UnrealEngine/Engine/Source/ThirdParty/libPNG/libPNG-1.5.27/pngset.c,0,1,1
/media/ullmann/HDDGabriel/engines/UnrealEngine/Engine/Source/Runtime/AugmentedReality/Public/ARSystemSupportBase.h,0,1,1
/media/ullmann/HDDGabriel/engines/UnrealEngine/Engine/Source/Runtime/AugmentedReality/Public/ARSystem.h,2,2,4
/media/ullmann/HDDGabriel/engines/UnrealEngine/Engine/Source/ThirdParty/Steamworks/Steamv151/sdk/public/steam/isteaminventory.h,1,1,2
/media/ullmann/HDDGabriel/engines/UnrealEngine/Engine/Source/ThirdParty/Android/libunwind/libunwind/src/unwind/ForcedUnwind.c,0,1,1
/media/ullmann/HDDGabriel/engines/UnrealEngine/Engine/Source/Developer/NaniteBuilder/Private/NaniteEncode.h,2,0,2
/media/ullmann/HDDGabriel/engines/UnrealEngine/Engine/Source/Editor/AnimGraph/Private/EditModes/TwoBoneIKEditMode.h,1,0,1
/media/ullmann/HDDGabriel/engines/UnrealEngine/Engine/Source/ThirdParty/Vorbis/libvorbis-1.3.2/vq/latticebuild.c,0,1,1
/media/ullmann/HDDGabriel/engines/UnrealEngine/Engine/Source/ThirdParty/ShaderConductor/ShaderConductor/External/DirectXShaderCompiler/include/dxc/DXIL/DxilOperations.h,0,1,1
/media/ullmann/HDDGabriel/engines/UnrealEngine/Engine/Source/ThirdParty/ICU/icu4c-64_1/source/tools/genrb/parse.h,2,0,2
/media/ullmann/HDDGabriel/engines/UnrealEngine/Engine/Source/Editor/MovieSceneTools/Private/TrackEditors/CameraCutTrackEditor.h,1,0,1
/media/ullmann/HDDGabriel/engines/UnrealEngine/Engine/Source/Developer/SourceCodeAccess/Private/SourceCodeAccessModule.h,1,1,2
/media/ullmann/HDDGabriel/engines/UnrealEngine/Engine/Source/ThirdParty/Intel/Embree/Embree270/src/kernels/xeonphi/bvh4mb/bvh4mb_intersector16_chunk.cpp,0,3,3
/media/ullmann/HDDGabriel/engines/UnrealEngine/Engine/Source/ThirdParty/OpenVDB/openvdb-8.1.0/openvdb_maya/openvdb_maya/OpenVDBFilterNode.cc,0,1,1
/media/ullmann/HDDGabriel/engines/UnrealEngine/Engine/Source/ThirdParty/nvTextureTools/nvTextureTools-2.0.6/src/src/nvtt/tools/main.cpp,0,1,1
/media/ullmann/HDDGabriel/engines/UnrealEngine/Engine/Source/ThirdParty/nvTextureTools/nvTextureTools-2.0.6/src/src/nvtt/tools/configdialog.h,2,0,2
/media/ullmann/HDDGabriel/engines/UnrealEngine/Engine/Source/Runtime/OpenGLDrv/Private/OpenGLDrv.cpp,0,1,1
/media/ullmann/HDDGabriel/engines/UnrealEngine/Engine/Source/ThirdParty/openexr/openexr-3.1.1/src/lib/OpenEXR/ImfTiledRgbaFile.h,2,6,8
/media/ullmann/HDDGabriel/engines/UnrealEngine/Engine/Source/Runtime/Engine/Public/MeshCardRepresentation.h,0,3,3
/media/ullmann/HDDGabriel/engines/UnrealEngine/Engine/Source/ThirdParty/openexr/openexr-3.1.1/src/bin/exrenvmap/resizeImage.cpp,0,2,2
/media/ullmann/HDDGabriel/engines/UnrealEngine/Engine/Source/ThirdParty/ICU/icu4c-53_1/source/test/intltest/regiontst.cpp,0,1,1
/media/ullmann/HDDGabriel/engines/UnrealEngine/Engine/Source/ThirdParty/ICU/icu4c-53_1/source/test/intltest/regiontst.h,2,1,3
/media/ullmann/HDDGabriel/engines/UnrealEngine/Engine/Source/Runtime/Engine/Public/CanvasItem.h,1,1,2
/media/ullmann/HDDGabriel/engines/UnrealEngine/Engine/Source/Runtime/Renderer/Private/BlueNoise.h,2,0,2
/media/ullmann/HDDGabriel/engines/UnrealEngine/Engine/Source/ThirdParty/ShaderConductor/ShaderConductor/External/DirectXShaderCompiler/tools/clang/lib/Headers/popcntintrin.h,2,0,2
/media/ullmann/HDDGabriel/engines/UnrealEngine/Engine/Source/ThirdParty/openexr/openexr-3.1.1/src/bin/exrmaketiled/makeTiled.cpp,0,3,3
/media/ullmann/HDDGabriel/engines/UnrealEngine/Engine/Source/ThirdParty/openexr/openexr-3.1.1/src/bin/exrmaketiled/makeTiled.h,2,1,3
/media/ullmann/HDDGabriel/engines/UnrealEngine/Engine/Source/ThirdParty/FreeType2/FreeType2-2.10.4/src/lzw/ftzopen.c,1,1,2
/media/ullmann/HDDGabriel/engines/UnrealEngine/Engine/Source/ThirdParty/FreeType2/FreeType2-2.10.4/src/lzw/ftzopen.h,2,0,2
/media/ullmann/HDDGabriel/engines/UnrealEngine/Engine/Source/ThirdParty/OpenSubdiv/OpenSubdiv-3.4.4/opensubdiv/far/catmarkPatchBuilder.cpp,0,2,2
/media/ullmann/HDDGabriel/engines/UnrealEngine/Engine/Source/ThirdParty/Boost/boost-1_70_0/include/boost/polygon/detail/boolean_op.hpp,2,0,2
/media/ullmann/HDDGabriel/engines/UnrealEngine/Engine/Source/ThirdParty/PhysX3/PhysX_3.4/Source/LowLevelParticles/src/PtCollisionParameters.h,1,0,1
/media/ullmann/HDDGabriel/engines/UnrealEngine/Engine/Source/ThirdParty/FreeImage/FreeImage-3.18.0/Source/LibPNG/example.c,0,1,1
/media/ullmann/HDDGabriel/engines/UnrealEngine/Engine/Source/ThirdParty/glslang/glslang/src/glslang_lib/glslang/MachineIndependent/iomapper.cpp,0,6,6
/media/ullmann/HDDGabriel/engines/UnrealEngine/Engine/Source/ThirdParty/PhysX3/NvCloth/samples/SampleBase/utils/Utils.cpp,0,1,1
/media/ullmann/HDDGabriel/engines/UnrealEngine/Engine/Source/ThirdParty/PhysX3/NvCloth/samples/SampleBase/utils/Utils.h,1,0,1
/media/ullmann/HDDGabriel/engines/UnrealEngine/Engine/Source/ThirdParty/FreeType2/FreeType2-2.6/Src/cff/cf2read.c,1,3,4
/media/ullmann/HDDGabriel/engines/UnrealEngine/Engine/Source/ThirdParty/SDL2/SDL-gui-backend/src/core/os2/SDL_os2.c,0,2,2
/media/ullmann/HDDGabriel/engines/UnrealEngine/Engine/Source/ThirdParty/FreeImage/FreeImage-3.18.0/Source/OpenEXR/IlmImf/ImfTimeCode.h,2,2,4
/media/ullmann/HDDGabriel/engines/UnrealEngine/Engine/Source/ThirdParty/Intel/TBB/IntelTBB-2019u8/src/test/test_blocked_range2d.cpp,0,2,2
/media/ullmann/HDDGabriel/engines/UnrealEngine/Engine/Source/Runtime/PhysicsCore/Public/SQVerifier.h,0,1,1
/media/ullmann/HDDGabriel/engines/UnrealEngine/Engine/Source/Runtime/PhysicsCore/Public/PhysTestSerializer.h,1,2,3
/media/ullmann/HDDGabriel/engines/UnrealEngine/Engine/Source/Runtime/WebBrowser/Private/CEF/CEFBrowserHandler.cpp,0,4,4
/media/ullmann/HDDGabriel/engines/UnrealEngine/Engine/Source/ThirdParty/libOpus/opus-1.0.3/silk/tables_other.c,0,3,3
/media/ullmann/HDDGabriel/engines/UnrealEngine/Engine/Source/ThirdParty/ShaderConductor/ShaderConductor/External/DirectXShaderCompiler/tools/clang/unittests/ASTMatchers/Dynamic/RegistryTest.cpp,0,1,1
/media/ullmann/HDDGabriel/engines/UnrealEngine/Engine/Source/ThirdParty/Android/libunwind/libunwind/src/x86/Gget_save_loc.c,1,1,2
/media/ullmann/HDDGabriel/engines/UnrealEngine/Engine/Source/Developer/TraceInsights/Private/Insights/TimingProfilerManager.cpp,0,1,1
/media/ullmann/HDDGabriel/engines/UnrealEngine/Engine/Source/Developer/TraceInsights/Private/Insights/TimingProfilerManager.h,1,0,1
/media/ullmann/HDDGabriel/engines/UnrealEngine/Engine/Source/ThirdParty/llvm/8/include/llvm/DebugInfo/PDB/PDBSymbolCompiland.h,0,2,2
/media/ullmann/HDDGabriel/engines/UnrealEngine/Engine/Source/ThirdParty/FreeType2/FreeType2-2.4.12/src/pshinter/pshalgo.c,1,2,3
/media/ullmann/HDDGabriel/engines/UnrealEngine/Engine/Source/ThirdParty/llvm/8/include/llvm/DebugInfo/PDB/PDBSymbolTypeDimension.h,0,2,2
/media/ullmann/HDDGabriel/engines/UnrealEngine/Engine/Source/ThirdParty/PLCrashReporter/PLCrashReporter/Source/PLCrashAsyncMObject.c,0,1,1
/media/ullmann/HDDGabriel/engines/UnrealEngine/Engine/Source/ThirdParty/CryptoPP/5.6.2/include/eprecomp.cpp,2,3,5
/media/ullmann/HDDGabriel/engines/UnrealEngine/Engine/Source/ThirdParty/WebRTC/4147/Include/third_party/libyuv/include/libyuv/scale_argb.h,1,0,1
/media/ullmann/HDDGabriel/engines/UnrealEngine/Engine/Source/ThirdParty/MCPP/mcpp-2.7.2/cpp-test/test-l/nest61.h,1,1,2
/media/ullmann/HDDGabriel/engines/UnrealEngine/Engine/Source/Runtime/Apple/MetalRHI/Private/MetalComputeCommandEncoder.cpp,0,5,5
/media/ullmann/HDDGabriel/engines/UnrealEngine/Engine/Source/Runtime/InteractiveToolsFramework/Public/BaseBehaviors/MouseWheelBehavior.h,0,1,1
/media/ullmann/HDDGabriel/engines/UnrealEngine/Engine/Source/Runtime/InteractiveToolsFramework/Public/BaseBehaviors/InputBehaviorModifierStates.h,3,1,4
/media/ullmann/HDDGabriel/engines/UnrealEngine/Engine/Source/Runtime/GameMenuBuilder/Public/GameMenuItem.h,2,0,2
/media/ullmann/HDDGabriel/engines/UnrealEngine/Engine/Source/Runtime/Engine/Public/Subsystems/EngineSubsystem.h,0,1,1
/media/ullmann/HDDGabriel/engines/UnrealEngine/Engine/Source/ThirdParty/CryptoPP/5.6.5/include/xtrcrypt.h,3,3,6
/media/ullmann/HDDGabriel/engines/UnrealEngine/Engine/Source/ThirdParty/Perforce/p4api-2014.1/include/p4/strdict.h,1,0,1
/media/ullmann/HDDGabriel/engines/UnrealEngine/Engine/Source/ThirdParty/hlslcc/hlslcc/src/hlslcc_lib/opt_algebraic.cpp,0,6,6
/media/ullmann/HDDGabriel/engines/UnrealEngine/Engine/Source/Developer/Windows/LiveCoding/Private/External/LC_Event.cpp,0,2,2
/media/ullmann/HDDGabriel/engines/UnrealEngine/Engine/Source/ThirdParty/Intel/ISPC/ispc-1.16.1/ispcrt/detail/Exception.h,1,1,2
/media/ullmann/HDDGabriel/engines/UnrealEngine/Engine/Source/ThirdParty/libOpus/opus-1.0.3/silk/VAD.c,0,1,1
/media/ullmann/HDDGabriel/engines/UnrealEngine/Engine/Source/Runtime/AVEncoder/Public/VideoDecoderInput.h,1,2,3
/media/ullmann/HDDGabriel/engines/UnrealEngine/Engine/Source/Editor/LocalizationDashboard/Private/LocalizationDashboardSettingsDetailCustomization.cpp,0,1,1
/media/ullmann/HDDGabriel/engines/UnrealEngine/Engine/Source/Editor/LocalizationDashboard/Private/LocalizationDashboardSettingsDetailCustomization.h,2,0,2
/media/ullmann/HDDGabriel/engines/UnrealEngine/Engine/Source/Runtime/Core/Public/Math/RotationAboutPointMatrix.h,3,0,3
/media/ullmann/HDDGabriel/engines/UnrealEngine/Engine/Source/ThirdParty/SDL2/SDL-gui-backend/src/render/software/SDL_triangle.c,0,3,3
/media/ullmann/HDDGabriel/engines/UnrealEngine/Engine/Source/ThirdParty/openexr/openexr-3.1.1/src/lib/OpenEXR/ImfDeepScanLineOutputPart.cpp,0,2,2
/media/ullmann/HDDGabriel/engines/UnrealEngine/Engine/Source/Runtime/Online/WebSockets/Private/Lws/LwsWebSocketsManager.cpp,0,1,1
/media/ullmann/HDDGabriel/engines/UnrealEngine/Engine/Source/Runtime/Online/WebSockets/Private/Lws/LwsWebSocketsManager.h,2,1,3
/media/ullmann/HDDGabriel/engines/UnrealEngine/Engine/Source/ThirdParty/libOpus/opus-1.0.3/silk/float/schur_FLP.c,0,1,1
/media/ullmann/HDDGabriel/engines/UnrealEngine/Engine/Source/Developer/MeshMergeUtilities/Private/StaticMeshAdapter.cpp,0,1,1
/media/ullmann/HDDGabriel/engines/UnrealEngine/Engine/Source/ThirdParty/FreeType2/FreeType2-2.10.0/src/cid/cidload.c,1,3,4
/media/ullmann/HDDGabriel/engines/UnrealEngine/Engine/Source/ThirdParty/PhysX3/PhysX_3.4/Source/GeomUtils/src/distance/GuDistancePointBox.cpp,0,1,1
/media/ullmann/HDDGabriel/engines/UnrealEngine/Engine/Source/ThirdParty/PhysX3/PhysX_3.4/Source/GeomUtils/src/distance/GuDistancePointBox.h,2,0,2
/media/ullmann/HDDGabriel/engines/UnrealEngine/Engine/Source/ThirdParty/SDL2/SDL-gui-backend/src/SDL_dataqueue.c,0,2,2
/media/ullmann/HDDGabriel/engines/UnrealEngine/Engine/Source/ThirdParty/SDL2/SDL-gui-backend/src/SDL_dataqueue.h,3,0,3
/media/ullmann/HDDGabriel/engines/UnrealEngine/Engine/Source/ThirdParty/ICU/icu4c-64_1/source/tools/gennorm2/gennorm2.cpp,0,1,1
/media/ullmann/HDDGabriel/engines/UnrealEngine/Engine/Source/Editor/UnrealEd/Private/EditorDomain/EditorDomainSaveCommandlet.cpp,0,1,1
/media/ullmann/HDDGabriel/engines/UnrealEngine/Engine/Source/ThirdParty/Imath/Imath-3.1.3/src/ImathTest/testClassification.cpp,0,1,1
/media/ullmann/HDDGabriel/engines/UnrealEngine/Engine/Source/ThirdParty/Imath/Imath-3.1.3/src/ImathTest/testClassification.h,2,0,2
/media/ullmann/HDDGabriel/engines/UnrealEngine/Engine/Source/ThirdParty/FreeImage/FreeImage-3.18.0/Source/OpenEXR/Imath/ImathMatrixAlgo.cpp,0,1,1
/media/ullmann/HDDGabriel/engines/UnrealEngine/Engine/Source/Runtime/D3D12RHI/Private/D3D12TransientResourceAllocator.h,2,0,2
/media/ullmann/HDDGabriel/engines/UnrealEngine/Engine/Source/ThirdParty/Python3/Mac/include/cpython/initconfig.h,1,0,1
/media/ullmann/HDDGabriel/engines/UnrealEngine/Engine/Source/Runtime/UMG/Public/Components/DynamicEntryBoxBase.h,0,1,1
/media/ullmann/HDDGabriel/engines/UnrealEngine/Engine/Source/Runtime/UMG/Public/Components/RadialBoxSettings.h,1,0,1
/media/ullmann/HDDGabriel/engines/UnrealEngine/Engine/Source/ThirdParty/ShaderConductor/ShaderConductor/External/DirectXShaderCompiler/include/llvm/DebugInfo/PDB/PDBSymbolTypeVTableShape.h,0,2,2
/media/ullmann/HDDGabriel/engines/UnrealEngine/Engine/Source/Editor/UnrealEd/Private/EditorDomain/EditorDomain.h,1,0,1
/media/ullmann/HDDGabriel/engines/UnrealEngine/Engine/Source/Runtime/InteractiveToolsFramework/Public/BaseBehaviors/SingleClickBehavior.h,0,2,2
/media/ullmann/HDDGabriel/engines/UnrealEngine/Engine/Source/Runtime/Renderer/Private/ShadowRendering.cpp,0,7,7
/media/ullmann/HDDGabriel/engines/UnrealEngine/Engine/Source/ThirdParty/Crunch/src/crnlib/crn_ryg_types.hpp,2,0,2
/media/ullmann/HDDGabriel/engines/UnrealEngine/Engine/Source/ThirdParty/libPNG/libPNG-1.6.37/contrib/libtests/makepng.c,0,1,1
/media/ullmann/HDDGabriel/engines/UnrealEngine/Engine/Source/ThirdParty/FreeImage/FreeImage-3.18.0/Source/LibJXR/image/encode/segenc.c,0,1,1
/media/ullmann/HDDGabriel/engines/UnrealEngine/Engine/Source/Developer/Profiler/Private/ProfilerDataProvider.h,5,1,6
/media/ullmann/HDDGabriel/engines/UnrealEngine/Engine/Source/Developer/CrashDebugHelper/Private/IOS/CrashDebugHelperIOS.cpp,0,1,1
/media/ullmann/HDDGabriel/engines/UnrealEngine/Engine/Source/Developer/CrashDebugHelper/Private/IOS/CrashDebugHelperIOS.h,1,0,1
/media/ullmann/HDDGabriel/engines/UnrealEngine/Engine/Source/ThirdParty/Crunch/src/crnlib/crn_colorized_console.h,1,1,2
/media/ullmann/HDDGabriel/engines/UnrealEngine/Engine/Source/ThirdParty/Intel/TBB/IntelTBB-2019u8/include/tbb/parallel_reduce.h,1,4,5
/media/ullmann/HDDGabriel/engines/UnrealEngine/Engine/Source/ThirdParty/libOpus/opus-1.3.1-12/celt/pitch.c,0,6,6
/media/ullmann/HDDGabriel/engines/UnrealEngine/Engine/Source/Editor/HierarchicalLODOutliner/Private/HLODTreeWidgetItem.cpp,0,3,3
/media/ullmann/HDDGabriel/engines/UnrealEngine/Engine/Source/Editor/AddContentDialog/Private/ContentSourceDragDropOp.h,1,0,1
/media/ullmann/HDDGabriel/engines/UnrealEngine/Engine/Source/ThirdParty/Intel/Embree/Embree2140/src/common/algorithms/parallel_for.cpp,0,2,2
/media/ullmann/HDDGabriel/engines/UnrealEngine/Engine/Source/ThirdParty/SDL2/SDL-gui-backend/src/power/macosx/SDL_syspower.c,0,1,1
/media/ullmann/HDDGabriel/engines/UnrealEngine/Engine/Source/Runtime/GeometryCore/Public/Generators/PlanarPolygonMeshGenerator.h,0,1,1
/media/ullmann/HDDGabriel/engines/UnrealEngine/Engine/Source/ThirdParty/PhysX3/PxShared/src/pvd/src/PxProfileMemoryEventTypes.h,3,3,6
/media/ullmann/HDDGabriel/engines/UnrealEngine/Engine/Source/Editor/AnimGraph/Private/AnimBlueprintExtension_BlendSpaceGraph.cpp,0,1,1
/media/ullmann/HDDGabriel/engines/UnrealEngine/Engine/Source/Editor/AnimGraph/Private/AnimBlueprintExtension_BlendSpaceGraph.h,2,0,2
/media/ullmann/HDDGabriel/engines/UnrealEngine/Engine/Source/ThirdParty/CryptoPP/5.6.5/include/hkdf.h,3,4,7
/media/ullmann/HDDGabriel/engines/UnrealEngine/Engine/Source/ThirdParty/Boost/boost-1_70_0/include/boost/numeric/ublas/tensor.hpp,0,7,7
/media/ullmann/HDDGabriel/engines/UnrealEngine/Engine/Source/ThirdParty/HarfBuzz/harfbuzz-2.4.0/src/hb-common.cc,0,3,3
/media/ullmann/HDDGabriel/engines/UnrealEngine/Engine/Source/ThirdParty/ICU/icu4c-53_1/source/i18n/cpdtrans.cpp,0,2,2
/media/ullmann/HDDGabriel/engines/UnrealEngine/Engine/Source/ThirdParty/Steamworks/Steamv151/sdk/public/steam/isteamapps.h,1,1,2
/media/ullmann/HDDGabriel/engines/UnrealEngine/Engine/Source/ThirdParty/FreeType2/FreeType2-2.4.12/src/otvalid/otvmod.c,1,3,4
/media/ullmann/HDDGabriel/engines/UnrealEngine/Engine/Source/Runtime/CrashReportCore/Public/Android/AndroidErrorReport.h,1,0,1
/media/ullmann/HDDGabriel/engines/UnrealEngine/Engine/Source/Runtime/SlateCore/Public/Styling/WidgetStyle.h,1,0,1
/media/ullmann/HDDGabriel/engines/UnrealEngine/Engine/Source/ThirdParty/FBX/2020.2/include/fbxsdk/scene/constraint/fbxhik2fbxcharacter.h,1,0,1
/media/ullmann/HDDGabriel/engines/UnrealEngine/Engine/Source/ThirdParty/ICU/icu4c-64_1/source/test/intltest/calcasts.cpp,0,1,1
/media/ullmann/HDDGabriel/engines/UnrealEngine/Engine/Source/ThirdParty/ICU/icu4c-64_1/source/test/intltest/calcasts.h,2,1,3
/media/ullmann/HDDGabriel/engines/UnrealEngine/Engine/Source/ThirdParty/Python3/Win64/include/pyframe.h,2,0,2
/media/ullmann/HDDGabriel/engines/UnrealEngine/Engine/Source/ThirdParty/MCPP/mcpp-2.7.2/test-l/nest126.h,1,1,2
/media/ullmann/HDDGabriel/engines/UnrealEngine/Engine/Source/ThirdParty/MCPP/mcpp-2.7.2/test-l/nest127.h,1,0,1
/media/ullmann/HDDGabriel/engines/UnrealEngine/Engine/Source/ThirdParty/ICU/icu4c-53_1/source/test/intltest/testidna.cpp,0,4,4
/media/ullmann/HDDGabriel/engines/UnrealEngine/Engine/Source/ThirdParty/FakeIt/2.0.2/config/standalone/fakeit_instance.hpp,1,1,2
/media/ullmann/HDDGabriel/engines/UnrealEngine/Engine/Source/ThirdParty/FakeIt/2.0.2/config/standalone/StandaloneFakeit.hpp,1,0,1
/media/ullmann/HDDGabriel/engines/UnrealEngine/Engine/Source/ThirdParty/Android/libunwind/libunwind/src/ppc32/Lresume.c,0,1,1
/media/ullmann/HDDGabriel/engines/UnrealEngine/Engine/Source/ThirdParty/Android/libunwind/libunwind/src/ppc32/Gresume.c,1,1,2
/media/ullmann/HDDGabriel/engines/UnrealEngine/Engine/Source/Editor/BlueprintGraph/Classes/BlueprintDelegateNodeSpawner.h,0,2,2
/media/ullmann/HDDGabriel/engines/UnrealEngine/Engine/Source/Programs/CrashReportClient/Private/CrashReportClientApp.cpp,0,4,4
/media/ullmann/HDDGabriel/engines/UnrealEngine/Engine/Source/Programs/CrashReportClient/Private/CrashReportClientDefines.h,3,0,3
/media/ullmann/HDDGabriel/engines/UnrealEngine/Engine/Source/Runtime/AVIWriter/Private/CapturePin.cpp,0,2,2
/media/ullmann/HDDGabriel/engines/UnrealEngine/Engine/Source/Runtime/AVIWriter/Private/CaptureSource.h,3,0,3
/media/ullmann/HDDGabriel/engines/UnrealEngine/Engine/Source/ThirdParty/ICU/icu4c-64_1/source/extra/scrptrun/scrptrun.cpp,0,1,1
/media/ullmann/HDDGabriel/engines/UnrealEngine/Engine/Source/ThirdParty/ICU/icu4c-64_1/source/extra/scrptrun/scrptrun.h,2,0,2
/media/ullmann/HDDGabriel/engines/UnrealEngine/Engine/Source/ThirdParty/MCPP/mcpp-2.7.2/cpp-test/test-l/nest57.h,1,1,2
/media/ullmann/HDDGabriel/engines/UnrealEngine/Engine/Source/ThirdParty/MCPP/mcpp-2.7.2/cpp-test/test-l/nest58.h,1,1,2
/media/ullmann/HDDGabriel/engines/UnrealEngine/Engine/Source/Editor/CurveEditor/Public/SCurveViewerPanel.h,0,4,4
/media/ullmann/HDDGabriel/engines/UnrealEngine/Engine/Source/ThirdParty/ICU/icu4c-64_1/source/test/cintltst/ncnvfbts.h,1,1,2
/media/ullmann/HDDGabriel/engines/UnrealEngine/Engine/Source/ThirdParty/Python3/Mac/include/pydebug.h,1,0,1
/media/ullmann/HDDGabriel/engines/UnrealEngine/Engine/Source/ThirdParty/hlslcc/hlslcc/src/hlslcc_lib/PackUniformBuffers.cpp,0,10,10
/media/ullmann/HDDGabriel/engines/UnrealEngine/Engine/Source/ThirdParty/ICU/icu4c-64_1/source/i18n/upluralrules.cpp,0,7,7
/media/ullmann/HDDGabriel/engines/UnrealEngine/Engine/Source/ThirdParty/HarfBuzz/harfbuzz-2.4.0/src/hb-ot-hhea-table.hh,1,0,1
/media/ullmann/HDDGabriel/engines/UnrealEngine/Engine/Source/ThirdParty/CryptoPP/5.6.2/include/panama.h,2,2,4
/media/ullmann/HDDGabriel/engines/UnrealEngine/Engine/Source/ThirdParty/ShaderConductor/ShaderConductor/External/DirectXShaderCompiler/tools/clang/lib/SPIRV/SpirvEmitter.cpp,0,4,4
/media/ullmann/HDDGabriel/engines/UnrealEngine/Engine/Source/ThirdParty/FreeType2/FreeType2-2.6/Src/psnames/psnames.c,0,2,2
/media/ullmann/HDDGabriel/engines/UnrealEngine/Engine/Source/ThirdParty/ICU/icu4c-53_1/source/test/cintltst/cjaptst.h,1,1,2
/media/ullmann/HDDGabriel/engines/UnrealEngine/Engine/Source/ThirdParty/SDL2/SDL-gui-backend/src/dynapi/SDL_dynapi.h,2,0,2
/media/ullmann/HDDGabriel/engines/UnrealEngine/Engine/Source/ThirdParty/libOpus/opus-1.0.3/src/opus_decoder.c,0,1,1
/media/ullmann/HDDGabriel/engines/UnrealEngine/Engine/Source/Developer/LogVisualizer/Private/VisualLoggerCameraController.cpp,0,2,2
/media/ullmann/HDDGabriel/engines/UnrealEngine/Engine/Source/ThirdParty/ICU/icu4c-64_1/source/test/fuzzer/unicode_string_codepage_create_fuzzer.cc,0,1,1
/media/ullmann/HDDGabriel/engines/UnrealEngine/Engine/Source/ThirdParty/HarfBuzz/harfbuzz-2.4.0/src/hb-subset-glyf.cc,0,4,4
/media/ullmann/HDDGabriel/engines/UnrealEngine/Engine/Source/ThirdParty/HarfBuzz/harfbuzz-1.2.4/util/helper-cairo-ansi.cc,0,3,3
/media/ullmann/HDDGabriel/engines/UnrealEngine/Engine/Source/ThirdParty/HarfBuzz/harfbuzz-1.2.4/util/ansi-print.hh,2,0,2
/media/ullmann/HDDGabriel/engines/UnrealEngine/Engine/Source/ThirdParty/ICU/icu4c-64_1/source/tools/gennorm2/norms.cpp,0,1,1
/media/ullmann/HDDGabriel/engines/UnrealEngine/Engine/Source/Runtime/Experimental/Interchange/Engine/Private/Tasks/InterchangeTaskPipeline.cpp,0,1,1
/media/ullmann/HDDGabriel/engines/UnrealEngine/Engine/Source/Runtime/Engine/Private/Texture.cpp,0,1,1
/media/ullmann/HDDGabriel/engines/UnrealEngine/Engine/Source/Runtime/Engine/Private/TextureDerivedDataTask.h,4,0,4
/media/ullmann/HDDGabriel/engines/UnrealEngine/Engine/Source/ThirdParty/hlslcc/hlslcc/src/hlslcc_lib/hlsl_lexer.inl,1,0,1
/media/ullmann/HDDGabriel/engines/UnrealEngine/Engine/Source/ThirdParty/libstrophe/libstrophe-0.9.3/tests/test_scram.c,0,1,1
/media/ullmann/HDDGabriel/engines/UnrealEngine/Engine/Source/Editor/Sequencer/Public/IKeyArea.h,1,0,1
/media/ullmann/HDDGabriel/engines/UnrealEngine/Engine/Source/ThirdParty/PhysX3/PhysX_3.4/Source/LowLevelAABB/src/BpSimpleAABBManager.cpp,0,1,1
/media/ullmann/HDDGabriel/engines/UnrealEngine/Engine/Source/ThirdParty/PhysX3/PhysX_3.4/Source/LowLevelAABB/src/BpBroadPhaseMBPCommon.h,2,0,2
/media/ullmann/HDDGabriel/engines/UnrealEngine/Engine/Source/ThirdParty/ShaderConductor/ShaderConductor/External/DirectXShaderCompiler/tools/clang/lib/ARCMigrate/TransAPIUses.cpp,0,2,2
/media/ullmann/HDDGabriel/engines/UnrealEngine/Engine/Source/ThirdParty/ICU/icu4c-64_1/source/i18n/dayperiodrules.cpp,0,2,2
/media/ullmann/HDDGabriel/engines/UnrealEngine/Engine/Source/ThirdParty/Boost/boost-1_70_0/include/boost/outcome/detail/basic_outcome_failure_observers.hpp,1,1,2
/media/ullmann/HDDGabriel/engines/UnrealEngine/Engine/Source/ThirdParty/libJPG/jpgd.cpp,0,1,1
/media/ullmann/HDDGabriel/engines/UnrealEngine/Engine/Source/ThirdParty/libJPG/jpgd.h,1,0,1
/media/ullmann/HDDGabriel/engines/UnrealEngine/Engine/Source/Editor/PhysicsAssetEditor/Private/PhysicsAssetGraph/PhysicsAssetGraphNode_Bone.cpp,0,2,2
/media/ullmann/HDDGabriel/engines/UnrealEngine/Engine/Source/Editor/PhysicsAssetEditor/Private/PhysicsAssetGraph/SBoneNode.h,3,1,4
/media/ullmann/HDDGabriel/engines/UnrealEngine/Engine/Source/ThirdParty/ICU/icu4c-53_1/source/test/cintltst/citertst.c,0,4,4
/media/ullmann/HDDGabriel/engines/UnrealEngine/Engine/Source/ThirdParty/ICU/icu4c-53_1/source/test/cintltst/citertst.h,1,1,2
/media/ullmann/HDDGabriel/engines/UnrealEngine/Engine/Source/Runtime/Datasmith/DatasmithCore/Public/DatasmithAnimationElements.h,1,1,2
/media/ullmann/HDDGabriel/engines/UnrealEngine/Engine/Source/ThirdParty/ICU/icu4c-64_1/source/test/cintltst/cnormtst.c,0,2,2
/media/ullmann/HDDGabriel/engines/UnrealEngine/Engine/Source/ThirdParty/ICU/icu4c-64_1/source/test/cintltst/cnormtst.h,1,1,2
/media/ullmann/HDDGabriel/engines/UnrealEngine/Engine/Source/ThirdParty/Intel/TBB/IntelTBB-2019u8/examples/parallel_for/tachyon/msvs/win8ui/DirectXBase.h,2,1,3
/media/ullmann/HDDGabriel/engines/UnrealEngine/Engine/Source/ThirdParty/libcurl/curl-7.55.1/include/Android/x64/curl/curl.h,2,5,7
/media/ullmann/HDDGabriel/engines/UnrealEngine/Engine/Source/ThirdParty/libcurl/curl-7.55.1/include/Android/x64/curl/typecheck-gcc.h,1,0,1
/media/ullmann/HDDGabriel/engines/UnrealEngine/Engine/Source/ThirdParty/PhysX3/PhysX_3.4/Source/PhysXExtensions/src/serialization/Binary/SnBinaryDeserialization.cpp,0,2,2
/media/ullmann/HDDGabriel/engines/UnrealEngine/Engine/Source/ThirdParty/PhysX3/PhysX_3.4/Source/PhysXExtensions/src/serialization/Binary/SnConvX_Align.h,5,0,5
/media/ullmann/HDDGabriel/engines/UnrealEngine/Engine/Source/ThirdParty/ICU/icu4c-64_1/source/test/iotest/strtst.c,0,1,1
/media/ullmann/HDDGabriel/engines/UnrealEngine/Engine/Source/ThirdParty/FreeType2/FreeType2-2.10.0/src/cff/cfferrs.h,6,0,6
/media/ullmann/HDDGabriel/engines/UnrealEngine/Engine/Source/ThirdParty/OpenSubdiv/OpenSubdiv-3.4.4/regression/shapes/catmark_nonman_quadpole64.h,1,0,1
/media/ullmann/HDDGabriel/engines/UnrealEngine/Engine/Source/Runtime/MovieScene/Public/Channels/MovieSceneObjectPathChannel.h,0,3,3
/media/ullmann/HDDGabriel/engines/UnrealEngine/Engine/Source/Editor/VREditor/UI/VREditorBaseUserWidget.cpp,0,2,2
/media/ullmann/HDDGabriel/engines/UnrealEngine/Engine/Source/ThirdParty/ICU/icu4c-64_1/source/test/intltest/tsdcfmsy.cpp,0,1,1
/media/ullmann/HDDGabriel/engines/UnrealEngine/Engine/Source/ThirdParty/ICU/icu4c-64_1/source/test/intltest/tsdcfmsy.h,2,1,3
/media/ullmann/HDDGabriel/engines/UnrealEngine/Engine/Source/Runtime/MovieScene/Public/Generators/MovieSceneEasingCurves.h,1,0,1
/media/ullmann/HDDGabriel/engines/UnrealEngine/Engine/Source/ThirdParty/PhysX3/APEX_1.4/module/clothing/include/autogen/ClothingPhysicalMeshParameters.h,1,0,1
/media/ullmann/HDDGabriel/engines/UnrealEngine/Engine/Source/Runtime/BinkAudioDecoder/SDK/BinkAudio/Src/binka_ue_decode_test_data_out.h,1,0,1
/media/ullmann/HDDGabriel/engines/UnrealEngine/Engine/Source/ThirdParty/libstrophe/libstrophe-0.9.3/src/util.c,0,3,3
/media/ullmann/HDDGabriel/engines/UnrealEngine/Engine/Source/ThirdParty/libstrophe/libstrophe-0.9.3/src/util.h,6,1,7
/media/ullmann/HDDGabriel/engines/UnrealEngine/Engine/Source/Runtime/Engine/Public/Rendering/PositionVertexBuffer.h,1,0,1
/media/ullmann/HDDGabriel/engines/UnrealEngine/Engine/Source/ThirdParty/libPNG/libPNG-1.6.37/contrib/tools/pngfix.c,0,1,1
/media/ullmann/HDDGabriel/engines/UnrealEngine/Engine/Source/ThirdParty/openexr/openexr-3.1.1/src/lib/OpenEXR/ImfDeepImageStateAttribute.h,3,3,6
/media/ullmann/HDDGabriel/engines/UnrealEngine/Engine/Source/Editor/UnrealEd/Private/Cooker/PackageTracker.cpp,0,3,3
/media/ullmann/HDDGabriel/engines/UnrealEngine/Engine/Source/Editor/AnimGraph/Public/AnimStateAliasNode.h,0,1,1
/media/ullmann/HDDGabriel/engines/UnrealEngine/Engine/Source/Editor/BlueprintGraph/Classes/K2Node_FunctionResult.h,0,1,1
/media/ullmann/HDDGabriel/engines/UnrealEngine/Engine/Source/Editor/BlueprintGraph/Classes/K2Node_FunctionTerminator.h,2,1,3
/media/ullmann/HDDGabriel/engines/UnrealEngine/Engine/Source/ThirdParty/ICU/icu4c-64_1/source/test/intltest/numbertest_parse.cpp,0,1,1
/media/ullmann/HDDGabriel/engines/UnrealEngine/Engine/Source/ThirdParty/OpenVDB/Deploy/openvdb-8.1.0/include/openvdb/tools/PoissonSolver.h,1,1,2
/media/ullmann/HDDGabriel/engines/UnrealEngine/Engine/Source/ThirdParty/ICU/icu4c-64_1/source/test/cintltst/capitst.c,0,3,3
/media/ullmann/HDDGabriel/engines/UnrealEngine/Engine/Source/ThirdParty/PhysX3/PhysX_3.4/Source/PhysX/src/NpArticulationJoint.h,6,0,6
/media/ullmann/HDDGabriel/engines/UnrealEngine/Engine/Source/ThirdParty/openexr/openexr-3.1.1/src/test/OpenEXRTest/testTiledYa.h,1,0,1
/media/ullmann/HDDGabriel/engines/UnrealEngine/Engine/Source/Developer/LogVisualizer/Private/SVisualLogger.h,5,0,5
/media/ullmann/HDDGabriel/engines/UnrealEngine/Engine/Source/ThirdParty/Intel/TBB/IntelTBB-2019u8/include/tbb/partitioner.h,4,5,9
/media/ullmann/HDDGabriel/engines/UnrealEngine/Engine/Source/ThirdParty/FreeType2/FreeType2-2.10.0/src/cff/cffgload.h,2,0,2
/media/ullmann/HDDGabriel/engines/UnrealEngine/Engine/Source/ThirdParty/Crunch/src/crnlib/lzma_LzFind.cpp,0,3,3
/media/ullmann/HDDGabriel/engines/UnrealEngine/Engine/Source/ThirdParty/libOpus/opus-1.1/silk/float/k2a_FLP.c,0,1,1
/media/ullmann/HDDGabriel/engines/UnrealEngine/Engine/Source/ThirdParty/OpenVDB/openvdb-8.1.0/openvdb/openvdb/math/Coord.h,4,2,6
/media/ullmann/HDDGabriel/engines/UnrealEngine/Engine/Source/ThirdParty/SDL2/SDL-gui-backend/include/SDL_gesture.h,1,6,7
/media/ullmann/HDDGabriel/engines/UnrealEngine/Engine/Source/ThirdParty/OpenVDB/openvdb-8.1.0/openvdb_ax/openvdb_ax/ast/Parse.cc,0,3,3
/media/ullmann/HDDGabriel/engines/UnrealEngine/Engine/Source/ThirdParty/ICU/icu4c-64_1/source/common/sharedobject.cpp,0,5,5
/media/ullmann/HDDGabriel/engines/UnrealEngine/Engine/Source/ThirdParty/FreeType2/FreeType2-2.6/Src/gxvalid/gxvmort4.c,1,1,2
/media/ullmann/HDDGabriel/engines/UnrealEngine/Engine/Source/Editor/Sequencer/Private/SSequencerTrackLane.cpp,0,2,2
/media/ullmann/HDDGabriel/engines/UnrealEngine/Engine/Source/ThirdParty/ICU/icu4c-53_1/source/common/uenum.c,0,3,3
/media/ullmann/HDDGabriel/engines/UnrealEngine/Engine/Source/ThirdParty/Python3/Linux/include/python3.9/pytime.h,1,2,3
/media/ullmann/HDDGabriel/engines/UnrealEngine/Engine/Source/Editor/IntroTutorials/Private/TutorialHyperlinkDecorator.cpp,0,2,2
/media/ullmann/HDDGabriel/engines/UnrealEngine/Engine/Source/Editor/IntroTutorials/Private/TutorialHyperlinkDecorator.h,2,0,2
/media/ullmann/HDDGabriel/engines/UnrealEngine/Engine/Source/Runtime/Renderer/Public/MeshMaterialShader.h,2,2,4
/media/ullmann/HDDGabriel/engines/UnrealEngine/Engine/Source/ThirdParty/Android/libunwind/libunwind/src/ia64/Lresume.c,0,1,1
/media/ullmann/HDDGabriel/engines/UnrealEngine/Engine/Source/ThirdParty/Android/libunwind/libunwind/src/ia64/Gresume.c,1,2,3
/media/ullmann/HDDGabriel/engines/UnrealEngine/Engine/Source/Editor/MovieSceneTools/Private/TrackEditors/PropertyTrackEditors/BytePropertyTrackEditor.h,1,0,1
/media/ullmann/HDDGabriel/engines/UnrealEngine/Engine/Source/ThirdParty/Alembic/alembic-1.8.2/maya/AbcExport/MayaNurbsCurveWriter.cpp,0,3,3
/media/ullmann/HDDGabriel/engines/UnrealEngine/Engine/Source/Editor/EditorStyle/Private/EditorStyleSettingsCustomization.h,2,0,2
/media/ullmann/HDDGabriel/engines/UnrealEngine/Engine/Source/ThirdParty/Steamworks/Steamv146/sdk/public/steam/isteamnetworkingutils.h,0,1,1
/media/ullmann/HDDGabriel/engines/UnrealEngine/Engine/Source/Runtime/SlateCore/Public/Types/SlateEnums.h,1,0,1
/media/ullmann/HDDGabriel/engines/UnrealEngine/Engine/Source/Editor/VREditor/VREditorCameraWidgetComponent.h,1,1,2
/media/ullmann/HDDGabriel/engines/UnrealEngine/Engine/Source/ThirdParty/Python3/Win64/include/pyerrors.h,1,1,2
/media/ullmann/HDDGabriel/engines/UnrealEngine/Engine/Source/Developer/Windows/LiveCodingServer/Private/External/LC_VisualStudioAutomation.cpp,0,2,2
/media/ullmann/HDDGabriel/engines/UnrealEngine/Engine/Source/Developer/Windows/LiveCodingServer/Private/External/LC_COMThread.h,2,0,2
/media/ullmann/HDDGabriel/engines/UnrealEngine/Engine/Source/ThirdParty/Python3/Win64/include/frameobject.h,0,2,2
/media/ullmann/HDDGabriel/engines/UnrealEngine/Engine/Source/ThirdParty/Python3/Win64/include/cpython/frameobject.h,1,0,1
/media/ullmann/HDDGabriel/engines/UnrealEngine/Engine/Source/ThirdParty/SDL2/SDL-gui-backend/src/video/windows/wmmsg.h,1,0,1
/media/ullmann/HDDGabriel/engines/UnrealEngine/Engine/Source/ThirdParty/MCPP/mcpp-2.7.2/cpp-test/test-l/nest59.h,1,1,2
/media/ullmann/HDDGabriel/engines/UnrealEngine/Engine/Source/ThirdParty/Intel/Embree/Embree270/src/kernels/xeonphi/geometry/subdiv_intersector16.h,2,3,5
/media/ullmann/HDDGabriel/engines/UnrealEngine/Engine/Source/Editor/DetailCustomizations/Private/SkeletonDetails.cpp,0,1,1
/media/ullmann/HDDGabriel/engines/UnrealEngine/Engine/Source/Runtime/RenderCore/Public/RayGenShaderUtils.h,0,2,2
/media/ullmann/HDDGabriel/engines/UnrealEngine/Engine/Source/ThirdParty/FBX/2020.2/include/fbxsdk/core/base/fbxintrusivelist.h,1,0,1
/media/ullmann/HDDGabriel/engines/UnrealEngine/Engine/Source/Runtime/Engine/Public/MaterialHLSLGenerator.h,0,1,1
/media/ullmann/HDDGabriel/engines/UnrealEngine/Engine/Source/Runtime/Engine/Public/HLSLTree/HLSLTree.h,1,0,1
/media/ullmann/HDDGabriel/engines/UnrealEngine/Engine/Source/Editor/CurveEditor/Public/ICurveEditorModule.h,1,1,2
/media/ullmann/HDDGabriel/engines/UnrealEngine/Engine/Source/ThirdParty/Oculus/LibOVRPlatform/LibOVRPlatform/include/OVR_UserReportID.h,2,2,4
/media/ullmann/HDDGabriel/engines/UnrealEngine/Engine/Source/Runtime/Core/Public/HAL/ThreadManager.h,1,0,1
/media/ullmann/HDDGabriel/engines/UnrealEngine/Engine/Source/ThirdParty/PhysX3/PhysX_3.4/Source/LowLevelCloth/src/sse2/Simd4f.h,1,0,1
/media/ullmann/HDDGabriel/engines/UnrealEngine/Engine/Source/Editor/PropertyEditor/Private/UserInterface/PropertyTree/SPropertyTreeCategoryRow.h,1,0,1
/media/ullmann/HDDGabriel/engines/UnrealEngine/Engine/Source/ThirdParty/OpenVDB/openvdb-8.1.0/openvdb/openvdb/math/Mat3.h,2,2,4
/media/ullmann/HDDGabriel/engines/UnrealEngine/Engine/Source/ThirdParty/OpenVDB/openvdb-8.1.0/openvdb/openvdb/math/Mat.h,2,1,3
/media/ullmann/HDDGabriel/engines/UnrealEngine/Engine/Source/Runtime/AudioMixer/Private/AudioMixerBus.cpp,0,1,1
/media/ullmann/HDDGabriel/engines/UnrealEngine/Engine/Source/ThirdParty/OpenSubdiv/OpenSubdiv-3.4.4/opensubdiv/osd/cpuKernel.h,3,1,4
/media/ullmann/HDDGabriel/engines/UnrealEngine/Engine/Source/ThirdParty/ICU/icu4c-64_1/source/test/intltest/nptrans.h,3,1,4
/media/ullmann/HDDGabriel/engines/UnrealEngine/Engine/Source/ThirdParty/EOSSDK/SDK/Include/eos_friends.h,0,1,1
/media/ullmann/HDDGabriel/engines/UnrealEngine/Engine/Source/ThirdParty/Boost/boost-1_70_0/include/boost/polygon/detail/polygon_formation.hpp,2,0,2
/media/ullmann/HDDGabriel/engines/UnrealEngine/Engine/Source/ThirdParty/llvm/8/include/llvm/DebugInfo/PDB/IPDBSession.h,1,2,3
/media/ullmann/HDDGabriel/engines/UnrealEngine/Engine/Source/ThirdParty/Alembic/alembic-1.8.2/python/PyAlembic/PyOScalarProperty.cpp,0,3,3
/media/ullmann/HDDGabriel/engines/UnrealEngine/Engine/Source/ThirdParty/ICU/icu4c-53_1/source/layout/SimpleArrayProcessor2.cpp,0,8,8
/media/ullmann/HDDGabriel/engines/UnrealEngine/Engine/Source/Editor/EditorConfig/Public/JsonConfig.h,1,1,2
/media/ullmann/HDDGabriel/engines/UnrealEngine/Engine/Source/ThirdParty/libOpus/opus-1.3.1-12/celt/static_modes_float.h,0,3,3
/media/ullmann/HDDGabriel/engines/UnrealEngine/Engine/Source/ThirdParty/PhysX3/PhysX_3.4/Source/GeomUtils/src/mesh/GuBV4_AABBAABBSweepTest.h,2,0,2
/media/ullmann/HDDGabriel/engines/UnrealEngine/Engine/Source/ThirdParty/nvTextureTools/nvTextureTools-2.0.6/src/src/nvtt/cuda/CudaUtils.h,3,0,3
/media/ullmann/HDDGabriel/engines/UnrealEngine/Engine/Source/ThirdParty/FreeImage/FreeImage-3.18.0/Source/OpenEXR/Imath/ImathVecAlgo.h,1,3,4
/media/ullmann/HDDGabriel/engines/UnrealEngine/Engine/Source/Developer/Zen/Internal/ZenServerHttp.cpp,0,3,3
/media/ullmann/HDDGabriel/engines/UnrealEngine/Engine/Source/Developer/Zen/Internal/ZenServerHttp.h,2,0,2
/media/ullmann/HDDGabriel/engines/UnrealEngine/Engine/Source/ThirdParty/MCPP/mcpp-2.7.2/test-l/nest97.h,1,1,2
/media/ullmann/HDDGabriel/engines/UnrealEngine/Engine/Source/ThirdParty/MCPP/mcpp-2.7.2/test-l/nest98.h,1,1,2
/media/ullmann/HDDGabriel/engines/UnrealEngine/Engine/Source/ThirdParty/SDL2/SDL-gui-backend/src/dynapi/SDL_dynapi.c,0,2,2
/media/ullmann/HDDGabriel/engines/UnrealEngine/Engine/Source/ThirdParty/SDL2/SDL-gui-backend/src/dynapi/SDL_dynapi_procs.h,1,0,1
/media/ullmann/HDDGabriel/engines/UnrealEngine/Engine/Source/ThirdParty/libOpus/opus-1.1/IOS/libOpus/include/opus_multistream.h,0,1,1
/media/ullmann/HDDGabriel/engines/UnrealEngine/Engine/Source/ThirdParty/Python3/Mac/include/sysmodule.h,1,1,2
/media/ullmann/HDDGabriel/engines/UnrealEngine/Engine/Source/Runtime/RuntimeAssetCache/Private/RuntimeAssetCache.cpp,0,3,3
/media/ullmann/HDDGabriel/engines/UnrealEngine/Engine/Source/Programs/BlankProgram/Private/BlankProgram.cpp,0,1,1
/media/ullmann/HDDGabriel/engines/UnrealEngine/Engine/Source/Programs/BlankProgram/Private/BlankProgram.h,1,0,1
/media/ullmann/HDDGabriel/engines/UnrealEngine/Engine/Source/ThirdParty/CryptoPP/5.6.2/include/base32.h,2,1,3
/media/ullmann/HDDGabriel/engines/UnrealEngine/Engine/Source/ThirdParty/libOpus/opus-1.0.3/silk/fixed/corrMatrix_FIX.c,0,1,1
/media/ullmann/HDDGabriel/engines/UnrealEngine/Engine/Source/Developer/AssetTools/Private/AssetVtConversion.cpp,0,2,2
/media/ullmann/HDDGabriel/engines/UnrealEngine/Engine/Source/Developer/AssetTools/Private/AssetVtConversion.h,2,0,2
/media/ullmann/HDDGabriel/engines/UnrealEngine/Engine/Source/Runtime/PakFile/Private/FilePackageStore.cpp,0,1,1
/media/ullmann/HDDGabriel/engines/UnrealEngine/Engine/Source/Developer/TurnkeyIO/Private/STurnkeyIOWidgets.cpp,0,1,1
/media/ullmann/HDDGabriel/engines/UnrealEngine/Engine/Source/ThirdParty/nvTextureTools/nvTextureTools-2.0.8/src/src/nvtt/squish/colourset.cpp,0,1,1
/media/ullmann/HDDGabriel/engines/UnrealEngine/Engine/Source/Editor/ViewportInteraction/Public/ViewportInteraction.h,0,5,5
/media/ullmann/HDDGabriel/engines/UnrealEngine/Engine/Source/Editor/LandscapeEditor/Private/LandscapeEditorCommands.cpp,0,1,1
/media/ullmann/HDDGabriel/engines/UnrealEngine/Engine/Source/Runtime/Core/Private/Windows/WindowsRunnableThread.cpp,0,1,1
/media/ullmann/HDDGabriel/engines/UnrealEngine/Engine/Source/Runtime/Core/Private/Windows/WindowsRunnableThread.h,2,0,2
/media/ullmann/HDDGabriel/engines/UnrealEngine/Engine/Source/ThirdParty/FreeImage/FreeImage-3.18.0/Source/LibTIFF4/tif_jpeg.c,1,1,2
/media/ullmann/HDDGabriel/engines/UnrealEngine/Engine/Source/Runtime/Core/Public/Containers/CircularQueue.h,1,0,1
/media/ullmann/HDDGabriel/engines/UnrealEngine/Engine/Source/ThirdParty/PhysX3/PhysX_3.4/Source/LowLevelAABB/include/BpBroadPhase.h,0,1,1
/media/ullmann/HDDGabriel/engines/UnrealEngine/Engine/Source/ThirdParty/SDL2/SDL-gui-backend/src/filesystem/os2/SDL_sysfilesystem.c,0,2,2
/media/ullmann/HDDGabriel/engines/UnrealEngine/Engine/Source/Editor/CurveTableEditor/Private/CurveTableEditorCommands.cpp,0,1,1
/media/ullmann/HDDGabriel/engines/UnrealEngine/Engine/Source/Editor/CurveTableEditor/Private/CurveTableEditorCommands.h,2,0,2
/media/ullmann/HDDGabriel/engines/UnrealEngine/Engine/Source/Editor/Persona/Private/AnimTimeline/AnimTimelineTrack_Curves.cpp,0,2,2
/media/ullmann/HDDGabriel/engines/UnrealEngine/Engine/Source/ThirdParty/ICU/icu4c-64_1/source/tools/toolutil/pkg_gencmn.h,1,0,1
/media/ullmann/HDDGabriel/engines/UnrealEngine/Engine/Source/ThirdParty/SDL2/SDL-gui-backend/src/video/offscreen/SDL_offscreenopengl.c,0,2,2
/media/ullmann/HDDGabriel/engines/UnrealEngine/Engine/Source/ThirdParty/FreeType2/FreeType2-2.4.12/src/cache/ftcglyph.h,5,1,6
/media/ullmann/HDDGabriel/engines/UnrealEngine/Engine/Source/ThirdParty/Intel/Embree/Embree2140/src/kernels/geometry/trianglei.h,7,1,8
/media/ullmann/HDDGabriel/engines/UnrealEngine/Engine/Source/ThirdParty/Steamworks/Steamv146/sdk/public/steam/matchmakingtypes.h,1,0,1
/media/ullmann/HDDGabriel/engines/UnrealEngine/Engine/Source/Developer/StandaloneRenderer/Private/Windows/D3D/SlateD3DRenderingPolicy.h,0,4,4
/media/ullmann/HDDGabriel/engines/UnrealEngine/Engine/Source/Developer/StandaloneRenderer/Private/Windows/D3D/SlateD3DIndexBuffer.h,1,0,1
/media/ullmann/HDDGabriel/engines/UnrealEngine/Engine/Source/ThirdParty/MCPP/mcpp-2.7.2/cpp-test/test-l/nest82.h,1,1,2
/media/ullmann/HDDGabriel/engines/UnrealEngine/Engine/Source/ThirdParty/MCPP/mcpp-2.7.2/cpp-test/test-l/nest83.h,1,1,2
/media/ullmann/HDDGabriel/engines/UnrealEngine/Engine/Source/ThirdParty/llvm/8/include/llvm/DebugInfo/PDB/PDBExtras.h,1,0,1
/media/ullmann/HDDGabriel/engines/UnrealEngine/Engine/Source/Runtime/Foliage/Public/InstancedFoliageActor.h,0,4,4
/media/ullmann/HDDGabriel/engines/UnrealEngine/Engine/Source/ThirdParty/Imath/Imath-3.1.3/src/ImathTest/testFun.cpp,0,1,1
/media/ullmann/HDDGabriel/engines/UnrealEngine/Engine/Source/ThirdParty/Imath/Imath-3.1.3/src/ImathTest/testFun.h,2,0,2
/media/ullmann/HDDGabriel/engines/UnrealEngine/Engine/Source/ThirdParty/Intel/TBB/IntelTBB-2019u8/src/tbbmalloc/tbbmalloc_internal_api.h,5,0,5
/media/ullmann/HDDGabriel/engines/UnrealEngine/Engine/Source/Editor/PropertyEditor/Private/SDetailNameArea.cpp,0,1,1
/media/ullmann/HDDGabriel/engines/UnrealEngine/Engine/Source/ThirdParty/libstrophe/libstrophe-0.9.3/src/auth.c,0,4,4
/media/ullmann/HDDGabriel/engines/UnrealEngine/Engine/Source/ThirdParty/PhysX3/PhysX_3.4/Source/SimulationController/src/ScSimulationController.cpp,0,1,1
/media/ullmann/HDDGabriel/engines/UnrealEngine/Engine/Source/ThirdParty/PhysX3/PhysX_3.4/Source/SimulationController/src/ScSimulationController.h,1,0,1
/media/ullmann/HDDGabriel/engines/UnrealEngine/Engine/Source/ThirdParty/FreeImage/FreeImage-3.18.0/Source/LibJPEG/jcsample.c,0,2,2
/media/ullmann/HDDGabriel/engines/UnrealEngine/Engine/Source/Runtime/RenderCore/Public/RenderGraphBlackboard.h,1,1,2
/media/ullmann/HDDGabriel/engines/UnrealEngine/Engine/Source/ThirdParty/PhysX3/PhysX_3.4/Source/PhysX/src/buffering/ScbBase.cpp,0,2,2
/media/ullmann/HDDGabriel/engines/UnrealEngine/Engine/Source/Editor/PropertyEditor/Private/PropertyTextUtilities.h,3,0,3
/media/ullmann/HDDGabriel/engines/UnrealEngine/Engine/Source/Editor/BlueprintGraph/Private/VariableSetHandler.cpp,0,1,1
/media/ullmann/HDDGabriel/engines/UnrealEngine/Engine/Source/Editor/BlueprintGraph/Private/PushModelHelpers.h,3,0,3
/media/ullmann/HDDGabriel/engines/UnrealEngine/Engine/Source/ThirdParty/ICU/icu4c-53_1/source/layout/IndicReordering.cpp,0,6,6
/media/ullmann/HDDGabriel/engines/UnrealEngine/Engine/Source/Runtime/CoreUObject/Public/Serialization/BulkData2.h,1,2,3
/media/ullmann/HDDGabriel/engines/UnrealEngine/Engine/Source/ThirdParty/Steamworks/Steamv151/sdk/public/steam/isteammusic.h,2,1,3
/media/ullmann/HDDGabriel/engines/UnrealEngine/Engine/Source/ThirdParty/nvTextureTools/nvTextureTools-2.0.6/src/gnuwin32/include/tiffio.h,0,2,2
/media/ullmann/HDDGabriel/engines/UnrealEngine/Engine/Source/ThirdParty/nvTextureTools/nvTextureTools-2.0.6/src/gnuwin32/include/tiffvers.h,1,0,1
/media/ullmann/HDDGabriel/engines/UnrealEngine/Engine/Source/ThirdParty/OpenSubdiv/OpenSubdiv-3.4.4/opensubdiv/osd/glXFBEvaluator.cpp,0,4,4
/media/ullmann/HDDGabriel/engines/UnrealEngine/Engine/Source/ThirdParty/OpenSubdiv/OpenSubdiv-3.4.4/opensubdiv/osd/glslPatchShaderSource.h,3,2,5
/media/ullmann/HDDGabriel/engines/UnrealEngine/Engine/Source/ThirdParty/SDL2/SDL-gui-backend/src/sensor/SDL_sensor_c.h,3,0,3
/media/ullmann/HDDGabriel/engines/UnrealEngine/Engine/Source/Developer/TraceAnalysis/Private/Store/AsioStoreCborServer.h,2,2,4
/media/ullmann/HDDGabriel/engines/UnrealEngine/Engine/Source/Runtime/Engine/Private/ODSC/ODSCManager.cpp,0,2,2
/media/ullmann/HDDGabriel/engines/UnrealEngine/Engine/Source/Runtime/Engine/Private/ODSC/ODSCLog.h,2,0,2
/media/ullmann/HDDGabriel/engines/UnrealEngine/Engine/Source/ThirdParty/Intel/Embree/Embree2140/src/kernels/builders/heuristic_spatial_array.h,1,2,3
/media/ullmann/HDDGabriel/engines/UnrealEngine/Engine/Source/ThirdParty/libcurl/curl-7.55.1/include/Android/x64/curl/system.h,1,0,1
/media/ullmann/HDDGabriel/engines/UnrealEngine/Engine/Source/ThirdParty/coremod/coremod-4.2.6/src/format.c,0,1,1
/media/ullmann/HDDGabriel/engines/UnrealEngine/Engine/Source/ThirdParty/FreeType2/FreeType2-2.6/Src/otvalid/otvgsub.c,1,2,3
/media/ullmann/HDDGabriel/engines/UnrealEngine/Engine/Source/Developer/MeshBuilder/Private/SkeletalMeshBuilder.cpp,0,1,1
/media/ullmann/HDDGabriel/engines/UnrealEngine/Engine/Source/ThirdParty/OpenVDB/openvdb-8.1.0/openvdb/openvdb/io/File.cc,0,2,2
/media/ullmann/HDDGabriel/engines/UnrealEngine/Engine/Source/ThirdParty/OpenVDB/openvdb-8.1.0/openvdb/openvdb/io/File.h,4,3,7
/media/ullmann/HDDGabriel/engines/UnrealEngine/Engine/Source/ThirdParty/Alembic/alembic-1.8.2/python/PyAlembic/PyXformOp.cpp,0,2,2
/media/ullmann/HDDGabriel/engines/UnrealEngine/Engine/Source/ThirdParty/SDL2/SDL-gui-backend/src/render/direct3d/SDL_shaders_d3d.h,2,1,3
/media/ullmann/HDDGabriel/engines/UnrealEngine/Engine/Source/ThirdParty/SDL2/SDL-gui-backend/src/thread/os2/SDL_systhread.c,0,5,5
/media/ullmann/HDDGabriel/engines/UnrealEngine/Engine/Source/ThirdParty/SDL2/SDL-gui-backend/src/thread/os2/SDL_systls_c.h,2,2,4
/media/ullmann/HDDGabriel/engines/UnrealEngine/Engine/Source/ThirdParty/libOpus/opus-1.0.3/celt/_kiss_fft_guts.h,2,2,4
/media/ullmann/HDDGabriel/engines/UnrealEngine/Engine/Source/ThirdParty/Intel/TBB/IntelTBB-2019u8/src/test/test_parallel_pipeline.cpp,0,2,2
/media/ullmann/HDDGabriel/engines/UnrealEngine/Engine/Source/Editor/AnimationBlueprintEditor/Private/AnimationBlueprintInterfaceEditorMode.cpp,0,1,1
/media/ullmann/HDDGabriel/engines/UnrealEngine/Engine/Source/Editor/AnimationBlueprintEditor/Private/AnimationBlueprintInterfaceEditorMode.h,2,1,3
/media/ullmann/HDDGabriel/engines/UnrealEngine/Engine/Source/ThirdParty/PhysX3/APEX_1.4/module/clothing/src/simd/sse2/NvSse2Simd4i.h,1,0,1
/media/ullmann/HDDGabriel/engines/UnrealEngine/Engine/Source/ThirdParty/ICU/icu4c-64_1/source/tools/gensprep/gensprep.c,0,1,1
/media/ullmann/HDDGabriel/engines/UnrealEngine/Engine/Source/ThirdParty/ICU/icu4c-64_1/source/tools/gensprep/gensprep.h,2,0,2
/media/ullmann/HDDGabriel/engines/UnrealEngine/Engine/Source/ThirdParty/openexr/Deploy/openexr-3.1.1/include/OpenEXR/openexr_decode.h,1,2,3
/media/ullmann/HDDGabriel/engines/UnrealEngine/Engine/Source/ThirdParty/nvTextureTools/nvTextureTools-2.0.8/src/src/nvtt/tools/ddsinfo.cpp,0,1,1
/media/ullmann/HDDGabriel/engines/UnrealEngine/Engine/Source/ThirdParty/Intel/Embree/Embree2140/Win64/include/embree2/rtcore.h,1,3,4
/media/ullmann/HDDGabriel/engines/UnrealEngine/Engine/Source/ThirdParty/Intel/Embree/Embree2140/Win64/include/embree2/rtcore_scene.h,1,0,1
/media/ullmann/HDDGabriel/engines/UnrealEngine/Engine/Source/ThirdParty/PhysX3/APEX_1.4/module/clothing_legacy/include/autogen/ClothingAssetParameters_0p11.h,1,0,1
/media/ullmann/HDDGabriel/engines/UnrealEngine/Engine/Source/Runtime/Experimental/ChaosVehicles/ChaosVehiclesCore/Public/AerofoilSystem.h,1,2,3
/media/ullmann/HDDGabriel/engines/UnrealEngine/Engine/Source/ThirdParty/PhysX3/PhysX_3.4/Source/LowLevelCloth/src/windows/CuSolver.h,3,4,7
/media/ullmann/HDDGabriel/engines/UnrealEngine/Engine/Source/Developer/TraceInsights/Private/Insights/Widgets/SLogView.cpp,0,1,1
/media/ullmann/HDDGabriel/engines/UnrealEngine/Engine/Source/Developer/TraceInsights/Private/Insights/Widgets/SLogView.h,1,0,1
/media/ullmann/HDDGabriel/engines/UnrealEngine/Engine/Source/Developer/DerivedDataCache/Public/DerivedDataBuildAction.h,0,1,1
/media/ullmann/HDDGabriel/engines/UnrealEngine/Engine/Source/ThirdParty/PLCrashReporter/PLCrashReporter/Source/PLCrashFrameWalker.h,4,2,6
/media/ullmann/HDDGabriel/engines/UnrealEngine/Engine/Source/ThirdParty/PhysX3/PhysX_3.4/Source/LowLevel/API/include/PxvGeometry.h,1,1,2
/media/ullmann/HDDGabriel/engines/UnrealEngine/Engine/Source/ThirdParty/PhysX3/PhysX_3.4/Source/LowLevel/API/include/PxvConfig.h,3,0,3
/media/ullmann/HDDGabriel/engines/UnrealEngine/Engine/Source/Developer/TraceServices/Private/Analyzers/LogTraceAnalysis.h,2,0,2
/media/ullmann/HDDGabriel/engines/UnrealEngine/Engine/Source/ThirdParty/OpenVDB/openvdb-8.1.0/openvdb_ax/openvdb_ax/test/integration/TestHarness.cc,0,2,2
/media/ullmann/HDDGabriel/engines/UnrealEngine/Engine/Source/Runtime/Apple/AGXRHI/Private/AGXCommandBufferFence.cpp,0,2,2
/media/ullmann/HDDGabriel/engines/UnrealEngine/Engine/Source/Runtime/Apple/AGXRHI/Private/AGXCommandBufferFence.h,4,0,4
/media/ullmann/HDDGabriel/engines/UnrealEngine/Engine/Source/Editor/DetailCustomizations/Private/MaterialExpressionLandscapeGrassCustomization.h,2,0,2
/media/ullmann/HDDGabriel/engines/UnrealEngine/Engine/Source/ThirdParty/SDL2/SDL-gui-backend/src/video/emscripten/SDL_emscriptenevents.h,2,1,3
/media/ullmann/HDDGabriel/engines/UnrealEngine/Engine/Source/Runtime/Apple/AGXRHI/Private/AGXFrameAllocator.cpp,0,3,3
/media/ullmann/HDDGabriel/engines/UnrealEngine/Engine/Source/ThirdParty/PhysX3/APEX_1.4/module/destructible/fracture/Core/MeshClipperBase.cpp,0,3,3
/media/ullmann/HDDGabriel/engines/UnrealEngine/Engine/Source/ThirdParty/PhysX3/APEX_1.4/module/destructible/fracture/Core/SimSceneBase.h,6,0,6
/media/ullmann/HDDGabriel/engines/UnrealEngine/Engine/Source/Editor/UnrealEd/Private/Cooker/CookProfiling.cpp,0,1,1
/media/ullmann/HDDGabriel/engines/UnrealEngine/Engine/Source/ThirdParty/mtlpp/mtlpp-master-7efad47/interpose/MTIComputePipeline.hpp,0,1,1
/media/ullmann/HDDGabriel/engines/UnrealEngine/Engine/Source/ThirdParty/FreeType2/FreeType2-2.10.4/src/bdf/bdf.h,3,0,3
/media/ullmann/HDDGabriel/engines/UnrealEngine/Engine/Source/ThirdParty/nvTextureTools/nvTextureTools-2.0.8/src/src/nvtt/squish/singlecolourfit.h,2,2,4
/media/ullmann/HDDGabriel/engines/UnrealEngine/Engine/Source/ThirdParty/FreeType2/FreeType2-2.4.12/src/smooth/ftgrays.c,1,3,4
/media/ullmann/HDDGabriel/engines/UnrealEngine/Engine/Source/ThirdParty/FreeType2/FreeType2-2.4.12/src/otvalid/otvmod.h,1,0,1
/media/ullmann/HDDGabriel/engines/UnrealEngine/Engine/Source/ThirdParty/Intel/TBB/IntelTBB-2019u8/src/test/harness_allocator.h,8,1,9
/media/ullmann/HDDGabriel/engines/UnrealEngine/Engine/Source/ThirdParty/Windows/DirectX/Include/xact3.h,0,1,1
/media/ullmann/HDDGabriel/engines/UnrealEngine/Engine/Source/ThirdParty/Windows/DirectX/Include/xact3wb.h,1,2,3
/media/ullmann/HDDGabriel/engines/UnrealEngine/Engine/Source/ThirdParty/hlslcc/hlslcc/src/hlslcc_lib/lower_jumps.cpp,0,3,3
/media/ullmann/HDDGabriel/engines/UnrealEngine/Engine/Source/ThirdParty/openexr/openexr-3.1.1/src/lib/OpenEXR/ImfPreviewImage.h,2,1,3
/media/ullmann/HDDGabriel/engines/UnrealEngine/Engine/Source/Editor/BlueprintGraph/Private/K2Node_MCDelegate.cpp,0,1,1
/media/ullmann/HDDGabriel/engines/UnrealEngine/Engine/Source/Runtime/AIModule/Classes/GenericTeamAgentInterface.h,1,0,1
/media/ullmann/HDDGabriel/engines/UnrealEngine/Engine/Source/ThirdParty/Intel/TBB/IntelTBB-2019u8/examples/common/gui/xvideo.cpp,0,1,1
/media/ullmann/HDDGabriel/engines/UnrealEngine/Engine/Source/Runtime/UMG/Public/Components/HorizontalBox.h,1,0,1
/media/ullmann/HDDGabriel/engines/UnrealEngine/Engine/Source/ThirdParty/PhysX3/APEX_1.4/shared/external/include/SampleBoxActor.h,0,1,1
/media/ullmann/HDDGabriel/engines/UnrealEngine/Engine/Source/ThirdParty/Intel/TBB/IntelTBB-2019u8/src/test/test_continue_node.cpp,0,1,1
/media/ullmann/HDDGabriel/engines/UnrealEngine/Engine/Source/Developer/LogVisualizer/Private/VisualLoggerTimeSliderController.h,9,0,9
/media/ullmann/HDDGabriel/engines/UnrealEngine/Engine/Source/ThirdParty/libOpus/opus-1.0.3/silk/tables_LTP.c,0,1,1
/media/ullmann/HDDGabriel/engines/UnrealEngine/Engine/Source/Developer/TraceInsights/Private/Insights/Table/Widgets/STableTreeViewRow.cpp,0,1,1
/media/ullmann/HDDGabriel/engines/UnrealEngine/Engine/Source/Developer/TraceInsights/Private/Insights/Table/Widgets/STableTreeViewRow.h,1,0,1
/media/ullmann/HDDGabriel/engines/UnrealEngine/Engine/Source/Runtime/InteractiveToolsFramework/Public/InteractiveTool.h,5,3,8
/media/ullmann/HDDGabriel/engines/UnrealEngine/Engine/Source/ThirdParty/ICU/icu4c-64_1/source/common/ubidiln.cpp,0,7,7
/media/ullmann/HDDGabriel/engines/UnrealEngine/Engine/Source/ThirdParty/SDL2/SDL-gui-backend/src/audio/pulseaudio/SDL_pulseaudio.c,0,4,4
/media/ullmann/HDDGabriel/engines/UnrealEngine/Engine/Source/ThirdParty/HarfBuzz/harfbuzz-2.4.0/src/test-buffer-serialize.cc,0,4,4
/media/ullmann/HDDGabriel/engines/UnrealEngine/Engine/Source/Editor/GameProjectGeneration/Private/SNewClassDialog.h,3,0,3
/media/ullmann/HDDGabriel/engines/UnrealEngine/Engine/Source/ThirdParty/Android/libunwind/libunwind/src/x86_64/Gcreate_addr_space.c,1,1,2
/media/ullmann/HDDGabriel/engines/UnrealEngine/Engine/Source/ThirdParty/FreeType2/FreeType2-2.6/Src/gzip/infcodes.h,4,0,4
/media/ullmann/HDDGabriel/engines/UnrealEngine/Engine/Source/ThirdParty/ICU/icu4c-53_1/source/layout/KhmerLayoutEngine.cpp,0,4,4
/media/ullmann/HDDGabriel/engines/UnrealEngine/Engine/Source/ThirdParty/ICU/icu4c-53_1/source/layout/KhmerLayoutEngine.h,2,0,2
/media/ullmann/HDDGabriel/engines/UnrealEngine/Engine/Source/ThirdParty/Imath/Deploy/Imath-3.1.3/include/Imath/halfFunction.h,0,2,2
/media/ullmann/HDDGabriel/engines/UnrealEngine/Engine/Source/Developer/DirectoryWatcher/Private/Mac/DirectoryWatchRequestMac.h,2,0,2
/media/ullmann/HDDGabriel/engines/UnrealEngine/Engine/Source/Runtime/SlateCore/Public/Rendering/DrawElements.h,1,2,3
/media/ullmann/HDDGabriel/engines/UnrealEngine/Engine/Source/Runtime/SlateCore/Public/Rendering/ElementBatcher.h,1,0,1
/media/ullmann/HDDGabriel/engines/UnrealEngine/Engine/Source/ThirdParty/ShaderConductor/ShaderConductor/External/DirectXShaderCompiler/tools/clang/lib/ARCMigrate/TransUnusedInitDelegate.cpp,0,2,2
/media/ullmann/HDDGabriel/engines/UnrealEngine/Engine/Source/ThirdParty/FreeType2/FreeType2-2.10.0/src/psaux/psread.h,1,0,1
/media/ullmann/HDDGabriel/engines/UnrealEngine/Engine/Source/ThirdParty/MCPP/mcpp-2.7.2/test-l/nest78.h,1,1,2
/media/ullmann/HDDGabriel/engines/UnrealEngine/Engine/Source/ThirdParty/FreeType2/FreeType2-2.6/Src/sfnt/sfobjs.c,1,6,7
/media/ullmann/HDDGabriel/engines/UnrealEngine/Engine/Source/ThirdParty/Android/libunwind/libunwind/include/libunwind-x86.h,1,2,3
/media/ullmann/HDDGabriel/engines/UnrealEngine/Engine/Source/ThirdParty/Perforce/P4Api.Net/p4bridge-unit-test/TestP4Base.h,1,1,2
/media/ullmann/HDDGabriel/engines/UnrealEngine/Engine/Source/ThirdParty/PhysX3/APEX_1.4/module/emitter/include/EmitterActorImpl.h,0,1,1
/media/ullmann/HDDGabriel/engines/UnrealEngine/Engine/Source/ThirdParty/Intel/TBB/IntelTBB-2019u8/src/perf/time_lru_cache_throughput.cpp,0,1,1
/media/ullmann/HDDGabriel/engines/UnrealEngine/Engine/Source/ThirdParty/Intel/TBB/IntelTBB-2019u8/src/perf/coarse_grained_raii_lru_cache.h,1,0,1
/media/ullmann/HDDGabriel/engines/UnrealEngine/Engine/Source/Developer/DerivedDataCache/Public/DerivedDataBuildFunctionFactory.h,0,1,1
/media/ullmann/HDDGabriel/engines/UnrealEngine/Engine/Source/Developer/DerivedDataCache/Public/DerivedDataBuildFunction.h,1,1,2
/media/ullmann/HDDGabriel/engines/UnrealEngine/Engine/Source/ThirdParty/nvTextureTools/nvTextureTools-2.0.8/src/src/nvtt/squish/rangefit.h,2,3,5
/media/ullmann/HDDGabriel/engines/UnrealEngine/Engine/Source/ThirdParty/ShaderConductor/ShaderConductor/External/SPIRV-Tools/source/opt/constants.h,2,0,2
/media/ullmann/HDDGabriel/engines/UnrealEngine/Engine/Source/ThirdParty/ShaderConductor/ShaderConductor/External/DirectXShaderCompiler/tools/clang/lib/Headers/avx512dqintrin.h,1,0,1
/media/ullmann/HDDGabriel/engines/UnrealEngine/Engine/Source/Developer/Windows/LiveCoding/Private/External/LC_NamedSharedMemoryTypes.h,2,0,2
/media/ullmann/HDDGabriel/engines/UnrealEngine/Engine/Source/ThirdParty/ShaderConductor/ShaderConductor/External/DirectXShaderCompiler/tools/clang/lib/ARCMigrate/TransGCCalls.cpp,0,2,2
/media/ullmann/HDDGabriel/engines/UnrealEngine/Engine/Source/Runtime/Slate/Public/Framework/MultiBox/SToolBarComboButtonBlock.h,1,0,1
/media/ullmann/HDDGabriel/engines/UnrealEngine/Engine/Source/Runtime/CoreUObject/Public/Misc/PackageName.h,1,0,1
/media/ullmann/HDDGabriel/engines/UnrealEngine/Engine/Source/ThirdParty/Intel/Embree/Embree270/src/kernels/common/subdiv/patch_eval_grid.h,2,2,4
/media/ullmann/HDDGabriel/engines/UnrealEngine/Engine/Source/Editor/BlueprintGraph/Classes/K2Node_Self.h,0,1,1
/media/ullmann/HDDGabriel/engines/UnrealEngine/Engine/Source/ThirdParty/ICU/icu4c-64_1/source/i18n/fphdlimp.cpp,0,1,1
/media/ullmann/HDDGabriel/engines/UnrealEngine/Engine/Source/ThirdParty/CryptoPP/5.6.2/include/channels.h,3,2,5
/media/ullmann/HDDGabriel/engines/UnrealEngine/Engine/Source/ThirdParty/openexr/openexr-3.1.1/src/lib/OpenEXR/ImfRationalAttribute.cpp,0,1,1
/media/ullmann/HDDGabriel/engines/UnrealEngine/Engine/Source/Runtime/MoviePlayer/Private/DefaultGameMoviePlayer.cpp,0,2,2
/media/ullmann/HDDGabriel/engines/UnrealEngine/Engine/Source/ThirdParty/SDL2/SDL-gui-backend/src/video/directfb/SDL_DirectFB_window.c,0,7,7
/media/ullmann/HDDGabriel/engines/UnrealEngine/Engine/Source/ThirdParty/FreeImage/FreeImage-3.18.0/Source/OpenEXR/IlmImf/ImfHuf.cpp,0,5,5
/media/ullmann/HDDGabriel/engines/UnrealEngine/Engine/Source/ThirdParty/FreeImage/FreeImage-3.18.0/Source/OpenEXR/IlmImf/ImfFastHuf.h,2,2,4
/media/ullmann/HDDGabriel/engines/UnrealEngine/Engine/Source/Runtime/Renderer/Private/LightMapHelpers.cpp,0,1,1
/media/ullmann/HDDGabriel/engines/UnrealEngine/Engine/Source/Runtime/SoundFieldRendering/Public/SoundFieldRendering.h,0,1,1
/media/ullmann/HDDGabriel/engines/UnrealEngine/Engine/Source/Runtime/SoundFieldRendering/Public/SphericalHarmonicCalculator.h,1,0,1
/media/ullmann/HDDGabriel/engines/UnrealEngine/Engine/Source/ThirdParty/libOpus/opus-1.1/silk/float/pitch_analysis_core_FLP.c,0,1,1
/media/ullmann/HDDGabriel/engines/UnrealEngine/Engine/Source/ThirdParty/ShaderConductor/ShaderConductor/External/DirectXShaderCompiler/tools/clang/lib/StaticAnalyzer/Checkers/CastToStructChecker.cpp,0,1,1
/media/ullmann/HDDGabriel/engines/UnrealEngine/Engine/Source/Runtime/VulkanRHI/Private/Linux/VulkanLinuxPlatform.cpp,0,3,3
/media/ullmann/HDDGabriel/engines/UnrealEngine/Engine/Source/ThirdParty/MCPP/mcpp-2.7.2/test-l/nest62.h,1,1,2
/media/ullmann/HDDGabriel/engines/UnrealEngine/Engine/Source/ThirdParty/MCPP/mcpp-2.7.2/test-l/nest63.h,1,1,2
/media/ullmann/HDDGabriel/engines/UnrealEngine/Engine/Source/Runtime/CoreUObject/Private/Tests/ObjectHandleTest.cpp,0,1,1
/media/ullmann/HDDGabriel/engines/UnrealEngine/Engine/Source/ThirdParty/Intel/Embree/Embree2140/src/kernels/geometry/instance_intersector.cpp,0,2,2
/media/ullmann/HDDGabriel/engines/UnrealEngine/Engine/Source/ThirdParty/FreeImage/FreeImage-3.18.0/Source/OpenEXR/IlmImf/ImfInputPart.cpp,0,3,3
/media/ullmann/HDDGabriel/engines/UnrealEngine/Engine/Source/ThirdParty/libOpus/opus-1.1/silk/float/wrappers_FLP.c,0,1,1
/media/ullmann/HDDGabriel/engines/UnrealEngine/Engine/Source/ThirdParty/FreeType2/FreeType2-2.10.4/src/psaux/t1decode.h,3,0,3
/media/ullmann/HDDGabriel/engines/UnrealEngine/Engine/Source/ThirdParty/FBX/2020.2/include/fbxsdk/fileio/fbxiopluginregistry.h,1,0,1
/media/ullmann/HDDGabriel/engines/UnrealEngine/Engine/Source/ThirdParty/libcurl/curl-7.55.1/include/Android/x86/curl/multi.h,1,1,2
/media/ullmann/HDDGabriel/engines/UnrealEngine/Engine/Source/ThirdParty/FreeType2/FreeType2-2.6/Src/cff/cf2intrp.h,3,2,5
/media/ullmann/HDDGabriel/engines/UnrealEngine/Engine/Source/Runtime/Online/Stomp/Private/StompFrame.cpp,0,2,2
/media/ullmann/HDDGabriel/engines/UnrealEngine/Engine/Source/ThirdParty/FreeType2/FreeType2-2.10.0/src/gxvalid/gxvmort5.c,1,1,2
/media/ullmann/HDDGabriel/engines/UnrealEngine/Engine/Source/ThirdParty/Intel/ISPC/ispc-1.16.1/benchmarks/01_trivial/02_soaaos.cpp,0,1,1
/media/ullmann/HDDGabriel/engines/UnrealEngine/Engine/Source/ThirdParty/FreeType2/FreeType2-2.10.0/src/base/ftmac.c,1,1,2
/media/ullmann/HDDGabriel/engines/UnrealEngine/Engine/Source/ThirdParty/OpenSubdiv/Deploy/OpenSubdiv-3.4.4/include/opensubdiv/far/stencilTableFactory.h,1,2,3
/media/ullmann/HDDGabriel/engines/UnrealEngine/Engine/Source/ThirdParty/PhysX3/PhysX_3.4/Source/PhysXExtensions/src/serialization/SnSerializationRegistry.h,4,0,4
/media/ullmann/HDDGabriel/engines/UnrealEngine/Engine/Source/ThirdParty/FreeImage/FreeImage-3.18.0/Source/OpenEXR/Iex/IexErrnoExc.h,1,1,2
/media/ullmann/HDDGabriel/engines/UnrealEngine/Engine/Source/Editor/Kismet/Private/SBlueprintContextTargetMenu.cpp,0,1,1
/media/ullmann/HDDGabriel/engines/UnrealEngine/Engine/Source/Editor/Kismet/Private/SBlueprintContextTargetMenu.h,2,0,2
/media/ullmann/HDDGabriel/engines/UnrealEngine/Engine/Source/Developer/LauncherServices/Public/ILauncherProfile.h,2,2,4
/media/ullmann/HDDGabriel/engines/UnrealEngine/Engine/Source/Developer/LauncherServices/Public/ILauncherProfileLaunchRole.h,1,0,1
/media/ullmann/HDDGabriel/engines/UnrealEngine/Engine/Source/ThirdParty/OpenVDB/Deploy/openvdb-8.1.0/include/openvdb/tools/Activate.h,1,0,1
/media/ullmann/HDDGabriel/engines/UnrealEngine/Engine/Source/Runtime/Media/Private/MediaClock.cpp,0,1,1
/media/ullmann/HDDGabriel/engines/UnrealEngine/Engine/Source/Runtime/Media/Private/MediaClock.h,2,0,2
/media/ullmann/HDDGabriel/engines/UnrealEngine/Engine/Source/ThirdParty/PLCrashReporter/PLCrashReporter/Source/PLCrashAsyncImageList.h,6,2,8
/media/ullmann/HDDGabriel/engines/UnrealEngine/Engine/Source/ThirdParty/Intel/Embree/Embree2140/src/kernels/common/profile.h,2,1,3
/media/ullmann/HDDGabriel/engines/UnrealEngine/Engine/Source/ThirdParty/PhysX3/PhysX_3.4/Include/PxRigidStatic.h,1,2,3
/media/ullmann/HDDGabriel/engines/UnrealEngine/Engine/Source/ThirdParty/FreeType2/FreeType2-2.6/Builds/vms/ftsystem.c,0,1,1
/media/ullmann/HDDGabriel/engines/UnrealEngine/Engine/Source/ThirdParty/FreeType2/FreeType2-2.6/Builds/vms/ftconfig.h,1,0,1
/media/ullmann/HDDGabriel/engines/UnrealEngine/Engine/Source/Developer/Virtualization/Private/VirtualizationManager.cpp,0,2,2
/media/ullmann/HDDGabriel/engines/UnrealEngine/Engine/Source/Developer/Virtualization/Private/VirtualizationManager.h,1,0,1
/media/ullmann/HDDGabriel/engines/UnrealEngine/Engine/Source/ThirdParty/nvTextureTools/nvTextureTools-2.0.6/src/src/nvtt/OptimalCompressDXT.cpp,0,2,2
/media/ullmann/HDDGabriel/engines/UnrealEngine/Engine/Source/ThirdParty/nvTextureTools/nvTextureTools-2.0.6/src/src/nvtt/SingleColorLookup.h,1,0,1
/media/ullmann/HDDGabriel/engines/UnrealEngine/Engine/Source/ThirdParty/PhysX3/NvCloth/src/SwClothData.cpp,0,3,3
/media/ullmann/HDDGabriel/engines/UnrealEngine/Engine/Source/Editor/MovieSceneTools/Public/MovieSceneObjectBindingIDPicker.h,2,0,2
/media/ullmann/HDDGabriel/engines/UnrealEngine/Engine/Source/Runtime/PerfCounters/Private/PerfCounters.h,2,0,2
/media/ullmann/HDDGabriel/engines/UnrealEngine/Engine/Source/ThirdParty/ICU/icu4c-64_1/source/tools/toolutil/filestrm.cpp,0,1,1
/media/ullmann/HDDGabriel/engines/UnrealEngine/Engine/Source/ThirdParty/openexr/Deploy/openexr-3.1.1/include/OpenEXR/ImfImageDataWindow.h,3,2,5
/media/ullmann/HDDGabriel/engines/UnrealEngine/Engine/Source/ThirdParty/Oculus/LibOVRPlatform/LibOVRPlatform/include/OVR_HttpTransferUpdate.h,2,2,4
/media/ullmann/HDDGabriel/engines/UnrealEngine/Engine/Source/ThirdParty/Python3/Win64/include/traceback.h,1,1,2
/media/ullmann/HDDGabriel/engines/UnrealEngine/Engine/Source/ThirdParty/Python3/Win64/include/cpython/traceback.h,1,0,1
/media/ullmann/HDDGabriel/engines/UnrealEngine/Engine/Source/ThirdParty/FreeType2/FreeType2-2.10.4/src/cache/ftccache.h,1,1,2
/media/ullmann/HDDGabriel/engines/UnrealEngine/Engine/Source/ThirdParty/FreeType2/FreeType2-2.10.4/src/cache/ftcmru.h,4,0,4
/media/ullmann/HDDGabriel/engines/UnrealEngine/Engine/Source/ThirdParty/libstrophe/libstrophe-0.9.3/src/sock.c,0,2,2
/media/ullmann/HDDGabriel/engines/UnrealEngine/Engine/Source/ThirdParty/FBX/2020.2/include/fbxsdk/core/fbxmanager.h,1,0,1
/media/ullmann/HDDGabriel/engines/UnrealEngine/Engine/Source/Editor/SkeletonEditor/Public/ISkeletonEditorModule.h,0,3,3
/media/ullmann/HDDGabriel/engines/UnrealEngine/Engine/Source/Editor/SkeletonEditor/Public/ISkeletonEditor.h,1,0,1
/media/ullmann/HDDGabriel/engines/UnrealEngine/Engine/Source/ThirdParty/Intel/TBB/IntelTBB-2019u8/src/test/test_concurrent_queue.cpp,0,4,4
/media/ullmann/HDDGabriel/engines/UnrealEngine/Engine/Source/ThirdParty/Intel/Embree/Embree2140/src/common/simd/vfloat16_avx512.h,1,0,1
/media/ullmann/HDDGabriel/engines/UnrealEngine/Engine/Source/Runtime/MovieScene/Public/Evaluation/MovieSceneEvaluationCustomVersion.h,1,0,1
/media/ullmann/HDDGabriel/engines/UnrealEngine/Engine/Source/Editor/DetailCustomizations/Private/FrameRateCustomization.cpp,0,1,1
/media/ullmann/HDDGabriel/engines/UnrealEngine/Engine/Source/Editor/DetailCustomizations/Private/FrameRateCustomization.h,2,0,2
/media/ullmann/HDDGabriel/engines/UnrealEngine/Engine/Source/ThirdParty/libOpus/opus-1.1/Windows/config.h,0,1,1
/media/ullmann/HDDGabriel/engines/UnrealEngine/Engine/Source/ThirdParty/libOpus/opus-1.1/Windows/version.h,1,0,1
/media/ullmann/HDDGabriel/engines/UnrealEngine/Engine/Source/ThirdParty/SDL2/SDL-gui-backend/src/core/linux/SDL_ibus.c,0,5,5
/media/ullmann/HDDGabriel/engines/UnrealEngine/Engine/Source/ThirdParty/libOpus/opus-1.3.1-12/silk/float/encode_frame_FLP.c,0,1,1
/media/ullmann/HDDGabriel/engines/UnrealEngine/Engine/Source/ThirdParty/FreeType2/FreeType2-2.10.4/src/gxvalid/gxvmorx1.c,1,1,2
/media/ullmann/HDDGabriel/engines/UnrealEngine/Engine/Source/ThirdParty/libOpus/opus-1.3.1-12/silk/arm/biquad_alt_arm.h,1,0,1
/media/ullmann/HDDGabriel/engines/UnrealEngine/Engine/Source/ThirdParty/WebRTC/4147/Include/modules/video_coding/rtp_frame_reference_finder.h,0,1,1
/media/ullmann/HDDGabriel/engines/UnrealEngine/Engine/Source/ThirdParty/WebRTC/4147/Include/modules/video_coding/utility,2,0,2
/media/ullmann/HDDGabriel/engines/UnrealEngine/Engine/Source/ThirdParty/nvTextureTools/nvTextureTools-2.0.6/src/src/nvimage/Image.h,2,0,2
/media/ullmann/HDDGabriel/engines/UnrealEngine/Engine/Source/ThirdParty/openexr/openexr-3.1.1/src/test/OpenEXRFuzzTest/testFuzzDeepTiles.h,1,0,1
/media/ullmann/HDDGabriel/engines/UnrealEngine/Engine/Source/ThirdParty/ICU/icu4c-64_1/source/common/unicode/platform.h,1,0,1
/media/ullmann/HDDGabriel/engines/UnrealEngine/Engine/Source/Editor/Persona/Private/SAnimationEditorViewport.h,4,2,6
/media/ullmann/HDDGabriel/engines/UnrealEngine/Engine/Source/Developer/LogVisualizer/Private/VisualLoggerCommands.h,3,0,3
/media/ullmann/HDDGabriel/engines/UnrealEngine/Engine/Source/ThirdParty/mimalloc/include/mimalloc-override.h,0,1,1
/media/ullmann/HDDGabriel/engines/UnrealEngine/Engine/Source/ThirdParty/mimalloc/include/mimalloc.h,1,0,1
/media/ullmann/HDDGabriel/engines/UnrealEngine/Engine/Source/ThirdParty/openexr/openexr-3.1.1/src/lib/OpenEXR/ImfChannelList.cpp,0,2,2
/media/ullmann/HDDGabriel/engines/UnrealEngine/Engine/Source/ThirdParty/FreeType2/FreeType2-2.6/Src/lzw/ftzopen.c,1,1,2
/media/ullmann/HDDGabriel/engines/UnrealEngine/Engine/Source/ThirdParty/FreeType2/FreeType2-2.6/Src/lzw/ftzopen.h,2,0,2
/media/ullmann/HDDGabriel/engines/UnrealEngine/Engine/Source/ThirdParty/ICU/icu4c-64_1/source/i18n/unicode/tzfmt.h,4,0,4
/media/ullmann/HDDGabriel/engines/UnrealEngine/Engine/Source/Editor/Layers/Private/ActorLayerCollectionViewModel.cpp,0,2,2
/media/ullmann/HDDGabriel/engines/UnrealEngine/Engine/Source/ThirdParty/ICU/icu4c-53_1/source/common/rbbirpt.h,1,0,1
/media/ullmann/HDDGabriel/engines/UnrealEngine/Engine/Source/ThirdParty/SDL2/SDL-gui-backend/src/audio/SDL_audiotypecvt.c,0,2,2
/media/ullmann/HDDGabriel/engines/UnrealEngine/Engine/Source/ThirdParty/HarfBuzz/harfbuzz-2.4.0/src/hb-deprecated.h,1,4,5
/media/ullmann/HDDGabriel/engines/UnrealEngine/Engine/Source/Editor/AudioEditor/Private/AssetTypeActions/AssetTypeActions_SoundConcurrency.h,1,0,1
/media/ullmann/HDDGabriel/engines/UnrealEngine/Engine/Source/Editor/HierarchicalLODOutliner/Private/HLODOutliner.cpp,0,5,5
/media/ullmann/HDDGabriel/engines/UnrealEngine/Engine/Source/ThirdParty/ICU/icu4c-64_1/source/test/intltest/numbertest_decimalquantity.cpp,0,1,1
/media/ullmann/HDDGabriel/engines/UnrealEngine/Engine/Source/Runtime/Datasmith/DatasmithCore/Private/DatasmithSceneFactory.cpp,0,4,4
/media/ullmann/HDDGabriel/engines/UnrealEngine/Engine/Source/Runtime/Datasmith/DatasmithCore/Private/DatasmithSceneElementsImpl.h,6,1,7
/media/ullmann/HDDGabriel/engines/UnrealEngine/Engine/Source/ThirdParty/Python3/Linux/include/python3.9/code.h,1,1,2
/media/ullmann/HDDGabriel/engines/UnrealEngine/Engine/Source/Runtime/WebBrowser/Private/Android/AndroidWebBrowserWidget.cpp,0,3,3
/media/ullmann/HDDGabriel/engines/UnrealEngine/Engine/Source/ThirdParty/SDL2/SDL-gui-backend/include/SDL_version.h,2,3,5
/media/ullmann/HDDGabriel/engines/UnrealEngine/Engine/Source/ThirdParty/OpenSubdiv/Deploy/OpenSubdiv-3.4.4/include/opensubdiv/vtr/types.h,7,2,9
/media/ullmann/HDDGabriel/engines/UnrealEngine/Engine/Source/ThirdParty/Intel/Embree/Embree2140/src/common/math/col4.h,1,1,2
/media/ullmann/HDDGabriel/engines/UnrealEngine/Engine/Source/ThirdParty/openexr/Deploy/openexr-3.1.1/include/OpenEXR/openexr_encode.h,1,2,3
/media/ullmann/HDDGabriel/engines/UnrealEngine/Engine/Source/ThirdParty/openexr/Deploy/openexr-3.1.1/include/OpenEXR/openexr_coding.h,2,0,2
/media/ullmann/HDDGabriel/engines/UnrealEngine/Engine/Source/ThirdParty/PhysX3/PhysX_3.4/Include/PxSpatialIndex.h,1,3,4
/media/ullmann/HDDGabriel/engines/UnrealEngine/Engine/Source/ThirdParty/Vorbis/libvorbis-1.3.2/lib/modes/psych_8.h,1,0,1
/media/ullmann/HDDGabriel/engines/UnrealEngine/Engine/Source/ThirdParty/FreeType2/FreeType2-2.10.4/src/sfnt/sfwoff2.c,1,2,3
/media/ullmann/HDDGabriel/engines/UnrealEngine/Engine/Source/ThirdParty/MCPP/mcpp-2.7.2/cpp-test/test-t/nest12.h,1,1,2
/media/ullmann/HDDGabriel/engines/UnrealEngine/Engine/Source/ThirdParty/SDL2/SDL-gui-backend/src/video/android/SDL_androidgl.h,2,1,3
/media/ullmann/HDDGabriel/engines/UnrealEngine/Engine/Source/ThirdParty/Intel/Embree/Embree270/src/kernels/common/subdiv/tessellation_cache.cpp,0,1,1
/media/ullmann/HDDGabriel/engines/UnrealEngine/Engine/Source/Editor/MaterialEditor/Private/SMaterialEditorViewport.cpp,0,3,3
/media/ullmann/HDDGabriel/engines/UnrealEngine/Engine/Source/ThirdParty/ShaderConductor/ShaderConductor/External/SPIRV-Cross/spirv_glsl.hpp,8,2,10
/media/ullmann/HDDGabriel/engines/UnrealEngine/Engine/Source/Editor/Sequencer/Private/SectionHandle.h,3,0,3
/media/ullmann/HDDGabriel/engines/UnrealEngine/Engine/Source/ThirdParty/FreeType2/FreeType2-2.6/Src/gxvalid/gxvmorx.c,1,1,2
/media/ullmann/HDDGabriel/engines/UnrealEngine/Engine/Source/Developer/PakFileUtilities/Private/SignedArchiveWriter.cpp,0,1,1
/media/ullmann/HDDGabriel/engines/UnrealEngine/Engine/Source/Developer/PakFileUtilities/Private/SignedArchiveWriter.h,2,0,2
/media/ullmann/HDDGabriel/engines/UnrealEngine/Engine/Source/ThirdParty/ShaderConductor/ShaderConductor/External/DirectXShaderCompiler/lib/CodeGen/SelectionDAG/InstrEmitter.cpp,0,2,2
/media/ullmann/HDDGabriel/engines/UnrealEngine/Engine/Source/ThirdParty/libPNG/libPNG-1.6.37/pngwio.c,0,1,1
/media/ullmann/HDDGabriel/engines/UnrealEngine/Engine/Source/ThirdParty/OpenVDB/openvdb-8.1.0/openvdb/openvdb/tools/TopologyToLevelSet.h,0,3,3
/media/ullmann/HDDGabriel/engines/UnrealEngine/Engine/Source/ThirdParty/ICU/icu4c-53_1/source/test/intltest/dtfmttst.cpp,0,3,3
/media/ullmann/HDDGabriel/engines/UnrealEngine/Engine/Source/ThirdParty/ICU/icu4c-53_1/source/test/intltest/windttst.h,2,0,2
/media/ullmann/HDDGabriel/engines/UnrealEngine/Engine/Source/ThirdParty/OpenVDB/openvdb-8.1.0/openvdb/openvdb/io/Archive.h,3,1,4
/media/ullmann/HDDGabriel/engines/UnrealEngine/Engine/Source/ThirdParty/ICU/icu4c-53_1/source/common/ucnv_u32.c,0,6,6
/media/ullmann/HDDGabriel/engines/UnrealEngine/Engine/Source/Runtime/Online/SSL/Private/Windows/WindowsPlatformSslCertificateManager.cpp,0,1,1
/media/ullmann/HDDGabriel/engines/UnrealEngine/Engine/Source/ThirdParty/SDL2/SDL-gui-backend/src/timer/SDL_timer_c.h,7,1,8
/media/ullmann/HDDGabriel/engines/UnrealEngine/Engine/Source/ThirdParty/PLCrashReporter/PLCrashReporter/Source/PLCrashAsyncThread_arm.h,1,0,1
/media/ullmann/HDDGabriel/engines/UnrealEngine/Engine/Source/ThirdParty/MCPP/mcpp-2.7.2/cpp-test/test-l/nest60.h,1,1,2
/media/ullmann/HDDGabriel/engines/UnrealEngine/Engine/Source/Editor/ClothPainter/Private/ClothPaintSettings.h,4,0,4
/media/ullmann/HDDGabriel/engines/UnrealEngine/Engine/Source/Editor/BehaviorTreeEditor/Private/SBehaviorTreeDiff.cpp,0,2,2
/media/ullmann/HDDGabriel/engines/UnrealEngine/Engine/Source/ThirdParty/EOSSDK/SDK/Include/eos_titlestorage.h,0,1,1
/media/ullmann/HDDGabriel/engines/UnrealEngine/Engine/Source/ThirdParty/OpenSubdiv/OpenSubdiv-3.4.4/regression/shapes/catmark_nonman_quadpole8.h,1,0,1
/media/ullmann/HDDGabriel/engines/UnrealEngine/Engine/Source/ThirdParty/HarfBuzz/harfbuzz-1.2.4/test/api/test-common.c,0,1,1
/media/ullmann/HDDGabriel/engines/UnrealEngine/Engine/Source/ThirdParty/ShaderConductor/ShaderConductor/External/DirectXShaderCompiler/lib/CodeGen/InlineSpiller.cpp,0,1,1
/media/ullmann/HDDGabriel/engines/UnrealEngine/Engine/Source/ThirdParty/ICU/icu4c-64_1/source/test/fuzzer/uloc_is_right_to_left_fuzzer.cc,0,1,1
/media/ullmann/HDDGabriel/engines/UnrealEngine/Engine/Source/ThirdParty/ShaderConductor/ShaderConductor/External/DirectXShaderCompiler/utils/TableGen/CodeGenInstruction.h,3,0,3
/media/ullmann/HDDGabriel/engines/UnrealEngine/Engine/Source/ThirdParty/PhysX3/PhysX_3.4/Source/LowLevelDynamics/src/DySolverPFConstraintsBlock.cpp,0,6,6
/media/ullmann/HDDGabriel/engines/UnrealEngine/Engine/Source/ThirdParty/ICU/icu4c-64_1/source/test/intltest/lcukocol.cpp,0,2,2
/media/ullmann/HDDGabriel/engines/UnrealEngine/Engine/Source/ThirdParty/ICU/icu4c-53_1/source/test/intltest/sfwdchit.cpp,0,1,1
/media/ullmann/HDDGabriel/engines/UnrealEngine/Engine/Source/ThirdParty/libstrophe/libstrophe-0.9.3/src/resolver.c,0,4,4
/media/ullmann/HDDGabriel/engines/UnrealEngine/Engine/Source/ThirdParty/Perforce/p4api-2015.2/include/p4/clientuser.h,1,0,1
/media/ullmann/HDDGabriel/engines/UnrealEngine/Engine/Source/ThirdParty/libPNG/libPNG-1.5.2/pngdebug.h,1,0,1
/media/ullmann/HDDGabriel/engines/UnrealEngine/Engine/Source/Editor/BlueprintGraph/Classes/K2Node_InputKey.h,0,2,2
/media/ullmann/HDDGabriel/engines/UnrealEngine/Engine/Source/ThirdParty/Intel/Embree/Embree2140/src/common/sys/filename.h,4,1,5
/media/ullmann/HDDGabriel/engines/UnrealEngine/Engine/Source/Runtime/AVEncoder/Private/Decoders/vdecmpeg4/M4XCmdSingleThread.h,2,4,6
/media/ullmann/HDDGabriel/engines/UnrealEngine/Engine/Source/ThirdParty/FreeType2/FreeType2-2.4.12/src/pshinter/pshinter.c,0,5,5
/media/ullmann/HDDGabriel/engines/UnrealEngine/Engine/Source/ThirdParty/FreeType2/FreeType2-2.4.12/src/pshinter/pshrec.c,1,3,4
/media/ullmann/HDDGabriel/engines/UnrealEngine/Engine/Source/Editor/AnimGraph/Public/AnimGraphNode_BlendSpaceSampleResult.h,0,1,1
/media/ullmann/HDDGabriel/engines/UnrealEngine/Engine/Source/ThirdParty/ICU/icu4c-64_1/source/i18n/rbtz.cpp,0,3,3
/media/ullmann/HDDGabriel/engines/UnrealEngine/Engine/Source/ThirdParty/PhysX3/PhysX_3.4/Source/GeomUtils/src/contact/GuContactSphereBox.cpp,0,1,1
/media/ullmann/HDDGabriel/engines/UnrealEngine/Engine/Source/ThirdParty/libOpus/opus-1.0.3/silk/resampler_private_AR2.c,0,2,2
/media/ullmann/HDDGabriel/engines/UnrealEngine/Engine/Source/ThirdParty/HarfBuzz/harfbuzz-2.4.0/src/hb-map.h,1,1,2
/media/ullmann/HDDGabriel/engines/UnrealEngine/Engine/Source/Runtime/Engine/Public/WorldPartition/WorldPartitionRuntimeHash.h,1,2,3
/media/ullmann/HDDGabriel/engines/UnrealEngine/Engine/Source/Runtime/Engine/Public/WorldPartition/WorldPartitionActorDescView.h,2,0,2
/media/ullmann/HDDGabriel/engines/UnrealEngine/Engine/Source/Runtime/WebBrowser/Private/CEF/CEFWebBrowserDialog.h,1,0,1
/media/ullmann/HDDGabriel/engines/UnrealEngine/Engine/Source/ThirdParty/HarfBuzz/harfbuzz-2.4.0/src/hb-directwrite.cc,0,3,3
/media/ullmann/HDDGabriel/engines/UnrealEngine/Engine/Source/ThirdParty/nvTextureTools/nvTextureTools-2.0.6/src/src/nvtt/InputOptions.h,2,1,3
/media/ullmann/HDDGabriel/engines/UnrealEngine/Engine/Source/ThirdParty/libOpus/opus-1.1/silk/decoder_set_fs.c,0,1,1
/media/ullmann/HDDGabriel/engines/UnrealEngine/Engine/Source/ThirdParty/ICU/icu4c-64_1/source/test/cintltst/cestst.c,0,4,4
/media/ullmann/HDDGabriel/engines/UnrealEngine/Engine/Source/ThirdParty/ICU/icu4c-64_1/source/test/cintltst/cestst.h,1,1,2
/media/ullmann/HDDGabriel/engines/UnrealEngine/Engine/Source/ThirdParty/Boost/boost-1_70_0/include/boost/range/iterator_range_core.hpp,0,1,1
/media/ullmann/HDDGabriel/engines/UnrealEngine/Engine/Source/ThirdParty/ShaderConductor/ShaderConductor/External/DirectXShaderCompiler/include/llvm/DebugInfo/PDB/PDBSymbolTypeArray.h,0,2,2
/media/ullmann/HDDGabriel/engines/UnrealEngine/Engine/Source/ThirdParty/SDL2/SDL-gui-backend/src/joystick/emscripten/SDL_sysjoystick_c.h,1,2,3
/media/ullmann/HDDGabriel/engines/UnrealEngine/Engine/Source/Runtime/Engine/Public/MeshMaterialShaderType.h,1,1,2
/media/ullmann/HDDGabriel/engines/UnrealEngine/Engine/Source/ThirdParty/libstrophe/libstrophe-0.9.3/tests/test_base64.c,0,1,1
/media/ullmann/HDDGabriel/engines/UnrealEngine/Engine/Source/ThirdParty/ICU/icu4c-53_1/source/tools/toolutil/unewdata.h,2,0,2
/media/ullmann/HDDGabriel/engines/UnrealEngine/Engine/Source/ThirdParty/PhysX3/PhysX_3.4/Source/PhysX/src/buffering/ScbRigidObject.h,2,3,5
/media/ullmann/HDDGabriel/engines/UnrealEngine/Engine/Source/ThirdParty/mtlpp/mtlpp-master-7efad47/src/imp_Sampler.hpp,1,1,2
/media/ullmann/HDDGabriel/engines/UnrealEngine/Engine/Source/ThirdParty/Intel/ISPCTexComp/ispc_texcomp/ispc_texcomp_astc.cpp,0,2,2
/media/ullmann/HDDGabriel/engines/UnrealEngine/Engine/Source/ThirdParty/Intel/ISPCTexComp/ispc_texcomp/kernel_astc_ispc.h,1,0,1
/media/ullmann/HDDGabriel/engines/UnrealEngine/Engine/Source/ThirdParty/Intel/TBB/IntelTBB-2019u8/src/perf/statistics_xml.h,1,0,1
/media/ullmann/HDDGabriel/engines/UnrealEngine/Engine/Source/Runtime/CoreUObject/Public/Serialization/ArchiveObjectPropertyMapper.h,1,0,1
/media/ullmann/HDDGabriel/engines/UnrealEngine/Engine/Source/ThirdParty/openexr/openexr-3.1.1/src/lib/OpenEXR/ImfIntAttribute.h,4,3,7
/media/ullmann/HDDGabriel/engines/UnrealEngine/Engine/Source/ThirdParty/ShaderConductor/ShaderConductor/External/DirectXShaderCompiler/utils/TableGen/DisassemblerEmitter.cpp,0,1,1
/media/ullmann/HDDGabriel/engines/UnrealEngine/Engine/Source/ThirdParty/Boost/boost-1_70_0/include/boost/outcome/policy/outcome_exception_ptr_rethrow.hpp,1,1,2
/media/ullmann/HDDGabriel/engines/UnrealEngine/Engine/Source/Runtime/Core/Public/UObject/VRObjectVersion.h,1,0,1
/media/ullmann/HDDGabriel/engines/UnrealEngine/Engine/Source/ThirdParty/PhysX3/APEX_1.4/module/clothing/embedded/LowLevelCloth/src/SwSolverKernel.h,2,3,5
/media/ullmann/HDDGabriel/engines/UnrealEngine/Engine/Source/ThirdParty/WebRTC/4147/Include/third_party/libyuv/include/libyuv/mjpeg_decoder.h,1,0,1
/media/ullmann/HDDGabriel/engines/UnrealEngine/Engine/Source/ThirdParty/PhysX3/PhysX_3.4/Source/SimulationController/include/ScParticleSystemCore.h,0,1,1
/media/ullmann/HDDGabriel/engines/UnrealEngine/Engine/Source/ThirdParty/Python3/Win64/include/tupleobject.h,1,1,2
/media/ullmann/HDDGabriel/engines/UnrealEngine/Engine/Source/ThirdParty/Python3/Win64/include/cpython/tupleobject.h,1,0,1
/media/ullmann/HDDGabriel/engines/UnrealEngine/Engine/Source/ThirdParty/ICU/icu4c-64_1/source/common/unicode/ubidi.h,5,0,5
/media/ullmann/HDDGabriel/engines/UnrealEngine/Engine/Source/ThirdParty/FreeType2/FreeType2-2.6/Src/gxvalid/gxvmorx0.c,1,1,2
/media/ullmann/HDDGabriel/engines/UnrealEngine/Engine/Source/ThirdParty/ICU/icu4c-53_1/source/test/perf/normperf/dtfmtrtperf.cpp,0,1,1
/media/ullmann/HDDGabriel/engines/UnrealEngine/Engine/Source/ThirdParty/ICU/icu4c-53_1/source/test/perf/normperf/dtfmtrtperf.h,1,0,1
/media/ullmann/HDDGabriel/engines/UnrealEngine/Engine/Source/ThirdParty/FreeImage/FreeImage-3.18.0/Source/LibJPEG/jdapistd.c,0,2,2
/media/ullmann/HDDGabriel/engines/UnrealEngine/Engine/Source/Runtime/AudioMixerCore/Public/AudioMixer.h,0,3,3
/media/ullmann/HDDGabriel/engines/UnrealEngine/Engine/Source/Runtime/AudioMixerCore/Public/AudioMixerLog.h,1,0,1
/media/ullmann/HDDGabriel/engines/UnrealEngine/Engine/Source/ThirdParty/Intel/Embree/Embree2140/src/kernels/geometry/quadv.h,9,1,10
/media/ullmann/HDDGabriel/engines/UnrealEngine/Engine/Source/ThirdParty/PhysX3/APEX_1.4/module/destructible/fracture/Compound.cpp,0,4,4
/media/ullmann/HDDGabriel/engines/UnrealEngine/Engine/Source/ThirdParty/CryptoPP/5.6.5/include/dessp.cpp,0,2,2
/media/ullmann/HDDGabriel/engines/UnrealEngine/Engine/Source/ThirdParty/FreeType2/FreeType2-2.6/Src/pshinter/pshrec.h,3,1,4
/media/ullmann/HDDGabriel/engines/UnrealEngine/Engine/Source/ThirdParty/rpclib/Source/include/rpc/msgpack/adaptor/boost/string_view.hpp,1,0,1
/media/ullmann/HDDGabriel/engines/UnrealEngine/Engine/Source/ThirdParty/EOSSDK/SDK/Include/eos_sanctions_types.h,2,1,3
/media/ullmann/HDDGabriel/engines/UnrealEngine/Engine/Source/ThirdParty/FreeImage/FreeImage-3.18.0/Source/LibTIFF4/tif_zstd.c,0,2,2
/media/ullmann/HDDGabriel/engines/UnrealEngine/Engine/Source/Programs/HeadlessChaos/Resource/SphereGeometry.cpp,0,1,1
/media/ullmann/HDDGabriel/engines/UnrealEngine/Engine/Source/Programs/HeadlessChaos/Resource/SphereGeometry.h,1,0,1
/media/ullmann/HDDGabriel/engines/UnrealEngine/Engine/Source/Editor/UnrealEd/Private/PlayLevelViaLauncher.cpp,0,1,1
/media/ullmann/HDDGabriel/engines/UnrealEngine/Engine/Source/Editor/UnrealEd/Private/PlayLevel.h,3,0,3
/media/ullmann/HDDGabriel/engines/UnrealEngine/Engine/Source/ThirdParty/ICU/icu4c-53_1/source/test/intltest/callimts.h,2,1,3
/media/ullmann/HDDGabriel/engines/UnrealEngine/Engine/Source/ThirdParty/PhysX3/PhysX_3.4/Source/LowLevelDynamics/src/DyArticulationReference.h,4,4,8
/media/ullmann/HDDGabriel/engines/UnrealEngine/Engine/Source/ThirdParty/PhysX3/PhysX_3.4/Source/LowLevelDynamics/src/DyArticulationFnsScalar.h,4,3,7
/media/ullmann/HDDGabriel/engines/UnrealEngine/Engine/Source/ThirdParty/PhysX3/APEX_1.4/module/clothing_legacy/include/autogen/ClothingMaterialLibraryParameters_0p13.h,1,0,1
/media/ullmann/HDDGabriel/engines/UnrealEngine/Engine/Source/Runtime/Slate/Public/Framework/Layout/SlateScrollHelper.h,1,0,1
/media/ullmann/HDDGabriel/engines/UnrealEngine/Engine/Source/Runtime/D3D12RHI/Private/Windows/WindowsD3D12PipelineState.h,1,1,2
/media/ullmann/HDDGabriel/engines/UnrealEngine/Engine/Source/Runtime/D3D12RHI/Private/D3D12PipelineState.h,1,0,1
/media/ullmann/HDDGabriel/engines/UnrealEngine/Engine/Source/ThirdParty/libstrophe/libstrophe-0.9.3/src/ctx.c,0,2,2
/media/ullmann/HDDGabriel/engines/UnrealEngine/Engine/Source/ThirdParty/FreeType2/FreeType2-2.10.4/src/autofit/afmodule.c,1,4,5
/media/ullmann/HDDGabriel/engines/UnrealEngine/Engine/Source/ThirdParty/PhysX3/APEX_1.4/shared/general/RenderDebug/include/ClientServer.h,0,2,2
/media/ullmann/HDDGabriel/engines/UnrealEngine/Engine/Source/Runtime/Net/Core/Public/Net/Core/PushModel/PushModel.h,0,1,1
/media/ullmann/HDDGabriel/engines/UnrealEngine/Engine/Source/Runtime/Net/Core/Public/Net/Core/PushModel/PushModelMacros.h,1,0,1
/media/ullmann/HDDGabriel/engines/UnrealEngine/Engine/Source/ThirdParty/FreeType2/FreeType2-2.4.12/src/truetype/ttpload.c,1,3,4
/media/ullmann/HDDGabriel/engines/UnrealEngine/Engine/Source/ThirdParty/Crunch/src/inc/dds_defs.h,2,1,3
/media/ullmann/HDDGabriel/engines/UnrealEngine/Engine/Source/ThirdParty/llvm/8/include/llvm/BinaryFormat/ELFRelocs/Hexagon.def,1,0,1
/media/ullmann/HDDGabriel/engines/UnrealEngine/Engine/Source/Editor/DetailCustomizations/Private/SlateColorCustomization.h,2,0,2
/media/ullmann/HDDGabriel/engines/UnrealEngine/Engine/Source/ThirdParty/FreeImage/FreeImage-3.18.0/Source/OpenEXR/IlmImf/ImfZipCompressor.cpp,0,3,3
/media/ullmann/HDDGabriel/engines/UnrealEngine/Engine/Source/Editor/LevelEditor/Private/Elements/SMInstance/SMInstanceElementLevelEditorSelectionCustomization.h,1,0,1
/media/ullmann/HDDGabriel/engines/UnrealEngine/Engine/Source/Developer/Windows/LiveCoding/Private/External/LC_Semaphore.h,3,0,3
/media/ullmann/HDDGabriel/engines/UnrealEngine/Engine/Source/Runtime/Engine/Public/LightMap.h,0,1,1
/media/ullmann/HDDGabriel/engines/UnrealEngine/Engine/Source/ThirdParty/HarfBuzz/harfbuzz-2.4.0/src/hb-ot-cff2-table.cc,0,2,2
/media/ullmann/HDDGabriel/engines/UnrealEngine/Engine/Source/ThirdParty/HarfBuzz/harfbuzz-2.4.0/src/hb-cff2-interp-cs.hh,2,0,2
/media/ullmann/HDDGabriel/engines/UnrealEngine/Engine/Source/ThirdParty/FreeType2/FreeType2-2.10.0/src/base/ftoutln.c,1,0,1
/media/ullmann/HDDGabriel/engines/UnrealEngine/Engine/Source/ThirdParty/ICU/icu4c-64_1/source/test/cintltst/spreptst.c,0,2,2
/media/ullmann/HDDGabriel/engines/UnrealEngine/Engine/Source/ThirdParty/ICU/icu4c-64_1/source/test/cintltst/nfsprep.h,2,0,2
/media/ullmann/HDDGabriel/engines/UnrealEngine/Engine/Source/Runtime/MovieScene/Public/Channels/MovieSceneAudioTriggerChannel.h,0,2,2
/media/ullmann/HDDGabriel/engines/UnrealEngine/Engine/Source/Runtime/Analytics/AnalyticsET/Private/AnalyticsET.cpp,0,1,1
/media/ullmann/HDDGabriel/engines/UnrealEngine/Engine/Source/Runtime/Analytics/AnalyticsET/Private/AnalyticsPerfTracker.h,3,0,3
/media/ullmann/HDDGabriel/engines/UnrealEngine/Engine/Source/ThirdParty/FreeType2/FreeType2-2.4.12/src/cff/cf2types.h,1,0,1
/media/ullmann/HDDGabriel/engines/UnrealEngine/Engine/Source/Editor/ComponentVisualizers/Public/AudioComponentVisualizer.h,0,1,1
/media/ullmann/HDDGabriel/engines/UnrealEngine/Engine/Source/ThirdParty/HarfBuzz/harfbuzz-1.2.4/src/hb-open-type-private.hh,1,0,1
/media/ullmann/HDDGabriel/engines/UnrealEngine/Engine/Source/ThirdParty/Intel/TBB/IntelTBB-2019u8/src/test/test_parallel_do.cpp,0,4,4
/media/ullmann/HDDGabriel/engines/UnrealEngine/Engine/Source/Runtime/TraceLog/Private/Trace/TlsBuffer.cpp,0,1,1
/media/ullmann/HDDGabriel/engines/UnrealEngine/Engine/Source/Runtime/TraceLog/Private/Trace/Platform.h,3,0,3
/media/ullmann/HDDGabriel/engines/UnrealEngine/Engine/Source/ThirdParty/Python3/Win64/include/unicodeobject.h,1,1,2
/media/ullmann/HDDGabriel/engines/UnrealEngine/Engine/Source/ThirdParty/Python3/Win64/include/cpython/unicodeobject.h,1,0,1
/media/ullmann/HDDGabriel/engines/UnrealEngine/Engine/Source/ThirdParty/Python3/Mac/include/cpython/pymem.h,1,0,1
/media/ullmann/HDDGabriel/engines/UnrealEngine/Engine/Source/ThirdParty/FreeType2/FreeType2-2.6/Src/pshinter/pshrec.c,1,3,4
/media/ullmann/HDDGabriel/engines/UnrealEngine/Engine/Source/ThirdParty/PhysX3/NvCloth/src/NvSimd/NvSimd4f.h,1,4,5
/media/ullmann/HDDGabriel/engines/UnrealEngine/Engine/Source/ThirdParty/PhysX3/NvCloth/src/NvSimd/sse2/NvSse2Simd4f.h,1,0,1
/media/ullmann/HDDGabriel/engines/UnrealEngine/Engine/Source/ThirdParty/llvm/8/include/llvm/Support/ARMAttributeParser.h,0,2,2
/media/ullmann/HDDGabriel/engines/UnrealEngine/Engine/Source/ThirdParty/llvm/8/include/llvm/Support/ScopedPrinter.h,1,0,1
/media/ullmann/HDDGabriel/engines/UnrealEngine/Engine/Source/ThirdParty/Alembic/alembic-1.8.2/python/PyAlembic/PyILight.cpp,0,3,3
/media/ullmann/HDDGabriel/engines/UnrealEngine/Engine/Source/ThirdParty/ICU/icu4c-53_1/source/common/patternprops.cpp,0,2,2
/media/ullmann/HDDGabriel/engines/UnrealEngine/Engine/Source/ThirdParty/PhysX3/PhysX_3.4/Source/PhysXMetaData/core/include/PvdMetaDataDefineProperties.h,0,1,1
/media/ullmann/HDDGabriel/engines/UnrealEngine/Engine/Source/ThirdParty/ICU/icu4c-64_1/source/common/unormcmp.cpp,0,8,8
/media/ullmann/HDDGabriel/engines/UnrealEngine/Engine/Source/ThirdParty/NVIDIA/GPUDirect/include/dvpapi_d3d10.h,0,1,1
/media/ullmann/HDDGabriel/engines/UnrealEngine/Engine/Source/ThirdParty/PhysX3/APEX_1.4/common/include/ModuleIofxIntl.h,0,1,1
/media/ullmann/HDDGabriel/engines/UnrealEngine/Engine/Source/ThirdParty/PhysX3/APEX_1.4/common/include/ModuleIntl.h,4,0,4
/media/ullmann/HDDGabriel/engines/UnrealEngine/Engine/Source/ThirdParty/glslang/glslang/src/glslang_lib/SPIRV/InReadableOrder.cpp,0,1,1
/media/ullmann/HDDGabriel/engines/UnrealEngine/Engine/Source/ThirdParty/FreeType2/FreeType2-2.4.12/src/pcf/pcfdrivr.h,1,0,1
/media/ullmann/HDDGabriel/engines/UnrealEngine/Engine/Source/Runtime/AudioMixerCore/Public/AudioMixerTypes.h,1,0,1
/media/ullmann/HDDGabriel/engines/UnrealEngine/Engine/Source/Editor/PropertyEditor/Public/IPropertyTableColumn.h,1,0,1
/media/ullmann/HDDGabriel/engines/UnrealEngine/Engine/Source/ThirdParty/FreeType2/FreeType2-2.10.4/src/autofit/aferrors.h,9,0,9
/media/ullmann/HDDGabriel/engines/UnrealEngine/Engine/Source/Editor/Kismet/Public/BPVariableDragDropAction.h,0,2,2
/media/ullmann/HDDGabriel/engines/UnrealEngine/Engine/Source/ThirdParty/Oculus/LibOVRPlatform/LibOVRPlatform/include/OVR_Requests_Party.h,1,2,3
/media/ullmann/HDDGabriel/engines/UnrealEngine/Engine/Source/Runtime/Windows/AudioMixerXAudio2/Private/AudioMixerXAudio2.cpp,0,1,1
/media/ullmann/HDDGabriel/engines/UnrealEngine/Engine/Source/Runtime/Windows/AudioMixerXAudio2/Private/AudioMixerPlatformXAudio2.h,3,0,3
/media/ullmann/HDDGabriel/engines/UnrealEngine/Engine/Source/ThirdParty/PhysX3/PhysX_3.4/Source/GeomUtils/src/contact/GuFeatureCode.cpp,0,1,1
/media/ullmann/HDDGabriel/engines/UnrealEngine/Engine/Source/ThirdParty/PhysX3/PhysX_3.4/Source/GeomUtils/src/contact/GuFeatureCode.h,3,0,3
/media/ullmann/HDDGabriel/engines/UnrealEngine/Engine/Source/ThirdParty/ShaderConductor/ShaderConductor/External/DirectXShaderCompiler/tools/clang/tools/libclang/IndexBody.cpp,0,1,1
/media/ullmann/HDDGabriel/engines/UnrealEngine/Engine/Source/Editor/DeviceProfileServices/Public/DeviceProfileServices.h,0,2,2
/media/ullmann/HDDGabriel/engines/UnrealEngine/Engine/Source/Editor/DeviceProfileServices/Public/IDeviceProfileServicesModule.h,1,1,2
/media/ullmann/HDDGabriel/engines/UnrealEngine/Engine/Source/ThirdParty/Boost/boost-1_70_0/include/boost/spirit/home/support/detail/lexer/parser/tree/sequence_node.hpp,1,1,2
/media/ullmann/HDDGabriel/engines/UnrealEngine/Engine/Source/ThirdParty/FreeType2/FreeType2-2.4.12/src/type1/t1driver.c,1,5,6
/media/ullmann/HDDGabriel/engines/UnrealEngine/Engine/Source/Editor/StatsViewer/Private/StatsPageManager.h,3,0,3
/media/ullmann/HDDGabriel/engines/UnrealEngine/Engine/Source/ThirdParty/FreeType2/FreeType2-2.10.4/include/freetype/internal/ftobjs.h,0,1,1
/media/ullmann/HDDGabriel/engines/UnrealEngine/Engine/Source/ThirdParty/CryptoPP/5.6.2/include/shacal2.h,3,2,5
/media/ullmann/HDDGabriel/engines/UnrealEngine/Engine/Source/ThirdParty/ICU/icu4c-64_1/source/i18n/utf8collationiterator.h,2,3,5
/media/ullmann/HDDGabriel/engines/UnrealEngine/Engine/Source/ThirdParty/openexr/openexr-3.1.1/src/test/OpenEXRTest/testIDManifest.cpp,0,3,3
/media/ullmann/HDDGabriel/engines/UnrealEngine/Engine/Source/ThirdParty/openexr/openexr-3.1.1/src/test/OpenEXRTest/testIDManifest.h,2,0,2
/media/ullmann/HDDGabriel/engines/UnrealEngine/Engine/Source/ThirdParty/Alembic/alembic-1.8.2/lib/Alembic/AbcMaterial/OMaterial.cpp,0,1,1
/media/ullmann/HDDGabriel/engines/UnrealEngine/Engine/Source/ThirdParty/ICU/icu4c-53_1/source/test/intltest/strcase.cpp,0,1,1
/media/ullmann/HDDGabriel/engines/UnrealEngine/Engine/Source/Developer/Windows/LiveCodingServer/Private/External/LC_DiaUtil.cpp,0,1,1
/media/ullmann/HDDGabriel/engines/UnrealEngine/Engine/Source/ThirdParty/ICU/icu4c-53_1/source/i18n/gregocal.cpp,0,2,2
/media/ullmann/HDDGabriel/engines/UnrealEngine/Engine/Source/Editor/UnrealEd/Private/ConvexDecompositionNotification.cpp,0,1,1
/media/ullmann/HDDGabriel/engines/UnrealEngine/Engine/Source/ThirdParty/rpclib/Source/include/rpc/msgpack/adaptor/float.hpp,1,0,1
/media/ullmann/HDDGabriel/engines/UnrealEngine/Engine/Source/Editor/SceneOutliner/Public/ISceneOutlinerMode.h,1,5,6
/media/ullmann/HDDGabriel/engines/UnrealEngine/Engine/Source/Editor/Sequencer/Private/SSequencerTrackOutliner.cpp,0,1,1
/media/ullmann/HDDGabriel/engines/UnrealEngine/Engine/Source/Editor/Sequencer/Private/SSequencerTrackOutliner.h,2,0,2
/media/ullmann/HDDGabriel/engines/UnrealEngine/Engine/Source/ThirdParty/FreeType2/FreeType2-2.10.0/src/winfonts/fnterrs.h,1,0,1
/media/ullmann/HDDGabriel/engines/UnrealEngine/Engine/Source/Developer/Windows/LiveCoding/Private/External/LC_Restart.cpp,0,5,5
/media/ullmann/HDDGabriel/engines/UnrealEngine/Engine/Source/Developer/Windows/LiveCoding/Private/External/LC_PrimitiveNames.h,4,1,5
/media/ullmann/HDDGabriel/engines/UnrealEngine/Engine/Source/Runtime/Core/Public/Misc/CoreDelegates.h,2,0,2
/media/ullmann/HDDGabriel/engines/UnrealEngine/Engine/Source/ThirdParty/Intel/TBB/IntelTBB-2019u8/include/tbb/internal/_flow_graph_indexer_impl.h,1,1,2
/media/ullmann/HDDGabriel/engines/UnrealEngine/Engine/Source/ThirdParty/Intel/TBB/IntelTBB-2019u8/include/tbb/internal/_flow_graph_types_impl.h,2,0,2
/media/ullmann/HDDGabriel/engines/UnrealEngine/Engine/Source/ThirdParty/PhysX3/APEX_1.4/module/destructible/include/DestructibleActorUtils.h,0,1,1
/media/ullmann/HDDGabriel/engines/UnrealEngine/Engine/Source/Runtime/OpenGLDrv/Private/OpenGLUniformBuffer.cpp,0,1,1
/media/ullmann/HDDGabriel/engines/UnrealEngine/Engine/Source/ThirdParty/PhysX3/PhysX_3.4/Source/GeomUtils/src/mesh/GuMidphaseRTree.cpp,0,5,5
/media/ullmann/HDDGabriel/engines/UnrealEngine/Engine/Source/ThirdParty/PhysX3/APEX_1.4/module/clothing_legacy/include/autogen/ClothingActorParam_0p11.h,1,0,1
/media/ullmann/HDDGabriel/engines/UnrealEngine/Engine/Source/Runtime/ImageWriteQueue/Public/ImageWriteQueue.h,0,1,1
/media/ullmann/HDDGabriel/engines/UnrealEngine/Engine/Source/Runtime/ImageWriteQueue/Public/ImageWriteTask.h,1,1,2
/media/ullmann/HDDGabriel/engines/UnrealEngine/Engine/Source/Editor/DetailCustomizations/Private/MovieSceneBindingOverrideDataCustomization.h,2,0,2
/media/ullmann/HDDGabriel/engines/UnrealEngine/Engine/Source/Editor/Persona/Private/PoseWatchManagerColumnColor.h,2,3,5
/media/ullmann/HDDGabriel/engines/UnrealEngine/Engine/Source/Editor/BlueprintGraph/Classes/K2Node_SpawnActor.h,0,1,1
/media/ullmann/HDDGabriel/engines/UnrealEngine/Engine/Source/ThirdParty/ICU/icu4c-64_1/source/common/ruleiter.h,4,1,5
/media/ullmann/HDDGabriel/engines/UnrealEngine/Engine/Source/ThirdParty/WebRTC/4147/Include/third_party/libsrtp/crypto/include/aes_icm.h,0,2,2
/media/ullmann/HDDGabriel/engines/UnrealEngine/Engine/Source/ThirdParty/WebRTC/4147/Include/third_party/opus/src/silk/arm/biquad_alt_arm.h,1,0,1
/media/ullmann/HDDGabriel/engines/UnrealEngine/Engine/Source/Developer/Merge/Private/SMergeGraphView.cpp,0,1,1
/media/ullmann/HDDGabriel/engines/UnrealEngine/Engine/Source/Developer/Merge/Private/SMergeGraphView.h,2,1,3
/media/ullmann/HDDGabriel/engines/UnrealEngine/Engine/Source/ThirdParty/Intel/ISPC/ispc-1.17.0/src/target_enums.cpp,0,3,3
/media/ullmann/HDDGabriel/engines/UnrealEngine/Engine/Source/ThirdParty/Intel/ISPC/ispc-1.16.1/builtins/builtins-c-cpu.cpp,0,1,1
/media/ullmann/HDDGabriel/engines/UnrealEngine/Engine/Source/ThirdParty/Intel/ISPC/ispc-1.16.1/builtins/array.hpp,1,0,1
/media/ullmann/HDDGabriel/engines/UnrealEngine/Engine/Source/ThirdParty/Intel/TBB/IntelTBB-2019u8/src/old/test_task_scheduler_observer_v3.cpp,0,1,1
/media/ullmann/HDDGabriel/engines/UnrealEngine/Engine/Source/ThirdParty/FBX/2020.2/include/fbxsdk/fileio/fbxexternaldocreflistener.h,1,0,1
/media/ullmann/HDDGabriel/engines/UnrealEngine/Engine/Source/ThirdParty/FreeType2/FreeType2-2.4.12/src/bdf/bdferror.h,2,0,2
/media/ullmann/HDDGabriel/engines/UnrealEngine/Engine/Source/ThirdParty/Intel/ISPC/ispc-1.16.1/benchmarks/01_trivial/01_aossoa.cpp,0,1,1
/media/ullmann/HDDGabriel/engines/UnrealEngine/Engine/Source/ThirdParty/ShaderConductor/ShaderConductor/External/DirectXShaderCompiler/tools/clang/tools/libclang/Index_Internal.h,2,0,2
/media/ullmann/HDDGabriel/engines/UnrealEngine/Engine/Source/ThirdParty/FreeType2/FreeType2-2.10.4/src/raster/ftraster.h,2,0,2
/media/ullmann/HDDGabriel/engines/UnrealEngine/Engine/Source/ThirdParty/openexr/Deploy/openexr-3.1.1/include/OpenEXR/ImfDeepImageLevel.h,1,5,6
/media/ullmann/HDDGabriel/engines/UnrealEngine/Engine/Source/Runtime/Renderer/Private/Lumen/LumenSceneData.h,4,5,9
/media/ullmann/HDDGabriel/engines/UnrealEngine/Engine/Source/Developer/Windows/LiveCoding/Private/External/LC_WindowsInternals.h,1,0,1
/media/ullmann/HDDGabriel/engines/UnrealEngine/Engine/Source/Runtime/Online/BuildPatchServices/Private/BuildPatchInstall.cpp,0,1,1
/media/ullmann/HDDGabriel/engines/UnrealEngine/Engine/Source/ThirdParty/ICU/icu4c-53_1/source/test/intltest/winutil.cpp,0,1,1
/media/ullmann/HDDGabriel/engines/UnrealEngine/Engine/Source/Runtime/Renderer/Private/RayTracing/RayTracingScene.h,5,0,5
/media/ullmann/HDDGabriel/engines/UnrealEngine/Engine/Source/Programs/UnrealInsights/Private/UnrealInsightsMain.cpp,0,2,2
/media/ullmann/HDDGabriel/engines/UnrealEngine/Engine/Source/Programs/UnrealInsights/Private/UnrealInsightsMain.h,1,0,1
/media/ullmann/HDDGabriel/engines/UnrealEngine/Engine/Source/Editor/UnrealEd/Private/SViewportToolBarComboMenu.cpp,0,1,1
/media/ullmann/HDDGabriel/engines/UnrealEngine/Engine/Source/ThirdParty/PLCrashReporter/PLCrashReporter/Source/PLCrashFrameCompactUnwind.c,0,3,3
/media/ullmann/HDDGabriel/engines/UnrealEngine/Engine/Source/ThirdParty/ShaderConductor/ShaderConductor/External/DirectXShaderCompiler/tools/clang/unittests/DxrFallback/ShaderTesterImpl.h,1,1,2
/media/ullmann/HDDGabriel/engines/UnrealEngine/Engine/Source/ThirdParty/ShaderConductor/ShaderConductor/External/DirectXShaderCompiler/tools/clang/unittests/DxrFallback/ShaderTester.h,2,0,2
/media/ullmann/HDDGabriel/engines/UnrealEngine/Engine/Source/ThirdParty/PhysX3/APEX_1.4/module/destructible/fracture/Core/MeshClipperBase.h,4,0,4
/media/ullmann/HDDGabriel/engines/UnrealEngine/Engine/Source/ThirdParty/GoogleGameSDK/gamesdk/src/swappy/common/CPUTracer.cpp,0,3,3
/media/ullmann/HDDGabriel/engines/UnrealEngine/Engine/Source/Developer/CollectionManager/Private/Collection.cpp,0,2,2
/media/ullmann/HDDGabriel/engines/UnrealEngine/Engine/Source/ThirdParty/ICU/icu4c-64_1/source/samples/layout/gdiglue.h,2,2,4
/media/ullmann/HDDGabriel/engines/UnrealEngine/Engine/Source/ThirdParty/libcurl/7_65_3/include/Unix/x86_64-unknown-linux-gnu/curl/urlapi.h,1,1,2
/media/ullmann/HDDGabriel/engines/UnrealEngine/Engine/Source/ThirdParty/Perforce/p4api-2018.1/Include/Win32/VS2015/p4/clientuser.h,1,0,1
/media/ullmann/HDDGabriel/engines/UnrealEngine/Engine/Source/Editor/UnrealEd/Private/Cooker/CookOnTheFlyServerInterface.h,4,1,5
/media/ullmann/HDDGabriel/engines/UnrealEngine/Engine/Source/ThirdParty/MCPP/mcpp-2.7.2/test-c/n_7.c,0,1,1
/media/ullmann/HDDGabriel/engines/UnrealEngine/Engine/Source/ThirdParty/ICU/icu4c-64_1/source/tools/makeconv/gencnvex.c,0,2,2
/media/ullmann/HDDGabriel/engines/UnrealEngine/Engine/Source/ThirdParty/openexr/openexr-3.1.1/src/test/OpenEXRFuzzTest/testFuzzTiles.cpp,0,2,2
/media/ullmann/HDDGabriel/engines/UnrealEngine/Engine/Source/ThirdParty/OpenVDB/Deploy/openvdb-8.1.0/include/openvdb/math/Vec2.h,0,2,2
/media/ullmann/HDDGabriel/engines/UnrealEngine/Engine/Source/Developer/TraceInsights/Private/Insights/NetworkingProfiler/ViewModels/PacketViewDrawHelper.cpp,0,1,1
/media/ullmann/HDDGabriel/engines/UnrealEngine/Engine/Source/Developer/TraceInsights/Private/Insights/NetworkingProfiler/ViewModels/PacketViewDrawHelper.h,1,0,1
/media/ullmann/HDDGabriel/engines/UnrealEngine/Engine/Source/ThirdParty/Intel/Embree/Embree270/src/kernels/xeonphi/builders/binning.h,4,1,5
/media/ullmann/HDDGabriel/engines/UnrealEngine/Engine/Source/ThirdParty/Alembic/alembic-1.8.2/lib/Alembic/AbcMaterial/Tests/MaterialAssignAndFlattenTest.cpp,0,1,1
/media/ullmann/HDDGabriel/engines/UnrealEngine/Engine/Source/Developer/AutomationController/Private/AutomationControllerModule.cpp,0,2,2
/media/ullmann/HDDGabriel/engines/UnrealEngine/Engine/Source/Developer/AutomationController/Private/AutomationControllerModule.h,1,0,1
/media/ullmann/HDDGabriel/engines/UnrealEngine/Engine/Source/ThirdParty/Boost/boost-1_70_0/include/boost/msm/mpl_graph/depth_first_search.hpp,0,1,1
/media/ullmann/HDDGabriel/engines/UnrealEngine/Engine/Source/ThirdParty/Boost/boost-1_70_0/include/boost/msm/mpl_graph/search_colors.hpp,2,0,2
/media/ullmann/HDDGabriel/engines/UnrealEngine/Engine/Source/ThirdParty/EOSSDK/SDK/Include/eos_stats_types.h,2,1,3
/media/ullmann/HDDGabriel/engines/UnrealEngine/Engine/Source/ThirdParty/SDL2/SDL-gui-backend/src/misc/winrt/SDL_sysurl.cpp,0,2,2
/media/ullmann/HDDGabriel/engines/UnrealEngine/Engine/Source/ThirdParty/openexr/openexr-3.1.1/src/lib/OpenEXR/ImfRational.cpp,0,2,2
/media/ullmann/HDDGabriel/engines/UnrealEngine/Engine/Source/ThirdParty/openexr/openexr-3.1.1/src/lib/OpenEXR/ImfRational.h,3,2,5
/media/ullmann/HDDGabriel/engines/UnrealEngine/Engine/Source/Editor/DetailCustomizations/Private/LevelSequenceBurnInOptionsCustomization.cpp,0,1,1
/media/ullmann/HDDGabriel/engines/UnrealEngine/Engine/Source/Editor/DetailCustomizations/Private/LevelSequenceBurnInOptionsCustomization.h,2,0,2
/media/ullmann/HDDGabriel/engines/UnrealEngine/Engine/Source/Editor/MaterialEditor/Private/SMaterialPalette.cpp,0,2,2
/media/ullmann/HDDGabriel/engines/UnrealEngine/Engine/Source/ThirdParty/glslang/glslang/src/glslang_lib/SPIRV/SPVRemapper.cpp,0,3,3
/media/ullmann/HDDGabriel/engines/UnrealEngine/Engine/Source/ThirdParty/hlslcc/hlslcc/src/hlslcc_lib/ir_hierarchical_visitor.cpp,0,3,3
/media/ullmann/HDDGabriel/engines/UnrealEngine/Engine/Source/Runtime/Core/Public/Serialization/BufferWriter.h,1,0,1
/media/ullmann/HDDGabriel/engines/UnrealEngine/Engine/Source/ThirdParty/Crunch/src/crnlib/crn_resample_filters.cpp,0,2,2
/media/ullmann/HDDGabriel/engines/UnrealEngine/Engine/Source/Runtime/Slate/Public/Framework/Text/SlateHyperlinkRun.h,2,0,2
/media/ullmann/HDDGabriel/engines/UnrealEngine/Engine/Source/Runtime/Apple/AGXRHI/Private/AGXRHIRenderQuery.cpp,0,5,5
/media/ullmann/HDDGabriel/engines/UnrealEngine/Engine/Source/ThirdParty/ShaderConductor/ShaderConductor/External/DirectXShaderCompiler/utils/TableGen/AsmWriterEmitter.cpp,0,3,3
/media/ullmann/HDDGabriel/engines/UnrealEngine/Engine/Source/ThirdParty/FreeImage/FreeImage-3.18.0/Source/OpenEXR/Imath/ImathVec.cpp,0,2,2
/media/ullmann/HDDGabriel/engines/UnrealEngine/Engine/Source/ThirdParty/SDL2/SDL-gui-backend/src/video/haiku/SDL_bclipboard.cc,0,3,3
/media/ullmann/HDDGabriel/engines/UnrealEngine/Engine/Source/ThirdParty/nvTextureTools/nvTextureTools-2.0.8/src/src/nvimage/BlockDXT.cpp,0,2,2
/media/ullmann/HDDGabriel/engines/UnrealEngine/Engine/Source/ThirdParty/nvTextureTools/nvTextureTools-2.0.8/src/src/nvimage/BlockDXT.h,1,0,1
/media/ullmann/HDDGabriel/engines/UnrealEngine/Engine/Source/Developer/TraceServices/Private/Model/LogPrivate.h,1,0,1
/media/ullmann/HDDGabriel/engines/UnrealEngine/Engine/Source/Developer/DerivedDataCache/Private/ZenCacheStore.cpp,0,3,3
/media/ullmann/HDDGabriel/engines/UnrealEngine/Engine/Source/ThirdParty/PhysX3/APEX_1.4/module/clothing/embedded/LowLevelCloth/src/sse2/SwSolveConstraints.h,1,0,1
/media/ullmann/HDDGabriel/engines/UnrealEngine/Engine/Source/ThirdParty/ICU/icu4c-53_1/source/test/intltest/encoll.cpp,0,1,1
/media/ullmann/HDDGabriel/engines/UnrealEngine/Engine/Source/ThirdParty/ICU/icu4c-53_1/source/test/intltest/encoll.h,2,1,3
/media/ullmann/HDDGabriel/engines/UnrealEngine/Engine/Source/ThirdParty/HarfBuzz/harfbuzz-2.4.0/src/hb-ot-shape-normalize.hh,2,0,2
/media/ullmann/HDDGabriel/engines/UnrealEngine/Engine/Source/Editor/NaniteTools/Private/SNaniteTools.cpp,0,3,3
/media/ullmann/HDDGabriel/engines/UnrealEngine/Engine/Source/Runtime/Core/Public/Containers/LockFreeList.h,2,0,2
/media/ullmann/HDDGabriel/engines/UnrealEngine/Engine/Source/Editor/Sequencer/Private/SSequencerShotFilterOverlay.cpp,0,1,1
/media/ullmann/HDDGabriel/engines/UnrealEngine/Engine/Source/Editor/Sequencer/Private/SSequencerShotFilterOverlay.h,1,1,2
/media/ullmann/HDDGabriel/engines/UnrealEngine/Engine/Source/ThirdParty/ICU/icu4c-53_1/source/common/schriter.cpp,0,3,3
/media/ullmann/HDDGabriel/engines/UnrealEngine/Engine/Source/ThirdParty/ICU/icu4c-53_1/source/layout/LEFontInstance.cpp,0,4,4
/media/ullmann/HDDGabriel/engines/UnrealEngine/Engine/Source/ThirdParty/OpenSubdiv/Deploy/OpenSubdiv-3.4.4/include/opensubdiv/hbr/faceEdit.h,0,2,2
/media/ullmann/HDDGabriel/engines/UnrealEngine/Engine/Source/Runtime/CoreUObject/Public/UObject/FieldPathProperty.h,1,0,1
/media/ullmann/HDDGabriel/engines/UnrealEngine/Engine/Source/ThirdParty/Intel/Embree/Embree270/src/kernels/xeonphi/geometry/virtual_accel_intersector16.h,1,2,3
/media/ullmann/HDDGabriel/engines/UnrealEngine/Engine/Source/ThirdParty/PhysX3/APEX_1.4/module/destructible_legacy/include/autogen/CachedOverlaps_0p1.h,1,0,1
/media/ullmann/HDDGabriel/engines/UnrealEngine/Engine/Source/Developer/OutputLog/Private/SDebugConsole.h,2,0,2
/media/ullmann/HDDGabriel/engines/UnrealEngine/Engine/Source/ThirdParty/openexr/openexr-3.1.1/src/lib/OpenEXR/ImfTileDescriptionAttribute.cpp,0,1,1
/media/ullmann/HDDGabriel/engines/UnrealEngine/Engine/Source/ThirdParty/ICU/icu4c-53_1/source/tools/toolutil/filetools.cpp,0,2,2
/media/ullmann/HDDGabriel/engines/UnrealEngine/Engine/Source/ThirdParty/ICU/icu4c-53_1/source/tools/toolutil/filetools.h,1,0,1
/media/ullmann/HDDGabriel/engines/UnrealEngine/Engine/Source/ThirdParty/CryptoPP/5.6.2/include/pwdbased.h,1,4,5
/media/ullmann/HDDGabriel/engines/UnrealEngine/Engine/Source/ThirdParty/ICU/icu4c-64_1/source/test/intltest/srchtest.h,2,1,3
/media/ullmann/HDDGabriel/engines/UnrealEngine/Engine/Source/ThirdParty/ShaderConductor/ShaderConductor/External/DirectXShaderCompiler/tools/llvm-diff/llvm-diff.cpp,0,2,2
/media/ullmann/HDDGabriel/engines/UnrealEngine/Engine/Source/Editor/VREditor/VREditorFloatingText.cpp,0,1,1
/media/ullmann/HDDGabriel/engines/UnrealEngine/Engine/Source/ThirdParty/Android/libunwind/libunwind/src/mips/Lglobal.c,0,1,1
/media/ullmann/HDDGabriel/engines/UnrealEngine/Engine/Source/ThirdParty/Android/libunwind/libunwind/src/mips/Gglobal.c,1,1,2
/media/ullmann/HDDGabriel/engines/UnrealEngine/Engine/Source/ThirdParty/ShaderConductor/ShaderConductor/External/DirectXShaderCompiler/tools/clang/lib/SPIRV/BlockReadableOrder.cpp,0,1,1
/media/ullmann/HDDGabriel/engines/UnrealEngine/Engine/Source/ThirdParty/FreeImage/FreeImage-3.18.0/Source/OpenEXR/IlmImf/ImfAutoArray.h,2,1,3
/media/ullmann/HDDGabriel/engines/UnrealEngine/Engine/Source/ThirdParty/SDL2/SDL-gui-backend/src/video/vita/SDL_vitamessagebox.h,2,0,2
/media/ullmann/HDDGabriel/engines/UnrealEngine/Engine/Source/Runtime/Renderer/Private/RayTracing/RayTracingMaterialHitShaders.h,6,0,6
/media/ullmann/HDDGabriel/engines/UnrealEngine/Engine/Source/ThirdParty/FreeType2/FreeType2-2.6/Src/type42/type42.c,0,3,3
/media/ullmann/HDDGabriel/engines/UnrealEngine/Engine/Source/Runtime/InstallBundleManager/Private/InstallBundleUtils.cpp,0,1,1
/media/ullmann/HDDGabriel/engines/UnrealEngine/Engine/Source/ThirdParty/Python3/Mac/include/typeslots.h,1,0,1
/media/ullmann/HDDGabriel/engines/UnrealEngine/Engine/Source/ThirdParty/Intel/Embree/Embree2140/src/common/tasking/taskschedulerinternal.cpp,0,3,3
/media/ullmann/HDDGabriel/engines/UnrealEngine/Engine/Source/ThirdParty/ICU/icu4c-64_1/source/i18n/rbt_set.h,2,1,3
/media/ullmann/HDDGabriel/engines/UnrealEngine/Engine/Source/ThirdParty/WebRTC/4147/Include/third_party/opus/src/silk/arm/SigProc_FIX_armv4.h,1,0,1
/media/ullmann/HDDGabriel/engines/UnrealEngine/Engine/Source/Runtime/LiveLinkInterface/Public/LiveLinkRoleTrait.h,0,7,7
/media/ullmann/HDDGabriel/engines/UnrealEngine/Engine/Source/ThirdParty/ICU/icu4c-53_1/source/i18n/islamcal.cpp,0,4,4
/media/ullmann/HDDGabriel/engines/UnrealEngine/Engine/Source/ThirdParty/ICU/icu4c-64_1/source/common/unifiedcache.cpp,0,6,6
/media/ullmann/HDDGabriel/engines/UnrealEngine/Engine/Source/Editor/AnimGraph/Public/AnimGraphNode_BoneDrivenController.h,0,1,1
/media/ullmann/HDDGabriel/engines/UnrealEngine/Engine/Source/ThirdParty/ShaderConductor/ShaderConductor/External/SPIRV-Cross/spirv.h,1,0,1
/media/ullmann/HDDGabriel/engines/UnrealEngine/Engine/Source/ThirdParty/MCPP/mcpp-2.7.2/cpp-test/test-t/n_37.c,0,2,2
/media/ullmann/HDDGabriel/engines/UnrealEngine/Engine/Source/Runtime/Online/HTTPServer/Public/HttpServerHttpVersion.h,2,0,2
/media/ullmann/HDDGabriel/engines/UnrealEngine/Engine/Source/ThirdParty/FreeImage/FreeImage-3.18.0/Source/LibJPEG/wrppm.c,0,1,1
/media/ullmann/HDDGabriel/engines/UnrealEngine/Engine/Source/ThirdParty/CryptoPP/5.6.5/include/randpool.cpp,0,5,5
/media/ullmann/HDDGabriel/engines/UnrealEngine/Engine/Source/ThirdParty/Intel/TBB/IntelTBB-2019u8/src/test/test_ittnotify.cpp,0,2,2
/media/ullmann/HDDGabriel/engines/UnrealEngine/Engine/Source/ThirdParty/HarfBuzz/harfbuzz-1.2.4/src/hb-coretext.cc,0,2,2
/media/ullmann/HDDGabriel/engines/UnrealEngine/Engine/Source/ThirdParty/HarfBuzz/harfbuzz-1.2.4/src/hb-coretext.h,1,1,2
/media/ullmann/HDDGabriel/engines/UnrealEngine/Engine/Source/ThirdParty/FreeType2/FreeType2-2.10.4/src/autofit/afhints.h,9,1,10
/media/ullmann/HDDGabriel/engines/UnrealEngine/Engine/Source/ThirdParty/libPNG/libPNG-1.6.37/contrib/tools/makesRGB.c,0,2,2
/media/ullmann/HDDGabriel/engines/UnrealEngine/Engine/Source/ThirdParty/libPNG/libPNG-1.6.37/contrib/tools/sRGB.h,3,0,3
/media/ullmann/HDDGabriel/engines/UnrealEngine/Engine/Source/ThirdParty/ICU/icu4c-53_1/source/samples/layout/GnomeGUISupport.h,3,1,4
/media/ullmann/HDDGabriel/engines/UnrealEngine/Engine/Source/ThirdParty/ICU/icu4c-53_1/source/tools/gennorm2/gennorm2.cpp,0,1,1
/media/ullmann/HDDGabriel/engines/UnrealEngine/Engine/Source/ThirdParty/ICU/icu4c-53_1/source/tools/gennorm2/n2builder.h,2,0,2
/media/ullmann/HDDGabriel/engines/UnrealEngine/Engine/Source/ThirdParty/SDL2/SDL-gui-backend/src/joystick/hidapi/SDL_hidapi_ps5.c,0,5,5
/media/ullmann/HDDGabriel/engines/UnrealEngine/Engine/Source/ThirdParty/ICU/icu4c-64_1/source/test/intltest/astrotst.h,2,1,3
/media/ullmann/HDDGabriel/engines/UnrealEngine/Engine/Source/ThirdParty/mtlpp/mtlpp-master-7efad47/src/drawable.hpp,1,3,4
/media/ullmann/HDDGabriel/engines/UnrealEngine/Engine/Source/ThirdParty/ICU/icu4c-53_1/source/i18n/datefmt.cpp,0,6,6
/media/ullmann/HDDGabriel/engines/UnrealEngine/Engine/Source/ThirdParty/ICU/icu4c-64_1/source/test/intltest/ustrtest.cpp,0,1,1
/media/ullmann/HDDGabriel/engines/UnrealEngine/Engine/Source/ThirdParty/ICU/icu4c-64_1/source/test/intltest/ustrtest.h,3,1,4
/media/ullmann/HDDGabriel/engines/UnrealEngine/Engine/Source/Editor/TranslationEditor/Private/InternationalizationExportSettings.cpp,0,1,1
/media/ullmann/HDDGabriel/engines/UnrealEngine/Engine/Source/Editor/TranslationEditor/Private/InternationalizationExportSettings.h,1,0,1
/media/ullmann/HDDGabriel/engines/UnrealEngine/Engine/Source/ThirdParty/ICU/icu4c-64_1/source/layoutex/layout/RunArrays.h,2,0,2
/media/ullmann/HDDGabriel/engines/UnrealEngine/Engine/Source/ThirdParty/zlib/zlib-1.2.5/Src/example.c,0,1,1
/media/ullmann/HDDGabriel/engines/UnrealEngine/Engine/Source/Editor/DetailCustomizations/Private/RangeStructCustomization.cpp,0,1,1
/media/ullmann/HDDGabriel/engines/UnrealEngine/Engine/Source/ThirdParty/PhysX3/PhysX_3.4/Source/PhysXExtensions/src/serialization/Xml/SnXmlVisitorReader.h,3,6,9
/media/ullmann/HDDGabriel/engines/UnrealEngine/Engine/Source/Runtime/Online/BuildPatchServices/Private/Core/RingBuffer.h,1,0,1
/media/ullmann/HDDGabriel/engines/UnrealEngine/Engine/Source/Developer/TraceServices/Private/Model/ModuleProvider.cpp,0,3,3
/media/ullmann/HDDGabriel/engines/UnrealEngine/Engine/Source/Developer/TraceServices/Private/Model/DbgHelpResolver.h,2,0,2
/media/ullmann/HDDGabriel/engines/UnrealEngine/Engine/Source/Editor/StringTableEditor/Private/AssetTypeActions_StringTable.cpp,0,1,1
/media/ullmann/HDDGabriel/engines/UnrealEngine/Engine/Source/Editor/StringTableEditor/Private/AssetTypeActions_StringTable.h,2,0,2
/media/ullmann/HDDGabriel/engines/UnrealEngine/Engine/Source/Programs/SwitchboardListener/Private/SwitchboardListenerApp.h,2,0,2
/media/ullmann/HDDGabriel/engines/UnrealEngine/Engine/Source/ThirdParty/FreeImage/FreeImage-3.18.0/Source/ZLib/zconf.h,1,0,1
/media/ullmann/HDDGabriel/engines/UnrealEngine/Engine/Source/Developer/Datasmith/DatasmithExporterUI/Private/DirectLinkUI.cpp,0,2,2
/media/ullmann/HDDGabriel/engines/UnrealEngine/Engine/Source/Developer/Datasmith/DatasmithExporterUI/Private/DirectLinkUI.h,2,0,2
/media/ullmann/HDDGabriel/engines/UnrealEngine/Engine/Source/ThirdParty/PhysX3/APEX_1.4/shared/general/HACD/include/dgStack.h,0,1,1
/media/ullmann/HDDGabriel/engines/UnrealEngine/Engine/Source/Editor/PhysicsAssetEditor/Private/PhysicsAssetDetailsCustomization.h,2,0,2
/media/ullmann/HDDGabriel/engines/UnrealEngine/Engine/Source/ThirdParty/nvTextureTools/nvTextureTools-2.0.8/src/src/nvtt/squish/maths.cpp,0,2,2
/media/ullmann/HDDGabriel/engines/UnrealEngine/Engine/Source/ThirdParty/ICU/icu4c-64_1/source/test/intltest/itmajor.h,2,1,3
/media/ullmann/HDDGabriel/engines/UnrealEngine/Engine/Source/ThirdParty/mimalloc/include/mimalloc-internal.h,0,1,1
/media/ullmann/HDDGabriel/engines/UnrealEngine/Engine/Source/ThirdParty/SDL2/SDL-gui-backend/src/video/x11/SDL_x11xinput2.c,0,5,5
/media/ullmann/HDDGabriel/engines/UnrealEngine/Engine/Source/ThirdParty/FreeType2/FreeType2-2.4.12/src/cff/cf2blues.h,2,1,3
/media/ullmann/HDDGabriel/engines/UnrealEngine/Engine/Source/ThirdParty/ICU/icu4c-64_1/source/i18n/sharedcalendar.h,1,0,1
/media/ullmann/HDDGabriel/engines/UnrealEngine/Engine/Source/Editor/DerivedDataEditor/Private/SDerivedDataCacheSettings.cpp,0,2,2
/media/ullmann/HDDGabriel/engines/UnrealEngine/Engine/Source/Editor/DerivedDataEditor/Private/DerivedDataInformation.h,5,0,5
/media/ullmann/HDDGabriel/engines/UnrealEngine/Engine/Source/ThirdParty/OpenVDB/openvdb-8.1.0/openvdb_ax/openvdb_ax/compiler/PointExecutable.cc,0,6,6
/media/ullmann/HDDGabriel/engines/UnrealEngine/Engine/Source/ThirdParty/Unix/LibCxx/include/c++/v1/limits,1,0,1
/media/ullmann/HDDGabriel/engines/UnrealEngine/Engine/Source/ThirdParty/MCPP/mcpp-2.7.2/test-l/nest115.h,1,1,2
/media/ullmann/HDDGabriel/engines/UnrealEngine/Engine/Source/ThirdParty/MCPP/mcpp-2.7.2/test-l/nest116.h,1,1,2
/media/ullmann/HDDGabriel/engines/UnrealEngine/Engine/Source/ThirdParty/openexr/openexr-3.1.1/src/lib/IlmThread/IlmThreadSemaphorePosix.cpp,0,1,1
/media/ullmann/HDDGabriel/engines/UnrealEngine/Engine/Source/ThirdParty/PhysX3/PhysX_3.4/Source/PhysX/src/NpReadCheck.cpp,0,2,2
/media/ullmann/HDDGabriel/engines/UnrealEngine/Engine/Source/ThirdParty/PhysX3/PhysX_3.4/Source/PhysX/src/NpReadCheck.h,6,0,6
/media/ullmann/HDDGabriel/engines/UnrealEngine/Engine/Source/Editor/Persona/Private/SAnimMontageSectionsPanel.cpp,0,2,2
/media/ullmann/HDDGabriel/engines/UnrealEngine/Engine/Source/ThirdParty/NVIDIA/NVaftermath/include/GFSDK_Aftermath_GpuCrashDump.h,0,1,1
/media/ullmann/HDDGabriel/engines/UnrealEngine/Engine/Source/ThirdParty/NVIDIA/NVaftermath/include/GFSDK_Aftermath_Defines.h,3,0,3
/media/ullmann/HDDGabriel/engines/UnrealEngine/Engine/Source/ThirdParty/ICU/icu4c-64_1/source/test/perf/ubrkperf/ubrkperf.cpp,0,1,1
/media/ullmann/HDDGabriel/engines/UnrealEngine/Engine/Source/ThirdParty/ICU/icu4c-64_1/source/test/perf/ubrkperf/ubrkperf.h,1,0,1
/media/ullmann/HDDGabriel/engines/UnrealEngine/Engine/Source/ThirdParty/MCPP/mcpp-2.7.2/test-l/nest65.h,1,1,2
/media/ullmann/HDDGabriel/engines/UnrealEngine/Engine/Source/ThirdParty/MCPP/mcpp-2.7.2/test-l/nest66.h,1,1,2
/media/ullmann/HDDGabriel/engines/UnrealEngine/Engine/Source/ThirdParty/openexr/Deploy/openexr-3.1.1/include/OpenEXR/IlmThreadForward.h,0,2,2
/media/ullmann/HDDGabriel/engines/UnrealEngine/Engine/Source/ThirdParty/WebRTC/4147/Include/third_party/libvpx/source/config/linux/arm-neon-highbd/vpx_scale_rtcd.h,0,1,1
/media/ullmann/HDDGabriel/engines/UnrealEngine/Engine/Source/ThirdParty/PhysX3/APEX_1.4/module/clothing/embedded/LowLevelCloth/src/PointInterpolator.h,2,1,3
/media/ullmann/HDDGabriel/engines/UnrealEngine/Engine/Source/ThirdParty/openexr/openexr-3.1.1/src/lib/OpenEXR/ImfBoxAttribute.cpp,0,2,2
/media/ullmann/HDDGabriel/engines/UnrealEngine/Engine/Source/ThirdParty/OpenVDB/openvdb-8.1.0/openvdb_maya/openvdb_maya/OpenVDBUtil.cc,0,1,1
/media/ullmann/HDDGabriel/engines/UnrealEngine/Engine/Source/ThirdParty/OpenVDB/openvdb-8.1.0/openvdb_maya/openvdb_maya/OpenVDBUtil.h,1,1,2
/media/ullmann/HDDGabriel/engines/UnrealEngine/Engine/Source/ThirdParty/Intel/Embree/Embree270/src/kernels/common/stat.cpp,0,1,1
/media/ullmann/HDDGabriel/engines/UnrealEngine/Engine/Source/ThirdParty/Boost/boost-1_70_0/include/boost/polygon/detail/property_merge_45.hpp,2,0,2
/media/ullmann/HDDGabriel/engines/UnrealEngine/Engine/Source/ThirdParty/HarfBuzz/harfbuzz-1.2.4/src/hb-font.cc,0,8,8
/media/ullmann/HDDGabriel/engines/UnrealEngine/Engine/Source/Editor/UnrealEd/Classes/MaterialEditor/MaterialEditorPreviewParameters.h,0,1,1
/media/ullmann/HDDGabriel/engines/UnrealEngine/Engine/Source/Editor/UnrealEd/Classes/MaterialEditor/MaterialEditorInstanceConstant.h,1,0,1
/media/ullmann/HDDGabriel/engines/UnrealEngine/Engine/Source/ThirdParty/PhysX3/PhysX_3.4/Source/SimulationController/src/ScArticulationJointCore.cpp,0,1,1
/media/ullmann/HDDGabriel/engines/UnrealEngine/Engine/Source/ThirdParty/PhysX3/PhysX_3.4/Source/SimulationController/src/ScArticulationJointSim.h,4,1,5
/media/ullmann/HDDGabriel/engines/UnrealEngine/Engine/Source/ThirdParty/Oculus/LibOVRPlatform/LibOVRPlatform/include/OVR_SdkAccountType.h,1,1,2
/media/ullmann/HDDGabriel/engines/UnrealEngine/Engine/Source/ThirdParty/CryptoPP/5.6.2/include/nbtheory.cpp,0,4,4
/media/ullmann/HDDGabriel/engines/UnrealEngine/Engine/Source/ThirdParty/PhysX3/NvCloth/src/NvSimd/scalar/NvScalarSimd4f.h,1,0,1
/media/ullmann/HDDGabriel/engines/UnrealEngine/Engine/Source/ThirdParty/PhysX3/PhysX_3.4/Source/PhysXExtensions/src/serialization/Xml/SnPxStreamOperators.h,3,0,3
/media/ullmann/HDDGabriel/engines/UnrealEngine/Engine/Source/ThirdParty/Intel/TBB/IntelTBB-2019u8/src/tbbmalloc/proxy.h,3,0,3
/media/ullmann/HDDGabriel/engines/UnrealEngine/Engine/Source/ThirdParty/OpenSubdiv/OpenSubdiv-3.4.4/regression/shapes/catmark_torus_creases0.h,1,0,1
/media/ullmann/HDDGabriel/engines/UnrealEngine/Engine/Source/Runtime/Online/HTTPServer/Private/HttpRequestHandlerRegistrar.cpp,0,1,1
/media/ullmann/HDDGabriel/engines/UnrealEngine/Engine/Source/Developer/MeshMergeUtilities/Public/SkeletalMeshAdapter.h,0,1,1
/media/ullmann/HDDGabriel/engines/UnrealEngine/Engine/Source/ThirdParty/ICU/icu4c-53_1/source/test/intltest/tztest.h,2,1,3
/media/ullmann/HDDGabriel/engines/UnrealEngine/Engine/Source/ThirdParty/ShaderConductor/ShaderConductor/External/DirectXShaderCompiler/lib/IR/ConstantFold.cpp,0,1,1
/media/ullmann/HDDGabriel/engines/UnrealEngine/Engine/Source/Runtime/Core/Public/HAL/PlatformNamedPipe.h,1,0,1
/media/ullmann/HDDGabriel/engines/UnrealEngine/Engine/Source/Runtime/Datasmith/DatasmithCore/Private/DatasmithSceneElementsImpl.cpp,0,1,1
/media/ullmann/HDDGabriel/engines/UnrealEngine/Engine/Source/ThirdParty/xxhash/tests/collisions/hashes.h,1,0,1
/media/ullmann/HDDGabriel/engines/UnrealEngine/Engine/Source/ThirdParty/ICU/icu4c-64_1/source/common/utracimp.h,5,1,6
/media/ullmann/HDDGabriel/engines/UnrealEngine/Engine/Source/ThirdParty/FreeType2/FreeType2-2.10.0/src/autofit/afdummy.h,2,1,3
/media/ullmann/HDDGabriel/engines/UnrealEngine/Engine/Source/Editor/Persona/Private/AnimTimeline/AnimTimelineTrack_PerBoneAttributes.h,2,1,3
/media/ullmann/HDDGabriel/engines/UnrealEngine/Engine/Source/ThirdParty/ShaderConductor/ShaderConductor/External/DirectXShaderCompiler/lib/DxilPIXPasses/DxilAnnotateWithVirtualRegister.cpp,0,1,1
/media/ullmann/HDDGabriel/engines/UnrealEngine/Engine/Source/Editor/InternationalizationSettings/Public/InternationalizationSettings.h,0,1,1
/media/ullmann/HDDGabriel/engines/UnrealEngine/Engine/Source/Editor/InternationalizationSettings/Public/InternationalizationSettingsModelDetails.h,1,0,1
/media/ullmann/HDDGabriel/engines/UnrealEngine/Engine/Source/ThirdParty/libcurl/curl-7.55.1/include/Win64/VS2015/curl/mprintf.h,0,1,1
/media/ullmann/HDDGabriel/engines/UnrealEngine/Engine/Source/ThirdParty/ShaderConductor/ShaderConductor/External/SPIRV-Tools/test/opt/replace_invalid_opc_test.cpp,0,1,1
/media/ullmann/HDDGabriel/engines/UnrealEngine/Engine/Source/Developer/AssetTools/Private/AssetTypeActions/AssetTypeActions_MaterialInstanceConstant.h,1,0,1
/media/ullmann/HDDGabriel/engines/UnrealEngine/Engine/Source/ThirdParty/HarfBuzz/harfbuzz-1.2.4/src/hb-glib.h,1,1,2
/media/ullmann/HDDGabriel/engines/UnrealEngine/Engine/Source/Programs/Enterprise/Datasmith/DatasmithARCHICADExporter/Private/Utils/WinOS.cpp,0,1,1
/media/ullmann/HDDGabriel/engines/UnrealEngine/Engine/Source/ThirdParty/Intel/ISPC/ispc-1.16.1/ispcrt/detail/TaskQueue.h,2,3,5
/media/ullmann/HDDGabriel/engines/UnrealEngine/Engine/Source/Runtime/Apple/MetalRHI/Private/MetalTexture.cpp,0,4,4
/media/ullmann/HDDGabriel/engines/UnrealEngine/Engine/Source/ThirdParty/ICU/icu4c-53_1/source/test/intltest/itrbnfrt.cpp,0,1,1
/media/ullmann/HDDGabriel/engines/UnrealEngine/Engine/Source/ThirdParty/ICU/icu4c-53_1/source/test/intltest/itrbnfrt.h,2,1,3
/media/ullmann/HDDGabriel/engines/UnrealEngine/Engine/Source/ThirdParty/ICU/icu4c-64_1/source/test/intltest/tzrulets.h,2,1,3
/media/ullmann/HDDGabriel/engines/UnrealEngine/Engine/Source/ThirdParty/ICU/icu4c-64_1/source/test/intltest/numberformattesttuple.cpp,0,1,1
/media/ullmann/HDDGabriel/engines/UnrealEngine/Engine/Source/ThirdParty/ICU/icu4c-64_1/source/test/intltest/numberformattesttuple.h,3,0,3
/media/ullmann/HDDGabriel/engines/UnrealEngine/Engine/Source/ThirdParty/libOpus/opus-1.0.3/silk/NLSF_VQ.c,0,1,1
/media/ullmann/HDDGabriel/engines/UnrealEngine/Engine/Source/ThirdParty/ICU/icu4c-53_1/source/test/intltest/dadrcal.cpp,0,3,3
/media/ullmann/HDDGabriel/engines/UnrealEngine/Engine/Source/ThirdParty/ICU/icu4c-53_1/source/test/intltest/tsdate.h,6,1,7
/media/ullmann/HDDGabriel/engines/UnrealEngine/Engine/Source/Developer/IoStoreUtilities/Private/ZenFileSystemManifest.cpp,0,1,1
/media/ullmann/HDDGabriel/engines/UnrealEngine/Engine/Source/Developer/IoStoreUtilities/Private/ZenFileSystemManifest.h,2,0,2
/media/ullmann/HDDGabriel/engines/UnrealEngine/Engine/Source/Runtime/Core/Public/Misc/Char.h,3,0,3
/media/ullmann/HDDGabriel/engines/UnrealEngine/Engine/Source/ThirdParty/PhysX3/APEX_1.4/common/include/ApexCuda.h,0,1,1
/media/ullmann/HDDGabriel/engines/UnrealEngine/Engine/Source/ThirdParty/PhysX3/APEX_1.4/common/include/ApexCudaDefs.h,3,0,3
/media/ullmann/HDDGabriel/engines/UnrealEngine/Engine/Source/ThirdParty/libOpus/opus-1.3.1-12/silk/fixed/encode_frame_FIX.c,0,1,1
/media/ullmann/HDDGabriel/engines/UnrealEngine/Engine/Source/ThirdParty/Intel/Embree/Embree270/src/kernels/xeon/builders/heuristic_spatial_binning_list.h,1,4,5
/media/ullmann/HDDGabriel/engines/UnrealEngine/Engine/Source/ThirdParty/Intel/Embree/Embree270/src/kernels/xeon/builders/heuristic_binning_list_aligned.h,1,1,2
/media/ullmann/HDDGabriel/engines/UnrealEngine/Engine/Source/Runtime/Core/Public/GenericPlatform/GenericPlatformString.h,3,0,3
/media/ullmann/HDDGabriel/engines/UnrealEngine/Engine/Source/Editor/PropertyEditor/Private/PropertyEditorDelegates.cpp,0,2,2
/media/ullmann/HDDGabriel/engines/UnrealEngine/Engine/Source/ThirdParty/SDL2/SDL-gui-backend/src/video/x11/SDL_x11vulkan.h,3,2,5
/media/ullmann/HDDGabriel/engines/UnrealEngine/Engine/Source/Developer/DirectoryWatcher/Private/Windows/DirectoryWatchRequestWindows.cpp,0,1,1
/media/ullmann/HDDGabriel/engines/UnrealEngine/Engine/Source/ThirdParty/WebRTC/4147/Include/third_party/libvpx/source/config/linux/arm-neon-highbd/vpx_dsp_rtcd.h,0,1,1
/media/ullmann/HDDGabriel/engines/UnrealEngine/Engine/Source/Developer/AssetTools/Private/AssetTypeActions/AssetTypeActions_PoseAsset.h,1,0,1
/media/ullmann/HDDGabriel/engines/UnrealEngine/Engine/Source/Runtime/InteractiveToolsFramework/Public/InteractiveToolQueryInterfaces.h,2,0,2
/media/ullmann/HDDGabriel/engines/UnrealEngine/Engine/Source/ThirdParty/libcurl/7_65_3/include/Unix/aarch64-unknown-linux-gnueabi/curl/easy.h,1,0,1
/media/ullmann/HDDGabriel/engines/UnrealEngine/Engine/Source/Editor/UnrealEd/Classes/Exporters/SkeletalMeshExporterFBX.h,0,1,1
/media/ullmann/HDDGabriel/engines/UnrealEngine/Engine/Source/Editor/Persona/Private/SPoseEditor.cpp,0,2,2
/media/ullmann/HDDGabriel/engines/UnrealEngine/Engine/Source/ThirdParty/libOpus/opus-1.1/silk/fixed/regularize_correlations_FIX.c,0,1,1
/media/ullmann/HDDGabriel/engines/UnrealEngine/Engine/Source/ThirdParty/ICU/icu4c-64_1/source/test/cintltst/cstrcase.c,0,1,1
/media/ullmann/HDDGabriel/engines/UnrealEngine/Engine/Source/ThirdParty/Intel/TBB/IntelTBB-2019u8/src/test/test_malloc_overload_disable.cpp,0,3,3
/media/ullmann/HDDGabriel/engines/UnrealEngine/Engine/Source/ThirdParty/libOpus/opus-1.1/silk/stereo_MS_to_LR.c,0,1,1
/media/ullmann/HDDGabriel/engines/UnrealEngine/Engine/Source/Runtime/UMG/Public/Components/SizeBoxSlot.h,1,0,1
/media/ullmann/HDDGabriel/engines/UnrealEngine/Engine/Source/ThirdParty/PhysX3/NvCloth/samples/external/imgui/1.49/stb_rect_pack.h,1,0,1
/media/ullmann/HDDGabriel/engines/UnrealEngine/Engine/Source/ThirdParty/PhysX3/PxShared/src/foundation/include/PsSync.h,0,1,1
/media/ullmann/HDDGabriel/engines/UnrealEngine/Engine/Source/Editor/PropertyEditor/Private/UserInterface/PropertyEditor/SPropertyEditorText.h,1,0,1
/media/ullmann/HDDGabriel/engines/UnrealEngine/Engine/Source/ThirdParty/zlib/zlib-1.2.5/Src/contrib/minizip/zip.c,0,2,2
/media/ullmann/HDDGabriel/engines/UnrealEngine/Engine/Source/ThirdParty/zlib/zlib-1.2.5/Src/contrib/minizip/zip.h,2,1,3
/media/ullmann/HDDGabriel/engines/UnrealEngine/Engine/Source/Editor/AnimGraph/Public/AnimGraphNode_CustomTransitionResult.h,0,1,1
/media/ullmann/HDDGabriel/engines/UnrealEngine/Engine/Source/Editor/AnimGraph/Public/AnimGraphNode_StateResult.h,1,1,2
/media/ullmann/HDDGabriel/engines/UnrealEngine/Engine/Source/Runtime/Core/Public/Math/Matrix.h,3,0,3
/media/ullmann/HDDGabriel/engines/UnrealEngine/Engine/Source/ThirdParty/ICU/icu4c-53_1/source/test/intltest/tsnmfmt.h,2,1,3
/media/ullmann/HDDGabriel/engines/UnrealEngine/Engine/Source/Editor/BlueprintGraph/Classes/K2Node_Message.h,0,1,1
/media/ullmann/HDDGabriel/engines/UnrealEngine/Engine/Source/Editor/GraphEditor/Private/KismetPins/SGraphPinStruct.h,1,0,1
/media/ullmann/HDDGabriel/engines/UnrealEngine/Engine/Source/ThirdParty/ICU/icu4c-53_1/source/test/letest/PortableFontInstance.cpp,0,2,2
/media/ullmann/HDDGabriel/engines/UnrealEngine/Engine/Source/Editor/ContentBrowser/Public/SAssetView.h,0,5,5
/media/ullmann/HDDGabriel/engines/UnrealEngine/Engine/Source/Editor/ContentBrowser/Public/HistoryManager.h,1,1,2
/media/ullmann/HDDGabriel/engines/UnrealEngine/Engine/Source/ThirdParty/ICU/icu4c-64_1/source/test/cintltst/hpmufn.c,0,1,1
/media/ullmann/HDDGabriel/engines/UnrealEngine/Engine/Source/Runtime/Renderer/Private/GenerateConservativeDepthBuffer.cpp,0,2,2
/media/ullmann/HDDGabriel/engines/UnrealEngine/Engine/Source/Runtime/BinkAudioDecoder/SDK/BinkAudio/Src/binkacd.cpp,0,8,8
/media/ullmann/HDDGabriel/engines/UnrealEngine/Engine/Source/Runtime/BinkAudioDecoder/SDK/BinkAudio/Src/binkbits.h,1,0,1
/media/ullmann/HDDGabriel/engines/UnrealEngine/Engine/Source/ThirdParty/WebRTC/4147/Include/tools/clang/blink_gc_plugin/Config.h,2,0,2
/media/ullmann/HDDGabriel/engines/UnrealEngine/Engine/Source/Developer/Windows/LiveCoding/Private/External/xxhash.c,0,1,1
/media/ullmann/HDDGabriel/engines/UnrealEngine/Engine/Source/Developer/Windows/LiveCoding/Private/External/xxhash.h,3,1,4
/media/ullmann/HDDGabriel/engines/UnrealEngine/Engine/Source/Editor/ContentBrowser/Public/SourcesData.h,2,0,2
/media/ullmann/HDDGabriel/engines/UnrealEngine/Engine/Source/ThirdParty/Crunch/src/crnlib/crn_checksum.cpp,0,1,1
/media/ullmann/HDDGabriel/engines/UnrealEngine/Engine/Source/Editor/DetailCustomizations/Private/MovieSceneSequenceLoopCountCustomization.h,2,0,2
/media/ullmann/HDDGabriel/engines/UnrealEngine/Engine/Source/ThirdParty/FreeImage/FreeImage-3.18.0/Source/OpenEXR/IlmImf/ImfRgbaYca.cpp,0,2,2
/media/ullmann/HDDGabriel/engines/UnrealEngine/Engine/Source/ThirdParty/Intel/TBB/IntelTBB-2019u8/examples/parallel_for/tachyon/src/plane.h,2,0,2
/media/ullmann/HDDGabriel/engines/UnrealEngine/Engine/Source/Editor/Persona/Private/SAnimCurveViewer.cpp,0,2,2
/media/ullmann/HDDGabriel/engines/UnrealEngine/Engine/Source/Editor/Persona/Private/CurveViewerCommands.h,2,0,2
/media/ullmann/HDDGabriel/engines/UnrealEngine/Engine/Source/ThirdParty/MCPP/mcpp-2.7.2/cpp-test/test-l/nest78.h,1,1,2
/media/ullmann/HDDGabriel/engines/UnrealEngine/Engine/Source/ThirdParty/MCPP/mcpp-2.7.2/cpp-test/test-l/nest79.h,1,1,2
/media/ullmann/HDDGabriel/engines/UnrealEngine/Engine/Source/ThirdParty/WebRTC/4147/Include/third_party/libjpeg_turbo/jinclude.h,2,1,3
/media/ullmann/HDDGabriel/engines/UnrealEngine/Engine/Source/ThirdParty/WebRTC/4147/Include/third_party/libjpeg_turbo/jconfig.h,2,0,2
/media/ullmann/HDDGabriel/engines/UnrealEngine/Engine/Source/ThirdParty/ICU/icu4c-53_1/source/i18n/indiancal.cpp,0,4,4
/media/ullmann/HDDGabriel/engines/UnrealEngine/Engine/Source/Editor/BlueprintGraph/Classes/K2Node_GetDataTableRow.h,0,1,1
/media/ullmann/HDDGabriel/engines/UnrealEngine/Engine/Source/ThirdParty/SDL2/SDL-gui-backend/src/audio/SDL_audiocvt.c,0,3,3
/media/ullmann/HDDGabriel/engines/UnrealEngine/Engine/Source/Editor/SkeletonEditor/Private/SkeletonEditorMode.cpp,0,2,2
/media/ullmann/HDDGabriel/engines/UnrealEngine/Engine/Source/ThirdParty/openexr/openexr-3.1.1/src/lib/OpenEXR/ImfPreviewImageAttribute.h,6,4,10
/media/ullmann/HDDGabriel/engines/UnrealEngine/Engine/Source/Runtime/Apple/MetalRHI/Private/MetalVertexDeclaration.h,6,1,7
/media/ullmann/HDDGabriel/engines/UnrealEngine/Engine/Source/ThirdParty/Intel/Embree/Embree270/src/kernels/xeon/bvh4/bvh4_intersector16_single.h,2,4,6
/media/ullmann/HDDGabriel/engines/UnrealEngine/Engine/Source/ThirdParty/MCPP/mcpp-2.7.2/test-l/nest77.h,1,1,2
/media/ullmann/HDDGabriel/engines/UnrealEngine/Engine/Source/Developer/TraceInsights/Private/Insights/ViewModels/TimingViewDrawHelper.cpp,0,1,1
/media/ullmann/HDDGabriel/engines/UnrealEngine/Engine/Source/Developer/TraceInsights/Private/Insights/ViewModels/TimingViewDrawHelper.h,1,0,1
/media/ullmann/HDDGabriel/engines/UnrealEngine/Engine/Source/Editor/AudioEditor/Private/AssetTypeActions/AssetTypeActions_SoundCue.h,1,0,1
/media/ullmann/HDDGabriel/engines/UnrealEngine/Engine/Source/ThirdParty/PhysX3/PhysX_3.4/Source/GeomUtils/src/gjk/GuGJKSimplex.cpp,0,1,1
/media/ullmann/HDDGabriel/engines/UnrealEngine/Engine/Source/ThirdParty/ICU/icu4c-53_1/source/tools/genrb/rbutil.h,2,0,2
/media/ullmann/HDDGabriel/engines/UnrealEngine/Engine/Source/ThirdParty/Oculus/LibOVRPlatform/LibOVRPlatform/include/OVR_MessageType.h,2,1,3
/media/ullmann/HDDGabriel/engines/UnrealEngine/Engine/Source/Developer/AnimationWidgets/Public/SAdvancedTransformInputBox.h,0,1,1
/media/ullmann/HDDGabriel/engines/UnrealEngine/Engine/Source/Developer/AnimationWidgets/Public/SAdvancedRotationInputBox.h,1,0,1
/media/ullmann/HDDGabriel/engines/UnrealEngine/Engine/Source/ThirdParty/OpenSubdiv/OpenSubdiv-3.4.4/regression/shapes/catmark_inf_crease1.h,1,0,1
/media/ullmann/HDDGabriel/engines/UnrealEngine/Engine/Source/Runtime/Engine/Private/Level.cpp,0,1,1
/media/ullmann/HDDGabriel/engines/UnrealEngine/Engine/Source/ThirdParty/SPIRV-Reflect/SPIRV-Reflect/examples/common.cpp,0,2,2
/media/ullmann/HDDGabriel/engines/UnrealEngine/Engine/Source/ThirdParty/WebRTC/4147/Include/third_party/libvpx/source/libvpx/vp8/common/entropymv.h,1,1,2
/media/ullmann/HDDGabriel/engines/UnrealEngine/Engine/Source/ThirdParty/HarfBuzz/harfbuzz-2.4.0/src/hb-glib.cc,0,3,3
/media/ullmann/HDDGabriel/engines/UnrealEngine/Engine/Source/ThirdParty/HarfBuzz/harfbuzz-2.4.0/src/hb-glib.h,1,1,2
/media/ullmann/HDDGabriel/engines/UnrealEngine/Engine/Source/ThirdParty/MCPP/mcpp-2.7.2/test-l/nest110.h,1,1,2
/media/ullmann/HDDGabriel/engines/UnrealEngine/Engine/Source/ThirdParty/MCPP/mcpp-2.7.2/test-l/nest111.h,1,1,2
/media/ullmann/HDDGabriel/engines/UnrealEngine/Engine/Source/ThirdParty/FreeType2/FreeType2-2.6/Src/psaux/t1decode.h,2,0,2
/media/ullmann/HDDGabriel/engines/UnrealEngine/Engine/Source/ThirdParty/Intel/Embree/Embree270/src/kernels/xeon/bvh8/bvh8_intersector1.h,1,3,4
/media/ullmann/HDDGabriel/engines/UnrealEngine/Engine/Source/ThirdParty/libOpus/opus-1.3.1-12/silk/float/LTP_analysis_filter_FLP.c,0,1,1
/media/ullmann/HDDGabriel/engines/UnrealEngine/Engine/Source/ThirdParty/ShaderConductor/ShaderConductor/External/DirectXShaderCompiler/tools/llvm-pdbdump/TypeDumper.h,2,0,2
/media/ullmann/HDDGabriel/engines/UnrealEngine/Engine/Source/ThirdParty/openexr/openexr-3.1.1/src/bin/exrmaketiled/Image.h,2,1,3
/media/ullmann/HDDGabriel/engines/UnrealEngine/Engine/Source/ThirdParty/PhysX3/PxShared/src/foundation/include/PsTime.h,0,1,1
/media/ullmann/HDDGabriel/engines/UnrealEngine/Engine/Source/ThirdParty/Boost/boost-1_70_0/include/boost/multi_array.hpp,0,3,3
/media/ullmann/HDDGabriel/engines/UnrealEngine/Engine/Source/ThirdParty/Boost/boost-1_70_0/include/boost/functional,4,0,4
/media/ullmann/HDDGabriel/engines/UnrealEngine/Engine/Source/ThirdParty/MCPP/mcpp-2.7.2/cpp-test/test-l/nest90.h,1,1,2
/media/ullmann/HDDGabriel/engines/UnrealEngine/Engine/Source/ThirdParty/MCPP/mcpp-2.7.2/cpp-test/test-l/nest91.h,1,1,2
/media/ullmann/HDDGabriel/engines/UnrealEngine/Engine/Source/ThirdParty/libOpus/opus-1.3.1-12/silk/float/pitch_analysis_core_FLP.c,0,1,1
/media/ullmann/HDDGabriel/engines/UnrealEngine/Engine/Source/Runtime/Core/Public/Misc/OutputDeviceConsole.h,1,0,1
/media/ullmann/HDDGabriel/engines/UnrealEngine/Engine/Source/Runtime/AudioMixer/Private/AudioMixerBuffer.cpp,0,2,2
/media/ullmann/HDDGabriel/engines/UnrealEngine/Engine/Source/ThirdParty/PhysX3/PhysX_3.4/Source/PhysX/src/NpPhysicsInsertionCallback.h,1,1,2
/media/ullmann/HDDGabriel/engines/UnrealEngine/Engine/Source/Developer/Windows/LiveCodingServer/Private/External/LC_OutputFile.cpp,0,2,2
/media/ullmann/HDDGabriel/engines/UnrealEngine/Engine/Source/Editor/UnrealEd/Private/PackageAutoSaver.cpp,0,3,3
/media/ullmann/HDDGabriel/engines/UnrealEngine/Engine/Source/ThirdParty/Android/libunwind/libunwind/src/mips/Lis_signal_frame.c,0,1,1
/media/ullmann/HDDGabriel/engines/UnrealEngine/Engine/Source/ThirdParty/FreeType2/FreeType2-2.10.4/src/psaux/psconv.h,3,0,3
/media/ullmann/HDDGabriel/engines/UnrealEngine/Engine/Source/ThirdParty/FreeType2/FreeType2-2.4.12/src/psnames/psnamerr.h,2,0,2
/media/ullmann/HDDGabriel/engines/UnrealEngine/Engine/Source/ThirdParty/OpenSubdiv/OpenSubdiv-3.4.4/regression/shapes/catmark_cube_corner3.h,2,0,2
/media/ullmann/HDDGabriel/engines/UnrealEngine/Engine/Source/ThirdParty/ICU/icu4c-64_1/source/i18n/number_affixutils.cpp,0,1,1
/media/ullmann/HDDGabriel/engines/UnrealEngine/Engine/Source/ThirdParty/ICU/icu4c-64_1/source/test/intltest/pluralmaptest.cpp,0,1,1
/media/ullmann/HDDGabriel/engines/UnrealEngine/Engine/Source/ThirdParty/ICU/icu4c-53_1/source/common/unicode/utf8.h,12,0,12
/media/ullmann/HDDGabriel/engines/UnrealEngine/Engine/Source/ThirdParty/OpenVDB/openvdb-8.1.0/openvdb_maya/openvdb_maya/OpenVDBData.cc,0,1,1
/media/ullmann/HDDGabriel/engines/UnrealEngine/Engine/Source/ThirdParty/OpenVDB/openvdb-8.1.0/openvdb_maya/openvdb_maya/OpenVDBData.h,2,0,2
/media/ullmann/HDDGabriel/engines/UnrealEngine/Engine/Source/Runtime/BinkAudioDecoder/SDK/BinkAudio/Src/radmath.h,2,0,2
/media/ullmann/HDDGabriel/engines/UnrealEngine/Engine/Source/ThirdParty/Perforce/P4Api.Net/p4bridge/Lock.cpp,0,2,2
/media/ullmann/HDDGabriel/engines/UnrealEngine/Engine/Source/ThirdParty/ICU/icu4c-64_1/source/i18n/collunsafe.h,1,0,1
/media/ullmann/HDDGabriel/engines/UnrealEngine/Engine/Source/ThirdParty/Intel/Embree/Embree270/src/common/simd/float16_avx512.h,1,0,1
/media/ullmann/HDDGabriel/engines/UnrealEngine/Engine/Source/ThirdParty/ICU/icu4c-64_1/source/test/cintltst/cturtst.c,0,4,4
/media/ullmann/HDDGabriel/engines/UnrealEngine/Engine/Source/ThirdParty/ICU/icu4c-64_1/source/test/cintltst/cturtst.h,1,1,2
/media/ullmann/HDDGabriel/engines/UnrealEngine/Engine/Source/ThirdParty/ICU/icu4c-53_1/source/test/cintltst/crestst.c,0,2,2
/media/ullmann/HDDGabriel/engines/UnrealEngine/Engine/Source/Editor/AnimationBlueprintEditor/Private/AnimationBlueprintEditorMode.h,2,1,3
/media/ullmann/HDDGabriel/engines/UnrealEngine/Engine/Source/ThirdParty/Intel/TBB/IntelTBB-2019u8/src/test/test_queue_node.cpp,0,3,3
/media/ullmann/HDDGabriel/engines/UnrealEngine/Engine/Source/ThirdParty/Intel/Embree/Embree2140/src/common/math/bbox.h,3,5,8
/media/ullmann/HDDGabriel/engines/UnrealEngine/Engine/Source/ThirdParty/FreeType2/FreeType2-2.6/Src/type1/t1afm.c,1,2,3
/media/ullmann/HDDGabriel/engines/UnrealEngine/Engine/Source/ThirdParty/PhysX3/APEX_1.4/include/UserRenderIndexBufferDesc.h,1,2,3
/media/ullmann/HDDGabriel/engines/UnrealEngine/Engine/Source/ThirdParty/FreeImage/FreeImage-3.18.0/Source/LibJPEG/jdatadst.c,0,3,3
/media/ullmann/HDDGabriel/engines/UnrealEngine/Engine/Source/Editor/Persona/Private/PoseWatchManagerDefaultHierarchy.h,3,2,5
/media/ullmann/HDDGabriel/engines/UnrealEngine/Engine/Source/ThirdParty/PhysX3/APEX_1.4/shared/general/meshimport/src/MeshImport/MeshImportBuilder.cpp,0,3,3
/media/ullmann/HDDGabriel/engines/UnrealEngine/Engine/Source/ThirdParty/PhysX3/APEX_1.4/shared/general/meshimport/src/MeshImport/VtxWeld.h,3,0,3
/media/ullmann/HDDGabriel/engines/UnrealEngine/Engine/Source/ThirdParty/Python3/Win64/include/pyctype.h,1,0,1
/media/ullmann/HDDGabriel/engines/UnrealEngine/Engine/Source/Editor/Sequencer/Private/SectionHandle.cpp,0,2,2
/media/ullmann/HDDGabriel/engines/UnrealEngine/Engine/Source/ThirdParty/FreeImage/FreeImage-3.18.0/TestAPI/testImageType.cpp,0,1,1
/media/ullmann/HDDGabriel/engines/UnrealEngine/Engine/Source/Programs/UnrealLightmass/Private/Lighting/Mappings.cpp,0,2,2
/media/ullmann/HDDGabriel/engines/UnrealEngine/Engine/Source/ThirdParty/FreeType2/FreeType2-2.10.0/src/type42/t42drivr.c,1,3,4
/media/ullmann/HDDGabriel/engines/UnrealEngine/Engine/Source/ThirdParty/ShaderConductor/ShaderConductor/External/DirectXShaderCompiler/lib/DxilPIXPasses/DxilDbgValueToDbgDeclare.cpp,0,1,1
/media/ullmann/HDDGabriel/engines/UnrealEngine/Engine/Source/Runtime/Renderer/Private/VT/RuntimeVirtualTextureProducer.cpp,0,1,1
/media/ullmann/HDDGabriel/engines/UnrealEngine/Engine/Source/Runtime/Renderer/Private/VT/RuntimeVirtualTextureProducer.h,1,0,1
/media/ullmann/HDDGabriel/engines/UnrealEngine/Engine/Source/ThirdParty/ICU/icu4c-64_1/source/tools/tzcode/zic.c,0,3,3
/media/ullmann/HDDGabriel/engines/UnrealEngine/Engine/Source/Runtime/Core/Public/Internationalization/TextNamespaceFwd.h,3,0,3
/media/ullmann/HDDGabriel/engines/UnrealEngine/Engine/Source/Runtime/Apple/MetalRHI/Private/Shaders/Debugging/MetalShaderDebugZipFile.cpp,0,1,1
/media/ullmann/HDDGabriel/engines/UnrealEngine/Engine/Source/ThirdParty/Boost/boost-1_70_0/include/boost/numeric/ublas/tensor/ostream.hpp,1,0,1
/media/ullmann/HDDGabriel/engines/UnrealEngine/Engine/Source/ThirdParty/PhysX3/PhysX_3.4/Source/SimulationController/src/particles/ScParticleBodyInteraction.cpp,0,2,2
/media/ullmann/HDDGabriel/engines/UnrealEngine/Engine/Source/ThirdParty/Imath/Imath-3.1.3/src/Imath/ImathRandom.cpp,0,1,1
/media/ullmann/HDDGabriel/engines/UnrealEngine/Engine/Source/ThirdParty/Imath/Imath-3.1.3/src/Imath/ImathRandom.h,1,2,3
/media/ullmann/HDDGabriel/engines/UnrealEngine/Engine/Source/ThirdParty/CryptoPP/5.6.2/include/safer.cpp,0,4,4
/media/ullmann/HDDGabriel/engines/UnrealEngine/Engine/Source/ThirdParty/xxhash/tests/bench/bhDisplay.c,0,2,2
/media/ullmann/HDDGabriel/engines/UnrealEngine/Engine/Source/Runtime/GeometryCore/Public/SphereTypes.h,0,1,1
/media/ullmann/HDDGabriel/engines/UnrealEngine/Engine/Source/Editor/BlueprintGraph/Classes/K2Node_VariableGet.h,0,1,1
/media/ullmann/HDDGabriel/engines/UnrealEngine/Engine/Source/ThirdParty/Breakpad/src/common/linux/elfutils-inl.h,0,1,1
/media/ullmann/HDDGabriel/engines/UnrealEngine/Engine/Source/ThirdParty/Breakpad/src/common/linux/elfutils.h,1,0,1
/media/ullmann/HDDGabriel/engines/UnrealEngine/Engine/Source/ThirdParty/PhysX3/NvCloth/src/Factory.cpp,0,2,2
/media/ullmann/HDDGabriel/engines/UnrealEngine/Engine/Source/ThirdParty/FreeImage/FreeImage-3.18.0/Source/LibTIFF4/tif_thunder.c,0,1,1
/media/ullmann/HDDGabriel/engines/UnrealEngine/Engine/Source/ThirdParty/libOpus/opus-1.3.1-12/silk/resampler_down2_3.c,0,2,2
/media/ullmann/HDDGabriel/engines/UnrealEngine/Engine/Source/Editor/UnrealEd/Public/SColorGradientEditor.h,1,0,1
/media/ullmann/HDDGabriel/engines/UnrealEngine/Engine/Source/ThirdParty/PhysX3/NvCloth/src/dx/DxFactory.cpp,0,8,8
/media/ullmann/HDDGabriel/engines/UnrealEngine/Engine/Source/ThirdParty/openexr/openexr-3.1.1/src/test/OpenEXRTest/testCompression.cpp,0,2,2
/media/ullmann/HDDGabriel/engines/UnrealEngine/Engine/Source/ThirdParty/openexr/openexr-3.1.1/src/test/OpenEXRTest/compareFloat.h,4,0,4
/media/ullmann/HDDGabriel/engines/UnrealEngine/Engine/Source/ThirdParty/MCPP/mcpp-2.7.2/cpp-test/test-l/nest118.h,1,1,2
/media/ullmann/HDDGabriel/engines/UnrealEngine/Engine/Source/ThirdParty/ShaderConductor/ShaderConductor/External/DirectXShaderCompiler/tools/clang/lib/Driver/MinGWToolChain.cpp,0,1,1
/media/ullmann/HDDGabriel/engines/UnrealEngine/Engine/Source/Runtime/Slate/Public/Framework/Text/ShapedTextCacheFwd.h,3,0,3
/media/ullmann/HDDGabriel/engines/UnrealEngine/Engine/Source/ThirdParty/FreeType2/FreeType2-2.4.12/src/type1/t1driver.h,1,0,1
/media/ullmann/HDDGabriel/engines/UnrealEngine/Engine/Source/ThirdParty/libOpus/opus-1.3.1-12/silk/decode_parameters.c,0,1,1
/media/ullmann/HDDGabriel/engines/UnrealEngine/Engine/Source/ThirdParty/CryptoPP/5.6.2/include/salsa.h,2,1,3
/media/ullmann/HDDGabriel/engines/UnrealEngine/Engine/Source/ThirdParty/SpeedTree/SpeedTreeSDK-v7.0/Include/Core/ExportEnd.h,3,0,3
/media/ullmann/HDDGabriel/engines/UnrealEngine/Engine/Source/ThirdParty/FreeType2/FreeType2-2.10.4/src/type1/t1errors.h,6,0,6
/media/ullmann/HDDGabriel/engines/UnrealEngine/Engine/Source/Runtime/Online/BuildPatchServices/Public/BuildPatchFeatureLevel.h,1,0,1
/media/ullmann/HDDGabriel/engines/UnrealEngine/Engine/Source/ThirdParty/libOpus/opus-1.3.1-12/silk/quant_LTP_gains.c,0,2,2
/media/ullmann/HDDGabriel/engines/UnrealEngine/Engine/Source/ThirdParty/Breakpad/src/third_party/libdisasm/ia32_invariant.h,2,1,3
/media/ullmann/HDDGabriel/engines/UnrealEngine/Engine/Source/Runtime/AssetRegistry/Private/AssetRegistryPrivate.h,8,0,8
/media/ullmann/HDDGabriel/engines/UnrealEngine/Engine/Source/ThirdParty/libPNG/libPNG-1.5.2/pngget.c,0,1,1
/media/ullmann/HDDGabriel/engines/UnrealEngine/Engine/Source/ThirdParty/ICU/icu4c-64_1/source/common/udatamem.cpp,0,4,4
/media/ullmann/HDDGabriel/engines/UnrealEngine/Engine/Source/Editor/Persona/Private/SAnimCurveViewer.h,3,1,4
/media/ullmann/HDDGabriel/engines/UnrealEngine/Engine/Source/ThirdParty/libOpus/opus-1.0.3/celt/quant_bands.h,3,5,8
/media/ullmann/HDDGabriel/engines/UnrealEngine/Engine/Source/ThirdParty/SDL2/SDL-gui-backend/src/sensor/dummy/SDL_dummysensor.c,0,3,3
/media/ullmann/HDDGabriel/engines/UnrealEngine/Engine/Source/ThirdParty/Intel/ISPCTexComp/ispc_texcomp/ispc_texcomp.cpp,0,2,2
/media/ullmann/HDDGabriel/engines/UnrealEngine/Engine/Source/ThirdParty/Intel/ISPCTexComp/ispc_texcomp/ispc_texcomp.h,2,0,2
/media/ullmann/HDDGabriel/engines/UnrealEngine/Engine/Source/ThirdParty/EOSSDK/SDK/Bin/IOS/EOSSDK.framework/Headers/eos_init.h,1,1,2
/media/ullmann/HDDGabriel/engines/UnrealEngine/Engine/Source/ThirdParty/openexr/openexr-3.1.1/src/lib/OpenEXRUtil/ImfImageIO.cpp,0,3,3
/media/ullmann/HDDGabriel/engines/UnrealEngine/Engine/Source/ThirdParty/Intel/TBB/IntelTBB-2019u8/src/test/test_buffer_node.cpp,0,2,2
/media/ullmann/HDDGabriel/engines/UnrealEngine/Engine/Source/ThirdParty/libOpus/opus-1.0.3/celt/pitch.c,0,6,6
/media/ullmann/HDDGabriel/engines/UnrealEngine/Engine/Source/Editor/MaterialEditor/Private/SMaterialParametersOverviewWidget.cpp,0,2,2
/media/ullmann/HDDGabriel/engines/UnrealEngine/Engine/Source/ThirdParty/HarfBuzz/harfbuzz-2.4.0/src/hb-shaper-list.hh,2,0,2
/media/ullmann/HDDGabriel/engines/UnrealEngine/Engine/Source/ThirdParty/PhysX3/PxShared/src/foundation/include/PsSort.h,1,2,3
/media/ullmann/HDDGabriel/engines/UnrealEngine/Engine/Source/ThirdParty/PhysX3/PxShared/src/foundation/include/PsAlloca.h,1,1,2
/media/ullmann/HDDGabriel/engines/UnrealEngine/Engine/Source/ThirdParty/ICU/icu4c-53_1/source/test/cintltst/cucdapi.c,0,2,2
/media/ullmann/HDDGabriel/engines/UnrealEngine/Engine/Source/ThirdParty/ICU/icu4c-53_1/source/test/cintltst/cucdapi.h,2,0,2
/media/ullmann/HDDGabriel/engines/UnrealEngine/Engine/Source/ThirdParty/FreeType2/FreeType2-2.4.12/src/cache/ftcimage.c,1,3,4
/media/ullmann/HDDGabriel/engines/UnrealEngine/Engine/Source/ThirdParty/FreeType2/FreeType2-2.10.4/src/sfnt/ttcpal.c,1,1,2
/media/ullmann/HDDGabriel/engines/UnrealEngine/Engine/Source/ThirdParty/FreeImage/FreeImage-3.18.0/Source/OpenEXR/IlmImf/ImfRgbaFile.cpp,0,7,7
/media/ullmann/HDDGabriel/engines/UnrealEngine/Engine/Source/Runtime/ClothingSystemRuntimeNv/Public/NvClothSupport.h,0,1,1
/media/ullmann/HDDGabriel/engines/UnrealEngine/Engine/Source/Runtime/ClothingSystemRuntimeNv/Public/NvClothIncludes.h,1,0,1
/media/ullmann/HDDGabriel/engines/UnrealEngine/Engine/Source/ThirdParty/coremod/coremod-4.2.6/src/dataio.c,0,1,1
/media/ullmann/HDDGabriel/engines/UnrealEngine/Engine/Source/ThirdParty/HarfBuzz/harfbuzz-2.4.0/src/hb-ot-layout.h,3,2,5
/media/ullmann/HDDGabriel/engines/UnrealEngine/Engine/Source/ThirdParty/WebRTC/4147/Include/base/callback_list.h,0,1,1
/media/ullmann/HDDGabriel/engines/UnrealEngine/Engine/Source/ThirdParty/ICU/icu4c-53_1/source/test/intltest/calregts.cpp,0,2,2
/media/ullmann/HDDGabriel/engines/UnrealEngine/Engine/Source/ThirdParty/HarfBuzz/harfbuzz-2.4.0/src/hb-ot-layout-gsub-table.hh,3,0,3
/media/ullmann/HDDGabriel/engines/UnrealEngine/Engine/Source/ThirdParty/HarfBuzz/harfbuzz-1.2.4/src/hb-common.cc,0,3,3
/media/ullmann/HDDGabriel/engines/UnrealEngine/Engine/Source/ThirdParty/Intel/TBB/IntelTBB-2019u8/examples/parallel_for/tachyon/src/quadric.cpp,0,7,7
/media/ullmann/HDDGabriel/engines/UnrealEngine/Engine/Source/Editor/PropertyEditor/Private/PropertyTextUtilities.cpp,0,3,3
/media/ullmann/HDDGabriel/engines/UnrealEngine/Engine/Source/Runtime/Core/Public/GenericPlatform/GenericPlatformAffinity.h,2,0,2
/media/ullmann/HDDGabriel/engines/UnrealEngine/Engine/Source/ThirdParty/Eigen/Eigen/src/misc/lapacke.h,0,1,1
/media/ullmann/HDDGabriel/engines/UnrealEngine/Engine/Source/ThirdParty/Eigen/Eigen/src/misc/lapacke_mangling.h,1,0,1
/media/ullmann/HDDGabriel/engines/UnrealEngine/Engine/Source/Editor/UnrealEd/Public/EditorAnalytics.h,1,0,1
/media/ullmann/HDDGabriel/engines/UnrealEngine/Engine/Source/ThirdParty/openexr/openexr-3.1.1/src/lib/OpenEXR/ImfStandardAttributes.cpp,0,2,2
/media/ullmann/HDDGabriel/engines/UnrealEngine/Engine/Source/Runtime/MovieScene/Public/MovieSceneKeyProxy.h,0,3,3
/media/ullmann/HDDGabriel/engines/UnrealEngine/Engine/Source/Runtime/AudioExtensions/Public/IAudioEndpoint.h,0,1,1
/media/ullmann/HDDGabriel/engines/UnrealEngine/Engine/Source/Editor/BlueprintGraph/Classes/K2Node_InputTouchEvent.h,0,1,1
/media/ullmann/HDDGabriel/engines/UnrealEngine/Engine/Source/Programs/UnrealLightmass/Private/Lighting/PhotonMapping.cpp,0,2,2
/media/ullmann/HDDGabriel/engines/UnrealEngine/Engine/Source/Runtime/SlateCore/Public/Application/SlateWindowHelper.h,1,0,1
/media/ullmann/HDDGabriel/engines/UnrealEngine/Engine/Source/Editor/UnrealEd/Public/MiniCurveEditor.h,0,1,1
/media/ullmann/HDDGabriel/engines/UnrealEngine/Engine/Source/Editor/UnrealEd/Public/Subsystems/AssetEditorSubsystem.h,2,0,2
/media/ullmann/HDDGabriel/engines/UnrealEngine/Engine/Source/Editor/Sequencer/Public/SequencerClipboardReconciler.h,1,0,1
/media/ullmann/HDDGabriel/engines/UnrealEngine/Engine/Source/ThirdParty/SDL2/SDL-gui-backend/src/video/dummy/SDL_nullframebuffer_c.h,2,1,3
/media/ullmann/HDDGabriel/engines/UnrealEngine/Engine/Source/ThirdParty/OpenSubdiv/OpenSubdiv-3.4.4/opensubdiv/osd/cudaD3D11VertexBuffer.h,1,1,2
/media/ullmann/HDDGabriel/engines/UnrealEngine/Engine/Source/ThirdParty/llvm/8/include/llvm/DebugInfo/PDB/ConcreteSymbolEnumerator.h,1,0,1
/media/ullmann/HDDGabriel/engines/UnrealEngine/Engine/Source/Programs/UnrealLightmass/Private/Lighting/LightingSystem.cpp,0,2,2
/media/ullmann/HDDGabriel/engines/UnrealEngine/Engine/Source/Editor/SkeletonEditor/Private/SkeletonTreeVirtualBoneItem.cpp,0,2,2
/media/ullmann/HDDGabriel/engines/UnrealEngine/Engine/Source/ThirdParty/Unix/LibCxx/include/c++/v1/type_traits,1,0,1
/media/ullmann/HDDGabriel/engines/UnrealEngine/Engine/Source/ThirdParty/PhysX3/PhysX_3.4/Source/GeomUtils/src/contact/GuLegacyContactCapsuleHeightField.cpp,0,1,1
/media/ullmann/HDDGabriel/engines/UnrealEngine/Engine/Source/Runtime/GeometryCore/Public/MatrixTypes.h,2,2,4
/media/ullmann/HDDGabriel/engines/UnrealEngine/Engine/Source/ThirdParty/OpenSubdiv/OpenSubdiv-3.4.4/glLoader/glApi.h,1,1,2
/media/ullmann/HDDGabriel/engines/UnrealEngine/Engine/Source/ThirdParty/OpenSubdiv/OpenSubdiv-3.4.4/glLoader/khrplatform.h,1,0,1
/media/ullmann/HDDGabriel/engines/UnrealEngine/Engine/Source/ThirdParty/OpenSubdiv/OpenSubdiv-3.4.4/examples/common/hud.cpp,0,2,2
/media/ullmann/HDDGabriel/engines/UnrealEngine/Engine/Source/ThirdParty/Intel/MetricsDiscovery/MetricsDiscoveryHelper/samples/range_sample_dx11/imgui/imgui.cpp,0,3,3
/media/ullmann/HDDGabriel/engines/UnrealEngine/Engine/Source/ThirdParty/ICU/icu4c-64_1/source/test/intltest/lcukocol.h,2,1,3
/media/ullmann/HDDGabriel/engines/UnrealEngine/Engine/Source/ThirdParty/PhysX3/NvCloth/src/dx/DxClothData.h,6,0,6
/media/ullmann/HDDGabriel/engines/UnrealEngine/Engine/Source/ThirdParty/Perforce/p4api-2018.1/Include/Win64/VS2015/p4/keepalive.h,1,0,1
/media/ullmann/HDDGabriel/engines/UnrealEngine/Engine/Source/Runtime/Apple/AGXRHI/Private/AGXTransitionData.h,4,0,4
/media/ullmann/HDDGabriel/engines/UnrealEngine/Engine/Source/ThirdParty/PhysX3/PhysX_3.4/Source/LowLevelCloth/src/sse2/Simd4i.h,1,0,1
/media/ullmann/HDDGabriel/engines/UnrealEngine/Engine/Source/ThirdParty/hlslcc/hlslcc/src/hlslcc_lib/ir_function_can_inline.cpp,0,2,2
/media/ullmann/HDDGabriel/engines/UnrealEngine/Engine/Source/ThirdParty/Intel/Embree/Embree270/src/kernels/xeonphi/geometry/instance_intersector1.cpp,0,1,1
/media/ullmann/HDDGabriel/engines/UnrealEngine/Engine/Source/ThirdParty/Intel/Embree/Embree270/src/kernels/xeonphi/geometry/instance_intersector1.h,1,2,3
/media/ullmann/HDDGabriel/engines/UnrealEngine/Engine/Source/ThirdParty/llvm/8/include/llvm/DebugInfo/PDB/DIA/DIASession.h,0,1,1
/media/ullmann/HDDGabriel/engines/UnrealEngine/Engine/Source/ThirdParty/PhysX3/PhysX_3.4/Source/SimulationController/src/ScStaticCore.cpp,0,1,1
/media/ullmann/HDDGabriel/engines/UnrealEngine/Engine/Source/ThirdParty/NVIDIA/GeForceNOW/include/GfnSdk.h,1,0,1
/media/ullmann/HDDGabriel/engines/UnrealEngine/Engine/Source/ThirdParty/ICU/icu4c-64_1/source/test/intltest/jamotest.cpp,0,1,1
/media/ullmann/HDDGabriel/engines/UnrealEngine/Engine/Source/ThirdParty/ICU/icu4c-64_1/source/test/intltest/jamotest.h,2,1,3
/media/ullmann/HDDGabriel/engines/UnrealEngine/Engine/Source/Runtime/VulkanRHI/Private/VulkanPlatform.h,3,0,3
/media/ullmann/HDDGabriel/engines/UnrealEngine/Engine/Source/ThirdParty/PhysX3/PhysX_3.4/Source/GeomUtils/src/contact/GuContactCapsuleMesh.cpp,0,2,2
/media/ullmann/HDDGabriel/engines/UnrealEngine/Engine/Source/Runtime/LevelSequence/Private/SequenceMediaController.cpp,0,1,1
/media/ullmann/HDDGabriel/engines/UnrealEngine/Engine/Source/ThirdParty/PhysX3/PxShared/src/foundation/include/windows/PsWindowsInlineAoS.h,1,1,2
/media/ullmann/HDDGabriel/engines/UnrealEngine/Engine/Source/Runtime/Experimental/Chaos/Public/Chaos/Declares.h,2,0,2
/media/ullmann/HDDGabriel/engines/UnrealEngine/Engine/Source/ThirdParty/FreeType2/FreeType2-2.6/Src/sfnt/sfobjs.h,2,0,2
/media/ullmann/HDDGabriel/engines/UnrealEngine/Engine/Source/Runtime/Engine/Classes/Particles/ParticleSystemComponent.h,0,1,1
/media/ullmann/HDDGabriel/engines/UnrealEngine/Engine/Source/ThirdParty/PhysX3/PhysX_3.4/Source/LowLevelCloth/src/MovingAverage.h,1,1,2
/media/ullmann/HDDGabriel/engines/UnrealEngine/Engine/Source/Editor/SkeletonEditor/Public/SkeletonTreeItem.h,0,2,2
/media/ullmann/HDDGabriel/engines/UnrealEngine/Engine/Source/ThirdParty/ShaderConductor/ShaderConductor/External/DirectXShaderCompiler/tools/clang/lib/Sema/SemaOpenMP.cpp,0,1,1
/media/ullmann/HDDGabriel/engines/UnrealEngine/Engine/Source/ThirdParty/SDL2/SDL-gui-backend/src/events/SDL_gesture.c,0,3,3
/media/ullmann/HDDGabriel/engines/UnrealEngine/Engine/Source/ThirdParty/PLCrashReporter/PLCrashReporter/Source/PLCrashAsyncDwarfExpression.cpp,0,5,5
/media/ullmann/HDDGabriel/engines/UnrealEngine/Engine/Source/ThirdParty/SDL2/SDL-gui-backend/src/audio/fusionsound/SDL_fsaudio.h,1,2,3
/media/ullmann/HDDGabriel/engines/UnrealEngine/Engine/Source/ThirdParty/FreeType2/FreeType2-2.10.0/src/cache/ftcglyph.c,1,3,4
/media/ullmann/HDDGabriel/engines/UnrealEngine/Engine/Source/Runtime/Networking/Public/Interfaces/Steam/SteamEndpoint.h,1,0,1
/media/ullmann/HDDGabriel/engines/UnrealEngine/Engine/Source/Runtime/BinkAudioDecoder/SDK/BinkAudio/Src/radfft_tables.inl,1,0,1
/media/ullmann/HDDGabriel/engines/UnrealEngine/Engine/Source/Runtime/Renderer/Private/HairStrands/HairStrandsLUT.h,4,0,4
/media/ullmann/HDDGabriel/engines/UnrealEngine/Engine/Source/Runtime/Engine/Public/ReferenceSkeleton.h,5,0,5
/media/ullmann/HDDGabriel/engines/UnrealEngine/Engine/Source/ThirdParty/FreeType2/FreeType2-2.6/Src/smooth/ftsmooth.c,1,4,5
/media/ullmann/HDDGabriel/engines/UnrealEngine/Engine/Source/ThirdParty/FreeType2/FreeType2-2.6/Src/smooth/ftspic.h,3,0,3
/media/ullmann/HDDGabriel/engines/UnrealEngine/Engine/Source/ThirdParty/hlslcc/hlslcc/src/hlslcc_lib/loop_unroll.cpp,0,5,5
/media/ullmann/HDDGabriel/engines/UnrealEngine/Engine/Source/ThirdParty/ICU/icu4c-64_1/source/i18n/tzgnames.cpp,0,9,9
/media/ullmann/HDDGabriel/engines/UnrealEngine/Engine/Source/ThirdParty/ICU/icu4c-64_1/source/i18n/unicode/vtzone.h,5,0,5
/media/ullmann/HDDGabriel/engines/UnrealEngine/Engine/Source/ThirdParty/HarfBuzz/harfbuzz-2.4.0/src/hb-ot-map.cc,0,3,3
/media/ullmann/HDDGabriel/engines/UnrealEngine/Engine/Source/Runtime/Slate/Public/Widgets/Input/SMenuAnchor.h,3,0,3
/media/ullmann/HDDGabriel/engines/UnrealEngine/Engine/Source/ThirdParty/PhysX3/PhysX_3.4/Source/GeomUtils/src/gjk/GuGJK.h,1,3,4
/media/ullmann/HDDGabriel/engines/UnrealEngine/Engine/Source/ThirdParty/Crunch/src/crnlib/lzma_Bra.cpp,0,2,2
/media/ullmann/HDDGabriel/engines/UnrealEngine/Engine/Source/ThirdParty/ShaderConductor/ShaderConductor/External/DirectXShaderCompiler/lib/Support/regutils.h,5,0,5
/media/ullmann/HDDGabriel/engines/UnrealEngine/Engine/Source/Runtime/MovieScene/Public/Channels/MovieSceneChannel.h,8,0,8
/media/ullmann/HDDGabriel/engines/UnrealEngine/Engine/Source/Runtime/SlateCore/Public/Fonts/FontCache.h,1,0,1
/media/ullmann/HDDGabriel/engines/UnrealEngine/Engine/Source/ThirdParty/HarfBuzz/harfbuzz-2.4.0/src/hb-ot-shape-complex-vowel-constraints.cc,0,1,1
/media/ullmann/HDDGabriel/engines/UnrealEngine/Engine/Source/ThirdParty/ICU/icu4c-53_1/source/common/ureslocs.h,1,2,3
/media/ullmann/HDDGabriel/engines/UnrealEngine/Engine/Source/ThirdParty/EOSSDK/SDK/Include/eos_presence_types.h,2,2,4
/media/ullmann/HDDGabriel/engines/UnrealEngine/Engine/Source/Runtime/Engine/Public/Net/DataBunch.h,2,0,2
/media/ullmann/HDDGabriel/engines/UnrealEngine/Engine/Source/Programs/UnrealLightmass/Private/Launch/UnrealLightmass.cpp,0,3,3
/media/ullmann/HDDGabriel/engines/UnrealEngine/Engine/Source/Runtime/Core/Public/HAL/ExceptionHandling.h,1,0,1
/media/ullmann/HDDGabriel/engines/UnrealEngine/Engine/Source/ThirdParty/OpenVDB/openvdb-8.1.0/openvdb_ax/openvdb_ax/compiler/PointExecutable.h,3,2,5
/media/ullmann/HDDGabriel/engines/UnrealEngine/Engine/Source/ThirdParty/ICU/icu4c-64_1/source/common/appendable.cpp,0,3,3
/media/ullmann/HDDGabriel/engines/UnrealEngine/Engine/Source/ThirdParty/ICU/icu4c-64_1/source/common/unicode/appendable.h,3,0,3
/media/ullmann/HDDGabriel/engines/UnrealEngine/Engine/Source/Runtime/Renderer/Private/DebugViewModeRendering.h,5,1,6
/media/ullmann/HDDGabriel/engines/UnrealEngine/Engine/Source/Editor/GraphEditor/Private/SGraphPin.cpp,0,1,1
/media/ullmann/HDDGabriel/engines/UnrealEngine/Engine/Source/Runtime/AnimGraphRuntime/Public/KismetAnimationLibrary.h,0,1,1
/media/ullmann/HDDGabriel/engines/UnrealEngine/Engine/Source/Runtime/AnimGraphRuntime/Public/KismetAnimationTypes.h,1,1,2
/media/ullmann/HDDGabriel/engines/UnrealEngine/Engine/Source/Runtime/Renderer/Private/Lumen/LumenTracingUtils.cpp,0,2,2
/media/ullmann/HDDGabriel/engines/UnrealEngine/Engine/Source/ThirdParty/FreeType2/FreeType2-2.4.12/src/gxvalid/gxvkern.c,1,2,3
/media/ullmann/HDDGabriel/engines/UnrealEngine/Engine/Source/Runtime/CoreUObject/Public/Serialization/SerializedPropertyScope.h,1,0,1
/media/ullmann/HDDGabriel/engines/UnrealEngine/Engine/Source/ThirdParty/OpenSubdiv/OpenSubdiv-3.4.4/examples/dxPtexViewer/sky.h,2,0,2
/media/ullmann/HDDGabriel/engines/UnrealEngine/Engine/Source/Runtime/Core/Public/HAL/PlatformFileManager.h,1,0,1
/media/ullmann/HDDGabriel/engines/UnrealEngine/Engine/Source/Editor/LandscapeEditor/Private/LandscapeEditorDetailCustomization_TargetLayers.cpp,0,3,3
/media/ullmann/HDDGabriel/engines/UnrealEngine/Engine/Source/Editor/EditorStyle/Private/SlateEditorStyle.h,4,0,4
/media/ullmann/HDDGabriel/engines/UnrealEngine/Engine/Source/Developer/Profiler/Private/ProfilerManager.cpp,0,5,5
/media/ullmann/HDDGabriel/engines/UnrealEngine/Engine/Source/ThirdParty/FreeType2/FreeType2-2.10.0/src/raster/ftraster.c,1,3,4
/media/ullmann/HDDGabriel/engines/UnrealEngine/Engine/Source/ThirdParty/FreeType2/FreeType2-2.10.0/src/raster/ftmisc.h,1,0,1
/media/ullmann/HDDGabriel/engines/UnrealEngine/Engine/Source/Editor/BlueprintGraph/Private/K2Node_StructMemberSet.cpp,0,1,1
/media/ullmann/HDDGabriel/engines/UnrealEngine/Engine/Source/ThirdParty/WebRTC/4147/Include/third_party/opus/src/celt/fixed_generic.h,1,1,2
/media/ullmann/HDDGabriel/engines/UnrealEngine/Engine/Source/ThirdParty/WebRTC/4147/Include/third_party/opus/src/celt/mips/fixed_generic_mipsr1.h,1,0,1
/media/ullmann/HDDGabriel/engines/UnrealEngine/Engine/Source/Runtime/Apple/AGXRHI/Private/AGXDynamicRHI.h,1,0,1
/media/ullmann/HDDGabriel/engines/UnrealEngine/Engine/Source/ThirdParty/libOpus/opus-1.1/silk/Inlines.h,1,0,1
/media/ullmann/HDDGabriel/engines/UnrealEngine/Engine/Source/ThirdParty/nvTextureTools/nvTextureTools-2.0.8/src/src/nvtt/CompressRGB.h,2,1,3
/media/ullmann/HDDGabriel/engines/UnrealEngine/Engine/Source/ThirdParty/WebRTC/4147/Include/third_party/ffmpeg/libavcodec/opusdsp.h,1,0,1
/media/ullmann/HDDGabriel/engines/UnrealEngine/Engine/Source/ThirdParty/Alembic/alembic-1.8.2/maya/AbcImport/LocatorHelper.h,3,0,3
/media/ullmann/HDDGabriel/engines/UnrealEngine/Engine/Source/ThirdParty/ICU/icu4c-64_1/source/test/letest/cfonts.h,1,0,1
/media/ullmann/HDDGabriel/engines/UnrealEngine/Engine/Source/ThirdParty/libOpus/opus-1.3.1-12/silk/NLSF2A.c,0,2,2
/media/ullmann/HDDGabriel/engines/UnrealEngine/Engine/Source/ThirdParty/ICU/icu4c-64_1/source/extra/uconv/uconv.cpp,0,1,1
/media/ullmann/HDDGabriel/engines/UnrealEngine/Engine/Source/ThirdParty/ICU/icu4c-64_1/source/extra/uconv/unicode/uwmsg.h,2,0,2
/media/ullmann/HDDGabriel/engines/UnrealEngine/Engine/Source/ThirdParty/ShaderConductor/ShaderConductor/External/DirectXShaderCompiler/tools/clang/lib/ARCMigrate/TransAutoreleasePool.cpp,0,2,2
/media/ullmann/HDDGabriel/engines/UnrealEngine/Engine/Source/ThirdParty/WebRTC/4147/Include/third_party/libsrtp/crypto/include/aes_icm_ossl.h,0,2,2
/media/ullmann/HDDGabriel/engines/UnrealEngine/Engine/Source/ThirdParty/ICU/icu4c-53_1/source/common/bytestrieiterator.cpp,0,5,5
/media/ullmann/HDDGabriel/engines/UnrealEngine/Engine/Source/ThirdParty/ICU/icu4c-64_1/source/i18n/tzrule.cpp,0,3,3
/media/ullmann/HDDGabriel/engines/UnrealEngine/Engine/Source/ThirdParty/Android/libunwind/libunwind/src/x86_64/Lresume.c,0,1,1
/media/ullmann/HDDGabriel/engines/UnrealEngine/Engine/Source/ThirdParty/Android/libunwind/libunwind/src/x86_64/Gresume.c,1,2,3
/media/ullmann/HDDGabriel/engines/UnrealEngine/Engine/Source/ThirdParty/ICU/icu4c-53_1/source/test/cintltst/utmstest.c,0,1,1
/media/ullmann/HDDGabriel/engines/UnrealEngine/Engine/Source/ThirdParty/Intel/Embree/Embree2140/src/common/algorithms/parallel_for_for_prefix_sum.h,3,2,5
/media/ullmann/HDDGabriel/engines/UnrealEngine/Engine/Source/ThirdParty/Imath/Imath-3.1.3/src/python/PyImath/PyImathStringArray.cpp,0,3,3
/media/ullmann/HDDGabriel/engines/UnrealEngine/Engine/Source/ThirdParty/HarfBuzz/harfbuzz-1.2.4/util/hb-ot-shape-closure.cc,0,1,1
/media/ullmann/HDDGabriel/engines/UnrealEngine/Engine/Source/ThirdParty/nvTextureTools/nvTextureTools-2.0.6/src/src/nvtt/squish/alpha.h,2,1,3
/media/ullmann/HDDGabriel/engines/UnrealEngine/Engine/Source/ThirdParty/SDL2/SDL-gui-backend/src/core/windows/SDL_windows.c,0,2,2
/media/ullmann/HDDGabriel/engines/UnrealEngine/Engine/Source/ThirdParty/ICU/icu4c-64_1/source/common/uscript.cpp,0,8,8
/media/ullmann/HDDGabriel/engines/UnrealEngine/Engine/Source/ThirdParty/Imath/Deploy/Imath-3.1.3/include/Imath/ImathForward.h,0,2,2
/media/ullmann/HDDGabriel/engines/UnrealEngine/Engine/Source/ThirdParty/ICU/icu4c-53_1/source/i18n/nortrans.cpp,0,1,1
/media/ullmann/HDDGabriel/engines/UnrealEngine/Engine/Source/ThirdParty/ICU/icu4c-53_1/source/i18n/nortrans.h,2,1,3
/media/ullmann/HDDGabriel/engines/UnrealEngine/Engine/Source/ThirdParty/CryptoPP/5.6.2/include/gcm.cpp,0,3,3
/media/ullmann/HDDGabriel/engines/UnrealEngine/Engine/Source/ThirdParty/Intel/TBB/IntelTBB-2019u8/examples/parallel_for/polygon_overlay/polymain.h,3,1,4
/media/ullmann/HDDGabriel/engines/UnrealEngine/Engine/Source/ThirdParty/ICU/icu4c-64_1/source/i18n/regextxt.h,4,0,4
/media/ullmann/HDDGabriel/engines/UnrealEngine/Engine/Source/ThirdParty/PhysX3/APEX_1.4/framework/include/autogen/BufferU32x4.h,1,0,1
/media/ullmann/HDDGabriel/engines/UnrealEngine/Engine/Source/ThirdParty/FreeImage/FreeImage-3.18.0/Source/ZLib/gzlib.c,0,1,1
/media/ullmann/HDDGabriel/engines/UnrealEngine/Engine/Source/ThirdParty/FreeImage/FreeImage-3.18.0/Source/ZLib/gzguts.h,5,1,6
/media/ullmann/HDDGabriel/engines/UnrealEngine/Engine/Source/ThirdParty/CryptoPP/5.6.5/include/ccm.cpp,0,2,2
/media/ullmann/HDDGabriel/engines/UnrealEngine/Engine/Source/ThirdParty/Windows/glTF-Toolkit/glTF-Toolkit.UWP/GLTFSerialization.cpp,0,3,3
/media/ullmann/HDDGabriel/engines/UnrealEngine/Engine/Source/ThirdParty/Windows/glTF-Toolkit/glTF-Toolkit.UWP/GLTFStreams.h,2,0,2
/media/ullmann/HDDGabriel/engines/UnrealEngine/Engine/Source/ThirdParty/FreeType2/FreeType2-2.4.12/src/autofit/afwarp.c,1,1,2
/media/ullmann/HDDGabriel/engines/UnrealEngine/Engine/Source/ThirdParty/PhysX3/APEX_1.4/module/destructible/fracture/Convex.cpp,0,2,2
/media/ullmann/HDDGabriel/engines/UnrealEngine/Engine/Source/ThirdParty/Intel/MetricsDiscovery/MetricsDiscoveryHelper/samples/range_sample_dx11/imgui/examples/sdl_opengl3_example/imgui_impl_sdl_gl3.cpp,0,1,1
/media/ullmann/HDDGabriel/engines/UnrealEngine/Engine/Source/ThirdParty/Intel/MetricsDiscovery/MetricsDiscoveryHelper/samples/range_sample_dx11/imgui/examples/sdl_opengl3_example/imgui_impl_sdl_gl3.h,2,0,2
/media/ullmann/HDDGabriel/engines/UnrealEngine/Engine/Source/ThirdParty/Oculus/LibOVRPlatform/LibOVRPlatform/include/OVR_AchievementDefinition.h,2,2,4
/media/ullmann/HDDGabriel/engines/UnrealEngine/Engine/Source/ThirdParty/Oculus/LibOVRPlatform/LibOVRPlatform/include/OVR_AchievementType.h,1,1,2
/media/ullmann/HDDGabriel/engines/UnrealEngine/Engine/Source/Editor/GraphEditor/Public/SGraphPin.h,5,1,6
/media/ullmann/HDDGabriel/engines/UnrealEngine/Engine/Source/Runtime/SlateCore/Public/Styling/SlateWidgetStyleContainerInterface.h,1,0,1
/media/ullmann/HDDGabriel/engines/UnrealEngine/Engine/Source/ThirdParty/ShaderConductor/ShaderConductor/External/DirectXShaderCompiler/tools/clang/tools/diagtool/diagtool_main.cpp,0,1,1
/media/ullmann/HDDGabriel/engines/UnrealEngine/Engine/Source/ThirdParty/libOpus/opus-1.3.1-12/celt/fixed_c5x.h,1,0,1
/media/ullmann/HDDGabriel/engines/UnrealEngine/Engine/Source/ThirdParty/ShaderConductor/ShaderConductor/External/DirectXShaderCompiler/lib/Support/Regex.cpp,0,1,1
/media/ullmann/HDDGabriel/engines/UnrealEngine/Engine/Source/ThirdParty/PhysX3/PhysX_3.4/Include/vehicle/PxVehicleComponents.h,1,1,2
/media/ullmann/HDDGabriel/engines/UnrealEngine/Engine/Source/Runtime/Core/Public/Math/Transform.h,3,0,3
/media/ullmann/HDDGabriel/engines/UnrealEngine/Engine/Source/ThirdParty/ShaderConductor/ShaderConductor/External/DirectXShaderCompiler/tools/clang/lib/Parse/Parser.cpp,0,1,1
/media/ullmann/HDDGabriel/engines/UnrealEngine/Engine/Source/ThirdParty/Intel/Embree/Embree270/src/kernels/xeonphi/bvh4i/bvh4i_intersector16_test.h,1,3,4
/media/ullmann/HDDGabriel/engines/UnrealEngine/Engine/Source/Runtime/Engine/Public/WorldPartition/WorldPartition.h,2,0,2
/media/ullmann/HDDGabriel/engines/UnrealEngine/Engine/Source/ThirdParty/Alembic/alembic-1.8.2/maya/AbcExport/MayaLocatorWriter.cpp,0,2,2
/media/ullmann/HDDGabriel/engines/UnrealEngine/Engine/Source/ThirdParty/Alembic/alembic-1.8.2/maya/AbcExport/MayaLocatorWriter.h,2,3,5
/media/ullmann/HDDGabriel/engines/UnrealEngine/Engine/Source/ThirdParty/PhysX3/PhysX_3.4/Source/GeomUtils/src/convex/GuShapeConvex.cpp,0,3,3
/media/ullmann/HDDGabriel/engines/UnrealEngine/Engine/Source/ThirdParty/PhysX3/PhysX_3.4/Source/GeomUtils/src/convex/GuHillClimbing.h,2,0,2
/media/ullmann/HDDGabriel/engines/UnrealEngine/Engine/Source/ThirdParty/libOpus/opus-1.1/celt/entcode.c,0,2,2
/media/ullmann/HDDGabriel/engines/UnrealEngine/Engine/Source/Runtime/CoreUObject/Public/UObject/Stack.h,1,0,1
/media/ullmann/HDDGabriel/engines/UnrealEngine/Engine/Source/ThirdParty/Alembic/alembic-1.8.2/python/PyAlembic/PyOTypedScalarProperty.cpp,0,1,1
/media/ullmann/HDDGabriel/engines/UnrealEngine/Engine/Source/Runtime/AudioMixer/Private/AudioMixerEffectsManager.h,2,0,2
/media/ullmann/HDDGabriel/engines/UnrealEngine/Engine/Source/ThirdParty/libPNG/libPNG-1.6.37/contrib/libtests/pngunknown.c,0,1,1
/media/ullmann/HDDGabriel/engines/UnrealEngine/Engine/Source/ThirdParty/SDL2/SDL-gui-backend/src/core/unix/SDL_poll.c,0,2,2
/media/ullmann/HDDGabriel/engines/UnrealEngine/Engine/Source/ThirdParty/FreeImage/FreeImage-3.18.0/Source/LibPNG/pngtest.c,0,1,1
/media/ullmann/HDDGabriel/engines/UnrealEngine/Engine/Source/ThirdParty/ICU/icu4c-53_1/source/test/perf/leperf/PortableFontInstance.cpp,1,2,3
/media/ullmann/HDDGabriel/engines/UnrealEngine/Engine/Source/Editor/PIEPreviewDeviceProfileSelector/Public/PIEPreviewDeviceProfileSelectorModule.h,0,1,1
/media/ullmann/HDDGabriel/engines/UnrealEngine/Engine/Source/Editor/PIEPreviewDeviceProfileSelector/Public/PIEPreviewDeviceEnumeration.h,1,0,1
/media/ullmann/HDDGabriel/engines/UnrealEngine/Engine/Source/ThirdParty/MCPP/mcpp-2.7.2/test-c/n_2.c,0,1,1
/media/ullmann/HDDGabriel/engines/UnrealEngine/Engine/Source/ThirdParty/ShaderConductor/ShaderConductor/External/DirectXShaderCompiler/lib/Fuzzer/FuzzerTraceState.cpp,0,1,1
/media/ullmann/HDDGabriel/engines/UnrealEngine/Engine/Source/ThirdParty/MCPP/mcpp-2.7.2/test-l/nest64.h,1,1,2
/media/ullmann/HDDGabriel/engines/UnrealEngine/Engine/Source/ThirdParty/FreeType2/FreeType2-2.10.0/src/sfnt/ttmtx.c,1,2,3
/media/ullmann/HDDGabriel/engines/UnrealEngine/Engine/Source/ThirdParty/FreeType2/FreeType2-2.10.0/src/sfnt/ttmtx.h,3,0,3
/media/ullmann/HDDGabriel/engines/UnrealEngine/Engine/Source/Editor/MovieSceneTools/Private/Sections/ColorPropertySection.cpp,0,1,1
/media/ullmann/HDDGabriel/engines/UnrealEngine/Engine/Source/Editor/MovieSceneTools/Private/Sections/MovieSceneSectionHelpers.h,3,0,3
/media/ullmann/HDDGabriel/engines/UnrealEngine/Engine/Source/ThirdParty/MCPP/mcpp-2.7.2/test-l/nest40.h,1,1,2
/media/ullmann/HDDGabriel/engines/UnrealEngine/Engine/Source/ThirdParty/MCPP/mcpp-2.7.2/test-l/nest41.h,1,1,2
/media/ullmann/HDDGabriel/engines/UnrealEngine/Engine/Source/Editor/Persona/Private/PoseWatchManagerDefaultHierarchy.cpp,0,5,5
/media/ullmann/HDDGabriel/engines/UnrealEngine/Engine/Source/Runtime/Windows/WindowsPlatformFeatures/Private/WindowsVideoRecordingSystem.h,2,1,3
/media/ullmann/HDDGabriel/engines/UnrealEngine/Engine/Source/ThirdParty/EOSSDK/SDK/Bin/IOS/EOSSDK.framework/Headers/eos_userinfo_types.h,2,1,3
/media/ullmann/HDDGabriel/engines/UnrealEngine/Engine/Source/Developer/SlateFontDialog/Private/SlateFontDlgWindow.cpp,0,1,1
/media/ullmann/HDDGabriel/engines/UnrealEngine/Engine/Source/Developer/CrashDebugHelper/Private/Linux/CrashDebugHelperLinux.cpp,0,1,1
/media/ullmann/HDDGabriel/engines/UnrealEngine/Engine/Source/Developer/CrashDebugHelper/Private/Linux/CrashDebugHelperLinux.h,1,0,1
/media/ullmann/HDDGabriel/engines/UnrealEngine/Engine/Source/ThirdParty/openexr/openexr-3.1.1/src/lib/OpenEXR/ImfFloatVectorAttribute.h,2,3,5
/media/ullmann/HDDGabriel/engines/UnrealEngine/Engine/Source/Runtime/Engine/Public/SkeletalMeshMerge.h,0,2,2
/media/ullmann/HDDGabriel/engines/UnrealEngine/Engine/Source/Runtime/Engine/Private/InterpolateComponentToAction.h,1,0,1
/media/ullmann/HDDGabriel/engines/UnrealEngine/Engine/Source/ThirdParty/Oculus/LibOVRPlatform/LibOVRPlatform/include/OVR_LeaderboardEntryArray.h,3,2,5
/media/ullmann/HDDGabriel/engines/UnrealEngine/Engine/Source/ThirdParty/mtlpp/mtlpp-master-7efad47/examples/00_init.cpp,0,1,1
/media/ullmann/HDDGabriel/engines/UnrealEngine/Engine/Source/ThirdParty/libOpus/opus-1.0.3/silk/debug.c,0,2,2
/media/ullmann/HDDGabriel/engines/UnrealEngine/Engine/Source/Runtime/Slate/Public/Framework/Text/TextLayout.h,3,0,3
/media/ullmann/HDDGabriel/engines/UnrealEngine/Engine/Source/ThirdParty/EOSSDK/SDK/Bin/Android/include/eos_presence_types.h,2,2,4
/media/ullmann/HDDGabriel/engines/UnrealEngine/Engine/Source/Runtime/RenderCore/Public/RenderGraphBuilder.inl,1,0,1
/media/ullmann/HDDGabriel/engines/UnrealEngine/Engine/Source/Runtime/Slate/Public/Widgets/Input/SSearchBox.h,1,0,1
/media/ullmann/HDDGabriel/engines/UnrealEngine/Engine/Source/ThirdParty/Unix/LibCxx/include/c++/v1/complex.h,0,2,2
/media/ullmann/HDDGabriel/engines/UnrealEngine/Engine/Source/ThirdParty/Unix/LibCxx/include/c++/v1/ccomplex,1,0,1
/media/ullmann/HDDGabriel/engines/UnrealEngine/Engine/Source/ThirdParty/PhysX3/APEX_1.4/common/include/ModuleFieldSamplerIntl.h,0,1,1
/media/ullmann/HDDGabriel/engines/UnrealEngine/Engine/Source/ThirdParty/Breakpad/src/common/convert_UTF.c,0,1,1
/media/ullmann/HDDGabriel/engines/UnrealEngine/Engine/Source/ThirdParty/Breakpad/src/common/convert_UTF.h,1,0,1
/media/ullmann/HDDGabriel/engines/UnrealEngine/Engine/Source/ThirdParty/ICU/icu4c-53_1/source/layout/ThaiLayoutEngine.cpp,0,7,7
/media/ullmann/HDDGabriel/engines/UnrealEngine/Engine/Source/ThirdParty/Crunch/src/crnlib/crn_resample_filters.h,3,0,3
/media/ullmann/HDDGabriel/engines/UnrealEngine/Engine/Source/ThirdParty/SDL2/SDL-gui-backend/src/video/qnx/keyboard.c,0,3,3
/media/ullmann/HDDGabriel/engines/UnrealEngine/Engine/Source/ThirdParty/ICU/icu4c-53_1/source/test/cintltst/cfintst.h,1,1,2
/media/ullmann/HDDGabriel/engines/UnrealEngine/Engine/Source/ThirdParty/PhysX3/PhysX_3.4/Include/extensions/PxExtensionsAPI.h,1,0,1
/media/ullmann/HDDGabriel/engines/UnrealEngine/Engine/Source/Editor/CurveEditor/Public/ICurveEditorToolExtension.h,1,0,1
/media/ullmann/HDDGabriel/engines/UnrealEngine/Engine/Source/Developer/AssetTools/Private/AssetTypeActions/AssetTypeActions_MirrorDataTable.h,1,1,2
/media/ullmann/HDDGabriel/engines/UnrealEngine/Engine/Source/ThirdParty/ShaderConductor/ShaderConductor/External/DirectXShaderCompiler/lib/DxrFallback/LiveValues.cpp,0,1,1
/media/ullmann/HDDGabriel/engines/UnrealEngine/Engine/Source/ThirdParty/ICU/icu4c-53_1/source/samples/ucnv/convsamp.cpp,0,1,1
/media/ullmann/HDDGabriel/engines/UnrealEngine/Engine/Source/ThirdParty/ICU/icu4c-53_1/source/samples/ucnv/flagcb.h,2,0,2
/media/ullmann/HDDGabriel/engines/UnrealEngine/Engine/Source/ThirdParty/nvTextureTools/nvTextureTools-2.0.8/src/src/nvtt/nvtt_wrapper.cpp,0,2,2
/media/ullmann/HDDGabriel/engines/UnrealEngine/Engine/Source/Editor/ViewportInteraction/Public/VIGizmoHandle.h,0,1,1
/media/ullmann/HDDGabriel/engines/UnrealEngine/Engine/Source/ThirdParty/FreeType2/FreeType2-2.6/Src/autofit/afdummy.h,2,1,3
/media/ullmann/HDDGabriel/engines/UnrealEngine/Engine/Source/Runtime/Experimental/ChaosVehicles/ChaosVehiclesCore/Public/TireSystem.h,1,2,3
/media/ullmann/HDDGabriel/engines/UnrealEngine/Engine/Source/ThirdParty/WebRTC/4147/Include/rtc_base/openssl_stream_adapter.h,0,1,1
/media/ullmann/HDDGabriel/engines/UnrealEngine/Engine/Source/Runtime/WidgetCarousel/Public/SWidgetCarouselWithNavigation.h,0,4,4
/media/ullmann/HDDGabriel/engines/UnrealEngine/Engine/Source/Runtime/WidgetCarousel/Public/SCarouselNavigationButton.h,1,1,2
/media/ullmann/HDDGabriel/engines/UnrealEngine/Engine/Source/Runtime/AugmentedReality/Public/ARLifeCycleComponent.h,0,3,3
/media/ullmann/HDDGabriel/engines/UnrealEngine/Engine/Source/ThirdParty/PhysX3/APEX_1.4/common/include/PhysXObjectDescIntl.h,1,0,1
/media/ullmann/HDDGabriel/engines/UnrealEngine/Engine/Source/ThirdParty/PhysX3/APEX_1.4/shared/internal/include/ApexSharedSerialization.h,0,2,2
/media/ullmann/HDDGabriel/engines/UnrealEngine/Engine/Source/ThirdParty/PhysX3/APEX_1.4/shared/internal/include/ApexString.h,1,0,1
/media/ullmann/HDDGabriel/engines/UnrealEngine/Engine/Source/ThirdParty/Imath/Imath-3.1.3/src/ImathTest/testQuatSetRotation.h,2,0,2
/media/ullmann/HDDGabriel/engines/UnrealEngine/Engine/Source/ThirdParty/Intel/MetricsDiscovery/MetricsDiscoveryHelper/samples/range_sample_dx11/imgui/stb_rect_pack.h,1,0,1
/media/ullmann/HDDGabriel/engines/UnrealEngine/Engine/Source/ThirdParty/WebRTC/4147/Include/third_party/libvpx/source/config/ios/arm-neon/vpx_dsp_rtcd.h,0,1,1
/media/ullmann/HDDGabriel/engines/UnrealEngine/Engine/Source/ThirdParty/WebRTC/4147/Include/third_party/libvpx/source/config/ios/arm-neon/vpx_config.h,4,0,4
/media/ullmann/HDDGabriel/engines/UnrealEngine/Engine/Source/ThirdParty/PhysX3/PhysX_3.4/Source/GeomUtils/src/convex/GuHillClimbing.cpp,0,2,2
/media/ullmann/HDDGabriel/engines/UnrealEngine/Engine/Source/Runtime/NavigationSystem/Public/NavigationSystemModule.h,0,1,1
/media/ullmann/HDDGabriel/engines/UnrealEngine/Engine/Source/Runtime/Renderer/Private/VT/VirtualTextureTest.h,2,1,3
/media/ullmann/HDDGabriel/engines/UnrealEngine/Engine/Source/ThirdParty/CryptoPP/5.6.2/include/xtr.h,2,1,3
/media/ullmann/HDDGabriel/engines/UnrealEngine/Engine/Source/Runtime/Core/Public/Templates/SharedPointer.h,3,0,3
/media/ullmann/HDDGabriel/engines/UnrealEngine/Engine/Source/ThirdParty/PhysX3/APEX_1.4/include/ApexSDKVersionString.h,0,1,1
/media/ullmann/HDDGabriel/engines/UnrealEngine/Engine/Source/ThirdParty/AMD/Amf/core/AudioBuffer.h,2,1,3
/media/ullmann/HDDGabriel/engines/UnrealEngine/Engine/Source/ThirdParty/EOSSDK/SDK/Bin/Android/include/eos_lobby.h,0,1,1
/media/ullmann/HDDGabriel/engines/UnrealEngine/Engine/Source/ThirdParty/EOSSDK/SDK/Bin/Android/include/eos_lobby_types.h,2,2,4
/media/ullmann/HDDGabriel/engines/UnrealEngine/Engine/Source/Runtime/PhysicsCore/Private/SQAccelerator.cpp,0,2,2
/media/ullmann/HDDGabriel/engines/UnrealEngine/Engine/Source/Runtime/PhysicsCore/Private/SceneQueryChaosImp.h,1,0,1
/media/ullmann/HDDGabriel/engines/UnrealEngine/Engine/Source/ThirdParty/WebRTC/4147/Include/third_party/libvpx/source/libvpx/vp8/common/header.h,1,0,1
/media/ullmann/HDDGabriel/engines/UnrealEngine/Engine/Source/ThirdParty/ICU/icu4c-64_1/source/i18n/currfmt.cpp,0,3,3
/media/ullmann/HDDGabriel/engines/UnrealEngine/Engine/Source/ThirdParty/ICU/icu4c-64_1/source/i18n/unicode/curramt.h,5,0,5
/media/ullmann/HDDGabriel/engines/UnrealEngine/Engine/Source/ThirdParty/Steamworks/Steamv146/sdk/public/steam/isteamapplist.h,1,2,3
/media/ullmann/HDDGabriel/engines/UnrealEngine/Engine/Source/ThirdParty/openexr/Deploy/openexr-3.1.1/include/OpenEXR/ImfInputPart.h,0,1,1
/media/ullmann/HDDGabriel/engines/UnrealEngine/Engine/Source/Runtime/Renderer/Private/DecalRenderingShared.h,2,1,3
/media/ullmann/HDDGabriel/engines/UnrealEngine/Engine/Source/ThirdParty/PhysX3/APEX_1.4/module/destructible_legacy/include/autogen/DestructibleActorState_0p1.h,1,0,1
/media/ullmann/HDDGabriel/engines/UnrealEngine/Engine/Source/ThirdParty/Kiss_FFT/kiss_fft129/tools/kiss_fftr.c,0,1,1
/media/ullmann/HDDGabriel/engines/UnrealEngine/Engine/Source/ThirdParty/Kiss_FFT/kiss_fft129/tools/kiss_fftr.h,2,0,2
/media/ullmann/HDDGabriel/engines/UnrealEngine/Engine/Source/ThirdParty/ICU/icu4c-64_1/source/i18n/unicode/ugender.h,1,0,1
/media/ullmann/HDDGabriel/engines/UnrealEngine/Engine/Source/Editor/SequenceRecorder/Public/ActorRecording.h,0,3,3
/media/ullmann/HDDGabriel/engines/UnrealEngine/Engine/Source/Editor/SequenceRecorder/Public/IMovieSceneSectionRecorder.h,2,0,2
/media/ullmann/HDDGabriel/engines/UnrealEngine/Engine/Source/ThirdParty/libPNG/libPNG-1.5.2/pngset.c,0,1,1
/media/ullmann/HDDGabriel/engines/UnrealEngine/Engine/Source/ThirdParty/ShaderConductor/ShaderConductor/External/DirectXShaderCompiler/tools/clang/lib/StaticAnalyzer/Checkers/IvarInvalidationChecker.cpp,0,1,1
/media/ullmann/HDDGabriel/engines/UnrealEngine/Engine/Source/Runtime/TraceLog/Private/Trace/BlockPool.cpp,0,1,1
/media/ullmann/HDDGabriel/engines/UnrealEngine/Engine/Source/Editor/Sequencer/Public/SequencerKeyStructGenerator.h,1,0,1
/media/ullmann/HDDGabriel/engines/UnrealEngine/Engine/Source/Runtime/Renderer/Private/SystemTextures.cpp,0,2,2
/media/ullmann/HDDGabriel/engines/UnrealEngine/Engine/Source/Runtime/Renderer/Private/LTC.h,1,0,1
/media/ullmann/HDDGabriel/engines/UnrealEngine/Engine/Source/ThirdParty/SDL2/SDL-gui-backend/src/main/haiku/SDL_BeApp.cc,0,5,5
/media/ullmann/HDDGabriel/engines/UnrealEngine/Engine/Source/ThirdParty/openexr/openexr-3.1.1/src/lib/OpenEXR/ImfDeepScanLineOutputPart.h,1,4,5
/media/ullmann/HDDGabriel/engines/UnrealEngine/Engine/Source/ThirdParty/Intel/Embree/Embree270/src/kernels/xeon/bvh4/bvh4_refit.h,2,1,3
/media/ullmann/HDDGabriel/engines/UnrealEngine/Engine/Source/ThirdParty/ICU/icu4c-64_1/source/common/locmap.h,3,1,4
/media/ullmann/HDDGabriel/engines/UnrealEngine/Engine/Source/Programs/UnrealLightmass/Private/LightmassCore/Math/LMkDOP.h,0,2,2
/media/ullmann/HDDGabriel/engines/UnrealEngine/Engine/Source/Programs/UnrealLightmass/Private/LightmassCore/Math/LMMathSSE.h,4,0,4
/media/ullmann/HDDGabriel/engines/UnrealEngine/Engine/Source/ThirdParty/ICU/icu4c-64_1/source/common/uset.cpp,0,7,7
/media/ullmann/HDDGabriel/engines/UnrealEngine/Engine/Source/Editor/TranslationEditor/Private/CustomFontColumn.h,2,1,3
/media/ullmann/HDDGabriel/engines/UnrealEngine/Engine/Source/Editor/PropertyEditor/Private/UserInterface/PropertyTable/PropertyTableConstants.h,1,0,1
/media/ullmann/HDDGabriel/engines/UnrealEngine/Engine/Source/ThirdParty/PhysX3/NvCloth/samples/external/DXUT/9.15.2016.1/Core/DXUTDevice11.h,1,0,1
/media/ullmann/HDDGabriel/engines/UnrealEngine/Engine/Source/ThirdParty/libOpus/opus-1.3.1-12/silk/CNG.c,0,1,1
/media/ullmann/HDDGabriel/engines/UnrealEngine/Engine/Source/Runtime/RuntimeAssetCache/Private/RuntimeAssetCacheAsyncWorker.cpp,0,4,4
/media/ullmann/HDDGabriel/engines/UnrealEngine/Engine/Source/Runtime/Core/Public/Misc/Variant.h,1,0,1
/media/ullmann/HDDGabriel/engines/UnrealEngine/Engine/Source/Runtime/WebBrowser/Private/Native/NativeJSStructSerializerBackend.h,1,1,2
/media/ullmann/HDDGabriel/engines/UnrealEngine/Engine/Source/ThirdParty/Boost/boost-1_70_0/include/boost/polygon/polygon_data.hpp,3,0,3
/media/ullmann/HDDGabriel/engines/UnrealEngine/Engine/Source/ThirdParty/glslang/glslang/src/glslang_exe/StandAlone/StandAlone.cpp,0,3,3
/media/ullmann/HDDGabriel/engines/UnrealEngine/Engine/Source/ThirdParty/glslang/glslang/src/glslang_exe/StandAlone/Worklist.h,1,0,1
/media/ullmann/HDDGabriel/engines/UnrealEngine/Engine/Source/ThirdParty/FBX/2020.2/include/fbxsdk/scene/geometry/fbxnurbs.h,1,0,1
/media/ullmann/HDDGabriel/engines/UnrealEngine/Engine/Source/ThirdParty/EOSSDK/SDK/Bin/Android/include/eos_ui_keys.h,1,0,1
/media/ullmann/HDDGabriel/engines/UnrealEngine/Engine/Source/ThirdParty/ICU/icu4c-53_1/source/common/rbbidata.cpp,0,9,9
/media/ullmann/HDDGabriel/engines/UnrealEngine/Engine/Source/ThirdParty/libcurl/7_65_3/include/Unix/x86_64-unknown-linux-gnu/curl/curlver.h,1,0,1
/media/ullmann/HDDGabriel/engines/UnrealEngine/Engine/Source/Editor/PropertyEditor/Private/UserInterface/PropertyEditor/SPropertyMenuComponentPicker.h,1,0,1
/media/ullmann/HDDGabriel/engines/UnrealEngine/Engine/Source/ThirdParty/Perforce/p4api-2014.1/include/p4/handler.h,1,0,1
/media/ullmann/HDDGabriel/engines/UnrealEngine/Engine/Source/ThirdParty/Intel/Embree/Embree270/src/common/sys/filename.h,5,1,6
/media/ullmann/HDDGabriel/engines/UnrealEngine/Engine/Source/ThirdParty/libSampleRate/Private/fastest_coeffs.h,1,0,1
/media/ullmann/HDDGabriel/engines/UnrealEngine/Engine/Source/ThirdParty/Intel/Embree/Embree2140/src/kernels/bvh/bvh_rotate.h,3,1,4
/media/ullmann/HDDGabriel/engines/UnrealEngine/Engine/Source/ThirdParty/libPNG/libPNG-1.6.37/pngrtran.c,0,1,1
/media/ullmann/HDDGabriel/engines/UnrealEngine/Engine/Source/ThirdParty/libOpus/opus-1.1/silk/tables_gain.c,0,1,1
/media/ullmann/HDDGabriel/engines/UnrealEngine/Engine/Source/ThirdParty/Android/libunwind/libunwind/src/arm/Gstep.c,1,2,3
/media/ullmann/HDDGabriel/engines/UnrealEngine/Engine/Source/ThirdParty/Intel/TBB/IntelTBB-2019u8/examples/parallel_for/tachyon/msvs/win8ui/App.xaml.h,2,1,3
/media/ullmann/HDDGabriel/engines/UnrealEngine/Engine/Source/ThirdParty/FreeImage/FreeImage-3.18.0/Source/LibJXR/image/decode/strdec_x86.c,0,1,1
/media/ullmann/HDDGabriel/engines/UnrealEngine/Engine/Source/ThirdParty/FreeImage/FreeImage-3.18.0/Source/LibJXR/image/decode/decode.h,6,0,6
/media/ullmann/HDDGabriel/engines/UnrealEngine/Engine/Source/ThirdParty/ICU/icu4c-53_1/source/i18n/unicode/regex.h,5,0,5
/media/ullmann/HDDGabriel/engines/UnrealEngine/Engine/Source/ThirdParty/libPNG/libPNG-1.5.27/pngpread.c,0,1,1
/media/ullmann/HDDGabriel/engines/UnrealEngine/Engine/Source/ThirdParty/GoogleGameSDK/gamesdk/src/swappy/common/ChoreographerFilter.h,2,2,4
/media/ullmann/HDDGabriel/engines/UnrealEngine/Engine/Source/Editor/AnimGraph/Public/AnimStateNode.h,0,1,1
/media/ullmann/HDDGabriel/engines/UnrealEngine/Engine/Source/ThirdParty/SpeedTree/SpeedTreeSDK-v7.0/Source/Core/Source/ErrorHandler.cpp,0,1,1
/media/ullmann/HDDGabriel/engines/UnrealEngine/Engine/Source/ThirdParty/PhysX3/PhysX_3.4/Source/LowLevelDynamics/src/DyArticulationSIMD.cpp,0,5,5
/media/ullmann/HDDGabriel/engines/UnrealEngine/Engine/Source/ThirdParty/FreeType2/FreeType2-2.4.12/src/gzip/zutil.c,1,1,2
/media/ullmann/HDDGabriel/engines/UnrealEngine/Engine/Source/ThirdParty/ICU/icu4c-53_1/source/i18n/unicode/search.h,1,0,1
/media/ullmann/HDDGabriel/engines/UnrealEngine/Engine/Source/ThirdParty/SDL2/SDL-gui-backend/src/audio/netbsd/SDL_netbsdaudio.h,1,2,3
/media/ullmann/HDDGabriel/engines/UnrealEngine/Engine/Source/Editor/DetailCustomizations/Private/MotionControllerDetails.cpp,0,2,2
/media/ullmann/HDDGabriel/engines/UnrealEngine/Engine/Source/Editor/DetailCustomizations/Private/MotionControllerSourceCustomization.h,3,0,3
/media/ullmann/HDDGabriel/engines/UnrealEngine/Engine/Source/ThirdParty/FBX/2020.2/include/fbxsdk/utils/fbxrenamingstrategyfbx5.h,1,0,1
/media/ullmann/HDDGabriel/engines/UnrealEngine/Engine/Source/ThirdParty/Python3/Mac/include/internal/pycore_ceval.h,0,1,1
/media/ullmann/HDDGabriel/engines/UnrealEngine/Engine/Source/Runtime/Online/BuildPatchServices/Private/BuildPatchMergeManifests.cpp,0,4,4
/media/ullmann/HDDGabriel/engines/UnrealEngine/Engine/Source/Runtime/Online/BuildPatchServices/Private/Data/ManifestData.h,6,0,6
/media/ullmann/HDDGabriel/engines/UnrealEngine/Engine/Source/ThirdParty/Intel/Embree/Embree270/src/kernels/xeonphi/bvh4mb/bvh4mb_builder.h,1,2,3
/media/ullmann/HDDGabriel/engines/UnrealEngine/Engine/Source/ThirdParty/OpenSubdiv/OpenSubdiv-3.4.4/opensubdiv/far/error.cpp,0,1,1
/media/ullmann/HDDGabriel/engines/UnrealEngine/Engine/Source/ThirdParty/FreeType2/FreeType2-2.4.12/src/pcf/pcfutil.c,1,1,2
/media/ullmann/HDDGabriel/engines/UnrealEngine/Engine/Source/ThirdParty/FreeType2/FreeType2-2.4.12/src/pcf/pcfutil.h,2,0,2
/media/ullmann/HDDGabriel/engines/UnrealEngine/Engine/Source/ThirdParty/openexr/Deploy/openexr-3.1.1/include/OpenEXR/ImfFloatAttribute.h,1,3,4
/media/ullmann/HDDGabriel/engines/UnrealEngine/Engine/Source/ThirdParty/Intel/Embree/Embree2140/src/kernels/common/scene_instance.cpp,0,2,2
/media/ullmann/HDDGabriel/engines/UnrealEngine/Engine/Source/ThirdParty/FreeType2/FreeType2-2.10.0/src/truetype/tterrors.h,6,0,6
/media/ullmann/HDDGabriel/engines/UnrealEngine/Engine/Source/Editor/MaterialEditor/Private/MaterialInstanceEditor.h,4,1,5
/media/ullmann/HDDGabriel/engines/UnrealEngine/Engine/Source/Runtime/Renderer/Private/DistanceFieldScreenGridLighting.cpp,0,8,8
/media/ullmann/HDDGabriel/engines/UnrealEngine/Engine/Source/ThirdParty/openexr/openexr-3.1.1/src/lib/OpenEXRUtil/ImfImageLevel.cpp,0,1,1
/media/ullmann/HDDGabriel/engines/UnrealEngine/Engine/Source/ThirdParty/openexr/openexr-3.1.1/src/lib/OpenEXR/ImfDeepTiledOutputPart.h,1,2,3
/media/ullmann/HDDGabriel/engines/UnrealEngine/Engine/Source/ThirdParty/Intel/ISPC/ispc-1.16.1/examples/cpu/deferred/dynamic_c.cpp,0,1,1
/media/ullmann/HDDGabriel/engines/UnrealEngine/Engine/Source/ThirdParty/CryptoPP/5.6.2/include/dh2.cpp,0,2,2
/media/ullmann/HDDGabriel/engines/UnrealEngine/Engine/Source/ThirdParty/CryptoPP/5.6.2/include/dh2.h,1,1,2
/media/ullmann/HDDGabriel/engines/UnrealEngine/Engine/Source/ThirdParty/ICU/icu4c-53_1/source/common/ucnv_set.c,0,5,5
/media/ullmann/HDDGabriel/engines/UnrealEngine/Engine/Source/ThirdParty/openexr/openexr-3.1.1/src/test/OpenEXRTest/testTiledLineOrder.h,1,0,1
/media/ullmann/HDDGabriel/engines/UnrealEngine/Engine/Source/Editor/Sequencer/Public/LevelEditorSequencerIntegration.h,0,2,2
/media/ullmann/HDDGabriel/engines/UnrealEngine/Engine/Source/ThirdParty/FreeImage/FreeImage-3.18.0/Source/OpenEXR/IlmImf/ImfStdIO.cpp,0,2,2
/media/ullmann/HDDGabriel/engines/UnrealEngine/Engine/Source/Developer/TraceInsights/Private/Insights/MemoryProfiler/ViewModels/MemAllocGroupingByHeap.cpp,0,2,2
/media/ullmann/HDDGabriel/engines/UnrealEngine/Engine/Source/Developer/TraceInsights/Private/Insights/MemoryProfiler/ViewModels/CallstackFormatting.h,4,0,4
/media/ullmann/HDDGabriel/engines/UnrealEngine/Engine/Source/ThirdParty/EOSSDK/SDK/Include/eos_sessions.h,0,1,1
/media/ullmann/HDDGabriel/engines/UnrealEngine/Engine/Source/Editor/AudioEditor/Private/Factories/SoundSourceEffectFactory.cpp,0,1,1
/media/ullmann/HDDGabriel/engines/UnrealEngine/Engine/Source/ThirdParty/Intel/Embree/Embree270/src/kernels/xeon/geometry/grid_aos_intersector1.h,4,3,7
/media/ullmann/HDDGabriel/engines/UnrealEngine/Engine/Source/ThirdParty/FakeIt/2.0.2/tests/custom_testing_framework_tests.cpp,0,1,1
/media/ullmann/HDDGabriel/engines/UnrealEngine/Engine/Source/Runtime/Slate/Public/Widgets/Input/SEditableTextBox.h,3,0,3
/media/ullmann/HDDGabriel/engines/UnrealEngine/Engine/Source/ThirdParty/ICU/icu4c-53_1/source/i18n/ucurrimp.h,2,0,2
/media/ullmann/HDDGabriel/engines/UnrealEngine/Engine/Source/ThirdParty/ICU/icu4c-53_1/source/test/intltest/bytestrietest.cpp,0,1,1
/media/ullmann/HDDGabriel/engines/UnrealEngine/Engine/Source/ThirdParty/PhysX3/APEX_1.4/module/destructible_legacy/include/autogen/DestructibleActorParam_0p24.h,1,0,1
/media/ullmann/HDDGabriel/engines/UnrealEngine/Engine/Source/ThirdParty/FreeType2/FreeType2-2.6/Src/otvalid/otvgpos.h,3,0,3
/media/ullmann/HDDGabriel/engines/UnrealEngine/Engine/Source/ThirdParty/PhysX3/PhysX_3.4/Source/PhysXExtensions/src/serialization/Xml/SnXmlWriter.h,1,0,1
/media/ullmann/HDDGabriel/engines/UnrealEngine/Engine/Source/Editor/GraphEditor/Private/MaterialGraphConnectionDrawingPolicy.cpp,0,1,1
/media/ullmann/HDDGabriel/engines/UnrealEngine/Engine/Source/Editor/GraphEditor/Private/MaterialGraphConnectionDrawingPolicy.h,2,0,2
/media/ullmann/HDDGabriel/engines/UnrealEngine/Engine/Source/ThirdParty/ICU/icu4c-53_1/source/tools/toolutil/swapimpl.h,2,0,2
/media/ullmann/HDDGabriel/engines/UnrealEngine/Engine/Source/ThirdParty/Python3/Linux/include/python3.9/unicodeobject.h,1,1,2
/media/ullmann/HDDGabriel/engines/UnrealEngine/Engine/Source/ThirdParty/Alembic/alembic-1.8.2/python/PyAlembic/PyOCompoundProperty.cpp,0,2,2
/media/ullmann/HDDGabriel/engines/UnrealEngine/Engine/Source/ThirdParty/ICU/icu4c-53_1/include/layout/LEGlyphFilter.h,0,1,1
/media/ullmann/HDDGabriel/engines/UnrealEngine/Engine/Source/ThirdParty/openexr/openexr-3.1.1/src/lib/OpenEXRCore/debug.c,0,4,4
/media/ullmann/HDDGabriel/engines/UnrealEngine/Engine/Source/ThirdParty/openexr/openexr-3.1.1/src/lib/OpenEXRCore/openexr_debug.h,2,1,3
/media/ullmann/HDDGabriel/engines/UnrealEngine/Engine/Source/ThirdParty/libOpus/opus-1.3.1-12/celt/static_modes_fixed.h,0,3,3
/media/ullmann/HDDGabriel/engines/UnrealEngine/Engine/Source/Runtime/Engine/Classes/Animation/AnimStateMachineTypes.h,0,1,1
/media/ullmann/HDDGabriel/engines/UnrealEngine/Engine/Source/Runtime/Engine/Classes/Animation/BlendProfile.h,1,0,1
/media/ullmann/HDDGabriel/engines/UnrealEngine/Engine/Source/ThirdParty/ICU/icu4c-64_1/source/i18n/taiwncal.h,2,2,4
/media/ullmann/HDDGabriel/engines/UnrealEngine/Engine/Source/Editor/UnrealEd/Public/DragTool_ViewportChange.h,0,1,1
/media/ullmann/HDDGabriel/engines/UnrealEngine/Engine/Source/Editor/NaniteTools/Private/NaniteToolsModule.cpp,0,3,3
/media/ullmann/HDDGabriel/engines/UnrealEngine/Engine/Source/Editor/BlueprintGraph/Classes/K2Node_EnumLiteral.h,0,2,2
/media/ullmann/HDDGabriel/engines/UnrealEngine/Engine/Source/ThirdParty/SDL2/SDL-gui-backend/src/render/opengl/SDL_shaders_gl.c,0,2,2
/media/ullmann/HDDGabriel/engines/UnrealEngine/Engine/Source/ThirdParty/Intel/TBB/IntelTBB-2019u8/examples/parallel_for/tachyon/msvs/win8ui/tbbTachyonRenderer.cpp,0,3,3
/media/ullmann/HDDGabriel/engines/UnrealEngine/Engine/Source/ThirdParty/PhysX3/APEX_1.4/module/clothing_legacy/include/autogen/ClothingMaterialLibraryParameters_0p4.h,1,0,1
/media/ullmann/HDDGabriel/engines/UnrealEngine/Engine/Source/ThirdParty/FreeImage/FreeImage-3.18.0/TestAPI/testChannels.cpp,0,1,1
/media/ullmann/HDDGabriel/engines/UnrealEngine/Engine/Source/ThirdParty/ShaderConductor/ShaderConductor/External/DirectXShaderCompiler/lib/Transforms/ObjCARC/ARCInstKind.h,2,0,2
/media/ullmann/HDDGabriel/engines/UnrealEngine/Engine/Source/ThirdParty/ICU/icu4c-64_1/source/common/uposixdefs.h,2,0,2
/media/ullmann/HDDGabriel/engines/UnrealEngine/Engine/Source/Editor/Persona/Private/AnimTimeline/AnimTimelineTrack_VectorCurve.h,2,1,3
/media/ullmann/HDDGabriel/engines/UnrealEngine/Engine/Source/ThirdParty/PhysX3/PxShared/src/foundation/include/PsFoundation.h,0,6,6
/media/ullmann/HDDGabriel/engines/UnrealEngine/Engine/Source/ThirdParty/FreeType2/FreeType2-2.6/Src/sfnt/pngshim.c,1,2,3
/media/ullmann/HDDGabriel/engines/UnrealEngine/Engine/Source/ThirdParty/PhysX3/PhysX_3.4/Include/cloth/PxCloth.h,1,0,1
/media/ullmann/HDDGabriel/engines/UnrealEngine/Engine/Source/Editor/LevelInstanceEditor/Private/SNewLevelInstanceDialog.cpp,0,1,1
/media/ullmann/HDDGabriel/engines/UnrealEngine/Engine/Source/Editor/LevelInstanceEditor/Private/SNewLevelInstanceDialog.h,2,0,2
/media/ullmann/HDDGabriel/engines/UnrealEngine/Engine/Source/Runtime/Renderer/Private/VirtualShadowMaps/VirtualShadowMapClipmap.cpp,0,3,3
/media/ullmann/HDDGabriel/engines/UnrealEngine/Engine/Source/ThirdParty/Expat/expat-2.2.10/xmlwf/filemap.h,4,0,4
/media/ullmann/HDDGabriel/engines/UnrealEngine/Engine/Source/Runtime/LiveLinkInterface/Public/LiveLinkVirtualSubject.h,1,2,3
/media/ullmann/HDDGabriel/engines/UnrealEngine/Engine/Source/ThirdParty/Python3/Win64/include/enumobject.h,1,0,1
/media/ullmann/HDDGabriel/engines/UnrealEngine/Engine/Source/ThirdParty/libOpus/opus-1.3.1-12/silk/arm/macros_armv5e.h,1,0,1
/media/ullmann/HDDGabriel/engines/UnrealEngine/Engine/Source/ThirdParty/WebRTC/4147/Include/third_party/opus/src/celt/arm/fixed_armv4.h,2,0,2
/media/ullmann/HDDGabriel/engines/UnrealEngine/Engine/Source/ThirdParty/ShaderConductor/ShaderConductor/External/DirectXShaderCompiler/lib/CodeGen/PostRASchedulerList.cpp,0,3,3
/media/ullmann/HDDGabriel/engines/UnrealEngine/Engine/Source/ThirdParty/PhysX3/PhysX_3.4/Include/extensions/PxConvexMeshExt.h,1,0,1
/media/ullmann/HDDGabriel/engines/UnrealEngine/Engine/Source/Runtime/Net/Core/Private/Net/Core/PushModel/PushModel.cpp,0,3,3
/media/ullmann/HDDGabriel/engines/UnrealEngine/Engine/Source/Runtime/Net/Core/Private/Net/Core/PushModel/Types/PushModelPerNetDriverState.h,2,1,3
/media/ullmann/HDDGabriel/engines/UnrealEngine/Engine/Source/ThirdParty/PhysX3/PhysX_3.4/Source/GeomUtils/src/contact/GuContactCapsuleBox.cpp,0,1,1
/media/ullmann/HDDGabriel/engines/UnrealEngine/Engine/Source/ThirdParty/SDL2/SDL-gui-backend/src/video/android/SDL_androidclipboard.c,0,4,4
/media/ullmann/HDDGabriel/engines/UnrealEngine/Engine/Source/Runtime/SignalProcessing/Private/VectorFFT.cpp,0,1,1
/media/ullmann/HDDGabriel/engines/UnrealEngine/Engine/Source/Runtime/SignalProcessing/Private/VectorFFT.h,2,0,2
/media/ullmann/HDDGabriel/engines/UnrealEngine/Engine/Source/ThirdParty/libOpus/opus-1.3.1-12/silk/encode_indices.c,0,1,1
/media/ullmann/HDDGabriel/engines/UnrealEngine/Engine/Source/ThirdParty/Python3/Mac/include/memoryobject.h,1,0,1
/media/ullmann/HDDGabriel/engines/UnrealEngine/Engine/Source/ThirdParty/OpenVDB/openvdb-8.1.0/openvdb_maya/openvdb_maya/OpenVDBVisualizeNode.cc,0,1,1
/media/ullmann/HDDGabriel/engines/UnrealEngine/Engine/Source/ThirdParty/Kiss_FFT/kiss_fft129/kiss_fft.h,1,0,1
/media/ullmann/HDDGabriel/engines/UnrealEngine/Engine/Source/Runtime/Renderer/Private/SceneRenderingUtils.h,2,1,3
/media/ullmann/HDDGabriel/engines/UnrealEngine/Engine/Source/ThirdParty/ICU/icu4c-64_1/source/test/intltest/apicoll.h,2,1,3
/media/ullmann/HDDGabriel/engines/UnrealEngine/Engine/Source/ThirdParty/PhysX3/PxShared/src/foundation/include/PsPool.h,0,4,4
/media/ullmann/HDDGabriel/engines/UnrealEngine/Engine/Source/Editor/SkeletonEditor/Private/SkeletonTreeSocketItem.h,3,0,3
/media/ullmann/HDDGabriel/engines/UnrealEngine/Engine/Source/ThirdParty/ICU/icu4c-64_1/source/common/icuplugimp.h,2,1,3
/media/ullmann/HDDGabriel/engines/UnrealEngine/Engine/Source/Editor/Persona/Private/AnimTimeline/AnimTimelineTrack_TransformCurve.h,2,1,3
/media/ullmann/HDDGabriel/engines/UnrealEngine/Engine/Source/Editor/Persona/Private/AnimTimeline/AnimTimelineTrack_Attribute.h,2,1,3
/media/ullmann/HDDGabriel/engines/UnrealEngine/Engine/Source/Runtime/Experimental/Chaos/Public/Chaos/Framework/Handles.h,0,1,1
/media/ullmann/HDDGabriel/engines/UnrealEngine/Engine/Source/Developer/Windows/LiveCoding/Private/External/LC_DuplexPipe.cpp,0,2,2
/media/ullmann/HDDGabriel/engines/UnrealEngine/Engine/Source/Runtime/WebBrowser/Private/Android/AndroidWebBrowserWindow.h,5,0,5
/media/ullmann/HDDGabriel/engines/UnrealEngine/Engine/Source/Developer/GameplayDebugger/Private/GameplayDebuggerExtension_HUD.cpp,0,1,1
/media/ullmann/HDDGabriel/engines/UnrealEngine/Engine/Source/Developer/GameplayDebugger/Private/GameplayDebuggerExtension_HUD.h,2,0,2
/media/ullmann/HDDGabriel/engines/UnrealEngine/Engine/Source/ThirdParty/nvTextureTools/nvTextureTools-2.0.6/src/src/nvtt/squish/fastclusterlookup.inl,1,0,1
/media/ullmann/HDDGabriel/engines/UnrealEngine/Engine/Source/ThirdParty/ShaderConductor/ShaderConductor/External/SPIRV-Headers/tools/buildHeaders/jsonToSpirv.cpp,0,2,2
/media/ullmann/HDDGabriel/engines/UnrealEngine/Engine/Source/ThirdParty/FreeType2/FreeType2-2.4.12/src/cache/ftcimage.h,3,1,4
/media/ullmann/HDDGabriel/engines/UnrealEngine/Engine/Source/ThirdParty/zlib/zlib-1.2.5/Src/inflate.c,0,5,5
/media/ullmann/HDDGabriel/engines/UnrealEngine/Engine/Source/ThirdParty/Python3/Win64/include/ast.h,0,2,2
/media/ullmann/HDDGabriel/engines/UnrealEngine/Engine/Source/ThirdParty/Python3/Win64/include/node.h,2,0,2
/media/ullmann/HDDGabriel/engines/UnrealEngine/Engine/Source/Programs/Enterprise/Datasmith/DatasmithARCHICADExporter/Private/Element2StaticMesh.cpp,0,4,4
/media/ullmann/HDDGabriel/engines/UnrealEngine/Engine/Source/ThirdParty/MCPP/mcpp-2.7.2/test-c/nest14.h,1,1,2
/media/ullmann/HDDGabriel/engines/UnrealEngine/Engine/Source/ThirdParty/MCPP/mcpp-2.7.2/test-c/nest15.h,1,0,1
/media/ullmann/HDDGabriel/engines/UnrealEngine/Engine/Source/Runtime/Online/BuildPatchServices/Public/Interfaces/IBuildManifest.h,4,0,4
/media/ullmann/HDDGabriel/engines/UnrealEngine/Engine/Source/Runtime/Core/Public/Math/IntRect.h,3,0,3
/media/ullmann/HDDGabriel/engines/UnrealEngine/Engine/Source/Programs/UnrealTraceServer/src/AsioIoable.cpp,0,2,2
/media/ullmann/HDDGabriel/engines/UnrealEngine/Engine/Source/ThirdParty/CryptoPP/5.6.2/include/mdc.h,0,2,2
/media/ullmann/HDDGabriel/engines/UnrealEngine/Engine/Source/ThirdParty/GoogleGameSDK/gamesdk/include/swappy/swappyGL_extra.h,0,1,1
/media/ullmann/HDDGabriel/engines/UnrealEngine/Engine/Source/Editor/MovieSceneTools/Private/Sections/MovieSceneSectionHelpers.cpp,0,1,1
/media/ullmann/HDDGabriel/engines/UnrealEngine/Engine/Source/ThirdParty/LibTiff/Source/tif_fax3.h,0,1,1
/media/ullmann/HDDGabriel/engines/UnrealEngine/Engine/Source/ThirdParty/LibTiff/Source/tiff.h,3,0,3
/media/ullmann/HDDGabriel/engines/UnrealEngine/Engine/Source/ThirdParty/ICU/icu4c-64_1/source/common/unicode/ucurr.h,2,0,2
/media/ullmann/HDDGabriel/engines/UnrealEngine/Engine/Source/ThirdParty/libPNG/libPNG-1.5.2/contrib/gregbook/rpng2-x.c,0,1,1
/media/ullmann/HDDGabriel/engines/UnrealEngine/Engine/Source/ThirdParty/libPNG/libPNG-1.5.2/contrib/gregbook/readpng2.h,3,0,3
/media/ullmann/HDDGabriel/engines/UnrealEngine/Engine/Source/ThirdParty/Intel/Embree/Embree270/src/include/embree2/rtcore_geometry_user.h,1,0,1
/media/ullmann/HDDGabriel/engines/UnrealEngine/Engine/Source/ThirdParty/PhysX3/APEX_1.4/module/framework_legacy/include/autogen/BufferU8x3_0p0.h,1,0,1
/media/ullmann/HDDGabriel/engines/UnrealEngine/Engine/Source/ThirdParty/Vulkan/Include/vulkan/vulkan_xlib_xrandr.h,1,0,1
/media/ullmann/HDDGabriel/engines/UnrealEngine/Engine/Source/ThirdParty/PhysX3/NvCloth/samples/SampleBase/scene/scenes/WindScene.cpp,0,1,1
/media/ullmann/HDDGabriel/engines/UnrealEngine/Engine/Source/ThirdParty/PhysX3/NvCloth/samples/SampleBase/scene/scenes/WindScene.h,1,0,1
/media/ullmann/HDDGabriel/engines/UnrealEngine/Engine/Source/ThirdParty/Intel/Embree/Embree2140/src/common/sys/string.cpp,0,1,1
/media/ullmann/HDDGabriel/engines/UnrealEngine/Engine/Source/ThirdParty/ShaderConductor/ShaderConductor/External/DirectXShaderCompiler/tools/clang/lib/Headers/xmmintrin.h,2,3,5
/media/ullmann/HDDGabriel/engines/UnrealEngine/Engine/Source/Editor/PluginWarden/Private/PluginWardenModule.cpp,0,3,3
/media/ullmann/HDDGabriel/engines/UnrealEngine/Engine/Source/Runtime/Renderer/Private/HairStrands/HairStrandsVisibility.cpp,0,4,4
/media/ullmann/HDDGabriel/engines/UnrealEngine/Engine/Source/ThirdParty/ICU/icu4c-64_1/source/i18n/indiancal.h,2,1,3
/media/ullmann/HDDGabriel/engines/UnrealEngine/Engine/Source/ThirdParty/EOSSDK/SDK/Bin/Android/include/eos_rtc_audio.h,0,1,1
/media/ullmann/HDDGabriel/engines/UnrealEngine/Engine/Source/ThirdParty/EOSSDK/SDK/Bin/Android/include/eos_rtc_audio_types.h,2,1,3
/media/ullmann/HDDGabriel/engines/UnrealEngine/Engine/Source/ThirdParty/HLMediaLibrary/HLMediaLibrary/MediaHelpers.h,3,0,3
/media/ullmann/HDDGabriel/engines/UnrealEngine/Engine/Source/Runtime/Online/SSL/Private/SslError.cpp,0,1,1
/media/ullmann/HDDGabriel/engines/UnrealEngine/Engine/Source/ThirdParty/Intel/Embree/Embree270/src/kernels/xeon/geometry/grid_soa_intersector1.h,2,3,5
/media/ullmann/HDDGabriel/engines/UnrealEngine/Engine/Source/ThirdParty/Intel/TBB/IntelTBB-2019u8/include/tbb/global_control.h,1,1,2
/media/ullmann/HDDGabriel/engines/UnrealEngine/Engine/Source/ThirdParty/OpenVDB/openvdb-8.1.0/openvdb_ax/openvdb_ax/codegen/VolumeComputeGenerator.cc,0,7,7
/media/ullmann/HDDGabriel/engines/UnrealEngine/Engine/Source/ThirdParty/FreeImage/FreeImage-3.18.0/Source/OpenEXR/IlmThread/IlmThreadForward.h,0,1,1
/media/ullmann/HDDGabriel/engines/UnrealEngine/Engine/Source/Runtime/Core/Public/HAL/PlatformTLS.h,4,0,4
/media/ullmann/HDDGabriel/engines/UnrealEngine/Engine/Source/ThirdParty/Intel/TBB/IntelTBB-2019u8/src/test/test_model_plugin.cpp,0,3,3
/media/ullmann/HDDGabriel/engines/UnrealEngine/Engine/Source/ThirdParty/Intel/TBB/IntelTBB-2019u8/src/test/harness_dynamic_libs.h,5,1,6
/media/ullmann/HDDGabriel/engines/UnrealEngine/Engine/Source/ThirdParty/FreeImage/FreeImage-3.18.0/Source/ZLib/crc32.c,0,2,2
/media/ullmann/HDDGabriel/engines/UnrealEngine/Engine/Source/ThirdParty/FreeImage/FreeImage-3.18.0/Source/ZLib/crc32.h,1,0,1
/media/ullmann/HDDGabriel/engines/UnrealEngine/Engine/Source/ThirdParty/EOSSDK/SDK/Bin/Android/include/eos_rtc.h,0,2,2
/media/ullmann/HDDGabriel/engines/UnrealEngine/Engine/Source/ThirdParty/PhysX3/PhysX_3.4/Source/SimulationController/src/ScConstraintInteraction.cpp,0,3,3
/media/ullmann/HDDGabriel/engines/UnrealEngine/Engine/Source/Developer/AssetTools/Private/AssetTypeActions/AssetTypeActions_TextureRenderTarget.h,1,0,1
/media/ullmann/HDDGabriel/engines/UnrealEngine/Engine/Source/ThirdParty/PhysX3/APEX_1.4/include/nvparameterized/NvSerializer.h,1,1,2
/media/ullmann/HDDGabriel/engines/UnrealEngine/Engine/Source/ThirdParty/Crunch/src/crnlib/crn_dxt_fast.cpp,0,3,3
/media/ullmann/HDDGabriel/engines/UnrealEngine/Engine/Source/ThirdParty/ICU/icu4c-64_1/source/test/perf/DateFmtPerf/DateFmtPerf.cpp,0,1,1
/media/ullmann/HDDGabriel/engines/UnrealEngine/Engine/Source/ThirdParty/ICU/icu4c-64_1/source/test/perf/DateFmtPerf/DateFmtPerf.h,1,3,4
/media/ullmann/HDDGabriel/engines/UnrealEngine/Engine/Source/Developer/IOS/IOSTargetPlatform/Private/IOSTargetPlatform.h,3,2,5
/media/ullmann/HDDGabriel/engines/UnrealEngine/Engine/Source/ThirdParty/CryptoPP/5.6.5/include/rdrand.h,2,1,3
/media/ullmann/HDDGabriel/engines/UnrealEngine/Engine/Source/ThirdParty/ICU/icu4c-53_1/source/test/intltest/testutil.cpp,0,1,1
/media/ullmann/HDDGabriel/engines/UnrealEngine/Engine/Source/Runtime/Apple/AGXRHI/Private/IOS/IOSPlatformAGXConfig.cpp,0,1,1
/media/ullmann/HDDGabriel/engines/UnrealEngine/Engine/Source/Runtime/Apple/AGXRHI/Private/IOS/IOSPlatformAGXConfig.h,1,1,2
/media/ullmann/HDDGabriel/engines/UnrealEngine/Engine/Source/Developer/TraceServices/Private/Analyzers/LogTraceAnalysis.cpp,0,1,1
/media/ullmann/HDDGabriel/engines/UnrealEngine/Engine/Source/ThirdParty/WebRTC/4147/Include/base/third_party/xdg_mime/xdgmimealias.h,0,1,1
/media/ullmann/HDDGabriel/engines/UnrealEngine/Engine/Source/ThirdParty/PhysX3/APEX_1.4/shared/external/include/SampleCapsuleActor.h,0,1,1
/media/ullmann/HDDGabriel/engines/UnrealEngine/Engine/Source/Developer/LogVisualizer/Private/VisualLoggerCanvasRenderer.h,2,0,2
/media/ullmann/HDDGabriel/engines/UnrealEngine/Engine/Source/Runtime/Engine/Classes/Animation/AnimationSettings.h,0,2,2
/media/ullmann/HDDGabriel/engines/UnrealEngine/Engine/Source/Runtime/Engine/Classes/Animation/MirrorDataTable.h,1,0,1
/media/ullmann/HDDGabriel/engines/UnrealEngine/Engine/Source/ThirdParty/SDL2/SDL-gui-backend/src/audio/dummy/SDL_dummyaudio.c,0,3,3
/media/ullmann/HDDGabriel/engines/UnrealEngine/Engine/Source/ThirdParty/ICU/icu4c-53_1/source/test/perf/usetperf/usetperf.cpp,0,1,1
/media/ullmann/HDDGabriel/engines/UnrealEngine/Engine/Source/Programs/Enterprise/Datasmith/DatasmithFacadeCSharp/Private/DatasmithFacadeCSharp.cpp,0,1,1
/media/ullmann/HDDGabriel/engines/UnrealEngine/Engine/Source/Programs/Enterprise/Datasmith/DatasmithFacadeCSharp/Private/DatasmithFacadeCSharp.h,1,0,1
/media/ullmann/HDDGabriel/engines/UnrealEngine/Engine/Source/ThirdParty/WebRTC/4147/Include/third_party/opus/src/celt/quant_bands.h,0,5,5
/media/ullmann/HDDGabriel/engines/UnrealEngine/Engine/Source/Runtime/Portal/Rpc/Private/PortalRpcLocator.h,2,0,2
/media/ullmann/HDDGabriel/engines/UnrealEngine/Engine/Source/ThirdParty/OpenVDB/openvdb-8.1.0/openvdb_ax/openvdb_ax/compiler/CustomData.h,5,0,5
/media/ullmann/HDDGabriel/engines/UnrealEngine/Engine/Source/ThirdParty/PhysX3/PhysX_3.4/Source/SceneQuery/src/SqAABBTreeQuery.h,3,2,5
/media/ullmann/HDDGabriel/engines/UnrealEngine/Engine/Source/ThirdParty/Intel/Embree/Embree270/src/kernels/xeon/geometry/grid_soa.cpp,0,1,1
/media/ullmann/HDDGabriel/engines/UnrealEngine/Engine/Source/Runtime/Slate/Public/Widgets/Layout/SWrapBox.h,2,0,2
/media/ullmann/HDDGabriel/engines/UnrealEngine/Engine/Source/Runtime/MovieScene/Public/Evaluation/MovieScenePlayback.h,1,0,1
/media/ullmann/HDDGabriel/engines/UnrealEngine/Engine/Source/Runtime/Online/WebSockets/Private/Lws/LwsWebSocket.h,2,0,2
/media/ullmann/HDDGabriel/engines/UnrealEngine/Engine/Source/ThirdParty/Oculus/LibOVRPlatform/LibOVRPlatform/include/OVR_PidArray.h,2,2,4
/media/ullmann/HDDGabriel/engines/UnrealEngine/Engine/Source/ThirdParty/ICU/icu4c-53_1/source/layout/SubstitutionLookups.cpp,0,9,9
/media/ullmann/HDDGabriel/engines/UnrealEngine/Engine/Source/ThirdParty/SDL2/SDL-gui-backend/src/SDL_error.c,0,2,2
/media/ullmann/HDDGabriel/engines/UnrealEngine/Engine/Source/Editor/UnrealEd/Public/STransformViewportToolbar.h,0,1,1
/media/ullmann/HDDGabriel/engines/UnrealEngine/Engine/Source/Runtime/Projects/Private/ModuleDescriptor.cpp,0,1,1
/media/ullmann/HDDGabriel/engines/UnrealEngine/Engine/Source/ThirdParty/libOpus/opus-1.3.1-12/silk/fixed/residual_energy16_FIX.c,0,1,1
/media/ullmann/HDDGabriel/engines/UnrealEngine/Engine/Source/Editor/PhysicsAssetEditor/Private/PhysicsAssetEditorToolsSummoner.h,2,0,2
/media/ullmann/HDDGabriel/engines/UnrealEngine/Engine/Source/Developer/DerivedDataCache/Private/DerivedDataBuildOutput.cpp,0,1,1
/media/ullmann/HDDGabriel/engines/UnrealEngine/Engine/Source/Runtime/VulkanRHI/Private/VulkanMemory.cpp,0,5,5
/media/ullmann/HDDGabriel/engines/UnrealEngine/Engine/Source/Developer/Linux/LinuxTargetPlatform/Private/LinuxTargetPlatformClasses.cpp,0,2,2
/media/ullmann/HDDGabriel/engines/UnrealEngine/Engine/Source/Developer/Linux/LinuxTargetPlatform/Private/LinuxTargetDevice.h,3,0,3
/media/ullmann/HDDGabriel/engines/UnrealEngine/Engine/Source/ThirdParty/SDL2/SDL-gui-backend/src/core/linux/SDL_dbus.c,0,2,2
/media/ullmann/HDDGabriel/engines/UnrealEngine/Engine/Source/ThirdParty/FreeType2/FreeType2-2.10.4/src/raster/raster.c,0,2,2
/media/ullmann/HDDGabriel/engines/UnrealEngine/Engine/Source/ThirdParty/FakeIt/2.0.2/config/standalone/fakeit.hpp,0,1,1
/media/ullmann/HDDGabriel/engines/UnrealEngine/Engine/Source/ThirdParty/SDL2/SDL-gui-backend/src/render/direct3d/SDL_shaders_d3d.c,0,3,3
/media/ullmann/HDDGabriel/engines/UnrealEngine/Engine/Source/Developer/DerivedDataCache/Public/DerivedDataBuildOutput.h,0,1,1
/media/ullmann/HDDGabriel/engines/UnrealEngine/Engine/Source/Programs/UnrealLightmass/Private/Lighting/MonteCarlo.cpp,0,1,1
/media/ullmann/HDDGabriel/engines/UnrealEngine/Engine/Source/ThirdParty/libcurl/include/Android/x64/curl/multi.h,1,1,2
/media/ullmann/HDDGabriel/engines/UnrealEngine/Engine/Source/Developer/TraceAnalysis/Private/Store/StoreClient.cpp,0,2,2
/media/ullmann/HDDGabriel/engines/UnrealEngine/Engine/Source/ThirdParty/ShaderConductor/ShaderConductor/External/SPIRV-Tools/source/opt/folding_rules.cpp,0,1,1
/media/ullmann/HDDGabriel/engines/UnrealEngine/Engine/Source/ThirdParty/libOpus/opus-1.1/silk/fixed/encode_frame_FIX.c,0,1,1
/media/ullmann/HDDGabriel/engines/UnrealEngine/Engine/Source/ThirdParty/GoogleOboe/Private/common/AudioStream.cpp,0,1,1
/media/ullmann/HDDGabriel/engines/UnrealEngine/Engine/Source/ThirdParty/GoogleOboe/Private/common/OboeDebug.h,3,0,3
/media/ullmann/HDDGabriel/engines/UnrealEngine/Engine/Source/Editor/DetailCustomizations/Private/MovieSceneSequenceLoopCountCustomization.cpp,0,1,1
/media/ullmann/HDDGabriel/engines/UnrealEngine/Engine/Source/ThirdParty/Intel/Embree/Embree270/src/kernels/xeon/bvh8/bvh8_intersector4_hybrid.h,1,3,4
/media/ullmann/HDDGabriel/engines/UnrealEngine/Engine/Source/ThirdParty/Intel/Embree/Embree270/src/kernels/xeon/builders/primrefgen.avx512.cpp,0,1,1
/media/ullmann/HDDGabriel/engines/UnrealEngine/Engine/Source/ThirdParty/ShaderConductor/ShaderConductor/External/DirectXShaderCompiler/lib/DxrFallback/LLVMUtils.h,3,0,3
/media/ullmann/HDDGabriel/engines/UnrealEngine/Engine/Source/ThirdParty/Perforce/p4api-2018.1/Include/Mac/p4/clientuser.h,1,0,1
/media/ullmann/HDDGabriel/engines/UnrealEngine/Engine/Source/ThirdParty/ICU/icu4c-53_1/source/i18n/ucol_sit.cpp,0,3,3
/media/ullmann/HDDGabriel/engines/UnrealEngine/Engine/Source/ThirdParty/ShaderConductor/ShaderConductor/External/DirectXShaderCompiler/lib/Support/regfree.c,0,3,3
/media/ullmann/HDDGabriel/engines/UnrealEngine/Engine/Source/Runtime/GeometryCore/Public/GeometryBase.h,2,0,2
/media/ullmann/HDDGabriel/engines/UnrealEngine/Engine/Source/ThirdParty/WebRTC/4147/Include/third_party/opus/src/celt/arm/fixed_armv5e.h,1,1,2
/media/ullmann/HDDGabriel/engines/UnrealEngine/Engine/Source/ThirdParty/Vorbis/libvorbis-1.3.2/vq/huffbuild.c,0,1,1
/media/ullmann/HDDGabriel/engines/UnrealEngine/Engine/Source/ThirdParty/Windows/DirectX/Include/xnamathconvert.inl,1,0,1
/media/ullmann/HDDGabriel/engines/UnrealEngine/Engine/Source/Runtime/CoreUObject/Public/Serialization/PropertyLocalizationDataGathering.h,1,0,1
/media/ullmann/HDDGabriel/engines/UnrealEngine/Engine/Source/ThirdParty/EOSSDK/SDK/Bin/Android/include/eos_friends_types.h,2,1,3
/media/ullmann/HDDGabriel/engines/UnrealEngine/Engine/Source/ThirdParty/Intel/Embree/Embree2140/src/common/sys/thread.cpp,0,3,3
/media/ullmann/HDDGabriel/engines/UnrealEngine/Engine/Source/ThirdParty/HarfBuzz/harfbuzz-2.4.0/src/hb-subset.hh,2,0,2
/media/ullmann/HDDGabriel/engines/UnrealEngine/Engine/Source/ThirdParty/OpenSubdiv/OpenSubdiv-3.4.4/opensubdiv/osd/hlslPatchShaderSource.h,1,2,3
/media/ullmann/HDDGabriel/engines/UnrealEngine/Engine/Source/ThirdParty/ICU/icu4c-53_1/source/i18n/unicode/dtitvfmt.h,2,0,2
/media/ullmann/HDDGabriel/engines/UnrealEngine/Engine/Source/ThirdParty/Intel/Embree/Embree270/src/kernels/xeon/bvh4/bvh4_builder_twolevel.h,1,2,3
/media/ullmann/HDDGabriel/engines/UnrealEngine/Engine/Source/ThirdParty/ICU/icu4c-64_1/source/i18n/standardplural.cpp,0,1,1
/media/ullmann/HDDGabriel/engines/UnrealEngine/Engine/Source/ThirdParty/Unix/LibCxx/include/c++/v1/memory,1,0,1
/media/ullmann/HDDGabriel/engines/UnrealEngine/Engine/Source/ThirdParty/libOpus/opus-1.3.1-12/silk/tables_NLSF_CB_NB_MB.c,0,1,1
/media/ullmann/HDDGabriel/engines/UnrealEngine/Engine/Source/Runtime/Slate/Public/Framework/Layout/InertialScrollManager.h,3,0,3
/media/ullmann/HDDGabriel/engines/UnrealEngine/Engine/Source/Runtime/Slate/Public/Widgets/Layout/SHeader.h,2,0,2
/media/ullmann/HDDGabriel/engines/UnrealEngine/Engine/Source/Editor/ContentBrowser/Public/ContentBrowserPluginFilters.h,0,1,1
/media/ullmann/HDDGabriel/engines/UnrealEngine/Engine/Source/ThirdParty/OpenSubdiv/OpenSubdiv-3.4.4/regression/common/cmp_utils.h,2,1,3
/media/ullmann/HDDGabriel/engines/UnrealEngine/Engine/Source/ThirdParty/libPNG/libPNG-1.5.27/pngdebug.h,1,0,1
/media/ullmann/HDDGabriel/engines/UnrealEngine/Engine/Source/ThirdParty/FreeType2/FreeType2-2.10.0/src/gxvalid/gxvjust.c,1,2,3
/media/ullmann/HDDGabriel/engines/UnrealEngine/Engine/Source/Editor/PListEditor/Private/PListNodeBoolean.cpp,0,1,1
/media/ullmann/HDDGabriel/engines/UnrealEngine/Engine/Source/ThirdParty/FreeImage/FreeImage-3.18.0/Source/OpenEXR/IlmImf/ImfDeepImageState.h,1,2,3
/media/ullmann/HDDGabriel/engines/UnrealEngine/Engine/Source/Editor/Sequencer/Public/AcquiredResources.h,1,0,1
/media/ullmann/HDDGabriel/engines/UnrealEngine/Engine/Source/ThirdParty/Distorm/src/wstring.c,0,1,1
/media/ullmann/HDDGabriel/engines/UnrealEngine/Engine/Source/ThirdParty/Distorm/src/wstring.h,3,1,4
/media/ullmann/HDDGabriel/engines/UnrealEngine/Engine/Source/ThirdParty/FontConfig/fontconfig-2.13.94/src/fcweight.c,0,1,1
/media/ullmann/HDDGabriel/engines/UnrealEngine/Engine/Source/Runtime/Android/AudioMixerAndroid/Private/AudioMixerAndroid.cpp,0,1,1
/media/ullmann/HDDGabriel/engines/UnrealEngine/Engine/Source/Runtime/Android/AudioMixerAndroid/Private/AudioMixerPlatformAndroid.h,2,0,2
/media/ullmann/HDDGabriel/engines/UnrealEngine/Engine/Source/Programs/UnrealLightmass/Private/ImportExport/Exporter.cpp,0,2,2
/media/ullmann/HDDGabriel/engines/UnrealEngine/Engine/Source/Editor/Persona/Private/SAnimationSequenceBrowser.cpp,0,4,4
/media/ullmann/HDDGabriel/engines/UnrealEngine/Engine/Source/Developer/Apple/MetalShaderFormat/Private/MetalBackend.h,4,0,4
/media/ullmann/HDDGabriel/engines/UnrealEngine/Engine/Source/ThirdParty/WebRTC/4147/Include/sdk/objc/native/src/audio/audio_session_observer.h,1,0,1
/media/ullmann/HDDGabriel/engines/UnrealEngine/Engine/Source/ThirdParty/FreeType2/FreeType2-2.10.0/src/cid/cidtoken.h,1,0,1
/media/ullmann/HDDGabriel/engines/UnrealEngine/Engine/Source/ThirdParty/FreeType2/FreeType2-2.10.0/src/base/ftdbgmem.c,1,0,1
/media/ullmann/HDDGabriel/engines/UnrealEngine/Engine/Source/Runtime/Renderer/Private/HairStrands/HairStrandsDebug.h,2,0,2
/media/ullmann/HDDGabriel/engines/UnrealEngine/Engine/Source/ThirdParty/FreeType2/FreeType2-2.6/Include/ftbdf.h,0,1,1
/media/ullmann/HDDGabriel/engines/UnrealEngine/Engine/Source/Developer/TraceAnalysis/Private/Analysis/Context.cpp,0,1,1
/media/ullmann/HDDGabriel/engines/UnrealEngine/Engine/Source/ThirdParty/ICU/icu4c-53_1/source/test/perf/leperf/FontTableCache.h,2,0,2
/media/ullmann/HDDGabriel/engines/UnrealEngine/Engine/Source/ThirdParty/Android/libunwind/libunwind/src/aarch64/Lregs.c,0,1,1
/media/ullmann/HDDGabriel/engines/UnrealEngine/Engine/Source/ThirdParty/Android/libunwind/libunwind/src/aarch64/Gregs.c,1,1,2
/media/ullmann/HDDGabriel/engines/UnrealEngine/Engine/Source/ThirdParty/Crunch/src/crnlib/crn_platform.h,1,0,1
/media/ullmann/HDDGabriel/engines/UnrealEngine/Engine/Source/ThirdParty/OpenSubdiv/OpenSubdiv-3.4.4/opensubdiv/far/patchMap.h,2,2,4
/media/ullmann/HDDGabriel/engines/UnrealEngine/Engine/Source/ThirdParty/SDL2/SDL-gui-backend/src/joystick/hidapi/SDL_hidapi_steam.c,0,5,5
/media/ullmann/HDDGabriel/engines/UnrealEngine/Engine/Source/ThirdParty/Perforce/p4api-2014.2/include/p4/keepalive.h,1,0,1
/media/ullmann/HDDGabriel/engines/UnrealEngine/Engine/Source/ThirdParty/PhysX3/APEX_1.4/module/clothing_legacy/include/autogen/ClothingAssetParameters_0p0.h,1,0,1
/media/ullmann/HDDGabriel/engines/UnrealEngine/Engine/Source/ThirdParty/ICU/icu4c-64_1/source/i18n/unicode/dtitvfmt.h,2,0,2
/media/ullmann/HDDGabriel/engines/UnrealEngine/Engine/Source/ThirdParty/ICU/icu4c-53_1/source/common/utrie2_impl.h,2,1,3
/media/ullmann/HDDGabriel/engines/UnrealEngine/Engine/Source/Runtime/AIModule/Classes/AISubsystem.h,0,1,1
/media/ullmann/HDDGabriel/engines/UnrealEngine/Engine/Source/Runtime/AIModule/Classes/AISystem.h,1,0,1
/media/ullmann/HDDGabriel/engines/UnrealEngine/Engine/Source/ThirdParty/CryptoPP/5.6.2/include/crc.h,4,1,5
/media/ullmann/HDDGabriel/engines/UnrealEngine/Engine/Source/ThirdParty/llvm/8/include/llvm/DebugInfo/PDB/DIA/DIALineNumber.h,0,1,1
/media/ullmann/HDDGabriel/engines/UnrealEngine/Engine/Source/ThirdParty/EOSSDK/SDK/Bin/Android/include/eos_playerdatastorage.h,0,1,1
/media/ullmann/HDDGabriel/engines/UnrealEngine/Engine/Source/ThirdParty/EOSSDK/SDK/Bin/Android/include/eos_playerdatastorage_types.h,2,1,3
/media/ullmann/HDDGabriel/engines/UnrealEngine/Engine/Source/ThirdParty/ICU/icu4c-64_1/source/i18n/numparse_decimal.cpp,0,4,4
/media/ullmann/HDDGabriel/engines/UnrealEngine/Engine/Source/Programs/HeadlessChaos/Public/GeometryCollection/GeometryCollectionTestSpatialHash.h,0,1,1
/media/ullmann/HDDGabriel/engines/UnrealEngine/Engine/Source/ThirdParty/Crunch/src/crnlib/crn_dxt_hc.cpp,0,6,6
/media/ullmann/HDDGabriel/engines/UnrealEngine/Engine/Source/Editor/CurveEditor/Public/RichCurveEditorModel.h,0,2,2
/media/ullmann/HDDGabriel/engines/UnrealEngine/Engine/Source/ThirdParty/ShaderConductor/ShaderConductor/External/DirectXShaderCompiler/tools/lli/RemoteMemoryManager.cpp,0,1,1
/media/ullmann/HDDGabriel/engines/UnrealEngine/Engine/Source/ThirdParty/Intel/Embree/Embree270/src/kernels/xeon/builders/primrefblock.h,3,2,5
/media/ullmann/HDDGabriel/engines/UnrealEngine/Engine/Source/ThirdParty/Android/libunwind/libunwind/src/elf64.c,0,2,2
/media/ullmann/HDDGabriel/engines/UnrealEngine/Engine/Source/ThirdParty/Android/libunwind/libunwind/src/elfxx.c,4,0,4
/media/ullmann/HDDGabriel/engines/UnrealEngine/Engine/Source/Programs/HeadlessChaos/Public/HeadlessChaosTestGJK.h,0,1,1
/media/ullmann/HDDGabriel/engines/UnrealEngine/Engine/Source/ThirdParty/PhysX3/APEX_1.4/module/destructible/fracture/Core/IceRevisitedRadixBase.cpp,0,1,1
/media/ullmann/HDDGabriel/engines/UnrealEngine/Engine/Source/ThirdParty/PhysX3/APEX_1.4/module/destructible/fracture/Core/IceRevisitedRadixBase.h,2,0,2
/media/ullmann/HDDGabriel/engines/UnrealEngine/Engine/Source/Editor/UnrealEd/Classes/Exporters/LevelExporterFBX.h,0,1,1
/media/ullmann/HDDGabriel/engines/UnrealEngine/Engine/Source/Editor/Sequencer/Private/SequencerNodeSortingMethods.h,1,1,2
/media/ullmann/HDDGabriel/engines/UnrealEngine/Engine/Source/ThirdParty/ShaderConductor/ShaderConductor/External/DirectXShaderCompiler/tools/clang/lib/Driver/ToolChain.cpp,0,1,1
/media/ullmann/HDDGabriel/engines/UnrealEngine/Engine/Source/Runtime/AudioCaptureCore/Public/AudioCaptureCore.h,0,1,1
/media/ullmann/HDDGabriel/engines/UnrealEngine/Engine/Source/Runtime/AudioCaptureCore/Public/AudioCaptureDeviceInterface.h,1,0,1
/media/ullmann/HDDGabriel/engines/UnrealEngine/Engine/Source/ThirdParty/FreeType2/FreeType2-2.6/Src/gzip/adler32.c,1,1,2
/media/ullmann/HDDGabriel/engines/UnrealEngine/Engine/Source/ThirdParty/Intel/ISPC/ispc-1.16.1/src/ispc_version.h,3,0,3
/media/ullmann/HDDGabriel/engines/UnrealEngine/Engine/Source/Runtime/Renderer/Private/DynamicBVH.h,2,0,2
/media/ullmann/HDDGabriel/engines/UnrealEngine/Engine/Source/Runtime/Landscape/Public/LandscapeRenderMobile.h,0,2,2
/media/ullmann/HDDGabriel/engines/UnrealEngine/Engine/Source/ThirdParty/WebRTC/4147/Include/third_party/opus/src/silk/arm/NSQ_del_dec_arm.h,1,0,1
/media/ullmann/HDDGabriel/engines/UnrealEngine/Engine/Source/ThirdParty/Intel/TBB/IntelTBB-2019u8/src/tbb/condition_variable.cpp,0,3,3
/media/ullmann/HDDGabriel/engines/UnrealEngine/Engine/Source/ThirdParty/Intel/TBB/IntelTBB-2019u8/examples/parallel_for/polygon_overlay/polyover.h,3,1,4
/media/ullmann/HDDGabriel/engines/UnrealEngine/Engine/Source/ThirdParty/PhysX3/APEX_1.4/shared/general/meshimport/include/utils/MiStringDictionary.h,0,2,2
/media/ullmann/HDDGabriel/engines/UnrealEngine/Engine/Source/ThirdParty/Windows/DirectXLegacy/Include/xma2defs.h,1,1,2
/media/ullmann/HDDGabriel/engines/UnrealEngine/Engine/Source/ThirdParty/Windows/DirectXLegacy/Include/audiodefs.h,2,0,2
/media/ullmann/HDDGabriel/engines/UnrealEngine/Engine/Source/ThirdParty/Vulkan/Include/vulkan/vulkan_wayland.h,1,0,1
/media/ullmann/HDDGabriel/engines/UnrealEngine/Engine/Source/ThirdParty/ShaderConductor/ShaderConductor/External/DirectXShaderCompiler/lib/ExecutionEngine/RuntimeDyld/Targets/RuntimeDyldCOFFX86_64.h,1,1,2
/media/ullmann/HDDGabriel/engines/UnrealEngine/Engine/Source/ThirdParty/SpeedTree/SpeedTreeSDK-v7.0/Include/Core/Random.h,0,1,1
/media/ullmann/HDDGabriel/engines/UnrealEngine/Engine/Source/ThirdParty/openexr/openexr-3.1.1/src/test/OpenEXRTest/testWav.h,1,0,1
/media/ullmann/HDDGabriel/engines/UnrealEngine/Engine/Source/ThirdParty/Perforce/p4api-2014.1/include/p4/strbuf.h,1,0,1
/media/ullmann/HDDGabriel/engines/UnrealEngine/Engine/Source/ThirdParty/Oculus/LibOVRPlatform/LibOVRPlatform/include/OVR_DataStore.h,3,1,4
/media/ullmann/HDDGabriel/engines/UnrealEngine/Engine/Source/Runtime/Renderer/Private/VariableRateShadingImageManager.cpp,0,1,1
/media/ullmann/HDDGabriel/engines/UnrealEngine/Engine/Source/ThirdParty/PhysX3/PhysX_3.4/Source/PhysXVehicle/src/PxVehicleSuspWheelTire4.h,7,0,7
/media/ullmann/HDDGabriel/engines/UnrealEngine/Engine/Source/Editor/DetailCustomizations/Private/DataTableCustomization.cpp,0,1,1
/media/ullmann/HDDGabriel/engines/UnrealEngine/Engine/Source/Editor/DetailCustomizations/Private/DataTableCustomization.h,2,0,2
/media/ullmann/HDDGabriel/engines/UnrealEngine/Engine/Source/Runtime/Networking/Public/Interfaces/INetworkingModule.h,1,0,1
/media/ullmann/HDDGabriel/engines/UnrealEngine/Engine/Source/Editor/DerivedDataEditor/Private/SDerivedDataStatusBar.cpp,0,4,4
/media/ullmann/HDDGabriel/engines/UnrealEngine/Engine/Source/ThirdParty/CryptoPP/5.6.5/include/gf256.cpp,0,2,2
/media/ullmann/HDDGabriel/engines/UnrealEngine/Engine/Source/ThirdParty/Steamworks/Steamv146/sdk/public/steam/steamuniverse.h,1,0,1
/media/ullmann/HDDGabriel/engines/UnrealEngine/Engine/Source/ThirdParty/ICU/icu4c-64_1/source/common/unicode/simpleformatter.h,2,0,2
/media/ullmann/HDDGabriel/engines/UnrealEngine/Engine/Source/ThirdParty/ICU/icu4c-64_1/source/test/cintltst/nfsprep.c,0,2,2
/media/ullmann/HDDGabriel/engines/UnrealEngine/Engine/Source/ThirdParty/openexr/openexr-3.1.1/src/examples/rgbaInterfaceTiledExamples.cpp,0,2,2
/media/ullmann/HDDGabriel/engines/UnrealEngine/Engine/Source/ThirdParty/nvTextureTools/nvTextureTools-2.0.6/src/gnuwin32/include/tiff.h,1,1,2
/media/ullmann/HDDGabriel/engines/UnrealEngine/Engine/Source/ThirdParty/nvTextureTools/nvTextureTools-2.0.6/src/gnuwin32/include/tiffconf.h,1,0,1
/media/ullmann/HDDGabriel/engines/UnrealEngine/Engine/Source/ThirdParty/Intel/TBB/IntelTBB-2019u8/src/tbbmalloc/tbb_function_replacement.cpp,0,2,2
/media/ullmann/HDDGabriel/engines/UnrealEngine/Engine/Source/ThirdParty/HarfBuzz/harfbuzz-2.4.0/src/hb-ot-color-svg-table.hh,2,0,2
/media/ullmann/HDDGabriel/engines/UnrealEngine/Engine/Source/ThirdParty/WebRTC/4147/Include/tools/clang/blink_gc_plugin/tests/trace_wrapper.h,0,1,1
/media/ullmann/HDDGabriel/engines/UnrealEngine/Engine/Source/ThirdParty/PhysX3/APEX_1.4/module/clothing_legacy/include/autogen/ClothingActorParam_0p6.h,1,0,1
/media/ullmann/HDDGabriel/engines/UnrealEngine/Engine/Source/Programs/UnrealInsights/Private/UserInterfaceCommand.h,2,0,2
/media/ullmann/HDDGabriel/engines/UnrealEngine/Engine/Source/Editor/Persona/Private/PoseWatchManagerColumnColor.cpp,0,3,3
/media/ullmann/HDDGabriel/engines/UnrealEngine/Engine/Source/ThirdParty/ICU/icu4c-64_1/source/i18n/cpdtrans.cpp,0,2,2
/media/ullmann/HDDGabriel/engines/UnrealEngine/Engine/Source/ThirdParty/AMD/Amf/components/PreAnalysis.h,2,0,2
/media/ullmann/HDDGabriel/engines/UnrealEngine/Engine/Source/ThirdParty/ShaderConductor/ShaderConductor/External/DirectXShaderCompiler/lib/Support/Watchdog.cpp,0,2,2
/media/ullmann/HDDGabriel/engines/UnrealEngine/Engine/Source/ThirdParty/ShaderConductor/ShaderConductor/External/DirectXShaderCompiler/lib/Support/Windows/Watchdog.inc,1,0,1
/media/ullmann/HDDGabriel/engines/UnrealEngine/Engine/Source/Runtime/AVEncoder/Public/VideoEncoder.h,1,1,2
/media/ullmann/HDDGabriel/engines/UnrealEngine/Engine/Source/Runtime/CrashReportCore/Public/Windows/WindowsErrorReport.h,1,1,2
/media/ullmann/HDDGabriel/engines/UnrealEngine/Engine/Source/ThirdParty/OpenSubdiv/OpenSubdiv-3.4.4/regression/shapes/catmark_pyramid_creases1.h,2,0,2
/media/ullmann/HDDGabriel/engines/UnrealEngine/Engine/Source/ThirdParty/FreeImage/FreeImage-3.18.0/Source/LibJPEG/jcinit.c,0,2,2
/media/ullmann/HDDGabriel/engines/UnrealEngine/Engine/Source/Runtime/MovieScene/Public/Evaluation/MovieSceneEvaluationField.h,1,0,1
/media/ullmann/HDDGabriel/engines/UnrealEngine/Engine/Source/ThirdParty/Steamworks/Steamv151/sdk/public/steam/isteamvideo.h,1,1,2
/media/ullmann/HDDGabriel/engines/UnrealEngine/Engine/Source/ThirdParty/FreeType2/FreeType2-2.10.0/src/sfnt/ttload.c,1,2,3
/media/ullmann/HDDGabriel/engines/UnrealEngine/Engine/Source/Editor/MovieSceneTools/Private/CurveKeyEditors/SEnumKeyEditor.h,0,1,1
/media/ullmann/HDDGabriel/engines/UnrealEngine/Engine/Source/Editor/MovieSceneTools/Private/CurveKeyEditors/SequencerKeyEditor.h,4,0,4
/media/ullmann/HDDGabriel/engines/UnrealEngine/Engine/Source/ThirdParty/libPNG/libPNG-1.5.2/contrib/gregbook/writepng.c,0,1,1
/media/ullmann/HDDGabriel/engines/UnrealEngine/Engine/Source/ThirdParty/libstrophe/libstrophe-0.9.3/tests/test_hash.c,0,1,1
/media/ullmann/HDDGabriel/engines/UnrealEngine/Engine/Source/Runtime/Renderer/Private/Lumen/LumenProbeHierarchyTracing.cpp,0,2,2
/media/ullmann/HDDGabriel/engines/UnrealEngine/Engine/Source/ThirdParty/ShaderConductor/ShaderConductor/External/SPIRV-Tools/source/opt/eliminate_dead_functions_util.cpp,0,1,1
/media/ullmann/HDDGabriel/engines/UnrealEngine/Engine/Source/ThirdParty/ShaderConductor/ShaderConductor/External/SPIRV-Tools/source/opt/eliminate_dead_functions_util.h,1,0,1
/media/ullmann/HDDGabriel/engines/UnrealEngine/Engine/Source/ThirdParty/mtlpp/mtlpp-master-7efad47/interpose/MTICaptureScope.hpp,0,1,1
/media/ullmann/HDDGabriel/engines/UnrealEngine/Engine/Source/ThirdParty/MCPP/mcpp-2.7.2/test-c/n_19.c,0,1,1
/media/ullmann/HDDGabriel/engines/UnrealEngine/Engine/Source/ThirdParty/openexr/openexr-3.1.1/src/bin/exrmakepreview/makePreview.cpp,0,1,1
/media/ullmann/HDDGabriel/engines/UnrealEngine/Engine/Source/Editor/KismetCompiler/Public/BPTerminal.h,3,0,3
/media/ullmann/HDDGabriel/engines/UnrealEngine/Engine/Source/ThirdParty/PhysX3/NvCloth/samples/SampleBase/scene/scenes/CCDScene.cpp,0,1,1
/media/ullmann/HDDGabriel/engines/UnrealEngine/Engine/Source/ThirdParty/PhysX3/NvCloth/samples/SampleBase/scene/scenes/CCDScene.h,1,0,1
/media/ullmann/HDDGabriel/engines/UnrealEngine/Engine/Source/Programs/Enterprise/Datasmith/DatasmithARCHICADExporter/Private/ConnectionWindow.cpp,0,7,7
/media/ullmann/HDDGabriel/engines/UnrealEngine/Engine/Source/Editor/Persona/Private/AnimViewportLODCommands.h,3,0,3
/media/ullmann/HDDGabriel/engines/UnrealEngine/Engine/Source/ThirdParty/ICU/icu4c-64_1/source/test/intltest/ittrans.cpp,0,8,8
/media/ullmann/HDDGabriel/engines/UnrealEngine/Engine/Source/ThirdParty/ICU/icu4c-64_1/source/test/intltest/reptest.h,2,1,3
/media/ullmann/HDDGabriel/engines/UnrealEngine/Engine/Source/Runtime/Apple/MetalRHI/Public/MetalRHIContext.h,0,3,3
/media/ullmann/HDDGabriel/engines/UnrealEngine/Engine/Source/Runtime/Apple/MetalRHI/Public/MetalState.h,1,0,1
/media/ullmann/HDDGabriel/engines/UnrealEngine/Engine/Source/ThirdParty/CryptoPP/5.6.5/include/dlltest.cpp,0,3,3
/media/ullmann/HDDGabriel/engines/UnrealEngine/Engine/Source/Runtime/Core/Public/Math/InverseRotationMatrix.h,3,0,3
/media/ullmann/HDDGabriel/engines/UnrealEngine/Engine/Source/Runtime/Experimental/Interchange/Engine/Private/Tasks/InterchangeTaskCreateSceneObjects.cpp,0,1,1
/media/ullmann/HDDGabriel/engines/UnrealEngine/Engine/Source/Runtime/Renderer/Private/DecalRenderingShared.cpp,0,3,3
/media/ullmann/HDDGabriel/engines/UnrealEngine/Engine/Source/ThirdParty/PhysX3/PhysX_3.4/Source/PhysXExtensions/src/serialization/Binary/SnConvX_Common.h,1,0,1
/media/ullmann/HDDGabriel/engines/UnrealEngine/Engine/Source/ThirdParty/OpenSubdiv/OpenSubdiv-3.4.4/regression/far_perf/far_perf.cpp,0,3,3
/media/ullmann/HDDGabriel/engines/UnrealEngine/Engine/Source/ThirdParty/OpenSubdiv/OpenSubdiv-3.4.4/regression/far_perf/init_shapes.h,1,2,3
/media/ullmann/HDDGabriel/engines/UnrealEngine/Engine/Source/ThirdParty/PhysX3/PhysX_3.4/Source/PhysXCharacterKinematic/src/CctSweptVolume.h,3,1,4
/media/ullmann/HDDGabriel/engines/UnrealEngine/Engine/Source/ThirdParty/Oculus/LibOVRPlatform/LibOVRPlatform/include/OVR_Product.h,2,1,3
/media/ullmann/HDDGabriel/engines/UnrealEngine/Engine/Source/ThirdParty/libOpus/opus-1.1/silk/float/find_pitch_lags_FLP.c,0,1,1
/media/ullmann/HDDGabriel/engines/UnrealEngine/Engine/Source/ThirdParty/OpenSubdiv/OpenSubdiv-3.4.4/opensubdiv/osd/d3d11LegacyGregoryPatchTable.cpp,0,1,1
/media/ullmann/HDDGabriel/engines/UnrealEngine/Engine/Source/ThirdParty/CryptoPP/5.6.2/include/eax.cpp,0,2,2
/media/ullmann/HDDGabriel/engines/UnrealEngine/Engine/Source/Developer/Windows/LiveCoding/Private/External/LC_MemoryMappedFile.cpp,0,2,2
/media/ullmann/HDDGabriel/engines/UnrealEngine/Engine/Source/ThirdParty/HarfBuzz/harfbuzz-2.4.0/src/hb-ot-layout-jstf-table.hh,1,0,1
/media/ullmann/HDDGabriel/engines/UnrealEngine/Engine/Source/Developer/MessageLog/Private/Presentation/MessageLogListingViewModel.h,1,0,1
/media/ullmann/HDDGabriel/engines/UnrealEngine/Engine/Source/ThirdParty/PhysX3/APEX_1.4/common/include/ApexRWLockable.h,1,0,1
/media/ullmann/HDDGabriel/engines/UnrealEngine/Engine/Source/ThirdParty/Boost/boost-1_70_0/include/boost/outcome/experimental/status-code/error.hpp,2,2,4
/media/ullmann/HDDGabriel/engines/UnrealEngine/Engine/Source/ThirdParty/FreeType2/FreeType2-2.4.12/src/base/ftstream.c,1,0,1
/media/ullmann/HDDGabriel/engines/UnrealEngine/Engine/Source/ThirdParty/ICU/icu4c-53_1/source/test/cintltst/cdetst.c,0,4,4
/media/ullmann/HDDGabriel/engines/UnrealEngine/Engine/Source/ThirdParty/ICU/icu4c-53_1/source/test/intltest/apicoll.cpp,0,2,2
/media/ullmann/HDDGabriel/engines/UnrealEngine/Engine/Source/ThirdParty/ICU/icu4c-53_1/source/test/intltest/apicoll.h,2,1,3
/media/ullmann/HDDGabriel/engines/UnrealEngine/Engine/Source/Developer/TraceServices/Private/Analyzers/PlatformFileTraceAnalysis.cpp,0,1,1
/media/ullmann/HDDGabriel/engines/UnrealEngine/Engine/Source/Developer/TraceServices/Private/Analyzers/PlatformFileTraceAnalysis.h,1,0,1
/media/ullmann/HDDGabriel/engines/UnrealEngine/Engine/Source/ThirdParty/glslang/glslang/src/glslang_lib/glslang/MachineIndependent/Initialize.cpp,0,2,2
/media/ullmann/HDDGabriel/engines/UnrealEngine/Engine/Source/Editor/UnrealEd/Public/SEditorViewportViewMenu.h,0,2,2
/media/ullmann/HDDGabriel/engines/UnrealEngine/Engine/Source/Editor/DetailCustomizations/Private/AssetImportDataCustomization.cpp,0,1,1
/media/ullmann/HDDGabriel/engines/UnrealEngine/Engine/Source/Editor/DetailCustomizations/Private/AssetImportDataCustomization.h,2,0,2
/media/ullmann/HDDGabriel/engines/UnrealEngine/Engine/Source/Editor/LevelAssetEditor/Private/LevelAssetEditorViewportClient.cpp,0,1,1
/media/ullmann/HDDGabriel/engines/UnrealEngine/Engine/Source/Editor/LevelAssetEditor/Private/LevelAssetEditorViewportClient.h,2,0,2
/media/ullmann/HDDGabriel/engines/UnrealEngine/Engine/Source/ThirdParty/WebRTC/4147/Include/third_party/libjpeg_turbo/jpegint.h,1,0,1
/media/ullmann/HDDGabriel/engines/UnrealEngine/Engine/Source/ThirdParty/WebRTC/4147/Include/rtc_base/rtc_certificate.h,0,1,1
/media/ullmann/HDDGabriel/engines/UnrealEngine/Engine/Source/ThirdParty/FreeImage/FreeImage-3.18.0/Source/LibJXR/image/sys/strcodec.c,0,2,2
/media/ullmann/HDDGabriel/engines/UnrealEngine/Engine/Source/ThirdParty/FreeImage/FreeImage-3.18.0/Source/LibJXR/image/sys/perfTimer.h,2,0,2
/media/ullmann/HDDGabriel/engines/UnrealEngine/Engine/Source/Runtime/WebBrowser/Private/SWebBrowserView.cpp,0,3,3
/media/ullmann/HDDGabriel/engines/UnrealEngine/Engine/Source/ThirdParty/ICU/icu4c-53_1/source/common/ucnvscsu.c,0,7,7
/media/ullmann/HDDGabriel/engines/UnrealEngine/Engine/Source/ThirdParty/libOpus/opus-1.3.1-12/celt/kiss_fft.c,0,5,5
/media/ullmann/HDDGabriel/engines/UnrealEngine/Engine/Source/ThirdParty/rpclib/Source/include/rpc/msgpack/zbuffer.h,0,1,1
/media/ullmann/HDDGabriel/engines/UnrealEngine/Engine/Source/ThirdParty/rpclib/Source/include/rpc/msgpack/sysdep.h,2,0,2
/media/ullmann/HDDGabriel/engines/UnrealEngine/Engine/Source/ThirdParty/SDL2/SDL-gui-backend/src/video/wayland/SDL_waylandvulkan.h,2,3,5
/media/ullmann/HDDGabriel/engines/UnrealEngine/Engine/Source/ThirdParty/ShaderConductor/ShaderConductor/External/DirectXShaderCompiler/lib/Transforms/ObjCARC/ProvenanceAnalysis.cpp,0,2,2
/media/ullmann/HDDGabriel/engines/UnrealEngine/Engine/Source/ThirdParty/FBX/2020.2/include/fbxsdk/core/math/fbxquaternion.h,1,0,1
/media/ullmann/HDDGabriel/engines/UnrealEngine/Engine/Source/ThirdParty/ICU/icu4c-64_1/source/common/utrie2_impl.h,3,2,5
/media/ullmann/HDDGabriel/engines/UnrealEngine/Engine/Source/ThirdParty/nvTextureTools/nvTextureTools-2.0.8/src/src/nvtt/squish/alpha.h,2,1,3
/media/ullmann/HDDGabriel/engines/UnrealEngine/Engine/Source/Runtime/Online/XMPP/Private/XmppStrophe/XmppPubSubStrophe.cpp,0,2,2
/media/ullmann/HDDGabriel/engines/UnrealEngine/Engine/Source/Runtime/Online/XMPP/Private/XmppStrophe/XmppPubSubStrophe.h,1,0,1
/media/ullmann/HDDGabriel/engines/UnrealEngine/Engine/Source/ThirdParty/openexr/openexr-3.1.1/src/lib/IlmThread/IlmThreadPool.h,1,2,3
/media/ullmann/HDDGabriel/engines/UnrealEngine/Engine/Source/ThirdParty/EOSSDK/SDK/Bin/Android/include/eos_stats_types.h,2,1,3
/media/ullmann/HDDGabriel/engines/UnrealEngine/Engine/Source/ThirdParty/HarfBuzz/harfbuzz-1.2.4/src/hb-cache-private.hh,2,0,2
/media/ullmann/HDDGabriel/engines/UnrealEngine/Engine/Source/ThirdParty/HarfBuzz/harfbuzz-1.2.4/src/hb-gobject-structs.h,1,1,2
/media/ullmann/HDDGabriel/engines/UnrealEngine/Engine/Source/ThirdParty/Intel/Embree/Embree2140/src/common/math/range.h,1,2,3
/media/ullmann/HDDGabriel/engines/UnrealEngine/Engine/Source/ThirdParty/openexr/openexr-3.1.1/src/test/OpenEXRTest/testDeepScanLineMultipleRead.cpp,0,3,3
/media/ullmann/HDDGabriel/engines/UnrealEngine/Engine/Source/ThirdParty/Python3/Win64/include/cpython/fileobject.h,1,0,1
/media/ullmann/HDDGabriel/engines/UnrealEngine/Engine/Source/ThirdParty/Boost/boost-1_70_0/include/boost/function.hpp,0,1,1
/media/ullmann/HDDGabriel/engines/UnrealEngine/Engine/Source/ThirdParty/Oculus/LibOVRPlatform/LibOVRPlatform/include/OVR_AssetFileDeleteResult.h,2,2,4
/media/ullmann/HDDGabriel/engines/UnrealEngine/Engine/Source/Runtime/Core/Public/Templates/Sorting.h,3,0,3
/media/ullmann/HDDGabriel/engines/UnrealEngine/Engine/Source/ThirdParty/PhysX3/NvCloth/src/cuda/CuPinnedAllocator.h,2,1,3
/media/ullmann/HDDGabriel/engines/UnrealEngine/Engine/Source/Developer/AssetTools/Private/AssetTypeActions/AssetTypeActions_TextureCubeArray.h,2,0,2
/media/ullmann/HDDGabriel/engines/UnrealEngine/Engine/Source/ThirdParty/Intel/TBB/IntelTBB-2019u8/examples/parallel_for/game_of_life/src/Form1.h,1,2,3
/media/ullmann/HDDGabriel/engines/UnrealEngine/Engine/Source/ThirdParty/OpenSubdiv/OpenSubdiv-3.4.4/examples/common/d3d11ControlMeshDisplay.h,2,0,2
/media/ullmann/HDDGabriel/engines/UnrealEngine/Engine/Source/Runtime/Windows/D3D11RHI/Private/D3D11Buffer.cpp,0,1,1
/media/ullmann/HDDGabriel/engines/UnrealEngine/Engine/Source/ThirdParty/MCPP/mcpp-2.7.2/cpp-test/test-t/ifdef31.h,1,1,2
/media/ullmann/HDDGabriel/engines/UnrealEngine/Engine/Source/ThirdParty/MCPP/mcpp-2.7.2/cpp-test/test-t/ifdef63.h,1,0,1
/media/ullmann/HDDGabriel/engines/UnrealEngine/Engine/Source/Runtime/Slate/Public/Framework/SlateDelegates.h,3,0,3
/media/ullmann/HDDGabriel/engines/UnrealEngine/Engine/Source/ThirdParty/FreeImage/FreeImage-3.18.0/Source/OpenEXR/IlmImf/ImfGenericInputFile.cpp,0,3,3
/media/ullmann/HDDGabriel/engines/UnrealEngine/Engine/Source/ThirdParty/PhysX3/NvCloth/src/NvSimd/NvSimd4i.h,1,4,5
/media/ullmann/HDDGabriel/engines/UnrealEngine/Engine/Source/Editor/UnrealEd/Public/PhysicsManipulationMode.h,1,2,3
/media/ullmann/HDDGabriel/engines/UnrealEngine/Engine/Source/ThirdParty/PhysX3/PhysX_3.4/Source/GeomUtils/src/sweep/GuSweepCapsuleCapsule.cpp,0,1,1
/media/ullmann/HDDGabriel/engines/UnrealEngine/Engine/Source/ThirdParty/PhysX3/PhysX_3.4/Source/GeomUtils/src/sweep/GuSweepCapsuleCapsule.h,1,0,1
/media/ullmann/HDDGabriel/engines/UnrealEngine/Engine/Source/Editor/PinnedCommandList/Private/PinnedCommandListModule.cpp,0,1,1
/media/ullmann/HDDGabriel/engines/UnrealEngine/Engine/Source/Editor/PinnedCommandList/Private/SPinnedCommandList.h,2,0,2
/media/ullmann/HDDGabriel/engines/UnrealEngine/Engine/Source/ThirdParty/ICU/icu4c-64_1/source/i18n/utmscale.cpp,0,1,1
/media/ullmann/HDDGabriel/engines/UnrealEngine/Engine/Source/ThirdParty/ICU/icu4c-64_1/source/i18n/unicode/utmscale.h,2,0,2
/media/ullmann/HDDGabriel/engines/UnrealEngine/Engine/Source/Runtime/Core/Public/Serialization/BitReader.h,1,0,1
/media/ullmann/HDDGabriel/engines/UnrealEngine/Engine/Source/ThirdParty/PhysX3/APEX_1.4/include/AssetPreviewScene.h,1,4,5
/media/ullmann/HDDGabriel/engines/UnrealEngine/Engine/Source/ThirdParty/PhysX3/APEX_1.4/include/Renderable.h,6,1,7
/media/ullmann/HDDGabriel/engines/UnrealEngine/Engine/Source/ThirdParty/ICU/icu4c-64_1/source/i18n/numparse_currency.cpp,0,3,3
/media/ullmann/HDDGabriel/engines/UnrealEngine/Engine/Source/ThirdParty/FreeType2/FreeType2-2.10.0/src/autofit/afscript.h,5,0,5
/media/ullmann/HDDGabriel/engines/UnrealEngine/Engine/Source/ThirdParty/Perforce/p4api-2021.2/Include/Mac/p4/serverhelperapi.h,0,2,2
/media/ullmann/HDDGabriel/engines/UnrealEngine/Engine/Source/ThirdParty/Perforce/p4api-2021.2/Include/Mac/p4/strtable.h,1,0,1
/media/ullmann/HDDGabriel/engines/UnrealEngine/Engine/Source/ThirdParty/ICU/icu4c-53_1/source/i18n/csr2022.cpp,0,2,2
/media/ullmann/HDDGabriel/engines/UnrealEngine/Engine/Source/ThirdParty/libcurl/7_65_3/include/Unix/x86_64-unknown-linux-gnu/curl/easy.h,1,0,1
/media/ullmann/HDDGabriel/engines/UnrealEngine/Engine/Source/ThirdParty/MCPP/mcpp-2.7.2/test-c/n_11.c,0,1,1
/media/ullmann/HDDGabriel/engines/UnrealEngine/Engine/Source/ThirdParty/MCPP/mcpp-2.7.2/cpp-test/test-l/nest117.h,1,1,2
/media/ullmann/HDDGabriel/engines/UnrealEngine/Engine/Source/ThirdParty/ICU/icu4c-53_1/source/test/perf/leperf/SimpleFontInstance.h,3,0,3
/media/ullmann/HDDGabriel/engines/UnrealEngine/Engine/Source/Developer/RealtimeProfiler/Private/SRealtimeProfilerVisualizer.cpp,0,2,2
/media/ullmann/HDDGabriel/engines/UnrealEngine/Engine/Source/Developer/RealtimeProfiler/Private/SRealtimeProfilerVisualizer.h,2,0,2
/media/ullmann/HDDGabriel/engines/UnrealEngine/Engine/Source/ThirdParty/FreeImage/FreeImage-3.18.0/Source/OpenEXR/IlmImf/ImfRleCompressor.h,2,2,4
/media/ullmann/HDDGabriel/engines/UnrealEngine/Engine/Source/Runtime/GeometryCore/Public/MeshQueries.h,0,5,5
/media/ullmann/HDDGabriel/engines/UnrealEngine/Engine/Source/Developer/CollectionManager/Private/CollectionManager.h,2,1,3
/media/ullmann/HDDGabriel/engines/UnrealEngine/Engine/Source/Runtime/GameMenuBuilder/Public/GameMenuPage.h,1,1,2
/media/ullmann/HDDGabriel/engines/UnrealEngine/Engine/Source/ThirdParty/PhysX3/PhysX_3.4/Include/geometry/PxTriangle.h,1,0,1
/media/ullmann/HDDGabriel/engines/UnrealEngine/Engine/Source/Runtime/Slate/Public/Widgets/Layout/SMenuOwner.h,2,0,2
/media/ullmann/HDDGabriel/engines/UnrealEngine/Engine/Source/Editor/Persona/Private/STimingTrack.cpp,0,1,1
/media/ullmann/HDDGabriel/engines/UnrealEngine/Engine/Source/ThirdParty/VHACD/inc/vhacdICHull.h,0,2,2
/media/ullmann/HDDGabriel/engines/UnrealEngine/Engine/Source/ThirdParty/SDL2/SDL-gui-backend/src/render/software/SDL_blendline.c,0,4,4
/media/ullmann/HDDGabriel/engines/UnrealEngine/Engine/Source/Editor/Persona/Private/SAnimCompositePanel.h,2,2,4
/media/ullmann/HDDGabriel/engines/UnrealEngine/Engine/Source/ThirdParty/Intel/Embree/Embree270/src/common/simd/bool8_avx.h,1,0,1
/media/ullmann/HDDGabriel/engines/UnrealEngine/Engine/Source/ThirdParty/PhysX3/APEX_1.4/include/ResourceProvider.h,1,1,2
/media/ullmann/HDDGabriel/engines/UnrealEngine/Engine/Source/ThirdParty/WebRTC/4147/Include/third_party/opus/src/silk/fixed/main_FIX.h,0,1,1
/media/ullmann/HDDGabriel/engines/UnrealEngine/Engine/Source/ThirdParty/WebRTC/4147/Include/third_party/opus/src/silk/fixed/structs_FIX.h,1,0,1
/media/ullmann/HDDGabriel/engines/UnrealEngine/Engine/Source/Runtime/AnimationCore/Private/Constraint.cpp,0,1,1
/media/ullmann/HDDGabriel/engines/UnrealEngine/Engine/Source/Runtime/AnimationCore/Private/AnimationCoreUtil.h,2,0,2
/media/ullmann/HDDGabriel/engines/UnrealEngine/Engine/Source/Developer/AutomationController/Public/IAutomationReport.h,1,0,1
/media/ullmann/HDDGabriel/engines/UnrealEngine/Engine/Source/ThirdParty/FreeType2/FreeType2-2.10.0/src/cache/ftcsbits.h,3,1,4
/media/ullmann/HDDGabriel/engines/UnrealEngine/Engine/Source/ThirdParty/FreeImage/FreeImage-3.18.0/Source/LibJPEG/rdgif.c,0,1,1
/media/ullmann/HDDGabriel/engines/UnrealEngine/Engine/Source/ThirdParty/CryptoPP/5.6.2/include/strciphr.cpp,1,2,3
/media/ullmann/HDDGabriel/engines/UnrealEngine/Engine/Source/ThirdParty/ShaderConductor/ShaderConductor/External/DirectXShaderCompiler/lib/ProfileData/InstrProfWriter.cpp,0,1,1
/media/ullmann/HDDGabriel/engines/UnrealEngine/Engine/Source/ThirdParty/nvTextureTools/nvTextureTools-2.0.6/src/src/nvcore/Debug.h,2,0,2
/media/ullmann/HDDGabriel/engines/UnrealEngine/Engine/Source/ThirdParty/ICU/icu4c-64_1/source/tools/tzcode/zdump.c,0,1,1
/media/ullmann/HDDGabriel/engines/UnrealEngine/Engine/Source/ThirdParty/ShaderConductor/ShaderConductor/External/DirectXShaderCompiler/lib/IR/Module.cpp,0,1,1
/media/ullmann/HDDGabriel/engines/UnrealEngine/Engine/Source/ThirdParty/FreeType2/FreeType2-2.10.0/src/bdf/bdfdrivr.c,1,3,4
/media/ullmann/HDDGabriel/engines/UnrealEngine/Engine/Source/ThirdParty/FreeType2/FreeType2-2.10.0/src/bdf/bdfdrivr.h,1,1,2
/media/ullmann/HDDGabriel/engines/UnrealEngine/Engine/Source/ThirdParty/glslang/glslang/src/glslang_lib/glslang/MachineIndependent/attribute.h,6,2,8
/media/ullmann/HDDGabriel/engines/UnrealEngine/Engine/Source/Developer/AutomationDriver/Public/IAutomationDriverModule.h,1,0,1
/media/ullmann/HDDGabriel/engines/UnrealEngine/Engine/Source/ThirdParty/Alembic/alembic-1.8.2/python/PyAlembic/PyIGeomBase.cpp,0,3,3
/media/ullmann/HDDGabriel/engines/UnrealEngine/Engine/Source/ThirdParty/Intel/Embree/Embree2140/src/include/embree2/rtcore_geometry.h,1,0,1
/media/ullmann/HDDGabriel/engines/UnrealEngine/Engine/Source/Developer/Windows/LiveCodingServer/Private/External/LC_Mallocator.cpp,0,1,1
/media/ullmann/HDDGabriel/engines/UnrealEngine/Engine/Source/Developer/Windows/LiveCodingServer/Private/External/LC_Mallocator.h,3,1,4
/media/ullmann/HDDGabriel/engines/UnrealEngine/Engine/Source/ThirdParty/CryptoPP/5.6.2/include/randpool.h,7,2,9
/media/ullmann/HDDGabriel/engines/UnrealEngine/Engine/Source/Runtime/Apple/MetalRHI/Private/MetalUniformBuffer.cpp,0,1,1
/media/ullmann/HDDGabriel/engines/UnrealEngine/Engine/Source/ThirdParty/libOpus/opus-1.0.3/silk/fixed/encode_frame_FIX.c,0,1,1
/media/ullmann/HDDGabriel/engines/UnrealEngine/Engine/Source/ThirdParty/PhysX3/APEX_1.4/module/destructible/fracture/Convex.h,3,1,4
/media/ullmann/HDDGabriel/engines/UnrealEngine/Engine/Source/Runtime/Apple/AGXRHI/Private/Shaders/Types/AGXPixelShader.cpp,0,2,2
/media/ullmann/HDDGabriel/engines/UnrealEngine/Engine/Source/Runtime/Apple/AGXRHI/Private/Shaders/Types/AGXPixelShader.h,2,0,2
/media/ullmann/HDDGabriel/engines/UnrealEngine/Engine/Source/Runtime/ApplicationCore/Private/Mac/HIDInputInterface.cpp,0,1,1
/media/ullmann/HDDGabriel/engines/UnrealEngine/Engine/Source/ThirdParty/Intel/Embree/Embree270/src/common/sys/ref.h,4,1,5
/media/ullmann/HDDGabriel/engines/UnrealEngine/Engine/Source/ThirdParty/FreeType2/FreeType2-2.10.4/src/base/fterrors.c,1,0,1
/media/ullmann/HDDGabriel/engines/UnrealEngine/Engine/Source/ThirdParty/WebRTC/4147/Include/third_party/libvpx/source/libvpx/vp8/decoder/error_concealment.h,0,2,2
/media/ullmann/HDDGabriel/engines/UnrealEngine/Engine/Source/ThirdParty/PhysX3/PhysX_3.4/Include/vehicle/PxVehicleWheels.h,1,0,1
/media/ullmann/HDDGabriel/engines/UnrealEngine/Engine/Source/ThirdParty/CryptoPP/5.6.2/include/gf2n.h,2,4,6
/media/ullmann/HDDGabriel/engines/UnrealEngine/Engine/Source/Editor/PListEditor/Private/PListNodeFile.cpp,0,1,1
/media/ullmann/HDDGabriel/engines/UnrealEngine/Engine/Source/ThirdParty/ICU/icu4c-53_1/source/i18n/collationsets.cpp,0,4,4
/media/ullmann/HDDGabriel/engines/UnrealEngine/Engine/Source/Editor/GraphEditor/Private/GraphEditorCommon.h,0,2,2
/media/ullmann/HDDGabriel/engines/UnrealEngine/Engine/Source/ThirdParty/PhysX3/APEX_1.4/module/clothing_legacy/include/autogen/ClothingCookedParam_0p3.h,1,0,1
/media/ullmann/HDDGabriel/engines/UnrealEngine/Engine/Source/ThirdParty/FBX/2020.2/include/fbxsdk/scene/shading/fbxsurfacematerialutils.h,1,0,1
/media/ullmann/HDDGabriel/engines/UnrealEngine/Engine/Source/ThirdParty/llvm/8/include/llvm/DebugInfo/PDB/DIA/DIAEnumSymbols.h,0,1,1
/media/ullmann/HDDGabriel/engines/UnrealEngine/Engine/Source/ThirdParty/Python3/Win64/include/longobject.h,1,0,1
/media/ullmann/HDDGabriel/engines/UnrealEngine/Engine/Source/Editor/Kismet/Private/SBlueprintEditorSelectedDebugObjectWidget.cpp,0,1,1
/media/ullmann/HDDGabriel/engines/UnrealEngine/Engine/Source/ThirdParty/GoogleGameSDK/gamesdk/src/device_info/core/device_info.cpp,0,2,2
/media/ullmann/HDDGabriel/engines/UnrealEngine/Engine/Source/Runtime/Renderer/Private/PostProcess/PostProcessCompositeEditorPrimitives.h,2,0,2
/media/ullmann/HDDGabriel/engines/UnrealEngine/Engine/Source/ThirdParty/ICU/icu4c-64_1/source/i18n/number_padding.cpp,0,4,4
/media/ullmann/HDDGabriel/engines/UnrealEngine/Engine/Source/ThirdParty/ShaderConductor/ShaderConductor/External/DirectXShaderCompiler/include/llvm/Support/ELFRelocs/i386.def,1,0,1
/media/ullmann/HDDGabriel/engines/UnrealEngine/Engine/Source/ThirdParty/ShaderConductor/ShaderConductor/External/DirectXShaderCompiler/include/dxc/DXIL/DxilCompType.h,0,1,1
/media/ullmann/HDDGabriel/engines/UnrealEngine/Engine/Source/ThirdParty/Android/libunwind/libunwind/src/x86_64/init.h,2,1,3
/media/ullmann/HDDGabriel/engines/UnrealEngine/Engine/Source/ThirdParty/FreeType2/FreeType2-2.10.4/src/cache/ftcimage.h,3,1,4
/media/ullmann/HDDGabriel/engines/UnrealEngine/Engine/Source/ThirdParty/ShaderConductor/ShaderConductor/External/DirectXShaderCompiler/lib/CodeGen/RegisterCoalescer.cpp,0,1,1
/media/ullmann/HDDGabriel/engines/UnrealEngine/Engine/Source/ThirdParty/ShaderConductor/ShaderConductor/External/DirectXShaderCompiler/lib/CodeGen/RegisterCoalescer.h,4,0,4
/media/ullmann/HDDGabriel/engines/UnrealEngine/Engine/Source/ThirdParty/OpenVDB/Deploy/openvdb-8.1.0/include/openvdb/tree/LeafNodeMask.h,1,2,3
/media/ullmann/HDDGabriel/engines/UnrealEngine/Engine/Source/Developer/MeshMergeUtilities/Private/MeshMergeModule.cpp,0,1,1
/media/ullmann/HDDGabriel/engines/UnrealEngine/Engine/Source/Runtime/Renderer/Private/DBufferTextures.cpp,0,2,2
/media/ullmann/HDDGabriel/engines/UnrealEngine/Engine/Source/Editor/GraphEditor/Private/SGraphActionMenu.cpp,0,1,1
/media/ullmann/HDDGabriel/engines/UnrealEngine/Engine/Source/Editor/GraphEditor/Private/GraphActionNode.h,2,0,2
/media/ullmann/HDDGabriel/engines/UnrealEngine/Engine/Source/Runtime/Engine/Private/VT/VirtualTextureChunkManager.cpp,0,5,5
/media/ullmann/HDDGabriel/engines/UnrealEngine/Engine/Source/ThirdParty/Intel/Embree/Embree270/src/kernels/xeon/bvh4/bvh4_builder_hair.cpp,1,4,5
/media/ullmann/HDDGabriel/engines/UnrealEngine/Engine/Source/ThirdParty/Boost/boost-1_70_0/include/boost/spirit/home/support/detail/lexer/parser/tree/selection_node.hpp,1,1,2
/media/ullmann/HDDGabriel/engines/UnrealEngine/Engine/Source/ThirdParty/OpenSubdiv/OpenSubdiv-3.4.4/regression/common/far_utils.cpp,0,1,1
/media/ullmann/HDDGabriel/engines/UnrealEngine/Engine/Source/ThirdParty/ICU/icu4c-53_1/source/test/cintltst/callcoll.c,0,4,4
/media/ullmann/HDDGabriel/engines/UnrealEngine/Engine/Source/ThirdParty/llvm/8/include/llvm/DebugInfo/PDB/DIA/DIAEnumDebugStreams.h,0,1,1
/media/ullmann/HDDGabriel/engines/UnrealEngine/Engine/Source/ThirdParty/PhysX3/APEX_1.4/module/clothing/embedded/LowLevelCloth/src/SwSolver.h,2,2,4
/media/ullmann/HDDGabriel/engines/UnrealEngine/Engine/Source/ThirdParty/ShaderConductor/ShaderConductor/External/DirectXShaderCompiler/tools/clang/unittests/SPIRV/SpirvBasicBlockTest.cpp,0,1,1
/media/ullmann/HDDGabriel/engines/UnrealEngine/Engine/Source/ThirdParty/MCPP/mcpp-2.7.2/test-c/n_4.c,0,1,1
/media/ullmann/HDDGabriel/engines/UnrealEngine/Engine/Source/ThirdParty/HarfBuzz/harfbuzz-1.2.4/src/hb-uniscribe.h,1,1,2
/media/ullmann/HDDGabriel/engines/UnrealEngine/Engine/Source/ThirdParty/libOpus/opus-1.3.1-12/silk/x86/main_sse.h,1,0,1
/media/ullmann/HDDGabriel/engines/UnrealEngine/Engine/Source/ThirdParty/ICU/icu4c-64_1/source/samples/layout/GnomeFontInstance.h,4,3,7
/media/ullmann/HDDGabriel/engines/UnrealEngine/Engine/Source/Editor/AnimGraph/Public/AnimGraphNode_MultiWayBlend.h,0,1,1
/media/ullmann/HDDGabriel/engines/UnrealEngine/Engine/Source/ThirdParty/PhysX3/APEX_1.4/module/destructible_legacy/include/autogen/DestructibleAssetParameters_0p7.h,1,0,1
/media/ullmann/HDDGabriel/engines/UnrealEngine/Engine/Source/ThirdParty/PhysX3/APEX_1.4/module/clothing_legacy/include/autogen/ClothingActorParam_0p3.h,1,0,1
/media/ullmann/HDDGabriel/engines/UnrealEngine/Engine/Source/ThirdParty/Intel/Embree/Embree270/src/kernels/xeonphi/bvh4hair/bvh4hair_statistics.h,1,1,2
/media/ullmann/HDDGabriel/engines/UnrealEngine/Engine/Source/ThirdParty/Boost/boost-1_70_0/include/boost/outcome/experimental/status-code/status_code_domain.hpp,1,1,2
/media/ullmann/HDDGabriel/engines/UnrealEngine/Engine/Source/ThirdParty/Boost/boost-1_70_0/include/boost/outcome/experimental/status-code/config.hpp,1,0,1
/media/ullmann/HDDGabriel/engines/UnrealEngine/Engine/Source/ThirdParty/WebRTC/4147/Include/third_party/libyuv/include/libyuv/planar_functions.h,1,0,1
/media/ullmann/HDDGabriel/engines/UnrealEngine/Engine/Source/ThirdParty/libPNG/libPNG-1.5.27/contrib/gregbook/readpng.c,0,1,1
/media/ullmann/HDDGabriel/engines/UnrealEngine/Engine/Source/ThirdParty/FreeImage/FreeImage-3.18.0/Source/LibJPEG/jdsample.c,0,2,2
/media/ullmann/HDDGabriel/engines/UnrealEngine/Engine/Source/ThirdParty/ICU/icu4c-53_1/source/test/intltest/svccoll.h,2,1,3
/media/ullmann/HDDGabriel/engines/UnrealEngine/Engine/Source/Runtime/Apple/AGXRHI/Private/Shaders/Debugging/AGXShaderDebugZipFile.cpp,0,1,1
/media/ullmann/HDDGabriel/engines/UnrealEngine/Engine/Source/Runtime/Apple/AGXRHI/Private/Shaders/Debugging/AGXShaderDebugZipFile.h,3,0,3
/media/ullmann/HDDGabriel/engines/UnrealEngine/Engine/Source/ThirdParty/MCPP/mcpp-2.7.2/test-t/nest7.h,1,1,2
/media/ullmann/HDDGabriel/engines/UnrealEngine/Engine/Source/Editor/TextureEditor/Private/TextureEditorModule.cpp,0,3,3
/media/ullmann/HDDGabriel/engines/UnrealEngine/Engine/Source/Editor/TextureEditor/Private/TextureEditorToolkit.h,2,0,2
/media/ullmann/HDDGabriel/engines/UnrealEngine/Engine/Source/ThirdParty/SDL2/SDL-gui-backend/src/video/uikit/SDL_uikitview.h,0,1,1
/media/ullmann/HDDGabriel/engines/UnrealEngine/Engine/Source/ThirdParty/ICU/icu4c-64_1/source/test/cintltst/utexttst.c,0,1,1
/media/ullmann/HDDGabriel/engines/UnrealEngine/Engine/Source/Editor/IntroTutorials/Private/TutorialStructCustomization.h,2,0,2
/media/ullmann/HDDGabriel/engines/UnrealEngine/Engine/Source/Runtime/VulkanRHI/Private/Linux/VulkanPlatformDefines.h,0,1,1
/media/ullmann/HDDGabriel/engines/UnrealEngine/Engine/Source/Runtime/VulkanRHI/Private/Linux/VulkanLinuxPlatform.h,2,1,3
/media/ullmann/HDDGabriel/engines/UnrealEngine/Engine/Source/ThirdParty/libOpus/opus-1.3.1-12/silk/NLSF_VQ_weights_laroia.c,0,2,2
/media/ullmann/HDDGabriel/engines/UnrealEngine/Engine/Source/Editor/BehaviorTreeEditor/Private/SGraphNode_BehaviorTree.cpp,0,3,3
/media/ullmann/HDDGabriel/engines/UnrealEngine/Engine/Source/Editor/BehaviorTreeEditor/Private/BehaviorTreeColors.h,3,0,3
/media/ullmann/HDDGabriel/engines/UnrealEngine/Engine/Source/ThirdParty/WebRTC/4147/Include/third_party/libvpx/source/libvpx/vpx/vp8dx.h,0,1,1
/media/ullmann/HDDGabriel/engines/UnrealEngine/Engine/Source/ThirdParty/WebRTC/4147/Include/third_party/libvpx/source/libvpx/vpx/vp8.h,2,2,4
/media/ullmann/HDDGabriel/engines/UnrealEngine/Engine/Source/Programs/UnrealHeaderTool/Private/UnrealSourceFile.cpp,0,6,6
/media/ullmann/HDDGabriel/engines/UnrealEngine/Engine/Source/ThirdParty/libPNG/libPNG-1.6.37/scripts/intprefix.c,0,1,1
/media/ullmann/HDDGabriel/engines/UnrealEngine/Engine/Source/Developer/Windows/LiveCodingServer/Private/External/LC_MemoryBlock.cpp,0,1,1
/media/ullmann/HDDGabriel/engines/UnrealEngine/Engine/Source/ThirdParty/Perforce/p4api-2018.1/Include/Mac/p4/strdict.h,1,0,1
/media/ullmann/HDDGabriel/engines/UnrealEngine/Engine/Source/ThirdParty/SDL2/SDL-gui-backend/src/video/android/SDL_androidmouse.c,0,4,4
/media/ullmann/HDDGabriel/engines/UnrealEngine/Engine/Source/ThirdParty/PhysX3/PhysX_3.4/Source/GeomUtils/src/pcm/GuPCMContactConvexCommon.cpp,0,1,1
/media/ullmann/HDDGabriel/engines/UnrealEngine/Engine/Source/ThirdParty/ICU/icu4c-53_1/source/test/cintltst/ucsdetst.c,0,1,1
/media/ullmann/HDDGabriel/engines/UnrealEngine/Engine/Source/Runtime/SlateCore/Private/Rendering/SlateSVGRasterizer.cpp,0,2,2
/media/ullmann/HDDGabriel/engines/UnrealEngine/Engine/Source/ThirdParty/nanosvg/src/nanosvg.h,1,0,1
/media/ullmann/HDDGabriel/engines/UnrealEngine/Engine/Source/Editor/UnrealEd/Private/PlayLevel.cpp,0,1,1
/media/ullmann/HDDGabriel/engines/UnrealEngine/Engine/Source/ThirdParty/PhysX3/PhysX_3.4/Source/PhysXExtensions/src/serialization/Binary/SnSerializationContext.h,4,1,5
/media/ullmann/HDDGabriel/engines/UnrealEngine/Engine/Source/ThirdParty/Intel/Embree/Embree270/src/kernels/xeon/bvh8/bvh8_intersector16_chunk.cpp,0,5,5
/media/ullmann/HDDGabriel/engines/UnrealEngine/Engine/Source/ThirdParty/Intel/ISPC/ispc-1.17.0/ispcrt/detail/IntrusivePtr.h,3,0,3
/media/ullmann/HDDGabriel/engines/UnrealEngine/Engine/Source/Editor/Layers/Public/LayersModule.h,2,0,2
/media/ullmann/HDDGabriel/engines/UnrealEngine/Engine/Source/ThirdParty/ICU/icu4c-53_1/source/test/intltest/regcoll.cpp,0,3,3
/media/ullmann/HDDGabriel/engines/UnrealEngine/Engine/Source/ThirdParty/WebRTC/4147/Include/base/third_party/symbolize/symbolize.h,0,3,3
/media/ullmann/HDDGabriel/engines/UnrealEngine/Engine/Source/ThirdParty/WebRTC/4147/Include/base/third_party/symbolize/glog/logging.h,2,0,2
/media/ullmann/HDDGabriel/engines/UnrealEngine/Engine/Source/ThirdParty/Imath/Imath-3.1.3/src/python/PyImath/PyImathFixedVArray.h,3,1,4
/media/ullmann/HDDGabriel/engines/UnrealEngine/Engine/Source/ThirdParty/Android/libunwind/libunwind/src/x86/Los-freebsd.c,0,1,1
/media/ullmann/HDDGabriel/engines/UnrealEngine/Engine/Source/ThirdParty/Android/libunwind/libunwind/src/x86/Gos-freebsd.c,1,2,3
/media/ullmann/HDDGabriel/engines/UnrealEngine/Engine/Source/ThirdParty/PhysX3/PhysX_3.4/Source/LowLevelCloth/src/windows/CuFabric.cpp,0,3,3
/media/ullmann/HDDGabriel/engines/UnrealEngine/Engine/Source/ThirdParty/Crunch/src/crnlib/crn_rect.h,3,2,5
/media/ullmann/HDDGabriel/engines/UnrealEngine/Engine/Source/ThirdParty/WebRTC/4147/Include/third_party/libyuv/include/libyuv/rotate.h,1,0,1
/media/ullmann/HDDGabriel/engines/UnrealEngine/Engine/Source/Runtime/Engine/Public/PhysXInterfaceWrapper.h,0,3,3
/media/ullmann/HDDGabriel/engines/UnrealEngine/Engine/Source/Runtime/Engine/Public/Physics/PhysicsInterfaceUtils.h,1,0,1
/media/ullmann/HDDGabriel/engines/UnrealEngine/Engine/Source/ThirdParty/ICU/icu4c-53_1/source/i18n/unicode/sortkey.h,3,0,3
/media/ullmann/HDDGabriel/engines/UnrealEngine/Engine/Source/Runtime/Engine/Classes/Engine/SkeletalMesh.h,0,3,3
/media/ullmann/HDDGabriel/engines/UnrealEngine/Engine/Source/Runtime/Engine/Classes/Engine/EngineTypes.h,3,0,3
/media/ullmann/HDDGabriel/engines/UnrealEngine/Engine/Source/Editor/Experimental/RemoteExecution/Private/RemoteExecutionSettings.cpp,0,1,1
/media/ullmann/HDDGabriel/engines/UnrealEngine/Engine/Source/Developer/TraceServices/Private/Modules/DiagnosticsModule.h,2,0,2
/media/ullmann/HDDGabriel/engines/UnrealEngine/Engine/Source/ThirdParty/ICU/icu4c-53_1/source/common/unicode/uidna.h,1,0,1
/media/ullmann/HDDGabriel/engines/UnrealEngine/Engine/Source/Editor/AnimationBlueprintEditor/Private/AnimationPins/SGraphPinPose.h,3,0,3
/media/ullmann/HDDGabriel/engines/UnrealEngine/Engine/Source/ThirdParty/Intel/TBB/IntelTBB-2019u8/examples/parallel_for/tachyon/src/texture.h,2,0,2
/media/ullmann/HDDGabriel/engines/UnrealEngine/Engine/Source/Runtime/Experimental/Chaos/Public/Chaos/Triangle.h,0,2,2
/media/ullmann/HDDGabriel/engines/UnrealEngine/Engine/Source/ThirdParty/PhysX3/PhysX_3.4/Source/GeomUtils/src/pcm/GuPCMContactConvexHeightField.cpp,0,3,3
/media/ullmann/HDDGabriel/engines/UnrealEngine/Engine/Source/Runtime/Core/Public/HAL/PlatformMemory.h,3,0,3
/media/ullmann/HDDGabriel/engines/UnrealEngine/Engine/Source/Runtime/PhysicsCore/Public/PhysicsCore.h,2,0,2
/media/ullmann/HDDGabriel/engines/UnrealEngine/Engine/Source/Editor/DetailCustomizations/Private/SkeletalMeshReductionSettingsDetails.cpp,0,1,1
/media/ullmann/HDDGabriel/engines/UnrealEngine/Engine/Source/ThirdParty/WebRTC/4147/Include/tools/clang/blink_gc_plugin/tests/virtual_and_trace_after_dispatch.h,0,1,1
/media/ullmann/HDDGabriel/engines/UnrealEngine/Engine/Source/ThirdParty/ShaderConductor/ShaderConductor/External/DirectXShaderCompiler/tools/clang/lib/Analysis/AnalysisDeclContext.cpp,0,1,1
/media/ullmann/HDDGabriel/engines/UnrealEngine/Engine/Source/ThirdParty/ShaderConductor/ShaderConductor/External/DirectXShaderCompiler/tools/clang/lib/Analysis/BodyFarm.h,2,0,2
/media/ullmann/HDDGabriel/engines/UnrealEngine/Engine/Source/ThirdParty/ShaderConductor/ShaderConductor/External/DirectXShaderCompiler/lib/CodeGen/SelectionDAG/SelectionDAG.cpp,0,1,1
/media/ullmann/HDDGabriel/engines/UnrealEngine/Engine/Source/ThirdParty/ShaderConductor/ShaderConductor/External/DirectXShaderCompiler/lib/CodeGen/SelectionDAG/SDNodeDbgValue.h,4,0,4
/media/ullmann/HDDGabriel/engines/UnrealEngine/Engine/Source/Runtime/Renderer/Private/RayTracing/RayTracingAmbientOcclusion.cpp,0,1,1
/media/ullmann/HDDGabriel/engines/UnrealEngine/Engine/Source/ThirdParty/PhysX3/PxShared/src/foundation/include/PsVecMathAoSScalar.h,1,0,1
/media/ullmann/HDDGabriel/engines/UnrealEngine/Engine/Source/ThirdParty/libOpus/opus-1.0.3/silk/stereo_MS_to_LR.c,0,1,1
/media/ullmann/HDDGabriel/engines/UnrealEngine/Engine/Source/ThirdParty/FreeType2/FreeType2-2.10.0/src/psaux/t1decode.h,3,0,3
/media/ullmann/HDDGabriel/engines/UnrealEngine/Engine/Source/ThirdParty/SDL2/SDL-gui-backend/include/SDL_test_images.h,2,3,5
/media/ullmann/HDDGabriel/engines/UnrealEngine/Engine/Source/ThirdParty/Android/libunwind/libunwind/src/mi/Lset_caching_policy.c,0,1,1
/media/ullmann/HDDGabriel/engines/UnrealEngine/Engine/Source/ThirdParty/Android/libunwind/libunwind/src/mi/Gset_caching_policy.c,1,0,1
/media/ullmann/HDDGabriel/engines/UnrealEngine/Engine/Source/Editor/AnimationEditor/Private/AnimationEditorMode.cpp,0,2,2
/media/ullmann/HDDGabriel/engines/UnrealEngine/Engine/Source/Editor/AnimationEditor/Private/AnimationEditorMode.h,2,0,2
/media/ullmann/HDDGabriel/engines/UnrealEngine/Engine/Source/Runtime/MovieSceneTracks/Public/Sections/MovieSceneEventTriggerSection.h,0,1,1
/media/ullmann/HDDGabriel/engines/UnrealEngine/Engine/Source/Runtime/MovieSceneTracks/Public/Sections/MovieSceneEventSectionBase.h,1,0,1
/media/ullmann/HDDGabriel/engines/UnrealEngine/Engine/Source/ThirdParty/Intel/TBB/IntelTBB-2019u8/include/tbb/parallel_scan.h,1,3,4
/media/ullmann/HDDGabriel/engines/UnrealEngine/Engine/Source/ThirdParty/FreeImage/FreeImage-3.18.0/Source/LibOpenJPEG/tcd.h,1,0,1
/media/ullmann/HDDGabriel/engines/UnrealEngine/Engine/Source/ThirdParty/ICU/icu4c-64_1/source/test/intltest/reptest.cpp,0,2,2
/media/ullmann/HDDGabriel/engines/UnrealEngine/Engine/Source/ThirdParty/ICU/icu4c-64_1/source/test/intltest/ittrans.h,5,1,6
/media/ullmann/HDDGabriel/engines/UnrealEngine/Engine/Source/ThirdParty/Python3/Win64/include/methodobject.h,1,1,2
/media/ullmann/HDDGabriel/engines/UnrealEngine/Engine/Source/ThirdParty/Intel/ISPC/ispc-1.17.0/src/llvmutil.h,10,2,12
/media/ullmann/HDDGabriel/engines/UnrealEngine/Engine/Source/Developer/LogVisualizer/Private/SVisualLoggerFilters.cpp,0,4,4
/media/ullmann/HDDGabriel/engines/UnrealEngine/Engine/Source/ThirdParty/libcurl/include/Linux/aarch64-unknown-linux-gnueabi/curl/multi.h,1,1,2
/media/ullmann/HDDGabriel/engines/UnrealEngine/Engine/Source/ThirdParty/FreeType2/FreeType2-2.6/Src/pfr/pfrcmap.h,2,1,3
/media/ullmann/HDDGabriel/engines/UnrealEngine/Engine/Source/Runtime/AVEncoder/Private/Decoders/vdecmpeg4/M4Image.cpp,0,2,2
/media/ullmann/HDDGabriel/engines/UnrealEngine/Engine/Source/Runtime/PakFile/Private/SignedArchiveReader.cpp,0,1,1
/media/ullmann/HDDGabriel/engines/UnrealEngine/Engine/Source/Runtime/PakFile/Private/SignedArchiveReader.h,2,0,2
/media/ullmann/HDDGabriel/engines/UnrealEngine/Engine/Source/Editor/UnrealEd/Public/Commandlets/EditorCommandlets.h,1,0,1
/media/ullmann/HDDGabriel/engines/UnrealEngine/Engine/Source/Programs/LiveCodingConsole/Private/SLogWidget.cpp,0,2,2
/media/ullmann/HDDGabriel/engines/UnrealEngine/Engine/Source/Programs/LiveCodingConsole/Private/SLogWidget.h,2,0,2
/media/ullmann/HDDGabriel/engines/UnrealEngine/Engine/Source/ThirdParty/GoogleGameSDK/gamesdk/src/swappy/common/Settings.cpp,0,1,1
/media/ullmann/HDDGabriel/engines/UnrealEngine/Engine/Source/ThirdParty/FreeType2/FreeType2-2.4.12/src/smooth/ftspic.h,3,0,3
/media/ullmann/HDDGabriel/engines/UnrealEngine/Engine/Source/ThirdParty/OpenVDB/openvdb-8.1.0/openvdb/openvdb/MetaMap.cc,0,2,2
/media/ullmann/HDDGabriel/engines/UnrealEngine/Engine/Source/ThirdParty/OpenSubdiv/OpenSubdiv-3.4.4/examples/glViewer/init_shapes.h,1,2,3
/media/ullmann/HDDGabriel/engines/UnrealEngine/Engine/Source/ThirdParty/Steamworks/Steamv151/sdk/public/steam/isteamfriends.h,2,1,3
/media/ullmann/HDDGabriel/engines/UnrealEngine/Engine/Source/Developer/AutomationDriver/Private/PassThroughMessageHandler.cpp,0,1,1
/media/ullmann/HDDGabriel/engines/UnrealEngine/Engine/Source/Developer/AutomationDriver/Private/PassThroughMessageHandler.h,3,0,3
/media/ullmann/HDDGabriel/engines/UnrealEngine/Engine/Source/ThirdParty/PhysX3/APEX_1.4/module/clothing_legacy/include/autogen/ClothingCookedParam_0p0.h,1,0,1
/media/ullmann/HDDGabriel/engines/UnrealEngine/Engine/Source/Developer/AutomationDriver/Public/LocateBy.h,1,1,2
/media/ullmann/HDDGabriel/engines/UnrealEngine/Engine/Source/ThirdParty/Python3/Win64/include/cpython/bytearrayobject.h,1,0,1
/media/ullmann/HDDGabriel/engines/UnrealEngine/Engine/Source/ThirdParty/Intel/ISPC/ispc-1.17.0/benchmarks/02_medium/test01.cpp,0,1,1
/media/ullmann/HDDGabriel/engines/UnrealEngine/Engine/Source/Editor/DeviceProfileEditor/Private/SDeviceProfileEditorSingleProfileView.cpp,0,1,1
/media/ullmann/HDDGabriel/engines/UnrealEngine/Engine/Source/Editor/DeviceProfileEditor/Private/SDeviceProfileEditorSingleProfileView.h,2,0,2
/media/ullmann/HDDGabriel/engines/UnrealEngine/Engine/Source/ThirdParty/Breakpad/src/processor/map_serializers_unittest.cc,0,1,1
/media/ullmann/HDDGabriel/engines/UnrealEngine/Engine/Source/Runtime/Apple/MetalRHI/Private/MetalRHI.cpp,0,4,4
/media/ullmann/HDDGabriel/engines/UnrealEngine/Engine/Source/Runtime/Navmesh/Public/DebugUtils/DebugDraw.h,0,1,1
/media/ullmann/HDDGabriel/engines/UnrealEngine/Engine/Source/Runtime/Navmesh/Public/DebugUtils/DebugDrawLargeWorldCoordinates.h,2,0,2
/media/ullmann/HDDGabriel/engines/UnrealEngine/Engine/Source/ThirdParty/SDL2/SDL-gui-backend/src/audio/android/SDL_androidaudio.c,0,4,4
/media/ullmann/HDDGabriel/engines/UnrealEngine/Engine/Source/Developer/LogVisualizer/Private/SVisualLoggerTimelineBar.cpp,0,4,4
/media/ullmann/HDDGabriel/engines/UnrealEngine/Engine/Source/Runtime/Core/Public/HAL/ThreadingBase.h,1,0,1
/media/ullmann/HDDGabriel/engines/UnrealEngine/Engine/Source/Editor/EnvironmentLightingViewer/Private/SEnvironmentLightingViewer.cpp,0,1,1
/media/ullmann/HDDGabriel/engines/UnrealEngine/Engine/Source/ThirdParty/PhysX3/PhysX_3.4/Source/PhysXCharacterKinematic/src/CctCharacterController.cpp,0,8,8
/media/ullmann/HDDGabriel/engines/UnrealEngine/Engine/Source/ThirdParty/FreeType2/FreeType2-2.6/Src/pfr/pfrsbit.c,1,3,4
/media/ullmann/HDDGabriel/engines/UnrealEngine/Engine/Source/ThirdParty/OpenVDB/openvdb-8.1.0/openvdb/openvdb/Exceptions.h,4,0,4
/media/ullmann/HDDGabriel/engines/UnrealEngine/Engine/Source/Editor/DetailCustomizations/Private/BrushDetails.cpp,0,1,1
/media/ullmann/HDDGabriel/engines/UnrealEngine/Engine/Source/ThirdParty/SDL2/SDL-gui-backend/src/video/wayland/SDL_waylandclipboard.c,0,4,4
/media/ullmann/HDDGabriel/engines/UnrealEngine/Engine/Source/Runtime/Engine/Private/PhysicsEngine/PhysXCookHelper.cpp,0,1,1
/media/ullmann/HDDGabriel/engines/UnrealEngine/Engine/Source/Runtime/Engine/Private/PhysicsEngine/PhysXSupport.h,2,0,2
/media/ullmann/HDDGabriel/engines/UnrealEngine/Engine/Source/Developer/Windows/LiveCoding/Private/External/LC_Restart.h,2,1,3
/media/ullmann/HDDGabriel/engines/UnrealEngine/Engine/Source/ThirdParty/SDL2/SDL-gui-backend/src/joystick/vita/SDL_sysjoystick.c,0,3,3
/media/ullmann/HDDGabriel/engines/UnrealEngine/Engine/Source/ThirdParty/Android/libunwind/libunwind/src/mips/Lstep.c,0,1,1
/media/ullmann/HDDGabriel/engines/UnrealEngine/Engine/Source/ThirdParty/MCPP/mcpp-2.7.2/cpp-test/test-l/nest96.h,1,1,2
/media/ullmann/HDDGabriel/engines/UnrealEngine/Engine/Source/ThirdParty/ICU/icu4c-53_1/source/i18n/regexcst.h,2,0,2
/media/ullmann/HDDGabriel/engines/UnrealEngine/Engine/Source/Editor/SequenceRecorderSections/Public/MovieSceneVisibilitySectionRecorder.h,0,1,1
/media/ullmann/HDDGabriel/engines/UnrealEngine/Engine/Source/Editor/SequenceRecorderSections/Public/MovieSceneVisibilitySectionRecorderSettings.h,1,0,1
/media/ullmann/HDDGabriel/engines/UnrealEngine/Engine/Source/ThirdParty/Oculus/LibOVRPlatform/LibOVRPlatform/include/OVR_Requests_LanguagePack.h,1,2,3
/media/ullmann/HDDGabriel/engines/UnrealEngine/Engine/Source/ThirdParty/FreeType2/FreeType2-2.6/Src/cid/cidtoken.h,1,0,1
/media/ullmann/HDDGabriel/engines/UnrealEngine/Engine/Source/Editor/Persona/Private/AnimTimeline/AnimTimelineTrack_TransformCurve.cpp,0,2,2
/media/ullmann/HDDGabriel/engines/UnrealEngine/Engine/Source/Developer/Profiler/Private/Widgets/SProfilerWindow.h,3,0,3
/media/ullmann/HDDGabriel/engines/UnrealEngine/Engine/Source/Runtime/Core/Public/Templates/UniquePtr.h,3,0,3
/media/ullmann/HDDGabriel/engines/UnrealEngine/Engine/Source/ThirdParty/FreeType2/FreeType2-2.10.0/src/raster/ftraster.h,2,0,2
/media/ullmann/HDDGabriel/engines/UnrealEngine/Engine/Source/ThirdParty/Intel/TBB/IntelTBB-2019u8/src/test/test_assembly.cpp,0,2,2
/media/ullmann/HDDGabriel/engines/UnrealEngine/Engine/Source/Editor/SequenceRecorder/Private/Sections/MovieScene3DTransformSectionRecorder.h,1,0,1
/media/ullmann/HDDGabriel/engines/UnrealEngine/Engine/Source/ThirdParty/Python3/Mac/include/pylifecycle.h,1,1,2
/media/ullmann/HDDGabriel/engines/UnrealEngine/Engine/Source/ThirdParty/Python3/Mac/include/cpython/pylifecycle.h,1,0,1
/media/ullmann/HDDGabriel/engines/UnrealEngine/Engine/Source/Editor/DetailCustomizations/Private/PrimitiveComponentDetails.cpp,0,2,2
/media/ullmann/HDDGabriel/engines/UnrealEngine/Engine/Source/Editor/DetailCustomizations/Private/ComponentMaterialCategory.h,2,0,2
/media/ullmann/HDDGabriel/engines/UnrealEngine/Engine/Source/ThirdParty/FBX/2020.2/include/fbxsdk/scene/geometry/fbxshape.h,1,0,1
/media/ullmann/HDDGabriel/engines/UnrealEngine/Engine/Source/ThirdParty/ICU/icu4c-64_1/source/i18n/csrsbcs.cpp,0,2,2
/media/ullmann/HDDGabriel/engines/UnrealEngine/Engine/Source/Editor/UnrealEd/Public/PackageTools.h,2,0,2
/media/ullmann/HDDGabriel/engines/UnrealEngine/Engine/Source/ThirdParty/PhysX3/PhysX_3.4/Source/LowLevelDynamics/src/DyConstraintPrep.h,4,1,5
/media/ullmann/HDDGabriel/engines/UnrealEngine/Engine/Source/ThirdParty/HarfBuzz/harfbuzz-2.4.0/src/test-would-substitute.cc,0,4,4
/media/ullmann/HDDGabriel/engines/UnrealEngine/Engine/Source/Runtime/OpenGLDrv/Private/OpenGLRenderTarget.cpp,0,1,1
/media/ullmann/HDDGabriel/engines/UnrealEngine/Engine/Source/ThirdParty/ICU/icu4c-53_1/source/tools/tzcode/private.h,5,0,5
/media/ullmann/HDDGabriel/engines/UnrealEngine/Engine/Source/Developer/Windows/LiveCodingServer/Private/LiveCodingServer.cpp,0,7,7
/media/ullmann/HDDGabriel/engines/UnrealEngine/Engine/Source/Editor/VREditor/VREditorModule.h,2,0,2
/media/ullmann/HDDGabriel/engines/UnrealEngine/Engine/Source/ThirdParty/ShaderConductor/ShaderConductor/External/googletest/googletest/samples/sample2_unittest.cc,0,1,1
/media/ullmann/HDDGabriel/engines/UnrealEngine/Engine/Source/ThirdParty/WiX/3.8/sdk/inc/wcautil.h,2,1,3
/media/ullmann/HDDGabriel/engines/UnrealEngine/Engine/Source/ThirdParty/HarfBuzz/harfbuzz-1.2.4/src/hb-ot-name-table.hh,2,0,2
/media/ullmann/HDDGabriel/engines/UnrealEngine/Engine/Source/ThirdParty/Intel/TBB/IntelTBB-2019u8/src/test/test_pipeline.cpp,0,3,3
/media/ullmann/HDDGabriel/engines/UnrealEngine/Engine/Source/ThirdParty/Intel/TBB/IntelTBB-2019u8/src/test/harness_cpu.h,10,0,10
/media/ullmann/HDDGabriel/engines/UnrealEngine/Engine/Source/ThirdParty/ShaderConductor/ShaderConductor/External/DirectXShaderCompiler/tools/clang/unittests/AST/ASTTypeTraitsTest.cpp,0,1,1
/media/ullmann/HDDGabriel/engines/UnrealEngine/Engine/Source/Runtime/Core/Public/Misc/CoreStats.h,2,0,2
/media/ullmann/HDDGabriel/engines/UnrealEngine/Engine/Source/Runtime/Engine/Public/Animation/AnimSubsystem_NodeRelevancy.h,0,1,1
/media/ullmann/HDDGabriel/engines/UnrealEngine/Engine/Source/Runtime/Engine/Public/Animation/AnimSubsystemInstance.h,1,0,1
/media/ullmann/HDDGabriel/engines/UnrealEngine/Engine/Source/Runtime/Engine/Public/Physics/GenericPhysicsInterface.h,1,0,1
/media/ullmann/HDDGabriel/engines/UnrealEngine/Engine/Source/ThirdParty/FreeType2/FreeType2-2.10.4/src/psaux/pshints.c,1,5,6
/media/ullmann/HDDGabriel/engines/UnrealEngine/Engine/Source/ThirdParty/mtlpp/mtlpp-master-7efad47/interpose/MTIRenderPipeline.hpp,0,1,1
/media/ullmann/HDDGabriel/engines/UnrealEngine/Engine/Source/ThirdParty/Intel/TBB/IntelTBB-2019u8/examples/parallel_for/game_of_life/src/Game_of_life.cpp,0,3,3
/media/ullmann/HDDGabriel/engines/UnrealEngine/Engine/Source/ThirdParty/Intel/TBB/IntelTBB-2019u8/examples/parallel_for/game_of_life/src/Board.h,4,0,4
/media/ullmann/HDDGabriel/engines/UnrealEngine/Engine/Source/ThirdParty/Intel/Embree/Embree270/src/kernels/xeonphi/geometry/virtual_accel.h,1,1,2
/media/ullmann/HDDGabriel/engines/UnrealEngine/Engine/Source/ThirdParty/rpclib/Source/include/rpc/msgpack/adaptor/cpp11/unordered_set.hpp,1,0,1
/media/ullmann/HDDGabriel/engines/UnrealEngine/Engine/Source/ThirdParty/ICU/icu4c-64_1/source/test/cintltst/uformattedvaluetst.c,0,2,2
/media/ullmann/HDDGabriel/engines/UnrealEngine/Engine/Source/ThirdParty/SDL2/SDL-gui-backend/include/SDL_scancode.h,4,1,5
/media/ullmann/HDDGabriel/engines/UnrealEngine/Engine/Source/Developer/TraceInsights/Private/Insights/MemoryProfiler/Widgets/SMemTagTreeView.cpp,0,1,1
/media/ullmann/HDDGabriel/engines/UnrealEngine/Engine/Source/Developer/TraceInsights/Private/Insights/MemoryProfiler/Widgets/SMemTagTreeView.h,1,0,1
/media/ullmann/HDDGabriel/engines/UnrealEngine/Engine/Source/ThirdParty/libOpus/opus-1.1/silk/fixed/LTP_scale_ctrl_FIX.c,0,1,1
/media/ullmann/HDDGabriel/engines/UnrealEngine/Engine/Source/Runtime/AVEncoder/Public/VideoEncoderFactory.h,0,1,1
/media/ullmann/HDDGabriel/engines/UnrealEngine/Engine/Source/Runtime/Sockets/Public/IPAddress.h,2,1,3
/media/ullmann/HDDGabriel/engines/UnrealEngine/Engine/Source/Runtime/Experimental/Voronoi/Private/voro++/src/cell.hh,2,0,2
/media/ullmann/HDDGabriel/engines/UnrealEngine/Engine/Source/ThirdParty/SDL2/SDL-gui-backend/src/thread/windows/SDL_syssem.c,0,2,2
/media/ullmann/HDDGabriel/engines/UnrealEngine/Engine/Source/ThirdParty/OpenSubdiv/OpenSubdiv-3.4.4/regression/shapes/catmark_gregory_test0.h,1,0,1
/media/ullmann/HDDGabriel/engines/UnrealEngine/Engine/Source/ThirdParty/CryptoPP/5.6.2/include/sosemanuk.h,2,1,3
/media/ullmann/HDDGabriel/engines/UnrealEngine/Engine/Source/ThirdParty/WebRTC/4147/Include/third_party/opus/src/silk/MacroCount.h,1,0,1
/media/ullmann/HDDGabriel/engines/UnrealEngine/Engine/Source/Runtime/Engine/Public/Rendering/StaticMeshVertexBuffer.h,1,0,1
/media/ullmann/HDDGabriel/engines/UnrealEngine/Engine/Source/ThirdParty/ShaderConductor/ShaderConductor/External/DirectXShaderCompiler/tools/clang/lib/StaticAnalyzer/Checkers/BasicObjCFoundationChecks.cpp,0,2,2
/media/ullmann/HDDGabriel/engines/UnrealEngine/Engine/Source/ThirdParty/openexr/openexr-3.1.1/src/test/OpenEXRTest/testChannels.h,1,0,1
/media/ullmann/HDDGabriel/engines/UnrealEngine/Engine/Source/Runtime/Portal/LauncherPlatform/Private/LauncherPlatformModule.cpp,0,3,3
/media/ullmann/HDDGabriel/engines/UnrealEngine/Engine/Source/Runtime/Portal/LauncherPlatform/Private/Windows/LauncherPlatformWindows.h,3,0,3
/media/ullmann/HDDGabriel/engines/UnrealEngine/Engine/Source/ThirdParty/SDL2/SDL-gui-backend/src/video/emscripten/SDL_emscriptenmouse.h,2,0,2
/media/ullmann/HDDGabriel/engines/UnrealEngine/Engine/Source/Editor/Documentation/Private/UDNParser.h,3,0,3
/media/ullmann/HDDGabriel/engines/UnrealEngine/Engine/Source/ThirdParty/Imath/Imath-3.1.3/src/ImathTest/testFunction.cpp,0,1,1
/media/ullmann/HDDGabriel/engines/UnrealEngine/Engine/Source/ThirdParty/Imath/Imath-3.1.3/src/ImathTest/testFunction.h,2,0,2
/media/ullmann/HDDGabriel/engines/UnrealEngine/Engine/Source/Editor/AnimationBlueprintEditor/Private/AnimationNodes/SGraphNodeAnimationResult.h,1,0,1
/media/ullmann/HDDGabriel/engines/UnrealEngine/Engine/Source/ThirdParty/ICU/icu4c-64_1/source/test/letest/cmaps.cpp,0,2,2
/media/ullmann/HDDGabriel/engines/UnrealEngine/Engine/Source/ThirdParty/Intel/TBB/IntelTBB-2019u8/src/test/test_overwrite_node.cpp,0,1,1
/media/ullmann/HDDGabriel/engines/UnrealEngine/Engine/Source/ThirdParty/SDL2/SDL-gui-backend/include/SDL_config_iphoneos.h,1,1,2
/media/ullmann/HDDGabriel/engines/UnrealEngine/Engine/Source/ThirdParty/ICU/icu4c-53_1/source/layout/Lookups.cpp,0,5,5
/media/ullmann/HDDGabriel/engines/UnrealEngine/Engine/Source/Runtime/Apple/MetalRHI/Private/Shaders/Types/MetalPixelShader.cpp,0,2,2
/media/ullmann/HDDGabriel/engines/UnrealEngine/Engine/Source/Runtime/Apple/MetalRHI/Private/Shaders/Types/MetalPixelShader.h,2,0,2
/media/ullmann/HDDGabriel/engines/UnrealEngine/Engine/Source/Runtime/TraceLog/Public/Trace/Detail/Protocols/Protocol5.h,1,0,1
/media/ullmann/HDDGabriel/engines/UnrealEngine/Engine/Source/ThirdParty/Boost/boost-1_70_0/include/boost/numeric/ublas/tensor/multi_index_utility.hpp,2,0,2
/media/ullmann/HDDGabriel/engines/UnrealEngine/Engine/Source/Editor/Persona/Private/PersonaEditorModeManager.h,2,0,2
/media/ullmann/HDDGabriel/engines/UnrealEngine/Engine/Source/ThirdParty/WebRTC/4147/Include/third_party/libjpeg/jinclude.h,0,1,1
/media/ullmann/HDDGabriel/engines/UnrealEngine/Engine/Source/ThirdParty/WebRTC/4147/Include/third_party/libjpeg/jconfig.h,2,0,2
/media/ullmann/HDDGabriel/engines/UnrealEngine/Engine/Source/Runtime/Foliage/Public/InstancedFoliageCustomVersion.h,1,0,1
/media/ullmann/HDDGabriel/engines/UnrealEngine/Engine/Source/ThirdParty/libOpus/opus-1.1/include/opus_custom.h,0,1,1
/media/ullmann/HDDGabriel/engines/UnrealEngine/Engine/Source/ThirdParty/Python3/Mac/include/ast.h,0,2,2
/media/ullmann/HDDGabriel/engines/UnrealEngine/Engine/Source/ThirdParty/Intel/Embree/Embree2140/src/common/sys/atomic.h,4,1,5
/media/ullmann/HDDGabriel/engines/UnrealEngine/Engine/Source/ThirdParty/ICU/icu4c-53_1/source/io/uprintf.c,0,5,5
/media/ullmann/HDDGabriel/engines/UnrealEngine/Engine/Source/ThirdParty/ICU/icu4c-64_1/source/common/cstring.cpp,0,4,4
/media/ullmann/HDDGabriel/engines/UnrealEngine/Engine/Source/Editor/EditorWidgets/Private/SObjectNameEditableTextBox.cpp,0,1,1
/media/ullmann/HDDGabriel/engines/UnrealEngine/Engine/Source/ThirdParty/ICU/icu4c-64_1/source/test/intltest/dtfmtrtts.cpp,0,2,2
/media/ullmann/HDDGabriel/engines/UnrealEngine/Engine/Source/Runtime/Engine/Private/Streaming/Texture2DMipAllocator_AsyncReallocate.h,2,1,3
/media/ullmann/HDDGabriel/engines/UnrealEngine/Engine/Source/Developer/CrashDebugHelper/Private/Android/CrashDebugHelperAndroid.cpp,0,1,1
/media/ullmann/HDDGabriel/engines/UnrealEngine/Engine/Source/Developer/CrashDebugHelper/Private/Android/CrashDebugHelperAndroid.h,1,0,1
/media/ullmann/HDDGabriel/engines/UnrealEngine/Engine/Source/ThirdParty/mtlpp/mtlpp-master-7efad47/interpose/MTITexture.hpp,0,3,3
/media/ullmann/HDDGabriel/engines/UnrealEngine/Engine/Source/Editor/ContentBrowser/Private/SSearchToggleButton.h,2,0,2
/media/ullmann/HDDGabriel/engines/UnrealEngine/Engine/Source/ThirdParty/hlslcc/hlslcc/src/hlslcc_lib/opt_redundant_jumps.cpp,0,2,2
/media/ullmann/HDDGabriel/engines/UnrealEngine/Engine/Source/ThirdParty/Python3/Win64/include/warnings.h,1,0,1
/media/ullmann/HDDGabriel/engines/UnrealEngine/Engine/Source/ThirdParty/Boost/boost-1_70_0/include/boost/polygon/detail/polygon_90_touch.hpp,2,0,2
/media/ullmann/HDDGabriel/engines/UnrealEngine/Engine/Source/ThirdParty/PhysX3/PhysX_3.4/Source/GeomUtils/src/convex/GuConvexHelper.h,1,1,2
/media/ullmann/HDDGabriel/engines/UnrealEngine/Engine/Source/Runtime/Projects/Private/PluginManager.cpp,0,2,2
/media/ullmann/HDDGabriel/engines/UnrealEngine/Engine/Source/Runtime/Projects/Private/PluginManager.h,1,0,1
/media/ullmann/HDDGabriel/engines/UnrealEngine/Engine/Source/ThirdParty/OpenVDB/openvdb-8.1.0/openvdb_houdini/openvdb_houdini/GU_VDBPointTools.cc,0,1,1
/media/ullmann/HDDGabriel/engines/UnrealEngine/Engine/Source/ThirdParty/OpenVDB/openvdb-8.1.0/openvdb_houdini/openvdb_houdini/GU_VDBPointTools.h,1,0,1
/media/ullmann/HDDGabriel/engines/UnrealEngine/Engine/Source/Runtime/Online/BuildPatchServices/Private/Diffing/DiffManifests.h,1,0,1
/media/ullmann/HDDGabriel/engines/UnrealEngine/Engine/Source/ThirdParty/Android/libunwind/libunwind/src/ppc32/Gstep.c,1,2,3
/media/ullmann/HDDGabriel/engines/UnrealEngine/Engine/Source/ThirdParty/FreeImage/FreeImage-3.18.0/Source/LibJPEG/jcapistd.c,0,2,2
/media/ullmann/HDDGabriel/engines/UnrealEngine/Engine/Source/Editor/DetailCustomizations/Private/AnimTrailNodeDetails.cpp,0,1,1
/media/ullmann/HDDGabriel/engines/UnrealEngine/Engine/Source/Editor/DetailCustomizations/Private/AnimTrailNodeDetails.h,2,0,2
/media/ullmann/HDDGabriel/engines/UnrealEngine/Engine/Source/ThirdParty/ICU/icu4c-53_1/source/common/unicode/localpointer.h,2,0,2
/media/ullmann/HDDGabriel/engines/UnrealEngine/Engine/Source/Developer/AssetTools/Private/AssetTypeActions/AssetTypeActions_AnimBlueprint.h,1,0,1
/media/ullmann/HDDGabriel/engines/UnrealEngine/Engine/Source/ThirdParty/rpclib/Source/include/rpc/msgpack/adaptor/define.hpp,1,0,1
/media/ullmann/HDDGabriel/engines/UnrealEngine/Engine/Source/ThirdParty/ICU/icu4c-64_1/source/test/intltest/trnserr.h,2,1,3
/media/ullmann/HDDGabriel/engines/UnrealEngine/Engine/Source/ThirdParty/Intel/Embree/Embree2140/src/common/lexers/tokenstream.cpp,0,2,2
/media/ullmann/HDDGabriel/engines/UnrealEngine/Engine/Source/Runtime/Experimental/Voronoi/Private/voro++/src/worklist.hh,1,0,1
/media/ullmann/HDDGabriel/engines/UnrealEngine/Engine/Source/ThirdParty/PhysX3/NvCloth/src/NvSimd/scalar/NvScalarSimdTypes.h,1,0,1
/media/ullmann/HDDGabriel/engines/UnrealEngine/Engine/Source/ThirdParty/FreeImage/FreeImage-3.18.0/Source/LibJXR/image/sys/ansi.h,1,0,1
/media/ullmann/HDDGabriel/engines/UnrealEngine/Engine/Source/Runtime/Apple/MetalRHI/Private/MetalDynamicRHI_Shaders.cpp,0,3,3
/media/ullmann/HDDGabriel/engines/UnrealEngine/Engine/Source/Runtime/Apple/MetalRHI/Private/Shaders/MetalShaderLibrary.h,3,0,3
/media/ullmann/HDDGabriel/engines/UnrealEngine/Engine/Source/ThirdParty/PhysX3/APEX_1.4/module/clothing/embedded/LowLevelCloth/src/Factory.cpp,0,1,1
/media/ullmann/HDDGabriel/engines/UnrealEngine/Engine/Source/Runtime/Engine/Public/DrawDebugHelpers.h,3,1,4
/media/ullmann/HDDGabriel/engines/UnrealEngine/Engine/Source/ThirdParty/libOpus/opus-1.1/silk/dec_API.c,0,2,2
/media/ullmann/HDDGabriel/engines/UnrealEngine/Engine/Source/ThirdParty/libOpus/opus-1.3.1-12/silk/VQ_WMat_EC.c,0,1,1
/media/ullmann/HDDGabriel/engines/UnrealEngine/Engine/Source/Runtime/D3D12RHI/Public/D3D12Viewport.h,1,0,1
/media/ullmann/HDDGabriel/engines/UnrealEngine/Engine/Source/Runtime/Engine/Public/CubemapUnwrapUtils.h,0,1,1
/media/ullmann/HDDGabriel/engines/UnrealEngine/Engine/Source/ThirdParty/Intel/MetricsDiscovery/MetricsDiscoveryHelper/source/context.cpp,0,1,1
/media/ullmann/HDDGabriel/engines/UnrealEngine/Engine/Source/Developer/AssetTools/Private/AssetTypeActions/AssetTypeActions_InstancedFoliageSettings.h,1,0,1
/media/ullmann/HDDGabriel/engines/UnrealEngine/Engine/Source/ThirdParty/Intel/TBB/IntelTBB-2019u8/src/test/test_runtime_loader.cpp,0,1,1
/media/ullmann/HDDGabriel/engines/UnrealEngine/Engine/Source/ThirdParty/ICU/icu4c-53_1/source/i18n/unicode/upluralrules.h,2,0,2
/media/ullmann/HDDGabriel/engines/UnrealEngine/Engine/Source/ThirdParty/Boost/boost-1_70_0/include/boost/compute/platform.hpp,0,1,1
/media/ullmann/HDDGabriel/engines/UnrealEngine/Engine/Source/Runtime/Renderer/Private/VirtualShadowMaps/VirtualShadowMapClipmap.h,8,1,9
/media/ullmann/HDDGabriel/engines/UnrealEngine/Engine/Source/Editor/BlueprintGraph/Classes/K2Node_CallFunctionOnMember.h,0,1,1
/media/ullmann/HDDGabriel/engines/UnrealEngine/Engine/Source/ThirdParty/OpenSubdiv/OpenSubdiv-3.4.4/examples/common/glControlMeshDisplay.cpp,0,2,2
/media/ullmann/HDDGabriel/engines/UnrealEngine/Engine/Source/Editor/BlueprintGraph/Classes/K2Node_AssignDelegate.h,0,1,1
/media/ullmann/HDDGabriel/engines/UnrealEngine/Engine/Source/Editor/BlueprintGraph/Classes/K2Node_AddDelegate.h,1,1,2
/media/ullmann/HDDGabriel/engines/UnrealEngine/Engine/Source/ThirdParty/ICU/icu4c-64_1/source/test/intltest/nmfmapts.cpp,0,1,1
/media/ullmann/HDDGabriel/engines/UnrealEngine/Engine/Source/ThirdParty/ICU/icu4c-64_1/source/test/intltest/nmfmapts.h,2,1,3
/media/ullmann/HDDGabriel/engines/UnrealEngine/Engine/Source/ThirdParty/ICU/icu4c-64_1/source/common/msvcres.h,0,1,1
/media/ullmann/HDDGabriel/engines/UnrealEngine/Engine/Source/ThirdParty/ICU/icu4c-64_1/source/common/unicode/uversion.h,5,0,5
/media/ullmann/HDDGabriel/engines/UnrealEngine/Engine/Source/ThirdParty/ICU/icu4c-64_1/source/test/fuzzer/locale_util.cc,0,1,1
/media/ullmann/HDDGabriel/engines/UnrealEngine/Engine/Source/Runtime/GameplayTasks/Private/GameplayTasksComponent.cpp,0,1,1
/media/ullmann/HDDGabriel/engines/UnrealEngine/Engine/Source/ThirdParty/HarfBuzz/harfbuzz-1.2.4/test/api/test-buffer.c,0,1,1
/media/ullmann/HDDGabriel/engines/UnrealEngine/Engine/Source/ThirdParty/PhysX3/APEX_1.4/module/clothing/include/ClothingAssetImpl.h,2,3,5
/media/ullmann/HDDGabriel/engines/UnrealEngine/Engine/Source/Runtime/Engine/Private/Particles/FXSystemPrivate.h,0,1,1
/media/ullmann/HDDGabriel/engines/UnrealEngine/Engine/Source/Runtime/Engine/Private/Particles/ParticleSortingGPU.h,1,0,1
/media/ullmann/HDDGabriel/engines/UnrealEngine/Engine/Source/Runtime/Core/Public/Math/VectorRegister.h,3,0,3
/media/ullmann/HDDGabriel/engines/UnrealEngine/Engine/Source/ThirdParty/FreeType2/FreeType2-2.10.4/src/gxvalid/gxvmort2.c,1,1,2
/media/ullmann/HDDGabriel/engines/UnrealEngine/Engine/Source/Developer/AutomationDriver/Private/StepExecutor.h,2,0,2
/media/ullmann/HDDGabriel/engines/UnrealEngine/Engine/Source/Editor/DetailCustomizations/Private/CollisionProfileNameCustomization.cpp,0,1,1
/media/ullmann/HDDGabriel/engines/UnrealEngine/Engine/Source/Editor/DetailCustomizations/Private/CollisionProfileNameCustomization.h,2,0,2
/media/ullmann/HDDGabriel/engines/UnrealEngine/Engine/Source/ThirdParty/ShaderConductor/ShaderConductor/External/DirectXShaderCompiler/tools/clang/tools/libclang/CXComment.h,1,1,2
/media/ullmann/HDDGabriel/engines/UnrealEngine/Engine/Source/ThirdParty/Boost/boost-1_70_0/include/boost/polygon/detail/property_merge.hpp,2,0,2
/media/ullmann/HDDGabriel/engines/UnrealEngine/Engine/Source/ThirdParty/PhysX3/PhysX_3.4/Source/GeomUtils/src/gjk/GuEPA.h,2,2,4
/media/ullmann/HDDGabriel/engines/UnrealEngine/Engine/Source/ThirdParty/PhysX3/PhysX_3.4/Source/GeomUtils/src/gjk/GuGJKType.h,4,1,5
/media/ullmann/HDDGabriel/engines/UnrealEngine/Engine/Source/ThirdParty/HarfBuzz/harfbuzz-2.4.0/src/hb-gobject.h,1,2,3
/media/ullmann/HDDGabriel/engines/UnrealEngine/Engine/Source/ThirdParty/FreeType2/FreeType2-2.10.0/src/psaux/cffdecode.c,1,3,4
/media/ullmann/HDDGabriel/engines/UnrealEngine/Engine/Source/ThirdParty/Android/libunwind/libunwind/src/sh/Lget_proc_info.c,0,1,1
/media/ullmann/HDDGabriel/engines/UnrealEngine/Engine/Source/ThirdParty/Boost/boost-1_70_0/include/boost/outcome/detail/trait_std_exception.hpp,2,1,3
/media/ullmann/HDDGabriel/engines/UnrealEngine/Engine/Source/ThirdParty/Intel/TBB/IntelTBB-2019u8/examples/task_arena/fractal/fractal.h,3,1,4
/media/ullmann/HDDGabriel/engines/UnrealEngine/Engine/Source/ThirdParty/FreeImage/FreeImage-3.18.0/Source/LibJPEG/jddctmgr.c,0,3,3
/media/ullmann/HDDGabriel/engines/UnrealEngine/Engine/Source/ThirdParty/libOpus/opus-1.0.3/silk/VQ_WMat_EC.c,0,1,1
/media/ullmann/HDDGabriel/engines/UnrealEngine/Engine/Source/Editor/UnrealEd/Public/IAssetViewport.h,1,0,1
/media/ullmann/HDDGabriel/engines/UnrealEngine/Engine/Source/ThirdParty/ICU/icu4c-53_1/source/test/intltest/alphaindextst.cpp,0,2,2
/media/ullmann/HDDGabriel/engines/UnrealEngine/Engine/Source/ThirdParty/openexr/openexr-3.1.1/src/test/OpenEXRFuzzTest/testFuzzDeepScanLines.cpp,0,2,2
/media/ullmann/HDDGabriel/engines/UnrealEngine/Engine/Source/ThirdParty/ShaderConductor/ShaderConductor/External/googletest/googletest/samples/sample6_unittest.cc,0,1,1
/media/ullmann/HDDGabriel/engines/UnrealEngine/Engine/Source/ThirdParty/nvTextureTools/nvTextureTools-2.0.8/src/src/nvimage/TgaFile.h,1,0,1
/media/ullmann/HDDGabriel/engines/UnrealEngine/Engine/Source/ThirdParty/EOSSDK/SDK/Include/eos_rtc_admin_types.h,2,1,3
/media/ullmann/HDDGabriel/engines/UnrealEngine/Engine/Source/ThirdParty/Intel/Embree/Embree2140/src/kernels/geometry/plane.h,1,1,2
/media/ullmann/HDDGabriel/engines/UnrealEngine/Engine/Source/ThirdParty/ICU/icu4c-64_1/source/common/norm2_nfc_data.h,1,0,1
/media/ullmann/HDDGabriel/engines/UnrealEngine/Engine/Source/ThirdParty/PhysX3/PhysX_3.4/Source/GeomUtils/src/hf/GuOverlapTestsHF.cpp,0,1,1
/media/ullmann/HDDGabriel/engines/UnrealEngine/Engine/Source/ThirdParty/PhysX3/PhysX_3.4/Source/GeomUtils/src/hf/GuHeightFieldUtil.h,3,3,6
/media/ullmann/HDDGabriel/engines/UnrealEngine/Engine/Source/ThirdParty/OpenSubdiv/OpenSubdiv-3.4.4/opensubdiv/hbr/bilinear.h,0,2,2
/media/ullmann/HDDGabriel/engines/UnrealEngine/Engine/Source/ThirdParty/Android/libunwind/libunwind/src/ppc/Lget_proc_info.c,0,1,1
/media/ullmann/HDDGabriel/engines/UnrealEngine/Engine/Source/ThirdParty/Android/libunwind/libunwind/src/ppc/Gget_proc_info.c,1,0,1
/media/ullmann/HDDGabriel/engines/UnrealEngine/Engine/Source/Runtime/AudioMixer/Private/SoundFileIO/SoundFileIOManagerImpl.cpp,0,1,1
/media/ullmann/HDDGabriel/engines/UnrealEngine/Engine/Source/Runtime/AudioMixer/Private/SoundFileIO/SoundFileIOManagerImpl.h,2,2,4
/media/ullmann/HDDGabriel/engines/UnrealEngine/Engine/Source/Editor/Kismet/Private/FiBSearchInstance.cpp,0,1,1
/media/ullmann/HDDGabriel/engines/UnrealEngine/Engine/Source/Runtime/UMG/Public/Components/ScaleBoxSlot.h,1,0,1
/media/ullmann/HDDGabriel/engines/UnrealEngine/Engine/Source/ThirdParty/Intel/Embree/Embree270/src/kernels/common/subdiv/subdivpatch1base.cpp,0,1,1
/media/ullmann/HDDGabriel/engines/UnrealEngine/Engine/Source/Developer/DesktopPlatform/Private/Linux/DesktopPlatformLinux.h,1,0,1
/media/ullmann/HDDGabriel/engines/UnrealEngine/Engine/Source/Runtime/Core/Public/Misc/FileHelper.h,2,0,2
/media/ullmann/HDDGabriel/engines/UnrealEngine/Engine/Source/Runtime/Experimental/Chaos/Public/Field/FieldSystem.h,1,0,1
/media/ullmann/HDDGabriel/engines/UnrealEngine/Engine/Source/Runtime/Online/ICMP/Private/Icmp.cpp,0,1,1
/media/ullmann/HDDGabriel/engines/UnrealEngine/Engine/Source/Runtime/Launch/Public/RequiredProgramMainCPPInclude.h,0,2,2
/media/ullmann/HDDGabriel/engines/UnrealEngine/Engine/Source/Runtime/Launch/Private/LaunchEngineLoop.cpp,1,1,2
/media/ullmann/HDDGabriel/engines/UnrealEngine/Engine/Source/ThirdParty/FreeType2/FreeType2-2.10.4/src/cff/cffcmap.h,3,0,3
/media/ullmann/HDDGabriel/engines/UnrealEngine/Engine/Source/ThirdParty/FreeImage/FreeImage-3.18.0/Source/LibJPEG/jchuff.c,0,2,2
/media/ullmann/HDDGabriel/engines/UnrealEngine/Engine/Source/ThirdParty/Steamworks/Steamv146/sdk/public/steam/steam_gameserver.h,0,3,3
/media/ullmann/HDDGabriel/engines/UnrealEngine/Engine/Source/ThirdParty/Steamworks/Steamv146/sdk/public/steam/isteamgameserverstats.h,1,1,2
/media/ullmann/HDDGabriel/engines/UnrealEngine/Engine/Source/ThirdParty/ICU/icu4c-64_1/source/i18n/fmtable_cnv.cpp,0,1,1
/media/ullmann/HDDGabriel/engines/UnrealEngine/Engine/Source/ThirdParty/PhysX3/APEX_1.4/module/destructible/fracture/IslandDetector.cpp,0,2,2
/media/ullmann/HDDGabriel/engines/UnrealEngine/Engine/Source/ThirdParty/ShaderConductor/ShaderConductor/External/DirectXShaderCompiler/lib/Bitcode/Writer/ValueEnumerator.cpp,0,1,1
/media/ullmann/HDDGabriel/engines/UnrealEngine/Engine/Source/ThirdParty/SDL2/SDL-gui-backend/src/stdlib/SDL_malloc.c,0,2,2
/media/ullmann/HDDGabriel/engines/UnrealEngine/Engine/Source/Developer/Windows/LiveCodingServer/Private/External/LC_DirectoryCache.cpp,0,2,2
/media/ullmann/HDDGabriel/engines/UnrealEngine/Engine/Source/ThirdParty/ICU/icu4c-64_1/source/common/patternprops.cpp,0,2,2
/media/ullmann/HDDGabriel/engines/UnrealEngine/Engine/Source/Editor/PhysicsAssetEditor/Private/SkeletonTreePhysicsConstraintItem.cpp,0,1,1
/media/ullmann/HDDGabriel/engines/UnrealEngine/Engine/Source/Editor/PhysicsAssetEditor/Private/SkeletonTreePhysicsConstraintItem.h,3,0,3
/media/ullmann/HDDGabriel/engines/UnrealEngine/Engine/Source/ThirdParty/WebRTC/4147/Include/third_party/libvpx/source/config/linux/mipsel/vpx_dsp_rtcd.h,0,1,1
/media/ullmann/HDDGabriel/engines/UnrealEngine/Engine/Source/ThirdParty/ICU/icu4c-53_1/source/i18n/unicode/vtzone.h,5,0,5
/media/ullmann/HDDGabriel/engines/UnrealEngine/Engine/Source/Runtime/Slate/Public/Widgets/Colors/SColorBlock.h,2,0,2
/media/ullmann/HDDGabriel/engines/UnrealEngine/Engine/Source/Runtime/PacketHandlers/PacketHandler/Public/EncryptionComponent.h,0,1,1
/media/ullmann/HDDGabriel/engines/UnrealEngine/Engine/Source/Runtime/PacketHandlers/PacketHandler/Public/PacketHandler.h,1,0,1
/media/ullmann/HDDGabriel/engines/UnrealEngine/Engine/Source/ThirdParty/FreeType2/FreeType2-2.10.4/src/psaux/pstypes.h,1,0,1
/media/ullmann/HDDGabriel/engines/UnrealEngine/Engine/Source/Runtime/AugmentedReality/Private/ARSystemSupportBase.cpp,0,1,1
/media/ullmann/HDDGabriel/engines/UnrealEngine/Engine/Source/ThirdParty/libjpeg-turbo/include/cderror.h,1,0,1
/media/ullmann/HDDGabriel/engines/UnrealEngine/Engine/Source/Runtime/SlateCore/Public/Rendering/SlateRenderTransform.h,1,0,1
/media/ullmann/HDDGabriel/engines/UnrealEngine/Engine/Source/ThirdParty/ICU/icu4c-53_1/source/tools/ctestfw/tstdtmod.cpp,0,1,1
/media/ullmann/HDDGabriel/engines/UnrealEngine/Engine/Source/ThirdParty/ICU/icu4c-53_1/source/tools/ctestfw/unicode/tstdtmod.h,1,0,1
/media/ullmann/HDDGabriel/engines/UnrealEngine/Engine/Source/Runtime/Slate/Private/Framework/MultiBox/Mac/MacMenu.cpp,0,1,1
/media/ullmann/HDDGabriel/engines/UnrealEngine/Engine/Source/Runtime/Slate/Private/Framework/MultiBox/Mac/MacMenu.h,2,0,2
/media/ullmann/HDDGabriel/engines/UnrealEngine/Engine/Source/ThirdParty/Intel/Embree/Embree270/src/common/sys/thread.cpp,0,3,3
/media/ullmann/HDDGabriel/engines/UnrealEngine/Engine/Source/ThirdParty/OpenVDB/Deploy/openvdb-8.1.0/include/openvdb/io/Stream.h,0,1,1
/media/ullmann/HDDGabriel/engines/UnrealEngine/Engine/Source/ThirdParty/WebRTC/4147/Include/tools/clang/plugins/FindBadConstructsAction.h,0,1,1
/media/ullmann/HDDGabriel/engines/UnrealEngine/Engine/Source/ThirdParty/WebRTC/4147/Include/tools/clang/plugins/Options.h,3,0,3
/media/ullmann/HDDGabriel/engines/UnrealEngine/Engine/Source/ThirdParty/OpenSubdiv/OpenSubdiv-3.4.4/opensubdiv/osd/clVertexBuffer.cpp,0,1,1
/media/ullmann/HDDGabriel/engines/UnrealEngine/Engine/Source/Runtime/MediaAssets/Public/FileMediaSource.h,0,1,1
/media/ullmann/HDDGabriel/engines/UnrealEngine/Engine/Source/ThirdParty/Intel/ISPC/ispc-1.16.1/benchmarks/01_trivial/03_popcnt.cpp,0,1,1
/media/ullmann/HDDGabriel/engines/UnrealEngine/Engine/Source/Programs/UnrealTraceServer/src/AsioContext.cpp,0,2,2
/media/ullmann/HDDGabriel/engines/UnrealEngine/Engine/Source/Programs/UnrealTraceServer/src/AsioContext.h,2,2,4
/media/ullmann/HDDGabriel/engines/UnrealEngine/Engine/Source/ThirdParty/Oculus/LibOVRPlatform/LibOVRPlatform/include/OVR_MatchmakingEnqueueResultAndRoom.h,2,3,5
/media/ullmann/HDDGabriel/engines/UnrealEngine/Engine/Source/ThirdParty/nvTextureTools/nvTextureTools-2.0.8/src/src/nvtt/cuda/CudaCompressDXT.h,2,0,2
/media/ullmann/HDDGabriel/engines/UnrealEngine/Engine/Source/Runtime/Renderer/Private/RendererPrivate.h,4,7,11
/media/ullmann/HDDGabriel/engines/UnrealEngine/Engine/Source/ThirdParty/CryptoPP/5.6.2/include/square.cpp,0,4,4
/media/ullmann/HDDGabriel/engines/UnrealEngine/Engine/Source/ThirdParty/Oculus/LibOVRPlatform/LibOVRPlatform/include/OVR_PermissionType.h,0,1,1
/media/ullmann/HDDGabriel/engines/UnrealEngine/Engine/Source/Runtime/PropertyPath/Public/PropertyPathHelpers.h,0,1,1
/media/ullmann/HDDGabriel/engines/UnrealEngine/Engine/Source/Runtime/PropertyPath/Public/PropertyTypeCompatibility.h,1,0,1
/media/ullmann/HDDGabriel/engines/UnrealEngine/Engine/Source/ThirdParty/PhysX3/PhysX_3.4/Source/LowLevelCloth/src/sse2/SwCollisionHelpers.h,1,0,1
/media/ullmann/HDDGabriel/engines/UnrealEngine/Engine/Source/Developer/TraceServices/Private/ModuleServicePrivate.h,3,0,3
/media/ullmann/HDDGabriel/engines/UnrealEngine/Engine/Source/ThirdParty/Imath/Deploy/Imath-3.1.3/include/Imath/ImathInt64.h,0,1,1
/media/ullmann/HDDGabriel/engines/UnrealEngine/Engine/Source/ThirdParty/CryptoPP/5.6.5/include/mqueue.cpp,0,2,2
/media/ullmann/HDDGabriel/engines/UnrealEngine/Engine/Source/ThirdParty/SDL2/SDL-gui-backend/src/video/raspberry/SDL_rpimouse.h,2,1,3
/media/ullmann/HDDGabriel/engines/UnrealEngine/Engine/Source/ThirdParty/FreeImage/FreeImage-3.18.0/Source/LibTIFF4/tif_write.c,0,1,1
/media/ullmann/HDDGabriel/engines/UnrealEngine/Engine/Source/ThirdParty/ICU/icu4c-64_1/source/i18n/curramt.cpp,0,2,2
/media/ullmann/HDDGabriel/engines/UnrealEngine/Engine/Source/ThirdParty/libPNG/libPNG-1.5.27/contrib/libtests/pngvalid.c,0,2,2
/media/ullmann/HDDGabriel/engines/UnrealEngine/Engine/Source/ThirdParty/HarfBuzz/harfbuzz-1.2.4/src/hb-ot-layout-gpos-table.hh,1,0,1
/media/ullmann/HDDGabriel/engines/UnrealEngine/Engine/Source/Editor/GraphEditor/Private/MaterialPins/SGraphPinMaterialInput.h,1,0,1
/media/ullmann/HDDGabriel/engines/UnrealEngine/Engine/Source/Editor/Sequencer/Private/Tools/SequencerEditTool_Selection.h,2,0,2
/media/ullmann/HDDGabriel/engines/UnrealEngine/Engine/Source/ThirdParty/FreeImage/FreeImage-3.18.0/Source/OpenEXR/Imath/ImathInt64.h,2,1,3
/media/ullmann/HDDGabriel/engines/UnrealEngine/Engine/Source/ThirdParty/FreeType2/FreeType2-2.10.4/src/sfnt/ttcolr.h,2,1,3
/media/ullmann/HDDGabriel/engines/UnrealEngine/Engine/Source/ThirdParty/EOSSDK/SDK/Bin/IOS/EOSSDK.framework/Headers/eos_playerdatastorage.h,0,1,1
/media/ullmann/HDDGabriel/engines/UnrealEngine/Engine/Source/ThirdParty/PhysX3/PhysX_3.4/Source/SceneQuery/src/SqExtendedBucketPruner.cpp,0,3,3
/media/ullmann/HDDGabriel/engines/UnrealEngine/Engine/Source/ThirdParty/Alembic/alembic-1.8.2/python/PyAlembic/PyOLight.cpp,0,3,3
/media/ullmann/HDDGabriel/engines/UnrealEngine/Engine/Source/ThirdParty/ICU/icu4c-53_1/source/test/intltest/incaltst.cpp,0,2,2
/media/ullmann/HDDGabriel/engines/UnrealEngine/Engine/Source/Programs/CrashReportClient/Private/CrashReportClientStyle.cpp,0,1,1
/media/ullmann/HDDGabriel/engines/UnrealEngine/Engine/Source/Programs/CrashReportClient/Private/CrashReportClientStyle.h,2,0,2
/media/ullmann/HDDGabriel/engines/UnrealEngine/Engine/Source/Editor/MaterialEditor/Private/SMaterialEditorCustomPrimitiveDataWidget.cpp,0,1,1
/media/ullmann/HDDGabriel/engines/UnrealEngine/Engine/Source/ThirdParty/libPNG/libPNG-1.5.2/png.c,0,1,1
/media/ullmann/HDDGabriel/engines/UnrealEngine/Engine/Source/Editor/IntroTutorials/Private/SEditorTutorials.cpp,0,2,2
/media/ullmann/HDDGabriel/engines/UnrealEngine/Engine/Source/Editor/IntroTutorials/Private/SEditorTutorials.h,2,2,4
/media/ullmann/HDDGabriel/engines/UnrealEngine/Engine/Source/ThirdParty/ShaderConductor/ShaderConductor/External/DirectXShaderCompiler/lib/Fuzzer/FuzzerCrossOver.cpp,0,1,1
/media/ullmann/HDDGabriel/engines/UnrealEngine/Engine/Source/ThirdParty/Perforce/p4api-2018.1/Include/Win32/VS2015/p4/p4tags.h,1,0,1
/media/ullmann/HDDGabriel/engines/UnrealEngine/Engine/Source/ThirdParty/OpenVDB/openvdb-8.1.0/openvdb_houdini/openvdb_houdini/GEO_VDBTranslator.cc,0,2,2
/media/ullmann/HDDGabriel/engines/UnrealEngine/Engine/Source/ThirdParty/openexr/openexr-3.1.1/src/lib/OpenEXR/ImfFloatAttribute.cpp,0,1,1
/media/ullmann/HDDGabriel/engines/UnrealEngine/Engine/Source/Runtime/Renderer/Private/RayTracing/RayTracingInstanceCulling.cpp,0,1,1
/media/ullmann/HDDGabriel/engines/UnrealEngine/Engine/Source/Runtime/Renderer/Private/RayTracing/RayTracingInstanceCulling.h,3,0,3
/media/ullmann/HDDGabriel/engines/UnrealEngine/Engine/Source/Runtime/PakFile/Private/GenericPlatformIoDispatcher.h,2,0,2
/media/ullmann/HDDGabriel/engines/UnrealEngine/Engine/Source/ThirdParty/PhysX3/APEX_1.4/framework/include/autogen/BufferU8x2.h,1,0,1
/media/ullmann/HDDGabriel/engines/UnrealEngine/Engine/Source/Runtime/LevelSequence/Public/LevelSequenceBurnIn.h,0,2,2
/media/ullmann/HDDGabriel/engines/UnrealEngine/Engine/Source/ThirdParty/ICU/icu4c-53_1/source/test/intltest/textfile.cpp,0,2,2
/media/ullmann/HDDGabriel/engines/UnrealEngine/Engine/Source/ThirdParty/libOpus/opus-1.0.3/silk/float/find_pred_coefs_FLP.c,0,1,1
/media/ullmann/HDDGabriel/engines/UnrealEngine/Engine/Source/ThirdParty/OpenSubdiv/OpenSubdiv-3.4.4/opensubdiv/osd/cpuKernel.cpp,0,2,2
/media/ullmann/HDDGabriel/engines/UnrealEngine/Engine/Source/Runtime/UMG/Public/Slate/WidgetTransform.h,1,0,1
/media/ullmann/HDDGabriel/engines/UnrealEngine/Engine/Source/Editor/Experimental/RemoteExecution/Public/IContentAddressableStorage.h,1,0,1
/media/ullmann/HDDGabriel/engines/UnrealEngine/Engine/Source/Editor/BlueprintGraph/Classes/K2Node_MacroInstance.h,0,1,1
/media/ullmann/HDDGabriel/engines/UnrealEngine/Engine/Source/ThirdParty/FreeImage/FreeImage-3.18.0/Source/OpenEXR/IlmImf/ImfFrameBuffer.cpp,0,2,2
/media/ullmann/HDDGabriel/engines/UnrealEngine/Engine/Source/ThirdParty/openexr/openexr-3.1.1/src/lib/OpenEXR/ImfIDManifestAttribute.h,3,4,7
/media/ullmann/HDDGabriel/engines/UnrealEngine/Engine/Source/Runtime/Engine/Public/SurfaceIterators.h,0,1,1
/media/ullmann/HDDGabriel/engines/UnrealEngine/Engine/Source/ThirdParty/HarfBuzz/harfbuzz-2.4.0/src/hb-ucdn.cc,0,2,2
/media/ullmann/HDDGabriel/engines/UnrealEngine/Engine/Source/Editor/SubobjectDataInterface/Public/ChildActorSubobjectData.h,0,1,1
/media/ullmann/HDDGabriel/engines/UnrealEngine/Engine/Source/Editor/SubobjectDataInterface/Public/InheritedSubobjectData.h,1,1,2
/media/ullmann/HDDGabriel/engines/UnrealEngine/Engine/Source/ThirdParty/SDL2/SDL-gui-backend/src/video/SDL_vulkan_utils.c,0,2,2
/media/ullmann/HDDGabriel/engines/UnrealEngine/Engine/Source/Editor/MaterialEditor/Private/SMaterialEditorViewportToolBar.h,2,1,3
/media/ullmann/HDDGabriel/engines/UnrealEngine/Engine/Source/ThirdParty/OpenSubdiv/OpenSubdiv-3.4.4/opensubdiv/osd/clEvaluator.cpp,0,4,4
/media/ullmann/HDDGabriel/engines/UnrealEngine/Engine/Source/Runtime/EyeTracker/Public/EyeTrackerFunctionLibrary.h,0,2,2
/media/ullmann/HDDGabriel/engines/UnrealEngine/Engine/Source/Runtime/EyeTracker/Public/IEyeTracker.h,1,1,2
/media/ullmann/HDDGabriel/engines/UnrealEngine/Engine/Source/ThirdParty/Intel/Embree/Embree2140/src/kernels/bvh/bvh_refit.h,2,1,3
/media/ullmann/HDDGabriel/engines/UnrealEngine/Engine/Source/ThirdParty/Vorbis/libvorbis-1.3.2/vq/bookutil.c,0,1,1
/media/ullmann/HDDGabriel/engines/UnrealEngine/Engine/Source/ThirdParty/libPNG/libPNG-1.6.37/scripts/vers.c,0,1,1
/media/ullmann/HDDGabriel/engines/UnrealEngine/Engine/Source/ThirdParty/OpenSubdiv/OpenSubdiv-3.4.4/regression/shapes/loop_cube_asymmetric.h,1,0,1
/media/ullmann/HDDGabriel/engines/UnrealEngine/Engine/Source/ThirdParty/Python3/Linux/include/python3.9/internal/pycore_warnings.h,1,0,1
/media/ullmann/HDDGabriel/engines/UnrealEngine/Engine/Source/ThirdParty/NVIDIA/GeForceNOW/include/GfnSdk_SecureLoadLibrary.h,2,0,2
/media/ullmann/HDDGabriel/engines/UnrealEngine/Engine/Source/ThirdParty/Intel/TBB/IntelTBB-2019u8/src/tbb/recursive_mutex.cpp,0,1,1
/media/ullmann/HDDGabriel/engines/UnrealEngine/Engine/Source/ThirdParty/Intel/Embree/Embree270/src/kernels/xeonphi/bvh4hair/bvh4hair_intersector16_single.h,1,3,4
/media/ullmann/HDDGabriel/engines/UnrealEngine/Engine/Source/Editor/DeviceProfileEditor/Private/SDeviceProfileEditor.cpp,0,6,6
/media/ullmann/HDDGabriel/engines/UnrealEngine/Engine/Source/Editor/DeviceProfileEditor/Private/SDeviceProfileCreateProfilePanel.h,2,0,2
/media/ullmann/HDDGabriel/engines/UnrealEngine/Engine/Source/Runtime/Core/Public/Misc/SecureHash.h,1,0,1
/media/ullmann/HDDGabriel/engines/UnrealEngine/Engine/Source/ThirdParty/Breakpad/src/third_party/libdisasm/ia32_settings.c,0,4,4
/media/ullmann/HDDGabriel/engines/UnrealEngine/Engine/Source/ThirdParty/Breakpad/src/third_party/libdisasm/ia32_reg.h,8,1,9
/media/ullmann/HDDGabriel/engines/UnrealEngine/Engine/Source/ThirdParty/CryptoPP/5.6.2/include/lubyrack.h,0,2,2
/media/ullmann/HDDGabriel/engines/UnrealEngine/Engine/Source/ThirdParty/MCPP/mcpp-2.7.2/test-c/n_32.c,0,1,1
/media/ullmann/HDDGabriel/engines/UnrealEngine/Engine/Source/Editor/GraphEditor/Public/SGraphNodeDocumentation.h,0,1,1
/media/ullmann/HDDGabriel/engines/UnrealEngine/Engine/Source/ThirdParty/Intel/Embree/Embree2140/src/kernels/geometry/instance_intersector1.cpp,0,2,2
/media/ullmann/HDDGabriel/engines/UnrealEngine/Engine/Source/Runtime/Engine/Classes/Engine/PendingNetGame.h,0,1,1
/media/ullmann/HDDGabriel/engines/UnrealEngine/Engine/Source/Runtime/Engine/Classes/Engine/NetworkDelegates.h,1,0,1
/media/ullmann/HDDGabriel/engines/UnrealEngine/Engine/Source/ThirdParty/PhysX3/PhysX_3.4/Source/GeomUtils/src/intersection/GuIntersectionEdgeEdge.cpp,0,1,1
/media/ullmann/HDDGabriel/engines/UnrealEngine/Engine/Source/ThirdParty/PhysX3/PhysX_3.4/Source/GeomUtils/src/intersection/GuIntersectionEdgeEdge.h,1,0,1
/media/ullmann/HDDGabriel/engines/UnrealEngine/Engine/Source/ThirdParty/PhysX3/APEX_1.4/module/clothing/src/simd/neon/NvNeonSimd4i.h,1,0,1
/media/ullmann/HDDGabriel/engines/UnrealEngine/Engine/Source/ThirdParty/FreeType2/FreeType2-2.4.12/src/cff/cfftoken.h,1,0,1
/media/ullmann/HDDGabriel/engines/UnrealEngine/Engine/Source/ThirdParty/Intel/TBB/IntelTBB-2019u8/include/tbb/concurrent_unordered_set.h,1,1,2
/media/ullmann/HDDGabriel/engines/UnrealEngine/Engine/Source/ThirdParty/llvm/8/include/llvm/BinaryFormat/ELFRelocs/PowerPC64.def,1,0,1
/media/ullmann/HDDGabriel/engines/UnrealEngine/Engine/Source/Runtime/Engine/Classes/Engine/NetDriver.h,0,1,1
/media/ullmann/HDDGabriel/engines/UnrealEngine/Engine/Source/Runtime/Engine/Classes/Engine/Channel.h,1,0,1
/media/ullmann/HDDGabriel/engines/UnrealEngine/Engine/Source/ThirdParty/CryptoPP/5.6.2/include/arc4.cpp,0,2,2
/media/ullmann/HDDGabriel/engines/UnrealEngine/Engine/Source/ThirdParty/ICU/icu4c-64_1/source/tools/toolutil/uoptions.h,3,0,3
/media/ullmann/HDDGabriel/engines/UnrealEngine/Engine/Source/Editor/AnimGraph/Private/AnimGraphNode_LinkedAnimGraph.cpp,0,1,1
/media/ullmann/HDDGabriel/engines/UnrealEngine/Engine/Source/ThirdParty/HarfBuzz/harfbuzz-2.4.0/src/hb-subset-glyf.hh,2,0,2
/media/ullmann/HDDGabriel/engines/UnrealEngine/Engine/Source/Editor/UnrealEd/Private/EditorDomain/EditorBuildInputResolver.cpp,0,1,1
/media/ullmann/HDDGabriel/engines/UnrealEngine/Engine/Source/Editor/UnrealEd/Private/EditorDomain/EditorBuildInputResolver.h,2,0,2
/media/ullmann/HDDGabriel/engines/UnrealEngine/Engine/Source/ThirdParty/ICU/icu4c-64_1/source/samples/datefmt/main.cpp,0,1,1
/media/ullmann/HDDGabriel/engines/UnrealEngine/Engine/Source/ThirdParty/ICU/icu4c-64_1/source/samples/datefmt/util.h,1,0,1
/media/ullmann/HDDGabriel/engines/UnrealEngine/Engine/Source/ThirdParty/OpenVDB/Deploy/openvdb-8.1.0/include/openvdb/tree/InternalNode.h,1,2,3
/media/ullmann/HDDGabriel/engines/UnrealEngine/Engine/Source/Editor/MovieSceneTools/Private/TrackEditors/PathTrackEditor.h,1,0,1
/media/ullmann/HDDGabriel/engines/UnrealEngine/Engine/Source/ThirdParty/PhysX3/APEX_1.4/module/destructible_legacy/include/autogen/DestructibleModuleParameters_0p0.h,1,0,1
/media/ullmann/HDDGabriel/engines/UnrealEngine/Engine/Source/Runtime/Online/BuildPatchServices/Private/Installer/Statistics/CloudChunkSourceStatistics.h,1,0,1
/media/ullmann/HDDGabriel/engines/UnrealEngine/Engine/Source/ThirdParty/FBX/2020.2/include/fbxsdk/scene/shading/fbxsurfacematerial.h,1,0,1
/media/ullmann/HDDGabriel/engines/UnrealEngine/Engine/Source/ThirdParty/FreeImage/FreeImage-3.18.0/Source/Metadata/FIRational.h,3,0,3
/media/ullmann/HDDGabriel/engines/UnrealEngine/Engine/Source/Editor/AnimationBlueprintEditor/Private/AnimationGraphFactory.h,2,0,2
/media/ullmann/HDDGabriel/engines/UnrealEngine/Engine/Source/Developer/AssetTools/Private/AssetTypeActions/AssetTypeActions_ActorFoliageSettings.h,1,0,1
/media/ullmann/HDDGabriel/engines/UnrealEngine/Engine/Source/ThirdParty/EOSSDK/SDK/Include/eos_p2p.h,0,1,1
/media/ullmann/HDDGabriel/engines/UnrealEngine/Engine/Source/ThirdParty/EOSSDK/SDK/Include/eos_p2p_types.h,2,1,3
/media/ullmann/HDDGabriel/engines/UnrealEngine/Engine/Source/ThirdParty/openexr/openexr-3.1.1/src/test/OpenEXRTest/bswap_32.h,2,0,2
/media/ullmann/HDDGabriel/engines/UnrealEngine/Engine/Source/ThirdParty/FreeType2/FreeType2-2.6/Src/gxvalid/gxvmort1.c,1,1,2
/media/ullmann/HDDGabriel/engines/UnrealEngine/Engine/Source/ThirdParty/coremod/coremod-4.2.6/src/loaders/common.c,0,1,1
/media/ullmann/HDDGabriel/engines/UnrealEngine/Engine/Source/ThirdParty/ShaderConductor/ShaderConductor/External/googletest/googletest/samples/sample7_unittest.cc,0,1,1
/media/ullmann/HDDGabriel/engines/UnrealEngine/Engine/Source/ThirdParty/PhysX3/PhysX_3.4/Source/GeomUtils/src/mesh/GuBV4Settings.h,1,0,1
/media/ullmann/HDDGabriel/engines/UnrealEngine/Engine/Source/ThirdParty/EOSSDK/SDK/Bin/Android/include/eos_connect.h,1,1,2
/media/ullmann/HDDGabriel/engines/UnrealEngine/Engine/Source/ThirdParty/EOSSDK/SDK/Bin/Android/include/eos_connect_types.h,1,1,2
/media/ullmann/HDDGabriel/engines/UnrealEngine/Engine/Source/ThirdParty/HarfBuzz/harfbuzz-1.2.4/util/shape-consumer.hh,2,0,2
/media/ullmann/HDDGabriel/engines/UnrealEngine/Engine/Source/Editor/AnimGraph/Public/AnimGraphNode_BlendSpaceGraphBase.h,2,1,3
/media/ullmann/HDDGabriel/engines/UnrealEngine/Engine/Source/Runtime/Engine/Classes/Sound/SoundGenerator.h,1,0,1
/media/ullmann/HDDGabriel/engines/UnrealEngine/Engine/Source/ThirdParty/Android/libunwind/libunwind/src/ptrace/_UPT_resume.c,0,1,1
/media/ullmann/HDDGabriel/engines/UnrealEngine/Engine/Source/ThirdParty/ICU/icu4c-53_1/source/i18n/quantityformatter.cpp,0,6,6
/media/ullmann/HDDGabriel/engines/UnrealEngine/Engine/Source/ThirdParty/hlslcc/hlslcc/src/hlslcc_lib/lower_vec_index_to_swizzle.cpp,0,6,6
/media/ullmann/HDDGabriel/engines/UnrealEngine/Engine/Source/ThirdParty/Steamworks/Steamv147/sdk/public/steam/isteamnetworking.h,1,1,2
/media/ullmann/HDDGabriel/engines/UnrealEngine/Engine/Source/ThirdParty/Crunch/src/crnlib/lzma_Bra.h,3,1,4
/media/ullmann/HDDGabriel/engines/UnrealEngine/Engine/Source/Programs/UnrealLightmass/Private/Lighting/Radiosity.cpp,0,3,3
/media/ullmann/HDDGabriel/engines/UnrealEngine/Engine/Source/Programs/UnrealLightmass/Private/Lighting/TextureMappingSetup.h,2,1,3
/media/ullmann/HDDGabriel/engines/UnrealEngine/Engine/Source/ThirdParty/SDL2/SDL-gui-backend/src/audio/sndio/SDL_sndioaudio.h,1,2,3
/media/ullmann/HDDGabriel/engines/UnrealEngine/Engine/Source/ThirdParty/ICU/icu4c-64_1/source/tools/tzcode/ialloc.c,0,1,1
/media/ullmann/HDDGabriel/engines/UnrealEngine/Engine/Source/Editor/NaniteTools/Private/SNaniteTools.h,3,0,3
/media/ullmann/HDDGabriel/engines/UnrealEngine/Engine/Source/ThirdParty/openexr/openexr-3.1.1/src/lib/OpenEXR/ImfChromaticities.cpp,0,2,2
/media/ullmann/HDDGabriel/engines/UnrealEngine/Engine/Source/Editor/KismetCompiler/Public/KismetCastingUtils.h,0,1,1
/media/ullmann/HDDGabriel/engines/UnrealEngine/Engine/Source/ThirdParty/PhysX3/PxShared/src/pvd/include/PxPvdDataStreamHelpers.h,0,1,1
/media/ullmann/HDDGabriel/engines/UnrealEngine/Engine/Source/ThirdParty/PhysX3/PxShared/src/pvd/include/PxPvdObjectModelBaseTypes.h,2,0,2
/media/ullmann/HDDGabriel/engines/UnrealEngine/Engine/Source/ThirdParty/FreeType2/FreeType2-2.6/Include/ftincrem.h,0,1,1
/media/ullmann/HDDGabriel/engines/UnrealEngine/Engine/Source/Programs/UnrealHeaderTool/Private/Manifest.cpp,0,4,4
/media/ullmann/HDDGabriel/engines/UnrealEngine/Engine/Source/ThirdParty/Intel/TBB/IntelTBB-2019u8/include/tbb/parallel_sort.h,1,3,4
/media/ullmann/HDDGabriel/engines/UnrealEngine/Engine/Source/ThirdParty/PhysX3/APEX_1.4/module/framework_legacy/include/autogen/BufferU32x4_0p0.h,1,0,1
/media/ullmann/HDDGabriel/engines/UnrealEngine/Engine/Source/ThirdParty/GoogleOboe/Private/common/AudioStreamBuilder.cpp,0,1,1
/media/ullmann/HDDGabriel/engines/UnrealEngine/Engine/Source/Editor/PropertyEditor/Private/DetailCategoryGroupNode.cpp,0,2,2
/media/ullmann/HDDGabriel/engines/UnrealEngine/Engine/Source/ThirdParty/Intel/Embree/Embree270/src/kernels/algorithms/prefix.cpp,0,1,1
/media/ullmann/HDDGabriel/engines/UnrealEngine/Engine/Source/ThirdParty/PhysX3/PhysX_3.4/Source/Common/src/CmBoxPruning.h,1,1,2
/media/ullmann/HDDGabriel/engines/UnrealEngine/Engine/Source/Runtime/CrashReportCore/Private/Android/AndroidErrorReport.cpp,0,1,1
/media/ullmann/HDDGabriel/engines/UnrealEngine/Engine/Source/Runtime/Renderer/Private/InstanceCulling/InstanceCullingMergedContext.h,1,0,1
/media/ullmann/HDDGabriel/engines/UnrealEngine/Engine/Source/ThirdParty/SDL2/SDL-gui-backend/src/audio/pulseaudio/SDL_pulseaudio.h,1,2,3
/media/ullmann/HDDGabriel/engines/UnrealEngine/Engine/Source/Runtime/VulkanRHI/Private/VulkanPipeline.h,5,2,7
/media/ullmann/HDDGabriel/engines/UnrealEngine/Engine/Source/Editor/Persona/Public/PersonaModule.h,0,1,1
/media/ullmann/HDDGabriel/engines/UnrealEngine/Engine/Source/Editor/Persona/Public/PersonaDelegates.h,1,0,1
/media/ullmann/HDDGabriel/engines/UnrealEngine/Engine/Source/Runtime/WebBrowser/Private/Android/AndroidWebBrowserWindow.cpp,0,3,3
/media/ullmann/HDDGabriel/engines/UnrealEngine/Engine/Source/ThirdParty/ICU/icu4c-53_1/source/common/unormimp.h,1,2,3
/media/ullmann/HDDGabriel/engines/UnrealEngine/Engine/Source/ThirdParty/WebRTC/4147/Include/rtc_base/proxy_server.h,0,1,1
/media/ullmann/HDDGabriel/engines/UnrealEngine/Engine/Source/ThirdParty/FreeType2/FreeType2-2.10.4/src/base/ftmac.c,1,1,2
/media/ullmann/HDDGabriel/engines/UnrealEngine/Engine/Source/Runtime/Windows/D3D11RHI/Private/D3D11VertexDeclaration.cpp,0,1,1
/media/ullmann/HDDGabriel/engines/UnrealEngine/Engine/Source/ThirdParty/PhysX3/APEX_1.4/include/PxStreamFromFileBuf.h,0,1,1
/media/ullmann/HDDGabriel/engines/UnrealEngine/Engine/Source/ThirdParty/PhysX3/APEX_1.4/module/destructible_legacy/include/autogen/DestructibleAssetParameters_0p24.h,1,0,1
/media/ullmann/HDDGabriel/engines/UnrealEngine/Engine/Source/Runtime/Navmesh/Public/DebugUtils/RecastDebugDraw.h,0,1,1
/media/ullmann/HDDGabriel/engines/UnrealEngine/Engine/Source/Runtime/SlateCore/Public/Application/SlateApplicationBase.h,1,0,1
/media/ullmann/HDDGabriel/engines/UnrealEngine/Engine/Source/ThirdParty/WebRTC/4147/Include/third_party/libvpx/source/config/ios/arm64/vpx_scale_rtcd.h,0,1,1
/media/ullmann/HDDGabriel/engines/UnrealEngine/Engine/Source/ThirdParty/Android/libunwind/libunwind/src/ppc64/Gglobal.c,1,1,2
/media/ullmann/HDDGabriel/engines/UnrealEngine/Engine/Source/Editor/AnimGraph/Private/AnimGraphNode_LinkedInputPose.cpp,0,1,1
/media/ullmann/HDDGabriel/engines/UnrealEngine/Engine/Source/ThirdParty/OpenVDB/Deploy/openvdb-8.1.0/include/openvdb/tools/Interpolation.h,8,0,8
/media/ullmann/HDDGabriel/engines/UnrealEngine/Engine/Source/ThirdParty/libstrophe/libstrophe-0.9.3/src/stanza.c,0,2,2
/media/ullmann/HDDGabriel/engines/UnrealEngine/Engine/Source/Developer/TraceServices/Private/Model/FramesPrivate.h,1,0,1
/media/ullmann/HDDGabriel/engines/UnrealEngine/Engine/Source/ThirdParty/SDL2/SDL-gui-backend/src/joystick/steam/SDL_steamcontroller.h,2,1,3
/media/ullmann/HDDGabriel/engines/UnrealEngine/Engine/Source/ThirdParty/libOpus/opus-1.3.1-12/silk/fixed/mips/noise_shape_analysis_FIX_mipsr1.h,1,0,1
/media/ullmann/HDDGabriel/engines/UnrealEngine/Engine/Source/ThirdParty/WebRTC/4147/Include/base/third_party/libevent/evdns.h,0,1,1
/media/ullmann/HDDGabriel/engines/UnrealEngine/Engine/Source/ThirdParty/ShaderConductor/ShaderConductor/External/DirectXShaderCompiler/tools/clang/tools/libclang/IndexingContext.cpp,0,3,3
/media/ullmann/HDDGabriel/engines/UnrealEngine/Engine/Source/ThirdParty/CryptoPP/5.6.5/include/nr.h,2,1,3
/media/ullmann/HDDGabriel/engines/UnrealEngine/Engine/Source/ThirdParty/Eigen/Eigen/src/Core/ArrayBase.h,0,6,6
/media/ullmann/HDDGabriel/engines/UnrealEngine/Engine/Source/ThirdParty/SDL2/SDL-gui-backend/src/video/haiku/SDL_bwindow.cc,0,3,3
/media/ullmann/HDDGabriel/engines/UnrealEngine/Engine/Source/ThirdParty/ICU/icu4c-53_1/source/test/intltest/ficoll.h,2,1,3
/media/ullmann/HDDGabriel/engines/UnrealEngine/Engine/Source/ThirdParty/ShaderConductor/ShaderConductor/External/DirectXShaderCompiler/tools/llvm-readobj/ARMEHABIPrinter.h,1,2,3
/media/ullmann/HDDGabriel/engines/UnrealEngine/Engine/Source/ThirdParty/Python3/Linux/include/python3.9/cpython/dictobject.h,1,0,1
/media/ullmann/HDDGabriel/engines/UnrealEngine/Engine/Source/ThirdParty/FreeImage/FreeImage-3.18.0/Source/ZLib/gzclose.c,0,1,1
/media/ullmann/HDDGabriel/engines/UnrealEngine/Engine/Source/Editor/Documentation/Public/IDocumentation.h,0,1,1
/media/ullmann/HDDGabriel/engines/UnrealEngine/Engine/Source/Editor/Documentation/Public/IDocumentationModule.h,1,0,1
/media/ullmann/HDDGabriel/engines/UnrealEngine/Engine/Source/ThirdParty/libOpus/opus-1.1/silk/arm/SigProc_FIX_armv4.h,1,0,1
/media/ullmann/HDDGabriel/engines/UnrealEngine/Engine/Source/Runtime/Landscape/Private/LandscapeSplineRaster.cpp,0,1,1
/media/ullmann/HDDGabriel/engines/UnrealEngine/Engine/Source/ThirdParty/ICU/icu4c-64_1/source/test/cintltst/cmsgtst.h,1,1,2
/media/ullmann/HDDGabriel/engines/UnrealEngine/Engine/Source/Developer/Windows/LiveCodingServer/Private/External/LC_Telemetry.h,5,0,5
/media/ullmann/HDDGabriel/engines/UnrealEngine/Engine/Source/Editor/Persona/Private/SMorphTargetViewer.h,2,0,2
/media/ullmann/HDDGabriel/engines/UnrealEngine/Engine/Source/ThirdParty/Alembic/alembic-1.8.2/maya/AbcImport/CameraHelper.h,3,0,3
/media/ullmann/HDDGabriel/engines/UnrealEngine/Engine/Source/Editor/Layers/Private/LayerCollectionViewModel.h,3,0,3
/media/ullmann/HDDGabriel/engines/UnrealEngine/Engine/Source/Editor/AnimGraph/Private/AnimBlueprintExtension_CachedPose.cpp,0,1,1
/media/ullmann/HDDGabriel/engines/UnrealEngine/Engine/Source/ThirdParty/OpenSubdiv/OpenSubdiv-3.4.4/regression/shapes/catmark_bishop.h,1,0,1
/media/ullmann/HDDGabriel/engines/UnrealEngine/Engine/Source/ThirdParty/ICU/icu4c-53_1/source/tools/ctestfw/datamap.cpp,0,1,1
/media/ullmann/HDDGabriel/engines/UnrealEngine/Engine/Source/ThirdParty/ICU/icu4c-53_1/source/tools/ctestfw/unicode/datamap.h,1,0,1
/media/ullmann/HDDGabriel/engines/UnrealEngine/Engine/Source/ThirdParty/openexr/openexr-3.1.1/src/examples/rgbaInterfaceTiledExamples.h,1,0,1
/media/ullmann/HDDGabriel/engines/UnrealEngine/Engine/Source/ThirdParty/ICU/icu4c-53_1/source/tools/toolutil/pkg_genc.h,1,1,2
/media/ullmann/HDDGabriel/engines/UnrealEngine/Engine/Source/ThirdParty/WebRTC/4147/Include/third_party/libvpx/source/libvpx/vpx/vpx_decoder.h,2,2,4
/media/ullmann/HDDGabriel/engines/UnrealEngine/Engine/Source/ThirdParty/WebRTC/4147/Include/third_party/libvpx/source/libvpx/vpx/vpx_codec.h,4,2,6
/media/ullmann/HDDGabriel/engines/UnrealEngine/Engine/Source/ThirdParty/ShaderConductor/ShaderConductor/External/DirectXShaderCompiler/include/llvm/DebugInfo/PDB/PDBSymDumper.h,0,1,1
/media/ullmann/HDDGabriel/engines/UnrealEngine/Engine/Source/Developer/SourceControl/Public/SourceControlHelpers.h,0,2,2
/media/ullmann/HDDGabriel/engines/UnrealEngine/Engine/Source/Developer/SourceControl/Public/ISourceControlRevision.h,1,1,2
/media/ullmann/HDDGabriel/engines/UnrealEngine/Engine/Source/Editor/Layers/Private/SLayerBrowser.cpp,0,2,2
/media/ullmann/HDDGabriel/engines/UnrealEngine/Engine/Source/Editor/Layers/Private/SLayerStats.h,1,1,2
/media/ullmann/HDDGabriel/engines/UnrealEngine/Engine/Source/Runtime/UMG/Private/SlateBlueprintLibrary.cpp,0,1,1
/media/ullmann/HDDGabriel/engines/UnrealEngine/Engine/Source/Runtime/Engine/Classes/Engine/UserInterfaceSettings.h,2,0,2
/media/ullmann/HDDGabriel/engines/UnrealEngine/Engine/Source/ThirdParty/Intel/ISPC/ispc-1.16.1/examples/xpu/sgemm/sgemm.hpp,3,0,3
/media/ullmann/HDDGabriel/engines/UnrealEngine/Engine/Source/ThirdParty/libOpus/opus-1.1/celt/arm/fixed_armv4.h,2,0,2
/media/ullmann/HDDGabriel/engines/UnrealEngine/Engine/Source/ThirdParty/libOpus/opus-1.1/silk/float/apply_sine_window_FLP.c,0,1,1
/media/ullmann/HDDGabriel/engines/UnrealEngine/Engine/Source/ThirdParty/ICU/icu4c-53_1/include/layout/loengine.h,0,1,1
/media/ullmann/HDDGabriel/engines/UnrealEngine/Engine/Source/ThirdParty/WebRTC/4147/Include/tools/traceline/traceline/rdtsc.h,0,1,1
/media/ullmann/HDDGabriel/engines/UnrealEngine/Engine/Source/ThirdParty/WebRTC/4147/Include/tools/traceline/traceline/logging.h,2,0,2
/media/ullmann/HDDGabriel/engines/UnrealEngine/Engine/Source/ThirdParty/libOpus/opus-1.3.1-12/src/opus_multistream_decoder.c,0,1,1
/media/ullmann/HDDGabriel/engines/UnrealEngine/Engine/Source/ThirdParty/Oculus/LibOVRPlatform/LibOVRPlatform/include/OVR_Functions_ApplicationLifecycle.h,1,1,2
/media/ullmann/HDDGabriel/engines/UnrealEngine/Engine/Source/ThirdParty/SDL2/SDL-gui-backend/src/video/x11/SDL_x11xfixes.c,0,5,5
/media/ullmann/HDDGabriel/engines/UnrealEngine/Engine/Source/ThirdParty/ShaderConductor/ShaderConductor/External/DirectXShaderCompiler/utils/TableGen/TableGenBackends.h,3,0,3
/media/ullmann/HDDGabriel/engines/UnrealEngine/Engine/Source/ThirdParty/EOSSDK/SDK/Include/eos_connect.h,1,1,2
/media/ullmann/HDDGabriel/engines/UnrealEngine/Engine/Source/ThirdParty/ShaderConductor/ShaderConductor/External/DirectXShaderCompiler/lib/CodeGen/LiveIntervalAnalysis.cpp,0,1,1
/media/ullmann/HDDGabriel/engines/UnrealEngine/Engine/Source/Programs/Enterprise/Datasmith/DatasmithSketchUpRubyExporter/Private/DatasmithSketchUpTexture.h,2,1,3
/media/ullmann/HDDGabriel/engines/UnrealEngine/Engine/Source/ThirdParty/libSampleRate/Private/src_linear.cpp,0,2,2
/media/ullmann/HDDGabriel/engines/UnrealEngine/Engine/Source/ThirdParty/libSampleRate/Private/src_config.h,4,1,5
/media/ullmann/HDDGabriel/engines/UnrealEngine/Engine/Source/ThirdParty/ICU/icu4c-64_1/source/i18n/esctrn.h,2,1,3
/media/ullmann/HDDGabriel/engines/UnrealEngine/Engine/Source/Editor/GameProjectGeneration/Private/SProjectDialog.h,3,0,3
/media/ullmann/HDDGabriel/engines/UnrealEngine/Engine/Source/ThirdParty/ShaderConductor/ShaderConductor/External/DirectXShaderCompiler/lib/CodeGen/AsmPrinter/DwarfCFIException.cpp,0,1,1
/media/ullmann/HDDGabriel/engines/UnrealEngine/Engine/Source/ThirdParty/Crunch/src/crnlib/crn_threading_null.h,1,1,2
/media/ullmann/HDDGabriel/engines/UnrealEngine/Engine/Source/Editor/AnimGraph/Public/AnimationStateGraph.h,0,1,1
/media/ullmann/HDDGabriel/engines/UnrealEngine/Engine/Source/ThirdParty/openexr/openexr-3.1.1/src/examples/generalInterfaceTiledExamples.cpp,0,2,2
/media/ullmann/HDDGabriel/engines/UnrealEngine/Engine/Source/ThirdParty/openexr/openexr-3.1.1/src/lib/OpenEXR/ImfIntAttribute.cpp,0,1,1
/media/ullmann/HDDGabriel/engines/UnrealEngine/Engine/Source/Runtime/Engine/Public/WorldPartition/WorldPartitionRuntimeSpatialHash.h,0,4,4
/media/ullmann/HDDGabriel/engines/UnrealEngine/Engine/Source/Runtime/Engine/Public/WorldPartition/WorldPartitionRuntimeSpatialHashCell.h,1,0,1
/media/ullmann/HDDGabriel/engines/UnrealEngine/Engine/Source/ThirdParty/Windows/PIX/include/PIXEvents.h,1,1,2
/media/ullmann/HDDGabriel/engines/UnrealEngine/Engine/Source/ThirdParty/Windows/PIX/include/PIXEventsCommon.h,2,0,2
/media/ullmann/HDDGabriel/engines/UnrealEngine/Engine/Source/Editor/GameProjectGeneration/Private/GameProjectUtils.cpp,0,3,3
/media/ullmann/HDDGabriel/engines/UnrealEngine/Engine/Source/ThirdParty/ICU/icu4c-64_1/source/i18n/collationruleparser.cpp,0,6,6
/media/ullmann/HDDGabriel/engines/UnrealEngine/Engine/Source/Runtime/Core/Public/Math/QuatRotationTranslationMatrix.h,3,0,3
/media/ullmann/HDDGabriel/engines/UnrealEngine/Engine/Source/Editor/BlueprintGraph/Private/BlueprintNodeSpawnerUtils.cpp,0,1,1
/media/ullmann/HDDGabriel/engines/UnrealEngine/Engine/Source/ThirdParty/OpenSubdiv/Deploy/OpenSubdiv-3.4.4/include/opensubdiv/osd/glComputeEvaluator.h,0,4,4
/media/ullmann/HDDGabriel/engines/UnrealEngine/Engine/Source/ThirdParty/OpenSubdiv/Deploy/OpenSubdiv-3.4.4/include/opensubdiv/osd/bufferDescriptor.h,4,1,5
/media/ullmann/HDDGabriel/engines/UnrealEngine/Engine/Source/ThirdParty/Python3/Linux/include/python3.9/pyarena.h,1,0,1
/media/ullmann/HDDGabriel/engines/UnrealEngine/Engine/Source/ThirdParty/Perforce/p4api-2021.2/Include/Mac/p4/strdict.h,1,0,1
/media/ullmann/HDDGabriel/engines/UnrealEngine/Engine/Source/ThirdParty/Android/libunwind/libunwind/src/elf32.c,0,2,2
/media/ullmann/HDDGabriel/engines/UnrealEngine/Engine/Source/Runtime/Online/BuildPatchServices/Private/Installer/DownloadConnectionCount.h,1,0,1
/media/ullmann/HDDGabriel/engines/UnrealEngine/Engine/Source/ThirdParty/PhysX3/PhysX_3.4/Source/GeomUtils/src/intersection/GuIntersectionRaySphere.cpp,0,2,2
/media/ullmann/HDDGabriel/engines/UnrealEngine/Engine/Source/Editor/PropertyEditor/Private/UserInterface/PropertyEditor/SPropertyEditorSet.h,1,0,1
/media/ullmann/HDDGabriel/engines/UnrealEngine/Engine/Source/Editor/Kismet/Private/BPDelegateDragDropAction.h,4,0,4
/media/ullmann/HDDGabriel/engines/UnrealEngine/Engine/Source/Programs/Enterprise/Datasmith/DatasmithMaxExporter/Private/DatasmithMaxCorona.cpp,0,1,1
/media/ullmann/HDDGabriel/engines/UnrealEngine/Engine/Source/Programs/Enterprise/Datasmith/DatasmithMaxExporter/Private/DatasmithMaxTexmapParser.h,3,0,3
/media/ullmann/HDDGabriel/engines/UnrealEngine/Engine/Source/ThirdParty/ICU/icu4c-64_1/source/i18n/unicode/selfmt.h,2,0,2
/media/ullmann/HDDGabriel/engines/UnrealEngine/Engine/Source/Runtime/Online/HTTPServer/Private/HttpServerConfig.h,3,0,3
/media/ullmann/HDDGabriel/engines/UnrealEngine/Engine/Source/ThirdParty/PhysX3/APEX_1.4/framework/include/MirrorSceneImpl.h,1,0,1
/media/ullmann/HDDGabriel/engines/UnrealEngine/Engine/Source/ThirdParty/ShaderConductor/ShaderConductor/External/DirectXShaderCompiler/tools/clang/lib/Driver/Driver.cpp,0,2,2
/media/ullmann/HDDGabriel/engines/UnrealEngine/Engine/Source/ThirdParty/ShaderConductor/ShaderConductor/External/DirectXShaderCompiler/tools/clang/lib/Driver/InputInfo.h,2,0,2
/media/ullmann/HDDGabriel/engines/UnrealEngine/Engine/Source/ThirdParty/libOpus/opus-1.0.3/silk/resampler_rom.h,2,2,4
/media/ullmann/HDDGabriel/engines/UnrealEngine/Engine/Source/ThirdParty/OpenSubdiv/Deploy/OpenSubdiv-3.4.4/include/opensubdiv/hbr/bilinear.h,0,2,2
/media/ullmann/HDDGabriel/engines/UnrealEngine/Engine/Source/Editor/LocalizationDashboard/Private/GatherTextDetailCustomizations.h,2,0,2
/media/ullmann/HDDGabriel/engines/UnrealEngine/Engine/Source/ThirdParty/ICU/icu4c-64_1/source/test/cintltst/cbiditst.h,2,0,2
/media/ullmann/HDDGabriel/engines/UnrealEngine/Engine/Source/Developer/ProjectLauncher/Private/Widgets/Cook/SProjectLauncherCookByTheBookSettings.cpp,0,1,1
/media/ullmann/HDDGabriel/engines/UnrealEngine/Engine/Source/Developer/ProjectLauncher/Private/Widgets/Cook/SProjectLauncherCookByTheBookSettings.h,1,0,1
/media/ullmann/HDDGabriel/engines/UnrealEngine/Engine/Source/Runtime/SlateCore/Public/Brushes/SlateRoundedBoxBrush.h,1,0,1
/media/ullmann/HDDGabriel/engines/UnrealEngine/Engine/Source/Runtime/Engine/Private/Streaming/Texture2DStreamIn_IO_Virtual.h,1,1,2
/media/ullmann/HDDGabriel/engines/UnrealEngine/Engine/Source/Editor/AssetTagsEditor/Public/SAssetTagItem.h,0,1,1
/media/ullmann/HDDGabriel/engines/UnrealEngine/Engine/Source/Editor/AssetTagsEditor/Public/AssetTagItemTypes.h,1,0,1
/media/ullmann/HDDGabriel/engines/UnrealEngine/Engine/Source/Runtime/Core/Public/Misc/OutputDeviceArchiveWrapper.h,1,0,1
/media/ullmann/HDDGabriel/engines/UnrealEngine/Engine/Source/Editor/AnimGraph/Public/AnimGraphNode_CurveSource.h,0,1,1
/media/ullmann/HDDGabriel/engines/UnrealEngine/Engine/Source/ThirdParty/FreeImage/FreeImage-3.18.0/Source/LibTIFF4/tif_flush.c,0,1,1
/media/ullmann/HDDGabriel/engines/UnrealEngine/Engine/Source/ThirdParty/FreeType2/FreeType2-2.6/Src/pcf/pcfread.c,1,3,4
/media/ullmann/HDDGabriel/engines/UnrealEngine/Engine/Source/ThirdParty/FreeType2/FreeType2-2.6/Src/pcf/pcf.h,2,0,2
/media/ullmann/HDDGabriel/engines/UnrealEngine/Engine/Source/Editor/ClothPainter/Private/ClothPaintToolCommands.cpp,0,1,1
/media/ullmann/HDDGabriel/engines/UnrealEngine/Engine/Source/Editor/ClothPainter/Private/ClothPaintToolCommands.h,3,0,3
/media/ullmann/HDDGabriel/engines/UnrealEngine/Engine/Source/ThirdParty/PhysX3/NvCloth/samples/SampleBase/renderer/DebugRenderBuffer.h,0,1,1
/media/ullmann/HDDGabriel/engines/UnrealEngine/Engine/Source/ThirdParty/ShaderConductor/ShaderConductor/External/DirectXShaderCompiler/lib/IR/InlineAsm.cpp,0,2,2
/media/ullmann/HDDGabriel/engines/UnrealEngine/Engine/Source/ThirdParty/ShaderConductor/ShaderConductor/External/DirectXShaderCompiler/lib/IR/ConstantsContext.h,3,0,3
/media/ullmann/HDDGabriel/engines/UnrealEngine/Engine/Source/Runtime/Windows/WindowsPlatformFeatures/Private/WindowsVideoRecordingSystem.cpp,0,2,2
/media/ullmann/HDDGabriel/engines/UnrealEngine/Engine/Source/Runtime/Engine/Classes/Engine/SkeletalMeshSampling.h,1,0,1
/media/ullmann/HDDGabriel/engines/UnrealEngine/Engine/Source/ThirdParty/Steamworks/Steamv151/sdk/public/steam/isteamgamecoordinator.h,0,1,1
/media/ullmann/HDDGabriel/engines/UnrealEngine/Engine/Source/Editor/Layers/Private/SLayersViewRow.cpp,0,1,1
/media/ullmann/HDDGabriel/engines/UnrealEngine/Engine/Source/ThirdParty/PhysX3/PhysX_3.4/Source/LowLevelAABB/src/BpBroadPhaseSapAux.cpp,0,1,1
/media/ullmann/HDDGabriel/engines/UnrealEngine/Engine/Source/ThirdParty/glslang/glslang/src/glslang_lib/SPIRV/SpvBuilder.cpp,0,2,2
/media/ullmann/HDDGabriel/engines/UnrealEngine/Engine/Source/ThirdParty/glslang/glslang/src/glslang_lib/SPIRV/hex_float.h,1,1,2
/media/ullmann/HDDGabriel/engines/UnrealEngine/Engine/Source/Runtime/UMG/Public/Components/PanelSlot.h,1,0,1
/media/ullmann/HDDGabriel/engines/UnrealEngine/Engine/Source/ThirdParty/Intel/Embree/Embree2140/src/kernels/common/hit.h,1,1,2
/media/ullmann/HDDGabriel/engines/UnrealEngine/Engine/Source/ThirdParty/SDL2/SDL-gui-backend/src/misc/windows/SDL_sysurl.c,0,2,2
/media/ullmann/HDDGabriel/engines/UnrealEngine/Engine/Source/Developer/TraceInsights/Private/Insights/TaskGraphProfiler/ViewModels/TaskGraphRelation.cpp,0,1,1
/media/ullmann/HDDGabriel/engines/UnrealEngine/Engine/Source/Developer/TraceInsights/Private/Insights/TaskGraphProfiler/ViewModels/TaskGraphRelation.h,1,0,1
/media/ullmann/HDDGabriel/engines/UnrealEngine/Engine/Source/ThirdParty/HarfBuzz/harfbuzz-2.4.0/src/hb-ot-math.cc,0,3,3
/media/ullmann/HDDGabriel/engines/UnrealEngine/Engine/Source/Runtime/Core/Public/Templates/IsValidVariadicFunctionArg.h,0,1,1
/media/ullmann/HDDGabriel/engines/UnrealEngine/Engine/Source/Runtime/Core/Public/Templates/IsEnum.h,1,0,1
/media/ullmann/HDDGabriel/engines/UnrealEngine/Engine/Source/Runtime/SlateRHIRenderer/Private/Slate3DRenderer.h,2,2,4
/media/ullmann/HDDGabriel/engines/UnrealEngine/Engine/Source/Runtime/Json/Public/JsonGlobals.h,1,0,1
/media/ullmann/HDDGabriel/engines/UnrealEngine/Engine/Source/ThirdParty/HarfBuzz/harfbuzz-1.2.4/src/hb-ot-shape.h,1,1,2
/media/ullmann/HDDGabriel/engines/UnrealEngine/Engine/Source/ThirdParty/HarfBuzz/harfbuzz-1.2.4/src/hb-ot-shape-complex-use-machine.hh,1,0,1
/media/ullmann/HDDGabriel/engines/UnrealEngine/Engine/Source/ThirdParty/mtlpp/mtlpp-master-7efad47/interpose/MTITrace.hpp,1,0,1
/media/ullmann/HDDGabriel/engines/UnrealEngine/Engine/Source/Runtime/CoreUObject/Public/UObject/SoftObjectPtr.h,1,0,1
/media/ullmann/HDDGabriel/engines/UnrealEngine/Engine/Source/ThirdParty/ICU/icu4c-64_1/source/common/uhash_us.cpp,0,1,1
/media/ullmann/HDDGabriel/engines/UnrealEngine/Engine/Source/ThirdParty/libOpus/opus-1.0.3/silk/float/scale_vector_FLP.c,0,1,1
/media/ullmann/HDDGabriel/engines/UnrealEngine/Engine/Source/ThirdParty/Windows/DirectX/Include/xnamathmatrix.inl,1,0,1
/media/ullmann/HDDGabriel/engines/UnrealEngine/Engine/Source/Runtime/Core/Public/Templates/PointerIsConvertibleFromTo.h,3,0,3
/media/ullmann/HDDGabriel/engines/UnrealEngine/Engine/Source/ThirdParty/Oculus/LibOVRPlatform/LibOVRPlatform/include/OVR_UserAndRoomArray.h,3,2,5
/media/ullmann/HDDGabriel/engines/UnrealEngine/Engine/Source/ThirdParty/Perforce/p4api-2021.2/Include/Win64/VS2015/p4/filesys.h,1,0,1
/media/ullmann/HDDGabriel/engines/UnrealEngine/Engine/Source/Runtime/Engine/Classes/Animation/AnimNotifies/AnimNotify_ResetClothingSimulation.h,0,1,1
/media/ullmann/HDDGabriel/engines/UnrealEngine/Engine/Source/ThirdParty/Imath/Imath-3.1.3/src/Imath/ImathGLU.h,0,1,1
/media/ullmann/HDDGabriel/engines/UnrealEngine/Engine/Source/ThirdParty/PhysX3/APEX_1.4/module/framework_legacy/include/autogen/BufferF32x3_0p0.h,1,0,1
/media/ullmann/HDDGabriel/engines/UnrealEngine/Engine/Source/Runtime/MovieScene/Public/Evaluation/MovieSceneAnimTypeID.h,2,0,2
/media/ullmann/HDDGabriel/engines/UnrealEngine/Engine/Source/Developer/TraceServices/Private/Analyzers/NetTraceAnalyzer.cpp,0,1,1
/media/ullmann/HDDGabriel/engines/UnrealEngine/Engine/Source/Developer/TraceServices/Private/Analyzers/NetTraceAnalyzer.h,1,0,1
/media/ullmann/HDDGabriel/engines/UnrealEngine/Engine/Source/ThirdParty/FreeType2/FreeType2-2.10.4/src/gxvalid/gxvlcar.c,1,2,3
/media/ullmann/HDDGabriel/engines/UnrealEngine/Engine/Source/ThirdParty/Intel/Embree/Embree3122/Linux/x86_64-unknown-linux-gnu/include/embree3/rtcore_scene.h,2,1,3
/media/ullmann/HDDGabriel/engines/UnrealEngine/Engine/Source/ThirdParty/ICU/icu4c-53_1/source/samples/layout/GDIFontMap.h,3,3,6
/media/ullmann/HDDGabriel/engines/UnrealEngine/Engine/Source/ThirdParty/Intel/MetricsDiscovery/MetricsDiscoveryHelper/samples/range_sample_dx11/imgui/stb_truetype.h,1,0,1
/media/ullmann/HDDGabriel/engines/UnrealEngine/Engine/Source/ThirdParty/OpenVDB/openvdb-8.1.0/openvdb/openvdb/python/pyPointGrid.cc,0,1,1
/media/ullmann/HDDGabriel/engines/UnrealEngine/Engine/Source/ThirdParty/ICU/icu4c-64_1/source/common/utf_impl.cpp,0,4,4
/media/ullmann/HDDGabriel/engines/UnrealEngine/Engine/Source/Editor/Persona/Private/SAnimCompositeEditor.cpp,0,2,2
/media/ullmann/HDDGabriel/engines/UnrealEngine/Engine/Source/ThirdParty/ShaderConductor/ShaderConductor/External/SPIRV-Tools/source/opt/upgrade_memory_model.cpp,0,1,1
/media/ullmann/HDDGabriel/engines/UnrealEngine/Engine/Source/ThirdParty/ShaderConductor/ShaderConductor/External/SPIRV-Tools/source/opt/upgrade_memory_model.h,1,1,2
/media/ullmann/HDDGabriel/engines/UnrealEngine/Engine/Source/ThirdParty/ShaderConductor/ShaderConductor/External/DirectXShaderCompiler/include/llvm/DebugInfo/PDB/DIA/DIAEnumDebugStreams.h,0,1,1
/media/ullmann/HDDGabriel/engines/UnrealEngine/Engine/Source/ThirdParty/ICU/icu4c-64_1/source/samples/layout/GnomeGUISupport.cpp,0,1,1
/media/ullmann/HDDGabriel/engines/UnrealEngine/Engine/Source/ThirdParty/libstrophe/libstrophe-0.9.3/src/tls_schannel.c,0,3,3
/media/ullmann/HDDGabriel/engines/UnrealEngine/Engine/Source/ThirdParty/zlib/zlib-1.2.5/Src/gzlib.c,0,1,1
/media/ullmann/HDDGabriel/engines/UnrealEngine/Engine/Source/ThirdParty/zlib/zlib-1.2.5/Src/gzguts.h,4,1,5
/media/ullmann/HDDGabriel/engines/UnrealEngine/Engine/Source/ThirdParty/ICU/icu4c-53_1/source/test/cintltst/bocu1tst.c,0,1,1
/media/ullmann/HDDGabriel/engines/UnrealEngine/Engine/Source/ThirdParty/libstrophe/libstrophe-0.9.3/tests/test_string.c,0,1,1
/media/ullmann/HDDGabriel/engines/UnrealEngine/Engine/Source/ThirdParty/mtlpp/mtlpp-master-7efad47/examples/01_clear.cpp,0,1,1
/media/ullmann/HDDGabriel/engines/UnrealEngine/Engine/Source/ThirdParty/ShaderConductor/ShaderConductor/External/DirectXShaderCompiler/lib/ExecutionEngine/RuntimeDyld/RuntimeDyldCOFF.cpp,0,2,2
/media/ullmann/HDDGabriel/engines/UnrealEngine/Engine/Source/ThirdParty/OpenVDB/openvdb-8.1.0/openvdb_ax/openvdb_ax/compiler/Logger.h,7,1,8
/media/ullmann/HDDGabriel/engines/UnrealEngine/Engine/Source/Developer/Windows/LiveCodingServer/Private/LiveCodingServer.h,2,0,2
/media/ullmann/HDDGabriel/engines/UnrealEngine/Engine/Source/Runtime/WebBrowser/Private/MobileJS/MobileJSStructDeserializerBackend.cpp,0,2,2
/media/ullmann/HDDGabriel/engines/UnrealEngine/Engine/Source/ThirdParty/Intel/TBB/IntelTBB-2019u8/examples/parallel_for/tachyon/msvs/win8ui/DirectXPage.xaml.cpp,0,2,2
/media/ullmann/HDDGabriel/engines/UnrealEngine/Engine/Source/ThirdParty/WebRTC/4147/Include/third_party/libvpx/source/libvpx/ivfenc.h,0,2,2
/media/ullmann/HDDGabriel/engines/UnrealEngine/Engine/Source/ThirdParty/OpenVDB/openvdb-8.1.0/openvdb_ax/openvdb_ax/codegen/String.h,2,0,2
/media/ullmann/HDDGabriel/engines/UnrealEngine/Engine/Source/ThirdParty/Android/libunwind/libunwind/src/mips/Ginit_local.c,1,2,3
/media/ullmann/HDDGabriel/engines/UnrealEngine/Engine/Source/ThirdParty/ICU/icu4c-64_1/source/io/uprntf_p.cpp,0,2,2
/media/ullmann/HDDGabriel/engines/UnrealEngine/Engine/Source/ThirdParty/PhysX3/APEX_1.4/shared/general/meshimport/include/utils/MiStringTable.h,1,1,2
/media/ullmann/HDDGabriel/engines/UnrealEngine/Engine/Source/ThirdParty/Alembic/alembic-1.8.2/python/PyAlembic/PyBasis.cpp,0,1,1
/media/ullmann/HDDGabriel/engines/UnrealEngine/Engine/Source/Runtime/Slate/Public/Widgets/Input/SSlider.h,2,0,2
/media/ullmann/HDDGabriel/engines/UnrealEngine/Engine/Source/ThirdParty/FreeImage/FreeImage-3.18.0/Source/LibOpenJPEG/image.h,1,0,1
/media/ullmann/HDDGabriel/engines/UnrealEngine/Engine/Source/ThirdParty/libOpus/opus-1.0.3/silk/decode_parameters.c,0,1,1
/media/ullmann/HDDGabriel/engines/UnrealEngine/Engine/Source/Runtime/Landscape/Private/LandscapeCollision.cpp,0,1,1
/media/ullmann/HDDGabriel/engines/UnrealEngine/Engine/Source/ThirdParty/openexr/openexr-3.1.1/src/lib/OpenEXR/ImfKeyCodeAttribute.cpp,0,1,1
/media/ullmann/HDDGabriel/engines/UnrealEngine/Engine/Source/ThirdParty/Intel/TBB/IntelTBB-2019u8/src/test/test_partitioner_whitebox.cpp,0,2,2
/media/ullmann/HDDGabriel/engines/UnrealEngine/Engine/Source/ThirdParty/MCPP/mcpp-2.7.2/test-l/l_37_3.c,0,1,1
/media/ullmann/HDDGabriel/engines/UnrealEngine/Engine/Source/ThirdParty/MCPP/mcpp-2.7.2/test-l/defs.h,3,0,3
/media/ullmann/HDDGabriel/engines/UnrealEngine/Engine/Source/ThirdParty/ICU/icu4c-64_1/source/test/cintltst/encoll.c,0,4,4
/media/ullmann/HDDGabriel/engines/UnrealEngine/Engine/Source/Editor/MovieSceneTools/Private/TrackEditors/PropertyTrackEditors/DoublePropertyTrackEditor.h,1,0,1
/media/ullmann/HDDGabriel/engines/UnrealEngine/Engine/Source/Developer/MeshSimplifier/Private/QuadricMeshReduction.cpp,0,2,2
/media/ullmann/HDDGabriel/engines/UnrealEngine/Engine/Source/Runtime/CoreUObject/Public/UObject/UObjectAnnotation.h,1,0,1
/media/ullmann/HDDGabriel/engines/UnrealEngine/Engine/Source/ThirdParty/openexr/openexr-3.1.1/src/test/OpenEXRTest/compareFloat.cpp,0,1,1
/media/ullmann/HDDGabriel/engines/UnrealEngine/Engine/Source/Runtime/Slate/Public/Widgets/Input/SExpandableButton.h,1,0,1
/media/ullmann/HDDGabriel/engines/UnrealEngine/Engine/Source/ThirdParty/FreeImage/FreeImage-3.18.0/Source/FreeImage/PluginRAW.cpp,0,2,2
/media/ullmann/HDDGabriel/engines/UnrealEngine/Engine/Source/ThirdParty/Intel/Embree/Embree270/src/kernels/common/state.h,3,1,4
/media/ullmann/HDDGabriel/engines/UnrealEngine/Engine/Source/ThirdParty/ICU/icu4c-53_1/source/test/intltest/tfsmalls.cpp,0,2,2
/media/ullmann/HDDGabriel/engines/UnrealEngine/Engine/Source/ThirdParty/ICU/icu4c-64_1/source/common/ulayout_props.h,1,1,2
/media/ullmann/HDDGabriel/engines/UnrealEngine/Engine/Source/ThirdParty/Intel/ISPC/ispc-1.16.1/ispcrt/detail/MemoryView.h,2,1,3
/media/ullmann/HDDGabriel/engines/UnrealEngine/Engine/Source/Developer/TaskGraph/Private/SProfileVisualizer.cpp,0,2,2
/media/ullmann/HDDGabriel/engines/UnrealEngine/Engine/Source/ThirdParty/FreeType2/FreeType2-2.10.4/src/cid/cidtoken.h,1,0,1
/media/ullmann/HDDGabriel/engines/UnrealEngine/Engine/Source/Runtime/Core/Public/Misc/CoreDefines.h,2,0,2
/media/ullmann/HDDGabriel/engines/UnrealEngine/Engine/Source/Runtime/Datasmith/DirectLink/Private/DirectLinkScenePipe.cpp,0,2,2
/media/ullmann/HDDGabriel/engines/UnrealEngine/Engine/Source/ThirdParty/Crunch/src/crnlib/lzma_7zCrc.cpp,0,2,2
/media/ullmann/HDDGabriel/engines/UnrealEngine/Engine/Source/ThirdParty/Crunch/src/crnlib/lzma_7zCrc.h,1,1,2
/media/ullmann/HDDGabriel/engines/UnrealEngine/Engine/Source/Developer/TraceInsights/Private/Insights/ViewModels/LogMessage.cpp,0,1,1
/media/ullmann/HDDGabriel/engines/UnrealEngine/Engine/Source/Developer/TraceInsights/Private/Insights/ViewModels/LogMessage.h,1,0,1
/media/ullmann/HDDGabriel/engines/UnrealEngine/Engine/Source/Runtime/RHI/Public/RHIValidationTransientResourceAllocator.h,0,1,1
/media/ullmann/HDDGabriel/engines/UnrealEngine/Engine/Source/Runtime/RHI/Public/RHITransientResourceAllocator.h,1,2,3
/media/ullmann/HDDGabriel/engines/UnrealEngine/Engine/Source/Runtime/AVEncoder/Private/Decoders/vdecmpeg4/M4Image.h,5,2,7
/media/ullmann/HDDGabriel/engines/UnrealEngine/Engine/Source/ThirdParty/FreeImage/FreeImage-3.18.0/Source/OpenEXR/IlmImf/ImfTileOffsets.cpp,0,4,4
/media/ullmann/HDDGabriel/engines/UnrealEngine/Engine/Source/ThirdParty/ShaderConductor/ShaderConductor/External/DirectXShaderCompiler/lib/DxilPIXPasses/DxilDebugInstrumentation.cpp,0,1,1
/media/ullmann/HDDGabriel/engines/UnrealEngine/Engine/Source/ThirdParty/PhysX3/APEX_1.4/include/nvparameterized/NvParamUtils.h,0,2,2
/media/ullmann/HDDGabriel/engines/UnrealEngine/Engine/Source/Developer/TraceInsights/Private/Insights/ViewModels/TimingGraphTrack.cpp,0,1,1
/media/ullmann/HDDGabriel/engines/UnrealEngine/Engine/Source/Developer/TraceInsights/Private/Insights/ViewModels/TimingGraphTrack.h,1,0,1
/media/ullmann/HDDGabriel/engines/UnrealEngine/Engine/Source/ThirdParty/Intel/ISPC/ispc-1.17.0/src/llvmutil.cpp,0,2,2
/media/ullmann/HDDGabriel/engines/UnrealEngine/Engine/Source/Runtime/Engine/Private/Streaming/TextureMipAllocator.h,6,0,6
/media/ullmann/HDDGabriel/engines/UnrealEngine/Engine/Source/ThirdParty/MCPP/mcpp-2.7.2/cpp-test/test-l/nest113.h,1,1,2
/media/ullmann/HDDGabriel/engines/UnrealEngine/Engine/Source/ThirdParty/PhysX3/NvCloth/src/cuda/CuClothClone.cpp,0,3,3
/media/ullmann/HDDGabriel/engines/UnrealEngine/Engine/Source/Editor/FoliageEdit/Private/FoliageEdModeToolkit.h,2,0,2
/media/ullmann/HDDGabriel/engines/UnrealEngine/Engine/Source/Editor/InputBindingEditor/Public/InputBindingEditor.h,0,1,1
/media/ullmann/HDDGabriel/engines/UnrealEngine/Engine/Source/Editor/InputBindingEditor/Public/Interfaces/IInputBindingEditorModule.h,1,0,1
/media/ullmann/HDDGabriel/engines/UnrealEngine/Engine/Source/ThirdParty/ICU/icu4c-64_1/source/test/iotest/iotest.cpp,0,1,1
/media/ullmann/HDDGabriel/engines/UnrealEngine/Engine/Source/Runtime/Networking/Public/Interfaces/IPv4/IPv4SubnetMask.h,1,0,1
/media/ullmann/HDDGabriel/engines/UnrealEngine/Engine/Source/Editor/Persona/Private/SAnimSegmentsPanel.h,3,2,5
/media/ullmann/HDDGabriel/engines/UnrealEngine/Engine/Source/ThirdParty/ICU/icu4c-64_1/source/test/intltest/itrbnfrt.h,2,1,3
/media/ullmann/HDDGabriel/engines/UnrealEngine/Engine/Source/Editor/AnimationBlueprintEditor/Public/IAnimationBlueprintEditorModule.h,0,1,1
/media/ullmann/HDDGabriel/engines/UnrealEngine/Engine/Source/Editor/AnimationBlueprintEditor/Public/IAnimationBlueprintEditor.h,1,0,1
/media/ullmann/HDDGabriel/engines/UnrealEngine/Engine/Source/ThirdParty/PhysX3/NvCloth/src/sse2/SwCollisionHelpers.h,1,0,1
/media/ullmann/HDDGabriel/engines/UnrealEngine/Engine/Source/Editor/UnrealEd/Public/Toolkits/SimpleAssetEditor.h,0,1,1
/media/ullmann/HDDGabriel/engines/UnrealEngine/Engine/Source/ThirdParty/Perforce/p4api-2018.1/Include/Mac/p4/stdhdrs.h,1,0,1
/media/ullmann/HDDGabriel/engines/UnrealEngine/Engine/Source/ThirdParty/Expat/expat-2.2.10/xmlwf/unixfilemap.c,0,2,2
/media/ullmann/HDDGabriel/engines/UnrealEngine/Engine/Source/Runtime/Slate/Public/Widgets/Layout/SBox.h,3,0,3
/media/ullmann/HDDGabriel/engines/UnrealEngine/Engine/Source/ThirdParty/Perforce/P4Api.Net/p4bridge/dllmain.cpp,0,1,1
/media/ullmann/HDDGabriel/engines/UnrealEngine/Engine/Source/ThirdParty/FreeType2/FreeType2-2.6/Src/otvalid/otvgpos.c,1,3,4
/media/ullmann/HDDGabriel/engines/UnrealEngine/Engine/Source/ThirdParty/PhysX3/APEX_1.4/module/clothing_legacy/include/autogen/ClothingPhysicalMeshParameters_0p5.h,1,0,1
/media/ullmann/HDDGabriel/engines/UnrealEngine/Engine/Source/ThirdParty/Vulkan/Include/vulkan/vulkan_xlib.h,1,0,1
/media/ullmann/HDDGabriel/engines/UnrealEngine/Engine/Source/ThirdParty/ShaderConductor/ShaderConductor/External/DirectXShaderCompiler/utils/TableGen/DAGISelEmitter.cpp,0,2,2
/media/ullmann/HDDGabriel/engines/UnrealEngine/Engine/Source/ThirdParty/PhysX3/NvCloth/samples/SampleBase/renderer/PrimitiveRenderMesh.cpp,0,2,2
/media/ullmann/HDDGabriel/engines/UnrealEngine/Engine/Source/ThirdParty/Android/libunwind/libunwind/src/mips/regname.c,0,1,1
/media/ullmann/HDDGabriel/engines/UnrealEngine/Engine/Source/ThirdParty/EOSSDK/SDK/Bin/IOS/EOSSDK.framework/Headers/eos_userinfo.h,0,1,1
/media/ullmann/HDDGabriel/engines/UnrealEngine/Engine/Source/ThirdParty/Boost/boost-1_70_0/include/boost/histogram/storage_adaptor.hpp,0,1,1
/media/ullmann/HDDGabriel/engines/UnrealEngine/Engine/Source/ThirdParty/WebRTC/4147/Include/tools/clang/blink_gc_plugin/tests/class_does_not_require_finalization.h,0,1,1
/media/ullmann/HDDGabriel/engines/UnrealEngine/Engine/Source/ThirdParty/Intel/Embree/Embree270/src/common/simd/sse_special.h,1,0,1
/media/ullmann/HDDGabriel/engines/UnrealEngine/Engine/Source/ThirdParty/nvTextureTools/nvTextureTools-2.0.8/src/src/nvtt/nvtt_wrapper.h,1,0,1
/media/ullmann/HDDGabriel/engines/UnrealEngine/Engine/Source/ThirdParty/OpenVDB/openvdb-8.1.0/openvdb/openvdb/tools/Activate.h,1,0,1
/media/ullmann/HDDGabriel/engines/UnrealEngine/Engine/Source/ThirdParty/OpenSubdiv/OpenSubdiv-3.4.4/opensubdiv/osd/patchBasisCommonTypes.h,3,0,3
/media/ullmann/HDDGabriel/engines/UnrealEngine/Engine/Source/ThirdParty/PhysX3/APEX_1.4/module/clothing_legacy/include/autogen/ClothingActorParam_0p15.h,1,0,1
/media/ullmann/HDDGabriel/engines/UnrealEngine/Engine/Source/ThirdParty/openexr/openexr-3.1.1/src/test/OpenEXRTest/testFutureProofing.cpp,0,5,5
/media/ullmann/HDDGabriel/engines/UnrealEngine/Engine/Source/ThirdParty/HarfBuzz/harfbuzz-2.4.0/src/hb-ot-shape-complex-hebrew.cc,0,1,1
/media/ullmann/HDDGabriel/engines/UnrealEngine/Engine/Source/Runtime/UMG/Public/Components/OverlaySlot.h,1,0,1
/media/ullmann/HDDGabriel/engines/UnrealEngine/Engine/Source/ThirdParty/SDL2/SDL-gui-backend/src/SDL_log.c,0,2,2
/media/ullmann/HDDGabriel/engines/UnrealEngine/Engine/Source/ThirdParty/ICU/icu4c-64_1/source/test/intltest/itrbnfrt.cpp,0,1,1
/media/ullmann/HDDGabriel/engines/UnrealEngine/Engine/Source/ThirdParty/WebRTC/4147/Include/sdk/objc/native/src/audio/voice_processing_audio_unit.h,1,0,1
/media/ullmann/HDDGabriel/engines/UnrealEngine/Engine/Source/ThirdParty/openexr/openexr-3.1.1/src/bin/exrmaketiled/main.cpp,0,2,2
/media/ullmann/HDDGabriel/engines/UnrealEngine/Engine/Source/ThirdParty/ICU/icu4c-64_1/source/i18n/nultrans.cpp,0,1,1
/media/ullmann/HDDGabriel/engines/UnrealEngine/Engine/Source/ThirdParty/MCPP/mcpp-2.7.2/test-c/unspcs.c,0,1,1
/media/ullmann/HDDGabriel/engines/UnrealEngine/Engine/Source/ThirdParty/ShaderConductor/ShaderConductor/External/DirectXShaderCompiler/lib/DxilPIXPasses/DxilAddPixelHitInstrumentation.cpp,0,1,1
/media/ullmann/HDDGabriel/engines/UnrealEngine/Engine/Source/ThirdParty/ICU/icu4c-64_1/source/test/intltest/erarulestest.h,2,1,3
/media/ullmann/HDDGabriel/engines/UnrealEngine/Engine/Source/ThirdParty/OpenSubdiv/OpenSubdiv-3.4.4/regression/shapes/catmark_pyramid_creases0.h,2,0,2
/media/ullmann/HDDGabriel/engines/UnrealEngine/Engine/Source/Editor/Sequencer/Private/SSequencerPlayRateCombo.h,2,0,2
/media/ullmann/HDDGabriel/engines/UnrealEngine/Engine/Source/ThirdParty/Steamworks/Steamv146/sdk/public/steam/isteamgameserver.h,1,1,2
/media/ullmann/HDDGabriel/engines/UnrealEngine/Engine/Source/Editor/BlueprintGraph/Classes/K2Node_MathExpression.h,0,1,1
/media/ullmann/HDDGabriel/engines/UnrealEngine/Engine/Source/ThirdParty/ICU/icu4c-53_1/source/common/unicode/umisc.h,1,0,1
/media/ullmann/HDDGabriel/engines/UnrealEngine/Engine/Source/Developer/Windows/LiveCoding/Private/External/LC_Atomic_Windows.cpp,0,2,2
/media/ullmann/HDDGabriel/engines/UnrealEngine/Engine/Source/Developer/Windows/LiveCoding/Private/External/LC_Foundation_Windows.h,1,0,1
/media/ullmann/HDDGabriel/engines/UnrealEngine/Engine/Source/Editor/AnimationBlueprintEditor/Private/BlendSpaceDocumentTabFactory.h,2,0,2
/media/ullmann/HDDGabriel/engines/UnrealEngine/Engine/Source/ThirdParty/openexr/openexr-3.1.1/src/lib/OpenEXRCore/coding.c,0,1,1
/media/ullmann/HDDGabriel/engines/UnrealEngine/Engine/Source/ThirdParty/ICU/icu4c-53_1/source/layout/GXLayoutEngine2.h,2,3,5
/media/ullmann/HDDGabriel/engines/UnrealEngine/Engine/Source/ThirdParty/FreeType2/FreeType2-2.10.4/src/pcf/pcfread.c,1,3,4
/media/ullmann/HDDGabriel/engines/UnrealEngine/Engine/Source/Runtime/Slate/Public/Framework/Application/NavigationConfig.h,2,0,2
/media/ullmann/HDDGabriel/engines/UnrealEngine/Engine/Source/ThirdParty/Android/libunwind/libunwind/src/sh/Lglobal.c,0,1,1
/media/ullmann/HDDGabriel/engines/UnrealEngine/Engine/Source/ThirdParty/Android/libunwind/libunwind/src/sh/Gglobal.c,1,1,2
/media/ullmann/HDDGabriel/engines/UnrealEngine/Engine/Source/Runtime/SlateCore/Public/Textures/SlateTextureData.h,1,0,1
/media/ullmann/HDDGabriel/engines/UnrealEngine/Engine/Source/ThirdParty/PhysX3/APEX_1.4/module/destructible_legacy/include/autogen/DestructibleActorParam_0p30.h,1,0,1
/media/ullmann/HDDGabriel/engines/UnrealEngine/Engine/Source/ThirdParty/FreeType2/FreeType2-2.10.0/src/psaux/psconv.h,3,0,3
/media/ullmann/HDDGabriel/engines/UnrealEngine/Engine/Source/Runtime/SlateCore/Public/Widgets/SWidget.h,1,1,2
/media/ullmann/HDDGabriel/engines/UnrealEngine/Engine/Source/ThirdParty/FreeType2/FreeType2-2.10.0/src/pfr/pfrload.c,1,2,3
/media/ullmann/HDDGabriel/engines/UnrealEngine/Engine/Source/ThirdParty/SDL2/SDL-gui-backend/src/video/SDL_stretch.c,0,2,2
/media/ullmann/HDDGabriel/engines/UnrealEngine/Engine/Source/ThirdParty/Vulkan/Include/vulkan/vulkan_core.h,1,1,2
/media/ullmann/HDDGabriel/engines/UnrealEngine/Engine/Source/ThirdParty/PhysX3/PhysX_3.4/Source/LowLevelDynamics/src/DyArticulationFnsSimd.h,3,1,4
/media/ullmann/HDDGabriel/engines/UnrealEngine/Engine/Source/ThirdParty/libOpus/opus-1.1/tests/test_opus_decode.c,0,1,1
/media/ullmann/HDDGabriel/engines/UnrealEngine/Engine/Source/ThirdParty/CryptoPP/5.6.2/include/base32.cpp,0,2,2
/media/ullmann/HDDGabriel/engines/UnrealEngine/Engine/Source/ThirdParty/CryptoPP/5.6.5/include/ttmac.h,3,3,6
/media/ullmann/HDDGabriel/engines/UnrealEngine/Engine/Source/ThirdParty/FreeType2/FreeType2-2.10.0/src/autofit/afindic.h,2,1,3
/media/ullmann/HDDGabriel/engines/UnrealEngine/Engine/Source/Editor/AnimGraph/Public/AnimGraphNode_BlendSpacePlayer.h,0,1,1
/media/ullmann/HDDGabriel/engines/UnrealEngine/Engine/Source/ThirdParty/SDL2/SDL-gui-backend/src/render/software/SDL_drawpoint.c,0,3,3
/media/ullmann/HDDGabriel/engines/UnrealEngine/Engine/Source/Runtime/Online/XMPP/Private/XmppTests.cpp,0,2,2
/media/ullmann/HDDGabriel/engines/UnrealEngine/Engine/Source/Runtime/Online/XMPP/Private/XmppLog.h,3,0,3
/media/ullmann/HDDGabriel/engines/UnrealEngine/Engine/Source/ThirdParty/PhysX3/PhysX_3.4/Source/GeomUtils/src/intersection/GuIntersectionRayBoxSIMD.h,1,0,1
/media/ullmann/HDDGabriel/engines/UnrealEngine/Engine/Source/ThirdParty/CryptoPP/5.6.2/include/bench.h,3,1,4
/media/ullmann/HDDGabriel/engines/UnrealEngine/Engine/Source/ThirdParty/ICU/icu4c-53_1/source/tools/toolutil/collationinfo.cpp,0,1,1
/media/ullmann/HDDGabriel/engines/UnrealEngine/Engine/Source/ThirdParty/ICU/icu4c-53_1/source/tools/toolutil/collationinfo.h,1,0,1
/media/ullmann/HDDGabriel/engines/UnrealEngine/Engine/Source/ThirdParty/FreeType2/FreeType2-2.10.4/src/psaux/t1decode.c,1,3,4
/media/ullmann/HDDGabriel/engines/UnrealEngine/Engine/Source/ThirdParty/SDL2/SDL-gui-backend/src/thread/windows/SDL_syscond_cv.c,0,3,3
/media/ullmann/HDDGabriel/engines/UnrealEngine/Engine/Source/ThirdParty/libOpus/opus-1.1/silk/float/find_pred_coefs_FLP.c,0,1,1
/media/ullmann/HDDGabriel/engines/UnrealEngine/Engine/Source/ThirdParty/ICU/icu4c-53_1/source/i18n/csrsbcs.h,3,1,4
/media/ullmann/HDDGabriel/engines/UnrealEngine/Engine/Source/ThirdParty/PhysX3/APEX_1.4/NvParameterized/include/XmlDeserializer.h,0,1,1
/media/ullmann/HDDGabriel/engines/UnrealEngine/Engine/Source/ThirdParty/Intel/ISPC/ispc-1.16.1/examples/cpu/volume_rendering/volume.cpp,0,1,1
/media/ullmann/HDDGabriel/engines/UnrealEngine/Engine/Source/Editor/AudioEditor/Private/SoundSubmixEditor.cpp,0,5,5
/media/ullmann/HDDGabriel/engines/UnrealEngine/Engine/Source/Editor/WorldBrowser/Private/StreamingLevels/StreamingLevelCollectionModel.h,1,0,1
/media/ullmann/HDDGabriel/engines/UnrealEngine/Engine/Source/ThirdParty/ShaderConductor/ShaderConductor/External/DirectXShaderCompiler/lib/ExecutionEngine/Interpreter/Execution.cpp,0,1,1
/media/ullmann/HDDGabriel/engines/UnrealEngine/Engine/Source/ThirdParty/ShaderConductor/ShaderConductor/External/DirectXShaderCompiler/lib/ExecutionEngine/Interpreter/Interpreter.h,3,0,3
/media/ullmann/HDDGabriel/engines/UnrealEngine/Engine/Source/ThirdParty/EOSSDK/SDK/Bin/Android/include/eos_anticheatserver.h,0,1,1
/media/ullmann/HDDGabriel/engines/UnrealEngine/Engine/Source/ThirdParty/PhysX3/PhysX_3.4/Source/GeomUtils/src/mesh/GuBV4_ProcessStreamOrdered_SegmentAABB.h,1,0,1
/media/ullmann/HDDGabriel/engines/UnrealEngine/Engine/Source/Runtime/Portal/LauncherPlatform/Private/LauncherPlatformPrivatePCH.h,0,3,3
/media/ullmann/HDDGabriel/engines/UnrealEngine/Engine/Source/Runtime/Portal/LauncherPlatform/Private/Linux/LauncherPlatformLinux.h,3,0,3
/media/ullmann/HDDGabriel/engines/UnrealEngine/Engine/Source/Runtime/Core/Public/UObject/UnrealNames.h,3,1,4
/media/ullmann/HDDGabriel/engines/UnrealEngine/Engine/Source/ThirdParty/ShaderConductor/ShaderConductor/External/SPIRV-Cross/spirv_cross_error_handling.hpp,2,0,2
/media/ullmann/HDDGabriel/engines/UnrealEngine/Engine/Source/Editor/LevelInstanceEditor/Private/LevelInstancePivotDetails.h,2,0,2
/media/ullmann/HDDGabriel/engines/UnrealEngine/Engine/Source/Developer/TraceAnalysis/Private/Store/AsioIoable.cpp,0,1,1
/media/ullmann/HDDGabriel/engines/UnrealEngine/Engine/Source/Developer/TraceAnalysis/Private/Store/AsioIoable.h,6,0,6
/media/ullmann/HDDGabriel/engines/UnrealEngine/Engine/Source/ThirdParty/ShaderConductor/ShaderConductor/External/DirectXShaderCompiler/lib/Support/Unix/COM.inc,1,0,1
/media/ullmann/HDDGabriel/engines/UnrealEngine/Engine/Source/ThirdParty/openexr/Deploy/openexr-3.1.1/include/OpenEXR/IexMathIeeeExc.h,1,2,3
/media/ullmann/HDDGabriel/engines/UnrealEngine/Engine/Source/ThirdParty/ShaderConductor/ShaderConductor/External/DirectXShaderCompiler/tools/clang/include/clang/Analysis/Analyses/ThreadSafetyUtil.h,1,0,1
/media/ullmann/HDDGabriel/engines/UnrealEngine/Engine/Source/Programs/InterchangeWorker/Private/InterchangeWorkerImpl.cpp,0,1,1
/media/ullmann/HDDGabriel/engines/UnrealEngine/Engine/Source/ThirdParty/FreeType2/FreeType2-2.4.12/src/base/ftsnames.c,1,0,1
/media/ullmann/HDDGabriel/engines/UnrealEngine/Engine/Source/ThirdParty/SDL2/SDL-gui-backend/src/video/cocoa/SDL_cocoakeyboard.h,1,1,2
/media/ullmann/HDDGabriel/engines/UnrealEngine/Engine/Source/ThirdParty/libOpus/opus-1.0.3/silk/float/solve_LS_FLP.c,0,1,1
/media/ullmann/HDDGabriel/engines/UnrealEngine/Engine/Source/ThirdParty/ShaderConductor/ShaderConductor/External/DirectXShaderCompiler/lib/CodeGen/AsmPrinter/DwarfAccelTable.cpp,0,3,3
/media/ullmann/HDDGabriel/engines/UnrealEngine/Engine/Source/ThirdParty/Imath/Imath-3.1.3/src/python/PyImath/PyImathEuler.h,2,1,3
/media/ullmann/HDDGabriel/engines/UnrealEngine/Engine/Source/Runtime/Networking/Public/Interfaces/IPv4/IPv4Subnet.h,1,0,1
/media/ullmann/HDDGabriel/engines/UnrealEngine/Engine/Source/ThirdParty/PhysX3/PhysX_3.4/Source/PhysX/src/cloth/NpCloth.h,2,0,2
/media/ullmann/HDDGabriel/engines/UnrealEngine/Engine/Source/ThirdParty/ShaderConductor/ShaderConductor/External/DirectXShaderCompiler/include/llvm/PassSupport.h,0,1,1
/media/ullmann/HDDGabriel/engines/UnrealEngine/Engine/Source/ThirdParty/ShaderConductor/ShaderConductor/External/DirectXShaderCompiler/include/llvm/Pass.h,1,0,1
/media/ullmann/HDDGabriel/engines/UnrealEngine/Engine/Source/ThirdParty/ShaderConductor/ShaderConductor/External/DirectXShaderCompiler/tools/clang/tools/libclang/CXLoadedDiagnostic.h,2,1,3
/media/ullmann/HDDGabriel/engines/UnrealEngine/Engine/Source/Developer/Profiler/Private/ProfilerDataProvider.cpp,0,1,1
/media/ullmann/HDDGabriel/engines/UnrealEngine/Engine/Source/Runtime/AVEncoder/Private/Decoders/vdecmpeg4/M4Bitstream.h,3,3,6
/media/ullmann/HDDGabriel/engines/UnrealEngine/Engine/Source/ThirdParty/EOSSDK/SDK/Bin/Android/include/eos_anticheatclient_types.h,2,2,4
/media/ullmann/HDDGabriel/engines/UnrealEngine/Engine/Source/ThirdParty/libOpus/opus-1.1/silk/check_control_input.c,0,3,3
/media/ullmann/HDDGabriel/engines/UnrealEngine/Engine/Source/ThirdParty/libOpus/opus-1.1/silk/control.h,4,1,5
/media/ullmann/HDDGabriel/engines/UnrealEngine/Engine/Source/ThirdParty/ICU/icu4c-53_1/source/i18n/titletrn.cpp,0,1,1
/media/ullmann/HDDGabriel/engines/UnrealEngine/Engine/Source/Programs/IOS/UnrealLaunchDaemon/Private/LaunchDaemonMessageHandler.cpp,0,2,2
/media/ullmann/HDDGabriel/engines/UnrealEngine/Engine/Source/Programs/IOS/UnrealLaunchDaemon/Private/LaunchDaemonMessageHandler.h,2,0,2
/media/ullmann/HDDGabriel/engines/UnrealEngine/Engine/Source/ThirdParty/SDL2/SDL-gui-backend/src/libm/k_rem_pio2.c,0,2,2
/media/ullmann/HDDGabriel/engines/UnrealEngine/Engine/Source/ThirdParty/Intel/ISPC/ispc-1.16.1/examples/xpu/common/L0_helpers.h,0,1,1
/media/ullmann/HDDGabriel/engines/UnrealEngine/Engine/Source/ThirdParty/Intel/ISPC/ispc-1.16.1/examples/cpu/mandelbrot/mandelbrot.cpp,0,1,1
/media/ullmann/HDDGabriel/engines/UnrealEngine/Engine/Source/Runtime/Core/Public/Misc/Optional.h,3,0,3
/media/ullmann/HDDGabriel/engines/UnrealEngine/Engine/Source/Editor/EditorWidgets/Public/SAssetDropTarget.h,0,1,1
/media/ullmann/HDDGabriel/engines/UnrealEngine/Engine/Source/Editor/EditorWidgets/Public/SDropTarget.h,1,0,1
/media/ullmann/HDDGabriel/engines/UnrealEngine/Engine/Source/ThirdParty/CryptoPP/5.6.2/include/channels.cpp,0,2,2
/media/ullmann/HDDGabriel/engines/UnrealEngine/Engine/Source/ThirdParty/libPNG/libPNG-1.6.37/scripts/prefix.c,0,1,1
/media/ullmann/HDDGabriel/engines/UnrealEngine/Engine/Source/ThirdParty/FreeType2/FreeType2-2.6/Src/truetype/ttgload.c,1,5,6
/media/ullmann/HDDGabriel/engines/UnrealEngine/Engine/Source/ThirdParty/MCPP/mcpp-2.7.2/cpp-test/test-l/nest18.h,1,1,2
/media/ullmann/HDDGabriel/engines/UnrealEngine/Engine/Source/Runtime/AutomationWorker/Private/AutomationWorkerPrivate.h,1,0,1
/media/ullmann/HDDGabriel/engines/UnrealEngine/Engine/Source/ThirdParty/PhysX3/APEX_1.4/module/framework_legacy/include/autogen/SurfaceBufferParameters_0p1.h,1,0,1
/media/ullmann/HDDGabriel/engines/UnrealEngine/Engine/Source/ThirdParty/llvm/8/include/llvm/DebugInfo/PDB/PDBSymbolTypeManaged.h,0,2,2
/media/ullmann/HDDGabriel/engines/UnrealEngine/Engine/Source/Editor/Sequencer/Private/SequencerEdMode.cpp,0,9,9
/media/ullmann/HDDGabriel/engines/UnrealEngine/Engine/Source/Editor/PhysicsAssetEditor/Private/PhysicsAssetEditorHitProxies.h,3,0,3
/media/ullmann/HDDGabriel/engines/UnrealEngine/Engine/Source/ThirdParty/PhysX3/PhysX_3.4/Source/SimulationController/src/ScActorPair.h,1,3,4
/media/ullmann/HDDGabriel/engines/UnrealEngine/Engine/Source/ThirdParty/libcurl/7_75_0/include/Android/curl/curlver.h,1,0,1
/media/ullmann/HDDGabriel/engines/UnrealEngine/Engine/Source/ThirdParty/CryptoPP/5.6.5/include/seal.cpp,0,5,5
/media/ullmann/HDDGabriel/engines/UnrealEngine/Engine/Source/ThirdParty/SDL2/SDL-gui-backend/include/SDL_test_harness.h,1,2,3
/media/ullmann/HDDGabriel/engines/UnrealEngine/Engine/Source/ThirdParty/PhysX3/PhysX_3.4/Source/GeomUtils/src/GuSphere.h,4,0,4
/media/ullmann/HDDGabriel/engines/UnrealEngine/Engine/Source/Runtime/TypedElementFramework/Private/TypedElementFrameworkTests.cpp,0,1,1
/media/ullmann/HDDGabriel/engines/UnrealEngine/Engine/Source/Runtime/TypedElementFramework/Private/TypedElementFrameworkTests.h,1,0,1
/media/ullmann/HDDGabriel/engines/UnrealEngine/Engine/Source/ThirdParty/PhysX3/APEX_1.4/module/clothing_legacy/include/autogen/ClothingCookedPhysX3Param_0p4.h,1,0,1
/media/ullmann/HDDGabriel/engines/UnrealEngine/Engine/Source/Editor/AnimGraph/Public/AnimGraphNode_ModifyCurve.h,0,1,1
/media/ullmann/HDDGabriel/engines/UnrealEngine/Engine/Source/ThirdParty/Alembic/alembic-1.8.2/python/PyAlembic/PyUtilTypes.cpp,0,1,1
/media/ullmann/HDDGabriel/engines/UnrealEngine/Engine/Source/Runtime/Online/BuildPatchServices/Private/Generation/CloudEnumeration.h,1,0,1
/media/ullmann/HDDGabriel/engines/UnrealEngine/Engine/Source/ThirdParty/ICU/icu4c-53_1/source/test/intltest/locnmtst.cpp,0,1,1
/media/ullmann/HDDGabriel/engines/UnrealEngine/Engine/Source/ThirdParty/ICU/icu4c-53_1/source/test/intltest/locnmtst.h,2,1,3
/media/ullmann/HDDGabriel/engines/UnrealEngine/Engine/Source/Programs/Enterprise/Datasmith/DatasmithMaxExporter/Private/MaxMaterialsToUEPbr/DatasmithMaxCoronaTexmapToUEPbr.h,0,2,2
/media/ullmann/HDDGabriel/engines/UnrealEngine/Engine/Source/ThirdParty/Python3/Win64/include/intrcheck.h,1,0,1
/media/ullmann/HDDGabriel/engines/UnrealEngine/Engine/Source/ThirdParty/FreeType2/FreeType2-2.6/Src/base/ftdbgmem.c,1,0,1
/media/ullmann/HDDGabriel/engines/UnrealEngine/Engine/Source/ThirdParty/libOpus/opus-1.3.1-12/silk/float/inner_product_FLP.c,0,1,1
/media/ullmann/HDDGabriel/engines/UnrealEngine/Engine/Source/Developer/TargetPlatform/Public/Interfaces/ITargetPlatformManagerModule.h,1,0,1
/media/ullmann/HDDGabriel/engines/UnrealEngine/Engine/Source/Developer/ToolMenus/Public/ToolMenuEntryScript.h,1,3,4
/media/ullmann/HDDGabriel/engines/UnrealEngine/Engine/Source/ThirdParty/libPNG/libPNG-1.5.2/contrib/gregbook/readpng.c,0,1,1
/media/ullmann/HDDGabriel/engines/UnrealEngine/Engine/Source/ThirdParty/Crunch/src/crnlib/crn_find_files.cpp,0,5,5
/media/ullmann/HDDGabriel/engines/UnrealEngine/Engine/Source/ThirdParty/ICU/icu4c-64_1/source/test/cintltst/cformtst.c,0,2,2
/media/ullmann/HDDGabriel/engines/UnrealEngine/Engine/Source/ThirdParty/WindowsMixedRealityInterop/MixedRealityInterop/QRCodeObserver.h,2,0,2
/media/ullmann/HDDGabriel/engines/UnrealEngine/Engine/Source/ThirdParty/ICU/icu4c-64_1/source/i18n/double-conversion-cached-powers.cpp,0,2,2
/media/ullmann/HDDGabriel/engines/UnrealEngine/Engine/Source/Runtime/Slate/Public/Widgets/Notifications/SNotificationList.h,1,0,1
/media/ullmann/HDDGabriel/engines/UnrealEngine/Engine/Source/ThirdParty/Steamworks/Steamv151/sdk/public/steam/isteamhttp.h,1,2,3
/media/ullmann/HDDGabriel/engines/UnrealEngine/Engine/Source/ThirdParty/Oculus/LibOVRPlatform/LibOVRPlatform/include/OVR_PermissionGrantStatus.h,1,1,2
/media/ullmann/HDDGabriel/engines/UnrealEngine/Engine/Source/ThirdParty/libstrophe/libstrophe-0.9.3/src/uuid.c,0,2,2
/media/ullmann/HDDGabriel/engines/UnrealEngine/Engine/Source/ThirdParty/Windows/DirectXLegacy/Include/d3dx9math.inl,1,0,1
/media/ullmann/HDDGabriel/engines/UnrealEngine/Engine/Source/ThirdParty/FreeType2/FreeType2-2.10.4/src/gzip/zutil.c,1,1,2
/media/ullmann/HDDGabriel/engines/UnrealEngine/Engine/Source/ThirdParty/OpenVDB/openvdb-8.1.0/openvdb_houdini/openvdb_houdini/ParmFactory.cc,0,1,1
/media/ullmann/HDDGabriel/engines/UnrealEngine/Engine/Source/ThirdParty/OpenVDB/openvdb-8.1.0/openvdb_houdini/openvdb_houdini/ParmFactory.h,1,0,1
/media/ullmann/HDDGabriel/engines/UnrealEngine/Engine/Source/ThirdParty/Python3/Linux/include/python3.9/warnings.h,1,0,1
/media/ullmann/HDDGabriel/engines/UnrealEngine/Engine/Source/ThirdParty/FreeType2/FreeType2-2.10.0/src/gzip/infutil.h,4,0,4
/media/ullmann/HDDGabriel/engines/UnrealEngine/Engine/Source/ThirdParty/EOSSDK/SDK/Bin/IOS/EOSSDK.framework/Headers/eos_sessions_types.h,2,2,4
/media/ullmann/HDDGabriel/engines/UnrealEngine/Engine/Source/ThirdParty/SPIRV-Reflect/SPIRV-Reflect/examples/arg_parser.cpp,0,1,1
/media/ullmann/HDDGabriel/engines/UnrealEngine/Engine/Source/ThirdParty/SPIRV-Reflect/SPIRV-Reflect/examples/arg_parser.h,2,0,2
/media/ullmann/HDDGabriel/engines/UnrealEngine/Engine/Source/Runtime/Analytics/AnalyticsET/Private/IAnalyticsProviderET.cpp,0,1,1
/media/ullmann/HDDGabriel/engines/UnrealEngine/Engine/Source/ThirdParty/openexr/Deploy/openexr-3.1.1/include/OpenEXR/ImfVecAttribute.h,1,3,4
/media/ullmann/HDDGabriel/engines/UnrealEngine/Engine/Source/ThirdParty/FreeType2/FreeType2-2.10.0/src/truetype/ttpload.c,1,3,4
/media/ullmann/HDDGabriel/engines/UnrealEngine/Engine/Source/ThirdParty/Intel/Embree/Embree270/src/kernels/xeonphi/bvh4i/bvh4i_builder_morton.cpp,0,3,3
/media/ullmann/HDDGabriel/engines/UnrealEngine/Engine/Source/Editor/BlueprintGraph/Private/BlueprintNodeSpawner.cpp,0,1,1
/media/ullmann/HDDGabriel/engines/UnrealEngine/Engine/Source/Editor/PropertyEditor/Private/DetailsViewGenericObjectFilter.cpp,0,1,1
/media/ullmann/HDDGabriel/engines/UnrealEngine/Engine/Source/Editor/PropertyEditor/Private/DetailsViewGenericObjectFilter.h,2,0,2
/media/ullmann/HDDGabriel/engines/UnrealEngine/Engine/Source/ThirdParty/WebRTC/4147/Include/third_party/libjpeg/jpeglib.h,0,5,5
/media/ullmann/HDDGabriel/engines/UnrealEngine/Engine/Source/ThirdParty/WebRTC/4147/Include/third_party/libjpeg/jerror.h,1,0,1
/media/ullmann/HDDGabriel/engines/UnrealEngine/Engine/Source/ThirdParty/ICU/icu4c-64_1/source/test/perf/usetperf/bitset.cpp,0,1,1
/media/ullmann/HDDGabriel/engines/UnrealEngine/Engine/Source/ThirdParty/ICU/icu4c-64_1/source/test/perf/usetperf/bitset.h,2,0,2
/media/ullmann/HDDGabriel/engines/UnrealEngine/Engine/Source/ThirdParty/openexr/openexr-3.1.1/src/lib/OpenEXR/ImfInputPart.cpp,0,4,4
/media/ullmann/HDDGabriel/engines/UnrealEngine/Engine/Source/ThirdParty/Intel/TBB/IntelTBB-2019u8/examples/parallel_for/tachyon/src/tgafile.h,8,0,8
/media/ullmann/HDDGabriel/engines/UnrealEngine/Engine/Source/Programs/TextureShare/Samples/ThirdParty/TextureShare_ClientD3D12/TextureShareD3D12Client.cpp,0,2,2
/media/ullmann/HDDGabriel/engines/UnrealEngine/Engine/Source/Runtime/Engine/Public/ShaderCompiler.h,0,2,2
/media/ullmann/HDDGabriel/engines/UnrealEngine/Engine/Source/Runtime/Engine/Public/AsyncCompilationHelpers.h,7,0,7
/media/ullmann/HDDGabriel/engines/UnrealEngine/Engine/Source/ThirdParty/PhysX3/APEX_1.4/include/ScopedPhysXLock.h,0,2,2
/media/ullmann/HDDGabriel/engines/UnrealEngine/Engine/Source/Runtime/Engine/Public/ModelLight.h,0,2,2
/media/ullmann/HDDGabriel/engines/UnrealEngine/Engine/Source/ThirdParty/ICU/icu4c-53_1/source/samples/layout/UnicodeReader.cpp,0,2,2
/media/ullmann/HDDGabriel/engines/UnrealEngine/Engine/Source/ThirdParty/llvm/8/include/llvm/DebugInfo/PDB/PDBSymbolTypeBaseClass.h,1,2,3
/media/ullmann/HDDGabriel/engines/UnrealEngine/Engine/Source/Runtime/Experimental/Chaos/Public/Chaos/Particles.h,1,1,2
/media/ullmann/HDDGabriel/engines/UnrealEngine/Engine/Source/Runtime/Core/Public/Containers/ChunkedArray.h,2,0,2
/media/ullmann/HDDGabriel/engines/UnrealEngine/Engine/Source/ThirdParty/ShaderConductor/ShaderConductor/External/SPIRV-Cross/spirv_msl.cpp,0,2,2
/media/ullmann/HDDGabriel/engines/UnrealEngine/Engine/Source/ThirdParty/Intel/TBB/IntelTBB-2019u8/examples/parallel_for/tachyon/src/grid.h,2,0,2
/media/ullmann/HDDGabriel/engines/UnrealEngine/Engine/Source/ThirdParty/PhysX3/NvCloth/samples/SampleBase/ui/imgui_impl_dx11.cpp,0,1,1
/media/ullmann/HDDGabriel/engines/UnrealEngine/Engine/Source/ThirdParty/Intel/ISPC/ispc-1.16.1/src/gen/GlobalsLocalization.cpp,0,1,1
/media/ullmann/HDDGabriel/engines/UnrealEngine/Engine/Source/ThirdParty/Intel/ISPC/ispc-1.16.1/src/gen/GlobalsLocalization.h,2,1,3
/media/ullmann/HDDGabriel/engines/UnrealEngine/Engine/Source/Editor/DetailCustomizations/Private/DirectionalLightComponentDetails.cpp,0,1,1
/media/ullmann/HDDGabriel/engines/UnrealEngine/Engine/Source/Editor/DetailCustomizations/Private/DirectionalLightComponentDetails.h,2,0,2
/media/ullmann/HDDGabriel/engines/UnrealEngine/Engine/Source/Runtime/SlateRHIRenderer/Private/SlateElementIndexBuffer.h,3,0,3
/media/ullmann/HDDGabriel/engines/UnrealEngine/Engine/Source/Developer/FunctionalTesting/Public/TakeScreenshotAfterTimeLatentAction.h,0,1,1
/media/ullmann/HDDGabriel/engines/UnrealEngine/Engine/Source/Developer/FunctionalTesting/Public/AutomationScreenshotOptions.h,2,1,3
/media/ullmann/HDDGabriel/engines/UnrealEngine/Engine/Source/Runtime/CoreUObject/Public/UObject/UObjectBaseUtility.h,2,0,2
/media/ullmann/HDDGabriel/engines/UnrealEngine/Engine/Source/ThirdParty/HLMediaLibrary/HLMediaLibrary/PlaybackManager.h,1,1,2
/media/ullmann/HDDGabriel/engines/UnrealEngine/Engine/Source/ThirdParty/PhysX3/PhysX_3.4/Source/GeomUtils/src/contact/GuContactConvexConvex.cpp,0,2,2
/media/ullmann/HDDGabriel/engines/UnrealEngine/Engine/Source/Editor/SequenceRecorder/Private/PropertiesToRecordForClassDetailsCustomization.cpp,0,2,2
/media/ullmann/HDDGabriel/engines/UnrealEngine/Engine/Source/Editor/SequenceRecorder/Private/PropertiesToRecordForClassDetailsCustomization.h,2,0,2
/media/ullmann/HDDGabriel/engines/UnrealEngine/Engine/Source/ThirdParty/Android/libunwind/libunwind/include/libunwind-aarch64.h,1,2,3
/media/ullmann/HDDGabriel/engines/UnrealEngine/Engine/Source/ThirdParty/PhysX3/APEX_1.4/module/clothing/embedded/LowLevelCloth/src/SwFabric.cpp,0,2,2
/media/ullmann/HDDGabriel/engines/UnrealEngine/Engine/Source/ThirdParty/SDL2/SDL-gui-backend/src/video/nacl/SDL_naclevents.c,0,5,5
/media/ullmann/HDDGabriel/engines/UnrealEngine/Engine/Source/ThirdParty/FreeType2/FreeType2-2.10.0/src/gxvalid/gxvmorx2.c,1,1,2
/media/ullmann/HDDGabriel/engines/UnrealEngine/Engine/Source/ThirdParty/FreeType2/FreeType2-2.10.4/src/psnames/psmodule.c,1,3,4
/media/ullmann/HDDGabriel/engines/UnrealEngine/Engine/Source/ThirdParty/FreeType2/FreeType2-2.10.4/src/psnames/pstables.h,1,0,1
/media/ullmann/HDDGabriel/engines/UnrealEngine/Engine/Source/ThirdParty/Python3/Linux/include/python3.9/bitset.h,1,0,1
/media/ullmann/HDDGabriel/engines/UnrealEngine/Engine/Source/ThirdParty/CryptoPP/5.6.5/include/rdtables.cpp,0,2,2
/media/ullmann/HDDGabriel/engines/UnrealEngine/Engine/Source/ThirdParty/libOpus/opus-1.3.1-12/celt/x86/pitch_sse4_1.c,0,1,1
/media/ullmann/HDDGabriel/engines/UnrealEngine/Engine/Source/ThirdParty/Python3/Linux/include/python3.9/bytearrayobject.h,1,1,2
/media/ullmann/HDDGabriel/engines/UnrealEngine/Engine/Source/ThirdParty/Python3/Linux/include/python3.9/cpython/bytearrayobject.h,1,0,1
/media/ullmann/HDDGabriel/engines/UnrealEngine/Engine/Source/ThirdParty/libPNG/libPNG-1.6.37/pngwutil.c,0,1,1
/media/ullmann/HDDGabriel/engines/UnrealEngine/Engine/Source/ThirdParty/Intel/TBB/IntelTBB-2019u8/src/test/harness_tls.h,2,0,2
/media/ullmann/HDDGabriel/engines/UnrealEngine/Engine/Source/ThirdParty/AMD/Amf/core/Context.h,2,5,7
/media/ullmann/HDDGabriel/engines/UnrealEngine/Engine/Source/ThirdParty/FreeImage/FreeImage-3.18.0/Source/LibTIFF4/tif_tile.c,0,1,1
/media/ullmann/HDDGabriel/engines/UnrealEngine/Engine/Source/Developer/Merge/Private/SMergeAssetPickerView.cpp,0,2,2
/media/ullmann/HDDGabriel/engines/UnrealEngine/Engine/Source/Runtime/Engine/Classes/Animation/CustomAttributes.h,2,0,2
/media/ullmann/HDDGabriel/engines/UnrealEngine/Engine/Source/Runtime/AVEncoder/Public/Configuration.h,0,1,1
/media/ullmann/HDDGabriel/engines/UnrealEngine/Engine/Source/Runtime/AVEncoder/Public/AudioTypes.h,1,0,1
/media/ullmann/HDDGabriel/engines/UnrealEngine/Engine/Source/ThirdParty/llvm/8/include/llvm/DebugInfo/PDB/PDBSymbolTypeVTable.h,0,2,2
/media/ullmann/HDDGabriel/engines/UnrealEngine/Engine/Source/ThirdParty/ICU/icu4c-64_1/source/test/intltest/dcfmapts.cpp,0,1,1
/media/ullmann/HDDGabriel/engines/UnrealEngine/Engine/Source/ThirdParty/ICU/icu4c-64_1/source/test/intltest/dcfmapts.h,2,1,3
/media/ullmann/HDDGabriel/engines/UnrealEngine/Engine/Source/ThirdParty/FreeType2/FreeType2-2.4.12/src/autofit/afhints.c,1,2,3
/media/ullmann/HDDGabriel/engines/UnrealEngine/Engine/Source/ThirdParty/OpenSubdiv/OpenSubdiv-3.4.4/examples/common/ptexMipmapTextureLoader.cpp,0,1,1
/media/ullmann/HDDGabriel/engines/UnrealEngine/Engine/Source/ThirdParty/OpenSubdiv/OpenSubdiv-3.4.4/examples/common/ptexMipmapTextureLoader.h,3,0,3
/media/ullmann/HDDGabriel/engines/UnrealEngine/Engine/Source/ThirdParty/WindowsMixedRealityInterop/MixedRealityInterop/SceneUnderstandingObserver.cpp,0,3,3
/media/ullmann/HDDGabriel/engines/UnrealEngine/Engine/Source/ThirdParty/PhysX3/APEX_1.4/module/clothing_legacy/include/autogen/ClothingCookedPhysX3Param_0p5.h,1,0,1
/media/ullmann/HDDGabriel/engines/UnrealEngine/Engine/Source/ThirdParty/MCPP/mcpp-2.7.2/cpp-test/test-l/nest85.h,1,1,2
/media/ullmann/HDDGabriel/engines/UnrealEngine/Engine/Source/ThirdParty/MCPP/mcpp-2.7.2/cpp-test/test-l/nest86.h,1,1,2
/media/ullmann/HDDGabriel/engines/UnrealEngine/Engine/Source/ThirdParty/ICU/icu4c-64_1/source/test/perf/leperf/cfonts.cpp,0,2,2
/media/ullmann/HDDGabriel/engines/UnrealEngine/Engine/Source/ThirdParty/Intel/Embree/Embree270/src/common/simd/int8_avx2.h,1,0,1
/media/ullmann/HDDGabriel/engines/UnrealEngine/Engine/Source/ThirdParty/openexr/openexr-3.1.1/src/lib/OpenEXR/ImfDeepTiledInputPart.h,3,2,5
/media/ullmann/HDDGabriel/engines/UnrealEngine/Engine/Source/ThirdParty/mtlpp/mtlpp-master-7efad47/src/imp_Fence.hpp,1,1,2
/media/ullmann/HDDGabriel/engines/UnrealEngine/Engine/Source/ThirdParty/FreeType2/FreeType2-2.6/Include/ftoutln.h,0,1,1
/media/ullmann/HDDGabriel/engines/UnrealEngine/Engine/Source/Runtime/Core/Public/Templates/RemoveCV.h,3,0,3
/media/ullmann/HDDGabriel/engines/UnrealEngine/Engine/Source/ThirdParty/FreeType2/FreeType2-2.6/Src/pfr/pfrgload.h,2,1,3
/media/ullmann/HDDGabriel/engines/UnrealEngine/Engine/Source/ThirdParty/Imath/Imath-3.1.3/src/ImathTest/testTinySVD.h,1,0,1
/media/ullmann/HDDGabriel/engines/UnrealEngine/Engine/Source/ThirdParty/ICU/icu4c-64_1/source/i18n/unicode/udateintervalformat.h,1,0,1
/media/ullmann/HDDGabriel/engines/UnrealEngine/Engine/Source/Editor/AnimGraph/Public/AnimGraphNode_LinkedInputPose.h,0,2,2
/media/ullmann/HDDGabriel/engines/UnrealEngine/Engine/Source/ThirdParty/HarfBuzz/harfbuzz-2.4.0/src/hb-aat-layout-morx-table.hh,2,0,2
/media/ullmann/HDDGabriel/engines/UnrealEngine/Engine/Source/Editor/AnimGraph/Private/EditModes/ConstraintEditMode.cpp,0,1,1
/media/ullmann/HDDGabriel/engines/UnrealEngine/Engine/Source/Editor/AnimGraph/Private/EditModes/ConstraintEditMode.h,1,0,1
/media/ullmann/HDDGabriel/engines/UnrealEngine/Engine/Source/Runtime/Core/Public/Serialization/Archive.h,3,0,3
/media/ullmann/HDDGabriel/engines/UnrealEngine/Engine/Source/ThirdParty/SDL2/SDL-gui-backend/src/libm/s_tan.c,0,2,2
/media/ullmann/HDDGabriel/engines/UnrealEngine/Engine/Source/ThirdParty/Android/libunwind/libunwind/src/hppa/Linit_remote.c,0,1,1
/media/ullmann/HDDGabriel/engines/UnrealEngine/Engine/Source/Runtime/PhysicsCore/Public/PhysicsSettingsEnums.h,1,0,1
/media/ullmann/HDDGabriel/engines/UnrealEngine/Engine/Source/Runtime/RenderCore/Public/VirtualTexturing.h,1,0,1
/media/ullmann/HDDGabriel/engines/UnrealEngine/Engine/Source/ThirdParty/Boost/boost-1_70_0/include/boost/operators_v1.hpp,1,1,2
/media/ullmann/HDDGabriel/engines/UnrealEngine/Engine/Source/ThirdParty/OpenVDB/openvdb-8.1.0/openvdb/openvdb/points/AttributeSet.cc,0,2,2
/media/ullmann/HDDGabriel/engines/UnrealEngine/Engine/Source/ThirdParty/PhysX3/APEX_1.4/module/destructible_legacy/include/autogen/DestructibleActorParam_0p15.h,1,0,1
/media/ullmann/HDDGabriel/engines/UnrealEngine/Engine/Source/ThirdParty/libOpus/opus-1.0.3/silk/PLC.c,0,2,2
/media/ullmann/HDDGabriel/engines/UnrealEngine/Engine/Source/ThirdParty/ICU/icu4c-53_1/source/test/cintltst/crestst.h,1,1,2
/media/ullmann/HDDGabriel/engines/UnrealEngine/Engine/Source/ThirdParty/libcurl/curl-7.55.1/include/Android/x64/curl/mprintf.h,0,1,1
/media/ullmann/HDDGabriel/engines/UnrealEngine/Engine/Source/ThirdParty/ShaderConductor/ShaderConductor/External/DirectXShaderCompiler/tools/llvm-c-test/main.c,0,1,1
/media/ullmann/HDDGabriel/engines/UnrealEngine/Engine/Source/ThirdParty/PhysX3/PhysX_3.4/Source/GeomUtils/src/contact/GuContactBoxBox.cpp,0,1,1
/media/ullmann/HDDGabriel/engines/UnrealEngine/Engine/Source/Runtime/Slate/Private/Framework/Docking/TabManager.cpp,0,1,1
/media/ullmann/HDDGabriel/engines/UnrealEngine/Engine/Source/Editor/ActorPickerMode/Private/ActorPickerMode.cpp,0,1,1
/media/ullmann/HDDGabriel/engines/UnrealEngine/Engine/Source/ThirdParty/Perforce/P4Api.Net/p4bridge-unit-test/TestP4BridgeServer.cpp,0,7,7
/media/ullmann/HDDGabriel/engines/UnrealEngine/Engine/Source/ThirdParty/Perforce/P4Api.Net/p4bridge-unit-test/TextEncoder.h,1,0,1
/media/ullmann/HDDGabriel/engines/UnrealEngine/Engine/Source/Runtime/Engine/Private/WorldSettings.cpp,0,1,1
/media/ullmann/HDDGabriel/engines/UnrealEngine/Engine/Source/Runtime/Engine/Private/WorldSettingsCustomVersion.h,1,0,1
/media/ullmann/HDDGabriel/engines/UnrealEngine/Engine/Source/Runtime/UMG/Public/Components/EditableText.h,1,0,1
/media/ullmann/HDDGabriel/engines/UnrealEngine/Engine/Source/ThirdParty/Windows/glTF-Toolkit/glTF-Toolkit.UWP/WindowsMRConversion.cpp,0,4,4
/media/ullmann/HDDGabriel/engines/UnrealEngine/Engine/Source/ThirdParty/Windows/glTF-Toolkit/glTF-Toolkit.UWP/GLTFSerialization.h,2,0,2
/media/ullmann/HDDGabriel/engines/UnrealEngine/Engine/Source/Editor/EditorStyle/Private/EditorStyleModule.cpp,0,2,2
/media/ullmann/HDDGabriel/engines/UnrealEngine/Engine/Source/Runtime/WebBrowser/Private/MobileJS/MobileJSStructSerializerBackend.h,2,1,3
/media/ullmann/HDDGabriel/engines/UnrealEngine/Engine/Source/Runtime/Engine/Private/ODSC/ODSCThread.h,2,0,2
/media/ullmann/HDDGabriel/engines/UnrealEngine/Engine/Source/ThirdParty/Intel/Embree/Embree270/src/kernels/xeonphi/bvh4i/bvh4i_builder_ext.cpp,0,3,3
/media/ullmann/HDDGabriel/engines/UnrealEngine/Engine/Source/ThirdParty/CryptoPP/5.6.2/include/gf2_32.h,2,1,3
/media/ullmann/HDDGabriel/engines/UnrealEngine/Engine/Source/ThirdParty/openexr/openexr-3.1.1/src/lib/OpenEXR/ImfDeepTiledInputPart.cpp,0,3,3
/media/ullmann/HDDGabriel/engines/UnrealEngine/Engine/Source/Editor/DistCurveEditor/Private/CurveEditorViewportClient.h,3,0,3
/media/ullmann/HDDGabriel/engines/UnrealEngine/Engine/Source/ThirdParty/Intel/ISPC/ispc-1.17.0/ispcrt/tests/level_zero_mock/ze_mock.cpp,0,1,1
/media/ullmann/HDDGabriel/engines/UnrealEngine/Engine/Source/ThirdParty/Intel/ISPC/ispc-1.17.0/ispcrt/tests/level_zero_mock/ze_mock.h,2,0,2
/media/ullmann/HDDGabriel/engines/UnrealEngine/Engine/Source/ThirdParty/Intel/TBB/IntelTBB-2019u8/src/test/test_priority_queue_node.cpp,0,3,3
/media/ullmann/HDDGabriel/engines/UnrealEngine/Engine/Source/ThirdParty/ICU/icu4c-64_1/source/test/cintltst/ucnvseltst.h,1,1,2
/media/ullmann/HDDGabriel/engines/UnrealEngine/Engine/Source/ThirdParty/CryptoPP/5.6.2/include/serpent.cpp,0,4,4
/media/ullmann/HDDGabriel/engines/UnrealEngine/Engine/Source/ThirdParty/CryptoPP/5.6.2/include/serpentp.h,2,0,2
/media/ullmann/HDDGabriel/engines/UnrealEngine/Engine/Source/Editor/Kismet/Private/BPFunctionDragDropAction.cpp,0,1,1
/media/ullmann/HDDGabriel/engines/UnrealEngine/Engine/Source/ThirdParty/ShaderConductor/ShaderConductor/External/DirectXShaderCompiler/lib/DxilPIXPasses/DxilOutputColorBecomesConstant.cpp,0,1,1
/media/ullmann/HDDGabriel/engines/UnrealEngine/Engine/Source/ThirdParty/Alembic/alembic-1.8.2/python/PyAlembic/PyIBaseProperty.h,3,1,4
/media/ullmann/HDDGabriel/engines/UnrealEngine/Engine/Source/Editor/DetailCustomizations/Private/MaterialShadingModelCustomization.cpp,0,1,1
/media/ullmann/HDDGabriel/engines/UnrealEngine/Engine/Source/Editor/DetailCustomizations/Private/MaterialShadingModelCustomization.h,2,0,2
/media/ullmann/HDDGabriel/engines/UnrealEngine/Engine/Source/Developer/Windows/LiveCoding/Private/External/LC_Semaphore.cpp,0,2,2
/media/ullmann/HDDGabriel/engines/UnrealEngine/Engine/Source/ThirdParty/Intel/TBB/IntelTBB-2019u8/src/test/test_function_node.cpp,0,1,1
/media/ullmann/HDDGabriel/engines/UnrealEngine/Engine/Source/ThirdParty/EOSSDK/SDK/Bin/IOS/EOSSDK.framework/Headers/eos_leaderboards_types_deprecated.inl,1,0,1
/media/ullmann/HDDGabriel/engines/UnrealEngine/Engine/Source/ThirdParty/ShaderConductor/ShaderConductor/External/DirectXShaderCompiler/tools/clang/lib/CodeGen/CGExprCXX.cpp,0,6,6
/media/ullmann/HDDGabriel/engines/UnrealEngine/Engine/Source/ThirdParty/openexr/openexr-3.1.1/src/examples/lowLevelIoExamples.h,1,0,1
/media/ullmann/HDDGabriel/engines/UnrealEngine/Engine/Source/Editor/MovieSceneTools/Private/TrackEditors/SlomoTrackEditor.h,1,0,1
/media/ullmann/HDDGabriel/engines/UnrealEngine/Engine/Source/ThirdParty/Perforce/p4api-2018.1/Include/Mac/p4/p4tags.h,1,0,1
/media/ullmann/HDDGabriel/engines/UnrealEngine/Engine/Source/ThirdParty/EOSSDK/SDK/Bin/IOS/EOSSDK.framework/Headers/eos_rtc_admin.h,0,1,1
/media/ullmann/HDDGabriel/engines/UnrealEngine/Engine/Source/Editor/UnrealEd/Public/ThumbnailHelpers.h,1,1,2
/media/ullmann/HDDGabriel/engines/UnrealEngine/Engine/Source/ThirdParty/Android/libunwind/libunwind/src/mi/Lget_proc_info_by_ip.c,0,1,1
/media/ullmann/HDDGabriel/engines/UnrealEngine/Engine/Source/ThirdParty/Android/libunwind/libunwind/src/mi/Gget_proc_info_by_ip.c,1,0,1
/media/ullmann/HDDGabriel/engines/UnrealEngine/Engine/Source/ThirdParty/FreeType2/FreeType2-2.10.4/src/pshinter/pshinter.c,0,4,4
/media/ullmann/HDDGabriel/engines/UnrealEngine/Engine/Source/ThirdParty/FreeType2/FreeType2-2.10.4/src/pshinter/pshalgo.c,1,2,3
/media/ullmann/HDDGabriel/engines/UnrealEngine/Engine/Source/Runtime/UMG/Public/Components/HorizontalBoxSlot.h,1,0,1
/media/ullmann/HDDGabriel/engines/UnrealEngine/Engine/Source/Developer/Zen/Public/ZenStatistics.h,1,0,1
/media/ullmann/HDDGabriel/engines/UnrealEngine/Engine/Source/ThirdParty/PhysX3/NvCloth/samples/SampleBase/scene/scenes/StiffnessPerConstraintScene.cpp,0,1,1
/media/ullmann/HDDGabriel/engines/UnrealEngine/Engine/Source/ThirdParty/PhysX3/NvCloth/samples/SampleBase/scene/scenes/StiffnessPerConstraintScene.h,1,0,1
/media/ullmann/HDDGabriel/engines/UnrealEngine/Engine/Source/ThirdParty/HarfBuzz/harfbuzz-2.4.0/src/hb-ot-var.h,2,1,3
/media/ullmann/HDDGabriel/engines/UnrealEngine/Engine/Source/Runtime/Renderer/Private/GlobalDistanceField.h,9,1,10
/media/ullmann/HDDGabriel/engines/UnrealEngine/Engine/Source/ThirdParty/PhysX3/PhysX_3.4/Source/GeomUtils/src/sweep/GuSweepTriangleUtils.cpp,0,2,2
/media/ullmann/HDDGabriel/engines/UnrealEngine/Engine/Source/ThirdParty/PhysX3/PhysX_3.4/Source/GeomUtils/src/sweep/GuSweepBoxTriangle_FeatureBased.h,2,0,2
/media/ullmann/HDDGabriel/engines/UnrealEngine/Engine/Source/ThirdParty/PhysX3/NvCloth/samples/external/imgui/1.49/imgui_internal.h,2,1,3
/media/ullmann/HDDGabriel/engines/UnrealEngine/Engine/Source/ThirdParty/ICU/icu4c-64_1/source/i18n/reldtfmt.cpp,0,4,4
/media/ullmann/HDDGabriel/engines/UnrealEngine/Engine/Source/Runtime/D3D12RHI/Private/D3D12StateCache.cpp,0,1,1
/media/ullmann/HDDGabriel/engines/UnrealEngine/Engine/Source/Runtime/Renderer/Private/Lumen/LumenTranslucencyRadianceCache.cpp,0,2,2
/media/ullmann/HDDGabriel/engines/UnrealEngine/Engine/Source/ThirdParty/Python3/Linux/include/python3.9/cpython/object.h,1,0,1
/media/ullmann/HDDGabriel/engines/UnrealEngine/Engine/Source/ThirdParty/Vorbis/libvorbis-1.3.2/lib/modes/residue_8.h,1,0,1
/media/ullmann/HDDGabriel/engines/UnrealEngine/Engine/Source/ThirdParty/ICU/icu4c-64_1/source/test/cintltst/ucnvseltst.c,0,1,1
/media/ullmann/HDDGabriel/engines/UnrealEngine/Engine/Source/Runtime/Core/Public/HAL/PlatformCrt.h,3,0,3
/media/ullmann/HDDGabriel/engines/UnrealEngine/Engine/Source/ThirdParty/ICU/icu4c-53_1/source/i18n/nfrule.h,4,1,5
/media/ullmann/HDDGabriel/engines/UnrealEngine/Engine/Source/Programs/HeadlessChaos/Public/HeadlessChaosTestSweep.h,0,1,1
/media/ullmann/HDDGabriel/engines/UnrealEngine/Engine/Source/ThirdParty/CryptoPP/5.6.5/include/base64.cpp,0,2,2
/media/ullmann/HDDGabriel/engines/UnrealEngine/Engine/Source/ThirdParty/SDL2/SDL-gui-backend/src/joystick/hidapi/SDL_hidapi_xbox360.c,0,4,4
/media/ullmann/HDDGabriel/engines/UnrealEngine/Engine/Source/ThirdParty/Intel/TBB/IntelTBB-2019u8/src/test/test_tbb_thread.cpp,0,2,2
/media/ullmann/HDDGabriel/engines/UnrealEngine/Engine/Source/ThirdParty/ICU/icu4c-53_1/source/i18n/digitlst.cpp,0,1,1
/media/ullmann/HDDGabriel/engines/UnrealEngine/Engine/Source/ThirdParty/Alembic/alembic-1.8.2/python/PyAlembic/PyINuPatch.cpp,0,3,3
/media/ullmann/HDDGabriel/engines/UnrealEngine/Engine/Source/ThirdParty/libOpus/opus-1.0.3/celt/static_modes_fixed.h,0,2,2
/media/ullmann/HDDGabriel/engines/UnrealEngine/Engine/Source/ThirdParty/CryptoPP/5.6.5/include/blumshub.cpp,0,3,3
/media/ullmann/HDDGabriel/engines/UnrealEngine/Engine/Source/Developer/DerivedDataCache/Public/DerivedDataCacheInterface.h,1,1,2
/media/ullmann/HDDGabriel/engines/UnrealEngine/Engine/Source/Developer/DerivedDataCache/Public/DerivedDataCacheModule.h,1,0,1
/media/ullmann/HDDGabriel/engines/UnrealEngine/Engine/Source/ThirdParty/SDL2/SDL-gui-backend/src/joystick/hidapi/SDL_hidapi_rumble.c,0,4,4
/media/ullmann/HDDGabriel/engines/UnrealEngine/Engine/Source/ThirdParty/libcurl/include/Android/ARM64/curl/curlver.h,1,0,1
/media/ullmann/HDDGabriel/engines/UnrealEngine/Engine/Source/ThirdParty/ICU/icu4c-53_1/source/common/uposixdefs.h,2,0,2
/media/ullmann/HDDGabriel/engines/UnrealEngine/Engine/Source/Runtime/SessionServices/Private/SessionServicesModule.cpp,0,2,2
/media/ullmann/HDDGabriel/engines/UnrealEngine/Engine/Source/Runtime/SessionServices/Private/SessionManager.h,2,0,2
/media/ullmann/HDDGabriel/engines/UnrealEngine/Engine/Source/Runtime/Renderer/Private/IndirectLightingCache.cpp,0,2,2
/media/ullmann/HDDGabriel/engines/UnrealEngine/Engine/Source/Programs/UnrealLightmass/Private/Lighting/LightingMesh.cpp,0,3,3
/media/ullmann/HDDGabriel/engines/UnrealEngine/Engine/Source/ThirdParty/Perforce/p4api-2018.1/Include/Win32/VS2015/p4/handler.h,1,0,1
/media/ullmann/HDDGabriel/engines/UnrealEngine/Engine/Source/ThirdParty/Boost/boost-1_70_0/include/boost/outcome/policy/result_exception_ptr_rethrow.hpp,2,2,4
/media/ullmann/HDDGabriel/engines/UnrealEngine/Engine/Source/ThirdParty/SDL2/SDL-gui-backend/src/thread/stdcpp/SDL_systhread_c.h,2,0,2
/media/ullmann/HDDGabriel/engines/UnrealEngine/Engine/Source/ThirdParty/PhysX3/APEX_1.4/module/destructible_legacy/include/autogen/SurfaceTraceSetParameters_0p2.h,1,0,1
/media/ullmann/HDDGabriel/engines/UnrealEngine/Engine/Source/Editor/BlueprintGraph/Classes/K2Node_VariableSetRef.h,0,1,1
/media/ullmann/HDDGabriel/engines/UnrealEngine/Engine/Source/ThirdParty/AMD/Amf/core/Result.h,5,1,6
/media/ullmann/HDDGabriel/engines/UnrealEngine/Engine/Source/ThirdParty/openexr/openexr-3.1.1/src/test/OpenEXRTest/testPartHelper.h,2,0,2
/media/ullmann/HDDGabriel/engines/UnrealEngine/Engine/Source/ThirdParty/Android/libunwind/libunwind/src/hppa/Linit.c,0,1,1
/media/ullmann/HDDGabriel/engines/UnrealEngine/Engine/Source/ThirdParty/Android/libunwind/libunwind/src/hppa/Ginit.c,1,1,2
/media/ullmann/HDDGabriel/engines/UnrealEngine/Engine/Source/Editor/SceneOutliner/Public/ActorPickingMode.h,0,1,1
/media/ullmann/HDDGabriel/engines/UnrealEngine/Engine/Source/Editor/PhysicsAssetEditor/Private/PhysicsAssetGraph/PhysicsAssetGraphSchema.h,3,0,3
/media/ullmann/HDDGabriel/engines/UnrealEngine/Engine/Source/Runtime/AnimationCore/Private/AnimationCoreLibrary.cpp,0,1,1
/media/ullmann/HDDGabriel/engines/UnrealEngine/Engine/Source/ThirdParty/ShaderConductor/ShaderConductor/External/SPIRV-Tools/include/spirv-tools/linter.hpp,0,1,1
/media/ullmann/HDDGabriel/engines/UnrealEngine/Engine/Source/ThirdParty/ShaderConductor/ShaderConductor/External/SPIRV-Tools/include/spirv-tools/libspirv.hpp,3,0,3
/media/ullmann/HDDGabriel/engines/UnrealEngine/Engine/Source/ThirdParty/EOSSDK/SDK/Bin/Android/include/eos_friends.h,0,1,1
/media/ullmann/HDDGabriel/engines/UnrealEngine/Engine/Source/Runtime/MovieScene/Private/Tests/MovieScenePreAnimatedStateTests.cpp,0,1,1
/media/ullmann/HDDGabriel/engines/UnrealEngine/Engine/Source/Runtime/MovieScene/Private/Tests/MovieSceneTestObjects.h,4,0,4
/media/ullmann/HDDGabriel/engines/UnrealEngine/Engine/Source/Editor/WorldBrowser/Private/WorldTreeItemTypes.h,5,0,5
/media/ullmann/HDDGabriel/engines/UnrealEngine/Engine/Source/ThirdParty/OpenVDB/openvdb-8.1.0/openvdb_houdini/openvdb_houdini/PointUtils.cc,0,3,3
/media/ullmann/HDDGabriel/engines/UnrealEngine/Engine/Source/ThirdParty/OpenVDB/openvdb-8.1.0/openvdb_houdini/openvdb_houdini/AttributeTransferUtil.h,1,1,2
/media/ullmann/HDDGabriel/engines/UnrealEngine/Engine/Source/ThirdParty/Unix/LibCxx/include/c++/v1/float.h,0,1,1
/media/ullmann/HDDGabriel/engines/UnrealEngine/Engine/Source/ThirdParty/ICU/icu4c-53_1/source/test/intltest/mnkytst.cpp,0,2,2
/media/ullmann/HDDGabriel/engines/UnrealEngine/Engine/Source/ThirdParty/FreeImage/FreeImage-3.18.0/Source/OpenEXR/Imath/ImathShear.cpp,0,1,1
/media/ullmann/HDDGabriel/engines/UnrealEngine/Engine/Source/Runtime/Slate/Public/Widgets/Input/SSuggestionTextBox.h,1,0,1
/media/ullmann/HDDGabriel/engines/UnrealEngine/Engine/Source/Runtime/Online/HTTPServer/Public/IHttpRouter.h,0,2,2
/media/ullmann/HDDGabriel/engines/UnrealEngine/Engine/Source/ThirdParty/hlslcc/hlslcc/src/hlslcc_lib/hlsl_parser.cpp,0,2,2
/media/ullmann/HDDGabriel/engines/UnrealEngine/Engine/Source/ThirdParty/PhysX3/APEX_1.4/module/destructible/fracture/SimScene.h,3,1,4
/media/ullmann/HDDGabriel/engines/UnrealEngine/Engine/Source/ThirdParty/Crunch/src/crnlib/crn_command_line_params.h,1,1,2
/media/ullmann/HDDGabriel/engines/UnrealEngine/Engine/Source/ThirdParty/Python3/Win64/include/bytesobject.h,1,1,2
/media/ullmann/HDDGabriel/engines/UnrealEngine/Engine/Source/ThirdParty/ICU/icu4c-53_1/source/test/intltest/collationtest.cpp,0,1,1
/media/ullmann/HDDGabriel/engines/UnrealEngine/Engine/Source/ThirdParty/libOpus/opus-1.3.1-12/tests/test_opus_encode.c,0,2,2
/media/ullmann/HDDGabriel/engines/UnrealEngine/Engine/Source/ThirdParty/Intel/Embree/Embree270/src/common/math/linearspace3.h,3,2,5
/media/ullmann/HDDGabriel/engines/UnrealEngine/Engine/Source/ThirdParty/Intel/TBB/IntelTBB-2019u8/include/tbb/internal/_flow_graph_impl.h,1,5,6
/media/ullmann/HDDGabriel/engines/UnrealEngine/Engine/Source/Developer/CollisionAnalyzer/Private/CollisionAnalyzer.cpp,0,3,3
/media/ullmann/HDDGabriel/engines/UnrealEngine/Engine/Source/Runtime/UMG/Public/Components/WindowTitleBarAreaSlot.h,1,0,1
/media/ullmann/HDDGabriel/engines/UnrealEngine/Engine/Source/Runtime/Core/Public/Misc/SingleThreadEvent.h,1,0,1
/media/ullmann/HDDGabriel/engines/UnrealEngine/Engine/Source/ThirdParty/FreeType2/FreeType2-2.6/Include/ftcid.h,0,1,1
/media/ullmann/HDDGabriel/engines/UnrealEngine/Engine/Source/Programs/Enterprise/Datasmith/DatasmithARCHICADExporter/Private/Utils/Element2String.cpp,0,4,4
/media/ullmann/HDDGabriel/engines/UnrealEngine/Engine/Source/ThirdParty/ShaderConductor/ShaderConductor/External/DirectXShaderCompiler/tools/llvm-pdbdump/ClassDefinitionDumper.h,2,0,2
/media/ullmann/HDDGabriel/engines/UnrealEngine/Engine/Source/ThirdParty/ShaderConductor/ShaderConductor/External/DirectXShaderCompiler/tools/clang/lib/CodeGen/CGCXX.cpp,0,3,3
/media/ullmann/HDDGabriel/engines/UnrealEngine/Engine/Source/ThirdParty/CryptoPP/5.6.2/include/mqueue.h,4,2,6
/media/ullmann/HDDGabriel/engines/UnrealEngine/Engine/Source/Runtime/AudioCaptureImplementations/AudioCaptureRtAudio/Private/AudioCaptureRtAudio.cpp,0,1,1
/media/ullmann/HDDGabriel/engines/UnrealEngine/Engine/Source/Runtime/AudioCaptureImplementations/AudioCaptureRtAudio/Private/AudioCaptureRtAudio.h,2,1,3
/media/ullmann/HDDGabriel/engines/UnrealEngine/Engine/Source/ThirdParty/PhysX3/APEX_1.4/module/destructible/fracture/Core/MeshBase.cpp,0,1,1
/media/ullmann/HDDGabriel/engines/UnrealEngine/Engine/Source/ThirdParty/PhysX3/APEX_1.4/module/destructible/fracture/Core/MeshBase.h,2,0,2
/media/ullmann/HDDGabriel/engines/UnrealEngine/Engine/Source/ThirdParty/WebRTC/4147/Include/third_party/opus/src/celt/arm/fixed_arm64.h,1,0,1
/media/ullmann/HDDGabriel/engines/UnrealEngine/Engine/Source/ThirdParty/PhysX3/PhysX_3.4/Source/PhysX/src/buffering/ScbCloth.cpp,0,1,1
/media/ullmann/HDDGabriel/engines/UnrealEngine/Engine/Source/Developer/TraceInsights/Private/Insights/NetworkingProfiler/Widgets/SNetStatsTableCell.cpp,0,1,1
/media/ullmann/HDDGabriel/engines/UnrealEngine/Engine/Source/Developer/TraceInsights/Private/Insights/NetworkingProfiler/Widgets/SNetStatsTableCell.h,1,0,1
/media/ullmann/HDDGabriel/engines/UnrealEngine/Engine/Source/ThirdParty/FreeImage/FreeImage-3.18.0/Source/OpenEXR/IlmImf/ImfDoubleAttribute.cpp,0,1,1
/media/ullmann/HDDGabriel/engines/UnrealEngine/Engine/Source/Developer/TraceInsights/Private/Insights/Table/ViewModels/TableTreeNode.cpp,0,1,1
/media/ullmann/HDDGabriel/engines/UnrealEngine/Engine/Source/Developer/TraceInsights/Private/Insights/Table/ViewModels/TableTreeNode.h,1,0,1
/media/ullmann/HDDGabriel/engines/UnrealEngine/Engine/Source/ThirdParty/libPNG/libPNG-1.6.37/pngrio.c,0,1,1
/media/ullmann/HDDGabriel/engines/UnrealEngine/Engine/Source/ThirdParty/ICU/icu4c-64_1/source/test/intltest/frcoll.h,2,1,3
/media/ullmann/HDDGabriel/engines/UnrealEngine/Engine/Source/ThirdParty/ICU/icu4c-53_1/source/samples/cal/uprint.c,0,1,1
/media/ullmann/HDDGabriel/engines/UnrealEngine/Engine/Source/ThirdParty/ICU/icu4c-53_1/source/samples/cal/uprint.h,2,0,2
/media/ullmann/HDDGabriel/engines/UnrealEngine/Engine/Source/Runtime/Online/ImageDownload/Private/WebImage.cpp,0,1,1
/media/ullmann/HDDGabriel/engines/UnrealEngine/Engine/Source/Runtime/Online/ImageDownload/Private/ImageDownloadPrivate.h,2,0,2
/media/ullmann/HDDGabriel/engines/UnrealEngine/Engine/Source/ThirdParty/ShaderConductor/ShaderConductor/External/DirectXShaderCompiler/lib/CodeGen/LiveDebugVariables.h,4,0,4
/media/ullmann/HDDGabriel/engines/UnrealEngine/Engine/Source/ThirdParty/ICU/icu4c-53_1/source/common/unicode/usetiter.h,2,0,2
/media/ullmann/HDDGabriel/engines/UnrealEngine/Engine/Source/ThirdParty/Eigen/Eigen/src/StlSupport/StdVector.h,0,1,1
/media/ullmann/HDDGabriel/engines/UnrealEngine/Engine/Source/ThirdParty/Steamworks/Steamv146/sdk/public/steam/isteamfriends.h,2,1,3
/media/ullmann/HDDGabriel/engines/UnrealEngine/Engine/Source/ThirdParty/PhysX3/PxShared/src/foundation/include/PsThread.h,0,1,1
/media/ullmann/HDDGabriel/engines/UnrealEngine/Engine/Source/ThirdParty/Alembic/alembic-1.8.2/python/PyAlembic/PyMaterialFlatten.cpp,0,4,4
/media/ullmann/HDDGabriel/engines/UnrealEngine/Engine/Source/ThirdParty/ICU/icu4c-53_1/source/test/perf/unisetperf/draft/trieset.cpp,0,1,1
/media/ullmann/HDDGabriel/engines/UnrealEngine/Engine/Source/ThirdParty/ICU/icu4c-53_1/source/common/unicode/uversion.h,3,0,3
/media/ullmann/HDDGabriel/engines/UnrealEngine/Engine/Source/ThirdParty/ICU/icu4c-53_1/source/test/intltest/tzregts.cpp,0,2,2
/media/ullmann/HDDGabriel/engines/UnrealEngine/Engine/Source/ThirdParty/openexr/openexr-3.1.1/src/lib/OpenEXR/ImfTiledInputPart.cpp,0,3,3
/media/ullmann/HDDGabriel/engines/UnrealEngine/Engine/Source/Editor/Sequencer/Public/KeyPropertyParams.h,2,0,2
/media/ullmann/HDDGabriel/engines/UnrealEngine/Engine/Source/Runtime/RenderCore/Public/RenderGraphUtils.h,3,5,8
/media/ullmann/HDDGabriel/engines/UnrealEngine/Engine/Source/ThirdParty/HarfBuzz/harfbuzz-2.4.0/src/dump-indic-data.cc,0,1,1
/media/ullmann/HDDGabriel/engines/UnrealEngine/Engine/Source/ThirdParty/Breakpad/src/third_party/libdisasm/x86_misc.c,0,4,4
/media/ullmann/HDDGabriel/engines/UnrealEngine/Engine/Source/ThirdParty/FreeImage/FreeImage-3.18.0/Source/Metadata/FIRational.cpp,0,1,1
/media/ullmann/HDDGabriel/engines/UnrealEngine/Engine/Source/Editor/WorldBrowser/Private/WorldBrowserDragDrop.cpp,0,3,3
/media/ullmann/HDDGabriel/engines/UnrealEngine/Engine/Source/Developer/Windows/LiveCodingServer/Private/External/LC_VirtualDrive.h,2,0,2
/media/ullmann/HDDGabriel/engines/UnrealEngine/Engine/Source/ThirdParty/FreeType2/FreeType2-2.4.12/src/cid/cidobjs.h,1,0,1
/media/ullmann/HDDGabriel/engines/UnrealEngine/Engine/Source/ThirdParty/Breakpad/src/client/mac/handler/breakpad_nlist_64.cc,0,1,1
/media/ullmann/HDDGabriel/engines/UnrealEngine/Engine/Source/ThirdParty/libOpus/opus-1.0.3/silk/float/bwexpander_FLP.c,0,1,1
/media/ullmann/HDDGabriel/engines/UnrealEngine/Engine/Source/ThirdParty/libOpus/opus-1.1/silk/stereo_find_predictor.c,0,1,1
/media/ullmann/HDDGabriel/engines/UnrealEngine/Engine/Source/ThirdParty/EOSSDK/SDK/Include/eos_achievements_types.h,2,2,4
/media/ullmann/HDDGabriel/engines/UnrealEngine/Engine/Source/Runtime/Renderer/Private/Lumen/LumenRadianceCacheHardwareRayTracing.cpp,0,2,2
/media/ullmann/HDDGabriel/engines/UnrealEngine/Engine/Source/ThirdParty/OpenSubdiv/OpenSubdiv-3.4.4/opensubdiv/osd/clD3D11VertexBuffer.h,1,2,3
/media/ullmann/HDDGabriel/engines/UnrealEngine/Engine/Source/Runtime/BinkAudioDecoder/SDK/BinkAudio/Src/undeci.inc,2,0,2
/media/ullmann/HDDGabriel/engines/UnrealEngine/Engine/Source/ThirdParty/Intel/Embree/Embree2140/Win64/include/embree2/rtcore_geometry.h,1,0,1
/media/ullmann/HDDGabriel/engines/UnrealEngine/Engine/Source/ThirdParty/Expat/expat-2.2.10/lib/siphash.h,1,0,1
/media/ullmann/HDDGabriel/engines/UnrealEngine/Engine/Source/ThirdParty/WebRTC/4147/Include/base/bind.h,0,1,1
/media/ullmann/HDDGabriel/engines/UnrealEngine/Engine/Source/ThirdParty/ICU/icu4c-53_1/source/common/unicode/icudataver.h,1,0,1
/media/ullmann/HDDGabriel/engines/UnrealEngine/Engine/Source/ThirdParty/FreeImage/FreeImage-3.18.0/Source/LibJPEG/jdarith.c,0,2,2
/media/ullmann/HDDGabriel/engines/UnrealEngine/Engine/Source/Developer/StandaloneRenderer/Private/StandaloneRendererLog.h,1,0,1
/media/ullmann/HDDGabriel/engines/UnrealEngine/Engine/Source/Runtime/MovieScene/Public/Generators/MovieSceneEasingFunction.h,1,0,1
/media/ullmann/HDDGabriel/engines/UnrealEngine/Engine/Source/ThirdParty/Oculus/LibOVRAudio/LibOVRAudio/include/OVR_Audio.h,0,2,2
/media/ullmann/HDDGabriel/engines/UnrealEngine/Engine/Source/ThirdParty/Oculus/LibOVRAudio/LibOVRAudio/include/OVR_Audio_Propagation.h,1,0,1
/media/ullmann/HDDGabriel/engines/UnrealEngine/Engine/Source/ThirdParty/ICU/icu4c-53_1/source/layoutex/layout/plruns.h,3,0,3
/media/ullmann/HDDGabriel/engines/UnrealEngine/Engine/Source/ThirdParty/WebRTC/4147/Include/third_party/libvpx/source/config/ios/arm-neon/vpx_scale_rtcd.h,0,1,1
/media/ullmann/HDDGabriel/engines/UnrealEngine/Engine/Source/ThirdParty/ICU/icu4c-53_1/source/tools/genrb/reslist.c,0,2,2
/media/ullmann/HDDGabriel/engines/UnrealEngine/Engine/Source/ThirdParty/PhysX3/PhysX_3.4/Source/PhysX/src/buffering/ScbSceneBuffer.h,1,0,1
/media/ullmann/HDDGabriel/engines/UnrealEngine/Engine/Source/Developer/AssetTools/Private/AssetTypeActions/AssetTypeActions_CurveLinearColor.h,1,0,1
/media/ullmann/HDDGabriel/engines/UnrealEngine/Engine/Source/ThirdParty/OpenVDB/Deploy/openvdb-8.1.0/include/openvdb/tools/FastSweeping.h,0,3,3
/media/ullmann/HDDGabriel/engines/UnrealEngine/Engine/Source/Editor/ContentBrowser/Private/SAssetDialog.cpp,0,7,7
/media/ullmann/HDDGabriel/engines/UnrealEngine/Engine/Source/ThirdParty/libOpus/opus-1.1/silk/float/noise_shape_analysis_FLP.c,0,1,1
/media/ullmann/HDDGabriel/engines/UnrealEngine/Engine/Source/Runtime/Experimental/Chaos/Public/Chaos/PBDRigidParticles.h,1,0,1
/media/ullmann/HDDGabriel/engines/UnrealEngine/Engine/Source/Developer/AssetTools/Private/AssetTypeActions/AssetTypeActions_AimOffset.h,1,0,1
/media/ullmann/HDDGabriel/engines/UnrealEngine/Engine/Source/Editor/EditorConfig/Private/Tests/JsonConfigTests.cpp,0,1,1
/media/ullmann/HDDGabriel/engines/UnrealEngine/Engine/Source/ThirdParty/nvTextureTools/nvTextureTools-2.0.6/src/src/nvtt/squish/colourblock.cpp,0,1,1
/media/ullmann/HDDGabriel/engines/UnrealEngine/Engine/Source/Developer/TraceInsights/Private/Insights/MemoryProfiler/Widgets/SMemInvestigationView.cpp,0,1,1
/media/ullmann/HDDGabriel/engines/UnrealEngine/Engine/Source/Developer/TraceInsights/Private/Insights/MemoryProfiler/Widgets/SMemInvestigationView.h,1,0,1
/media/ullmann/HDDGabriel/engines/UnrealEngine/Engine/Source/ThirdParty/Imath/Imath-3.1.3/src/Imath/ImathQuat.h,2,3,5
/media/ullmann/HDDGabriel/engines/UnrealEngine/Engine/Source/ThirdParty/PhysX3/APEX_1.4/module/destructible_legacy/include/autogen/DestructibleActorParam_0p31.h,1,0,1
/media/ullmann/HDDGabriel/engines/UnrealEngine/Engine/Source/ThirdParty/MCPP/mcpp-2.7.2/test-l/nest17.h,1,1,2
/media/ullmann/HDDGabriel/engines/UnrealEngine/Engine/Source/ThirdParty/xxhash/tests/collisions/sort.cc,0,1,1
/media/ullmann/HDDGabriel/engines/UnrealEngine/Engine/Source/ThirdParty/PhysX3/APEX_1.4/NvParameterized/include/BinSerializer.h,0,2,2
/media/ullmann/HDDGabriel/engines/UnrealEngine/Engine/Source/Runtime/Windows/D3D11RHI/Private/D3D11UAV.cpp,0,1,1
/media/ullmann/HDDGabriel/engines/UnrealEngine/Engine/Source/ThirdParty/Eigen/Eigen/src/Eigenvalues/GeneralizedEigenSolver.h,0,1,1
/media/ullmann/HDDGabriel/engines/UnrealEngine/Engine/Source/ThirdParty/Eigen/Eigen/src/Eigenvalues/RealQZ.h,1,0,1
/media/ullmann/HDDGabriel/engines/UnrealEngine/Engine/Source/Editor/HierarchicalLODOutliner/Private/TreeItemID.h,4,0,4
/media/ullmann/HDDGabriel/engines/UnrealEngine/Engine/Source/ThirdParty/PhysX3/APEX_1.4/module/clothing_legacy/include/autogen/ClothingMaterialLibraryParameters_0p0.h,1,0,1
/media/ullmann/HDDGabriel/engines/UnrealEngine/Engine/Source/Developer/TraceInsights/Private/Insights/TaskGraphProfiler/ViewModels/TaskTimingTrack.cpp,0,1,1
/media/ullmann/HDDGabriel/engines/UnrealEngine/Engine/Source/Developer/TraceInsights/Private/Insights/TaskGraphProfiler/ViewModels/TaskTimingTrack.h,1,0,1
/media/ullmann/HDDGabriel/engines/UnrealEngine/Engine/Source/ThirdParty/PhysX3/PhysX_3.4/Source/GeomUtils/src/mesh/GuOverlapTestsMesh.cpp,0,1,1
/media/ullmann/HDDGabriel/engines/UnrealEngine/Engine/Source/ThirdParty/Imath/Imath-3.1.3/src/Imath/ImathMatrixAlgo.cpp,0,1,1
/media/ullmann/HDDGabriel/engines/UnrealEngine/Engine/Source/Programs/BenchmarkTool/Private/BenchmarkTool.cpp,0,1,1
/media/ullmann/HDDGabriel/engines/UnrealEngine/Engine/Source/Programs/BenchmarkTool/Private/BenchmarkTool.h,1,0,1
/media/ullmann/HDDGabriel/engines/UnrealEngine/Engine/Source/ThirdParty/Intel/Embree/Embree270/src/kernels/xeon/geometry/discrete_tessellation.h,1,0,1
/media/ullmann/HDDGabriel/engines/UnrealEngine/Engine/Source/ThirdParty/libPNG/libPNG-1.5.2/contrib/visupng/VisualPng.c,0,1,1
/media/ullmann/HDDGabriel/engines/UnrealEngine/Engine/Source/ThirdParty/libPNG/libPNG-1.5.2/contrib/visupng/resource.h,1,0,1
/media/ullmann/HDDGabriel/engines/UnrealEngine/Engine/Source/Runtime/AIModule/Private/GameplayDebugger/GameplayDebuggerCategory_NavLocalGrid.cpp,0,1,1
/media/ullmann/HDDGabriel/engines/UnrealEngine/Engine/Source/Runtime/AIModule/Private/GameplayDebugger/GameplayDebuggerCategory_NavLocalGrid.h,2,0,2
/media/ullmann/HDDGabriel/engines/UnrealEngine/Engine/Source/Runtime/LevelSequence/Private/LevelSequenceModule.cpp,0,1,1
/media/ullmann/HDDGabriel/engines/UnrealEngine/Engine/Source/Runtime/NavigationSystem/Public/NavLinkComponent.h,0,1,1
/media/ullmann/HDDGabriel/engines/UnrealEngine/Engine/Source/Runtime/NavigationSystem/Public/NavLinkHostInterface.h,1,0,1
/media/ullmann/HDDGabriel/engines/UnrealEngine/Engine/Source/ThirdParty/ICU/icu4c-64_1/source/test/intltest/regextst.cpp,0,2,2
/media/ullmann/HDDGabriel/engines/UnrealEngine/Engine/Source/Programs/Enterprise/Datasmith/DatasmithARCHICADExporter/Private/Utils/LibPartInfo.cpp,0,1,1
/media/ullmann/HDDGabriel/engines/UnrealEngine/Engine/Source/Editor/UnrealEd/Private/Settings/GameMapsSettingsCustomization.h,1,0,1
/media/ullmann/HDDGabriel/engines/UnrealEngine/Engine/Source/Runtime/OpenGLDrv/Private/Android/AndroidOpenGL.h,1,1,2
/media/ullmann/HDDGabriel/engines/UnrealEngine/Engine/Source/ThirdParty/PhysX3/APEX_1.4/module/clothing_legacy/include/autogen/ClothingCookedPhysX3Param_0p2.h,1,0,1
/media/ullmann/HDDGabriel/engines/UnrealEngine/Engine/Source/Runtime/Slate/Public/Widgets/Input/STextComboBox.h,1,0,1
/media/ullmann/HDDGabriel/engines/UnrealEngine/Engine/Source/Runtime/MovieScene/Public/Channels/MovieSceneDoubleChannel.h,0,3,3
/media/ullmann/HDDGabriel/engines/UnrealEngine/Engine/Source/ThirdParty/Boost/boost-1_70_0/include/boost/msm/mpl_graph/breadth_first_search.hpp,0,1,1
/media/ullmann/HDDGabriel/engines/UnrealEngine/Engine/Source/ThirdParty/OpenVDB/openvdb-8.1.0/openvdb_ax/openvdb_ax/codegen/VolumeFunctions.cc,0,4,4
/media/ullmann/HDDGabriel/engines/UnrealEngine/Engine/Source/ThirdParty/Intel/TBB/IntelTBB-2019u8/src/test/test_flow_graph_priorities.cpp,0,4,4
/media/ullmann/HDDGabriel/engines/UnrealEngine/Engine/Source/ThirdParty/ICU/icu4c-64_1/source/test/intltest/miscdtfm.h,2,1,3
/media/ullmann/HDDGabriel/engines/UnrealEngine/Engine/Source/Developer/TurnkeyIO/Private/TurnkeyEditorIOServer.cpp,0,2,2
/media/ullmann/HDDGabriel/engines/UnrealEngine/Engine/Source/ThirdParty/ShaderConductor/ShaderConductor/External/SPIRV-Headers/tools/buildHeaders/jsoncpp/dist/jsoncpp.cpp,0,1,1
/media/ullmann/HDDGabriel/engines/UnrealEngine/Engine/Source/Developer/CrashDebugHelper/Private/Windows/CrashDebugHelperWindows.cpp,0,2,2
/media/ullmann/HDDGabriel/engines/UnrealEngine/Engine/Source/Developer/CrashDebugHelper/Private/Windows/WindowsPlatformStackWalkExt.h,2,0,2
/media/ullmann/HDDGabriel/engines/UnrealEngine/Engine/Source/ThirdParty/ICU/icu4c-53_1/source/test/cintltst/stdnmtst.c,0,1,1
/media/ullmann/HDDGabriel/engines/UnrealEngine/Engine/Source/ThirdParty/ICU/icu4c-53_1/source/i18n/rbt_set.cpp,0,2,2
/media/ullmann/HDDGabriel/engines/UnrealEngine/Engine/Source/ThirdParty/Perforce/p4api-2014.2/include/p4/p4tags.h,1,0,1
/media/ullmann/HDDGabriel/engines/UnrealEngine/Engine/Source/ThirdParty/PhysX3/APEX_1.4/include/UserRenderResourceDesc.h,1,1,2
/media/ullmann/HDDGabriel/engines/UnrealEngine/Engine/Source/ThirdParty/Vorbis/libvorbis-1.3.2/lib/envelope.h,4,1,5
/media/ullmann/HDDGabriel/engines/UnrealEngine/Engine/Source/ThirdParty/openexr/openexr-3.1.1/src/lib/OpenEXRCore/write_header.c,0,5,5
/media/ullmann/HDDGabriel/engines/UnrealEngine/Engine/Source/Editor/MovieSceneTools/Private/EditModes/SkeletalAnimationTrackEditMode.cpp,0,1,1
/media/ullmann/HDDGabriel/engines/UnrealEngine/Engine/Source/ThirdParty/PhysX3/PhysX_3.4/Source/GeomUtils/src/pcm/GuPCMContactBoxConvex.cpp,0,2,2
/media/ullmann/HDDGabriel/engines/UnrealEngine/Engine/Source/Editor/IntroTutorials/Private/STutorialContent.cpp,0,3,3
/media/ullmann/HDDGabriel/engines/UnrealEngine/Engine/Source/ThirdParty/ICU/icu4c-64_1/source/common/propname_data.h,1,0,1
/media/ullmann/HDDGabriel/engines/UnrealEngine/Engine/Source/ThirdParty/CryptoPP/5.6.2/include/cpu.cpp,0,3,3
/media/ullmann/HDDGabriel/engines/UnrealEngine/Engine/Source/Editor/BlueprintGraph/Classes/K2Node_GetInputAxisKeyValue.h,1,1,2
/media/ullmann/HDDGabriel/engines/UnrealEngine/Engine/Source/ThirdParty/Oculus/LibOVRPlatform/LibOVRPlatform/include/OVR_UserProof.h,2,1,3
/media/ullmann/HDDGabriel/engines/UnrealEngine/Engine/Source/Runtime/Core/Public/HAL/ThreadSafeBool.h,1,0,1
/media/ullmann/HDDGabriel/engines/UnrealEngine/Engine/Source/ThirdParty/Intel/Embree/Embree270/src/kernels/xeonphi/bvh4mb/bvh4mb_intersector1.h,1,2,3
/media/ullmann/HDDGabriel/engines/UnrealEngine/Engine/Source/ThirdParty/ShaderConductor/ShaderConductor/External/googletest/googletest/test/gtest_prod_test.cc,0,1,1
/media/ullmann/HDDGabriel/engines/UnrealEngine/Engine/Source/ThirdParty/ShaderConductor/ShaderConductor/External/googletest/googletest/test/production.h,2,0,2
/media/ullmann/HDDGabriel/engines/UnrealEngine/Engine/Source/ThirdParty/coremod/coremod-4.2.6/src/loaders/sample.c,0,1,1
/media/ullmann/HDDGabriel/engines/UnrealEngine/Engine/Source/Runtime/Core/Public/Templates/EqualTo.h,0,1,1
/media/ullmann/HDDGabriel/engines/UnrealEngine/Engine/Source/ThirdParty/nvTextureTools/nvTextureTools-2.0.8/src/src/nvtt/squish/weightedclusterfit.cpp,0,3,3
/media/ullmann/HDDGabriel/engines/UnrealEngine/Engine/Source/Runtime/VulkanRHI/Private/Windows/VulkanPlatformDefines.h,0,1,1
/media/ullmann/HDDGabriel/engines/UnrealEngine/Engine/Source/Editor/LocalizationDashboard/Private/LocalizationDashboard.h,3,0,3
/media/ullmann/HDDGabriel/engines/UnrealEngine/Engine/Source/Runtime/Engine/Private/Analytics/EditorAnalyticsSessionSummary.cpp,0,1,1
/media/ullmann/HDDGabriel/engines/UnrealEngine/Engine/Source/ThirdParty/ICU/icu4c-64_1/source/test/intltest/ssearch.h,2,1,3
/media/ullmann/HDDGabriel/engines/UnrealEngine/Engine/Source/Editor/DeviceProfileServices/Public/IDeviceProfileServicesUIManager.h,2,0,2
/media/ullmann/HDDGabriel/engines/UnrealEngine/Engine/Source/Runtime/RuntimeAssetCache/Public/RuntimeAssetCacheBuilders.h,0,2,2
/media/ullmann/HDDGabriel/engines/UnrealEngine/Engine/Source/Developer/TraceAnalysis/Private/Analysis/Transport/Transport.h,3,0,3
/media/ullmann/HDDGabriel/engines/UnrealEngine/Engine/Source/ThirdParty/ICU/icu4c-53_1/source/tools/toolutil/unewdata.c,0,2,2
/media/ullmann/HDDGabriel/engines/UnrealEngine/Engine/Source/ThirdParty/PhysX3/PhysX_3.4/Source/GeomUtils/src/pcm/GuPCMContactConvexMesh.cpp,0,3,3
/media/ullmann/HDDGabriel/engines/UnrealEngine/Engine/Source/ThirdParty/FreeType2/FreeType2-2.4.12/src/lzw/ftzopen.c,1,1,2
/media/ullmann/HDDGabriel/engines/UnrealEngine/Engine/Source/ThirdParty/Intel/TBB/IntelTBB-2019u8/src/test/test_yield.cpp,0,1,1
/media/ullmann/HDDGabriel/engines/UnrealEngine/Engine/Source/ThirdParty/ICU/icu4c-53_1/source/samples/layout/gnomelayout.cpp,0,6,6
/media/ullmann/HDDGabriel/engines/UnrealEngine/Engine/Source/ThirdParty/Python3/Linux/include/python3.9/intrcheck.h,1,0,1
/media/ullmann/HDDGabriel/engines/UnrealEngine/Engine/Source/ThirdParty/libOpus/opus-1.1/silk/debug.h,2,1,3
/media/ullmann/HDDGabriel/engines/UnrealEngine/Engine/Source/ThirdParty/Breakpad/src/google_breakpad/common/minidump_exception_mac.h,1,0,1
/media/ullmann/HDDGabriel/engines/UnrealEngine/Engine/Source/ThirdParty/PhysX3/APEX_1.4/module/clothing/src/simd/NvSimd4f.h,1,4,5
/media/ullmann/HDDGabriel/engines/UnrealEngine/Engine/Source/ThirdParty/CryptoPP/5.6.2/include/gzip.cpp,0,2,2
/media/ullmann/HDDGabriel/engines/UnrealEngine/Engine/Source/ThirdParty/PhysX3/APEX_1.4/module/clothing_legacy/include/autogen/ClothingActorParam_0p14.h,1,0,1
/media/ullmann/HDDGabriel/engines/UnrealEngine/Engine/Source/Editor/DetailCustomizations/Private/BodyInstanceCustomization.cpp,0,1,1
/media/ullmann/HDDGabriel/engines/UnrealEngine/Engine/Source/ThirdParty/SDL2/SDL-gui-backend/src/timer/vita/SDL_systimer.c,0,2,2
/media/ullmann/HDDGabriel/engines/UnrealEngine/Engine/Source/ThirdParty/FontConfig/fontconfig-2.13.94/src/fcarch.c,0,2,2
/media/ullmann/HDDGabriel/engines/UnrealEngine/Engine/Source/Editor/BlueprintGraph/Private/MakeStructHandler.cpp,0,1,1
/media/ullmann/HDDGabriel/engines/UnrealEngine/Engine/Source/Editor/BlueprintGraph/Private/MakeStructHandler.h,3,0,3
/media/ullmann/HDDGabriel/engines/UnrealEngine/Engine/Source/ThirdParty/ICU/icu4c-64_1/source/test/intltest/decoll.cpp,0,2,2
/media/ullmann/HDDGabriel/engines/UnrealEngine/Engine/Source/ThirdParty/SDL2/SDL-gui-backend/src/video/kmsdrm/SDL_kmsdrmdyn.c,0,3,3
/media/ullmann/HDDGabriel/engines/UnrealEngine/Engine/Source/ThirdParty/ShaderConductor/ShaderConductor/External/DirectXShaderCompiler/lib/CodeGen/SelectionDAG/LegalizeTypesGeneric.cpp,0,1,1
/media/ullmann/HDDGabriel/engines/UnrealEngine/Engine/Source/ThirdParty/Imath/Imath-3.1.3/src/ImathTest/testRandom.cpp,0,1,1
/media/ullmann/HDDGabriel/engines/UnrealEngine/Engine/Source/ThirdParty/Imath/Imath-3.1.3/src/ImathTest/testRandom.h,2,0,2
/media/ullmann/HDDGabriel/engines/UnrealEngine/Engine/Source/Runtime/Core/Public/Misc/EnumRange.h,1,0,1
/media/ullmann/HDDGabriel/engines/UnrealEngine/Engine/Source/ThirdParty/openexr/openexr-3.1.1/src/lib/OpenEXR/ImfName.h,3,2,5
/media/ullmann/HDDGabriel/engines/UnrealEngine/Engine/Source/ThirdParty/openexr/openexr-3.1.1/src/test/OpenEXRTest/testRgba.h,1,0,1
/media/ullmann/HDDGabriel/engines/UnrealEngine/Engine/Source/ThirdParty/PhysX3/APEX_1.4/module/destructible_legacy/include/autogen/DestructibleAssetParameters_0p3.h,1,0,1
/media/ullmann/HDDGabriel/engines/UnrealEngine/Engine/Source/ThirdParty/PhysX3/APEX_1.4/common/include/DebugColorParamsEx.h,0,1,1
/media/ullmann/HDDGabriel/engines/UnrealEngine/Engine/Source/ThirdParty/Eigen/Eigen/src/OrderingMethods/Ordering.h,0,1,1
/media/ullmann/HDDGabriel/engines/UnrealEngine/Engine/Source/ThirdParty/Eigen/Eigen/src/OrderingMethods/Eigen_Colamd.h,1,0,1
/media/ullmann/HDDGabriel/engines/UnrealEngine/Engine/Source/Runtime/AIModule/Public/AIModule.h,0,1,1
/media/ullmann/HDDGabriel/engines/UnrealEngine/Engine/Source/ThirdParty/Alembic/alembic-1.8.2/python/PyAlembic/PyIXform.cpp,0,3,3
/media/ullmann/HDDGabriel/engines/UnrealEngine/Engine/Source/ThirdParty/PhysX3/NvCloth/samples/SampleBase/renderer/Mesh.cpp,0,1,1
/media/ullmann/HDDGabriel/engines/UnrealEngine/Engine/Source/ThirdParty/ShaderConductor/ShaderConductor/External/DirectXShaderCompiler/tools/clang/lib/StaticAnalyzer/Core/ExprEngine.cpp,0,1,1
/media/ullmann/HDDGabriel/engines/UnrealEngine/Engine/Source/ThirdParty/ShaderConductor/ShaderConductor/External/DirectXShaderCompiler/tools/clang/lib/StaticAnalyzer/Core/PrettyStackTraceLocationContext.h,2,0,2
/media/ullmann/HDDGabriel/engines/UnrealEngine/Engine/Source/ThirdParty/FreeImage/FreeImage-3.18.0/Source/OpenEXR/IlmImf/ImfLineOrder.h,2,1,3
/media/ullmann/HDDGabriel/engines/UnrealEngine/Engine/Source/Runtime/Slate/Private/Framework/Docking/SDockingArea.cpp,0,1,1
/media/ullmann/HDDGabriel/engines/UnrealEngine/Engine/Source/Runtime/Slate/Private/Framework/Docking/STabSidebar.h,2,0,2
/media/ullmann/HDDGabriel/engines/UnrealEngine/Engine/Source/ThirdParty/PhysX3/PhysX_3.4/Include/vehicle/PxVehicleSDK.h,2,0,2
/media/ullmann/HDDGabriel/engines/UnrealEngine/Engine/Source/ThirdParty/CryptoPP/5.6.2/include/dmac.h,2,1,3
/media/ullmann/HDDGabriel/engines/UnrealEngine/Engine/Source/ThirdParty/CryptoPP/5.6.2/include/cbcmac.h,4,2,6
/media/ullmann/HDDGabriel/engines/UnrealEngine/Engine/Source/ThirdParty/ICU/icu4c-53_1/source/layout/loengine.h,1,1,2
/media/ullmann/HDDGabriel/engines/UnrealEngine/Engine/Source/ThirdParty/SDL2/SDL-gui-backend/src/audio/SDL_audiodev.c,0,2,2
/media/ullmann/HDDGabriel/engines/UnrealEngine/Engine/Source/ThirdParty/OpenSubdiv/OpenSubdiv-3.4.4/opensubdiv/osd/glVertexBuffer.h,1,2,3
/media/ullmann/HDDGabriel/engines/UnrealEngine/Engine/Source/ThirdParty/hlslcc/hlslcc/src/hlslcc_lib/cclist.h,2,1,3
/media/ullmann/HDDGabriel/engines/UnrealEngine/Engine/Source/ThirdParty/ICU/icu4c-64_1/source/samples/layout/arraymem.h,3,0,3
/media/ullmann/HDDGabriel/engines/UnrealEngine/Engine/Source/Runtime/Apple/AGXRHI/Private/Shaders/Debugging/AGXShaderDebugCache.h,3,0,3
/media/ullmann/HDDGabriel/engines/UnrealEngine/Engine/Source/ThirdParty/Oculus/LibOVRPlatform/LibOVRPlatform/include/OVR_LivestreamingStartResult.h,2,2,4
/media/ullmann/HDDGabriel/engines/UnrealEngine/Engine/Source/Editor/UnrealEd/Private/TextureStreamingNotification.cpp,0,1,1
/media/ullmann/HDDGabriel/engines/UnrealEngine/Engine/Source/ThirdParty/OpenSubdiv/Deploy/OpenSubdiv-3.4.4/include/opensubdiv/hbr/vertex.h,1,3,4
/media/ullmann/HDDGabriel/engines/UnrealEngine/Engine/Source/Developer/TaskGraph/Private/TaskGraphStyle.cpp,0,1,1
/media/ullmann/HDDGabriel/engines/UnrealEngine/Engine/Source/Runtime/SlateCore/Public/Input/CursorReply.h,1,0,1
/media/ullmann/HDDGabriel/engines/UnrealEngine/Engine/Source/ThirdParty/Crunch/src/crnlib/crn_assert.cpp,0,2,2
/media/ullmann/HDDGabriel/engines/UnrealEngine/Engine/Source/Editor/ConfigEditor/Public/PropertyVisualization/ConfigPropertyColumn.h,0,1,1
/media/ullmann/HDDGabriel/engines/UnrealEngine/Engine/Source/ThirdParty/libPNG/libPNG-1.6.37/pngget.c,0,1,1
/media/ullmann/HDDGabriel/engines/UnrealEngine/Engine/Source/ThirdParty/openexr/openexr-3.1.1/src/test/OpenEXRTest/testFutureProofing.h,2,0,2
/media/ullmann/HDDGabriel/engines/UnrealEngine/Engine/Source/Developer/TraceInsights/Private/Insights/ViewModels/DrawHelpers.cpp,0,1,1
/media/ullmann/HDDGabriel/engines/UnrealEngine/Engine/Source/Developer/TraceInsights/Private/Insights/ViewModels/DrawHelpers.h,1,0,1
/media/ullmann/HDDGabriel/engines/UnrealEngine/Engine/Source/ThirdParty/Perforce/p4api-2018.1/Include/Mac/p4/handler.h,1,0,1
/media/ullmann/HDDGabriel/engines/UnrealEngine/Engine/Source/ThirdParty/OpenSubdiv/Deploy/OpenSubdiv-3.4.4/include/opensubdiv/osd/glXFBEvaluator.h,0,4,4
/media/ullmann/HDDGabriel/engines/UnrealEngine/Engine/Source/Runtime/CoreUObject/Public/UObject/PersistentObjectPtr.h,1,0,1
/media/ullmann/HDDGabriel/engines/UnrealEngine/Engine/Source/ThirdParty/Breakpad/src/third_party/libdisasm/x86_disasm.c,0,4,4
/media/ullmann/HDDGabriel/engines/UnrealEngine/Engine/Source/Runtime/BinkAudioDecoder/SDK/BinkAudio/Src/varbits.c,0,2,2
/media/ullmann/HDDGabriel/engines/UnrealEngine/Engine/Source/ThirdParty/Android/libunwind/libunwind/src/ia64/Lregs.c,0,1,1
/media/ullmann/HDDGabriel/engines/UnrealEngine/Engine/Source/ThirdParty/libOpus/opus-1.3.1-12/silk/resampler_private_IIR_FIR.c,0,2,2
/media/ullmann/HDDGabriel/engines/UnrealEngine/Engine/Source/ThirdParty/PhysX3/PhysX_3.4/Include/common/PxMetaDataFlags.h,2,0,2
/media/ullmann/HDDGabriel/engines/UnrealEngine/Engine/Source/ThirdParty/FreeImage/FreeImage-3.18.0/Source/OpenEXR/IlmImf/ImfFastHuf.cpp,0,1,1
/media/ullmann/HDDGabriel/engines/UnrealEngine/Engine/Source/Runtime/SlateCore/Public/Layout/LayoutGeometry.h,1,0,1
/media/ullmann/HDDGabriel/engines/UnrealEngine/Engine/Source/ThirdParty/PhysX3/PhysX_3.4/Source/PhysXVehicle/src/PxVehicleMetaData.cpp,0,2,2
/media/ullmann/HDDGabriel/engines/UnrealEngine/Engine/Source/ThirdParty/Intel/TBB/IntelTBB-2019u8/examples/task/tree_sum/main.cpp,0,3,3
/media/ullmann/HDDGabriel/engines/UnrealEngine/Engine/Source/ThirdParty/Intel/TBB/IntelTBB-2019u8/examples/task/tree_sum/TreeMaker.h,1,0,1
/media/ullmann/HDDGabriel/engines/UnrealEngine/Engine/Source/Editor/Sequencer/Private/SKeyAreaEditorSwitcher.cpp,0,4,4
/media/ullmann/HDDGabriel/engines/UnrealEngine/Engine/Source/ThirdParty/FreeType2/FreeType2-2.6/Src/autofit/afranges.c,1,1,2
/media/ullmann/HDDGabriel/engines/UnrealEngine/Engine/Source/ThirdParty/Intel/MetricsDiscovery/MetricsDiscoveryHelper/source/periodic_metrics.cpp,0,1,1
/media/ullmann/HDDGabriel/engines/UnrealEngine/Engine/Source/ThirdParty/Python3/Mac/include/patchlevel.h,1,0,1
/media/ullmann/HDDGabriel/engines/UnrealEngine/Engine/Source/ThirdParty/OpenSubdiv/OpenSubdiv-3.4.4/opensubdiv/far/patchDescriptor.cpp,0,1,1
/media/ullmann/HDDGabriel/engines/UnrealEngine/Engine/Source/ThirdParty/OpenSubdiv/OpenSubdiv-3.4.4/examples/glFVarViewer/init_shapes.h,1,2,3
/media/ullmann/HDDGabriel/engines/UnrealEngine/Engine/Source/Editor/BlueprintGraph/Public/BlueprintActionDatabaseRegistrar.h,0,1,1
/media/ullmann/HDDGabriel/engines/UnrealEngine/Engine/Source/Editor/BlueprintGraph/Public/BlueprintActionDatabase.h,1,0,1
/media/ullmann/HDDGabriel/engines/UnrealEngine/Engine/Source/Runtime/CrashReportCore/Public/CrashReportCoreUnattended.h,0,1,1
/media/ullmann/HDDGabriel/engines/UnrealEngine/Engine/Source/Runtime/CrashReportCore/Public/CrashUpload.h,1,1,2
/media/ullmann/HDDGabriel/engines/UnrealEngine/Engine/Source/Developer/ScreenShotComparison/Public/ScreenShotComparison.h,0,1,1
/media/ullmann/HDDGabriel/engines/UnrealEngine/Engine/Source/Developer/ScreenShotComparison/Public/Interfaces/IScreenShotComparisonModule.h,1,0,1
/media/ullmann/HDDGabriel/engines/UnrealEngine/Engine/Source/ThirdParty/ICU/icu4c-64_1/source/i18n/unicode/regex.h,5,0,5
/media/ullmann/HDDGabriel/engines/UnrealEngine/Engine/Source/ThirdParty/EOSSDK/SDK/Bin/Android/include/eos_types.h,1,1,2
/media/ullmann/HDDGabriel/engines/UnrealEngine/Engine/Source/Runtime/Online/BuildPatchServices/Private/Installer/FileAttribution.h,1,0,1
/media/ullmann/HDDGabriel/engines/UnrealEngine/Engine/Source/ThirdParty/Android/libunwind/libunwind/src/mi/Lget_reg.c,0,1,1
/media/ullmann/HDDGabriel/engines/UnrealEngine/Engine/Source/ThirdParty/Android/libunwind/libunwind/src/mi/Gget_reg.c,1,0,1
/media/ullmann/HDDGabriel/engines/UnrealEngine/Engine/Source/ThirdParty/PhysX3/APEX_1.4/module/clothing/embedded/LowLevelCloth/src/ClothBase.h,1,0,1
/media/ullmann/HDDGabriel/engines/UnrealEngine/Engine/Source/Runtime/Engine/Public/ChartCreation.h,0,1,1
/media/ullmann/HDDGabriel/engines/UnrealEngine/Engine/Source/Runtime/Engine/Public/Scalability.h,4,0,4
/media/ullmann/HDDGabriel/engines/UnrealEngine/Engine/Source/ThirdParty/ShaderConductor/ShaderConductor/External/DirectXShaderCompiler/tools/clang/lib/StaticAnalyzer/Checkers/CallAndMessageChecker.cpp,0,1,1
/media/ullmann/HDDGabriel/engines/UnrealEngine/Engine/Source/ThirdParty/Intel/ISPC/ispc-1.16.1/ispcrt/detail/Device.h,2,4,6
/media/ullmann/HDDGabriel/engines/UnrealEngine/Engine/Source/ThirdParty/HarfBuzz/harfbuzz-1.2.4/src/hb-ot-shape-complex-default.cc,0,1,1
/media/ullmann/HDDGabriel/engines/UnrealEngine/Engine/Source/ThirdParty/Vulkan/Include/shaderc/shaderc.hpp,0,1,1
/media/ullmann/HDDGabriel/engines/UnrealEngine/Engine/Source/ThirdParty/Vulkan/Include/shaderc/shaderc.h,1,0,1
/media/ullmann/HDDGabriel/engines/UnrealEngine/Engine/Source/ThirdParty/FreeType2/FreeType2-2.10.0/src/psaux/psconv.c,1,2,3
/media/ullmann/HDDGabriel/engines/UnrealEngine/Engine/Source/ThirdParty/CryptoPP/5.6.5/include/fltrimpl.h,3,0,3
/media/ullmann/HDDGabriel/engines/UnrealEngine/Engine/Source/Runtime/Engine/Private/Materials/HLSLMaterialTranslator.cpp,0,1,1
/media/ullmann/HDDGabriel/engines/UnrealEngine/Engine/Source/Runtime/Engine/Private/Materials/HLSLMaterialTranslator.h,2,2,4
/media/ullmann/HDDGabriel/engines/UnrealEngine/Engine/Source/ThirdParty/ICU/icu4c-64_1/source/test/intltest/dtptngts.h,2,1,3
/media/ullmann/HDDGabriel/engines/UnrealEngine/Engine/Source/Runtime/RenderCore/Private/RenderGraphResources.cpp,0,2,2
/media/ullmann/HDDGabriel/engines/UnrealEngine/Engine/Source/ThirdParty/PhysX3/PhysX_3.4/Source/LowLevelParticles/src/PtCollisionPlane.cpp,0,1,1
/media/ullmann/HDDGabriel/engines/UnrealEngine/Engine/Source/ThirdParty/CryptoPP/5.6.2/include/twofish.cpp,0,3,3
/media/ullmann/HDDGabriel/engines/UnrealEngine/Engine/Source/ThirdParty/FBX/2020.2/include/fbxsdk/core/base/fbxtime.h,1,0,1
/media/ullmann/HDDGabriel/engines/UnrealEngine/Engine/Source/ThirdParty/Intel/ISPC/ispc-1.17.0/ispcrt/detail/Module.h,2,1,3
/media/ullmann/HDDGabriel/engines/UnrealEngine/Engine/Source/ThirdParty/OpenVDB/Deploy/openvdb-8.1.0/include/openvdb/tree/NodeUnion.h,1,0,1
/media/ullmann/HDDGabriel/engines/UnrealEngine/Engine/Source/ThirdParty/ShaderConductor/ShaderConductor/External/SPIRV-Cross/spirv_cpp.cpp,0,1,1
/media/ullmann/HDDGabriel/engines/UnrealEngine/Engine/Source/ThirdParty/ICU/icu4c-53_1/include/layout/playout.h,0,1,1
/media/ullmann/HDDGabriel/engines/UnrealEngine/Engine/Source/ThirdParty/ICU/icu4c-53_1/include/layout/plruns.h,1,0,1
/media/ullmann/HDDGabriel/engines/UnrealEngine/Engine/Source/ThirdParty/Android/libunwind/libunwind/src/ia64/Lstep.c,0,1,1
/media/ullmann/HDDGabriel/engines/UnrealEngine/Engine/Source/ThirdParty/Android/libunwind/libunwind/src/ia64/Gstep.c,1,2,3
/media/ullmann/HDDGabriel/engines/UnrealEngine/Engine/Source/ThirdParty/ICU/icu4c-53_1/source/test/intltest/ssearch.cpp,0,2,2
/media/ullmann/HDDGabriel/engines/UnrealEngine/Engine/Source/ThirdParty/ShaderConductor/ShaderConductor/External/DirectXShaderCompiler/tools/clang/tools/dxrfallbackcompiler/dxcutil.cpp,0,2,2
/media/ullmann/HDDGabriel/engines/UnrealEngine/Engine/Source/ThirdParty/ShaderConductor/ShaderConductor/External/DirectXShaderCompiler/tools/clang/tools/dxrfallbackcompiler/dxillib.h,3,0,3
/media/ullmann/HDDGabriel/engines/UnrealEngine/Engine/Source/ThirdParty/SDL2/SDL-gui-backend/src/audio/psp/SDL_pspaudio.h,1,1,2
/media/ullmann/HDDGabriel/engines/UnrealEngine/Engine/Source/Editor/EditorStyle/Public/Interfaces/IEditorStyleModule.h,1,0,1
/media/ullmann/HDDGabriel/engines/UnrealEngine/Engine/Source/ThirdParty/EOSSDK/SDK/Bin/IOS/EOSSDK.framework/Headers/eos_rtc_types.h,2,1,3
/media/ullmann/HDDGabriel/engines/UnrealEngine/Engine/Source/ThirdParty/SDL2/SDL-gui-backend/src/filesystem/vita/SDL_sysfilesystem.c,0,1,1
/media/ullmann/HDDGabriel/engines/UnrealEngine/Engine/Source/Runtime/TimeManagement/Public/FrameNumberDisplayFormat.h,1,0,1
/media/ullmann/HDDGabriel/engines/UnrealEngine/Engine/Source/Runtime/Experimental/Interchange/Engine/Private/Tasks/InterchangeTaskCompletion.h,2,0,2
/media/ullmann/HDDGabriel/engines/UnrealEngine/Engine/Source/ThirdParty/PhysX3/NvCloth/samples/external/imgui/1.49/imgui.h,3,1,4
/media/ullmann/HDDGabriel/engines/UnrealEngine/Engine/Source/ThirdParty/FreeType2/FreeType2-2.10.0/src/gzip/inftrees.c,1,3,4
/media/ullmann/HDDGabriel/engines/UnrealEngine/Engine/Source/ThirdParty/libOpus/opus-1.1/silk/arm/SigProc_FIX_armv5e.h,1,0,1
/media/ullmann/HDDGabriel/engines/UnrealEngine/Engine/Source/ThirdParty/openexr/openexr-3.1.1/src/lib/OpenEXR/ImfDoubleAttribute.cpp,0,1,1
/media/ullmann/HDDGabriel/engines/UnrealEngine/Engine/Source/ThirdParty/CryptoPP/5.6.5/include/hex.cpp,0,2,2
/media/ullmann/HDDGabriel/engines/UnrealEngine/Engine/Source/ThirdParty/Intel/TBB/IntelTBB-2019u8/src/test/test_aggregator.cpp,0,1,1
/media/ullmann/HDDGabriel/engines/UnrealEngine/Engine/Source/ThirdParty/Oculus/LibOVRPlatform/LibOVRPlatform/include/OVR_Requests_IAP.h,1,4,5
/media/ullmann/HDDGabriel/engines/UnrealEngine/Engine/Source/Editor/PropertyEditor/Private/EditConditionParserTests.cpp,0,4,4
/media/ullmann/HDDGabriel/engines/UnrealEngine/Engine/Source/ThirdParty/ICU/icu4c-64_1/source/test/intltest/calregts.cpp,0,2,2
/media/ullmann/HDDGabriel/engines/UnrealEngine/Engine/Source/Editor/SequencerWidgets/Private/STimeRange.cpp,0,1,1
/media/ullmann/HDDGabriel/engines/UnrealEngine/Engine/Source/Runtime/AIModule/Classes/DetourCrowdAIController.h,0,1,1
/media/ullmann/HDDGabriel/engines/UnrealEngine/Engine/Source/Editor/Persona/Private/PersonaPreviewSceneAnimationController.cpp,0,3,3
/media/ullmann/HDDGabriel/engines/UnrealEngine/Engine/Source/ThirdParty/ICU/icu4c-53_1/source/test/intltest/ucharstrietest.cpp,0,1,1
/media/ullmann/HDDGabriel/engines/UnrealEngine/Engine/Source/ThirdParty/Alembic/alembic-1.8.2/python/PyAlembic/PyAbcGeomTypes.cpp,0,1,1
/media/ullmann/HDDGabriel/engines/UnrealEngine/Engine/Source/Runtime/Experimental/Chaos/Public/BoneHierarchy.h,0,1,1
/media/ullmann/HDDGabriel/engines/UnrealEngine/Engine/Source/Runtime/Experimental/Chaos/Public/PhysicsProxy/AnalyticImplicitGroup.h,1,0,1
/media/ullmann/HDDGabriel/engines/UnrealEngine/Engine/Source/Editor/AnimGraph/Private/EditModes/FabrikEditMode.h,1,0,1
/media/ullmann/HDDGabriel/engines/UnrealEngine/Engine/Source/Runtime/Apple/MetalRHI/Private/MetalLLM.cpp,0,2,2
/media/ullmann/HDDGabriel/engines/UnrealEngine/Engine/Source/ThirdParty/libOpus/opus-1.0.3/silk/float/apply_sine_window_FLP.c,0,1,1
/media/ullmann/HDDGabriel/engines/UnrealEngine/Engine/Source/ThirdParty/xxhash/tests/collisions/threading.c,0,1,1
/media/ullmann/HDDGabriel/engines/UnrealEngine/Engine/Source/ThirdParty/xxhash/tests/collisions/threading.h,2,0,2
/media/ullmann/HDDGabriel/engines/UnrealEngine/Engine/Source/ThirdParty/OpenSubdiv/OpenSubdiv-3.4.4/regression/shapes/catmark_fvar_bound4.h,1,0,1
/media/ullmann/HDDGabriel/engines/UnrealEngine/Engine/Source/ThirdParty/Intel/Embree/Embree2140/src/kernels/subdiv/catmullclark_ring.h,1,4,5
/media/ullmann/HDDGabriel/engines/UnrealEngine/Engine/Source/ThirdParty/Intel/MetricsDiscovery/MetricsDiscoveryHelper/samples/range_sample_dx11/imgui/stb_textedit.h,2,0,2
/media/ullmann/HDDGabriel/engines/UnrealEngine/Engine/Source/Editor/PackagesDialog/Private/PackagesDialog.cpp,0,1,1
/media/ullmann/HDDGabriel/engines/UnrealEngine/Engine/Source/Editor/PackagesDialog/Private/SPackagesDialog.h,2,0,2
/media/ullmann/HDDGabriel/engines/UnrealEngine/Engine/Source/ThirdParty/Intel/ISPCTexComp/ISPC HDR Texture Compressor/processing.cpp,0,2,2
/media/ullmann/HDDGabriel/engines/UnrealEngine/Engine/Source/ThirdParty/Intel/ISPCTexComp/ISPC HDR Texture Compressor/StopWatch.h,2,0,2
/media/ullmann/HDDGabriel/engines/UnrealEngine/Engine/Source/ThirdParty/OpenSubdiv/OpenSubdiv-3.4.4/regression/shapes/catmark_torus.h,1,0,1
/media/ullmann/HDDGabriel/engines/UnrealEngine/Engine/Source/Runtime/Renderer/Private/BlueNoise.cpp,0,1,1
/media/ullmann/HDDGabriel/engines/UnrealEngine/Engine/Source/Developer/AutomationWindow/Private/SAutomationGraphicalResultBox.cpp,0,1,1
/media/ullmann/HDDGabriel/engines/UnrealEngine/Engine/Source/Runtime/Engine/Classes/Sound/SoundEffectSubmix.h,1,0,1
/media/ullmann/HDDGabriel/engines/UnrealEngine/Engine/Source/ThirdParty/FreeType2/FreeType2-2.6/Include/ftgasp.h,0,1,1
/media/ullmann/HDDGabriel/engines/UnrealEngine/Engine/Source/Editor/Sequencer/Public/AnimatedPropertyKey.h,2,0,2
/media/ullmann/HDDGabriel/engines/UnrealEngine/Engine/Source/ThirdParty/Oculus/LibOVRPlatform/LibOVRPlatform/include/OVR_RoomJoinPolicy.h,3,1,4
/media/ullmann/HDDGabriel/engines/UnrealEngine/Engine/Source/ThirdParty/HarfBuzz/harfbuzz-2.4.0/src/hb-ot-math.h,1,1,2
/media/ullmann/HDDGabriel/engines/UnrealEngine/Engine/Source/Developer/AutomationDriver/Private/Locators/SlateWidgetLocatorByUniqueTag.cpp,0,1,1
/media/ullmann/HDDGabriel/engines/UnrealEngine/Engine/Source/Developer/AutomationDriver/Private/Locators/SlateWidgetLocatorByUniqueTag.h,1,0,1
/media/ullmann/HDDGabriel/engines/UnrealEngine/Engine/Source/Runtime/Online/BuildPatchServices/Private/Installer/ChunkReferenceTracker.h,2,0,2
/media/ullmann/HDDGabriel/engines/UnrealEngine/Engine/Source/ThirdParty/ICU/icu4c-53_1/source/test/cintltst/spreptst.c,0,2,2
/media/ullmann/HDDGabriel/engines/UnrealEngine/Engine/Source/ThirdParty/SDL2/SDL-gui-backend/src/libm/e_pow.c,0,2,2
/media/ullmann/HDDGabriel/engines/UnrealEngine/Engine/Source/ThirdParty/SDL2/SDL-gui-backend/src/audio/SDL_mixer.c,0,2,2
/media/ullmann/HDDGabriel/engines/UnrealEngine/Engine/Source/ThirdParty/ICU/icu4c-53_1/source/test/letest/testdata.cpp,0,1,1
/media/ullmann/HDDGabriel/engines/UnrealEngine/Engine/Source/ThirdParty/CryptoPP/5.6.2/include/polynomi.cpp,1,3,4
/media/ullmann/HDDGabriel/engines/UnrealEngine/Engine/Source/ThirdParty/openexr/openexr-3.1.1/src/lib/OpenEXR/ImfOutputPartData.cpp,0,2,2
/media/ullmann/HDDGabriel/engines/UnrealEngine/Engine/Source/ThirdParty/ICU/icu4c-53_1/source/samples/layout/pflow.c,0,3,3
/media/ullmann/HDDGabriel/engines/UnrealEngine/Engine/Source/ThirdParty/nvTextureTools/nvTextureTools-2.0.8/src/gnuwin32/include/png.h,0,2,2
/media/ullmann/HDDGabriel/engines/UnrealEngine/Engine/Source/ThirdParty/nvTextureTools/nvTextureTools-2.0.8/src/gnuwin32/include/pngconf.h,1,0,1
/media/ullmann/HDDGabriel/engines/UnrealEngine/Engine/Source/Runtime/Renderer/Private/Lumen/LumenSceneDirectLighting.cpp,0,2,2
/media/ullmann/HDDGabriel/engines/UnrealEngine/Engine/Source/ThirdParty/ICU/icu4c-64_1/source/test/intltest/tzoffloc.h,2,1,3
/media/ullmann/HDDGabriel/engines/UnrealEngine/Engine/Source/ThirdParty/ICU/icu4c-64_1/source/tools/gensprep/store.c,0,1,1
/media/ullmann/HDDGabriel/engines/UnrealEngine/Engine/Source/ThirdParty/ShaderConductor/ShaderConductor/External/DirectXShaderCompiler/tools/llvm-cov/CoverageFilters.h,2,0,2
/media/ullmann/HDDGabriel/engines/UnrealEngine/Engine/Source/ThirdParty/Intel/Embree/Embree2140/src/common/simd/vfloat4_sse2.h,1,0,1
/media/ullmann/HDDGabriel/engines/UnrealEngine/Engine/Source/Runtime/Engine/Public/SystemSettings.h,1,1,2
/media/ullmann/HDDGabriel/engines/UnrealEngine/Engine/Source/ThirdParty/ShaderConductor/ShaderConductor/External/DirectXShaderCompiler/utils/TableGen/DAGISelMatcher.cpp,0,3,3
/media/ullmann/HDDGabriel/engines/UnrealEngine/Engine/Source/ThirdParty/OpenVDB/Deploy/openvdb-8.1.0/include/openvdb/math/Ray.h,0,3,3
/media/ullmann/HDDGabriel/engines/UnrealEngine/Engine/Source/ThirdParty/FreeType2/FreeType2-2.10.4/src/gxvalid/gxvmort0.c,1,1,2
/media/ullmann/HDDGabriel/engines/UnrealEngine/Engine/Source/ThirdParty/Windows/glTF-Toolkit/glTF-Toolkit.Test/Helpers/StreamMock.h,3,0,3
/media/ullmann/HDDGabriel/engines/UnrealEngine/Engine/Source/ThirdParty/MCPP/mcpp-2.7.2/test-c/m_36_sjis.c,0,1,1
/media/ullmann/HDDGabriel/engines/UnrealEngine/Engine/Source/ThirdParty/FreeType2/FreeType2-2.4.12/src/cff/cffparse.h,4,1,5
/media/ullmann/HDDGabriel/engines/UnrealEngine/Engine/Source/ThirdParty/ICU/icu4c-64_1/source/common/unicode/schriter.h,3,0,3
/media/ullmann/HDDGabriel/engines/UnrealEngine/Engine/Source/ThirdParty/Windows/glTF-Toolkit/glTF-Toolkit.UWP/WindowsMRConversion.h,1,0,1
/media/ullmann/HDDGabriel/engines/UnrealEngine/Engine/Source/ThirdParty/llvm/8/include/llvm/BinaryFormat/ELFRelocs/AVR.def,1,0,1
/media/ullmann/HDDGabriel/engines/UnrealEngine/Engine/Source/ThirdParty/FreeType2/FreeType2-2.10.0/src/autofit/afcjk.h,3,2,5
/media/ullmann/HDDGabriel/engines/UnrealEngine/Engine/Source/ThirdParty/ICU/icu4c-53_1/source/samples/translit/answers/unaccent.cpp,0,1,1
/media/ullmann/HDDGabriel/engines/UnrealEngine/Engine/Source/Runtime/Slate/Public/Widgets/Input/SVirtualJoystick.h,1,0,1
/media/ullmann/HDDGabriel/engines/UnrealEngine/Engine/Source/ThirdParty/PhysX3/APEX_1.4/module/clothing/embedded/LowLevelCloth/src/neon/Simd4i.h,1,0,1
/media/ullmann/HDDGabriel/engines/UnrealEngine/Engine/Source/ThirdParty/PhysX3/NvCloth/samples/SampleBase/renderer/CustomRenderMesh.cpp,0,1,1
/media/ullmann/HDDGabriel/engines/UnrealEngine/Engine/Source/ThirdParty/PhysX3/NvCloth/samples/SampleBase/renderer/CustomRenderMesh.h,3,1,4
/media/ullmann/HDDGabriel/engines/UnrealEngine/Engine/Source/ThirdParty/openexr/openexr-3.1.1/src/lib/OpenEXR/ImfVersion.cpp,0,2,2
/media/ullmann/HDDGabriel/engines/UnrealEngine/Engine/Source/ThirdParty/ShaderConductor/ShaderConductor/External/SPIRV-Tools/source/opt/inst_buff_addr_check_pass.cpp,0,1,1
/media/ullmann/HDDGabriel/engines/UnrealEngine/Engine/Source/ThirdParty/ShaderConductor/ShaderConductor/External/SPIRV-Tools/source/opt/inst_buff_addr_check_pass.h,1,1,2
/media/ullmann/HDDGabriel/engines/UnrealEngine/Engine/Source/ThirdParty/Breakpad/src/third_party/libdisasm/x86_format.c,0,1,1
/media/ullmann/HDDGabriel/engines/UnrealEngine/Engine/Source/Runtime/Engine/Public/Rendering/ColorVertexBuffer.h,1,0,1
/media/ullmann/HDDGabriel/engines/UnrealEngine/Engine/Source/ThirdParty/Boost/boost-1_70_0/include/boost/safe_numerics/range_value.hpp,0,1,1
/media/ullmann/HDDGabriel/engines/UnrealEngine/Engine/Source/ThirdParty/Steamworks/Steamv151/sdk/public/steam/steamencryptedappticket.h,0,1,1
/media/ullmann/HDDGabriel/engines/UnrealEngine/Engine/Source/Runtime/Apple/MetalRHI/Private/Shaders/Types/MetalGeometryShader.h,1,0,1
/media/ullmann/HDDGabriel/engines/UnrealEngine/Engine/Source/Runtime/D3D12RHI/Private/D3D12RHI.cpp,0,1,1
/media/ullmann/HDDGabriel/engines/UnrealEngine/Engine/Source/Runtime/Core/Public/Math/ScaleMatrix.h,3,0,3
/media/ullmann/HDDGabriel/engines/UnrealEngine/Engine/Source/ThirdParty/Python3/Linux/include/python3.9/cpython/frameobject.h,1,0,1
/media/ullmann/HDDGabriel/engines/UnrealEngine/Engine/Source/ThirdParty/libcurl/curl-7.55.1/include/Android/x86/curl/mprintf.h,0,1,1
/media/ullmann/HDDGabriel/engines/UnrealEngine/Engine/Source/ThirdParty/ICU/icu4c-53_1/source/common/uvectr64.cpp,0,3,3
/media/ullmann/HDDGabriel/engines/UnrealEngine/Engine/Source/Runtime/Engine/Private/Streaming/LevelTextureManager.h,0,2,2
/media/ullmann/HDDGabriel/engines/UnrealEngine/Engine/Source/Runtime/Engine/Private/Streaming/StaticTextureInstanceManager.h,1,0,1
/media/ullmann/HDDGabriel/engines/UnrealEngine/Engine/Source/Runtime/Engine/Private/Streaming/Texture2DStreamIn_DDC.h,2,1,3
/media/ullmann/HDDGabriel/engines/UnrealEngine/Engine/Source/ThirdParty/Steamworks/Steamv151/sdk/public/steam/isteamuser.h,1,1,2
/media/ullmann/HDDGabriel/engines/UnrealEngine/Engine/Source/Runtime/CoreUObject/Public/UObject/CoreNetTypes.h,1,0,1
/media/ullmann/HDDGabriel/engines/UnrealEngine/Engine/Source/ThirdParty/Intel/Embree/Embree270/src/kernels/algorithms/parallel_reduce.cpp,0,1,1
/media/ullmann/HDDGabriel/engines/UnrealEngine/Engine/Source/ThirdParty/ICU/icu4c-53_1/source/common/unicode/icuplug.h,3,0,3
/media/ullmann/HDDGabriel/engines/UnrealEngine/Engine/Source/ThirdParty/ICU/icu4c-64_1/source/i18n/unicode/numberrangeformatter.h,2,0,2
/media/ullmann/HDDGabriel/engines/UnrealEngine/Engine/Source/ThirdParty/PhysX3/APEX_1.4/module/destructible/include/DestructibleActorProxy.h,0,3,3
/media/ullmann/HDDGabriel/engines/UnrealEngine/Engine/Source/ThirdParty/FreeType2/FreeType2-2.6/Src/cff/cfftypes.h,3,0,3
/media/ullmann/HDDGabriel/engines/UnrealEngine/Engine/Source/ThirdParty/Alembic/alembic-1.8.2/python/PyAlembic/PyOPoints.cpp,0,3,3
/media/ullmann/HDDGabriel/engines/UnrealEngine/Engine/Source/Runtime/Slate/Public/Widgets/Input/SRichTextHyperlink.h,1,0,1
/media/ullmann/HDDGabriel/engines/UnrealEngine/Engine/Source/Runtime/Core/Private/HAL/LowLevelMemTracker.cpp,0,1,1
/media/ullmann/HDDGabriel/engines/UnrealEngine/Engine/Source/ThirdParty/FBX/2020.2/include/fbxsdk/core/base/fbxmap.h,1,0,1
/media/ullmann/HDDGabriel/engines/UnrealEngine/Engine/Source/ThirdParty/openexr/Deploy/openexr-3.1.1/include/OpenEXR/ImfTiledInputFile.h,0,4,4
/media/ullmann/HDDGabriel/engines/UnrealEngine/Engine/Source/Editor/CurveAssetEditor/Private/CurveAssetEditor.cpp,0,2,2
/media/ullmann/HDDGabriel/engines/UnrealEngine/Engine/Source/Editor/CurveAssetEditor/Private/SColorGradientCurveEditorView.h,2,0,2
/media/ullmann/HDDGabriel/engines/UnrealEngine/Engine/Source/ThirdParty/openexr/openexr-3.1.1/src/lib/OpenEXR/ImfInt64.h,0,1,1
/media/ullmann/HDDGabriel/engines/UnrealEngine/Engine/Source/Editor/MeshPaint/Private/MeshPaintHelpers.cpp,0,1,1
/media/ullmann/HDDGabriel/engines/UnrealEngine/Engine/Source/ThirdParty/Oculus/LibOVRPlatform/LibOVRPlatform/include/OVR_SdkAccount.h,2,3,5
/media/ullmann/HDDGabriel/engines/UnrealEngine/Engine/Source/Runtime/Engine/Private/SkeletalRenderGPUSkin.cpp,0,2,2
/media/ullmann/HDDGabriel/engines/UnrealEngine/Engine/Source/Runtime/Engine/Private/SkeletalRender.h,5,0,5
/media/ullmann/HDDGabriel/engines/UnrealEngine/Engine/Source/ThirdParty/PhysX3/NvCloth/samples/SampleBase/scene/scenes/TriangleScene.cpp,0,1,1
/media/ullmann/HDDGabriel/engines/UnrealEngine/Engine/Source/ThirdParty/PhysX3/NvCloth/samples/SampleBase/scene/scenes/TriangleScene.h,1,0,1
/media/ullmann/HDDGabriel/engines/UnrealEngine/Engine/Source/Editor/IntroTutorials/Private/EditorTutorialImportFactory.cpp,0,1,1
/media/ullmann/HDDGabriel/engines/UnrealEngine/Engine/Source/Editor/IntroTutorials/Private/EditorTutorialImportFactory.h,1,0,1
/media/ullmann/HDDGabriel/engines/UnrealEngine/Engine/Source/ThirdParty/MCPP/mcpp-2.7.2/cpp-test/test-l/l_37_2.c,0,1,1
/media/ullmann/HDDGabriel/engines/UnrealEngine/Engine/Source/ThirdParty/MCPP/mcpp-2.7.2/cpp-test/test-l/l_37_1.h,1,0,1
/media/ullmann/HDDGabriel/engines/UnrealEngine/Engine/Source/ThirdParty/FreeType2/FreeType2-2.4.12/src/psaux/afmparse.h,2,0,2
/media/ullmann/HDDGabriel/engines/UnrealEngine/Engine/Source/ThirdParty/Android/libunwind/libunwind/src/ppc32/Gglobal.c,1,1,2
/media/ullmann/HDDGabriel/engines/UnrealEngine/Engine/Source/ThirdParty/ICU/icu4c-53_1/source/layout/GlyphSubstitutionTables.cpp,0,10,10
/media/ullmann/HDDGabriel/engines/UnrealEngine/Engine/Source/ThirdParty/PhysX3/PhysX_3.4/Source/LowLevel/common/include/pipeline/PxcMaterialMethodImpl.h,1,0,1
/media/ullmann/HDDGabriel/engines/UnrealEngine/Engine/Source/Runtime/Renderer/Private/RayTracing/RaytracingSkylight.cpp,0,2,2
/media/ullmann/HDDGabriel/engines/UnrealEngine/Engine/Source/Runtime/Renderer/Private/RayTracing/RayTracingSkyLight.h,2,0,2
/media/ullmann/HDDGabriel/engines/UnrealEngine/Engine/Source/Editor/BlueprintGraph/Classes/EdGraphSchema_K2_Actions.h,0,1,1
/media/ullmann/HDDGabriel/engines/UnrealEngine/Engine/Source/ThirdParty/PhysX3/APEX_1.4/include/UserRenderBoneBuffer.h,1,2,3
/media/ullmann/HDDGabriel/engines/UnrealEngine/Engine/Source/ThirdParty/Steamworks/Steamv151/sdk/public/steam/isteamugc.h,1,2,3
/media/ullmann/HDDGabriel/engines/UnrealEngine/Engine/Source/ThirdParty/SDL2/SDL-gui-backend/src/sensor/vita/SDL_vitasensor.h,1,0,1
/media/ullmann/HDDGabriel/engines/UnrealEngine/Engine/Source/ThirdParty/ShaderConductor/ShaderConductor/External/SPIRV-Tools/source/opt/def_use_manager.h,2,0,2
/media/ullmann/HDDGabriel/engines/UnrealEngine/Engine/Source/Runtime/Experimental/Chaos/Public/Chaos/ISpatialAcceleration.h,0,2,2
/media/ullmann/HDDGabriel/engines/UnrealEngine/Engine/Source/Runtime/Experimental/Chaos/Public/Chaos/GeometryParticlesfwd.h,3,0,3
/media/ullmann/HDDGabriel/engines/UnrealEngine/Engine/Source/Editor/PhysicsAssetEditor/Private/PhysicsAssetEditorSkeletonTreeBuilder.cpp,0,4,4
/media/ullmann/HDDGabriel/engines/UnrealEngine/Engine/Source/ThirdParty/ICU/icu4c-53_1/source/i18n/unesctrn.cpp,0,1,1
/media/ullmann/HDDGabriel/engines/UnrealEngine/Engine/Source/ThirdParty/ICU/icu4c-53_1/source/i18n/unesctrn.h,2,1,3
/media/ullmann/HDDGabriel/engines/UnrealEngine/Engine/Source/ThirdParty/hlslcc/hlslcc/src/hlslcc_lib/hlsl_parser.h,1,0,1
/media/ullmann/HDDGabriel/engines/UnrealEngine/Engine/Source/ThirdParty/nvTextureTools/nvTextureTools-2.0.6/src/src/nvtt/squish/weightedclusterfit.h,2,4,6
/media/ullmann/HDDGabriel/engines/UnrealEngine/Engine/Source/Editor/AnimGraph/Public/AnimGraphNode_RotateRootBone.h,0,1,1
/media/ullmann/HDDGabriel/engines/UnrealEngine/Engine/Source/ThirdParty/CryptoPP/5.6.5/include/rc5.cpp,0,4,4
/media/ullmann/HDDGabriel/engines/UnrealEngine/Engine/Source/ThirdParty/SDL2/SDL-gui-backend/src/thread/SDL_thread.c,0,4,4
/media/ullmann/HDDGabriel/engines/UnrealEngine/Engine/Source/Developer/TraceInsights/Private/Insights/Table/Widgets/STableTreeView.cpp,0,1,1
/media/ullmann/HDDGabriel/engines/UnrealEngine/Engine/Source/Developer/TraceInsights/Private/Insights/Table/Widgets/STableTreeView.h,1,0,1
/media/ullmann/HDDGabriel/engines/UnrealEngine/Engine/Source/ThirdParty/libPNG/libPNG-1.6.37/contrib/visupng/PngFile.c,0,1,1
/media/ullmann/HDDGabriel/engines/UnrealEngine/Engine/Source/ThirdParty/libPNG/libPNG-1.6.37/contrib/visupng/cexcept.h,2,0,2
/media/ullmann/HDDGabriel/engines/UnrealEngine/Engine/Source/Developer/Merge/Private/SMergeTreeView.cpp,0,1,1
/media/ullmann/HDDGabriel/engines/UnrealEngine/Engine/Source/ThirdParty/OpenSubdiv/OpenSubdiv-3.4.4/regression/shapes/bilinear_nonquads1.h,1,0,1
/media/ullmann/HDDGabriel/engines/UnrealEngine/Engine/Source/ThirdParty/libOpus/opus-1.0.3/silk/float/regularize_correlations_FLP.c,0,1,1
/media/ullmann/HDDGabriel/engines/UnrealEngine/Engine/Source/ThirdParty/Steamworks/Steamv147/sdk/public/steam/matchmakingtypes.h,1,0,1
/media/ullmann/HDDGabriel/engines/UnrealEngine/Engine/Source/ThirdParty/nvTextureTools/nvTextureTools-2.0.6/src/src/nvtt/squish/weightedclusterfit.cpp,0,3,3
/media/ullmann/HDDGabriel/engines/UnrealEngine/Engine/Source/ThirdParty/ShaderConductor/ShaderConductor/External/SPIRV-Tools/test/opt/pch_test_opt.cpp,0,1,1
/media/ullmann/HDDGabriel/engines/UnrealEngine/Engine/Source/ThirdParty/ShaderConductor/ShaderConductor/External/SPIRV-Tools/test/opt/pch_test_opt.h,1,0,1
/media/ullmann/HDDGabriel/engines/UnrealEngine/Engine/Source/ThirdParty/ICU/icu4c-64_1/source/i18n/number_longnames.cpp,0,2,2
/media/ullmann/HDDGabriel/engines/UnrealEngine/Engine/Source/Editor/MovieSceneTools/Private/TrackEditors/TransformTrackEditor.h,1,0,1
/media/ullmann/HDDGabriel/engines/UnrealEngine/Engine/Source/Runtime/Experimental/GeometryCollectionEngine/Public/ChaosBreakingEventFilter.h,1,1,2
/media/ullmann/HDDGabriel/engines/UnrealEngine/Engine/Source/ThirdParty/FreeType2/FreeType2-2.6/Src/base/fttrigon.c,1,0,1
/media/ullmann/HDDGabriel/engines/UnrealEngine/Engine/Source/ThirdParty/WebRTC/4147/Include/third_party/libjpeg_turbo/jdmainct.h,0,2,2
/media/ullmann/HDDGabriel/engines/UnrealEngine/Engine/Source/Runtime/Online/HTTPServer/Private/HttpConnectionRequestReadContext.cpp,0,3,3
/media/ullmann/HDDGabriel/engines/UnrealEngine/Engine/Source/Runtime/Online/BackgroundHTTP/Public/BackgroundHttpManagerImpl.h,0,2,2
/media/ullmann/HDDGabriel/engines/UnrealEngine/Engine/Source/Editor/PropertyEditor/Private/Presentation/PropertyTable/PropertyTable.h,1,0,1
/media/ullmann/HDDGabriel/engines/UnrealEngine/Engine/Source/Runtime/Core/Public/Misc/CoreMisc.h,2,0,2
/media/ullmann/HDDGabriel/engines/UnrealEngine/Engine/Source/ThirdParty/MCPP/mcpp-2.7.2/cpp-test/test-l/nest45.h,1,1,2
/media/ullmann/HDDGabriel/engines/UnrealEngine/Engine/Source/ThirdParty/MCPP/mcpp-2.7.2/cpp-test/test-l/nest46.h,1,1,2
/media/ullmann/HDDGabriel/engines/UnrealEngine/Engine/Source/ThirdParty/ICU/icu4c-64_1/source/i18n/unicode/compactdecimalformat.h,2,0,2
/media/ullmann/HDDGabriel/engines/UnrealEngine/Engine/Source/ThirdParty/MCPP/mcpp-2.7.2/test-l/nest68.h,1,1,2
/media/ullmann/HDDGabriel/engines/UnrealEngine/Engine/Source/ThirdParty/MCPP/mcpp-2.7.2/test-l/nest69.h,1,1,2
/media/ullmann/HDDGabriel/engines/UnrealEngine/Engine/Source/ThirdParty/FreeImage/FreeImage-3.18.0/Source/ZLib/uncompr.c,0,1,1
/media/ullmann/HDDGabriel/engines/UnrealEngine/Engine/Source/ThirdParty/libOpus/opus-1.3.1-12/silk/float/scale_copy_vector_FLP.c,0,1,1
/media/ullmann/HDDGabriel/engines/UnrealEngine/Engine/Source/ThirdParty/PhysX3/PhysX_3.4/Source/GeomUtils/src/contact/GuContactSpherePlane.cpp,0,1,1
/media/ullmann/HDDGabriel/engines/UnrealEngine/Engine/Source/ThirdParty/Intel/Embree/Embree2140/src/kernels/geometry/instance_intersector1.h,1,2,3
/media/ullmann/HDDGabriel/engines/UnrealEngine/Engine/Source/ThirdParty/FreeType2/FreeType2-2.10.4/src/cff/cfftoken.h,1,0,1
/media/ullmann/HDDGabriel/engines/UnrealEngine/Engine/Source/Runtime/VulkanRHI/Private/VulkanDescriptorSets.h,4,1,5
/media/ullmann/HDDGabriel/engines/UnrealEngine/Engine/Source/Programs/Enterprise/Datasmith/DatasmithMaxExporter/Private/MaxMaterialsToUEPbr/DatasmithMaxVrayMaterialsToUEPbr.h,0,1,1
/media/ullmann/HDDGabriel/engines/UnrealEngine/Engine/Source/ThirdParty/FreeImage/FreeImage-3.18.0/Source/OpenEXR/IlmImf/ImfEnvmapAttribute.cpp,0,1,1
/media/ullmann/HDDGabriel/engines/UnrealEngine/Engine/Source/ThirdParty/PhysX3/PhysX_3.4/Include/extensions/PxRigidBodyExt.h,1,0,1
/media/ullmann/HDDGabriel/engines/UnrealEngine/Engine/Source/ThirdParty/SDL2/SDL-gui-backend/src/video/wayland/SDL_waylandvulkan.c,0,4,4
/media/ullmann/HDDGabriel/engines/UnrealEngine/Engine/Source/Editor/MaterialEditor/Private/MaterialEditingLibrary.cpp,0,2,2
/media/ullmann/HDDGabriel/engines/UnrealEngine/Engine/Source/Editor/AnimGraph/Public/AnimGraphNode_SequenceEvaluator.h,0,1,1
/media/ullmann/HDDGabriel/engines/UnrealEngine/Engine/Source/Runtime/Engine/Public/IStereoLayers.h,0,1,1
/media/ullmann/HDDGabriel/engines/UnrealEngine/Engine/Source/Runtime/Engine/Public/StereoLayerShapes.h,1,0,1
/media/ullmann/HDDGabriel/engines/UnrealEngine/Engine/Source/ThirdParty/Intel/Embree/Embree2140/include/embree2/rtcore.h,1,3,4
/media/ullmann/HDDGabriel/engines/UnrealEngine/Engine/Source/ThirdParty/Intel/Embree/Embree2140/include/embree2/rtcore_scene.h,1,0,1
/media/ullmann/HDDGabriel/engines/UnrealEngine/Engine/Source/Developer/MeshUtilities/Private/SkeletalMeshTools.cpp,0,1,1
/media/ullmann/HDDGabriel/engines/UnrealEngine/Engine/Source/Developer/MeshUtilities/Private/SkeletalMeshTools.h,3,0,3
/media/ullmann/HDDGabriel/engines/UnrealEngine/Engine/Source/ThirdParty/ICU/icu4c-53_1/source/io/ufile.c,0,2,2
/media/ullmann/HDDGabriel/engines/UnrealEngine/Engine/Source/ThirdParty/PhysX3/APEX_1.4/module/destructible_legacy/include/autogen/DestructibleActorParam_0p7.h,1,0,1
/media/ullmann/HDDGabriel/engines/UnrealEngine/Engine/Source/ThirdParty/openexr/openexr-3.1.1/src/lib/OpenEXR/ImfThreading.cpp,0,2,2
/media/ullmann/HDDGabriel/engines/UnrealEngine/Engine/Source/ThirdParty/CryptoPP/5.6.2/include/ida.h,2,3,5
/media/ullmann/HDDGabriel/engines/UnrealEngine/Engine/Source/ThirdParty/DirectShow/DirectShow-1.0.0/src/Public/measure.h,1,0,1
/media/ullmann/HDDGabriel/engines/UnrealEngine/Engine/Source/Runtime/Renderer/Private/Lumen/LumenScreenSpaceBentNormal.cpp,0,1,1
/media/ullmann/HDDGabriel/engines/UnrealEngine/Engine/Source/ThirdParty/OpenSubdiv/OpenSubdiv-3.4.4/regression/shapes/catmark_pole360.h,1,0,1
/media/ullmann/HDDGabriel/engines/UnrealEngine/Engine/Source/ThirdParty/MCPP/mcpp-2.7.2/cpp-test/test-l/nest66.h,1,1,2
/media/ullmann/HDDGabriel/engines/UnrealEngine/Engine/Source/ThirdParty/Intel/Embree/Embree2140/Win64/include/embree2/rtcore_ray.h,0,1,1
/media/ullmann/HDDGabriel/engines/UnrealEngine/Engine/Source/ThirdParty/WebRTC/4147/Include/third_party/libjpeg/jpeglibmangler.h,1,0,1
/media/ullmann/HDDGabriel/engines/UnrealEngine/Engine/Source/ThirdParty/DirectShow/DirectShow-1.0.0/src/Public/renbase.h,1,0,1
/media/ullmann/HDDGabriel/engines/UnrealEngine/Engine/Source/Developer/MeshUtilities/Private/MeshUtilitiesPrivate.h,4,1,5
/media/ullmann/HDDGabriel/engines/UnrealEngine/Engine/Source/Editor/UnrealEd/Public/GraphEditor.h,1,0,1
/media/ullmann/HDDGabriel/engines/UnrealEngine/Engine/Source/ThirdParty/HarfBuzz/harfbuzz-2.4.0/src/hb-map.hh,3,0,3
/media/ullmann/HDDGabriel/engines/UnrealEngine/Engine/Source/ThirdParty/ShaderConductor/ShaderConductor/External/DirectXShaderCompiler/tools/clang/lib/SPIRV/LowerTypeVisitor.cpp,0,1,1
/media/ullmann/HDDGabriel/engines/UnrealEngine/Engine/Source/ThirdParty/Python3/Linux/include/python3.9/cellobject.h,1,0,1
/media/ullmann/HDDGabriel/engines/UnrealEngine/Engine/Source/ThirdParty/openexr/openexr-3.1.1/src/test/OpenEXRTest/testBackwardCompatibility.h,2,0,2
/media/ullmann/HDDGabriel/engines/UnrealEngine/Engine/Source/ThirdParty/FreeType2/FreeType2-2.4.12/src/smooth/smooth.c,0,3,3
/media/ullmann/HDDGabriel/engines/UnrealEngine/Engine/Source/ThirdParty/ICU/icu4c-64_1/source/test/cintltst/cfintst.c,0,4,4
/media/ullmann/HDDGabriel/engines/UnrealEngine/Engine/Source/Runtime/SlateRHIRenderer/Private/SlateNativeTextureResource.cpp,0,1,1
/media/ullmann/HDDGabriel/engines/UnrealEngine/Engine/Source/ThirdParty/PhysX3/NvCloth/samples/external/imgui/1.49/examples/directx11_example/imgui_impl_dx11.cpp,0,1,1
/media/ullmann/HDDGabriel/engines/UnrealEngine/Engine/Source/ThirdParty/PhysX3/NvCloth/samples/external/imgui/1.49/examples/directx11_example/imgui_impl_dx11.h,2,0,2
/media/ullmann/HDDGabriel/engines/UnrealEngine/Engine/Source/ThirdParty/WebRTC/4147/Include/tools/clang/blink_gc_plugin/tests/base_requires_tracing.h,0,1,1
/media/ullmann/HDDGabriel/engines/UnrealEngine/Engine/Source/ThirdParty/Python3/Linux/include/python3.9/genericaliasobject.h,1,0,1
/media/ullmann/HDDGabriel/engines/UnrealEngine/Engine/Source/Developer/IOS/IOSTargetPlatform/Private/IOSTargetPlatform.cpp,0,1,1
/media/ullmann/HDDGabriel/engines/UnrealEngine/Engine/Source/ThirdParty/ICU/icu4c-53_1/source/test/cintltst/cnumtst.c,0,2,2
/media/ullmann/HDDGabriel/engines/UnrealEngine/Engine/Source/Editor/VREditor/UI/VREditorDockableCameraWindow.cpp,0,1,1
/media/ullmann/HDDGabriel/engines/UnrealEngine/Engine/Source/Editor/VREditor/UI/VREditorDockableCameraWindow.h,2,1,3
/media/ullmann/HDDGabriel/engines/UnrealEngine/Engine/Source/Editor/DetailCustomizations/Private/PerQualityLevelPropertyCustomization.cpp,0,1,1
/media/ullmann/HDDGabriel/engines/UnrealEngine/Engine/Source/Editor/DetailCustomizations/Private/PerQualityLevelPropertyCustomization.h,1,0,1
/media/ullmann/HDDGabriel/engines/UnrealEngine/Engine/Source/Editor/BlueprintGraph/Classes/K2Node_Copy.h,0,1,1
/media/ullmann/HDDGabriel/engines/UnrealEngine/Engine/Source/ThirdParty/openexr/openexr-3.1.1/src/test/OpenEXRTest/testLargeDataWindowOffsets.cpp,0,2,2
/media/ullmann/HDDGabriel/engines/UnrealEngine/Engine/Source/Runtime/Online/Stomp/Private/StompClient.cpp,0,4,4
/media/ullmann/HDDGabriel/engines/UnrealEngine/Engine/Source/ThirdParty/Breakpad/src/processor/cfi_frame_info.h,0,1,1
/media/ullmann/HDDGabriel/engines/UnrealEngine/Engine/Source/ThirdParty/Breakpad/src/processor/cfi_frame_info-inl.h,1,0,1
/media/ullmann/HDDGabriel/engines/UnrealEngine/Engine/Source/ThirdParty/ICU/icu4c-64_1/source/test/intltest/unifiedcachetest.cpp,0,1,1
/media/ullmann/HDDGabriel/engines/UnrealEngine/Engine/Source/ThirdParty/nvTextureTools/nvTextureTools-2.0.6/src/gnuwin32/include/jconfig.h,1,0,1
/media/ullmann/HDDGabriel/engines/UnrealEngine/Engine/Source/Runtime/RHICore/Public/RHICoreShader.h,0,1,1
/media/ullmann/HDDGabriel/engines/UnrealEngine/Engine/Source/Runtime/RHICore/Public/RHICore.h,1,0,1
/media/ullmann/HDDGabriel/engines/UnrealEngine/Engine/Source/ThirdParty/MCPP/mcpp-2.7.2/cpp-test/test-t/unbal5.h,1,0,1
/media/ullmann/HDDGabriel/engines/UnrealEngine/Engine/Source/Runtime/MovieScene/Public/Channels/MovieSceneChannelHandle.h,2,0,2
/media/ullmann/HDDGabriel/engines/UnrealEngine/Engine/Source/ThirdParty/MCPP/mcpp-2.7.2/test-l/nest123.h,1,1,2
/media/ullmann/HDDGabriel/engines/UnrealEngine/Engine/Source/ThirdParty/Steamworks/Steamv146/sdk/public/steam/isteamapps.h,1,1,2
/media/ullmann/HDDGabriel/engines/UnrealEngine/Engine/Source/ThirdParty/libcurl/include/Android/ARM64/curl/multi.h,1,1,2
/media/ullmann/HDDGabriel/engines/UnrealEngine/Engine/Source/ThirdParty/PhysX3/NvCloth/src/cuda/CuDevicePointer.h,1,1,2
/media/ullmann/HDDGabriel/engines/UnrealEngine/Engine/Source/ThirdParty/openexr/openexr-3.1.1/src/test/OpenEXRTest/testSampleImages.h,1,0,1
/media/ullmann/HDDGabriel/engines/UnrealEngine/Engine/Source/Developer/TurnkeyIO/Private/TurnkeyIOModule.cpp,0,1,1
/media/ullmann/HDDGabriel/engines/UnrealEngine/Engine/Source/ThirdParty/OpenSubdiv/OpenSubdiv-3.4.4/regression/shapes/catmark_pyramid_creases2.h,1,0,1
/media/ullmann/HDDGabriel/engines/UnrealEngine/Engine/Source/Editor/Sequencer/Private/SSequencerTreeFilterStatusBar.h,2,0,2
/media/ullmann/HDDGabriel/engines/UnrealEngine/Engine/Source/ThirdParty/PLCrashReporter/PLCrashReporter/Source/PLCrashSysctl.c,0,1,1
/media/ullmann/HDDGabriel/engines/UnrealEngine/Engine/Source/ThirdParty/PLCrashReporter/PLCrashReporter/Source/PLCrashSysctl.h,1,0,1
/media/ullmann/HDDGabriel/engines/UnrealEngine/Engine/Source/ThirdParty/AMD/Amf/core/Buffer.h,2,1,3
/media/ullmann/HDDGabriel/engines/UnrealEngine/Engine/Source/ThirdParty/ICU/icu4c-64_1/source/samples/layout/paragraph.cpp,0,3,3
/media/ullmann/HDDGabriel/engines/UnrealEngine/Engine/Source/Editor/DetailCustomizations/Private/GeneralProjectSettingsDetails.cpp,0,1,1
/media/ullmann/HDDGabriel/engines/UnrealEngine/Engine/Source/Editor/DetailCustomizations/Private/GeneralProjectSettingsDetails.h,2,0,2
/media/ullmann/HDDGabriel/engines/UnrealEngine/Engine/Source/ThirdParty/Intel/ISPC/ispc-1.17.0/benchmarks/01_trivial/04_fastdiv.cpp,0,1,1
/media/ullmann/HDDGabriel/engines/UnrealEngine/Engine/Source/Editor/AudioEditor/Private/SoundSubmixGraphNode.cpp,0,1,1
/media/ullmann/HDDGabriel/engines/UnrealEngine/Engine/Source/Editor/AudioEditor/Private/SoundSubmixEditor.h,5,0,5
/media/ullmann/HDDGabriel/engines/UnrealEngine/Engine/Source/Developer/TreeMap/Public/TreeMapStyle.h,1,0,1
/media/ullmann/HDDGabriel/engines/UnrealEngine/Engine/Source/ThirdParty/EOSSDK/SDK/Bin/Android/include/eos_titlestorage_types.h,2,1,3
/media/ullmann/HDDGabriel/engines/UnrealEngine/Engine/Source/Runtime/Core/Private/Internationalization/Internationalization.cpp,0,1,1
/media/ullmann/HDDGabriel/engines/UnrealEngine/Engine/Source/Runtime/Core/Private/Internationalization/LegacyInternationalization.h,1,0,1
/media/ullmann/HDDGabriel/engines/UnrealEngine/Engine/Source/Developer/TargetDeviceServices/Private/Proxies/TargetDeviceProxyManager.cpp,0,2,2
/media/ullmann/HDDGabriel/engines/UnrealEngine/Engine/Source/Developer/TargetDeviceServices/Private/Proxies/TargetDeviceProxyManager.h,1,0,1
/media/ullmann/HDDGabriel/engines/UnrealEngine/Engine/Source/ThirdParty/Intel/Embree/Embree2140/src/common/algorithms/parallel_for_for.h,4,1,5
/media/ullmann/HDDGabriel/engines/UnrealEngine/Engine/Source/Programs/HeadlessChaos/Public/GeometryCollection/GeometryCollectionTestVisibility.h,0,1,1
/media/ullmann/HDDGabriel/engines/UnrealEngine/Engine/Source/Runtime/Engine/Public/FinalPostProcessSettings.h,5,1,6
/media/ullmann/HDDGabriel/engines/UnrealEngine/Engine/Source/Programs/SwitchboardListener/Private/SwitchboardPacket.h,2,1,3
/media/ullmann/HDDGabriel/engines/UnrealEngine/Engine/Source/Programs/SwitchboardListener/Private/SwitchboardListenerVersion.h,2,0,2
/media/ullmann/HDDGabriel/engines/UnrealEngine/Engine/Source/Runtime/Renderer/Private/RendererOnScreenNotification.h,2,0,2
/media/ullmann/HDDGabriel/engines/UnrealEngine/Engine/Source/Editor/SceneOutliner/Public/ActorFolderHierarchy.h,0,1,1
/media/ullmann/HDDGabriel/engines/UnrealEngine/Engine/Source/Editor/SceneOutliner/Public/ISceneOutlinerHierarchy.h,3,3,6
/media/ullmann/HDDGabriel/engines/UnrealEngine/Engine/Source/Editor/DetailCustomizations/Private/CompositeRerouteCustomization.cpp,0,1,1
/media/ullmann/HDDGabriel/engines/UnrealEngine/Engine/Source/Editor/DetailCustomizations/Private/CompositeRerouteCustomization.h,2,0,2
/media/ullmann/HDDGabriel/engines/UnrealEngine/Engine/Source/ThirdParty/FreeImage/FreeImage-3.18.0/Source/LibJPEG/jdmerge.c,0,2,2
/media/ullmann/HDDGabriel/engines/UnrealEngine/Engine/Source/Runtime/SlateCore/Public/FastUpdate/SlateInvalidationRoot.h,0,1,1
/media/ullmann/HDDGabriel/engines/UnrealEngine/Engine/Source/Runtime/SlateCore/Public/FastUpdate/WidgetProxy.h,1,0,1
/media/ullmann/HDDGabriel/engines/UnrealEngine/Engine/Source/Runtime/Engine/Classes/Animation/AnimData/AnimDataModel.h,1,1,2
/media/ullmann/HDDGabriel/engines/UnrealEngine/Engine/Source/Runtime/Engine/Classes/Animation/AnimData/AnimDataNotifications.h,2,0,2
/media/ullmann/HDDGabriel/engines/UnrealEngine/Engine/Source/ThirdParty/ICU/icu4c-53_1/source/test/intltest/transtst.cpp,0,1,1
/media/ullmann/HDDGabriel/engines/UnrealEngine/Engine/Source/Editor/UnrealEd/Private/ReferenceInfoUtils.cpp,0,1,1
/media/ullmann/HDDGabriel/engines/UnrealEngine/Engine/Source/Editor/UnrealEd/Private/ReferenceInfoUtils.h,1,0,1
/media/ullmann/HDDGabriel/engines/UnrealEngine/Engine/Source/Runtime/SlateCore/Public/Sound/ISlateSoundDevice.h,1,0,1
/media/ullmann/HDDGabriel/engines/UnrealEngine/Engine/Source/ThirdParty/ICU/icu4c-53_1/source/common/unicode/uiter.h,3,0,3
/media/ullmann/HDDGabriel/engines/UnrealEngine/Engine/Source/Runtime/OpenGLDrv/Private/OpenGLUtil.cpp,0,1,1
/media/ullmann/HDDGabriel/engines/UnrealEngine/Engine/Source/ThirdParty/PhysX3/APEX_1.4/shared/general/HACD/public/SparseArray.h,0,1,1
/media/ullmann/HDDGabriel/engines/UnrealEngine/Engine/Source/ThirdParty/libOpus/opus-1.0.3/celt/entcode.c,0,2,2
/media/ullmann/HDDGabriel/engines/UnrealEngine/Engine/Source/ThirdParty/PhysX3/PhysX_3.4/Source/GeomUtils/src/gjk/GuVecSphere.h,0,1,1
/media/ullmann/HDDGabriel/engines/UnrealEngine/Engine/Source/Editor/BlueprintGraph/Classes/K2Node_InputTouch.h,0,2,2
/media/ullmann/HDDGabriel/engines/UnrealEngine/Engine/Source/ThirdParty/ShaderConductor/ShaderConductor/External/DirectXShaderCompiler/tools/clang/tools/dxrfallbackcompiler/dxcutil.h,2,0,2
/media/ullmann/HDDGabriel/engines/UnrealEngine/Engine/Source/Runtime/AVEncoder/Private/Decoders/vdecmpeg4/M4VlcDecoder.h,2,3,5
/media/ullmann/HDDGabriel/engines/UnrealEngine/Engine/Source/Runtime/Slate/Public/Widgets/Views/STileView.h,2,0,2
/media/ullmann/HDDGabriel/engines/UnrealEngine/Engine/Source/ThirdParty/PhysX3/PhysX_3.4/Source/LowLevel/API/include/PxsMaterialManager.h,0,1,1
/media/ullmann/HDDGabriel/engines/UnrealEngine/Engine/Source/ThirdParty/PhysX3/PhysX_3.4/Source/LowLevel/API/include/PxsMaterialCore.h,1,0,1
/media/ullmann/HDDGabriel/engines/UnrealEngine/Engine/Source/Runtime/Core/Public/GenericPlatform/GenericPlatformProperties.h,2,0,2
/media/ullmann/HDDGabriel/engines/UnrealEngine/Engine/Source/Developer/Windows/LiveCoding/Private/External/LC_PrimitiveNames.cpp,0,1,1
/media/ullmann/HDDGabriel/engines/UnrealEngine/Engine/Source/Editor/ContentBrowser/Private/ContentBrowserCommands.cpp,0,1,1
/media/ullmann/HDDGabriel/engines/UnrealEngine/Engine/Source/ThirdParty/glslang/glslang/src/glslang_lib/glslang/Include/ResourceLimits.h,2,0,2
/media/ullmann/HDDGabriel/engines/UnrealEngine/Engine/Source/Runtime/Online/BuildPatchServices/Private/BuildPatchServicesPrivate.h,3,0,3
/media/ullmann/HDDGabriel/engines/UnrealEngine/Engine/Source/ThirdParty/Imath/Imath-3.1.3/src/python/PyImath/PyImathFixedArrayTraits.h,1,0,1
/media/ullmann/HDDGabriel/engines/UnrealEngine/Engine/Source/ThirdParty/FreeType2/FreeType2-2.10.0/src/smooth/smooth.c,0,2,2
/media/ullmann/HDDGabriel/engines/UnrealEngine/Engine/Source/ThirdParty/FreeType2/FreeType2-2.10.0/src/smooth/ftgrays.c,1,2,3
/media/ullmann/HDDGabriel/engines/UnrealEngine/Engine/Source/ThirdParty/Vorbis/libvorbis-1.3.2/lib/modes/setup_44.h,1,0,1
/media/ullmann/HDDGabriel/engines/UnrealEngine/Engine/Source/ThirdParty/HarfBuzz/harfbuzz-2.4.0/src/hb-icu.h,1,1,2
/media/ullmann/HDDGabriel/engines/UnrealEngine/Engine/Source/Developer/DirectoryWatcher/Private/Mac/DirectoryWatcherMac.h,1,0,1
/media/ullmann/HDDGabriel/engines/UnrealEngine/Engine/Source/ThirdParty/PhysX3/NvCloth/samples/external/DirectXTex/10.5.2016.2/include/DirectXTex.h,0,1,1
/media/ullmann/HDDGabriel/engines/UnrealEngine/Engine/Source/ThirdParty/PhysX3/NvCloth/samples/external/DirectXTex/10.5.2016.2/include/DirectXTex.inl,1,0,1
/media/ullmann/HDDGabriel/engines/UnrealEngine/Engine/Source/Editor/BehaviorTreeEditor/Classes/BehaviorTreeGraphNode_SimpleParallel.h,0,1,1
/media/ullmann/HDDGabriel/engines/UnrealEngine/Engine/Source/Editor/BehaviorTreeEditor/Classes/BehaviorTreeGraphNode_Composite.h,1,1,2
/media/ullmann/HDDGabriel/engines/UnrealEngine/Engine/Source/Developer/HoloLens/HoloLensTargetPlatform/Private/HoloLensDeviceDetector.cpp,0,2,2
/media/ullmann/HDDGabriel/engines/UnrealEngine/Engine/Source/Runtime/MovieScene/Public/MovieSceneSpawnableAnnotation.h,0,2,2
/media/ullmann/HDDGabriel/engines/UnrealEngine/Engine/Source/Runtime/SlateCore/Public/Styling/SlateBrush.h,1,0,1
/media/ullmann/HDDGabriel/engines/UnrealEngine/Engine/Source/ThirdParty/FreeType2/FreeType2-2.10.4/src/base/ftbase.h,4,0,4
/media/ullmann/HDDGabriel/engines/UnrealEngine/Engine/Source/Runtime/VulkanRHI/Private/VulkanLoader.h,1,0,1
/media/ullmann/HDDGabriel/engines/UnrealEngine/Engine/Source/Runtime/Core/Public/Templates/AlignmentTemplates.h,3,0,3
/media/ullmann/HDDGabriel/engines/UnrealEngine/Engine/Source/Runtime/Engine/Public/Animation/ActiveStateMachineScope.h,0,1,1
/media/ullmann/HDDGabriel/engines/UnrealEngine/Engine/Source/Runtime/Engine/Private/Streaming/TextureStreamOut.h,1,1,2
/media/ullmann/HDDGabriel/engines/UnrealEngine/Engine/Source/ThirdParty/ShaderConductor/ShaderConductor/External/SPIRV-Cross/spirv_cfg.cpp,0,2,2
/media/ullmann/HDDGabriel/engines/UnrealEngine/Engine/Source/Runtime/SlateCore/Private/Debugging/ConsoleSlateDebugger.cpp,0,1,1
/media/ullmann/HDDGabriel/engines/UnrealEngine/Engine/Source/Runtime/SlateCore/Private/Debugging/ConsoleSlateDebugger.h,5,0,5
/media/ullmann/HDDGabriel/engines/UnrealEngine/Engine/Source/Editor/GraphEditor/Public/SGraphPinNameList.h,1,2,3
/media/ullmann/HDDGabriel/engines/UnrealEngine/Engine/Source/Editor/GraphEditor/Public/SNameComboBox.h,1,0,1
/media/ullmann/HDDGabriel/engines/UnrealEngine/Engine/Source/ThirdParty/Intel/ISPC/ispc-1.17.0/benchmarks/01_trivial/03_popcnt.cpp,0,1,1
/media/ullmann/HDDGabriel/engines/UnrealEngine/Engine/Source/ThirdParty/OpenSubdiv/OpenSubdiv-3.4.4/regression/shapes/catmark_tent_creases0.h,2,0,2
/media/ullmann/HDDGabriel/engines/UnrealEngine/Engine/Source/Runtime/Engine/Classes/Animation/AnimData/CurveIdentifier.h,1,0,1
/media/ullmann/HDDGabriel/engines/UnrealEngine/Engine/Source/ThirdParty/Imath/Imath-3.1.3/src/ImathTest/testBitPatterns.h,2,0,2
/media/ullmann/HDDGabriel/engines/UnrealEngine/Engine/Source/ThirdParty/ICU/icu4c-64_1/source/i18n/dtitvinf.cpp,0,4,4
/media/ullmann/HDDGabriel/engines/UnrealEngine/Engine/Source/ThirdParty/ShaderConductor/ShaderConductor/External/SPIRV-Tools/source/opt/remove_unused_interface_variables_pass.cpp,0,1,1
/media/ullmann/HDDGabriel/engines/UnrealEngine/Engine/Source/ThirdParty/ShaderConductor/ShaderConductor/External/SPIRV-Tools/source/opt/remove_unused_interface_variables_pass.h,1,0,1
/media/ullmann/HDDGabriel/engines/UnrealEngine/Engine/Source/ThirdParty/mtlpp/mtlpp-master-7efad47/interpose/MTIComputeCommandEncoder.hpp,0,1,1
/media/ullmann/HDDGabriel/engines/UnrealEngine/Engine/Source/Developer/TraceAnalysis/Private/Analysis/StreamReader.h,3,0,3
/media/ullmann/HDDGabriel/engines/UnrealEngine/Engine/Source/ThirdParty/EOSSDK/SDK/Bin/Android/include/eos_kws.h,0,1,1
/media/ullmann/HDDGabriel/engines/UnrealEngine/Engine/Source/Editor/MovieSceneTools/Private/Channels/IntegerChannelCurveModel.cpp,0,1,1
/media/ullmann/HDDGabriel/engines/UnrealEngine/Engine/Source/Runtime/Core/Public/Math/Vector4.h,3,0,3
/media/ullmann/HDDGabriel/engines/UnrealEngine/Engine/Source/Programs/UnrealTraceServer/src/Version.h,2,0,2
/media/ullmann/HDDGabriel/engines/UnrealEngine/Engine/Source/ThirdParty/ShaderConductor/ShaderConductor/External/SPIRV-Tools/include/spirv-tools/optimizer.hpp,0,1,1
/media/ullmann/HDDGabriel/engines/UnrealEngine/Engine/Source/ThirdParty/OpenSubdiv/OpenSubdiv-3.4.4/examples/common/hdr_reader.cpp,0,1,1
/media/ullmann/HDDGabriel/engines/UnrealEngine/Engine/Source/ThirdParty/FreeType2/FreeType2-2.10.0/src/autofit/afcover.h,2,0,2
/media/ullmann/HDDGabriel/engines/UnrealEngine/Engine/Source/ThirdParty/ICU/icu4c-53_1/source/test/perf/convperf/convperf.cpp,0,2,2
/media/ullmann/HDDGabriel/engines/UnrealEngine/Engine/Source/ThirdParty/ICU/icu4c-53_1/source/test/perf/convperf/convperf.h,1,0,1
/media/ullmann/HDDGabriel/engines/UnrealEngine/Engine/Source/ThirdParty/ShaderConductor/ShaderConductor/External/DirectXShaderCompiler/tools/clang/lib/Headers/bmiintrin.h,2,0,2
/media/ullmann/HDDGabriel/engines/UnrealEngine/Engine/Source/ThirdParty/openexr/openexr-3.1.1/src/lib/OpenEXRCore/openexr_errors.h,4,1,5
/media/ullmann/HDDGabriel/engines/UnrealEngine/Engine/Source/Editor/UnrealEd/Private/Toolkits/SGlobalTabSwitchingDialog.cpp,0,2,2
/media/ullmann/HDDGabriel/engines/UnrealEngine/Engine/Source/ThirdParty/PhysX3/PhysX_3.4/Source/SimulationController/src/ScMetaData.cpp,0,1,1
/media/ullmann/HDDGabriel/engines/UnrealEngine/Engine/Source/Editor/LevelEditor/Private/LevelEditorGenericDetails.cpp,0,2,2
/media/ullmann/HDDGabriel/engines/UnrealEngine/Engine/Source/Developer/AssetTools/Private/SAdvancedCopyReportDialog.cpp,0,1,1
/media/ullmann/HDDGabriel/engines/UnrealEngine/Engine/Source/Editor/AnimGraph/Private/AnimGraphNode_SaveCachedPose.cpp,0,1,1
/media/ullmann/HDDGabriel/engines/UnrealEngine/Engine/Source/ThirdParty/Boost/boost-1_70_0/include/boost/outcome/convert.hpp,1,1,2
/media/ullmann/HDDGabriel/engines/UnrealEngine/Engine/Source/Editor/WorldPartitionEditor/Private/WorldPartition/Customizations/WorldPartitionDetailsCustomization.h,2,0,2
/media/ullmann/HDDGabriel/engines/UnrealEngine/Engine/Source/ThirdParty/SDL2/SDL-gui-backend/src/video/qnx/gl.c,0,2,2
/media/ullmann/HDDGabriel/engines/UnrealEngine/Engine/Source/ThirdParty/Expat/expat-2.2.10/xmlwf/codepage.c,0,1,1
/media/ullmann/HDDGabriel/engines/UnrealEngine/Engine/Source/ThirdParty/Expat/expat-2.2.10/xmlwf/codepage.h,2,0,2
/media/ullmann/HDDGabriel/engines/UnrealEngine/Engine/Source/ThirdParty/OpenXR/include/openxr/openxr.h,2,1,3
/media/ullmann/HDDGabriel/engines/UnrealEngine/Engine/Source/ThirdParty/OpenXR/include/openxr/openxr_platform_defines.h,1,0,1
/media/ullmann/HDDGabriel/engines/UnrealEngine/Engine/Source/ThirdParty/Python3/Win64/include/cpython/abstract.h,1,0,1
/media/ullmann/HDDGabriel/engines/UnrealEngine/Engine/Source/ThirdParty/openexr/openexr-3.1.1/src/lib/OpenEXRCore/opaque.c,1,3,4
/media/ullmann/HDDGabriel/engines/UnrealEngine/Engine/Source/ThirdParty/MCPP/mcpp-2.7.2/test-l/nest12.h,1,1,2
/media/ullmann/HDDGabriel/engines/UnrealEngine/Engine/Source/ThirdParty/Intel/TBB/IntelTBB-2019u8/src/perf/perf.cpp,0,1,1
/media/ullmann/HDDGabriel/engines/UnrealEngine/Engine/Source/ThirdParty/Intel/TBB/IntelTBB-2019u8/src/perf/perf.h,2,0,2
/media/ullmann/HDDGabriel/engines/UnrealEngine/Engine/Source/Developer/DerivedDataCache/Public/DerivedDataBuildJob.h,1,2,3
/media/ullmann/HDDGabriel/engines/UnrealEngine/Engine/Source/ThirdParty/Crunch/src/crnlib/crn_rand.cpp,0,3,3
/media/ullmann/HDDGabriel/engines/UnrealEngine/Engine/Source/ThirdParty/Crunch/src/crnlib/crn_rand.h,5,0,5
/media/ullmann/HDDGabriel/engines/UnrealEngine/Engine/Source/ThirdParty/ICU/icu4c-53_1/source/common/unicode/stringpiece.h,3,0,3
/media/ullmann/HDDGabriel/engines/UnrealEngine/Engine/Source/ThirdParty/FreeType2/FreeType2-2.10.4/src/gzip/inflate.c,1,2,3
/media/ullmann/HDDGabriel/engines/UnrealEngine/Engine/Source/ThirdParty/PhysX3/APEX_1.4/module/clothing_legacy/include/autogen/ClothingPhysicalMeshParameters_0p1.h,1,0,1
/media/ullmann/HDDGabriel/engines/UnrealEngine/Engine/Source/Runtime/Engine/Classes/Engine/MaterialMerging.h,0,1,1
/media/ullmann/HDDGabriel/engines/UnrealEngine/Engine/Source/ThirdParty/PhysX3/APEX_1.4/module/clothing/embedded/LowLevelCloth/src/sse2/SimdTypes.h,1,0,1
/media/ullmann/HDDGabriel/engines/UnrealEngine/Engine/Source/ThirdParty/MCPP/mcpp-2.7.2/cpp-test/test-l/nest98.h,1,1,2
/media/ullmann/HDDGabriel/engines/UnrealEngine/Engine/Source/ThirdParty/MCPP/mcpp-2.7.2/cpp-test/test-l/nest99.h,1,1,2
/media/ullmann/HDDGabriel/engines/UnrealEngine/Engine/Source/ThirdParty/glslang/glslang/src/glslang_lib/SPIRV/Logger.cpp,0,1,1
/media/ullmann/HDDGabriel/engines/UnrealEngine/Engine/Source/ThirdParty/glslang/glslang/src/glslang_lib/SPIRV/Logger.h,3,0,3
/media/ullmann/HDDGabriel/engines/UnrealEngine/Engine/Source/ThirdParty/ICU/icu4c-53_1/source/common/serv.cpp,0,3,3
/media/ullmann/HDDGabriel/engines/UnrealEngine/Engine/Source/ThirdParty/MCPP/mcpp-2.7.2/cpp-test/test-l/nest12.h,1,1,2
/media/ullmann/HDDGabriel/engines/UnrealEngine/Engine/Source/Runtime/JsonUtilities/Public/JsonUtilities.h,0,2,2
/media/ullmann/HDDGabriel/engines/UnrealEngine/Engine/Source/Runtime/JsonUtilities/Public/JsonObjectConverter.h,1,1,2
/media/ullmann/HDDGabriel/engines/UnrealEngine/Engine/Source/ThirdParty/nvTextureTools/nvTextureTools-2.0.6/src/src/nvtt/CompressRGB.h,2,1,3
/media/ullmann/HDDGabriel/engines/UnrealEngine/Engine/Source/ThirdParty/PhysX3/APEX_1.4/module/destructible/include/DestructibleActorJointProxy.h,1,1,2
/media/ullmann/HDDGabriel/engines/UnrealEngine/Engine/Source/ThirdParty/openexr/openexr-3.1.1/src/test/OpenEXRTest/testRgba.cpp,0,2,2
/media/ullmann/HDDGabriel/engines/UnrealEngine/Engine/Source/Editor/MaterialEditor/Private/MaterialEditorModule.cpp,0,2,2
/media/ullmann/HDDGabriel/engines/UnrealEngine/Engine/Source/ThirdParty/Alembic/alembic-1.8.2/prman/Procedural/ProcArgs.cpp,0,1,1
/media/ullmann/HDDGabriel/engines/UnrealEngine/Engine/Source/ThirdParty/libOpus/opus-1.0.3/include/opus_defines.h,2,1,3
/media/ullmann/HDDGabriel/engines/UnrealEngine/Engine/Source/ThirdParty/libOpus/opus-1.0.3/include/opus_types.h,2,0,2
/media/ullmann/HDDGabriel/engines/UnrealEngine/Engine/Source/ThirdParty/Imath/Imath-3.1.3/src/python/PyImath/PyImathRandom.h,2,1,3
/media/ullmann/HDDGabriel/engines/UnrealEngine/Engine/Source/ThirdParty/EOSSDK/SDK/Include/eos_custominvites.h,0,1,1
/media/ullmann/HDDGabriel/engines/UnrealEngine/Engine/Source/ThirdParty/glslang/glslang/src/glslang_lib/glslang/MachineIndependent/limits.cpp,0,1,1
/media/ullmann/HDDGabriel/engines/UnrealEngine/Engine/Source/ThirdParty/OpenVDB/openvdb-8.1.0/openvdb_ax/openvdb_ax/test/integration/TestKeyword.cc,0,1,1
/media/ullmann/HDDGabriel/engines/UnrealEngine/Engine/Source/Runtime/GameplayTasks/Classes/GameplayTaskResource.h,1,0,1
/media/ullmann/HDDGabriel/engines/UnrealEngine/Engine/Source/Developer/TargetPlatform/Public/Interfaces/IShaderFormat.h,1,0,1
/media/ullmann/HDDGabriel/engines/UnrealEngine/Engine/Source/ThirdParty/Android/libunwind/libunwind/src/aarch64/Gresume.c,1,2,3
/media/ullmann/HDDGabriel/engines/UnrealEngine/Engine/Source/Runtime/Core/Public/HoloLens/HoloLensPlatformCrashContext.h,0,2,2
/media/ullmann/HDDGabriel/engines/UnrealEngine/Engine/Source/Runtime/Core/Public/HoloLens/AllowWindowsPlatformTypes.h,1,0,1
/media/ullmann/HDDGabriel/engines/UnrealEngine/Engine/Source/ThirdParty/Perforce/p4api-2021.2/Include/Mac/p4/filesys.h,1,0,1
/media/ullmann/HDDGabriel/engines/UnrealEngine/Engine/Source/ThirdParty/SDL2/SDL-gui-backend/src/video/wayland/SDL_waylandkeyboard.h,2,1,3
/media/ullmann/HDDGabriel/engines/UnrealEngine/Engine/Source/Programs/HeadlessChaos/Public/HeadlessChaosTestBP.h,0,1,1
/media/ullmann/HDDGabriel/engines/UnrealEngine/Engine/Source/ThirdParty/Unix/LibCxx/include/c++/v1/__undef_macros,1,0,1
/media/ullmann/HDDGabriel/engines/UnrealEngine/Engine/Source/ThirdParty/Windows/glTF-Toolkit/WindowsMRAssetConverter/AssetType.h,2,0,2
/media/ullmann/HDDGabriel/engines/UnrealEngine/Engine/Source/ThirdParty/Perforce/P4Api.Net/p4bridge-unit-test/TestP4BridgeServer.h,1,1,2
/media/ullmann/HDDGabriel/engines/UnrealEngine/Engine/Source/Editor/DetailCustomizations/Private/ObjectDetails.cpp,0,1,1
/media/ullmann/HDDGabriel/engines/UnrealEngine/Engine/Source/ThirdParty/FBX/2020.2/include/fbxsdk/core/fbxquery.h,1,0,1
/media/ullmann/HDDGabriel/engines/UnrealEngine/Engine/Source/Runtime/Renderer/Public/PrimitiveSceneInfo.h,0,1,1
/media/ullmann/HDDGabriel/engines/UnrealEngine/Engine/Source/ThirdParty/OpenSubdiv/OpenSubdiv-3.4.4/regression/shapes/loop_pole8.h,1,0,1
/media/ullmann/HDDGabriel/engines/UnrealEngine/Engine/Source/Editor/ConfigEditor/Private/PropertyVisualization/ConfigPropertyCellPresenter.h,0,1,1
/media/ullmann/HDDGabriel/engines/UnrealEngine/Engine/Source/Editor/PropertyEditor/Public/IPropertyTableCellPresenter.h,1,0,1
/media/ullmann/HDDGabriel/engines/UnrealEngine/Engine/Source/ThirdParty/glslang/glslang/src/glslang_lib/glslang/MachineIndependent/propagateNoContraction.cpp,0,2,2
/media/ullmann/HDDGabriel/engines/UnrealEngine/Engine/Source/ThirdParty/OpenVDB/Deploy/openvdb-8.1.0/include/openvdb/tools/Merge.h,1,0,1
/media/ullmann/HDDGabriel/engines/UnrealEngine/Engine/Source/ThirdParty/OpenSubdiv/OpenSubdiv-3.4.4/examples/common/glShaderCache.cpp,0,2,2
/media/ullmann/HDDGabriel/engines/UnrealEngine/Engine/Source/Developer/Linux/LinuxTargetPlatform/Private/LinuxTargetPlatformModule.cpp,0,2,2
/media/ullmann/HDDGabriel/engines/UnrealEngine/Engine/Source/Developer/Windows/LiveCodingServer/Private/External/LC_SchedulerQueue.cpp,0,1,1
/media/ullmann/HDDGabriel/engines/UnrealEngine/Engine/Source/ThirdParty/Intel/ISPC/ispc-1.17.0/examples/cpu/options/options.cpp,0,2,2
/media/ullmann/HDDGabriel/engines/UnrealEngine/Engine/Source/ThirdParty/Intel/ISPC/ispc-1.17.0/examples/cpu/options/options_defs.h,2,0,2
/media/ullmann/HDDGabriel/engines/UnrealEngine/Engine/Source/ThirdParty/Boost/boost-1_70_0/include/boost/outcome/experimental/status-code/system_code_from_exception.hpp,0,1,1
/media/ullmann/HDDGabriel/engines/UnrealEngine/Engine/Source/ThirdParty/Windows/DirectXLegacy/Include/d3dx9mesh.h,1,1,2
/media/ullmann/HDDGabriel/engines/UnrealEngine/Engine/Source/ThirdParty/ICU/icu4c-64_1/source/test/intltest/tchcfmt.h,2,1,3
/media/ullmann/HDDGabriel/engines/UnrealEngine/Engine/Source/ThirdParty/Android/libunwind/libunwind/src/aarch64/Lget_proc_info.c,0,1,1
/media/ullmann/HDDGabriel/engines/UnrealEngine/Engine/Source/ThirdParty/Android/libunwind/libunwind/src/aarch64/Gget_proc_info.c,1,1,2
/media/ullmann/HDDGabriel/engines/UnrealEngine/Engine/Source/Editor/DetailCustomizations/Private/ColorGradingVectorCustomization.cpp,0,2,2
/media/ullmann/HDDGabriel/engines/UnrealEngine/Engine/Source/Runtime/Online/HTTP/Private/IXML/HttpIXML.h,2,1,3
/media/ullmann/HDDGabriel/engines/UnrealEngine/Engine/Source/Runtime/Online/HTTP/Private/IXML/HttpIXMLSupport.h,2,0,2
/media/ullmann/HDDGabriel/engines/UnrealEngine/Engine/Source/ThirdParty/openexr/openexr-3.1.1/src/lib/OpenEXR/ImfFramesPerSecond.cpp,0,2,2
/media/ullmann/HDDGabriel/engines/UnrealEngine/Engine/Source/ThirdParty/openexr/openexr-3.1.1/src/lib/OpenEXR/ImfFramesPerSecond.h,1,3,4
/media/ullmann/HDDGabriel/engines/UnrealEngine/Engine/Source/ThirdParty/ICU/icu4c-53_1/source/common/dtintrv.cpp,0,1,1
/media/ullmann/HDDGabriel/engines/UnrealEngine/Engine/Source/ThirdParty/ICU/icu4c-53_1/source/common/unicode/dtintrv.h,1,0,1
/media/ullmann/HDDGabriel/engines/UnrealEngine/Engine/Source/Editor/Persona/Private/AnimTimeline/SAnimTimelineSplitterOverlay.h,2,0,2
/media/ullmann/HDDGabriel/engines/UnrealEngine/Engine/Source/Programs/UnrealLightmass/Private/ImportExport/Exporter.h,1,0,1
/media/ullmann/HDDGabriel/engines/UnrealEngine/Engine/Source/ThirdParty/FreeType2/FreeType2-2.6/Include/ftpfr.h,0,1,1
/media/ullmann/HDDGabriel/engines/UnrealEngine/Engine/Source/ThirdParty/Imath/Imath-3.1.3/src/python/PyImath/PyImathVecOperators.h,4,0,4
/media/ullmann/HDDGabriel/engines/UnrealEngine/Engine/Source/ThirdParty/ShaderConductor/ShaderConductor/External/DirectXShaderCompiler/lib/CodeGen/RegAllocPBQP.cpp,0,2,2
/media/ullmann/HDDGabriel/engines/UnrealEngine/Engine/Source/ThirdParty/ICU/icu4c-53_1/source/test/intltest/itrbnfp.h,2,1,3
/media/ullmann/HDDGabriel/engines/UnrealEngine/Engine/Source/ThirdParty/hlslcc/hlslcc/src/hlslcc_exe/main.cpp,0,1,1
/media/ullmann/HDDGabriel/engines/UnrealEngine/Engine/Source/ThirdParty/hlslcc/hlslcc/src/hlslcc_exe/TestLanguage.h,1,0,1
/media/ullmann/HDDGabriel/engines/UnrealEngine/Engine/Source/ThirdParty/ICU/icu4c-53_1/source/test/cintltst/usettest.c,0,1,1
/media/ullmann/HDDGabriel/engines/UnrealEngine/Engine/Source/Editor/CurveEditor/Public/ICurveEditorDragOperation.h,1,2,3
/media/ullmann/HDDGabriel/engines/UnrealEngine/Engine/Source/ThirdParty/ShaderConductor/ShaderConductor/External/DirectXShaderCompiler/lib/Passes/PassBuilder.cpp,0,1,1
/media/ullmann/HDDGabriel/engines/UnrealEngine/Engine/Source/ThirdParty/ShaderConductor/ShaderConductor/External/DirectXShaderCompiler/lib/Passes/PassRegistry.def,1,0,1
/media/ullmann/HDDGabriel/engines/UnrealEngine/Engine/Source/Runtime/Core/Public/Math/OrthoMatrix.h,3,0,3
/media/ullmann/HDDGabriel/engines/UnrealEngine/Engine/Source/ThirdParty/OpenVDB/Deploy/openvdb-8.1.0/include/openvdb/tree/Tree.h,2,5,7
/media/ullmann/HDDGabriel/engines/UnrealEngine/Engine/Source/ThirdParty/MCPP/mcpp-2.7.2/test-c/n_18.c,0,1,1
/media/ullmann/HDDGabriel/engines/UnrealEngine/Engine/Source/ThirdParty/PhysX3/PhysX_3.4/Include/common/PxPhysXCommonConfig.h,2,0,2
/media/ullmann/HDDGabriel/engines/UnrealEngine/Engine/Source/ThirdParty/ShaderConductor/ShaderConductor/External/DirectXShaderCompiler/tools/clang/lib/CodeGen/CGExpr.cpp,0,10,10
/media/ullmann/HDDGabriel/engines/UnrealEngine/Engine/Source/ThirdParty/WebRTC/4147/Include/third_party/libvpx/source/config/linux/generic/vp9_rtcd.h,0,1,1
/media/ullmann/HDDGabriel/engines/UnrealEngine/Engine/Source/ThirdParty/Python3/Linux/include/python3.9/cpython/methodobject.h,1,0,1
/media/ullmann/HDDGabriel/engines/UnrealEngine/Engine/Source/Runtime/SlateCore/Public/Layout/Children.h,1,0,1
/media/ullmann/HDDGabriel/engines/UnrealEngine/Engine/Source/Runtime/AudioMixer/Private/AudioMixerSourceVoice.cpp,0,3,3
/media/ullmann/HDDGabriel/engines/UnrealEngine/Engine/Source/ThirdParty/Python3/Mac/include/cpython/import.h,1,0,1
/media/ullmann/HDDGabriel/engines/UnrealEngine/Engine/Source/Runtime/Engine/Public/ReplaySubsystem.h,0,1,1
/media/ullmann/HDDGabriel/engines/UnrealEngine/Engine/Source/Runtime/Engine/Public/Subsystems/GameInstanceSubsystem.h,1,0,1
/media/ullmann/HDDGabriel/engines/UnrealEngine/Engine/Source/Runtime/Engine/Public/TextureLayout3d.h,1,0,1
/media/ullmann/HDDGabriel/engines/UnrealEngine/Engine/Source/ThirdParty/FreeImage/FreeImage-3.18.0/Source/OpenEXR/IlmThread/IlmThreadMutex.cpp,0,1,1
/media/ullmann/HDDGabriel/engines/UnrealEngine/Engine/Source/ThirdParty/ICU/icu4c-64_1/source/i18n/tzgnames.h,2,2,4
/media/ullmann/HDDGabriel/engines/UnrealEngine/Engine/Source/ThirdParty/ShaderConductor/ShaderConductor/External/DirectXShaderCompiler/tools/clang/unittests/Tooling/CommentHandlerTest.cpp,0,1,1
/media/ullmann/HDDGabriel/engines/UnrealEngine/Engine/Source/ThirdParty/nvTextureTools/nvTextureTools-2.0.8/src/src/nvcore/Memory.cpp,0,2,2
/media/ullmann/HDDGabriel/engines/UnrealEngine/Engine/Source/ThirdParty/nvTextureTools/nvTextureTools-2.0.8/src/src/nvcore/Debug.h,2,0,2
/media/ullmann/HDDGabriel/engines/UnrealEngine/Engine/Source/Developer/AutomationController/Private/AutomationReportManager.cpp,0,2,2
/media/ullmann/HDDGabriel/engines/UnrealEngine/Engine/Source/Developer/AutomationController/Private/AutomationReportManager.h,2,0,2
/media/ullmann/HDDGabriel/engines/UnrealEngine/Engine/Source/Runtime/CoreUObject/Public/UObject/WeakInterfacePtr.h,0,1,1
/media/ullmann/HDDGabriel/engines/UnrealEngine/Engine/Source/ThirdParty/FreeType2/FreeType2-2.4.12/src/smooth/ftsmooth.c,1,4,5
/media/ullmann/HDDGabriel/engines/UnrealEngine/Engine/Source/ThirdParty/FreeType2/FreeType2-2.4.12/src/smooth/ftgrays.h,2,0,2
/media/ullmann/HDDGabriel/engines/UnrealEngine/Engine/Source/ThirdParty/openexr/openexr-3.1.1/src/lib/OpenEXRCore/chunk.c,0,4,4
/media/ullmann/HDDGabriel/engines/UnrealEngine/Engine/Source/ThirdParty/FreeType2/FreeType2-2.10.4/src/gxvalid/gxvmort5.c,1,1,2
/media/ullmann/HDDGabriel/engines/UnrealEngine/Engine/Source/ThirdParty/OpenVDB/openvdb-8.1.0/openvdb_ax/openvdb_ax/codegen/FunctionTypes.cc,0,4,4
/media/ullmann/HDDGabriel/engines/UnrealEngine/Engine/Source/ThirdParty/Intel/TBB/IntelTBB-2019u8/src/tbb/reader_writer_lock.cpp,0,1,1
/media/ullmann/HDDGabriel/engines/UnrealEngine/Engine/Source/Editor/FoliageEdit/Private/ProceduralFoliageComponentDetails.cpp,0,1,1
/media/ullmann/HDDGabriel/engines/UnrealEngine/Engine/Source/Editor/FoliageEdit/Private/ProceduralFoliageComponentDetails.h,2,0,2
/media/ullmann/HDDGabriel/engines/UnrealEngine/Engine/Source/Programs/Enterprise/Datasmith/DatasmithMaxExporter/Public/DatasmithMaxWriter.h,0,1,1
/media/ullmann/HDDGabriel/engines/UnrealEngine/Engine/Source/ThirdParty/FBX/2020.2/include/fbxsdk/scene/fbxmediaclip.h,1,0,1
/media/ullmann/HDDGabriel/engines/UnrealEngine/Engine/Source/Programs/TextureShare/Samples/ThirdParty/TextureShare_ClientD3D11/TextureShareD3D11Helper.cpp,0,1,1
/media/ullmann/HDDGabriel/engines/UnrealEngine/Engine/Source/Programs/TextureShare/Samples/ThirdParty/TextureShare_ClientD3D11/TextureShareD3D11Helper.h,2,0,2
/media/ullmann/HDDGabriel/engines/UnrealEngine/Engine/Source/Developer/TraceInsights/Private/Insights/ViewModels/TimerGroupingAndSorting.cpp,0,1,1
/media/ullmann/HDDGabriel/engines/UnrealEngine/Engine/Source/Developer/TraceInsights/Private/Insights/ViewModels/TimerGroupingAndSorting.h,1,0,1
/media/ullmann/HDDGabriel/engines/UnrealEngine/Engine/Source/Runtime/Engine/Private/VectorFieldVisualization.cpp,0,2,2
/media/ullmann/HDDGabriel/engines/UnrealEngine/Engine/Source/Runtime/Engine/Private/VectorField.h,2,0,2
/media/ullmann/HDDGabriel/engines/UnrealEngine/Engine/Source/ThirdParty/Android/libunwind/libunwind/src/mi/Lget_fpreg.c,0,1,1
/media/ullmann/HDDGabriel/engines/UnrealEngine/Engine/Source/ThirdParty/Android/libunwind/libunwind/src/mi/Gget_fpreg.c,1,0,1
/media/ullmann/HDDGabriel/engines/UnrealEngine/Engine/Source/ThirdParty/VHACD/src/FloatMath.cpp,0,1,1
/media/ullmann/HDDGabriel/engines/UnrealEngine/Engine/Source/ThirdParty/VHACD/src/FloatMath.inl,1,0,1
/media/ullmann/HDDGabriel/engines/UnrealEngine/Engine/Source/ThirdParty/ICU/icu4c-64_1/source/i18n/coptccal.cpp,0,2,2
/media/ullmann/HDDGabriel/engines/UnrealEngine/Engine/Source/ThirdParty/FontConfig/fontconfig-2.13.94/src/fcobjs.c,0,1,1
/media/ullmann/HDDGabriel/engines/UnrealEngine/Engine/Source/Developer/AutomationWindow/Private/SAutomationExportMenu.cpp,0,1,1
/media/ullmann/HDDGabriel/engines/UnrealEngine/Engine/Source/Developer/AutomationWindow/Private/SAutomationExportMenu.h,2,0,2
/media/ullmann/HDDGabriel/engines/UnrealEngine/Engine/Source/ThirdParty/llvm/8/include/llvm/Support/ARMBuildAttributes.h,1,0,1
/media/ullmann/HDDGabriel/engines/UnrealEngine/Engine/Source/ThirdParty/FreeType2/FreeType2-2.6/Src/cid/cidobjs.c,1,3,4
/media/ullmann/HDDGabriel/engines/UnrealEngine/Engine/Source/ThirdParty/openexr/openexr-3.1.1/src/lib/OpenEXR/ImfInputPartData.cpp,0,2,2
/media/ullmann/HDDGabriel/engines/UnrealEngine/Engine/Source/ThirdParty/WebRTC/4147/Include/third_party/libvpx/source/config/win/arm64/vp9_rtcd.h,0,1,1
/media/ullmann/HDDGabriel/engines/UnrealEngine/Engine/Source/ThirdParty/libOpus/opus-1.0.3/silk/fixed/noise_shape_analysis_FIX.c,0,1,1
/media/ullmann/HDDGabriel/engines/UnrealEngine/Engine/Source/ThirdParty/Android/libunwind/libunwind/src/coredump/_UCD_accessors.c,0,1,1
/media/ullmann/HDDGabriel/engines/UnrealEngine/Engine/Source/Developer/VisualGraphUtils/Public/VisualGraphNode.h,2,1,3
/media/ullmann/HDDGabriel/engines/UnrealEngine/Engine/Source/ThirdParty/MCPP/mcpp-2.7.2/test-l/nest34.h,1,1,2
/media/ullmann/HDDGabriel/engines/UnrealEngine/Engine/Source/Runtime/LevelSequence/Private/LevelSequenceProjectSettings.cpp,0,1,1
/media/ullmann/HDDGabriel/engines/UnrealEngine/Engine/Source/Runtime/LevelSequence/Private/LevelSequenceProjectSettings.h,1,0,1
/media/ullmann/HDDGabriel/engines/UnrealEngine/Engine/Source/ThirdParty/nvTextureTools/nvTextureTools-2.0.8/src/src/nvtt/squish/singlecolourfit.cpp,0,4,4
/media/ullmann/HDDGabriel/engines/UnrealEngine/Engine/Source/ThirdParty/FreeType2/FreeType2-2.4.12/src/gzip/zconf.h,1,0,1
/media/ullmann/HDDGabriel/engines/UnrealEngine/Engine/Source/Runtime/CoreUObject/Public/Templates/Casts.h,1,0,1
/media/ullmann/HDDGabriel/engines/UnrealEngine/Engine/Source/Editor/DetailCustomizations/Private/AnimTransitionNodeDetails.cpp,0,1,1
/media/ullmann/HDDGabriel/engines/UnrealEngine/Engine/Source/Editor/DetailCustomizations/Private/AnimTransitionNodeDetails.h,3,0,3
/media/ullmann/HDDGabriel/engines/UnrealEngine/Engine/Source/Editor/AnimGraph/Private/AnimGraphNode_BlendSpaceGraphBase.cpp,0,1,1
/media/ullmann/HDDGabriel/engines/UnrealEngine/Engine/Source/ThirdParty/ICU/icu4c-53_1/source/layout/GXLayoutEngine2.cpp,0,5,5
/media/ullmann/HDDGabriel/engines/UnrealEngine/Engine/Source/ThirdParty/Intel/TBB/IntelTBB-2019u8/include/tbb/queuing_mutex.h,1,2,3
/media/ullmann/HDDGabriel/engines/UnrealEngine/Engine/Source/ThirdParty/ShaderConductor/ShaderConductor/External/DirectXShaderCompiler/utils/TableGen/CodeEmitterGen.cpp,0,1,1
/media/ullmann/HDDGabriel/engines/UnrealEngine/Engine/Source/Programs/HeadlessChaos/Public/HeadlessChaosTestCollisions.h,0,1,1
/media/ullmann/HDDGabriel/engines/UnrealEngine/Engine/Source/Developer/Windows/LiveCoding/Private/External/LC_Logging.cpp,0,2,2
/media/ullmann/HDDGabriel/engines/UnrealEngine/Engine/Source/Developer/Windows/LiveCoding/Private/External/LC_Atomic_Windows.h,2,0,2
/media/ullmann/HDDGabriel/engines/UnrealEngine/Engine/Source/ThirdParty/OpenSubdiv/OpenSubdiv-3.4.4/regression/shapes/loop_chaikin1.h,1,0,1
/media/ullmann/HDDGabriel/engines/UnrealEngine/Engine/Source/Editor/LandscapeEditor/Private/ActorFactoryLandscape.cpp,0,2,2
/media/ullmann/HDDGabriel/engines/UnrealEngine/Engine/Source/Editor/LandscapeEditor/Private/Classes/LandscapePlaceholder.h,1,0,1
/media/ullmann/HDDGabriel/engines/UnrealEngine/Engine/Source/ThirdParty/Imath/Imath-3.1.3/src/ImathTest/testSize.cpp,0,1,1
/media/ullmann/HDDGabriel/engines/UnrealEngine/Engine/Source/ThirdParty/Alembic/alembic-1.8.2/maya/AbcExport/MayaNurbsCurveWriter.h,2,3,5
/media/ullmann/HDDGabriel/engines/UnrealEngine/Engine/Source/ThirdParty/ICU/icu4c-64_1/source/test/cintltst/cmsgtst.c,0,3,3
/media/ullmann/HDDGabriel/engines/UnrealEngine/Engine/Source/ThirdParty/PhysX3/NvCloth/samples/SampleBase/renderer/ResourceManager.cpp,0,1,1
/media/ullmann/HDDGabriel/engines/UnrealEngine/Engine/Source/ThirdParty/PhysX3/NvCloth/samples/SampleBase/renderer/ResourceManager.h,2,0,2
/media/ullmann/HDDGabriel/engines/UnrealEngine/Engine/Source/ThirdParty/FBX/2020.2/include/fbxsdk/scene/geometry/fbxsubdeformer.h,1,0,1
/media/ullmann/HDDGabriel/engines/UnrealEngine/Engine/Source/ThirdParty/Android/libunwind/libunwind/include/libunwind_i.h,2,4,6
/media/ullmann/HDDGabriel/engines/UnrealEngine/Engine/Source/ThirdParty/Android/libunwind/libunwind/include/tdep/libunwind_i.h,1,0,1
/media/ullmann/HDDGabriel/engines/UnrealEngine/Engine/Source/ThirdParty/zlib/zlib-1.2.5/Src/contrib/minizip/miniunz.c,0,2,2
/media/ullmann/HDDGabriel/engines/UnrealEngine/Engine/Source/ThirdParty/SDL2/SDL-gui-backend/src/video/vivante/SDL_vivanteplatform.c,0,2,2
/media/ullmann/HDDGabriel/engines/UnrealEngine/Engine/Source/Editor/KismetWidgets/Public/PinTypeSelectorFilter.h,0,1,1
/media/ullmann/HDDGabriel/engines/UnrealEngine/Engine/Source/Editor/KismetWidgets/Public/SPinTypeSelector.h,1,0,1
/media/ullmann/HDDGabriel/engines/UnrealEngine/Engine/Source/ThirdParty/ShaderConductor/ShaderConductor/External/DirectXShaderCompiler/tools/clang/tools/diagtool/ShowEnabledWarnings.cpp,0,2,2
/media/ullmann/HDDGabriel/engines/UnrealEngine/Engine/Source/ThirdParty/FreeType2/FreeType2-2.10.4/src/truetype/ttdriver.h,1,0,1
/media/ullmann/HDDGabriel/engines/UnrealEngine/Engine/Source/ThirdParty/Alembic/alembic-1.8.2/lib/Alembic/AbcMaterial/Tests/NetworkNodeTest.cpp,0,1,1
/media/ullmann/HDDGabriel/engines/UnrealEngine/Engine/Source/ThirdParty/openexr/Deploy/openexr-3.1.1/include/OpenEXR/ImfDeepScanLineInputPart.h,0,1,1
/media/ullmann/HDDGabriel/engines/UnrealEngine/Engine/Source/Programs/Enterprise/Datasmith/DatasmithSketchUpRubyExporter/Private/DatasmithSketchUpMetadata.h,6,2,8
/media/ullmann/HDDGabriel/engines/UnrealEngine/Engine/Source/Editor/UnrealEd/Public/Tools/LegacyEdModeWidgetHelpers.h,1,0,1
/media/ullmann/HDDGabriel/engines/UnrealEngine/Engine/Source/Editor/CurveEditor/Public/Tree/CurveEditorTree.h,1,0,1
/media/ullmann/HDDGabriel/engines/UnrealEngine/Engine/Source/Editor/SkeletonEditor/Private/SkeletonTreeCommands.cpp,0,1,1
/media/ullmann/HDDGabriel/engines/UnrealEngine/Engine/Source/ThirdParty/PhysX3/PhysX_3.4/Source/GeomUtils/src/GuOverlapTests.cpp,0,3,3
/media/ullmann/HDDGabriel/engines/UnrealEngine/Engine/Source/Editor/DerivedDataEditor/Private/SVirtualAssetsStatistics.h,2,0,2
/media/ullmann/HDDGabriel/engines/UnrealEngine/Engine/Source/Developer/DirectoryWatcher/Public/FileCacheUtilities.h,1,0,1
/media/ullmann/HDDGabriel/engines/UnrealEngine/Engine/Source/ThirdParty/ICU/icu4c-64_1/source/test/intltest/frcoll.cpp,0,2,2
/media/ullmann/HDDGabriel/engines/UnrealEngine/Engine/Source/ThirdParty/Alembic/alembic-1.8.2/python/PyAlembic/PyIObject.cpp,0,1,1
/media/ullmann/HDDGabriel/engines/UnrealEngine/Engine/Source/Runtime/RenderCore/Public/RenderGraphTrace.h,1,1,2
/media/ullmann/HDDGabriel/engines/UnrealEngine/Engine/Source/ThirdParty/nvTextureTools/nvTextureTools-2.0.8/src/src/nvcore/DefsGnucDarwin.h,1,0,1
/media/ullmann/HDDGabriel/engines/UnrealEngine/Engine/Source/ThirdParty/openexr/Deploy/openexr-3.1.1/include/OpenEXR/ImfAcesFile.h,0,6,6
/media/ullmann/HDDGabriel/engines/UnrealEngine/Engine/Source/Programs/UnrealTraceServer/src/AsioTickable.cpp,0,3,3
/media/ullmann/HDDGabriel/engines/UnrealEngine/Engine/Source/ThirdParty/ICU/icu4c-64_1/source/i18n/inputext.cpp,0,1,1
/media/ullmann/HDDGabriel/engines/UnrealEngine/Engine/Source/ThirdParty/libOpus/opus-1.3.1-12/src/opus_projection_encoder.c,0,2,2
/media/ullmann/HDDGabriel/engines/UnrealEngine/Engine/Source/ThirdParty/Unix/LibCxx/include/c++/v1/fenv.h,0,1,1
/media/ullmann/HDDGabriel/engines/UnrealEngine/Engine/Source/ThirdParty/Intel/Embree/Embree2140/src/kernels/bvh/bvh_intersector_hybrid_bvh8.cpp,0,1,1
/media/ullmann/HDDGabriel/engines/UnrealEngine/Engine/Source/Runtime/AssetRegistry/Private/AssetRegistryHelpers.cpp,0,1,1
/media/ullmann/HDDGabriel/engines/UnrealEngine/Engine/Source/Runtime/Engine/Public/ShadowMap.h,0,1,1
/media/ullmann/HDDGabriel/engines/UnrealEngine/Engine/Source/ThirdParty/FreeType2/FreeType2-2.10.0/src/sfnt/ttcmapc.h,1,0,1
/media/ullmann/HDDGabriel/engines/UnrealEngine/Engine/Source/Editor/Persona/Private/AnimTimeline/AnimTimelineTrack_Attributes.h,2,1,3
/media/ullmann/HDDGabriel/engines/UnrealEngine/Engine/Source/ThirdParty/MCPP/mcpp-2.7.2/cpp-test/test-l/nest64.h,1,1,2
/media/ullmann/HDDGabriel/engines/UnrealEngine/Engine/Source/ThirdParty/Breakpad/src/google_breakpad/common/minidump_cpu_arm64.h,1,0,1
/media/ullmann/HDDGabriel/engines/UnrealEngine/Engine/Source/Runtime/Slate/Public/Framework/MultiBox/MultiBox.h,2,0,2
/media/ullmann/HDDGabriel/engines/UnrealEngine/Engine/Source/ThirdParty/MCPP/mcpp-2.7.2/test-l/nest118.h,1,1,2
/media/ullmann/HDDGabriel/engines/UnrealEngine/Engine/Source/ThirdParty/MCPP/mcpp-2.7.2/test-l/nest119.h,1,1,2
/media/ullmann/HDDGabriel/engines/UnrealEngine/Engine/Source/ThirdParty/PhysX3/PhysX_3.4/Source/GeomUtils/src/GuMTD.cpp,0,5,5
/media/ullmann/HDDGabriel/engines/UnrealEngine/Engine/Source/Runtime/EyeTracker/Public/EyeTrackerTypes.h,2,0,2
/media/ullmann/HDDGabriel/engines/UnrealEngine/Engine/Source/ThirdParty/PhysX3/PhysX_3.4/Source/PhysX/src/NpMaterialManager.h,1,1,2
/media/ullmann/HDDGabriel/engines/UnrealEngine/Engine/Source/Developer/Windows/LiveCodingServer/Private/External/LC_VirtualDrive.cpp,0,1,1
/media/ullmann/HDDGabriel/engines/UnrealEngine/Engine/Source/ThirdParty/EOSSDK/SDK/Bin/IOS/EOSSDK.framework/Headers/eos_kws_types.h,2,1,3
/media/ullmann/HDDGabriel/engines/UnrealEngine/Engine/Source/Editor/AnimationModifiers/Private/SModifierItemRow.cpp,0,1,1
/media/ullmann/HDDGabriel/engines/UnrealEngine/Engine/Source/Runtime/PhysicsCore/Public/PhysicsPublicCore.h,1,0,1
/media/ullmann/HDDGabriel/engines/UnrealEngine/Engine/Source/ThirdParty/Expat/expat-2.2.10/lib/iasciitab.h,1,0,1
/media/ullmann/HDDGabriel/engines/UnrealEngine/Engine/Source/ThirdParty/llvm/8/include/llvm/DebugInfo/PDB/PDBSymbolTypeTypedef.h,0,2,2
/media/ullmann/HDDGabriel/engines/UnrealEngine/Engine/Source/ThirdParty/OpenVDB/openvdb-8.1.0/openvdb/openvdb/tools/Clip.h,0,2,2
/media/ullmann/HDDGabriel/engines/UnrealEngine/Engine/Source/Editor/DetailCustomizations/Private/MaterialExpressionLandscapeGrassCustomization.cpp,0,1,1
/media/ullmann/HDDGabriel/engines/UnrealEngine/Engine/Source/Runtime/TimeManagement/Public/GenlockedCustomTimeStep.h,1,1,2
/media/ullmann/HDDGabriel/engines/UnrealEngine/Engine/Source/Runtime/TimeManagement/Public/FixedFrameRateCustomTimeStep.h,1,0,1
/media/ullmann/HDDGabriel/engines/UnrealEngine/Engine/Source/ThirdParty/WebRTC/4147/Include/tools/clang/blink_gc_plugin/tests/finalize_after_dispatch.h,0,1,1
/media/ullmann/HDDGabriel/engines/UnrealEngine/Engine/Source/Runtime/InstallBundleManager/Public/BundlePrereqCombinedStatusHelper.h,0,2,2
/media/ullmann/HDDGabriel/engines/UnrealEngine/Engine/Source/ThirdParty/libcurl/7_65_3/include/Unix/x86_64-unknown-linux-gnu/curl/multi.h,1,1,2
/media/ullmann/HDDGabriel/engines/UnrealEngine/Engine/Source/ThirdParty/Windows/DirectX/Include/dxgi1_3.h,3,1,4
/media/ullmann/HDDGabriel/engines/UnrealEngine/Engine/Source/ThirdParty/Windows/DirectX/Include/dxgi1_2.h,2,0,2
/media/ullmann/HDDGabriel/engines/UnrealEngine/Engine/Source/Runtime/Core/Public/HAL/MemoryBase.h,3,0,3
/media/ullmann/HDDGabriel/engines/UnrealEngine/Engine/Source/Editor/PhysicsAssetEditor/Private/SkeletonTreePhysicsShapeItem.h,3,0,3
/media/ullmann/HDDGabriel/engines/UnrealEngine/Engine/Source/ThirdParty/MCPP/mcpp-2.7.2/cpp-test/test-t/nest4.h,1,1,2
/media/ullmann/HDDGabriel/engines/UnrealEngine/Engine/Source/Runtime/OpenGLDrv/Private/OpenGL3.cpp,0,1,1
/media/ullmann/HDDGabriel/engines/UnrealEngine/Engine/Source/ThirdParty/SDL2/SDL-gui-backend/include/SDL_keycode.h,1,2,3
/media/ullmann/HDDGabriel/engines/UnrealEngine/Engine/Source/ThirdParty/Python3/Linux/include/python3.9/context.h,1,0,1
/media/ullmann/HDDGabriel/engines/UnrealEngine/Engine/Source/ThirdParty/Intel/ISPC/ispc-1.16.1/src/ast.h,5,1,6
/media/ullmann/HDDGabriel/engines/UnrealEngine/Engine/Source/ThirdParty/glslang/glslang/src/glslang_lib/SPIRV/bitutils.h,1,0,1
/media/ullmann/HDDGabriel/engines/UnrealEngine/Engine/Source/ThirdParty/SDL2/SDL-gui-backend/src/audio/jack/SDL_jackaudio.c,0,4,4
/media/ullmann/HDDGabriel/engines/UnrealEngine/Engine/Source/Editor/AnimGraph/Public/AnimGraphNode_Trail.h,0,1,1
/media/ullmann/HDDGabriel/engines/UnrealEngine/Engine/Source/ThirdParty/ICU/icu4c-64_1/source/i18n/unicode/tzrule.h,4,0,4
/media/ullmann/HDDGabriel/engines/UnrealEngine/Engine/Source/Editor/LandscapeEditor/Private/NewLandscapeUtils.cpp,0,1,1
/media/ullmann/HDDGabriel/engines/UnrealEngine/Engine/Source/ThirdParty/CryptoPP/5.6.5/include/rc5.h,3,2,5
/media/ullmann/HDDGabriel/engines/UnrealEngine/Engine/Source/Runtime/Apple/AGXRHI/Private/AGXCommandQueue.cpp,0,4,4
/media/ullmann/HDDGabriel/engines/UnrealEngine/Engine/Source/Runtime/Apple/AGXRHI/Private/AGXCommandList.h,3,0,3
/media/ullmann/HDDGabriel/engines/UnrealEngine/Engine/Source/ThirdParty/Oculus/LibOVRPlatform/LibOVRPlatform/include/OVR_CloudStorageData.h,2,1,3
/media/ullmann/HDDGabriel/engines/UnrealEngine/Engine/Source/ThirdParty/FreeType2/FreeType2-2.10.0/src/gzip/inflate.c,1,2,3
/media/ullmann/HDDGabriel/engines/UnrealEngine/Engine/Source/ThirdParty/ShaderConductor/ShaderConductor/External/DirectXShaderCompiler/tools/clang/lib/ARCMigrate/TransformActions.cpp,0,1,1
/media/ullmann/HDDGabriel/engines/UnrealEngine/Engine/Source/Runtime/Windows/D3D11RHI/Private/HoloLens/D3D11RHIPrivateUtil.h,0,1,1
/media/ullmann/HDDGabriel/engines/UnrealEngine/Engine/Source/ThirdParty/ShaderConductor/ShaderConductor/External/DirectXShaderCompiler/tools/clang/lib/StaticAnalyzer/Checkers/AnalyzerStatsChecker.cpp,0,1,1
/media/ullmann/HDDGabriel/engines/UnrealEngine/Engine/Source/ThirdParty/ICU/icu4c-53_1/source/common/uvectr32.cpp,0,3,3
/media/ullmann/HDDGabriel/engines/UnrealEngine/Engine/Source/ThirdParty/PhysX3/PhysX_3.4/Source/GeomUtils/src/sweep/GuSweepSphereSphere.cpp,0,1,1
/media/ullmann/HDDGabriel/engines/UnrealEngine/Engine/Source/ThirdParty/PhysX3/APEX_1.4/module/clothing/embedded/LowLevelCloth/src/SwSelfCollision.h,2,2,4
/media/ullmann/HDDGabriel/engines/UnrealEngine/Engine/Source/ThirdParty/ICU/icu4c-53_1/source/i18n/zrule.cpp,0,2,2
/media/ullmann/HDDGabriel/engines/UnrealEngine/Engine/Source/ThirdParty/OpenSubdiv/OpenSubdiv-3.4.4/examples/common/mtlHud.h,0,2,2
/media/ullmann/HDDGabriel/engines/UnrealEngine/Engine/Source/ThirdParty/OpenSubdiv/OpenSubdiv-3.4.4/examples/common/mtlUtils.h,1,0,1
/media/ullmann/HDDGabriel/engines/UnrealEngine/Engine/Source/Runtime/AVEncoder/Private/Decoders/vdecmpeg4/M4MotionVectorMgr.h,2,5,7
/media/ullmann/HDDGabriel/engines/UnrealEngine/Engine/Source/ThirdParty/ShaderConductor/ShaderConductor/External/DirectXShaderCompiler/tools/clang/lib/SPIRV/GlPerVertex.cpp,0,1,1
/media/ullmann/HDDGabriel/engines/UnrealEngine/Engine/Source/Runtime/InteractiveToolsFramework/Public/InteractiveToolsContext.h,0,2,2
/media/ullmann/HDDGabriel/engines/UnrealEngine/Engine/Source/Runtime/Engine/Classes/Sound/AudioSettings.h,1,0,1
/media/ullmann/HDDGabriel/engines/UnrealEngine/Engine/Source/ThirdParty/ICU/icu4c-64_1/source/test/intltest/incaltst.cpp,0,2,2
/media/ullmann/HDDGabriel/engines/UnrealEngine/Engine/Source/Developer/NaniteBuilder/Private/Rasterizer.h,1,0,1
/media/ullmann/HDDGabriel/engines/UnrealEngine/Engine/Source/ThirdParty/FreeImage/FreeImage-3.18.0/Source/LibOpenJPEG/raw.c,0,1,1
/media/ullmann/HDDGabriel/engines/UnrealEngine/Engine/Source/ThirdParty/FreeType2/FreeType2-2.10.0/src/sfnt/ttpost.c,1,2,3
/media/ullmann/HDDGabriel/engines/UnrealEngine/Engine/Source/ThirdParty/PhysX3/PxShared/src/pvd/src/PxPvdObjectRegistrar.h,2,0,2
/media/ullmann/HDDGabriel/engines/UnrealEngine/Engine/Source/ThirdParty/ShaderConductor/ShaderConductor/External/DirectXShaderCompiler/include/llvm/DebugInfo/PDB/PDBSymbolCustom.h,0,2,2
/media/ullmann/HDDGabriel/engines/UnrealEngine/Engine/Source/ThirdParty/PhysX3/NvCloth/samples/SampleBase/core/SampleManager.cpp,0,2,2
/media/ullmann/HDDGabriel/engines/UnrealEngine/Engine/Source/ThirdParty/PhysX3/NvCloth/samples/SampleBase/core/SampleController.h,2,1,3
/media/ullmann/HDDGabriel/engines/UnrealEngine/Engine/Source/ThirdParty/hlslcc/hlslcc/src/hlslcc_lib/OptValueNumbering.h,2,0,2
/media/ullmann/HDDGabriel/engines/UnrealEngine/Engine/Source/ThirdParty/ICU/icu4c-64_1/source/test/cintltst/utf16tst.c,0,1,1
/media/ullmann/HDDGabriel/engines/UnrealEngine/Engine/Source/Editor/PIEPreviewDeviceProfileSelector/Private/PIEPreviewWindowCoreStyle.cpp,0,2,2
/media/ullmann/HDDGabriel/engines/UnrealEngine/Engine/Source/Editor/PIEPreviewDeviceProfileSelector/Private/PIEPreviewWindowStyle.h,4,0,4
/media/ullmann/HDDGabriel/engines/UnrealEngine/Engine/Source/ThirdParty/WebRTC/4147/Include/tools/clang/blink_gc_plugin/tests/register_weak_members_template.h,0,1,1
/media/ullmann/HDDGabriel/engines/UnrealEngine/Engine/Source/ThirdParty/Python3/Mac/include/internal/pycore_gc.h,2,0,2
/media/ullmann/HDDGabriel/engines/UnrealEngine/Engine/Source/Runtime/SlateRHIRenderer/Private/SlateElementIndexBuffer.cpp,0,1,1
/media/ullmann/HDDGabriel/engines/UnrealEngine/Engine/Source/Runtime/Slate/Public/Framework/Application/IPlatformTextField.h,1,0,1
/media/ullmann/HDDGabriel/engines/UnrealEngine/Engine/Source/ThirdParty/Intel/Embree/Embree3122/MacOSX/include/embree3/rtcore_ray.h,1,1,2
/media/ullmann/HDDGabriel/engines/UnrealEngine/Engine/Source/ThirdParty/Intel/Embree/Embree3122/MacOSX/include/embree3/rtcore_common.h,4,1,5
/media/ullmann/HDDGabriel/engines/UnrealEngine/Engine/Source/Editor/EditorWidgets/Private/SAssetDiscoveryIndicator.cpp,0,1,1
/media/ullmann/HDDGabriel/engines/UnrealEngine/Engine/Source/ThirdParty/ICU/icu4c-64_1/source/i18n/unicode/measfmt.h,2,0,2
/media/ullmann/HDDGabriel/engines/UnrealEngine/Engine/Source/Runtime/WebBrowser/Private/WebBrowserLog.h,2,0,2
/media/ullmann/HDDGabriel/engines/UnrealEngine/Engine/Source/ThirdParty/Intel/TBB/IntelTBB-2019u8/src/test/test_concurrent_monitor.cpp,0,1,1
/media/ullmann/HDDGabriel/engines/UnrealEngine/Engine/Source/Editor/AnimationEditor/Private/AnimationEditor.h,3,0,3
/media/ullmann/HDDGabriel/engines/UnrealEngine/Engine/Source/ThirdParty/HarfBuzz/harfbuzz-1.2.4/src/hb-ot-shape-complex-tibetan.cc,0,1,1
/media/ullmann/HDDGabriel/engines/UnrealEngine/Engine/Source/Editor/MovieSceneTools/Private/TrackEditors/PrimitiveMaterialTrackEditor.h,1,0,1
/media/ullmann/HDDGabriel/engines/UnrealEngine/Engine/Source/ThirdParty/FreeType2/FreeType2-2.10.0/src/raster/raster.c,0,2,2
/media/ullmann/HDDGabriel/engines/UnrealEngine/Engine/Source/ThirdParty/Boost/boost-1_70_0/include/boost/polygon/polygon_90_set_traits.hpp,2,0,2
/media/ullmann/HDDGabriel/engines/UnrealEngine/Engine/Source/ThirdParty/Intel/Embree/Embree270/src/kernels/algorithms/parallel_for_for_prefix_sum.cpp,0,1,1
/media/ullmann/HDDGabriel/engines/UnrealEngine/Engine/Source/ThirdParty/SDL2/SDL-gui-backend/src/audio/haiku/SDL_haikuaudio.cc,0,5,5
/media/ullmann/HDDGabriel/engines/UnrealEngine/Engine/Source/ThirdParty/PhysX3/PhysX_3.4/Source/LowLevelDynamics/include/DyContext.h,0,2,2
/media/ullmann/HDDGabriel/engines/UnrealEngine/Engine/Source/ThirdParty/PhysX3/PhysX_3.4/Source/LowLevelDynamics/include/DyThresholdTable.h,1,0,1
/media/ullmann/HDDGabriel/engines/UnrealEngine/Engine/Source/ThirdParty/Steamworks/Steamv151/sdk/public/steam/steamdatagram_tickets.h,0,1,1
/media/ullmann/HDDGabriel/engines/UnrealEngine/Engine/Source/ThirdParty/openexr/openexr-3.1.1/src/test/OpenEXRTest/testDeepScanLineHuge.cpp,0,3,3
/media/ullmann/HDDGabriel/engines/UnrealEngine/Engine/Source/ThirdParty/openexr/openexr-3.1.1/src/test/OpenEXRTest/testDeepScanLineBasic.h,3,0,3
/media/ullmann/HDDGabriel/engines/UnrealEngine/Engine/Source/ThirdParty/ICU/icu4c-64_1/source/test/cintltst/spooftest.c,0,1,1
/media/ullmann/HDDGabriel/engines/UnrealEngine/Engine/Source/ThirdParty/PhysX3/PhysX_3.4/Source/GeomUtils/src/GuSerialize.cpp,0,1,1
/media/ullmann/HDDGabriel/engines/UnrealEngine/Engine/Source/ThirdParty/PhysX3/PhysX_3.4/Source/GeomUtils/src/GuSerialize.h,1,0,1
/media/ullmann/HDDGabriel/engines/UnrealEngine/Engine/Source/Runtime/GeometryFramework/Public/Components/DynamicMeshComponent.h,1,1,2
/media/ullmann/HDDGabriel/engines/UnrealEngine/Engine/Source/Runtime/GeometryFramework/Public/Components/BaseDynamicMeshComponent.h,1,0,1
/media/ullmann/HDDGabriel/engines/UnrealEngine/Engine/Source/ThirdParty/Oculus/OVRPlugin/OVRPlugin/Include/OVR_Plugin_Media.h,0,1,1
/media/ullmann/HDDGabriel/engines/UnrealEngine/Engine/Source/ThirdParty/Oculus/OVRPlugin/OVRPlugin/Include/OVR_Plugin_Types.h,4,0,4
/media/ullmann/HDDGabriel/engines/UnrealEngine/Engine/Source/Editor/IntroTutorials/Private/STutorialsBrowser.h,3,0,3
/media/ullmann/HDDGabriel/engines/UnrealEngine/Engine/Source/ThirdParty/ShaderConductor/ShaderConductor/External/DirectXShaderCompiler/lib/Support/regmalloc.cpp,0,1,1
/media/ullmann/HDDGabriel/engines/UnrealEngine/Engine/Source/ThirdParty/Android/libunwind/libunwind/src/aarch64/Lresume.c,0,1,1
/media/ullmann/HDDGabriel/engines/UnrealEngine/Engine/Source/Developer/TargetDeviceServices/Public/ITargetDeviceServiceManager.h,1,1,2
/media/ullmann/HDDGabriel/engines/UnrealEngine/Engine/Source/ThirdParty/ICU/icu4c-53_1/source/test/intltest/tchcfmt.h,2,1,3
/media/ullmann/HDDGabriel/engines/UnrealEngine/Engine/Source/ThirdParty/ICU/icu4c-64_1/source/test/cintltst/cstrtest.c,0,1,1
/media/ullmann/HDDGabriel/engines/UnrealEngine/Engine/Source/Developer/TraceInsights/Private/Insights/Widgets/SInsightsSettings.cpp,0,1,1
/media/ullmann/HDDGabriel/engines/UnrealEngine/Engine/Source/Developer/TraceInsights/Private/Insights/Widgets/SInsightsSettings.h,1,0,1
/media/ullmann/HDDGabriel/engines/UnrealEngine/Engine/Source/ThirdParty/rpclib/Source/include/rpc/msgpack/adaptor/tr1/unordered_set.hpp,1,0,1
/media/ullmann/HDDGabriel/engines/UnrealEngine/Engine/Source/Runtime/Core/Public/Templates/Decay.h,3,0,3
/media/ullmann/HDDGabriel/engines/UnrealEngine/Engine/Source/Runtime/AudioCaptureImplementations/AudioCaptureRtAudio/Private/AudioCaptureRtAudioModule.cpp,0,1,1
/media/ullmann/HDDGabriel/engines/UnrealEngine/Engine/Source/Developer/TraceInsights/Private/Insights/Table/Widgets/STableTreeViewCell.cpp,0,1,1
/media/ullmann/HDDGabriel/engines/UnrealEngine/Engine/Source/Developer/TraceInsights/Private/Insights/Table/Widgets/STableTreeViewCell.h,1,0,1
/media/ullmann/HDDGabriel/engines/UnrealEngine/Engine/Source/Developer/Windows/LiveCodingServer/Private/External/LC_CodeCave.cpp,0,1,1
/media/ullmann/HDDGabriel/engines/UnrealEngine/Engine/Source/Runtime/PreLoadScreen/Public/PreLoadScreenBase.h,0,1,1
/media/ullmann/HDDGabriel/engines/UnrealEngine/Engine/Source/ThirdParty/SDL2/SDL-gui-backend/src/thread/pthread/SDL_systls.c,0,3,3
/media/ullmann/HDDGabriel/engines/UnrealEngine/Engine/Source/ThirdParty/FreeImage/FreeImage-3.18.0/Source/LibJPEG/wrjpgcom.c,0,1,1
/media/ullmann/HDDGabriel/engines/UnrealEngine/Engine/Source/ThirdParty/ICU/icu4c-53_1/source/i18n/astro.cpp,0,4,4
/media/ullmann/HDDGabriel/engines/UnrealEngine/Engine/Source/ThirdParty/dlmalloc/malloc-2.8.6.h,1,0,1
/media/ullmann/HDDGabriel/engines/UnrealEngine/Engine/Source/Editor/PropertyEditor/Private/PropertyChangeListener.cpp,0,4,4
/media/ullmann/HDDGabriel/engines/UnrealEngine/Engine/Source/ThirdParty/Eigen/Eigen/src/SparseCholesky/SimplicialCholesky_impl.h,0,1,1
/media/ullmann/HDDGabriel/engines/UnrealEngine/Engine/Source/Editor/VREditor/VREditorPlacement.h,3,0,3
/media/ullmann/HDDGabriel/engines/UnrealEngine/Engine/Source/Editor/AnimGraph/Public/AnimationCustomTransitionSchema.h,0,1,1
/media/ullmann/HDDGabriel/engines/UnrealEngine/Engine/Source/Editor/AnimGraph/Public/AnimationGraphSchema.h,2,0,2
/media/ullmann/HDDGabriel/engines/UnrealEngine/Engine/Source/ThirdParty/PhysX3/PxShared/src/foundation/include/PsHashSet.h,0,1,1
/media/ullmann/HDDGabriel/engines/UnrealEngine/Engine/Source/ThirdParty/OpenSubdiv/Deploy/OpenSubdiv-3.4.4/include/opensubdiv/osd/glMesh.h,0,3,3
/media/ullmann/HDDGabriel/engines/UnrealEngine/Engine/Source/ThirdParty/openexr/openexr-3.1.1/src/lib/IlmThread/IlmThreadNamespace.h,5,0,5
/media/ullmann/HDDGabriel/engines/UnrealEngine/Engine/Source/ThirdParty/Android/libunwind/libunwind/src/aarch64/Ginit_local.c,1,2,3
/media/ullmann/HDDGabriel/engines/UnrealEngine/Engine/Source/ThirdParty/Android/libunwind/libunwind/src/aarch64/init.h,2,1,3
/media/ullmann/HDDGabriel/engines/UnrealEngine/Engine/Source/ThirdParty/FreeType2/FreeType2-2.4.12/src/gxvalid/gxvbsln.c,1,2,3
/media/ullmann/HDDGabriel/engines/UnrealEngine/Engine/Source/Runtime/BinkAudioDecoder/SDK/BinkAudio/Src/binkacd.h,2,0,2
/media/ullmann/HDDGabriel/engines/UnrealEngine/Engine/Source/Runtime/Renderer/Private/Lumen/LumenReflectionHardwareRayTracing.cpp,0,2,2
/media/ullmann/HDDGabriel/engines/UnrealEngine/Engine/Source/ThirdParty/ICU/icu4c-64_1/source/test/intltest/numfmtspectest.cpp,0,1,1
/media/ullmann/HDDGabriel/engines/UnrealEngine/Engine/Source/Developer/AssetTools/Private/AssetTypeActions/AssetTypeActions_TextureLightProfile.h,1,0,1
/media/ullmann/HDDGabriel/engines/UnrealEngine/Engine/Source/Runtime/Core/Public/Containers/LockFreeFixedSizeAllocator.h,2,0,2
/media/ullmann/HDDGabriel/engines/UnrealEngine/Engine/Source/Developer/TraceInsights/Private/Insights/Widgets/STimerTreeView.cpp,0,1,1
/media/ullmann/HDDGabriel/engines/UnrealEngine/Engine/Source/Developer/TraceInsights/Private/Insights/Widgets/STimerTreeView.h,1,0,1
/media/ullmann/HDDGabriel/engines/UnrealEngine/Engine/Source/ThirdParty/Steamworks/Steamv146/sdk/public/steam/isteamnetworking.h,1,1,2
/media/ullmann/HDDGabriel/engines/UnrealEngine/Engine/Source/Runtime/GameplayTags/Classes/GameplayTagContainer.h,3,0,3
/media/ullmann/HDDGabriel/engines/UnrealEngine/Engine/Source/ThirdParty/Intel/ISPC/ispc-1.16.1/examples/cpu/deferred/common.cpp,0,2,2
/media/ullmann/HDDGabriel/engines/UnrealEngine/Engine/Source/ThirdParty/SDL2/SDL-gui-backend/src/video/uikit/SDL_uikitviewcontroller.h,0,2,2
/media/ullmann/HDDGabriel/engines/UnrealEngine/Engine/Source/ThirdParty/llvm/8/include/llvm/PassAnalysisSupport.h,0,1,1
/media/ullmann/HDDGabriel/engines/UnrealEngine/Engine/Source/ThirdParty/llvm/8/include/llvm/Pass.h,1,0,1
/media/ullmann/HDDGabriel/engines/UnrealEngine/Engine/Source/Runtime/Core/Public/Stats/StatsTrace.h,1,0,1
/media/ullmann/HDDGabriel/engines/UnrealEngine/Engine/Source/ThirdParty/Android/libunwind/libunwind/src/ia64/Ltables.c,0,1,1
/media/ullmann/HDDGabriel/engines/UnrealEngine/Engine/Source/ThirdParty/ShaderConductor/ShaderConductor/External/DirectXShaderCompiler/tools/clang/lib/SPIRV/NonUniformVisitor.cpp,0,1,1
/media/ullmann/HDDGabriel/engines/UnrealEngine/Engine/Source/ThirdParty/Vorbis/libvorbis-1.3.2/lib/bitrate.c,0,4,4
/media/ullmann/HDDGabriel/engines/UnrealEngine/Engine/Source/Runtime/CUDA/Source/Public/CudaModule.h,0,1,1
/media/ullmann/HDDGabriel/engines/UnrealEngine/Engine/Source/Runtime/CUDA/Source/Public/CudaWrapper.h,1,0,1
/media/ullmann/HDDGabriel/engines/UnrealEngine/Engine/Source/Runtime/Renderer/Private/GlobalDistanceField.cpp,0,6,6
/media/ullmann/HDDGabriel/engines/UnrealEngine/Engine/Source/Editor/MovieSceneTools/Private/MovieSceneEventBlueprintExtension.cpp,0,1,1
/media/ullmann/HDDGabriel/engines/UnrealEngine/Engine/Source/ThirdParty/MCPP/mcpp-2.7.2/cpp-test/test-l/nest92.h,1,1,2
/media/ullmann/HDDGabriel/engines/UnrealEngine/Engine/Source/ThirdParty/ShaderConductor/ShaderConductor/External/DirectXShaderCompiler/tools/clang/lib/StaticAnalyzer/Checkers/VLASizeChecker.cpp,0,1,1
/media/ullmann/HDDGabriel/engines/UnrealEngine/Engine/Source/Developer/TraceServices/Private/Analyzers/PlatformEventTraceAnalysis.cpp,0,1,1
/media/ullmann/HDDGabriel/engines/UnrealEngine/Engine/Source/Developer/TraceServices/Private/Analyzers/PlatformEventTraceAnalysis.h,1,0,1
/media/ullmann/HDDGabriel/engines/UnrealEngine/Engine/Source/ThirdParty/FreeType2/FreeType2-2.10.4/src/cff/cffcmap.c,1,3,4
/media/ullmann/HDDGabriel/engines/UnrealEngine/Engine/Source/Editor/PropertyEditor/Private/UserInterface/PropertyEditor/SPropertyMenuActorPicker.cpp,0,2,2
/media/ullmann/HDDGabriel/engines/UnrealEngine/Engine/Source/Runtime/UMG/Public/Components/BackgroundBlur.h,1,0,1
/media/ullmann/HDDGabriel/engines/UnrealEngine/Engine/Source/ThirdParty/Intel/TBB/IntelTBB-2019u8/include/tbb/internal/_tbb_trace_impl.h,1,1,2
/media/ullmann/HDDGabriel/engines/UnrealEngine/Engine/Source/ThirdParty/EOSSDK/SDK/Bin/Android/include/eos_metrics_types.h,2,1,3
/media/ullmann/HDDGabriel/engines/UnrealEngine/Engine/Source/ThirdParty/CryptoPP/5.6.2/include/square.h,3,2,5
/media/ullmann/HDDGabriel/engines/UnrealEngine/Engine/Source/ThirdParty/ICU/icu4c-64_1/source/test/intltest/ficoll.cpp,0,2,2
/media/ullmann/HDDGabriel/engines/UnrealEngine/Engine/Source/ThirdParty/ICU/icu4c-53_1/source/test/intltest/tzfmttst.h,2,1,3
/media/ullmann/HDDGabriel/engines/UnrealEngine/Engine/Source/ThirdParty/FreeType2/FreeType2-2.6/Src/cff/cffgload.h,3,1,4
/media/ullmann/HDDGabriel/engines/UnrealEngine/Engine/Source/Developer/DerivedDataCache/Private/DerivedDataBuildInputs.cpp,0,1,1
/media/ullmann/HDDGabriel/engines/UnrealEngine/Engine/Source/ThirdParty/Oculus/LibOVRPlatform/LibOVRPlatform/include/OVR_LaunchFriendRequestFlowResult.h,2,1,3
/media/ullmann/HDDGabriel/engines/UnrealEngine/Engine/Source/Editor/ContentBrowser/Private/SPathPicker.h,3,0,3
/media/ullmann/HDDGabriel/engines/UnrealEngine/Engine/Source/Editor/WorldBrowser/Private/SWorldHierarchyItem.cpp,0,6,6
/media/ullmann/HDDGabriel/engines/UnrealEngine/Engine/Source/Editor/WorldBrowser/Private/SWorldHierarchyItem.h,2,0,2
/media/ullmann/HDDGabriel/engines/UnrealEngine/Engine/Source/ThirdParty/Perforce/P4Api.Net/p4bridge-unit-test/TestP4BridgeServerLogging.h,1,0,1
/media/ullmann/HDDGabriel/engines/UnrealEngine/Engine/Source/Editor/AnimGraph/Public/AnimGraphNode_LookAt.h,0,1,1
/media/ullmann/HDDGabriel/engines/UnrealEngine/Engine/Source/ThirdParty/WebRTC/4147/Include/third_party/ffmpeg/libavcodec/opus_rc.h,1,0,1
/media/ullmann/HDDGabriel/engines/UnrealEngine/Engine/Source/ThirdParty/openexr/openexr-3.1.1/src/test/OpenEXRTest/testDeepScanLineBasic.cpp,0,2,2
/media/ullmann/HDDGabriel/engines/UnrealEngine/Engine/Source/ThirdParty/OpenVDB/openvdb-8.1.0/openvdb/openvdb/unittest/TestPointAdvect.cc,0,1,1
/media/ullmann/HDDGabriel/engines/UnrealEngine/Engine/Source/ThirdParty/WebRTC/4147/Include/third_party/libvpx/source/libvpx/video_reader.h,0,1,1
/media/ullmann/HDDGabriel/engines/UnrealEngine/Engine/Source/ThirdParty/WebRTC/4147/Include/third_party/libvpx/source/libvpx/video_common.h,2,1,3
/media/ullmann/HDDGabriel/engines/UnrealEngine/Engine/Source/ThirdParty/ICU/icu4c-53_1/source/test/intltest/numfmtst.h,2,1,3
/media/ullmann/HDDGabriel/engines/UnrealEngine/Engine/Source/Runtime/MovieScene/Public/Evaluation/MovieScenePreAnimatedState.h,1,0,1
/media/ullmann/HDDGabriel/engines/UnrealEngine/Engine/Source/ThirdParty/FreeType2/FreeType2-2.10.4/src/smooth/ftsmooth.h,1,0,1
/media/ullmann/HDDGabriel/engines/UnrealEngine/Engine/Source/Editor/DetailCustomizations/Private/DeviceProfileDetails.cpp,0,2,2
/media/ullmann/HDDGabriel/engines/UnrealEngine/Engine/Source/Runtime/Online/XMPP/Private/XmppJingle/XmppJingle.h,1,0,1
/media/ullmann/HDDGabriel/engines/UnrealEngine/Engine/Source/ThirdParty/Android/libunwind/libunwind/src/x86_64/Lstep.c,0,1,1
/media/ullmann/HDDGabriel/engines/UnrealEngine/Engine/Source/ThirdParty/Android/libunwind/libunwind/src/x86_64/Gstep.c,1,1,2
/media/ullmann/HDDGabriel/engines/UnrealEngine/Engine/Source/Runtime/Core/Public/Templates/ChooseClass.h,3,0,3
/media/ullmann/HDDGabriel/engines/UnrealEngine/Engine/Source/ThirdParty/libOpus/opus-1.1/silk/float/LPC_analysis_filter_FLP.c,0,1,1
/media/ullmann/HDDGabriel/engines/UnrealEngine/Engine/Source/ThirdParty/Python3/Win64/include/parsetok.h,0,2,2
/media/ullmann/HDDGabriel/engines/UnrealEngine/Engine/Source/ThirdParty/Python3/Win64/include/grammar.h,1,1,2
/media/ullmann/HDDGabriel/engines/UnrealEngine/Engine/Source/Editor/Persona/Private/SAnimSequenceCurveEditor.cpp,0,2,2
/media/ullmann/HDDGabriel/engines/UnrealEngine/Engine/Source/Editor/Persona/Private/AnimTimeline/SAnimTimelineTransportControls.h,3,0,3
/media/ullmann/HDDGabriel/engines/UnrealEngine/Engine/Source/ThirdParty/WebRTC/4147/Include/rtc_base/socket_server.h,0,1,1
/media/ullmann/HDDGabriel/engines/UnrealEngine/Engine/Source/Runtime/CoreUObject/Private/UObject/LinkerManager.h,1,0,1
/media/ullmann/HDDGabriel/engines/UnrealEngine/Engine/Source/ThirdParty/Python3/Mac/include/abstract.h,1,1,2
/media/ullmann/HDDGabriel/engines/UnrealEngine/Engine/Source/ThirdParty/FreeType2/FreeType2-2.6/Src/gxvalid/gxvbsln.c,1,2,3
/media/ullmann/HDDGabriel/engines/UnrealEngine/Engine/Source/ThirdParty/ICU/icu4c-64_1/source/test/intltest/callimts.h,2,1,3
/media/ullmann/HDDGabriel/engines/UnrealEngine/Engine/Source/ThirdParty/SDL2/SDL-gui-backend/src/video/SDL_blit_0.c,0,2,2
/media/ullmann/HDDGabriel/engines/UnrealEngine/Engine/Source/ThirdParty/ShaderConductor/ShaderConductor/External/DirectXShaderCompiler/tools/llvm-readobj/Win64EHDumper.h,2,1,3
/media/ullmann/HDDGabriel/engines/UnrealEngine/Engine/Source/ThirdParty/Python3/Mac/include/pyarena.h,1,0,1
/media/ullmann/HDDGabriel/engines/UnrealEngine/Engine/Source/Runtime/AVEncoder/Private/Decoders/vdecmpeg4/M4MotionVectorMgr.cpp,0,1,1
/media/ullmann/HDDGabriel/engines/UnrealEngine/Engine/Source/ThirdParty/libOpus/opus-1.0.3/silk/resampler_down2_3.c,0,2,2
/media/ullmann/HDDGabriel/engines/UnrealEngine/Engine/Source/ThirdParty/Intel/ISPC/ispc-1.16.1/src/ast.cpp,0,6,6
/media/ullmann/HDDGabriel/engines/UnrealEngine/Engine/Source/ThirdParty/ICU/icu4c-53_1/source/i18n/unicode/plurfmt.h,2,0,2
/media/ullmann/HDDGabriel/engines/UnrealEngine/Engine/Source/ThirdParty/libcurl/include/Android/x64/curl/mprintf.h,0,1,1
/media/ullmann/HDDGabriel/engines/UnrealEngine/Engine/Source/ThirdParty/ICU/icu4c-53_1/source/samples/layout/GnomeFontInstance.cpp,0,3,3
/media/ullmann/HDDGabriel/engines/UnrealEngine/Engine/Source/ThirdParty/Intel/Embree/Embree2140/src/kernels/bvh/bvh_rotate.cpp,0,1,1
/media/ullmann/HDDGabriel/engines/UnrealEngine/Engine/Source/Editor/AnimationModifiers/Private/AnimationModifierHelpers.h,3,0,3
/media/ullmann/HDDGabriel/engines/UnrealEngine/Engine/Source/ThirdParty/ShaderConductor/ShaderConductor/External/DirectXShaderCompiler/include/llvm/DebugInfo/PDB/PDBSymbolTypeBaseClass.h,0,2,2
/media/ullmann/HDDGabriel/engines/UnrealEngine/Engine/Source/Runtime/MovieSceneCapture/Private/MovieSceneCapture.cpp,0,1,1
/media/ullmann/HDDGabriel/engines/UnrealEngine/Engine/Source/ThirdParty/rpclib/Source/include/rpc/msgpack/adaptor/boost/msgpack_variant.hpp,1,0,1
/media/ullmann/HDDGabriel/engines/UnrealEngine/Engine/Source/Editor/DetailCustomizations/Private/AudioSettingsDetails.h,2,0,2
/media/ullmann/HDDGabriel/engines/UnrealEngine/Engine/Source/ThirdParty/Perforce/p4api-2018.1/Include/Mac/p4/keepalive.h,1,0,1
/media/ullmann/HDDGabriel/engines/UnrealEngine/Engine/Source/Runtime/RenderCore/Private/RenderUtils.cpp,0,1,1
/media/ullmann/HDDGabriel/engines/UnrealEngine/Engine/Source/ThirdParty/OpenVDB/openvdb-8.1.0/openvdb/openvdb/unittest/TestPointSample.cc,0,1,1
/media/ullmann/HDDGabriel/engines/UnrealEngine/Engine/Source/Editor/AnimGraph/Public/AnimGraphNode_Root.h,0,1,1
/media/ullmann/HDDGabriel/engines/UnrealEngine/Engine/Source/Developer/Windows/LiveCodingServer/Private/External/LC_MicroAllocator.cpp,0,2,2
/media/ullmann/HDDGabriel/engines/UnrealEngine/Engine/Source/Runtime/Renderer/Private/Nanite/Nanite.cpp,0,1,1
/media/ullmann/HDDGabriel/engines/UnrealEngine/Engine/Source/ThirdParty/OpenSubdiv/OpenSubdiv-3.4.4/regression/shapes/catmark_gregory_test8.h,1,0,1
/media/ullmann/HDDGabriel/engines/UnrealEngine/Engine/Source/Editor/PropertyEditor/Public/IPropertyTableCell.h,0,2,2
/media/ullmann/HDDGabriel/engines/UnrealEngine/Engine/Source/ThirdParty/Intel/MetricsDiscovery/MetricsDiscoveryHelper/samples/range_sample_dx11/imgui/examples/marmalade_example/main.cpp,0,1,1
/media/ullmann/HDDGabriel/engines/UnrealEngine/Engine/Source/ThirdParty/Intel/MetricsDiscovery/MetricsDiscoveryHelper/samples/range_sample_dx11/imgui/examples/marmalade_example/imgui_impl_marmalade.h,2,0,2
/media/ullmann/HDDGabriel/engines/UnrealEngine/Engine/Source/Runtime/Engine/Public/WorldPartition/WorldPartitionActorDescViewProxy.h,0,1,1
/media/ullmann/HDDGabriel/engines/UnrealEngine/Engine/Source/Runtime/Online/BuildPatchServices/Private/Installer/Statistics/ChunkDbChunkSourceStatistics.h,1,0,1
/media/ullmann/HDDGabriel/engines/UnrealEngine/Engine/Source/ThirdParty/CryptoPP/5.6.2/include/eprecomp.h,5,3,8
/media/ullmann/HDDGabriel/engines/UnrealEngine/Engine/Source/ThirdParty/EOSSDK/SDK/Bin/IOS/EOSSDK.framework/Headers/eos_lobby_types.h,2,2,4
/media/ullmann/HDDGabriel/engines/UnrealEngine/Engine/Source/ThirdParty/WebRTC/4147/Include/tools/clang/plugins/FindBadConstructsConsumer.h,0,4,4
/media/ullmann/HDDGabriel/engines/UnrealEngine/Engine/Source/ThirdParty/WebRTC/4147/Include/tools/clang/plugins/SuppressibleDiagnosticBuilder.h,1,0,1
/media/ullmann/HDDGabriel/engines/UnrealEngine/Engine/Source/ThirdParty/PhysX3/APEX_1.4/module/clothing/embedded/ExtClothMeshQuadifier.h,2,2,4
/media/ullmann/HDDGabriel/engines/UnrealEngine/Engine/Source/ThirdParty/CryptoPP/5.6.5/include/twofish.cpp,0,4,4
/media/ullmann/HDDGabriel/engines/UnrealEngine/Engine/Source/ThirdParty/ICU/icu4c-64_1/source/common/punycode.h,3,1,4
/media/ullmann/HDDGabriel/engines/UnrealEngine/Engine/Source/ThirdParty/OpenVDB/openvdb-8.1.0/openvdb/openvdb/unittest/TestLeafManager.cc,0,1,1
/media/ullmann/HDDGabriel/engines/UnrealEngine/Engine/Source/ThirdParty/Crunch/src/crnlib/crn_ryg_dxt.cpp,0,3,3
/media/ullmann/HDDGabriel/engines/UnrealEngine/Engine/Source/Runtime/UMG/Private/WidgetBlueprintGeneratedClass.cpp,0,1,1
/media/ullmann/HDDGabriel/engines/UnrealEngine/Engine/Source/Runtime/UMG/Private/UMGPrivate.h,4,0,4
/media/ullmann/HDDGabriel/engines/UnrealEngine/Engine/Source/Editor/DerivedDataEditor/Private/SDerivedDataCacheSettings.h,3,0,3
/media/ullmann/HDDGabriel/engines/UnrealEngine/Engine/Source/ThirdParty/libOpus/opus-1.1/silk/float/autocorrelation_FLP.c,0,1,1
/media/ullmann/HDDGabriel/engines/UnrealEngine/Engine/Source/ThirdParty/EOSSDK/SDK/Bin/Android/include/eos_mods.h,0,1,1
/media/ullmann/HDDGabriel/engines/UnrealEngine/Engine/Source/ThirdParty/Python3/Win64/include/cpython/bytesobject.h,1,0,1
/media/ullmann/HDDGabriel/engines/UnrealEngine/Engine/Source/ThirdParty/Perforce/P4Api.Net/p4bridge-unit-test/targetver.h,1,0,1
/media/ullmann/HDDGabriel/engines/UnrealEngine/Engine/Source/Runtime/Slate/Public/Widgets/Notifications/SErrorText.h,2,0,2
/media/ullmann/HDDGabriel/engines/UnrealEngine/Engine/Source/ThirdParty/OpenSubdiv/OpenSubdiv-3.4.4/regression/shapes/catmark_smoothtris0.h,1,0,1
/media/ullmann/HDDGabriel/engines/UnrealEngine/Engine/Source/ThirdParty/FreeImage/FreeImage-3.18.0/Source/LibWebP/src/webp/encode.h,1,1,2
/media/ullmann/HDDGabriel/engines/UnrealEngine/Engine/Source/ThirdParty/Crunch/src/inc/crn_defs.h,4,1,5
/media/ullmann/HDDGabriel/engines/UnrealEngine/Engine/Source/Developer/Windows/LiveCoding/Private/External/LC_Hashing.h,1,2,3
/media/ullmann/HDDGabriel/engines/UnrealEngine/Engine/Source/Editor/BlueprintGraph/Classes/K2Node_LocalVariable.h,0,1,1
/media/ullmann/HDDGabriel/engines/UnrealEngine/Engine/Source/Editor/BlueprintGraph/Classes/K2Node_TemporaryVariable.h,1,1,2
/media/ullmann/HDDGabriel/engines/UnrealEngine/Engine/Source/ThirdParty/ShaderConductor/ShaderConductor/External/DirectXShaderCompiler/lib/DxrFallback/DxrFallbackCompiler.cpp,0,4,4
/media/ullmann/HDDGabriel/engines/UnrealEngine/Engine/Source/ThirdParty/ShaderConductor/ShaderConductor/External/DirectXShaderCompiler/lib/DxrFallback/runtime.h,1,0,1
/media/ullmann/HDDGabriel/engines/UnrealEngine/Engine/Source/Developer/MeshUtilities/Private/MeshRepresentationCommon.cpp,0,2,2
/media/ullmann/HDDGabriel/engines/UnrealEngine/Engine/Source/Editor/UnrealEd/Private/AssetEditorViewportLayout.cpp,0,1,1
/media/ullmann/HDDGabriel/engines/UnrealEngine/Engine/Source/Editor/UnrealEd/Private/EditorViewportLayoutEntity.h,2,0,2
/media/ullmann/HDDGabriel/engines/UnrealEngine/Engine/Source/Editor/DetailCustomizations/Private/LightComponentDetails.cpp,0,1,1
/media/ullmann/HDDGabriel/engines/UnrealEngine/Engine/Source/Developer/Windows/LiveCoding/Private/External/LC_Preprocessor.h,2,0,2
/media/ullmann/HDDGabriel/engines/UnrealEngine/Engine/Source/ThirdParty/openexr/Deploy/openexr-3.1.1/include/OpenEXR/ImfDoubleAttribute.h,0,2,2
/media/ullmann/HDDGabriel/engines/UnrealEngine/Engine/Source/ThirdParty/OpenVDB/Deploy/openvdb-8.1.0/include/openvdb/tools/GridOperators.h,1,1,2
/media/ullmann/HDDGabriel/engines/UnrealEngine/Engine/Source/ThirdParty/PhysX3/PhysX_3.4/Source/GeomUtils/src/convex/GuConvexHelper.cpp,0,1,1
/media/ullmann/HDDGabriel/engines/UnrealEngine/Engine/Source/ThirdParty/llvm/8/include/llvm/DebugInfo/PDB/IPDBSourceFile.h,0,1,1
/media/ullmann/HDDGabriel/engines/UnrealEngine/Engine/Source/ThirdParty/HarfBuzz/harfbuzz-2.4.0/src/hb-aat-layout.h,1,2,3
/media/ullmann/HDDGabriel/engines/UnrealEngine/Engine/Source/Programs/Enterprise/Datasmith/DatasmithARCHICADExporter/Private/Utils/Pasteboard.cpp,0,1,1
/media/ullmann/HDDGabriel/engines/UnrealEngine/Engine/Source/ThirdParty/ICU/icu4c-64_1/source/common/rbbirpt.h,2,1,3
/media/ullmann/HDDGabriel/engines/UnrealEngine/Engine/Source/ThirdParty/ICU/icu4c-53_1/source/common/ucnv_cb.c,0,5,5
/media/ullmann/HDDGabriel/engines/UnrealEngine/Engine/Source/ThirdParty/FreeType2/FreeType2-2.4.12/src/autofit/afmodule.c,1,5,6
/media/ullmann/HDDGabriel/engines/UnrealEngine/Engine/Source/Programs/EpicWebHelper/Private/EpicWebHelper.cpp,0,2,2
/media/ullmann/HDDGabriel/engines/UnrealEngine/Engine/Source/ThirdParty/Oculus/LibOVRPlatform/LibOVRPlatform/include/OVR_Microphone.h,2,2,4
/media/ullmann/HDDGabriel/engines/UnrealEngine/Engine/Source/ThirdParty/ShaderConductor/ShaderConductor/External/DirectXShaderCompiler/lib/DxilDia/DxilDiaTableSections.cpp,0,2,2
/media/ullmann/HDDGabriel/engines/UnrealEngine/Engine/Source/ThirdParty/ShaderConductor/ShaderConductor/External/DirectXShaderCompiler/lib/DxilDia/DxilDiaTableSections.h,2,2,4
/media/ullmann/HDDGabriel/engines/UnrealEngine/Engine/Source/ThirdParty/ShaderConductor/ShaderConductor/External/SPIRV-Tools/source/opt/pass.h,3,1,4
/media/ullmann/HDDGabriel/engines/UnrealEngine/Engine/Source/ThirdParty/ShaderConductor/ShaderConductor/External/SPIRV-Tools/source/opt/types.h,2,0,2
/media/ullmann/HDDGabriel/engines/UnrealEngine/Engine/Source/Runtime/Core/Public/Math/Range.h,3,0,3
/media/ullmann/HDDGabriel/engines/UnrealEngine/Engine/Source/ThirdParty/ShaderConductor/ShaderConductor/External/DirectXShaderCompiler/tools/clang/lib/Serialization/ASTReaderDecl.cpp,0,2,2
/media/ullmann/HDDGabriel/engines/UnrealEngine/Engine/Source/Runtime/Core/Public/Containers/Ticker.h,3,0,3
/media/ullmann/HDDGabriel/engines/UnrealEngine/Engine/Source/Runtime/Core/Public/Containers/MRUArray.h,1,0,1
/media/ullmann/HDDGabriel/engines/UnrealEngine/Engine/Source/ThirdParty/PhysX3/NvCloth/src/SwFabric.cpp,0,2,2
/media/ullmann/HDDGabriel/engines/UnrealEngine/Engine/Source/Runtime/ImageWrapper/Private/Formats/JpegImageWrapper.cpp,0,1,1
/media/ullmann/HDDGabriel/engines/UnrealEngine/Engine/Source/Runtime/ImageWrapper/Private/Formats/JpegImageWrapper.h,2,0,2
/media/ullmann/HDDGabriel/engines/UnrealEngine/Engine/Source/ThirdParty/PhysX3/PhysX_3.4/Include/extensions/PxDistanceJoint.h,1,0,1
/media/ullmann/HDDGabriel/engines/UnrealEngine/Engine/Source/ThirdParty/Android/libunwind/libunwind/src/mi/Lget_proc_name.c,0,1,1
/media/ullmann/HDDGabriel/engines/UnrealEngine/Engine/Source/ThirdParty/Android/libunwind/libunwind/src/mi/Gget_proc_name.c,1,0,1
/media/ullmann/HDDGabriel/engines/UnrealEngine/Engine/Source/ThirdParty/Python3/Linux/include/python3.9/typeslots.h,1,0,1
/media/ullmann/HDDGabriel/engines/UnrealEngine/Engine/Source/Editor/DistCurveEditor/Private/SDistributionCurveEditor.h,3,0,3
/media/ullmann/HDDGabriel/engines/UnrealEngine/Engine/Source/ThirdParty/MCPP/mcpp-2.7.2/test-l/nest67.h,1,1,2
/media/ullmann/HDDGabriel/engines/UnrealEngine/Engine/Source/Runtime/Online/SSL/Public/Ssl.h,0,3,3
/media/ullmann/HDDGabriel/engines/UnrealEngine/Engine/Source/Runtime/Online/SSL/Public/SslModule.h,1,0,1
/media/ullmann/HDDGabriel/engines/UnrealEngine/Engine/Source/ThirdParty/PhysX3/APEX_1.4/include/destructible/FractureToolsAPI.h,1,2,3
/media/ullmann/HDDGabriel/engines/UnrealEngine/Engine/Source/Developer/TraceInsights/Private/Insights/MemoryProfiler/ViewModels/ReportXmlParser.cpp,0,1,1
/media/ullmann/HDDGabriel/engines/UnrealEngine/Engine/Source/Developer/TraceInsights/Private/Insights/MemoryProfiler/ViewModels/ReportXmlParser.h,1,0,1
/media/ullmann/HDDGabriel/engines/UnrealEngine/Engine/Source/ThirdParty/PhysX3/APEX_1.4/common/include/FieldSamplerSceneIntl.h,0,2,2
/media/ullmann/HDDGabriel/engines/UnrealEngine/Engine/Source/ThirdParty/Oculus/OVRPlugin/OVRPlugin/Include/OVR_Plugin.h,1,1,2
/media/ullmann/HDDGabriel/engines/UnrealEngine/Engine/Source/ThirdParty/libOpus/opus-1.3.1-12/celt/mips/kiss_fft_mipsr1.h,1,0,1
/media/ullmann/HDDGabriel/engines/UnrealEngine/Engine/Source/Developer/Windows/LiveCoding/Private/External/LC_MemoryStream.cpp,0,3,3
/media/ullmann/HDDGabriel/engines/UnrealEngine/Engine/Source/ThirdParty/OpenVDB/openvdb-8.1.0/openvdb_maya/openvdb_maya/OpenVDBTransformNode.cc,0,1,1
/media/ullmann/HDDGabriel/engines/UnrealEngine/Engine/Source/ThirdParty/nvTextureTools/nvTextureTools-2.0.6/src/src/nvtt/squish/singlecolourfit.cpp,0,4,4
/media/ullmann/HDDGabriel/engines/UnrealEngine/Engine/Source/Editor/TextureEditor/Private/Customizations/CurveLinearColorAtlasDetailsCustomization.h,1,1,2
/media/ullmann/HDDGabriel/engines/UnrealEngine/Engine/Source/Editor/VREditor/VREditorPlacement.cpp,0,1,1
/media/ullmann/HDDGabriel/engines/UnrealEngine/Engine/Source/ThirdParty/libPNG/libPNG-1.6.37/contrib/gregbook/readppm.c,0,1,1
/media/ullmann/HDDGabriel/engines/UnrealEngine/Engine/Source/ThirdParty/ICU/icu4c-64_1/source/samples/layout/GnomeFontMap.cpp,0,4,4
/media/ullmann/HDDGabriel/engines/UnrealEngine/Engine/Source/ThirdParty/PhysX3/PhysX_3.4/Source/PhysXExtensions/src/serialization/Xml/SnXmlDeserializer.h,1,1,2
/media/ullmann/HDDGabriel/engines/UnrealEngine/Engine/Source/ThirdParty/FreeType2/FreeType2-2.6/Src/gxvalid/gxvcommn.c,1,1,2
/media/ullmann/HDDGabriel/engines/UnrealEngine/Engine/Source/ThirdParty/PhysX3/PhysX_3.4/Source/GeomUtils/src/GuRaycastTests.cpp,0,1,1
/media/ullmann/HDDGabriel/engines/UnrealEngine/Engine/Source/ThirdParty/PhysX3/PhysX_3.4/Source/LowLevelParticles/src/PtParticleCell.h,3,0,3
/media/ullmann/HDDGabriel/engines/UnrealEngine/Engine/Source/Runtime/LiveLinkInterface/Public/LiveLinkSourceSettings.h,2,2,4
/media/ullmann/HDDGabriel/engines/UnrealEngine/Engine/Source/Runtime/Engine/Private/VolumeTexture.cpp,0,4,4
/media/ullmann/HDDGabriel/engines/UnrealEngine/Engine/Source/ThirdParty/libstrophe/libstrophe-0.9.3/src/hash.c,0,2,2
/media/ullmann/HDDGabriel/engines/UnrealEngine/Engine/Source/ThirdParty/Vorbis/libvorbis-1.3.2/lib/modes/setup_22.h,1,0,1
/media/ullmann/HDDGabriel/engines/UnrealEngine/Engine/Source/Runtime/Renderer/Private/HairStrands/HairStrandsTile.cpp,0,2,2
/media/ullmann/HDDGabriel/engines/UnrealEngine/Engine/Source/ThirdParty/PhysX3/PhysX_3.4/Source/PhysXVehicle/src/PxVehicleSerialization.cpp,0,3,3
/media/ullmann/HDDGabriel/engines/UnrealEngine/Engine/Source/ThirdParty/EOSSDK/SDK/Include/eos_playerdatastorage.h,0,1,1
/media/ullmann/HDDGabriel/engines/UnrealEngine/Engine/Source/ThirdParty/MCPP/mcpp-2.7.2/src/preproc.c,0,2,2
/media/ullmann/HDDGabriel/engines/UnrealEngine/Engine/Source/ThirdParty/Alembic/alembic-1.8.2/houdini/SOP_AlembicIn/SOP_AlembicIn.C,0,1,1
/media/ullmann/HDDGabriel/engines/UnrealEngine/Engine/Source/ThirdParty/Alembic/alembic-1.8.2/houdini/SOP_AlembicIn/SOP_AlembicIn.h,1,0,1
/media/ullmann/HDDGabriel/engines/UnrealEngine/Engine/Source/ThirdParty/ICU/icu4c-64_1/source/tools/toolutil/filetools.h,2,0,2
/media/ullmann/HDDGabriel/engines/UnrealEngine/Engine/Source/Runtime/AssetRegistry/Private/AssetRegistryModule.cpp,0,2,2
/media/ullmann/HDDGabriel/engines/UnrealEngine/Engine/Source/Developer/ProfilerClient/Public/IProfilerClientModule.h,0,1,1
/media/ullmann/HDDGabriel/engines/UnrealEngine/Engine/Source/Developer/ProfilerClient/Public/IProfilerClient.h,1,0,1
/media/ullmann/HDDGabriel/engines/UnrealEngine/Engine/Source/ThirdParty/ICU/icu4c-53_1/source/test/intltest/v32test.h,2,1,3
/media/ullmann/HDDGabriel/engines/UnrealEngine/Engine/Source/Editor/PhysicsAssetEditor/Private/PhysicsAssetGraph/SPhysicsAssetGraphNode.h,3,0,3
/media/ullmann/HDDGabriel/engines/UnrealEngine/Engine/Source/Developer/Windows/LiveCoding/Private/External/LC_Environment.cpp,0,2,2
/media/ullmann/HDDGabriel/engines/UnrealEngine/Engine/Source/ThirdParty/libOpus/opus-1.1/silk/fixed/noise_shape_analysis_FIX.c,0,1,1
/media/ullmann/HDDGabriel/engines/UnrealEngine/Engine/Source/ThirdParty/PhysX3/APEX_1.4/module/framework_legacy/include/autogen/BufferU16x1_0p0.h,1,0,1
/media/ullmann/HDDGabriel/engines/UnrealEngine/Engine/Source/Programs/UnrealVersionSelector/Private/PlatformInstallation.cpp,0,1,1
/media/ullmann/HDDGabriel/engines/UnrealEngine/Engine/Source/Programs/UnrealVersionSelector/Private/PlatformInstallation.h,3,0,3
/media/ullmann/HDDGabriel/engines/UnrealEngine/Engine/Source/Developer/Windows/LiveCoding/Private/External/LC_CommandMap.cpp,0,2,2
/media/ullmann/HDDGabriel/engines/UnrealEngine/Engine/Source/ThirdParty/PhysX3/APEX_1.4/module/destructible/fracture/Delaunay3d.cpp,0,2,2
/media/ullmann/HDDGabriel/engines/UnrealEngine/Engine/Source/ThirdParty/Intel/ISPC/ispc-1.17.0/examples/xpu/sgemm/bench.cpp,0,1,1
/media/ullmann/HDDGabriel/engines/UnrealEngine/Engine/Source/ThirdParty/FBX/2020.2/include/fbxsdk/scene/shading/fbxfiletexture.h,1,0,1
/media/ullmann/HDDGabriel/engines/UnrealEngine/Engine/Source/ThirdParty/Intel/TBB/IntelTBB-2019u8/src/tbb/spin_rw_mutex.cpp,1,1,2
/media/ullmann/HDDGabriel/engines/UnrealEngine/Engine/Source/Programs/Enterprise/Datasmith/DatasmithARCHICADExporter/Private/GeometryUtil.h,3,1,4
/media/ullmann/HDDGabriel/engines/UnrealEngine/Engine/Source/ThirdParty/Perforce/p4api-2018.1/Include/Mac/p4/clientmerge.h,2,0,2
/media/ullmann/HDDGabriel/engines/UnrealEngine/Engine/Source/ThirdParty/FreeType2/FreeType2-2.6/Src/cff/cf2types.h,1,0,1
/media/ullmann/HDDGabriel/engines/UnrealEngine/Engine/Source/ThirdParty/PhysX3/PhysX_3.4/Source/GeomUtils/src/convex/GuBigConvexData.h,2,0,2
/media/ullmann/HDDGabriel/engines/UnrealEngine/Engine/Source/ThirdParty/zlib/zlib-1.2.5/Src/contrib/minizip/mztools.c,0,1,1
/media/ullmann/HDDGabriel/engines/UnrealEngine/Engine/Source/ThirdParty/Windows/DirectX/Include/d3d12video.h,0,2,2
/media/ullmann/HDDGabriel/engines/UnrealEngine/Engine/Source/Editor/UMGEditor/Public/DesignerExtension.h,1,1,2
/media/ullmann/HDDGabriel/engines/UnrealEngine/Engine/Source/Runtime/Apple/MetalRHI/Public/MetalViewport.h,1,0,1
/media/ullmann/HDDGabriel/engines/UnrealEngine/Engine/Source/Runtime/Apple/AGXRHI/Private/AGXTransitionData.cpp,0,2,2
/media/ullmann/HDDGabriel/engines/UnrealEngine/Engine/Source/ThirdParty/FreeType2/FreeType2-2.10.0/src/gxvalid/gxvbsln.c,1,2,3
/media/ullmann/HDDGabriel/engines/UnrealEngine/Engine/Source/ThirdParty/EOSSDK/SDK/Bin/IOS/EOSSDK.framework/Headers/eos_p2p.h,0,1,1
/media/ullmann/HDDGabriel/engines/UnrealEngine/Engine/Source/ThirdParty/EOSSDK/SDK/Bin/IOS/EOSSDK.framework/Headers/eos_p2p_types.h,2,1,3
/media/ullmann/HDDGabriel/engines/UnrealEngine/Engine/Source/Programs/UnrealTraceServer/src/AsioFile.cpp,0,3,3
/media/ullmann/HDDGabriel/engines/UnrealEngine/Engine/Source/ThirdParty/Oculus/LibOVRPlatform/LibOVRPlatform/include/OVR_LivestreamingAudience.h,0,1,1
/media/ullmann/HDDGabriel/engines/UnrealEngine/Engine/Source/ThirdParty/FreeImage/FreeImage-3.18.0/Source/OpenEXR/IlmImf/ImfTimeCode.cpp,0,2,2
/media/ullmann/HDDGabriel/engines/UnrealEngine/Engine/Source/ThirdParty/libOpus/opus-1.3.1-12/silk/float/apply_sine_window_FLP.c,0,1,1
/media/ullmann/HDDGabriel/engines/UnrealEngine/Engine/Source/ThirdParty/FreeImage/FreeImage-3.18.0/Source/OpenEXR/Half/halfLimits.h,0,1,1
/media/ullmann/HDDGabriel/engines/UnrealEngine/Engine/Source/ThirdParty/PhysX3/PhysX_3.4/Source/SimulationController/include/ScStaticCore.h,0,1,1
/media/ullmann/HDDGabriel/engines/UnrealEngine/Engine/Source/ThirdParty/PhysX3/PhysX_3.4/Source/SimulationController/include/ScRigidCore.h,2,1,3
/media/ullmann/HDDGabriel/engines/UnrealEngine/Engine/Source/Developer/HoloLens/HoloLensTargetPlatform/Private/IHoloLensDeviceDetector.h,3,0,3
/media/ullmann/HDDGabriel/engines/UnrealEngine/Engine/Source/ThirdParty/ShaderConductor/ShaderConductor/External/DirectXShaderCompiler/tools/clang/lib/StaticAnalyzer/Checkers/ExprInspectionChecker.cpp,0,1,1
/media/ullmann/HDDGabriel/engines/UnrealEngine/Engine/Source/ThirdParty/openexr/openexr-3.1.1/src/lib/Iex/IexMathIeeeExc.h,2,2,4
/media/ullmann/HDDGabriel/engines/UnrealEngine/Engine/Source/ThirdParty/openexr/openexr-3.1.1/src/lib/Iex/IexNamespace.h,5,0,5
/media/ullmann/HDDGabriel/engines/UnrealEngine/Engine/Source/ThirdParty/Perforce/p4api-2021.2/Include/Win64/VS2015/p4/stdhdrs.h,1,2,3
/media/ullmann/HDDGabriel/engines/UnrealEngine/Engine/Source/ThirdParty/Perforce/p4api-2021.2/Include/Win64/VS2015/p4/sanitizers.h,1,0,1
/media/ullmann/HDDGabriel/engines/UnrealEngine/Engine/Source/ThirdParty/Intel/Embree/Embree270/src/kernels/xeon/builders/heuristic_binning_array_unaligned.h,1,1,2
/media/ullmann/HDDGabriel/engines/UnrealEngine/Engine/Source/ThirdParty/FreeImage/FreeImage-3.18.0/Source/LibOpenJPEG/opj_intmath.h,1,0,1
/media/ullmann/HDDGabriel/engines/UnrealEngine/Engine/Source/Runtime/LiveLinkInterface/Public/LiveLinkController.h,1,1,2
/media/ullmann/HDDGabriel/engines/UnrealEngine/Engine/Source/ThirdParty/Android/libunwind/libunwind/src/hppa/regname.c,0,1,1
/media/ullmann/HDDGabriel/engines/UnrealEngine/Engine/Source/ThirdParty/libPNG/libPNG-1.5.27/contrib/gregbook/writepng.c,0,1,1
/media/ullmann/HDDGabriel/engines/UnrealEngine/Engine/Source/Developer/TraceServices/Private/Model/CsvProfilerProvider.cpp,0,1,1
/media/ullmann/HDDGabriel/engines/UnrealEngine/Engine/Source/Developer/TraceServices/Private/Model/CsvProfilerProviderPrivate.h,1,0,1
/media/ullmann/HDDGabriel/engines/UnrealEngine/Engine/Source/ThirdParty/coremod/coremod-4.2.6/src/precomp_lut.h,1,0,1
/media/ullmann/HDDGabriel/engines/UnrealEngine/Engine/Source/ThirdParty/ICU/icu4c-64_1/source/test/intltest/measfmttest.cpp,0,1,1
/media/ullmann/HDDGabriel/engines/UnrealEngine/Engine/Source/ThirdParty/ICU/icu4c-53_1/source/samples/layout/FontTableCache.cpp,0,1,1
/media/ullmann/HDDGabriel/engines/UnrealEngine/Engine/Source/ThirdParty/FreeType2/FreeType2-2.6/Src/sfnt/sfdriver.h,1,0,1
/media/ullmann/HDDGabriel/engines/UnrealEngine/Engine/Source/Developer/TraceInsights/Private/Insights/MemoryProfiler/ViewModels/MemoryTracker.cpp,0,1,1
/media/ullmann/HDDGabriel/engines/UnrealEngine/Engine/Source/Developer/TraceInsights/Private/Insights/MemoryProfiler/ViewModels/MemoryTracker.h,1,0,1
/media/ullmann/HDDGabriel/engines/UnrealEngine/Engine/Source/Editor/Sequencer/Public/MovieSceneSequenceEditor.h,1,0,1
/media/ullmann/HDDGabriel/engines/UnrealEngine/Engine/Source/Runtime/AIModule/Classes/Perception/AIPerceptionListenerInterface.h,1,0,1
/media/ullmann/HDDGabriel/engines/UnrealEngine/Engine/Source/ThirdParty/PhysX3/PhysX_3.4/Source/LowLevelCloth/src/SwClothData.cpp,0,3,3
/media/ullmann/HDDGabriel/engines/UnrealEngine/Engine/Source/ThirdParty/PhysX3/APEX_1.4/module/destructible_legacy/include/autogen/DestructibleAssetParameters_0p16.h,1,0,1
/media/ullmann/HDDGabriel/engines/UnrealEngine/Engine/Source/ThirdParty/ShaderConductor/ShaderConductor/External/DirectXShaderCompiler/tools/clang/unittests/Format/FormatTestJava.cpp,0,1,1
/media/ullmann/HDDGabriel/engines/UnrealEngine/Engine/Source/ThirdParty/SDL2/SDL-gui-backend/src/audio/haiku/SDL_haikuaudio.h,1,2,3
/media/ullmann/HDDGabriel/engines/UnrealEngine/Engine/Source/Editor/Persona/Private/AnimTimeline/AnimTimelineTrack_Attribute.cpp,0,1,1
/media/ullmann/HDDGabriel/engines/UnrealEngine/Engine/Source/ThirdParty/libOpus/opus-1.3.1-12/silk/fixed/regularize_correlations_FIX.c,0,1,1
/media/ullmann/HDDGabriel/engines/UnrealEngine/Engine/Source/ThirdParty/FreeType2/FreeType2-2.6/Src/gxvalid/gxvtrak.c,1,2,3
/media/ullmann/HDDGabriel/engines/UnrealEngine/Engine/Source/Runtime/Core/Public/HAL/PlatformFile.h,1,0,1
/media/ullmann/HDDGabriel/engines/UnrealEngine/Engine/Source/ThirdParty/HarfBuzz/harfbuzz-2.4.0/src/test-ot-color.cc,0,3,3
/media/ullmann/HDDGabriel/engines/UnrealEngine/Engine/Source/Runtime/NetworkFileSystem/Private/NetworkFileServerHttp.cpp,0,3,3
/media/ullmann/HDDGabriel/engines/UnrealEngine/Engine/Source/ThirdParty/PhysX3/PhysX_3.4/Source/LowLevelParticles/src/PtCollisionBox.cpp,0,1,1
/media/ullmann/HDDGabriel/engines/UnrealEngine/Engine/Source/ThirdParty/PhysX3/PhysX_3.4/Source/GeomUtils/src/mesh/GuBVConstants.h,3,0,3
/media/ullmann/HDDGabriel/engines/UnrealEngine/Engine/Source/Programs/Enterprise/Datasmith/DatasmithMaxExporter/Private/DatasmithMaxMeshExporter.cpp,0,1,1
/media/ullmann/HDDGabriel/engines/UnrealEngine/Engine/Source/ThirdParty/OpenSubdiv/OpenSubdiv-3.4.4/examples/common/d3d11ShaderCache.cpp,0,1,1
/media/ullmann/HDDGabriel/engines/UnrealEngine/Engine/Source/ThirdParty/PhysX3/APEX_1.4/framework/include/autogen/BufferU8x1.h,1,0,1
/media/ullmann/HDDGabriel/engines/UnrealEngine/Engine/Source/Editor/DataLayerEditor/Public/DataLayer/DataLayerEditorSubsystem.h,0,1,1
/media/ullmann/HDDGabriel/engines/UnrealEngine/Engine/Source/Editor/DataLayerEditor/Public/DataLayer/DataLayerAction.h,1,0,1
/media/ullmann/HDDGabriel/engines/UnrealEngine/Engine/Source/ThirdParty/FreeImage/FreeImage-3.18.0/Source/LibJPEG/jcprepct.c,0,2,2
/media/ullmann/HDDGabriel/engines/UnrealEngine/Engine/Source/ThirdParty/FreeType2/FreeType2-2.10.4/src/raster/ftrend1.h,1,0,1
/media/ullmann/HDDGabriel/engines/UnrealEngine/Engine/Source/ThirdParty/libOpus/opus-1.0.3/silk/NLSF_stabilize.c,0,1,1
/media/ullmann/HDDGabriel/engines/UnrealEngine/Engine/Source/ThirdParty/Alembic/alembic-1.8.2/arnold/Procedural/PathUtil.cpp,0,1,1
/media/ullmann/HDDGabriel/engines/UnrealEngine/Engine/Source/ThirdParty/PhysX3/APEX_1.4/module/destructible/fracture/CompoundCreator.h,2,1,3
/media/ullmann/HDDGabriel/engines/UnrealEngine/Engine/Source/ThirdParty/PhysX3/PhysX_3.4/Source/PhysXCooking/src/EdgeList.cpp,0,1,1
/media/ullmann/HDDGabriel/engines/UnrealEngine/Engine/Source/ThirdParty/PhysX3/PhysX_3.4/Source/PhysXCooking/src/EdgeList.h,2,0,2
/media/ullmann/HDDGabriel/engines/UnrealEngine/Engine/Source/Editor/BehaviorTreeEditor/Private/BehaviorTreeDebugger.h,5,0,5
/media/ullmann/HDDGabriel/engines/UnrealEngine/Engine/Source/ThirdParty/PhysX3/APEX_1.4/module/destructible_legacy/include/autogen/DestructibleActorParam_0p2.h,1,0,1
/media/ullmann/HDDGabriel/engines/UnrealEngine/Engine/Source/Editor/ClothPainter/Private/ClothPainterCommands.cpp,0,1,1
/media/ullmann/HDDGabriel/engines/UnrealEngine/Engine/Source/Editor/ClothPainter/Private/ClothPainterCommands.h,2,0,2
/media/ullmann/HDDGabriel/engines/UnrealEngine/Engine/Source/Developer/TraceInsights/Private/Insights/Widgets/STimingViewTrackList.cpp,0,1,1
/media/ullmann/HDDGabriel/engines/UnrealEngine/Engine/Source/Developer/TraceInsights/Private/Insights/Widgets/STimingViewTrackList.h,1,0,1
/media/ullmann/HDDGabriel/engines/UnrealEngine/Engine/Source/ThirdParty/HarfBuzz/harfbuzz-2.4.0/src/hb-aat-map.cc,0,2,2
/media/ullmann/HDDGabriel/engines/UnrealEngine/Engine/Source/ThirdParty/HarfBuzz/harfbuzz-2.4.0/src/hb-aat-map.hh,1,0,1
/media/ullmann/HDDGabriel/engines/UnrealEngine/Engine/Source/ThirdParty/Vorbis/libvorbis-1.3.2/lib/synthesis.c,0,4,4
/media/ullmann/HDDGabriel/engines/UnrealEngine/Engine/Source/ThirdParty/WebRTC/4147/Include/third_party/expat/files/lib/xmlrole.h,0,1,1
/media/ullmann/HDDGabriel/engines/UnrealEngine/Engine/Source/ThirdParty/WebRTC/4147/Include/third_party/expat/files/lib/xmltok.h,1,0,1
/media/ullmann/HDDGabriel/engines/UnrealEngine/Engine/Source/Runtime/Engine/Public/DataTableUtils.h,1,0,1
/media/ullmann/HDDGabriel/engines/UnrealEngine/Engine/Source/ThirdParty/libOpus/opus-1.3.1-12/silk/fixed/residual_energy_FIX.c,0,1,1
/media/ullmann/HDDGabriel/engines/UnrealEngine/Engine/Source/ThirdParty/SDL2/SDL-gui-backend/src/events/scancodes_xfree86.h,3,1,4
/media/ullmann/HDDGabriel/engines/UnrealEngine/Engine/Source/ThirdParty/ICU/icu4c-53_1/source/i18n/unicode/unirepl.h,3,0,3
/media/ullmann/HDDGabriel/engines/UnrealEngine/Engine/Source/Editor/AnimationModifiers/Private/AnimationModifiersTabSummoner.h,1,1,2
/media/ullmann/HDDGabriel/engines/UnrealEngine/Engine/Source/ThirdParty/ShaderConductor/ShaderConductor/External/DirectXShaderCompiler/lib/DxilDia/DxilDiaDataSource.h,1,2,3
/media/ullmann/HDDGabriel/engines/UnrealEngine/Engine/Source/Developer/TraceServices/Private/Modules/StatsModule.h,2,0,2
/media/ullmann/HDDGabriel/engines/UnrealEngine/Engine/Source/Editor/SkeletonEditor/Private/SkeletonTreeItem.cpp,0,1,1
/media/ullmann/HDDGabriel/engines/UnrealEngine/Engine/Source/ThirdParty/WebRTC/4147/Include/third_party/libvpx/source/libvpx/vp8/decoder/dboolhuff.h,1,0,1
/media/ullmann/HDDGabriel/engines/UnrealEngine/Engine/Source/ThirdParty/Intel/ISPC/ispc-1.16.1/ispcrt/tests/level_zero_mock/ze_mock_driver.cpp,0,1,1
/media/ullmann/HDDGabriel/engines/UnrealEngine/Engine/Source/ThirdParty/Intel/ISPC/ispc-1.16.1/ispcrt/tests/level_zero_mock/ze_mock.h,2,0,2
/media/ullmann/HDDGabriel/engines/UnrealEngine/Engine/Source/ThirdParty/Imath/Deploy/Imath-3.1.3/include/Imath/ImathConfig.h,3,0,3
/media/ullmann/HDDGabriel/engines/UnrealEngine/Engine/Source/Runtime/Renderer/Private/HairStrands/HairStrandsUtils.cpp,0,3,3
/media/ullmann/HDDGabriel/engines/UnrealEngine/Engine/Source/ThirdParty/FreeType2/FreeType2-2.10.0/src/gxvalid/gxvmorx5.c,1,1,2
/media/ullmann/HDDGabriel/engines/UnrealEngine/Engine/Source/ThirdParty/PhysX3/PhysX_3.4/Source/LowLevelAABB/include/BpAABBManagerTasks.h,1,0,1
/media/ullmann/HDDGabriel/engines/UnrealEngine/Engine/Source/Programs/HeadlessChaos/Public/HeadlessChaosTestForces.h,0,1,1
/media/ullmann/HDDGabriel/engines/UnrealEngine/Engine/Source/Editor/DataLayerEditor/Private/DataLayer/DataLayerTreeItem.cpp,0,2,2
/media/ullmann/HDDGabriel/engines/UnrealEngine/Engine/Source/Editor/DataLayerEditor/Private/DataLayer/SDataLayerTreeLabel.h,2,0,2
/media/ullmann/HDDGabriel/engines/UnrealEngine/Engine/Source/Runtime/Experimental/Chaos/Public/GeometryCollection/GeometryCollection.h,0,1,1
/media/ullmann/HDDGabriel/engines/UnrealEngine/Engine/Source/Runtime/Experimental/Chaos/Public/GeometryCollection/TransformCollection.h,1,0,1
/media/ullmann/HDDGabriel/engines/UnrealEngine/Engine/Source/ThirdParty/ICU/icu4c-64_1/source/test/intltest/tstnorm.cpp,0,2,2
/media/ullmann/HDDGabriel/engines/UnrealEngine/Engine/Source/ThirdParty/Android/libunwind/libunwind/src/unwind/GetRegionStart.c,0,1,1
/media/ullmann/HDDGabriel/engines/UnrealEngine/Engine/Source/ThirdParty/ShaderConductor/ShaderConductor/External/DirectXShaderCompiler/tools/clang/unittests/DxrFallback/test_DxrFallback.cpp,0,2,2
/media/ullmann/HDDGabriel/engines/UnrealEngine/Engine/Source/Runtime/Online/BackgroundHTTP/Public/BackgroundHttpRequestImpl.h,0,2,2
/media/ullmann/HDDGabriel/engines/UnrealEngine/Engine/Source/Runtime/Online/BackgroundHTTP/Public/BackgroundHttpNotificationObject.h,1,0,1
/media/ullmann/HDDGabriel/engines/UnrealEngine/Engine/Source/ThirdParty/ICU/icu4c-53_1/source/test/intltest/uts46test.cpp,0,1,1
/media/ullmann/HDDGabriel/engines/UnrealEngine/Engine/Source/ThirdParty/FreeImage/FreeImage-3.18.0/Source/OpenEXR/Imath/ImathEuler.h,1,6,7
/media/ullmann/HDDGabriel/engines/UnrealEngine/Engine/Source/ThirdParty/Intel/Embree/Embree270/src/kernels/xeon/bvh4/bvh4_builder_hair.avx.cpp,0,1,1
/media/ullmann/HDDGabriel/engines/UnrealEngine/Engine/Source/ThirdParty/Intel/Embree/Embree2140/src/kernels/builders/heuristic_spatial.h,1,2,3
/media/ullmann/HDDGabriel/engines/UnrealEngine/Engine/Source/ThirdParty/ShaderConductor/ShaderConductor/External/SPIRV-Cross/spirv_cross_util.hpp,2,1,3
/media/ullmann/HDDGabriel/engines/UnrealEngine/Engine/Source/ThirdParty/Intel/ISPC/ispc-1.16.1/examples/cpu/mandelbrot_tasks/mandelbrot_tasks.cpp,0,1,1
/media/ullmann/HDDGabriel/engines/UnrealEngine/Engine/Source/Developer/MeshBuilder/Private/BuildOptimizationHelper.h,1,0,1
/media/ullmann/HDDGabriel/engines/UnrealEngine/Engine/Source/ThirdParty/PhysX3/APEX_1.4/module/framework_legacy/include/autogen/SubmeshParameters_0p1.h,1,0,1
/media/ullmann/HDDGabriel/engines/UnrealEngine/Engine/Source/ThirdParty/Intel/Embree/Embree2140/src/common/sys/alloc.cpp,0,4,4
/media/ullmann/HDDGabriel/engines/UnrealEngine/Engine/Source/Editor/Sequencer/Private/SequencerMeshTrail.h,2,0,2
/media/ullmann/HDDGabriel/engines/UnrealEngine/Engine/Source/ThirdParty/ICU/icu4c-53_1/source/i18n/collationfcd.cpp,0,1,1
/media/ullmann/HDDGabriel/engines/UnrealEngine/Engine/Source/ThirdParty/Python3/Mac/include/methodobject.h,1,1,2
/media/ullmann/HDDGabriel/engines/UnrealEngine/Engine/Source/Runtime/UMG/Public/Components/SizeBox.h,1,0,1
/media/ullmann/HDDGabriel/engines/UnrealEngine/Engine/Source/ThirdParty/FreeType2/FreeType2-2.10.0/src/autofit/afwrtsys.h,2,5,7
/media/ullmann/HDDGabriel/engines/UnrealEngine/Engine/Source/ThirdParty/ICU/icu4c-53_1/source/test/intltest/frcoll.h,2,1,3
/media/ullmann/HDDGabriel/engines/UnrealEngine/Engine/Source/ThirdParty/ShaderConductor/ShaderConductor/External/DirectXShaderCompiler/tools/clang/lib/Parse/ParseStmt.cpp,0,1,1
/media/ullmann/HDDGabriel/engines/UnrealEngine/Engine/Source/ThirdParty/MCPP/mcpp-2.7.2/cpp-test/test-l/nest116.h,1,1,2
/media/ullmann/HDDGabriel/engines/UnrealEngine/Engine/Source/ThirdParty/Intel/Embree/Embree2140/src/kernels/subdiv/subdivpatch1base_eval.cpp,0,1,1
/media/ullmann/HDDGabriel/engines/UnrealEngine/Engine/Source/Programs/HeadlessChaos/Public/GeometryCollection/GeometryCollectionTestProximity.h,0,1,1
/media/ullmann/HDDGabriel/engines/UnrealEngine/Engine/Source/ThirdParty/ShaderConductor/ShaderConductor/External/DirectXShaderCompiler/lib/Support/Unix/Signals.inc,1,0,1
/media/ullmann/HDDGabriel/engines/UnrealEngine/Engine/Source/ThirdParty/Breakpad/src/google_breakpad/common/minidump_exception_ps3.h,1,0,1
/media/ullmann/HDDGabriel/engines/UnrealEngine/Engine/Source/Runtime/Json/Public/Policies/PrettyJsonPrintPolicy.h,1,0,1
/media/ullmann/HDDGabriel/engines/UnrealEngine/Engine/Source/ThirdParty/ICU/icu4c-53_1/source/test/letest/FontObject.cpp,0,1,1
/media/ullmann/HDDGabriel/engines/UnrealEngine/Engine/Source/ThirdParty/ICU/icu4c-53_1/source/test/letest/FontObject.h,1,0,1
/media/ullmann/HDDGabriel/engines/UnrealEngine/Engine/Source/ThirdParty/ICU/icu4c-64_1/source/test/intltest/jacoll.h,2,1,3
/media/ullmann/HDDGabriel/engines/UnrealEngine/Engine/Source/ThirdParty/ICU/icu4c-64_1/source/common/unicode/ustringtrie.h,1,0,1
/media/ullmann/HDDGabriel/engines/UnrealEngine/Engine/Source/Runtime/Experimental/Chaos/Public/Chaos/GeometryQueries.h,0,1,1
/media/ullmann/HDDGabriel/engines/UnrealEngine/Engine/Source/Editor/DistCurveEditor/Private/DistCurveEditorModule.cpp,0,1,1
/media/ullmann/HDDGabriel/engines/UnrealEngine/Engine/Source/ThirdParty/ICU/icu4c-64_1/source/i18n/utrans.cpp,0,3,3
/media/ullmann/HDDGabriel/engines/UnrealEngine/Engine/Source/Runtime/AVEncoder/Public/VideoEncoderCommon.h,0,1,1
/media/ullmann/HDDGabriel/engines/UnrealEngine/Engine/Source/ThirdParty/ShaderConductor/ShaderConductor/External/SPIRV-Tools/source/opt/amd_ext_to_khr.cpp,0,2,2
/media/ullmann/HDDGabriel/engines/UnrealEngine/Engine/Source/Runtime/Renderer/Private/PostProcess/PostProcessLensFlares.h,1,0,1
/media/ullmann/HDDGabriel/engines/UnrealEngine/Engine/Source/Editor/Kismet/Private/BlueprintDebugger.cpp,0,2,2
/media/ullmann/HDDGabriel/engines/UnrealEngine/Engine/Source/Editor/Kismet/Private/BlueprintDebugger.h,3,0,3
/media/ullmann/HDDGabriel/engines/UnrealEngine/Engine/Source/Runtime/GeometryCore/Public/MeshAdapter.h,0,3,3
/media/ullmann/HDDGabriel/engines/UnrealEngine/Engine/Source/Runtime/GeometryCore/Public/TriangleTypes.h,1,2,3
/media/ullmann/HDDGabriel/engines/UnrealEngine/Engine/Source/ThirdParty/Android/detex/AndroidETCConvert.cpp,0,2,2
/media/ullmann/HDDGabriel/engines/UnrealEngine/Engine/Source/ThirdParty/Intel/TBB/IntelTBB-2019u8/examples/parallel_for/tachyon/src/texture.cpp,0,8,8
/media/ullmann/HDDGabriel/engines/UnrealEngine/Engine/Source/Programs/Mac/UnrealEditorServices/Private/Mac/UnrealEditorServicesAppDelegate.cpp,0,1,1
/media/ullmann/HDDGabriel/engines/UnrealEngine/Engine/Source/Programs/Mac/UnrealEditorServices/Private/Mac/UnrealEditorServicesAppDelegate.h,2,0,2
/media/ullmann/HDDGabriel/engines/UnrealEngine/Engine/Source/Runtime/Experimental/Interchange/Engine/Public/InterchangeProjectSettings.h,0,1,1
/media/ullmann/HDDGabriel/engines/UnrealEngine/Engine/Source/Runtime/Experimental/Interchange/Engine/Public/InterchangePipelineConfigurationBase.h,2,0,2
/media/ullmann/HDDGabriel/engines/UnrealEngine/Engine/Source/ThirdParty/openexr/openexr-3.1.1/src/lib/OpenEXR/ImfPxr24Compressor.h,2,1,3
/media/ullmann/HDDGabriel/engines/UnrealEngine/Engine/Source/Runtime/GeometryCore/Public/LineTypes.h,2,1,3
/media/ullmann/HDDGabriel/engines/UnrealEngine/Engine/Source/ThirdParty/Intel/TBB/IntelTBB-2019u8/examples/parallel_for/polygon_overlay/rpolygon.h,1,1,2
/media/ullmann/HDDGabriel/engines/UnrealEngine/Engine/Source/ThirdParty/openexr/openexr-3.1.1/src/test/OpenEXRTest/testCompression.h,1,0,1
/media/ullmann/HDDGabriel/engines/UnrealEngine/Engine/Source/ThirdParty/Intel/ISPC/ispc-1.17.0/examples/cpu/sort/sort.cpp,0,1,1
/media/ullmann/HDDGabriel/engines/UnrealEngine/Engine/Source/Editor/BehaviorTreeEditor/Private/EdGraphSchema_BehaviorTree.cpp,0,2,2
/media/ullmann/HDDGabriel/engines/UnrealEngine/Engine/Source/Editor/BehaviorTreeEditor/Private/BehaviorTreeConnectionDrawingPolicy.h,2,0,2
/media/ullmann/HDDGabriel/engines/UnrealEngine/Engine/Source/Runtime/Slate/Public/Widgets/Input/SVolumeControl.h,1,0,1
/media/ullmann/HDDGabriel/engines/UnrealEngine/Engine/Source/ThirdParty/libOpus/opus-1.3.1-12/silk/fixed/warped_autocorrelation_FIX.c,0,2,2
/media/ullmann/HDDGabriel/engines/UnrealEngine/Engine/Source/ThirdParty/libOpus/opus-1.3.1-12/silk/fixed/mips/warped_autocorrelation_FIX_mipsr1.h,1,0,1
/media/ullmann/HDDGabriel/engines/UnrealEngine/Engine/Source/ThirdParty/Imath/Imath-3.1.3/src/ImathTest/testExtractEuler.cpp,0,1,1
/media/ullmann/HDDGabriel/engines/UnrealEngine/Engine/Source/ThirdParty/Imath/Imath-3.1.3/src/ImathTest/testExtractEuler.h,2,0,2
/media/ullmann/HDDGabriel/engines/UnrealEngine/Engine/Source/ThirdParty/ICU/icu4c-64_1/source/common/usc_impl.h,1,2,3
/media/ullmann/HDDGabriel/engines/UnrealEngine/Engine/Source/Runtime/Experimental/Chaos/Public/Chaos/PBDJointConstraints.h,2,0,2
/media/ullmann/HDDGabriel/engines/UnrealEngine/Engine/Source/ThirdParty/PhysX3/APEX_1.4/module/destructible/fracture/IceRevisitedRadix.h,2,1,3
/media/ullmann/HDDGabriel/engines/UnrealEngine/Engine/Source/ThirdParty/ShaderConductor/ShaderConductor/External/DirectXShaderCompiler/lib/DebugInfo/DWARF/DWARFFormValue.cpp,0,1,1
/media/ullmann/HDDGabriel/engines/UnrealEngine/Engine/Source/ThirdParty/ShaderConductor/ShaderConductor/External/DirectXShaderCompiler/lib/DebugInfo/DWARF/SyntaxHighlighting.h,3,0,3
/media/ullmann/HDDGabriel/engines/UnrealEngine/Engine/Source/ThirdParty/Boost/boost-1_70_0/include/boost/outcome/detail/basic_result_error_observers.hpp,1,1,2
/media/ullmann/HDDGabriel/engines/UnrealEngine/Engine/Source/ThirdParty/llvm/8/include/llvm/DebugInfo/PDB/DIA/DIADataStream.h,0,1,1
/media/ullmann/HDDGabriel/engines/UnrealEngine/Engine/Source/Programs/HeadlessChaos/Resource/TorusGeometry.cpp,0,1,1
/media/ullmann/HDDGabriel/engines/UnrealEngine/Engine/Source/Programs/HeadlessChaos/Resource/TorusGeometry.h,1,0,1
/media/ullmann/HDDGabriel/engines/UnrealEngine/Engine/Source/Runtime/Renderer/Private/PostProcess/PostProcessSelectionOutline.cpp,0,1,1
/media/ullmann/HDDGabriel/engines/UnrealEngine/Engine/Source/ThirdParty/ICU/icu4c-53_1/source/test/intltest/tzregts.h,2,1,3
/media/ullmann/HDDGabriel/engines/UnrealEngine/Engine/Source/ThirdParty/OpenVDB/openvdb-8.1.0/openvdb/openvdb/python/pyAccessor.h,1,1,2
/media/ullmann/HDDGabriel/engines/UnrealEngine/Engine/Source/Editor/UnrealEd/Public/IPackageAutoSaver.h,1,0,1
/media/ullmann/HDDGabriel/engines/UnrealEngine/Engine/Source/ThirdParty/GoogleOboe/Private/fifo/FifoController.cpp,0,2,2
/media/ullmann/HDDGabriel/engines/UnrealEngine/Engine/Source/ThirdParty/ICU/icu4c-53_1/source/i18n/persncal.h,2,1,3
/media/ullmann/HDDGabriel/engines/UnrealEngine/Engine/Source/Editor/AnimationBlueprintEditor/Private/AnimationStateNodes/SGraphNodeAnimStateEntry.h,1,0,1
/media/ullmann/HDDGabriel/engines/UnrealEngine/Engine/Source/Editor/UnrealEd/Public/Toolkits/BaseToolkit.h,1,0,1
/media/ullmann/HDDGabriel/engines/UnrealEngine/Engine/Source/ThirdParty/FreeType2/FreeType2-2.10.4/src/otvalid/otverror.h,1,0,1
/media/ullmann/HDDGabriel/engines/UnrealEngine/Engine/Source/ThirdParty/Intel/Embree/Embree270/src/kernels/xeonphi/bvh4i/bvh4i_rotate.cpp,0,1,1
/media/ullmann/HDDGabriel/engines/UnrealEngine/Engine/Source/Runtime/Renderer/Private/HairStrands/HairStrandsVoxelization.cpp,0,5,5
/media/ullmann/HDDGabriel/engines/UnrealEngine/Engine/Source/ThirdParty/SDL2/SDL-gui-backend/src/video/SDL_bmp.c,0,2,2
/media/ullmann/HDDGabriel/engines/UnrealEngine/Engine/Source/ThirdParty/ICU/icu4c-64_1/source/common/umath.cpp,0,1,1
/media/ullmann/HDDGabriel/engines/UnrealEngine/Engine/Source/Editor/SkeletonEditor/Public/BlendProfilePicker.h,1,0,1
/media/ullmann/HDDGabriel/engines/UnrealEngine/Engine/Source/Runtime/UMG/Public/Components/CanvasPanel.h,1,0,1
/media/ullmann/HDDGabriel/engines/UnrealEngine/Engine/Source/Runtime/HeadMountedDisplay/Public/DefaultXRCamera.h,0,3,3
/media/ullmann/HDDGabriel/engines/UnrealEngine/Engine/Source/Runtime/Core/Public/Misc/LocalTimestampDirectoryVisitor.h,1,0,1
/media/ullmann/HDDGabriel/engines/UnrealEngine/Engine/Source/ThirdParty/ShaderConductor/ShaderConductor/External/DirectXShaderCompiler/include/llvm/DebugInfo/PDB/DIA/DIADataStream.h,0,1,1
/media/ullmann/HDDGabriel/engines/UnrealEngine/Engine/Source/ThirdParty/PhysX3/APEX_1.4/module/destructible/fracture/MeshClipper.cpp,0,2,2
/media/ullmann/HDDGabriel/engines/UnrealEngine/Engine/Source/ThirdParty/FreeType2/FreeType2-2.6/Src/type42/t42types.h,1,0,1
/media/ullmann/HDDGabriel/engines/UnrealEngine/Engine/Source/ThirdParty/Intel/ISPC/ispc-1.17.0/benchmarks/01_trivial/06_math.cpp,0,1,1
/media/ullmann/HDDGabriel/engines/UnrealEngine/Engine/Source/ThirdParty/Crunch/src/crnlib/crn_jpgd.h,2,0,2
/media/ullmann/HDDGabriel/engines/UnrealEngine/Engine/Source/Developer/TreeMap/TreeMapModule.cpp,0,1,1
/media/ullmann/HDDGabriel/engines/UnrealEngine/Engine/Source/Developer/TreeMap/TreeMapModule.h,1,0,1
/media/ullmann/HDDGabriel/engines/UnrealEngine/Engine/Source/Editor/Persona/Private/SAnimPlusMinusSlider.h,1,0,1
/media/ullmann/HDDGabriel/engines/UnrealEngine/Engine/Source/ThirdParty/Intel/TBB/IntelTBB-2019u8/src/tbb/task_group_context.cpp,1,2,3
/media/ullmann/HDDGabriel/engines/UnrealEngine/Engine/Source/ThirdParty/ICU/icu4c-53_1/source/test/intltest/sdtfmtts.cpp,0,1,1
/media/ullmann/HDDGabriel/engines/UnrealEngine/Engine/Source/ThirdParty/FreeImage/FreeImage-3.18.0/Source/LibOpenJPEG/mct.c,0,1,1
/media/ullmann/HDDGabriel/engines/UnrealEngine/Engine/Source/ThirdParty/PhysX3/APEX_1.4/framework/include/autogen/BufferU16x3.h,1,0,1
/media/ullmann/HDDGabriel/engines/UnrealEngine/Engine/Source/ThirdParty/hlslcc/hlslcc/src/hlslcc_lib/glcpp.h,1,2,3
/media/ullmann/HDDGabriel/engines/UnrealEngine/Engine/Source/Editor/Persona/Private/SAnimStreamableEditor.cpp,0,1,1
/media/ullmann/HDDGabriel/engines/UnrealEngine/Engine/Source/Editor/SkeletonEditor/Private/SkeletonEditor.cpp,0,3,3
/media/ullmann/HDDGabriel/engines/UnrealEngine/Engine/Source/Editor/SkeletonEditor/Private/SkeletonEditorCommands.h,2,0,2
/media/ullmann/HDDGabriel/engines/UnrealEngine/Engine/Source/ThirdParty/WebRTC/4147/Include/third_party/libjpeg_turbo/cderror.h,1,0,1
/media/ullmann/HDDGabriel/engines/UnrealEngine/Engine/Source/ThirdParty/WebRTC/4147/Include/third_party/opus/src/silk/API.h,0,3,3
/media/ullmann/HDDGabriel/engines/UnrealEngine/Engine/Source/ThirdParty/WebRTC/4147/Include/third_party/opus/src/silk/control.h,2,1,3
/media/ullmann/HDDGabriel/engines/UnrealEngine/Engine/Source/ThirdParty/libPNG/libPNG-1.6.37/contrib/gregbook/wpng.c,0,1,1
/media/ullmann/HDDGabriel/engines/UnrealEngine/Engine/Source/ThirdParty/libPNG/libPNG-1.6.37/contrib/gregbook/writepng.h,2,0,2
/media/ullmann/HDDGabriel/engines/UnrealEngine/Engine/Source/ThirdParty/Windows/glTF-Toolkit/glTF-Toolkit.UWP/pch.h,3,0,3
/media/ullmann/HDDGabriel/engines/UnrealEngine/Engine/Source/ThirdParty/ICU/icu4c-53_1/source/test/cintltst/creststn.h,1,1,2
/media/ullmann/HDDGabriel/engines/UnrealEngine/Engine/Source/ThirdParty/OpenVDB/openvdb-8.1.0/openvdb/openvdb/unittest/TestLaplacian.cc,0,1,1
/media/ullmann/HDDGabriel/engines/UnrealEngine/Engine/Source/ThirdParty/ShaderConductor/ShaderConductor/External/DirectXShaderCompiler/tools/llvm-pdbdump/EnumDumper.cpp,0,4,4
/media/ullmann/HDDGabriel/engines/UnrealEngine/Engine/Source/ThirdParty/FreeType2/FreeType2-2.10.4/src/cache/ftcimage.c,1,3,4
/media/ullmann/HDDGabriel/engines/UnrealEngine/Engine/Source/ThirdParty/openexr/Deploy/openexr-3.1.1/include/OpenEXR/ImfFlatImageIO.h,0,3,3
/media/ullmann/HDDGabriel/engines/UnrealEngine/Engine/Source/ThirdParty/Intel/Embree/Embree270/src/kernels/xeon/bvh4/bvh4_intersector4_chunk.h,1,2,3
/media/ullmann/HDDGabriel/engines/UnrealEngine/Engine/Source/ThirdParty/PhysX3/PxShared/src/filebuf/include/PsAsciiConversion.h,1,1,2
/media/ullmann/HDDGabriel/engines/UnrealEngine/Engine/Source/ThirdParty/Intel/Embree/Embree270/src/kernels/xeon/bvh8/bvh8_intersector16_chunk.h,1,3,4
/media/ullmann/HDDGabriel/engines/UnrealEngine/Engine/Source/Runtime/Renderer/Private/VolumetricFog.h,5,1,6
/media/ullmann/HDDGabriel/engines/UnrealEngine/Engine/Source/ThirdParty/llvm/8/include/llvm/BinaryFormat/ELFRelocs/MSP430.def,1,0,1
/media/ullmann/HDDGabriel/engines/UnrealEngine/Engine/Source/ThirdParty/HarfBuzz/harfbuzz-2.4.0/src/hb-ot-shape-complex-arabic.hh,2,0,2
/media/ullmann/HDDGabriel/engines/UnrealEngine/Engine/Source/Runtime/Engine/Private/Streaming/Texture2DStreamIn.h,2,1,3
/media/ullmann/HDDGabriel/engines/UnrealEngine/Engine/Source/Runtime/Engine/Private/Streaming/Texture2DUpdate.h,4,0,4
/media/ullmann/HDDGabriel/engines/UnrealEngine/Engine/Source/ThirdParty/PhysX3/PhysX_3.4/Include/extensions/PxClothFabricCooker.h,0,1,1
/media/ullmann/HDDGabriel/engines/UnrealEngine/Engine/Source/ThirdParty/HWCPipe/include/vendor/arm/mali/mali_profiler.cpp,0,1,1
/media/ullmann/HDDGabriel/engines/UnrealEngine/Engine/Source/ThirdParty/CryptoPP/5.6.2/include/trunhash.h,1,1,2
/media/ullmann/HDDGabriel/engines/UnrealEngine/Engine/Source/Editor/MaterialEditor/Private/MaterialPropertyHelpers.cpp,0,1,1
/media/ullmann/HDDGabriel/engines/UnrealEngine/Engine/Source/Editor/MaterialEditor/Private/SMaterialLayersFunctionsTree.h,4,0,4
/media/ullmann/HDDGabriel/engines/UnrealEngine/Engine/Source/ThirdParty/zlib/zlib-1.2.5/Src/contrib/iostream/test.cpp,0,1,1
/media/ullmann/HDDGabriel/engines/UnrealEngine/Engine/Source/ThirdParty/PhysX3/PhysX_3.4/Source/PhysXExtensions/src/serialization/Binary/SnBinarySerialization.cpp,0,2,2
/media/ullmann/HDDGabriel/engines/UnrealEngine/Engine/Source/ThirdParty/FreeType2/FreeType2-2.6/Include/ttnameid.h,0,1,1
/media/ullmann/HDDGabriel/engines/UnrealEngine/Engine/Source/Runtime/Renderer/Private/GPUFastFourierTransform.cpp,0,2,2
/media/ullmann/HDDGabriel/engines/UnrealEngine/Engine/Source/Runtime/Renderer/Private/GPUFastFourierTransform.h,1,0,1
/media/ullmann/HDDGabriel/engines/UnrealEngine/Engine/Source/ThirdParty/ICU/icu4c-53_1/source/i18n/decfmtst.h,2,0,2
/media/ullmann/HDDGabriel/engines/UnrealEngine/Engine/Source/ThirdParty/ICU/icu4c-64_1/source/i18n/unicode/currunit.h,2,0,2
/media/ullmann/HDDGabriel/engines/UnrealEngine/Engine/Source/Runtime/CoreUObject/Public/AssetRegistry/AssetDataTagMapSerializationDetails.h,0,1,1
/media/ullmann/HDDGabriel/engines/UnrealEngine/Engine/Source/Runtime/CoreUObject/Public/AssetRegistry/AssetDataTagMap.h,1,0,1
/media/ullmann/HDDGabriel/engines/UnrealEngine/Engine/Source/Runtime/SymsLib/syms/symslib.c,0,1,1
/media/ullmann/HDDGabriel/engines/UnrealEngine/Engine/Source/Runtime/SymsLib/syms/symslib.h,1,0,1
/media/ullmann/HDDGabriel/engines/UnrealEngine/Engine/Source/Runtime/MovieScene/Public/Evaluation/MovieSceneEvaluationState.h,1,0,1
/media/ullmann/HDDGabriel/engines/UnrealEngine/Engine/Source/ThirdParty/ShaderConductor/ShaderConductor/External/DirectXShaderCompiler/lib/CodeGen/AsmPrinter/WinException.cpp,0,1,1
/media/ullmann/HDDGabriel/engines/UnrealEngine/Engine/Source/ThirdParty/OpenAL/1.15.1/include/AL/efx.h,1,2,3
/media/ullmann/HDDGabriel/engines/UnrealEngine/Engine/Source/ThirdParty/ShaderConductor/ShaderConductor/External/DirectXShaderCompiler/tools/clang/lib/Headers/unwind.h,0,1,1
/media/ullmann/HDDGabriel/engines/UnrealEngine/Engine/Source/Runtime/Engine/Public/Shader/ShaderTypes.h,1,0,1
/media/ullmann/HDDGabriel/engines/UnrealEngine/Engine/Source/ThirdParty/FreeImage/FreeImage-3.18.0/Source/LibTIFF4/tif_lzma.c,0,2,2
/media/ullmann/HDDGabriel/engines/UnrealEngine/Engine/Source/ThirdParty/Intel/TBB/IntelTBB-2019u8/src/test/test_blocked_range3d.cpp,0,2,2
/media/ullmann/HDDGabriel/engines/UnrealEngine/Engine/Source/Runtime/Engine/Private/Streaming/DynamicTextureInstanceManager.h,1,0,1
/media/ullmann/HDDGabriel/engines/UnrealEngine/Engine/Source/Editor/AnimationBlueprintEditor/Private/AnimationBlueprintEditorMode.cpp,0,1,1
/media/ullmann/HDDGabriel/engines/UnrealEngine/Engine/Source/ThirdParty/ICU/icu4c-64_1/source/test/intltest/idnaconf.h,2,1,3
/media/ullmann/HDDGabriel/engines/UnrealEngine/Engine/Source/ThirdParty/CryptoPP/5.6.2/include/3way.cpp,0,3,3
/media/ullmann/HDDGabriel/engines/UnrealEngine/Engine/Source/ThirdParty/OpenVDB/openvdb-8.1.0/openvdb_ax/openvdb_ax/test/integration/TestLoop.cc,0,1,1
/media/ullmann/HDDGabriel/engines/UnrealEngine/Engine/Source/ThirdParty/ShaderConductor/ShaderConductor/External/DirectXShaderCompiler/tools/clang/lib/Headers/avxintrin.h,1,0,1
/media/ullmann/HDDGabriel/engines/UnrealEngine/Engine/Source/Runtime/Foliage/Public/FoliageInstancedStaticMeshComponent.h,1,0,1
/media/ullmann/HDDGabriel/engines/UnrealEngine/Engine/Source/Editor/ContentBrowser/Private/ContentBrowserModule.cpp,0,2,2
/media/ullmann/HDDGabriel/engines/UnrealEngine/Engine/Source/Editor/GraphEditor/Private/KismetNodes/SGraphNodeSpawnActor.h,1,0,1
/media/ullmann/HDDGabriel/engines/UnrealEngine/Engine/Source/ThirdParty/ShaderConductor/ShaderConductor/External/DirectXShaderCompiler/tools/clang/lib/AST/ASTContext.cpp,0,1,1
/media/ullmann/HDDGabriel/engines/UnrealEngine/Engine/Source/ThirdParty/ShaderConductor/ShaderConductor/External/DirectXShaderCompiler/tools/clang/lib/AST/CXXABI.h,3,0,3
/media/ullmann/HDDGabriel/engines/UnrealEngine/Engine/Source/Editor/ViewportInteraction/Public/ActorTransformer.h,0,1,1
/media/ullmann/HDDGabriel/engines/UnrealEngine/Engine/Source/Runtime/Core/Public/Math/Plane.h,3,0,3
/media/ullmann/HDDGabriel/engines/UnrealEngine/Engine/Source/Developer/AutomationDriver/Private/WaitUntil.cpp,0,1,1
/media/ullmann/HDDGabriel/engines/UnrealEngine/Engine/Source/Developer/AssetTools/Private/AssetTypeActions/AssetTypeActions_Curve.h,1,0,1
/media/ullmann/HDDGabriel/engines/UnrealEngine/Engine/Source/ThirdParty/ICU/icu4c-53_1/source/i18n/collation.cpp,0,1,1
/media/ullmann/HDDGabriel/engines/UnrealEngine/Engine/Source/Runtime/BinkAudioDecoder/SDK/BinkAudio/Src/android_ticks.cpp,0,1,1
/media/ullmann/HDDGabriel/engines/UnrealEngine/Engine/Source/Editor/CurveAssetEditor/Public/CurveAssetEditorModule.h,0,1,1
/media/ullmann/HDDGabriel/engines/UnrealEngine/Engine/Source/Editor/CurveAssetEditor/Public/ICurveAssetEditor.h,1,0,1
/media/ullmann/HDDGabriel/engines/UnrealEngine/Engine/Source/ThirdParty/Intel/TBB/IntelTBB-2019u8/src/test/test_tbb_version.cpp,0,1,1
/media/ullmann/HDDGabriel/engines/UnrealEngine/Engine/Source/ThirdParty/libOpus/opus-1.3.1-12/silk/lin2log.c,0,1,1
/media/ullmann/HDDGabriel/engines/UnrealEngine/Engine/Source/Programs/UnrealVersionSelector/Private/Windows/Resources/Resource.h,1,0,1
/media/ullmann/HDDGabriel/engines/UnrealEngine/Engine/Source/ThirdParty/HarfBuzz/harfbuzz-2.4.0/src/hb-ot-shape-complex-hangul.cc,0,1,1
/media/ullmann/HDDGabriel/engines/UnrealEngine/Engine/Source/Runtime/Foliage/Public/ProceduralFoliageSpawner.h,0,2,2
/media/ullmann/HDDGabriel/engines/UnrealEngine/Engine/Source/ThirdParty/ICU/icu4c-64_1/source/i18n/double-conversion-ieee.h,4,1,5
/media/ullmann/HDDGabriel/engines/UnrealEngine/Engine/Source/ThirdParty/MCPP/mcpp-2.7.2/cpp-test/test-l/nest84.h,1,1,2
/media/ullmann/HDDGabriel/engines/UnrealEngine/Engine/Source/ThirdParty/PhysX3/PhysX_3.4/Source/PhysX/src/NpRigidDynamic.cpp,0,2,2
/media/ullmann/HDDGabriel/engines/UnrealEngine/Engine/Source/ThirdParty/OpenVDB/openvdb-8.1.0/openvdb/openvdb/tools/LevelSetRebuild.h,2,0,2
/media/ullmann/HDDGabriel/engines/UnrealEngine/Engine/Source/ThirdParty/Intel/TBB/IntelTBB-2019u8/examples/parallel_for/tachyon/src/ring.h,2,0,2
/media/ullmann/HDDGabriel/engines/UnrealEngine/Engine/Source/ThirdParty/PhysX3/PhysX_3.4/Source/SceneQuery/include/SqSceneQueryManager.h,0,1,1
/media/ullmann/HDDGabriel/engines/UnrealEngine/Engine/Source/ThirdParty/PhysX3/PhysX_3.4/Source/SceneQuery/include/SqPruner.h,1,1,2
/media/ullmann/HDDGabriel/engines/UnrealEngine/Engine/Source/Editor/DetailCustomizations/Private/AttenuationSettingsCustomizations.h,2,0,2
/media/ullmann/HDDGabriel/engines/UnrealEngine/Engine/Source/ThirdParty/nvTextureTools/nvTextureTools-2.0.6/src/src/nvcore/DefsVcWin32.h,1,0,1
/media/ullmann/HDDGabriel/engines/UnrealEngine/Engine/Source/ThirdParty/libPNG/libPNG-1.5.27/pngstruct.h,1,0,1
/media/ullmann/HDDGabriel/engines/UnrealEngine/Engine/Source/Developer/TraceAnalysis/Private/Store/CborPayload.h,2,0,2
/media/ullmann/HDDGabriel/engines/UnrealEngine/Engine/Source/ThirdParty/libOpus/opus-1.1/silk/float/find_LTP_FLP.c,0,1,1
/media/ullmann/HDDGabriel/engines/UnrealEngine/Engine/Source/Runtime/SymsLib/syms/core/base/syms_base.c,0,1,1
/media/ullmann/HDDGabriel/engines/UnrealEngine/Engine/Source/Runtime/SymsLib/syms/core/base/syms_dev.c,1,0,1
/media/ullmann/HDDGabriel/engines/UnrealEngine/Engine/Source/ThirdParty/ICU/icu4c-53_1/source/samples/layout/GnomeGUISupport.cpp,0,1,1
/media/ullmann/HDDGabriel/engines/UnrealEngine/Engine/Source/ThirdParty/Crunch/src/crnlib/crn_utils.cpp,0,2,2
/media/ullmann/HDDGabriel/engines/UnrealEngine/Engine/Source/ThirdParty/SDL2/SDL-gui-backend/src/thread/pthread/SDL_sysmutex.c,0,1,1
/media/ullmann/HDDGabriel/engines/UnrealEngine/Engine/Source/Runtime/CoreUObject/Public/Serialization/ArchiveReplaceObjectRef.h,1,0,1
/media/ullmann/HDDGabriel/engines/UnrealEngine/Engine/Source/ThirdParty/FreeType2/FreeType2-2.6/Include/tttables.h,0,1,1
/media/ullmann/HDDGabriel/engines/UnrealEngine/Engine/Source/Developer/DeviceManager/Private/Widgets/Apps/SDeviceApps.cpp,0,1,1
/media/ullmann/HDDGabriel/engines/UnrealEngine/Engine/Source/Developer/DeviceManager/Private/Widgets/Apps/SDeviceApps.h,1,0,1
/media/ullmann/HDDGabriel/engines/UnrealEngine/Engine/Source/ThirdParty/SDL2/SDL-gui-backend/src/video/psp/SDL_pspgl_c.h,2,1,3
/media/ullmann/HDDGabriel/engines/UnrealEngine/Engine/Source/Editor/RewindDebuggerInterface/Public/IRewindDebuggerDoubleClickHandler.h,0,1,1
/media/ullmann/HDDGabriel/engines/UnrealEngine/Engine/Source/Editor/RewindDebuggerInterface/Public/IRewindDebugger.h,1,0,1
/media/ullmann/HDDGabriel/engines/UnrealEngine/Engine/Source/Editor/UnrealEd/Classes/Factories/FbxSceneImportFactory.h,0,1,1
/media/ullmann/HDDGabriel/engines/UnrealEngine/Engine/Source/ThirdParty/FreeImage/FreeImage-3.18.0/Source/ZLib/zutil.c,0,2,2
/media/ullmann/HDDGabriel/engines/UnrealEngine/Engine/Source/ThirdParty/ICU/icu4c-64_1/source/test/letest/PortableFontInstance.cpp,0,2,2
/media/ullmann/HDDGabriel/engines/UnrealEngine/Engine/Source/ThirdParty/ICU/icu4c-64_1/source/test/intltest/uobjtest.cpp,0,1,1
/media/ullmann/HDDGabriel/engines/UnrealEngine/Engine/Source/ThirdParty/ICU/icu4c-64_1/source/test/intltest/uobjtest.h,2,1,3
/media/ullmann/HDDGabriel/engines/UnrealEngine/Engine/Source/ThirdParty/ShaderConductor/ShaderConductor/External/SPIRV-Tools/source/opt/wrap_opkill.cpp,0,1,1
/media/ullmann/HDDGabriel/engines/UnrealEngine/Engine/Source/ThirdParty/ICU/icu4c-53_1/source/test/cintltst/cturtst.h,1,1,2
/media/ullmann/HDDGabriel/engines/UnrealEngine/Engine/Source/ThirdParty/FreeType2/FreeType2-2.10.4/src/gxvalid/gxvmorx0.c,1,1,2
/media/ullmann/HDDGabriel/engines/UnrealEngine/Engine/Source/ThirdParty/WebRTC/4147/Include/third_party/libvpx/source/config/linux/mips64el/vpx_scale_rtcd.h,0,1,1
/media/ullmann/HDDGabriel/engines/UnrealEngine/Engine/Source/ThirdParty/WebRTC/4147/Include/third_party/libvpx/source/config/linux/mips64el/vpx_config.h,4,0,4
/media/ullmann/HDDGabriel/engines/UnrealEngine/Engine/Source/ThirdParty/ICU/icu4c-53_1/source/tools/toolutil/package.cpp,0,3,3
/media/ullmann/HDDGabriel/engines/UnrealEngine/Engine/Source/ThirdParty/Perforce/p4api-2018.1/Include/Mac/p4/strbuf.h,1,0,1
/media/ullmann/HDDGabriel/engines/UnrealEngine/Engine/Source/ThirdParty/libOpus/opus-1.0.3/silk/MacroDebug.h,1,0,1
/media/ullmann/HDDGabriel/engines/UnrealEngine/Engine/Source/ThirdParty/OpenVDB/openvdb-8.1.0/openvdb/openvdb/io/Compression.cc,0,1,1
/media/ullmann/HDDGabriel/engines/UnrealEngine/Engine/Source/Developer/TraceInsights/Private/Insights/NetworkingProfiler/Widgets/SPacketContentView.cpp,0,1,1
/media/ullmann/HDDGabriel/engines/UnrealEngine/Engine/Source/Developer/TraceInsights/Private/Insights/NetworkingProfiler/Widgets/SPacketContentView.h,1,0,1
/media/ullmann/HDDGabriel/engines/UnrealEngine/Engine/Source/ThirdParty/ICU/icu4c-64_1/source/i18n/sharedpluralrules.h,3,0,3
/media/ullmann/HDDGabriel/engines/UnrealEngine/Engine/Source/ThirdParty/PhysX3/APEX_1.4/module/destructible_legacy/include/autogen/DestructibleActorParam_0p18.h,1,0,1
/media/ullmann/HDDGabriel/engines/UnrealEngine/Engine/Source/ThirdParty/FBX/2020.2/include/fbxsdk/utils/fbxprocessorshaderdependency.h,1,0,1
/media/ullmann/HDDGabriel/engines/UnrealEngine/Engine/Source/Runtime/InteractiveToolsFramework/Public/InputBehaviorSet.h,4,1,5
/media/ullmann/HDDGabriel/engines/UnrealEngine/Engine/Source/ThirdParty/FBX/2020.2/include/fbxsdk/scene/geometry/fbxgeometryweightedmap.h,1,0,1
/media/ullmann/HDDGabriel/engines/UnrealEngine/Engine/Source/Editor/ClassViewer/Private/ClassViewerNode.cpp,0,1,1
/media/ullmann/HDDGabriel/engines/UnrealEngine/Engine/Source/ThirdParty/FreeType2/FreeType2-2.6/Src/cff/cffparse.h,4,1,5
/media/ullmann/HDDGabriel/engines/UnrealEngine/Engine/Source/ThirdParty/SDL2/SDL-gui-backend/include/SDL_opengles2_gl2.h,1,0,1
/media/ullmann/HDDGabriel/engines/UnrealEngine/Engine/Source/ThirdParty/FreeType2/FreeType2-2.4.12/src/sfnt/ttcmapc.h,1,0,1
/media/ullmann/HDDGabriel/engines/UnrealEngine/Engine/Source/Runtime/Experimental/ChaosVehicles/ChaosVehiclesCore/Public/SuspensionSystem.h,1,2,3
/media/ullmann/HDDGabriel/engines/UnrealEngine/Engine/Source/ThirdParty/SDL2/SDL-gui-backend/src/events/SDL_quit.c,0,2,2
/media/ullmann/HDDGabriel/engines/UnrealEngine/Engine/Source/ThirdParty/Python3/Win64/include/iterobject.h,1,0,1
/media/ullmann/HDDGabriel/engines/UnrealEngine/Engine/Source/ThirdParty/Alembic/alembic-1.8.2/python/PyAlembic/PyIArchive.cpp,0,1,1
/media/ullmann/HDDGabriel/engines/UnrealEngine/Engine/Source/ThirdParty/PhysX3/APEX_1.4/module/clothing/include/autogen/ClothingCookedPhysX3Param.h,1,0,1
/media/ullmann/HDDGabriel/engines/UnrealEngine/Engine/Source/ThirdParty/FBX/2020.2/include/fbxsdk/scene/fbxvideo.h,1,0,1
/media/ullmann/HDDGabriel/engines/UnrealEngine/Engine/Source/ThirdParty/libOpus/opus-1.3.1-12/silk/float/find_LPC_FLP.c,0,1,1
/media/ullmann/HDDGabriel/engines/UnrealEngine/Engine/Source/ThirdParty/HarfBuzz/harfbuzz-2.4.0/src/hb-ot-shape-complex-default.cc,0,1,1
/media/ullmann/HDDGabriel/engines/UnrealEngine/Engine/Source/ThirdParty/SDL2/SDL-gui-backend/src/thread/psp/SDL_sysmutex_c.h,0,1,1
/media/ullmann/HDDGabriel/engines/UnrealEngine/Engine/Source/ThirdParty/ShaderConductor/ShaderConductor/External/DirectXShaderCompiler/tools/obj2yaml/elf2yaml.cpp,0,2,2
/media/ullmann/HDDGabriel/engines/UnrealEngine/Engine/Source/ThirdParty/ShaderConductor/ShaderConductor/External/DirectXShaderCompiler/tools/obj2yaml/Error.h,3,0,3
/media/ullmann/HDDGabriel/engines/UnrealEngine/Engine/Source/Editor/AnimationBlueprintEditor/Private/AnimationNodes/SGraphNodeBlendSpacePlayer.h,1,0,1
/media/ullmann/HDDGabriel/engines/UnrealEngine/Engine/Source/ThirdParty/FBX/2020.2/include/fbxsdk/scene/fbxselectionnode.h,1,0,1
/media/ullmann/HDDGabriel/engines/UnrealEngine/Engine/Source/ThirdParty/libOpus/opus-1.3.1-12/silk/tables_pulses_per_block.c,0,1,1
/media/ullmann/HDDGabriel/engines/UnrealEngine/Engine/Source/ThirdParty/FreeImage/FreeImage-3.18.0/Source/OpenEXR/IlmImf/ImfInputPartData.cpp,0,2,2
/media/ullmann/HDDGabriel/engines/UnrealEngine/Engine/Source/Runtime/D3D12RHI/Private/D3D12VertexDeclaration.cpp,0,1,1
/media/ullmann/HDDGabriel/engines/UnrealEngine/Engine/Source/Runtime/Engine/Classes/Engine/SystemTimeTimecodeProvider.h,0,1,1
/media/ullmann/HDDGabriel/engines/UnrealEngine/Engine/Source/Runtime/Engine/Classes/Engine/TimecodeProvider.h,1,0,1
/media/ullmann/HDDGabriel/engines/UnrealEngine/Engine/Source/ThirdParty/PhysX3/APEX_1.4/shared/internal/include/ApexStream.h,1,0,1
/media/ullmann/HDDGabriel/engines/UnrealEngine/Engine/Source/ThirdParty/GoogleOboe/Private/common/Trace.cpp,0,2,2
/media/ullmann/HDDGabriel/engines/UnrealEngine/Engine/Source/ThirdParty/GoogleOboe/Private/common/Trace.h,1,0,1
/media/ullmann/HDDGabriel/engines/UnrealEngine/Engine/Source/ThirdParty/WebRTC/4147/Include/third_party/opus/src/silk/x86/SigProc_FIX_sse.h,1,0,1
/media/ullmann/HDDGabriel/engines/UnrealEngine/Engine/Source/ThirdParty/FreeImage/FreeImage-3.18.0/Source/LibTIFF4/tif_codec.c,0,1,1
/media/ullmann/HDDGabriel/engines/UnrealEngine/Engine/Source/ThirdParty/libjpeg-turbo/include/jsimd.h,0,1,1
/media/ullmann/HDDGabriel/engines/UnrealEngine/Engine/Source/ThirdParty/libjpeg-turbo/include/jchuff.h,1,0,1
/media/ullmann/HDDGabriel/engines/UnrealEngine/Engine/Source/ThirdParty/FreeType2/FreeType2-2.6/Src/pfr/pfrsbit.h,3,1,4
/media/ullmann/HDDGabriel/engines/UnrealEngine/Engine/Source/ThirdParty/WebRTC/4147/Include/tools/clang/blink_gc_plugin/RecordInfo.h,3,1,4
/media/ullmann/HDDGabriel/engines/UnrealEngine/Engine/Source/ThirdParty/ShaderConductor/ShaderConductor/External/SPIRV-Tools/source/opt/inst_debug_printf_pass.cpp,0,1,1
/media/ullmann/HDDGabriel/engines/UnrealEngine/Engine/Source/ThirdParty/ShaderConductor/ShaderConductor/External/SPIRV-Tools/source/opt/inst_debug_printf_pass.h,1,1,2
/media/ullmann/HDDGabriel/engines/UnrealEngine/Engine/Source/ThirdParty/SDL2/SDL-gui-backend/src/video/haiku/SDL_bkeyboard.cc,0,2,2
/media/ullmann/HDDGabriel/engines/UnrealEngine/Engine/Source/Runtime/Experimental/Voronoi/Private/voro++/src/v_compute.hh,1,0,1
/media/ullmann/HDDGabriel/engines/UnrealEngine/Engine/Source/ThirdParty/PhysX3/PhysX_3.4/Source/Common/src/CmPriorityQueue.h,0,1,1
/media/ullmann/HDDGabriel/engines/UnrealEngine/Engine/Source/ThirdParty/libOpus/opus-1.0.3/silk/tables_NLSF_CB_WB.c,0,1,1
/media/ullmann/HDDGabriel/engines/UnrealEngine/Engine/Source/ThirdParty/OpenVDB/Deploy/openvdb-8.1.0/include/openvdb/util/Name.h,2,0,2
/media/ullmann/HDDGabriel/engines/UnrealEngine/Engine/Source/ThirdParty/Windows/glTF-Toolkit/WindowsMRAssetConverter/FileSystem.cpp,0,2,2
/media/ullmann/HDDGabriel/engines/UnrealEngine/Engine/Source/Runtime/NavigationSystem/Public/NavigationPath.h,0,1,1
/media/ullmann/HDDGabriel/engines/UnrealEngine/Engine/Source/ThirdParty/Python3/Mac/include/cpython/pystate.h,1,0,1
/media/ullmann/HDDGabriel/engines/UnrealEngine/Engine/Source/ThirdParty/Steamworks/Steamv146/sdk/public/steam/isteamgamecoordinator.h,0,1,1
/media/ullmann/HDDGabriel/engines/UnrealEngine/Engine/Source/ThirdParty/PhysX3/PhysX_3.4/Include/PxContactModifyCallback.h,1,3,4
/media/ullmann/HDDGabriel/engines/UnrealEngine/Engine/Source/ThirdParty/PhysX3/APEX_1.4/module/destructible/src/DestructibleAssetImpl.cpp,0,2,2
/media/ullmann/HDDGabriel/engines/UnrealEngine/Engine/Source/ThirdParty/Python3/Win64/include/namespaceobject.h,1,0,1
/media/ullmann/HDDGabriel/engines/UnrealEngine/Engine/Source/ThirdParty/Unix/LibCxx/include/c++/v1/locale.h,0,1,1
/media/ullmann/HDDGabriel/engines/UnrealEngine/Engine/Source/ThirdParty/Imath/Imath-3.1.3/src/python/PyImath/PyImathVec2si.cpp,0,2,2
/media/ullmann/HDDGabriel/engines/UnrealEngine/Engine/Source/ThirdParty/PhysX3/APEX_1.4/module/destructible/fracture/PolygonTriangulator.h,2,1,3
/media/ullmann/HDDGabriel/engines/UnrealEngine/Engine/Source/Programs/CrashReportClient/Private/CrashReportAnalyticsSessionSummary.h,2,1,3
/media/ullmann/HDDGabriel/engines/UnrealEngine/Engine/Source/ThirdParty/ICU/icu4c-53_1/source/layout/ArabicShaping.cpp,0,5,5
/media/ullmann/HDDGabriel/engines/UnrealEngine/Engine/Source/ThirdParty/PhysX3/PhysX_3.4/Source/PhysXCooking/src/mesh/TriangleMeshBuilder.cpp,0,3,3
/media/ullmann/HDDGabriel/engines/UnrealEngine/Engine/Source/Runtime/Slate/Public/Framework/Text/SlateTextRun.h,2,0,2
/media/ullmann/HDDGabriel/engines/UnrealEngine/Engine/Source/ThirdParty/Python3/Linux/include/python3.9/pymacro.h,1,0,1
/media/ullmann/HDDGabriel/engines/UnrealEngine/Engine/Source/ThirdParty/FreeType2/FreeType2-2.10.4/src/gzip/infutil.h,4,0,4
/media/ullmann/HDDGabriel/engines/UnrealEngine/Engine/Source/ThirdParty/ICU/icu4c-64_1/source/i18n/collationsets.cpp,0,4,4
/media/ullmann/HDDGabriel/engines/UnrealEngine/Engine/Source/Runtime/Renderer/Private/GlobalDistanceFieldHeightfields.h,1,0,1
/media/ullmann/HDDGabriel/engines/UnrealEngine/Engine/Source/Runtime/RenderCore/Public/RenderGraphParameter.h,1,2,3
/media/ullmann/HDDGabriel/engines/UnrealEngine/Engine/Source/Developer/RigVMDeveloper/Public/RigVMModel/Nodes/RigVMFunctionEntryNode.h,1,0,1
/media/ullmann/HDDGabriel/engines/UnrealEngine/Engine/Source/ThirdParty/HarfBuzz/harfbuzz-1.2.4/test/api/test-set.c,0,1,1
/media/ullmann/HDDGabriel/engines/UnrealEngine/Engine/Source/ThirdParty/SDL2/SDL-gui-backend/src/audio/directsound/SDL_directsound.h,1,3,4
/media/ullmann/HDDGabriel/engines/UnrealEngine/Engine/Source/ThirdParty/Python3/Win64/include/genericaliasobject.h,1,0,1
/media/ullmann/HDDGabriel/engines/UnrealEngine/Engine/Source/ThirdParty/SPIRV-Reflect/SPIRV-Reflect/examples/common.h,3,0,3
/media/ullmann/HDDGabriel/engines/UnrealEngine/Engine/Source/Runtime/MovieScene/Public/Evaluation/Blending/MovieSceneBlendingAccumulator.h,0,1,1
/media/ullmann/HDDGabriel/engines/UnrealEngine/Engine/Source/Runtime/MovieScene/Public/Evaluation/Blending/MovieSceneBlendingAccumulator.inl,1,0,1
/media/ullmann/HDDGabriel/engines/UnrealEngine/Engine/Source/Editor/AnimationEditor/Public/IAnimationEditorModule.h,0,1,1
/media/ullmann/HDDGabriel/engines/UnrealEngine/Engine/Source/Editor/AnimationEditor/Public/IAnimationEditor.h,1,0,1
/media/ullmann/HDDGabriel/engines/UnrealEngine/Engine/Source/ThirdParty/FBX/2020.2/include/fbxsdk/core/base/fbxset.h,1,0,1
/media/ullmann/HDDGabriel/engines/UnrealEngine/Engine/Source/Editor/AnimGraph/Private/AnimGraphNode_Root.cpp,0,1,1
/media/ullmann/HDDGabriel/engines/UnrealEngine/Engine/Source/ThirdParty/ICU/icu4c-53_1/source/test/intltest/calcasts.h,2,1,3
/media/ullmann/HDDGabriel/engines/UnrealEngine/Engine/Source/ThirdParty/ICU/icu4c-53_1/source/test/intltest/itspoof.cpp,0,1,1
/media/ullmann/HDDGabriel/engines/UnrealEngine/Engine/Source/Developer/AutomationDriver/Private/AutomationDriverLogging.cpp,0,2,2
/media/ullmann/HDDGabriel/engines/UnrealEngine/Engine/Source/Developer/AutomationDriver/Private/AutomationDriverLogging.h,2,0,2
/media/ullmann/HDDGabriel/engines/UnrealEngine/Engine/Source/ThirdParty/ShaderConductor/ShaderConductor/External/DirectXShaderCompiler/tools/clang/lib/Analysis/PrintfFormatString.cpp,0,1,1
/media/ullmann/HDDGabriel/engines/UnrealEngine/Engine/Source/ThirdParty/ShaderConductor/ShaderConductor/External/DirectXShaderCompiler/tools/clang/lib/Analysis/FormatStringParsing.h,3,0,3
/media/ullmann/HDDGabriel/engines/UnrealEngine/Engine/Source/ThirdParty/Intel/ISPC/ispc-1.17.0/src/ispc_version.h,4,0,4
/media/ullmann/HDDGabriel/engines/UnrealEngine/Engine/Source/ThirdParty/Intel/TBB/IntelTBB-2019u8/examples/parallel_for/polygon_overlay/pover_global.h,3,0,3
/media/ullmann/HDDGabriel/engines/UnrealEngine/Engine/Source/ThirdParty/BLAKE3/0.3.7/c/blake3_sse41.c,0,1,1
/media/ullmann/HDDGabriel/engines/UnrealEngine/Engine/Source/ThirdParty/Intel/TBB/IntelTBB-2019u8/src/tbb/tbb_misc_ex.cpp,1,2,3
/media/ullmann/HDDGabriel/engines/UnrealEngine/Engine/Source/ThirdParty/FBX/2020.2/include/fbxsdk/core/fbxqueryevent.h,1,0,1
/media/ullmann/HDDGabriel/engines/UnrealEngine/Engine/Source/ThirdParty/Imath/Imath-3.1.3/src/python/PyImath/PyImathVec4siArray.cpp,0,2,2
/media/ullmann/HDDGabriel/engines/UnrealEngine/Engine/Source/Runtime/RigVM/Public/RigVMModule.h,0,1,1
/media/ullmann/HDDGabriel/engines/UnrealEngine/Engine/Source/Runtime/RigVM/Public/RigVMDefines.h,1,0,1
/media/ullmann/HDDGabriel/engines/UnrealEngine/Engine/Source/ThirdParty/Intel/Embree/Embree3122/MacOSX/include/embree3/rtcore_config.h,2,0,2
/media/ullmann/HDDGabriel/engines/UnrealEngine/Engine/Source/Runtime/Apple/MetalRHI/Private/MetalRHIStagingBuffer.cpp,0,2,2
/media/ullmann/HDDGabriel/engines/UnrealEngine/Engine/Source/Runtime/LiveLinkInterface/Public/LiveLinkLog.h,0,1,1
/media/ullmann/HDDGabriel/engines/UnrealEngine/Engine/Source/Runtime/Portal/Rpc/Private/PortalRpcServer.h,2,0,2
/media/ullmann/HDDGabriel/engines/UnrealEngine/Engine/Source/ThirdParty/libcurl/include/Linux/aarch64-unknown-linux-gnueabi/curl/urlapi.h,1,1,2
/media/ullmann/HDDGabriel/engines/UnrealEngine/Engine/Source/Developer/DerivedDataCache/Private/DerivedDataCacheStoreVerify.cpp,0,1,1
/media/ullmann/HDDGabriel/engines/UnrealEngine/Engine/Source/Editor/DetailCustomizations/Private/DocumentationActorDetails.h,2,0,2
/media/ullmann/HDDGabriel/engines/UnrealEngine/Engine/Source/ThirdParty/Python3/Mac/include/exports.h,1,0,1
/media/ullmann/HDDGabriel/engines/UnrealEngine/Engine/Source/ThirdParty/FreeType2/FreeType2-2.10.4/src/gzip/inffixed.h,1,0,1
/media/ullmann/HDDGabriel/engines/UnrealEngine/Engine/Source/ThirdParty/PhysX3/PhysX_3.4/Source/SimulationController/src/ScArticulationCore.cpp,0,1,1
/media/ullmann/HDDGabriel/engines/UnrealEngine/Engine/Source/Runtime/Core/Public/Containers/BackgroundableTicker.h,0,1,1
/media/ullmann/HDDGabriel/engines/UnrealEngine/Engine/Source/ThirdParty/PhysX3/PhysX_3.4/Source/PhysXMetaData/core/include/PxAutoGeneratedMetaDataObjectNames.h,1,0,1
/media/ullmann/HDDGabriel/engines/UnrealEngine/Engine/Source/ThirdParty/OpenSubdiv/OpenSubdiv-3.4.4/opensubdiv/osd/cudaGLVertexBuffer.h,1,2,3
/media/ullmann/HDDGabriel/engines/UnrealEngine/Engine/Source/ThirdParty/Intel/TBB/IntelTBB-2019u8/src/test/test_cache_aligned_allocator_STL.cpp,0,1,1
/media/ullmann/HDDGabriel/engines/UnrealEngine/Engine/Source/ThirdParty/Intel/TBB/IntelTBB-2019u8/src/test/test_allocator_STL.h,2,1,3
/media/ullmann/HDDGabriel/engines/UnrealEngine/Engine/Source/Runtime/Core/Public/Misc/AssertionMacros.h,3,0,3
/media/ullmann/HDDGabriel/engines/UnrealEngine/Engine/Source/ThirdParty/FreeImage/FreeImage-3.18.0/Source/LibJPEG/jquant2.c,0,2,2
/media/ullmann/HDDGabriel/engines/UnrealEngine/Engine/Source/ThirdParty/ICU/icu4c-53_1/source/test/cintltst/cucdtst.c,0,2,2
/media/ullmann/HDDGabriel/engines/UnrealEngine/Engine/Source/Programs/UnrealLightmass/Private/Lighting/Texture.h,1,0,1
/media/ullmann/HDDGabriel/engines/UnrealEngine/Engine/Source/ThirdParty/libOpus/opus-1.1/silk/float/corrMatrix_FLP.c,0,1,1
/media/ullmann/HDDGabriel/engines/UnrealEngine/Engine/Source/Developer/TraceInsights/Private/Insights/ViewModels/FrameTrackHelper.cpp,0,1,1
/media/ullmann/HDDGabriel/engines/UnrealEngine/Engine/Source/Developer/TraceInsights/Private/Insights/ViewModels/FrameTrackHelper.h,1,0,1
/media/ullmann/HDDGabriel/engines/UnrealEngine/Engine/Source/ThirdParty/SDL2/SDL-gui-backend/src/hidapi/linux/hid.c,2,2,4
/media/ullmann/HDDGabriel/engines/UnrealEngine/Engine/Source/Editor/DetailCustomizations/Private/CameraFilmbackSettingsCustomization.h,2,0,2
/media/ullmann/HDDGabriel/engines/UnrealEngine/Engine/Source/ThirdParty/openexr/openexr-3.1.1/src/test/OpenEXRTest/testOptimizedInterleavePatterns.cpp,0,2,2
/media/ullmann/HDDGabriel/engines/UnrealEngine/Engine/Source/ThirdParty/FreeType2/FreeType2-2.10.4/src/psaux/psread.h,1,0,1
/media/ullmann/HDDGabriel/engines/UnrealEngine/Engine/Source/ThirdParty/PhysX3/PhysX_3.4/Source/PhysXExtensions/src/serialization/Xml/SnJointRepXSerializer.h,1,1,2
/media/ullmann/HDDGabriel/engines/UnrealEngine/Engine/Source/Runtime/ClothingSystemRuntimeCommon/Private/ClothingAssetCustomVersion.cpp,0,1,1
/media/ullmann/HDDGabriel/engines/UnrealEngine/Engine/Source/ThirdParty/PhysX3/NvCloth/samples/SampleBase/scene/scenes/SelfCollisionScene.cpp,0,1,1
/media/ullmann/HDDGabriel/engines/UnrealEngine/Engine/Source/ThirdParty/PhysX3/NvCloth/samples/SampleBase/scene/scenes/SelfCollisionScene.h,1,0,1
/media/ullmann/HDDGabriel/engines/UnrealEngine/Engine/Source/Runtime/PhysicsCore/Public/BodySetupCore.h,0,1,1
/media/ullmann/HDDGabriel/engines/UnrealEngine/Engine/Source/ThirdParty/ShaderConductor/ShaderConductor/External/DirectXShaderCompiler/include/llvm/DebugInfo/PDB/PDBSymbolFunc.h,0,2,2
/media/ullmann/HDDGabriel/engines/UnrealEngine/Engine/Source/ThirdParty/FreeType2/FreeType2-2.10.4/src/cid/cidobjs.h,1,0,1
/media/ullmann/HDDGabriel/engines/UnrealEngine/Engine/Source/Runtime/MovieSceneTracks/Public/MovieSceneHitProxy.h,0,2,2
/media/ullmann/HDDGabriel/engines/UnrealEngine/Engine/Source/Runtime/MovieSceneTracks/Public/Sections/MovieScene3DTransformSection.h,1,0,1
/media/ullmann/HDDGabriel/engines/UnrealEngine/Engine/Source/Runtime/Online/BackgroundHTTP/Public/Interfaces/IBackgroundHttpRequest.h,3,0,3
/media/ullmann/HDDGabriel/engines/UnrealEngine/Engine/Source/ThirdParty/MCPP/mcpp-2.7.2/test-l/nest29.h,1,1,2
/media/ullmann/HDDGabriel/engines/UnrealEngine/Engine/Source/ThirdParty/libOpus/opus-1.0.3/silk/float/autocorrelation_FLP.c,0,1,1
/media/ullmann/HDDGabriel/engines/UnrealEngine/Engine/Source/Runtime/Renderer/Private/Lumen/LumenScene.cpp,0,2,2
/media/ullmann/HDDGabriel/engines/UnrealEngine/Engine/Source/ThirdParty/FreeType2/FreeType2-2.10.4/src/type1/t1gload.c,1,2,3
/media/ullmann/HDDGabriel/engines/UnrealEngine/Engine/Source/ThirdParty/Intel/MetricsDiscovery/MetricsDiscoveryHelper/build/include/metrics_discovery/metrics_discovery_helper.h,1,1,2
/media/ullmann/HDDGabriel/engines/UnrealEngine/Engine/Source/ThirdParty/Intel/MetricsDiscovery/MetricsDiscoveryHelper/build/include/metrics_discovery/metrics_discovery_api.h,1,0,1
/media/ullmann/HDDGabriel/engines/UnrealEngine/Engine/Source/ThirdParty/ShaderConductor/ShaderConductor/External/DirectXShaderCompiler/lib/DxilDia/DxilDiaSymbolManager.h,2,0,2
/media/ullmann/HDDGabriel/engines/UnrealEngine/Engine/Source/Editor/SubobjectDataInterface/Public/SubobjectDataBlueprintFunctionLibrary.h,0,1,1
/media/ullmann/HDDGabriel/engines/UnrealEngine/Engine/Source/Runtime/Core/Public/HAL/PlatformTime.h,2,0,2
/media/ullmann/HDDGabriel/engines/UnrealEngine/Engine/Source/ThirdParty/WebRTC/4147/Include/tools/clang/blink_gc_plugin/BlinkGCPluginOptions.h,2,0,2
/media/ullmann/HDDGabriel/engines/UnrealEngine/Engine/Source/ThirdParty/OpenSubdiv/OpenSubdiv-3.4.4/opensubdiv/osd/clD3D11VertexBuffer.cpp,0,2,2
/media/ullmann/HDDGabriel/engines/UnrealEngine/Engine/Source/ThirdParty/Intel/ISPC/ispc-1.17.0/ispcrt/detail/MemoryView.h,2,1,3
/media/ullmann/HDDGabriel/engines/UnrealEngine/Engine/Source/ThirdParty/MCPP/mcpp-2.7.2/cpp-test/test-t/u_1_11.c,0,1,1
/media/ullmann/HDDGabriel/engines/UnrealEngine/Engine/Source/ThirdParty/MCPP/mcpp-2.7.2/cpp-test/test-t/line.h,2,0,2
/media/ullmann/HDDGabriel/engines/UnrealEngine/Engine/Source/ThirdParty/FreeImage/FreeImage-3.18.0/Source/OpenEXR/IlmImf/ImfFloatVectorAttribute.cpp,0,1,1
/media/ullmann/HDDGabriel/engines/UnrealEngine/Engine/Source/ThirdParty/PhysX3/APEX_1.4/include/nvparameterized/NvSerializer.inl,1,0,1
/media/ullmann/HDDGabriel/engines/UnrealEngine/Engine/Source/ThirdParty/ShaderConductor/ShaderConductor/External/DirectXShaderCompiler/tools/clang/lib/StaticAnalyzer/Checkers/StreamChecker.cpp,0,1,1
/media/ullmann/HDDGabriel/engines/UnrealEngine/Engine/Source/ThirdParty/libOpus/opus-1.0.3/celt/cwrs.c,0,4,4
/media/ullmann/HDDGabriel/engines/UnrealEngine/Engine/Source/ThirdParty/FreeType2/FreeType2-2.10.0/src/gxvalid/gxvmort2.c,1,1,2
/media/ullmann/HDDGabriel/engines/UnrealEngine/Engine/Source/Runtime/Engine/Private/DataTableJSON.cpp,0,1,1
/media/ullmann/HDDGabriel/engines/UnrealEngine/Engine/Source/Editor/LevelEditor/Private/LevelEditorContextMenu.cpp,0,3,3
/media/ullmann/HDDGabriel/engines/UnrealEngine/Engine/Source/Editor/LevelEditor/Private/LevelEditorContextMenu.h,3,0,3
/media/ullmann/HDDGabriel/engines/UnrealEngine/Engine/Source/ThirdParty/Intel/TBB/IntelTBB-2019u8/src/test/test_thread.h,2,3,5
/media/ullmann/HDDGabriel/engines/UnrealEngine/Engine/Source/ThirdParty/ShaderConductor/ShaderConductor/External/DirectXShaderCompiler/utils/TableGen/DAGISelMatcherGen.cpp,0,3,3
/media/ullmann/HDDGabriel/engines/UnrealEngine/Engine/Source/Editor/MainFrame/Private/Menus/SaveLayoutDialog.cpp,0,1,1
/media/ullmann/HDDGabriel/engines/UnrealEngine/Engine/Source/Editor/MainFrame/Private/Menus/SaveLayoutDialog.h,1,0,1
/media/ullmann/HDDGabriel/engines/UnrealEngine/Engine/Source/ThirdParty/MCPP/mcpp-2.7.2/test-c/n_20.c,0,1,1
/media/ullmann/HDDGabriel/engines/UnrealEngine/Engine/Source/Developer/PhysicsUtilities/Private/ConvexDecompTool.cpp,0,2,2
/media/ullmann/HDDGabriel/engines/UnrealEngine/Engine/Source/Editor/GameProjectGeneration/Private/Tests/GameProjectAutomationTests.cpp,0,4,4
/media/ullmann/HDDGabriel/engines/UnrealEngine/Engine/Source/ThirdParty/SDL2/SDL-gui-backend/src/thread/os2/SDL_sysmutex.c,0,3,3
/media/ullmann/HDDGabriel/engines/UnrealEngine/Engine/Source/ThirdParty/Intel/Embree/Embree270/src/common/lexers/tokenstream.h,2,1,3
/media/ullmann/HDDGabriel/engines/UnrealEngine/Engine/Source/ThirdParty/WebRTC/4147/Include/tools/clang/blink_gc_plugin/tests/ignore_class.h,0,1,1
/media/ullmann/HDDGabriel/engines/UnrealEngine/Engine/Source/ThirdParty/SDL2/SDL-gui-backend/src/events/scancodes_darwin.h,1,0,1
/media/ullmann/HDDGabriel/engines/UnrealEngine/Engine/Source/ThirdParty/ICU/icu4c-53_1/source/common/bmpset.h,2,2,4
/media/ullmann/HDDGabriel/engines/UnrealEngine/Engine/Source/ThirdParty/GoogleOboe/Private/opensles/AudioStreamOpenSLES.cpp,0,2,2
/media/ullmann/HDDGabriel/engines/UnrealEngine/Engine/Source/Runtime/ImageWrapper/Private/Formats/BmpImageWrapper.h,2,0,2
/media/ullmann/HDDGabriel/engines/UnrealEngine/Engine/Source/Runtime/CoreUObject/Public/UObject/CoreNet.h,1,0,1
/media/ullmann/HDDGabriel/engines/UnrealEngine/Engine/Source/ThirdParty/libOpus/opus-1.0.3/silk/float/levinsondurbin_FLP.c,0,1,1
/media/ullmann/HDDGabriel/engines/UnrealEngine/Engine/Source/ThirdParty/OpenVDB/openvdb-8.1.0/openvdb_maya/openvdb_maya/OpenVDBFromPolygonsNode.cc,0,1,1
/media/ullmann/HDDGabriel/engines/UnrealEngine/Engine/Source/ThirdParty/libOpus/opus-1.3.1-12/silk/resampler_down2.c,0,2,2
/media/ullmann/HDDGabriel/engines/UnrealEngine/Engine/Source/ThirdParty/ICU/icu4c-64_1/source/i18n/unicode/usearch.h,1,0,1
/media/ullmann/HDDGabriel/engines/UnrealEngine/Engine/Source/Developer/ShaderFormatVectorVM/Private/ir_vm_flatten_branches_to_selects_visitor.cpp,0,1,1
/media/ullmann/HDDGabriel/engines/UnrealEngine/Engine/Source/ThirdParty/SDL2/SDL-gui-backend/include/SDL_test_common.h,1,3,4
/media/ullmann/HDDGabriel/engines/UnrealEngine/Engine/Source/ThirdParty/FreeImage/FreeImage-3.18.0/Source/FreeImage/PluginPNG.cpp,0,3,3
/media/ullmann/HDDGabriel/engines/UnrealEngine/Engine/Source/ThirdParty/SDL2/SDL-gui-backend/src/events/SDL_clipboardevents.c,0,3,3
/media/ullmann/HDDGabriel/engines/UnrealEngine/Engine/Source/ThirdParty/Android/libunwind/libunwind/src/x86/offsets.h,5,0,5
/media/ullmann/HDDGabriel/engines/UnrealEngine/Engine/Source/ThirdParty/OpenVDB/Deploy/openvdb-8.1.0/include/openvdb/io/DelayedLoadMetadata.h,1,0,1
/media/ullmann/HDDGabriel/engines/UnrealEngine/Engine/Source/ThirdParty/WebRTC/4147/Include/tools/clang/blink_gc_plugin/tests/class_requires_trace_method_tmpl.h,0,1,1
/media/ullmann/HDDGabriel/engines/UnrealEngine/Engine/Source/Runtime/Sockets/Private/SocketSubsystem.cpp,0,1,1
/media/ullmann/HDDGabriel/engines/UnrealEngine/Engine/Source/ThirdParty/Intel/TBB/IntelTBB-2019u8/src/test/test_halt.cpp,0,2,2
/media/ullmann/HDDGabriel/engines/UnrealEngine/Engine/Source/ThirdParty/zlib/zlib-1.2.5/Src/compress.c,0,1,1
/media/ullmann/HDDGabriel/engines/UnrealEngine/Engine/Source/ThirdParty/Intel/TBB/IntelTBB-2019u8/src/tbb/concurrent_queue.cpp,1,2,3
/media/ullmann/HDDGabriel/engines/UnrealEngine/Engine/Source/ThirdParty/Perforce/p4api-2021.2/Include/Win64/VS2015/p4/malloc_override.h,1,0,1
/media/ullmann/HDDGabriel/engines/UnrealEngine/Engine/Source/ThirdParty/SDL2/SDL-gui-backend/src/video/windows/SDL_windowsframebuffer.c,0,2,2
/media/ullmann/HDDGabriel/engines/UnrealEngine/Engine/Source/ThirdParty/Vorbis/libvorbis-1.3.2/lib/modes/psych_11.h,1,0,1
/media/ullmann/HDDGabriel/engines/UnrealEngine/Engine/Source/Runtime/UMG/Public/Animation/UMGSequencePlayer.h,1,0,1
/media/ullmann/HDDGabriel/engines/UnrealEngine/Engine/Source/ThirdParty/PhysX3/PhysX_3.4/Source/GeomUtils/src/hf/GuHeightField.cpp,0,1,1
/media/ullmann/HDDGabriel/engines/UnrealEngine/Engine/Source/ThirdParty/Breakpad/src/third_party/libdisasm/ia32_modrm.h,2,2,4
/media/ullmann/HDDGabriel/engines/UnrealEngine/Engine/Source/ThirdParty/CryptoPP/5.6.2/include/tea.cpp,0,3,3
/media/ullmann/HDDGabriel/engines/UnrealEngine/Engine/Source/Runtime/Renderer/Private/FXRenderingUtils.cpp,0,1,1
/media/ullmann/HDDGabriel/engines/UnrealEngine/Engine/Source/Editor/ContentBrowser/Private/FrontendFilters.cpp,0,2,2
/media/ullmann/HDDGabriel/engines/UnrealEngine/Engine/Source/Editor/ContentBrowser/Private/TextFilterValueHandlers.h,2,0,2
/media/ullmann/HDDGabriel/engines/UnrealEngine/Engine/Source/ThirdParty/PhysX3/NvCloth/samples/SampleBase/renderer/ShaderUtils.h,1,0,1
/media/ullmann/HDDGabriel/engines/UnrealEngine/Engine/Source/Editor/GameProjectGeneration/Private/SVerbChoiceDialog.cpp,0,1,1
/media/ullmann/HDDGabriel/engines/UnrealEngine/Engine/Source/Editor/GameProjectGeneration/Private/SVerbChoiceDialog.h,2,0,2
/media/ullmann/HDDGabriel/engines/UnrealEngine/Engine/Source/ThirdParty/hlslcc/hlslcc/src/hlslcc_lib/loop_analysis.cpp,0,4,4
/media/ullmann/HDDGabriel/engines/UnrealEngine/Engine/Source/Editor/PropertyEditor/Private/UserInterface/PropertyEditor/SPropertyEditorMap.h,1,0,1
/media/ullmann/HDDGabriel/engines/UnrealEngine/Engine/Source/ThirdParty/PhysX3/PhysX_3.4/Source/PhysX/src/NpPtrTableStorageManager.h,2,0,2
/media/ullmann/HDDGabriel/engines/UnrealEngine/Engine/Source/ThirdParty/ICU/icu4c-64_1/source/i18n/persncal.cpp,0,2,2
/media/ullmann/HDDGabriel/engines/UnrealEngine/Engine/Source/ThirdParty/PhysX3/APEX_1.4/module/clothing/embedded/LowLevelCloth/src/scalar/Simd4i.h,1,0,1
/media/ullmann/HDDGabriel/engines/UnrealEngine/Engine/Source/ThirdParty/ICU/icu4c-53_1/source/i18n/utf8collationiterator.cpp,0,5,5
/media/ullmann/HDDGabriel/engines/UnrealEngine/Engine/Source/Runtime/LiveLinkInterface/Public/LiveLinkRefSkeleton.h,2,0,2
/media/ullmann/HDDGabriel/engines/UnrealEngine/Engine/Source/Editor/AnimGraph/Private/EditModes/SplineIKEditMode.cpp,0,1,1
/media/ullmann/HDDGabriel/engines/UnrealEngine/Engine/Source/Runtime/Engine/Classes/Animation/AnimationAsset.h,0,1,1
/media/ullmann/HDDGabriel/engines/UnrealEngine/Engine/Source/Runtime/Engine/Classes/Animation/AnimEnums.h,2,0,2
/media/ullmann/HDDGabriel/engines/UnrealEngine/Engine/Source/ThirdParty/nvTextureTools/nvTextureTools-2.0.8/src/src/nvtt/cuda/Bitmaps.h,1,0,1
/media/ullmann/HDDGabriel/engines/UnrealEngine/Engine/Source/ThirdParty/Intel/Embree/Embree3122/Linux/x86_64-unknown-linux-gnu/include/embree3/rtcore_builder.h,1,1,2
/media/ullmann/HDDGabriel/engines/UnrealEngine/Engine/Source/Editor/Sequencer/Private/SObjectBindingTagManager.cpp,0,2,2
/media/ullmann/HDDGabriel/engines/UnrealEngine/Engine/Source/Runtime/Renderer/Private/LightFunctionRendering.cpp,0,5,5
/media/ullmann/HDDGabriel/engines/UnrealEngine/Engine/Source/ThirdParty/SDL2/SDL-gui-backend/src/core/windows/SDL_xinput.c,0,2,2
/media/ullmann/HDDGabriel/engines/UnrealEngine/Engine/Source/ThirdParty/OpenSubdiv/OpenSubdiv-3.4.4/regression/shapes/catmark_tent_creases1.h,2,0,2
/media/ullmann/HDDGabriel/engines/UnrealEngine/Engine/Source/Editor/ConfigEditor/Public/PropertyVisualization/ConfigPropertyConfigFileStateColumn.h,0,1,1
/media/ullmann/HDDGabriel/engines/UnrealEngine/Engine/Source/ThirdParty/PhysX3/APEX_1.4/module/clothing/include/autogen/ClothingActorParam.h,1,0,1
/media/ullmann/HDDGabriel/engines/UnrealEngine/Engine/Source/ThirdParty/FreeType2/FreeType2-2.6/Src/otvalid/otvmath.c,1,3,4
/media/ullmann/HDDGabriel/engines/UnrealEngine/Engine/Source/Runtime/Core/Public/Misc/QueuedThreadPoolWrapper.h,0,2,2
/media/ullmann/HDDGabriel/engines/UnrealEngine/Engine/Source/ThirdParty/PhysX3/APEX_1.4/module/destructible_legacy/include/autogen/DestructibleActorState_0p0.h,1,0,1
/media/ullmann/HDDGabriel/engines/UnrealEngine/Engine/Source/Programs/UnrealTraceServer/3rdparty/asio/1.12.2/asio/yield.hpp,0,1,1
/media/ullmann/HDDGabriel/engines/UnrealEngine/Engine/Source/Programs/UnrealTraceServer/3rdparty/asio/1.12.2/asio/coroutine.hpp,1,0,1
/media/ullmann/HDDGabriel/engines/UnrealEngine/Engine/Source/ThirdParty/Crunch/src/crnlib/crn_rg_etc1.h,3,0,3
/media/ullmann/HDDGabriel/engines/UnrealEngine/Engine/Source/Developer/TraceServices/Private/Model/DbgHelpResolver.cpp,0,1,1
/media/ullmann/HDDGabriel/engines/UnrealEngine/Engine/Source/ThirdParty/PhysX3/APEX_1.4/module/clothing/include/ClothingActorProxy.h,0,2,2
/media/ullmann/HDDGabriel/engines/UnrealEngine/Engine/Source/Editor/ContentBrowser/Private/SThumbnailEditModeTools.cpp,0,1,1
/media/ullmann/HDDGabriel/engines/UnrealEngine/Engine/Source/Editor/ContentBrowser/Private/SThumbnailEditModeTools.h,2,0,2
/media/ullmann/HDDGabriel/engines/UnrealEngine/Engine/Source/ThirdParty/openexr/openexr-3.1.1/src/test/OpenEXRTest/testMultiTiledPartThreading.h,2,0,2
/media/ullmann/HDDGabriel/engines/UnrealEngine/Engine/Source/ThirdParty/MCPP/mcpp-2.7.2/test-l/nest45.h,1,1,2
/media/ullmann/HDDGabriel/engines/UnrealEngine/Engine/Source/Editor/AnimGraph/Private/AnimBlueprintExtension_LinkedAnimGraph.cpp,0,1,1
/media/ullmann/HDDGabriel/engines/UnrealEngine/Engine/Source/Editor/AnimGraph/Private/AnimBlueprintExtension_LinkedAnimGraph.h,2,0,2
/media/ullmann/HDDGabriel/engines/UnrealEngine/Engine/Source/ThirdParty/VHACD/inc/vhacdMutex.h,1,0,1
/media/ullmann/HDDGabriel/engines/UnrealEngine/Engine/Source/ThirdParty/WebRTC/4147/Include/third_party/libvpx/source/libvpx/vp8/encoder/treewriter.h,1,1,2
/media/ullmann/HDDGabriel/engines/UnrealEngine/Engine/Source/ThirdParty/WebRTC/4147/Include/third_party/libvpx/source/libvpx/vp8/encoder/boolhuff.h,1,0,1
/media/ullmann/HDDGabriel/engines/UnrealEngine/Engine/Source/Editor/PropertyEditor/Private/SDetailExpanderArrow.cpp,0,3,3
/media/ullmann/HDDGabriel/engines/UnrealEngine/Engine/Source/Developer/LogVisualizer/Private/VisualLoggerCameraController.h,4,0,4
/media/ullmann/HDDGabriel/engines/UnrealEngine/Engine/Source/Editor/KismetWidgets/Private/SScrubControlPanel.cpp,0,1,1
/media/ullmann/HDDGabriel/engines/UnrealEngine/Engine/Source/Editor/AnimationBlueprintEditor/Private/AnimationStateNodes/SGraphNodeAnimTransition.h,2,0,2
/media/ullmann/HDDGabriel/engines/UnrealEngine/Engine/Source/ThirdParty/FreeType2/FreeType2-2.4.12/src/gxvalid/gxvjust.c,1,2,3
/media/ullmann/HDDGabriel/engines/UnrealEngine/Engine/Source/ThirdParty/CryptoPP/5.6.2/include/algparam.cpp,0,2,2
/media/ullmann/HDDGabriel/engines/UnrealEngine/Engine/Source/ThirdParty/DirectShow/DirectShow-1.0.0/src/Public/winctrl.h,1,0,1
/media/ullmann/HDDGabriel/engines/UnrealEngine/Engine/Source/Editor/FoliageEdit/Private/ProceduralFoliageComponentVisualizer.h,2,0,2
/media/ullmann/HDDGabriel/engines/UnrealEngine/Engine/Source/ThirdParty/Intel/Embree/Embree2140/src/common/math/linearspace2.h,1,1,2
/media/ullmann/HDDGabriel/engines/UnrealEngine/Engine/Source/ThirdParty/WebRTC/4147/Include/third_party/libvpx/source/config/linux/generic/vp8_rtcd.h,0,1,1
/media/ullmann/HDDGabriel/engines/UnrealEngine/Engine/Source/Editor/WorldPartitionEditor/Private/WorldPartition/HLOD/SWorldPartitionBuildHLODsDialog.cpp,0,1,1
/media/ullmann/HDDGabriel/engines/UnrealEngine/Engine/Source/ThirdParty/MCPP/mcpp-2.7.2/test-l/l_37_7.c,0,1,1
/media/ullmann/HDDGabriel/engines/UnrealEngine/Engine/Source/ThirdParty/openexr/Deploy/openexr-3.1.1/include/OpenEXR/ImfConvert.h,0,2,2
/media/ullmann/HDDGabriel/engines/UnrealEngine/Engine/Source/ThirdParty/SDL2/SDL-gui-backend/src/video/uikit/SDL_uikitopenglview.h,0,1,1
/media/ullmann/HDDGabriel/engines/UnrealEngine/Engine/Source/ThirdParty/FreeType2/FreeType2-2.4.12/src/cff/cffpic.c,1,3,4
/media/ullmann/HDDGabriel/engines/UnrealEngine/Engine/Source/Editor/SequenceRecorder/Public/SequenceRecordingBase.h,1,0,1
/media/ullmann/HDDGabriel/engines/UnrealEngine/Engine/Source/ThirdParty/FreeType2/FreeType2-2.6/Include/ftgxval.h,0,1,1
/media/ullmann/HDDGabriel/engines/UnrealEngine/Engine/Source/ThirdParty/libOpus/opus-1.3.1-12/celt/arm/fixed_arm64.h,1,0,1
/media/ullmann/HDDGabriel/engines/UnrealEngine/Engine/Source/ThirdParty/ShaderConductor/ShaderConductor/External/DirectXShaderCompiler/utils/TableGen/X86DisassemblerShared.h,3,0,3
/media/ullmann/HDDGabriel/engines/UnrealEngine/Engine/Source/ThirdParty/HarfBuzz/harfbuzz-1.2.4/src/hb-shaper.cc,0,4,4
/media/ullmann/HDDGabriel/engines/UnrealEngine/Engine/Source/Runtime/CoreUObject/Public/UObject/UObjectMarks.h,2,0,2
/media/ullmann/HDDGabriel/engines/UnrealEngine/Engine/Source/ThirdParty/FreeImage/FreeImage-3.18.0/Source/OpenEXR/IlmImf/ImfTimeCodeAttribute.cpp,0,1,1
/media/ullmann/HDDGabriel/engines/UnrealEngine/Engine/Source/ThirdParty/WebRTC/4147/Include/third_party/libvpx/source/libvpx/vp9/vp9_iface_common.h,0,1,1
/media/ullmann/HDDGabriel/engines/UnrealEngine/Engine/Source/ThirdParty/WebRTC/4147/Include/third_party/libvpx/source/libvpx/vp9/common/vp9_enums.h,1,0,1
/media/ullmann/HDDGabriel/engines/UnrealEngine/Engine/Source/Editor/BlueprintGraph/Classes/K2Node_Knot.h,0,1,1
/media/ullmann/HDDGabriel/engines/UnrealEngine/Engine/Source/ThirdParty/FreeType2/FreeType2-2.10.4/src/base/ftadvanc.c,1,0,1
/media/ullmann/HDDGabriel/engines/UnrealEngine/Engine/Source/ThirdParty/Boost/boost-1_70_0/include/boost/tti/has_static_member_function.hpp,1,0,1
/media/ullmann/HDDGabriel/engines/UnrealEngine/Engine/Source/Runtime/Engine/Public/AudioCompressionSettingsUtils.h,0,2,2
/media/ullmann/HDDGabriel/engines/UnrealEngine/Engine/Source/Runtime/Engine/Public/AudioStreamingCache.h,1,2,3
/media/ullmann/HDDGabriel/engines/UnrealEngine/Engine/Source/Editor/SceneOutliner/Private/SceneOutlinerItemLabelColumn.cpp,0,1,1
/media/ullmann/HDDGabriel/engines/UnrealEngine/Engine/Source/Editor/SceneOutliner/Private/SceneOutlinerItemLabelColumn.h,2,0,2
/media/ullmann/HDDGabriel/engines/UnrealEngine/Engine/Source/ThirdParty/HarfBuzz/harfbuzz-1.2.4/src/hb-face.h,2,2,4
/media/ullmann/HDDGabriel/engines/UnrealEngine/Engine/Source/ThirdParty/nvTextureTools/nvTextureTools-2.0.6/src/src/nvmath/Matrix.h,1,0,1
/media/ullmann/HDDGabriel/engines/UnrealEngine/Engine/Source/ThirdParty/EOSSDK/SDK/Bin/IOS/EOSSDK.framework/Headers/eos_leaderboards.h,0,1,1
/media/ullmann/HDDGabriel/engines/UnrealEngine/Engine/Source/ThirdParty/glslang/glslang/src/glslang_lib/glslang/OSDependent/Windows/ossource.cpp,0,1,1
/media/ullmann/HDDGabriel/engines/UnrealEngine/Engine/Source/Editor/MaterialEditor/Private/SMaterialEditorStatsWidget.h,2,1,3
/media/ullmann/HDDGabriel/engines/UnrealEngine/Engine/Source/Editor/WorldBrowser/Private/Tiles/WorldTileCollectionModel.h,1,0,1
/media/ullmann/HDDGabriel/engines/UnrealEngine/Engine/Source/Developer/Windows/LiveCodingServer/Private/External/LC_Compiler.h,4,0,4
/media/ullmann/HDDGabriel/engines/UnrealEngine/Engine/Source/Editor/EditorStyle/Private/EditorStyleSettingsCustomization.cpp,0,1,1
/media/ullmann/HDDGabriel/engines/UnrealEngine/Engine/Source/Runtime/CoreUObject/Private/UObject/SavePackage/SavePackageUtilities.cpp,0,1,1
/media/ullmann/HDDGabriel/engines/UnrealEngine/Engine/Source/Runtime/Online/HTTP/Private/Apple/AppleHTTP.cpp,0,1,1
/media/ullmann/HDDGabriel/engines/UnrealEngine/Engine/Source/ThirdParty/OpenVDB/openvdb-8.1.0/openvdb/openvdb/math/Quat.h,0,4,4
/media/ullmann/HDDGabriel/engines/UnrealEngine/Engine/Source/ThirdParty/ICU/icu4c-53_1/source/common/wintz.h,2,1,3
/media/ullmann/HDDGabriel/engines/UnrealEngine/Engine/Source/Runtime/MovieScene/Public/KeyParams.h,1,0,1
/media/ullmann/HDDGabriel/engines/UnrealEngine/Engine/Source/ThirdParty/WebRTC/4147/Include/tools/clang/blink_gc_plugin/CheckTraceVisitor.h,0,1,1
/media/ullmann/HDDGabriel/engines/UnrealEngine/Engine/Source/ThirdParty/Perforce/p4api-2021.2/Include/Mac/p4/p4tags.h,1,0,1
/media/ullmann/HDDGabriel/engines/UnrealEngine/Engine/Source/Runtime/MeshConversion/Public/DynamicMeshToMeshDescription.h,0,1,1
/media/ullmann/HDDGabriel/engines/UnrealEngine/Engine/Source/Runtime/MeshConversion/Public/MeshConversionOptions.h,1,0,1
/media/ullmann/HDDGabriel/engines/UnrealEngine/Engine/Source/ThirdParty/ICU/icu4c-64_1/source/test/fuzzer/break_iterator_fuzzer.cc,0,1,1
/media/ullmann/HDDGabriel/engines/UnrealEngine/Engine/Source/Developer/Windows/ShaderFormatD3D/Private/D3DShaderCompilerDXC.cpp,0,2,2
/media/ullmann/HDDGabriel/engines/UnrealEngine/Engine/Source/Developer/Windows/ShaderFormatD3D/Private/D3DShaderCompiler.inl,2,0,2
/media/ullmann/HDDGabriel/engines/UnrealEngine/Engine/Source/Developer/DerivedDataCache/Private/DerivedDataBackendCorruptionWrapper.h,2,1,3
/media/ullmann/HDDGabriel/engines/UnrealEngine/Engine/Source/Runtime/Engine/Public/StaticMeshLight.h,0,2,2
/media/ullmann/HDDGabriel/engines/UnrealEngine/Engine/Source/Runtime/Engine/Private/SkeletalMesh.cpp,0,2,2
/media/ullmann/HDDGabriel/engines/UnrealEngine/Engine/Source/Runtime/Engine/Private/Streaming/SkeletalMeshUpdate.h,1,0,1
/media/ullmann/HDDGabriel/engines/UnrealEngine/Engine/Source/Developer/AssetTools/Private/AssetTypeActions/AssetTypeActions_AnimSequence.h,1,0,1
/media/ullmann/HDDGabriel/engines/UnrealEngine/Engine/Source/Editor/GraphEditor/Private/KismetNodes/SGraphNodeFormatText.h,1,0,1
/media/ullmann/HDDGabriel/engines/UnrealEngine/Engine/Source/ThirdParty/Intel/Embree/Embree270/src/kernels/common/state.cpp,0,2,2
/media/ullmann/HDDGabriel/engines/UnrealEngine/Engine/Source/ThirdParty/Intel/Embree/Embree270/src/common/lexers/streamfilters.h,1,1,2
/media/ullmann/HDDGabriel/engines/UnrealEngine/Engine/Source/ThirdParty/Intel/Embree/Embree270/src/common/sys/barrier.cpp,0,2,2
/media/ullmann/HDDGabriel/engines/UnrealEngine/Engine/Source/Editor/BlueprintGraph/Classes/K2Node_InputVectorAxisEvent.h,0,1,1
/media/ullmann/HDDGabriel/engines/UnrealEngine/Engine/Source/Editor/BlueprintGraph/Classes/K2Node_InputAxisKeyEvent.h,1,1,2
/media/ullmann/HDDGabriel/engines/UnrealEngine/Engine/Source/Developer/AssetTools/Private/AssetTypeActions/AssetTypeActions_DataTable.cpp,0,1,1
/media/ullmann/HDDGabriel/engines/UnrealEngine/Engine/Source/Editor/DataTableEditor/Public/DataTableEditorModule.h,1,0,1
/media/ullmann/HDDGabriel/engines/UnrealEngine/Engine/Source/Runtime/Foliage/Public/ProceduralFoliageBlockingVolume.h,0,1,1
/media/ullmann/HDDGabriel/engines/UnrealEngine/Engine/Source/ThirdParty/Steamworks/Steamv151/sdk/public/steam/isteamremoteplay.h,1,1,2
/media/ullmann/HDDGabriel/engines/UnrealEngine/Engine/Source/ThirdParty/ICU/icu4c-64_1/source/test/perf/usetperf/usetperf.cpp,0,1,1
/media/ullmann/HDDGabriel/engines/UnrealEngine/Engine/Source/ThirdParty/Python3/Win64/include/bltinmodule.h,1,0,1
/media/ullmann/HDDGabriel/engines/UnrealEngine/Engine/Source/ThirdParty/glslang/glslang/src/glslang_lib/SPIRV/doc.h,3,1,4
/media/ullmann/HDDGabriel/engines/UnrealEngine/Engine/Source/Runtime/RHI/Public/RHIValidationCommon.h,3,0,3
/media/ullmann/HDDGabriel/engines/UnrealEngine/Engine/Source/Developer/AutomationDriver/Public/IDriverElement.h,1,1,2
/media/ullmann/HDDGabriel/engines/UnrealEngine/Engine/Source/Developer/AutomationDriver/Public/IElementLocator.h,2,0,2
/media/ullmann/HDDGabriel/engines/UnrealEngine/Engine/Source/Editor/IntroTutorials/Private/TutorialImageDecorator.cpp,0,1,1
/media/ullmann/HDDGabriel/engines/UnrealEngine/Engine/Source/ThirdParty/MCPP/mcpp-2.7.2/cpp-test/test-t/n_28.c,0,1,1
/media/ullmann/HDDGabriel/engines/UnrealEngine/Engine/Source/Runtime/Online/Voice/Public/Voice.h,0,1,1
/media/ullmann/HDDGabriel/engines/UnrealEngine/Engine/Source/ThirdParty/MCPP/mcpp-2.7.2/test-c/n_13_8.c,0,1,1
/media/ullmann/HDDGabriel/engines/UnrealEngine/Engine/Source/Editor/UnrealEd/Private/GeomFitUtils.cpp,0,1,1
/media/ullmann/HDDGabriel/engines/UnrealEngine/Engine/Source/ThirdParty/mtlpp/mtlpp-master-7efad47/interpose/MTIFence.hpp,0,1,1
/media/ullmann/HDDGabriel/engines/UnrealEngine/Engine/Source/ThirdParty/PhysX3/APEX_1.4/module/destructible_legacy/include/autogen/DestructibleActorParam_0p4.h,1,0,1
/media/ullmann/HDDGabriel/engines/UnrealEngine/Engine/Source/ThirdParty/CEF3/cef_source/libcef_dll/transfer_util.cc,0,1,1
/media/ullmann/HDDGabriel/engines/UnrealEngine/Engine/Source/ThirdParty/CEF3/cef_source/libcef_dll/transfer_util.h,1,0,1
/media/ullmann/HDDGabriel/engines/UnrealEngine/Engine/Source/ThirdParty/SDL2/SDL-gui-backend/src/filesystem/android/SDL_sysfilesystem.c,0,1,1
/media/ullmann/HDDGabriel/engines/UnrealEngine/Engine/Source/ThirdParty/ICU/icu4c-64_1/source/test/intltest/testidn.cpp,0,2,2
/media/ullmann/HDDGabriel/engines/UnrealEngine/Engine/Source/Runtime/Core/Public/Math/Float16Color.h,3,0,3
/media/ullmann/HDDGabriel/engines/UnrealEngine/Engine/Source/Programs/UnrealVersionSelector/Private/UnrealVersionSelector.cpp,0,2,2
/media/ullmann/HDDGabriel/engines/UnrealEngine/Engine/Source/Programs/UnrealVersionSelector/Private/UnrealVersionSelector.h,1,0,1
/media/ullmann/HDDGabriel/engines/UnrealEngine/Engine/Source/ThirdParty/Intel/TBB/IntelTBB-2019u8/include/tbb/parallel_while.h,0,1,1
/media/ullmann/HDDGabriel/engines/UnrealEngine/Engine/Source/ThirdParty/OpenSubdiv/OpenSubdiv-3.4.4/regression/shapes/catmark_gregory_test2.h,1,0,1
/media/ullmann/HDDGabriel/engines/UnrealEngine/Engine/Source/Editor/Kismet/Public/SPinValueInspector.h,0,1,1
/media/ullmann/HDDGabriel/engines/UnrealEngine/Engine/Source/Editor/Kismet/Public/Debugging/SKismetDebugTreeView.h,1,0,1
/media/ullmann/HDDGabriel/engines/UnrealEngine/Engine/Source/ThirdParty/FBX/2020.2/include/fbxsdk/scene/animation/fbxanimcurve.h,1,0,1
/media/ullmann/HDDGabriel/engines/UnrealEngine/Engine/Source/ThirdParty/PhysX3/NvCloth/samples/SampleBase/renderer/RendererShadow.cpp,0,2,2
/media/ullmann/HDDGabriel/engines/UnrealEngine/Engine/Source/ThirdParty/FreeImage/FreeImage-3.18.0/Source/ZLib/inftrees.c,0,2,2
/media/ullmann/HDDGabriel/engines/UnrealEngine/Engine/Source/ThirdParty/FreeImage/FreeImage-3.18.0/Source/LibTIFF4/tif_dumpmode.c,0,1,1
/media/ullmann/HDDGabriel/engines/UnrealEngine/Engine/Source/Runtime/SlateCore/Public/Fonts/UnicodeBlockRange.h,0,1,1
/media/ullmann/HDDGabriel/engines/UnrealEngine/Engine/Source/Runtime/SlateCore/Public/Fonts/UnicodeBlockRange.inl,1,0,1
/media/ullmann/HDDGabriel/engines/UnrealEngine/Engine/Source/Runtime/SlateCore/Public/Widgets/IToolTip.h,1,0,1
/media/ullmann/HDDGabriel/engines/UnrealEngine/Engine/Source/Runtime/AVEncoder/Private/Encoders/VideoEncoderH264_Dummy.cpp,0,1,1
/media/ullmann/HDDGabriel/engines/UnrealEngine/Engine/Source/Runtime/AVEncoder/Private/Encoders/VideoEncoderH264_Dummy.h,2,0,2
/media/ullmann/HDDGabriel/engines/UnrealEngine/Engine/Source/ThirdParty/Perforce/P4Api.Net/p4bridge-unit-test/UnitTestFrameWork.cpp,0,1,1
/media/ullmann/HDDGabriel/engines/UnrealEngine/Engine/Source/ThirdParty/FakeIt/2.0.2/config/gtest/fakeit.hpp,0,1,1
/media/ullmann/HDDGabriel/engines/UnrealEngine/Engine/Source/Editor/Persona/Private/SAnimationSequenceBrowser.h,2,1,3
/media/ullmann/HDDGabriel/engines/UnrealEngine/Engine/Source/ThirdParty/Perforce/p4api-2014.1/include/p4/error.h,2,0,2
/media/ullmann/HDDGabriel/engines/UnrealEngine/Engine/Source/Programs/TextureShare/Samples/ThirdParty/TextureShare_ClientD3D12/D3D12HelloTexture.h,2,1,3
/media/ullmann/HDDGabriel/engines/UnrealEngine/Engine/Source/ThirdParty/PhysX3/APEX_1.4/module/destructible/fracture/Core/PolygonTriangulatorBase.h,3,0,3
/media/ullmann/HDDGabriel/engines/UnrealEngine/Engine/Source/ThirdParty/Android/libunwind/libunwind/src/x86_64/Linit.c,0,1,1
/media/ullmann/HDDGabriel/engines/UnrealEngine/Engine/Source/ThirdParty/Android/libunwind/libunwind/src/x86_64/Ginit.c,1,1,2
/media/ullmann/HDDGabriel/engines/UnrealEngine/Engine/Source/ThirdParty/ICU/icu4c-64_1/source/i18n/unesctrn.cpp,0,1,1
/media/ullmann/HDDGabriel/engines/UnrealEngine/Engine/Source/Editor/BlueprintGraph/Classes/K2Node_GetArrayItem.h,0,1,1
/media/ullmann/HDDGabriel/engines/UnrealEngine/Engine/Source/ThirdParty/openexr/openexr-3.1.1/src/lib/OpenEXRCore/openexr_coding.h,2,0,2
/media/ullmann/HDDGabriel/engines/UnrealEngine/Engine/Source/ThirdParty/ICU/icu4c-53_1/source/test/cintltst/cestst.c,0,4,4
/media/ullmann/HDDGabriel/engines/UnrealEngine/Engine/Source/ThirdParty/ICU/icu4c-53_1/source/test/cintltst/cestst.h,1,1,2
/media/ullmann/HDDGabriel/engines/UnrealEngine/Engine/Source/ThirdParty/ShaderConductor/ShaderConductor/External/DirectXShaderCompiler/tools/llvm-objdump/llvm-objdump.cpp,0,1,1
/media/ullmann/HDDGabriel/engines/UnrealEngine/Engine/Source/Runtime/CoreUObject/Public/UObject/GarbageCollection.h,2,0,2
/media/ullmann/HDDGabriel/engines/UnrealEngine/Engine/Source/ThirdParty/ShaderConductor/ShaderConductor/External/DirectXShaderCompiler/tools/llvm-cov/SourceCoverageView.cpp,0,1,1
/media/ullmann/HDDGabriel/engines/UnrealEngine/Engine/Source/ThirdParty/ShaderConductor/ShaderConductor/External/DirectXShaderCompiler/tools/llvm-cov/SourceCoverageView.h,2,1,3
/media/ullmann/HDDGabriel/engines/UnrealEngine/Engine/Source/Runtime/AIModule/Classes/Navigation/PathFollowingComponent.h,1,0,1
/media/ullmann/HDDGabriel/engines/UnrealEngine/Engine/Source/ThirdParty/MCPP/mcpp-2.7.2/cpp-test/test-l/nest97.h,1,1,2
/media/ullmann/HDDGabriel/engines/UnrealEngine/Engine/Source/Editor/BehaviorTreeEditor/Private/FindInBT.h,2,1,3
/media/ullmann/HDDGabriel/engines/UnrealEngine/Engine/Source/ThirdParty/Vulkan/Include/vulkan/vulkan_android.h,1,0,1
/media/ullmann/HDDGabriel/engines/UnrealEngine/Engine/Source/ThirdParty/ShaderConductor/ShaderConductor/External/DirectXShaderCompiler/lib/Transforms/InstCombine/InstCombineCasts.cpp,0,1,1
/media/ullmann/HDDGabriel/engines/UnrealEngine/Engine/Source/ThirdParty/PhysX3/PhysX_3.4/Source/LowLevelCloth/src/scalar/SimdTypes.h,1,0,1
/media/ullmann/HDDGabriel/engines/UnrealEngine/Engine/Source/Editor/AnimGraph/Private/AnimBlueprintExtension_Attributes.cpp,0,1,1
/media/ullmann/HDDGabriel/engines/UnrealEngine/Engine/Source/ThirdParty/FreeType2/FreeType2-2.4.12/src/psaux/psaux.c,0,6,6
/media/ullmann/HDDGabriel/engines/UnrealEngine/Engine/Source/ThirdParty/FreeType2/FreeType2-2.4.12/src/psaux/t1decode.c,1,3,4
/media/ullmann/HDDGabriel/engines/UnrealEngine/Engine/Source/Runtime/Engine/Public/CanvasRender.h,0,1,1
/media/ullmann/HDDGabriel/engines/UnrealEngine/Engine/Source/Editor/UnrealEd/Private/AssetSelection.cpp,0,1,1
/media/ullmann/HDDGabriel/engines/UnrealEngine/Engine/Source/ThirdParty/ShaderConductor/ShaderConductor/External/DirectXShaderCompiler/lib/CodeGen/AsmPrinter/ARMException.cpp,0,1,1
/media/ullmann/HDDGabriel/engines/UnrealEngine/Engine/Source/ThirdParty/Intel/TBB/IntelTBB-2019u8/src/tbbmalloc/large_objects.h,1,0,1
/media/ullmann/HDDGabriel/engines/UnrealEngine/Engine/Source/Editor/AIGraph/Classes/AIGraphSchema.h,0,1,1
/media/ullmann/HDDGabriel/engines/UnrealEngine/Engine/Source/Editor/AIGraph/Classes/AIGraphTypes.h,2,0,2
/media/ullmann/HDDGabriel/engines/UnrealEngine/Engine/Source/ThirdParty/SDL2/SDL-gui-backend/src/timer/windows/SDL_systimer.c,0,2,2
/media/ullmann/HDDGabriel/engines/UnrealEngine/Engine/Source/ThirdParty/ICU/icu4c-53_1/source/test/cintltst/cposxtst.c,0,1,1
/media/ullmann/HDDGabriel/engines/UnrealEngine/Engine/Source/ThirdParty/ICU/icu4c-64_1/source/test/intltest/restsnew.h,2,1,3
/media/ullmann/HDDGabriel/engines/UnrealEngine/Engine/Source/ThirdParty/Intel/Embree/Embree270/src/common/simd/int16_avx512.h,1,0,1
/media/ullmann/HDDGabriel/engines/UnrealEngine/Engine/Source/Programs/UnrealLightmass/Private/Lighting/LightingSystem.inl,1,0,1
/media/ullmann/HDDGabriel/engines/UnrealEngine/Engine/Source/ThirdParty/Boost/boost-1_70_0/include/boost/outcome/result.hpp,1,1,2
/media/ullmann/HDDGabriel/engines/UnrealEngine/Engine/Source/ThirdParty/ICU/icu4c-64_1/source/i18n/numsys.cpp,0,3,3
/media/ullmann/HDDGabriel/engines/UnrealEngine/Engine/Source/ThirdParty/WebRTC/4147/Include/third_party/opus/src/include/opus_custom.h,0,1,1
/media/ullmann/HDDGabriel/engines/UnrealEngine/Engine/Source/ThirdParty/Oculus/LibOVRPlatform/LibOVRPlatform/include/OVR_LaunchType.h,1,1,2
/media/ullmann/HDDGabriel/engines/UnrealEngine/Engine/Source/ThirdParty/Android/libunwind/libunwind/src/x86_64/Lget_save_loc.c,0,1,1
/media/ullmann/HDDGabriel/engines/UnrealEngine/Engine/Source/ThirdParty/Android/libunwind/libunwind/src/x86_64/Gget_save_loc.c,1,1,2
/media/ullmann/HDDGabriel/engines/UnrealEngine/Engine/Source/ThirdParty/Crunch/src/crnlib/crn_assert.h,1,0,1
/media/ullmann/HDDGabriel/engines/UnrealEngine/Engine/Source/ThirdParty/openexr/openexr-3.1.1/src/lib/Iex/IexMathFloatExc.h,1,3,4
/media/ullmann/HDDGabriel/engines/UnrealEngine/Engine/Source/Programs/CrashReportClient/Private/CrashReportClient.cpp,0,1,1
/media/ullmann/HDDGabriel/engines/UnrealEngine/Engine/Source/Programs/CrashReportClient/Private/CrashReportClient.h,3,0,3
/media/ullmann/HDDGabriel/engines/UnrealEngine/Engine/Source/ThirdParty/PhysX3/PhysX_3.4/Source/GeomUtils/src/mesh/GuBV4_ProcessStreamNoOrder_OBBOBB.h,2,0,2
/media/ullmann/HDDGabriel/engines/UnrealEngine/Engine/Source/ThirdParty/Android/libunwind/libunwind/src/ia64/Ginit.c,1,1,2
/media/ullmann/HDDGabriel/engines/UnrealEngine/Engine/Source/Editor/SkeletonEditor/Private/SkeletonTreeVirtualBoneItem.h,3,0,3
/media/ullmann/HDDGabriel/engines/UnrealEngine/Engine/Source/Editor/UnrealEd/Private/Cooker/CookRequestCluster.h,1,0,1
/media/ullmann/HDDGabriel/engines/UnrealEngine/Engine/Source/Editor/Persona/Private/SAnimationBlendSpaceGridWidget.cpp,0,2,2
/media/ullmann/HDDGabriel/engines/UnrealEngine/Engine/Source/ThirdParty/GoogleGameSDK/gamesdk/src/swappy/common/ChoreographerThread.h,2,1,3
/media/ullmann/HDDGabriel/engines/UnrealEngine/Engine/Source/ThirdParty/ShaderConductor/ShaderConductor/External/DirectXShaderCompiler/tools/llvm-pdbdump/TypedefDumper.h,3,0,3
/media/ullmann/HDDGabriel/engines/UnrealEngine/Engine/Source/ThirdParty/PhysX3/PhysX_3.4/Source/PhysXExtensions/src/ExtDefaultCpuDispatcher.cpp,0,3,3
/media/ullmann/HDDGabriel/engines/UnrealEngine/Engine/Source/Runtime/UMG/Private/Slate/SMeshWidget.cpp,0,1,1
/media/ullmann/HDDGabriel/engines/UnrealEngine/Engine/Source/Runtime/SlateRHIRenderer/Public/Interfaces/ISlateRHIRendererModule.h,1,1,2
/media/ullmann/HDDGabriel/engines/UnrealEngine/Engine/Source/ThirdParty/OpenSubdiv/OpenSubdiv-3.4.4/regression/shapes/catmark_hole_test3.h,1,0,1
/media/ullmann/HDDGabriel/engines/UnrealEngine/Engine/Source/ThirdParty/ShaderConductor/ShaderConductor/External/DirectXShaderCompiler/include/llvm/Support/ELFRelocs/ARM.def,1,0,1
/media/ullmann/HDDGabriel/engines/UnrealEngine/Engine/Source/ThirdParty/Android/libunwind/libunwind/src/ia64/Lrbs.c,0,1,1
/media/ullmann/HDDGabriel/engines/UnrealEngine/Engine/Source/ThirdParty/Android/libunwind/libunwind/src/ia64/Grbs.c,1,1,2
/media/ullmann/HDDGabriel/engines/UnrealEngine/Engine/Source/Runtime/SignalProcessing/Public/DSP/AudioDebuggingUtilities.h,0,1,1
/media/ullmann/HDDGabriel/engines/UnrealEngine/Engine/Source/ThirdParty/Perforce/p4api-2014.1/include/p4/stdhdrs.h,1,0,1
/media/ullmann/HDDGabriel/engines/UnrealEngine/Engine/Source/Runtime/D3D12RHI/Private/D3D12Viewport.cpp,0,1,1
/media/ullmann/HDDGabriel/engines/UnrealEngine/Engine/Source/ThirdParty/PhysX3/PhysX_3.4/Source/GeomUtils/src/sweep/GuSweepCapsuleTriangle.cpp,0,2,2
/media/ullmann/HDDGabriel/engines/UnrealEngine/Engine/Source/Runtime/Engine/Public/GPUSceneWriter.h,1,0,1
/media/ullmann/HDDGabriel/engines/UnrealEngine/Engine/Source/ThirdParty/openexr/openexr-3.1.1/src/test/OpenEXRTest/testLineOrder.h,1,0,1
/media/ullmann/HDDGabriel/engines/UnrealEngine/Engine/Source/Runtime/Core/Public/Logging/LogScopedVerbosityOverride.h,1,0,1
/media/ullmann/HDDGabriel/engines/UnrealEngine/Engine/Source/ThirdParty/ShaderConductor/ShaderConductor/External/DirectXShaderCompiler/include/llvm/DebugInfo/PDB/PDBSymbolTypeFriend.h,0,2,2
/media/ullmann/HDDGabriel/engines/UnrealEngine/Engine/Source/ThirdParty/WebRTC/4147/Include/tools/clang/blink_gc_plugin/tests/trace_after_dispatch.h,0,1,1
/media/ullmann/HDDGabriel/engines/UnrealEngine/Engine/Source/Editor/MaterialEditor/Private/SMaterialEditorTitleBar.h,2,1,3
/media/ullmann/HDDGabriel/engines/UnrealEngine/Engine/Source/Editor/DetailCustomizations/Private/CollisionProfileDetails.cpp,0,2,2
/media/ullmann/HDDGabriel/engines/UnrealEngine/Engine/Source/Editor/BlueprintGraph/Classes/K2Node_AddComponentByClass.h,0,1,1
/media/ullmann/HDDGabriel/engines/UnrealEngine/Engine/Source/ThirdParty/ICU/icu4c-53_1/source/test/intltest/icusvtst.cpp,0,1,1
/media/ullmann/HDDGabriel/engines/UnrealEngine/Engine/Source/ThirdParty/PhysX3/APEX_1.4/shared/general/meshimport/include/utils/MiInparser.h,0,1,1
/media/ullmann/HDDGabriel/engines/UnrealEngine/Engine/Source/Runtime/SessionServices/Public/ISessionServicesModule.h,0,2,2
/media/ullmann/HDDGabriel/engines/UnrealEngine/Engine/Source/Runtime/SessionServices/Public/ISessionService.h,1,0,1
/media/ullmann/HDDGabriel/engines/UnrealEngine/Engine/Source/Runtime/D3D12RHI/Private/D3D12DescriptorCache.cpp,0,1,1
/media/ullmann/HDDGabriel/engines/UnrealEngine/Engine/Source/ThirdParty/DirectShow/DirectShow-1.0.0/src/Public/strmctl.h,1,0,1
/media/ullmann/HDDGabriel/engines/UnrealEngine/Engine/Source/Runtime/AVEncoder/Private/Decoders/vdecmpeg4/M4Vid.cpp,0,3,3
/media/ullmann/HDDGabriel/engines/UnrealEngine/Engine/Source/ThirdParty/PhysX3/PhysX_3.4/Source/PhysXCooking/src/convex/QuickHullConvexHullLib.cpp,0,2,2
/media/ullmann/HDDGabriel/engines/UnrealEngine/Engine/Source/ThirdParty/PhysX3/PhysX_3.4/Source/PhysXCooking/src/convex/ConvexHullUtils.h,3,0,3
/media/ullmann/HDDGabriel/engines/UnrealEngine/Engine/Source/ThirdParty/ShaderConductor/ShaderConductor/External/DirectXShaderCompiler/tools/clang/lib/CodeGen/EHScopeStack.h,3,0,3
/media/ullmann/HDDGabriel/engines/UnrealEngine/Engine/Source/ThirdParty/Intel/Embree/Embree270/src/kernels/common/atomic_set.h,1,1,2
/media/ullmann/HDDGabriel/engines/UnrealEngine/Engine/Source/Runtime/Apple/MetalRHI/Private/MetalTransitionData.cpp,0,2,2
/media/ullmann/HDDGabriel/engines/UnrealEngine/Engine/Source/Runtime/Apple/MetalRHI/Private/MetalTransitionData.h,4,0,4
/media/ullmann/HDDGabriel/engines/UnrealEngine/Engine/Source/ThirdParty/Alembic/alembic-1.8.2/python/PyAlembic/PyOCurves.cpp,0,3,3
/media/ullmann/HDDGabriel/engines/UnrealEngine/Engine/Source/Runtime/AugmentedReality/Public/ARGeoTrackingSupport.h,0,2,2
/media/ullmann/HDDGabriel/engines/UnrealEngine/Engine/Source/ThirdParty/Boost/boost-1_70_0/include/boost/spirit/home/support/detail/lexer/internals.hpp,3,1,4
/media/ullmann/HDDGabriel/engines/UnrealEngine/Engine/Source/ThirdParty/OpenVDB/Deploy/openvdb-8.1.0/include/openvdb/util/logging.h,1,0,1
/media/ullmann/HDDGabriel/engines/UnrealEngine/Engine/Source/ThirdParty/MCPP/mcpp-2.7.2/test-c/nest6.h,1,1,2
/media/ullmann/HDDGabriel/engines/UnrealEngine/Engine/Source/ThirdParty/MCPP/mcpp-2.7.2/test-c/nest7.h,1,1,2
/media/ullmann/HDDGabriel/engines/UnrealEngine/Engine/Source/Runtime/D3D12RHI/Private/D3D12State.cpp,0,1,1
/media/ullmann/HDDGabriel/engines/UnrealEngine/Engine/Source/ThirdParty/Android/libunwind/libunwind/src/arm/Lresume.c,0,1,1
/media/ullmann/HDDGabriel/engines/UnrealEngine/Engine/Source/ThirdParty/LibTiff/Source/tiffiop.h,1,2,3
/media/ullmann/HDDGabriel/engines/UnrealEngine/Engine/Source/Runtime/UMG/Public/Components/WidgetSwitcherSlot.h,1,0,1
/media/ullmann/HDDGabriel/engines/UnrealEngine/Engine/Source/ThirdParty/nvTriStrip/nvTriStrip-1.0.0/Src/NvTriStripObjects.h,2,1,3
/media/ullmann/HDDGabriel/engines/UnrealEngine/Engine/Source/ThirdParty/ICU/icu4c-53_1/source/test/intltest/trcoll.h,2,1,3
/media/ullmann/HDDGabriel/engines/UnrealEngine/Engine/Source/ThirdParty/FreeImage/FreeImage-3.18.0/Source/FreeImageToolkit/Rescale.cpp,0,1,1
/media/ullmann/HDDGabriel/engines/UnrealEngine/Engine/Source/Editor/Persona/Private/SkinWeightProfileCustomization.cpp,0,1,1
/media/ullmann/HDDGabriel/engines/UnrealEngine/Engine/Source/ThirdParty/Intel/MetricsDiscovery/MetricsDiscoveryHelper/metrics-discovery/instrumentation/metrics_discovery/common/inc/md_types.h,2,0,2
/media/ullmann/HDDGabriel/engines/UnrealEngine/Engine/Source/ThirdParty/ICU/icu4c-64_1/source/tools/toolutil/unewdata.cpp,0,2,2
/media/ullmann/HDDGabriel/engines/UnrealEngine/Engine/Source/ThirdParty/Steamworks/Steamv151/sdk/public/steam/isteamgameserverstats.h,1,1,2
/media/ullmann/HDDGabriel/engines/UnrealEngine/Engine/Source/Runtime/Slate/Private/Framework/Docking/SDockingArea.h,0,2,2
/media/ullmann/HDDGabriel/engines/UnrealEngine/Engine/Source/Runtime/Slate/Private/Framework/Docking/SDockingSplitter.h,1,1,2
/media/ullmann/HDDGabriel/engines/UnrealEngine/Engine/Source/ThirdParty/libOpus/opus-1.0.3/silk/ana_filt_bank_1.c,0,1,1
/media/ullmann/HDDGabriel/engines/UnrealEngine/Engine/Source/Editor/DerivedDataEditor/Private/DerivedDataInformation.cpp,0,2,2
/media/ullmann/HDDGabriel/engines/UnrealEngine/Engine/Source/ThirdParty/openexr/Deploy/openexr-3.1.1/include/OpenEXR/IexMacros.h,1,2,3
/media/ullmann/HDDGabriel/engines/UnrealEngine/Engine/Source/ThirdParty/Intel/Embree/Embree2140/src/kernels/common/isa.h,3,0,3
/media/ullmann/HDDGabriel/engines/UnrealEngine/Engine/Source/ThirdParty/WebRTC/4147/Include/third_party/libvpx/source/config/linux/arm/vp8_rtcd.h,0,1,1
/media/ullmann/HDDGabriel/engines/UnrealEngine/Engine/Source/ThirdParty/Expat/expat-2.2.10/lib/xmltok_ns.c,1,0,1
/media/ullmann/HDDGabriel/engines/UnrealEngine/Engine/Source/Editor/VirtualTexturingEditor/Private/RuntimeVirtualTextureBuildStreamingMips.cpp,0,1,1
/media/ullmann/HDDGabriel/engines/UnrealEngine/Engine/Source/ThirdParty/ICU/icu4c-64_1/source/test/perf/strsrchperf/strsrchperf.cpp,0,1,1
/media/ullmann/HDDGabriel/engines/UnrealEngine/Engine/Source/ThirdParty/ICU/icu4c-64_1/source/test/perf/strsrchperf/strsrchperf.h,1,0,1
/media/ullmann/HDDGabriel/engines/UnrealEngine/Engine/Source/ThirdParty/FreeImage/FreeImage-3.18.0/Source/OpenEXR/Imath/ImathFun.cpp,0,1,1
/media/ullmann/HDDGabriel/engines/UnrealEngine/Engine/Source/ThirdParty/Intel/Embree/Embree2140/src/kernels/common/scene_user_geometry.h,3,1,4
/media/ullmann/HDDGabriel/engines/UnrealEngine/Engine/Source/ThirdParty/rpclib/Source/include/rpc/msgpack/adaptor/nil.hpp,1,0,1
/media/ullmann/HDDGabriel/engines/UnrealEngine/Engine/Source/Editor/UMGEditor/Private/Animation/UMGDetailKeyframeHandler.h,0,1,1
/media/ullmann/HDDGabriel/engines/UnrealEngine/Engine/Source/Editor/PropertyEditor/Public/IDetailKeyframeHandler.h,1,0,1
/media/ullmann/HDDGabriel/engines/UnrealEngine/Engine/Source/Runtime/Core/Public/Templates/AreTypesEqual.h,3,0,3
/media/ullmann/HDDGabriel/engines/UnrealEngine/Engine/Source/ThirdParty/ShaderConductor/ShaderConductor/External/DirectXShaderCompiler/tools/clang/tools/dxlib-sample/lib_share_compile.cpp,0,1,1
/media/ullmann/HDDGabriel/engines/UnrealEngine/Engine/Source/ThirdParty/libstrophe/libstrophe-0.9.3/src/tls_unreal.c,0,3,3
/media/ullmann/HDDGabriel/engines/UnrealEngine/Engine/Source/ThirdParty/ICU/icu4c-64_1/source/test/intltest/thcoll.cpp,0,2,2
/media/ullmann/HDDGabriel/engines/UnrealEngine/Engine/Source/ThirdParty/ICU/icu4c-64_1/source/test/intltest/thcoll.h,2,1,3
/media/ullmann/HDDGabriel/engines/UnrealEngine/Engine/Source/Editor/UnrealEd/Public/Kismet2/BlueprintEditorUtils.h,2,1,3
/media/ullmann/HDDGabriel/engines/UnrealEngine/Engine/Source/Editor/NaniteTools/Private/NaniteAuditRegistry.h,2,0,2
/media/ullmann/HDDGabriel/engines/UnrealEngine/Engine/Source/ThirdParty/ICU/icu4c-64_1/source/i18n/collationcompare.h,2,1,3
/media/ullmann/HDDGabriel/engines/UnrealEngine/Engine/Source/ThirdParty/ICU/icu4c-64_1/source/i18n/decContext.cpp,0,2,2
/media/ullmann/HDDGabriel/engines/UnrealEngine/Engine/Source/ThirdParty/ICU/icu4c-64_1/source/i18n/decContext.h,2,0,2
/media/ullmann/HDDGabriel/engines/UnrealEngine/Engine/Source/Runtime/Engine/Public/RectLightSceneProxy.h,0,2,2
/media/ullmann/HDDGabriel/engines/UnrealEngine/Engine/Source/Runtime/Engine/Public/LocalLightSceneProxy.h,1,1,2
/media/ullmann/HDDGabriel/engines/UnrealEngine/Engine/Source/Developer/CollisionAnalyzer/Private/SCollisionAnalyzer.cpp,0,4,4
/media/ullmann/HDDGabriel/engines/UnrealEngine/Engine/Source/ThirdParty/ICU/icu4c-64_1/source/test/intltest/numbertest_patternmodifier.cpp,0,1,1
/media/ullmann/HDDGabriel/engines/UnrealEngine/Engine/Source/Runtime/Renderer/Private/Nanite/NaniteMaterials.cpp,0,2,2
/media/ullmann/HDDGabriel/engines/UnrealEngine/Engine/Source/Editor/BlueprintGraph/Classes/K2Node_SwitchName.h,0,1,1
/media/ullmann/HDDGabriel/engines/UnrealEngine/Engine/Source/ThirdParty/ICU/icu4c-64_1/source/test/perf/charperf/charperf.cpp,0,1,1
/media/ullmann/HDDGabriel/engines/UnrealEngine/Engine/Source/ThirdParty/ICU/icu4c-64_1/source/test/perf/charperf/charperf.h,1,0,1
/media/ullmann/HDDGabriel/engines/UnrealEngine/Engine/Source/ThirdParty/ICU/icu4c-53_1/source/test/intltest/nptrans.cpp,0,2,2
/media/ullmann/HDDGabriel/engines/UnrealEngine/Engine/Source/ThirdParty/Kiss_FFT/kiss_fft129/tools/kiss_fftndr.h,1,2,3
/media/ullmann/HDDGabriel/engines/UnrealEngine/Engine/Source/ThirdParty/openexr/openexr-3.1.1/src/lib/OpenEXRCore/internal_preview.h,1,0,1
/media/ullmann/HDDGabriel/engines/UnrealEngine/Engine/Source/ThirdParty/ICU/icu4c-64_1/source/test/perf/unisetperf/draft/trieset.cpp,0,1,1
/media/ullmann/HDDGabriel/engines/UnrealEngine/Engine/Source/ThirdParty/ICU/icu4c-64_1/source/test/perf/unisetperf/draft/unicont.h,2,0,2
/media/ullmann/HDDGabriel/engines/UnrealEngine/Engine/Source/ThirdParty/DirectShow/DirectShow-1.0.0/src/Public/vtrans.h,1,0,1
/media/ullmann/HDDGabriel/engines/UnrealEngine/Engine/Source/ThirdParty/ICU/icu4c-64_1/source/samples/layout/cgnomelayout.c,0,3,3
/media/ullmann/HDDGabriel/engines/UnrealEngine/Engine/Source/Runtime/UMG/Public/Animation/MovieSceneMarginSection.h,1,0,1
/media/ullmann/HDDGabriel/engines/UnrealEngine/Engine/Source/Runtime/ClothingSystemRuntimeInterface/Public/ClothingSimulationFactory.h,0,1,1
/media/ullmann/HDDGabriel/engines/UnrealEngine/Engine/Source/Runtime/ClothingSystemRuntimeInterface/Public/ClothingSimulationInterface.h,1,1,2
/media/ullmann/HDDGabriel/engines/UnrealEngine/Engine/Source/Editor/UMGEditor/Private/WidgetBlueprintThumbnailRenderer.cpp,0,1,1
/media/ullmann/HDDGabriel/engines/UnrealEngine/Engine/Source/Developer/Windows/LiveCodingServer/Private/External/LC_NameMangling.cpp,0,1,1
/media/ullmann/HDDGabriel/engines/UnrealEngine/Engine/Source/ThirdParty/PhysX3/APEX_1.4/module/clothing_legacy/include/autogen/ClothingCookedPhysX3Param_0p1.h,1,0,1
/media/ullmann/HDDGabriel/engines/UnrealEngine/Engine/Source/Editor/SceneOutliner/Public/ActorFolderPickingMode.h,0,1,1
/media/ullmann/HDDGabriel/engines/UnrealEngine/Engine/Source/ThirdParty/WebRTC/4147/Include/third_party/abseil-cpp/absl/time/internal/cctz/src/time_zone_libc.h,0,1,1
/media/ullmann/HDDGabriel/engines/UnrealEngine/Engine/Source/ThirdParty/WebRTC/4147/Include/third_party/abseil-cpp/absl/time/internal/cctz/src/time_zone_if.h,3,0,3
/media/ullmann/HDDGabriel/engines/UnrealEngine/Engine/Source/ThirdParty/PhysX3/PxShared/src/pvd/include/PxPvdDataStream.h,1,2,3
/media/ullmann/HDDGabriel/engines/UnrealEngine/Engine/Source/ThirdParty/ICU/icu4c-53_1/source/layout/LEGlyphStorage.cpp,0,3,3
/media/ullmann/HDDGabriel/engines/UnrealEngine/Engine/Source/ThirdParty/ICU/icu4c-64_1/source/test/intltest/escoll.h,2,1,3
/media/ullmann/HDDGabriel/engines/UnrealEngine/Engine/Source/ThirdParty/mtlpp/mtlpp-master-7efad47/src/debugger.hpp,0,1,1
/media/ullmann/HDDGabriel/engines/UnrealEngine/Engine/Source/ThirdParty/openexr/openexr-3.1.1/src/examples/lowLevelIoExamples.cpp,0,2,2
/media/ullmann/HDDGabriel/engines/UnrealEngine/Engine/Source/ThirdParty/ICU/icu4c-53_1/source/layout/LookupTables.cpp,0,4,4
/media/ullmann/HDDGabriel/engines/UnrealEngine/Engine/Source/Editor/CurveEditor/Public/Tree/SCurveEditorTreePin.h,0,1,1
/media/ullmann/HDDGabriel/engines/UnrealEngine/Engine/Source/Editor/CurveEditor/Public/Tree/CurveEditorTreeTraits.h,3,0,3
/media/ullmann/HDDGabriel/engines/UnrealEngine/Engine/Source/ThirdParty/FBX/2020.2/include/fbxsdk/core/base/fbxarray.h,1,0,1
/media/ullmann/HDDGabriel/engines/UnrealEngine/Engine/Source/ThirdParty/Steamworks/Steamv147/sdk/public/steam/isteamuserstats.h,1,2,3
/media/ullmann/HDDGabriel/engines/UnrealEngine/Engine/Source/ThirdParty/WiX/3.8/sdk/inc/wcawow64.h,0,1,1
/media/ullmann/HDDGabriel/engines/UnrealEngine/Engine/Source/Runtime/Core/Public/Containers/Queue.h,2,0,2
/media/ullmann/HDDGabriel/engines/UnrealEngine/Engine/Source/ThirdParty/PhysX3/PhysX_3.4/Source/GeomUtils/src/GuCapsule.cpp,0,2,2
/media/ullmann/HDDGabriel/engines/UnrealEngine/Engine/Source/Editor/BlueprintGraph/Classes/K2Node_MakeMap.h,0,1,1
/media/ullmann/HDDGabriel/engines/UnrealEngine/Engine/Source/Runtime/Online/BuildPatchServices/Private/Installer/MachineConfig.h,2,0,2
/media/ullmann/HDDGabriel/engines/UnrealEngine/Engine/Source/ThirdParty/FreeType2/FreeType2-2.10.0/src/base/ftutil.c,1,0,1
/media/ullmann/HDDGabriel/engines/UnrealEngine/Engine/Source/Editor/SceneOutliner/Private/SSceneOutliner.cpp,0,1,1
/media/ullmann/HDDGabriel/engines/UnrealEngine/Engine/Source/Editor/SceneOutliner/Private/SceneOutlinerConfig.h,1,0,1
/media/ullmann/HDDGabriel/engines/UnrealEngine/Engine/Source/ThirdParty/ShaderConductor/ShaderConductor/External/DirectXShaderCompiler/lib/Analysis/CFLAliasAnalysis.cpp,0,1,1
/media/ullmann/HDDGabriel/engines/UnrealEngine/Engine/Source/ThirdParty/ShaderConductor/ShaderConductor/External/DirectXShaderCompiler/lib/Analysis/StratifiedSets.h,1,0,1
/media/ullmann/HDDGabriel/engines/UnrealEngine/Engine/Source/ThirdParty/PhysX3/APEX_1.4/shared/general/HACD/public/WuQuantizer.h,0,1,1
/media/ullmann/HDDGabriel/engines/UnrealEngine/Engine/Source/ThirdParty/EOSSDK/SDK/Bin/IOS/EOSSDK.framework/Headers/eos_kws.h,0,1,1
/media/ullmann/HDDGabriel/engines/UnrealEngine/Engine/Source/Editor/PropertyEditor/Private/UserInterface/PropertyEditor/SPropertyEditor.h,1,0,1
/media/ullmann/HDDGabriel/engines/UnrealEngine/Engine/Source/Editor/Persona/Private/AnimGraphNodeDetails.cpp,0,2,2
/media/ullmann/HDDGabriel/engines/UnrealEngine/Engine/Source/Editor/Persona/Private/AnimGraphNodeDetails.h,3,0,3
/media/ullmann/HDDGabriel/engines/UnrealEngine/Engine/Source/Editor/DetailCustomizations/Private/LevelSequenceActorDetails.h,2,0,2
/media/ullmann/HDDGabriel/engines/UnrealEngine/Engine/Source/Editor/Persona/Private/AnimTimeline/SAnimTrackArea.h,3,0,3
/media/ullmann/HDDGabriel/engines/UnrealEngine/Engine/Source/ThirdParty/ShaderConductor/ShaderConductor/External/DirectXShaderCompiler/tools/clang/lib/Headers/shaintrin.h,1,0,1
/media/ullmann/HDDGabriel/engines/UnrealEngine/Engine/Source/Runtime/LiveLinkAnimationCore/Public/AnimNode_LiveLinkPose.h,1,1,2
/media/ullmann/HDDGabriel/engines/UnrealEngine/Engine/Source/Runtime/LiveLinkAnimationCore/Public/LiveLinkRetargetAsset.h,2,0,2
/media/ullmann/HDDGabriel/engines/UnrealEngine/Engine/Source/ThirdParty/Alembic/alembic-1.8.2/python/PyAlembic/PyVisibility.cpp,0,1,1
/media/ullmann/HDDGabriel/engines/UnrealEngine/Engine/Source/ThirdParty/ShaderConductor/ShaderConductor/External/DirectXShaderCompiler/tools/clang/tools/dxcompiler/dxillib.cpp,0,1,1
/media/ullmann/HDDGabriel/engines/UnrealEngine/Engine/Source/ThirdParty/Android/libunwind/libunwind/src/x86/Gget_proc_info.c,1,1,2
/media/ullmann/HDDGabriel/engines/UnrealEngine/Engine/Source/ThirdParty/ICU/icu4c-64_1/source/i18n/uregion.cpp,0,2,2
/media/ullmann/HDDGabriel/engines/UnrealEngine/Engine/Source/ThirdParty/ICU/icu4c-64_1/source/i18n/unicode/uregion.h,1,0,1
/media/ullmann/HDDGabriel/engines/UnrealEngine/Engine/Source/ThirdParty/EOSSDK/SDK/Include/eos_lobby.h,0,1,1
/media/ullmann/HDDGabriel/engines/UnrealEngine/Engine/Source/ThirdParty/MCPP/mcpp-2.7.2/test-t/nest3.h,1,1,2
/media/ullmann/HDDGabriel/engines/UnrealEngine/Engine/Source/ThirdParty/MCPP/mcpp-2.7.2/test-t/nest4.h,1,1,2
/media/ullmann/HDDGabriel/engines/UnrealEngine/Engine/Source/Editor/BlueprintGraph/Classes/K2Node_DelegateSet.h,0,1,1
/media/ullmann/HDDGabriel/engines/UnrealEngine/Engine/Source/ThirdParty/PhysX3/APEX_1.4/module/destructible/include/autogen/SurfaceTraceParameters.h,1,0,1
/media/ullmann/HDDGabriel/engines/UnrealEngine/Engine/Source/ThirdParty/Oculus/OVRPlugin/OVRPlugin/Include/OVR_Plugin_Deprecated.h,0,2,2
/media/ullmann/HDDGabriel/engines/UnrealEngine/Engine/Source/ThirdParty/Oculus/OVRPlugin/OVRPlugin/Include/OVR_Plugin_Types_Deprecated.h,1,1,2
/media/ullmann/HDDGabriel/engines/UnrealEngine/Engine/Source/ThirdParty/FreeType2/FreeType2-2.10.4/src/autofit/afranges.c,1,1,2
/media/ullmann/HDDGabriel/engines/UnrealEngine/Engine/Source/ThirdParty/FreeType2/FreeType2-2.10.4/src/autofit/afranges.h,2,2,4
/media/ullmann/HDDGabriel/engines/UnrealEngine/Engine/Source/Runtime/Engine/Public/MaterialCompiler.h,0,1,1
/media/ullmann/HDDGabriel/engines/UnrealEngine/Engine/Source/ThirdParty/PhysX3/PhysX_3.4/Source/LowLevelCloth/src/windows/CuDeviceVector.h,3,1,4
/media/ullmann/HDDGabriel/engines/UnrealEngine/Engine/Source/ThirdParty/HarfBuzz/harfbuzz-1.2.4/src/hb-ot-glyf-table.hh,1,0,1
/media/ullmann/HDDGabriel/engines/UnrealEngine/Engine/Source/Developer/TraceServices/Private/Analyzers/MiscTraceAnalysis.cpp,0,1,1
/media/ullmann/HDDGabriel/engines/UnrealEngine/Engine/Source/ThirdParty/Boost/boost-1_70_0/include/boost/outcome/basic_result.hpp,3,5,8
/media/ullmann/HDDGabriel/engines/UnrealEngine/Engine/Source/ThirdParty/nvTextureTools/nvTextureTools-2.0.6/src/src/nvcore/poshlib/posh.c,0,1,1
/media/ullmann/HDDGabriel/engines/UnrealEngine/Engine/Source/Runtime/PhysicsCore/Private/SceneQueryPhysXImp.h,1,0,1
/media/ullmann/HDDGabriel/engines/UnrealEngine/Engine/Source/ThirdParty/FreeImage/FreeImage-3.18.0/Source/OpenEXR/IlmImf/ImfCompression.h,3,1,4
/media/ullmann/HDDGabriel/engines/UnrealEngine/Engine/Source/ThirdParty/Vorbis/libvorbis-1.3.2/lib/bitrate.h,2,2,4
/media/ullmann/HDDGabriel/engines/UnrealEngine/Engine/Source/Runtime/Slate/Public/Widgets/Views/ITableRow.h,1,0,1
/media/ullmann/HDDGabriel/engines/UnrealEngine/Engine/Source/ThirdParty/ICU/icu4c-64_1/source/i18n/dtitv_impl.h,2,0,2
/media/ullmann/HDDGabriel/engines/UnrealEngine/Engine/Source/Runtime/SignalProcessing/Private/SignalProcessingModule.cpp,0,2,2
/media/ullmann/HDDGabriel/engines/UnrealEngine/Engine/Source/Developer/Windows/LiveCodingServer/Private/External/LC_SymbolInfo.h,2,0,2
/media/ullmann/HDDGabriel/engines/UnrealEngine/Engine/Source/ThirdParty/ICU/icu4c-64_1/source/io/ustream.cpp,0,1,1
/media/ullmann/HDDGabriel/engines/UnrealEngine/Engine/Source/ThirdParty/ICU/icu4c-64_1/source/io/unicode/ustream.h,1,0,1
/media/ullmann/HDDGabriel/engines/UnrealEngine/Engine/Source/ThirdParty/OpenSubdiv/OpenSubdiv-3.4.4/examples/glShareTopology/meshRefiner.h,1,0,1
/media/ullmann/HDDGabriel/engines/UnrealEngine/Engine/Source/ThirdParty/PhysX3/PhysX_3.4/Source/GeomUtils/src/GuGeometryUnion.cpp,0,1,1
/media/ullmann/HDDGabriel/engines/UnrealEngine/Engine/Source/Editor/AudioEditor/Private/SoundCueGraphNodeFactory.h,1,2,3
/media/ullmann/HDDGabriel/engines/UnrealEngine/Engine/Source/ThirdParty/libPNG/libPNG-1.6.37/contrib/libtests/pngvalid.c,0,2,2
/media/ullmann/HDDGabriel/engines/UnrealEngine/Engine/Source/ThirdParty/libOpus/opus-1.3.1-12/celt/static_modes_fixed_arm_ne10.h,1,0,1
/media/ullmann/HDDGabriel/engines/UnrealEngine/Engine/Source/Editor/MaterialEditor/Private/MaterialStatsGrid.cpp,0,2,2
/media/ullmann/HDDGabriel/engines/UnrealEngine/Engine/Source/ThirdParty/Intel/TBB/IntelTBB-2019u8/examples/parallel_for/seismic/universe.cpp,0,2,2
/media/ullmann/HDDGabriel/engines/UnrealEngine/Engine/Source/ThirdParty/ICU/icu4c-53_1/source/common/unicode/unifilt.h,1,0,1
/media/ullmann/HDDGabriel/engines/UnrealEngine/Engine/Source/ThirdParty/MCPP/mcpp-2.7.2/cpp-test/test-l/nest48.h,1,1,2
/media/ullmann/HDDGabriel/engines/UnrealEngine/Engine/Source/Runtime/Datasmith/CADKernel/Private/CADKernel/Core/Group.cpp,0,1,1
/media/ullmann/HDDGabriel/engines/UnrealEngine/Engine/Source/Runtime/Datasmith/CADKernel/Private/CADKernel/Core/Group.h,1,0,1
/media/ullmann/HDDGabriel/engines/UnrealEngine/Engine/Source/ThirdParty/Intel/Embree/Embree2140/include/embree2/rtcore_geometry_user.h,1,0,1
/media/ullmann/HDDGabriel/engines/UnrealEngine/Engine/Source/ThirdParty/ICU/icu4c-53_1/source/i18n/plurfmt.cpp,0,4,4
/media/ullmann/HDDGabriel/engines/UnrealEngine/Engine/Source/ThirdParty/OpenSubdiv/Deploy/OpenSubdiv-3.4.4/include/opensubdiv/osd/cpuEvaluator.h,0,3,3
/media/ullmann/HDDGabriel/engines/UnrealEngine/Engine/Source/ThirdParty/FreeType2/FreeType2-2.10.4/src/psnames/psmodule.h,1,0,1
/media/ullmann/HDDGabriel/engines/UnrealEngine/Engine/Source/ThirdParty/EOSSDK/SDK/Include/eos_kws.h,0,1,1
/media/ullmann/HDDGabriel/engines/UnrealEngine/Engine/Source/ThirdParty/SDL2/SDL-gui-backend/src/audio/sun/SDL_sunaudio.c,0,5,5
/media/ullmann/HDDGabriel/engines/UnrealEngine/Engine/Source/ThirdParty/PhysX3/APEX_1.4/module/clothing/embedded/LowLevelCloth/src/neon/SimdTypes.h,1,0,1
/media/ullmann/HDDGabriel/engines/UnrealEngine/Engine/Source/ThirdParty/SDL2/SDL-gui-backend/src/joystick/SDL_gamecontrollerdb.h,1,1,2
/media/ullmann/HDDGabriel/engines/UnrealEngine/Engine/Source/ThirdParty/openexr/Deploy/openexr-3.1.1/include/OpenEXR/ImfDeepCompositing.h,0,1,1
/media/ullmann/HDDGabriel/engines/UnrealEngine/Engine/Source/Runtime/Renderer/Private/RayTracing/RayTracingShadows.cpp,0,1,1
/media/ullmann/HDDGabriel/engines/UnrealEngine/Engine/Source/ThirdParty/ICU/icu4c-64_1/source/i18n/zrule.cpp,0,2,2
/media/ullmann/HDDGabriel/engines/UnrealEngine/Engine/Source/Programs/UnrealLightmass/Private/Lighting/StaticMesh.cpp,0,1,1
/media/ullmann/HDDGabriel/engines/UnrealEngine/Engine/Source/Programs/UnrealLightmass/Private/Lighting/StaticMesh.h,3,2,5
/media/ullmann/HDDGabriel/engines/UnrealEngine/Engine/Source/ThirdParty/Breakpad/src/google_breakpad/common/minidump_cpu_amd64.h,1,0,1
/media/ullmann/HDDGabriel/engines/UnrealEngine/Engine/Source/ThirdParty/Intel/Embree/Embree270/src/common/sys/sysinfo.cpp,0,3,3
/media/ullmann/HDDGabriel/engines/UnrealEngine/Engine/Source/Runtime/ClothingSystemRuntimeNv/Private/ClothConfigNv.cpp,0,1,1
/media/ullmann/HDDGabriel/engines/UnrealEngine/Engine/Source/Runtime/ClothingSystemRuntimeNv/Private/ClothConfigNvCustomVersion.h,2,0,2
/media/ullmann/HDDGabriel/engines/UnrealEngine/Engine/Source/Developer/LocalizationService/Private/DefaultLocalizationServiceProvider.cpp,0,1,1
/media/ullmann/HDDGabriel/engines/UnrealEngine/Engine/Source/Developer/LocalizationService/Private/DefaultLocalizationServiceProvider.h,2,0,2
/media/ullmann/HDDGabriel/engines/UnrealEngine/Engine/Source/ThirdParty/libOpus/opus-1.1/silk/CNG.c,0,1,1
/media/ullmann/HDDGabriel/engines/UnrealEngine/Engine/Source/ThirdParty/MCPP/mcpp-2.7.2/test-l/nest120.h,1,1,2
/media/ullmann/HDDGabriel/engines/UnrealEngine/Engine/Source/ThirdParty/WindowsMixedRealityInterop/MixedRealityInterop/SpatialAnchorHelper.cpp,0,2,2
/media/ullmann/HDDGabriel/engines/UnrealEngine/Engine/Source/Runtime/Renderer/Private/ShadowSetupMobile.cpp,0,4,4
/media/ullmann/HDDGabriel/engines/UnrealEngine/Engine/Source/ThirdParty/ICU/icu4c-64_1/source/common/unicode/usetiter.h,3,0,3
/media/ullmann/HDDGabriel/engines/UnrealEngine/Engine/Source/Editor/DetailCustomizations/Private/ReflectionCaptureDetails.cpp,0,1,1
/media/ullmann/HDDGabriel/engines/UnrealEngine/Engine/Source/Editor/DetailCustomizations/Private/ReflectionCaptureDetails.h,2,0,2
/media/ullmann/HDDGabriel/engines/UnrealEngine/Engine/Source/ThirdParty/ICU/icu4c-53_1/source/test/intltest/tchcfmt.cpp,0,2,2
/media/ullmann/HDDGabriel/engines/UnrealEngine/Engine/Source/ThirdParty/SDL2/SDL-gui-backend/src/joystick/darwin/SDL_iokitjoystick_c.h,2,1,3
/media/ullmann/HDDGabriel/engines/UnrealEngine/Engine/Source/Editor/Cascade/Private/CascadePreviewViewportClient.cpp,0,3,3
/media/ullmann/HDDGabriel/engines/UnrealEngine/Engine/Source/Developer/AssetTools/Private/AssetTypeActions/AssetTypeActions_BlendSpace.h,1,0,1
/media/ullmann/HDDGabriel/engines/UnrealEngine/Engine/Source/ThirdParty/OpenVDB/Deploy/openvdb-8.1.0/include/openvdb/tools/Mask.h,1,1,2
/media/ullmann/HDDGabriel/engines/UnrealEngine/Engine/Source/Runtime/Renderer/Private/RendererPrivateUtils.h,1,0,1
/media/ullmann/HDDGabriel/engines/UnrealEngine/Engine/Source/ThirdParty/mimalloc/src/alloc-posix.c,1,0,1
/media/ullmann/HDDGabriel/engines/UnrealEngine/Engine/Source/ThirdParty/Imath/Imath-3.1.3/src/ImathTest/testInterop.cpp,0,1,1
/media/ullmann/HDDGabriel/engines/UnrealEngine/Engine/Source/ThirdParty/Imath/Imath-3.1.3/src/ImathTest/testVec.h,3,0,3
/media/ullmann/HDDGabriel/engines/UnrealEngine/Engine/Source/Runtime/AssetRegistry/Private/PackageDependencyData.cpp,0,1,1
/media/ullmann/HDDGabriel/engines/UnrealEngine/Engine/Source/ThirdParty/HarfBuzz/harfbuzz-2.4.0/src/hb-ot-layout-gdef-table.hh,3,0,3
/media/ullmann/HDDGabriel/engines/UnrealEngine/Engine/Source/Runtime/Launch/Private/IOS/LaunchIOS.cpp,0,2,2
/media/ullmann/HDDGabriel/engines/UnrealEngine/Engine/Source/ThirdParty/SDL2/SDL-gui-backend/src/video/x11/SDL_x11modes.h,1,1,2
/media/ullmann/HDDGabriel/engines/UnrealEngine/Engine/Source/Developer/LauncherServices/Public/ILauncherTask.h,1,0,1
/media/ullmann/HDDGabriel/engines/UnrealEngine/Engine/Source/ThirdParty/ICU/icu4c-53_1/source/test/intltest/dtptngts.cpp,0,2,2
/media/ullmann/HDDGabriel/engines/UnrealEngine/Engine/Source/ThirdParty/OpenSubdiv/OpenSubdiv-3.4.4/regression/shapes/loop_triangle_edgecorner.h,2,0,2
/media/ullmann/HDDGabriel/engines/UnrealEngine/Engine/Source/Programs/Windows/BootstrapPackagedGame/Private/BootstrapPackagedGame.cpp,0,1,1
/media/ullmann/HDDGabriel/engines/UnrealEngine/Engine/Source/Programs/Windows/BootstrapPackagedGame/Private/BootstrapPackagedGame.h,1,0,1
/media/ullmann/HDDGabriel/engines/UnrealEngine/Engine/Source/Editor/VREditor/VREditorCameraWidgetComponent.cpp,0,1,1
/media/ullmann/HDDGabriel/engines/UnrealEngine/Engine/Source/ThirdParty/OpenSubdiv/OpenSubdiv-3.4.4/opensubdiv/far/ptexIndices.cpp,0,3,3
/media/ullmann/HDDGabriel/engines/UnrealEngine/Engine/Source/Editor/DetailCustomizations/Private/CurveVectorCustomization.cpp,0,1,1
/media/ullmann/HDDGabriel/engines/UnrealEngine/Engine/Source/Editor/DetailCustomizations/Private/CurveVectorCustomization.h,2,0,2
/media/ullmann/HDDGabriel/engines/UnrealEngine/Engine/Source/Developer/TraceServices/Private/Analyzers/MemoryAnalysis.cpp,0,1,1
/media/ullmann/HDDGabriel/engines/UnrealEngine/Engine/Source/Developer/TraceServices/Private/Analyzers/MemoryAnalysis.h,1,0,1
/media/ullmann/HDDGabriel/engines/UnrealEngine/Engine/Source/ThirdParty/PhysX3/PhysX_3.4/Source/GeomUtils/src/common/GuBarycentricCoordinates.cpp,0,1,1
/media/ullmann/HDDGabriel/engines/UnrealEngine/Engine/Source/ThirdParty/PhysX3/PhysX_3.4/Source/GeomUtils/src/common/GuBarycentricCoordinates.h,1,0,1
/media/ullmann/HDDGabriel/engines/UnrealEngine/Engine/Source/ThirdParty/SDL2/SDL-gui-backend/src/haptic/darwin/SDL_syshaptic.c,0,5,5
/media/ullmann/HDDGabriel/engines/UnrealEngine/Engine/Source/ThirdParty/ShaderConductor/ShaderConductor/External/DirectXShaderCompiler/lib/CodeGen/SelectionDAG/LegalizeIntegerTypes.cpp,0,1,1
/media/ullmann/HDDGabriel/engines/UnrealEngine/Engine/Source/Editor/PropertyEditor/Private/EditConditionContext.h,4,0,4
/media/ullmann/HDDGabriel/engines/UnrealEngine/Engine/Source/ThirdParty/Intel/Embree/Embree270/src/kernels/common/isa.h,1,0,1
/media/ullmann/HDDGabriel/engines/UnrealEngine/Engine/Source/ThirdParty/PhysX3/APEX_1.4/module/destructible_legacy/include/autogen/DestructibleActorParam_0p19.h,1,0,1
/media/ullmann/HDDGabriel/engines/UnrealEngine/Engine/Source/Runtime/Networking/Public/Common/TcpSocketBuilder.h,1,0,1
/media/ullmann/HDDGabriel/engines/UnrealEngine/Engine/Source/ThirdParty/ICU/icu4c-64_1/source/test/intltest/rbbimonkeytest.cpp,0,1,1
/media/ullmann/HDDGabriel/engines/UnrealEngine/Engine/Source/Runtime/SessionServices/Private/SessionManager.cpp,0,2,2
/media/ullmann/HDDGabriel/engines/UnrealEngine/Engine/Source/Runtime/SessionServices/Private/SessionInfo.h,2,0,2
/media/ullmann/HDDGabriel/engines/UnrealEngine/Engine/Source/Editor/DeviceProfileServices/Private/DeviceProfileServicesUIManager.cpp,0,1,1
/media/ullmann/HDDGabriel/engines/UnrealEngine/Engine/Source/Editor/DeviceProfileServices/Private/DeviceProfileServicesUIManager.h,2,0,2
/media/ullmann/HDDGabriel/engines/UnrealEngine/Engine/Source/ThirdParty/FreeType2/FreeType2-2.6/Include/ftstroke.h,0,1,1
/media/ullmann/HDDGabriel/engines/UnrealEngine/Engine/Source/ThirdParty/FreeType2/FreeType2-2.10.0/src/cff/cffgload.c,1,3,4
/media/ullmann/HDDGabriel/engines/UnrealEngine/Engine/Source/Editor/LevelAssetEditor/Private/LevelEditorViewportInterface.cpp,0,1,1
/media/ullmann/HDDGabriel/engines/UnrealEngine/Engine/Source/ThirdParty/FreeImage/FreeImage-3.18.0/Source/LibOpenJPEG/cidx_manager.c,0,1,1
/media/ullmann/HDDGabriel/engines/UnrealEngine/Engine/Source/ThirdParty/Perforce/p4api-2018.1/Include/Win32/VS2015/p4/strdict.h,1,0,1
/media/ullmann/HDDGabriel/engines/UnrealEngine/Engine/Source/ThirdParty/PhysX3/PxShared/src/pvd/src/PxPvdBits.h,3,0,3
/media/ullmann/HDDGabriel/engines/UnrealEngine/Engine/Source/Runtime/Analytics/AnalyticsET/Private/AnalyticsPerfTracker.cpp,0,1,1
/media/ullmann/HDDGabriel/engines/UnrealEngine/Engine/Source/ThirdParty/glslang/glslang/src/glslang_lib/glslang/MachineIndependent/InfoSink.cpp,0,1,1
/media/ullmann/HDDGabriel/engines/UnrealEngine/Engine/Source/ThirdParty/libOpus/opus-1.1/silk/sort.c,0,1,1
/media/ullmann/HDDGabriel/engines/UnrealEngine/Engine/Source/ThirdParty/FreeType2/FreeType2-2.10.0/src/gzip/adler32.c,1,1,2
/media/ullmann/HDDGabriel/engines/UnrealEngine/Engine/Source/ThirdParty/Python3/Mac/include/intrcheck.h,1,0,1
/media/ullmann/HDDGabriel/engines/UnrealEngine/Engine/Source/ThirdParty/ICU/icu4c-64_1/source/common/unicode/errorcode.h,1,0,1
/media/ullmann/HDDGabriel/engines/UnrealEngine/Engine/Source/Runtime/Experimental/Interchange/Core/Public/InterchangeFactoryBase.h,0,1,1
/media/ullmann/HDDGabriel/engines/UnrealEngine/Engine/Source/ThirdParty/SDL2/SDL-gui-backend/src/video/riscos/SDL_riscosmodes.h,2,1,3
/media/ullmann/HDDGabriel/engines/UnrealEngine/Engine/Source/Developer/Windows/LiveCodingServer/Private/External/LC_AllocatorStats.h,3,0,3
/media/ullmann/HDDGabriel/engines/UnrealEngine/Engine/Source/ThirdParty/ICU/icu4c-64_1/source/i18n/region.cpp,0,4,4
/media/ullmann/HDDGabriel/engines/UnrealEngine/Engine/Source/ThirdParty/ICU/icu4c-64_1/source/i18n/region_impl.h,1,0,1
/media/ullmann/HDDGabriel/engines/UnrealEngine/Engine/Source/ThirdParty/OpenSubdiv/OpenSubdiv-3.4.4/examples/common/d3d11PtexMipmapTexture.cpp,0,2,2
/media/ullmann/HDDGabriel/engines/UnrealEngine/Engine/Source/Developer/Virtualization/Private/PackageSubmissionChecks.cpp,0,1,1
/media/ullmann/HDDGabriel/engines/UnrealEngine/Engine/Source/ThirdParty/FakeIt/2.0.2/include/mockutils/MethodProxyCreator.hpp,1,1,2
/media/ullmann/HDDGabriel/engines/UnrealEngine/Engine/Source/ThirdParty/FakeIt/2.0.2/include/mockutils/Destructible.hpp,1,0,1
/media/ullmann/HDDGabriel/engines/UnrealEngine/Engine/Source/ThirdParty/MCPP/mcpp-2.7.2/test-l/nest13.h,1,1,2
/media/ullmann/HDDGabriel/engines/UnrealEngine/Engine/Source/ThirdParty/ShaderConductor/ShaderConductor/External/DirectXShaderCompiler/tools/clang/lib/ARCMigrate/TransEmptyStatementsAndDealloc.cpp,0,2,2
/media/ullmann/HDDGabriel/engines/UnrealEngine/Engine/Source/ThirdParty/GoogleGameSDK/gamesdk/src/swappy/common/SwappyCommon.cpp,0,3,3
/media/ullmann/HDDGabriel/engines/UnrealEngine/Engine/Source/ThirdParty/PhysX3/PhysX_3.4/Source/Common/src/CmTask.h,0,1,1
/media/ullmann/HDDGabriel/engines/UnrealEngine/Engine/Source/ThirdParty/FreeImage/FreeImage-3.18.0/Source/OpenEXR/IlmImf/ImfStandardAttributes.cpp,0,2,2
/media/ullmann/HDDGabriel/engines/UnrealEngine/Engine/Source/ThirdParty/libOpus/opus-1.3.1-12/silk/biquad_alt.c,0,1,1
/media/ullmann/HDDGabriel/engines/UnrealEngine/Engine/Source/ThirdParty/Imath/Imath-3.1.3/src/Imath/ImathInt64.h,0,1,1
/media/ullmann/HDDGabriel/engines/UnrealEngine/Engine/Source/ThirdParty/ShaderConductor/ShaderConductor/External/DirectXShaderCompiler/tools/clang/unittests/ASTMatchers/Dynamic/VariantValueTest.cpp,0,1,1
/media/ullmann/HDDGabriel/engines/UnrealEngine/Engine/Source/ThirdParty/OpenSubdiv/OpenSubdiv-3.4.4/opensubdiv/sdc/typeTraits.cpp,0,4,4
/media/ullmann/HDDGabriel/engines/UnrealEngine/Engine/Source/ThirdParty/Imath/Imath-3.1.3/src/ImathTest/testQuatSetRotation.cpp,0,1,1
/media/ullmann/HDDGabriel/engines/UnrealEngine/Engine/Source/ThirdParty/FreeType2/FreeType2-2.10.4/src/smooth/ftgrays.h,2,0,2
/media/ullmann/HDDGabriel/engines/UnrealEngine/Engine/Source/ThirdParty/Android/libunwind/libunwind/src/ppc64/Lstep.c,0,1,1
/media/ullmann/HDDGabriel/engines/UnrealEngine/Engine/Source/Developer/CollectionManager/Private/CollectionManagerModule.cpp,0,2,2
/media/ullmann/HDDGabriel/engines/UnrealEngine/Engine/Source/Developer/Android/AndroidTargetPlatform/Private/AndroidTargetPlatform.cpp,0,1,1
/media/ullmann/HDDGabriel/engines/UnrealEngine/Engine/Source/ThirdParty/ICU/icu4c-64_1/source/test/intltest/v32test.h,2,1,3
/media/ullmann/HDDGabriel/engines/UnrealEngine/Engine/Source/Editor/ContentBrowser/Public/ContentBrowserMenuContexts.h,0,1,1
/media/ullmann/HDDGabriel/engines/UnrealEngine/Engine/Source/Runtime/MovieScene/Private/Tests/MovieSceneSegmentCompilerTests.cpp,0,1,1
/media/ullmann/HDDGabriel/engines/UnrealEngine/Engine/Source/ThirdParty/ShaderConductor/ShaderConductor/External/DirectXShaderCompiler/include/llvm/DebugInfo/PDB/DIA/DIARawSymbol.h,0,1,1
/media/ullmann/HDDGabriel/engines/UnrealEngine/Engine/Source/ThirdParty/FreeType2/FreeType2-2.6/Src/cache/ftcimage.h,3,1,4
/media/ullmann/HDDGabriel/engines/UnrealEngine/Engine/Source/Editor/HierarchicalLODOutliner/Private/HierarchicalLODOutlinerModule.cpp,0,1,1
/media/ullmann/HDDGabriel/engines/UnrealEngine/Engine/Source/ThirdParty/Python3/Linux/include/python3.9/cpython/objimpl.h,1,0,1
/media/ullmann/HDDGabriel/engines/UnrealEngine/Engine/Source/Runtime/D3D12RHI/Private/D3D12PoolAllocator.cpp,0,2,2
/media/ullmann/HDDGabriel/engines/UnrealEngine/Engine/Source/Developer/AssetTools/Private/AssetTypeActions/AssetTypeActions_ActorFolder.h,1,0,1
/media/ullmann/HDDGabriel/engines/UnrealEngine/Engine/Source/ThirdParty/openexr/openexr-3.1.1/src/lib/OpenEXR/b44ExpLogTable.h,1,0,1
/media/ullmann/HDDGabriel/engines/UnrealEngine/Engine/Source/Editor/DetailCustomizations/Private/TimecodeDetailsCustomization.cpp,0,1,1
/media/ullmann/HDDGabriel/engines/UnrealEngine/Engine/Source/ThirdParty/MCPP/mcpp-2.7.2/test-t/nest5.h,1,1,2
/media/ullmann/HDDGabriel/engines/UnrealEngine/Engine/Source/ThirdParty/MCPP/mcpp-2.7.2/test-t/nest6.h,1,1,2
/media/ullmann/HDDGabriel/engines/UnrealEngine/Engine/Source/ThirdParty/PhysX3/NvCloth/src/dx/DxClothClone.cpp,0,3,3
/media/ullmann/HDDGabriel/engines/UnrealEngine/Engine/Source/ThirdParty/ShaderConductor/ShaderConductor/External/DirectXShaderCompiler/lib/Transforms/ObjCARC/DependencyAnalysis.cpp,0,3,3
/media/ullmann/HDDGabriel/engines/UnrealEngine/Engine/Source/Runtime/MeshUtilitiesCommon/Public/OverlappingCorners.h,0,1,1
/media/ullmann/HDDGabriel/engines/UnrealEngine/Engine/Source/Runtime/MeshUtilitiesCommon/Public/LayoutUV.h,1,2,3
/media/ullmann/HDDGabriel/engines/UnrealEngine/Engine/Source/ThirdParty/WebRTC/4147/Include/third_party/opus/src/silk/arm/macros_armv5e.h,1,0,1
/media/ullmann/HDDGabriel/engines/UnrealEngine/Engine/Source/Developer/Profiler/Private/ProfilerFPSAnalyzer.cpp,0,1,1
/media/ullmann/HDDGabriel/engines/UnrealEngine/Engine/Source/Runtime/NullDrv/Public/NullDrv.h,0,1,1
/media/ullmann/HDDGabriel/engines/UnrealEngine/Engine/Source/Runtime/NullDrv/Public/NullRHI.h,1,0,1
/media/ullmann/HDDGabriel/engines/UnrealEngine/Engine/Source/ThirdParty/OpenSubdiv/OpenSubdiv-3.4.4/examples/common/cudaDeviceContext.cpp,0,1,1
/media/ullmann/HDDGabriel/engines/UnrealEngine/Engine/Source/ThirdParty/OpenSubdiv/OpenSubdiv-3.4.4/examples/common/cudaDeviceContext.h,1,0,1
/media/ullmann/HDDGabriel/engines/UnrealEngine/Engine/Source/ThirdParty/PhysX3/APEX_1.4/module/destructible/include/DestructibleActorJointImpl.h,1,0,1
/media/ullmann/HDDGabriel/engines/UnrealEngine/Engine/Source/Developer/LocalizationService/Private/LocalizationServiceSettings.cpp,0,1,1
/media/ullmann/HDDGabriel/engines/UnrealEngine/Engine/Source/Developer/LocalizationService/Private/LocalizationServiceSettings.h,2,0,2
/media/ullmann/HDDGabriel/engines/UnrealEngine/Engine/Source/ThirdParty/ShaderConductor/ShaderConductor/External/DirectXShaderCompiler/tools/clang/lib/Analysis/BodyFarm.cpp,0,1,1
/media/ullmann/HDDGabriel/engines/UnrealEngine/Engine/Source/Editor/AnimationBlueprintEditor/Private/AnimationNodes/SGraphNodeStateMachineInstance.h,1,0,1
/media/ullmann/HDDGabriel/engines/UnrealEngine/Engine/Source/ThirdParty/glslang/glslang/src/glslang_lib/glslang/MachineIndependent/preprocessor/PpContext.cpp,0,1,1
/media/ullmann/HDDGabriel/engines/UnrealEngine/Engine/Source/ThirdParty/ShaderConductor/ShaderConductor/External/DirectXShaderCompiler/tools/clang/lib/StaticAnalyzer/Checkers/DereferenceChecker.cpp,0,1,1
/media/ullmann/HDDGabriel/engines/UnrealEngine/Engine/Source/ThirdParty/PhysX3/PhysX_3.4/Source/LowLevelParticles/src/PtDynamicsParameters.h,2,0,2
/media/ullmann/HDDGabriel/engines/UnrealEngine/Engine/Source/Runtime/Engine/Private/Streaming/Texture2DStreamIn_DDC_AsyncCreate.h,1,1,2
/media/ullmann/HDDGabriel/engines/UnrealEngine/Engine/Source/ThirdParty/WebRTC/4147/Include/base/third_party/symbolize/utilities.h,1,0,1
/media/ullmann/HDDGabriel/engines/UnrealEngine/Engine/Source/Runtime/Online/WebSockets/Private/Lws/LwsWebSocket.cpp,0,2,2
/media/ullmann/HDDGabriel/engines/UnrealEngine/Engine/Source/Developer/Windows/LiveCoding/Private/External/LC_Thread.cpp,0,3,3
/media/ullmann/HDDGabriel/engines/UnrealEngine/Engine/Source/Runtime/InstallBundleManager/Public/InstallBundleManagerModule.h,0,1,1
/media/ullmann/HDDGabriel/engines/UnrealEngine/Engine/Source/Runtime/Online/Stomp/Private/StompMessage.cpp,0,2,2
/media/ullmann/HDDGabriel/engines/UnrealEngine/Engine/Source/Runtime/Online/Stomp/Private/StompClient.h,3,0,3
/media/ullmann/HDDGabriel/engines/UnrealEngine/Engine/Source/ThirdParty/OpenVDB/openvdb-8.1.0/openvdb_ax/openvdb_ax/test/backend/TestTypes.cc,0,1,1
/media/ullmann/HDDGabriel/engines/UnrealEngine/Engine/Source/Runtime/NetworkFile/Private/ITransport.h,1,0,1
/media/ullmann/HDDGabriel/engines/UnrealEngine/Engine/Source/ThirdParty/ICU/icu4c-53_1/source/tools/toolutil/xmlparser.cpp,0,2,2
/media/ullmann/HDDGabriel/engines/UnrealEngine/Engine/Source/ThirdParty/ICU/icu4c-53_1/source/tools/toolutil/xmlparser.h,1,0,1
/media/ullmann/HDDGabriel/engines/UnrealEngine/Engine/Source/ThirdParty/Vorbis/libvorbis-1.3.2/lib/codebook.c,0,4,4
/media/ullmann/HDDGabriel/engines/UnrealEngine/Engine/Source/Programs/ChaosVisualDebugger/Private/ChaosVisualDebuggerSlateStyle.cpp,0,1,1
/media/ullmann/HDDGabriel/engines/UnrealEngine/Engine/Source/Programs/ChaosVisualDebugger/Private/ChaosVisualDebuggerSlateStyle.h,2,0,2
/media/ullmann/HDDGabriel/engines/UnrealEngine/Engine/Source/ThirdParty/Android/libunwind/libunwind/src/ia64/unwind_decoder.h,1,0,1
/media/ullmann/HDDGabriel/engines/UnrealEngine/Engine/Source/ThirdParty/Python3/Win64/include/memoryobject.h,1,0,1
/media/ullmann/HDDGabriel/engines/UnrealEngine/Engine/Source/ThirdParty/PhysX3/PhysX_3.4/Include/PxSceneLock.h,1,2,3
/media/ullmann/HDDGabriel/engines/UnrealEngine/Engine/Source/ThirdParty/FreeType2/FreeType2-2.10.4/src/gzip/zlib.h,3,1,4
/media/ullmann/HDDGabriel/engines/UnrealEngine/Engine/Source/ThirdParty/FreeType2/FreeType2-2.10.4/src/gzip/ftzconf.h,1,0,1
/media/ullmann/HDDGabriel/engines/UnrealEngine/Engine/Source/Editor/MovieSceneTools/Private/TrackEditors/CameraShakeSourceShakeTrackEditor.cpp,0,1,1
/media/ullmann/HDDGabriel/engines/UnrealEngine/Engine/Source/ThirdParty/ShaderConductor/ShaderConductor/External/DirectXShaderCompiler/include/llvm/DebugInfo/PDB/PDBSymbolCompilandDetails.h,0,2,2
/media/ullmann/HDDGabriel/engines/UnrealEngine/Engine/Source/ThirdParty/OpenSubdiv/OpenSubdiv-3.4.4/regression/common/hbr_utils.h,5,1,6
/media/ullmann/HDDGabriel/engines/UnrealEngine/Engine/Source/ThirdParty/Android/libunwind/libunwind/src/dwarf/Gstep_dwarf.c,0,1,1
/media/ullmann/HDDGabriel/engines/UnrealEngine/Engine/Source/Developer/TraceInsights/Private/Insights/ViewModels/FrameTrackViewport.cpp,0,1,1
/media/ullmann/HDDGabriel/engines/UnrealEngine/Engine/Source/Developer/TraceInsights/Private/Insights/ViewModels/FrameTrackViewport.h,1,0,1
/media/ullmann/HDDGabriel/engines/UnrealEngine/Engine/Source/ThirdParty/WebRTC/4147/Include/rtc_base/fake_network.h,0,1,1
/media/ullmann/HDDGabriel/engines/UnrealEngine/Engine/Source/Runtime/Core/Public/Containers/ResourceArray.h,1,0,1
/media/ullmann/HDDGabriel/engines/UnrealEngine/Engine/Source/ThirdParty/Breakpad/src/common/dwarf/elf_reader.cc,0,1,1
/media/ullmann/HDDGabriel/engines/UnrealEngine/Engine/Source/ThirdParty/Breakpad/src/common/dwarf/elf_reader.h,1,0,1
/media/ullmann/HDDGabriel/engines/UnrealEngine/Engine/Source/Runtime/Slate/Public/Framework/Text/PlatformTextField.h,1,0,1
/media/ullmann/HDDGabriel/engines/UnrealEngine/Engine/Source/ThirdParty/libOpus/opus-1.0.3/silk/HP_variable_cutoff.c,0,1,1
/media/ullmann/HDDGabriel/engines/UnrealEngine/Engine/Source/ThirdParty/ICU/icu4c-64_1/source/test/intltest/sdtfmtts.h,2,1,3
/media/ullmann/HDDGabriel/engines/UnrealEngine/Engine/Source/ThirdParty/openexr/openexr-3.1.1/src/lib/OpenEXR/ImfTestFile.h,1,1,2
/media/ullmann/HDDGabriel/engines/UnrealEngine/Engine/Source/Editor/VREditor/UI/VREditorDockableWindow.h,4,1,5
/media/ullmann/HDDGabriel/engines/UnrealEngine/Engine/Source/ThirdParty/zlib/zlib-1.2.5/Src/contrib/infback9/inffix9.h,1,0,1
/media/ullmann/HDDGabriel/engines/UnrealEngine/Engine/Source/Editor/UnrealEd/Private/Cooker/CookedSavePackageValidator.cpp,0,1,1
/media/ullmann/HDDGabriel/engines/UnrealEngine/Engine/Source/ThirdParty/ShaderConductor/ShaderConductor/External/DirectXShaderCompiler/lib/CodeGen/AggressiveAntiDepBreaker.h,2,1,3
/media/ullmann/HDDGabriel/engines/UnrealEngine/Engine/Source/Runtime/Core/Public/Templates/IsArray.h,3,0,3
/media/ullmann/HDDGabriel/engines/UnrealEngine/Engine/Source/Developer/TraceServices/Private/Model/DiagnosticsPrivate.h,1,0,1
/media/ullmann/HDDGabriel/engines/UnrealEngine/Engine/Source/Runtime/CoreUObject/Public/UObject/UObjectBase.h,2,0,2
/media/ullmann/HDDGabriel/engines/UnrealEngine/Engine/Source/ThirdParty/ICU/icu4c-64_1/source/i18n/unicode/unumberformatter.h,2,0,2
/media/ullmann/HDDGabriel/engines/UnrealEngine/Engine/Source/ThirdParty/nvTextureTools/nvTextureTools-2.0.8/src/gnuwin32/include/tiffio.h,0,2,2
/media/ullmann/HDDGabriel/engines/UnrealEngine/Engine/Source/ThirdParty/nvTextureTools/nvTextureTools-2.0.8/src/gnuwin32/include/tiff.h,1,1,2
/media/ullmann/HDDGabriel/engines/UnrealEngine/Engine/Source/ThirdParty/ICU/icu4c-64_1/source/samples/translit/answers/main_4.cpp,0,1,1
/media/ullmann/HDDGabriel/engines/UnrealEngine/Engine/Source/ThirdParty/ICU/icu4c-64_1/source/samples/translit/answers/unaccent.h,5,0,5
/media/ullmann/HDDGabriel/engines/UnrealEngine/Engine/Source/ThirdParty/WebRTC/4147/Include/base/third_party/double_conversion/double-conversion/strtod.h,0,1,1
/media/ullmann/HDDGabriel/engines/UnrealEngine/Engine/Source/Editor/PhysicsAssetEditor/Private/PhysicsAssetEditorHitProxies.cpp,0,1,1
/media/ullmann/HDDGabriel/engines/UnrealEngine/Engine/Source/ThirdParty/FreeType2/FreeType2-2.6/Src/cff/cf2font.c,1,5,6
/media/ullmann/HDDGabriel/engines/UnrealEngine/Engine/Source/ThirdParty/ICU/icu4c-64_1/source/samples/layout/RenderingSurface.h,5,0,5
/media/ullmann/HDDGabriel/engines/UnrealEngine/Engine/Source/ThirdParty/FreeType2/FreeType2-2.4.12/src/cache/ftcsbits.h,3,1,4
/media/ullmann/HDDGabriel/engines/UnrealEngine/Engine/Source/ThirdParty/HarfBuzz/harfbuzz-1.2.4/src/hb-ot-shape-complex-hebrew.cc,0,1,1
/media/ullmann/HDDGabriel/engines/UnrealEngine/Engine/Source/ThirdParty/PhysX3/PhysX_3.4/Source/PhysX/src/buffering/ScbScenePvdClient.cpp,0,3,3
/media/ullmann/HDDGabriel/engines/UnrealEngine/Engine/Source/ThirdParty/ICU/icu4c-53_1/source/common/ucnv_err.c,0,7,7
/media/ullmann/HDDGabriel/engines/UnrealEngine/Engine/Source/ThirdParty/SDL2/SDL-gui-backend/src/render/direct3d11/SDL_render_winrt.cpp,0,4,4
/media/ullmann/HDDGabriel/engines/UnrealEngine/Engine/Source/ThirdParty/FreeImage/FreeImage-3.18.0/Source/OpenEXR/IlmImf/ImfLineOrderAttribute.h,2,3,5
/media/ullmann/HDDGabriel/engines/UnrealEngine/Engine/Source/ThirdParty/Boost/boost-1_70_0/include/boost/spirit/home/support/detail/lexer/containers/ptr_vector.hpp,3,1,4
/media/ullmann/HDDGabriel/engines/UnrealEngine/Engine/Source/Programs/HeadlessChaos/Public/HeadlessChaosTestBroadphase.h,0,1,1
/media/ullmann/HDDGabriel/engines/UnrealEngine/Engine/Source/ThirdParty/PhysX3/PhysX_3.4/Source/PhysX/src/NpConstraint.h,4,0,4
/media/ullmann/HDDGabriel/engines/UnrealEngine/Engine/Source/ThirdParty/libOpus/opus-1.1/silk/resampler_private_down_FIR.c,0,2,2
/media/ullmann/HDDGabriel/engines/UnrealEngine/Engine/Source/ThirdParty/Intel/Embree/Embree270/src/kernels/common/subdiv/gridrange.h,1,1,2
/media/ullmann/HDDGabriel/engines/UnrealEngine/Engine/Source/ThirdParty/nvTextureTools/nvTextureTools-2.0.8/src/src/nvtt/tools/compress.cpp,0,1,1
/media/ullmann/HDDGabriel/engines/UnrealEngine/Engine/Source/ThirdParty/ShaderConductor/ShaderConductor/External/DirectXShaderCompiler/lib/Fuzzer/FuzzerMain.cpp,0,2,2
/media/ullmann/HDDGabriel/engines/UnrealEngine/Engine/Source/Runtime/Online/BuildPatchServices/Private/Installer/MemoryChunkStore.h,1,0,1
/media/ullmann/HDDGabriel/engines/UnrealEngine/Engine/Source/Editor/Persona/Private/AnimTimeline/SAnimTimelineSplitterOverlay.cpp,0,1,1
/media/ullmann/HDDGabriel/engines/UnrealEngine/Engine/Source/ThirdParty/PhysX3/APEX_1.4/module/destructible_legacy/include/autogen/MeshCookedCollisionStreamsAtScale_0p0.h,1,0,1
/media/ullmann/HDDGabriel/engines/UnrealEngine/Engine/Source/ThirdParty/ICU/icu4c-53_1/source/i18n/tzrule.cpp,0,3,3
/media/ullmann/HDDGabriel/engines/UnrealEngine/Engine/Source/Editor/Sequencer/Private/DisplayNodes/SequencerSectionCategoryNode.h,1,0,1
/media/ullmann/HDDGabriel/engines/UnrealEngine/Engine/Source/ThirdParty/ICU/icu4c-64_1/source/test/intltest/dtfmrgts.cpp,0,1,1
/media/ullmann/HDDGabriel/engines/UnrealEngine/Engine/Source/Runtime/Renderer/Private/AnisotropyRendering.h,3,0,3
/media/ullmann/HDDGabriel/engines/UnrealEngine/Engine/Source/Developer/Datasmith/DatasmithExporterUI/Private/Widgets/SDirectLinkStreamManager.h,1,0,1
/media/ullmann/HDDGabriel/engines/UnrealEngine/Engine/Source/Editor/PropertyEditor/Public/IPropertyRowGenerator.h,0,1,1
/media/ullmann/HDDGabriel/engines/UnrealEngine/Engine/Source/Runtime/UMG/Private/WidgetLayoutLibrary.cpp,0,2,2
/media/ullmann/HDDGabriel/engines/UnrealEngine/Engine/Source/ThirdParty/ShaderConductor/ShaderConductor/External/DirectXShaderCompiler/tools/clang/lib/ARCMigrate/TransRetainReleaseDealloc.cpp,0,2,2
/media/ullmann/HDDGabriel/engines/UnrealEngine/Engine/Source/ThirdParty/Intel/TBB/IntelTBB-2019u8/src/test/test_streaming_node.cpp,0,2,2
/media/ullmann/HDDGabriel/engines/UnrealEngine/Engine/Source/ThirdParty/SDL2/SDL-gui-backend/src/video/x11/SDL_x11keyboard.h,1,1,2
/media/ullmann/HDDGabriel/engines/UnrealEngine/Engine/Source/Runtime/OpenGLDrv/Private/OpenGLUAV.cpp,0,1,1
/media/ullmann/HDDGabriel/engines/UnrealEngine/Engine/Source/ThirdParty/ICU/icu4c-64_1/source/test/perf/normperf/normperf.cpp,0,1,1
/media/ullmann/HDDGabriel/engines/UnrealEngine/Engine/Source/ThirdParty/ICU/icu4c-64_1/source/test/perf/normperf/normperf.h,1,0,1
/media/ullmann/HDDGabriel/engines/UnrealEngine/Engine/Source/Runtime/Core/Private/IOS/IOSPlatformMisc.cpp,0,1,1
/media/ullmann/HDDGabriel/engines/UnrealEngine/Engine/Source/Runtime/Core/Private/IOS/IOSChunkInstaller.h,2,0,2
/media/ullmann/HDDGabriel/engines/UnrealEngine/Engine/Source/Runtime/CoreUObject/Public/UObject/ObjectMemoryAnalyzer.h,1,0,1
/media/ullmann/HDDGabriel/engines/UnrealEngine/Engine/Source/ThirdParty/Android/libunwind/libunwind/src/x86_64/offsets.h,1,0,1
/media/ullmann/HDDGabriel/engines/UnrealEngine/Engine/Source/ThirdParty/SDL2/SDL-gui-backend/src/hidapi/testgui/test.cpp,0,1,1
/media/ullmann/HDDGabriel/engines/UnrealEngine/Engine/Source/ThirdParty/SDL2/SDL-gui-backend/src/hidapi/testgui/mac_support.h,1,0,1
/media/ullmann/HDDGabriel/engines/UnrealEngine/Engine/Source/ThirdParty/ICU/icu4c-64_1/source/test/intltest/tzfmttst.cpp,0,2,2
/media/ullmann/HDDGabriel/engines/UnrealEngine/Engine/Source/ThirdParty/PhysX3/PhysX_3.4/Source/GeomUtils/src/hf/GuSweepsHF.cpp,0,2,2
/media/ullmann/HDDGabriel/engines/UnrealEngine/Engine/Source/ThirdParty/Steamworks/Steamv146/sdk/public/steam/isteamutils.h,1,1,2
/media/ullmann/HDDGabriel/engines/UnrealEngine/Engine/Source/ThirdParty/ICU/icu4c-53_1/source/test/intltest/usettest.h,2,1,3
/media/ullmann/HDDGabriel/engines/UnrealEngine/Engine/Source/Runtime/AugmentedReality/Private/ARSharedWorldPlayerController.cpp,0,1,1
/media/ullmann/HDDGabriel/engines/UnrealEngine/Engine/Source/Runtime/ImageWrapper/Private/Formats/TiffImageWrapper.h,1,0,1
/media/ullmann/HDDGabriel/engines/UnrealEngine/Engine/Source/Runtime/Core/Public/Misc/TVariant.h,0,1,1
/media/ullmann/HDDGabriel/engines/UnrealEngine/Engine/Source/Runtime/Core/Public/Misc/TVariantMeta.h,1,0,1
/media/ullmann/HDDGabriel/engines/UnrealEngine/Engine/Source/ThirdParty/Intel/ISPC/ispc-1.16.1/ispcrt/detail/Kernel.h,2,1,3
/media/ullmann/HDDGabriel/engines/UnrealEngine/Engine/Source/ThirdParty/WebRTC/4147/Include/rtc_base/thread_message.h,0,1,1
/media/ullmann/HDDGabriel/engines/UnrealEngine/Engine/Source/ThirdParty/FreeImage/FreeImage-3.18.0/Source/LibJPEG/jcmaster.c,0,2,2
/media/ullmann/HDDGabriel/engines/UnrealEngine/Engine/Source/ThirdParty/PhysX3/PhysX_3.4/Source/LowLevelCloth/src/scalar/SwCollisionHelpers.h,1,0,1
/media/ullmann/HDDGabriel/engines/UnrealEngine/Engine/Source/ThirdParty/ICU/icu4c-64_1/source/i18n/collationweights.h,2,0,2
/media/ullmann/HDDGabriel/engines/UnrealEngine/Engine/Source/ThirdParty/ShaderConductor/ShaderConductor/External/DirectXShaderCompiler/tools/clang/tools/dxcompiler/dxcutil.cpp,0,2,2
/media/ullmann/HDDGabriel/engines/UnrealEngine/Engine/Source/Runtime/D3D12RHI/Private/D3D12Commands.cpp,0,1,1
/media/ullmann/HDDGabriel/engines/UnrealEngine/Engine/Source/ThirdParty/ShaderConductor/ShaderConductor/External/DirectXShaderCompiler/lib/DxilDia/DxcPixDxilStorage.h,2,1,3
/media/ullmann/HDDGabriel/engines/UnrealEngine/Engine/Source/ThirdParty/FBX/2020.2/include/fbxsdk/core/fbxpropertydef.h,1,0,1
/media/ullmann/HDDGabriel/engines/UnrealEngine/Engine/Source/ThirdParty/Intel/TBB/IntelTBB-2019u8/include/tbb/pipeline.h,1,3,4
/media/ullmann/HDDGabriel/engines/UnrealEngine/Engine/Source/Editor/AnimGraph/Private/PropertyAccessAnimBlueprintBinding.cpp,0,1,1
/media/ullmann/HDDGabriel/engines/UnrealEngine/Engine/Source/ThirdParty/FreeType2/FreeType2-2.6/Include/ftttdrv.h,0,1,1
/media/ullmann/HDDGabriel/engines/UnrealEngine/Engine/Source/Editor/UnrealEd/Public/Utils.h,1,0,1
/media/ullmann/HDDGabriel/engines/UnrealEngine/Engine/Source/ThirdParty/MCPP/mcpp-2.7.2/cpp-test/test-l/nest11.h,1,1,2
/media/ullmann/HDDGabriel/engines/UnrealEngine/Engine/Source/Programs/Enterprise/Datasmith/DatasmithARCHICADExporter/Private/Element2StaticMesh.h,2,2,4
/media/ullmann/HDDGabriel/engines/UnrealEngine/Engine/Source/ThirdParty/FreeType2/FreeType2-2.10.0/src/base/ftlcdfil.c,1,0,1
/media/ullmann/HDDGabriel/engines/UnrealEngine/Engine/Source/ThirdParty/FreeType2/FreeType2-2.10.4/src/psaux/cffdecode.c,1,3,4
/media/ullmann/HDDGabriel/engines/UnrealEngine/Engine/Source/ThirdParty/libWebSockets/libwebsockets/include/Android/x86/libwebsockets.h,0,1,1
/media/ullmann/HDDGabriel/engines/UnrealEngine/Engine/Source/ThirdParty/libWebSockets/libwebsockets/include/Android/x86/lws_config.h,1,0,1
/media/ullmann/HDDGabriel/engines/UnrealEngine/Engine/Source/Editor/DetailCustomizations/Private/InstancedStaticMeshComponentDetails.h,2,0,2
/media/ullmann/HDDGabriel/engines/UnrealEngine/Engine/Source/ThirdParty/GoogleGameSDK/gamesdk/src/swappy/opengl/swappyGL_c.cpp,0,1,1
/media/ullmann/HDDGabriel/engines/UnrealEngine/Engine/Source/ThirdParty/GoogleGameSDK/gamesdk/src/swappy/opengl/SwappyGL.h,2,1,3
/media/ullmann/HDDGabriel/engines/UnrealEngine/Engine/Source/Runtime/CoreUObject/Public/UObject/ScriptMacros.h,1,0,1
/media/ullmann/HDDGabriel/engines/UnrealEngine/Engine/Source/ThirdParty/ShaderConductor/ShaderConductor/External/DirectXShaderCompiler/tools/clang/bindings/python/tests/cindex/INPUTS/header2.h,1,1,2
/media/ullmann/HDDGabriel/engines/UnrealEngine/Engine/Source/Editor/AnimGraph/Private/K2Node_AnimNodeReference.cpp,0,2,2
/media/ullmann/HDDGabriel/engines/UnrealEngine/Engine/Source/ThirdParty/Intel/ISPC/ispc-1.16.1/ispcrt/detail/gpu/GPUDevice.h,2,2,4
/media/ullmann/HDDGabriel/engines/UnrealEngine/Engine/Source/ThirdParty/FreeType2/FreeType2-2.10.4/src/autofit/afindic.h,2,1,3
/media/ullmann/HDDGabriel/engines/UnrealEngine/Engine/Source/ThirdParty/ICU/icu4c-64_1/source/test/intltest/pptest.h,2,1,3
/media/ullmann/HDDGabriel/engines/UnrealEngine/Engine/Source/ThirdParty/PhysX3/PhysX_3.4/Source/LowLevelParticles/src/gpu/PtRigidBodyAccessGpu.h,1,0,1
/media/ullmann/HDDGabriel/engines/UnrealEngine/Engine/Source/Developer/Windows/LiveCodingServer/Private/External/LC_SymbolPatterns.cpp,0,1,1
/media/ullmann/HDDGabriel/engines/UnrealEngine/Engine/Source/Editor/Documentation/Private/SDocumentationAnchor.h,2,0,2
/media/ullmann/HDDGabriel/engines/UnrealEngine/Engine/Source/Developer/TraceInsights/Private/Insights/ViewModels/TimerButterflyAggregation.cpp,0,1,1
/media/ullmann/HDDGabriel/engines/UnrealEngine/Engine/Source/Developer/TraceInsights/Private/Insights/ViewModels/TimerButterflyAggregation.h,1,0,1
/media/ullmann/HDDGabriel/engines/UnrealEngine/Engine/Source/ThirdParty/PhysX3/PhysX_3.4/Source/GeomUtils/src/convex/GuConvexMesh.cpp,0,2,2
/media/ullmann/HDDGabriel/engines/UnrealEngine/Engine/Source/ThirdParty/PhysX3/PhysX_3.4/Source/GeomUtils/src/convex/GuConvexMesh.h,2,1,3
/media/ullmann/HDDGabriel/engines/UnrealEngine/Engine/Source/Editor/LevelEditor/Private/SLevelViewportToolBar.cpp,0,1,1
/media/ullmann/HDDGabriel/engines/UnrealEngine/Engine/Source/ThirdParty/WebRTC/4147/Include/rtc_base/operations_chain.h,0,1,1
/media/ullmann/HDDGabriel/engines/UnrealEngine/Engine/Source/ThirdParty/ShaderConductor/ShaderConductor/External/DirectXShaderCompiler/lib/CodeGen/SelectionDAG/LegalizeVectorTypes.cpp,0,1,1
/media/ullmann/HDDGabriel/engines/UnrealEngine/Engine/Source/ThirdParty/ICU/icu4c-64_1/source/i18n/ufieldpositer.cpp,0,2,2
/media/ullmann/HDDGabriel/engines/UnrealEngine/Engine/Source/ThirdParty/ICU/icu4c-64_1/source/i18n/unicode/ufieldpositer.h,2,0,2
/media/ullmann/HDDGabriel/engines/UnrealEngine/Engine/Source/Runtime/Online/BuildPatchServices/Private/Core/BlockStructure.h,2,0,2
/media/ullmann/HDDGabriel/engines/UnrealEngine/Engine/Source/ThirdParty/ShaderConductor/ShaderConductor/External/DirectXShaderCompiler/lib/CodeGen/AsmPrinter/DbgValueHistoryCalculator.h,2,0,2
/media/ullmann/HDDGabriel/engines/UnrealEngine/Engine/Source/ThirdParty/FreeImage/FreeImage-3.18.0/Source/OpenEXR/IlmImf/dwaLookups.h,1,0,1
/media/ullmann/HDDGabriel/engines/UnrealEngine/Engine/Source/Developer/TaskGraph/Public/SEventsTree.h,0,1,1
/media/ullmann/HDDGabriel/engines/UnrealEngine/Engine/Source/Runtime/CoreUObject/Public/UObject/SavePackage.h,0,1,1
/media/ullmann/HDDGabriel/engines/UnrealEngine/Engine/Source/ThirdParty/FreeType2/FreeType2-2.10.4/src/gzip/infblock.h,5,0,5
/media/ullmann/HDDGabriel/engines/UnrealEngine/Engine/Source/Runtime/AnimGraphRuntime/Public/AnimCustomInstanceHelper.h,0,2,2
/media/ullmann/HDDGabriel/engines/UnrealEngine/Engine/Source/ThirdParty/ICU/icu4c-53_1/source/test/intltest/thcoll.cpp,0,2,2
/media/ullmann/HDDGabriel/engines/UnrealEngine/Engine/Source/ThirdParty/SDL2/SDL-gui-backend/src/video/khronos/vulkan/vk_icd.h,0,1,1
/media/ullmann/HDDGabriel/engines/UnrealEngine/Engine/Source/ThirdParty/ICU/icu4c-64_1/source/test/intltest/formattedvaluetest.cpp,0,2,2
/media/ullmann/HDDGabriel/engines/UnrealEngine/Engine/Source/ThirdParty/ICU/icu4c-53_1/source/common/simplepatternformatter.cpp,0,3,3
/media/ullmann/HDDGabriel/engines/UnrealEngine/Engine/Source/Runtime/Core/Public/Math/PerspectiveMatrix.h,3,0,3
/media/ullmann/HDDGabriel/engines/UnrealEngine/Engine/Source/ThirdParty/ICU/icu4c-53_1/source/i18n/unicode/ucoleitr.h,3,0,3
/media/ullmann/HDDGabriel/engines/UnrealEngine/Engine/Source/ThirdParty/FreeImage/FreeImage-3.18.0/Source/OpenEXR/IlmImf/ImfCRgbaFile.h,1,1,2
/media/ullmann/HDDGabriel/engines/UnrealEngine/Engine/Source/ThirdParty/Boost/boost-1_70_0/include/boost/any.hpp,0,1,1
/media/ullmann/HDDGabriel/engines/UnrealEngine/Engine/Source/ThirdParty/Android/libunwind/libunwind/src/dwarf/Lfde.c,0,1,1
/media/ullmann/HDDGabriel/engines/UnrealEngine/Engine/Source/ThirdParty/Android/libunwind/libunwind/src/dwarf/Gfde.c,1,0,1
/media/ullmann/HDDGabriel/engines/UnrealEngine/Engine/Source/Runtime/GeometryCore/Public/Intersection/IntrSegment2Segment2.h,1,0,1
/media/ullmann/HDDGabriel/engines/UnrealEngine/Engine/Source/ThirdParty/libOpus/opus-1.3.1-12/celt/x86/vq_sse2.c,0,1,1
/media/ullmann/HDDGabriel/engines/UnrealEngine/Engine/Source/Editor/DetailCustomizations/Private/AnimationAssetDetail.cpp,0,1,1
/media/ullmann/HDDGabriel/engines/UnrealEngine/Engine/Source/Editor/DetailCustomizations/Private/AnimationAssetDetails.h,2,0,2
/media/ullmann/HDDGabriel/engines/UnrealEngine/Engine/Source/ThirdParty/libOpus/opus-1.1/silk/fixed/find_pred_coefs_FIX.c,0,1,1
/media/ullmann/HDDGabriel/engines/UnrealEngine/Engine/Source/ThirdParty/PhysX3/APEX_1.4/module/clothing_legacy/include/autogen/ClothingAssetParameters_0p8.h,1,0,1
/media/ullmann/HDDGabriel/engines/UnrealEngine/Engine/Source/ThirdParty/Crunch/src/crnlib/crn_prefix_coding.cpp,0,2,2
/media/ullmann/HDDGabriel/engines/UnrealEngine/Engine/Source/ThirdParty/PhysX3/PhysX_3.4/Source/LowLevelDynamics/src/DyFrictionPatchStreamPair.h,1,0,1
/media/ullmann/HDDGabriel/engines/UnrealEngine/Engine/Source/ThirdParty/ICU/icu4c-64_1/source/samples/layout/GnomeFontInstance.cpp,0,3,3
/media/ullmann/HDDGabriel/engines/UnrealEngine/Engine/Source/Developer/TraceInsights/Private/Insights/Widgets/SSessionInfoWindow.cpp,0,1,1
/media/ullmann/HDDGabriel/engines/UnrealEngine/Engine/Source/Developer/TraceInsights/Private/Insights/Widgets/SSessionInfoWindow.h,1,0,1
/media/ullmann/HDDGabriel/engines/UnrealEngine/Engine/Source/Editor/UnrealEd/Private/SSocketManager.h,1,0,1
/media/ullmann/HDDGabriel/engines/UnrealEngine/Engine/Source/ThirdParty/PhysX3/PhysX_3.4/Source/SceneQuery/src/SqAABBTreeBuild.cpp,0,2,2
/media/ullmann/HDDGabriel/engines/UnrealEngine/Engine/Source/ThirdParty/SDL2/SDL-gui-backend/src/core/winrt/SDL_winrtapp_common.h,3,0,3
/media/ullmann/HDDGabriel/engines/UnrealEngine/Engine/Source/Developer/TraceInsights/Private/Insights/NetworkingProfiler/ViewModels/NetEventNode.cpp,0,1,1
/media/ullmann/HDDGabriel/engines/UnrealEngine/Engine/Source/Developer/TraceInsights/Private/Insights/NetworkingProfiler/ViewModels/NetEventNode.h,1,0,1
/media/ullmann/HDDGabriel/engines/UnrealEngine/Engine/Source/ThirdParty/FreeType2/FreeType2-2.6/Src/sfnt/ttkern.h,3,0,3
/media/ullmann/HDDGabriel/engines/UnrealEngine/Engine/Source/ThirdParty/libOpus/opus-1.0.3/silk/sum_sqr_shift.c,0,1,1
/media/ullmann/HDDGabriel/engines/UnrealEngine/Engine/Source/Runtime/InputCore/Public/InputCore.h,0,1,1
/media/ullmann/HDDGabriel/engines/UnrealEngine/Engine/Source/Runtime/InputCore/Public/InputCoreModule.h,1,0,1
/media/ullmann/HDDGabriel/engines/UnrealEngine/Engine/Source/ThirdParty/MCPP/mcpp-2.7.2/cpp-test/test-l/nest27.h,1,1,2
/media/ullmann/HDDGabriel/engines/UnrealEngine/Engine/Source/ThirdParty/ICU/icu4c-64_1/source/test/cintltst/reapits.c,0,1,1
/media/ullmann/HDDGabriel/engines/UnrealEngine/Engine/Source/ThirdParty/MCPP/mcpp-2.7.2/cpp-test/test-l/nest100.h,1,1,2
/media/ullmann/HDDGabriel/engines/UnrealEngine/Engine/Source/ThirdParty/ICU/icu4c-64_1/source/i18n/unicode/umsg.h,3,0,3
/media/ullmann/HDDGabriel/engines/UnrealEngine/Engine/Source/ThirdParty/Python3/Linux/include/python3.9/exports.h,1,0,1
/media/ullmann/HDDGabriel/engines/UnrealEngine/Engine/Source/ThirdParty/Windows/glTF-Toolkit/WindowsMRAssetConverter/WindowsMRAssetConverter.cpp,0,3,3
/media/ullmann/HDDGabriel/engines/UnrealEngine/Engine/Source/Runtime/D3D12RHI/Private/Windows/WindowsD3D12DiskCache.h,1,0,1
/media/ullmann/HDDGabriel/engines/UnrealEngine/Engine/Source/ThirdParty/EOSSDK/SDK/Bin/IOS/EOSSDK.framework/Headers/eos_sessions.h,0,1,1
/media/ullmann/HDDGabriel/engines/UnrealEngine/Engine/Source/Editor/DetailCustomizations/Private/MovieSceneEventParametersCustomization.h,2,0,2
/media/ullmann/HDDGabriel/engines/UnrealEngine/Engine/Source/ThirdParty/ICU/icu4c-53_1/source/test/intltest/restest.cpp,0,1,1
/media/ullmann/HDDGabriel/engines/UnrealEngine/Engine/Source/ThirdParty/FreeImage/FreeImage-3.18.0/Source/LibJXR/image/sys/perfTimerANSI.c,0,2,2
/media/ullmann/HDDGabriel/engines/UnrealEngine/Engine/Source/Runtime/VulkanRHI/Private/VulkanUtil.cpp,0,4,4
/media/ullmann/HDDGabriel/engines/UnrealEngine/Engine/Source/ThirdParty/ICU/icu4c-53_1/source/layout/GlyphDefinitionTables.cpp,0,4,4
/media/ullmann/HDDGabriel/engines/UnrealEngine/Engine/Source/Programs/UnrealLightmass/Private/ImportExport/Mesh.h,1,0,1
/media/ullmann/HDDGabriel/engines/UnrealEngine/Engine/Source/ThirdParty/Android/libunwind/libunwind/src/ptrace/_UPT_access_mem.c,0,1,1
/media/ullmann/HDDGabriel/engines/UnrealEngine/Engine/Source/ThirdParty/ICU/icu4c-53_1/source/test/intltest/rbbitst.cpp,0,2,2
/media/ullmann/HDDGabriel/engines/UnrealEngine/Engine/Source/Editor/Sequencer/Private/SequencerMarkedFrameHelper.h,2,0,2
/media/ullmann/HDDGabriel/engines/UnrealEngine/Engine/Source/ThirdParty/libOpus/opus-1.0.3/silk/sigm_Q15.c,0,1,1
/media/ullmann/HDDGabriel/engines/UnrealEngine/Engine/Source/ThirdParty/SDL2/SDL-gui-backend/src/thread/psp/SDL_systhread_c.h,2,0,2
/media/ullmann/HDDGabriel/engines/UnrealEngine/Engine/Source/Runtime/SlateCore/Public/Input/NavigationReply.h,1,0,1
/media/ullmann/HDDGabriel/engines/UnrealEngine/Engine/Source/ThirdParty/PhysX3/PhysX_3.4/Source/LowLevelParticles/src/PtSpatialLocalHash.cpp,0,2,2
/media/ullmann/HDDGabriel/engines/UnrealEngine/Engine/Source/ThirdParty/openexr/openexr-3.1.1/src/lib/OpenEXRCore/preview.c,1,2,3
/media/ullmann/HDDGabriel/engines/UnrealEngine/Engine/Source/ThirdParty/ICU/icu4c-64_1/source/test/cintltst/sorttest.c,0,1,1
/media/ullmann/HDDGabriel/engines/UnrealEngine/Engine/Source/ThirdParty/FreeType2/FreeType2-2.6/Src/pfr/pfrdrivr.h,1,0,1
/media/ullmann/HDDGabriel/engines/UnrealEngine/Engine/Source/Editor/UnrealEd/Private/UnrealEdMisc.cpp,0,4,4
/media/ullmann/HDDGabriel/engines/UnrealEngine/Engine/Source/Developer/OutputLog/Private/SOutputLog.cpp,0,1,1
/media/ullmann/HDDGabriel/engines/UnrealEngine/Engine/Source/Runtime/D3D12RHI/Private/D3D12RootSignature.cpp,0,1,1
/media/ullmann/HDDGabriel/engines/UnrealEngine/Engine/Source/ThirdParty/SDL2/SDL-gui-backend/src/video/nacl/SDL_naclopengles.h,1,1,2
/media/ullmann/HDDGabriel/engines/UnrealEngine/Engine/Source/Developer/TraceInsights/Private/Insights/ViewModels/FrameTimingTrack.cpp,0,1,1
/media/ullmann/HDDGabriel/engines/UnrealEngine/Engine/Source/Developer/TraceInsights/Private/Insights/ViewModels/FrameTimingTrack.h,1,0,1
/media/ullmann/HDDGabriel/engines/UnrealEngine/Engine/Source/ThirdParty/Intel/Embree/Embree270/src/tests/verify.cpp,0,3,3
/media/ullmann/HDDGabriel/engines/UnrealEngine/Engine/Source/ThirdParty/Intel/Embree/Embree270/src/kernels/xeonphi/bvh4i/bvh4i_intersector16_chunk.cpp,0,2,2
/media/ullmann/HDDGabriel/engines/UnrealEngine/Engine/Source/ThirdParty/PhysX3/APEX_1.4/shared/general/HACD/include/dgRefCounter.h,1,0,1
/media/ullmann/HDDGabriel/engines/UnrealEngine/Engine/Source/ThirdParty/HarfBuzz/harfbuzz-1.2.4/src/hb-buffer.h,2,3,5
/media/ullmann/HDDGabriel/engines/UnrealEngine/Engine/Source/ThirdParty/ICU/icu4c-64_1/source/i18n/unicode/alphaindex.h,1,0,1
/media/ullmann/HDDGabriel/engines/UnrealEngine/Engine/Source/Runtime/RHI/Public/RHIGPUReadback.h,0,1,1
/media/ullmann/HDDGabriel/engines/UnrealEngine/Engine/Source/ThirdParty/Android/libunwind/libunwind/src/aarch64/Ginit.c,1,1,2
/media/ullmann/HDDGabriel/engines/UnrealEngine/Engine/Source/ThirdParty/SDL2/SDL-gui-backend/src/video/vita/SDL_vitakeyboard.c,0,4,4
/media/ullmann/HDDGabriel/engines/UnrealEngine/Engine/Source/Editor/DataLayerEditor/Private/DataLayer/DataLayerPropertyTypeCustomization.cpp,0,1,1
/media/ullmann/HDDGabriel/engines/UnrealEngine/Engine/Source/Editor/DataLayerEditor/Private/DataLayer/DataLayerPropertyTypeCustomization.h,2,0,2
/media/ullmann/HDDGabriel/engines/UnrealEngine/Engine/Source/Runtime/PerfCounters/Private/PerfCountersModule.cpp,0,1,1
/media/ullmann/HDDGabriel/engines/UnrealEngine/Engine/Source/ThirdParty/FreeImage/FreeImage-3.18.0/Source/OpenEXR/Imath/ImathRoots.h,0,2,2
/media/ullmann/HDDGabriel/engines/UnrealEngine/Engine/Source/Editor/InputBindingEditor/Private/Widgets/SChordEditBox.h,1,0,1
/media/ullmann/HDDGabriel/engines/UnrealEngine/Engine/Source/ThirdParty/Intel/Embree/Embree2140/src/common/simd/vint8_avx2.h,1,0,1
/media/ullmann/HDDGabriel/engines/UnrealEngine/Engine/Source/Editor/TurnkeySupport/Private/TurnkeySupportModule.h,2,0,2
/media/ullmann/HDDGabriel/engines/UnrealEngine/Engine/Source/Runtime/Renderer/Private/PostProcess/DiaphragmDOF.cpp,0,1,1
/media/ullmann/HDDGabriel/engines/UnrealEngine/Engine/Source/ThirdParty/llvm/8/include/llvm/DebugInfo/PDB/DIA/DIAEnumSectionContribs.h,0,1,1
/media/ullmann/HDDGabriel/engines/UnrealEngine/Engine/Source/ThirdParty/FreeImage/FreeImage-3.18.0/Source/LibTIFF4/tif_compress.c,0,1,1
/media/ullmann/HDDGabriel/engines/UnrealEngine/Engine/Source/ThirdParty/ICU/icu4c-53_1/source/test/letest/cfonts.cpp,0,2,2
/media/ullmann/HDDGabriel/engines/UnrealEngine/Engine/Source/ThirdParty/libcurl/include/Linux/x86_64-unknown-linux-gnu/curl/mprintf.h,0,1,1
/media/ullmann/HDDGabriel/engines/UnrealEngine/Engine/Source/ThirdParty/ICU/icu4c-53_1/source/tools/toolutil/pkg_imp.h,1,0,1
/media/ullmann/HDDGabriel/engines/UnrealEngine/Engine/Source/ThirdParty/CryptoPP/5.6.5/include/ttmac.cpp,0,3,3
/media/ullmann/HDDGabriel/engines/UnrealEngine/Engine/Source/ThirdParty/ICU/icu4c-53_1/source/test/intltest/calcasts.cpp,0,1,1
/media/ullmann/HDDGabriel/engines/UnrealEngine/Engine/Source/ThirdParty/ICU/icu4c-64_1/source/i18n/tztrans.cpp,0,2,2
/media/ullmann/HDDGabriel/engines/UnrealEngine/Engine/Source/ThirdParty/Steamworks/Steamv151/sdk/public/steam/isteamhtmlsurface.h,1,1,2
/media/ullmann/HDDGabriel/engines/UnrealEngine/Engine/Source/Runtime/Core/Public/FramePro/FrameProUE4.h,0,1,1
/media/ullmann/HDDGabriel/engines/UnrealEngine/Engine/Source/Runtime/Core/Public/FramePro/FramePro.h,1,0,1
/media/ullmann/HDDGabriel/engines/UnrealEngine/Engine/Source/Editor/LevelAssetEditor/Private/LevelAssetEditorViewport.h,2,0,2
/media/ullmann/HDDGabriel/engines/UnrealEngine/Engine/Source/ThirdParty/OpenSubdiv/OpenSubdiv-3.4.4/examples/common/hud.h,4,0,4
/media/ullmann/HDDGabriel/engines/UnrealEngine/Engine/Source/Editor/PhysicsAssetEditor/Private/PhysicsAssetEditorSkeletalMeshComponent.h,6,0,6
/media/ullmann/HDDGabriel/engines/UnrealEngine/Engine/Source/ThirdParty/FreeImage/FreeImage-3.18.0/Source/LibJPEG/rdrle.c,0,1,1
/media/ullmann/HDDGabriel/engines/UnrealEngine/Engine/Source/ThirdParty/ICU/icu4c-53_1/source/i18n/dcfmtimp.h,1,0,1
/media/ullmann/HDDGabriel/engines/UnrealEngine/Engine/Source/Runtime/Landscape/Classes/LandscapeGizmoActiveActor.h,0,1,1
/media/ullmann/HDDGabriel/engines/UnrealEngine/Engine/Source/Runtime/Landscape/Classes/LandscapeGizmoActor.h,1,0,1
/media/ullmann/HDDGabriel/engines/UnrealEngine/Engine/Source/ThirdParty/FBX/2020.2/include/fbxsdk/utils/fbxmanipulators.h,1,0,1
/media/ullmann/HDDGabriel/engines/UnrealEngine/Engine/Source/Developer/Android/AndroidPlatformEditor/Private/AndroidTargetSettingsCustomization.cpp,0,2,2
/media/ullmann/HDDGabriel/engines/UnrealEngine/Engine/Source/ThirdParty/FreeImage/FreeImage-3.18.0/Source/LibWebP/src/webp/mux_types.h,2,1,3
/media/ullmann/HDDGabriel/engines/UnrealEngine/Engine/Source/ThirdParty/WebRTC/4147/Include/third_party/libvpx/source/config/nacl/vp8_rtcd.h,0,1,1
/media/ullmann/HDDGabriel/engines/UnrealEngine/Engine/Source/ThirdParty/ICU/icu4c-64_1/source/test/cintltst/chashtst.c,0,1,1
/media/ullmann/HDDGabriel/engines/UnrealEngine/Engine/Source/ThirdParty/Steamworks/Steamv147/sdk/public/steam/isteamhttp.h,1,2,3
/media/ullmann/HDDGabriel/engines/UnrealEngine/Engine/Source/ThirdParty/Steamworks/Steamv147/sdk/public/steam/steamhttpenums.h,1,0,1
/media/ullmann/HDDGabriel/engines/UnrealEngine/Engine/Source/Programs/ZenDashboard/Private/SZenCacheStatistics.cpp,0,1,1
/media/ullmann/HDDGabriel/engines/UnrealEngine/Engine/Source/ThirdParty/FreeType2/FreeType2-2.10.4/src/pfr/pfrcmap.c,1,3,4
/media/ullmann/HDDGabriel/engines/UnrealEngine/Engine/Source/Runtime/MovieScene/Public/MovieSceneNameableTrack.h,0,1,1
/media/ullmann/HDDGabriel/engines/UnrealEngine/Engine/Source/ThirdParty/Crunch/src/crnlib/crn_buffer_stream.h,2,1,3
/media/ullmann/HDDGabriel/engines/UnrealEngine/Engine/Source/ThirdParty/CryptoPP/5.6.5/include/pssr.cpp,0,3,3
/media/ullmann/HDDGabriel/engines/UnrealEngine/Engine/Source/Editor/DistCurveEditor/Private/CurveEditorSharedData.cpp,0,1,1
/media/ullmann/HDDGabriel/engines/UnrealEngine/Engine/Source/ThirdParty/libOpus/opus-1.0.3/tests/test_opus_decode.c,0,1,1
/media/ullmann/HDDGabriel/engines/UnrealEngine/Engine/Source/Runtime/RenderCore/Public/ShaderCompilerCore.h,1,0,1
/media/ullmann/HDDGabriel/engines/UnrealEngine/Engine/Source/Developer/DerivedDataCache/Private/DerivedDataCacheUsageStats.cpp,0,1,1
/media/ullmann/HDDGabriel/engines/UnrealEngine/Engine/Source/ThirdParty/FontConfig/fontconfig-2.13.94/src/fcobjs.h,4,0,4
/media/ullmann/HDDGabriel/engines/UnrealEngine/Engine/Source/ThirdParty/ICU/icu4c-53_1/source/samples/layout/paragraph.cpp,0,3,3
/media/ullmann/HDDGabriel/engines/UnrealEngine/Engine/Source/ThirdParty/FreeType2/FreeType2-2.4.12/src/gzip/infutil.h,4,0,4
/media/ullmann/HDDGabriel/engines/UnrealEngine/Engine/Source/ThirdParty/PhysX3/PhysX_3.4/Source/PhysXExtensions/src/ExtCpuWorkerThread.h,2,2,4
/media/ullmann/HDDGabriel/engines/UnrealEngine/Engine/Source/Runtime/Core/Public/Serialization/ArrayWriter.h,1,0,1
/media/ullmann/HDDGabriel/engines/UnrealEngine/Engine/Source/ThirdParty/ICU/icu4c-53_1/source/test/intltest/alphaindextst.h,2,1,3
/media/ullmann/HDDGabriel/engines/UnrealEngine/Engine/Source/ThirdParty/FreeType2/FreeType2-2.6/Src/winfonts/winfnt.h,1,0,1
/media/ullmann/HDDGabriel/engines/UnrealEngine/Engine/Source/ThirdParty/ShaderConductor/ShaderConductor/External/DirectXShaderCompiler/lib/ExecutionEngine/RuntimeDyld/RuntimeDyldChecker.cpp,0,2,2
/media/ullmann/HDDGabriel/engines/UnrealEngine/Engine/Source/Runtime/Core/Public/GenericPlatform/GenericPlatformAtomics.h,2,0,2
/media/ullmann/HDDGabriel/engines/UnrealEngine/Engine/Source/ThirdParty/HarfBuzz/harfbuzz-2.4.0/src/dump-khmer-data.cc,0,1,1
/media/ullmann/HDDGabriel/engines/UnrealEngine/Engine/Source/ThirdParty/HarfBuzz/harfbuzz-2.4.0/src/hb-ot-shape-complex-khmer.hh,2,0,2
/media/ullmann/HDDGabriel/engines/UnrealEngine/Engine/Source/ThirdParty/Perforce/P4Api.Net/p4bridge/DoublyLinkedList.cpp,0,2,2
/media/ullmann/HDDGabriel/engines/UnrealEngine/Engine/Source/Runtime/SlateCore/Public/Widgets/SOverlay.h,1,0,1
/media/ullmann/HDDGabriel/engines/UnrealEngine/Engine/Source/ThirdParty/FakeIt/2.0.2/tests/spying_tests.cpp,0,1,1
/media/ullmann/HDDGabriel/engines/UnrealEngine/Engine/Source/ThirdParty/OpenVDB/openvdb-8.1.0/openvdb/openvdb/unittest/TestParticleAtlas.cc,0,1,1
/media/ullmann/HDDGabriel/engines/UnrealEngine/Engine/Source/Developer/HoloLens/HoloLensTargetPlatform/Private/HoloLensTargetDevice.cpp,0,1,1
/media/ullmann/HDDGabriel/engines/UnrealEngine/Engine/Source/ThirdParty/ShaderConductor/ShaderConductor/External/DirectXShaderCompiler/tools/clang/lib/Sema/SemaDeclObjC.cpp,0,1,1
/media/ullmann/HDDGabriel/engines/UnrealEngine/Engine/Source/Runtime/CoreUObject/Public/Serialization/ArchiveObjectCrc32.h,1,0,1
/media/ullmann/HDDGabriel/engines/UnrealEngine/Engine/Source/ThirdParty/PhysX3/PhysX_3.4/Source/PhysX/src/NpSpatialIndex.cpp,0,1,1
/media/ullmann/HDDGabriel/engines/UnrealEngine/Engine/Source/ThirdParty/PhysX3/PhysX_3.4/Source/PhysX/src/NpSpatialIndex.h,1,0,1
/media/ullmann/HDDGabriel/engines/UnrealEngine/Engine/Source/Developer/DesktopPlatform/Private/Mac/MacNativeFeedbackContext.cpp,0,1,1
/media/ullmann/HDDGabriel/engines/UnrealEngine/Engine/Source/Developer/DesktopPlatform/Private/Mac/MacNativeFeedbackContext.h,2,0,2
/media/ullmann/HDDGabriel/engines/UnrealEngine/Engine/Source/ThirdParty/rpclib/Source/include/rpc/msgpack/adaptor/cpp17/string_view.hpp,1,0,1
/media/ullmann/HDDGabriel/engines/UnrealEngine/Engine/Source/ThirdParty/PhysX3/PhysX_3.4/Source/GeomUtils/src/pcm/GuPCMContactCapsuleMesh.cpp,0,2,2
/media/ullmann/HDDGabriel/engines/UnrealEngine/Engine/Source/ThirdParty/Intel/Embree/Embree270/src/common/simd/bool16_avx512.h,1,0,1
/media/ullmann/HDDGabriel/engines/UnrealEngine/Engine/Source/Editor/CurveEditor/Public/Tree/SCurveEditorTreeSelect.h,0,1,1
/media/ullmann/HDDGabriel/engines/UnrealEngine/Engine/Source/ThirdParty/ShaderConductor/ShaderConductor/External/DirectXShaderCompiler/include/llvm/DebugInfo/PDB/PDBSymbolTypeFunctionSig.h,0,2,2
/media/ullmann/HDDGabriel/engines/UnrealEngine/Engine/Source/Editor/AnimGraph/Public/AnimGraphNode_RotationOffsetBlendSpace.h,0,1,1
/media/ullmann/HDDGabriel/engines/UnrealEngine/Engine/Source/ThirdParty/libOpus/opus-1.0.3/silk/encode_indices.c,0,1,1
/media/ullmann/HDDGabriel/engines/UnrealEngine/Engine/Source/ThirdParty/ICU/icu4c-64_1/source/test/intltest/rbbiapts.cpp,0,2,2
/media/ullmann/HDDGabriel/engines/UnrealEngine/Engine/Source/Runtime/NavigationSystem/Public/NavModifierComponent.h,0,2,2
/media/ullmann/HDDGabriel/engines/UnrealEngine/Engine/Source/Runtime/NavigationSystem/Public/NavRelevantComponent.h,2,0,2
/media/ullmann/HDDGabriel/engines/UnrealEngine/Engine/Source/Runtime/GeometryCore/Public/DynamicMesh/MeshNormals.h,0,2,2
/media/ullmann/HDDGabriel/engines/UnrealEngine/Engine/Source/Editor/UnrealEd/Private/UnrealEdPrivatePCH.h,0,1,1
/media/ullmann/HDDGabriel/engines/UnrealEngine/Engine/Source/Runtime/Slate/Private/Framework/Application/Menu.h,1,0,1
/media/ullmann/HDDGabriel/engines/UnrealEngine/Engine/Source/ThirdParty/WebRTC/4147/Include/third_party/libsrtp/crypto/include/cipher_types.h,0,2,2
/media/ullmann/HDDGabriel/engines/UnrealEngine/Engine/Source/ThirdParty/openexr/openexr-3.1.1/src/test/OpenEXRTest/testPartHelper.cpp,0,1,1
/media/ullmann/HDDGabriel/engines/UnrealEngine/Engine/Source/Editor/SequenceRecorder/Private/SClassPropertyRecorderSettings.h,2,0,2
/media/ullmann/HDDGabriel/engines/UnrealEngine/Engine/Source/ThirdParty/llvm/8/include/llvm/BinaryFormat/ELFRelocs/Lanai.def,1,0,1
/media/ullmann/HDDGabriel/engines/UnrealEngine/Engine/Source/ThirdParty/Intel/Embree/Embree2140/src/common/lexers/parsestream.h,0,6,6
/media/ullmann/HDDGabriel/engines/UnrealEngine/Engine/Source/ThirdParty/ICU/icu4c-53_1/source/test/intltest/miscdtfm.h,2,1,3
/media/ullmann/HDDGabriel/engines/UnrealEngine/Engine/Source/ThirdParty/GoogleOboe/Private/opensles/EngineOpenSLES.h,2,0,2
/media/ullmann/HDDGabriel/engines/UnrealEngine/Engine/Source/Runtime/Core/Public/Misc/ByteSwap.h,3,0,3
/media/ullmann/HDDGabriel/engines/UnrealEngine/Engine/Source/Runtime/CoreUObject/Private/Serialization/Zenaphore.cpp,0,1,1
/media/ullmann/HDDGabriel/engines/UnrealEngine/Engine/Source/Runtime/CoreUObject/Private/Serialization/Zenaphore.h,1,0,1
/media/ullmann/HDDGabriel/engines/UnrealEngine/Engine/Source/ThirdParty/openexr/openexr-3.1.1/src/test/OpenEXRTest/testCustomAttributes.h,1,0,1
/media/ullmann/HDDGabriel/engines/UnrealEngine/Engine/Source/ThirdParty/FreeType2/FreeType2-2.10.0/src/cid/cidobjs.c,1,3,4
/media/ullmann/HDDGabriel/engines/UnrealEngine/Engine/Source/ThirdParty/Intel/TBB/IntelTBB-2019u8/src/tbb/task_stream.h,1,2,3
/media/ullmann/HDDGabriel/engines/UnrealEngine/Engine/Source/ThirdParty/ICU/icu4c-64_1/source/i18n/measure.cpp,0,2,2
/media/ullmann/HDDGabriel/engines/UnrealEngine/Engine/Source/ThirdParty/ICU/icu4c-64_1/source/i18n/unicode/measure.h,2,0,2
/media/ullmann/HDDGabriel/engines/UnrealEngine/Engine/Source/ThirdParty/ShaderConductor/ShaderConductor/External/DirectXShaderCompiler/lib/Support/Windows/WindowsSupport.h,3,0,3
/media/ullmann/HDDGabriel/engines/UnrealEngine/Engine/Source/Runtime/RHI/Public/RHIDefinitions.h,4,0,4
/media/ullmann/HDDGabriel/engines/UnrealEngine/Engine/Source/ThirdParty/ICU/icu4c-64_1/source/test/intltest/genderinfotest.cpp,0,1,1
/media/ullmann/HDDGabriel/engines/UnrealEngine/Engine/Source/ThirdParty/SDL2/SDL-gui-backend/src/thread/generic/SDL_systhread_c.h,3,1,4
/media/ullmann/HDDGabriel/engines/UnrealEngine/Engine/Source/ThirdParty/FBX/2020.2/include/fbxsdk/scene/constraint/fbxconstraintutils.h,1,0,1
/media/ullmann/HDDGabriel/engines/UnrealEngine/Engine/Source/ThirdParty/FreeType2/FreeType2-2.10.4/src/sfnt/sfwoff.c,1,1,2
/media/ullmann/HDDGabriel/engines/UnrealEngine/Engine/Source/Editor/Persona/Private/AnimTimeline/AnimTimelineTrack_PerBoneAttributes.cpp,0,1,1
/media/ullmann/HDDGabriel/engines/UnrealEngine/Engine/Source/ThirdParty/ICU/icu4c-64_1/source/extra/uconv/uwmsg.c,0,1,1
/media/ullmann/HDDGabriel/engines/UnrealEngine/Engine/Source/Runtime/Core/Public/HAL/IConsoleManager.h,2,0,2
/media/ullmann/HDDGabriel/engines/UnrealEngine/Engine/Source/ThirdParty/openexr/openexr-3.1.1/src/lib/OpenEXRUtil/ImfImage.cpp,0,1,1
/media/ullmann/HDDGabriel/engines/UnrealEngine/Engine/Source/ThirdParty/HarfBuzz/harfbuzz-1.2.4/src/hb-ot-layout.h,1,2,3
/media/ullmann/HDDGabriel/engines/UnrealEngine/Engine/Source/ThirdParty/FreeType2/FreeType2-2.10.0/src/otvalid/otvmod.h,1,0,1
/media/ullmann/HDDGabriel/engines/UnrealEngine/Engine/Source/ThirdParty/ShaderConductor/ShaderConductor/External/DirectXShaderCompiler/lib/CodeGen/MIRPrintingPass.cpp,0,1,1
/media/ullmann/HDDGabriel/engines/UnrealEngine/Engine/Source/ThirdParty/ShaderConductor/ShaderConductor/External/DirectXShaderCompiler/lib/CodeGen/MIRPrinter.h,2,0,2
/media/ullmann/HDDGabriel/engines/UnrealEngine/Engine/Source/ThirdParty/Boost/boost-1_70_0/include/boost/numeric,1,0,1
/media/ullmann/HDDGabriel/engines/UnrealEngine/Engine/Source/Runtime/HeadMountedDisplay/Public/IXRSystemAssets.h,0,1,1
/media/ullmann/HDDGabriel/engines/UnrealEngine/Engine/Source/ThirdParty/libcurl/include/Linux/x86_64-unknown-linux-gnu/curl/easy.h,1,0,1
/media/ullmann/HDDGabriel/engines/UnrealEngine/Engine/Source/ThirdParty/Breakpad/src/third_party/libdisasm/ia32_operand.h,2,2,4
/media/ullmann/HDDGabriel/engines/UnrealEngine/Engine/Source/Runtime/Renderer/Private/AnisotropyRendering.cpp,0,3,3
/media/ullmann/HDDGabriel/engines/UnrealEngine/Engine/Source/ThirdParty/MCPP/mcpp-2.7.2/test-l/nest38.h,1,1,2
/media/ullmann/HDDGabriel/engines/UnrealEngine/Engine/Source/ThirdParty/MCPP/mcpp-2.7.2/test-l/nest39.h,1,1,2
/media/ullmann/HDDGabriel/engines/UnrealEngine/Engine/Source/ThirdParty/ICU/icu4c-53_1/source/test/intltest/simplethread.h,3,0,3
/media/ullmann/HDDGabriel/engines/UnrealEngine/Engine/Source/ThirdParty/ShaderConductor/ShaderConductor/External/DirectXShaderCompiler/include/llvm/DebugInfo/PDB/PDBSymbolTypeFunctionArg.h,0,2,2
/media/ullmann/HDDGabriel/engines/UnrealEngine/Engine/Source/Runtime/Renderer/Private/CompositionLighting/PostProcessDeferredDecals.h,2,0,2
/media/ullmann/HDDGabriel/engines/UnrealEngine/Engine/Source/Runtime/D3D12RHI/Private/D3D12RHICommon.h,1,0,1
/media/ullmann/HDDGabriel/engines/UnrealEngine/Engine/Source/ThirdParty/openexr/openexr-3.1.1/src/test/OpenEXRTest/testOptimized.h,1,0,1
/media/ullmann/HDDGabriel/engines/UnrealEngine/Engine/Source/ThirdParty/libOpus/opus-1.3.1-12/silk/tables_gain.c,0,1,1
/media/ullmann/HDDGabriel/engines/UnrealEngine/Engine/Source/ThirdParty/libOpus/opus-1.1/IOS/libOpus/include/opus_custom.h,0,1,1
/media/ullmann/HDDGabriel/engines/UnrealEngine/Engine/Source/ThirdParty/WebRTC/4147/Include/third_party/opus/src/celt/arm/kiss_fft_armv5e.h,1,0,1
/media/ullmann/HDDGabriel/engines/UnrealEngine/Engine/Source/ThirdParty/FreeImage/FreeImage-3.18.0/Source/Utilities.h,2,0,2
/media/ullmann/HDDGabriel/engines/UnrealEngine/Engine/Source/ThirdParty/Alembic/alembic-1.8.2/maya/AbcExport/AttributesWriter.cpp,0,2,2
/media/ullmann/HDDGabriel/engines/UnrealEngine/Engine/Source/Programs/LiveCodingConsole/Private/LiveCodingConsoleStyle.cpp,0,1,1
/media/ullmann/HDDGabriel/engines/UnrealEngine/Engine/Source/Programs/LiveCodingConsole/Private/LiveCodingConsoleStyle.h,3,0,3
/media/ullmann/HDDGabriel/engines/UnrealEngine/Engine/Source/ThirdParty/NVIDIA/nvapi/nvHLSLExtnsInternal.h,1,1,2
/media/ullmann/HDDGabriel/engines/UnrealEngine/Engine/Source/ThirdParty/NVIDIA/nvapi/nvShaderExtnEnums.h,1,0,1
/media/ullmann/HDDGabriel/engines/UnrealEngine/Engine/Source/ThirdParty/Python3/Mac/include/fileutils.h,1,1,2
/media/ullmann/HDDGabriel/engines/UnrealEngine/Engine/Source/ThirdParty/ICU/icu4c-53_1/source/i18n/rbtz.cpp,0,3,3
/media/ullmann/HDDGabriel/engines/UnrealEngine/Engine/Source/ThirdParty/OpenSubdiv/OpenSubdiv-3.4.4/opensubdiv/far/patchMap.cpp,0,1,1
/media/ullmann/HDDGabriel/engines/UnrealEngine/Engine/Source/ThirdParty/SDL2/SDL-gui-backend/src/video/offscreen/SDL_offscreenframebuffer_c.h,2,1,3
/media/ullmann/HDDGabriel/engines/UnrealEngine/Engine/Source/ThirdParty/Intel/TBB/IntelTBB-2019u8/include/tbb/null_mutex.h,2,1,3
/media/ullmann/HDDGabriel/engines/UnrealEngine/Engine/Source/ThirdParty/ICU/icu4c-64_1/source/i18n/number_patternmodifier.cpp,0,3,3
/media/ullmann/HDDGabriel/engines/UnrealEngine/Engine/Source/Runtime/UMG/Public/Components/WrapBox.h,1,0,1
/media/ullmann/HDDGabriel/engines/UnrealEngine/Engine/Source/Runtime/AssetRegistry/Private/NameTableArchive.cpp,0,2,2
/media/ullmann/HDDGabriel/engines/UnrealEngine/Engine/Source/Runtime/AssetRegistry/Private/NameTableArchive.h,3,0,3
/media/ullmann/HDDGabriel/engines/UnrealEngine/Engine/Source/ThirdParty/libOpus/opus-1.3.1-12/celt/x86/pitch_sse.h,2,0,2
/media/ullmann/HDDGabriel/engines/UnrealEngine/Engine/Source/ThirdParty/SPIRV-Reflect/SPIRV-Reflect/main.cpp,0,3,3
/media/ullmann/HDDGabriel/engines/UnrealEngine/Engine/Source/ThirdParty/FreeType2/FreeType2-2.4.12/src/base/md5.c,1,1,2
/media/ullmann/HDDGabriel/engines/UnrealEngine/Engine/Source/ThirdParty/FreeType2/FreeType2-2.4.12/src/base/md5.h,1,0,1
/media/ullmann/HDDGabriel/engines/UnrealEngine/Engine/Source/Runtime/RenderCore/Public/RenderGraphValidation.h,1,1,2
/media/ullmann/HDDGabriel/engines/UnrealEngine/Engine/Source/ThirdParty/OpenVDB/openvdb-8.1.0/openvdb_houdini/openvdb_houdini/abitest/main.cc,0,1,1
/media/ullmann/HDDGabriel/engines/UnrealEngine/Engine/Source/ThirdParty/OpenVDB/openvdb-8.1.0/openvdb_houdini/openvdb_houdini/abitest/TestABI.h,1,0,1
/media/ullmann/HDDGabriel/engines/UnrealEngine/Engine/Source/ThirdParty/MCPP/mcpp-2.7.2/cpp-test/test-l/nest81.h,1,1,2
/media/ullmann/HDDGabriel/engines/UnrealEngine/Engine/Source/ThirdParty/nvTextureTools/nvTextureTools-2.0.6/src/src/nvtt/InputOptions.cpp,0,2,2
/media/ullmann/HDDGabriel/engines/UnrealEngine/Engine/Source/ThirdParty/Intel/MetricsDiscovery/MetricsDiscoveryHelper/metrics-discovery/external/drm/i915_drm.h,0,1,1
/media/ullmann/HDDGabriel/engines/UnrealEngine/Engine/Source/ThirdParty/Intel/MetricsDiscovery/MetricsDiscoveryHelper/metrics-discovery/external/drm/drm.h,1,0,1
/media/ullmann/HDDGabriel/engines/UnrealEngine/Engine/Source/ThirdParty/ICU/icu4c-53_1/source/test/intltest/lcukocol.h,2,1,3
/media/ullmann/HDDGabriel/engines/UnrealEngine/Engine/Source/Editor/ComponentVisualizers/Public/SplineGeneratorPanel.h,0,1,1
/media/ullmann/HDDGabriel/engines/UnrealEngine/Engine/Source/Editor/ComponentVisualizers/Public/SplineComponentVisualizer.h,1,0,1
/media/ullmann/HDDGabriel/engines/UnrealEngine/Engine/Source/Runtime/D3D12RHI/Private/D3D12Allocation.cpp,0,2,2
/media/ullmann/HDDGabriel/engines/UnrealEngine/Engine/Source/Runtime/Experimental/Chaos/Public/Chaos/Capsule.h,0,1,1
/media/ullmann/HDDGabriel/engines/UnrealEngine/Engine/Source/Runtime/Core/Public/UObject/FrameworkObjectVersion.h,1,0,1
/media/ullmann/HDDGabriel/engines/UnrealEngine/Engine/Source/Editor/BlueprintGraph/Classes/K2Node_VariableSet.h,0,1,1
/media/ullmann/HDDGabriel/engines/UnrealEngine/Engine/Source/ThirdParty/zlib/zlib-1.2.5/Src/contrib/minizip/unzip.c,0,2,2
/media/ullmann/HDDGabriel/engines/UnrealEngine/Engine/Source/Developer/Windows/LiveCoding/Private/External/LC_FixedSizeString.cpp,1,2,3
/media/ullmann/HDDGabriel/engines/UnrealEngine/Engine/Source/Developer/Windows/LiveCoding/Private/External/LC_FixedSizeString.h,2,1,3
/media/ullmann/HDDGabriel/engines/UnrealEngine/Engine/Source/ThirdParty/Intel/MetricsDiscovery/MetricsDiscoveryHelper/samples/range_sample_dx11/imgui/examples/directx9_example/main.cpp,0,1,1
/media/ullmann/HDDGabriel/engines/UnrealEngine/Engine/Source/ThirdParty/AMD/Amf/core/ComputeFactory.h,1,1,2
/media/ullmann/HDDGabriel/engines/UnrealEngine/Engine/Source/ThirdParty/libOpus/opus-1.3.1-12/src/mapping_matrix.h,4,0,4
/media/ullmann/HDDGabriel/engines/UnrealEngine/Engine/Source/ThirdParty/zlib/zlib-1.2.5/Src/contrib/minizip/mztools.h,0,1,1
/media/ullmann/HDDGabriel/engines/UnrealEngine/Engine/Source/ThirdParty/ShaderConductor/ShaderConductor/External/DirectXShaderCompiler/lib/DxilRootSignature/DxilRootSignature.cpp,0,1,1
/media/ullmann/HDDGabriel/engines/UnrealEngine/Engine/Source/Editor/PropertyEditor/Public/ISinglePropertyView.h,0,1,1
/media/ullmann/HDDGabriel/engines/UnrealEngine/Engine/Source/ThirdParty/ICU/icu4c-64_1/source/tools/gentest/genres32.c,0,1,1
/media/ullmann/HDDGabriel/engines/UnrealEngine/Engine/Source/ThirdParty/ICU/icu4c-64_1/source/tools/gentest/gentest.h,2,0,2
/media/ullmann/HDDGabriel/engines/UnrealEngine/Engine/Source/ThirdParty/EOSSDK/SDK/Include/eos_anticheatserver.h,0,1,1
/media/ullmann/HDDGabriel/engines/UnrealEngine/Engine/Source/ThirdParty/ShaderConductor/ShaderConductor/External/SPIRV-Cross/spirv_reflect.hpp,3,1,4
/media/ullmann/HDDGabriel/engines/UnrealEngine/Engine/Source/ThirdParty/Alembic/alembic-1.8.2/python/PyAlembic/PyFilmBackXformOp.cpp,0,1,1
/media/ullmann/HDDGabriel/engines/UnrealEngine/Engine/Source/ThirdParty/FreeImage/FreeImage-3.18.0/Source/LibJPEG/jdmainct.c,0,2,2
/media/ullmann/HDDGabriel/engines/UnrealEngine/Engine/Source/ThirdParty/libOpus/opus-1.0.3/silk/NSQ_del_dec.c,0,1,1
/media/ullmann/HDDGabriel/engines/UnrealEngine/Engine/Source/ThirdParty/openexr/Deploy/openexr-3.1.1/include/OpenEXR/ImfArray.h,2,1,3
/media/ullmann/HDDGabriel/engines/UnrealEngine/Engine/Source/ThirdParty/PhysX3/PhysX_3.4/Source/Common/src/CmQueue.h,0,1,1
/media/ullmann/HDDGabriel/engines/UnrealEngine/Engine/Source/Runtime/CoreUObject/Public/Templates/NonNullSubclassOf.h,0,1,1
/media/ullmann/HDDGabriel/engines/UnrealEngine/Engine/Source/Runtime/CoreUObject/Public/Templates/SubclassOf.h,2,0,2
/media/ullmann/HDDGabriel/engines/UnrealEngine/Engine/Source/ThirdParty/Imath/Imath-3.1.3/src/python/PyImath/PyImathFixedArray2D.h,1,2,3
/media/ullmann/HDDGabriel/engines/UnrealEngine/Engine/Source/Editor/DetailCustomizations/Private/SoftClassPathCustomization.cpp,0,1,1
/media/ullmann/HDDGabriel/engines/UnrealEngine/Engine/Source/Editor/Layers/Private/LayerViewModel.h,5,0,5
/media/ullmann/HDDGabriel/engines/UnrealEngine/Engine/Source/Editor/LevelEditor/Private/Elements/Actor/ActorElementLevelEditorSelectionCustomization.h,1,0,1
/media/ullmann/HDDGabriel/engines/UnrealEngine/Engine/Source/ThirdParty/PhysX3/PhysX_3.4/Source/GeomUtils/src/mesh/GuTriangleVertexPointers.h,1,1,2
/media/ullmann/HDDGabriel/engines/UnrealEngine/Engine/Source/ThirdParty/ICU/icu4c-53_1/source/test/perf/ubrkperf/ubrkperf.cpp,0,1,1
/media/ullmann/HDDGabriel/engines/UnrealEngine/Engine/Source/ThirdParty/ICU/icu4c-53_1/source/test/perf/ubrkperf/ubrkperf.h,1,0,1
/media/ullmann/HDDGabriel/engines/UnrealEngine/Engine/Source/Developer/PhysicsUtilities/Private/PhysicsAssetUtils.cpp,0,1,1
/media/ullmann/HDDGabriel/engines/UnrealEngine/Engine/Source/Developer/PhysicsUtilities/Private/SkinnedBoneTriangleCache.h,2,0,2
/media/ullmann/HDDGabriel/engines/UnrealEngine/Engine/Source/ThirdParty/Steamworks/Steamv151/sdk/public/steam/steamhttpenums.h,1,0,1
/media/ullmann/HDDGabriel/engines/UnrealEngine/Engine/Source/ThirdParty/WebRTC/4147/Include/third_party/opus/src/celt/mdct.h,1,3,4
/media/ullmann/HDDGabriel/engines/UnrealEngine/Engine/Source/Runtime/Online/HTTP/Public/PlatformHttp.h,1,0,1
/media/ullmann/HDDGabriel/engines/UnrealEngine/Engine/Source/ThirdParty/Intel/TBB/IntelTBB-2019u8/examples/parallel_reduce/primes/main.cpp,0,2,2
/media/ullmann/HDDGabriel/engines/UnrealEngine/Engine/Source/ThirdParty/Intel/TBB/IntelTBB-2019u8/examples/parallel_reduce/primes/primes.h,2,0,2
/media/ullmann/HDDGabriel/engines/UnrealEngine/Engine/Source/Runtime/Windows/D3D11RHI/Private/Windows/D3D11StateCache.h,1,0,1
/media/ullmann/HDDGabriel/engines/UnrealEngine/Engine/Source/Runtime/Online/BuildPatchServices/Private/Installer/MessagePump.h,1,0,1
/media/ullmann/HDDGabriel/engines/UnrealEngine/Engine/Source/ThirdParty/FakeIt/2.0.2/tests/msc_type_info_tests.cpp,0,1,1
/media/ullmann/HDDGabriel/engines/UnrealEngine/Engine/Source/Developer/Windows/LiveCoding/Private/External/LC_HeartBeat.cpp,0,5,5
/media/ullmann/HDDGabriel/engines/UnrealEngine/Engine/Source/ThirdParty/PhysX3/APEX_1.4/module/destructible/include/autogen/DestructibleActorParam.h,1,0,1
/media/ullmann/HDDGabriel/engines/UnrealEngine/Engine/Source/Developer/ProjectLauncher/Private/Widgets/Project/SProjectLauncherProjectPicker.cpp,0,1,1
/media/ullmann/HDDGabriel/engines/UnrealEngine/Engine/Source/Developer/ProjectLauncher/Private/Widgets/Project/SProjectLauncherProjectPicker.h,1,0,1
/media/ullmann/HDDGabriel/engines/UnrealEngine/Engine/Source/Editor/MovieSceneTools/Private/TrackEditors/ParticleTrackEditor.h,1,0,1
/media/ullmann/HDDGabriel/engines/UnrealEngine/Engine/Source/Editor/SceneOutliner/Private/ActorBrowsingModeSettings.h,1,0,1
/media/ullmann/HDDGabriel/engines/UnrealEngine/Engine/Source/ThirdParty/mtlpp/mtlpp-master-7efad47/src/imp_ParallelRenderCommandEncoder.hpp,1,1,2
/media/ullmann/HDDGabriel/engines/UnrealEngine/Engine/Source/ThirdParty/OpenVDB/openvdb-8.1.0/openvdb/openvdb/unittest/TestLeafMask.cc,0,1,1
/media/ullmann/HDDGabriel/engines/UnrealEngine/Engine/Source/ThirdParty/Alembic/alembic-1.8.2/bin/AbcStitcher/util.cpp,0,1,1
/media/ullmann/HDDGabriel/engines/UnrealEngine/Engine/Source/Runtime/InteractiveToolsFramework/Public/InputState.h,2,0,2
/media/ullmann/HDDGabriel/engines/UnrealEngine/Engine/Source/Runtime/Renderer/Private/PostProcess/PostProcessStreamingAccuracyLegend.h,1,0,1
/media/ullmann/HDDGabriel/engines/UnrealEngine/Engine/Source/ThirdParty/CryptoPP/5.6.2/include/simple.cpp,0,3,3
/media/ullmann/HDDGabriel/engines/UnrealEngine/Engine/Source/Developer/ToolMenus/Public/ToolMenuOwner.h,3,0,3
/media/ullmann/HDDGabriel/engines/UnrealEngine/Engine/Source/Developer/SourceControl/Public/ISourceControlProvider.h,3,4,7
/media/ullmann/HDDGabriel/engines/UnrealEngine/Engine/Source/ThirdParty/ShaderConductor/ShaderConductor/External/DirectXShaderCompiler/utils/TableGen/CodeGenIntrinsics.h,3,0,3
/media/ullmann/HDDGabriel/engines/UnrealEngine/Engine/Source/Editor/Blutility/Classes/ActorActionUtility.h,0,1,1
/media/ullmann/HDDGabriel/engines/UnrealEngine/Engine/Source/Editor/Blutility/Classes/EditorUtilityObject.h,2,0,2
/media/ullmann/HDDGabriel/engines/UnrealEngine/Engine/Source/Runtime/RenderCore/Public/RenderGraphAllocator.h,2,0,2
/media/ullmann/HDDGabriel/engines/UnrealEngine/Engine/Source/Developer/AudioFormatADPCM/Private/AudioFormatADPCM.cpp,0,1,1
/media/ullmann/HDDGabriel/engines/UnrealEngine/Engine/Source/Developer/AudioFormatADPCM/Private/AudioFormatADPCM.h,1,0,1
/media/ullmann/HDDGabriel/engines/UnrealEngine/Engine/Source/ThirdParty/ICU/icu4c-64_1/source/test/cintltst/cldrtest.c,0,1,1
/media/ullmann/HDDGabriel/engines/UnrealEngine/Engine/Source/ThirdParty/FreeType2/FreeType2-2.4.12/src/sfnt/ttpost.h,2,0,2
/media/ullmann/HDDGabriel/engines/UnrealEngine/Engine/Source/ThirdParty/ICU/icu4c-64_1/source/tools/genrb/errmsg.c,0,1,1
/media/ullmann/HDDGabriel/engines/UnrealEngine/Engine/Source/ThirdParty/ICU/icu4c-64_1/source/test/fuzzer/number_format_fuzzer.cc,0,1,1
/media/ullmann/HDDGabriel/engines/UnrealEngine/Engine/Source/Runtime/Slate/Public/Widgets/Text/SMultiLineEditableText.h,2,0,2
/media/ullmann/HDDGabriel/engines/UnrealEngine/Engine/Source/ThirdParty/OpenAL/1.18.1/include/AL/efx.h,1,2,3
/media/ullmann/HDDGabriel/engines/UnrealEngine/Engine/Source/ThirdParty/OpenAL/1.18.1/include/AL/alc.h,2,0,2
/media/ullmann/HDDGabriel/engines/UnrealEngine/Engine/Source/Developer/ShaderFormatVectorVM/Private/ir_vm_scalarize_visitor.cpp,0,1,1
/media/ullmann/HDDGabriel/engines/UnrealEngine/Engine/Source/ThirdParty/Python3/Linux/include/python3.9/listobject.h,1,1,2
/media/ullmann/HDDGabriel/engines/UnrealEngine/Engine/Source/ThirdParty/Python3/Linux/include/python3.9/cpython/listobject.h,1,0,1
/media/ullmann/HDDGabriel/engines/UnrealEngine/Engine/Source/Runtime/Media/Public/IMediaOverlaySample.h,0,1,1
/media/ullmann/HDDGabriel/engines/UnrealEngine/Engine/Source/ThirdParty/ICU/icu4c-53_1/source/test/cintltst/capitst.h,1,2,3
/media/ullmann/HDDGabriel/engines/UnrealEngine/Engine/Source/ThirdParty/Boost/boost-1_70_0/include/boost/polygon/detail/polygon_sort_adaptor.hpp,1,0,1
/media/ullmann/HDDGabriel/engines/UnrealEngine/Engine/Source/Runtime/VulkanRHI/Private/VulkanUAV.cpp,0,3,3
/media/ullmann/HDDGabriel/engines/UnrealEngine/Engine/Source/ThirdParty/HWCPipe/include/vendor/arm/pmu/pmu_counter.h,2,0,2
/media/ullmann/HDDGabriel/engines/UnrealEngine/Engine/Source/Runtime/TraceLog/Public/Trace/Detail/Protocols/Protocol3.h,1,0,1
/media/ullmann/HDDGabriel/engines/UnrealEngine/Engine/Source/ThirdParty/PhysX3/PhysX_3.4/Source/PhysXCooking/src/convex/ConvexHullBuilder.cpp,0,2,2
/media/ullmann/HDDGabriel/engines/UnrealEngine/Engine/Source/ThirdParty/PLCrashReporter/PLCrashReporter/Source/PLCrashAsyncThread_current_defs.h,1,0,1
/media/ullmann/HDDGabriel/engines/UnrealEngine/Engine/Source/Editor/Blutility/Classes/AssetActionUtility.h,0,1,1
/media/ullmann/HDDGabriel/engines/UnrealEngine/Engine/Source/ThirdParty/Windows/DirectXLegacy/Include/d3dx9xof.h,1,1,2
/media/ullmann/HDDGabriel/engines/UnrealEngine/Engine/Source/ThirdParty/Perforce/p4api-2018.1/Include/Win64/VS2015/p4/error.h,2,0,2
/media/ullmann/HDDGabriel/engines/UnrealEngine/Engine/Source/Runtime/Renderer/Private/HairStrands/HairStrandsDeepShadow.cpp,0,5,5
/media/ullmann/HDDGabriel/engines/UnrealEngine/Engine/Source/ThirdParty/MCPP/mcpp-2.7.2/cpp-test/test-l/nest53.h,1,1,2
/media/ullmann/HDDGabriel/engines/UnrealEngine/Engine/Source/ThirdParty/MCPP/mcpp-2.7.2/cpp-test/test-l/nest54.h,1,1,2
/media/ullmann/HDDGabriel/engines/UnrealEngine/Engine/Source/ThirdParty/ShaderConductor/ShaderConductor/External/DirectXShaderCompiler/tools/clang/lib/StaticAnalyzer/Checkers/CheckObjCInstMethSignature.cpp,0,1,1
/media/ullmann/HDDGabriel/engines/UnrealEngine/Engine/Source/Editor/ContentBrowser/Private/SourcesSearch.cpp,0,1,1
/media/ullmann/HDDGabriel/engines/UnrealEngine/Engine/Source/Editor/ContentBrowser/Private/SourcesSearch.h,4,0,4
/media/ullmann/HDDGabriel/engines/UnrealEngine/Engine/Source/ThirdParty/SDL2/SDL-gui-backend/src/video/dummy/SDL_nullframebuffer.c,0,3,3
/media/ullmann/HDDGabriel/engines/UnrealEngine/Engine/Source/Runtime/AudioAnalyzer/Classes/AudioAnalyzerSubsystem.h,0,1,1
/media/ullmann/HDDGabriel/engines/UnrealEngine/Engine/Source/Runtime/AudioAnalyzer/Classes/AudioAnalyzer.h,1,1,2
/media/ullmann/HDDGabriel/engines/UnrealEngine/Engine/Source/ThirdParty/PLCrashReporter/PLCrashReporter/Tests/PLCrashLogWriterEncodingTests.pb-c.c,0,1,1
/media/ullmann/HDDGabriel/engines/UnrealEngine/Engine/Source/ThirdParty/PLCrashReporter/PLCrashReporter/Tests/PLCrashLogWriterEncodingTests.pb-c.h,1,0,1
/media/ullmann/HDDGabriel/engines/UnrealEngine/Engine/Source/ThirdParty/Steamworks/Steamv151/sdk/public/steam/isteamnetworkingmessages.h,1,2,3
/media/ullmann/HDDGabriel/engines/UnrealEngine/Engine/Source/Runtime/SlateCore/Public/Application/ThrottleManager.h,1,0,1
/media/ullmann/HDDGabriel/engines/UnrealEngine/Engine/Source/ThirdParty/ShaderConductor/ShaderConductor/External/DirectXShaderCompiler/tools/clang/lib/ARCMigrate/TransProperties.cpp,0,2,2
/media/ullmann/HDDGabriel/engines/UnrealEngine/Engine/Source/ThirdParty/libcurl/curl-7.55.1/include/Win32/VS2015/curl/system.h,1,0,1
/media/ullmann/HDDGabriel/engines/UnrealEngine/Engine/Source/ThirdParty/SDL2/SDL-gui-backend/src/audio/alsa/SDL_alsa_audio.c,0,3,3
/media/ullmann/HDDGabriel/engines/UnrealEngine/Engine/Source/Programs/IOS/UnrealLaunchDaemon/Private/IOS/IOSLaunchDaemonView.cpp,0,1,1
/media/ullmann/HDDGabriel/engines/UnrealEngine/Engine/Source/Programs/IOS/UnrealLaunchDaemon/Private/IOS/IOSLaunchDaemonView.h,2,0,2
/media/ullmann/HDDGabriel/engines/UnrealEngine/Engine/Source/Runtime/Apple/AGXRHI/Private/Shaders/Debugging/AGXShaderDebugCache.cpp,0,2,2
/media/ullmann/HDDGabriel/engines/UnrealEngine/Engine/Source/ThirdParty/Android/libunwind/libunwind/src/aarch64/Linit.c,0,1,1
/media/ullmann/HDDGabriel/engines/UnrealEngine/Engine/Source/Editor/ViewportInteraction/ViewportInteractorData.h,1,0,1
/media/ullmann/HDDGabriel/engines/UnrealEngine/Engine/Source/ThirdParty/ShaderConductor/ShaderConductor/External/DirectXShaderCompiler/tools/clang/lib/StaticAnalyzer/Checkers/NSAutoreleasePoolChecker.cpp,0,1,1
/media/ullmann/HDDGabriel/engines/UnrealEngine/Engine/Source/Programs/UnrealMultiUserServer/Private/UnrealMultiUserServerMain.cpp,0,1,1
/media/ullmann/HDDGabriel/engines/UnrealEngine/Engine/Source/ThirdParty/FreeImage/FreeImage-3.18.0/Wrapper/FreeImagePlus/test/fipTestMPageMemory.cpp,0,1,1
/media/ullmann/HDDGabriel/engines/UnrealEngine/Engine/Source/ThirdParty/hlslcc/hlslcc/src/hlslcc_lib/glcpp-parse.cpp,0,2,2
/media/ullmann/HDDGabriel/engines/UnrealEngine/Engine/Source/ThirdParty/ICU/icu4c-53_1/source/test/cintltst/custrtst.c,0,1,1
/media/ullmann/HDDGabriel/engines/UnrealEngine/Engine/Source/ThirdParty/Boost/boost-1_70_0/include/boost/outcome/outcome.hpp,1,2,3
/media/ullmann/HDDGabriel/engines/UnrealEngine/Engine/Source/ThirdParty/coremod/coremod-4.2.6/src/load_helpers.c,0,2,2
/media/ullmann/HDDGabriel/engines/UnrealEngine/Engine/Source/ThirdParty/WebRTC/4147/Include/tools/clang/blink_gc_plugin/tests/raw_ptr_to_gc_managed_class.h,0,1,1
/media/ullmann/HDDGabriel/engines/UnrealEngine/Engine/Source/ThirdParty/SDL2/SDL-gui-backend/src/timer/unix/SDL_systimer.c,0,2,2
/media/ullmann/HDDGabriel/engines/UnrealEngine/Engine/Source/Editor/EditorConfig/Public/JsonConfig.inl,1,0,1
/media/ullmann/HDDGabriel/engines/UnrealEngine/Engine/Source/ThirdParty/ShaderConductor/ShaderConductor/External/DirectXShaderCompiler/lib/CodeGen/AsmPrinter/DbgValueHistoryCalculator.cpp,0,1,1
/media/ullmann/HDDGabriel/engines/UnrealEngine/Engine/Source/Runtime/Experimental/Chaos/Public/Chaos/UniformGrid.h,1,0,1
/media/ullmann/HDDGabriel/engines/UnrealEngine/Engine/Source/Runtime/AssetRegistry/Public/AssetRegistryModule.h,0,1,1
/media/ullmann/HDDGabriel/engines/UnrealEngine/Engine/Source/Runtime/AssetRegistry/Public/AssetRegistry/AssetRegistryModule.h,1,0,1
/media/ullmann/HDDGabriel/engines/UnrealEngine/Engine/Source/Editor/DetailCustomizations/Private/PerPlatformPropertyCustomization.cpp,0,1,1
/media/ullmann/HDDGabriel/engines/UnrealEngine/Engine/Source/Editor/DetailCustomizations/Private/SPerPlatformPropertiesWidget.h,2,0,2
/media/ullmann/HDDGabriel/engines/UnrealEngine/Engine/Source/ThirdParty/PhysX3/APEX_1.4/module/clothing/include/autogen/ClothingAssetParameters.h,1,0,1
/media/ullmann/HDDGabriel/engines/UnrealEngine/Engine/Source/ThirdParty/MCPP/mcpp-2.7.2/test-c/n_25.c,0,1,1
/media/ullmann/HDDGabriel/engines/UnrealEngine/Engine/Source/Runtime/AVEncoder/Private/Decoders/vdecmpeg4/M4MemOps_Generic.cpp,0,6,6
/media/ullmann/HDDGabriel/engines/UnrealEngine/Engine/Source/ThirdParty/OpenVDB/openvdb-8.1.0/openvdb_ax/openvdb_ax/test/frontend/TestValueNode.cc,0,1,1
/media/ullmann/HDDGabriel/engines/UnrealEngine/Engine/Source/Editor/Kismet/Private/SMyBlueprint.cpp,0,6,6
/media/ullmann/HDDGabriel/engines/UnrealEngine/Engine/Source/Editor/Kismet/Private/BPGraphClipboardData.h,2,0,2
/media/ullmann/HDDGabriel/engines/UnrealEngine/Engine/Source/ThirdParty/ShaderConductor/ShaderConductor/External/SPIRV-Tools/test/opt/assembly_builder.h,2,0,2
/media/ullmann/HDDGabriel/engines/UnrealEngine/Engine/Source/ThirdParty/ICU/icu4c-53_1/source/common/locmap.c,0,3,3
/media/ullmann/HDDGabriel/engines/UnrealEngine/Engine/Source/ThirdParty/ICU/icu4c-64_1/source/test/intltest/erarulestest.cpp,0,1,1
/media/ullmann/HDDGabriel/engines/UnrealEngine/Engine/Source/ThirdParty/PhysX3/PhysX_3.4/Source/PhysXCooking/src/Cooking.cpp,0,2,2
/media/ullmann/HDDGabriel/engines/UnrealEngine/Engine/Source/ThirdParty/PhysX3/PhysX_3.4/Source/PhysXCooking/src/Cooking.h,1,0,1
/media/ullmann/HDDGabriel/engines/UnrealEngine/Engine/Source/ThirdParty/libPNG/libPNG-1.5.27/pngread.c,0,1,1
/media/ullmann/HDDGabriel/engines/UnrealEngine/Engine/Source/Runtime/Engine/Public/MaterialShaderType.h,2,0,2
/media/ullmann/HDDGabriel/engines/UnrealEngine/Engine/Source/ThirdParty/Intel/ISPC/ispc-1.16.1/examples/cpu/aobench/ao.cpp,0,1,1
/media/ullmann/HDDGabriel/engines/UnrealEngine/Engine/Source/ThirdParty/WebRTC/4147/Include/tools/clang/blink_gc_plugin/tests/polymorphic_class_with_non_virtual_trace.h,0,1,1
/media/ullmann/HDDGabriel/engines/UnrealEngine/Engine/Source/ThirdParty/Perforce/p4api-2021.2/Include/Mac/p4/error.h,2,0,2
/media/ullmann/HDDGabriel/engines/UnrealEngine/Engine/Source/ThirdParty/PhysX3/PhysX_3.4/Include/particles/PxParticleSystem.h,2,0,2
/media/ullmann/HDDGabriel/engines/UnrealEngine/Engine/Source/Runtime/Core/Public/HAL/Runnable.h,2,0,2
/media/ullmann/HDDGabriel/engines/UnrealEngine/Engine/Source/ThirdParty/ICU/icu4c-53_1/source/tools/gentest/gentest.c,0,1,1
/media/ullmann/HDDGabriel/engines/UnrealEngine/Engine/Source/ThirdParty/ICU/icu4c-53_1/source/tools/gentest/gentest.h,2,0,2
/media/ullmann/HDDGabriel/engines/UnrealEngine/Engine/Source/ThirdParty/FreeType2/FreeType2-2.10.4/src/sfnt/ttload.c,1,2,3
/media/ullmann/HDDGabriel/engines/UnrealEngine/Engine/Source/ThirdParty/FreeType2/FreeType2-2.4.12/src/gxvalid/gxvmort1.c,1,1,2
/media/ullmann/HDDGabriel/engines/UnrealEngine/Engine/Source/ThirdParty/Intel/TBB/IntelTBB-2019u8/src/test/test_malloc_pools.cpp,0,4,4
/media/ullmann/HDDGabriel/engines/UnrealEngine/Engine/Source/Runtime/Core/Public/Async/AsyncWork.h,2,0,2
/media/ullmann/HDDGabriel/engines/UnrealEngine/Engine/Source/Programs/Enterprise/Datasmith/DatasmithARCHICADExporter/Private/ProjectEvent.cpp,0,4,4
/media/ullmann/HDDGabriel/engines/UnrealEngine/Engine/Source/ThirdParty/PhysX3/APEX_1.4/module/destructible_legacy/include/autogen/DestructibleAssetParameters_0p18.h,1,0,1
/media/ullmann/HDDGabriel/engines/UnrealEngine/Engine/Source/Editor/GraphEditor/Private/GraphEditorModule.cpp,0,1,1
/media/ullmann/HDDGabriel/engines/UnrealEngine/Engine/Source/ThirdParty/coremod/coremod-4.2.6/src/loaders/xm.h,1,0,1
/media/ullmann/HDDGabriel/engines/UnrealEngine/Engine/Source/Runtime/Engine/Classes/Engine/BookMark2D.h,0,1,1
/media/ullmann/HDDGabriel/engines/UnrealEngine/Engine/Source/Runtime/Engine/Classes/Engine/BookmarkBase.h,1,0,1
/media/ullmann/HDDGabriel/engines/UnrealEngine/Engine/Source/ThirdParty/Boost/boost-1_70_0/include/boost/outcome/trait.hpp,1,1,2
/media/ullmann/HDDGabriel/engines/UnrealEngine/Engine/Source/ThirdParty/ICU/icu4c-53_1/source/i18n/quantityformatter.h,3,0,3
/media/ullmann/HDDGabriel/engines/UnrealEngine/Engine/Source/ThirdParty/Python3/Mac/include/cpython/methodobject.h,1,0,1
/media/ullmann/HDDGabriel/engines/UnrealEngine/Engine/Source/ThirdParty/ShaderConductor/ShaderConductor/External/DirectXShaderCompiler/tools/clang/lib/Parse/ParseInit.cpp,0,1,1
/media/ullmann/HDDGabriel/engines/UnrealEngine/Engine/Source/ThirdParty/ICU/icu4c-53_1/source/i18n/zrule.h,1,0,1
/media/ullmann/HDDGabriel/engines/UnrealEngine/Engine/Source/ThirdParty/glslang/glslang/src/glslang_lib/glslang/MachineIndependent/attribute.cpp,0,3,3
/media/ullmann/HDDGabriel/engines/UnrealEngine/Engine/Source/ThirdParty/rpclib/Source/include/rpc/msgpack/adaptor/vector_bool.hpp,1,0,1
/media/ullmann/HDDGabriel/engines/UnrealEngine/Engine/Source/ThirdParty/Android/libunwind/libunwind/src/ppc64/Lregs.c,0,1,1
/media/ullmann/HDDGabriel/engines/UnrealEngine/Engine/Source/ThirdParty/SDL2/SDL-gui-backend/src/power/uikit/SDL_syspower.h,0,1,1
/media/ullmann/HDDGabriel/engines/UnrealEngine/Engine/Source/Runtime/CoreUObject/Public/UObject/ConstructorHelpers.h,1,0,1
/media/ullmann/HDDGabriel/engines/UnrealEngine/Engine/Source/Runtime/Renderer/Private/VT/TexturePageMap.cpp,0,4,4
/media/ullmann/HDDGabriel/engines/UnrealEngine/Engine/Source/ThirdParty/OpenVDB/Deploy/openvdb-8.1.0/include/openvdb/points/PointMask.h,1,2,3
/media/ullmann/HDDGabriel/engines/UnrealEngine/Engine/Source/Editor/VREditor/VREditorModeManager.h,2,0,2
/media/ullmann/HDDGabriel/engines/UnrealEngine/Engine/Source/Runtime/Engine/Public/DebugRenderSceneProxy.h,0,2,2
/media/ullmann/HDDGabriel/engines/UnrealEngine/Engine/Source/Runtime/Analytics/Analytics/Public/AnalyticsPropertyStore.h,0,1,1
/media/ullmann/HDDGabriel/engines/UnrealEngine/Engine/Source/Runtime/Analytics/Analytics/Public/Interfaces/IAnalyticsPropertyStore.h,1,0,1
/media/ullmann/HDDGabriel/engines/UnrealEngine/Engine/Source/ThirdParty/CryptoPP/5.6.2/include/emsa2.cpp,0,2,2
/media/ullmann/HDDGabriel/engines/UnrealEngine/Engine/Source/Editor/CurveEditor/Private/CurveEditor.cpp,0,2,2
/media/ullmann/HDDGabriel/engines/UnrealEngine/Engine/Source/Editor/CurveEditor/Private/CurveEditorCopyBuffer.h,1,0,1
/media/ullmann/HDDGabriel/engines/UnrealEngine/Engine/Source/Runtime/Renderer/Private/Lumen/LumenViewState.h,1,0,1
/media/ullmann/HDDGabriel/engines/UnrealEngine/Engine/Source/Editor/BlueprintGraph/Private/BlueprintActionDatabaseRegistrar.cpp,0,1,1
/media/ullmann/HDDGabriel/engines/UnrealEngine/Engine/Source/ThirdParty/OpenSubdiv/OpenSubdiv-3.4.4/examples/common/d3d11ControlMeshDisplay.cpp,0,2,2
/media/ullmann/HDDGabriel/engines/UnrealEngine/Engine/Source/ThirdParty/ICU/icu4c-53_1/source/test/iotest/iotest.cpp,0,1,1
/media/ullmann/HDDGabriel/engines/UnrealEngine/Engine/Source/ThirdParty/ICU/icu4c-53_1/source/test/intltest/punyref.h,3,0,3
/media/ullmann/HDDGabriel/engines/UnrealEngine/Engine/Source/ThirdParty/FBX/2020.2/include/fbxsdk/utils/fbxusernotification.h,1,0,1
/media/ullmann/HDDGabriel/engines/UnrealEngine/Engine/Source/ThirdParty/Python3/Mac/include/compile.h,1,0,1
/media/ullmann/HDDGabriel/engines/UnrealEngine/Engine/Source/ThirdParty/Intel/TBB/IntelTBB-2019u8/src/tbb/concurrent_monitor.cpp,1,1,2
/media/ullmann/HDDGabriel/engines/UnrealEngine/Engine/Source/Runtime/RenderCore/Private/RenderGraphPass.cpp,0,1,1
/media/ullmann/HDDGabriel/engines/UnrealEngine/Engine/Source/Editor/UnrealEd/Public/Elements/TypedElementEditorLog.cpp,0,1,1
/media/ullmann/HDDGabriel/engines/UnrealEngine/Engine/Source/Editor/UnrealEd/Public/Elements/TypedElementEditorLog.h,1,0,1
/media/ullmann/HDDGabriel/engines/UnrealEngine/Engine/Source/Runtime/Slate/Public/Framework/Text/ISlateRun.h,2,0,2
/media/ullmann/HDDGabriel/engines/UnrealEngine/Engine/Source/Editor/Persona/Private/AnimTimeline/AnimTimelineTrack_TimingPanel.cpp,0,2,2
/media/ullmann/HDDGabriel/engines/UnrealEngine/Engine/Source/ThirdParty/libOpus/opus-1.0.3/silk/float/k2a_FLP.c,0,1,1
/media/ullmann/HDDGabriel/engines/UnrealEngine/Engine/Source/ThirdParty/PhysX3/APEX_1.4/framework/include/autogen/BufferU32x2.h,1,0,1
/media/ullmann/HDDGabriel/engines/UnrealEngine/Engine/Source/Runtime/Landscape/Classes/LandscapeSplineControlPoint.h,0,1,1
/media/ullmann/HDDGabriel/engines/UnrealEngine/Engine/Source/ThirdParty/NVIDIA/NVaftermath/include/GFSDK_Aftermath_GpuCrashDumpDecoding.h,0,1,1
/media/ullmann/HDDGabriel/engines/UnrealEngine/Engine/Source/Runtime/Engine/Public/WeightedRandomSampler.h,1,0,1
/media/ullmann/HDDGabriel/engines/UnrealEngine/Engine/Source/ThirdParty/nvTextureTools/nvTextureTools-2.0.6/src/src/nvtt/squish/clusterfit.cpp,0,3,3
/media/ullmann/HDDGabriel/engines/UnrealEngine/Engine/Source/ThirdParty/PhysX3/PhysX_3.4/Source/LowLevel/common/include/pipeline/PxcNpCacheStreamPair.h,2,1,3
/media/ullmann/HDDGabriel/engines/UnrealEngine/Engine/Source/ThirdParty/PhysX3/PhysX_3.4/Source/LowLevel/common/include/pipeline/PxcNpMemBlockPool.h,2,0,2
/media/ullmann/HDDGabriel/engines/UnrealEngine/Engine/Source/ThirdParty/AMD/Amf/components/VideoEncoderHEVC.h,0,3,3
/media/ullmann/HDDGabriel/engines/UnrealEngine/Engine/Source/ThirdParty/ICU/icu4c-53_1/source/test/cintltst/ccurrtst.c,0,3,3
/media/ullmann/HDDGabriel/engines/UnrealEngine/Engine/Source/Runtime/SlateCore/Public/Rendering/SlateLayoutTransform.h,1,0,1
/media/ullmann/HDDGabriel/engines/UnrealEngine/Engine/Source/ThirdParty/FreeType2/FreeType2-2.10.4/src/winfonts/winfnt.h,1,0,1
/media/ullmann/HDDGabriel/engines/UnrealEngine/Engine/Source/Editor/ContentBrowser/Private/SCollectionView.h,4,1,5
/media/ullmann/HDDGabriel/engines/UnrealEngine/Engine/Source/ThirdParty/Alembic/alembic-1.8.2/maya/AbcExport/MayaMeshWriter.cpp,0,2,2
/media/ullmann/HDDGabriel/engines/UnrealEngine/Engine/Source/ThirdParty/Intel/Embree/Embree270/src/kernels/common/geometry.cpp,0,2,2
/media/ullmann/HDDGabriel/engines/UnrealEngine/Engine/Source/Runtime/Portal/Rpc/Private/PortalRpcResponder.cpp,0,2,2
/media/ullmann/HDDGabriel/engines/UnrealEngine/Engine/Source/Developer/DirectoryWatcher/Private/DirectoryWatcherProxy.cpp,0,2,2
/media/ullmann/HDDGabriel/engines/UnrealEngine/Engine/Source/Developer/DirectoryWatcher/Private/DirectoryWatcherProxy.h,2,0,2
/media/ullmann/HDDGabriel/engines/UnrealEngine/Engine/Source/Runtime/Apple/MetalRHI/Private/Shaders/MetalCompiledShaderKey.h,2,0,2
/media/ullmann/HDDGabriel/engines/UnrealEngine/Engine/Source/ThirdParty/libOpus/opus-1.3.1-12/silk/LPC_analysis_filter.c,0,1,1
/media/ullmann/HDDGabriel/engines/UnrealEngine/Engine/Source/ThirdParty/SDL2/SDL-gui-backend/src/thread/vita/SDL_sysmutex.c,0,2,2
/media/ullmann/HDDGabriel/engines/UnrealEngine/Engine/Source/ThirdParty/ShaderConductor/ShaderConductor/External/DirectXShaderCompiler/tools/clang/lib/StaticAnalyzer/Checkers/TraversalChecker.cpp,0,1,1
/media/ullmann/HDDGabriel/engines/UnrealEngine/Engine/Source/ThirdParty/OpenVDB/Deploy/openvdb-8.1.0/include/openvdb/math/BBox.h,1,2,3
/media/ullmann/HDDGabriel/engines/UnrealEngine/Engine/Source/ThirdParty/SDL2/SDL-gui-backend/src/video/nacl/SDL_naclevents_c.h,2,2,4
/media/ullmann/HDDGabriel/engines/UnrealEngine/Engine/Source/ThirdParty/ICU/icu4c-53_1/source/i18n/ztrans.h,2,0,2
/media/ullmann/HDDGabriel/engines/UnrealEngine/Engine/Source/ThirdParty/FBX/2020.2/include/fbxsdk/scene/geometry/fbxtrimnurbssurface.h,1,0,1
/media/ullmann/HDDGabriel/engines/UnrealEngine/Engine/Source/Runtime/Core/Public/Async/TaskGraphInterfaces.h,1,0,1
/media/ullmann/HDDGabriel/engines/UnrealEngine/Engine/Source/Developer/ShaderCompilerCommon/Public/ShaderConductorContext.h,1,1,2
/media/ullmann/HDDGabriel/engines/UnrealEngine/Engine/Source/ThirdParty/Windows/DirectX/Include/DXGI.h,0,1,1
/media/ullmann/HDDGabriel/engines/UnrealEngine/Engine/Source/ThirdParty/FreeType2/FreeType2-2.6/Src/sfnt/ttkern.c,1,2,3
/media/ullmann/HDDGabriel/engines/UnrealEngine/Engine/Source/Editor/PhysicsAssetEditor/Private/SkeletonTreePhysicsBodyItem.h,3,0,3
/media/ullmann/HDDGabriel/engines/UnrealEngine/Engine/Source/ThirdParty/libOpus/opus-1.1/silk/resampler.c,0,1,1
/media/ullmann/HDDGabriel/engines/UnrealEngine/Engine/Source/ThirdParty/nvTextureTools/nvTextureTools-2.0.6/src/src/nvtt/tools/benchmark.cpp,0,1,1
/media/ullmann/HDDGabriel/engines/UnrealEngine/Engine/Source/ThirdParty/OpenSubdiv/OpenSubdiv-3.4.4/opensubdiv/hbr/halfedge.h,1,1,2
/media/ullmann/HDDGabriel/engines/UnrealEngine/Engine/Source/Runtime/WebBrowser/Public/SWebBrowserView.h,1,1,2
/media/ullmann/HDDGabriel/engines/UnrealEngine/Engine/Source/Runtime/WebBrowser/Public/IWebBrowserSingleton.h,1,1,2
/media/ullmann/HDDGabriel/engines/UnrealEngine/Engine/Source/Runtime/Core/Public/UObject/RenderingObjectVersion.h,1,0,1
/media/ullmann/HDDGabriel/engines/UnrealEngine/Engine/Source/ThirdParty/WebRTC/4147/Include/third_party/libvpx/source/config/linux/arm64/vp8_rtcd.h,0,1,1
/media/ullmann/HDDGabriel/engines/UnrealEngine/Engine/Source/Runtime/LevelSequence/Public/LevelSequencePlayer.h,2,1,3
/media/ullmann/HDDGabriel/engines/UnrealEngine/Engine/Source/ThirdParty/Intel/Embree/Embree270/src/kernels/common/subdiv/feature_adaptive_eval.h,1,1,2
/media/ullmann/HDDGabriel/engines/UnrealEngine/Engine/Source/Runtime/SlateRHIRenderer/Private/SlateMaterialResource.h,3,0,3
/media/ullmann/HDDGabriel/engines/UnrealEngine/Engine/Source/Developer/MaterialBaking/Private/MaterialRenderItemData.h,2,0,2
/media/ullmann/HDDGabriel/engines/UnrealEngine/Engine/Source/ThirdParty/ShaderConductor/ShaderConductor/External/DirectXShaderCompiler/tools/llvm-diff/DifferenceEngine.cpp,0,1,1
/media/ullmann/HDDGabriel/engines/UnrealEngine/Engine/Source/Runtime/Engine/Private/Rendering/Texture3DResource.h,1,0,1
/media/ullmann/HDDGabriel/engines/UnrealEngine/Engine/Source/Developer/AutomationDriver/Private/AutomatedApplication.cpp,0,2,2
/media/ullmann/HDDGabriel/engines/UnrealEngine/Engine/Source/Runtime/InstallBundleManager/Private/InstallBundleManagerModule.cpp,0,1,1
/media/ullmann/HDDGabriel/engines/UnrealEngine/Engine/Source/ThirdParty/libOpus/opus-1.0.3/silk/control_audio_bandwidth.c,0,2,2
/media/ullmann/HDDGabriel/engines/UnrealEngine/Engine/Source/Editor/ProjectSettingsViewer/Private/ProjectSettingsViewerModule.cpp,0,1,1
/media/ullmann/HDDGabriel/engines/UnrealEngine/Engine/Source/Runtime/Slate/Public/SlateSettings.h,1,0,1
/media/ullmann/HDDGabriel/engines/UnrealEngine/Engine/Source/ThirdParty/ICU/icu4c-53_1/source/test/intltest/tzfmttst.cpp,0,2,2
/media/ullmann/HDDGabriel/engines/UnrealEngine/Engine/Source/ThirdParty/Python3/Win64/include/internal/pycore_warnings.h,1,0,1
/media/ullmann/HDDGabriel/engines/UnrealEngine/Engine/Source/Developer/IOS/IOSTargetPlatform/Private/IOSTargetDeviceOutput.h,2,1,3
/media/ullmann/HDDGabriel/engines/UnrealEngine/Engine/Source/Programs/Enterprise/Datasmith/DatasmithARCHICADExporter/Private/MetaData.h,2,1,3
/media/ullmann/HDDGabriel/engines/UnrealEngine/Engine/Source/ThirdParty/PLCrashReporter/PLCrashReporter/Source/PLCrashAsyncMachOString.h,2,2,4
/media/ullmann/HDDGabriel/engines/UnrealEngine/Engine/Source/Developer/TraceInsights/Private/Insights/TraceInsightsModule.cpp,0,1,1
/media/ullmann/HDDGabriel/engines/UnrealEngine/Engine/Source/Developer/TraceInsights/Private/Insights/TraceInsightsModule.h,1,0,1
/media/ullmann/HDDGabriel/engines/UnrealEngine/Engine/Source/Runtime/AVEncoder/Private/VideoEncoderFactory.cpp,0,2,2
/media/ullmann/HDDGabriel/engines/UnrealEngine/Engine/Source/ThirdParty/ShaderConductor/ShaderConductor/External/DirectXShaderCompiler/tools/clang/lib/Sema/SemaExpr.cpp,0,1,1
/media/ullmann/HDDGabriel/engines/UnrealEngine/Engine/Source/Runtime/Foliage/Private/FoliageComponent.cpp,0,1,1
/media/ullmann/HDDGabriel/engines/UnrealEngine/Engine/Source/Runtime/Foliage/Private/InteractiveFoliageComponent.h,2,0,2
/media/ullmann/HDDGabriel/engines/UnrealEngine/Engine/Source/ThirdParty/ShaderConductor/ShaderConductor/External/DirectXShaderCompiler/include/llvm/Support/ELFRelocs/Hexagon.def,1,0,1
/media/ullmann/HDDGabriel/engines/UnrealEngine/Engine/Source/ThirdParty/ShaderConductor/ShaderConductor/External/DirectXShaderCompiler/tools/opt/NewPMDriver.cpp,0,1,1
/media/ullmann/HDDGabriel/engines/UnrealEngine/Engine/Source/ThirdParty/ShaderConductor/ShaderConductor/External/DirectXShaderCompiler/tools/opt/NewPMDriver.h,2,0,2
/media/ullmann/HDDGabriel/engines/UnrealEngine/Engine/Source/ThirdParty/PhysX3/PhysX_3.4/Source/GeomUtils/headers/GuDistanceSegmentBox.h,0,2,2
/media/ullmann/HDDGabriel/engines/UnrealEngine/Engine/Source/ThirdParty/PhysX3/PhysX_3.4/Source/GeomUtils/headers/GuBox.h,2,0,2
/media/ullmann/HDDGabriel/engines/UnrealEngine/Engine/Source/Runtime/Online/XMPP/Private/XmppNull.cpp,0,2,2
/media/ullmann/HDDGabriel/engines/UnrealEngine/Engine/Source/ThirdParty/Intel/Embree/Embree2140/src/kernels/subdiv/patch_eval_simd.h,2,2,4
/media/ullmann/HDDGabriel/engines/UnrealEngine/Engine/Source/ThirdParty/Intel/Embree/Embree2140/src/kernels/subdiv/feature_adaptive_eval_simd.h,1,1,2
/media/ullmann/HDDGabriel/engines/UnrealEngine/Engine/Source/Runtime/WebBrowser/Private/Android/AndroidCookieManager.h,2,0,2
/media/ullmann/HDDGabriel/engines/UnrealEngine/Engine/Source/Runtime/Slate/Public/Widgets/SToolTip.h,2,0,2
/media/ullmann/HDDGabriel/engines/UnrealEngine/Engine/Source/ThirdParty/SDL2/SDL-gui-backend/src/video/haiku/SDL_bkeyboard.h,3,1,4
/media/ullmann/HDDGabriel/engines/UnrealEngine/Engine/Source/Runtime/Core/Public/HoloLens/HideWindowsPlatformTypes.h,1,0,1
/media/ullmann/HDDGabriel/engines/UnrealEngine/Engine/Source/ThirdParty/PhysX3/PhysX_3.4/Include/vehicle/PxVehicleNoDrive.h,1,0,1
/media/ullmann/HDDGabriel/engines/UnrealEngine/Engine/Source/ThirdParty/Perforce/p4api-2015.2/include/p4/clientmerge.h,2,0,2
/media/ullmann/HDDGabriel/engines/UnrealEngine/Engine/Source/Runtime/Renderer/Private/Lumen/LumenSparseSpanArray.h,2,0,2
/media/ullmann/HDDGabriel/engines/UnrealEngine/Engine/Source/ThirdParty/PhysX3/APEX_1.4/module/destructible/fracture/Core/CompoundBase.h,4,0,4
/media/ullmann/HDDGabriel/engines/UnrealEngine/Engine/Source/ThirdParty/WebRTC/4147/Include/rtc_base/ssl_certificate.h,0,1,1
/media/ullmann/HDDGabriel/engines/UnrealEngine/Engine/Source/ThirdParty/ICU/icu4c-64_1/source/tools/makeconv/genmbcs.cpp,0,2,2
/media/ullmann/HDDGabriel/engines/UnrealEngine/Engine/Source/ThirdParty/ICU/icu4c-64_1/source/tools/makeconv/makeconv.h,4,0,4
/media/ullmann/HDDGabriel/engines/UnrealEngine/Engine/Source/Runtime/CoreUObject/Public/Internationalization/TextPackageNamespaceUtil.h,1,0,1
/media/ullmann/HDDGabriel/engines/UnrealEngine/Engine/Source/Editor/MovieSceneTools/Private/TrackEditors/ParticleParameterTrackEditor.h,1,0,1
/media/ullmann/HDDGabriel/engines/UnrealEngine/Engine/Source/ThirdParty/ShaderConductor/ShaderConductor/External/DirectXShaderCompiler/utils/TableGen/CallingConvEmitter.cpp,0,1,1
/media/ullmann/HDDGabriel/engines/UnrealEngine/Engine/Source/Runtime/Renderer/Private/Lumen/LumenReflections.cpp,0,2,2
/media/ullmann/HDDGabriel/engines/UnrealEngine/Engine/Source/Developer/TraceAnalysis/Private/Store/AsioSocket.cpp,0,1,1
/media/ullmann/HDDGabriel/engines/UnrealEngine/Engine/Source/ThirdParty/ShaderConductor/ShaderConductor/External/DirectXShaderCompiler/tools/clang/lib/AST/ItaniumCXXABI.cpp,0,1,1
/media/ullmann/HDDGabriel/engines/UnrealEngine/Engine/Source/ThirdParty/PhysX3/PhysX_3.4/Source/GeomUtils/src/gjk/GuVecTriangle.h,0,1,1
/media/ullmann/HDDGabriel/engines/UnrealEngine/Engine/Source/Developer/DerivedDataCache/Public/DerivedDataBuildTypes.h,1,2,3
/media/ullmann/HDDGabriel/engines/UnrealEngine/Engine/Source/ThirdParty/ShaderConductor/ShaderConductor/External/DirectXShaderCompiler/lib/CodeGen/PHIElimination.cpp,0,1,1
/media/ullmann/HDDGabriel/engines/UnrealEngine/Engine/Source/ThirdParty/ShaderConductor/ShaderConductor/External/DirectXShaderCompiler/lib/CodeGen/PHIEliminationUtils.h,2,0,2
/media/ullmann/HDDGabriel/engines/UnrealEngine/Engine/Source/Developer/ProjectLauncher/Private/Widgets/Package/SProjectLauncherPackagePage.cpp,0,1,1
/media/ullmann/HDDGabriel/engines/UnrealEngine/Engine/Source/Developer/ProjectLauncher/Private/Widgets/Package/SProjectLauncherPackagePage.h,1,0,1
/media/ullmann/HDDGabriel/engines/UnrealEngine/Engine/Source/ThirdParty/libstrophe/libstrophe-0.9.3/src/snprintf.c,0,1,1
/media/ullmann/HDDGabriel/engines/UnrealEngine/Engine/Source/ThirdParty/PhysX3/PhysX_3.4/Source/GeomUtils/src/mesh/GuBV4_BoxSweep_Params.h,3,0,3
/media/ullmann/HDDGabriel/engines/UnrealEngine/Engine/Source/ThirdParty/Intel/Embree/Embree270/src/common/sys/event.h,1,2,3
/media/ullmann/HDDGabriel/engines/UnrealEngine/Engine/Source/Developer/Windows/LiveCodingServer/Private/External/LC_UniqueId.cpp,0,2,2
/media/ullmann/HDDGabriel/engines/UnrealEngine/Engine/Source/Editor/AnimGraph/Public/AnimGraphNode_MeshRefPose.h,0,1,1
/media/ullmann/HDDGabriel/engines/UnrealEngine/Engine/Source/ThirdParty/Imath/Imath-3.1.3/src/python/PyImath/PyImathTask.cpp,0,1,1
/media/ullmann/HDDGabriel/engines/UnrealEngine/Engine/Source/ThirdParty/Intel/Embree/Embree270/src/kernels/algorithms/range.h,2,1,3
/media/ullmann/HDDGabriel/engines/UnrealEngine/Engine/Source/ThirdParty/Python3/Mac/include/pythread.h,1,0,1
/media/ullmann/HDDGabriel/engines/UnrealEngine/Engine/Source/Runtime/MovieSceneCapture/Public/MovieSceneCaptureProtocolBase.h,1,1,2
/media/ullmann/HDDGabriel/engines/UnrealEngine/Engine/Source/ThirdParty/ICU/icu4c-64_1/source/common/unicode/stringoptions.h,7,0,7
/media/ullmann/HDDGabriel/engines/UnrealEngine/Engine/Source/ThirdParty/Android/libunwind/libunwind/src/coredump/_UPT_elf.c,0,1,1
/media/ullmann/HDDGabriel/engines/UnrealEngine/Engine/Source/ThirdParty/ICU/icu4c-53_1/include/layout/LELanguages.h,0,1,1
/media/ullmann/HDDGabriel/engines/UnrealEngine/Engine/Source/ThirdParty/FreeImage/FreeImage-3.18.0/Source/OpenEXR/IlmImf/ImfOutputPartData.cpp,0,2,2
/media/ullmann/HDDGabriel/engines/UnrealEngine/Engine/Source/Editor/CurveEditor/Private/DragOperations/CurveEditorDragOperation_MoveKeys.h,1,0,1
/media/ullmann/HDDGabriel/engines/UnrealEngine/Engine/Source/ThirdParty/OpenVDB/openvdb-8.1.0/openvdb_ax/openvdb_ax/ast/Scanners.cc,0,2,2
/media/ullmann/HDDGabriel/engines/UnrealEngine/Engine/Source/Developer/TraceAnalysis/Private/Analysis/Engine.h,2,0,2
/media/ullmann/HDDGabriel/engines/UnrealEngine/Engine/Source/Developer/TargetDeviceServices/Public/ITargetDeviceService.h,1,0,1
/media/ullmann/HDDGabriel/engines/UnrealEngine/Engine/Source/ThirdParty/nvTextureTools/nvTextureTools-2.0.8/src/src/nvtt/squish/colourfit.cpp,0,2,2
/media/ullmann/HDDGabriel/engines/UnrealEngine/Engine/Source/ThirdParty/Android/libunwind/libunwind/src/hppa/Lstep.c,0,1,1
/media/ullmann/HDDGabriel/engines/UnrealEngine/Engine/Source/ThirdParty/nvTextureTools/nvTextureTools-2.0.8/src/src/nvmath/Plane.h,1,0,1
/media/ullmann/HDDGabriel/engines/UnrealEngine/Engine/Source/ThirdParty/OpenVDB/openvdb-8.1.0/openvdb/openvdb/tools/VolumeAdvect.h,0,4,4
/media/ullmann/HDDGabriel/engines/UnrealEngine/Engine/Source/Developer/Zen/Internal/ZenServerInterface.cpp,0,3,3
/media/ullmann/HDDGabriel/engines/UnrealEngine/Engine/Source/ThirdParty/Intel/TBB/IntelTBB-2019u8/include/tbb/internal/_mutex_padding.h,2,0,2
/media/ullmann/HDDGabriel/engines/UnrealEngine/Engine/Source/ThirdParty/ShaderConductor/ShaderConductor/External/DirectXShaderCompiler/tools/clang/tools/dxclib/dxc.cpp,0,1,1
/media/ullmann/HDDGabriel/engines/UnrealEngine/Engine/Source/ThirdParty/ShaderConductor/ShaderConductor/External/DirectXShaderCompiler/tools/clang/tools/dxclib/dxc.h,1,0,1
/media/ullmann/HDDGabriel/engines/UnrealEngine/Engine/Source/ThirdParty/VHACD/inc/vhacdVector.inl,1,0,1
/media/ullmann/HDDGabriel/engines/UnrealEngine/Engine/Source/ThirdParty/PhysX3/PhysX_3.4/Source/GeomUtils/src/pcm/GuPCMContactCapsuleBox.cpp,0,2,2
/media/ullmann/HDDGabriel/engines/UnrealEngine/Engine/Source/ThirdParty/GoogleGameSDK/gamesdk/src/swappy/common/CpuInfo.h,2,0,2
/media/ullmann/HDDGabriel/engines/UnrealEngine/Engine/Source/Runtime/Engine/Classes/Components/StaticMeshComponent.h,0,1,1
/media/ullmann/HDDGabriel/engines/UnrealEngine/Engine/Source/Runtime/Core/Public/Android/AndroidPlatformRunnableThread.h,0,1,1
/media/ullmann/HDDGabriel/engines/UnrealEngine/Engine/Source/ThirdParty/Steamworks/Steamv151/sdk/public/steam/steamuniverse.h,1,0,1
/media/ullmann/HDDGabriel/engines/UnrealEngine/Engine/Source/ThirdParty/ShaderConductor/ShaderConductor/External/DirectXShaderCompiler/tools/clang/lib/Driver/MSVCToolChain.cpp,0,2,2
/media/ullmann/HDDGabriel/engines/UnrealEngine/Engine/Source/ThirdParty/openexr/openexr-3.1.1/src/test/OpenEXRTest/testPreviewImage.h,1,0,1
/media/ullmann/HDDGabriel/engines/UnrealEngine/Engine/Source/ThirdParty/HarfBuzz/harfbuzz-2.4.0/src/hb-uniscribe.h,1,1,2
/media/ullmann/HDDGabriel/engines/UnrealEngine/Engine/Source/ThirdParty/OpenSubdiv/Deploy/OpenSubdiv-3.4.4/include/opensubdiv/vtr/array.h,1,1,2
/media/ullmann/HDDGabriel/engines/UnrealEngine/Engine/Source/Developer/MessageLog/Private/Presentation/MessageLogViewModel.h,1,0,1
/media/ullmann/HDDGabriel/engines/UnrealEngine/Engine/Source/ThirdParty/Unix/LibCxx/include/c++/v1/ctype.h,0,1,1
/media/ullmann/HDDGabriel/engines/UnrealEngine/Engine/Source/Runtime/RenderCore/Public/StaticBoundShaderState.h,0,1,1
/media/ullmann/HDDGabriel/engines/UnrealEngine/Engine/Source/Runtime/D3D12RHI/Private/D3D12RootSignature.h,1,0,1
/media/ullmann/HDDGabriel/engines/UnrealEngine/Engine/Source/Editor/AIGraph/Classes/AIGraphNode.h,0,1,1
/media/ullmann/HDDGabriel/engines/UnrealEngine/Engine/Source/Runtime/Renderer/Private/HaltonUtilities.cpp,0,1,1
/media/ullmann/HDDGabriel/engines/UnrealEngine/Engine/Source/Runtime/Renderer/Private/HaltonUtilities.h,1,0,1
/media/ullmann/HDDGabriel/engines/UnrealEngine/Engine/Source/ThirdParty/glslang/glslang/src/glslang_lib/SPIRV/GlslangToSpv.h,1,2,3
/media/ullmann/HDDGabriel/engines/UnrealEngine/Engine/Source/ThirdParty/mtlpp/mtlpp-master-7efad47/src/imp_BlitCommandEncoder.hpp,1,1,2
/media/ullmann/HDDGabriel/engines/UnrealEngine/Engine/Source/Runtime/AssetRegistry/Private/AssetDataGathererPrivate.h,1,1,2
/media/ullmann/HDDGabriel/engines/UnrealEngine/Engine/Source/Editor/Sequencer/Public/ISequencerEditTool.h,0,1,1
/media/ullmann/HDDGabriel/engines/UnrealEngine/Engine/Source/ThirdParty/Intel/Embree/Embree270/src/kernels/xeon/bvh4/bvh4_builder_twolevel.avx.cpp,0,1,1
/media/ullmann/HDDGabriel/engines/UnrealEngine/Engine/Source/ThirdParty/Steamworks/Steamv147/sdk/public/steam/isteamcontroller.h,1,2,3
/media/ullmann/HDDGabriel/engines/UnrealEngine/Engine/Source/ThirdParty/FreeType2/FreeType2-2.6/Src/pcf/pcferror.h,2,0,2
/media/ullmann/HDDGabriel/engines/UnrealEngine/Engine/Source/ThirdParty/PhysX3/APEX_1.4/shared/general/HACD/include/dgAABBPolygonSoup.h,0,2,2
/media/ullmann/HDDGabriel/engines/UnrealEngine/Engine/Source/ThirdParty/OpenVDB/Deploy/openvdb-8.1.0/include/openvdb/math/DDA.h,0,3,3
/media/ullmann/HDDGabriel/engines/UnrealEngine/Engine/Source/ThirdParty/libstrophe/libstrophe-0.9.3/src/sasl.h,2,0,2
/media/ullmann/HDDGabriel/engines/UnrealEngine/Engine/Source/Runtime/Renderer/Private/VT/RuntimeVirtualTextureSceneProxy.cpp,0,1,1
/media/ullmann/HDDGabriel/engines/UnrealEngine/Engine/Source/Runtime/Experimental/Voronoi/Private/voro++/src/cell.cc,0,3,3
/media/ullmann/HDDGabriel/engines/UnrealEngine/Engine/Source/Runtime/Experimental/Voronoi/Private/voro++/src/common.hh,1,0,1
/media/ullmann/HDDGabriel/engines/UnrealEngine/Engine/Source/ThirdParty/PhysX3/PhysX_3.4/Source/Common/src/CmBoxPruning.cpp,0,2,2
/media/ullmann/HDDGabriel/engines/UnrealEngine/Engine/Source/ThirdParty/OpenVDB/openvdb-8.1.0/openvdb/openvdb/points/StreamCompression.h,3,0,3
/media/ullmann/HDDGabriel/engines/UnrealEngine/Engine/Source/ThirdParty/ICU/icu4c-53_1/source/i18n/csdetect.h,2,0,2
/media/ullmann/HDDGabriel/engines/UnrealEngine/Engine/Source/ThirdParty/PhysX3/PhysX_3.4/Include/PxVisualizationParameter.h,2,0,2
/media/ullmann/HDDGabriel/engines/UnrealEngine/Engine/Source/ThirdParty/ShaderConductor/ShaderConductor/External/DirectXShaderCompiler/tools/obj2yaml/Error.cpp,0,1,1
/media/ullmann/HDDGabriel/engines/UnrealEngine/Engine/Source/Runtime/Engine/Private/ODSC/ODSCThread.cpp,0,2,2
/media/ullmann/HDDGabriel/engines/UnrealEngine/Engine/Source/Developer/TraceServices/Public/TraceServices/Model/AllocationsProvider.h,0,1,1
/media/ullmann/HDDGabriel/engines/UnrealEngine/Engine/Source/Developer/TraceServices/Public/TraceServices/Model/AnalysisSession.h,1,0,1
/media/ullmann/HDDGabriel/engines/UnrealEngine/Engine/Source/ThirdParty/MCPP/mcpp-2.7.2/test-l/nest55.h,1,1,2
/media/ullmann/HDDGabriel/engines/UnrealEngine/Engine/Source/Runtime/Landscape/Classes/LandscapeInfo.h,2,1,3
/media/ullmann/HDDGabriel/engines/UnrealEngine/Engine/Source/ThirdParty/PhysX3/PhysX_3.4/Include/PxSceneDesc.h,2,4,6
/media/ullmann/HDDGabriel/engines/UnrealEngine/Engine/Source/ThirdParty/PhysX3/PhysX_3.4/Include/PxBroadPhase.h,1,1,2
/media/ullmann/HDDGabriel/engines/UnrealEngine/Engine/Source/ThirdParty/FreeImage/FreeImage-3.18.0/Source/LibJPEG/jctrans.c,0,2,2
/media/ullmann/HDDGabriel/engines/UnrealEngine/Engine/Source/Editor/DetailCustomizations/Private/MeshProxySettingsCustomizations.h,2,1,3
/media/ullmann/HDDGabriel/engines/UnrealEngine/Engine/Source/ThirdParty/Python3/Linux/include/python3.9/pyconfig.h,4,0,4
/media/ullmann/HDDGabriel/engines/UnrealEngine/Engine/Source/Runtime/Renderer/Private/DecalRenderingCommon.h,3,0,3
/media/ullmann/HDDGabriel/engines/UnrealEngine/Engine/Source/ThirdParty/PhysX3/APEX_1.4/module/clothing_legacy/include/autogen/ClothingMaterialLibraryParameters_0p1.h,1,0,1
/media/ullmann/HDDGabriel/engines/UnrealEngine/Engine/Source/ThirdParty/HarfBuzz/harfbuzz-2.4.0/src/hb-graphite2.h,1,1,2
/media/ullmann/HDDGabriel/engines/UnrealEngine/Engine/Source/Runtime/Sockets/Private/Unix/SocketsUnix.cpp,0,1,1
/media/ullmann/HDDGabriel/engines/UnrealEngine/Engine/Source/Runtime/Sockets/Private/Unix/SocketsUnix.h,1,0,1
/media/ullmann/HDDGabriel/engines/UnrealEngine/Engine/Source/ThirdParty/Perforce/p4api-2015.2/include/p4/serverhelperapi.h,0,2,2
/media/ullmann/HDDGabriel/engines/UnrealEngine/Engine/Source/ThirdParty/Perforce/p4api-2015.2/include/p4/strtable.h,1,0,1
/media/ullmann/HDDGabriel/engines/UnrealEngine/Engine/Source/ThirdParty/Intel/TBB/IntelTBB-2019u8/examples/parallel_for/tachyon/src/objbound.h,2,0,2
/media/ullmann/HDDGabriel/engines/UnrealEngine/Engine/Source/ThirdParty/Steamworks/Steamv147/sdk/public/steam/steam_gameserver.h,0,3,3
/media/ullmann/HDDGabriel/engines/UnrealEngine/Engine/Source/ThirdParty/Intel/ISPC/ispc-1.16.1/src/target_registry.h,4,1,5
/media/ullmann/HDDGabriel/engines/UnrealEngine/Engine/Source/Developer/Windows/LiveCoding/Private/External/LC_SyncPoint.h,3,0,3
/media/ullmann/HDDGabriel/engines/UnrealEngine/Engine/Source/ThirdParty/Intel/Embree/Embree2140/Linux/x86_64-unknown-linux-gnu/include/embree2/rtcore.h,1,3,4
/media/ullmann/HDDGabriel/engines/UnrealEngine/Engine/Source/ThirdParty/Intel/Embree/Embree2140/Linux/x86_64-unknown-linux-gnu/include/embree2/rtcore_geometry.h,1,0,1
/media/ullmann/HDDGabriel/engines/UnrealEngine/Engine/Source/ThirdParty/MCPP/mcpp-2.7.2/test-l/nest103.h,1,1,2
/media/ullmann/HDDGabriel/engines/UnrealEngine/Engine/Source/ThirdParty/MCPP/mcpp-2.7.2/test-l/nest104.h,1,1,2
/media/ullmann/HDDGabriel/engines/UnrealEngine/Engine/Source/ThirdParty/Intel/Embree/Embree2140/src/common/algorithms/parallel_map.h,2,1,3
/media/ullmann/HDDGabriel/engines/UnrealEngine/Engine/Source/ThirdParty/FreeImage/FreeImage-3.18.0/Source/OpenEXR/Iex/IexForward.h,1,1,2
/media/ullmann/HDDGabriel/engines/UnrealEngine/Engine/Source/ThirdParty/FreeImage/FreeImage-3.18.0/Source/OpenEXR/Iex/IexNamespace.h,2,0,2
/media/ullmann/HDDGabriel/engines/UnrealEngine/Engine/Source/Editor/BlueprintGraph/Public/BlueprintNodeTemplateCache.h,0,1,1
/media/ullmann/HDDGabriel/engines/UnrealEngine/Engine/Source/Editor/DetailCustomizations/Private/SlateSoundCustomization.cpp,0,1,1
/media/ullmann/HDDGabriel/engines/UnrealEngine/Engine/Source/Editor/DetailCustomizations/Private/SlateSoundCustomization.h,2,0,2
/media/ullmann/HDDGabriel/engines/UnrealEngine/Engine/Source/ThirdParty/Python3/Linux/include/python3.9/iterobject.h,1,0,1
/media/ullmann/HDDGabriel/engines/UnrealEngine/Engine/Source/ThirdParty/PhysX3/PhysX_3.4/Source/LowLevelParticles/include/PtParticleData.h,0,2,2
/media/ullmann/HDDGabriel/engines/UnrealEngine/Engine/Source/ThirdParty/PhysX3/PhysX_3.4/Source/LowLevelParticles/include/PtParticle.h,1,1,2
/media/ullmann/HDDGabriel/engines/UnrealEngine/Engine/Source/ThirdParty/PhysX3/APEX_1.4/framework/include/ApexSceneTasks.h,0,1,1
/media/ullmann/HDDGabriel/engines/UnrealEngine/Engine/Source/ThirdParty/WebRTC/4147/Include/third_party/ffmpeg/libavcodec/opusenc_psy.h,0,2,2
/media/ullmann/HDDGabriel/engines/UnrealEngine/Engine/Source/ThirdParty/WebRTC/4147/Include/third_party/ffmpeg/libavcodec/opusenc.h,1,1,2
/media/ullmann/HDDGabriel/engines/UnrealEngine/Engine/Source/ThirdParty/libPNG/libPNG-1.6.37/contrib/gregbook/writepng.c,0,1,1
/media/ullmann/HDDGabriel/engines/UnrealEngine/Engine/Source/ThirdParty/PhysX3/PxShared/src/pvd/src/PxProfileScopedEvent.h,0,3,3
/media/ullmann/HDDGabriel/engines/UnrealEngine/Engine/Source/Editor/PropertyEditor/Public/SResetToDefaultMenu.h,1,0,1
/media/ullmann/HDDGabriel/engines/UnrealEngine/Engine/Source/ThirdParty/PhysX3/PhysX_3.4/Include/cloth/PxClothFabric.h,2,0,2
/media/ullmann/HDDGabriel/engines/UnrealEngine/Engine/Source/Editor/AddContentDialog/Private/SAddContentWidget.cpp,0,3,3
/media/ullmann/HDDGabriel/engines/UnrealEngine/Engine/Source/Runtime/Core/Public/HAL/FileManager.h,2,0,2
/media/ullmann/HDDGabriel/engines/UnrealEngine/Engine/Source/ThirdParty/ICU/icu4c-53_1/source/test/intltest/tsdcfmsy.cpp,0,1,1
/media/ullmann/HDDGabriel/engines/UnrealEngine/Engine/Source/Developer/SessionFrontend/Private/SessionFrontendModule.cpp,0,2,2
/media/ullmann/HDDGabriel/engines/UnrealEngine/Engine/Source/Developer/SessionFrontend/Private/Widgets/SSessionFrontend.h,1,0,1
/media/ullmann/HDDGabriel/engines/UnrealEngine/Engine/Source/ThirdParty/libPNG/libPNG-1.6.37/powerpc/filter_vsx_intrinsics.c,0,1,1
/media/ullmann/HDDGabriel/engines/UnrealEngine/Engine/Source/Editor/MaterialEditor/Private/SMaterialPalette.h,2,0,2
/media/ullmann/HDDGabriel/engines/UnrealEngine/Engine/Source/ThirdParty/CryptoPP/5.6.2/include/blowfish.cpp,0,3,3
/media/ullmann/HDDGabriel/engines/UnrealEngine/Engine/Source/Editor/PropertyEditor/Private/UserInterface/PropertyEditor/SPropertyEditorClass.h,2,0,2
/media/ullmann/HDDGabriel/engines/UnrealEngine/Engine/Source/Editor/UnrealEd/Public/Subsystems/ImportSubsystem.h,1,0,1
/media/ullmann/HDDGabriel/engines/UnrealEngine/Engine/Source/ThirdParty/WebRTC/4147/Include/tools/clang/plugins/ChromeClassTester.h,1,1,2
/media/ullmann/HDDGabriel/engines/UnrealEngine/Engine/Source/ThirdParty/PhysX3/NvCloth/samples/SampleBase/utils/ClothMeshGenerator.cpp,0,1,1
/media/ullmann/HDDGabriel/engines/UnrealEngine/Engine/Source/ThirdParty/PhysX3/NvCloth/samples/SampleBase/utils/ClothMeshGenerator.h,1,0,1
/media/ullmann/HDDGabriel/engines/UnrealEngine/Engine/Source/ThirdParty/Python3/Mac/include/tupleobject.h,1,1,2
/media/ullmann/HDDGabriel/engines/UnrealEngine/Engine/Source/ThirdParty/ICU/icu4c-53_1/source/common/usc_impl.h,1,2,3
/media/ullmann/HDDGabriel/engines/UnrealEngine/Engine/Source/ThirdParty/Boost/boost-1_70_0/include/boost/safe_numerics/exception.hpp,3,0,3
/media/ullmann/HDDGabriel/engines/UnrealEngine/Engine/Source/Programs/TextureShare/TextureShareSDK/Public/TextureShareInterface.h,0,2,2
/media/ullmann/HDDGabriel/engines/UnrealEngine/Engine/Source/Programs/TextureShare/TextureShareSDK/Public/TextureShareDLL.h,1,0,1
/media/ullmann/HDDGabriel/engines/UnrealEngine/Engine/Source/Developer/TraceServices/Private/Model/ModuleProvider.h,2,0,2
/media/ullmann/HDDGabriel/engines/UnrealEngine/Engine/Source/ThirdParty/PhysX3/APEX_1.4/module/clothing/include/ModuleClothingHelpers.h,2,0,2
/media/ullmann/HDDGabriel/engines/UnrealEngine/Engine/Source/ThirdParty/FreeImage/FreeImage-3.18.0/Source/LibTIFF4/tiffio.hxx,0,1,1
/media/ullmann/HDDGabriel/engines/UnrealEngine/Engine/Source/Runtime/Experimental/Chaos/Public/PhysicsProxy/SingleParticlePhysicsProxy.h,1,0,1
/media/ullmann/HDDGabriel/engines/UnrealEngine/Engine/Source/ThirdParty/ShaderConductor/ShaderConductor/External/DirectXShaderCompiler/tools/clang/lib/SPIRV/SortDebugInfoVisitor.h,2,0,2
/media/ullmann/HDDGabriel/engines/UnrealEngine/Engine/Source/ThirdParty/libOpus/opus-1.3.1-12/silk/float/LPC_analysis_filter_FLP.c,0,1,1
/media/ullmann/HDDGabriel/engines/UnrealEngine/Engine/Source/Editor/DetailCustomizations/Private/MeshComponentDetails.cpp,0,1,1
/media/ullmann/HDDGabriel/engines/UnrealEngine/Engine/Source/Editor/DetailCustomizations/Private/MeshComponentDetails.h,2,0,2
/media/ullmann/HDDGabriel/engines/UnrealEngine/Engine/Source/Runtime/UELibrary/Private/UELibrary.cpp,0,1,1
/media/ullmann/HDDGabriel/engines/UnrealEngine/Engine/Source/Runtime/UELibrary/Private/UELibrary.h,1,0,1
/media/ullmann/HDDGabriel/engines/UnrealEngine/Engine/Source/ThirdParty/PhysX3/PhysX_3.4/Source/LowLevelParticles/include/PtContext.h,0,3,3
/media/ullmann/HDDGabriel/engines/UnrealEngine/Engine/Source/ThirdParty/PhysX3/PhysX_3.4/Source/LowLevelParticles/include/PtBodyTransformVault.h,1,0,1
/media/ullmann/HDDGabriel/engines/UnrealEngine/Engine/Source/ThirdParty/Python3/Mac/include/descrobject.h,1,0,1
/media/ullmann/HDDGabriel/engines/UnrealEngine/Engine/Source/Runtime/GeometryCore/Public/Generators/MarchingCubes.h,0,1,1
/media/ullmann/HDDGabriel/engines/UnrealEngine/Engine/Source/Developer/DirectoryWatcher/Private/Windows/DirectoryWatcherWindows.cpp,0,1,1
/media/ullmann/HDDGabriel/engines/UnrealEngine/Engine/Source/ThirdParty/HarfBuzz/harfbuzz-2.4.0/src/test-name-table.cc,0,2,2
/media/ullmann/HDDGabriel/engines/UnrealEngine/Engine/Source/Runtime/HeadMountedDisplay/Public/XRLoadingScreenBase.h,1,3,4
/media/ullmann/HDDGabriel/engines/UnrealEngine/Engine/Source/Runtime/MovieSceneCapture/Public/Protocols/ImageSequenceProtocol.h,0,1,1
/media/ullmann/HDDGabriel/engines/UnrealEngine/Engine/Source/Runtime/MovieSceneCapture/Public/Protocols/CompositionGraphCaptureProtocol.h,1,0,1
/media/ullmann/HDDGabriel/engines/UnrealEngine/Engine/Source/ThirdParty/WebRTC/4147/Include/third_party/libyuv/include/libyuv/cpu_id.h,1,0,1
/media/ullmann/HDDGabriel/engines/UnrealEngine/Engine/Source/ThirdParty/PhysX3/APEX_1.4/module/clothing/include/ClothingAssetAuthoringImpl.h,0,1,1
/media/ullmann/HDDGabriel/engines/UnrealEngine/Engine/Source/Editor/DetailCustomizations/Private/LandscapeUIDetails.h,2,0,2
/media/ullmann/HDDGabriel/engines/UnrealEngine/Engine/Source/ThirdParty/FreeType2/FreeType2-2.6/Src/gxvalid/gxvmod.h,1,0,1
/media/ullmann/HDDGabriel/engines/UnrealEngine/Engine/Source/Editor/UMGEditor/Private/Templates/WidgetTemplateImageClass.h,1,0,1
/media/ullmann/HDDGabriel/engines/UnrealEngine/Engine/Source/ThirdParty/FreeType2/FreeType2-2.4.12/src/psaux/t1cmap.c,1,2,3
/media/ullmann/HDDGabriel/engines/UnrealEngine/Engine/Source/Editor/DetailCustomizations/Private/AmbientSoundDetails.cpp,0,1,1
/media/ullmann/HDDGabriel/engines/UnrealEngine/Engine/Source/Editor/DetailCustomizations/Private/AmbientSoundDetails.h,2,0,2
/media/ullmann/HDDGabriel/engines/UnrealEngine/Engine/Source/Developer/Datasmith/DatasmithFacade/Public/DatasmithFacadeAnimation.h,0,1,1
/media/ullmann/HDDGabriel/engines/UnrealEngine/Engine/Source/ThirdParty/ICU/icu4c-53_1/source/test/cintltst/uregiontest.c,0,1,1
/media/ullmann/HDDGabriel/engines/UnrealEngine/Engine/Source/ThirdParty/EOSSDK/SDK/Bin/Android/include/eos_init.h,1,1,2
/media/ullmann/HDDGabriel/engines/UnrealEngine/Engine/Source/ThirdParty/FreeType2/FreeType2-2.10.0/src/cid/cidparse.h,2,0,2
/media/ullmann/HDDGabriel/engines/UnrealEngine/Engine/Source/Editor/UnrealEd/Public/Toolkits/AssetEditorToolkit.h,1,0,1
/media/ullmann/HDDGabriel/engines/UnrealEngine/Engine/Source/Runtime/Core/Public/Misc/ITransaction.h,1,1,2
/media/ullmann/HDDGabriel/engines/UnrealEngine/Engine/Source/Runtime/Core/Public/Misc/Change.h,1,0,1
/media/ullmann/HDDGabriel/engines/UnrealEngine/Engine/Source/Developer/AssetTools/Private/AssetTypeActions/AssetTypeActions_VectorFieldAnimated.h,1,0,1
/media/ullmann/HDDGabriel/engines/UnrealEngine/Engine/Source/Runtime/Core/Public/Misc/IQueuedWork.h,2,0,2
/media/ullmann/HDDGabriel/engines/UnrealEngine/Engine/Source/ThirdParty/WebRTC/4147/Include/third_party/libsrtp/crypto/include/rdbx.h,1,2,3
/media/ullmann/HDDGabriel/engines/UnrealEngine/Engine/Source/Runtime/Experimental/Chaos/Public/Chaos/CollisionResolutionTypes.h,1,0,1
/media/ullmann/HDDGabriel/engines/UnrealEngine/Engine/Source/ThirdParty/MCPP/mcpp-2.7.2/cpp-test/test-l/nest4.h,1,1,2
/media/ullmann/HDDGabriel/engines/UnrealEngine/Engine/Source/ThirdParty/openexr/openexr-3.1.1/src/test/OpenEXRFuzzTest/testFuzzDeepTiles.cpp,0,2,2
/media/ullmann/HDDGabriel/engines/UnrealEngine/Engine/Source/ThirdParty/ICU/icu4c-64_1/source/i18n/double-conversion-strtod.cpp,0,4,4
/media/ullmann/HDDGabriel/engines/UnrealEngine/Engine/Source/ThirdParty/WebRTC/4147/Include/third_party/libvpx/source/config/linux/mips64el/vpx_dsp_rtcd.h,0,1,1
/media/ullmann/HDDGabriel/engines/UnrealEngine/Engine/Source/ThirdParty/OpenSubdiv/OpenSubdiv-3.4.4/regression/shapes/loop_chaikin0.h,1,0,1
/media/ullmann/HDDGabriel/engines/UnrealEngine/Engine/Source/ThirdParty/libOpus/opus-1.0.3/silk/shell_coder.c,0,1,1
/media/ullmann/HDDGabriel/engines/UnrealEngine/Engine/Source/ThirdParty/FreeType2/FreeType2-2.10.4/src/gxvalid/gxvcommn.c,1,1,2
/media/ullmann/HDDGabriel/engines/UnrealEngine/Engine/Source/ThirdParty/Boost/boost-1_70_0/include/boost/outcome/experimental/status-code/iostream_support.hpp,0,1,1
/media/ullmann/HDDGabriel/engines/UnrealEngine/Engine/Source/Runtime/AVEncoder/Public/CodecPacket.h,1,0,1
/media/ullmann/HDDGabriel/engines/UnrealEngine/Engine/Source/ThirdParty/libPNG/libPNG-1.6.37/example.c,0,1,1
/media/ullmann/HDDGabriel/engines/UnrealEngine/Engine/Source/Programs/Enterprise/Datasmith/DatasmithCADWorker/Private/DatasmithCADWorkerImpl.cpp,0,1,1
/media/ullmann/HDDGabriel/engines/UnrealEngine/Engine/Source/ThirdParty/ShaderConductor/ShaderConductor/External/DirectXShaderCompiler/tools/clang/lib/StaticAnalyzer/Checkers/BuiltinFunctionChecker.cpp,0,1,1
/media/ullmann/HDDGabriel/engines/UnrealEngine/Engine/Source/ThirdParty/FreeType2/FreeType2-2.6/Src/pshinter/pshglob.h,3,0,3
/media/ullmann/HDDGabriel/engines/UnrealEngine/Engine/Source/ThirdParty/Alembic/alembic-1.8.2/python/PyAlembic/PyTypedArraySampleConverter.cpp,0,3,3
/media/ullmann/HDDGabriel/engines/UnrealEngine/Engine/Source/ThirdParty/Alembic/alembic-1.8.2/python/PyAlembic/PyTypeBindingTraits.h,8,1,9
/media/ullmann/HDDGabriel/engines/UnrealEngine/Engine/Source/Developer/CollisionAnalyzer/Private/CollisionAnalyzerStyle.cpp,0,1,1
/media/ullmann/HDDGabriel/engines/UnrealEngine/Engine/Source/ThirdParty/ICU/icu4c-64_1/source/i18n/stsearch.cpp,0,2,2
/media/ullmann/HDDGabriel/engines/UnrealEngine/Engine/Source/ThirdParty/SDL2/SDL-gui-backend/src/video/uikit/SDL_uikitwindow.h,1,1,2
/media/ullmann/HDDGabriel/engines/UnrealEngine/Engine/Source/ThirdParty/Python3/Linux/include/python3.9/cpython/fileutils.h,1,0,1
/media/ullmann/HDDGabriel/engines/UnrealEngine/Engine/Source/Editor/AnimGraph/Public/AnimGraphNode_BlendSpaceGraph.h,0,1,1
/media/ullmann/HDDGabriel/engines/UnrealEngine/Engine/Source/ThirdParty/ICU/icu4c-53_1/source/test/intltest/nmfmtrt.cpp,0,1,1
/media/ullmann/HDDGabriel/engines/UnrealEngine/Engine/Source/ThirdParty/ICU/icu4c-53_1/source/test/intltest/nmfmtrt.h,2,1,3
/media/ullmann/HDDGabriel/engines/UnrealEngine/Engine/Source/ThirdParty/Alembic/alembic-1.8.2/python/PyAlembic/PyOGeomParam.cpp,0,1,1
/media/ullmann/HDDGabriel/engines/UnrealEngine/Engine/Source/ThirdParty/ICU/icu4c-64_1/source/i18n/udatpg.cpp,0,2,2
/media/ullmann/HDDGabriel/engines/UnrealEngine/Engine/Source/ThirdParty/Imath/Imath-3.1.3/src/python/PyImath/PyImathFixedVArray.cpp,0,2,2
/media/ullmann/HDDGabriel/engines/UnrealEngine/Engine/Source/ThirdParty/FreeType2/FreeType2-2.10.0/src/gzip/ftzconf.h,1,0,1
/media/ullmann/HDDGabriel/engines/UnrealEngine/Engine/Source/ThirdParty/Intel/Embree/Embree2140/src/common/sys/network.h,1,1,2
/media/ullmann/HDDGabriel/engines/UnrealEngine/Engine/Source/ThirdParty/ShaderConductor/ShaderConductor/External/DirectXShaderCompiler/lib/Fuzzer/FuzzerInterface.cpp,0,2,2
/media/ullmann/HDDGabriel/engines/UnrealEngine/Engine/Source/Developer/AssetTools/Private/AssetTypeActions/AssetTypeActions_CurveTable.h,1,0,1
/media/ullmann/HDDGabriel/engines/UnrealEngine/Engine/Source/ThirdParty/libPNG/libPNG-1.6.37/pngrutil.c,0,1,1
/media/ullmann/HDDGabriel/engines/UnrealEngine/Engine/Source/Editor/AnimGraph/Private/AnimBlueprintExtension_StateMachine.cpp,0,1,1
/media/ullmann/HDDGabriel/engines/UnrealEngine/Engine/Source/Editor/AnimGraph/Private/AnimBlueprintExtension_StateMachine.h,2,0,2
/media/ullmann/HDDGabriel/engines/UnrealEngine/Engine/Source/ThirdParty/HarfBuzz/harfbuzz-1.2.4/src/hb-icu.h,1,1,2
/media/ullmann/HDDGabriel/engines/UnrealEngine/Engine/Source/ThirdParty/libOpus/opus-1.3.1-12/silk/check_control_input.c,0,3,3
/media/ullmann/HDDGabriel/engines/UnrealEngine/Engine/Source/Runtime/Online/HTTP/Private/HttpManager.cpp,0,1,1
/media/ullmann/HDDGabriel/engines/UnrealEngine/Engine/Source/ThirdParty/libPNG/libPNG-1.5.2/pngwio.c,0,1,1
/media/ullmann/HDDGabriel/engines/UnrealEngine/Engine/Source/ThirdParty/Intel/TBB/IntelTBB-2019u8/examples/parallel_do/parallel_preorder/parallel_preorder.cpp,0,1,1
/media/ullmann/HDDGabriel/engines/UnrealEngine/Engine/Source/Runtime/Renderer/Private/Lumen/LumenScreenProbeFiltering.cpp,0,1,1
/media/ullmann/HDDGabriel/engines/UnrealEngine/Engine/Source/ThirdParty/VHACD/inc/btScalar.h,4,0,4
/media/ullmann/HDDGabriel/engines/UnrealEngine/Engine/Source/ThirdParty/FakeIt/2.0.2/tests/verification_tests.cpp,0,1,1
/media/ullmann/HDDGabriel/engines/UnrealEngine/Engine/Source/ThirdParty/FreeType2/FreeType2-2.10.4/src/type1/t1afm.c,1,2,3
/media/ullmann/HDDGabriel/engines/UnrealEngine/Engine/Source/Runtime/Online/Stomp/Public/IStompMessage.h,0,1,1
/media/ullmann/HDDGabriel/engines/UnrealEngine/Engine/Source/Runtime/Online/Stomp/Public/IStompClient.h,1,0,1
/media/ullmann/HDDGabriel/engines/UnrealEngine/Engine/Source/ThirdParty/ICU/icu4c-64_1/source/samples/layout/FontTableCache.cpp,0,1,1
/media/ullmann/HDDGabriel/engines/UnrealEngine/Engine/Source/ThirdParty/ICU/icu4c-64_1/source/samples/layout/FontTableCache.h,3,0,3
/media/ullmann/HDDGabriel/engines/UnrealEngine/Engine/Source/Developer/Windows/LiveCodingServer/Private/External/LC_Telemetry.cpp,0,2,2
/media/ullmann/HDDGabriel/engines/UnrealEngine/Engine/Source/ThirdParty/Imath/Imath-3.1.3/src/ImathTest/testBoxAlgo.h,3,0,3
/media/ullmann/HDDGabriel/engines/UnrealEngine/Engine/Source/ThirdParty/PhysX3/PhysX_3.4/Source/SceneQuery/src/SqIncrementalAABBTree.h,3,1,4
/media/ullmann/HDDGabriel/engines/UnrealEngine/Engine/Source/Developer/Windows/LiveCoding/Private/External/LC_StringUtil.h,4,0,4
/media/ullmann/HDDGabriel/engines/UnrealEngine/Engine/Source/Runtime/JsonUtilities/Public/JsonObjectWrapper.h,2,0,2
/media/ullmann/HDDGabriel/engines/UnrealEngine/Engine/Source/ThirdParty/EOSSDK/SDK/Bin/IOS/EOSSDK.framework/Headers/eos_friends.h,0,1,1
/media/ullmann/HDDGabriel/engines/UnrealEngine/Engine/Source/ThirdParty/OpenSubdiv/OpenSubdiv-3.4.4/regression/shapes/catmark_helmet.h,1,0,1
/media/ullmann/HDDGabriel/engines/UnrealEngine/Engine/Source/ThirdParty/ICU/icu4c-53_1/source/samples/uciter8/uciter8.c,0,1,1
/media/ullmann/HDDGabriel/engines/UnrealEngine/Engine/Source/ThirdParty/ICU/icu4c-53_1/source/samples/uciter8/uit_len8.h,1,0,1
/media/ullmann/HDDGabriel/engines/UnrealEngine/Engine/Source/ThirdParty/Alembic/alembic-1.8.2/python/PyAlembic/PyOGeomBase.h,0,1,1
/media/ullmann/HDDGabriel/engines/UnrealEngine/Engine/Source/ThirdParty/Intel/TBB/IntelTBB-2019u8/src/test/test_join_node_msg_key_matching.cpp,0,1,1
/media/ullmann/HDDGabriel/engines/UnrealEngine/Engine/Source/ThirdParty/ShaderConductor/ShaderConductor/External/DirectXShaderCompiler/tools/clang/lib/StaticAnalyzer/Checkers/LLVMConventionsChecker.cpp,0,1,1
/media/ullmann/HDDGabriel/engines/UnrealEngine/Engine/Source/Editor/AudioEditor/Public/AudioEditorModule.h,0,3,3
/media/ullmann/HDDGabriel/engines/UnrealEngine/Engine/Source/Editor/AudioEditor/Public/ISoundClassEditor.h,1,0,1
/media/ullmann/HDDGabriel/engines/UnrealEngine/Engine/Source/ThirdParty/ShaderConductor/ShaderConductor/External/DirectXShaderCompiler/tools/clang/lib/CodeGen/CGVTables.h,3,0,3
/media/ullmann/HDDGabriel/engines/UnrealEngine/Engine/Source/Editor/AnimGraph/Public/AnimGraphNode_BlendListByInt.h,0,1,1
/media/ullmann/HDDGabriel/engines/UnrealEngine/Engine/Source/ThirdParty/ICU/icu4c-53_1/source/i18n/csrucode.cpp,0,2,2
/media/ullmann/HDDGabriel/engines/UnrealEngine/Engine/Source/ThirdParty/ShaderConductor/ShaderConductor/External/DirectXShaderCompiler/tools/clang/lib/Parse/ParseCXXInlineMethods.cpp,0,1,1
/media/ullmann/HDDGabriel/engines/UnrealEngine/Engine/Source/ThirdParty/ShaderConductor/ShaderConductor/External/DirectXShaderCompiler/lib/CodeGen/SelectionDAG/ScheduleDAGVLIW.cpp,0,1,1
/media/ullmann/HDDGabriel/engines/UnrealEngine/Engine/Source/Runtime/Foliage/Private/ProceduralFoliageSpawner.cpp,0,1,1
/media/ullmann/HDDGabriel/engines/UnrealEngine/Engine/Source/Runtime/Foliage/Private/ProceduralFoliageCustomVersion.h,1,0,1
/media/ullmann/HDDGabriel/engines/UnrealEngine/Engine/Source/ThirdParty/Intel/TBB/IntelTBB-2019u8/examples/parallel_do/parallel_preorder/Graph.cpp,0,1,1
/media/ullmann/HDDGabriel/engines/UnrealEngine/Engine/Source/ThirdParty/MCPP/mcpp-2.7.2/test-c/u_1_11.c,0,1,1
/media/ullmann/HDDGabriel/engines/UnrealEngine/Engine/Source/ThirdParty/MCPP/mcpp-2.7.2/test-t/line.h,1,0,1
/media/ullmann/HDDGabriel/engines/UnrealEngine/Engine/Source/ThirdParty/FontConfig/fontconfig-2.13.94/src/fccharset.c,0,1,1
/media/ullmann/HDDGabriel/engines/UnrealEngine/Engine/Source/ThirdParty/WebRTC/4147/Include/third_party/libvpx/source/libvpx/y4minput.h,1,1,2
/media/ullmann/HDDGabriel/engines/UnrealEngine/Engine/Source/Editor/AnimGraph/Private/AnimGraphNode_Sync.cpp,0,1,1
/media/ullmann/HDDGabriel/engines/UnrealEngine/Engine/Source/Editor/AnimGraph/Private/AnimGraphNode_Sync.h,1,0,1
/media/ullmann/HDDGabriel/engines/UnrealEngine/Engine/Source/Developer/Datasmith/DatasmithFacade/Public/DatasmithFacadeActorLight.h,0,2,2
/media/ullmann/HDDGabriel/engines/UnrealEngine/Engine/Source/ThirdParty/MCPP/mcpp-2.7.2/test-c/unbal4.h,2,0,2
/media/ullmann/HDDGabriel/engines/UnrealEngine/Engine/Source/ThirdParty/HarfBuzz/harfbuzz-1.2.4/src/hb-version.h,1,1,2
/media/ullmann/HDDGabriel/engines/UnrealEngine/Engine/Source/ThirdParty/PhysX3/PxShared/src/foundation/include/unix/PsUnixAoS.h,1,2,3
/media/ullmann/HDDGabriel/engines/UnrealEngine/Engine/Source/ThirdParty/WebRTC/4147/Include/rtc_base/async_udp_socket.h,0,1,1
/media/ullmann/HDDGabriel/engines/UnrealEngine/Engine/Source/Programs/UnrealLightmass/Private/Lighting/FluidSurface.cpp,0,2,2
/media/ullmann/HDDGabriel/engines/UnrealEngine/Engine/Source/ThirdParty/PhysX3/PhysX_3.4/Source/GeomUtils/src/GuGeometryQuery.cpp,0,5,5
/media/ullmann/HDDGabriel/engines/UnrealEngine/Engine/Source/ThirdParty/Python3/Mac/include/pyctype.h,1,0,1
/media/ullmann/HDDGabriel/engines/UnrealEngine/Engine/Source/Developer/GameplayDebugger/Private/Editor/GameplayDebuggerEdMode.h,2,0,2
/media/ullmann/HDDGabriel/engines/UnrealEngine/Engine/Source/ThirdParty/ShaderConductor/ShaderConductor/External/DirectXShaderCompiler/utils/TableGen/X86ModRMFilters.cpp,0,1,1
/media/ullmann/HDDGabriel/engines/UnrealEngine/Engine/Source/Runtime/WebBrowser/Private/Android/AndroidCookieManager.cpp,0,1,1
/media/ullmann/HDDGabriel/engines/UnrealEngine/Engine/Source/ThirdParty/PhysX3/APEX_1.4/module/destructible_legacy/include/autogen/DestructibleAssetParameters_0p1.h,1,0,1
/media/ullmann/HDDGabriel/engines/UnrealEngine/Engine/Source/ThirdParty/FreeType2/FreeType2-2.10.0/src/otvalid/otverror.h,1,0,1
/media/ullmann/HDDGabriel/engines/UnrealEngine/Engine/Source/ThirdParty/Oculus/LibOVRPlatform/LibOVRPlatform/include/OVR_Pid.h,2,1,3
/media/ullmann/HDDGabriel/engines/UnrealEngine/Engine/Source/ThirdParty/ICU/icu4c-64_1/source/test/intltest/dtfmapts.cpp,0,1,1
/media/ullmann/HDDGabriel/engines/UnrealEngine/Engine/Source/ThirdParty/ICU/icu4c-64_1/source/test/intltest/dtfmapts.h,2,1,3
/media/ullmann/HDDGabriel/engines/UnrealEngine/Engine/Source/ThirdParty/FreeType2/FreeType2-2.10.0/src/pshinter/pshglob.c,1,1,2
/media/ullmann/HDDGabriel/engines/UnrealEngine/Engine/Source/ThirdParty/PhysX3/PxShared/src/foundation/include/PsVecTransform.h,0,1,1
/media/ullmann/HDDGabriel/engines/UnrealEngine/Engine/Source/Developer/VisualGraphUtils/Public/VisualGraphObjectUtils.h,0,1,1
/media/ullmann/HDDGabriel/engines/UnrealEngine/Engine/Source/ThirdParty/libSampleRate/Private/samplerate.cpp,0,2,2
/media/ullmann/HDDGabriel/engines/UnrealEngine/Engine/Source/ThirdParty/MCPP/mcpp-2.7.2/test-l/nest18.h,1,1,2
/media/ullmann/HDDGabriel/engines/UnrealEngine/Engine/Source/ThirdParty/MCPP/mcpp-2.7.2/test-l/nest19.h,1,1,2
/media/ullmann/HDDGabriel/engines/UnrealEngine/Engine/Source/ThirdParty/ShaderConductor/ShaderConductor/External/DirectXShaderCompiler/tools/clang/tools/dxcompiler/dxcassembler.cpp,0,2,2
/media/ullmann/HDDGabriel/engines/UnrealEngine/Engine/Source/ThirdParty/PhysX3/PhysX_3.4/Include/common/PxPhysicsInsertionCallback.h,1,1,2
/media/ullmann/HDDGabriel/engines/UnrealEngine/Engine/Source/ThirdParty/ShaderConductor/ShaderConductor/External/DirectXShaderCompiler/lib/Fuzzer/FuzzerUtil.cpp,0,1,1
/media/ullmann/HDDGabriel/engines/UnrealEngine/Engine/Source/Developer/HotReload/Private/HotReload.cpp,0,1,1
/media/ullmann/HDDGabriel/engines/UnrealEngine/Engine/Source/Developer/HotReload/Private/HotReloadLog.h,1,0,1
/media/ullmann/HDDGabriel/engines/UnrealEngine/Engine/Source/Runtime/UMG/Public/Blueprint/UserWidgetPool.h,0,2,2
/media/ullmann/HDDGabriel/engines/UnrealEngine/Engine/Source/Runtime/UMG/Public/Blueprint/UserWidget.h,2,0,2
/media/ullmann/HDDGabriel/engines/UnrealEngine/Engine/Source/Developer/ProfilerService/Public/IProfilerServiceModule.h,0,1,1
/media/ullmann/HDDGabriel/engines/UnrealEngine/Engine/Source/Developer/ProfilerService/Public/IProfilerServiceManager.h,1,0,1
/media/ullmann/HDDGabriel/engines/UnrealEngine/Engine/Source/ThirdParty/mtlpp/mtlpp-master-7efad47/interpose/MTIHeap.hpp,0,1,1
/media/ullmann/HDDGabriel/engines/UnrealEngine/Engine/Source/Runtime/SlateCore/Private/Debugging/ConsoleSlateDebuggerUtility.cpp,0,1,1
/media/ullmann/HDDGabriel/engines/UnrealEngine/Engine/Source/Runtime/SlateCore/Private/Debugging/ConsoleSlateDebuggerUtility.h,1,0,1
/media/ullmann/HDDGabriel/engines/UnrealEngine/Engine/Source/ThirdParty/ShaderConductor/ShaderConductor/External/DirectXShaderCompiler/lib/Transforms/InstCombine/InstCombineSelect.cpp,0,1,1
/media/ullmann/HDDGabriel/engines/UnrealEngine/Engine/Source/Developer/AssetTools/Public/AssetToolsSettings.h,0,1,1
/media/ullmann/HDDGabriel/engines/UnrealEngine/Engine/Source/Developer/AssetTools/Public/AdvancedCopyCustomization.h,1,1,2
/media/ullmann/HDDGabriel/engines/UnrealEngine/Engine/Source/ThirdParty/libOpus/opus-1.3.1-12/silk/float/warped_autocorrelation_FLP.c,0,1,1
/media/ullmann/HDDGabriel/engines/UnrealEngine/Engine/Source/Editor/Layers/Private/SLayersCommandsMenu.cpp,0,2,2
/media/ullmann/HDDGabriel/engines/UnrealEngine/Engine/Source/Developer/TraceInsights/Private/Insights/MemoryProfiler/Widgets/SMemAllocTableTreeView.cpp,0,1,1
/media/ullmann/HDDGabriel/engines/UnrealEngine/Engine/Source/Developer/TraceInsights/Private/Insights/MemoryProfiler/Widgets/SMemAllocTableTreeView.h,1,0,1
/media/ullmann/HDDGabriel/engines/UnrealEngine/Engine/Source/Editor/DetailCustomizations/Private/LandscapeProxyUIDetails.cpp,0,3,3
/media/ullmann/HDDGabriel/engines/UnrealEngine/Engine/Source/Editor/DetailCustomizations/Private/MathStructProxyCustomizations.h,2,0,2
/media/ullmann/HDDGabriel/engines/UnrealEngine/Engine/Source/ThirdParty/ShaderConductor/ShaderConductor/External/DirectXShaderCompiler/lib/CodeGen/MIRParser/MILexer.cpp,0,1,1
/media/ullmann/HDDGabriel/engines/UnrealEngine/Engine/Source/ThirdParty/ShaderConductor/ShaderConductor/External/DirectXShaderCompiler/lib/CodeGen/MIRParser/MILexer.h,2,0,2
/media/ullmann/HDDGabriel/engines/UnrealEngine/Engine/Source/ThirdParty/Python3/Linux/include/python3.9/cpython/code.h,1,0,1
/media/ullmann/HDDGabriel/engines/UnrealEngine/Engine/Source/ThirdParty/libOpus/opus-1.1/TVOS/libOpus/include/opus_custom.h,0,1,1
/media/ullmann/HDDGabriel/engines/UnrealEngine/Engine/Source/ThirdParty/ICU/icu4c-64_1/source/i18n/unicode/utrans.h,4,0,4
/media/ullmann/HDDGabriel/engines/UnrealEngine/Engine/Source/Runtime/AudioCodecEngine/Private/DecoderInputFactory.cpp,0,1,1
/media/ullmann/HDDGabriel/engines/UnrealEngine/Engine/Source/ThirdParty/OpenSubdiv/OpenSubdiv-3.4.4/examples/common/shaderCache.h,2,0,2
/media/ullmann/HDDGabriel/engines/UnrealEngine/Engine/Source/ThirdParty/GoogleOboe/Private/fifo/FifoControllerBase.cpp,0,1,1
/media/ullmann/HDDGabriel/engines/UnrealEngine/Engine/Source/ThirdParty/MCPP/mcpp-2.7.2/test-t/nest2.h,1,1,2
/media/ullmann/HDDGabriel/engines/UnrealEngine/Engine/Source/Runtime/TimeManagement/Public/GenlockedFixedRateCustomTimeStep.h,0,1,1
/media/ullmann/HDDGabriel/engines/UnrealEngine/Engine/Source/Editor/Kismet/Private/Debugging/SKismetDebuggingView.h,3,0,3
/media/ullmann/HDDGabriel/engines/UnrealEngine/Engine/Source/ThirdParty/ICU/icu4c-53_1/source/test/intltest/nptrans.h,3,1,4
/media/ullmann/HDDGabriel/engines/UnrealEngine/Engine/Source/Editor/AnimGraph/Public/AnimGraphNode_LocalToComponentSpace.h,0,1,1
/media/ullmann/HDDGabriel/engines/UnrealEngine/Engine/Source/Programs/TextureShare/Samples/ThirdParty/TextureShare_ClientD3D11/Tutorial07.cpp,0,2,2
/media/ullmann/HDDGabriel/engines/UnrealEngine/Engine/Source/Programs/TextureShare/Samples/ThirdParty/TextureShare_ClientD3D11/TextureShareD3D11Client.h,2,1,3
/media/ullmann/HDDGabriel/engines/UnrealEngine/Engine/Source/ThirdParty/ShaderConductor/ShaderConductor/External/DirectXShaderCompiler/tools/clang/lib/StaticAnalyzer/Checkers/ObjCSelfInitChecker.cpp,0,1,1
/media/ullmann/HDDGabriel/engines/UnrealEngine/Engine/Source/ThirdParty/glslang/glslang/src/glslang_lib/glslang/MachineIndependent/IntermTraverse.cpp,0,1,1
/media/ullmann/HDDGabriel/engines/UnrealEngine/Engine/Source/Runtime/Landscape/Private/Landscape.cpp,0,1,1
/media/ullmann/HDDGabriel/engines/UnrealEngine/Engine/Source/Runtime/Landscape/Private/LandscapeVersion.h,4,0,4
/media/ullmann/HDDGabriel/engines/UnrealEngine/Engine/Source/ThirdParty/ShaderConductor/ShaderConductor/External/DirectXShaderCompiler/lib/Fuzzer/FuzzerInterface.h,4,0,4
/media/ullmann/HDDGabriel/engines/UnrealEngine/Engine/Source/Runtime/UMG/Public/Components/SlateWrapperTypes.h,1,0,1
/media/ullmann/HDDGabriel/engines/UnrealEngine/Engine/Source/Runtime/Portal/Proxies/Private/Account/PortalUserLoginProxy.h,1,0,1
/media/ullmann/HDDGabriel/engines/UnrealEngine/Engine/Source/ThirdParty/ICU/icu4c-64_1/source/test/cintltst/ncnvtst.c,0,1,1
/media/ullmann/HDDGabriel/engines/UnrealEngine/Engine/Source/Runtime/Experimental/Voronoi/Private/voro++/src/pre_container.cc,0,2,2
/media/ullmann/HDDGabriel/engines/UnrealEngine/Engine/Source/Runtime/Experimental/Voronoi/Private/voro++/src/pre_container.hh,1,0,1
/media/ullmann/HDDGabriel/engines/UnrealEngine/Engine/Source/ThirdParty/Intel/Embree/Embree2140/src/common/simd/vlong8_avx512.h,1,0,1
/media/ullmann/HDDGabriel/engines/UnrealEngine/Engine/Source/ThirdParty/libOpus/opus-1.3.1-12/silk/float/process_gains_FLP.c,0,1,1
/media/ullmann/HDDGabriel/engines/UnrealEngine/Engine/Source/ThirdParty/ICU/icu4c-53_1/source/i18n/tolowtrn.cpp,0,1,1
/media/ullmann/HDDGabriel/engines/UnrealEngine/Engine/Source/ThirdParty/FakeIt/2.0.2/config/tpunit/TpUnitFakeit.hpp,1,0,1
/media/ullmann/HDDGabriel/engines/UnrealEngine/Engine/Source/ThirdParty/libOpus/opus-1.1/silk/float/sort_FLP.c,0,1,1
/media/ullmann/HDDGabriel/engines/UnrealEngine/Engine/Source/ThirdParty/libOpus/opus-1.3.1-12/src/mapping_matrix.c,0,2,2
/media/ullmann/HDDGabriel/engines/UnrealEngine/Engine/Source/Programs/ZenDashboard/Private/ZenDashboardStyle.h,2,0,2
/media/ullmann/HDDGabriel/engines/UnrealEngine/Engine/Source/Runtime/TraceLog/Private/Trace/Codec.cpp,0,1,1
/media/ullmann/HDDGabriel/engines/UnrealEngine/Engine/Source/Runtime/TraceLog/Private/Trace/LZ4/lz4.c.inl,1,0,1
/media/ullmann/HDDGabriel/engines/UnrealEngine/Engine/Source/Editor/AudioEditor/Public/ISoundSubmixEditor.h,1,0,1
/media/ullmann/HDDGabriel/engines/UnrealEngine/Engine/Source/Editor/DetailCustomizations/Private/DateTimeStructCustomization.cpp,0,1,1
/media/ullmann/HDDGabriel/engines/UnrealEngine/Engine/Source/Developer/Windows/LiveCoding/Private/External/xxh3.h,1,1,2
/media/ullmann/HDDGabriel/engines/UnrealEngine/Engine/Source/ThirdParty/Perforce/p4api-2021.2/Include/Win64/VS2015/p4/serverhelperapi.h,0,2,2
/media/ullmann/HDDGabriel/engines/UnrealEngine/Engine/Source/ThirdParty/Perforce/p4api-2021.2/Include/Win64/VS2015/p4/strtable.h,1,0,1
/media/ullmann/HDDGabriel/engines/UnrealEngine/Engine/Source/ThirdParty/libOpus/opus-1.0.3/silk/table_LSF_cos.c,0,1,1
/media/ullmann/HDDGabriel/engines/UnrealEngine/Engine/Source/ThirdParty/FreeType2/FreeType2-2.10.4/src/gxvalid/gxvkern.c,1,2,3
/media/ullmann/HDDGabriel/engines/UnrealEngine/Engine/Source/ThirdParty/PhysX3/NvCloth/samples/SampleBase/scene/scenes/ConvexCollisionScene.cpp,0,1,1
/media/ullmann/HDDGabriel/engines/UnrealEngine/Engine/Source/ThirdParty/PhysX3/NvCloth/samples/SampleBase/scene/scenes/ConvexCollisionScene.h,1,0,1
/media/ullmann/HDDGabriel/engines/UnrealEngine/Engine/Source/ThirdParty/Intel/TBB/IntelTBB-2019u8/include/serial/tbb/parallel_for.h,1,1,2
/media/ullmann/HDDGabriel/engines/UnrealEngine/Engine/Source/ThirdParty/AMD/Amf/core/Plane.h,1,1,2
/media/ullmann/HDDGabriel/engines/UnrealEngine/Engine/Source/ThirdParty/Intel/Embree/Embree2140/src/kernels/subdiv/gridrange.h,1,1,2
/media/ullmann/HDDGabriel/engines/UnrealEngine/Engine/Source/ThirdParty/libcurl/include/Android/x86/curl/curlrules.h,1,0,1
/media/ullmann/HDDGabriel/engines/UnrealEngine/Engine/Source/Runtime/PhysicsCore/Public/PhysicsInitialization.h,0,1,1
/media/ullmann/HDDGabriel/engines/UnrealEngine/Engine/Source/ThirdParty/PhysX3/APEX_1.4/include/ResourceCallback.h,1,1,2
/media/ullmann/HDDGabriel/engines/UnrealEngine/Engine/Source/ThirdParty/libPNG/libPNG-1.6.37/pngwrite.c,0,1,1
/media/ullmann/HDDGabriel/engines/UnrealEngine/Engine/Source/ThirdParty/ICU/icu4c-53_1/source/i18n/vzone.h,1,1,2
/media/ullmann/HDDGabriel/engines/UnrealEngine/Engine/Source/Developer/VulkanShaderFormat/Private/VulkanShaderCompiler.cpp,0,2,2
/media/ullmann/HDDGabriel/engines/UnrealEngine/Engine/Source/Developer/MeshMergeUtilities/Private/SkeletalMeshAdapter.cpp,0,1,1
/media/ullmann/HDDGabriel/engines/UnrealEngine/Engine/Source/ThirdParty/FBX/2020.2/include/fbxsdk/utils/fbxclonemanager.h,1,0,1
/media/ullmann/HDDGabriel/engines/UnrealEngine/Engine/Source/ThirdParty/Breakpad/src/third_party/libdisasm/x86_insn.c,0,1,1
/media/ullmann/HDDGabriel/engines/UnrealEngine/Engine/Source/Runtime/RenderCore/Public/CopyTextureShaders.h,0,2,2
/media/ullmann/HDDGabriel/engines/UnrealEngine/Engine/Source/ThirdParty/ICU/icu4c-64_1/source/i18n/name2uni.cpp,0,1,1
/media/ullmann/HDDGabriel/engines/UnrealEngine/Engine/Source/Developer/Windows/LiveCodingServer/Private/External/LC_Disassembler.cpp,0,1,1
/media/ullmann/HDDGabriel/engines/UnrealEngine/Engine/Source/ThirdParty/Imath/Imath-3.1.3/src/ImathTest/testMatrix.cpp,0,1,1
/media/ullmann/HDDGabriel/engines/UnrealEngine/Engine/Source/ThirdParty/Imath/Imath-3.1.3/src/ImathTest/testMatrix.h,2,0,2
/media/ullmann/HDDGabriel/engines/UnrealEngine/Engine/Source/Runtime/Experimental/Chaos/Public/Chaos/ResimCacheBase.h,2,1,3
/media/ullmann/HDDGabriel/engines/UnrealEngine/Engine/Source/Runtime/Android/AndroidLocalNotification/Private/AndroidLocalNotification.cpp,0,1,1
/media/ullmann/HDDGabriel/engines/UnrealEngine/Engine/Source/Runtime/Android/AndroidLocalNotification/Public/AndroidLocalNotification.h,1,1,2
/media/ullmann/HDDGabriel/engines/UnrealEngine/Engine/Source/Editor/BlueprintGraph/Classes/K2Node_GetClassDefaults.h,0,1,1
/media/ullmann/HDDGabriel/engines/UnrealEngine/Engine/Source/ThirdParty/FBX/2020.2/include/fbxsdk/scene/fbxaudio.h,1,0,1
/media/ullmann/HDDGabriel/engines/UnrealEngine/Engine/Source/ThirdParty/PhysX3/APEX_1.4/framework/include/autogen/BufferU32x3.h,1,0,1
/media/ullmann/HDDGabriel/engines/UnrealEngine/Engine/Source/ThirdParty/ShaderConductor/ShaderConductor/External/DirectXShaderCompiler/lib/CodeGen/AllocationOrder.h,3,0,3
/media/ullmann/HDDGabriel/engines/UnrealEngine/Engine/Source/ThirdParty/ICU/icu4c-53_1/source/i18n/curramt.cpp,0,2,2
/media/ullmann/HDDGabriel/engines/UnrealEngine/Engine/Source/ThirdParty/ICU/icu4c-53_1/source/i18n/unicode/currunit.h,2,0,2
/media/ullmann/HDDGabriel/engines/UnrealEngine/Engine/Source/ThirdParty/OpenVDB/openvdb-8.1.0/openvdb_ax/openvdb_ax/test/integration/TestString.cc,0,2,2
/media/ullmann/HDDGabriel/engines/UnrealEngine/Engine/Source/ThirdParty/PhysX3/PhysX_3.4/Source/LowLevel/API/include/PxvSimStats.h,1,0,1
/media/ullmann/HDDGabriel/engines/UnrealEngine/Engine/Source/Developer/TraceInsights/Private/Insights/LoadingProfiler/LoadingProfilerCommands.cpp,0,1,1
/media/ullmann/HDDGabriel/engines/UnrealEngine/Engine/Source/Developer/TraceInsights/Private/Insights/LoadingProfiler/LoadingProfilerCommands.h,1,0,1
/media/ullmann/HDDGabriel/engines/UnrealEngine/Engine/Source/ThirdParty/ICU/icu4c-64_1/source/test/intltest/callimts.cpp,0,3,3
/media/ullmann/HDDGabriel/engines/UnrealEngine/Engine/Source/Runtime/SessionServices/Private/SessionInfo.cpp,0,2,2
/media/ullmann/HDDGabriel/engines/UnrealEngine/Engine/Source/ThirdParty/ICU/icu4c-64_1/source/common/cwchar.cpp,0,2,2
/media/ullmann/HDDGabriel/engines/UnrealEngine/Engine/Source/Developer/AssetTools/Private/AssetTypeActions/AssetTypeActions_MaterialInterface.h,1,0,1
/media/ullmann/HDDGabriel/engines/UnrealEngine/Engine/Source/ThirdParty/openexr/Deploy/openexr-3.1.1/include/OpenEXR/ImfHuf.h,0,2,2
/media/ullmann/HDDGabriel/engines/UnrealEngine/Engine/Source/Editor/UnrealEd/Public/EdGraphNode_Comment.h,1,0,1
/media/ullmann/HDDGabriel/engines/UnrealEngine/Engine/Source/ThirdParty/OpenVDB/openvdb-8.1.0/openvdb/openvdb/tools/Statistics.h,2,1,3
/media/ullmann/HDDGabriel/engines/UnrealEngine/Engine/Source/ThirdParty/ShaderConductor/ShaderConductor/External/DirectXShaderCompiler/include/llvm/Support/ELFRelocs/SystemZ.def,1,0,1
/media/ullmann/HDDGabriel/engines/UnrealEngine/Engine/Source/ThirdParty/ICU/icu4c-64_1/source/i18n/smpdtfst.cpp,0,3,3
/media/ullmann/HDDGabriel/engines/UnrealEngine/Engine/Source/ThirdParty/FreeImage/FreeImage-3.18.0/Source/LibJXR/common/include/wmspecstrings_undef.h,1,0,1
/media/ullmann/HDDGabriel/engines/UnrealEngine/Engine/Source/Runtime/Renderer/Private/Lumen/LumenVoxelLighting.cpp,0,2,2
/media/ullmann/HDDGabriel/engines/UnrealEngine/Engine/Source/ThirdParty/Intel/Embree/Embree2140/Linux/x86_64-unknown-linux-gnu/include/embree2/rtcore_scene.h,1,0,1
/media/ullmann/HDDGabriel/engines/UnrealEngine/Engine/Source/ThirdParty/FreeType2/FreeType2-2.6/Src/base/md5.c,1,1,2
/media/ullmann/HDDGabriel/engines/UnrealEngine/Engine/Source/ThirdParty/FreeType2/FreeType2-2.6/Src/base/md5.h,1,0,1
/media/ullmann/HDDGabriel/engines/UnrealEngine/Engine/Source/ThirdParty/Intel/ISPCTexComp/ISPC Texture Compressor/processing.h,2,0,2
/media/ullmann/HDDGabriel/engines/UnrealEngine/Engine/Source/Editor/HierarchicalLODOutliner/Private/HLODTreeWidgetItem.h,2,0,2
/media/ullmann/HDDGabriel/engines/UnrealEngine/Engine/Source/ThirdParty/HarfBuzz/harfbuzz-1.2.4/src/hb-fallback-shape.cc,0,1,1
/media/ullmann/HDDGabriel/engines/UnrealEngine/Engine/Source/ThirdParty/Intel/TBB/IntelTBB-2019u8/src/old/test_concurrent_vector_v2.cpp,0,3,3
/media/ullmann/HDDGabriel/engines/UnrealEngine/Engine/Source/ThirdParty/HarfBuzz/harfbuzz-2.4.0/src/hb-ot-hdmx-table.hh,1,0,1
/media/ullmann/HDDGabriel/engines/UnrealEngine/Engine/Source/Runtime/Sockets/Private/Mac/SocketSubsystemMac.cpp,0,1,1
/media/ullmann/HDDGabriel/engines/UnrealEngine/Engine/Source/Runtime/Sockets/Private/Mac/SocketSubsystemMac.h,1,0,1
/media/ullmann/HDDGabriel/engines/UnrealEngine/Engine/Source/ThirdParty/FreeType2/FreeType2-2.4.12/src/gxvalid/gxvmort.c,1,2,3
/media/ullmann/HDDGabriel/engines/UnrealEngine/Engine/Source/Editor/PropertyEditor/Private/UserInterface/PropertyEditor/SPropertyMenuComponentPicker.cpp,0,2,2
/media/ullmann/HDDGabriel/engines/UnrealEngine/Engine/Source/Editor/AnimGraph/Public/AnimGraphNode_RigidBody.h,0,1,1
/media/ullmann/HDDGabriel/engines/UnrealEngine/Engine/Source/ThirdParty/ICU/icu4c-64_1/source/common/unicode/uidna.h,1,0,1
/media/ullmann/HDDGabriel/engines/UnrealEngine/Engine/Source/ThirdParty/libOpus/opus-1.1/silk/bwexpander_32.c,0,1,1
/media/ullmann/HDDGabriel/engines/UnrealEngine/Engine/Source/ThirdParty/PhysX3/PhysX_3.4/Source/GeomUtils/src/hf/GuEntityReport.h,2,0,2
/media/ullmann/HDDGabriel/engines/UnrealEngine/Engine/Source/ThirdParty/SDL2/SDL-gui-backend/include/SDL_test_font.h,1,2,3
/media/ullmann/HDDGabriel/engines/UnrealEngine/Engine/Source/ThirdParty/ICU/icu4c-64_1/source/test/perf/convperf/convperf.cpp,0,2,2
/media/ullmann/HDDGabriel/engines/UnrealEngine/Engine/Source/ThirdParty/ICU/icu4c-64_1/source/test/perf/convperf/convperf.h,1,0,1
/media/ullmann/HDDGabriel/engines/UnrealEngine/Engine/Source/ThirdParty/SDL2/SDL-gui-backend/src/libm/e_atan2.c,0,2,2
/media/ullmann/HDDGabriel/engines/UnrealEngine/Engine/Source/ThirdParty/OpenSubdiv/OpenSubdiv-3.4.4/opensubdiv/osd/cudaPatchTable.cpp,0,3,3
/media/ullmann/HDDGabriel/engines/UnrealEngine/Engine/Source/ThirdParty/nvTextureTools/nvTextureTools-2.0.6/src/src/nvtt/squish/singlechannelfit.cpp,0,3,3
/media/ullmann/HDDGabriel/engines/UnrealEngine/Engine/Source/Editor/DetailCustomizations/Private/TextureLODSettingsDetails.h,2,0,2
/media/ullmann/HDDGabriel/engines/UnrealEngine/Engine/Source/ThirdParty/WebRTC/4147/Include/third_party/opus/src/celt/x86/x86cpu.h,1,0,1
/media/ullmann/HDDGabriel/engines/UnrealEngine/Engine/Source/ThirdParty/Python3/Mac/include/Python-ast.h,2,1,3
/media/ullmann/HDDGabriel/engines/UnrealEngine/Engine/Source/ThirdParty/Android/libunwind/libunwind/src/ppc/Lget_save_loc.c,0,1,1
/media/ullmann/HDDGabriel/engines/UnrealEngine/Engine/Source/ThirdParty/Android/libunwind/libunwind/src/ppc/Gget_save_loc.c,1,0,1
/media/ullmann/HDDGabriel/engines/UnrealEngine/Engine/Source/Developer/TraceInsights/Private/Insights/LoadingProfiler/Widgets/SLoadingProfilerWindow.cpp,0,1,1
/media/ullmann/HDDGabriel/engines/UnrealEngine/Engine/Source/Developer/TraceInsights/Private/Insights/LoadingProfiler/Widgets/SLoadingProfilerWindow.h,1,0,1
/media/ullmann/HDDGabriel/engines/UnrealEngine/Engine/Source/ThirdParty/PhysX3/PhysX_3.4/Include/geometry/PxHeightField.h,1,0,1
/media/ullmann/HDDGabriel/engines/UnrealEngine/Engine/Source/Developer/Windows/LiveCoding/Private/LiveCodingModule.h,1,0,1
/media/ullmann/HDDGabriel/engines/UnrealEngine/Engine/Source/ThirdParty/ICU/icu4c-64_1/source/common/usc_impl.cpp,0,3,3
/media/ullmann/HDDGabriel/engines/UnrealEngine/Engine/Source/Runtime/Core/Public/GenericPlatform/GenericPlatformNamedPipe.h,1,0,1
/media/ullmann/HDDGabriel/engines/UnrealEngine/Engine/Source/ThirdParty/openexr/openexr-3.1.1/src/test/OpenEXRTest/testXdr.h,1,0,1
/media/ullmann/HDDGabriel/engines/UnrealEngine/Engine/Source/ThirdParty/Android/libunwind/libunwind/src/arm/Lget_save_loc.c,0,1,1
/media/ullmann/HDDGabriel/engines/UnrealEngine/Engine/Source/ThirdParty/Android/libunwind/libunwind/src/arm/Gget_save_loc.c,1,1,2
/media/ullmann/HDDGabriel/engines/UnrealEngine/Engine/Source/Runtime/Core/Public/Misc/StructBuilder.h,3,0,3
/media/ullmann/HDDGabriel/engines/UnrealEngine/Engine/Source/Developer/TraceInsights/Private/Insights/Widgets/STimersView.cpp,0,1,1
/media/ullmann/HDDGabriel/engines/UnrealEngine/Engine/Source/Developer/TraceInsights/Private/Insights/Widgets/STimersView.h,1,0,1
/media/ullmann/HDDGabriel/engines/UnrealEngine/Engine/Source/ThirdParty/WebRTC/4147/Include/third_party/protobuf/conformance/binary_json_conformance_suite.h,0,2,2
/media/ullmann/HDDGabriel/engines/UnrealEngine/Engine/Source/ThirdParty/WebRTC/4147/Include/third_party/protobuf/conformance/third_party/jsoncpp/json.h,1,0,1
/media/ullmann/HDDGabriel/engines/UnrealEngine/Engine/Source/Programs/HeadlessChaos/Resource/EllipsoidGeometry3.cpp,0,1,1
/media/ullmann/HDDGabriel/engines/UnrealEngine/Engine/Source/Programs/HeadlessChaos/Resource/EllipsoidGeometry3.h,1,0,1
/media/ullmann/HDDGabriel/engines/UnrealEngine/Engine/Source/ThirdParty/HarfBuzz/harfbuzz-2.4.0/src/hb-ot-shape-complex-use-machine.hh,1,0,1
/media/ullmann/HDDGabriel/engines/UnrealEngine/Engine/Source/Runtime/SlateCore/Public/Rendering/ShaderResourceManager.h,1,0,1
/media/ullmann/HDDGabriel/engines/UnrealEngine/Engine/Source/ThirdParty/SDL2/SDL-gui-backend/src/video/psp/SDL_pspmouse.c,0,3,3
/media/ullmann/HDDGabriel/engines/UnrealEngine/Engine/Source/ThirdParty/SDL2/SDL-gui-backend/src/video/psp/SDL_pspmouse_c.h,1,1,2
/media/ullmann/HDDGabriel/engines/UnrealEngine/Engine/Source/Developer/ProjectLauncher/Private/Widgets/Launch/SProjectLauncherLaunchCustomRoles.cpp,0,1,1
/media/ullmann/HDDGabriel/engines/UnrealEngine/Engine/Source/Developer/ProjectLauncher/Private/Widgets/Launch/SProjectLauncherLaunchCustomRoles.h,1,0,1
/media/ullmann/HDDGabriel/engines/UnrealEngine/Engine/Source/Runtime/Online/BuildPatchServices/Public/BuildPatchVerify.h,2,0,2
/media/ullmann/HDDGabriel/engines/UnrealEngine/Engine/Source/ThirdParty/PhysX3/APEX_1.4/framework/include/ApexRenderMeshAssetAuthoring.h,0,3,3
/media/ullmann/HDDGabriel/engines/UnrealEngine/Engine/Source/ThirdParty/PhysX3/APEX_1.4/framework/include/ApexRenderMeshAsset.h,4,1,5
/media/ullmann/HDDGabriel/engines/UnrealEngine/Engine/Source/Runtime/D3D12RHI/Private/D3D12Adapter.cpp,0,1,1
/media/ullmann/HDDGabriel/engines/UnrealEngine/Engine/Source/Runtime/ColorManagement/Public/TransferFunctions.h,0,1,1
/media/ullmann/HDDGabriel/engines/UnrealEngine/Engine/Source/ThirdParty/PhysX3/PhysX_3.4/Include/characterkinematic/PxController.h,1,0,1
/media/ullmann/HDDGabriel/engines/UnrealEngine/Engine/Source/ThirdParty/CryptoPP/5.6.2/include/sha.cpp,0,4,4
/media/ullmann/HDDGabriel/engines/UnrealEngine/Engine/Source/Developer/DesktopPlatform/Private/Mac/DesktopPlatformMac.h,1,1,2
/media/ullmann/HDDGabriel/engines/UnrealEngine/Engine/Source/ThirdParty/PhysX3/APEX_1.4/module/clothing/embedded/LowLevelCloth/include/Cloth.h,0,2,2
/media/ullmann/HDDGabriel/engines/UnrealEngine/Engine/Source/ThirdParty/FreeType2/FreeType2-2.10.4/src/base/ftrfork.c,1,1,2
/media/ullmann/HDDGabriel/engines/UnrealEngine/Engine/Source/ThirdParty/SDL2/SDL-gui-backend/src/video/riscos/SDL_riscosevents.c,0,5,5
/media/ullmann/HDDGabriel/engines/UnrealEngine/Engine/Source/Runtime/MovieScene/Private/Tests/MovieSceneTestObjects.cpp,0,1,1
/media/ullmann/HDDGabriel/engines/UnrealEngine/Engine/Source/ThirdParty/ICU/icu4c-53_1/include/layout/LEScripts.h,0,1,1
/media/ullmann/HDDGabriel/engines/UnrealEngine/Engine/Source/ThirdParty/ICU/icu4c-53_1/include/layout/LEFontInstance.h,0,1,1
/media/ullmann/HDDGabriel/engines/UnrealEngine/Engine/Source/ThirdParty/ICU/icu4c-64_1/source/common/unicode/filteredbrk.h,2,0,2
/media/ullmann/HDDGabriel/engines/UnrealEngine/Engine/Source/Runtime/AIModule/Private/GameplayDebugger/GameplayDebuggerCategory_EQS.h,1,0,1
/media/ullmann/HDDGabriel/engines/UnrealEngine/Engine/Source/ThirdParty/AMD/Amf/core/Version.h,1,1,2
/media/ullmann/HDDGabriel/engines/UnrealEngine/Engine/Source/ThirdParty/ICU/icu4c-64_1/source/tools/genrb/filterrb.cpp,0,2,2
/media/ullmann/HDDGabriel/engines/UnrealEngine/Engine/Source/Runtime/Core/Public/HoloLens/PostHoloLensApi.h,1,0,1
/media/ullmann/HDDGabriel/engines/UnrealEngine/Engine/Source/ThirdParty/Boost/boost-1_70_0/include/boost/phoenix/stl/algorithm/detail/is_std_set.hpp,4,0,4
/media/ullmann/HDDGabriel/engines/UnrealEngine/Engine/Source/Runtime/Renderer/Private/Lumen/LumenDiffuseIndirect.cpp,0,2,2
/media/ullmann/HDDGabriel/engines/UnrealEngine/Engine/Source/Editor/UnrealEd/Private/Cooker/AsyncIODelete.cpp,0,1,1
/media/ullmann/HDDGabriel/engines/UnrealEngine/Engine/Source/Editor/UnrealEd/Private/Cooker/AsyncIODelete.h,3,0,3
/media/ullmann/HDDGabriel/engines/UnrealEngine/Engine/Source/Developer/HoloLens/HoloLensPlatformEditor/Private/HoloLensImageResourcesCustomization.cpp,0,1,1
/media/ullmann/HDDGabriel/engines/UnrealEngine/Engine/Source/Developer/HoloLens/HoloLensPlatformEditor/Private/HoloLensImageResourcesCustomization.h,2,0,2
/media/ullmann/HDDGabriel/engines/UnrealEngine/Engine/Source/ThirdParty/ICU/icu4c-53_1/source/test/cintltst/cnormtst.h,1,1,2
/media/ullmann/HDDGabriel/engines/UnrealEngine/Engine/Source/ThirdParty/FreeImage/FreeImage-3.18.0/Source/OpenEXR/IlmImf/ImfWav.cpp,0,2,2
/media/ullmann/HDDGabriel/engines/UnrealEngine/Engine/Source/Runtime/MovieSceneCapture/Public/LevelCapture.h,0,1,1
/media/ullmann/HDDGabriel/engines/UnrealEngine/Engine/Source/ThirdParty/libOpus/opus-1.1/silk/pitch_est_tables.c,0,2,2
/media/ullmann/HDDGabriel/engines/UnrealEngine/Engine/Source/Runtime/VectorVM/Private/VectorVM.cpp,0,1,1
/media/ullmann/HDDGabriel/engines/UnrealEngine/Engine/Source/Runtime/VectorVM/Private/VectorVMPrivate.h,2,0,2
/media/ullmann/HDDGabriel/engines/UnrealEngine/Engine/Source/Editor/Persona/Private/SAnimationScrubPanel.cpp,0,2,2
/media/ullmann/HDDGabriel/engines/UnrealEngine/Engine/Source/Runtime/Apple/AGXRHI/Private/Shaders/Types/AGXVertexShader.h,2,0,2
/media/ullmann/HDDGabriel/engines/UnrealEngine/Engine/Source/ThirdParty/OpenVDB/openvdb-8.1.0/openvdb/openvdb/util/Formats.cc,0,1,1
/media/ullmann/HDDGabriel/engines/UnrealEngine/Engine/Source/Runtime/Portal/Services/Private/PortalServiceLocator.cpp,0,1,1
/media/ullmann/HDDGabriel/engines/UnrealEngine/Engine/Source/ThirdParty/MCPP/mcpp-2.7.2/test-t/nest11.h,1,1,2
/media/ullmann/HDDGabriel/engines/UnrealEngine/Engine/Source/Developer/ShaderCompilerCommon/Private/HlslAST.cpp,0,1,1
/media/ullmann/HDDGabriel/engines/UnrealEngine/Engine/Source/Editor/Persona/Private/SAnimSequenceCurveEditor.h,2,0,2
/media/ullmann/HDDGabriel/engines/UnrealEngine/Engine/Source/Runtime/RHI/Public/RHIResources.h,2,2,4
/media/ullmann/HDDGabriel/engines/UnrealEngine/Engine/Source/Programs/UnrealLightmass/Private/LightmassCore/LMCore.cpp,0,1,1
/media/ullmann/HDDGabriel/engines/UnrealEngine/Engine/Source/Programs/UnrealLightmass/Private/LightmassCore/LMCore.h,1,0,1
/media/ullmann/HDDGabriel/engines/UnrealEngine/Engine/Source/ThirdParty/Python3/Win64/include/pyhash.h,1,0,1
/media/ullmann/HDDGabriel/engines/UnrealEngine/Engine/Source/ThirdParty/FontConfig/fontconfig-2.13.94/src/fcpat.c,0,2,2
/media/ullmann/HDDGabriel/engines/UnrealEngine/Engine/Source/Editor/AnimGraph/Public/PropertyAccessCompilerHandler.h,0,1,1
/media/ullmann/HDDGabriel/engines/UnrealEngine/Engine/Source/ThirdParty/FreeImage/FreeImage-3.18.0/Source/LibJPEG/jpegint.h,1,0,1
/media/ullmann/HDDGabriel/engines/UnrealEngine/Engine/Source/ThirdParty/ICU/icu4c-64_1/source/i18n/currfmt.h,2,1,3
/media/ullmann/HDDGabriel/engines/UnrealEngine/Engine/Source/ThirdParty/PhysX3/APEX_1.4/module/clothing_legacy/include/autogen/ClothingGraphicalLodParameters_0p3.h,1,0,1
/media/ullmann/HDDGabriel/engines/UnrealEngine/Engine/Source/Runtime/SlateCore/Public/Layout/SlateRect.h,2,0,2
/media/ullmann/HDDGabriel/engines/UnrealEngine/Engine/Source/Runtime/Experimental/Chaos/Public/Chaos/ISpatialAccelerationCollection.h,0,1,1
/media/ullmann/HDDGabriel/engines/UnrealEngine/Engine/Source/ThirdParty/ICU/icu4c-53_1/source/tools/tzcode/ialloc.c,0,1,1
/media/ullmann/HDDGabriel/engines/UnrealEngine/Engine/Source/ThirdParty/Intel/TBB/IntelTBB-2019u8/include/tbb/machine/linux_intel64.h,0,1,1
/media/ullmann/HDDGabriel/engines/UnrealEngine/Engine/Source/Runtime/MoviePlayer/Private/MoviePlayerThreading.h,2,0,2
/media/ullmann/HDDGabriel/engines/UnrealEngine/Engine/Source/Runtime/NetworkFileSystem/Private/NetworkFileServerHttp.h,2,0,2
/media/ullmann/HDDGabriel/engines/UnrealEngine/Engine/Source/ThirdParty/Crunch/src/crnlib/crn_dynamic_string.h,3,0,3
/media/ullmann/HDDGabriel/engines/UnrealEngine/Engine/Source/ThirdParty/PhysX3/APEX_1.4/module/clothing/embedded/LowLevelCloth/src/SwFactory.cpp,0,5,5
/media/ullmann/HDDGabriel/engines/UnrealEngine/Engine/Source/Runtime/Datasmith/DatasmithCore/Public/DatasmithSceneFactory.h,0,4,4
/media/ullmann/HDDGabriel/engines/UnrealEngine/Engine/Source/ThirdParty/Intel/TBB/IntelTBB-2019u8/src/tbb/tbb_version.h,2,0,2
/media/ullmann/HDDGabriel/engines/UnrealEngine/Engine/Source/Editor/PropertyEditor/Public/IDetailChildrenBuilder.h,1,1,2
/media/ullmann/HDDGabriel/engines/UnrealEngine/Engine/Source/Editor/DataLayerEditor/Public/DataLayerEditorModule.h,1,0,1
/media/ullmann/HDDGabriel/engines/UnrealEngine/Engine/Source/Developer/ShaderFormatVectorVM/Private/VectorVMShaderCompiler.cpp,0,1,1
/media/ullmann/HDDGabriel/engines/UnrealEngine/Engine/Source/ThirdParty/ICU/icu4c-53_1/source/tools/toolutil/filestrm.c,0,1,1
/media/ullmann/HDDGabriel/engines/UnrealEngine/Engine/Source/ThirdParty/ShaderConductor/ShaderConductor/External/DirectXShaderCompiler/utils/TableGen/TableGen.cpp,0,1,1
/media/ullmann/HDDGabriel/engines/UnrealEngine/Engine/Source/ThirdParty/libOpus/opus-1.1/celt/ecintrin.h,1,1,2
/media/ullmann/HDDGabriel/engines/UnrealEngine/Engine/Source/Editor/UnrealEd/Private/FbxLibs.h,1,0,1
/media/ullmann/HDDGabriel/engines/UnrealEngine/Engine/Source/ThirdParty/PhysX3/APEX_1.4/module/framework_legacy/include/autogen/BufferU32x1_0p0.h,1,0,1
/media/ullmann/HDDGabriel/engines/UnrealEngine/Engine/Source/ThirdParty/Alembic/alembic-1.8.2/python/PyAlembic/PyICollections.cpp,0,3,3
/media/ullmann/HDDGabriel/engines/UnrealEngine/Engine/Source/Editor/Persona/Private/AnimTimeline/AnimTimelineTrack_CompositePanel.cpp,0,3,3
/media/ullmann/HDDGabriel/engines/UnrealEngine/Engine/Source/ThirdParty/Boost/boost-1_70_0/include/boost/tti/has_member_data.hpp,1,0,1
/media/ullmann/HDDGabriel/engines/UnrealEngine/Engine/Source/Editor/UnrealEd/Private/GlobalEditorNotification.cpp,0,1,1
/media/ullmann/HDDGabriel/engines/UnrealEngine/Engine/Source/Runtime/SlateRHIRenderer/Private/SlateUpdatableBuffer.cpp,0,1,1
/media/ullmann/HDDGabriel/engines/UnrealEngine/Engine/Source/ThirdParty/OpenVDB/openvdb-8.1.0/openvdb/openvdb/io/TempFile.cc,0,1,1
/media/ullmann/HDDGabriel/engines/UnrealEngine/Engine/Source/ThirdParty/OpenVDB/openvdb-8.1.0/openvdb/openvdb/io/TempFile.h,3,0,3
/media/ullmann/HDDGabriel/engines/UnrealEngine/Engine/Source/ThirdParty/EOSSDK/SDK/Bin/IOS/EOSSDK.framework/Headers/eos_stats_types.h,2,1,3
/media/ullmann/HDDGabriel/engines/UnrealEngine/Engine/Source/Runtime/Experimental/Chaos/Public/Chaos/ChaosDebugDrawDeclares.h,1,0,1
/media/ullmann/HDDGabriel/engines/UnrealEngine/Engine/Source/ThirdParty/Intel/Embree/Embree2140/src/common/math/obbox.h,0,2,2
/media/ullmann/HDDGabriel/engines/UnrealEngine/Engine/Source/ThirdParty/Oculus/LibOVRPlatform/LibOVRPlatform/include/OVR_LinkedAccountArray.h,2,2,4
/media/ullmann/HDDGabriel/engines/UnrealEngine/Engine/Source/ThirdParty/FreeType2/FreeType2-2.6/Src/autofit/afangles.c,1,1,2
/media/ullmann/HDDGabriel/engines/UnrealEngine/Engine/Source/ThirdParty/ICU/icu4c-53_1/source/samples/layout/GDIGUISupport.cpp,0,1,1
/media/ullmann/HDDGabriel/engines/UnrealEngine/Engine/Source/ThirdParty/ShaderConductor/ShaderConductor/External/DirectXShaderCompiler/tools/clang/lib/Headers/xtestintrin.h,1,0,1
/media/ullmann/HDDGabriel/engines/UnrealEngine/Engine/Source/Runtime/Online/BuildPatchServices/Private/Installer/ChunkDbChunkSource.h,1,0,1
/media/ullmann/HDDGabriel/engines/UnrealEngine/Engine/Source/ThirdParty/PhysX3/NvCloth/src/PointInterpolator.h,2,0,2
/media/ullmann/HDDGabriel/engines/UnrealEngine/Engine/Source/ThirdParty/MCPP/mcpp-2.7.2/cpp-test/test-l/nest24.h,1,1,2
/media/ullmann/HDDGabriel/engines/UnrealEngine/Engine/Source/ThirdParty/libcurl/curl-7.55.1/include/Win32/VS2015/curl/easy.h,1,0,1
/media/ullmann/HDDGabriel/engines/UnrealEngine/Engine/Source/ThirdParty/ShaderConductor/ShaderConductor/External/DirectXShaderCompiler/lib/CodeGen/PHIEliminationUtils.cpp,0,1,1
/media/ullmann/HDDGabriel/engines/UnrealEngine/Engine/Source/ThirdParty/libPNG/libPNG-1.6.37/contrib/examples/pngtopng.c,0,1,1
/media/ullmann/HDDGabriel/engines/UnrealEngine/Engine/Source/ThirdParty/PhysX3/PhysX_3.4/Include/characterkinematic/PxExtended.h,1,0,1
/media/ullmann/HDDGabriel/engines/UnrealEngine/Engine/Source/ThirdParty/libOpus/opus-1.3.1-12/celt/entcode.c,0,2,2
/media/ullmann/HDDGabriel/engines/UnrealEngine/Engine/Source/Editor/AnimGraph/Public/AnimGraphNode_LocalRefPose.h,0,1,1
/media/ullmann/HDDGabriel/engines/UnrealEngine/Engine/Source/Developer/ProjectLauncher/Private/Widgets/Launch/SProjectLauncherLaunchTaskSettings.cpp,0,1,1
/media/ullmann/HDDGabriel/engines/UnrealEngine/Engine/Source/Developer/ProjectLauncher/Private/Widgets/Launch/SProjectLauncherLaunchTaskSettings.h,1,0,1
/media/ullmann/HDDGabriel/engines/UnrealEngine/Engine/Source/Runtime/Windows/AudioMixerXAudio2/Private/AudioMixerPlatformXAudio2.cpp,0,2,2
/media/ullmann/HDDGabriel/engines/UnrealEngine/Engine/Source/ThirdParty/Windows/DirectXLegacy/Include/PIXEventsGenerated.h,0,1,1
/media/ullmann/HDDGabriel/engines/UnrealEngine/Engine/Source/ThirdParty/Windows/DirectXLegacy/Include/PIXEventsCommon.h,1,0,1
/media/ullmann/HDDGabriel/engines/UnrealEngine/Engine/Source/ThirdParty/PhysX3/PhysX_3.4/Source/GeomUtils/src/distance/GuDistancePointTriangle.h,2,0,2
/media/ullmann/HDDGabriel/engines/UnrealEngine/Engine/Source/Developer/TraceServices/Private/Model/AllocationsProvider.h,3,0,3
/media/ullmann/HDDGabriel/engines/UnrealEngine/Engine/Source/ThirdParty/ICU/icu4c-53_1/source/tools/tzcode/localtime.c,0,2,2
/media/ullmann/HDDGabriel/engines/UnrealEngine/Engine/Source/ThirdParty/Intel/Embree/Embree270/src/kernels/xeon/geometry/instance_intersector16.cpp,0,1,1
/media/ullmann/HDDGabriel/engines/UnrealEngine/Engine/Source/ThirdParty/ShaderConductor/ShaderConductor/External/DirectXShaderCompiler/tools/clang/lib/StaticAnalyzer/Frontend/ModelInjector.cpp,0,1,1
/media/ullmann/HDDGabriel/engines/UnrealEngine/Engine/Source/ThirdParty/ShaderConductor/ShaderConductor/External/DirectXShaderCompiler/tools/clang/lib/StaticAnalyzer/Frontend/ModelInjector.h,2,0,2
/media/ullmann/HDDGabriel/engines/UnrealEngine/Engine/Source/ThirdParty/Intel/Embree/Embree2140/src/kernels/common/scene_user_geometry.cpp,0,2,2
/media/ullmann/HDDGabriel/engines/UnrealEngine/Engine/Source/ThirdParty/WebRTC/4147/Include/base/third_party/libevent/evrpc-internal.h,0,1,1
/media/ullmann/HDDGabriel/engines/UnrealEngine/Engine/Source/ThirdParty/WebRTC/4147/Include/base/third_party/libevent/http-internal.h,1,0,1
/media/ullmann/HDDGabriel/engines/UnrealEngine/Engine/Source/ThirdParty/Android/libunwind/libunwind/src/arm/Lget_proc_info.c,0,1,1
/media/ullmann/HDDGabriel/engines/UnrealEngine/Engine/Source/Editor/Documentation/Private/DocumentationPage.cpp,0,1,1
/media/ullmann/HDDGabriel/engines/UnrealEngine/Engine/Source/ThirdParty/Python3/Mac/include/objimpl.h,1,2,3
/media/ullmann/HDDGabriel/engines/UnrealEngine/Engine/Source/ThirdParty/PhysX3/NvCloth/samples/SampleBase/renderer/ClothRenderMesh.h,1,1,2
/media/ullmann/HDDGabriel/engines/UnrealEngine/Engine/Source/ThirdParty/ICU/icu4c-53_1/source/tools/ctestfw/testdata.cpp,0,1,1
/media/ullmann/HDDGabriel/engines/UnrealEngine/Engine/Source/ThirdParty/ICU/icu4c-53_1/source/tools/ctestfw/unicode/testdata.h,1,0,1
/media/ullmann/HDDGabriel/engines/UnrealEngine/Engine/Source/ThirdParty/Intel/ISPC/ispc-1.17.0/src/bitcode_lib.cpp,0,2,2
/media/ullmann/HDDGabriel/engines/UnrealEngine/Engine/Source/ThirdParty/FreeImage/FreeImage-3.18.0/Source/LibPNG/pngwtran.c,0,1,1
/media/ullmann/HDDGabriel/engines/UnrealEngine/Engine/Source/Editor/BehaviorTreeEditor/Private/SBehaviorTreeDiff.h,2,0,2
/media/ullmann/HDDGabriel/engines/UnrealEngine/Engine/Source/ThirdParty/WebRTC/4147/Include/third_party/opus/src/celt/static_modes_float.h,0,3,3
/media/ullmann/HDDGabriel/engines/UnrealEngine/Engine/Source/ThirdParty/WebRTC/4147/Include/third_party/opus/src/celt/static_modes_float_arm_ne10.h,1,0,1
/media/ullmann/HDDGabriel/engines/UnrealEngine/Engine/Source/Developer/TraceInsights/Private/Insights/Widgets/SStartPageWindow.cpp,0,1,1
/media/ullmann/HDDGabriel/engines/UnrealEngine/Engine/Source/Developer/TraceInsights/Private/Insights/Widgets/SStartPageWindow.h,1,0,1
/media/ullmann/HDDGabriel/engines/UnrealEngine/Engine/Source/ThirdParty/PhysX3/APEX_1.4/module/clothing_legacy/include/autogen/ClothingActorParam_0p8.h,1,0,1
/media/ullmann/HDDGabriel/engines/UnrealEngine/Engine/Source/Runtime/MovieScene/Public/Channels/MovieSceneFloatChannel.h,0,3,3
/media/ullmann/HDDGabriel/engines/UnrealEngine/Engine/Source/ThirdParty/FreeType2/FreeType2-2.10.4/include/freetype/internal/ftcalc.h,0,1,1
/media/ullmann/HDDGabriel/engines/UnrealEngine/Engine/Source/ThirdParty/PhysX3/APEX_1.4/module/destructible_legacy/include/autogen/DestructibleAssetParameters_0p22.h,1,0,1
/media/ullmann/HDDGabriel/engines/UnrealEngine/Engine/Source/Programs/TestPAL/Private/Parent.cpp,0,2,2
/media/ullmann/HDDGabriel/engines/UnrealEngine/Engine/Source/ThirdParty/OpenSubdiv/OpenSubdiv-3.4.4/opensubdiv/far/patchTableFactory.h,3,3,6
/media/ullmann/HDDGabriel/engines/UnrealEngine/Engine/Source/ThirdParty/glslang/glslang/src/glslang_lib/hlsl/hlslAttributes.cpp,0,2,2
/media/ullmann/HDDGabriel/engines/UnrealEngine/Engine/Source/Runtime/Renderer/Private/Strata/Strata.cpp,0,1,1
/media/ullmann/HDDGabriel/engines/UnrealEngine/Engine/Source/Editor/GraphEditor/Private/GraphActionNode.cpp,0,1,1
/media/ullmann/HDDGabriel/engines/UnrealEngine/Engine/Source/Editor/Persona/Private/EditModes/SkeletonSelectionEditMode.h,1,0,1
/media/ullmann/HDDGabriel/engines/UnrealEngine/Engine/Source/ThirdParty/FreeImage/FreeImage-3.18.0/Source/LibJXR/common/include/wmspecstrings_adt.h,1,0,1
/media/ullmann/HDDGabriel/engines/UnrealEngine/Engine/Source/ThirdParty/ShaderConductor/ShaderConductor/External/DirectXShaderCompiler/tools/clang/unittests/SPIRV/FileTestFixture.h,2,0,2
/media/ullmann/HDDGabriel/engines/UnrealEngine/Engine/Source/ThirdParty/ICU/icu4c-64_1/source/test/cintltst/uenumtst.c,0,1,1
/media/ullmann/HDDGabriel/engines/UnrealEngine/Engine/Source/ThirdParty/FreeType2/FreeType2-2.10.4/src/type1/t1afm.h,3,1,4
/media/ullmann/HDDGabriel/engines/UnrealEngine/Engine/Source/ThirdParty/ICU/icu4c-64_1/source/i18n/regextxt.cpp,0,1,1
/media/ullmann/HDDGabriel/engines/UnrealEngine/Engine/Source/ThirdParty/FreeType2/FreeType2-2.6/Src/smooth/ftgrays.h,2,0,2
/media/ullmann/HDDGabriel/engines/UnrealEngine/Engine/Source/ThirdParty/Intel/Embree/Embree2140/src/kernels/common/rtcore.h,2,1,3
/media/ullmann/HDDGabriel/engines/UnrealEngine/Engine/Source/ThirdParty/libOpus/opus-1.3.1-12/silk/ana_filt_bank_1.c,0,1,1
/media/ullmann/HDDGabriel/engines/UnrealEngine/Engine/Source/ThirdParty/OpenSubdiv/OpenSubdiv-3.4.4/opensubdiv/osd/cudaEvaluator.h,1,3,4
/media/ullmann/HDDGabriel/engines/UnrealEngine/Engine/Source/Developer/TraceInsights/Private/Insights/Widgets/STimersViewTooltip.cpp,0,1,1
/media/ullmann/HDDGabriel/engines/UnrealEngine/Engine/Source/Developer/TraceInsights/Private/Insights/Widgets/STimersViewTooltip.h,1,0,1
/media/ullmann/HDDGabriel/engines/UnrealEngine/Engine/Source/Runtime/Core/Public/Math/CurveEdInterface.h,3,0,3
/media/ullmann/HDDGabriel/engines/UnrealEngine/Engine/Source/ThirdParty/PhysX3/PxShared/src/foundation/include/unix/PsUnixIntrinsics.h,1,0,1
/media/ullmann/HDDGabriel/engines/UnrealEngine/Engine/Source/Runtime/VulkanRHI/Private/VulkanShaders.cpp,0,4,4
/media/ullmann/HDDGabriel/engines/UnrealEngine/Engine/Source/ThirdParty/openexr/openexr-3.1.1/src/lib/OpenEXRCore/internal_win32_file_impl.h,1,0,1
/media/ullmann/HDDGabriel/engines/UnrealEngine/Engine/Source/ThirdParty/SDL2/SDL-gui-backend/src/video/offscreen/SDL_offscreenevents.c,0,4,4
/media/ullmann/HDDGabriel/engines/UnrealEngine/Engine/Source/ThirdParty/ShaderConductor/ShaderConductor/External/DirectXShaderCompiler/tools/clang/lib/Headers/ia32intrin.h,1,0,1
/media/ullmann/HDDGabriel/engines/UnrealEngine/Engine/Source/ThirdParty/openexr/openexr-3.1.1/src/lib/OpenEXRCore/validation.c,0,1,1
/media/ullmann/HDDGabriel/engines/UnrealEngine/Engine/Source/ThirdParty/openexr/openexr-3.1.1/src/lib/OpenEXRCore/internal_file.h,5,1,6
/media/ullmann/HDDGabriel/engines/UnrealEngine/Engine/Source/ThirdParty/libOpus/opus-1.1/src/opus_demo.c,0,1,1
/media/ullmann/HDDGabriel/engines/UnrealEngine/Engine/Source/ThirdParty/ShaderConductor/ShaderConductor/External/DirectXShaderCompiler/lib/Support/Unix/Mutex.inc,1,0,1
/media/ullmann/HDDGabriel/engines/UnrealEngine/Engine/Source/ThirdParty/Intel/Embree/Embree3122/Linux/x86_64-unknown-linux-gnu/include/embree3/rtcore_ray.h,1,1,2
/media/ullmann/HDDGabriel/engines/UnrealEngine/Engine/Source/Editor/MovieSceneTools/Private/MovieSceneToolsProjectSettingsCustomization.cpp,0,1,1
/media/ullmann/HDDGabriel/engines/UnrealEngine/Engine/Source/Runtime/Slate/Public/Widgets/Colors/SColorWheel.h,1,0,1
/media/ullmann/HDDGabriel/engines/UnrealEngine/Engine/Source/Runtime/MediaUtils/Private/MediaAudioResampler.cpp,0,1,1
/media/ullmann/HDDGabriel/engines/UnrealEngine/Engine/Source/Runtime/Core/Public/Internationalization/TextGeneratorBase.h,0,1,1
/media/ullmann/HDDGabriel/engines/UnrealEngine/Engine/Source/Runtime/Core/Public/Internationalization/ITextGenerator.h,1,0,1
/media/ullmann/HDDGabriel/engines/UnrealEngine/Engine/Source/ThirdParty/ShaderConductor/ShaderConductor/External/DirectXShaderCompiler/tools/llvm-cxxdump/Error.cpp,0,1,1
/media/ullmann/HDDGabriel/engines/UnrealEngine/Engine/Source/ThirdParty/ShaderConductor/ShaderConductor/External/DirectXShaderCompiler/tools/llvm-cxxdump/Error.h,2,0,2
/media/ullmann/HDDGabriel/engines/UnrealEngine/Engine/Source/Editor/ContentBrowser/Private/CollectionAssetRegistryBridge.cpp,0,2,2
/media/ullmann/HDDGabriel/engines/UnrealEngine/Engine/Source/Editor/ContentBrowser/Private/CollectionAssetRegistryBridge.h,2,0,2
/media/ullmann/HDDGabriel/engines/UnrealEngine/Engine/Source/ThirdParty/ICU/icu4c-53_1/source/test/intltest/numrgts.h,2,1,3
/media/ullmann/HDDGabriel/engines/UnrealEngine/Engine/Source/ThirdParty/CEF3/cef_binary_3.3071.1611.g4a19305_macosx64/libcef_dll/transfer_util.cc,0,1,1
/media/ullmann/HDDGabriel/engines/UnrealEngine/Engine/Source/ThirdParty/CEF3/cef_binary_3.3071.1611.g4a19305_macosx64/libcef_dll/transfer_util.h,1,0,1
/media/ullmann/HDDGabriel/engines/UnrealEngine/Engine/Source/ThirdParty/ICU/icu4c-64_1/source/i18n/unicode/scientificnumberformatter.h,1,0,1
/media/ullmann/HDDGabriel/engines/UnrealEngine/Engine/Source/ThirdParty/MCPP/mcpp-2.7.2/test-l/nest125.h,1,1,2
/media/ullmann/HDDGabriel/engines/UnrealEngine/Engine/Source/Editor/UnrealEd/Private/Cooker/IoStoreCookOnTheFlyRequestManager.cpp,0,2,2
/media/ullmann/HDDGabriel/engines/UnrealEngine/Engine/Source/Editor/UnrealEd/Private/Cooker/IoStoreCookOnTheFlyRequestManager.h,2,0,2
/media/ullmann/HDDGabriel/engines/UnrealEngine/Engine/Source/Runtime/AssetRegistry/Private/AssetRegistryConsoleCommands.h,2,1,3
/media/ullmann/HDDGabriel/engines/UnrealEngine/Engine/Source/Runtime/AssetRegistry/Private/PackageReader.h,4,0,4
/media/ullmann/HDDGabriel/engines/UnrealEngine/Engine/Source/Editor/BlueprintGraph/Classes/K2Node_ComponentBoundEvent.h,0,1,1
/media/ullmann/HDDGabriel/engines/UnrealEngine/Engine/Source/ThirdParty/ICU/icu4c-64_1/source/test/intltest/regcoll.h,2,1,3
/media/ullmann/HDDGabriel/engines/UnrealEngine/Engine/Source/Runtime/Core/Public/Misc/OutputDeviceMemory.h,1,0,1
/media/ullmann/HDDGabriel/engines/UnrealEngine/Engine/Source/ThirdParty/ICU/icu4c-64_1/source/i18n/regeximp.cpp,0,1,1
/media/ullmann/HDDGabriel/engines/UnrealEngine/Engine/Source/Runtime/Media/Public/IMediaSamples.h,0,1,1
/media/ullmann/HDDGabriel/engines/UnrealEngine/Engine/Source/Runtime/Renderer/Private/Lumen/LumenMeshCards.cpp,0,2,2
/media/ullmann/HDDGabriel/engines/UnrealEngine/Engine/Source/ThirdParty/Perforce/p4api-2018.1/Include/Win64/VS2015/p4/strbuf.h,1,0,1
/media/ullmann/HDDGabriel/engines/UnrealEngine/Engine/Source/ThirdParty/Android/libunwind/libunwind/src/aarch64/Ginit_remote.c,1,2,3
/media/ullmann/HDDGabriel/engines/UnrealEngine/Engine/Source/Runtime/UMG/Public/Components/Image.h,1,0,1
/media/ullmann/HDDGabriel/engines/UnrealEngine/Engine/Source/ThirdParty/libcurl/curl-7.55.1/include/Android/x64/curl/multi.h,1,1,2
/media/ullmann/HDDGabriel/engines/UnrealEngine/Engine/Source/Runtime/Slate/Public/Widgets/SCanvas.h,2,0,2
/media/ullmann/HDDGabriel/engines/UnrealEngine/Engine/Source/Developer/SlateReflector/Private/Styling/WidgetReflectorStyle.h,1,0,1
/media/ullmann/HDDGabriel/engines/UnrealEngine/Engine/Source/ThirdParty/FreeImage/FreeImage-3.18.0/Source/Quantizers.h,0,1,1
/media/ullmann/HDDGabriel/engines/UnrealEngine/Engine/Source/Runtime/Experimental/Chaos/Public/PhysicsProxy/JointConstraintProxy.h,1,1,2
/media/ullmann/HDDGabriel/engines/UnrealEngine/Engine/Source/Runtime/Experimental/Chaos/Public/PhysicsProxy/JointConstraintProxyFwd.h,1,0,1
/media/ullmann/HDDGabriel/engines/UnrealEngine/Engine/Source/Editor/AdvancedPreviewScene/Private/AdvancedPreviewSceneModule.cpp,0,1,1
/media/ullmann/HDDGabriel/engines/UnrealEngine/Engine/Source/Editor/AdvancedPreviewScene/Private/AdvancedPreviewSceneCommands.h,3,0,3
/media/ullmann/HDDGabriel/engines/UnrealEngine/Engine/Source/Developer/AutomationWindow/Private/AutomationWindowModule.cpp,0,1,1
/media/ullmann/HDDGabriel/engines/UnrealEngine/Engine/Source/ThirdParty/libPNG/libPNG-1.6.37/powerpc/powerpc_init.c,0,1,1
/media/ullmann/HDDGabriel/engines/UnrealEngine/Engine/Source/ThirdParty/WindowsMixedRealityInterop/Include/WindowsMixedRealityInteropUtility.h,0,1,1
/media/ullmann/HDDGabriel/engines/UnrealEngine/Engine/Source/ThirdParty/WindowsMixedRealityInterop/Include/MixedRealityInterop.h,1,0,1
/media/ullmann/HDDGabriel/engines/UnrealEngine/Engine/Source/ThirdParty/PhysX3/NvCloth/samples/SampleBase/scene/scenes/FrictionScene.cpp,0,1,1
/media/ullmann/HDDGabriel/engines/UnrealEngine/Engine/Source/ThirdParty/PhysX3/NvCloth/samples/SampleBase/scene/scenes/FrictionScene.h,1,0,1
/media/ullmann/HDDGabriel/engines/UnrealEngine/Engine/Source/ThirdParty/ICU/icu4c-64_1/source/i18n/formattedvalue.cpp,0,2,2
/media/ullmann/HDDGabriel/engines/UnrealEngine/Engine/Source/Runtime/AudioAnalyzer/Public/AudioAnalyzerNRTFacade.h,0,1,1
/media/ullmann/HDDGabriel/engines/UnrealEngine/Engine/Source/Runtime/AudioAnalyzer/Public/IAudioAnalyzerNRTInterface.h,1,0,1
/media/ullmann/HDDGabriel/engines/UnrealEngine/Engine/Source/ThirdParty/openexr/openexr-3.1.1/src/test/OpenEXRUtilTest/testIO.h,1,0,1
/media/ullmann/HDDGabriel/engines/UnrealEngine/Engine/Source/ThirdParty/OpenSubdiv/OpenSubdiv-3.4.4/opensubdiv/far/sparseMatrix.h,1,2,3
/media/ullmann/HDDGabriel/engines/UnrealEngine/Engine/Source/ThirdParty/OpenSubdiv/OpenSubdiv-3.4.4/opensubdiv/vtr/array.h,5,1,6
/media/ullmann/HDDGabriel/engines/UnrealEngine/Engine/Source/ThirdParty/FreeType2/FreeType2-2.10.0/src/pshinter/pshmod.c,1,2,3
/media/ullmann/HDDGabriel/engines/UnrealEngine/Engine/Source/ThirdParty/ICU/icu4c-53_1/source/test/intltest/uvectest.cpp,0,2,2
/media/ullmann/HDDGabriel/engines/UnrealEngine/Engine/Source/ThirdParty/ICU/icu4c-53_1/source/test/intltest/uvectest.h,2,1,3
/media/ullmann/HDDGabriel/engines/UnrealEngine/Engine/Source/ThirdParty/ICU/icu4c-64_1/source/common/locbased.cpp,0,2,2
/media/ullmann/HDDGabriel/engines/UnrealEngine/Engine/Source/ThirdParty/Intel/MetricsDiscovery/MetricsDiscoveryHelper/samples/range_sample_dx11/imgui/examples/directx10_example/main.cpp,0,1,1
/media/ullmann/HDDGabriel/engines/UnrealEngine/Engine/Source/ThirdParty/Intel/MetricsDiscovery/MetricsDiscoveryHelper/samples/range_sample_dx11/imgui/examples/directx10_example/imgui_impl_dx10.h,2,0,2
/media/ullmann/HDDGabriel/engines/UnrealEngine/Engine/Source/Runtime/InstallBundleManager/Private/InstallBundleTypes.cpp,0,1,1
/media/ullmann/HDDGabriel/engines/UnrealEngine/Engine/Source/Runtime/NavigationSystem/Public/NavMesh/RecastNavMesh.h,1,0,1
/media/ullmann/HDDGabriel/engines/UnrealEngine/Engine/Source/Editor/WorldBrowser/Private/WorldTreeItemTypes.cpp,0,4,4
/media/ullmann/HDDGabriel/engines/UnrealEngine/Engine/Source/Runtime/Engine/Classes/Animation/AnimSequence.h,0,2,2
/media/ullmann/HDDGabriel/engines/UnrealEngine/Engine/Source/ThirdParty/ICU/icu4c-53_1/source/i18n/csrsbcs.cpp,0,2,2
/media/ullmann/HDDGabriel/engines/UnrealEngine/Engine/Source/ThirdParty/ICU/icu4c-64_1/source/test/cintltst/cg7coll.h,1,1,2
/media/ullmann/HDDGabriel/engines/UnrealEngine/Engine/Source/ThirdParty/Perforce/P4Api.Net/p4bridge/utils.h,2,0,2
/media/ullmann/HDDGabriel/engines/UnrealEngine/Engine/Source/ThirdParty/ShaderConductor/ShaderConductor/External/DirectXShaderCompiler/lib/DxilDia/DxilDiaTableLineNumbers.cpp,0,2,2
/media/ullmann/HDDGabriel/engines/UnrealEngine/Engine/Source/Developer/LocalizationService/Public/LocalizationServiceOperations.h,1,1,2
/media/ullmann/HDDGabriel/engines/UnrealEngine/Engine/Source/Developer/LocalizationService/Public/ILocalizationServiceOperation.h,2,0,2
/media/ullmann/HDDGabriel/engines/UnrealEngine/Engine/Source/ThirdParty/FreeImage/FreeImage-3.18.0/Source/LibPNG/pngpread.c,0,1,1
/media/ullmann/HDDGabriel/engines/UnrealEngine/Engine/Source/Editor/Sequencer/Private/DisplayNodes/SequencerKeyTimeCache.cpp,0,1,1
/media/ullmann/HDDGabriel/engines/UnrealEngine/Engine/Source/ThirdParty/PhysX3/PhysX_3.4/Source/GeomUtils/src/intersection/GuIntersectionRayTriangle.h,1,0,1
/media/ullmann/HDDGabriel/engines/UnrealEngine/Engine/Source/ThirdParty/ICU/icu4c-53_1/source/i18n/choicfmt.cpp,0,2,2
/media/ullmann/HDDGabriel/engines/UnrealEngine/Engine/Source/ThirdParty/Intel/Embree/Embree2140/src/common/sys/sysinfo.cpp,0,3,3
/media/ullmann/HDDGabriel/engines/UnrealEngine/Engine/Source/Editor/VREditor/UI/VREditorDockableWindow.cpp,0,2,2
/media/ullmann/HDDGabriel/engines/UnrealEngine/Engine/Source/ThirdParty/Android/libunwind/libunwind/src/x86/Los-linux.c,0,1,1
/media/ullmann/HDDGabriel/engines/UnrealEngine/Engine/Source/ThirdParty/Android/libunwind/libunwind/src/x86/Gos-linux.c,1,2,3
/media/ullmann/HDDGabriel/engines/UnrealEngine/Engine/Source/ThirdParty/Python3/Linux/include/python3.9/pymath.h,1,1,2
/media/ullmann/HDDGabriel/engines/UnrealEngine/Engine/Source/Editor/UnrealEd/Private/EditorServer.cpp,0,2,2
/media/ullmann/HDDGabriel/engines/UnrealEngine/Engine/Source/ThirdParty/SDL2/SDL-gui-backend/src/power/windows/SDL_syspower.c,0,2,2
/media/ullmann/HDDGabriel/engines/UnrealEngine/Engine/Source/Runtime/AVEncoder/Private/Decoders/VideoDecoderH264_Dummy.cpp,0,1,1
/media/ullmann/HDDGabriel/engines/UnrealEngine/Engine/Source/Runtime/AVEncoder/Private/Decoders/VideoDecoderH264_Dummy.h,2,0,2
/media/ullmann/HDDGabriel/engines/UnrealEngine/Engine/Source/Runtime/Experimental/Interchange/Core/Private/InterchangePipelineBase.cpp,0,1,1
/media/ullmann/HDDGabriel/engines/UnrealEngine/Engine/Source/Runtime/Experimental/Interchange/Core/Private/InterchangeLogPrivate.h,2,0,2
/media/ullmann/HDDGabriel/engines/UnrealEngine/Engine/Source/Editor/PhysicsAssetEditor/Private/SkeletonTreePhysicsShapeItem.cpp,0,1,1
/media/ullmann/HDDGabriel/engines/UnrealEngine/Engine/Source/ThirdParty/ICU/icu4c-64_1/source/tools/toolutil/ppucd.cpp,0,2,2
/media/ullmann/HDDGabriel/engines/UnrealEngine/Engine/Source/ThirdParty/ICU/icu4c-64_1/source/tools/toolutil/ppucd.h,1,0,1
/media/ullmann/HDDGabriel/engines/UnrealEngine/Engine/Source/ThirdParty/OpenSubdiv/OpenSubdiv-3.4.4/regression/shapes/bilinear_nonplanar.h,1,0,1
/media/ullmann/HDDGabriel/engines/UnrealEngine/Engine/Source/ThirdParty/PhysX3/APEX_1.4/shared/general/RenderDebug/include/FileRenderDebug.h,0,1,1
/media/ullmann/HDDGabriel/engines/UnrealEngine/Engine/Source/ThirdParty/ICU/icu4c-64_1/source/test/cintltst/cctest.c,0,1,1
/media/ullmann/HDDGabriel/engines/UnrealEngine/Engine/Source/ThirdParty/Python3/Linux/include/python3.9/ast.h,0,2,2
/media/ullmann/HDDGabriel/engines/UnrealEngine/Engine/Source/ThirdParty/nvTextureTools/nvTextureTools-2.0.8/src/src/nvtt/tools/main.cpp,0,1,1
/media/ullmann/HDDGabriel/engines/UnrealEngine/Engine/Source/ThirdParty/ICU/icu4c-53_1/source/test/perf/howExpensiveIs/howExpensiveIs.cpp,0,1,1
/media/ullmann/HDDGabriel/engines/UnrealEngine/Engine/Source/Runtime/RenderCore/Public/RenderTargetPool.h,0,3,3
/media/ullmann/HDDGabriel/engines/UnrealEngine/Engine/Source/Editor/SceneOutliner/Public/ActorBrowsingMode.h,0,1,1
/media/ullmann/HDDGabriel/engines/UnrealEngine/Engine/Source/ThirdParty/HWCPipe/include/hwcpipe.cpp,0,4,4
/media/ullmann/HDDGabriel/engines/UnrealEngine/Engine/Source/ThirdParty/HWCPipe/include/hwcpipe_log.h,1,0,1
/media/ullmann/HDDGabriel/engines/UnrealEngine/Engine/Source/ThirdParty/Breakpad/src/third_party/curl/easy.h,1,0,1
/media/ullmann/HDDGabriel/engines/UnrealEngine/Engine/Source/Runtime/VectorVM/Private/Tests/VectorVMTests.cpp,0,1,1
/media/ullmann/HDDGabriel/engines/UnrealEngine/Engine/Source/ThirdParty/Windows/glTF-Toolkit/glTF-Toolkit/inc/SerializeBinary.h,0,2,2
/media/ullmann/HDDGabriel/engines/UnrealEngine/Engine/Source/ThirdParty/mtlpp/mtlpp-master-7efad47/interpose/MTICommandBuffer.hpp,0,1,1
/media/ullmann/HDDGabriel/engines/UnrealEngine/Engine/Source/ThirdParty/ICU/icu4c-64_1/source/test/intltest/dtfmtrtts.h,2,1,3
/media/ullmann/HDDGabriel/engines/UnrealEngine/Engine/Source/Editor/Sequencer/Private/SSequencerTimePanel.h,2,0,2
/media/ullmann/HDDGabriel/engines/UnrealEngine/Engine/Source/Editor/UMGEditor/Private/Nodes/K2Node_PlayAnimation.cpp,0,1,1
/media/ullmann/HDDGabriel/engines/UnrealEngine/Engine/Source/Editor/UMGEditor/Private/Nodes/K2Node_PlayAnimation.h,1,0,1
/media/ullmann/HDDGabriel/engines/UnrealEngine/Engine/Source/ThirdParty/Android/libunwind/libunwind/src/sh/Gregs.c,1,1,2
/media/ullmann/HDDGabriel/engines/UnrealEngine/Engine/Source/ThirdParty/PhysX3/PhysX_3.4/Source/LowLevelCloth/src/StackAllocator.h,3,0,3
/media/ullmann/HDDGabriel/engines/UnrealEngine/Engine/Source/Runtime/RenderCore/Public/ShaderPipelineCache.h,0,1,1
/media/ullmann/HDDGabriel/engines/UnrealEngine/Engine/Source/Runtime/RenderCore/Public/TickableObjectRenderThread.h,1,0,1
/media/ullmann/HDDGabriel/engines/UnrealEngine/Engine/Source/ThirdParty/FreeImage/FreeImage-3.18.0/Source/OpenEXR/IlmImf/ImfSystemSpecific.h,4,3,7
/media/ullmann/HDDGabriel/engines/UnrealEngine/Engine/Source/Runtime/Experimental/Voronoi/Private/voro++/src/wall.cc,0,1,1
/media/ullmann/HDDGabriel/engines/UnrealEngine/Engine/Source/Runtime/Experimental/Voronoi/Private/voro++/src/wall.hh,1,0,1
/media/ullmann/HDDGabriel/engines/UnrealEngine/Engine/Source/ThirdParty/WebRTC/4147/Include/third_party/libjpeg_turbo/bmp.h,0,1,1
/media/ullmann/HDDGabriel/engines/UnrealEngine/Engine/Source/ThirdParty/WebRTC/4147/Include/third_party/libjpeg_turbo/turbojpeg.h,1,0,1
/media/ullmann/HDDGabriel/engines/UnrealEngine/Engine/Source/ThirdParty/mtlpp/mtlpp-master-7efad47/interpose/MTICaptureManager.hpp,0,1,1
/media/ullmann/HDDGabriel/engines/UnrealEngine/Engine/Source/ThirdParty/FreeType2/FreeType2-2.10.0/src/cid/type1cid.c,0,5,5
/media/ullmann/HDDGabriel/engines/UnrealEngine/Engine/Source/Editor/PhysicsAssetEditor/Private/PhysicsAssetGraph/SPhysicsAssetGraphNode.cpp,0,2,2
/media/ullmann/HDDGabriel/engines/UnrealEngine/Engine/Source/ThirdParty/Intel/MetricsDiscovery/MetricsDiscoveryHelper/samples/range_sample_dx11/imgui/examples/sdl_opengl3_example/main.cpp,0,1,1
/media/ullmann/HDDGabriel/engines/UnrealEngine/Engine/Source/ThirdParty/Steamworks/Steamv151/sdk/public/steam/isteamutils.h,1,1,2
/media/ullmann/HDDGabriel/engines/UnrealEngine/Engine/Source/ThirdParty/openexr/openexr-3.1.1/src/lib/OpenEXR/ImfEnvmapAttribute.cpp,0,1,1
/media/ullmann/HDDGabriel/engines/UnrealEngine/Engine/Source/ThirdParty/FreeType2/FreeType2-2.10.0/src/psnames/psnames.c,0,1,1
/media/ullmann/HDDGabriel/engines/UnrealEngine/Engine/Source/ThirdParty/OpenSubdiv/OpenSubdiv-3.4.4/regression/shapes/catmark_nonman_verts.h,1,0,1
/media/ullmann/HDDGabriel/engines/UnrealEngine/Engine/Source/Runtime/Datasmith/DatasmithCore/Private/DatasmithMaterialElementsImpl.h,2,1,3
/media/ullmann/HDDGabriel/engines/UnrealEngine/Engine/Source/Developer/ProjectLauncher/Private/Models/ProjectLauncherModel.h,1,0,1
/media/ullmann/HDDGabriel/engines/UnrealEngine/Engine/Source/ThirdParty/SPIRV-Reflect/SPIRV-Reflect/examples/main_io_variables.cpp,0,2,2
/media/ullmann/HDDGabriel/engines/UnrealEngine/Engine/Source/ThirdParty/SPIRV-Reflect/SPIRV-Reflect/examples/sample_spv.h,2,0,2
/media/ullmann/HDDGabriel/engines/UnrealEngine/Engine/Source/Developer/TraceInsights/Private/Insights/ViewModels/EventNameFilterValueConverter.cpp,0,1,1
/media/ullmann/HDDGabriel/engines/UnrealEngine/Engine/Source/Developer/TraceInsights/Private/Insights/ViewModels/EventNameFilterValueConverter.h,1,0,1
/media/ullmann/HDDGabriel/engines/UnrealEngine/Engine/Source/Editor/AdvancedPreviewScene/Private/AdvancedPreviewSceneCommands.cpp,0,1,1
/media/ullmann/HDDGabriel/engines/UnrealEngine/Engine/Source/Runtime/RHI/Public/RHIValidation.h,0,4,4
/media/ullmann/HDDGabriel/engines/UnrealEngine/Engine/Source/Runtime/RHI/Public/RHIValidationContext.h,1,2,3
/media/ullmann/HDDGabriel/engines/UnrealEngine/Engine/Source/Editor/SubobjectEditor/Public/SSubobjectInstanceEditor.h,0,1,1
/media/ullmann/HDDGabriel/engines/UnrealEngine/Engine/Source/ThirdParty/ICU/icu4c-64_1/source/i18n/indiancal.cpp,0,3,3
/media/ullmann/HDDGabriel/engines/UnrealEngine/Engine/Source/ThirdParty/OpenVDB/Deploy/openvdb-8.1.0/include/openvdb/tools/PointPartitioner.h,2,0,2
/media/ullmann/HDDGabriel/engines/UnrealEngine/Engine/Source/Runtime/GameplayTags/Classes/BlueprintGameplayTagLibrary.h,0,2,2
/media/ullmann/HDDGabriel/engines/UnrealEngine/Engine/Source/ThirdParty/Intel/ISPC/ispc-1.17.0/examples/cpu/gmres/algorithm.h,2,1,3
/media/ullmann/HDDGabriel/engines/UnrealEngine/Engine/Source/ThirdParty/ShaderConductor/ShaderConductor/External/SPIRV-Tools/source/opt/instrument_pass.h,4,0,4
/media/ullmann/HDDGabriel/engines/UnrealEngine/Engine/Source/Runtime/Core/Public/Templates/IsSigned.h,2,0,2
/media/ullmann/HDDGabriel/engines/UnrealEngine/Engine/Source/ThirdParty/Python3/Win64/include/internal/pycore_pystate.h,1,1,2
/media/ullmann/HDDGabriel/engines/UnrealEngine/Engine/Source/Runtime/Renderer/Private/VT/UniquePageList.h,0,1,1
/media/ullmann/HDDGabriel/engines/UnrealEngine/Engine/Source/ThirdParty/ShaderConductor/ShaderConductor/External/DirectXShaderCompiler/tools/clang/lib/Sema/SemaTemplateInstantiate.cpp,0,1,1
/media/ullmann/HDDGabriel/engines/UnrealEngine/Engine/Source/ThirdParty/openexr/openexr-3.1.1/src/test/OpenEXRCoreTest/read.cpp,0,2,2
/media/ullmann/HDDGabriel/engines/UnrealEngine/Engine/Source/ThirdParty/openexr/openexr-3.1.1/src/test/OpenEXRCoreTest/read.h,3,0,3
/media/ullmann/HDDGabriel/engines/UnrealEngine/Engine/Source/Runtime/Apple/AGXRHI/Private/AGXCommands.cpp,0,5,5
/media/ullmann/HDDGabriel/engines/UnrealEngine/Engine/Source/ThirdParty/Windows/glTF-Toolkit/glTF-Toolkit/inc/GLTFMeshCompressionUtils.h,0,1,1
/media/ullmann/HDDGabriel/engines/UnrealEngine/Engine/Source/Editor/GameProjectGeneration/Private/SProjectBrowser.h,2,0,2
/media/ullmann/HDDGabriel/engines/UnrealEngine/Engine/Source/Runtime/SlateCore/Public/Styling/SlateStyle.h,1,0,1
/media/ullmann/HDDGabriel/engines/UnrealEngine/Engine/Source/Editor/EditorStyle/Public/Classes/EditorStyleSettings.h,1,0,1
/media/ullmann/HDDGabriel/engines/UnrealEngine/Engine/Source/ThirdParty/mimalloc/src/bitmap.c,1,1,2
/media/ullmann/HDDGabriel/engines/UnrealEngine/Engine/Source/ThirdParty/CEF3/cef_binary_3.3071.1611.g4a19305_windows64/libcef_dll/transfer_util.cc,0,1,1
/media/ullmann/HDDGabriel/engines/UnrealEngine/Engine/Source/ThirdParty/CEF3/cef_binary_3.3071.1611.g4a19305_windows64/libcef_dll/transfer_util.h,1,0,1
/media/ullmann/HDDGabriel/engines/UnrealEngine/Engine/Source/ThirdParty/FreeImage/FreeImage-3.18.0/Source/LibJXR/jxrgluelib/JXRGlueJxr.c,0,1,1
/media/ullmann/HDDGabriel/engines/UnrealEngine/Engine/Source/ThirdParty/libOpus/opus-1.3.1-12/silk/stereo_quant_pred.c,0,1,1
/media/ullmann/HDDGabriel/engines/UnrealEngine/Engine/Source/Runtime/Portal/LauncherPlatform/Private/Linux/LauncherPlatformLinux.cpp,0,1,1
/media/ullmann/HDDGabriel/engines/UnrealEngine/Engine/Source/ThirdParty/openexr/openexr-3.1.1/src/test/OpenEXRTest/testMultiPartFileMixingBasic.h,3,0,3
/media/ullmann/HDDGabriel/engines/UnrealEngine/Engine/Source/Runtime/Online/BuildPatchServices/Public/BuildPatchInstall.h,1,1,2
/media/ullmann/HDDGabriel/engines/UnrealEngine/Engine/Source/Editor/SerializedRecorderInterface/Public/Serializers/MovieSceneTransformSerialization.h,0,1,1
/media/ullmann/HDDGabriel/engines/UnrealEngine/Engine/Source/ThirdParty/Crunch/src/crnlib/crn_utils.h,2,0,2
/media/ullmann/HDDGabriel/engines/UnrealEngine/Engine/Source/ThirdParty/FreeType2/FreeType2-2.10.4/src/psnames/psnamerr.h,1,0,1
/media/ullmann/HDDGabriel/engines/UnrealEngine/Engine/Source/ThirdParty/libcurl/include/Linux/x86_64-unknown-linux-gnu/curl/curlver.h,1,0,1
/media/ullmann/HDDGabriel/engines/UnrealEngine/Engine/Source/Developer/TraceInsights/Private/Insights/Table/ViewModels/TableCellValueFormatter.cpp,0,1,1
/media/ullmann/HDDGabriel/engines/UnrealEngine/Engine/Source/Developer/TraceInsights/Private/Insights/Table/ViewModels/TableCellValueFormatter.h,1,0,1
/media/ullmann/HDDGabriel/engines/UnrealEngine/Engine/Source/ThirdParty/SDL2/SDL-gui-backend/src/thread/pthread/SDL_syssem.c,0,2,2
/media/ullmann/HDDGabriel/engines/UnrealEngine/Engine/Source/ThirdParty/MCPP/mcpp-2.7.2/test-c/i_35.c,0,1,1
/media/ullmann/HDDGabriel/engines/UnrealEngine/Engine/Source/Runtime/Engine/Public/LatentActions.h,2,0,2
/media/ullmann/HDDGabriel/engines/UnrealEngine/Engine/Source/ThirdParty/rpclib/Source/include/rpc/msgpack/adaptor/deque.hpp,1,0,1
/media/ullmann/HDDGabriel/engines/UnrealEngine/Engine/Source/ThirdParty/FBX/2020.2/include/fbxsdk/fileio/fbxcallbacks.h,1,0,1
/media/ullmann/HDDGabriel/engines/UnrealEngine/Engine/Source/ThirdParty/OpenVDB/openvdb-8.1.0/openvdb/openvdb/math/Transform.cc,0,2,2
/media/ullmann/HDDGabriel/engines/UnrealEngine/Engine/Source/ThirdParty/PLCrashReporter/PLCrashReporter/Tests/Libunwind Regression Tests/unwind_test_harness.c,0,1,1
/media/ullmann/HDDGabriel/engines/UnrealEngine/Engine/Source/ThirdParty/PLCrashReporter/PLCrashReporter/Tests/Libunwind Regression Tests/unwind_test_harness.h,1,0,1
/media/ullmann/HDDGabriel/engines/UnrealEngine/Engine/Source/ThirdParty/Intel/Embree/Embree270/src/kernels/common/subdiv/gregory_patch_dense.h,1,1,2
/media/ullmann/HDDGabriel/engines/UnrealEngine/Engine/Source/ThirdParty/ICU/icu4c-64_1/source/common/ucol_data.h,1,1,2
/media/ullmann/HDDGabriel/engines/UnrealEngine/Engine/Source/Runtime/Engine/Public/Matrix3x4.h,2,0,2
/media/ullmann/HDDGabriel/engines/UnrealEngine/Engine/Source/ThirdParty/ShaderConductor/ShaderConductor/External/DirectXShaderCompiler/tools/llvm-cov/CoverageFilters.cpp,0,2,2
/media/ullmann/HDDGabriel/engines/UnrealEngine/Engine/Source/ThirdParty/ShaderConductor/ShaderConductor/External/DirectXShaderCompiler/tools/llvm-cov/CoverageSummaryInfo.h,3,0,3
/media/ullmann/HDDGabriel/engines/UnrealEngine/Engine/Source/Editor/DetailCustomizations/Private/MeshProxySettingsCustomizations.cpp,0,1,1
/media/ullmann/HDDGabriel/engines/UnrealEngine/Engine/Source/ThirdParty/Intel/TBB/IntelTBB-2019u8/src/test/test_concurrent_set.cpp,0,2,2
/media/ullmann/HDDGabriel/engines/UnrealEngine/Engine/Source/ThirdParty/Intel/TBB/IntelTBB-2019u8/src/test/test_concurrent_ordered_common.h,2,1,3
/media/ullmann/HDDGabriel/engines/UnrealEngine/Engine/Source/Developer/TraceInsights/Private/Insights/TaskGraphProfiler/ViewModels/TaskNode.cpp,0,1,1
/media/ullmann/HDDGabriel/engines/UnrealEngine/Engine/Source/Developer/TraceInsights/Private/Insights/TaskGraphProfiler/ViewModels/TaskNode.h,1,0,1
/media/ullmann/HDDGabriel/engines/UnrealEngine/Engine/Source/ThirdParty/libOpus/opus-1.1/silk/fixed/prefilter_FIX.c,0,1,1
/media/ullmann/HDDGabriel/engines/UnrealEngine/Engine/Source/ThirdParty/ICU/icu4c-53_1/source/test/cintltst/udatpg_test.c,0,1,1
/media/ullmann/HDDGabriel/engines/UnrealEngine/Engine/Source/ThirdParty/HarfBuzz/harfbuzz-2.4.0/src/hb-shaper.cc,0,4,4
/media/ullmann/HDDGabriel/engines/UnrealEngine/Engine/Source/Editor/DataLayerEditor/Private/DataLayer/DataLayerDragDropOp.h,1,0,1
/media/ullmann/HDDGabriel/engines/UnrealEngine/Engine/Source/ThirdParty/nvTextureTools/nvTextureTools-2.0.8/src/src/nvtt/QuickCompressDXT.cpp,0,2,2
/media/ullmann/HDDGabriel/engines/UnrealEngine/Engine/Source/Runtime/AudioMixer/Private/SoundFileIO/SoundFileIOManager.cpp,0,2,2
/media/ullmann/HDDGabriel/engines/UnrealEngine/Engine/Source/ThirdParty/Perforce/p4api-2014.1/include/p4/clientresolvea.h,1,1,2
/media/ullmann/HDDGabriel/engines/UnrealEngine/Engine/Source/ThirdParty/Perforce/p4api-2014.1/include/p4/clientmerge.h,2,0,2
/media/ullmann/HDDGabriel/engines/UnrealEngine/Engine/Source/ThirdParty/openexr/openexr-3.1.1/src/examples/rgbaInterfaceExamples.h,1,0,1
/media/ullmann/HDDGabriel/engines/UnrealEngine/Engine/Source/ThirdParty/WebRTC/4147/Include/audio/audio_send_stream.h,0,1,1
/media/ullmann/HDDGabriel/engines/UnrealEngine/Engine/Source/ThirdParty/FreeType2/FreeType2-2.10.0/src/gxvalid/gxvmort.c,1,2,3
/media/ullmann/HDDGabriel/engines/UnrealEngine/Engine/Source/ThirdParty/FreeImage/FreeImage-3.18.0/Source/LibOpenJPEG/opj_clock.c,0,1,1
/media/ullmann/HDDGabriel/engines/UnrealEngine/Engine/Source/ThirdParty/WindowsMixedRealityInterop/MixedRealityInterop/CameraImageCapture.cpp,0,1,1
/media/ullmann/HDDGabriel/engines/UnrealEngine/Engine/Source/ThirdParty/PLCrashReporter/PLCrashReporter/Source/PLCrashLogWriterEncoding.h,1,1,2
/media/ullmann/HDDGabriel/engines/UnrealEngine/Engine/Source/ThirdParty/PhysX3/APEX_1.4/shared/external/include/SampleApexResourceCallback.h,0,1,1
/media/ullmann/HDDGabriel/engines/UnrealEngine/Engine/Source/ThirdParty/PhysX3/APEX_1.4/shared/external/include/Find.h,1,0,1
/media/ullmann/HDDGabriel/engines/UnrealEngine/Engine/Source/ThirdParty/Intel/ISPC/ispc-1.16.1/examples/xpu/simple-dpcpp-l0/simple-dpcpp-l0.cpp,0,1,1
/media/ullmann/HDDGabriel/engines/UnrealEngine/Engine/Source/ThirdParty/Intel/ISPC/ispc-1.16.1/examples/xpu/simple-dpcpp-l0/simple-dpcpp-l0.hpp,1,0,1
/media/ullmann/HDDGabriel/engines/UnrealEngine/Engine/Source/Editor/Persona/Private/PersonaEditorModeManager.cpp,0,1,1
/media/ullmann/HDDGabriel/engines/UnrealEngine/Engine/Source/ThirdParty/FreeImage/FreeImage-3.18.0/Source/OpenEXR/IlmImf/b44ExpLogTable.h,1,0,1
/media/ullmann/HDDGabriel/engines/UnrealEngine/Engine/Source/Runtime/Datasmith/DatasmithCore/Private/DatasmithSceneGraphSharedState.h,1,0,1
/media/ullmann/HDDGabriel/engines/UnrealEngine/Engine/Source/Editor/BlueprintGraph/Classes/BlueprintVariableNodeSpawner.h,0,1,1
/media/ullmann/HDDGabriel/engines/UnrealEngine/Engine/Source/ThirdParty/Intel/TBB/IntelTBB-2019u8/src/tbbmalloc/Statistics.h,1,0,1
/media/ullmann/HDDGabriel/engines/UnrealEngine/Engine/Source/Editor/AnimGraph/Public/AnimationBlendSpaceSampleGraph.h,0,1,1
/media/ullmann/HDDGabriel/engines/UnrealEngine/Engine/Source/ThirdParty/PLCrashReporter/PLCrashReporter/Source/PLCrashAsyncMachExceptionInfo.c,0,2,2
/media/ullmann/HDDGabriel/engines/UnrealEngine/Engine/Source/Editor/Persona/Private/AnimTimeline/AnimTimelineTrack_Montage.h,2,1,3
/media/ullmann/HDDGabriel/engines/UnrealEngine/Engine/Source/Runtime/Engine/Public/WorldPartition/WorldPartitionSubsystem.h,0,1,1
/media/ullmann/HDDGabriel/engines/UnrealEngine/Engine/Source/Runtime/Engine/Public/WorldPartition/WorldPartitionStreamingSource.h,1,0,1
/media/ullmann/HDDGabriel/engines/UnrealEngine/Engine/Source/ThirdParty/HarfBuzz/harfbuzz-1.2.4/src/hb-ot-hhea-table.hh,1,0,1
/media/ullmann/HDDGabriel/engines/UnrealEngine/Engine/Source/ThirdParty/ICU/icu4c-53_1/source/samples/ucnv/flagcb.c,0,1,1
/media/ullmann/HDDGabriel/engines/UnrealEngine/Engine/Source/Runtime/WebBrowser/Private/WebBrowserViewport.cpp,0,1,1
/media/ullmann/HDDGabriel/engines/UnrealEngine/Engine/Source/Runtime/Core/Public/Stats/Stats.h,2,1,3
/media/ullmann/HDDGabriel/engines/UnrealEngine/Engine/Source/Runtime/Engine/Private/InstancedStaticMesh.cpp,0,1,1
/media/ullmann/HDDGabriel/engines/UnrealEngine/Engine/Source/ThirdParty/GoogleGameSDK/gamesdk/src/swappy/common/CpuInfo.cpp,0,1,1
/media/ullmann/HDDGabriel/engines/UnrealEngine/Engine/Source/Editor/DetailCustomizations/Private/DocumentationActorDetails.cpp,0,1,1
/media/ullmann/HDDGabriel/engines/UnrealEngine/Engine/Source/Runtime/AudioMixer/Private/AudioMixerSourceOutputBuffer.h,2,0,2
/media/ullmann/HDDGabriel/engines/UnrealEngine/Engine/Source/ThirdParty/libOpus/opus-1.0.3/silk/fixed/find_LPC_FIX.c,0,1,1
/media/ullmann/HDDGabriel/engines/UnrealEngine/Engine/Source/ThirdParty/SPIRV-Reflect/SPIRV-Reflect/examples/main_descriptors.cpp,0,2,2
/media/ullmann/HDDGabriel/engines/UnrealEngine/Engine/Source/ThirdParty/ShaderConductor/ShaderConductor/External/DirectXShaderCompiler/tools/clang/lib/CodeGen/CGCUDARuntime.h,5,0,5
/media/ullmann/HDDGabriel/engines/UnrealEngine/Engine/Source/ThirdParty/openexr/openexr-3.1.1/src/lib/OpenEXRCore/internal_dwa.c,0,4,4
/media/ullmann/HDDGabriel/engines/UnrealEngine/Engine/Source/Runtime/UMG/Public/Components/Overlay.h,1,0,1
/media/ullmann/HDDGabriel/engines/UnrealEngine/Engine/Source/ThirdParty/WebRTC/4147/Include/third_party/libvpx/source/libvpx/y4menc.h,0,2,2
/media/ullmann/HDDGabriel/engines/UnrealEngine/Engine/Source/ThirdParty/Intel/Embree/Embree3122/Win64/include/embree3/rtcore_config.h,2,0,2
/media/ullmann/HDDGabriel/engines/UnrealEngine/Engine/Source/ThirdParty/Intel/TBB/IntelTBB-2019u8/src/rml/perfor/tbb_simple.cpp,0,1,1
/media/ullmann/HDDGabriel/engines/UnrealEngine/Engine/Source/Editor/DetailCustomizations/Private/MovieSceneCaptureCustomization.h,2,0,2
/media/ullmann/HDDGabriel/engines/UnrealEngine/Engine/Source/ThirdParty/nvTextureTools/nvTextureTools-2.0.8/src/src/nvtt/squish/clusterfit.cpp,0,3,3
/media/ullmann/HDDGabriel/engines/UnrealEngine/Engine/Source/ThirdParty/PhysX3/PhysX_3.4/Source/LowLevelCloth/src/SwInterCollision.h,3,2,5
/media/ullmann/HDDGabriel/engines/UnrealEngine/Engine/Source/ThirdParty/PhysX3/PhysX_3.4/Include/PxPhysicsVersion.h,1,0,1
/media/ullmann/HDDGabriel/engines/UnrealEngine/Engine/Source/ThirdParty/Boost/boost-1_70_0/include/boost/polygon/interval_traits.hpp,4,1,5
/media/ullmann/HDDGabriel/engines/UnrealEngine/Engine/Source/ThirdParty/ICU/icu4c-53_1/source/test/cintltst/cdattst.h,1,1,2
/media/ullmann/HDDGabriel/engines/UnrealEngine/Engine/Source/ThirdParty/FBX/2020.2/include/fbxsdk/scene/shading/fbxsemanticentryview.h,1,0,1
/media/ullmann/HDDGabriel/engines/UnrealEngine/Engine/Source/ThirdParty/ICU/icu4c-53_1/source/common/unicode/ubidi.h,3,0,3
/media/ullmann/HDDGabriel/engines/UnrealEngine/Engine/Source/Developer/ExternalImagePicker/Private/SExternalImagePicker.cpp,0,1,1
/media/ullmann/HDDGabriel/engines/UnrealEngine/Engine/Source/Developer/ExternalImagePicker/Private/SExternalImagePicker.h,2,0,2
/media/ullmann/HDDGabriel/engines/UnrealEngine/Engine/Source/ThirdParty/FreeType2/FreeType2-2.6/Include/ftlcdfil.h,0,1,1
/media/ullmann/HDDGabriel/engines/UnrealEngine/Engine/Source/Editor/CommonMenuExtensions/Public/ShowFlagMenuCommands.h,0,1,1
/media/ullmann/HDDGabriel/engines/UnrealEngine/Engine/Source/Editor/CommonMenuExtensions/Public/ShowFlagFilter.h,1,0,1
/media/ullmann/HDDGabriel/engines/UnrealEngine/Engine/Source/ThirdParty/libOpus/opus-1.3.1-12/silk/NLSF_stabilize.c,0,1,1
/media/ullmann/HDDGabriel/engines/UnrealEngine/Engine/Source/ThirdParty/ICU/icu4c-64_1/source/test/intltest/g7coll.cpp,0,2,2
/media/ullmann/HDDGabriel/engines/UnrealEngine/Engine/Source/Runtime/AudioLink/AudioLinkEngine/Public/IAudioLinkFactory.h,0,2,2
/media/ullmann/HDDGabriel/engines/UnrealEngine/Engine/Source/Runtime/AudioLink/AudioLinkEngine/Public/IBufferedAudioOutput.h,1,0,1
/media/ullmann/HDDGabriel/engines/UnrealEngine/Engine/Source/Programs/HeadlessChaos/Public/HeadlessChaosTestSpatialHashing.h,0,1,1
/media/ullmann/HDDGabriel/engines/UnrealEngine/Engine/Source/ThirdParty/ShaderConductor/ShaderConductor/External/DirectXShaderCompiler/include/llvm/DebugInfo/PDB/PDBSymbolUsingNamespace.h,0,2,2
/media/ullmann/HDDGabriel/engines/UnrealEngine/Engine/Source/ThirdParty/ShaderConductor/ShaderConductor/External/SPIRV-Tools/source/fuzz/transformation_add_loop_preheader.cpp,0,1,1
/media/ullmann/HDDGabriel/engines/UnrealEngine/Engine/Source/ThirdParty/ShaderConductor/ShaderConductor/External/SPIRV-Tools/source/fuzz/transformation_add_loop_preheader.h,1,0,1
/media/ullmann/HDDGabriel/engines/UnrealEngine/Engine/Source/ThirdParty/ICU/icu4c-64_1/source/common/unicode/utext.h,6,0,6
/media/ullmann/HDDGabriel/engines/UnrealEngine/Engine/Source/ThirdParty/Intel/TBB/IntelTBB-2019u8/include/tbb/internal/_flow_graph_trace_impl.h,1,1,2
/media/ullmann/HDDGabriel/engines/UnrealEngine/Engine/Source/ThirdParty/FreeType2/FreeType2-2.10.0/src/gzip/infutil.c,1,5,6
/media/ullmann/HDDGabriel/engines/UnrealEngine/Engine/Source/Editor/MovieSceneTools/Private/CurveKeyEditors/SNumericKeyEditor.h,0,1,1
/media/ullmann/HDDGabriel/engines/UnrealEngine/Engine/Source/ThirdParty/libOpus/opus-1.1/silk/fixed/structs_FIX.h,1,0,1
/media/ullmann/HDDGabriel/engines/UnrealEngine/Engine/Source/ThirdParty/openexr/Deploy/openexr-3.1.1/include/OpenEXR/openexr_base.h,2,1,3
/media/ullmann/HDDGabriel/engines/UnrealEngine/Engine/Source/ThirdParty/ShaderConductor/ShaderConductor/External/DirectXShaderCompiler/tools/clang/lib/Headers/mm_malloc.h,1,0,1
/media/ullmann/HDDGabriel/engines/UnrealEngine/Engine/Source/ThirdParty/Intel/Embree/Embree270/src/kernels/xeonphi/bvh4mb/bvh4mb_intersector16_chunk.h,1,2,3
/media/ullmann/HDDGabriel/engines/UnrealEngine/Engine/Source/ThirdParty/Intel/Embree/Embree270/src/kernels/xeon/geometry/object_intersector16.h,1,2,3
/media/ullmann/HDDGabriel/engines/UnrealEngine/Engine/Source/ThirdParty/ICU/icu4c-53_1/source/tools/toolutil/denseranges.cpp,0,1,1
/media/ullmann/HDDGabriel/engines/UnrealEngine/Engine/Source/ThirdParty/ICU/icu4c-53_1/source/tools/toolutil/denseranges.h,1,0,1
/media/ullmann/HDDGabriel/engines/UnrealEngine/Engine/Source/Runtime/Online/SSL/Private/Android/AndroidPlatformSslCertificateManager.h,2,0,2
/media/ullmann/HDDGabriel/engines/UnrealEngine/Engine/Source/Developer/MeshMergeUtilities/Private/MeshMergeUtilities.cpp,0,3,3
/media/ullmann/HDDGabriel/engines/UnrealEngine/Engine/Source/Developer/MeshMergeUtilities/Private/ProxyGenerationProcessor.h,2,0,2
/media/ullmann/HDDGabriel/engines/UnrealEngine/Engine/Source/ThirdParty/ICU/icu4c-53_1/source/i18n/filteredbrk.cpp,0,1,1
/media/ullmann/HDDGabriel/engines/UnrealEngine/Engine/Source/ThirdParty/ICU/icu4c-53_1/source/i18n/unicode/filteredbrk.h,1,0,1
/media/ullmann/HDDGabriel/engines/UnrealEngine/Engine/Source/ThirdParty/ShaderConductor/ShaderConductor/External/SPIRV-Cross/spirv.hpp,2,0,2
/media/ullmann/HDDGabriel/engines/UnrealEngine/Engine/Source/ThirdParty/PhysX3/APEX_1.4/module/destructible_legacy/include/autogen/DestructibleAssetParameters_0p8.h,1,0,1
/media/ullmann/HDDGabriel/engines/UnrealEngine/Engine/Source/ThirdParty/Python3/Linux/include/python3.9/codecs.h,1,0,1
/media/ullmann/HDDGabriel/engines/UnrealEngine/Engine/Source/ThirdParty/OpenSubdiv/OpenSubdiv-3.4.4/opensubdiv/osd/glLegacyGregoryPatchTable.cpp,0,1,1
/media/ullmann/HDDGabriel/engines/UnrealEngine/Engine/Source/Editor/LandscapeEditor/Private/LandscapeEditorDetailCustomization_ImportLayers.cpp,0,3,3
/media/ullmann/HDDGabriel/engines/UnrealEngine/Engine/Source/ThirdParty/OpenVDB/Deploy/openvdb-8.1.0/include/openvdb/points/StreamCompression.h,2,0,2
/media/ullmann/HDDGabriel/engines/UnrealEngine/Engine/Source/Editor/BehaviorTreeEditor/Private/AssetTypeActions_Blackboard.h,2,0,2
/media/ullmann/HDDGabriel/engines/UnrealEngine/Engine/Source/ThirdParty/FreeImage/FreeImage-3.18.0/Source/LibTIFF4/tif_close.c,0,1,1
/media/ullmann/HDDGabriel/engines/UnrealEngine/Engine/Source/ThirdParty/OpenVDB/openvdb-8.1.0/openvdb/openvdb/util/logging.h,3,0,3
/media/ullmann/HDDGabriel/engines/UnrealEngine/Engine/Source/ThirdParty/ShaderConductor/ShaderConductor/External/DirectXShaderCompiler/lib/CodeGen/SpillPlacement.cpp,0,1,1
/media/ullmann/HDDGabriel/engines/UnrealEngine/Engine/Source/Runtime/Engine/Public/GestureRecognizer.h,1,0,1
/media/ullmann/HDDGabriel/engines/UnrealEngine/Engine/Source/ThirdParty/hlslcc/hlslcc/src/hlslcc_lib/ast_expr.cpp,0,2,2
/media/ullmann/HDDGabriel/engines/UnrealEngine/Engine/Source/ThirdParty/ShaderConductor/ShaderConductor/External/DirectXShaderCompiler/lib/CodeGen/AsmPrinter/DwarfFile.cpp,0,3,3
/media/ullmann/HDDGabriel/engines/UnrealEngine/Engine/Source/Editor/AddContentDialog/Private/ContentSourceProviders/FeaturePack/FeaturePackContentSourceProvider.h,1,0,1
/media/ullmann/HDDGabriel/engines/UnrealEngine/Engine/Source/ThirdParty/ICU/icu4c-64_1/source/common/pluralmap.h,1,2,3
/media/ullmann/HDDGabriel/engines/UnrealEngine/Engine/Source/ThirdParty/FreeImage/FreeImage-3.18.0/Source/OpenEXR/IlmImf/ImfRgbaYca.h,3,3,6
/media/ullmann/HDDGabriel/engines/UnrealEngine/Engine/Source/ThirdParty/Intel/Embree/Embree2140/src/kernels/common/scene_subdiv_mesh_avx.cpp,0,4,4
/media/ullmann/HDDGabriel/engines/UnrealEngine/Engine/Source/Runtime/CrashReportCore/Private/CrashUpload.cpp,0,1,1
/media/ullmann/HDDGabriel/engines/UnrealEngine/Engine/Source/ThirdParty/ShaderConductor/ShaderConductor/External/DirectXShaderCompiler/lib/IR/LLVMContextImpl.cpp,0,1,1
/media/ullmann/HDDGabriel/engines/UnrealEngine/Engine/Source/Runtime/Experimental/Chaos/Public/Chaos/ContactModification.h,0,1,1
/media/ullmann/HDDGabriel/engines/UnrealEngine/Engine/Source/Runtime/Experimental/Chaos/Public/Chaos/ParticleHandleFwd.h,1,0,1
/media/ullmann/HDDGabriel/engines/UnrealEngine/Engine/Source/ThirdParty/FreeImage/FreeImage-3.18.0/Source/LibPNG/pngdebug.h,1,0,1
/media/ullmann/HDDGabriel/engines/UnrealEngine/Engine/Source/ThirdParty/WindowsMixedRealityInterop/MixedRealityInterop/SpatialAnchorHelper.h,4,0,4
/media/ullmann/HDDGabriel/engines/UnrealEngine/Engine/Source/ThirdParty/Boost/boost-1_70_0/include/boost/numeric/ublas/tensor/strides.hpp,2,0,2
/media/ullmann/HDDGabriel/engines/UnrealEngine/Engine/Source/ThirdParty/libPNG/libPNG-1.5.27/pngtrans.c,0,1,1
/media/ullmann/HDDGabriel/engines/UnrealEngine/Engine/Source/ThirdParty/PhysX3/PhysX_3.4/Include/particles/PxParticleFlag.h,2,0,2
/media/ullmann/HDDGabriel/engines/UnrealEngine/Engine/Source/ThirdParty/HarfBuzz/harfbuzz-1.2.4/src/hb-ot-cmap-table.hh,1,0,1
/media/ullmann/HDDGabriel/engines/UnrealEngine/Engine/Source/Editor/FoliageEdit/Private/ProceduralFoliageSpawnerFactory.cpp,0,1,1
/media/ullmann/HDDGabriel/engines/UnrealEngine/Engine/Source/Editor/FoliageEdit/Private/ProceduralFoliageSpawnerFactory.h,1,0,1
/media/ullmann/HDDGabriel/engines/UnrealEngine/Engine/Source/Editor/Persona/Private/AnimTimeline/AnimTimelineTrack_Attributes.cpp,0,2,2
/media/ullmann/HDDGabriel/engines/UnrealEngine/Engine/Source/ThirdParty/PhysX3/PhysX_3.4/Source/PhysXExtensions/src/ExtD6JointSolverPrep.cpp,0,2,2
/media/ullmann/HDDGabriel/engines/UnrealEngine/Engine/Source/ThirdParty/GoogleGameSDK/gamesdk/src/swappy/vulkan/SwappyVk.cpp,0,1,1
/media/ullmann/HDDGabriel/engines/UnrealEngine/Engine/Source/ThirdParty/Intel/TBB/IntelTBB-2019u8/examples/graph/binpack/binpack.cpp,0,1,1
/media/ullmann/HDDGabriel/engines/UnrealEngine/Engine/Source/Runtime/RenderCore/Public/RenderGraphParameters.inl,1,0,1
/media/ullmann/HDDGabriel/engines/UnrealEngine/Engine/Source/ThirdParty/PhysX3/APEX_1.4/module/clothing/embedded/Simulation.cpp,0,1,1
/media/ullmann/HDDGabriel/engines/UnrealEngine/Engine/Source/ThirdParty/Intel/Embree/Embree270/src/kernels/xeonphi/geometry/bicubic_bezier_patch.h,1,2,3
/media/ullmann/HDDGabriel/engines/UnrealEngine/Engine/Source/Runtime/UMG/Public/Components/PanelWidget.h,1,0,1
/media/ullmann/HDDGabriel/engines/UnrealEngine/Engine/Source/Runtime/AssetRegistry/Public/IAssetRegistry.h,0,1,1
/media/ullmann/HDDGabriel/engines/UnrealEngine/Engine/Source/Runtime/AssetRegistry/Public/AssetRegistry/IAssetRegistry.h,1,0,1
/media/ullmann/HDDGabriel/engines/UnrealEngine/Engine/Source/ThirdParty/OpenVDB/openvdb-8.1.0/openvdb/openvdb/tree/LeafNodeMask.h,1,2,3
/media/ullmann/HDDGabriel/engines/UnrealEngine/Engine/Source/Runtime/D3D12RHI/Private/D3D12Pipelinestate.cpp,0,1,1
/media/ullmann/HDDGabriel/engines/UnrealEngine/Engine/Source/ThirdParty/Android/libunwind/libunwind/src/dwarf/Lfind_proc_info-lsb.c,0,1,1
/media/ullmann/HDDGabriel/engines/UnrealEngine/Engine/Source/ThirdParty/Android/libunwind/libunwind/src/dwarf/Gfind_proc_info-lsb.c,1,0,1
/media/ullmann/HDDGabriel/engines/UnrealEngine/Engine/Source/ThirdParty/FreeType2/FreeType2-2.6/Src/sfnt/ttmtx.c,1,2,3
/media/ullmann/HDDGabriel/engines/UnrealEngine/Engine/Source/ThirdParty/PhysX3/APEX_1.4/include/nvparameterized/NvParameterized.inl,1,0,1
/media/ullmann/HDDGabriel/engines/UnrealEngine/Engine/Source/ThirdParty/ShaderConductor/ShaderConductor/External/DirectXShaderCompiler/utils/TableGen/RegisterInfoEmitter.cpp,0,3,3
/media/ullmann/HDDGabriel/engines/UnrealEngine/Engine/Source/Editor/EditorWidgets/Public/ObjectNameEditSinkRegistry.h,0,1,1
/media/ullmann/HDDGabriel/engines/UnrealEngine/Engine/Source/Editor/EditorWidgets/Public/IObjectNameEditSink.h,1,0,1
/media/ullmann/HDDGabriel/engines/UnrealEngine/Engine/Source/ThirdParty/Alembic/alembic-1.8.2/python/PyAlembic/PyTypedPropertyTraits.cpp,0,2,2
/media/ullmann/HDDGabriel/engines/UnrealEngine/Engine/Source/ThirdParty/Intel/Embree/Embree2140/src/common/simd/vboolf4_sse2.h,1,0,1
/media/ullmann/HDDGabriel/engines/UnrealEngine/Engine/Source/Runtime/Engine/Public/Net/Util/SequenceHistory.h,1,0,1
/media/ullmann/HDDGabriel/engines/UnrealEngine/Engine/Source/ThirdParty/libOpus/opus-1.0.3/silk/bwexpander.c,0,1,1
/media/ullmann/HDDGabriel/engines/UnrealEngine/Engine/Source/ThirdParty/libOpus/opus-1.0.3/silk/float/inner_product_FLP.c,0,1,1
/media/ullmann/HDDGabriel/engines/UnrealEngine/Engine/Source/ThirdParty/OpenSubdiv/OpenSubdiv-3.4.4/opensubdiv/far/stencilTable.cpp,0,2,2
/media/ullmann/HDDGabriel/engines/UnrealEngine/Engine/Source/ThirdParty/Boost/boost-1_70_0/include/boost/spirit/home/support/detail/lexer/parser/tree/iteration_node.hpp,1,1,2
/media/ullmann/HDDGabriel/engines/UnrealEngine/Engine/Source/ThirdParty/Perforce/p4api-2018.1/Include/Win64/VS2015/p4/clientresolvea.h,1,1,2
/media/ullmann/HDDGabriel/engines/UnrealEngine/Engine/Source/ThirdParty/FreeImage/FreeImage-3.18.0/Source/LibJXR/image/sys/common.h,1,0,1
/media/ullmann/HDDGabriel/engines/UnrealEngine/Engine/Source/ThirdParty/FreeType2/FreeType2-2.10.4/src/type1/t1objs.h,2,0,2
/media/ullmann/HDDGabriel/engines/UnrealEngine/Engine/Source/ThirdParty/CryptoPP/5.6.2/include/fipstest.cpp,0,2,2
/media/ullmann/HDDGabriel/engines/UnrealEngine/Engine/Source/Editor/Persona/Private/SAnimCompositeEditor.h,3,2,5
/media/ullmann/HDDGabriel/engines/UnrealEngine/Engine/Source/ThirdParty/PhysX3/APEX_1.4/module/clothing_legacy/include/autogen/ClothingActorParam_0p4.h,1,0,1
/media/ullmann/HDDGabriel/engines/UnrealEngine/Engine/Source/Editor/PropertyEditor/Private/SPropertyTreeViewImpl.h,3,0,3
/media/ullmann/HDDGabriel/engines/UnrealEngine/Engine/Source/ThirdParty/SDL2/SDL-gui-backend/src/video/yuv2rgb/yuv_rgb_std_func.h,1,0,1
/media/ullmann/HDDGabriel/engines/UnrealEngine/Engine/Source/ThirdParty/ShaderConductor/ShaderConductor/External/DirectXShaderCompiler/utils/TableGen/SubtargetEmitter.cpp,0,2,2
/media/ullmann/HDDGabriel/engines/UnrealEngine/Engine/Source/ThirdParty/Oculus/LibOVRPlatform/LibOVRPlatform/include/OVR_LivestreamingApplicationStatus.h,2,1,3
/media/ullmann/HDDGabriel/engines/UnrealEngine/Engine/Source/ThirdParty/SPIRV-Reflect/SPIRV-Reflect/spirv_reflect.h,2,1,3
/media/ullmann/HDDGabriel/engines/UnrealEngine/Engine/Source/Editor/KismetCompiler/Public/EdGraphCompilerUtilities.h,1,0,1
/media/ullmann/HDDGabriel/engines/UnrealEngine/Engine/Source/ThirdParty/PhysX3/PhysX_3.4/Include/extensions/PxParticleExt.h,1,0,1
/media/ullmann/HDDGabriel/engines/UnrealEngine/Engine/Source/Runtime/Engine/Private/Actor.cpp,0,1,1
/media/ullmann/HDDGabriel/engines/UnrealEngine/Engine/Source/ThirdParty/PhysX3/APEX_1.4/module/destructible_legacy/include/autogen/DestructibleActorParam_0p1.h,1,0,1
/media/ullmann/HDDGabriel/engines/UnrealEngine/Engine/Source/ThirdParty/OpenSubdiv/OpenSubdiv-3.4.4/examples/glShareTopology/vbo.h,1,0,1
/media/ullmann/HDDGabriel/engines/UnrealEngine/Engine/Source/ThirdParty/Perforce/p4api-2018.1/Include/Mac/p4/netconnect.h,0,1,1
/media/ullmann/HDDGabriel/engines/UnrealEngine/Engine/Source/ThirdParty/Perforce/p4api-2018.1/Include/Mac/p4/error.h,2,0,2
/media/ullmann/HDDGabriel/engines/UnrealEngine/Engine/Source/ThirdParty/EOSSDK/SDK/Bin/IOS/EOSSDK.framework/Headers/eos_lobby.h,0,1,1
/media/ullmann/HDDGabriel/engines/UnrealEngine/Engine/Source/ThirdParty/Python3/Mac/include/pytime.h,1,2,3
/media/ullmann/HDDGabriel/engines/UnrealEngine/Engine/Source/ThirdParty/SDL2/SDL-gui-backend/src/libm/e_fmod.c,0,2,2
/media/ullmann/HDDGabriel/engines/UnrealEngine/Engine/Source/ThirdParty/ICU/icu4c-64_1/source/test/cintltst/citertst.h,1,1,2
/media/ullmann/HDDGabriel/engines/UnrealEngine/Engine/Source/Runtime/Core/Public/Templates/UniqueObj.h,3,0,3
/media/ullmann/HDDGabriel/engines/UnrealEngine/Engine/Source/ThirdParty/ShaderConductor/ShaderConductor/External/DirectXShaderCompiler/tools/llvm-cov/CoverageReport.cpp,0,2,2
/media/ullmann/HDDGabriel/engines/UnrealEngine/Engine/Source/ThirdParty/ShaderConductor/ShaderConductor/External/DirectXShaderCompiler/tools/llvm-cov/CoverageReport.h,2,2,4
/media/ullmann/HDDGabriel/engines/UnrealEngine/Engine/Source/Developer/Android/AndroidDeviceDetection/Public/AndroidDeviceDetection.h,0,2,2
/media/ullmann/HDDGabriel/engines/UnrealEngine/Engine/Source/Developer/Android/AndroidDeviceDetection/Public/Interfaces/IAndroidDeviceDetectionModule.h,1,0,1
/media/ullmann/HDDGabriel/engines/UnrealEngine/Engine/Source/Editor/SkeletonEditor/Public/ISkeletonTree.h,2,0,2
/media/ullmann/HDDGabriel/engines/UnrealEngine/Engine/Source/Runtime/WebBrowser/Private/CEF/CEFBrowserByteResource.h,1,1,2
/media/ullmann/HDDGabriel/engines/UnrealEngine/Engine/Source/Runtime/Core/Public/Templates/AndOrNot.h,3,0,3
/media/ullmann/HDDGabriel/engines/UnrealEngine/Engine/Source/ThirdParty/Python3/Linux/include/python3.9/cpython/tupleobject.h,1,0,1
/media/ullmann/HDDGabriel/engines/UnrealEngine/Engine/Source/ThirdParty/PhysX3/PhysX_3.4/Source/SimulationController/src/ScSimStats.cpp,0,1,1
/media/ullmann/HDDGabriel/engines/UnrealEngine/Engine/Source/ThirdParty/FBX/2020.2/include/fbxsdk/scene/geometry/fbxmarker.h,1,0,1
/media/ullmann/HDDGabriel/engines/UnrealEngine/Engine/Source/ThirdParty/ICU/icu4c-64_1/source/test/intltest/testutil.cpp,0,2,2
/media/ullmann/HDDGabriel/engines/UnrealEngine/Engine/Source/ThirdParty/Perforce/P4Api.Net/p4bridge/OutStr.cpp,0,2,2
/media/ullmann/HDDGabriel/engines/UnrealEngine/Engine/Source/ThirdParty/Perforce/P4Api.Net/p4bridge/OutStr.h,1,0,1
/media/ullmann/HDDGabriel/engines/UnrealEngine/Engine/Source/ThirdParty/WebRTC/4147/Include/third_party/opus/src/silk/errors.h,2,0,2
/media/ullmann/HDDGabriel/engines/UnrealEngine/Engine/Source/ThirdParty/ICU/icu4c-53_1/source/tools/toolutil/toolutil.cpp,0,1,1
/media/ullmann/HDDGabriel/engines/UnrealEngine/Engine/Source/Editor/DetailCustomizations/Private/ParticleModuleDetails.h,2,0,2
/media/ullmann/HDDGabriel/engines/UnrealEngine/Engine/Source/Runtime/Engine/Private/PhysicsEngine/Experimental/ChaosDerivedData.cpp,0,3,3
/media/ullmann/HDDGabriel/engines/UnrealEngine/Engine/Source/Runtime/Engine/Private/PhysicsEngine/Experimental/ChaosCooking.h,1,0,1
/media/ullmann/HDDGabriel/engines/UnrealEngine/Engine/Source/ThirdParty/ICU/icu4c-53_1/source/test/intltest/itrbnf.cpp,0,2,2
/media/ullmann/HDDGabriel/engines/UnrealEngine/Engine/Source/Editor/LocalizationDashboard/Private/SLocalizationTargetEditor.cpp,0,1,1
/media/ullmann/HDDGabriel/engines/UnrealEngine/Engine/Source/Editor/LocalizationDashboard/Private/SLocalizationTargetEditor.h,2,0,2
/media/ullmann/HDDGabriel/engines/UnrealEngine/Engine/Source/ThirdParty/PhysX3/NvCloth/src/ClothBase.h,3,0,3
/media/ullmann/HDDGabriel/engines/UnrealEngine/Engine/Source/ThirdParty/FreeType2/FreeType2-2.10.0/src/base/md5.c,1,1,2
/media/ullmann/HDDGabriel/engines/UnrealEngine/Engine/Source/ThirdParty/SDL2/SDL-gui-backend/src/video/khronos/vulkan/vulkan_xlib_xrandr.h,1,0,1
/media/ullmann/HDDGabriel/engines/UnrealEngine/Engine/Source/ThirdParty/openexr/openexr-3.1.1/src/test/OpenEXRTest/testMultiTiledPartThreading.cpp,0,2,2
/media/ullmann/HDDGabriel/engines/UnrealEngine/Engine/Source/ThirdParty/ShaderConductor/ShaderConductor/External/DirectXShaderCompiler/include/llvm/ExecutionEngine/ExecutionEngine.h,0,1,1
/media/ullmann/HDDGabriel/engines/UnrealEngine/Engine/Source/ThirdParty/SDL2/SDL-gui-backend/src/render/SDL_yuv_sw.c,0,2,2
/media/ullmann/HDDGabriel/engines/UnrealEngine/Engine/Source/ThirdParty/nvTextureTools/nvTextureTools-2.0.8/src/src/nvtt/squish/singlecolourlookup.inl,1,0,1
/media/ullmann/HDDGabriel/engines/UnrealEngine/Engine/Source/ThirdParty/Distorm/src/mnemonics.c,0,1,1
/media/ullmann/HDDGabriel/engines/UnrealEngine/Engine/Source/Editor/PropertyEditor/Private/Presentation/PropertyEditor/PropertyEditor.cpp,0,1,1
/media/ullmann/HDDGabriel/engines/UnrealEngine/Engine/Source/Runtime/AVEncoder/Private/Encoders/WmfAudioEncoder.cpp,0,1,1
/media/ullmann/HDDGabriel/engines/UnrealEngine/Engine/Source/Editor/DetailCustomizations/Private/CaptureResolutionCustomization.cpp,0,1,1
/media/ullmann/HDDGabriel/engines/UnrealEngine/Engine/Source/Editor/DetailCustomizations/Private/CaptureResolutionCustomization.h,2,0,2
/media/ullmann/HDDGabriel/engines/UnrealEngine/Engine/Source/ThirdParty/SDL2/SDL-gui-backend/src/dynapi/SDL_dynapi_overrides.h,1,0,1
/media/ullmann/HDDGabriel/engines/UnrealEngine/Engine/Source/Runtime/Online/BuildPatchServices/Private/Generation/ChunkDatabaseWriter.h,1,0,1
/media/ullmann/HDDGabriel/engines/UnrealEngine/Engine/Source/Runtime/Windows/D3D11RHI/Private/Windows/WindowsD3D11Device.cpp,0,1,1
/media/ullmann/HDDGabriel/engines/UnrealEngine/Engine/Source/Runtime/MovieScene/Public/MovieSceneClipboard.h,0,1,1
/media/ullmann/HDDGabriel/engines/UnrealEngine/Engine/Source/Editor/UnrealEd/Private/EditorViewportLayoutEntity.cpp,0,1,1
/media/ullmann/HDDGabriel/engines/UnrealEngine/Engine/Source/Runtime/Engine/Classes/Animation/BlendSpace.h,0,1,1
/media/ullmann/HDDGabriel/engines/UnrealEngine/Engine/Source/Runtime/Engine/Classes/Animation/AnimNodeBase.h,1,1,2
/media/ullmann/HDDGabriel/engines/UnrealEngine/Engine/Source/Runtime/Sockets/Public/AddressInfoTypes.h,1,1,2
/media/ullmann/HDDGabriel/engines/UnrealEngine/Engine/Source/ThirdParty/FreeType2/FreeType2-2.6/Include/ftlzw.h,0,1,1
/media/ullmann/HDDGabriel/engines/UnrealEngine/Engine/Source/ThirdParty/ShaderConductor/ShaderConductor/External/DirectXShaderCompiler/lib/Transforms/Scalar/DxilLoopUnroll.cpp,0,1,1
/media/ullmann/HDDGabriel/engines/UnrealEngine/Engine/Source/ThirdParty/ShaderConductor/ShaderConductor/External/DirectXShaderCompiler/lib/Transforms/Scalar/DxilRemoveUnstructuredLoopExits.h,3,0,3
/media/ullmann/HDDGabriel/engines/UnrealEngine/Engine/Source/ThirdParty/MCPP/mcpp-2.7.2/cpp-test/test-l/nest121.h,1,1,2
/media/ullmann/HDDGabriel/engines/UnrealEngine/Engine/Source/Developer/DeviceManager/Private/Widgets/Toolbar/SDeviceToolbar.cpp,0,1,1
/media/ullmann/HDDGabriel/engines/UnrealEngine/Engine/Source/Developer/DeviceManager/Private/Widgets/Toolbar/SDeviceToolbar.h,1,0,1
/media/ullmann/HDDGabriel/engines/UnrealEngine/Engine/Source/ThirdParty/ICU/icu4c-64_1/source/test/intltest/regcoll.cpp,0,3,3
/media/ullmann/HDDGabriel/engines/UnrealEngine/Engine/Source/ThirdParty/ICU/icu4c-64_1/source/i18n/numrange_fluent.cpp,0,2,2
/media/ullmann/HDDGabriel/engines/UnrealEngine/Engine/Source/ThirdParty/FreeType2/FreeType2-2.4.12/src/truetype/ttdriver.h,1,0,1
/media/ullmann/HDDGabriel/engines/UnrealEngine/Engine/Source/ThirdParty/openexr/Deploy/openexr-3.1.1/include/OpenEXR/ImfVersion.h,0,2,2
/media/ullmann/HDDGabriel/engines/UnrealEngine/Engine/Source/ThirdParty/PhysX3/NvCloth/samples/external/nvToolsExt/1.0/include/nvToolsExtCuda.h,0,1,1
/media/ullmann/HDDGabriel/engines/UnrealEngine/Engine/Source/ThirdParty/PhysX3/NvCloth/samples/external/nvToolsExt/1.0/include/nvToolsExt.h,2,0,2
/media/ullmann/HDDGabriel/engines/UnrealEngine/Engine/Source/Editor/WorldBrowser/Private/SWorldHierarchy.cpp,0,4,4
/media/ullmann/HDDGabriel/engines/UnrealEngine/Engine/Source/ThirdParty/openexr/openexr-3.1.1/src/test/OpenEXRTest/testRgbaThreading.cpp,0,2,2
/media/ullmann/HDDGabriel/engines/UnrealEngine/Engine/Source/Runtime/Portal/LauncherPlatform/Private/Windows/LauncherPlatformWindows.cpp,0,1,1
/media/ullmann/HDDGabriel/engines/UnrealEngine/Engine/Source/ThirdParty/FreeType2/FreeType2-2.10.0/src/pcf/pcfutil.c,1,1,2
/media/ullmann/HDDGabriel/engines/UnrealEngine/Engine/Source/ThirdParty/ShaderConductor/ShaderConductor/External/DirectXShaderCompiler/lib/IR/Operator.cpp,0,1,1
/media/ullmann/HDDGabriel/engines/UnrealEngine/Engine/Source/Developer/DesktopPlatform/Private/Windows/WindowsNativeFeedbackContext.cpp,0,1,1
/media/ullmann/HDDGabriel/engines/UnrealEngine/Engine/Source/ThirdParty/MCPP/mcpp-2.7.2/test-c/n_1.c,0,1,1
/media/ullmann/HDDGabriel/engines/UnrealEngine/Engine/Source/ThirdParty/Distorm/include/distorm.h,2,0,2
/media/ullmann/HDDGabriel/engines/UnrealEngine/Engine/Source/Editor/DeviceProfileServices/Private/DeviceProfileServicesModule.cpp,0,1,1
/media/ullmann/HDDGabriel/engines/UnrealEngine/Engine/Source/ThirdParty/WindowsMixedRealityInterop/MixedRealityInterop/MeshObserver.cpp,0,3,3
/media/ullmann/HDDGabriel/engines/UnrealEngine/Engine/Source/Runtime/Online/HTTP/Public/HttpPackage.h,1,0,1
/media/ullmann/HDDGabriel/engines/UnrealEngine/Engine/Source/Editor/GameProjectGeneration/Public/GameProjectGenerationModule.h,2,1,3
/media/ullmann/HDDGabriel/engines/UnrealEngine/Engine/Source/ThirdParty/Intel/TBB/IntelTBB-2019u8/examples/parallel_do/parallel_preorder/Matrix.h,1,0,1
/media/ullmann/HDDGabriel/engines/UnrealEngine/Engine/Source/Editor/PropertyEditor/Private/DetailLayoutHelpers.h,3,0,3
/media/ullmann/HDDGabriel/engines/UnrealEngine/Engine/Source/Programs/CrashReportClient/Private/CrashReportAnalyticsSessionSummary.cpp,0,1,1
/media/ullmann/HDDGabriel/engines/UnrealEngine/Engine/Source/Developer/Linux/LinuxTargetPlatform/Private/LinuxTargetPlatform.h,2,1,3
/media/ullmann/HDDGabriel/engines/UnrealEngine/Engine/Source/Developer/CollectionManager/Private/Collection.h,2,0,2
/media/ullmann/HDDGabriel/engines/UnrealEngine/Engine/Source/Editor/Kismet/Public/SCSDiff.h,0,1,1
/media/ullmann/HDDGabriel/engines/UnrealEngine/Engine/Source/Editor/Persona/Private/AnimTimeline/AnimTimelineTrack_CompositePanel.h,2,1,3
/media/ullmann/HDDGabriel/engines/UnrealEngine/Engine/Source/ThirdParty/OpenSubdiv/Deploy/OpenSubdiv-3.4.4/include/opensubdiv/sdc/bilinearScheme.h,1,2,3
/media/ullmann/HDDGabriel/engines/UnrealEngine/Engine/Source/Programs/Enterprise/Datasmith/DatasmithARCHICADExporter/DatsmithUE4ArchiCAD/Private/DatasmithUE4ArchiCAD.cpp,0,1,1
/media/ullmann/HDDGabriel/engines/UnrealEngine/Engine/Source/Programs/Enterprise/Datasmith/DatasmithARCHICADExporter/DatsmithUE4ArchiCAD/Private/DatasmithUE4ArchiCAD.h,1,0,1
/media/ullmann/HDDGabriel/engines/UnrealEngine/Engine/Source/Developer/TraceInsights/Private/Insights/ViewModels/StatsGroupingAndSorting.cpp,0,1,1
/media/ullmann/HDDGabriel/engines/UnrealEngine/Engine/Source/Developer/TraceInsights/Private/Insights/ViewModels/StatsGroupingAndSorting.h,1,0,1
/media/ullmann/HDDGabriel/engines/UnrealEngine/Engine/Source/ThirdParty/ShaderConductor/ShaderConductor/External/DirectXShaderCompiler/tools/yaml2obj/yaml2obj.cpp,0,1,1
/media/ullmann/HDDGabriel/engines/UnrealEngine/Engine/Source/ThirdParty/ShaderConductor/ShaderConductor/External/DirectXShaderCompiler/tools/yaml2obj/yaml2obj.h,3,0,3
/media/ullmann/HDDGabriel/engines/UnrealEngine/Engine/Source/ThirdParty/ICU/icu4c-64_1/source/i18n/shareddateformatsymbols.h,1,1,2
/media/ullmann/HDDGabriel/engines/UnrealEngine/Engine/Source/ThirdParty/PLCrashReporter/PLCrashReporter/Source/PLCrashReportSystemInfo.h,0,1,1
/media/ullmann/HDDGabriel/engines/UnrealEngine/Engine/Source/ThirdParty/PhysX3/APEX_1.4/module/clothing_legacy/include/autogen/ClothingPhysicalMeshParameters_0p6.h,1,0,1
/media/ullmann/HDDGabriel/engines/UnrealEngine/Engine/Source/ThirdParty/ICU/icu4c-64_1/source/test/cintltst/udatatst.c,0,1,1
/media/ullmann/HDDGabriel/engines/UnrealEngine/Engine/Source/Runtime/AVEncoder/Public/VideoDecoderFactory.h,0,1,1
/media/ullmann/HDDGabriel/engines/UnrealEngine/Engine/Source/ThirdParty/OpenVDB/openvdb-8.1.0/openvdb/openvdb/points/points.cc,0,1,1
/media/ullmann/HDDGabriel/engines/UnrealEngine/Engine/Source/Developer/AutomationDriver/Private/StepExecutor.cpp,0,2,2
/media/ullmann/HDDGabriel/engines/UnrealEngine/Engine/Source/ThirdParty/OpenSubdiv/OpenSubdiv-3.4.4/tutorials/far/tutorial_5_3/far_tutorial_5_3.cpp,0,2,2
/media/ullmann/HDDGabriel/engines/UnrealEngine/Engine/Source/ThirdParty/FreeType2/FreeType2-2.6/Src/base/ftgloadr.c,1,0,1
/media/ullmann/HDDGabriel/engines/UnrealEngine/Engine/Source/ThirdParty/Alembic/alembic-1.8.2/python/PyAlembic/PyIArrayProperty.cpp,0,4,4
/media/ullmann/HDDGabriel/engines/UnrealEngine/Engine/Source/Developer/TraceInsights/Private/Insights/Table/Widgets/STableTreeViewTooltip.cpp,0,1,1
/media/ullmann/HDDGabriel/engines/UnrealEngine/Engine/Source/Developer/TraceInsights/Private/Insights/Table/Widgets/STableTreeViewTooltip.h,1,0,1
/media/ullmann/HDDGabriel/engines/UnrealEngine/Engine/Source/ThirdParty/PhysX3/PhysX_3.4/Source/GeomUtils/src/mesh/GuBV4Build.cpp,0,3,3
/media/ullmann/HDDGabriel/engines/UnrealEngine/Engine/Source/Developer/TraceInsights/Private/Insights/MemoryProfiler/ViewModels/MemoryAlloc.cpp,0,2,2
/media/ullmann/HDDGabriel/engines/UnrealEngine/Engine/Source/Developer/TraceInsights/Private/Insights/MemoryProfiler/ViewModels/MemoryAlloc.h,1,0,1
/media/ullmann/HDDGabriel/engines/UnrealEngine/Engine/Source/ThirdParty/VHACD/inc/btAlignedAllocator.h,2,1,3
/media/ullmann/HDDGabriel/engines/UnrealEngine/Engine/Source/ThirdParty/WiX/3.8/sdk/inc/balretry.h,1,0,1
/media/ullmann/HDDGabriel/engines/UnrealEngine/Engine/Source/Runtime/Experimental/Voronoi/Private/voro++/src/rad_option.hh,1,0,1
/media/ullmann/HDDGabriel/engines/UnrealEngine/Engine/Source/Runtime/GeometryFramework/Public/Changes/MeshReplacementChange.h,1,0,1
/media/ullmann/HDDGabriel/engines/UnrealEngine/Engine/Source/ThirdParty/WebRTC/4147/Include/third_party/libsrtp/crypto/include/null_cipher.h,0,2,2
/media/ullmann/HDDGabriel/engines/UnrealEngine/Engine/Source/Developer/SlateReflector/Private/Widgets/SWidgetSnapshotVisualizer.h,1,0,1
/media/ullmann/HDDGabriel/engines/UnrealEngine/Engine/Source/ThirdParty/FreeType2/FreeType2-2.4.12/src/base/ftadvanc.c,1,0,1
/media/ullmann/HDDGabriel/engines/UnrealEngine/Engine/Source/ThirdParty/PhysX3/NvCloth/samples/SampleBase/renderer/Renderable.cpp,0,3,3
/media/ullmann/HDDGabriel/engines/UnrealEngine/Engine/Source/Editor/IntroTutorials/Private/ClassTypeActions_EditorTutorial.cpp,0,1,1
/media/ullmann/HDDGabriel/engines/UnrealEngine/Engine/Source/ThirdParty/FreeType2/FreeType2-2.6/Src/type1/t1load.c,1,3,4
/media/ullmann/HDDGabriel/engines/UnrealEngine/Engine/Source/ThirdParty/FreeType2/FreeType2-2.6/Src/type1/t1tokens.h,1,0,1
/media/ullmann/HDDGabriel/engines/UnrealEngine/Engine/Source/ThirdParty/ShaderConductor/ShaderConductor/External/SPIRV-Tools/source/opt/android_driver_patch_pass.cpp,0,1,1
/media/ullmann/HDDGabriel/engines/UnrealEngine/Engine/Source/ThirdParty/ShaderConductor/ShaderConductor/External/SPIRV-Tools/source/opt/android_driver_patch_pass.h,1,0,1
/media/ullmann/HDDGabriel/engines/UnrealEngine/Engine/Source/ThirdParty/ICU/icu4c-53_1/source/i18n/islamcal.h,2,1,3
/media/ullmann/HDDGabriel/engines/UnrealEngine/Engine/Source/Runtime/Renderer/Private/VT/AdaptiveVirtualTexture.cpp,0,1,1
/media/ullmann/HDDGabriel/engines/UnrealEngine/Engine/Source/Runtime/Renderer/Private/VT/AdaptiveVirtualTexture.h,1,0,1
/media/ullmann/HDDGabriel/engines/UnrealEngine/Engine/Source/Editor/Persona/Private/AnimViewportMenuCommands.cpp,0,1,1
/media/ullmann/HDDGabriel/engines/UnrealEngine/Engine/Source/ThirdParty/ICU/icu4c-53_1/source/i18n/collationweights.cpp,0,2,2
/media/ullmann/HDDGabriel/engines/UnrealEngine/Engine/Source/Editor/Persona/Private/SkeletalMeshReferenceSectionDetails.h,2,0,2
/media/ullmann/HDDGabriel/engines/UnrealEngine/Engine/Source/Editor/DetailCustomizations/Private/DirectoryPathStructCustomization.cpp,0,1,1
/media/ullmann/HDDGabriel/engines/UnrealEngine/Engine/Source/ThirdParty/ICU/icu4c-64_1/source/test/letest/cfonts.cpp,0,2,2
/media/ullmann/HDDGabriel/engines/UnrealEngine/Engine/Source/Runtime/Online/HTTPServer/Private/HttpConnectionRequestReadContext.h,3,1,4
/media/ullmann/HDDGabriel/engines/UnrealEngine/Engine/Source/ThirdParty/Imath/Imath-3.1.3/src/Imath/ImathColorAlgo.cpp,0,1,1
/media/ullmann/HDDGabriel/engines/UnrealEngine/Engine/Source/ThirdParty/PhysX3/APEX_1.4/module/clothing/embedded/CreateCuFactory.cpp,0,1,1
/media/ullmann/HDDGabriel/engines/UnrealEngine/Engine/Source/ThirdParty/PhysX3/APEX_1.4/module/clothing/embedded/CreateCuFactory.h,1,0,1
/media/ullmann/HDDGabriel/engines/UnrealEngine/Engine/Source/ThirdParty/Python3/Linux/include/python3.9/longintrepr.h,1,0,1
/media/ullmann/HDDGabriel/engines/UnrealEngine/Engine/Source/Runtime/Online/BuildPatchServices/Private/Common/StatsCollector.h,1,0,1
/media/ullmann/HDDGabriel/engines/UnrealEngine/Engine/Source/Editor/NaniteTools/Private/NaniteAuditRegistry.cpp,0,1,1
/media/ullmann/HDDGabriel/engines/UnrealEngine/Engine/Source/ThirdParty/CryptoPP/5.6.5/include/pch.cpp,0,1,1
/media/ullmann/HDDGabriel/engines/UnrealEngine/Engine/Source/ThirdParty/MCPP/mcpp-2.7.2/test-l/nest37.h,1,1,2
/media/ullmann/HDDGabriel/engines/UnrealEngine/Engine/Source/ThirdParty/ICU/icu4c-53_1/source/test/intltest/itrbnf.h,2,1,3
/media/ullmann/HDDGabriel/engines/UnrealEngine/Engine/Source/ThirdParty/SDL2/SDL-gui-backend/src/video/winrt/SDL_winrtmessagebox.h,1,1,2
/media/ullmann/HDDGabriel/engines/UnrealEngine/Engine/Source/ThirdParty/PhysX3/APEX_1.4/module/emitter/include/EmitterAssetPreview.h,0,1,1
/media/ullmann/HDDGabriel/engines/UnrealEngine/Engine/Source/ThirdParty/OpenVDB/Deploy/openvdb-8.1.0/include/openvdb/math/Mat3.h,2,2,4
/media/ullmann/HDDGabriel/engines/UnrealEngine/Engine/Source/ThirdParty/ShaderConductor/ShaderConductor/External/DirectXShaderCompiler/lib/Transforms/ObjCARC/ObjCARCAPElim.cpp,0,1,1
/media/ullmann/HDDGabriel/engines/UnrealEngine/Engine/Source/ThirdParty/CryptoPP/5.6.2/include/files.cpp,0,2,2
/media/ullmann/HDDGabriel/engines/UnrealEngine/Engine/Source/ThirdParty/WebRTC/4147/Include/third_party/libvpx/source/libvpx/vp8/common/invtrans.h,0,2,2
/media/ullmann/HDDGabriel/engines/UnrealEngine/Engine/Source/ThirdParty/Imath/Imath-3.1.3/src/ImathTest/testInterval.h,1,0,1
/media/ullmann/HDDGabriel/engines/UnrealEngine/Engine/Source/ThirdParty/openexr/openexr-3.1.1/src/bin/exrenvmap/blurImage.h,2,1,3
/media/ullmann/HDDGabriel/engines/UnrealEngine/Engine/Source/ThirdParty/WebRTC/4147/Include/third_party/libvpx/source/libvpx/vp8/common/modecont.h,1,0,1
/media/ullmann/HDDGabriel/engines/UnrealEngine/Engine/Source/ThirdParty/AMD/Amf/core/D3D12AMF.h,0,1,1
/media/ullmann/HDDGabriel/engines/UnrealEngine/Engine/Source/ThirdParty/ICU/icu4c-53_1/source/test/intltest/miscdtfm.cpp,0,1,1
/media/ullmann/HDDGabriel/engines/UnrealEngine/Engine/Source/ThirdParty/ShaderConductor/ShaderConductor/External/DirectXShaderCompiler/projects/dxilconv/lib/ShaderBinary/ShaderBinary.cpp,0,1,1
/media/ullmann/HDDGabriel/engines/UnrealEngine/Engine/Source/ThirdParty/ShaderConductor/ShaderConductor/External/DirectXShaderCompiler/projects/dxilconv/lib/ShaderBinary/ShaderBinaryIncludes.h,1,0,1
/media/ullmann/HDDGabriel/engines/UnrealEngine/Engine/Source/ThirdParty/Boost/boost-1_70_0/include/boost/fiber/exceptions.hpp,0,1,1
/media/ullmann/HDDGabriel/engines/UnrealEngine/Engine/Source/ThirdParty/Boost/boost-1_70_0/include/boost/fiber/future,1,0,1
/media/ullmann/HDDGabriel/engines/UnrealEngine/Engine/Source/ThirdParty/MCPP/mcpp-2.7.2/test-l/nest124.h,1,1,2
/media/ullmann/HDDGabriel/engines/UnrealEngine/Engine/Source/ThirdParty/WebRTC/4147/Include/base/task_runner_util.h,0,1,1
/media/ullmann/HDDGabriel/engines/UnrealEngine/Engine/Source/Developer/TraceInsights/Private/Insights/MemoryProfiler/ViewModels/MemAllocGroupingByHeap.h,1,0,1
/media/ullmann/HDDGabriel/engines/UnrealEngine/Engine/Source/ThirdParty/llvm/8/include/llvm/BinaryFormat/ELFRelocs/ARM.def,1,0,1
/media/ullmann/HDDGabriel/engines/UnrealEngine/Engine/Source/ThirdParty/openexr/openexr-3.1.1/src/test/OpenEXRUtilTest/testDeepImage.h,1,0,1
/media/ullmann/HDDGabriel/engines/UnrealEngine/Engine/Source/ThirdParty/ShaderConductor/ShaderConductor/External/SPIRV-Headers/tools/buildHeaders/jsonToSpirv.h,3,0,3
/media/ullmann/HDDGabriel/engines/UnrealEngine/Engine/Source/ThirdParty/MCPP/mcpp-2.7.2/cpp-test/test-l/nest56.h,1,1,2
/media/ullmann/HDDGabriel/engines/UnrealEngine/Engine/Source/ThirdParty/SDL2/SDL-gui-backend/src/video/khronos/vulkan/vk_layer.h,0,1,1
/media/ullmann/HDDGabriel/engines/UnrealEngine/Engine/Source/ThirdParty/libOpus/opus-1.0.3/silk/tables_gain.c,0,1,1
/media/ullmann/HDDGabriel/engines/UnrealEngine/Engine/Source/ThirdParty/libOpus/opus-1.3.1-12/src/mlp_data.c,0,1,1
/media/ullmann/HDDGabriel/engines/UnrealEngine/Engine/Source/ThirdParty/asio/1.12.2/asio/yield.hpp,0,1,1
/media/ullmann/HDDGabriel/engines/UnrealEngine/Engine/Source/ThirdParty/asio/1.12.2/asio/coroutine.hpp,1,0,1
/media/ullmann/HDDGabriel/engines/UnrealEngine/Engine/Source/ThirdParty/PhysX3/APEX_1.4/include/UserRenderInstanceBufferDesc.h,2,2,4
/media/ullmann/HDDGabriel/engines/UnrealEngine/Engine/Source/ThirdParty/rpclib/Source/include/rpc/msgpack/pack.h,0,3,3
/media/ullmann/HDDGabriel/engines/UnrealEngine/Engine/Source/ThirdParty/rpclib/Source/include/rpc/msgpack/pack_template.h,1,0,1
/media/ullmann/HDDGabriel/engines/UnrealEngine/Engine/Source/ThirdParty/ShaderConductor/ShaderConductor/External/DirectXShaderCompiler/lib/Transforms/ObjCARC/ProvenanceAnalysisEvaluator.cpp,0,1,1
/media/ullmann/HDDGabriel/engines/UnrealEngine/Engine/Source/ThirdParty/PhysX3/APEX_1.4/module/clothing/embedded/LowLevelCloth/src/Allocator.cpp,0,1,1
/media/ullmann/HDDGabriel/engines/UnrealEngine/Engine/Source/ThirdParty/FreeImage/FreeImage-3.18.0/Source/LibJXR/image/decode/segdec.c,0,1,1
/media/ullmann/HDDGabriel/engines/UnrealEngine/Engine/Source/ThirdParty/SDL2/SDL-gui-backend/src/render/direct3d11/SDL_render_winrt.h,2,1,3
/media/ullmann/HDDGabriel/engines/UnrealEngine/Engine/Source/ThirdParty/FBX/2020.2/include/fbxsdk/scene/geometry/fbxline.h,1,0,1
/media/ullmann/HDDGabriel/engines/UnrealEngine/Engine/Source/ThirdParty/SpeedTree/SpeedTreeDataBuffer/TreeReader9.h,0,1,1
/media/ullmann/HDDGabriel/engines/UnrealEngine/Engine/Source/ThirdParty/SpeedTree/SpeedTreeDataBuffer/DataBuffer.h,2,1,3
/media/ullmann/HDDGabriel/engines/UnrealEngine/Engine/Source/Runtime/LevelSequence/Public/LevelSequenceLegacyObjectReference.h,1,0,1
/media/ullmann/HDDGabriel/engines/UnrealEngine/Engine/Source/Editor/ProjectTargetPlatformEditor/Private/ProjectTargetPlatformEditorModule.cpp,0,1,1
/media/ullmann/HDDGabriel/engines/UnrealEngine/Engine/Source/Editor/ProjectTargetPlatformEditor/Private/Widgets/SProjectTargetPlatformSettings.h,1,0,1
/media/ullmann/HDDGabriel/engines/UnrealEngine/Engine/Source/Runtime/Slate/Public/Widgets/Layout/SMissingWidget.h,1,0,1
/media/ullmann/HDDGabriel/engines/UnrealEngine/Engine/Source/ThirdParty/ShaderConductor/ShaderConductor/External/DirectXShaderCompiler/include/llvm/ExecutionEngine/Orc/ObjectLinkingLayer.h,0,1,1
/media/ullmann/HDDGabriel/engines/UnrealEngine/Engine/Source/ThirdParty/SpeedTree/SpeedTreeDataBuffer/TreeReader8.h,0,1,1
/media/ullmann/HDDGabriel/engines/UnrealEngine/Engine/Source/Developer/Windows/LiveCodingServer/Private/External/LC_MicroAllocator.h,2,1,3
/media/ullmann/HDDGabriel/engines/UnrealEngine/Engine/Source/Editor/VREditor/VREditorModeManager.cpp,0,1,1
/media/ullmann/HDDGabriel/engines/UnrealEngine/Engine/Source/ThirdParty/MCPP/mcpp-2.7.2/test-t/nest10.h,1,1,2
/media/ullmann/HDDGabriel/engines/UnrealEngine/Engine/Source/ThirdParty/GoogleGameSDK/gamesdk/src/swappy/opengl/EGL.cpp,0,1,1
/media/ullmann/HDDGabriel/engines/UnrealEngine/Engine/Source/ThirdParty/GoogleGameSDK/gamesdk/src/swappy/opengl/EGL.h,2,0,2
/media/ullmann/HDDGabriel/engines/UnrealEngine/Engine/Source/ThirdParty/FreeType2/FreeType2-2.4.12/src/raster/ftraster.h,2,0,2
/media/ullmann/HDDGabriel/engines/UnrealEngine/Engine/Source/Runtime/Core/Public/Misc/ScopeRWLock.h,1,0,1
/media/ullmann/HDDGabriel/engines/UnrealEngine/Engine/Source/ThirdParty/llvm/8/include/llvm/BinaryFormat/DynamicTags.def,1,0,1
/media/ullmann/HDDGabriel/engines/UnrealEngine/Engine/Source/Developer/DerivedDataCache/Private/BatchView.h,1,0,1
/media/ullmann/HDDGabriel/engines/UnrealEngine/Engine/Source/ThirdParty/PhysX3/PhysX_3.4/Source/GeomUtils/src/intersection/GuIntersectionCapsuleTriangle.cpp,0,1,1
/media/ullmann/HDDGabriel/engines/UnrealEngine/Engine/Source/ThirdParty/PhysX3/PhysX_3.4/Source/GeomUtils/src/intersection/GuIntersectionCapsuleTriangle.h,1,0,1
/media/ullmann/HDDGabriel/engines/UnrealEngine/Engine/Source/Runtime/Slate/Private/Framework/Docking/STabSidebar.cpp,0,2,2
/media/ullmann/HDDGabriel/engines/UnrealEngine/Engine/Source/ThirdParty/EOSSDK/SDK/Bin/Android/include/eos_logging.h,0,1,1
/media/ullmann/HDDGabriel/engines/UnrealEngine/Engine/Source/ThirdParty/ICU/icu4c-53_1/source/tools/genrb/genrb.c,0,1,1
/media/ullmann/HDDGabriel/engines/UnrealEngine/Engine/Source/Runtime/AudioCaptureImplementations/IOS/AudioCaptureAudioUnit/Private/AudioCaptureAudioUnit.cpp,0,1,1
/media/ullmann/HDDGabriel/engines/UnrealEngine/Engine/Source/ThirdParty/CryptoPP/5.6.2/include/mqv.cpp,0,2,2
/media/ullmann/HDDGabriel/engines/UnrealEngine/Engine/Source/Runtime/Experimental/Chaos/Public/Chaos/PBDRigidsEvolutionGBF.h,2,0,2
/media/ullmann/HDDGabriel/engines/UnrealEngine/Engine/Source/ThirdParty/libcurl/curl-7.55.1/include/Android/ARM64/curl/mprintf.h,0,1,1
/media/ullmann/HDDGabriel/engines/UnrealEngine/Engine/Source/ThirdParty/PhysX3/APEX_1.4/module/clothing/embedded/LowLevelCloth/src/sse2/Simd4f.h,1,0,1
/media/ullmann/HDDGabriel/engines/UnrealEngine/Engine/Source/Runtime/MessagingRpc/Public/IMessageRpcClient.h,0,1,1
/media/ullmann/HDDGabriel/engines/UnrealEngine/Engine/Source/Runtime/MessagingRpc/Public/IMessageRpcCall.h,1,0,1
/media/ullmann/HDDGabriel/engines/UnrealEngine/Engine/Source/Runtime/ApplicationCore/Private/Windows/XInputInterface.cpp,0,1,1
/media/ullmann/HDDGabriel/engines/UnrealEngine/Engine/Source/ThirdParty/OpenSubdiv/OpenSubdiv-3.4.4/regression/shapes/catmark_cube_corner0.h,2,0,2
/media/ullmann/HDDGabriel/engines/UnrealEngine/Engine/Source/ThirdParty/PhysX3/PxShared/src/pvd/src/PxPvd.cpp,0,1,1
/media/ullmann/HDDGabriel/engines/UnrealEngine/Engine/Source/ThirdParty/FreeType2/FreeType2-2.10.4/src/pcf/pcfdrivr.h,1,0,1
/media/ullmann/HDDGabriel/engines/UnrealEngine/Engine/Source/ThirdParty/rpclib/Source/include/rpc/msgpack/adaptor/boost/string_ref.hpp,1,0,1
/media/ullmann/HDDGabriel/engines/UnrealEngine/Engine/Source/ThirdParty/libPNG/libPNG-1.5.2/pnglibconf.h,1,0,1
/media/ullmann/HDDGabriel/engines/UnrealEngine/Engine/Source/Runtime/Core/Public/Containers/Deque.h,0,1,1
/media/ullmann/HDDGabriel/engines/UnrealEngine/Engine/Source/Runtime/Core/Public/Containers/IteratorAdapter.h,1,0,1
/media/ullmann/HDDGabriel/engines/UnrealEngine/Engine/Source/ThirdParty/Distorm/src/insts.c,0,3,3
/media/ullmann/HDDGabriel/engines/UnrealEngine/Engine/Source/Editor/UnrealEd/Public/SSkeletonWidget.h,0,3,3
/media/ullmann/HDDGabriel/engines/UnrealEngine/Engine/Source/Editor/VREditor/VRScoutingInteractor.cpp,0,2,2
/media/ullmann/HDDGabriel/engines/UnrealEngine/Engine/Source/Developer/AutomationDriver/Private/AutomationDriverModule.cpp,0,3,3
/media/ullmann/HDDGabriel/engines/UnrealEngine/Engine/Source/ThirdParty/libOpus/opus-1.0.3/silk/fixed/find_pitch_lags_FIX.c,0,1,1
/media/ullmann/HDDGabriel/engines/UnrealEngine/Engine/Source/ThirdParty/ShaderConductor/ShaderConductor/External/DirectXShaderCompiler/tools/clang/lib/StaticAnalyzer/Checkers/SimpleStreamChecker.cpp,0,1,1
/media/ullmann/HDDGabriel/engines/UnrealEngine/Engine/Source/Editor/Persona/Private/STrack.cpp,0,1,1
/media/ullmann/HDDGabriel/engines/UnrealEngine/Engine/Source/ThirdParty/Python3/Mac/include/pyframe.h,2,0,2
/media/ullmann/HDDGabriel/engines/UnrealEngine/Engine/Source/ThirdParty/PhysX3/PhysX_3.4/Include/vehicle/PxVehicleUtilTelemetry.h,1,0,1
/media/ullmann/HDDGabriel/engines/UnrealEngine/Engine/Source/Runtime/Foliage/Private/FoliageISMActor.cpp,0,1,1
/media/ullmann/HDDGabriel/engines/UnrealEngine/Engine/Source/ThirdParty/libOpus/opus-1.0.3/celt/entdec.c,0,4,4
/media/ullmann/HDDGabriel/engines/UnrealEngine/Engine/Source/ThirdParty/libOpus/opus-1.1/silk/LP_variable_cutoff.c,0,1,1
/media/ullmann/HDDGabriel/engines/UnrealEngine/Engine/Source/ThirdParty/EOSSDK/SDK/Include/eos_mods.h,0,1,1
/media/ullmann/HDDGabriel/engines/UnrealEngine/Engine/Source/ThirdParty/WebRTC/4147/Include/third_party/opus/src/src/analysis.h,0,2,2
/media/ullmann/HDDGabriel/engines/UnrealEngine/Engine/Source/ThirdParty/WebRTC/4147/Include/third_party/opus/src/src/mlp.h,1,0,1
/media/ullmann/HDDGabriel/engines/UnrealEngine/Engine/Source/Runtime/WebBrowserTexture/Public/WebBrowserTexture.h,0,1,1
/media/ullmann/HDDGabriel/engines/UnrealEngine/Engine/Source/Runtime/WebBrowserTexture/Public/WebBrowserTextureSample.h,2,0,2
/media/ullmann/HDDGabriel/engines/UnrealEngine/Engine/Source/ThirdParty/FreeType2/FreeType2-2.6/Include/ftbitmap.h,0,1,1
/media/ullmann/HDDGabriel/engines/UnrealEngine/Engine/Source/ThirdParty/libOpus/opus-1.1/silk/process_NLSFs.c,0,1,1
/media/ullmann/HDDGabriel/engines/UnrealEngine/Engine/Source/Editor/Kismet/Public/ReplaceNodeReferencesHelper.h,0,1,1
/media/ullmann/HDDGabriel/engines/UnrealEngine/Engine/Source/ThirdParty/AMD/Amf/components/VideoConverter.h,0,2,2
/media/ullmann/HDDGabriel/engines/UnrealEngine/Engine/Source/ThirdParty/ICU/icu4c-53_1/source/common/unicode/normlzr.h,2,0,2
/media/ullmann/HDDGabriel/engines/UnrealEngine/Engine/Source/ThirdParty/OpenVDB/openvdb-8.1.0/openvdb/openvdb/tree/NodeUnion.h,1,0,1
/media/ullmann/HDDGabriel/engines/UnrealEngine/Engine/Source/Runtime/Online/SSL/Private/Android/AndroidPlatformSslCertificateManager.cpp,0,1,1
/media/ullmann/HDDGabriel/engines/UnrealEngine/Engine/Source/ThirdParty/ICU/icu4c-64_1/source/test/intltest/colldata.cpp,0,1,1
/media/ullmann/HDDGabriel/engines/UnrealEngine/Engine/Source/ThirdParty/ICU/icu4c-64_1/source/test/intltest/colldata.h,2,0,2
/media/ullmann/HDDGabriel/engines/UnrealEngine/Engine/Source/ThirdParty/PhysX3/PxShared/src/pvd/src/PxPvdDefaultFileTransport.cpp,0,1,1
/media/ullmann/HDDGabriel/engines/UnrealEngine/Engine/Source/ThirdParty/PhysX3/PxShared/src/pvd/src/PxPvdDefaultFileTransport.h,1,0,1
/media/ullmann/HDDGabriel/engines/UnrealEngine/Engine/Source/Developer/SlackIntegrations/Private/SlackIntegrationsModule.cpp,0,1,1
/media/ullmann/HDDGabriel/engines/UnrealEngine/Engine/Source/Developer/SlackIntegrations/Private/SlackIncomingWebhookInterface.h,2,0,2
/media/ullmann/HDDGabriel/engines/UnrealEngine/Engine/Source/ThirdParty/Intel/Embree/Embree270/src/kernels/xeon/geometry/subdivpatch1_intersector1.cpp,0,1,1
/media/ullmann/HDDGabriel/engines/UnrealEngine/Engine/Source/ThirdParty/ICU/icu4c-64_1/source/tools/toolutil/flagparser.h,1,0,1
/media/ullmann/HDDGabriel/engines/UnrealEngine/Engine/Source/ThirdParty/Intel/TBB/IntelTBB-2019u8/src/test/test_write_once_node.cpp,0,1,1
/media/ullmann/HDDGabriel/engines/UnrealEngine/Engine/Source/ThirdParty/ShaderConductor/ShaderConductor/External/DirectXShaderCompiler/include/llvm/ExecutionEngine/Orc/IRTransformLayer.h,0,1,1
/media/ullmann/HDDGabriel/engines/UnrealEngine/Engine/Source/ThirdParty/ShaderConductor/ShaderConductor/External/DirectXShaderCompiler/tools/clang/lib/Headers/s390intrin.h,0,2,2
/media/ullmann/HDDGabriel/engines/UnrealEngine/Engine/Source/ThirdParty/Perforce/P4Api.Net/p4bridge-unit-test/p4bridge-unit-test.cpp,0,2,2
/media/ullmann/HDDGabriel/engines/UnrealEngine/Engine/Source/ThirdParty/ICU/icu4c-64_1/source/tools/ctestfw/tstdtmod.cpp,0,1,1
/media/ullmann/HDDGabriel/engines/UnrealEngine/Engine/Source/ThirdParty/ICU/icu4c-64_1/source/tools/ctestfw/unicode/tstdtmod.h,1,0,1
/media/ullmann/HDDGabriel/engines/UnrealEngine/Engine/Source/ThirdParty/WebRTC/4147/Include/third_party/libvpx/source/libvpx/video_writer.h,0,1,1
/media/ullmann/HDDGabriel/engines/UnrealEngine/Engine/Source/Editor/Sequencer/Private/SequencerUtilities.cpp,0,3,3
/media/ullmann/HDDGabriel/engines/UnrealEngine/Engine/Source/Developer/LogVisualizer/Private/SVisualLoggerToolbar.cpp,0,3,3
/media/ullmann/HDDGabriel/engines/UnrealEngine/Engine/Source/Editor/StatsViewer/Private/StatsPageManager.cpp,0,1,1
/media/ullmann/HDDGabriel/engines/UnrealEngine/Engine/Source/Editor/MovieSceneTools/Private/TrackEditors/EventTrackEditor.h,1,0,1
/media/ullmann/HDDGabriel/engines/UnrealEngine/Engine/Source/ThirdParty/HarfBuzz/harfbuzz-2.4.0/src/hb-blob.cc,0,2,2
/media/ullmann/HDDGabriel/engines/UnrealEngine/Engine/Source/ThirdParty/FreeType2/FreeType2-2.6/Src/pcf/pcfdrivr.h,1,0,1
/media/ullmann/HDDGabriel/engines/UnrealEngine/Engine/Source/ThirdParty/ICU/icu4c-53_1/source/i18n/measunit.cpp,0,1,1
/media/ullmann/HDDGabriel/engines/UnrealEngine/Engine/Source/Developer/LocalizationService/Public/ILocalizationServiceProvider.h,0,3,3
/media/ullmann/HDDGabriel/engines/UnrealEngine/Engine/Source/Developer/LocalizationService/Public/ILocalizationServiceState.h,1,0,1
/media/ullmann/HDDGabriel/engines/UnrealEngine/Engine/Source/Developer/AutomationController/Private/AutomationDeviceClusterManager.cpp,0,1,1
/media/ullmann/HDDGabriel/engines/UnrealEngine/Engine/Source/Editor/MovieSceneTools/Private/TrackEditors/CameraShakeSourceShakeTrackEditor.h,1,0,1
/media/ullmann/HDDGabriel/engines/UnrealEngine/Engine/Source/ThirdParty/libPNG/libPNG-1.6.37/pngconf.h,1,0,1
/media/ullmann/HDDGabriel/engines/UnrealEngine/Engine/Source/Editor/UnrealEd/Classes/Factories/FbxTextureImportData.h,0,1,1
/media/ullmann/HDDGabriel/engines/UnrealEngine/Engine/Source/Editor/UnrealEd/Classes/Factories/MaterialImportHelpers.h,1,0,1
/media/ullmann/HDDGabriel/engines/UnrealEngine/Engine/Source/ThirdParty/WindowsMixedRealityInterop/MixedRealityInterop/MeshObserver.h,2,0,2
/media/ullmann/HDDGabriel/engines/UnrealEngine/Engine/Source/ThirdParty/libOpus/opus-1.3.1-12/silk/Inlines.h,1,0,1
/media/ullmann/HDDGabriel/engines/UnrealEngine/Engine/Source/Developer/CrashDebugHelper/Private/Windows/WindowsPlatformStackWalkExt.cpp,0,1,1
/media/ullmann/HDDGabriel/engines/UnrealEngine/Engine/Source/ThirdParty/SDL2/SDL-gui-backend/src/core/winrt/SDL_winrtapp_xaml.h,4,0,4
/media/ullmann/HDDGabriel/engines/UnrealEngine/Engine/Source/ThirdParty/PhysX3/APEX_1.4/module/clothing/include/autogen/ClothingPreviewParam.h,1,0,1
/media/ullmann/HDDGabriel/engines/UnrealEngine/Engine/Source/Editor/PinnedCommandList/Private/SPinnedCommandList.cpp,0,2,2
/media/ullmann/HDDGabriel/engines/UnrealEngine/Engine/Source/Editor/PinnedCommandList/Private/PinnedCommandListSettings.h,1,0,1
/media/ullmann/HDDGabriel/engines/UnrealEngine/Engine/Source/ThirdParty/Windows/DirectX/Include/pix.h,0,1,1
/media/ullmann/HDDGabriel/engines/UnrealEngine/Engine/Source/ThirdParty/Windows/DirectX/Include/pix_win.h,1,0,1
/media/ullmann/HDDGabriel/engines/UnrealEngine/Engine/Source/ThirdParty/SDL2/SDL-gui-backend/src/video/windows/SDL_windowsmodes.h,1,1,2
/media/ullmann/HDDGabriel/engines/UnrealEngine/Engine/Source/ThirdParty/SDL2/SDL-gui-backend/src/power/haiku/SDL_syspower.c,0,1,1
/media/ullmann/HDDGabriel/engines/UnrealEngine/Engine/Source/ThirdParty/Steamworks/Steamv151/sdk/public/steam/isteamclient.h,1,1,2
/media/ullmann/HDDGabriel/engines/UnrealEngine/Engine/Source/Editor/DetailCustomizations/Private/LevelSequenceActorDetails.cpp,0,1,1
/media/ullmann/HDDGabriel/engines/UnrealEngine/Engine/Source/Developer/SourceControl/Public/SourceControlAssetDataCache.h,0,2,2
/media/ullmann/HDDGabriel/engines/UnrealEngine/Engine/Source/ThirdParty/ICU/icu4c-64_1/source/layoutex/LXUtilities.cpp,0,1,1
/media/ullmann/HDDGabriel/engines/UnrealEngine/Engine/Source/Runtime/Renderer/Private/ScreenPass.inl,1,0,1
/media/ullmann/HDDGabriel/engines/UnrealEngine/Engine/Source/Editor/StatsViewer/Private/StatsPages/CookerStatsPage.h,1,0,1
/media/ullmann/HDDGabriel/engines/UnrealEngine/Engine/Source/Runtime/Core/Public/Internationalization/TextLocalizationManagerGlobals.h,1,0,1
/media/ullmann/HDDGabriel/engines/UnrealEngine/Engine/Source/ThirdParty/libOpus/opus-1.0.3/celt/laplace.c,0,2,2
/media/ullmann/HDDGabriel/engines/UnrealEngine/Engine/Source/Runtime/Engine/Public/AI/NavDataGenerator.h,2,0,2
/media/ullmann/HDDGabriel/engines/UnrealEngine/Engine/Source/ThirdParty/WebRTC/4147/Include/base/third_party/libevent/event-internal.h,0,2,2
/media/ullmann/HDDGabriel/engines/UnrealEngine/Engine/Source/ThirdParty/WebRTC/4147/Include/base/third_party/libevent/evsignal.h,1,0,1
/media/ullmann/HDDGabriel/engines/UnrealEngine/Engine/Source/ThirdParty/WebRTC/4147/Include/third_party/libvpx/source/libvpx/third_party/libwebm/mkvmuxer/mkvmuxerutil.h,0,1,1
/media/ullmann/HDDGabriel/engines/UnrealEngine/Engine/Source/ThirdParty/WebRTC/4147/Include/third_party/libvpx/source/libvpx/third_party/libwebm/mkvmuxer/mkvmuxertypes.h,1,0,1
/media/ullmann/HDDGabriel/engines/UnrealEngine/Engine/Source/ThirdParty/glslang/glslang/src/glslang_lib/SPIRV/SPVRemapper.h,1,2,3
/media/ullmann/HDDGabriel/engines/UnrealEngine/Engine/Source/Editor/FoliageEdit/Private/FoliageTypeDetails.h,2,0,2
/media/ullmann/HDDGabriel/engines/UnrealEngine/Engine/Source/ThirdParty/libPNG/libPNG-1.6.37/intel/filter_sse2_intrinsics.c,0,1,1
/media/ullmann/HDDGabriel/engines/UnrealEngine/Engine/Source/ThirdParty/HarfBuzz/harfbuzz-1.2.4/src/hb-ucdn/unicodedata_db.h,1,0,1
/media/ullmann/HDDGabriel/engines/UnrealEngine/Engine/Source/Runtime/Engine/Public/SceneViewExtension.h,0,1,1
/media/ullmann/HDDGabriel/engines/UnrealEngine/Engine/Source/ThirdParty/ICU/icu4c-64_1/source/test/intltest/strtest.cpp,0,2,2
/media/ullmann/HDDGabriel/engines/UnrealEngine/Engine/Source/ThirdParty/ICU/icu4c-64_1/source/test/intltest/strtest.h,2,1,3
/media/ullmann/HDDGabriel/engines/UnrealEngine/Engine/Source/Runtime/Engine/Private/Atmosphere/AtmosphericFogComponent.cpp,0,1,1
/media/ullmann/HDDGabriel/engines/UnrealEngine/Engine/Source/ThirdParty/Breakpad/src/third_party/libdisasm/qword.h,3,0,3
/media/ullmann/HDDGabriel/engines/UnrealEngine/Engine/Source/Editor/AnimGraph/Public/AnimGraphNode_CopyBone.h,0,1,1
/media/ullmann/HDDGabriel/engines/UnrealEngine/Engine/Source/ThirdParty/OpenVDB/openvdb-8.1.0/openvdb_houdini/openvdb_houdini/PointUtils.h,2,0,2
/media/ullmann/HDDGabriel/engines/UnrealEngine/Engine/Source/ThirdParty/WebRTC/4147/Include/base/values.h,0,1,1
/media/ullmann/HDDGabriel/engines/UnrealEngine/Engine/Source/ThirdParty/Intel/Embree/Embree3122/MacOSX/include/embree3/rtcore_device.h,3,1,4
/media/ullmann/HDDGabriel/engines/UnrealEngine/Engine/Source/ThirdParty/ShaderConductor/ShaderConductor/External/DirectXShaderCompiler/tools/clang/lib/StaticAnalyzer/Checkers/DivZeroChecker.cpp,0,1,1
/media/ullmann/HDDGabriel/engines/UnrealEngine/Engine/Source/ThirdParty/PhysX3/APEX_1.4/module/destructible_legacy/include/autogen/DestructibleModuleParameters_0p2.h,1,0,1
/media/ullmann/HDDGabriel/engines/UnrealEngine/Engine/Source/ThirdParty/PhysX3/APEX_1.4/module/common_legacy/include/autogen/DebugColorParams_0p0.h,1,0,1
/media/ullmann/HDDGabriel/engines/UnrealEngine/Engine/Source/ThirdParty/NVIDIA/GeForceNOW/include/GfnSdk_SecureLoadLibrary.c,0,1,1
/media/ullmann/HDDGabriel/engines/UnrealEngine/Engine/Source/ThirdParty/libOpus/opus-1.1/silk/float/warped_autocorrelation_FLP.c,0,1,1
/media/ullmann/HDDGabriel/engines/UnrealEngine/Engine/Source/ThirdParty/PhysX3/PhysX_3.4/Include/vehicle/PxVehicleUtilSetup.h,1,0,1
/media/ullmann/HDDGabriel/engines/UnrealEngine/Engine/Source/ThirdParty/ICU/icu4c-64_1/source/test/intltest/encoll.cpp,0,1,1
/media/ullmann/HDDGabriel/engines/UnrealEngine/Engine/Source/ThirdParty/nvTextureTools/nvTextureTools-2.0.8/src/src/nvcore/DefsGnucWin32.h,1,0,1
/media/ullmann/HDDGabriel/engines/UnrealEngine/Engine/Source/ThirdParty/Android/libunwind/libunwind/src/mi/Lset_reg.c,0,1,1
/media/ullmann/HDDGabriel/engines/UnrealEngine/Engine/Source/ThirdParty/Android/libunwind/libunwind/src/mi/Gset_reg.c,1,0,1
/media/ullmann/HDDGabriel/engines/UnrealEngine/Engine/Source/Runtime/Projects/Public/Interfaces/IPluginManager.h,1,0,1
/media/ullmann/HDDGabriel/engines/UnrealEngine/Engine/Source/Developer/DerivedDataCache/Private/DerivedDataBuildJobContext.cpp,0,2,2
/media/ullmann/HDDGabriel/engines/UnrealEngine/Engine/Source/Developer/DerivedDataCache/Private/DerivedDataBuildJobContext.h,2,0,2
/media/ullmann/HDDGabriel/engines/UnrealEngine/Engine/Source/ThirdParty/libstrophe/libstrophe-0.9.3/src/event.c,0,2,2
/media/ullmann/HDDGabriel/engines/UnrealEngine/Engine/Source/ThirdParty/Imath/Imath-3.1.3/src/ImathTest/testBox.h,1,0,1
/media/ullmann/HDDGabriel/engines/UnrealEngine/Engine/Source/ThirdParty/ICU/icu4c-64_1/source/test/letest/SimpleFontInstance.cpp,0,1,1
/media/ullmann/HDDGabriel/engines/UnrealEngine/Engine/Source/ThirdParty/MCPP/mcpp-2.7.2/cpp-test/test-l/nest10.h,1,1,2
/media/ullmann/HDDGabriel/engines/UnrealEngine/Engine/Source/ThirdParty/FreeImage/FreeImage-3.18.0/Source/LibJPEG/jmemnobs.c,0,3,3
/media/ullmann/HDDGabriel/engines/UnrealEngine/Engine/Source/Developer/Windows/LiveCoding/Private/External/LC_EntryPoint.cpp,0,1,1
/media/ullmann/HDDGabriel/engines/UnrealEngine/Engine/Source/Developer/Windows/LiveCoding/Private/External/LC_EntryPoint.h,2,0,2
/media/ullmann/HDDGabriel/engines/UnrealEngine/Engine/Source/ThirdParty/FontConfig/fontconfig-2.13.94/src/fcrange.c,0,1,1
/media/ullmann/HDDGabriel/engines/UnrealEngine/Engine/Source/ThirdParty/FreeImage/FreeImage-3.18.0/Source/LibPNG/pngread.c,0,1,1
/media/ullmann/HDDGabriel/engines/UnrealEngine/Engine/Source/Runtime/RenderCore/Public/PixelShaderUtils.h,0,3,3
/media/ullmann/HDDGabriel/engines/UnrealEngine/Engine/Source/ThirdParty/Vulkan/Include/vulkan/vulkan_xcb.h,1,0,1
/media/ullmann/HDDGabriel/engines/UnrealEngine/Engine/Source/ThirdParty/ShaderConductor/ShaderConductor/External/DirectXShaderCompiler/include/llvm/DebugInfo/PDB/PDBSymbolFuncDebugEnd.h,0,2,2
/media/ullmann/HDDGabriel/engines/UnrealEngine/Engine/Source/ThirdParty/SDL2/SDL-gui-backend/src/video/SDL_blit_N.c,0,2,2
/media/ullmann/HDDGabriel/engines/UnrealEngine/Engine/Source/Editor/LocalizationDashboard/Private/SLocalizationDashboardTargetRow.cpp,0,3,3
/media/ullmann/HDDGabriel/engines/UnrealEngine/Engine/Source/Editor/MovieSceneTools/Private/TrackEditors/FadeTrackEditor.h,1,0,1
/media/ullmann/HDDGabriel/engines/UnrealEngine/Engine/Source/ThirdParty/ICU/icu4c-53_1/source/layout/MirroredCharData.cpp,0,2,2
/media/ullmann/HDDGabriel/engines/UnrealEngine/Engine/Source/ThirdParty/ICU/icu4c-53_1/source/i18n/brktrans.h,2,1,3
/media/ullmann/HDDGabriel/engines/UnrealEngine/Engine/Source/ThirdParty/FBX/2020.2/include/fbxsdk/scene/geometry/fbxcachedeffect.h,1,0,1
/media/ullmann/HDDGabriel/engines/UnrealEngine/Engine/Source/ThirdParty/MCPP/mcpp-2.7.2/test-l/nest105.h,1,1,2
/media/ullmann/HDDGabriel/engines/UnrealEngine/Engine/Source/ThirdParty/ICU/icu4c-64_1/source/i18n/formattedval_iterimpl.cpp,0,1,1
/media/ullmann/HDDGabriel/engines/UnrealEngine/Engine/Source/ThirdParty/HarfBuzz/harfbuzz-1.2.4/src/hb-shaper-list.hh,4,0,4
/media/ullmann/HDDGabriel/engines/UnrealEngine/Engine/Source/ThirdParty/ShaderConductor/ShaderConductor/External/DirectXShaderCompiler/include/llvm/ExecutionEngine/Orc/LazyEmittingLayer.h,0,1,1
/media/ullmann/HDDGabriel/engines/UnrealEngine/Engine/Source/Developer/Windows/LiveCoding/Private/External/LC_FixedSizeString_Windows.cpp,0,1,1
/media/ullmann/HDDGabriel/engines/UnrealEngine/Engine/Source/Editor/UnrealEd/Private/PerformanceMonitor.cpp,0,1,1
/media/ullmann/HDDGabriel/engines/UnrealEngine/Engine/Source/ThirdParty/ShaderConductor/ShaderConductor/External/DirectXShaderCompiler/lib/Support/Memory.cpp,0,2,2
/media/ullmann/HDDGabriel/engines/UnrealEngine/Engine/Source/ThirdParty/ShaderConductor/ShaderConductor/External/DirectXShaderCompiler/lib/Support/Unix/Memory.inc,1,0,1
/media/ullmann/HDDGabriel/engines/UnrealEngine/Engine/Source/Developer/AssetTools/Private/AssetTypeActions/AssetTypeActions_LandscapeLayer.h,1,0,1
/media/ullmann/HDDGabriel/engines/UnrealEngine/Engine/Source/Runtime/SlateCore/Public/Input/Events.h,1,0,1
/media/ullmann/HDDGabriel/engines/UnrealEngine/Engine/Source/Runtime/Online/BuildPatchServices/Private/Installer/InstallChunkSource.h,1,0,1
/media/ullmann/HDDGabriel/engines/UnrealEngine/Engine/Source/ThirdParty/GoogleOboe/Private/opensles/AudioInputStreamOpenSLES.h,1,1,2
/media/ullmann/HDDGabriel/engines/UnrealEngine/Engine/Source/ThirdParty/ICU/icu4c-64_1/source/test/intltest/normconf.cpp,0,1,1
/media/ullmann/HDDGabriel/engines/UnrealEngine/Engine/Source/ThirdParty/libPNG/libPNG-1.5.2/pngtrans.c,0,1,1
/media/ullmann/HDDGabriel/engines/UnrealEngine/Engine/Source/ThirdParty/nvTextureTools/nvTextureTools-2.0.8/src/src/nvtt/tests/filtertest.cpp,0,1,1
/media/ullmann/HDDGabriel/engines/UnrealEngine/Engine/Source/ThirdParty/Intel/TBB/IntelTBB-2019u8/include/tbb/blocked_range2d.h,1,2,3
/media/ullmann/HDDGabriel/engines/UnrealEngine/Engine/Source/ThirdParty/mtlpp/mtlpp-master-7efad47/src/fence.hpp,4,4,8
/media/ullmann/HDDGabriel/engines/UnrealEngine/Engine/Source/ThirdParty/ICU/icu4c-53_1/source/common/unicode/ucnvsel.h,1,0,1
/media/ullmann/HDDGabriel/engines/UnrealEngine/Engine/Source/Editor/Sequencer/Private/SequencerSelectionCurveFilter.h,1,1,2
/media/ullmann/HDDGabriel/engines/UnrealEngine/Engine/Source/ThirdParty/WebRTC/4147/Include/third_party/opus/src/celt/entcode.h,4,1,5
/media/ullmann/HDDGabriel/engines/UnrealEngine/Engine/Source/Runtime/ImageWrapper/Private/Formats/PngImageWrapper.h,2,0,2
/media/ullmann/HDDGabriel/engines/UnrealEngine/Engine/Source/ThirdParty/libOpus/opus-1.1/src/mlp_data.c,0,1,1
/media/ullmann/HDDGabriel/engines/UnrealEngine/Engine/Source/ThirdParty/openexr/openexr-3.1.1/src/lib/OpenEXRCore/part_attr.c,0,5,5
/media/ullmann/HDDGabriel/engines/UnrealEngine/Engine/Source/ThirdParty/ICU/icu4c-64_1/source/i18n/collationbuilder.h,1,2,3
/media/ullmann/HDDGabriel/engines/UnrealEngine/Engine/Source/ThirdParty/PLCrashReporter/PLCrashReporter/Source/PLCrashFrameDWARFUnwind.h,2,2,4
/media/ullmann/HDDGabriel/engines/UnrealEngine/Engine/Source/ThirdParty/SDL2/SDL-gui-backend/src/video/SDL_clipboard.c,0,2,2
/media/ullmann/HDDGabriel/engines/UnrealEngine/Engine/Source/ThirdParty/Alembic/alembic-1.8.2/prman/Procedural/SubDTags.cpp,0,1,1
/media/ullmann/HDDGabriel/engines/UnrealEngine/Engine/Source/ThirdParty/Alembic/alembic-1.8.2/prman/Procedural/SubDTags.h,2,0,2
/media/ullmann/HDDGabriel/engines/UnrealEngine/Engine/Source/ThirdParty/FreeType2/FreeType2-2.4.12/src/sfnt/sfntpic.c,1,2,3
/media/ullmann/HDDGabriel/engines/UnrealEngine/Engine/Source/Runtime/Core/Public/Templates/IsUECoreType.h,2,0,2
/media/ullmann/HDDGabriel/engines/UnrealEngine/Engine/Source/ThirdParty/ICU/icu4c-64_1/source/test/intltest/ucaconf.cpp,0,1,1
/media/ullmann/HDDGabriel/engines/UnrealEngine/Engine/Source/ThirdParty/OpenVDB/openvdb-8.1.0/openvdb/openvdb/tools/GridOperators.h,1,1,2
/media/ullmann/HDDGabriel/engines/UnrealEngine/Engine/Source/ThirdParty/MCPP/mcpp-2.7.2/cpp-test/test-l/nest47.h,1,1,2
/media/ullmann/HDDGabriel/engines/UnrealEngine/Engine/Source/ThirdParty/Intel/ISPCTexComp/ISPC Texture Compressor/main.cpp,0,1,1
/media/ullmann/HDDGabriel/engines/UnrealEngine/Engine/Source/Runtime/Online/HTTP/Private/IXML/HttpIXMLSupport.cpp,0,2,2
/media/ullmann/HDDGabriel/engines/UnrealEngine/Engine/Source/ThirdParty/FreeType2/FreeType2-2.4.12/src/cff/cf2fixed.h,1,0,1
/media/ullmann/HDDGabriel/engines/UnrealEngine/Engine/Source/ThirdParty/Vorbis/libvorbis-1.3.2/lib/lookup_data.h,1,0,1
/media/ullmann/HDDGabriel/engines/UnrealEngine/Engine/Source/ThirdParty/SDL2/SDL-gui-backend/src/core/linux/SDL_evdev_capabilities.c,0,1,1
/media/ullmann/HDDGabriel/engines/UnrealEngine/Engine/Source/Runtime/D3D12RHI/Private/D3D12Shader.h,1,0,1
/media/ullmann/HDDGabriel/engines/UnrealEngine/Engine/Source/ThirdParty/PhysX3/PhysX_3.4/Source/GeomUtils/src/pcm/GuPCMContactCapsuleHeightField.cpp,0,2,2
/media/ullmann/HDDGabriel/engines/UnrealEngine/Engine/Source/ThirdParty/ICU/icu4c-64_1/source/test/perf/howExpensiveIs/sieve.cpp,0,1,1
/media/ullmann/HDDGabriel/engines/UnrealEngine/Engine/Source/Runtime/CrashReportCore/Private/IOS/IOSErrorReport.cpp,0,1,1
/media/ullmann/HDDGabriel/engines/UnrealEngine/Engine/Source/ThirdParty/Intel/Embree/Embree270/src/kernels/common/subdiv/catmullclark_coefficients.cpp,0,1,1
/media/ullmann/HDDGabriel/engines/UnrealEngine/Engine/Source/ThirdParty/nvTextureTools/nvTextureTools-2.0.6/src/src/nvimage/ColorBlock.h,1,0,1
/media/ullmann/HDDGabriel/engines/UnrealEngine/Engine/Source/ThirdParty/ICU/icu4c-64_1/source/i18n/double-conversion-bignum.cpp,0,2,2
/media/ullmann/HDDGabriel/engines/UnrealEngine/Engine/Source/ThirdParty/WebRTC/4147/Include/tools/clang/blink_gc_plugin/tests/ignore_fields.h,0,1,1
/media/ullmann/HDDGabriel/engines/UnrealEngine/Engine/Source/ThirdParty/Intel/ISPC/ispc-1.16.1/examples/cpu/stencil/stencil.cpp,0,1,1
/media/ullmann/HDDGabriel/engines/UnrealEngine/Engine/Source/ThirdParty/FreeType2/FreeType2-2.4.12/src/otvalid/otvbase.c,1,2,3
/media/ullmann/HDDGabriel/engines/UnrealEngine/Engine/Source/ThirdParty/Intel/Embree/Embree2140/MacOSX/include/embree2/rtcore_geometry_user.h,1,0,1
/media/ullmann/HDDGabriel/engines/UnrealEngine/Engine/Source/ThirdParty/Android/libunwind/libunwind/src/ppc32/Lregs.c,0,1,1
/media/ullmann/HDDGabriel/engines/UnrealEngine/Engine/Source/ThirdParty/Android/libunwind/libunwind/src/ppc32/Gregs.c,1,1,2
/media/ullmann/HDDGabriel/engines/UnrealEngine/Engine/Source/Developer/AutomationController/Private/AutomationTelemetry.cpp,0,1,1
/media/ullmann/HDDGabriel/engines/UnrealEngine/Engine/Source/Developer/AutomationController/Private/AutomationTelemetry.h,2,0,2
/media/ullmann/HDDGabriel/engines/UnrealEngine/Engine/Source/Editor/TranslationEditor/Private/CustomFontColumn.cpp,0,1,1
/media/ullmann/HDDGabriel/engines/UnrealEngine/Engine/Source/ThirdParty/EOSSDK/SDK/Include/eos_ecom.h,0,1,1
/media/ullmann/HDDGabriel/engines/UnrealEngine/Engine/Source/ThirdParty/Python3/Mac/include/symtable.h,0,1,1
/media/ullmann/HDDGabriel/engines/UnrealEngine/Engine/Source/ThirdParty/ShaderConductor/ShaderConductor/External/DirectXShaderCompiler/lib/CodeGen/SelectionDAG/ScheduleDAGRRList.cpp,0,1,1
/media/ullmann/HDDGabriel/engines/UnrealEngine/Engine/Source/ThirdParty/libOpus/opus-1.0.3/silk/NLSF_VQ_weights_laroia.c,0,2,2
/media/ullmann/HDDGabriel/engines/UnrealEngine/Engine/Source/ThirdParty/Intel/Embree/Embree270/src/kernels/xeon/bvh4/bvh4_builder_fast.cpp,0,2,2
/media/ullmann/HDDGabriel/engines/UnrealEngine/Engine/Source/ThirdParty/ICU/icu4c-64_1/source/i18n/fpositer.cpp,0,1,1
/media/ullmann/HDDGabriel/engines/UnrealEngine/Engine/Source/Editor/MergeActors/Private/MeshInstancingTool/MeshInstancingTool.h,1,0,1
/media/ullmann/HDDGabriel/engines/UnrealEngine/Engine/Source/Runtime/ApplicationCore/Private/IOS/IOSView.cpp,0,1,1
/media/ullmann/HDDGabriel/engines/UnrealEngine/Engine/Source/ThirdParty/WebRTC/4147/Include/third_party/protobuf/ruby/ext/google/protobuf_c/protobuf.h,0,1,1
/media/ullmann/HDDGabriel/engines/UnrealEngine/Engine/Source/ThirdParty/WebRTC/4147/Include/third_party/protobuf/ruby/ext/google/protobuf_c/upb.h,1,0,1
/media/ullmann/HDDGabriel/engines/UnrealEngine/Engine/Source/Runtime/DeveloperSettings/Public/Engine/DeveloperSettingsBackedByCVars.h,0,1,1
/media/ullmann/HDDGabriel/engines/UnrealEngine/Engine/Source/ThirdParty/Intel/Embree/Embree2140/src/kernels/common/scene_line_segments.cpp,0,2,2
/media/ullmann/HDDGabriel/engines/UnrealEngine/Engine/Source/Runtime/Renderer/Private/MobileReflectionEnvironmentCapture.cpp,0,2,2
/media/ullmann/HDDGabriel/engines/UnrealEngine/Engine/Source/Developer/DeviceManager/Private/Widgets/Browser/SDeviceBrowserDeviceAdder.cpp,0,1,1
/media/ullmann/HDDGabriel/engines/UnrealEngine/Engine/Source/Developer/DeviceManager/Private/Widgets/Browser/SDeviceBrowserDeviceAdder.h,1,0,1
/media/ullmann/HDDGabriel/engines/UnrealEngine/Engine/Source/ThirdParty/PhysX3/PhysX_3.4/Source/LowLevelParticles/include/PtParticleSystemFlags.h,2,0,2
/media/ullmann/HDDGabriel/engines/UnrealEngine/Engine/Source/Editor/AnimGraph/Public/AnimGraphNode_PoseSnapshot.h,0,2,2
/media/ullmann/HDDGabriel/engines/UnrealEngine/Engine/Source/Editor/BlueprintGraph/Classes/K2Node_MakeSet.h,0,1,1
/media/ullmann/HDDGabriel/engines/UnrealEngine/Engine/Source/Runtime/Engine/Public/GeometryCacheVertexFactory.h,0,1,1
/media/ullmann/HDDGabriel/engines/UnrealEngine/Engine/Source/ThirdParty/CryptoPP/5.6.2/include/dll.cpp,0,1,1
/media/ullmann/HDDGabriel/engines/UnrealEngine/Engine/Source/ThirdParty/ICU/icu4c-53_1/source/common/umath.c,0,1,1
/media/ullmann/HDDGabriel/engines/UnrealEngine/Engine/Source/ThirdParty/Android/libunwind/libunwind/src/mi/Ldestroy_addr_space.c,0,1,1
/media/ullmann/HDDGabriel/engines/UnrealEngine/Engine/Source/ThirdParty/Android/libunwind/libunwind/src/mi/Gdestroy_addr_space.c,1,0,1
/media/ullmann/HDDGabriel/engines/UnrealEngine/Engine/Source/Developer/TargetPlatform/Private/SDeviceBrowserDefaultPlatformAddWidget.cpp,0,1,1
/media/ullmann/HDDGabriel/engines/UnrealEngine/Engine/Source/ThirdParty/Intel/Embree/Embree270/src/kernels/common/scene_user_geometry.cpp,0,2,2
/media/ullmann/HDDGabriel/engines/UnrealEngine/Engine/Source/ThirdParty/PhysX3/NvCloth/samples/SampleBase/renderer/RendererShadow.h,2,0,2
/media/ullmann/HDDGabriel/engines/UnrealEngine/Engine/Source/ThirdParty/libSampleRate/Private/src_zoh.cpp,0,2,2
/media/ullmann/HDDGabriel/engines/UnrealEngine/Engine/Source/Runtime/MessagingCommon/Public/MessageEndpoint.h,1,0,1
/media/ullmann/HDDGabriel/engines/UnrealEngine/Engine/Source/Runtime/Online/BuildPatchServices/Private/Core/AsyncHelpers.h,1,0,1
/media/ullmann/HDDGabriel/engines/UnrealEngine/Engine/Source/ThirdParty/SDL2/SDL-gui-backend/src/video/khronos/vulkan/vulkan_xlib.h,1,0,1
/media/ullmann/HDDGabriel/engines/UnrealEngine/Engine/Source/Editor/CurveEditor/Public/CurveEditorSelection.h,1,1,2
/media/ullmann/HDDGabriel/engines/UnrealEngine/Engine/Source/ThirdParty/FreeImage/FreeImage-3.18.0/Source/OpenEXR/IlmImf/ImfChromaticitiesAttribute.cpp,0,1,1
/media/ullmann/HDDGabriel/engines/UnrealEngine/Engine/Source/Developer/Datasmith/DatasmithFacade/Public/DatasmithFacadeMesh.h,0,1,1
/media/ullmann/HDDGabriel/engines/UnrealEngine/Engine/Source/ThirdParty/openexr/openexr-3.1.1/src/test/OpenEXRTest/testBadTypeAttributes.h,1,0,1
/media/ullmann/HDDGabriel/engines/UnrealEngine/Engine/Source/ThirdParty/PhysX3/PhysX_3.4/Source/LowLevelCloth/src/windows/CuSolverKernel.h,1,0,1
/media/ullmann/HDDGabriel/engines/UnrealEngine/Engine/Source/ThirdParty/FreeType2/FreeType2-2.4.12/src/psaux/psobjs.c,1,3,4
/media/ullmann/HDDGabriel/engines/UnrealEngine/Engine/Source/Editor/ContentBrowser/Private/CollectionViewUtils.cpp,0,1,1
/media/ullmann/HDDGabriel/engines/UnrealEngine/Engine/Source/ThirdParty/FreeType2/FreeType2-2.10.4/src/base/ftlcdfil.c,1,0,1
/media/ullmann/HDDGabriel/engines/UnrealEngine/Engine/Source/Runtime/Apple/AGXRHI/Public/AGXFrameAllocator.h,0,1,1
/media/ullmann/HDDGabriel/engines/UnrealEngine/Engine/Source/Runtime/Apple/AGXRHI/Public/AGXRHI.h,1,0,1
/media/ullmann/HDDGabriel/engines/UnrealEngine/Engine/Source/ThirdParty/ShaderConductor/ShaderConductor/External/DirectXShaderCompiler/tools/clang/lib/Headers/__wmmintrin_pclmul.h,1,0,1
/media/ullmann/HDDGabriel/engines/UnrealEngine/Engine/Source/ThirdParty/ShaderConductor/ShaderConductor/External/DirectXShaderCompiler/tools/clang/lib/AST/MicrosoftCXXABI.cpp,0,1,1
/media/ullmann/HDDGabriel/engines/UnrealEngine/Engine/Source/ThirdParty/FreeImage/FreeImage-3.18.0/Source/ZLib/trees.c,0,2,2
/media/ullmann/HDDGabriel/engines/UnrealEngine/Engine/Source/ThirdParty/FreeImage/FreeImage-3.18.0/Source/ZLib/deflate.h,2,1,3
/media/ullmann/HDDGabriel/engines/UnrealEngine/Engine/Source/Runtime/Core/Public/Templates/IsPointer.h,3,0,3
/media/ullmann/HDDGabriel/engines/UnrealEngine/Engine/Source/Editor/AnimGraph/Private/AnimBlueprintPinInfoDetails.h,2,0,2
/media/ullmann/HDDGabriel/engines/UnrealEngine/Engine/Source/ThirdParty/FreeType2/FreeType2-2.4.12/src/autofit/afdummy.c,1,3,4
/media/ullmann/HDDGabriel/engines/UnrealEngine/Engine/Source/Runtime/Core/Public/Containers/SparseArray.h,3,0,3
/media/ullmann/HDDGabriel/engines/UnrealEngine/Engine/Source/ThirdParty/Intel/ISPC/ispc-1.16.1/src/decl.h,2,1,3
/media/ullmann/HDDGabriel/engines/UnrealEngine/Engine/Source/ThirdParty/openexr/openexr-3.1.1/src/lib/OpenEXRCore/string_vector.c,1,2,3
/media/ullmann/HDDGabriel/engines/UnrealEngine/Engine/Source/ThirdParty/mimalloc/src/random.c,1,0,1
/media/ullmann/HDDGabriel/engines/UnrealEngine/Engine/Source/ThirdParty/SDL2/SDL-gui-backend/src/filesystem/emscripten/SDL_sysfilesystem.c,0,1,1
/media/ullmann/HDDGabriel/engines/UnrealEngine/Engine/Source/ThirdParty/CryptoPP/5.6.5/include/gost.h,2,2,4
/media/ullmann/HDDGabriel/engines/UnrealEngine/Engine/Source/ThirdParty/Breakpad/src/google_breakpad/common/minidump_cpu_x86.h,1,0,1
/media/ullmann/HDDGabriel/engines/UnrealEngine/Engine/Source/Runtime/GeometryCore/Private/CompGeom/ExactPredicates.cpp,0,1,1
/media/ullmann/HDDGabriel/engines/UnrealEngine/Engine/Source/Runtime/GeometryCore/Private/CompGeom/ThirdParty/ShewchukPredicatesInterface.h,1,0,1
/media/ullmann/HDDGabriel/engines/UnrealEngine/Engine/Source/ThirdParty/ICU/icu4c-64_1/source/test/cintltst/idnatest.c,0,1,1
/media/ullmann/HDDGabriel/engines/UnrealEngine/Engine/Source/ThirdParty/PhysX3/PhysX_3.4/Source/PhysX/src/buffering/ScbNpDeps.h,4,0,4
/media/ullmann/HDDGabriel/engines/UnrealEngine/Engine/Source/ThirdParty/Intel/TBB/IntelTBB-2019u8/examples/parallel_for/polygon_overlay/polymain.cpp,0,4,4
/media/ullmann/HDDGabriel/engines/UnrealEngine/Engine/Source/Developer/DerivedDataCache/Public/DerivedDataRequest.h,1,0,1
/media/ullmann/HDDGabriel/engines/UnrealEngine/Engine/Source/ThirdParty/GoogleGameSDK/gamesdk/src/swappy/vulkan/SwappyVkGoogleDisplayTiming.cpp,0,1,1
/media/ullmann/HDDGabriel/engines/UnrealEngine/Engine/Source/Runtime/AVEncoder/Private/MicrosoftCommon.cpp,0,1,1
/media/ullmann/HDDGabriel/engines/UnrealEngine/Engine/Source/Runtime/Online/Voice/Public/Interfaces/VoiceCapture.h,1,0,1
/media/ullmann/HDDGabriel/engines/UnrealEngine/Engine/Source/ThirdParty/ICU/icu4c-53_1/source/tools/toolutil/pkg_gencmn.h,1,0,1
/media/ullmann/HDDGabriel/engines/UnrealEngine/Engine/Source/ThirdParty/Intel/TBB/IntelTBB-2019u8/src/tbbmalloc/backend.cpp,1,2,3
/media/ullmann/HDDGabriel/engines/UnrealEngine/Engine/Source/ThirdParty/ShaderConductor/ShaderConductor/External/SPIRV-Tools/source/fuzz/transformation_add_type_matrix.cpp,0,1,1
/media/ullmann/HDDGabriel/engines/UnrealEngine/Engine/Source/ThirdParty/Breakpad/src/third_party/libdisasm/x86_imm.c,0,2,2
/media/ullmann/HDDGabriel/engines/UnrealEngine/Engine/Source/ThirdParty/ICU/icu4c-53_1/source/common/uchar_props_data.h,1,0,1
/media/ullmann/HDDGabriel/engines/UnrealEngine/Engine/Source/ThirdParty/Intel/TBB/IntelTBB-2019u8/include/tbb/memory_pool.h,0,1,1
/media/ullmann/HDDGabriel/engines/UnrealEngine/Engine/Source/ThirdParty/Intel/TBB/IntelTBB-2019u8/include/tbb/scalable_allocator.h,1,0,1
/media/ullmann/HDDGabriel/engines/UnrealEngine/Engine/Source/ThirdParty/ICU/icu4c-53_1/source/i18n/vzone.cpp,0,2,2
/media/ullmann/HDDGabriel/engines/UnrealEngine/Engine/Source/ThirdParty/EOSSDK/SDK/Bin/IOS/EOSSDK.framework/Headers/eos_version.h,0,1,1
/media/ullmann/HDDGabriel/engines/UnrealEngine/Engine/Source/ThirdParty/EOSSDK/SDK/Bin/IOS/EOSSDK.framework/Headers/eos_base.h,2,0,2
/media/ullmann/HDDGabriel/engines/UnrealEngine/Engine/Source/Runtime/VulkanRHI/Private/VulkanTransientResourceAllocator.cpp,0,2,2
/media/ullmann/HDDGabriel/engines/UnrealEngine/Engine/Source/ThirdParty/MCPP/mcpp-2.7.2/cpp-test/test-l/nest89.h,1,1,2
/media/ullmann/HDDGabriel/engines/UnrealEngine/Engine/Source/ThirdParty/ShaderConductor/ShaderConductor/External/DirectXShaderCompiler/include/llvm/Support/ELFRelocs/x86_64.def,1,0,1
/media/ullmann/HDDGabriel/engines/UnrealEngine/Engine/Source/ThirdParty/ICU/icu4c-53_1/source/tools/pkgdata/pkgtypes.c,0,1,1
/media/ullmann/HDDGabriel/engines/UnrealEngine/Engine/Source/ThirdParty/ICU/icu4c-53_1/source/tools/pkgdata/pkgtypes.h,2,0,2
/media/ullmann/HDDGabriel/engines/UnrealEngine/Engine/Source/ThirdParty/Android/libunwind/libunwind/src/mips/Gregs.c,1,1,2
/media/ullmann/HDDGabriel/engines/UnrealEngine/Engine/Source/ThirdParty/ICU/icu4c-64_1/source/i18n/unumsys.cpp,0,2,2
/media/ullmann/HDDGabriel/engines/UnrealEngine/Engine/Source/ThirdParty/ICU/icu4c-64_1/source/i18n/unicode/unumsys.h,1,0,1
/media/ullmann/HDDGabriel/engines/UnrealEngine/Engine/Source/ThirdParty/FBX/2020.2/include/fbxsdk/scene/constraint/fbxcontrolset.h,1,0,1
/media/ullmann/HDDGabriel/engines/UnrealEngine/Engine/Source/ThirdParty/WebRTC/4147/Include/tools/clang/blink_gc_plugin/tests/trace_if_needed.h,0,1,1
/media/ullmann/HDDGabriel/engines/UnrealEngine/Engine/Source/ThirdParty/ShaderConductor/ShaderConductor/External/DirectXShaderCompiler/tools/clang/lib/StaticAnalyzer/Checkers/NSErrorChecker.cpp,0,1,1
/media/ullmann/HDDGabriel/engines/UnrealEngine/Engine/Source/ThirdParty/PhysX3/PhysX_3.4/Include/geometry/PxSimpleTriangleMesh.h,1,0,1
/media/ullmann/HDDGabriel/engines/UnrealEngine/Engine/Source/ThirdParty/Perforce/p4api-2021.2/Include/Mac/p4/clientmerge.h,2,0,2
/media/ullmann/HDDGabriel/engines/UnrealEngine/Engine/Source/Editor/BlueprintGraph/Classes/K2Node_InputAction.h,0,2,2
/media/ullmann/HDDGabriel/engines/UnrealEngine/Engine/Source/Developer/ProjectLauncher/Private/Widgets/Deploy/SProjectLauncherDeployPage.cpp,0,1,1
/media/ullmann/HDDGabriel/engines/UnrealEngine/Engine/Source/Developer/ProjectLauncher/Private/Widgets/Deploy/SProjectLauncherDeployPage.h,1,0,1
/media/ullmann/HDDGabriel/engines/UnrealEngine/Engine/Source/ThirdParty/Breakpad/src/third_party/curl/mprintf.h,0,1,1
/media/ullmann/HDDGabriel/engines/UnrealEngine/Engine/Source/ThirdParty/FreeType2/FreeType2-2.10.4/include/freetype/internal/ftvalid.h,0,1,1
/media/ullmann/HDDGabriel/engines/UnrealEngine/Engine/Source/Developer/SlateFontDialog/Public/SlateFontDialogModule.h,0,1,1
/media/ullmann/HDDGabriel/engines/UnrealEngine/Engine/Source/Developer/SlateFontDialog/Public/ISlateFontDialogModule.h,1,0,1
/media/ullmann/HDDGabriel/engines/UnrealEngine/Engine/Source/Editor/FoliageEdit/Private/FoliagePaletteItem.cpp,0,1,1
/media/ullmann/HDDGabriel/engines/UnrealEngine/Engine/Source/Editor/UnrealEd/Private/Dialogs/DialogsPrivate.h,1,0,1
/media/ullmann/HDDGabriel/engines/UnrealEngine/Engine/Source/Editor/WorldPartitionEditor/Public/WorldPartition/SWorldPartitionEditorGridSpatialHash.h,0,1,1
/media/ullmann/HDDGabriel/engines/UnrealEngine/Engine/Source/Editor/WorldPartitionEditor/Public/WorldPartition/SWorldPartitionEditorGrid2D.h,1,1,2
/media/ullmann/HDDGabriel/engines/UnrealEngine/Engine/Source/Developer/ProjectLauncher/Private/Widgets/Launch/SProjectLauncherLaunchPage.cpp,0,1,1
/media/ullmann/HDDGabriel/engines/UnrealEngine/Engine/Source/Developer/ProjectLauncher/Private/Widgets/Launch/SProjectLauncherLaunchPage.h,1,0,1
/media/ullmann/HDDGabriel/engines/UnrealEngine/Engine/Source/Runtime/CoreUObject/Public/UObject/LazyObjectPtr.h,1,0,1
/media/ullmann/HDDGabriel/engines/UnrealEngine/Engine/Source/ThirdParty/Intel/Embree/Embree270/src/common/simd/sse.cpp,0,1,1
/media/ullmann/HDDGabriel/engines/UnrealEngine/Engine/Source/ThirdParty/ShaderConductor/ShaderConductor/External/DirectXShaderCompiler/lib/CodeGen/AsmPrinter/DwarfExpression.cpp,0,2,2
/media/ullmann/HDDGabriel/engines/UnrealEngine/Engine/Source/ThirdParty/ICU/icu4c-53_1/source/common/servnotf.cpp,0,2,2
/media/ullmann/HDDGabriel/engines/UnrealEngine/Engine/Source/Runtime/Core/Public/Containers/ContainerAllocationPolicies.h,3,0,3
/media/ullmann/HDDGabriel/engines/UnrealEngine/Engine/Source/Runtime/Engine/Private/VectorField.cpp,0,2,2
/media/ullmann/HDDGabriel/engines/UnrealEngine/Engine/Source/ThirdParty/FreeImage/FreeImage-3.18.0/Wrapper/FreeImagePlus/test/fipTest.cpp,0,1,1
/media/ullmann/HDDGabriel/engines/UnrealEngine/Engine/Source/ThirdParty/Boost/boost-1_70_0/include/boost/tti/has_data.hpp,1,0,1
/media/ullmann/HDDGabriel/engines/UnrealEngine/Engine/Source/ThirdParty/Intel/TBB/IntelTBB-2019u8/include/tbb/internal/_flow_graph_cache_impl.h,1,0,1
/media/ullmann/HDDGabriel/engines/UnrealEngine/Engine/Source/ThirdParty/libOpus/opus-1.3.1-12/silk/x86/SigProc_FIX_sse.h,1,0,1
/media/ullmann/HDDGabriel/engines/UnrealEngine/Engine/Source/ThirdParty/Android/libunwind/libunwind/src/ppc/Lis_signal_frame.c,0,1,1
/media/ullmann/HDDGabriel/engines/UnrealEngine/Engine/Source/ThirdParty/Android/libunwind/libunwind/src/ppc/Gis_signal_frame.c,1,0,1
/media/ullmann/HDDGabriel/engines/UnrealEngine/Engine/Source/ThirdParty/HarfBuzz/harfbuzz-2.4.0/src/hb-ot-map.hh,2,0,2
/media/ullmann/HDDGabriel/engines/UnrealEngine/Engine/Source/ThirdParty/libOpus/opus-1.1/silk/resampler_down2.c,0,2,2
/media/ullmann/HDDGabriel/engines/UnrealEngine/Engine/Source/Editor/SequenceRecorder/Private/SSequenceRecorder.h,3,0,3
/media/ullmann/HDDGabriel/engines/UnrealEngine/Engine/Source/ThirdParty/WebRTC/4147/Include/third_party/libvpx/source/libvpx/vp8/common/alloccommon.h,0,1,1
/media/ullmann/HDDGabriel/engines/UnrealEngine/Engine/Source/ThirdParty/SDL2/SDL-gui-backend/include/SDL_config_emscripten.h,1,1,2
/media/ullmann/HDDGabriel/engines/UnrealEngine/Engine/Source/Developer/Android/AndroidDeviceDetection/Public/Interfaces/IAndroidDeviceDetection.h,1,0,1
/media/ullmann/HDDGabriel/engines/UnrealEngine/Engine/Source/Editor/UnrealEd/Private/EditorExporters.cpp,0,1,1
/media/ullmann/HDDGabriel/engines/UnrealEngine/Engine/Source/ThirdParty/PhysX3/PhysX_3.4/Source/PhysXCharacterKinematic/src/CctSweptBox.h,2,1,3
/media/ullmann/HDDGabriel/engines/UnrealEngine/Engine/Source/ThirdParty/Alembic/alembic-1.8.2/maya/AbcImport/AlembicImportFileTranslator.h,2,0,2
/media/ullmann/HDDGabriel/engines/UnrealEngine/Engine/Source/ThirdParty/FreeType2/FreeType2-2.6/Src/pfr/pfrload.c,1,2,3
/media/ullmann/HDDGabriel/engines/UnrealEngine/Engine/Source/ThirdParty/PhysX3/APEX_1.4/module/framework_legacy/include/autogen/SubmeshParameters_0p0.h,1,0,1
/media/ullmann/HDDGabriel/engines/UnrealEngine/Engine/Source/ThirdParty/FreeImage/FreeImage-3.18.0/Source/LibJPEG/rdswitch.c,0,1,1
/media/ullmann/HDDGabriel/engines/UnrealEngine/Engine/Source/Editor/AudioEditor/Private/AssetTypeActions/AssetTypeActions_SoundSubmix.cpp,0,1,1
/media/ullmann/HDDGabriel/engines/UnrealEngine/Engine/Source/Editor/AudioEditor/Private/AssetTypeActions/AssetTypeActions_SoundSubmix.h,2,0,2
/media/ullmann/HDDGabriel/engines/UnrealEngine/Engine/Source/ThirdParty/Python3/Linux/include/python3.9/pythread.h,1,0,1
/media/ullmann/HDDGabriel/engines/UnrealEngine/Engine/Source/ThirdParty/ShaderConductor/ShaderConductor/External/DirectXShaderCompiler/lib/Support/regcname.h,1,0,1
/media/ullmann/HDDGabriel/engines/UnrealEngine/Engine/Source/ThirdParty/WebRTC/4147/Include/third_party/libvpx/source/libvpx/vp8/encoder/encodeintra.h,0,1,1
/media/ullmann/HDDGabriel/engines/UnrealEngine/Engine/Source/Editor/BlueprintGraph/Classes/BlueprintNodeBinder.h,2,0,2
/media/ullmann/HDDGabriel/engines/UnrealEngine/Engine/Source/ThirdParty/HarfBuzz/harfbuzz-1.2.4/src/hb-ot-maxp-table.hh,2,0,2
/media/ullmann/HDDGabriel/engines/UnrealEngine/Engine/Source/Runtime/GameplayTags/Classes/GameplayTagAssetInterface.h,1,1,2
/media/ullmann/HDDGabriel/engines/UnrealEngine/Engine/Source/ThirdParty/PhysX3/APEX_1.4/framework/include/ApexInteropableBuffer.h,1,0,1
/media/ullmann/HDDGabriel/engines/UnrealEngine/Engine/Source/ThirdParty/FreeType2/FreeType2-2.10.0/src/cid/cidriver.c,1,3,4
/media/ullmann/HDDGabriel/engines/UnrealEngine/Engine/Source/ThirdParty/libOpus/opus-1.0.3/celt/opus_custom_demo.c,0,1,1
/media/ullmann/HDDGabriel/engines/UnrealEngine/Engine/Source/Editor/TranslationEditor/Private/ITranslationEditor.cpp,0,1,1
/media/ullmann/HDDGabriel/engines/UnrealEngine/Engine/Source/ThirdParty/Imath/Imath-3.1.3/src/python/PyImath/PyImathFunOperators.h,1,0,1
/media/ullmann/HDDGabriel/engines/UnrealEngine/Engine/Source/Runtime/UMG/Public/Components/ListView.h,3,0,3
/media/ullmann/HDDGabriel/engines/UnrealEngine/Engine/Source/Editor/StructViewer/Private/StructViewerNode.h,2,0,2
/media/ullmann/HDDGabriel/engines/UnrealEngine/Engine/Source/Runtime/SlateCore/Public/Widgets/SUserWidget.h,1,0,1
/media/ullmann/HDDGabriel/engines/UnrealEngine/Engine/Source/Runtime/GeometryCore/Public/Distance/DistTriangle3Triangle3.h,0,2,2
/media/ullmann/HDDGabriel/engines/UnrealEngine/Engine/Source/Editor/StructViewer/Private/StructViewerNode.cpp,0,1,1
/media/ullmann/HDDGabriel/engines/UnrealEngine/Engine/Source/ThirdParty/ICU/icu4c-64_1/source/i18n/number_compact.cpp,0,2,2
/media/ullmann/HDDGabriel/engines/UnrealEngine/Engine/Source/ThirdParty/libOpus/opus-1.3.1-12/silk/process_NLSFs.c,0,1,1
/media/ullmann/HDDGabriel/engines/UnrealEngine/Engine/Source/ThirdParty/ICU/icu4c-53_1/source/common/unicode/uenum.h,4,0,4
/media/ullmann/HDDGabriel/engines/UnrealEngine/Engine/Source/Editor/LevelEditor/Private/SCaptureRegionWidget.cpp,0,1,1
/media/ullmann/HDDGabriel/engines/UnrealEngine/Engine/Source/Runtime/Windows/D3D11RHI/Private/D3D11Shaders.cpp,0,1,1
/media/ullmann/HDDGabriel/engines/UnrealEngine/Engine/Source/ThirdParty/MCPP/mcpp-2.7.2/test-l/nest117.h,1,1,2
/media/ullmann/HDDGabriel/engines/UnrealEngine/Engine/Source/ThirdParty/Expat/expat-2.2.10/xmlwf/win32filemap.c,0,1,1
/media/ullmann/HDDGabriel/engines/UnrealEngine/Engine/Source/Editor/ClothPainter/Private/ClothMeshAdapter.cpp,0,1,1
/media/ullmann/HDDGabriel/engines/UnrealEngine/Engine/Source/ThirdParty/Expat/expat-2.2.10/lib/nametab.h,1,0,1
/media/ullmann/HDDGabriel/engines/UnrealEngine/Engine/Source/ThirdParty/PhysX3/APEX_1.4/module/destructible_legacy/include/autogen/MeshCookedCollisionStream_0p0.h,1,0,1
/media/ullmann/HDDGabriel/engines/UnrealEngine/Engine/Source/ThirdParty/FreeType2/FreeType2-2.6/Src/smooth/ftsmooth.h,1,0,1
/media/ullmann/HDDGabriel/engines/UnrealEngine/Engine/Source/ThirdParty/Crunch/include/dds_defs.h,0,1,1
/media/ullmann/HDDGabriel/engines/UnrealEngine/Engine/Source/ThirdParty/ICU/icu4c-64_1/source/test/cintltst/cgendtst.c,0,1,1
/media/ullmann/HDDGabriel/engines/UnrealEngine/Engine/Source/ThirdParty/OpenSubdiv/OpenSubdiv-3.4.4/opensubdiv/osd/glVertexBuffer.cpp,0,1,1
/media/ullmann/HDDGabriel/engines/UnrealEngine/Engine/Source/Runtime/Slate/Public/Framework/Text/TextLineHighlight.h,3,0,3
/media/ullmann/HDDGabriel/engines/UnrealEngine/Engine/Source/ThirdParty/mtlpp/mtlpp-master-7efad47/examples/04_window.cpp,0,2,2
/media/ullmann/HDDGabriel/engines/UnrealEngine/Engine/Source/ThirdParty/rpclib/Source/include/rpc/msgpack/adaptor/size_equal_only.hpp,1,0,1
/media/ullmann/HDDGabriel/engines/UnrealEngine/Engine/Source/ThirdParty/Intel/Embree/Embree270/src/kernels/xeonphi/geometry/instance_intersector16.cpp,0,1,1
/media/ullmann/HDDGabriel/engines/UnrealEngine/Engine/Source/ThirdParty/FreeImage/FreeImage-3.18.0/Source/LibPNG/pnginfo.h,1,0,1
/media/ullmann/HDDGabriel/engines/UnrealEngine/Engine/Source/ThirdParty/OpenVDB/Deploy/openvdb-8.1.0/include/openvdb/math/Stats.h,0,1,1
/media/ullmann/HDDGabriel/engines/UnrealEngine/Engine/Source/ThirdParty/PhysX3/PhysX_3.4/Source/PhysXExtensions/src/ExtRigidBodyExt.cpp,0,1,1
/media/ullmann/HDDGabriel/engines/UnrealEngine/Engine/Source/ThirdParty/PhysX3/PhysX_3.4/Source/PhysXExtensions/src/ExtInertiaTensor.h,1,0,1
/media/ullmann/HDDGabriel/engines/UnrealEngine/Engine/Source/ThirdParty/PhysX3/PhysX_3.4/Source/SimulationController/src/ScElementInteractionMarker.h,3,1,4
/media/ullmann/HDDGabriel/engines/UnrealEngine/Engine/Source/Developer/AutomationDriver/Public/DriverConfiguration.h,1,0,1
/media/ullmann/HDDGabriel/engines/UnrealEngine/Engine/Source/Developer/AssetTools/Private/AssetTypeActions/AssetTypeActions_CurveLinearColorAtlas.h,1,0,1
/media/ullmann/HDDGabriel/engines/UnrealEngine/Engine/Source/ThirdParty/WebRTC/4147/Include/third_party/libvpx/source/config/linux/arm-neon/vpx_scale_rtcd.h,0,1,1
/media/ullmann/HDDGabriel/engines/UnrealEngine/Engine/Source/ThirdParty/Crunch/src/crnlib/crn_types.h,1,0,1
/media/ullmann/HDDGabriel/engines/UnrealEngine/Engine/Source/ThirdParty/ShaderConductor/ShaderConductor/External/DirectXShaderCompiler/tools/clang/unittests/SPIRV/FileTestFixture.cpp,0,2,2
/media/ullmann/HDDGabriel/engines/UnrealEngine/Engine/Source/ThirdParty/Imath/Imath-3.1.3/src/python/PyImath/PyImathAutovectorize.cpp,0,1,1
/media/ullmann/HDDGabriel/engines/UnrealEngine/Engine/Source/Editor/DetailCustomizations/Private/TextureLODSettingsDetails.cpp,0,1,1
/media/ullmann/HDDGabriel/engines/UnrealEngine/Engine/Source/Programs/TextureShare/Samples/ThirdParty/TextureShare_ClientD3D12/TextureShareD3D12Helper.cpp,0,2,2
/media/ullmann/HDDGabriel/engines/UnrealEngine/Engine/Source/ThirdParty/WebRTC/4147/Include/third_party/libjpeg_turbo/jsimd.h,0,1,1
/media/ullmann/HDDGabriel/engines/UnrealEngine/Engine/Source/ThirdParty/WebRTC/4147/Include/third_party/libjpeg_turbo/jchuff.h,1,0,1
/media/ullmann/HDDGabriel/engines/UnrealEngine/Engine/Source/Runtime/Slate/Public/Framework/Commands/UICommandDragDropOp.h,1,0,1
/media/ullmann/HDDGabriel/engines/UnrealEngine/Engine/Source/ThirdParty/FreeImage/FreeImage-3.18.0/Source/OpenEXR/IlmImf/ImfPxr24Compressor.h,2,4,6
/media/ullmann/HDDGabriel/engines/UnrealEngine/Engine/Source/ThirdParty/SDL2/SDL-gui-backend/src/thread/psp/SDL_syssem.c,0,1,1
/media/ullmann/HDDGabriel/engines/UnrealEngine/Engine/Source/Editor/IntroTutorials/Private/STutorialContent.h,3,1,4
/media/ullmann/HDDGabriel/engines/UnrealEngine/Engine/Source/ThirdParty/OpenSubdiv/OpenSubdiv-3.4.4/regression/shapes/catmark_gregory_test7.h,1,0,1
/media/ullmann/HDDGabriel/engines/UnrealEngine/Engine/Source/ThirdParty/FreeType2/FreeType2-2.10.0/src/cff/cffcmap.c,1,3,4
/media/ullmann/HDDGabriel/engines/UnrealEngine/Engine/Source/ThirdParty/Android/libunwind/libunwind/src/coredump/_UPT_resume.c,0,2,2
/media/ullmann/HDDGabriel/engines/UnrealEngine/Engine/Source/ThirdParty/ICU/icu4c-64_1/source/i18n/unicode/reldatefmt.h,2,0,2
/media/ullmann/HDDGabriel/engines/UnrealEngine/Engine/Source/ThirdParty/OpenSubdiv/OpenSubdiv-3.4.4/regression/shapes/catmark_lefthanded.h,1,0,1
/media/ullmann/HDDGabriel/engines/UnrealEngine/Engine/Source/ThirdParty/PhysX3/APEX_1.4/module/destructible/fracture/CompoundGeometry.cpp,0,2,2
/media/ullmann/HDDGabriel/engines/UnrealEngine/Engine/Source/ThirdParty/FontConfig/fontconfig-2.13.94/src/fcmatrix.c,0,1,1
/media/ullmann/HDDGabriel/engines/UnrealEngine/Engine/Source/Runtime/SlateCore/Public/Styling/StyleDefaults.h,1,0,1
/media/ullmann/HDDGabriel/engines/UnrealEngine/Engine/Source/Runtime/Slate/Public/Widgets/Input/SVirtualKeyboardEntry.h,1,0,1
/media/ullmann/HDDGabriel/engines/UnrealEngine/Engine/Source/ThirdParty/ShaderConductor/ShaderConductor/External/DirectXShaderCompiler/lib/IR/LLVMContext.cpp,0,1,1
/media/ullmann/HDDGabriel/engines/UnrealEngine/Engine/Source/ThirdParty/PhysX3/PxShared/src/foundation/externals/src/android/cpu-features.c,0,1,1
/media/ullmann/HDDGabriel/engines/UnrealEngine/Engine/Source/ThirdParty/PhysX3/PxShared/src/foundation/externals/src/android/cpu-features.h,1,0,1
/media/ullmann/HDDGabriel/engines/UnrealEngine/Engine/Source/ThirdParty/Oculus/LibOVRPlatform/LibOVRPlatform/include/OVR_AchievementUpdate.h,2,1,3
/media/ullmann/HDDGabriel/engines/UnrealEngine/Engine/Source/ThirdParty/FBX/2020.2/include/fbxsdk/core/fbxproperty.h,1,0,1
/media/ullmann/HDDGabriel/engines/UnrealEngine/Engine/Source/ThirdParty/ICU/icu4c-64_1/source/test/cintltst/creststn.c,0,2,2
/media/ullmann/HDDGabriel/engines/UnrealEngine/Engine/Source/ThirdParty/libstrophe/libstrophe-0.9.3/strophepp.h,0,1,1
/media/ullmann/HDDGabriel/engines/UnrealEngine/Engine/Source/ThirdParty/libstrophe/libstrophe-0.9.3/strophe.h,1,0,1
/media/ullmann/HDDGabriel/engines/UnrealEngine/Engine/Source/Programs/TextureShare/Samples/ThirdParty/TextureShare_ClientD3D12/D3D12HelloTexture.cpp,0,3,3
/media/ullmann/HDDGabriel/engines/UnrealEngine/Engine/Source/Editor/SkeletonEditor/Public/ISkeletonTreeBuilder.h,1,0,1
/media/ullmann/HDDGabriel/engines/UnrealEngine/Engine/Source/ThirdParty/Python3/Win64/include/internal/pycore_context.h,0,1,1
/media/ullmann/HDDGabriel/engines/UnrealEngine/Engine/Source/ThirdParty/Python3/Win64/include/internal/pycore_hamt.h,1,0,1
/media/ullmann/HDDGabriel/engines/UnrealEngine/Engine/Source/ThirdParty/ICU/icu4c-64_1/source/test/intltest/winnmtst.cpp,0,3,3
/media/ullmann/HDDGabriel/engines/UnrealEngine/Engine/Source/ThirdParty/ICU/icu4c-53_1/source/i18n/fpositer.cpp,0,1,1
/media/ullmann/HDDGabriel/engines/UnrealEngine/Engine/Source/ThirdParty/ICU/icu4c-53_1/source/i18n/unicode/fpositer.h,2,0,2
/media/ullmann/HDDGabriel/engines/UnrealEngine/Engine/Source/ThirdParty/SDL2/SDL-gui-backend/src/video/vita/SDL_vitagl_pvr_c.h,1,1,2
/media/ullmann/HDDGabriel/engines/UnrealEngine/Engine/Source/Runtime/Experimental/Chaos/Public/Chaos/PerParticlePBDGroundConstraint.h,0,1,1
/media/ullmann/HDDGabriel/engines/UnrealEngine/Engine/Source/Runtime/Experimental/Chaos/Public/Chaos/PerParticleRule.h,1,0,1
/media/ullmann/HDDGabriel/engines/UnrealEngine/Engine/Source/ThirdParty/ShaderConductor/ShaderConductor/External/DirectXShaderCompiler/tools/clang/lib/CodeGen/CGDeclCXX.cpp,0,4,4
/media/ullmann/HDDGabriel/engines/UnrealEngine/Engine/Source/ThirdParty/libOpus/opus-1.1/silk/resampler_private_up2_HQ.c,0,2,2
/media/ullmann/HDDGabriel/engines/UnrealEngine/Engine/Source/ThirdParty/ICU/icu4c-64_1/source/test/intltest/usettest.cpp,0,1,1
/media/ullmann/HDDGabriel/engines/UnrealEngine/Engine/Source/ThirdParty/ICU/icu4c-64_1/source/test/intltest/usettest.h,2,1,3
/media/ullmann/HDDGabriel/engines/UnrealEngine/Engine/Source/ThirdParty/MCPP/mcpp-2.7.2/test-c/unbal3.h,2,0,2
/media/ullmann/HDDGabriel/engines/UnrealEngine/Engine/Source/Editor/Persona/Private/SMorphTargetViewer.cpp,0,1,1
/media/ullmann/HDDGabriel/engines/UnrealEngine/Engine/Source/ThirdParty/ICU/icu4c-53_1/source/common/messageimpl.h,1,2,3
/media/ullmann/HDDGabriel/engines/UnrealEngine/Engine/Source/Editor/AnimGraph/Private/AnimBlueprintCompilationContext.h,3,0,3
/media/ullmann/HDDGabriel/engines/UnrealEngine/Engine/Source/Runtime/Apple/MetalRHI/Private/MetalRHIStagingBuffer.h,3,0,3
/media/ullmann/HDDGabriel/engines/UnrealEngine/Engine/Source/Developer/LocalizationService/Private/LocalizationServiceModule.h,1,2,3
/media/ullmann/HDDGabriel/engines/UnrealEngine/Engine/Source/Runtime/Apple/MetalRHI/Private/Shaders/MetalCompiledShaderCache.cpp,0,2,2
/media/ullmann/HDDGabriel/engines/UnrealEngine/Engine/Source/Developer/TraceInsights/Private/Insights/Widgets/SAsyncOperationStatus.cpp,0,1,1
/media/ullmann/HDDGabriel/engines/UnrealEngine/Engine/Source/Developer/TraceInsights/Private/Insights/Widgets/SAsyncOperationStatus.h,1,0,1
/media/ullmann/HDDGabriel/engines/UnrealEngine/Engine/Source/Developer/HoloLens/HoloLensPlatformEditor/Private/HoloLensLocalizedResourcesCustomization.h,3,0,3
/media/ullmann/HDDGabriel/engines/UnrealEngine/Engine/Source/ThirdParty/Crunch/src/crnlib/crn_dynamic_string.cpp,0,2,2
/media/ullmann/HDDGabriel/engines/UnrealEngine/Engine/Source/ThirdParty/FreeImage/FreeImage-3.18.0/Source/Metadata/TagLib.cpp,0,1,1
/media/ullmann/HDDGabriel/engines/UnrealEngine/Engine/Source/ThirdParty/WebRTC/4147/Include/third_party/libjpeg_turbo/jpeglibmangler.h,1,0,1
/media/ullmann/HDDGabriel/engines/UnrealEngine/Engine/Source/ThirdParty/Perforce/p4api-2021.2/Include/Win64/VS2015/p4/strdict.h,1,0,1
/media/ullmann/HDDGabriel/engines/UnrealEngine/Engine/Source/Runtime/Engine/Private/DataTable.cpp,0,2,2
/media/ullmann/HDDGabriel/engines/UnrealEngine/Engine/Source/ThirdParty/Alembic/alembic-1.8.2/python/PyAlembic/PyAbcTypes.cpp,0,1,1
/media/ullmann/HDDGabriel/engines/UnrealEngine/Engine/Source/Editor/WorldBrowser/Private/SWorldDetails.cpp,0,2,2
/media/ullmann/HDDGabriel/engines/UnrealEngine/Engine/Source/Editor/DeviceProfileEditor/Private/SDeviceProfileSelectionPanel.h,2,0,2
/media/ullmann/HDDGabriel/engines/UnrealEngine/Engine/Source/Runtime/NVidia/GeForceNOW/Private/GeForceNOWWrapper.cpp,0,1,1
/media/ullmann/HDDGabriel/engines/UnrealEngine/Engine/Source/Programs/UnrealLightmass/Private/Lighting/Embree.h,2,1,3
/media/ullmann/HDDGabriel/engines/UnrealEngine/Engine/Source/Developer/TraceInsights/Private/Insights/Table/ViewModels/TableCellValueSorter.cpp,0,1,1
/media/ullmann/HDDGabriel/engines/UnrealEngine/Engine/Source/Developer/TraceInsights/Private/Insights/Table/ViewModels/TableCellValueSorter.h,1,0,1
/media/ullmann/HDDGabriel/engines/UnrealEngine/Engine/Source/ThirdParty/PhysX3/PhysX_3.4/Source/LowLevel/API/include/PxvManager.h,0,2,2
/media/ullmann/HDDGabriel/engines/UnrealEngine/Engine/Source/ThirdParty/PhysX3/APEX_1.4/module/framework_legacy/include/autogen/BufferF32x2_0p0.h,1,0,1
/media/ullmann/HDDGabriel/engines/UnrealEngine/Engine/Source/ThirdParty/libOpus/opus-1.3.1-12/silk/encode_pulses.c,0,1,1
/media/ullmann/HDDGabriel/engines/UnrealEngine/Engine/Source/Editor/BlueprintGraph/Classes/BlueprintBoundNodeSpawner.h,0,1,1
/media/ullmann/HDDGabriel/engines/UnrealEngine/Engine/Source/Programs/UnrealLightmass/Private/Lighting/BuildOptions.h,1,0,1
/media/ullmann/HDDGabriel/engines/UnrealEngine/Engine/Source/Runtime/Online/WebSockets/Private/HoloLens/HoloLensWebSocketsManager.cpp,0,1,1
/media/ullmann/HDDGabriel/engines/UnrealEngine/Engine/Source/ThirdParty/ShaderConductor/ShaderConductor/External/cxxopts/test/main.cpp,0,1,1
/media/ullmann/HDDGabriel/engines/UnrealEngine/Engine/Source/ThirdParty/ShaderConductor/ShaderConductor/External/cxxopts/test/catch.hpp,2,0,2
/media/ullmann/HDDGabriel/engines/UnrealEngine/Engine/Source/ThirdParty/Intel/ISPC/ispc-1.17.0/benchmarks/01_trivial/02_soaaos.cpp,0,1,1
/media/ullmann/HDDGabriel/engines/UnrealEngine/Engine/Source/ThirdParty/nvTextureTools/nvTextureTools-2.0.8/src/src/nvtt/OutputOptions.cpp,0,1,1
/media/ullmann/HDDGabriel/engines/UnrealEngine/Engine/Source/Programs/TextureShare/TextureShareSDK/Public/TextureShareContainers.h,1,0,1
/media/ullmann/HDDGabriel/engines/UnrealEngine/Engine/Source/ThirdParty/Python3/Linux/include/python3.9/internal/pycore_condvar.h,1,0,1
/media/ullmann/HDDGabriel/engines/UnrealEngine/Engine/Source/ThirdParty/FreeImage/FreeImage-3.18.0/Source/LibOpenJPEG/t1_generate_luts.c,0,1,1
/media/ullmann/HDDGabriel/engines/UnrealEngine/Engine/Source/ThirdParty/WebRTC/4147/Include/third_party/libvpx/source/config/linux/mipsel/vp8_rtcd.h,0,1,1
/media/ullmann/HDDGabriel/engines/UnrealEngine/Engine/Source/ThirdParty/hlslcc/hlslcc/src/hlslcc_lib/glsl_symbol_table.cpp,0,2,2
/media/ullmann/HDDGabriel/engines/UnrealEngine/Engine/Source/ThirdParty/HarfBuzz/harfbuzz-2.4.0/src/hb-font.hh,5,0,5
/media/ullmann/HDDGabriel/engines/UnrealEngine/Engine/Source/Runtime/SessionServices/Public/ISessionInstanceInfo.h,2,0,2
/media/ullmann/HDDGabriel/engines/UnrealEngine/Engine/Source/Editor/AnimationBlueprintEditor/Private/AnimationBlueprintTemplateEditorMode.cpp,0,1,1
/media/ullmann/HDDGabriel/engines/UnrealEngine/Engine/Source/Runtime/Renderer/Private/SceneHitProxyRendering.h,4,0,4
/media/ullmann/HDDGabriel/engines/UnrealEngine/Engine/Source/ThirdParty/PhysX3/APEX_1.4/framework/src/ApexSDKImpl.cpp,0,1,1
/media/ullmann/HDDGabriel/engines/UnrealEngine/Engine/Source/ThirdParty/PhysX3/PhysX_3.4/Source/LowLevelCloth/include/Solver.h,0,1,1
/media/ullmann/HDDGabriel/engines/UnrealEngine/Engine/Source/ThirdParty/PhysX3/PhysX_3.4/Source/GeomUtils/src/sweep/GuSweepSphereCapsule.h,1,0,1
/media/ullmann/HDDGabriel/engines/UnrealEngine/Engine/Source/ThirdParty/MCPP/mcpp-2.7.2/test-l/nest93.h,1,1,2
/media/ullmann/HDDGabriel/engines/UnrealEngine/Engine/Source/ThirdParty/MCPP/mcpp-2.7.2/test-l/nest94.h,1,1,2
/media/ullmann/HDDGabriel/engines/UnrealEngine/Engine/Source/ThirdParty/Python3/Win64/include/internal/pycore_gc.h,2,0,2
/media/ullmann/HDDGabriel/engines/UnrealEngine/Engine/Source/Editor/SequenceRecorder/Public/ISequenceRecorder.h,0,1,1
/media/ullmann/HDDGabriel/engines/UnrealEngine/Engine/Source/Editor/SequenceRecorder/Public/SequenceRecorderActorGroup.h,1,0,1
/media/ullmann/HDDGabriel/engines/UnrealEngine/Engine/Source/Runtime/Engine/Private/EngineSessionManager.cpp,0,1,1
/media/ullmann/HDDGabriel/engines/UnrealEngine/Engine/Source/Editor/Persona/Private/SAnimMontageScrubPanel.cpp,0,1,1
/media/ullmann/HDDGabriel/engines/UnrealEngine/Engine/Source/Runtime/MoviePlayer/Private/NullMoviePlayer.cpp,0,1,1
/media/ullmann/HDDGabriel/engines/UnrealEngine/Engine/Source/Programs/HeadlessChaos/Private/HeadlessChaosTestJointForces.cpp,0,1,1
/media/ullmann/HDDGabriel/engines/UnrealEngine/Engine/Source/ThirdParty/OpenVDB/openvdb-8.1.0/openvdb/openvdb/unittest/TestTreeCombine.cc,0,1,1
/media/ullmann/HDDGabriel/engines/UnrealEngine/Engine/Source/Editor/SkeletalMeshEditor/Private/SkeletalMeshEditor.cpp,0,4,4
/media/ullmann/HDDGabriel/engines/UnrealEngine/Engine/Source/Runtime/Core/Public/Containers/StaticArray.h,2,0,2
/media/ullmann/HDDGabriel/engines/UnrealEngine/Engine/Source/Runtime/Projects/Public/PluginManifest.h,0,1,1
/media/ullmann/HDDGabriel/engines/UnrealEngine/Engine/Source/Editor/GameProjectGeneration/Public/GameProjectUtils.h,0,2,2
/media/ullmann/HDDGabriel/engines/UnrealEngine/Engine/Source/Editor/GameProjectGeneration/Public/AddToProjectConfig.h,2,0,2
/media/ullmann/HDDGabriel/engines/UnrealEngine/Engine/Source/Runtime/Apple/MetalRHI/Private/Shaders/Types/Templates/MetalBaseShader.h,4,0,4
/media/ullmann/HDDGabriel/engines/UnrealEngine/Engine/Source/Programs/UnrealLightmass/Private/ImportExport/LightmassSwarm.cpp,0,1,1
/media/ullmann/HDDGabriel/engines/UnrealEngine/Engine/Source/ThirdParty/FreeType2/FreeType2-2.10.0/src/psaux/psblues.h,2,1,3
/media/ullmann/HDDGabriel/engines/UnrealEngine/Engine/Source/Editor/Persona/Private/SAnimCompositePanel.cpp,0,3,3
/media/ullmann/HDDGabriel/engines/UnrealEngine/Engine/Source/Editor/SequenceRecorder/Private/SequenceRecorderCommands.cpp,0,1,1
/media/ullmann/HDDGabriel/engines/UnrealEngine/Engine/Source/ThirdParty/GoogleGameSDK/gamesdk/src/device_info/core/basic_texture_renderer.cpp,0,1,1
/media/ullmann/HDDGabriel/engines/UnrealEngine/Engine/Source/ThirdParty/GoogleGameSDK/gamesdk/src/device_info/core/basic_texture_renderer.h,2,0,2
/media/ullmann/HDDGabriel/engines/UnrealEngine/Engine/Source/ThirdParty/SDL2/SDL-gui-backend/src/video/windows/SDL_windowstaskdialog.h,1,0,1
/media/ullmann/HDDGabriel/engines/UnrealEngine/Engine/Source/ThirdParty/ICU/icu4c-64_1/source/common/schriter.cpp,0,3,3
/media/ullmann/HDDGabriel/engines/UnrealEngine/Engine/Source/ThirdParty/Intel/TBB/IntelTBB-2019u8/src/test/test_tagged_msg.cpp,0,2,2
/media/ullmann/HDDGabriel/engines/UnrealEngine/Engine/Source/ThirdParty/coremod/coremod-4.2.6/src/list.h,1,0,1
/media/ullmann/HDDGabriel/engines/UnrealEngine/Engine/Source/ThirdParty/ShaderConductor/ShaderConductor/External/SPIRV-Tools/source/opt/instruction.h,1,0,1
/media/ullmann/HDDGabriel/engines/UnrealEngine/Engine/Source/ThirdParty/PhysX3/APEX_1.4/module/destructible_legacy/include/autogen/DestructibleActorParam_0p11.h,1,0,1
/media/ullmann/HDDGabriel/engines/UnrealEngine/Engine/Source/Developer/Zen/Internal/ZenBackendUtils.h,2,0,2
/media/ullmann/HDDGabriel/engines/UnrealEngine/Engine/Source/ThirdParty/libOpus/opus-1.3.1-12/silk/sigm_Q15.c,0,1,1
/media/ullmann/HDDGabriel/engines/UnrealEngine/Engine/Source/Runtime/AutomationWorker/Private/AutomationAnalyticParams.h,1,0,1
/media/ullmann/HDDGabriel/engines/UnrealEngine/Engine/Source/ThirdParty/OpenVDB/openvdb-8.1.0/openvdb/openvdb/cmd/openvdb_view.cc,0,1,1
/media/ullmann/HDDGabriel/engines/UnrealEngine/Engine/Source/ThirdParty/OpenVDB/openvdb-8.1.0/openvdb/openvdb/viewer/Viewer.h,2,0,2
/media/ullmann/HDDGabriel/engines/UnrealEngine/Engine/Source/Runtime/Experimental/Chaos/Public/PhysicsProxy/SuspensionConstraintProxy.h,1,0,1
/media/ullmann/HDDGabriel/engines/UnrealEngine/Engine/Source/Programs/Enterprise/Datasmith/DatasmithMaxExporter/Private/MaxMaterialsToUEPbr/DatasmithMaxScanlineMaterialsToUEPbr.h,0,1,1
/media/ullmann/HDDGabriel/engines/UnrealEngine/Engine/Source/ThirdParty/FreeType2/FreeType2-2.4.12/src/cff/cfftypes.h,3,0,3
/media/ullmann/HDDGabriel/engines/UnrealEngine/Engine/Source/Editor/ActorPickerMode/Public/ActorPickerMode.h,1,0,1
/media/ullmann/HDDGabriel/engines/UnrealEngine/Engine/Source/Runtime/Windows/D3D11RHI/Public/D3D11Resources.h,0,1,1
/media/ullmann/HDDGabriel/engines/UnrealEngine/Engine/Source/Runtime/Windows/D3D11RHI/Public/D3D11ShaderResources.h,1,0,1
/media/ullmann/HDDGabriel/engines/UnrealEngine/Engine/Source/ThirdParty/FreeType2/FreeType2-2.10.0/src/cff/cffparse.c,1,4,5
/media/ullmann/HDDGabriel/engines/UnrealEngine/Engine/Source/ThirdParty/FreeType2/FreeType2-2.10.0/src/cff/cfftoken.h,1,0,1
/media/ullmann/HDDGabriel/engines/UnrealEngine/Engine/Source/ThirdParty/openexr/Deploy/openexr-3.1.1/include/OpenEXR/IexErrnoExc.h,0,1,1
/media/ullmann/HDDGabriel/engines/UnrealEngine/Engine/Source/ThirdParty/Perforce/p4api-2014.1/include/p4/netconnect.h,0,1,1
/media/ullmann/HDDGabriel/engines/UnrealEngine/Engine/Source/Editor/AnimGraph/Public/AnimGraphNode_UseCachedPose.h,0,1,1
/media/ullmann/HDDGabriel/engines/UnrealEngine/Engine/Source/ThirdParty/ShaderConductor/ShaderConductor/External/googletest/googletest/samples/sample4.cc,0,1,1
/media/ullmann/HDDGabriel/engines/UnrealEngine/Engine/Source/ThirdParty/libOpus/opus-1.3.1-12/celt/dump_modes/dump_modes_arm_ne10.c,0,1,1
/media/ullmann/HDDGabriel/engines/UnrealEngine/Engine/Source/ThirdParty/libOpus/opus-1.3.1-12/celt/dump_modes/dump_modes_arch.h,2,0,2
/media/ullmann/HDDGabriel/engines/UnrealEngine/Engine/Source/ThirdParty/Steamworks/Steamv147/sdk/public/steam/isteaminventory.h,1,1,2
/media/ullmann/HDDGabriel/engines/UnrealEngine/Engine/Source/ThirdParty/libOpus/opus-1.1/silk/fixed/find_LPC_FIX.c,0,1,1
/media/ullmann/HDDGabriel/engines/UnrealEngine/Engine/Source/ThirdParty/zlib/zlib-1.2.5/Src/gzwrite.c,0,1,1
/media/ullmann/HDDGabriel/engines/UnrealEngine/Engine/Source/Runtime/RenderCore/Public/ShaderParameterMetadata.h,2,0,2
/media/ullmann/HDDGabriel/engines/UnrealEngine/Engine/Source/ThirdParty/nvTextureTools/nvTextureTools-2.0.6/src/src/nvimage/TgaFile.h,1,0,1
/media/ullmann/HDDGabriel/engines/UnrealEngine/Engine/Source/ThirdParty/ICU/icu4c-53_1/source/test/intltest/dtfmapts.h,2,1,3
/media/ullmann/HDDGabriel/engines/UnrealEngine/Engine/Source/Developer/Android/AndroidPlatformEditor/Private/AndroidSDKSettingsCustomization.h,2,0,2
/media/ullmann/HDDGabriel/engines/UnrealEngine/Engine/Source/ThirdParty/ShaderConductor/ShaderConductor/External/DirectXShaderCompiler/include/dxc/dxcdxrfallbackcompiler.h,0,1,1
/media/ullmann/HDDGabriel/engines/UnrealEngine/Engine/Source/ThirdParty/Intel/Embree/Embree2140/src/kernels/builders/heuristic_binning_array_aligned.h,2,1,3
/media/ullmann/HDDGabriel/engines/UnrealEngine/Engine/Source/Runtime/Engine/Public/CustomPhysXPayload.h,1,1,2
/media/ullmann/HDDGabriel/engines/UnrealEngine/Engine/Source/Runtime/GeometryCore/Public/Distance/DistLine3Triangle3.h,1,1,2
/media/ullmann/HDDGabriel/engines/UnrealEngine/Engine/Source/Runtime/GeometryCore/Public/Distance/DistLine3Segment3.h,1,0,1
/media/ullmann/HDDGabriel/engines/UnrealEngine/Engine/Source/ThirdParty/FreeImage/FreeImage-3.18.0/Source/LibJPEG/jdapimin.c,0,2,2
/media/ullmann/HDDGabriel/engines/UnrealEngine/Engine/Source/Editor/MainFrame/Public/Interfaces/IMainFrameModule.h,3,0,3
/media/ullmann/HDDGabriel/engines/UnrealEngine/Engine/Source/Developer/Merge/Private/SBlueprintMerge.h,2,2,4
/media/ullmann/HDDGabriel/engines/UnrealEngine/Engine/Source/ThirdParty/ShaderConductor/ShaderConductor/External/DirectXShaderCompiler/tools/clang/lib/StaticAnalyzer/Checkers/MallocOverflowSecurityChecker.cpp,0,1,1
/media/ullmann/HDDGabriel/engines/UnrealEngine/Engine/Source/Programs/UnrealLightmass/Public/ImportExport.h,1,1,2
/media/ullmann/HDDGabriel/engines/UnrealEngine/Engine/Source/ThirdParty/PhysX3/PhysX_3.4/Source/PhysXExtensions/src/serialization/Binary/SnConvX_Align.cpp,0,2,2
/media/ullmann/HDDGabriel/engines/UnrealEngine/Engine/Source/Runtime/XmlParser/Public/XmlNode.h,2,0,2
/media/ullmann/HDDGabriel/engines/UnrealEngine/Engine/Source/ThirdParty/Vorbis/libvorbis-1.3.2/lib/modes/setup_44p51.h,1,0,1
/media/ullmann/HDDGabriel/engines/UnrealEngine/Engine/Source/ThirdParty/mimalloc/src/arena.c,1,1,2
/media/ullmann/HDDGabriel/engines/UnrealEngine/Engine/Source/Runtime/CoreUObject/Public/Serialization/ArchiveCountMem.h,1,0,1
/media/ullmann/HDDGabriel/engines/UnrealEngine/Engine/Source/Developer/TraceInsights/Private/Insights/ViewModels/QuickFind.cpp,0,1,1
/media/ullmann/HDDGabriel/engines/UnrealEngine/Engine/Source/Developer/TraceInsights/Private/Insights/ViewModels/QuickFind.h,1,0,1
/media/ullmann/HDDGabriel/engines/UnrealEngine/Engine/Source/Developer/TargetPlatform/Private/TargetPlatformBase.cpp,0,1,1
/media/ullmann/HDDGabriel/engines/UnrealEngine/Engine/Source/Developer/TargetPlatform/Private/DeviceBrowserDefaultPlatformWidgetCreator.h,2,0,2
/media/ullmann/HDDGabriel/engines/UnrealEngine/Engine/Source/Editor/AnimGraph/Public/AnimationCustomTransitionGraph.h,0,1,1
/media/ullmann/HDDGabriel/engines/UnrealEngine/Engine/Source/Programs/Enterprise/Datasmith/DatasmithARCHICADExporter/Private/ElementEvent.cpp,0,4,4
/media/ullmann/HDDGabriel/engines/UnrealEngine/Engine/Source/Programs/Enterprise/Datasmith/DatasmithARCHICADExporter/Private/ElementEvent.h,2,1,3
/media/ullmann/HDDGabriel/engines/UnrealEngine/Engine/Source/ThirdParty/SDL2/SDL-gui-backend/src/audio/SDL_wave.c,0,3,3
/media/ullmann/HDDGabriel/engines/UnrealEngine/Engine/Source/ThirdParty/mtlpp/mtlpp-master-7efad47/src/imp_RenderPipeline.hpp,1,1,2
/media/ullmann/HDDGabriel/engines/UnrealEngine/Engine/Source/ThirdParty/OpenVDB/openvdb-8.1.0/openvdb_ax/openvdb_ax/compiler/Logger.cc,0,1,1
/media/ullmann/HDDGabriel/engines/UnrealEngine/Engine/Source/ThirdParty/FreeType2/FreeType2-2.10.0/src/smooth/ftsmooth.h,1,0,1
/media/ullmann/HDDGabriel/engines/UnrealEngine/Engine/Source/ThirdParty/Intel/TBB/IntelTBB-2019u8/include/serial/tbb/tbb_annotate.h,1,0,1
/media/ullmann/HDDGabriel/engines/UnrealEngine/Engine/Source/ThirdParty/ShaderConductor/ShaderConductor/External/SPIRV-Cross/include/spirv_cross/thread_group.hpp,1,0,1
/media/ullmann/HDDGabriel/engines/UnrealEngine/Engine/Source/ThirdParty/Python3/Mac/include/internal/pycore_context.h,0,1,1
/media/ullmann/HDDGabriel/engines/UnrealEngine/Engine/Source/ThirdParty/Python3/Mac/include/internal/pycore_hamt.h,1,0,1
/media/ullmann/HDDGabriel/engines/UnrealEngine/Engine/Source/ThirdParty/Intel/TBB/IntelTBB-2019u8/src/test/test_flow_graph.cpp,0,2,2
/media/ullmann/HDDGabriel/engines/UnrealEngine/Engine/Source/Runtime/Experimental/ChaosVehicles/ChaosVehiclesCore/Public/SteeringUtility.h,1,2,3
/media/ullmann/HDDGabriel/engines/UnrealEngine/Engine/Source/Runtime/SlateCore/Private/Debugging/ConsoleSlateDebuggerUpdate.cpp,0,2,2
/media/ullmann/HDDGabriel/engines/UnrealEngine/Engine/Source/Runtime/SlateCore/Private/Debugging/ConsoleSlateDebuggerUpdate.h,2,0,2
/media/ullmann/HDDGabriel/engines/UnrealEngine/Engine/Source/ThirdParty/Intel/TBB/IntelTBB-2019u8/examples/graph/fgbzip2/randtable.cpp,0,1,1
/media/ullmann/HDDGabriel/engines/UnrealEngine/Engine/Source/ThirdParty/PhysX3/PhysX_3.4/Source/GeomUtils/src/sweep/GuSweepBoxTriangle_SAT.cpp,0,1,1
/media/ullmann/HDDGabriel/engines/UnrealEngine/Engine/Source/ThirdParty/PhysX3/PhysX_3.4/Source/GeomUtils/src/sweep/GuSweepBoxTriangle_SAT.h,1,0,1
/media/ullmann/HDDGabriel/engines/UnrealEngine/Engine/Source/ThirdParty/nvTextureTools/nvTextureTools-2.0.8/src/src/nvcore/Memory.h,1,0,1
/media/ullmann/HDDGabriel/engines/UnrealEngine/Engine/Source/ThirdParty/Intel/TBB/IntelTBB-2019u8/examples/parallel_for/tachyon/src/bndbox.h,2,0,2
/media/ullmann/HDDGabriel/engines/UnrealEngine/Engine/Source/Editor/AudioEditor/Private/AssetTypeActions/AssetTypeActions_SoundClass.h,1,0,1
/media/ullmann/HDDGabriel/engines/UnrealEngine/Engine/Source/ThirdParty/ICU/icu4c-53_1/source/test/cintltst/ncnvfbts.h,1,1,2
/media/ullmann/HDDGabriel/engines/UnrealEngine/Engine/Source/ThirdParty/FreeImage/FreeImage-3.18.0/Source/LibOpenJPEG/tgt.c,0,1,1
/media/ullmann/HDDGabriel/engines/UnrealEngine/Engine/Source/ThirdParty/OpenSubdiv/OpenSubdiv-3.4.4/regression/shapes/catmark_nonman_edges.h,1,0,1
/media/ullmann/HDDGabriel/engines/UnrealEngine/Engine/Source/ThirdParty/openexr/openexr-3.1.1/src/test/OpenEXRTest/testDeepTiledBasic.h,2,0,2
/media/ullmann/HDDGabriel/engines/UnrealEngine/Engine/Source/Runtime/SlateCore/Public/Layout/FlowDirection.h,1,0,1
/media/ullmann/HDDGabriel/engines/UnrealEngine/Engine/Source/ThirdParty/HarfBuzz/harfbuzz-1.2.4/util/hb-shape.cc,0,2,2
/media/ullmann/HDDGabriel/engines/UnrealEngine/Engine/Source/Editor/CurveEditor/Public/ICurveEditorBounds.h,1,0,1
/media/ullmann/HDDGabriel/engines/UnrealEngine/Engine/Source/ThirdParty/FakeIt/2.0.2/config/mstest/fakeit.hpp,0,1,1
/media/ullmann/HDDGabriel/engines/UnrealEngine/Engine/Source/ThirdParty/FakeIt/2.0.2/config/mstest/fakeit_instance.hpp,1,1,2
/media/ullmann/HDDGabriel/engines/UnrealEngine/Engine/Source/ThirdParty/EOSSDK/SDK/Bin/IOS/EOSSDK.framework/Headers/eos_titlestorage.h,0,1,1
/media/ullmann/HDDGabriel/engines/UnrealEngine/Engine/Source/ThirdParty/ShaderConductor/ShaderConductor/External/DirectXShaderCompiler/tools/clang/lib/ARCMigrate/TransBlockObjCVariable.cpp,0,2,2
/media/ullmann/HDDGabriel/engines/UnrealEngine/Engine/Source/ThirdParty/PhysX3/PhysX_3.4/Source/LowLevelParticles/src/PtParticleSystemSimCpu.cpp,0,2,2
/media/ullmann/HDDGabriel/engines/UnrealEngine/Engine/Source/ThirdParty/openexr/Deploy/openexr-3.1.1/include/OpenEXR/ImfCRgbaFile.h,0,1,1
/media/ullmann/HDDGabriel/engines/UnrealEngine/Engine/Source/ThirdParty/ICU/icu4c-53_1/source/test/cintltst/custrtrn.c,0,1,1
/media/ullmann/HDDGabriel/engines/UnrealEngine/Engine/Source/ThirdParty/SDL2/SDL-gui-backend/src/video/windows/SDL_windowsframebuffer.h,1,1,2
/media/ullmann/HDDGabriel/engines/UnrealEngine/Engine/Source/ThirdParty/Breakpad/src/client/mac/handler/protected_memory_allocator.cc,0,1,1
/media/ullmann/HDDGabriel/engines/UnrealEngine/Engine/Source/ThirdParty/Breakpad/src/client/mac/handler/protected_memory_allocator.h,1,0,1
/media/ullmann/HDDGabriel/engines/UnrealEngine/Engine/Source/Runtime/Datasmith/DirectLink/Private/DirectLinkStreamSource.cpp,0,2,2
/media/ullmann/HDDGabriel/engines/UnrealEngine/Engine/Source/ThirdParty/OpenVDB/openvdb-8.1.0/openvdb_ax/openvdb_ax/test/integration/TestBinary.cc,0,2,2
/media/ullmann/HDDGabriel/engines/UnrealEngine/Engine/Source/ThirdParty/nvTextureTools/nvTextureTools-2.0.6/src/src/nvtt/squish/alpha.cpp,0,1,1
/media/ullmann/HDDGabriel/engines/UnrealEngine/Engine/Source/ThirdParty/ICU/icu4c-64_1/source/i18n/tmunit.cpp,0,1,1
/media/ullmann/HDDGabriel/engines/UnrealEngine/Engine/Source/ThirdParty/ICU/icu4c-64_1/source/i18n/unicode/tmunit.h,1,0,1
/media/ullmann/HDDGabriel/engines/UnrealEngine/Engine/Source/ThirdParty/FBX/2020.2/include/fbxsdk/scene/fbxreference.h,1,0,1
/media/ullmann/HDDGabriel/engines/UnrealEngine/Engine/Source/Runtime/ClothingSystemRuntimeCommon/Public/ClothTetherData.h,1,0,1
/media/ullmann/HDDGabriel/engines/UnrealEngine/Engine/Source/ThirdParty/WebRTC/4147/Include/third_party/libvpx/source/config/linux/arm-neon/vp9_rtcd.h,0,1,1
/media/ullmann/HDDGabriel/engines/UnrealEngine/Engine/Source/ThirdParty/FakeIt/2.0.2/tests/msc_stubbing_multiple_values_tests.cpp,0,1,1
/media/ullmann/HDDGabriel/engines/UnrealEngine/Engine/Source/Editor/Blutility/Private/BlutilityLevelEditorExtensions.cpp,0,2,2
/media/ullmann/HDDGabriel/engines/UnrealEngine/Engine/Source/Runtime/CoreUObject/Public/UObject/UObjectIterator.h,1,0,1
/media/ullmann/HDDGabriel/engines/UnrealEngine/Engine/Source/ThirdParty/FBX/2020.2/include/fbxsdk/scene/geometry/fbxgeometrybase.h,1,0,1
/media/ullmann/HDDGabriel/engines/UnrealEngine/Engine/Source/ThirdParty/ICU/icu4c-64_1/source/test/cintltst/usrchtst.c,0,2,2
/media/ullmann/HDDGabriel/engines/UnrealEngine/Engine/Source/ThirdParty/FreeImage/FreeImage-3.18.0/Source/OpenEXR/IlmImf/ImfKeyCodeAttribute.cpp,0,1,1
/media/ullmann/HDDGabriel/engines/UnrealEngine/Engine/Source/ThirdParty/PhysX3/APEX_1.4/framework/src/windows/AgMMFile.cpp,0,1,1
/media/ullmann/HDDGabriel/engines/UnrealEngine/Engine/Source/ThirdParty/Intel/TBB/IntelTBB-2019u8/examples/parallel_for/tachyon/src/triangle.h,2,0,2
/media/ullmann/HDDGabriel/engines/UnrealEngine/Engine/Source/ThirdParty/MCPP/mcpp-2.7.2/cpp-test/test-l/nest93.h,1,1,2
/media/ullmann/HDDGabriel/engines/UnrealEngine/Engine/Source/ThirdParty/nvTextureTools/nvTextureTools-2.0.8/src/src/nvcore/poshlib/posh.h,2,0,2
/media/ullmann/HDDGabriel/engines/UnrealEngine/Engine/Source/ThirdParty/FreeType2/FreeType2-2.10.4/include/freetype/internal/ftserv.h,0,1,1
/media/ullmann/HDDGabriel/engines/UnrealEngine/Engine/Source/Editor/Layers/Private/LayerViewModel.cpp,0,1,1
/media/ullmann/HDDGabriel/engines/UnrealEngine/Engine/Source/ThirdParty/ICU/icu4c-53_1/source/i18n/ucoleitr.cpp,0,5,5
/media/ullmann/HDDGabriel/engines/UnrealEngine/Engine/Source/Runtime/AnimationCore/Public/FABRIK.h,0,1,1
/media/ullmann/HDDGabriel/engines/UnrealEngine/Engine/Source/ThirdParty/ICU/icu4c-64_1/source/i18n/taiwncal.cpp,0,2,2
/media/ullmann/HDDGabriel/engines/UnrealEngine/Engine/Source/ThirdParty/FreeImage/FreeImage-3.18.0/Source/LibTIFF4/tif_read.c,0,1,1
/media/ullmann/HDDGabriel/engines/UnrealEngine/Engine/Source/ThirdParty/ShaderConductor/ShaderConductor/External/DirectXShaderCompiler/tools/clang/lib/StaticAnalyzer/Checkers/ObjCMissingSuperCallChecker.cpp,0,1,1
/media/ullmann/HDDGabriel/engines/UnrealEngine/Engine/Source/ThirdParty/Android/libunwind/libunwind/src/os-linux.c,0,1,1
/media/ullmann/HDDGabriel/engines/UnrealEngine/Engine/Source/ThirdParty/Android/libunwind/libunwind/src/os-linux.h,1,0,1
/media/ullmann/HDDGabriel/engines/UnrealEngine/Engine/Source/ThirdParty/OpenSubdiv/OpenSubdiv-3.4.4/opensubdiv/hbr/holeEdit.h,0,1,1
/media/ullmann/HDDGabriel/engines/UnrealEngine/Engine/Source/ThirdParty/ICU/icu4c-64_1/source/test/intltest/numberformat2test.cpp,0,2,2
/media/ullmann/HDDGabriel/engines/UnrealEngine/Engine/Source/ThirdParty/ShaderConductor/ShaderConductor/External/DirectXShaderCompiler/lib/Support/DynamicLibrary.cpp,0,1,1
/media/ullmann/HDDGabriel/engines/UnrealEngine/Engine/Source/ThirdParty/ShaderConductor/ShaderConductor/External/DirectXShaderCompiler/lib/Support/Windows/DynamicLibrary.inc,1,0,1
/media/ullmann/HDDGabriel/engines/UnrealEngine/Engine/Source/Runtime/Online/ImageDownload/Private/ImageDownloadModule.cpp,0,1,1
/media/ullmann/HDDGabriel/engines/UnrealEngine/Engine/Source/Editor/PixelInspector/Private/PixelInspectorDetailsCustomization.cpp,0,2,2
/media/ullmann/HDDGabriel/engines/UnrealEngine/Engine/Source/Runtime/Renderer/Public/MaterialShader.h,1,1,2
/media/ullmann/HDDGabriel/engines/UnrealEngine/Engine/Source/Runtime/Renderer/Public/SceneRenderTargetParameters.h,1,0,1
/media/ullmann/HDDGabriel/engines/UnrealEngine/Engine/Source/ThirdParty/ICU/icu4c-64_1/source/test/intltest/ssearch.cpp,0,2,2
/media/ullmann/HDDGabriel/engines/UnrealEngine/Engine/Source/ThirdParty/FreeType2/FreeType2-2.4.12/src/type42/type42.c,0,3,3
/media/ullmann/HDDGabriel/engines/UnrealEngine/Engine/Source/ThirdParty/libcurl/curl-7.55.1/include/Android/ARM64/curl/easy.h,1,0,1
/media/ullmann/HDDGabriel/engines/UnrealEngine/Engine/Source/ThirdParty/ICU/icu4c-64_1/source/test/intltest/jacoll.cpp,0,2,2
/media/ullmann/HDDGabriel/engines/UnrealEngine/Engine/Source/ThirdParty/PhysX3/PhysX_3.4/Source/LowLevelParticles/src/PtTwoWayData.h,1,1,2
/media/ullmann/HDDGabriel/engines/UnrealEngine/Engine/Source/Developer/AssetTools/Private/AssetTypeActions/AssetTypeActions_ForceFeedbackEffect.h,1,0,1
/media/ullmann/HDDGabriel/engines/UnrealEngine/Engine/Source/ThirdParty/libOpus/opus-1.1/silk/NLSF_unpack.c,0,1,1
/media/ullmann/HDDGabriel/engines/UnrealEngine/Engine/Source/ThirdParty/OpenSubdiv/OpenSubdiv-3.4.4/regression/shapes/loop_nonman_edges.h,1,0,1
/media/ullmann/HDDGabriel/engines/UnrealEngine/Engine/Source/Runtime/Experimental/Chaos/Public/Chaos/PBDJointConstraintTypes.h,1,0,1
/media/ullmann/HDDGabriel/engines/UnrealEngine/Engine/Source/ThirdParty/PhysX3/APEX_1.4/module/clothing_legacy/include/autogen/ClothingPreviewParam_0p0.h,1,0,1
/media/ullmann/HDDGabriel/engines/UnrealEngine/Engine/Source/ThirdParty/FBX/2020.2/include/fbxsdk/scene/constraint/fbxconstraintposition.h,1,0,1
/media/ullmann/HDDGabriel/engines/UnrealEngine/Engine/Source/Runtime/Renderer/Private/GPUBenchmark.h,2,0,2
/media/ullmann/HDDGabriel/engines/UnrealEngine/Engine/Source/Editor/LandscapeEditor/Private/LandscapeEditorDetailCustomization_NewLandscape.cpp,0,3,3
/media/ullmann/HDDGabriel/engines/UnrealEngine/Engine/Source/ThirdParty/ICU/icu4c-53_1/source/test/cintltst/calldata.h,2,0,2
/media/ullmann/HDDGabriel/engines/UnrealEngine/Engine/Source/ThirdParty/FreeImage/FreeImage-3.18.0/Source/OpenEXR/Half/halfExport.h,1,0,1
/media/ullmann/HDDGabriel/engines/UnrealEngine/Engine/Source/Runtime/SignalProcessing/Private/UniformPartitionConvolution.cpp,0,1,1
/media/ullmann/HDDGabriel/engines/UnrealEngine/Engine/Source/Runtime/SignalProcessing/Private/UniformPartitionConvolution.h,2,0,2
/media/ullmann/HDDGabriel/engines/UnrealEngine/Engine/Source/ThirdParty/ShaderConductor/ShaderConductor/External/DirectXShaderCompiler/include/llvm/Support/ELFRelocs/PowerPC.def,1,0,1
/media/ullmann/HDDGabriel/engines/UnrealEngine/Engine/Source/ThirdParty/libOpus/opus-1.1/silk/decode_indices.c,0,1,1
/media/ullmann/HDDGabriel/engines/UnrealEngine/Engine/Source/ThirdParty/Perforce/p4api-2018.1/Include/Win64/VS2015/p4/p4tags.h,1,0,1
/media/ullmann/HDDGabriel/engines/UnrealEngine/Engine/Source/ThirdParty/openexr/Deploy/openexr-3.1.1/include/OpenEXR/ImfWav.h,0,2,2
/media/ullmann/HDDGabriel/engines/UnrealEngine/Engine/Source/ThirdParty/libOpus/opus-1.1/celt/fixed_debug.h,1,0,1
/media/ullmann/HDDGabriel/engines/UnrealEngine/Engine/Source/Editor/UndoHistory/Public/UndoHistoryModule.h,0,1,1
/media/ullmann/HDDGabriel/engines/UnrealEngine/Engine/Source/Developer/SlateReflector/Private/Widgets/SWidgetReflector.h,1,0,1
/media/ullmann/HDDGabriel/engines/UnrealEngine/Engine/Source/ThirdParty/Python3/Mac/include/bytearrayobject.h,1,1,2
/media/ullmann/HDDGabriel/engines/UnrealEngine/Engine/Source/ThirdParty/WebRTC/4147/Include/rtc_base/fake_mdns_responder.h,0,1,1
/media/ullmann/HDDGabriel/engines/UnrealEngine/Engine/Source/ThirdParty/ICU/icu4c-64_1/source/test/perf/DateFmtPerf/breakdata.h,1,0,1
/media/ullmann/HDDGabriel/engines/UnrealEngine/Engine/Source/Runtime/Projects/Private/ProjectManager.h,2,0,2
/media/ullmann/HDDGabriel/engines/UnrealEngine/Engine/Source/ThirdParty/FreeImage/FreeImage-3.18.0/Source/LibJPEG/jdtrans.c,0,2,2
/media/ullmann/HDDGabriel/engines/UnrealEngine/Engine/Source/ThirdParty/ShaderConductor/ShaderConductor/External/DirectXShaderCompiler/tools/clang/lib/StaticAnalyzer/Checkers/ChrootChecker.cpp,0,1,1
/media/ullmann/HDDGabriel/engines/UnrealEngine/Engine/Source/Developer/GraphColor/Private/listcoll.cpp,0,1,1
/media/ullmann/HDDGabriel/engines/UnrealEngine/Engine/Source/Developer/GraphColor/Private/listcoll.h,2,1,3
/media/ullmann/HDDGabriel/engines/UnrealEngine/Engine/Source/ThirdParty/Eigen/Eigen/src/plugins/ArrayCwiseBinaryOps.h,1,0,1
/media/ullmann/HDDGabriel/engines/UnrealEngine/Engine/Source/Developer/DerivedDataCache/Private/PakFileCacheStore.cpp,0,3,3
/media/ullmann/HDDGabriel/engines/UnrealEngine/Engine/Source/Editor/BlueprintGraph/Classes/K2Node_GetSubsystem.h,0,1,1
/media/ullmann/HDDGabriel/engines/UnrealEngine/Engine/Source/ThirdParty/FontConfig/fontconfig-2.13.94/fc-cat/fc-cat.c,0,1,1
/media/ullmann/HDDGabriel/engines/UnrealEngine/Engine/Source/Runtime/Renderer/Private/BasePassRendering.inl,1,0,1
/media/ullmann/HDDGabriel/engines/UnrealEngine/Engine/Source/ThirdParty/FreeType2/FreeType2-2.10.0/src/gzip/inffixed.h,1,0,1
/media/ullmann/HDDGabriel/engines/UnrealEngine/Engine/Source/ThirdParty/PhysX3/APEX_1.4/module/clothing/include/ClothingCollisionImpl.h,1,0,1
/media/ullmann/HDDGabriel/engines/UnrealEngine/Engine/Source/ThirdParty/Intel/MetricsDiscovery/MetricsDiscoveryHelper/samples/range_sample_dx11/imgui/examples/directx10_example/imgui_impl_dx10.cpp,0,1,1
/media/ullmann/HDDGabriel/engines/UnrealEngine/Engine/Source/ThirdParty/MCPP/mcpp-2.7.2/test-l/nest42.h,1,1,2
/media/ullmann/HDDGabriel/engines/UnrealEngine/Engine/Source/ThirdParty/mimalloc/src/region.c,0,1,1
/media/ullmann/HDDGabriel/engines/UnrealEngine/Engine/Source/Runtime/AugmentedReality/Public/ARBlueprintProxy.h,1,2,3
/media/ullmann/HDDGabriel/engines/UnrealEngine/Engine/Source/Runtime/AVEncoder/Private/Decoders/VideoDecoderVP8.h,2,0,2
/media/ullmann/HDDGabriel/engines/UnrealEngine/Engine/Source/ThirdParty/OpenSubdiv/OpenSubdiv-3.4.4/regression/shapes/catmark_cubes_semisharp.h,1,0,1
/media/ullmann/HDDGabriel/engines/UnrealEngine/Engine/Source/ThirdParty/PhysX3/PhysX_3.4/Source/LowLevelParticles/src/PtCollisionMesh.cpp,0,3,3
/media/ullmann/HDDGabriel/engines/UnrealEngine/Engine/Source/ThirdParty/FreeImage/FreeImage-3.18.0/Source/LibTIFF4/tif_dir.h,1,0,1
/media/ullmann/HDDGabriel/engines/UnrealEngine/Engine/Source/ThirdParty/EOSSDK/SDK/Include/eos_reports_types.h,2,1,3
/media/ullmann/HDDGabriel/engines/UnrealEngine/Engine/Source/ThirdParty/libstrophe/libstrophe-0.9.3/src/jid.c,0,1,1
/media/ullmann/HDDGabriel/engines/UnrealEngine/Engine/Source/ThirdParty/PhysX3/PhysX_3.4/Source/PhysXVehicle/src/PhysXMetaData/include/PxVehicleMetaDataObjects.h,0,2,2
/media/ullmann/HDDGabriel/engines/UnrealEngine/Engine/Source/ThirdParty/PhysX3/PhysX_3.4/Source/PhysXVehicle/src/PhysXMetaData/include/PxVehicleAutoGeneratedMetaDataObjectNames.h,1,0,1
/media/ullmann/HDDGabriel/engines/UnrealEngine/Engine/Source/Runtime/AnimGraphRuntime/Public/AnimNodes/AnimNode_PoseSnapshot.h,1,0,1
/media/ullmann/HDDGabriel/engines/UnrealEngine/Engine/Source/ThirdParty/ICU/icu4c-53_1/source/common/charstr.cpp,0,4,4
/media/ullmann/HDDGabriel/engines/UnrealEngine/Engine/Source/Runtime/Engine/Private/Streaming/UVChannelDensity.h,2,0,2
/media/ullmann/HDDGabriel/engines/UnrealEngine/Engine/Source/Editor/PhysicsAssetEditor/Private/PhysicsAssetGraph/PhysicsAssetGraphSummoner.cpp,0,2,2
/media/ullmann/HDDGabriel/engines/UnrealEngine/Engine/Source/ThirdParty/FreeImage/FreeImage-3.18.0/Source/LibTIFF4/tif_warning.c,0,1,1
/media/ullmann/HDDGabriel/engines/UnrealEngine/Engine/Source/Programs/Enterprise/Datasmith/DatasmithMaxExporter/Private/DatasmithMaxExporter.cpp,0,1,1
/media/ullmann/HDDGabriel/engines/UnrealEngine/Engine/Source/ThirdParty/ICU/icu4c-53_1/source/i18n/scriptset.cpp,0,1,1
/media/ullmann/HDDGabriel/engines/UnrealEngine/Engine/Source/ThirdParty/SDL2/SDL-gui-backend/src/joystick/hidapi/steam/controller_structs.h,2,0,2
/media/ullmann/HDDGabriel/engines/UnrealEngine/Engine/Source/ThirdParty/OpenSubdiv/OpenSubdiv-3.4.4/opensubdiv/osd/cudaVertexBuffer.h,1,1,2
/media/ullmann/HDDGabriel/engines/UnrealEngine/Engine/Source/Runtime/AIModule/Private/GameplayDebugger/GameplayDebuggerCategory_AI.h,1,0,1
/media/ullmann/HDDGabriel/engines/UnrealEngine/Engine/Source/ThirdParty/libOpus/opus-1.3.1-12/silk/float/LTP_scale_ctrl_FLP.c,0,1,1
/media/ullmann/HDDGabriel/engines/UnrealEngine/Engine/Source/ThirdParty/OpenSubdiv/OpenSubdiv-3.4.4/regression/shapes/catmark_quadstrips.h,1,0,1
/media/ullmann/HDDGabriel/engines/UnrealEngine/Engine/Source/Runtime/Core/Public/HoloLens/HoloLensPlatformAtomics.h,0,1,1
/media/ullmann/HDDGabriel/engines/UnrealEngine/Engine/Source/Runtime/Core/Public/HoloLens/HoloLensSystemIncludes.h,1,0,1
/media/ullmann/HDDGabriel/engines/UnrealEngine/Engine/Source/Runtime/Engine/Public/LightmapUniformShaderParameters.h,2,0,2
/media/ullmann/HDDGabriel/engines/UnrealEngine/Engine/Source/ThirdParty/SDL2/SDL-gui-backend/src/libm/e_sqrt.c,0,2,2
/media/ullmann/HDDGabriel/engines/UnrealEngine/Engine/Source/ThirdParty/libOpus/opus-1.0.3/silk/decode_pitch.c,0,2,2
/media/ullmann/HDDGabriel/engines/UnrealEngine/Engine/Source/ThirdParty/rpclib/Source/include/rpc/msgpack/adaptor/map.hpp,1,0,1
/media/ullmann/HDDGabriel/engines/UnrealEngine/Engine/Source/Runtime/Engine/Public/EngineStats.h,2,0,2
/media/ullmann/HDDGabriel/engines/UnrealEngine/Engine/Source/Developer/TraceInsights/Private/Insights/NetworkingProfiler/ViewModels/PacketViewport.cpp,0,1,1
/media/ullmann/HDDGabriel/engines/UnrealEngine/Engine/Source/Developer/TraceInsights/Private/Insights/NetworkingProfiler/ViewModels/PacketViewport.h,1,0,1
/media/ullmann/HDDGabriel/engines/UnrealEngine/Engine/Source/Editor/BehaviorTreeEditor/Private/SBehaviorTreeBlackboardView.cpp,0,3,3
/media/ullmann/HDDGabriel/engines/UnrealEngine/Engine/Source/ThirdParty/PhysX3/PhysX_3.4/Source/LowLevelParticles/src/PtParticleShapeCpu.cpp,0,3,3
/media/ullmann/HDDGabriel/engines/UnrealEngine/Engine/Source/Developer/DerivedDataCache/Public/DerivedDataBuildInputs.h,0,1,1
/media/ullmann/HDDGabriel/engines/UnrealEngine/Engine/Source/ThirdParty/Android/libunwind/libunwind/src/x86_64/Los-linux.c,0,1,1
/media/ullmann/HDDGabriel/engines/UnrealEngine/Engine/Source/ThirdParty/Android/libunwind/libunwind/src/x86_64/Gos-linux.c,1,2,3
/media/ullmann/HDDGabriel/engines/UnrealEngine/Engine/Source/ThirdParty/ICU/icu4c-64_1/source/tools/ctestfw/datamap.cpp,0,1,1
/media/ullmann/HDDGabriel/engines/UnrealEngine/Engine/Source/ThirdParty/ICU/icu4c-64_1/source/tools/ctestfw/unicode/datamap.h,1,0,1
/media/ullmann/HDDGabriel/engines/UnrealEngine/Engine/Source/Editor/LevelEditor/Private/LevelViewportLayoutEntity.cpp,0,1,1
/media/ullmann/HDDGabriel/engines/UnrealEngine/Engine/Source/Programs/Enterprise/Datasmith/DatasmithSDK/Private/DatasmithSDK.cpp,0,1,1
/media/ullmann/HDDGabriel/engines/UnrealEngine/Engine/Source/Programs/Enterprise/Datasmith/DatasmithSDK/Private/DatasmithSDK.h,1,0,1
/media/ullmann/HDDGabriel/engines/UnrealEngine/Engine/Source/ThirdParty/PhysX3/APEX_1.4/include/RWLockable.h,1,1,2
/media/ullmann/HDDGabriel/engines/UnrealEngine/Engine/Source/ThirdParty/OpenVDB/Deploy/openvdb-8.1.0/include/openvdb/tree/RootNode.h,1,0,1
/media/ullmann/HDDGabriel/engines/UnrealEngine/Engine/Source/Runtime/Renderer/Private/PostProcess/PostProcessVisualizeBuffer.cpp,0,2,2
/media/ullmann/HDDGabriel/engines/UnrealEngine/Engine/Source/Runtime/Renderer/Private/PostProcess/PostProcessMaterial.h,1,0,1
/media/ullmann/HDDGabriel/engines/UnrealEngine/Engine/Source/Editor/VREditor/VREditorAvatarActor.cpp,0,1,1
/media/ullmann/HDDGabriel/engines/UnrealEngine/Engine/Source/ThirdParty/PhysX3/PhysX_3.4/Source/PhysXVehicle/src/PxVehicleSuspWheelTire4.cpp,0,2,2
/media/ullmann/HDDGabriel/engines/UnrealEngine/Engine/Source/ThirdParty/PhysX3/PhysX_3.4/Source/LowLevelDynamics/src/DyFrictionCorrelation.cpp,0,1,1
/media/ullmann/HDDGabriel/engines/UnrealEngine/Engine/Source/Editor/UnrealEd/Public/DataTableEditorUtils.h,0,1,1
/media/ullmann/HDDGabriel/engines/UnrealEngine/Engine/Source/Editor/UnrealEd/Public/ComponentVisualizerManager.h,1,1,2
/media/ullmann/HDDGabriel/engines/UnrealEngine/Engine/Source/Runtime/Renderer/Private/PostProcess/PostProcessMotionBlur.cpp,0,1,1
/media/ullmann/HDDGabriel/engines/UnrealEngine/Engine/Source/Editor/UnrealEd/Private/EditorDomain/BulkDataRegistryEditorDomain.cpp,0,2,2
/media/ullmann/HDDGabriel/engines/UnrealEngine/Engine/Source/Runtime/UMG/Public/Components/CanvasPanelSlot.h,1,0,1
/media/ullmann/HDDGabriel/engines/UnrealEngine/Engine/Source/ThirdParty/NVIDIA/GPUDirect/include/dvpapi_d3d12.h,0,1,1
/media/ullmann/HDDGabriel/engines/UnrealEngine/Engine/Source/ThirdParty/mtlpp/mtlpp-master-7efad47/src/imp_Drawable.hpp,1,1,2
/media/ullmann/HDDGabriel/engines/UnrealEngine/Engine/Source/ThirdParty/Python3/Linux/include/python3.9/cpython/pylifecycle.h,1,0,1
/media/ullmann/HDDGabriel/engines/UnrealEngine/Engine/Source/ThirdParty/WebRTC/4147/Include/third_party/libvpx/source/config/linux/arm-neon-cpu-detect/vpx_dsp_rtcd.h,0,1,1
/media/ullmann/HDDGabriel/engines/UnrealEngine/Engine/Source/Developer/AssetTools/Private/AssetFixUpRedirectors.h,2,0,2
/media/ullmann/HDDGabriel/engines/UnrealEngine/Engine/Source/Runtime/Core/Public/Misc/ScopedEvent.h,1,0,1
/media/ullmann/HDDGabriel/engines/UnrealEngine/Engine/Source/ThirdParty/PhysX3/NvCloth/src/scalar/SwCollisionHelpers.h,1,0,1
/media/ullmann/HDDGabriel/engines/UnrealEngine/Engine/Source/ThirdParty/Intel/ISPC/ispc-1.16.1/examples/xpu/pipeline-dpcpp/pipeline-dpcpp.cpp,0,1,1
/media/ullmann/HDDGabriel/engines/UnrealEngine/Engine/Source/ThirdParty/Intel/ISPC/ispc-1.16.1/examples/xpu/pipeline-dpcpp/pipeline-dpcpp.hpp,1,0,1
/media/ullmann/HDDGabriel/engines/UnrealEngine/Engine/Source/Editor/DetailCustomizations/Private/RawDistributionVectorStructCustomization.h,2,0,2
/media/ullmann/HDDGabriel/engines/UnrealEngine/Engine/Source/ThirdParty/FontConfig/fontconfig-2.13.94/src/fcformat.c,0,1,1
/media/ullmann/HDDGabriel/engines/UnrealEngine/Engine/Source/ThirdParty/PhysX3/PhysX_3.4/Source/LowLevelCloth/include/PhaseConfig.h,1,1,2
/media/ullmann/HDDGabriel/engines/UnrealEngine/Engine/Source/ThirdParty/ShaderConductor/ShaderConductor/External/DirectXShaderCompiler/tools/clang/lib/CodeGen/CGStmtOpenMP.cpp,0,4,4
/media/ullmann/HDDGabriel/engines/UnrealEngine/Engine/Source/Runtime/RenderCore/Private/RenderGraphBuilder.cpp,0,2,2
/media/ullmann/HDDGabriel/engines/UnrealEngine/Engine/Source/Developer/LauncherServices/Private/Profiles/LauncherProfileManager.h,1,0,1
/media/ullmann/HDDGabriel/engines/UnrealEngine/Engine/Source/ThirdParty/ICU/icu4c-53_1/source/test/cintltst/nucnvtst.c,0,2,2
/media/ullmann/HDDGabriel/engines/UnrealEngine/Engine/Source/Runtime/SlateCore/Private/Debugging/ConsoleSlateDebuggerInvalidate.h,1,0,1
/media/ullmann/HDDGabriel/engines/UnrealEngine/Engine/Source/ThirdParty/Perforce/P4Api.Net/p4bridge/ClientManager.cpp,0,2,2
/media/ullmann/HDDGabriel/engines/UnrealEngine/Engine/Source/ThirdParty/Boost/boost-1_70_0/include/boost/spirit/home/support/detail/lexer/partition/equivset.hpp,1,2,3
/media/ullmann/HDDGabriel/engines/UnrealEngine/Engine/Source/ThirdParty/WiX/3.8/sdk/inc/wcawrapquery.h,0,1,1
/media/ullmann/HDDGabriel/engines/UnrealEngine/Engine/Source/Editor/Persona/Private/Customization/BlendSpaceDetails.cpp,0,1,1
/media/ullmann/HDDGabriel/engines/UnrealEngine/Engine/Source/Editor/Persona/Private/Customization/BlendSampleDetails.h,2,0,2
/media/ullmann/HDDGabriel/engines/UnrealEngine/Engine/Source/Runtime/SymsLib/syms/overrides/syms_crt_overrides.h,0,2,2
/media/ullmann/HDDGabriel/engines/UnrealEngine/Engine/Source/Runtime/SymsLib/syms/overrides/syms_default_scratch.h,1,0,1
/media/ullmann/HDDGabriel/engines/UnrealEngine/Engine/Source/ThirdParty/FreeImage/FreeImage-3.18.0/Source/LibPNG/pngset.c,0,1,1
/media/ullmann/HDDGabriel/engines/UnrealEngine/Engine/Source/Developer/SlateFileDialogs/Private/SlateFileDialogsPrivate.h,1,0,1
/media/ullmann/HDDGabriel/engines/UnrealEngine/Engine/Source/Runtime/Windows/D3D11RHI/Private/Windows/D3D11RHIPrivateUtil.h,0,1,1
/media/ullmann/HDDGabriel/engines/UnrealEngine/Engine/Source/Runtime/Windows/D3D11RHI/Private/Windows/WindowsD3D11ConstantBuffer.h,2,0,2
/media/ullmann/HDDGabriel/engines/UnrealEngine/Engine/Source/ThirdParty/MCPP/mcpp-2.7.2/cpp-test/test-l/nest101.h,1,1,2
/media/ullmann/HDDGabriel/engines/UnrealEngine/Engine/Source/Editor/LocalizationDashboard/Private/LocalizationTargetSetDetailCustomization.h,2,0,2
/media/ullmann/HDDGabriel/engines/UnrealEngine/Engine/Source/ThirdParty/Perforce/p4api-2021.2/Include/Mac/p4/malloc_override.h,1,0,1
/media/ullmann/HDDGabriel/engines/UnrealEngine/Engine/Source/ThirdParty/PhysX3/PhysX_3.4/Include/PxConstraintDesc.h,2,2,4
/media/ullmann/HDDGabriel/engines/UnrealEngine/Engine/Source/ThirdParty/Alembic/alembic-1.8.2/maya/AbcExport/MayaFaceSetWriter.cpp,0,2,2
/media/ullmann/HDDGabriel/engines/UnrealEngine/Engine/Source/ThirdParty/ShaderConductor/ShaderConductor/External/DirectXShaderCompiler/tools/clang/unittests/DxrFallback/ShaderTesterImpl.cpp,0,2,2
/media/ullmann/HDDGabriel/engines/UnrealEngine/Engine/Source/ThirdParty/Eigen/Eigen/src/Eigenvalues/SelfAdjointEigenSolver.h,0,1,1
/media/ullmann/HDDGabriel/engines/UnrealEngine/Engine/Source/Editor/DataTableEditor/Private/DataTableEditor.cpp,0,2,2
/media/ullmann/HDDGabriel/engines/UnrealEngine/Engine/Source/Editor/AudioEditor/Private/SoundCueEditor.cpp,0,2,2
/media/ullmann/HDDGabriel/engines/UnrealEngine/Engine/Source/Editor/ContentBrowserData/Public/ContentBrowserVirtualPathTree.h,1,1,2
/media/ullmann/HDDGabriel/engines/UnrealEngine/Engine/Source/ThirdParty/Intel/ISPCTexComp/ISPC HDR Texture Compressor/StopWatch.cpp,0,1,1
/media/ullmann/HDDGabriel/engines/UnrealEngine/Engine/Source/Editor/MovieSceneTools/Private/TrackEditors/PropertyTrackEditors/TransformPropertyTrackEditor.h,1,0,1
/media/ullmann/HDDGabriel/engines/UnrealEngine/Engine/Source/Runtime/D3D12RHI/Private/D3D12UniformBuffer.cpp,0,1,1
/media/ullmann/HDDGabriel/engines/UnrealEngine/Engine/Source/ThirdParty/ShaderConductor/ShaderConductor/External/DirectXShaderCompiler/lib/DxilDia/DxilDiaTableSourceFiles.cpp,0,2,2
/media/ullmann/HDDGabriel/engines/UnrealEngine/Engine/Source/ThirdParty/PhysX3/PhysX_3.4/Source/LowLevelParticles/src/PtHeightFieldAabbTest.h,1,0,1
/media/ullmann/HDDGabriel/engines/UnrealEngine/Engine/Source/Runtime/Core/Public/Misc/OutputDeviceFile.h,1,0,1
/media/ullmann/HDDGabriel/engines/UnrealEngine/Engine/Source/Developer/IOS/IOSPlatformEditor/Private/IOSTargetSettingsCustomization.cpp,0,4,4
/media/ullmann/HDDGabriel/engines/UnrealEngine/Engine/Source/ThirdParty/Alembic/alembic-1.8.2/python/PyAlembic/PyITypedScalarProperty.cpp,0,1,1
/media/ullmann/HDDGabriel/engines/UnrealEngine/Engine/Source/ThirdParty/Alembic/alembic-1.8.2/lib/Alembic/AbcMaterial/Tests/PrintMaterial.cpp,0,1,1
/media/ullmann/HDDGabriel/engines/UnrealEngine/Engine/Source/ThirdParty/ICU/icu4c-53_1/source/test/intltest/tstnrapi.cpp,0,1,1
/media/ullmann/HDDGabriel/engines/UnrealEngine/Engine/Source/ThirdParty/FreeImage/FreeImage-3.18.0/Source/LibJPEG/jaricom.c,0,2,2
/media/ullmann/HDDGabriel/engines/UnrealEngine/Engine/Source/ThirdParty/HarfBuzz/harfbuzz-1.2.4/src/hb-utf-private.hh,1,0,1
/media/ullmann/HDDGabriel/engines/UnrealEngine/Engine/Source/ThirdParty/OpenVDB/openvdb-8.1.0/openvdb/openvdb/tools/ChangeBackground.h,3,0,3
/media/ullmann/HDDGabriel/engines/UnrealEngine/Engine/Source/ThirdParty/PhysX3/PhysX_3.4/Source/Common/src/CmPtrTable.cpp,0,2,2
/media/ullmann/HDDGabriel/engines/UnrealEngine/Engine/Source/ThirdParty/PhysX3/PhysX_3.4/Source/Common/src/CmPtrTable.h,1,1,2
/media/ullmann/HDDGabriel/engines/UnrealEngine/Engine/Source/Runtime/Engine/Classes/DeviceProfiles/DeviceProfileManager.h,0,1,1
/media/ullmann/HDDGabriel/engines/UnrealEngine/Engine/Source/Runtime/Engine/Classes/DeviceProfiles/DeviceProfileMatching.h,1,0,1
/media/ullmann/HDDGabriel/engines/UnrealEngine/Engine/Source/ThirdParty/openexr/openexr-3.1.1/src/test/OpenEXRTest/testPreviewImage.cpp,0,1,1
/media/ullmann/HDDGabriel/engines/UnrealEngine/Engine/Source/Editor/Persona/Private/CurveViewerCommands.cpp,0,1,1
/media/ullmann/HDDGabriel/engines/UnrealEngine/Engine/Source/ThirdParty/ICU/icu4c-53_1/source/test/cintltst/ccurrtst.h,1,1,2
/media/ullmann/HDDGabriel/engines/UnrealEngine/Engine/Source/ThirdParty/PhysX3/APEX_1.4/module/destructible_legacy/include/autogen/DestructibleActorState_0p3.h,1,0,1
/media/ullmann/HDDGabriel/engines/UnrealEngine/Engine/Source/ThirdParty/PhysX3/PhysX_3.4/Source/PhysXExtensions/src/serialization/Xml/SnXmlSimpleXmlWriter.h,0,1,1
/media/ullmann/HDDGabriel/engines/UnrealEngine/Engine/Source/ThirdParty/PhysX3/PhysX_3.4/Source/PhysXExtensions/src/serialization/Xml/SnXmlMemoryPoolStreams.h,4,1,5
/media/ullmann/HDDGabriel/engines/UnrealEngine/Engine/Source/Runtime/UMG/Public/Components/VerticalBox.h,1,0,1
/media/ullmann/HDDGabriel/engines/UnrealEngine/Engine/Source/Runtime/AugmentedReality/Public/ARTrackableNotifyComponent.h,0,1,1
/media/ullmann/HDDGabriel/engines/UnrealEngine/Engine/Source/Editor/Sequencer/Private/SequencerObjectChangeListener.cpp,0,1,1
/media/ullmann/HDDGabriel/engines/UnrealEngine/Engine/Source/Editor/Sequencer/Private/SequencerObjectChangeListener.h,2,0,2
/media/ullmann/HDDGabriel/engines/UnrealEngine/Engine/Source/Runtime/Sockets/Private/Windows/SocketSubsystemWindows.h,1,1,2
/media/ullmann/HDDGabriel/engines/UnrealEngine/Engine/Source/ThirdParty/ICU/icu4c-64_1/source/test/intltest/reldatefmttest.cpp,0,2,2
/media/ullmann/HDDGabriel/engines/UnrealEngine/Engine/Source/ThirdParty/Windows/DirectX/Include/xnamathvector.inl,1,0,1
/media/ullmann/HDDGabriel/engines/UnrealEngine/Engine/Source/ThirdParty/OpenSubdiv/OpenSubdiv-3.4.4/regression/shapes/loop_toroidal_tet.h,1,0,1
/media/ullmann/HDDGabriel/engines/UnrealEngine/Engine/Source/ThirdParty/PhysX3/NvCloth/samples/SampleBase/utils/DebugLineRenderBuffer.cpp,0,1,1
/media/ullmann/HDDGabriel/engines/UnrealEngine/Engine/Source/ThirdParty/PhysX3/NvCloth/samples/SampleBase/utils/DebugLineRenderBuffer.h,1,0,1
/media/ullmann/HDDGabriel/engines/UnrealEngine/Engine/Source/ThirdParty/EOSSDK/SDK/Bin/Android/include/eos_p2p.h,0,1,1
/media/ullmann/HDDGabriel/engines/UnrealEngine/Engine/Source/ThirdParty/Intel/ISPC/ispc-1.17.0/examples/cpu/mandelbrot/mandelbrot.cpp,0,1,1
/media/ullmann/HDDGabriel/engines/UnrealEngine/Engine/Source/Programs/HeadlessChaos/Public/HeadlessChaosTestRaycast.h,0,1,1
/media/ullmann/HDDGabriel/engines/UnrealEngine/Engine/Source/ThirdParty/OpenSubdiv/OpenSubdiv-3.4.4/regression/common/shape_utils.cpp,0,1,1
/media/ullmann/HDDGabriel/engines/UnrealEngine/Engine/Source/ThirdParty/ICU/icu4c-53_1/source/common/unicode/ushape.h,1,0,1
/media/ullmann/HDDGabriel/engines/UnrealEngine/Engine/Source/Programs/Enterprise/Datasmith/DatasmithMaxExporter/Public/DatasmithMaxSceneParser.h,0,2,2
/media/ullmann/HDDGabriel/engines/UnrealEngine/Engine/Source/Editor/AnimGraph/Private/AnimBlueprintCompilationContext.cpp,0,2,2
/media/ullmann/HDDGabriel/engines/UnrealEngine/Engine/Source/ThirdParty/ICU/icu4c-64_1/source/samples/layout/ScriptCompositeFontInstance.cpp,0,2,2
/media/ullmann/HDDGabriel/engines/UnrealEngine/Engine/Source/Runtime/MovieSceneTracks/Public/Tracks/MovieScene3DTransformTrack.h,1,0,1
/media/ullmann/HDDGabriel/engines/UnrealEngine/Engine/Source/ThirdParty/libOpus/opus-1.1/silk/quant_LTP_gains.c,0,2,2
/media/ullmann/HDDGabriel/engines/UnrealEngine/Engine/Source/ThirdParty/CryptoPP/5.6.2/include/vmac.h,2,2,4
/media/ullmann/HDDGabriel/engines/UnrealEngine/Engine/Source/ThirdParty/Android/libunwind/libunwind/src/dwarf/Lexpr.c,0,1,1
/media/ullmann/HDDGabriel/engines/UnrealEngine/Engine/Source/ThirdParty/Android/libunwind/libunwind/src/dwarf/Gexpr.c,1,0,1
/media/ullmann/HDDGabriel/engines/UnrealEngine/Engine/Source/Runtime/Engine/Public/Net/UnrealNetwork.h,1,0,1
/media/ullmann/HDDGabriel/engines/UnrealEngine/Engine/Source/ThirdParty/libOpus/opus-1.0.3/silk/init_encoder.c,0,1,1
/media/ullmann/HDDGabriel/engines/UnrealEngine/Engine/Source/Editor/MainFrame/Private/Frame/MainFrameActions.h,1,0,1
/media/ullmann/HDDGabriel/engines/UnrealEngine/Engine/Source/Developer/AssetTools/Private/SPackageReportDialog.h,2,0,2
/media/ullmann/HDDGabriel/engines/UnrealEngine/Engine/Source/ThirdParty/MCPP/mcpp-2.7.2/src/expand.c,0,2,2
/media/ullmann/HDDGabriel/engines/UnrealEngine/Engine/Source/Runtime/CrashReportCore/Public/CrashDescription.h,1,0,1
/media/ullmann/HDDGabriel/engines/UnrealEngine/Engine/Source/Runtime/Renderer/Private/VirtualShadowMaps/VirtualShadowMapCacheManager.cpp,0,2,2
/media/ullmann/HDDGabriel/engines/UnrealEngine/Engine/Source/Programs/UnrealLightmass/Public/MaterialExport.h,1,0,1
/media/ullmann/HDDGabriel/engines/UnrealEngine/Engine/Source/ThirdParty/SDL2/SDL-gui-backend/src/timer/dummy/SDL_systimer.c,0,1,1
/media/ullmann/HDDGabriel/engines/UnrealEngine/Engine/Source/Editor/LandscapeEditor/Private/LandscapeEdModeMirrorTool.cpp,0,1,1
/media/ullmann/HDDGabriel/engines/UnrealEngine/Engine/Source/ThirdParty/FreeType2/FreeType2-2.10.0/src/pfr/pfrdrivr.h,1,0,1
/media/ullmann/HDDGabriel/engines/UnrealEngine/Engine/Source/ThirdParty/PhysX3/PxShared/src/pvd/include/PxPvdUserRenderer.h,0,2,2
/media/ullmann/HDDGabriel/engines/UnrealEngine/Engine/Source/ThirdParty/PhysX3/PxShared/src/pvd/include/PxPvdRenderBuffer.h,1,0,1
/media/ullmann/HDDGabriel/engines/UnrealEngine/Engine/Source/ThirdParty/FreeType2/FreeType2-2.4.12/src/smooth/ftsmooth.h,1,0,1
/media/ullmann/HDDGabriel/engines/UnrealEngine/Engine/Source/Runtime/Core/Public/Delegates/DelegateBase.h,3,0,3
/media/ullmann/HDDGabriel/engines/UnrealEngine/Engine/Source/ThirdParty/FreeImage/FreeImage-3.18.0/Source/FreeImage/PluginGIF.cpp,0,1,1
/media/ullmann/HDDGabriel/engines/UnrealEngine/Engine/Source/Editor/PropertyEditor/Private/DetailAdvancedDropdownNode.cpp,0,4,4
/media/ullmann/HDDGabriel/engines/UnrealEngine/Engine/Source/Editor/PropertyEditor/Private/DetailAdvancedDropdownNode.h,2,2,4
/media/ullmann/HDDGabriel/engines/UnrealEngine/Engine/Source/ThirdParty/SDL2/SDL-gui-backend/src/core/linux/SDL_evdev_kbd_default_accents.h,1,0,1
/media/ullmann/HDDGabriel/engines/UnrealEngine/Engine/Source/ThirdParty/openexr/openexr-3.1.1/src/bin/exrmultiview/main.cpp,0,2,2
/media/ullmann/HDDGabriel/engines/UnrealEngine/Engine/Source/ThirdParty/openexr/openexr-3.1.1/src/bin/exrmultiview/makeMultiView.h,2,1,3
/media/ullmann/HDDGabriel/engines/UnrealEngine/Engine/Source/ThirdParty/OpenVDB/Deploy/openvdb-8.1.0/include/openvdb/tools/VolumeToMesh.h,1,0,1
/media/ullmann/HDDGabriel/engines/UnrealEngine/Engine/Source/ThirdParty/Windows/DirectX/Include/D3D11_1.h,0,1,1
/media/ullmann/HDDGabriel/engines/UnrealEngine/Engine/Source/Runtime/Engine/Public/InstanceUniformShaderParameters.h,2,1,3
/media/ullmann/HDDGabriel/engines/UnrealEngine/Engine/Source/ThirdParty/PhysX3/APEX_1.4/module/clothing/include/autogen/ClothingModuleParameters.h,1,0,1
/media/ullmann/HDDGabriel/engines/UnrealEngine/Engine/Source/Developer/Windows/LiveCodingServer/Private/External/LC_Hook.cpp,0,2,2
/media/ullmann/HDDGabriel/engines/UnrealEngine/Engine/Source/ThirdParty/openexr/openexr-3.1.1/src/test/OpenEXRCoreTest/base_units.cpp,0,2,2
/media/ullmann/HDDGabriel/engines/UnrealEngine/Engine/Source/Developer/TargetDeviceServices/Private/TargetDeviceServicesModule.cpp,0,1,1
/media/ullmann/HDDGabriel/engines/UnrealEngine/Engine/Source/Developer/TargetDeviceServices/Private/TargetDeviceServicesPrivate.h,1,0,1
/media/ullmann/HDDGabriel/engines/UnrealEngine/Engine/Source/ThirdParty/mtlpp/mtlpp-master-7efad47/src/imp_Buffer.hpp,2,1,3
/media/ullmann/HDDGabriel/engines/UnrealEngine/Engine/Source/Editor/KismetCompiler/Private/KismetCompiler.cpp,0,1,1
/media/ullmann/HDDGabriel/engines/UnrealEngine/Engine/Source/Editor/KismetCompiler/Private/KismetCompilerBackend.h,2,0,2
/media/ullmann/HDDGabriel/engines/UnrealEngine/Engine/Source/ThirdParty/ICU/icu4c-53_1/source/i18n/nfsubs.cpp,0,2,2
/media/ullmann/HDDGabriel/engines/UnrealEngine/Engine/Source/Runtime/BinkAudioDecoder/SDK/BinkAudio/Src/mac_ticks.cpp,0,1,1
/media/ullmann/HDDGabriel/engines/UnrealEngine/Engine/Source/ThirdParty/ICU/icu4c-64_1/source/test/cintltst/cintltst.c,0,1,1
/media/ullmann/HDDGabriel/engines/UnrealEngine/Engine/Source/ThirdParty/WebRTC/4147/Include/third_party/libvpx/source/libvpx/vp8/encoder/mcomp.h,1,1,2
/media/ullmann/HDDGabriel/engines/UnrealEngine/Engine/Source/ThirdParty/openexr/openexr-3.1.1/src/test/IexTest/main.cpp,0,1,1
/media/ullmann/HDDGabriel/engines/UnrealEngine/Engine/Source/Runtime/Datasmith/DirectLink/Public/DirectLinkEndpoint.h,0,1,1
/media/ullmann/HDDGabriel/engines/UnrealEngine/Engine/Source/Runtime/Engine/Public/PrecomputedLightVolume.h,1,0,1
/media/ullmann/HDDGabriel/engines/UnrealEngine/Engine/Source/ThirdParty/WebRTC/4147/Include/third_party/libvpx/source/config/linux/arm64-highbd/vp9_rtcd.h,0,1,1
/media/ullmann/HDDGabriel/engines/UnrealEngine/Engine/Source/Runtime/Slate/Public/Framework/Layout/IScrollableWidget.h,3,0,3
/media/ullmann/HDDGabriel/engines/UnrealEngine/Engine/Source/Runtime/SlateCore/Public/Layout/PaintGeometry.h,1,0,1
/media/ullmann/HDDGabriel/engines/UnrealEngine/Engine/Source/Editor/StringTableEditor/Private/StringTableEditorModule.cpp,0,2,2
/media/ullmann/HDDGabriel/engines/UnrealEngine/Engine/Source/Runtime/FriendsAndChat/Public/FriendsListStyle.h,2,0,2
/media/ullmann/HDDGabriel/engines/UnrealEngine/Engine/Source/ThirdParty/ShaderConductor/ShaderConductor/External/DirectXShaderCompiler/lib/CodeGen/AsmPrinter/WinCodeViewLineTables.cpp,0,1,1
/media/ullmann/HDDGabriel/engines/UnrealEngine/Engine/Source/ThirdParty/ICU/icu4c-64_1/source/test/intltest/v32test.cpp,0,2,2
/media/ullmann/HDDGabriel/engines/UnrealEngine/Engine/Source/Editor/ContentBrowser/Private/SourcesViewWidgets.h,3,2,5
/media/ullmann/HDDGabriel/engines/UnrealEngine/Engine/Source/Editor/ContentBrowser/Private/CollectionViewTypes.h,2,0,2
/media/ullmann/HDDGabriel/engines/UnrealEngine/Engine/Source/Runtime/Core/Public/HAL/PreprocessorHelpers.h,2,0,2
/media/ullmann/HDDGabriel/engines/UnrealEngine/Engine/Source/ThirdParty/FreeType2/FreeType2-2.10.4/src/type42/t42types.h,1,0,1
/media/ullmann/HDDGabriel/engines/UnrealEngine/Engine/Source/ThirdParty/WebRTC/4147/Include/rtc_base/thread.h,0,1,1
/media/ullmann/HDDGabriel/engines/UnrealEngine/Engine/Source/ThirdParty/MCPP/mcpp-2.7.2/cpp-test/test-t/nest9.h,1,1,2
/media/ullmann/HDDGabriel/engines/UnrealEngine/Engine/Source/Editor/LocalizationDashboard/Private/SLocalizationTargetStatusButton.cpp,0,1,1
/media/ullmann/HDDGabriel/engines/UnrealEngine/Engine/Source/Editor/LocalizationDashboard/Private/SLocalizationTargetStatusButton.h,3,0,3
/media/ullmann/HDDGabriel/engines/UnrealEngine/Engine/Source/ThirdParty/FreeType2/FreeType2-2.10.0/src/base/fthash.c,1,0,1
/media/ullmann/HDDGabriel/engines/UnrealEngine/Engine/Source/Editor/UnrealEd/Public/EditorModeRegistry.h,3,0,3
/media/ullmann/HDDGabriel/engines/UnrealEngine/Engine/Source/ThirdParty/OpenXR/include/openxr/openxr_reflection.h,0,1,1
/media/ullmann/HDDGabriel/engines/UnrealEngine/Engine/Source/ThirdParty/SpeedTree/SpeedTreeDataBuffer/Platform.h,1,0,1
/media/ullmann/HDDGabriel/engines/UnrealEngine/Engine/Source/Runtime/Online/Stomp/Private/StompModule.cpp,0,2,2
/media/ullmann/HDDGabriel/engines/UnrealEngine/Engine/Source/ThirdParty/FreeImage/FreeImage-3.18.0/Source/OpenEXR/IlmImf/ImfOpaqueAttribute.cpp,0,2,2
/media/ullmann/HDDGabriel/engines/UnrealEngine/Engine/Source/ThirdParty/Boost/boost-1_70_0/include/boost/pointee.hpp,0,1,1
/media/ullmann/HDDGabriel/engines/UnrealEngine/Engine/Source/ThirdParty/CEF3/cef_binary_84.4.0+g304e015+chromium-84.0.4147.105_macosx64/tests/ceftests/urlrequest_unittest.cc,0,1,1
/media/ullmann/HDDGabriel/engines/UnrealEngine/Engine/Source/ThirdParty/rpclib/Source/include/rpc/msgpack/adaptor/vector_char.hpp,1,0,1
/media/ullmann/HDDGabriel/engines/UnrealEngine/Engine/Source/ThirdParty/PhysX3/PhysX_3.4/Source/PhysXExtensions/src/ExtFixedJoint.cpp,0,2,2
/media/ullmann/HDDGabriel/engines/UnrealEngine/Engine/Source/ThirdParty/ShaderConductor/ShaderConductor/External/DirectXShaderCompiler/lib/DxilDia/DxilDiaDataSource.cpp,0,2,2
/media/ullmann/HDDGabriel/engines/UnrealEngine/Engine/Source/ThirdParty/PhysX3/PhysX_3.4/Source/GeomUtils/src/GuBounds.h,2,3,5
/media/ullmann/HDDGabriel/engines/UnrealEngine/Engine/Source/Runtime/CoreUObject/Private/UObject/PropertyHelper.h,1,0,1
/media/ullmann/HDDGabriel/engines/UnrealEngine/Engine/Source/ThirdParty/ShaderConductor/ShaderConductor/External/DirectXShaderCompiler/include/llvm/DebugInfo/PDB/PDBSymbolBlock.h,0,2,2
/media/ullmann/HDDGabriel/engines/UnrealEngine/Engine/Source/ThirdParty/ICU/icu4c-64_1/source/samples/cal/cal.c,0,1,1
/media/ullmann/HDDGabriel/engines/UnrealEngine/Engine/Source/ThirdParty/ShaderConductor/ShaderConductor/External/DirectXShaderCompiler/tools/llvm-cov/CoverageViewOptions.h,3,1,4
/media/ullmann/HDDGabriel/engines/UnrealEngine/Engine/Source/Runtime/InteractiveToolsFramework/Public/BaseBehaviors/SingleClickOrDragBehavior.h,0,2,2
/media/ullmann/HDDGabriel/engines/UnrealEngine/Engine/Source/ThirdParty/PhysX3/APEX_1.4/module/destructible_legacy/include/autogen/DestructibleAssetParameters_0p10.h,1,0,1
/media/ullmann/HDDGabriel/engines/UnrealEngine/Engine/Source/ThirdParty/PhysX3/PhysX_3.4/Source/PhysX/src/particles/NpParticleBaseTemplate.h,1,0,1
/media/ullmann/HDDGabriel/engines/UnrealEngine/Engine/Source/ThirdParty/Python3/Win64/include/cpython/pyerrors.h,1,0,1
/media/ullmann/HDDGabriel/engines/UnrealEngine/Engine/Source/Runtime/Core/Public/Math/TranslationMatrix.h,3,0,3
/media/ullmann/HDDGabriel/engines/UnrealEngine/Engine/Source/ThirdParty/Intel/TBB/IntelTBB-2019u8/src/test/test_broadcast_node.cpp,0,1,1
/media/ullmann/HDDGabriel/engines/UnrealEngine/Engine/Source/ThirdParty/ShaderConductor/ShaderConductor/External/DirectXShaderCompiler/lib/Support/Windows/Memory.inc,1,0,1
/media/ullmann/HDDGabriel/engines/UnrealEngine/Engine/Source/ThirdParty/ShaderConductor/ShaderConductor/External/DirectXShaderCompiler/tools/clang/tools/diagtool/DiagTool.cpp,0,1,1
/media/ullmann/HDDGabriel/engines/UnrealEngine/Engine/Source/Runtime/Datasmith/CADKernel/Private/CADKernel/Topo/TopologyReport.cpp,0,1,1
/media/ullmann/HDDGabriel/engines/UnrealEngine/Engine/Source/Runtime/Datasmith/CADKernel/Private/CADKernel/Topo/TopologyReport.h,1,0,1
/media/ullmann/HDDGabriel/engines/UnrealEngine/Engine/Source/ThirdParty/HarfBuzz/harfbuzz-1.2.4/test/api/test-object.c,0,1,1
/media/ullmann/HDDGabriel/engines/UnrealEngine/Engine/Source/ThirdParty/PhysX3/NvCloth/src/NvSimd/neon/NvNeonSimd4f.h,1,0,1
/media/ullmann/HDDGabriel/engines/UnrealEngine/Engine/Source/ThirdParty/OpenVDB/openvdb-8.1.0/openvdb_ax/openvdb_ax/codegen/Types.cc,0,1,1
/media/ullmann/HDDGabriel/engines/UnrealEngine/Engine/Source/Runtime/Online/BuildPatchServices/Private/Installer/CloudChunkSource.h,1,0,1
/media/ullmann/HDDGabriel/engines/UnrealEngine/Engine/Source/Editor/PListEditor/Private/PListNodeDictionary.h,2,1,3
/media/ullmann/HDDGabriel/engines/UnrealEngine/Engine/Source/ThirdParty/FBX/2020.2/include/fbxsdk/scene/geometry/fbxnull.h,1,0,1
/media/ullmann/HDDGabriel/engines/UnrealEngine/Engine/Source/ThirdParty/FreeType2/FreeType2-2.10.4/src/base/ftglyph.c,0,1,1
/media/ullmann/HDDGabriel/engines/UnrealEngine/Engine/Source/ThirdParty/PhysX3/APEX_1.4/module/destructible_legacy/include/autogen/DestructibleActorParam_0p5.h,1,0,1
/media/ullmann/HDDGabriel/engines/UnrealEngine/Engine/Source/ThirdParty/Breakpad/src/client/minidump_file_writer_unittest.cc,0,1,1
/media/ullmann/HDDGabriel/engines/UnrealEngine/Engine/Source/ThirdParty/Breakpad/src/client/minidump_file_writer-inl.h,1,0,1
/media/ullmann/HDDGabriel/engines/UnrealEngine/Engine/Source/ThirdParty/PhysX3/APEX_1.4/NvParameterized/include/NvTraitsInternal.h,2,0,2
/media/ullmann/HDDGabriel/engines/UnrealEngine/Engine/Source/ThirdParty/ICU/icu4c-53_1/source/test/cintltst/cfrtst.h,1,1,2
/media/ullmann/HDDGabriel/engines/UnrealEngine/Engine/Source/ThirdParty/WebRTC/4147/Include/third_party/libvpx/source/config/linux/arm64-highbd/vpx_dsp_rtcd.h,0,1,1
/media/ullmann/HDDGabriel/engines/UnrealEngine/Engine/Source/ThirdParty/FreeType2/FreeType2-2.4.12/include/ft2build.h,0,1,1
/media/ullmann/HDDGabriel/engines/UnrealEngine/Engine/Source/ThirdParty/FreeType2/FreeType2-2.4.12/include/freetype/config/ftheader.h,1,0,1
/media/ullmann/HDDGabriel/engines/UnrealEngine/Engine/Source/Editor/Persona/Private/SAnimBlueprintParentPlayerList.cpp,0,2,2
/media/ullmann/HDDGabriel/engines/UnrealEngine/Engine/Source/ThirdParty/Vulkan/Include/vulkan/vk_platform.h,2,0,2
/media/ullmann/HDDGabriel/engines/UnrealEngine/Engine/Source/ThirdParty/FreeType2/FreeType2-2.4.12/src/psaux/t1cmap.h,2,0,2
/media/ullmann/HDDGabriel/engines/UnrealEngine/Engine/Source/Runtime/InteractiveToolsFramework/Public/BaseGizmos/IntervalGizmo.h,0,1,1
/media/ullmann/HDDGabriel/engines/UnrealEngine/Engine/Source/Runtime/InteractiveToolsFramework/Public/BaseGizmos/ParameterSourcesFloat.h,1,0,1
/media/ullmann/HDDGabriel/engines/UnrealEngine/Engine/Source/ThirdParty/Windows/DirectX/Include/D3Dcompiler.h,0,1,1
/media/ullmann/HDDGabriel/engines/UnrealEngine/Engine/Source/ThirdParty/Windows/DirectX/Include/d3d12shader.h,1,0,1
/media/ullmann/HDDGabriel/engines/UnrealEngine/Engine/Source/ThirdParty/Alembic/alembic-1.8.2/maya/AbcExport/MayaCameraWriter.cpp,0,1,1
/media/ullmann/HDDGabriel/engines/UnrealEngine/Engine/Source/ThirdParty/ICU/icu4c-64_1/source/common/unicode/ucpmap.h,1,0,1
/media/ullmann/HDDGabriel/engines/UnrealEngine/Engine/Source/ThirdParty/HarfBuzz/harfbuzz-2.4.0/src/hb-aat-layout-lcar-table.hh,1,0,1
/media/ullmann/HDDGabriel/engines/UnrealEngine/Engine/Source/ThirdParty/ICU/icu4c-64_1/source/test/cintltst/ccurrtst.h,1,1,2
/media/ullmann/HDDGabriel/engines/UnrealEngine/Engine/Source/ThirdParty/PhysX3/APEX_1.4/framework/include/autogen/BufferU16x1.h,1,0,1
/media/ullmann/HDDGabriel/engines/UnrealEngine/Engine/Source/Developer/MaterialBaking/Private/MaterialRenderItemData.cpp,0,1,1
/media/ullmann/HDDGabriel/engines/UnrealEngine/Engine/Source/Developer/Windows/LiveCoding/Private/External/LC_RunMode.h,2,0,2
/media/ullmann/HDDGabriel/engines/UnrealEngine/Engine/Source/Developer/Windows/LiveCoding/Private/External/LC_VirtualMemory.h,2,2,4
/media/ullmann/HDDGabriel/engines/UnrealEngine/Engine/Source/Developer/Windows/LiveCoding/Private/External/LC_VirtualMemoryTypes.h,1,0,1
/media/ullmann/HDDGabriel/engines/UnrealEngine/Engine/Source/Developer/TraceInsights/Private/Insights/LoadingProfiler/LoadingProfilerManager.cpp,0,1,1
/media/ullmann/HDDGabriel/engines/UnrealEngine/Engine/Source/Developer/TraceInsights/Private/Insights/LoadingProfiler/LoadingProfilerManager.h,1,0,1
/media/ullmann/HDDGabriel/engines/UnrealEngine/Engine/Source/Editor/BehaviorTreeEditor/Private/FindInBT.cpp,0,1,1
/media/ullmann/HDDGabriel/engines/UnrealEngine/Engine/Source/ThirdParty/ICU/icu4c-64_1/source/test/intltest/tztest.cpp,0,1,1
/media/ullmann/HDDGabriel/engines/UnrealEngine/Engine/Source/Runtime/UMG/Public/Animation/MovieScene2DTransformTrack.h,1,0,1
/media/ullmann/HDDGabriel/engines/UnrealEngine/Engine/Source/ThirdParty/MCPP/mcpp-2.7.2/cpp-test/test-t/long4095.h,1,0,1
/media/ullmann/HDDGabriel/engines/UnrealEngine/Engine/Source/ThirdParty/OpenSubdiv/OpenSubdiv-3.4.4/opensubdiv/hbr/creaseEdit.h,1,1,2
/media/ullmann/HDDGabriel/engines/UnrealEngine/Engine/Source/ThirdParty/HarfBuzz/harfbuzz-1.2.4/src/hb-ot-shape-complex-indic.cc,0,3,3
/media/ullmann/HDDGabriel/engines/UnrealEngine/Engine/Source/ThirdParty/HarfBuzz/harfbuzz-1.2.4/src/hb-ot-shape-complex-indic-machine.hh,1,0,1
/media/ullmann/HDDGabriel/engines/UnrealEngine/Engine/Source/ThirdParty/ICU/icu4c-53_1/source/i18n/vtzone.cpp,0,4,4
/media/ullmann/HDDGabriel/engines/UnrealEngine/Engine/Source/Runtime/RenderCore/Public/RenderUtils.h,1,2,3
/media/ullmann/HDDGabriel/engines/UnrealEngine/Engine/Source/ThirdParty/FreeImage/FreeImage-3.18.0/Source/Metadata/TagConversion.cpp,0,2,2
/media/ullmann/HDDGabriel/engines/UnrealEngine/Engine/Source/Editor/BlueprintGraph/Public/BlueprintActionFilter.h,1,1,2
/media/ullmann/HDDGabriel/engines/UnrealEngine/Engine/Source/Editor/BlueprintGraph/Public/BlueprintGraphModule.h,1,0,1
/media/ullmann/HDDGabriel/engines/UnrealEngine/Engine/Source/ThirdParty/Boost/boost-1_70_0/include/boost/operators.hpp,0,2,2
/media/ullmann/HDDGabriel/engines/UnrealEngine/Engine/Source/Developer/TargetPlatform/Public/Interfaces/ITargetDevice.h,2,0,2
/media/ullmann/HDDGabriel/engines/UnrealEngine/Engine/Source/Runtime/ImageWrapper/Private/Formats/ExrImageWrapper.cpp,0,1,1
/media/ullmann/HDDGabriel/engines/UnrealEngine/Engine/Source/ThirdParty/Intel/ISPC/ispc-1.17.0/src/util.cpp,0,2,2
/media/ullmann/HDDGabriel/engines/UnrealEngine/Engine/Source/Editor/AnimationBlueprintEditor/Private/AnimationNodes/SAnimNodeReference.cpp,0,1,1
/media/ullmann/HDDGabriel/engines/UnrealEngine/Engine/Source/Developer/Datasmith/DatasmithFacade/Public/DatasmithFacadeMaterialID.h,1,1,2
/media/ullmann/HDDGabriel/engines/UnrealEngine/Engine/Source/ThirdParty/SDL2/SDL-gui-backend/src/events/scancodes_linux.h,2,1,3
/media/ullmann/HDDGabriel/engines/UnrealEngine/Engine/Source/ThirdParty/openexr/openexr-3.1.1/src/lib/OpenEXR/dwaLookups.h,1,0,1
/media/ullmann/HDDGabriel/engines/UnrealEngine/Engine/Source/ThirdParty/ICU/icu4c-64_1/source/test/intltest/pptest.cpp,0,1,1
/media/ullmann/HDDGabriel/engines/UnrealEngine/Engine/Source/ThirdParty/ShaderConductor/ShaderConductor/External/DirectXShaderCompiler/tools/llvm-mc/Disassembler.cpp,0,1,1
/media/ullmann/HDDGabriel/engines/UnrealEngine/Engine/Source/Runtime/Renderer/Private/HairStrands/HairStrandsTransmittance.cpp,0,6,6
/media/ullmann/HDDGabriel/engines/UnrealEngine/Engine/Source/ThirdParty/openexr/openexr-3.1.1/src/test/OpenEXRTest/testTiledCompression.cpp,0,3,3
/media/ullmann/HDDGabriel/engines/UnrealEngine/Engine/Source/Editor/LocalizationDashboard/Private/SLocalizationTargetEditorCultureRow.cpp,0,1,1
/media/ullmann/HDDGabriel/engines/UnrealEngine/Engine/Source/ThirdParty/PhysX3/APEX_1.4/module/clothing_legacy/include/autogen/ClothingMaterialLibraryParameters_0p10.h,1,0,1
/media/ullmann/HDDGabriel/engines/UnrealEngine/Engine/Source/Programs/UnrealHeaderTool/Private/EngineAPI.cpp,0,1,1
/media/ullmann/HDDGabriel/engines/UnrealEngine/Engine/Source/ThirdParty/Imath/Imath-3.1.3/src/ImathTest/half_perf_test.cpp,0,1,1
/media/ullmann/HDDGabriel/engines/UnrealEngine/Engine/Source/ThirdParty/libOpus/opus-1.3.1-12/celt/mips/vq_mipsr1.h,1,0,1
/media/ullmann/HDDGabriel/engines/UnrealEngine/Engine/Source/ThirdParty/ICU/icu4c-64_1/source/test/intltest/tsnmfmt.cpp,0,1,1
/media/ullmann/HDDGabriel/engines/UnrealEngine/Engine/Source/ThirdParty/Intel/TBB/IntelTBB-2019u8/src/test/test_eh_algorithms.cpp,0,4,4
/media/ullmann/HDDGabriel/engines/UnrealEngine/Engine/Source/ThirdParty/ICU/icu4c-53_1/source/common/uobject.cpp,0,2,2
/media/ullmann/HDDGabriel/engines/UnrealEngine/Engine/Source/Editor/Sequencer/Public/ISequencerObjectChangeListener.h,0,2,2
/media/ullmann/HDDGabriel/engines/UnrealEngine/Engine/Source/Runtime/MovieScene/Public/Compilation/MovieSceneSegmentCompiler.h,1,0,1
/media/ullmann/HDDGabriel/engines/UnrealEngine/Engine/Source/ThirdParty/ShaderConductor/ShaderConductor/External/DirectXShaderCompiler/tools/clang/lib/StaticAnalyzer/Checkers/CheckerDocumentation.cpp,0,1,1
/media/ullmann/HDDGabriel/engines/UnrealEngine/Engine/Source/ThirdParty/SDL2/SDL-gui-backend/src/thread/windows/SDL_systls.c,0,3,3
/media/ullmann/HDDGabriel/engines/UnrealEngine/Engine/Source/Runtime/Online/BuildPatchServices/Private/Core/ProcessTimer.h,1,0,1
/media/ullmann/HDDGabriel/engines/UnrealEngine/Engine/Source/Editor/AnimGraph/Public/AnimGraphNode_PoseDriver.h,0,1,1
/media/ullmann/HDDGabriel/engines/UnrealEngine/Engine/Source/ThirdParty/PhysX3/PhysX_3.4/Include/common/PxStringTable.h,1,0,1
/media/ullmann/HDDGabriel/engines/UnrealEngine/Engine/Source/Developer/TargetDeviceServices/Private/Services/TargetDeviceService.cpp,0,1,1
/media/ullmann/HDDGabriel/engines/UnrealEngine/Engine/Source/Developer/TargetDeviceServices/Private/Services/TargetDeviceService.h,2,0,2
/media/ullmann/HDDGabriel/engines/UnrealEngine/Engine/Source/Runtime/MovieScene/Public/MovieSceneBinding.h,1,0,1
/media/ullmann/HDDGabriel/engines/UnrealEngine/Engine/Source/ThirdParty/ShaderConductor/ShaderConductor/External/DirectXShaderCompiler/include/llvm/DebugInfo/PDB/PDBSymbolAnnotation.h,0,2,2
/media/ullmann/HDDGabriel/engines/UnrealEngine/Engine/Source/ThirdParty/Oculus/LibOVRPlatform/LibOVRPlatform/include/OVR_VoipMuteState.h,2,1,3
/media/ullmann/HDDGabriel/engines/UnrealEngine/Engine/Source/Developer/ProfilerService/Private/ProfilerServiceFileTransfer.cpp,0,1,1
/media/ullmann/HDDGabriel/engines/UnrealEngine/Engine/Source/ThirdParty/PhysX3/PxShared/src/foundation/include/PsTempAllocator.h,2,1,3
/media/ullmann/HDDGabriel/engines/UnrealEngine/Engine/Source/ThirdParty/ShaderConductor/ShaderConductor/External/DirectXShaderCompiler/tools/llvm-pdbdump/CompilandDumper.cpp,0,4,4
/media/ullmann/HDDGabriel/engines/UnrealEngine/Engine/Source/ThirdParty/PhysX3/PhysX_3.4/Source/PhysX/src/cloth/NpClothParticleData.cpp,0,2,2
/media/ullmann/HDDGabriel/engines/UnrealEngine/Engine/Source/Editor/WorldBrowser/Private/LevelCollectionModel.cpp,0,2,2
/media/ullmann/HDDGabriel/engines/UnrealEngine/Engine/Source/ThirdParty/zlib/v1.2.8/include/Mac/zlib.h,0,1,1
/media/ullmann/HDDGabriel/engines/UnrealEngine/Engine/Source/ThirdParty/zlib/v1.2.8/include/Mac/zconf.h,1,0,1
/media/ullmann/HDDGabriel/engines/UnrealEngine/Engine/Source/ThirdParty/PhysX3/PhysX_3.4/Source/GeomUtils/src/GuMTD.h,2,0,2
/media/ullmann/HDDGabriel/engines/UnrealEngine/Engine/Source/ThirdParty/ICU/icu4c-53_1/source/common/errorcode.cpp,0,2,2
/media/ullmann/HDDGabriel/engines/UnrealEngine/Engine/Source/ThirdParty/ICU/icu4c-53_1/source/common/unicode/errorcode.h,1,0,1
/media/ullmann/HDDGabriel/engines/UnrealEngine/Engine/Source/ThirdParty/ICU/icu4c-64_1/source/test/intltest/nptrans.cpp,0,2,2
/media/ullmann/HDDGabriel/engines/UnrealEngine/Engine/Source/Editor/ContentBrowser/Private/SAssetPicker.h,4,0,4
/media/ullmann/HDDGabriel/engines/UnrealEngine/Engine/Source/Editor/Persona/Private/Customization/InterpolationParameterDetails.h,1,0,1
/media/ullmann/HDDGabriel/engines/UnrealEngine/Engine/Source/ThirdParty/ShaderConductor/ShaderConductor/External/DirectXShaderCompiler/tools/clang/lib/StaticAnalyzer/Checkers/CastSizeChecker.cpp,0,1,1
/media/ullmann/HDDGabriel/engines/UnrealEngine/Engine/Source/ThirdParty/Boost/boost-1_70_0/include/boost/spirit/home/support/detail/lexer/parser/tokeniser/re_tokeniser_state.hpp,1,2,3
/media/ullmann/HDDGabriel/engines/UnrealEngine/Engine/Source/ThirdParty/Crunch/src/crnlib/lzma_Bcj2.cpp,0,2,2
/media/ullmann/HDDGabriel/engines/UnrealEngine/Engine/Source/ThirdParty/Crunch/src/crnlib/lzma_Bcj2.h,1,1,2
/media/ullmann/HDDGabriel/engines/UnrealEngine/Engine/Source/ThirdParty/PhysX3/PhysX_3.4/Source/GeomUtils/src/mesh/GuMeshQuery.cpp,0,1,1
/media/ullmann/HDDGabriel/engines/UnrealEngine/Engine/Source/ThirdParty/MCPP/mcpp-2.7.2/cpp-test/test-l/nest23.h,1,1,2
/media/ullmann/HDDGabriel/engines/UnrealEngine/Engine/Source/Runtime/UMG/Public/Components/WrapBoxSlot.h,1,0,1
/media/ullmann/HDDGabriel/engines/UnrealEngine/Engine/Source/ThirdParty/SDL2/SDL-gui-backend/src/core/openbsd/SDL_wscons_kbd.c,0,3,3
/media/ullmann/HDDGabriel/engines/UnrealEngine/Engine/Source/Developer/LauncherServices/Private/Launcher/Launcher.h,1,0,1
/media/ullmann/HDDGabriel/engines/UnrealEngine/Engine/Source/ThirdParty/Android/libunwind/libunwind/src/sh/Lstep.c,0,1,1
/media/ullmann/HDDGabriel/engines/UnrealEngine/Engine/Source/ThirdParty/Android/libunwind/libunwind/src/sh/Gstep.c,1,2,3
/media/ullmann/HDDGabriel/engines/UnrealEngine/Engine/Source/ThirdParty/ICU/icu4c-64_1/source/i18n/csrmbcs.cpp,0,2,2
/media/ullmann/HDDGabriel/engines/UnrealEngine/Engine/Source/Runtime/SlateCore/Private/Debugging/WidgetList.cpp,0,1,1
/media/ullmann/HDDGabriel/engines/UnrealEngine/Engine/Source/Runtime/SlateCore/Private/Debugging/WidgetList.h,1,0,1
/media/ullmann/HDDGabriel/engines/UnrealEngine/Engine/Source/Runtime/SlateCore/Public/Rendering/RenderingCommon.h,2,0,2
/media/ullmann/HDDGabriel/engines/UnrealEngine/Engine/Source/ThirdParty/ICU/icu4c-53_1/source/test/cintltst/utexttst.c,0,1,1
/media/ullmann/HDDGabriel/engines/UnrealEngine/Engine/Source/ThirdParty/FreeType2/FreeType2-2.10.0/src/pcf/pcfread.h,2,0,2
/media/ullmann/HDDGabriel/engines/UnrealEngine/Engine/Source/ThirdParty/Crunch/src/crunch/crunch.cpp,0,2,2
/media/ullmann/HDDGabriel/engines/UnrealEngine/Engine/Source/ThirdParty/Crunch/src/crunch/corpus_gen.h,2,0,2
/media/ullmann/HDDGabriel/engines/UnrealEngine/Engine/Source/Developer/DeviceManager/Private/Widgets/Browser/SDeviceBrowser.cpp,0,1,1
/media/ullmann/HDDGabriel/engines/UnrealEngine/Engine/Source/Developer/DeviceManager/Private/Widgets/Browser/SDeviceBrowser.h,1,0,1
/media/ullmann/HDDGabriel/engines/UnrealEngine/Engine/Source/Runtime/Datasmith/DirectLink/Private/DirectLinkStreamReceiver.cpp,0,2,2
/media/ullmann/HDDGabriel/engines/UnrealEngine/Engine/Source/ThirdParty/FreeType2/FreeType2-2.10.4/src/base/ftstream.c,1,0,1
/media/ullmann/HDDGabriel/engines/UnrealEngine/Engine/Source/Developer/TraceServices/Private/Analyzers/CsvProfilerTraceAnalysis.cpp,0,1,1
/media/ullmann/HDDGabriel/engines/UnrealEngine/Engine/Source/Developer/TraceServices/Private/Analyzers/CsvProfilerTraceAnalysis.h,1,0,1
/media/ullmann/HDDGabriel/engines/UnrealEngine/Engine/Source/ThirdParty/FreeType2/FreeType2-2.10.0/src/base/md5.h,1,0,1
/media/ullmann/HDDGabriel/engines/UnrealEngine/Engine/Source/ThirdParty/ICU/icu4c-53_1/source/tools/toolutil/flagparser.c,0,2,2
/media/ullmann/HDDGabriel/engines/UnrealEngine/Engine/Source/ThirdParty/ICU/icu4c-53_1/source/tools/toolutil/flagparser.h,1,0,1
/media/ullmann/HDDGabriel/engines/UnrealEngine/Engine/Source/ThirdParty/CEF3/cef_binary_84.4.0+g304e015+chromium-84.0.4147.105_macosx64/tests/ceftests/image_util.cc,0,1,1
/media/ullmann/HDDGabriel/engines/UnrealEngine/Engine/Source/ThirdParty/FreeType2/FreeType2-2.10.0/builds/vms/ftsystem.c,0,1,1
/media/ullmann/HDDGabriel/engines/UnrealEngine/Engine/Source/ThirdParty/FreeType2/FreeType2-2.10.0/builds/vms/ftconfig.h,1,0,1
/media/ullmann/HDDGabriel/engines/UnrealEngine/Engine/Source/ThirdParty/MCPP/mcpp-2.7.2/test-l/nest33.h,1,1,2
/media/ullmann/HDDGabriel/engines/UnrealEngine/Engine/Source/ThirdParty/ICU/icu4c-53_1/source/test/intltest/dtfmapts.cpp,0,1,1
/media/ullmann/HDDGabriel/engines/UnrealEngine/Engine/Source/ThirdParty/ICU/icu4c-53_1/source/test/intltest/intltest.cpp,0,3,3
/media/ullmann/HDDGabriel/engines/UnrealEngine/Engine/Source/Developer/AssetTools/Private/AssetTypeActions/AssetTypeActions_StaticMesh.h,1,0,1
/media/ullmann/HDDGabriel/engines/UnrealEngine/Engine/Source/Programs/UnrealLightmass/Private/Lighting/LightmapData.cpp,0,1,1
/media/ullmann/HDDGabriel/engines/UnrealEngine/Engine/Source/Runtime/Engine/Private/World.cpp,0,1,1
/media/ullmann/HDDGabriel/engines/UnrealEngine/Engine/Source/ThirdParty/Boost/boost-1_70_0/include/boost/asio/yield.hpp,0,1,1
/media/ullmann/HDDGabriel/engines/UnrealEngine/Engine/Source/ThirdParty/Boost/boost-1_70_0/include/boost/asio/coroutine.hpp,1,0,1
/media/ullmann/HDDGabriel/engines/UnrealEngine/Engine/Source/Runtime/RenderCore/Public/RenderGraphTextureSubresource.h,1,1,2
/media/ullmann/HDDGabriel/engines/UnrealEngine/Engine/Source/ThirdParty/HarfBuzz/harfbuzz-1.2.4/src/hb-ot-tag.cc,0,1,1
/media/ullmann/HDDGabriel/engines/UnrealEngine/Engine/Source/ThirdParty/ShaderConductor/ShaderConductor/External/DirectXShaderCompiler/lib/CodeGen/MIRParser/MIParser.cpp,0,2,2
/media/ullmann/HDDGabriel/engines/UnrealEngine/Engine/Source/ThirdParty/PhysX3/APEX_1.4/module/destructible/fracture/IslandDetector.h,2,2,4
/media/ullmann/HDDGabriel/engines/UnrealEngine/Engine/Source/ThirdParty/libOpus/opus-1.1/silk/sum_sqr_shift.c,0,1,1
/media/ullmann/HDDGabriel/engines/UnrealEngine/Engine/Source/ThirdParty/CryptoPP/5.6.5/include/tftables.cpp,0,3,3
/media/ullmann/HDDGabriel/engines/UnrealEngine/Engine/Source/ThirdParty/MCPP/mcpp-2.7.2/cpp-test/test-l/nest44.h,1,1,2
/media/ullmann/HDDGabriel/engines/UnrealEngine/Engine/Source/ThirdParty/ICU/icu4c-64_1/source/tools/toolutil/denseranges.cpp,0,1,1
/media/ullmann/HDDGabriel/engines/UnrealEngine/Engine/Source/ThirdParty/ICU/icu4c-64_1/source/tools/toolutil/denseranges.h,1,0,1
/media/ullmann/HDDGabriel/engines/UnrealEngine/Engine/Source/ThirdParty/libOpus/opus-1.0.3/silk/tables_pitch_lag.c,0,1,1
/media/ullmann/HDDGabriel/engines/UnrealEngine/Engine/Source/Programs/UnrealFrontend/Private/Commands/LaunchFromProfileCommand.h,1,0,1
/media/ullmann/HDDGabriel/engines/UnrealEngine/Engine/Source/Runtime/Core/Public/Apple/ApplePlatformRunnableThread.h,0,1,1
/media/ullmann/HDDGabriel/engines/UnrealEngine/Engine/Source/ThirdParty/libWebSockets/libwebsockets/include/Android/ARM64/libwebsockets.h,0,1,1
/media/ullmann/HDDGabriel/engines/UnrealEngine/Engine/Source/ThirdParty/libWebSockets/libwebsockets/include/Android/ARM64/lws_config.h,1,0,1
/media/ullmann/HDDGabriel/engines/UnrealEngine/Engine/Source/ThirdParty/ShaderConductor/ShaderConductor/External/DirectXShaderCompiler/lib/DxilDia/DxilDia.cpp,0,1,1
/media/ullmann/HDDGabriel/engines/UnrealEngine/Engine/Source/ThirdParty/ICU/icu4c-53_1/source/i18n/decfmtst.cpp,0,2,2
/media/ullmann/HDDGabriel/engines/UnrealEngine/Engine/Source/Developer/AssetTools/Private/AssetTypeActions/AssetTypeActions_AnimMontage.h,1,0,1
/media/ullmann/HDDGabriel/engines/UnrealEngine/Engine/Source/ThirdParty/ShaderConductor/ShaderConductor/External/DirectXShaderCompiler/lib/IR/DebugLoc.cpp,0,1,1
/media/ullmann/HDDGabriel/engines/UnrealEngine/Engine/Source/ThirdParty/WebRTC/4147/Include/base/third_party/symbolize/config.h,2,0,2
/media/ullmann/HDDGabriel/engines/UnrealEngine/Engine/Source/ThirdParty/ICU/icu4c-64_1/source/samples/date/uprint.c,0,1,1
/media/ullmann/HDDGabriel/engines/UnrealEngine/Engine/Source/Runtime/Core/Public/ProfilingDebugging/ProfilingHelpers.h,1,0,1
/media/ullmann/HDDGabriel/engines/UnrealEngine/Engine/Source/Runtime/Windows/D3D11RHI/Private/D3D11RenderTarget.cpp,0,1,1
/media/ullmann/HDDGabriel/engines/UnrealEngine/Engine/Source/ThirdParty/FreeType2/FreeType2-2.10.0/src/autofit/aflatin2.h,2,1,3
/media/ullmann/HDDGabriel/engines/UnrealEngine/Engine/Source/Editor/ViewportInteraction/Public/MouseCursorInteractor.h,0,1,1
/media/ullmann/HDDGabriel/engines/UnrealEngine/Engine/Source/ThirdParty/openexr/openexr-3.1.1/src/lib/Iex/IexForward.h,1,1,2
/media/ullmann/HDDGabriel/engines/UnrealEngine/Engine/Source/ThirdParty/FBX/2020.2/include/fbxsdk/scene/fbxlibrary.h,1,0,1
/media/ullmann/HDDGabriel/engines/UnrealEngine/Engine/Source/Runtime/Core/Public/Misc/ScopedSlowTask.h,1,0,1
/media/ullmann/HDDGabriel/engines/UnrealEngine/Engine/Source/Editor/SceneOutliner/Private/SceneOutlinerModule.cpp,0,4,4
/media/ullmann/HDDGabriel/engines/UnrealEngine/Engine/Source/Editor/SceneOutliner/Private/SceneOutlinerActorInfoColumn.h,2,0,2
/media/ullmann/HDDGabriel/engines/UnrealEngine/Engine/Source/ThirdParty/FreeType2/FreeType2-2.4.12/src/truetype/ttsubpix.c,1,1,2
/media/ullmann/HDDGabriel/engines/UnrealEngine/Engine/Source/ThirdParty/PhysX3/APEX_1.4/module/destructible_legacy/include/autogen/DestructibleAssetParameters_0p0.h,1,0,1
/media/ullmann/HDDGabriel/engines/UnrealEngine/Engine/Source/ThirdParty/Boost/boost-1_70_0/include/boost/outcome/experimental/status-code/errored_status_code.hpp,1,2,3
/media/ullmann/HDDGabriel/engines/UnrealEngine/Engine/Source/Editor/AnimGraph/Public/AnimGraphNode_RandomPlayer.h,0,1,1
/media/ullmann/HDDGabriel/engines/UnrealEngine/Engine/Source/Editor/ClassViewer/Private/UnloadedBlueprintData.cpp,0,1,1
/media/ullmann/HDDGabriel/engines/UnrealEngine/Engine/Source/Runtime/TraceLog/Public/Trace/Detail/Protocols/Protocol2.h,1,0,1
/media/ullmann/HDDGabriel/engines/UnrealEngine/Engine/Source/ThirdParty/FreeType2/FreeType2-2.10.0/src/base/ftstream.c,1,0,1
/media/ullmann/HDDGabriel/engines/UnrealEngine/Engine/Source/ThirdParty/FreeType2/FreeType2-2.10.0/src/cid/cidobjs.h,1,0,1
/media/ullmann/HDDGabriel/engines/UnrealEngine/Engine/Source/Developer/TraceInsights/Private/Insights/Widgets/SFilterConfigurator.cpp,0,1,1
/media/ullmann/HDDGabriel/engines/UnrealEngine/Engine/Source/Developer/TraceInsights/Private/Insights/Widgets/SFilterConfigurator.h,1,0,1
/media/ullmann/HDDGabriel/engines/UnrealEngine/Engine/Source/ThirdParty/PhysX3/NvCloth/samples/SampleBase/utils/JobManager.h,2,1,3
/media/ullmann/HDDGabriel/engines/UnrealEngine/Engine/Source/Runtime/Renderer/Private/VT/TexturePageMap.h,2,1,3
/media/ullmann/HDDGabriel/engines/UnrealEngine/Engine/Source/ThirdParty/OpenVDB/openvdb-8.1.0/openvdb_houdini/openvdb_houdini/geometry.cc,0,1,1
/media/ullmann/HDDGabriel/engines/UnrealEngine/Engine/Source/ThirdParty/OpenVDB/openvdb-8.1.0/openvdb_houdini/openvdb_houdini/geometry.h,1,0,1
/media/ullmann/HDDGabriel/engines/UnrealEngine/Engine/Source/ThirdParty/ICU/icu4c-64_1/source/test/intltest/astrotst.cpp,0,1,1
/media/ullmann/HDDGabriel/engines/UnrealEngine/Engine/Source/ThirdParty/Windows/DirectXLegacy/Include/xact3.h,0,1,1
/media/ullmann/HDDGabriel/engines/UnrealEngine/Engine/Source/ThirdParty/Windows/DirectXLegacy/Include/xact3wb.h,1,2,3
/media/ullmann/HDDGabriel/engines/UnrealEngine/Engine/Source/ThirdParty/Android/libunwind/libunwind/src/mips/Ginit.c,1,1,2
/media/ullmann/HDDGabriel/engines/UnrealEngine/Engine/Source/Editor/BlueprintGraph/Classes/K2Node_GetEnumeratorNameAsString.h,0,1,1
/media/ullmann/HDDGabriel/engines/UnrealEngine/Engine/Source/Editor/BlueprintGraph/Classes/K2Node_GetEnumeratorName.h,1,1,2
/media/ullmann/HDDGabriel/engines/UnrealEngine/Engine/Source/Editor/DerivedDataEditor/Private/DerivedDataCacheNotifications.cpp,0,1,1
/media/ullmann/HDDGabriel/engines/UnrealEngine/Engine/Source/Editor/UMGEditor/Private/BlueprintModes/WidgetDesignerApplicationMode.h,1,0,1
/media/ullmann/HDDGabriel/engines/UnrealEngine/Engine/Source/Runtime/Engine/Private/Materials/HLSLMaterialDerivativeAutogen.cpp,0,2,2
/media/ullmann/HDDGabriel/engines/UnrealEngine/Engine/Source/Runtime/Engine/Private/Materials/HLSLMaterialDerivativeAutogen.h,2,0,2
/media/ullmann/HDDGabriel/engines/UnrealEngine/Engine/Source/ThirdParty/PhysX3/APEX_1.4/module/framework_legacy/include/autogen/BufferU8x4_0p0.h,1,0,1
/media/ullmann/HDDGabriel/engines/UnrealEngine/Engine/Source/ThirdParty/Alembic/alembic-1.8.2/arnold/Procedural/ArbGeomParams.cpp,0,1,1
/media/ullmann/HDDGabriel/engines/UnrealEngine/Engine/Source/Editor/Persona/Private/PersonaToolkit.h,2,0,2
/media/ullmann/HDDGabriel/engines/UnrealEngine/Engine/Source/ThirdParty/OpenVDB/openvdb-8.1.0/openvdb/openvdb/unittest/TestGradient.cc,0,1,1
/media/ullmann/HDDGabriel/engines/UnrealEngine/Engine/Source/ThirdParty/SDL2/SDL-gui-backend/src/core/openbsd/SDL_wscons_mouse.c,0,2,2
/media/ullmann/HDDGabriel/engines/UnrealEngine/Engine/Source/ThirdParty/FBX/2020.2/include/fbxsdk/scene/constraint/fbxconstraintrotation.h,1,0,1
/media/ullmann/HDDGabriel/engines/UnrealEngine/Engine/Source/ThirdParty/Python3/Mac/include/cpython/tupleobject.h,1,0,1
/media/ullmann/HDDGabriel/engines/UnrealEngine/Engine/Source/Editor/PropertyEditor/Private/UserInterface/PropertyEditor/SPropertyEditorArray.h,1,0,1
/media/ullmann/HDDGabriel/engines/UnrealEngine/Engine/Source/ThirdParty/openexr/openexr-3.1.1/src/lib/OpenEXRCore/internal_opaque.h,1,0,1
/media/ullmann/HDDGabriel/engines/UnrealEngine/Engine/Source/Runtime/Engine/Classes/Engine/SkeletalMeshLODSettings.h,1,1,2
/media/ullmann/HDDGabriel/engines/UnrealEngine/Engine/Source/ThirdParty/ICU/icu4c-53_1/source/common/unistr_props.cpp,0,4,4
/media/ullmann/HDDGabriel/engines/UnrealEngine/Engine/Source/ThirdParty/PhysX3/APEX_1.4/module/clothing_legacy/include/autogen/ClothingActorParam_0p10.h,1,0,1
/media/ullmann/HDDGabriel/engines/UnrealEngine/Engine/Source/Developer/GameplayDebugger/Private/Editor/GameplayDebuggerInputConfigCustomization.h,1,0,1
/media/ullmann/HDDGabriel/engines/UnrealEngine/Engine/Source/ThirdParty/MCPP/mcpp-2.7.2/test-c/m_34_utf8.c,0,1,1
/media/ullmann/HDDGabriel/engines/UnrealEngine/Engine/Source/ThirdParty/llvm/8/include/llvm/BinaryFormat/ELFRelocs/AMDGPU.def,1,0,1
/media/ullmann/HDDGabriel/engines/UnrealEngine/Engine/Source/ThirdParty/nvTextureTools/nvTextureTools-2.0.8/src/src/nvtt/squish/config.h,1,0,1
/media/ullmann/HDDGabriel/engines/UnrealEngine/Engine/Source/Editor/PropertyEditor/Private/UserInterface/PropertyTable/PropertyTableWidgetHandle.h,1,0,1
/media/ullmann/HDDGabriel/engines/UnrealEngine/Engine/Source/ThirdParty/OpenVDB/openvdb-8.1.0/openvdb_ax/openvdb_ax/test/frontend/TestDeclareLocalNode.cc,0,1,1
/media/ullmann/HDDGabriel/engines/UnrealEngine/Engine/Source/Editor/AnimGraph/Private/AnimBlueprintExtension_Base.cpp,0,1,1
/media/ullmann/HDDGabriel/engines/UnrealEngine/Engine/Source/Runtime/Engine/Private/TextureDerivedDataBuildUtils.cpp,0,1,1
/media/ullmann/HDDGabriel/engines/UnrealEngine/Engine/Source/Runtime/Engine/Private/TextureDerivedDataBuildUtils.h,2,0,2
/media/ullmann/HDDGabriel/engines/UnrealEngine/Engine/Source/ThirdParty/FreeImage/FreeImage-3.18.0/Source/OpenEXR/IlmImf/ImfPreviewImage.h,3,2,5
/media/ullmann/HDDGabriel/engines/UnrealEngine/Engine/Source/ThirdParty/openexr/openexr-3.1.1/src/examples/previewImageExamples.h,1,0,1
/media/ullmann/HDDGabriel/engines/UnrealEngine/Engine/Source/ThirdParty/libPNG/libPNG-1.5.2/pngconf.h,1,0,1
/media/ullmann/HDDGabriel/engines/UnrealEngine/Engine/Source/ThirdParty/WebRTC/4147/Include/modules/video_coding/frame_buffer2.h,0,1,1
/media/ullmann/HDDGabriel/engines/UnrealEngine/Engine/Source/Developer/ShaderFormatVectorVM/Private/VectorVMBackend.cpp,0,1,1
/media/ullmann/HDDGabriel/engines/UnrealEngine/Engine/Source/ThirdParty/ICU/icu4c-53_1/source/i18n/regextxt.cpp,0,1,1
/media/ullmann/HDDGabriel/engines/UnrealEngine/Engine/Source/Developer/DerivedDataCache/Private/DerivedDataCacheRecord.cpp,0,1,1
/media/ullmann/HDDGabriel/engines/UnrealEngine/Engine/Source/ThirdParty/PhysX3/APEX_1.4/module/clothing_legacy/include/autogen/ClothingAssetParameters_0p9.h,1,0,1
/media/ullmann/HDDGabriel/engines/UnrealEngine/Engine/Source/ThirdParty/OpenVDB/openvdb-8.1.0/openvdb/openvdb/tree/TreeIterator.h,1,0,1
/media/ullmann/HDDGabriel/engines/UnrealEngine/Engine/Source/Runtime/Renderer/Private/HairStrands/HairStrandsRendering.cpp,0,2,2
/media/ullmann/HDDGabriel/engines/UnrealEngine/Engine/Source/ThirdParty/FBX/2020.2/include/fbxsdk/scene/geometry/fbxblendshapechannel.h,1,0,1
/media/ullmann/HDDGabriel/engines/UnrealEngine/Engine/Source/ThirdParty/libOpus/opus-1.3.1-12/silk/log2lin.c,0,1,1
/media/ullmann/HDDGabriel/engines/UnrealEngine/Engine/Source/ThirdParty/PhysX3/PhysX_3.4/Include/geometry/PxTriangleMesh.h,1,0,1
/media/ullmann/HDDGabriel/engines/UnrealEngine/Engine/Source/Editor/TranslationEditor/Private/TranslationPickerWidget.cpp,0,3,3
/media/ullmann/HDDGabriel/engines/UnrealEngine/Engine/Source/Editor/ToolMenusEditor/Private/ToolMenusEditorModule.cpp,0,1,1
/media/ullmann/HDDGabriel/engines/UnrealEngine/Engine/Source/Editor/ToolMenusEditor/Private/SEditToolMenuDialog.h,2,0,2
/media/ullmann/HDDGabriel/engines/UnrealEngine/Engine/Source/ThirdParty/Imath/Deploy/Imath-3.1.3/include/Imath/ImathShear.h,1,4,5
/media/ullmann/HDDGabriel/engines/UnrealEngine/Engine/Source/ThirdParty/ICU/icu4c-53_1/source/test/cintltst/cloctst.c,0,2,2
/media/ullmann/HDDGabriel/engines/UnrealEngine/Engine/Source/ThirdParty/DirectShow/DirectShow-1.0.0/src/Public/wxutil.h,1,0,1
/media/ullmann/HDDGabriel/engines/UnrealEngine/Engine/Source/ThirdParty/MCPP/mcpp-2.7.2/cpp-test/test-l/nest76.h,1,1,2
/media/ullmann/HDDGabriel/engines/UnrealEngine/Engine/Source/ThirdParty/MCPP/mcpp-2.7.2/cpp-test/test-l/nest77.h,1,1,2
/media/ullmann/HDDGabriel/engines/UnrealEngine/Engine/Source/ThirdParty/openexr/openexr-3.1.1/src/lib/OpenEXRCore/internal_pxr24.c,0,4,4
/media/ullmann/HDDGabriel/engines/UnrealEngine/Engine/Source/Editor/Sequencer/Private/DisplayNodes/SequencerTrackNode.cpp,0,1,1
/media/ullmann/HDDGabriel/engines/UnrealEngine/Engine/Source/Runtime/SlateRHIRenderer/Private/SlateRHITextureAtlas.h,2,0,2
/media/ullmann/HDDGabriel/engines/UnrealEngine/Engine/Source/ThirdParty/PhysX3/PhysX_3.4/Include/extensions/PxFixedJoint.h,1,0,1
/media/ullmann/HDDGabriel/engines/UnrealEngine/Engine/Source/ThirdParty/ICU/icu4c-64_1/source/test/cintltst/cmsccoll.c,0,3,3
/media/ullmann/HDDGabriel/engines/UnrealEngine/Engine/Source/ThirdParty/SDL2/SDL-gui-backend/src/joystick/iphoneos/SDL_mfijoystick_c.h,0,2,2
/media/ullmann/HDDGabriel/engines/UnrealEngine/Engine/Source/ThirdParty/ShaderConductor/ShaderConductor/External/DirectXShaderCompiler/tools/clang/lib/StaticAnalyzer/Checkers/UndefinedArraySubscriptChecker.cpp,0,1,1
/media/ullmann/HDDGabriel/engines/UnrealEngine/Engine/Source/ThirdParty/libOpus/opus-1.1/silk/HP_variable_cutoff.c,0,1,1
/media/ullmann/HDDGabriel/engines/UnrealEngine/Engine/Source/Programs/Enterprise/Datasmith/DatasmithMaxExporter/Private/DatasmithMaxSceneParser.cpp,0,1,1
/media/ullmann/HDDGabriel/engines/UnrealEngine/Engine/Source/ThirdParty/FreeType2/FreeType2-2.6/Src/base/ftobjs.c,1,2,3
/media/ullmann/HDDGabriel/engines/UnrealEngine/Engine/Source/Developer/TraceInsights/Private/Insights/Table/ViewModels/TreeNodeGrouping.cpp,0,1,1
/media/ullmann/HDDGabriel/engines/UnrealEngine/Engine/Source/Developer/TraceInsights/Private/Insights/Table/ViewModels/TreeNodeGrouping.h,1,0,1
/media/ullmann/HDDGabriel/engines/UnrealEngine/Engine/Source/ThirdParty/CryptoPP/5.6.5/include/emsa2.cpp,0,2,2
/media/ullmann/HDDGabriel/engines/UnrealEngine/Engine/Source/ThirdParty/WebRTC/4147/Include/third_party/libsrtp/crypto/include/rdb.h,0,3,3
/media/ullmann/HDDGabriel/engines/UnrealEngine/Engine/Source/ThirdParty/WebRTC/4147/Include/third_party/libsrtp/crypto/include/integers.h,2,0,2
/media/ullmann/HDDGabriel/engines/UnrealEngine/Engine/Source/Runtime/TraceLog/Public/Trace/Detail/Atomic.h,1,0,1
/media/ullmann/HDDGabriel/engines/UnrealEngine/Engine/Source/ThirdParty/libOpus/opus-1.0.3/silk/float/LTP_scale_ctrl_FLP.c,0,1,1
/media/ullmann/HDDGabriel/engines/UnrealEngine/Engine/Source/ThirdParty/HarfBuzz/harfbuzz-2.4.0/src/hb-aat-layout-feat-table.hh,2,0,2
/media/ullmann/HDDGabriel/engines/UnrealEngine/Engine/Source/ThirdParty/Perforce/p4api-2014.1/include/p4/keepalive.h,1,0,1
/media/ullmann/HDDGabriel/engines/UnrealEngine/Engine/Source/ThirdParty/PhysX3/NvCloth/samples/SampleBase/scene/scenes/GeodesicScene.cpp,0,1,1
/media/ullmann/HDDGabriel/engines/UnrealEngine/Engine/Source/ThirdParty/PhysX3/NvCloth/samples/SampleBase/scene/scenes/GeodesicScene.h,1,0,1
/media/ullmann/HDDGabriel/engines/UnrealEngine/Engine/Source/ThirdParty/ShaderConductor/ShaderConductor/External/DirectXShaderCompiler/tools/clang/lib/Headers/stddef.h,1,1,2
/media/ullmann/HDDGabriel/engines/UnrealEngine/Engine/Source/ThirdParty/ShaderConductor/ShaderConductor/External/DirectXShaderCompiler/tools/clang/lib/Headers/__stddef_max_align_t.h,1,0,1
/media/ullmann/HDDGabriel/engines/UnrealEngine/Engine/Source/Developer/AssetTools/Private/AssetTypeActions/AssetTypeActions_CurveTable.cpp,0,1,1
/media/ullmann/HDDGabriel/engines/UnrealEngine/Engine/Source/Editor/CurveTableEditor/Public/CurveTableEditorModule.h,1,0,1
/media/ullmann/HDDGabriel/engines/UnrealEngine/Engine/Source/ThirdParty/FreeType2/FreeType2-2.10.4/src/sfnt/ttcmap.c,1,5,6
/media/ullmann/HDDGabriel/engines/UnrealEngine/Engine/Source/ThirdParty/Python3/Win64/include/listobject.h,1,1,2
/media/ullmann/HDDGabriel/engines/UnrealEngine/Engine/Source/ThirdParty/ShaderConductor/ShaderConductor/External/DirectXShaderCompiler/tools/clang/lib/CodeGen/ModuleBuilder.cpp,0,2,2
/media/ullmann/HDDGabriel/engines/UnrealEngine/Engine/Source/ThirdParty/Perforce/p4api-2018.1/Include/Win64/VS2015/p4/clientuser.h,1,0,1
/media/ullmann/HDDGabriel/engines/UnrealEngine/Engine/Source/ThirdParty/libPNG/libPNG-1.5.2/example.c,0,1,1
/media/ullmann/HDDGabriel/engines/UnrealEngine/Engine/Source/Editor/DetailCustomizations/Private/LandscapeProxyUIDetails.h,2,0,2
/media/ullmann/HDDGabriel/engines/UnrealEngine/Engine/Source/ThirdParty/OpenSubdiv/OpenSubdiv-3.4.4/regression/shapes/loop_fvar_bound1.h,1,0,1
/media/ullmann/HDDGabriel/engines/UnrealEngine/Engine/Source/Runtime/InteractiveToolsFramework/Public/InputBehavior.h,1,1,2
/media/ullmann/HDDGabriel/engines/UnrealEngine/Engine/Source/ThirdParty/ShaderConductor/ShaderConductor/External/DirectXShaderCompiler/include/llvm/DebugInfo/PDB/PDBSymbolCompilandEnv.h,0,2,2
/media/ullmann/HDDGabriel/engines/UnrealEngine/Engine/Source/ThirdParty/EOSSDK/SDK/Bin/IOS/EOSSDK.framework/Headers/eos_custominvites.h,0,1,1
/media/ullmann/HDDGabriel/engines/UnrealEngine/Engine/Source/ThirdParty/Android/libunwind/libunwind/src/arm/Linit_local.c,0,1,1
/media/ullmann/HDDGabriel/engines/UnrealEngine/Engine/Source/Editor/PIEPreviewDeviceProfileSelector/Private/PIEPreviewWindowCoreStyle.h,2,0,2
/media/ullmann/HDDGabriel/engines/UnrealEngine/Engine/Source/ThirdParty/WebRTC/4147/Include/tools/clang/blink_gc_plugin/tests/traceimpl_error.h,0,1,1
/media/ullmann/HDDGabriel/engines/UnrealEngine/Engine/Source/Runtime/SlateCore/Public/Types/SlateStructs.h,1,0,1
/media/ullmann/HDDGabriel/engines/UnrealEngine/Engine/Source/ThirdParty/FBX/2020.2/include/fbxsdk/utils/fbxscenecheckutility.h,1,0,1
/media/ullmann/HDDGabriel/engines/UnrealEngine/Engine/Source/ThirdParty/ICU/icu4c-53_1/source/io/uscanf.c,0,4,4
/media/ullmann/HDDGabriel/engines/UnrealEngine/Engine/Source/Runtime/OpenGLDrv/Public/OpenGLES.h,0,2,2
/media/ullmann/HDDGabriel/engines/UnrealEngine/Engine/Source/Runtime/OpenGLDrv/Public/OpenGLUtil.h,2,0,2
/media/ullmann/HDDGabriel/engines/UnrealEngine/Engine/Source/ThirdParty/ICU/icu4c-53_1/source/i18n/unicode/uregion.h,1,0,1
/media/ullmann/HDDGabriel/engines/UnrealEngine/Engine/Source/ThirdParty/MCPP/mcpp-2.7.2/test-c/n_24.c,0,1,1
/media/ullmann/HDDGabriel/engines/UnrealEngine/Engine/Source/ThirdParty/Perforce/p4api-2018.1/Include/Win32/VS2015/p4/clientresolvea.h,1,1,2
/media/ullmann/HDDGabriel/engines/UnrealEngine/Engine/Source/ThirdParty/Boost/boost-1_70_0/include/boost/outcome/policy/terminate.hpp,1,1,2
/media/ullmann/HDDGabriel/engines/UnrealEngine/Engine/Source/Runtime/AugmentedReality/Private/ARActor.cpp,0,1,1
/media/ullmann/HDDGabriel/engines/UnrealEngine/Engine/Source/ThirdParty/ShaderConductor/ShaderConductor/External/DirectXShaderCompiler/tools/clang/unittests/Format/FormatTest.cpp,0,1,1
/media/ullmann/HDDGabriel/engines/UnrealEngine/Engine/Source/ThirdParty/FakeIt/2.0.2/include/mockutils/DynamicProxy.hpp,0,1,1
/media/ullmann/HDDGabriel/engines/UnrealEngine/Engine/Source/ThirdParty/ICU/icu4c-64_1/source/i18n/collationdatawriter.h,1,0,1
/media/ullmann/HDDGabriel/engines/UnrealEngine/Engine/Source/ThirdParty/PhysX3/PhysX_3.4/Source/LowLevelAABB/src/BpMBPTasks.h,2,0,2
/media/ullmann/HDDGabriel/engines/UnrealEngine/Engine/Source/ThirdParty/llvm/8/include/llvm/BinaryFormat/ELFRelocs/Mips.def,1,0,1
/media/ullmann/HDDGabriel/engines/UnrealEngine/Engine/Source/ThirdParty/ICU/icu4c-64_1/source/samples/numfmt/main.cpp,0,1,1
/media/ullmann/HDDGabriel/engines/UnrealEngine/Engine/Source/ThirdParty/ICU/icu4c-64_1/source/samples/numfmt/util.h,1,0,1
/media/ullmann/HDDGabriel/engines/UnrealEngine/Engine/Source/Editor/UnrealEd/Private/DerivedDataBuildWorkers.cpp,0,1,1
/media/ullmann/HDDGabriel/engines/UnrealEngine/Engine/Source/Editor/UnrealEd/Private/DerivedDataBuildWorkers.h,2,0,2
/media/ullmann/HDDGabriel/engines/UnrealEngine/Engine/Source/ThirdParty/Crunch/src/crnlib/crn_strutils.cpp,0,2,2
/media/ullmann/HDDGabriel/engines/UnrealEngine/Engine/Source/ThirdParty/DirectShow/DirectShow-1.0.0/src/Public/amfilter.h,1,0,1
/media/ullmann/HDDGabriel/engines/UnrealEngine/Engine/Source/ThirdParty/libOpus/opus-1.0.3/silk/code_signs.c,0,1,1
/media/ullmann/HDDGabriel/engines/UnrealEngine/Engine/Source/ThirdParty/AMD/Amf/core/VulkanAMF.h,0,1,1
/media/ullmann/HDDGabriel/engines/UnrealEngine/Engine/Source/Editor/WorldBrowser/Private/LevelCollectionCommands.h,2,0,2
/media/ullmann/HDDGabriel/engines/UnrealEngine/Engine/Source/ThirdParty/openexr/openexr-3.1.1/src/lib/OpenEXRUtil/ImfCheckFile.h,1,1,2
/media/ullmann/HDDGabriel/engines/UnrealEngine/Engine/Source/Runtime/Renderer/Private/Lumen/LumenScreenProbeImportanceSampling.cpp,0,1,1
/media/ullmann/HDDGabriel/engines/UnrealEngine/Engine/Source/Editor/ContentBrowser/Private/CollectionContextMenu.h,2,1,3
/media/ullmann/HDDGabriel/engines/UnrealEngine/Engine/Source/ThirdParty/Perforce/p4api-2021.2/Include/Win64/VS2015/p4/handler.h,1,0,1
/media/ullmann/HDDGabriel/engines/UnrealEngine/Engine/Source/ThirdParty/ICU/icu4c-53_1/source/test/threadtest/threadtest.cpp,0,1,1
/media/ullmann/HDDGabriel/engines/UnrealEngine/Engine/Source/ThirdParty/ICU/icu4c-53_1/source/test/threadtest/threadtest.h,3,0,3
/media/ullmann/HDDGabriel/engines/UnrealEngine/Engine/Source/ThirdParty/ICU/icu4c-53_1/source/test/iotest/filetst.c,0,1,1
/media/ullmann/HDDGabriel/engines/UnrealEngine/Engine/Source/ThirdParty/Intel/TBB/IntelTBB-2019u8/include/tbb/flow_graph_abstractions.h,1,0,1
/media/ullmann/HDDGabriel/engines/UnrealEngine/Engine/Source/Developer/HoloLens/HoloLensPlatformEditor/Private/HoloLensTargetSettings.cpp,0,1,1
/media/ullmann/HDDGabriel/engines/UnrealEngine/Engine/Source/ThirdParty/SPIRV-Reflect/SPIRV-Reflect/include/spirv/unified1/spirv.h,1,0,1
/media/ullmann/HDDGabriel/engines/UnrealEngine/Engine/Source/Runtime/Engine/Private/SkeletalRenderGPUSkin.h,4,0,4
/media/ullmann/HDDGabriel/engines/UnrealEngine/Engine/Source/ThirdParty/ShaderConductor/ShaderConductor/External/DirectXShaderCompiler/tools/clang/unittests/DxrFallback/DXSampleHelper.h,1,0,1
/media/ullmann/HDDGabriel/engines/UnrealEngine/Engine/Source/Editor/PhysicsAssetEditor/Private/PhysicsAssetGraph/PhysicsAssetConnectionDrawingPolicy.h,1,0,1
/media/ullmann/HDDGabriel/engines/UnrealEngine/Engine/Source/ThirdParty/ShaderConductor/ShaderConductor/External/DirectXShaderCompiler/tools/clang/lib/ARCMigrate/PlistReporter.cpp,0,1,1
/media/ullmann/HDDGabriel/engines/UnrealEngine/Engine/Source/Runtime/Slate/Private/Framework/MultiBox/MultiBox.cpp,0,1,1
/media/ullmann/HDDGabriel/engines/UnrealEngine/Engine/Source/Runtime/Slate/Private/Framework/MultiBox/SUniformToolbarPanel.h,2,0,2
/media/ullmann/HDDGabriel/engines/UnrealEngine/Engine/Source/ThirdParty/SPIRV-Reflect/SPIRV-Reflect/spirv_reflect.c,0,1,1
/media/ullmann/HDDGabriel/engines/UnrealEngine/Engine/Source/ThirdParty/ShaderConductor/ShaderConductor/External/DirectXShaderCompiler/tools/opt/opt.cpp,0,2,2
/media/ullmann/HDDGabriel/engines/UnrealEngine/Engine/Source/Editor/Sequencer/Private/SectionLayout.cpp,0,1,1
/media/ullmann/HDDGabriel/engines/UnrealEngine/Engine/Source/ThirdParty/mtlpp/mtlpp-master-7efad47/src/imp_Heap.hpp,1,1,2
/media/ullmann/HDDGabriel/engines/UnrealEngine/Engine/Source/Runtime/Renderer/Private/Lumen/LumenRadianceCache.cpp,0,2,2
/media/ullmann/HDDGabriel/engines/UnrealEngine/Engine/Source/Developer/SlateReflector/Private/SlateReflectorModule.h,2,0,2
/media/ullmann/HDDGabriel/engines/UnrealEngine/Engine/Source/ThirdParty/PhysX3/APEX_1.4/framework/src/windows/nvPhysXtoDrv.h,1,0,1
/media/ullmann/HDDGabriel/engines/UnrealEngine/Engine/Source/ThirdParty/libOpus/opus-1.3.1-12/silk/decode_core.c,0,1,1
/media/ullmann/HDDGabriel/engines/UnrealEngine/Engine/Source/Runtime/Renderer/Private/DynamicBVH.cpp,0,1,1
/media/ullmann/HDDGabriel/engines/UnrealEngine/Engine/Source/ThirdParty/libOpus/opus-1.3.1-12/silk/pitch_est_tables.c,0,2,2
/media/ullmann/HDDGabriel/engines/UnrealEngine/Engine/Source/ThirdParty/PhysX3/APEX_1.4/shared/general/meshimport/src/MeshImport/ExportDynamicSystem.cpp,0,1,1
/media/ullmann/HDDGabriel/engines/UnrealEngine/Engine/Source/Runtime/AudioLink/AudioLinkEngine/Private/BufferedSubmixListener.h,2,1,3
/media/ullmann/HDDGabriel/engines/UnrealEngine/Engine/Source/ThirdParty/FreeType2/FreeType2-2.10.0/src/psnames/pstables.h,1,0,1
/media/ullmann/HDDGabriel/engines/UnrealEngine/Engine/Source/ThirdParty/SDL2/SDL-gui-backend/src/haptic/SDL_haptic_c.h,2,0,2
/media/ullmann/HDDGabriel/engines/UnrealEngine/Engine/Source/ThirdParty/OpenVDB/Deploy/openvdb-8.1.0/include/openvdb/tools/DenseSparseTools.h,0,1,1
/media/ullmann/HDDGabriel/engines/UnrealEngine/Engine/Source/ThirdParty/FreeType2/FreeType2-2.10.4/include/freetype/internal/ftdrv.h,0,1,1
/media/ullmann/HDDGabriel/engines/UnrealEngine/Engine/Source/ThirdParty/libOpus/opus-1.1/src/opus_decoder.c,0,1,1
/media/ullmann/HDDGabriel/engines/UnrealEngine/Engine/Source/Editor/UnrealEd/Private/Fbx/SSceneReimportNodeTreeView.h,1,0,1
/media/ullmann/HDDGabriel/engines/UnrealEngine/Engine/Source/Runtime/AIModule/Classes/GridPathAIController.h,0,1,1
/media/ullmann/HDDGabriel/engines/UnrealEngine/Engine/Source/ThirdParty/ShaderConductor/ShaderConductor/External/DirectXShaderCompiler/tools/clang/lib/Driver/Multilib.cpp,0,1,1
/media/ullmann/HDDGabriel/engines/UnrealEngine/Engine/Source/ThirdParty/nvTextureTools/nvTextureTools-2.0.6/src/src/nvtt/squish/config.h,1,0,1
/media/ullmann/HDDGabriel/engines/UnrealEngine/Engine/Source/Runtime/Online/HTTP/Private/IXML/HttpIXml.cpp,0,1,1
/media/ullmann/HDDGabriel/engines/UnrealEngine/Engine/Source/ThirdParty/PhysX3/PhysX_3.4/Source/PhysXCooking/src/MeshCleaner.cpp,0,1,1
/media/ullmann/HDDGabriel/engines/UnrealEngine/Engine/Source/ThirdParty/PhysX3/PhysX_3.4/Source/PhysXCooking/src/MeshCleaner.h,1,0,1
/media/ullmann/HDDGabriel/engines/UnrealEngine/Engine/Source/ThirdParty/xxhash/tests/collisions/pool.h,2,0,2
/media/ullmann/HDDGabriel/engines/UnrealEngine/Engine/Source/ThirdParty/FreeType2/FreeType2-2.4.12/src/psaux/t1decode.h,2,0,2
/media/ullmann/HDDGabriel/engines/UnrealEngine/Engine/Source/ThirdParty/Python3/Mac/include/internal/pycore_atomic.h,3,0,3
/media/ullmann/HDDGabriel/engines/UnrealEngine/Engine/Source/ThirdParty/EOSSDK/SDK/Bin/Android/include/eos_userinfo.h,0,1,1
/media/ullmann/HDDGabriel/engines/UnrealEngine/Engine/Source/ThirdParty/EOSSDK/SDK/Bin/Android/include/eos_userinfo_types.h,2,1,3
/media/ullmann/HDDGabriel/engines/UnrealEngine/Engine/Source/ThirdParty/Python3/Mac/include/moduleobject.h,1,0,1
/media/ullmann/HDDGabriel/engines/UnrealEngine/Engine/Source/ThirdParty/mtlpp/mtlpp-master-7efad47/examples/window.hpp,1,1,2
/media/ullmann/HDDGabriel/engines/UnrealEngine/Engine/Source/Editor/BlueprintGraph/Classes/K2Node_CommutativeAssociativeBinaryOperator.h,0,2,2
/media/ullmann/HDDGabriel/engines/UnrealEngine/Engine/Source/Runtime/SlateCore/Public/Styling/StyleColors.h,0,1,1
/media/ullmann/HDDGabriel/engines/UnrealEngine/Engine/Source/Runtime/SlateCore/Public/Styling/SlateColor.h,2,0,2
/media/ullmann/HDDGabriel/engines/UnrealEngine/Engine/Source/Developer/IOS/IOSPlatformEditor/Private/IOSCustomIconProjectBuildMutatorFeature.cpp,0,1,1
/media/ullmann/HDDGabriel/engines/UnrealEngine/Engine/Source/Developer/IOS/IOSPlatformEditor/Private/IOSCustomIconProjectBuildMutatorFeature.h,2,0,2
/media/ullmann/HDDGabriel/engines/UnrealEngine/Engine/Source/ThirdParty/libOpus/opus-1.3.1-12/silk/float/k2a_FLP.c,0,1,1
/media/ullmann/HDDGabriel/engines/UnrealEngine/Engine/Source/ThirdParty/Perforce/p4api-2021.2/Include/Mac/p4/netconnect.h,0,1,1
/media/ullmann/HDDGabriel/engines/UnrealEngine/Engine/Source/Runtime/ClothingSystemRuntimeNv/Public/ClothingSimulationInteractorNv.h,0,1,1
/media/ullmann/HDDGabriel/engines/UnrealEngine/Engine/Source/Runtime/AVEncoder/Private/Decoders/Windows/VideoDecoderH264_Windows.h,2,0,2
/media/ullmann/HDDGabriel/engines/UnrealEngine/Engine/Source/ThirdParty/openexr/openexr-3.1.1/src/lib/OpenEXRUtil/ImfDeepImage.cpp,0,1,1
/media/ullmann/HDDGabriel/engines/UnrealEngine/Engine/Source/ThirdParty/Python3/Mac/include/bytesobject.h,1,1,2
/media/ullmann/HDDGabriel/engines/UnrealEngine/Engine/Source/Runtime/AnimationCore/Public/NodeHierarchy.h,0,1,1
/media/ullmann/HDDGabriel/engines/UnrealEngine/Engine/Source/ThirdParty/FreeType2/FreeType2-2.6/Src/truetype/ttpic.c,1,2,3
/media/ullmann/HDDGabriel/engines/UnrealEngine/Engine/Source/Runtime/MediaAssets/Public/MediaSource.h,2,0,2
/media/ullmann/HDDGabriel/engines/UnrealEngine/Engine/Source/ThirdParty/openexr/openexr-3.1.1/src/test/OpenEXRTest/testMultiView.h,1,0,1
/media/ullmann/HDDGabriel/engines/UnrealEngine/Engine/Source/Developer/TargetPlatform/Public/Interfaces/IAudioFormat.h,1,0,1
/media/ullmann/HDDGabriel/engines/UnrealEngine/Engine/Source/ThirdParty/OpenVDB/openvdb-8.1.0/openvdb_ax/openvdb_ax/test/integration/CompareGrids.cc,0,1,1
/media/ullmann/HDDGabriel/engines/UnrealEngine/Engine/Source/Editor/MergeActors/Private/MeshApproximationTool/MeshApproximationTool.cpp,0,1,1
/media/ullmann/HDDGabriel/engines/UnrealEngine/Engine/Source/Editor/MergeActors/Private/MeshApproximationTool/SMeshApproximationDialog.h,1,0,1
/media/ullmann/HDDGabriel/engines/UnrealEngine/Engine/Source/Runtime/AnimGraphRuntime/Public/AnimNodes/AnimNode_StateResult.cpp,0,1,1
/media/ullmann/HDDGabriel/engines/UnrealEngine/Engine/Source/Runtime/AnimGraphRuntime/Public/AnimNodes/AnimNode_StateResult.h,1,0,1
/media/ullmann/HDDGabriel/engines/UnrealEngine/Engine/Source/Editor/DetailCustomizations/Private/PhysicsSettingsDetails.cpp,0,1,1
/media/ullmann/HDDGabriel/engines/UnrealEngine/Engine/Source/ThirdParty/SpeedTree/SpeedTreeSDK-v7.0/Include/Core/FixedString.h,0,1,1
/media/ullmann/HDDGabriel/engines/UnrealEngine/Engine/Source/ThirdParty/WebRTC/4147/Include/third_party/libvpx/source/config/linux/arm-neon-highbd/vp9_rtcd.h,0,1,1
/media/ullmann/HDDGabriel/engines/UnrealEngine/Engine/Source/ThirdParty/ShaderConductor/ShaderConductor/External/DirectXShaderCompiler/lib/Transforms/InstCombine/InstCombineCalls.cpp,0,1,1
/media/ullmann/HDDGabriel/engines/UnrealEngine/Engine/Source/ThirdParty/PhysX3/PhysX_3.4/Source/GeomUtils/src/gjk/GuVecShrunkConvexHullNoScale.h,1,1,2
/media/ullmann/HDDGabriel/engines/UnrealEngine/Engine/Source/ThirdParty/PhysX3/PhysX_3.4/Source/GeomUtils/src/gjk/GuVecShrunkConvexHull.h,1,1,2
/media/ullmann/HDDGabriel/engines/UnrealEngine/Engine/Source/Editor/LandscapeEditor/Private/LandscapeSplineImportExport.cpp,0,1,1
/media/ullmann/HDDGabriel/engines/UnrealEngine/Engine/Source/Editor/LandscapeEditor/Private/LandscapeSplineImportExport.h,2,0,2
/media/ullmann/HDDGabriel/engines/UnrealEngine/Engine/Source/Runtime/Engine/Public/MaterialSceneTextureId.h,1,0,1
/media/ullmann/HDDGabriel/engines/UnrealEngine/Engine/Source/Runtime/Core/Public/Misc/OutputDeviceAnsiError.h,1,0,1
/media/ullmann/HDDGabriel/engines/UnrealEngine/Engine/Source/Developer/MeshBuilder/Public/StaticMeshBuilder.h,0,1,1
/media/ullmann/HDDGabriel/engines/UnrealEngine/Engine/Source/ThirdParty/Steamworks/Steamv146/sdk/public/steam/isteamvideo.h,1,1,2
/media/ullmann/HDDGabriel/engines/UnrealEngine/Engine/Source/ThirdParty/Imath/Imath-3.1.3/src/python/PyImath/PyImathFixedMatrix.h,1,2,3
/media/ullmann/HDDGabriel/engines/UnrealEngine/Engine/Source/ThirdParty/FreeType2/FreeType2-2.10.0/src/cid/cidload.h,3,1,4
/media/ullmann/HDDGabriel/engines/UnrealEngine/Engine/Source/Editor/AnimGraph/Public/AnimGraphNode_ComponentToLocalSpace.h,0,1,1
/media/ullmann/HDDGabriel/engines/UnrealEngine/Engine/Source/ThirdParty/openexr/openexr-3.1.1/Contrib/DtexToExr/PxDeepUtils.cpp,0,1,1
/media/ullmann/HDDGabriel/engines/UnrealEngine/Engine/Source/Editor/Persona/Private/BoneMappingHelper.cpp,0,1,1
/media/ullmann/HDDGabriel/engines/UnrealEngine/Engine/Source/Editor/Persona/Private/BoneMappingHelper.h,2,0,2
/media/ullmann/HDDGabriel/engines/UnrealEngine/Engine/Source/ThirdParty/ICU/icu4c-64_1/source/test/intltest/numbertest_range.cpp,0,1,1
/media/ullmann/HDDGabriel/engines/UnrealEngine/Engine/Source/ThirdParty/ShaderConductor/ShaderConductor/External/DirectXShaderCompiler/lib/Fuzzer/FuzzerIO.cpp,0,1,1
/media/ullmann/HDDGabriel/engines/UnrealEngine/Engine/Source/Editor/MovieSceneTools/Private/TrackEditors/PropertyTrackEditors/VectorPropertyTrackEditor.h,1,0,1
/media/ullmann/HDDGabriel/engines/UnrealEngine/Engine/Source/Developer/AssetTools/Public/AssetTypeActions_CSVAssetBase.h,0,1,1
/media/ullmann/HDDGabriel/engines/UnrealEngine/Engine/Source/ThirdParty/ICU/icu4c-64_1/source/i18n/zrule.h,1,0,1
/media/ullmann/HDDGabriel/engines/UnrealEngine/Engine/Source/ThirdParty/openexr/openexr-3.1.1/src/lib/Iex/IexErrnoExc.h,2,1,3
/media/ullmann/HDDGabriel/engines/UnrealEngine/Engine/Source/ThirdParty/Perforce/p4api-2015.2/include/p4/p4tags.h,1,0,1
/media/ullmann/HDDGabriel/engines/UnrealEngine/Engine/Source/ThirdParty/ICU/icu4c-64_1/source/samples/layout/rsurface.cpp,0,2,2
/media/ullmann/HDDGabriel/engines/UnrealEngine/Engine/Source/ThirdParty/ICU/icu4c-64_1/source/test/fuzzer/ucasemap_fuzzer.cc,0,1,1
/media/ullmann/HDDGabriel/engines/UnrealEngine/Engine/Source/ThirdParty/Windows/glTF-Toolkit/WindowsMRAssetConverter/CommandLine.h,2,1,3
/media/ullmann/HDDGabriel/engines/UnrealEngine/Engine/Source/Developer/MessageLog/Private/Model/MessageLogModel.h,1,0,1
/media/ullmann/HDDGabriel/engines/UnrealEngine/Engine/Source/ThirdParty/ICU/icu4c-64_1/source/test/intltest/alphaindextst.cpp,0,2,2
/media/ullmann/HDDGabriel/engines/UnrealEngine/Engine/Source/ThirdParty/FreeType2/FreeType2-2.6/Src/bdf/bdf.h,3,0,3
/media/ullmann/HDDGabriel/engines/UnrealEngine/Engine/Source/ThirdParty/libOpus/opus-1.1/silk/stereo_quant_pred.c,0,1,1
/media/ullmann/HDDGabriel/engines/UnrealEngine/Engine/Source/Runtime/UMG/Public/Components/ComboBoxString.h,1,0,1
/media/ullmann/HDDGabriel/engines/UnrealEngine/Engine/Source/Editor/UnrealEd/Private/Cooker/LooseCookedPackageWriter.h,1,0,1
/media/ullmann/HDDGabriel/engines/UnrealEngine/Engine/Source/ThirdParty/FreeImage/FreeImage-3.18.0/Source/LibTIFF4/tif_win32.c,0,1,1
/media/ullmann/HDDGabriel/engines/UnrealEngine/Engine/Source/ThirdParty/libOpus/opus-1.1/silk/decode_parameters.c,0,1,1
/media/ullmann/HDDGabriel/engines/UnrealEngine/Engine/Source/ThirdParty/MCPP/mcpp-2.7.2/cpp-test/test-l/nest51.h,1,1,2
/media/ullmann/HDDGabriel/engines/UnrealEngine/Engine/Source/ThirdParty/MCPP/mcpp-2.7.2/cpp-test/test-l/nest52.h,1,1,2
/media/ullmann/HDDGabriel/engines/UnrealEngine/Engine/Source/ThirdParty/ShaderConductor/ShaderConductor/External/SPIRV-Tools/source/opt/fix_storage_class.cpp,0,1,1
/media/ullmann/HDDGabriel/engines/UnrealEngine/Engine/Source/ThirdParty/ShaderConductor/ShaderConductor/External/SPIRV-Tools/source/opt/fix_storage_class.h,1,0,1
/media/ullmann/HDDGabriel/engines/UnrealEngine/Engine/Source/ThirdParty/ICU/icu4c-53_1/source/test/intltest/colldata.cpp,0,1,1
/media/ullmann/HDDGabriel/engines/UnrealEngine/Engine/Source/ThirdParty/ICU/icu4c-53_1/source/test/intltest/colldata.h,2,0,2
/media/ullmann/HDDGabriel/engines/UnrealEngine/Engine/Source/Editor/AnimGraph/Public/AnimGraphNode_ApplyLimits.h,0,1,1
/media/ullmann/HDDGabriel/engines/UnrealEngine/Engine/Source/ThirdParty/Intel/Embree/Embree270/src/kernels/xeon/bvh8/bvh8_intersector16_hybrid.h,1,3,4
/media/ullmann/HDDGabriel/engines/UnrealEngine/Engine/Source/ThirdParty/EOSSDK/SDK/Bin/IOS/EOSSDK.framework/Headers/eos_ios.h,0,1,1
/media/ullmann/HDDGabriel/engines/UnrealEngine/Engine/Source/ThirdParty/EOSSDK/SDK/Bin/IOS/EOSSDK.framework/Headers/eos_types.h,2,1,3
/media/ullmann/HDDGabriel/engines/UnrealEngine/Engine/Source/ThirdParty/Intel/ISPC/ispc-1.17.0/src/type.cpp,0,5,5
/media/ullmann/HDDGabriel/engines/UnrealEngine/Engine/Source/ThirdParty/openexr/openexr-3.1.1/src/examples/rgbaInterfaceExamples.cpp,0,2,2
/media/ullmann/HDDGabriel/engines/UnrealEngine/Engine/Source/ThirdParty/PhysX3/APEX_1.4/module/destructible_legacy/include/autogen/DestructibleActorParam_0p32.h,1,0,1
/media/ullmann/HDDGabriel/engines/UnrealEngine/Engine/Source/Runtime/Online/HTTP/Public/HttpModule.h,1,1,2
/media/ullmann/HDDGabriel/engines/UnrealEngine/Engine/Source/ThirdParty/libPNG/libPNG-1.6.37/contrib/gregbook/rpng2-x.c,0,1,1
/media/ullmann/HDDGabriel/engines/UnrealEngine/Engine/Source/ThirdParty/SDL2/SDL-gui-backend/src/video/khronos/vulkan/vulkan_win32.h,1,0,1
/media/ullmann/HDDGabriel/engines/UnrealEngine/Engine/Source/ThirdParty/Intel/ISPC/ispc-1.16.1/ispcrt/detail/gpu/GPUDevice.cpp,0,1,1
/media/ullmann/HDDGabriel/engines/UnrealEngine/Engine/Source/Editor/UnrealEd/Private/GrassRenderingNotification.cpp,0,1,1
/media/ullmann/HDDGabriel/engines/UnrealEngine/Engine/Source/ThirdParty/ShaderConductor/ShaderConductor/External/DirectXShaderCompiler/tools/clang/unittests/Tooling/RefactoringCallbacksTest.cpp,0,1,1
/media/ullmann/HDDGabriel/engines/UnrealEngine/Engine/Source/Editor/SerializedRecorderInterface/Public/Serializers/MovieScenePropertySerialization.h,0,1,1
/media/ullmann/HDDGabriel/engines/UnrealEngine/Engine/Source/Editor/ClothingSystemEditor/Public/ClothingSystemEditorModule.h,0,1,1
/media/ullmann/HDDGabriel/engines/UnrealEngine/Engine/Source/Editor/ClothingSystemEditor/Public/SimulationEditorExtenderNv.h,1,0,1
/media/ullmann/HDDGabriel/engines/UnrealEngine/Engine/Source/Runtime/Core/Public/Logging/LogScopedCategoryAndVerbosityOverride.h,1,0,1
/media/ullmann/HDDGabriel/engines/UnrealEngine/Engine/Source/Developer/AutomationController/Private/AutomationControllerManger.cpp,0,2,2
/media/ullmann/HDDGabriel/engines/UnrealEngine/Engine/Source/ThirdParty/WebRTC/4147/Include/tools/clang/blink_gc_plugin/tests/persistent_field_in_gc_managed_class.h,0,1,1
/media/ullmann/HDDGabriel/engines/UnrealEngine/Engine/Source/Runtime/Core/Public/IO/IoDispatcherBackend.h,0,1,1
/media/ullmann/HDDGabriel/engines/UnrealEngine/Engine/Source/Runtime/Core/Public/IO/IoDispatcher.h,1,0,1
/media/ullmann/HDDGabriel/engines/UnrealEngine/Engine/Source/Editor/AddContentDialog/Public/FeaturePackContentSource.h,0,1,1
/media/ullmann/HDDGabriel/engines/UnrealEngine/Engine/Source/Editor/AddContentDialog/Private/IContentSource.h,3,0,3
/media/ullmann/HDDGabriel/engines/UnrealEngine/Engine/Source/ThirdParty/Imath/Imath-3.1.3/src/ImathTest/testRoots.h,2,0,2
/media/ullmann/HDDGabriel/engines/UnrealEngine/Engine/Source/Editor/GraphEditor/Private/MaterialNodes/SGraphNodeMaterialResult.h,1,0,1
/media/ullmann/HDDGabriel/engines/UnrealEngine/Engine/Source/Runtime/Core/Private/HoloLens/HoloLensProcess.cpp,0,2,2
/media/ullmann/HDDGabriel/engines/UnrealEngine/Engine/Source/Runtime/Core/Private/HoloLens/HoloLensEvent.h,1,0,1
/media/ullmann/HDDGabriel/engines/UnrealEngine/Engine/Source/ThirdParty/ICU/icu4c-53_1/source/test/cintltst/spooftest.c,0,1,1
/media/ullmann/HDDGabriel/engines/UnrealEngine/Engine/Source/Runtime/D3D12RHI/Private/D3D12Stats.cpp,0,1,1
/media/ullmann/HDDGabriel/engines/UnrealEngine/Engine/Source/ThirdParty/ICU/icu4c-53_1/source/test/cintltst/putiltst.c,0,1,1
/media/ullmann/HDDGabriel/engines/UnrealEngine/Engine/Source/ThirdParty/PhysX3/APEX_1.4/include/IProgressListener.h,1,1,2
/media/ullmann/HDDGabriel/engines/UnrealEngine/Engine/Source/ThirdParty/PhysX3/PhysX_3.4/Source/SimulationController/src/ScConstraintCore.cpp,0,1,1
/media/ullmann/HDDGabriel/engines/UnrealEngine/Engine/Source/Developer/TraceServices/Private/Analyzers/CallstacksAnalysis.cpp,0,1,1
/media/ullmann/HDDGabriel/engines/UnrealEngine/Engine/Source/Developer/TraceServices/Private/Analyzers/CallstacksAnalysis.h,1,0,1
/media/ullmann/HDDGabriel/engines/UnrealEngine/Engine/Source/Runtime/SkeletalMeshDescription/Public/SkeletalMeshAttributes.h,0,1,1
/media/ullmann/HDDGabriel/engines/UnrealEngine/Engine/Source/Runtime/SkeletalMeshDescription/Public/SkinWeightsAttributesRef.h,1,0,1
/media/ullmann/HDDGabriel/engines/UnrealEngine/Engine/Source/Runtime/AssetRegistry/Private/PackageReader.cpp,0,3,3
/media/ullmann/HDDGabriel/engines/UnrealEngine/Engine/Source/ThirdParty/PhysX3/APEX_1.4/framework/include/autogen/BufferU16x4.h,1,0,1
/media/ullmann/HDDGabriel/engines/UnrealEngine/Engine/Source/Runtime/AudioLink/AudioLinkEngine/Private/IAudioLinkFactory.cpp,0,2,2
/media/ullmann/HDDGabriel/engines/UnrealEngine/Engine/Source/ThirdParty/WebRTC/4147/Include/base/value_iterators.h,0,1,1
/media/ullmann/HDDGabriel/engines/UnrealEngine/Engine/Source/ThirdParty/Windows/DirectX/Include/xma2defs.h,2,1,3
/media/ullmann/HDDGabriel/engines/UnrealEngine/Engine/Source/ThirdParty/PhysX3/PhysX_3.4/Source/LowLevelCloth/src/neon/SimdTypes.h,1,0,1
/media/ullmann/HDDGabriel/engines/UnrealEngine/Engine/Source/ThirdParty/PhysX3/APEX_1.4/module/destructible_legacy/include/autogen/DestructibleActorParam_0p21.h,1,0,1
/media/ullmann/HDDGabriel/engines/UnrealEngine/Engine/Source/ThirdParty/libPNG/libPNG-1.6.37/pngstruct.h,1,0,1
/media/ullmann/HDDGabriel/engines/UnrealEngine/Engine/Source/ThirdParty/WebRTC/4147/Include/rtc_base/openssl_identity.h,0,1,1
/media/ullmann/HDDGabriel/engines/UnrealEngine/Engine/Source/ThirdParty/Intel/ISPCTexComp/ISPC HDR Texture Compressor/processing.h,2,0,2
/media/ullmann/HDDGabriel/engines/UnrealEngine/Engine/Source/Runtime/SlateCore/Public/Styling/SlateStyleRegistry.h,1,0,1
/media/ullmann/HDDGabriel/engines/UnrealEngine/Engine/Source/ThirdParty/WebRTC/4147/Include/third_party/libvpx/source/libvpx/vpx/vpx_image.h,4,0,4
/media/ullmann/HDDGabriel/engines/UnrealEngine/Engine/Source/ThirdParty/Python3/Mac/include/cpython/pyerrors.h,1,0,1
/media/ullmann/HDDGabriel/engines/UnrealEngine/Engine/Source/ThirdParty/ICU/icu4c-64_1/source/test/intltest/itrbnf.cpp,0,2,2
/media/ullmann/HDDGabriel/engines/UnrealEngine/Engine/Source/Runtime/UMG/Private/WidgetTree.cpp,0,1,1
/media/ullmann/HDDGabriel/engines/UnrealEngine/Engine/Source/ThirdParty/PhysX3/PhysX_3.4/Source/GeomUtils/src/pcm/GuPCMContactGenBoxConvex.cpp,0,3,3
/media/ullmann/HDDGabriel/engines/UnrealEngine/Engine/Source/Runtime/Online/BuildPatchServices/Private/Installer/Statistics/InstallChunkSourceStatistics.h,1,0,1
/media/ullmann/HDDGabriel/engines/UnrealEngine/Engine/Source/Editor/DetailCustomizations/Private/AnimStateNodeDetails.cpp,0,1,1
/media/ullmann/HDDGabriel/engines/UnrealEngine/Engine/Source/Editor/DetailCustomizations/Private/AnimStateNodeDetails.h,2,1,3
/media/ullmann/HDDGabriel/engines/UnrealEngine/Engine/Source/Developer/AssetTools/Private/AssetTypeActions/AssetTypeActions_LightWeightInstance.h,1,0,1
/media/ullmann/HDDGabriel/engines/UnrealEngine/Engine/Source/ThirdParty/SpeedTree/SpeedTreeSDK-v7.0/Source/Core/Source/Parser.cpp,0,1,1
/media/ullmann/HDDGabriel/engines/UnrealEngine/Engine/Source/ThirdParty/SpeedTree/SpeedTreeSDK-v7.0/Source/Core/Source/Parser.h,2,0,2
/media/ullmann/HDDGabriel/engines/UnrealEngine/Engine/Source/ThirdParty/OpenVDB/openvdb-8.1.0/openvdb_houdini/openvdb_houdini/GEO_PrimVDB.cc,0,2,2
/media/ullmann/HDDGabriel/engines/UnrealEngine/Engine/Source/ThirdParty/WebRTC/4147/Include/tools/clang/blink_gc_plugin/tests/raw_ptr_to_gc_managed_class_error.h,0,1,1
/media/ullmann/HDDGabriel/engines/UnrealEngine/Engine/Source/ThirdParty/WebRTC/4147/Include/third_party/libvpx/source/libvpx/vp8/encoder/encodemb.h,1,1,2
/media/ullmann/HDDGabriel/engines/UnrealEngine/Engine/Source/ThirdParty/ICU/icu4c-64_1/source/test/intltest/restsnew.cpp,0,1,1
/media/ullmann/HDDGabriel/engines/UnrealEngine/Engine/Source/Editor/BlueprintGraph/Private/K2Node_DynamicCast.cpp,0,1,1
/media/ullmann/HDDGabriel/engines/UnrealEngine/Engine/Source/ThirdParty/ShaderConductor/ShaderConductor/External/SPIRV-Tools/source/pch_source.cpp,0,1,1
/media/ullmann/HDDGabriel/engines/UnrealEngine/Engine/Source/ThirdParty/ShaderConductor/ShaderConductor/External/SPIRV-Tools/source/pch_source.h,1,0,1
/media/ullmann/HDDGabriel/engines/UnrealEngine/Engine/Source/ThirdParty/PhysX3/APEX_1.4/shared/general/HACD/public/MergeHulls.h,0,1,1
/media/ullmann/HDDGabriel/engines/UnrealEngine/Engine/Source/ThirdParty/nvTextureTools/nvTextureTools-2.0.6/src/gnuwin32/include/zlib.h,1,1,2
/media/ullmann/HDDGabriel/engines/UnrealEngine/Engine/Source/ThirdParty/OpenSubdiv/OpenSubdiv-3.4.4/examples/mtlViewer/init_shapes.h,0,2,2
/media/ullmann/HDDGabriel/engines/UnrealEngine/Engine/Source/Runtime/Renderer/Private/RayTracing/RayTracingScene.cpp,0,1,1
/media/ullmann/HDDGabriel/engines/UnrealEngine/Engine/Source/Programs/Enterprise/Datasmith/DatasmithMaxExporter/Public/DatasmithMaxHelper.h,0,1,1
/media/ullmann/HDDGabriel/engines/UnrealEngine/Engine/Source/ThirdParty/Python3/Linux/include/python3.9/abstract.h,1,1,2
/media/ullmann/HDDGabriel/engines/UnrealEngine/Engine/Source/ThirdParty/Python3/Linux/include/python3.9/cpython/abstract.h,1,0,1
/media/ullmann/HDDGabriel/engines/UnrealEngine/Engine/Source/ThirdParty/ICU/icu4c-53_1/source/i18n/dtrule.cpp,0,1,1
/media/ullmann/HDDGabriel/engines/UnrealEngine/Engine/Source/ThirdParty/ICU/icu4c-53_1/source/i18n/unicode/dtrule.h,1,0,1
/media/ullmann/HDDGabriel/engines/UnrealEngine/Engine/Source/ThirdParty/FreeImage/FreeImage-3.18.0/Source/LibOpenJPEG/j2k.c,0,1,1
/media/ullmann/HDDGabriel/engines/UnrealEngine/Engine/Source/ThirdParty/Intel/Embree/Embree270/src/kernels/algorithms/sort.cpp,0,1,1
/media/ullmann/HDDGabriel/engines/UnrealEngine/Engine/Source/ThirdParty/ICU/icu4c-53_1/source/test/intltest/srchtest.cpp,0,2,2
/media/ullmann/HDDGabriel/engines/UnrealEngine/Engine/Source/Developer/VulkanShaderFormat/Private/VulkanShaderFormat.cpp,0,1,1
/media/ullmann/HDDGabriel/engines/UnrealEngine/Engine/Source/Developer/VulkanShaderFormat/Private/VulkanShaderFormat.h,4,0,4
/media/ullmann/HDDGabriel/engines/UnrealEngine/Engine/Source/ThirdParty/SDL2/SDL-gui-backend/src/filesystem/windows/SDL_sysfilesystem.c,0,2,2
/media/ullmann/HDDGabriel/engines/UnrealEngine/Engine/Source/Runtime/Online/WebSockets/Private/HoloLens/HoloLensWebSocket.cpp,0,1,1
/media/ullmann/HDDGabriel/engines/UnrealEngine/Engine/Source/Runtime/Online/XMPP/Private/XmppNull.h,2,0,2
/media/ullmann/HDDGabriel/engines/UnrealEngine/Engine/Source/Runtime/Experimental/Voronoi/Private/voro++/src/container.cc,0,1,1
/media/ullmann/HDDGabriel/engines/UnrealEngine/Engine/Source/ThirdParty/ShaderConductor/ShaderConductor/External/DirectXShaderCompiler/tools/llvm-diff/DiffConsumer.h,3,1,4
/media/ullmann/HDDGabriel/engines/UnrealEngine/Engine/Source/Editor/PIEPreviewDeviceProfileSelector/Private/PIEPreviewWindowTitleBar.h,2,2,4
/media/ullmann/HDDGabriel/engines/UnrealEngine/Engine/Source/Editor/UnrealEd/Public/EditorAnimUtils.h,1,0,1
/media/ullmann/HDDGabriel/engines/UnrealEngine/Engine/Source/ThirdParty/ShaderConductor/ShaderConductor/External/DirectXShaderCompiler/tools/clang/lib/CodeGen/CGExprComplex.cpp,0,2,2
/media/ullmann/HDDGabriel/engines/UnrealEngine/Engine/Source/Runtime/Online/ICMP/Private/UDPPing.cpp,0,1,1
/media/ullmann/HDDGabriel/engines/UnrealEngine/Engine/Source/ThirdParty/libOpus/opus-1.3.1-12/silk/arm/macros_arm64.h,1,0,1
/media/ullmann/HDDGabriel/engines/UnrealEngine/Engine/Source/Programs/IOS/UnrealLaunchDaemon/Private/IOS/IOSLaunchDaemonAppMain.cpp,0,1,1
/media/ullmann/HDDGabriel/engines/UnrealEngine/Engine/Source/ThirdParty/libOpus/opus-1.1/silk/float/encode_frame_FLP.c,0,1,1
/media/ullmann/HDDGabriel/engines/UnrealEngine/Engine/Source/ThirdParty/Intel/Embree/Embree270/src/kernels/xeonphi/bvh4i/bvh4i_builder.cpp,0,1,1
/media/ullmann/HDDGabriel/engines/UnrealEngine/Engine/Source/Developer/AssetTools/Private/AssetTypeActions/AssetTypeActions_MaterialParameterCollection.h,1,0,1
/media/ullmann/HDDGabriel/engines/UnrealEngine/Engine/Source/ThirdParty/WebRTC/4147/Include/tools/clang/blink_gc_plugin/CheckGCRootsVisitor.h,1,2,3
/media/ullmann/HDDGabriel/engines/UnrealEngine/Engine/Source/Runtime/Renderer/Private/Lumen/LumenUniqueList.h,1,0,1
/media/ullmann/HDDGabriel/engines/UnrealEngine/Engine/Source/ThirdParty/OpenVDB/Deploy/openvdb-8.1.0/include/openvdb/points/PointScatter.h,0,3,3
/media/ullmann/HDDGabriel/engines/UnrealEngine/Engine/Source/ThirdParty/FreeType2/FreeType2-2.4.12/src/base/ftinit.c,0,1,1
/media/ullmann/HDDGabriel/engines/UnrealEngine/Engine/Source/ThirdParty/MCPP/mcpp-2.7.2/cpp-test/test-l/nest31.h,1,1,2
/media/ullmann/HDDGabriel/engines/UnrealEngine/Engine/Source/ThirdParty/MCPP/mcpp-2.7.2/cpp-test/test-l/nest32.h,1,1,2
/media/ullmann/HDDGabriel/engines/UnrealEngine/Engine/Source/Programs/SwitchboardListener/Private/CpuUtilizationMonitor.cpp,0,1,1
/media/ullmann/HDDGabriel/engines/UnrealEngine/Engine/Source/Editor/Persona/Private/AnimTimeline/AnimTimelineTrack_VectorCurve.cpp,0,1,1
/media/ullmann/HDDGabriel/engines/UnrealEngine/Engine/Source/ThirdParty/Expat/expat-2.2.10/xmlwf/xmlwf.c,0,3,3
/media/ullmann/HDDGabriel/engines/UnrealEngine/Engine/Source/ThirdParty/MCPP/mcpp-2.7.2/cpp-test/test-l/nest30.h,1,1,2
/media/ullmann/HDDGabriel/engines/UnrealEngine/Engine/Source/ThirdParty/libOpus/opus-1.0.3/silk/resampler_rom.c,0,1,1
/media/ullmann/HDDGabriel/engines/UnrealEngine/Engine/Source/ThirdParty/Oculus/LibOVRPlatform/LibOVRPlatform/include/OVR_RoomMembershipLockStatus.h,1,1,2
/media/ullmann/HDDGabriel/engines/UnrealEngine/Engine/Source/ThirdParty/Perforce/p4api-2021.2/Include/Mac/p4/handler.h,1,0,1
/media/ullmann/HDDGabriel/engines/UnrealEngine/Engine/Source/Runtime/UMG/Public/Components/ScrollBoxSlot.h,1,0,1
/media/ullmann/HDDGabriel/engines/UnrealEngine/Engine/Source/Developer/AutomationController/Private/AutomationReport.h,2,0,2
/media/ullmann/HDDGabriel/engines/UnrealEngine/Engine/Source/Runtime/AVEncoder/Private/VideoEncoderInputImpl.h,2,0,2
/media/ullmann/HDDGabriel/engines/UnrealEngine/Engine/Source/Runtime/Renderer/Private/HairStrands/HairStrandsMeshProjection.cpp,0,1,1
/media/ullmann/HDDGabriel/engines/UnrealEngine/Engine/Source/ThirdParty/libcurl/include/Windows/curl/curlrules.h,1,0,1
/media/ullmann/HDDGabriel/engines/UnrealEngine/Engine/Source/ThirdParty/FBX/2020.2/include/fbxsdk/scene/geometry/fbxvertexcachedeformer.h,1,0,1
/media/ullmann/HDDGabriel/engines/UnrealEngine/Engine/Source/ThirdParty/FBX/2020.2/include/fbxsdk/scene/geometry/fbxgenericnode.h,1,0,1
/media/ullmann/HDDGabriel/engines/UnrealEngine/Engine/Source/Programs/UnrealHeaderTool/Private/Specifiers/FunctionSpecifiers.h,2,0,2
/media/ullmann/HDDGabriel/engines/UnrealEngine/Engine/Source/Editor/Persona/Private/SSlotNameReferenceWindow.cpp,0,1,1
/media/ullmann/HDDGabriel/engines/UnrealEngine/Engine/Source/Editor/Persona/Private/SSlotNameReferenceWindow.h,2,0,2
/media/ullmann/HDDGabriel/engines/UnrealEngine/Engine/Source/Editor/IntroTutorials/Private/EditorTutorialSettings.cpp,0,1,1
/media/ullmann/HDDGabriel/engines/UnrealEngine/Engine/Source/Runtime/Engine/Public/DebugViewModeInterface.h,0,2,2
/media/ullmann/HDDGabriel/engines/UnrealEngine/Engine/Source/Runtime/ApplicationCore/Private/HoloLens/HoloLensInputInterface.cpp,0,1,1
/media/ullmann/HDDGabriel/engines/UnrealEngine/Engine/Source/ThirdParty/ICU/icu4c-64_1/source/test/intltest/dtifmtts.cpp,0,2,2
/media/ullmann/HDDGabriel/engines/UnrealEngine/Engine/Source/Developer/AssetTools/Private/AssetTypeActions/AssetTypeActions_TextureRenderTargetCube.h,1,0,1
/media/ullmann/HDDGabriel/engines/UnrealEngine/Engine/Source/Runtime/InstallBundleManager/Public/InstallBundleCache.h,0,1,1
/media/ullmann/HDDGabriel/engines/UnrealEngine/Engine/Source/ThirdParty/openexr/openexr-3.1.1/src/lib/OpenEXR/ImfDeepCompositing.cpp,0,2,2
/media/ullmann/HDDGabriel/engines/UnrealEngine/Engine/Source/Runtime/SlateRHIRenderer/Private/SlateShaders.cpp,0,1,1
/media/ullmann/HDDGabriel/engines/UnrealEngine/Engine/Source/Runtime/Engine/Private/SkeletalRender.cpp,0,1,1
/media/ullmann/HDDGabriel/engines/UnrealEngine/Engine/Source/Runtime/Renderer/Private/RayTracing/RayTracingLighting.cpp,0,1,1
/media/ullmann/HDDGabriel/engines/UnrealEngine/Engine/Source/Runtime/Renderer/Private/RayTracing/RayTracingLighting.h,2,0,2
/media/ullmann/HDDGabriel/engines/UnrealEngine/Engine/Source/ThirdParty/ICU/icu4c-53_1/source/test/intltest/usettest.cpp,0,1,1
/media/ullmann/HDDGabriel/engines/UnrealEngine/Engine/Source/ThirdParty/WebRTC/4147/Include/third_party/opus/src/celt/ecintrin.h,1,1,2
/media/ullmann/HDDGabriel/engines/UnrealEngine/Engine/Source/Editor/UMGEditor/Private/AssetTypeActions_WidgetBlueprint.cpp,0,1,1
/media/ullmann/HDDGabriel/engines/UnrealEngine/Engine/Source/ThirdParty/libPNG/libPNG-1.5.27/scripts/vers.c,0,1,1
/media/ullmann/HDDGabriel/engines/UnrealEngine/Engine/Source/ThirdParty/Intel/TBB/IntelTBB-2019u8/examples/parallel_for/tachyon/src/jpeg.h,2,0,2
/media/ullmann/HDDGabriel/engines/UnrealEngine/Engine/Source/ThirdParty/ShaderConductor/ShaderConductor/External/DirectXShaderCompiler/tools/clang/lib/SPIRV/LiteralTypeVisitor.h,2,0,2
/media/ullmann/HDDGabriel/engines/UnrealEngine/Engine/Source/ThirdParty/HarfBuzz/harfbuzz-2.4.0/src/hb-iter.hh,1,0,1
/media/ullmann/HDDGabriel/engines/UnrealEngine/Engine/Source/ThirdParty/ICU/icu4c-53_1/source/io/uprntf_p.c,0,2,2
/media/ullmann/HDDGabriel/engines/UnrealEngine/Engine/Source/ThirdParty/zlib/zlib-1.2.5/Src/inflate.h,3,0,3
/media/ullmann/HDDGabriel/engines/UnrealEngine/Engine/Source/ThirdParty/ShaderConductor/ShaderConductor/External/DirectXShaderCompiler/lib/HLSL/DxilTargetTransformInfo.cpp,0,1,1
/media/ullmann/HDDGabriel/engines/UnrealEngine/Engine/Source/ThirdParty/ShaderConductor/ShaderConductor/External/DirectXShaderCompiler/lib/HLSL/DxilTargetTransformInfo.h,1,0,1
/media/ullmann/HDDGabriel/engines/UnrealEngine/Engine/Source/ThirdParty/libOpus/opus-1.3.1-12/silk/float/bwexpander_FLP.c,0,1,1
/media/ullmann/HDDGabriel/engines/UnrealEngine/Engine/Source/ThirdParty/libOpus/opus-1.3.1-12/silk/arm/SigProc_FIX_armv4.h,1,0,1
/media/ullmann/HDDGabriel/engines/UnrealEngine/Engine/Source/ThirdParty/ShaderConductor/ShaderConductor/External/DirectXShaderCompiler/tools/clang/lib/Headers/lzcntintrin.h,2,0,2
/media/ullmann/HDDGabriel/engines/UnrealEngine/Engine/Source/Developer/Windows/LiveCoding/Private/External/LC_NamedSharedMemory.cpp,0,2,2
/media/ullmann/HDDGabriel/engines/UnrealEngine/Engine/Source/Runtime/Engine/Public/StaticMeshCompiler.h,0,2,2
/media/ullmann/HDDGabriel/engines/UnrealEngine/Engine/Source/Editor/SceneOutliner/Public/ActorDescTreeItem.h,0,1,1
/media/ullmann/HDDGabriel/engines/UnrealEngine/Engine/Source/Editor/DetailCustomizations/Private/SkinnedMeshComponentDetails.cpp,0,1,1
/media/ullmann/HDDGabriel/engines/UnrealEngine/Engine/Source/Editor/DetailCustomizations/Private/SkinnedMeshComponentDetails.h,2,0,2
/media/ullmann/HDDGabriel/engines/UnrealEngine/Engine/Source/ThirdParty/MCPP/mcpp-2.7.2/test-l/nest81.h,1,1,2
/media/ullmann/HDDGabriel/engines/UnrealEngine/Engine/Source/ThirdParty/Intel/TBB/IntelTBB-2019u8/src/test/test_global_control_whitebox.cpp,0,2,2
/media/ullmann/HDDGabriel/engines/UnrealEngine/Engine/Source/ThirdParty/libOpus/opus-1.3.1-12/silk/decoder_set_fs.c,0,1,1
/media/ullmann/HDDGabriel/engines/UnrealEngine/Engine/Source/ThirdParty/FreeType2/FreeType2-2.10.0/src/bdf/bdf.h,3,0,3
/media/ullmann/HDDGabriel/engines/UnrealEngine/Engine/Source/ThirdParty/ShaderConductor/ShaderConductor/External/DirectXShaderCompiler/tools/clang/lib/CodeGen/CGHLSLRuntime.cpp,0,1,1
/media/ullmann/HDDGabriel/engines/UnrealEngine/Engine/Source/ThirdParty/ICU/icu4c-64_1/source/tools/tzcode/scheck.c,0,1,1
/media/ullmann/HDDGabriel/engines/UnrealEngine/Engine/Source/Runtime/Foliage/Private/FoliageActor.h,2,0,2
/media/ullmann/HDDGabriel/engines/UnrealEngine/Engine/Source/ThirdParty/ICU/icu4c-53_1/source/tools/gentest/genres32.c,0,1,1
/media/ullmann/HDDGabriel/engines/UnrealEngine/Engine/Source/ThirdParty/MCPP/mcpp-2.7.2/cpp-test/test-l/nest80.h,1,1,2
/media/ullmann/HDDGabriel/engines/UnrealEngine/Engine/Source/ThirdParty/Intel/TBB/IntelTBB-2019u8/src/test/test_task_enqueue.cpp,0,2,2
/media/ullmann/HDDGabriel/engines/UnrealEngine/Engine/Source/Editor/Experimental/HordeExecutor/Private/HordeExecutorSettings.cpp,0,1,1
/media/ullmann/HDDGabriel/engines/UnrealEngine/Engine/Source/Editor/Experimental/HordeExecutor/Private/HordeExecutorSettings.h,2,0,2
/media/ullmann/HDDGabriel/engines/UnrealEngine/Engine/Source/ThirdParty/FBX/2020.2/include/fbxsdk/fileio/fbxstatistics.h,1,0,1
/media/ullmann/HDDGabriel/engines/UnrealEngine/Engine/Source/Developer/SlateReflector/Public/ISlateReflectorModule.h,1,0,1
/media/ullmann/HDDGabriel/engines/UnrealEngine/Engine/Source/Editor/Experimental/EditorInteractiveToolsFramework/Public/EditorInteractiveGizmoConditionalBuilder.h,1,0,1
/media/ullmann/HDDGabriel/engines/UnrealEngine/Engine/Source/ThirdParty/nvTextureTools/nvTextureTools-2.0.8/src/src/nvcore/Library.cpp,0,2,2
/media/ullmann/HDDGabriel/engines/UnrealEngine/Engine/Source/ThirdParty/ICU/icu4c-53_1/source/i18n/nfsubs.h,2,3,5
/media/ullmann/HDDGabriel/engines/UnrealEngine/Engine/Source/ThirdParty/FreeType2/FreeType2-2.10.0/src/gxvalid/gxvmod.h,1,0,1
/media/ullmann/HDDGabriel/engines/UnrealEngine/Engine/Source/ThirdParty/openexr/openexr-3.1.1/src/test/OpenEXRTest/testHuf.h,1,0,1
/media/ullmann/HDDGabriel/engines/UnrealEngine/Engine/Source/Editor/VREditor/UI/VREditorRadialFloatingUI.cpp,0,3,3
/media/ullmann/HDDGabriel/engines/UnrealEngine/Engine/Source/ThirdParty/FakeIt/2.0.2/config/boost/BoostTestFakeit.hpp,1,0,1
/media/ullmann/HDDGabriel/engines/UnrealEngine/Engine/Source/ThirdParty/nvTextureTools/nvTextureTools-2.0.6/src/src/nvtt/OutputOptions.cpp,0,1,1
/media/ullmann/HDDGabriel/engines/UnrealEngine/Engine/Source/ThirdParty/rpclib/Source/include/rpc/msgpack/adaptor/cpp11/shared_ptr.hpp,1,0,1
/media/ullmann/HDDGabriel/engines/UnrealEngine/Engine/Source/Developer/Virtualization/Private/VirtualizationDDCBackend.cpp,0,1,1
/media/ullmann/HDDGabriel/engines/UnrealEngine/Engine/Source/Developer/Virtualization/Private/VirtualizationDDCBackend.h,1,0,1
/media/ullmann/HDDGabriel/engines/UnrealEngine/Engine/Source/ThirdParty/Python3/Mac/include/cpython/fileutils.h,1,0,1
/media/ullmann/HDDGabriel/engines/UnrealEngine/Engine/Source/Developer/Localization/Public/LocalizationSourceControlUtil.h,0,1,1
/media/ullmann/HDDGabriel/engines/UnrealEngine/Engine/Source/Developer/Localization/Public/LocTextHelper.h,1,0,1
/media/ullmann/HDDGabriel/engines/UnrealEngine/Engine/Source/ThirdParty/Intel/Embree/Embree2140/src/kernels/bvh/bvh_intersector1.h,1,2,3
/media/ullmann/HDDGabriel/engines/UnrealEngine/Engine/Source/Runtime/Engine/Private/Streaming/Texture2DStreamOut_Virtual.h,1,1,2
/media/ullmann/HDDGabriel/engines/UnrealEngine/Engine/Source/ThirdParty/libOpus/opus-1.3.1-12/src/opus_projection_decoder.c,0,2,2
/media/ullmann/HDDGabriel/engines/UnrealEngine/Engine/Source/ThirdParty/CryptoPP/5.6.5/include/hmac.cpp,0,2,2
/media/ullmann/HDDGabriel/engines/UnrealEngine/Engine/Source/ThirdParty/OpenSubdiv/OpenSubdiv-3.4.4/regression/shapes/loop_fvar_bound0.h,1,0,1
/media/ullmann/HDDGabriel/engines/UnrealEngine/Engine/Source/Editor/PropertyEditor/Private/SDetailTableRowBase.cpp,0,1,1
/media/ullmann/HDDGabriel/engines/UnrealEngine/Engine/Source/ThirdParty/MCPP/mcpp-2.7.2/cpp-test/test-l/nest33.h,1,1,2
/media/ullmann/HDDGabriel/engines/UnrealEngine/Engine/Source/ThirdParty/WebRTC/4147/Include/third_party/libvpx/source/libvpx/vp8/decoder/decodemv.h,0,1,1
/media/ullmann/HDDGabriel/engines/UnrealEngine/Engine/Source/ThirdParty/ShaderConductor/ShaderConductor/External/DirectXShaderCompiler/tools/lli/OrcLazyJIT.cpp,0,1,1
/media/ullmann/HDDGabriel/engines/UnrealEngine/Engine/Source/ThirdParty/ShaderConductor/ShaderConductor/External/DirectXShaderCompiler/tools/lli/OrcLazyJIT.h,2,0,2
/media/ullmann/HDDGabriel/engines/UnrealEngine/Engine/Source/Runtime/AudioExtensions/Public/IAudioParameterTransmitter.h,0,2,2
/media/ullmann/HDDGabriel/engines/UnrealEngine/Engine/Source/ThirdParty/ICU/icu4c-64_1/source/test/cintltst/sprpdata.c,0,1,1
/media/ullmann/HDDGabriel/engines/UnrealEngine/Engine/Source/ThirdParty/ShaderConductor/ShaderConductor/External/DirectXShaderCompiler/tools/opt/BreakpointPrinter.h,2,0,2
/media/ullmann/HDDGabriel/engines/UnrealEngine/Engine/Source/Runtime/Portal/LauncherPlatform/Public/LauncherPlatformModule.h,0,1,1
/media/ullmann/HDDGabriel/engines/UnrealEngine/Engine/Source/Runtime/Portal/LauncherPlatform/Public/ILauncherPlatform.h,1,0,1
/media/ullmann/HDDGabriel/engines/UnrealEngine/Engine/Source/Developer/Virtualization/Private/VirtualizationFileBackend.h,1,0,1
/media/ullmann/HDDGabriel/engines/UnrealEngine/Engine/Source/ThirdParty/FreeImage/FreeImage-3.18.0/Source/LibOpenJPEG/t2.c,0,1,1
/media/ullmann/HDDGabriel/engines/UnrealEngine/Engine/Source/ThirdParty/ICU/icu4c-64_1/source/extra/scrptrun/srtest.cpp,0,1,1
/media/ullmann/HDDGabriel/engines/UnrealEngine/Engine/Source/ThirdParty/SDL2/SDL-gui-backend/src/video/windows/SDL_msctf.h,1,0,1
/media/ullmann/HDDGabriel/engines/UnrealEngine/Engine/Source/Runtime/Slate/Public/Widgets/Input/SCheckBox.h,3,0,3
/media/ullmann/HDDGabriel/engines/UnrealEngine/Engine/Source/ThirdParty/OpenVDB/openvdb-8.1.0/openvdb/openvdb/Grid.cc,0,1,1
/media/ullmann/HDDGabriel/engines/UnrealEngine/Engine/Source/Programs/UnrealLightmass/Private/LightmassCore/Misc/LMDebug.cpp,0,1,1
/media/ullmann/HDDGabriel/engines/UnrealEngine/Engine/Source/Programs/UnrealLightmass/Private/LightmassCore/Misc/LMDebug.h,1,0,1
/media/ullmann/HDDGabriel/engines/UnrealEngine/Engine/Source/Editor/Kismet/Private/FormatTextDetails.cpp,0,1,1
/media/ullmann/HDDGabriel/engines/UnrealEngine/Engine/Source/Runtime/Core/Public/UObject/UObjectHierarchyFwd.h,4,0,4
/media/ullmann/HDDGabriel/engines/UnrealEngine/Engine/Source/ThirdParty/Windows/glTF-Toolkit/WindowsMRAssetConverter/stdafx.cpp,0,1,1
/media/ullmann/HDDGabriel/engines/UnrealEngine/Engine/Source/Runtime/MovieScene/Public/MovieSceneExecutionToken.h,0,3,3
/media/ullmann/HDDGabriel/engines/UnrealEngine/Engine/Source/Developer/SourceControl/Public/ISourceControlChangelist.h,3,0,3
/media/ullmann/HDDGabriel/engines/UnrealEngine/Engine/Source/Runtime/Media/Private/MediaModule.cpp,0,2,2
/media/ullmann/HDDGabriel/engines/UnrealEngine/Engine/Source/Runtime/Media/Private/MediaTicker.h,2,0,2
/media/ullmann/HDDGabriel/engines/UnrealEngine/Engine/Source/Runtime/CoreUObject/Public/Serialization/FindObjectReferencers.h,1,0,1
/media/ullmann/HDDGabriel/engines/UnrealEngine/Engine/Source/Runtime/Json/Public/Policies/JsonPrintPolicy.h,1,0,1
/media/ullmann/HDDGabriel/engines/UnrealEngine/Engine/Source/ThirdParty/ICU/icu4c-64_1/source/i18n/unicode/region.h,2,0,2
/media/ullmann/HDDGabriel/engines/UnrealEngine/Engine/Source/ThirdParty/ICU/icu4c-64_1/source/common/unicode/umisc.h,1,0,1
/media/ullmann/HDDGabriel/engines/UnrealEngine/Engine/Source/Runtime/Apple/AGXRHI/Private/AGXVertexDeclaration.cpp,0,4,4
/media/ullmann/HDDGabriel/engines/UnrealEngine/Engine/Source/ThirdParty/llvm/8/include/llvm/BinaryFormat/ELFRelocs/Sparc.def,1,0,1
/media/ullmann/HDDGabriel/engines/UnrealEngine/Engine/Source/Editor/BehaviorTreeEditor/Private/DetailCustomizations/BlackboardDecoratorDetails.h,1,0,1
/media/ullmann/HDDGabriel/engines/UnrealEngine/Engine/Source/ThirdParty/Intel/ISPC/ispc-1.16.1/examples/xpu/simple-dpcpp/simple-dpcpp.cpp,0,1,1
/media/ullmann/HDDGabriel/engines/UnrealEngine/Engine/Source/ThirdParty/Intel/ISPC/ispc-1.16.1/examples/xpu/simple-dpcpp/simple-dpcpp.hpp,1,0,1
/media/ullmann/HDDGabriel/engines/UnrealEngine/Engine/Source/Developer/HoloLens/HoloLensPlatformEditor/Private/HoloLensLocalizedResourcesCustomization.cpp,0,1,1
/media/ullmann/HDDGabriel/engines/UnrealEngine/Engine/Source/Runtime/RenderCore/Public/BuiltInRayTracingShaders.h,0,3,3
/media/ullmann/HDDGabriel/engines/UnrealEngine/Engine/Source/ThirdParty/rpclib/Source/include/rpc/msgpack/adaptor/cpp11/array_char.hpp,1,0,1
/media/ullmann/HDDGabriel/engines/UnrealEngine/Engine/Source/ThirdParty/PhysX3/PhysX_3.4/Source/PhysX/src/gpu/NpPhysicsGpu.cpp,0,1,1
/media/ullmann/HDDGabriel/engines/UnrealEngine/Engine/Source/ThirdParty/llvm/8/include/llvm/DebugInfo/CodeView/CodeViewRegisters.def,1,0,1
/media/ullmann/HDDGabriel/engines/UnrealEngine/Engine/Source/ThirdParty/MCPP/mcpp-2.7.2/cpp-test/test-l/nest87.h,1,1,2
/media/ullmann/HDDGabriel/engines/UnrealEngine/Engine/Source/ThirdParty/libOpus/opus-1.3.1-12/silk/mips/sigproc_fix_mipsr1.h,1,0,1
/media/ullmann/HDDGabriel/engines/UnrealEngine/Engine/Source/Editor/GameProjectGeneration/Private/TemplateItem.h,2,0,2
/media/ullmann/HDDGabriel/engines/UnrealEngine/Engine/Source/Runtime/ApplicationCore/Private/Apple/AppleControllerInterface.cpp,0,1,1
/media/ullmann/HDDGabriel/engines/UnrealEngine/Engine/Source/Runtime/ApplicationCore/Private/Apple/AppleControllerInterface.h,1,0,1
/media/ullmann/HDDGabriel/engines/UnrealEngine/Engine/Source/Programs/HeadlessChaosPerf/Private/HeadlessChaosPerfApp.cpp,0,1,1
/media/ullmann/HDDGabriel/engines/UnrealEngine/Engine/Source/Programs/HeadlessChaosPerf/Private/ChaosPerf/ChaosPerf.h,1,0,1
/media/ullmann/HDDGabriel/engines/UnrealEngine/Engine/Source/ThirdParty/PhysX3/PhysX_3.4/Source/PhysXCooking/src/mesh/TriangleMeshBuilder.h,2,0,2
/media/ullmann/HDDGabriel/engines/UnrealEngine/Engine/Source/ThirdParty/PhysX3/PhysX_3.4/Source/PhysXExtensions/src/serialization/Binary/SnConvX_Error.cpp,0,1,1
/media/ullmann/HDDGabriel/engines/UnrealEngine/Engine/Source/ThirdParty/ICU/icu4c-64_1/source/common/ustrenum.h,1,2,3
/media/ullmann/HDDGabriel/engines/UnrealEngine/Engine/Source/ThirdParty/OpenVDB/Deploy/openvdb-8.1.0/include/openvdb/points/IndexIterator.h,4,0,4
/media/ullmann/HDDGabriel/engines/UnrealEngine/Engine/Source/Editor/PropertyEditor/Private/IPropertyGenerationUtilities.h,4,0,4
/media/ullmann/HDDGabriel/engines/UnrealEngine/Engine/Source/ThirdParty/HarfBuzz/harfbuzz-2.4.0/src/hb-cff1-interp-cs.hh,2,0,2
/media/ullmann/HDDGabriel/engines/UnrealEngine/Engine/Source/ThirdParty/Intel/TBB/IntelTBB-2019u8/src/test/test_async_msg.cpp,0,3,3
/media/ullmann/HDDGabriel/engines/UnrealEngine/Engine/Source/ThirdParty/libcurl/include/Linux/aarch64-unknown-linux-gnueabi/curl/easy.h,1,0,1
/media/ullmann/HDDGabriel/engines/UnrealEngine/Engine/Source/ThirdParty/DirectShow/DirectShow-1.0.0/src/Public/outputq.h,1,0,1
/media/ullmann/HDDGabriel/engines/UnrealEngine/Engine/Source/ThirdParty/hlslcc/hlslcc/src/hlslcc_lib/hlsl_parser.inl,1,0,1
/media/ullmann/HDDGabriel/engines/UnrealEngine/Engine/Source/Runtime/Engine/Classes/Sound/SoundClass.h,0,1,1
/media/ullmann/HDDGabriel/engines/UnrealEngine/Engine/Source/Developer/PhysicsUtilities/Private/SkinnedBoneTriangleCache.cpp,0,1,1
/media/ullmann/HDDGabriel/engines/UnrealEngine/Engine/Source/ThirdParty/CEF3/pristine/cef_source/libcef_dll/transfer_util.cc,0,1,1
/media/ullmann/HDDGabriel/engines/UnrealEngine/Engine/Source/ThirdParty/CEF3/pristine/cef_source/libcef_dll/transfer_util.h,1,0,1
/media/ullmann/HDDGabriel/engines/UnrealEngine/Engine/Source/ThirdParty/Python3/Win64/include/setobject.h,1,0,1
/media/ullmann/HDDGabriel/engines/UnrealEngine/Engine/Source/Editor/AnimGraph/Public/AnimGraphNode_ApplyMeshSpaceAdditive.h,0,1,1
/media/ullmann/HDDGabriel/engines/UnrealEngine/Engine/Source/Editor/LevelEditor/Public/ViewportTypeDefinition.h,1,0,1
/media/ullmann/HDDGabriel/engines/UnrealEngine/Engine/Source/ThirdParty/PhysX3/APEX_1.4/module/destructible/include/DestructibleStructureStressSolver.h,0,1,1
/media/ullmann/HDDGabriel/engines/UnrealEngine/Engine/Source/Editor/Persona/Private/AnimTimeline/SAnimTimelineTransportControls.cpp,0,1,1
/media/ullmann/HDDGabriel/engines/UnrealEngine/Engine/Source/ThirdParty/PhysX3/APEX_1.4/module/clothing_legacy/include/autogen/ClothingPhysicalMeshParameters_0p11.h,1,0,1
/media/ullmann/HDDGabriel/engines/UnrealEngine/Engine/Source/Runtime/UMG/Public/Components/TextWidgetTypes.h,1,0,1
/media/ullmann/HDDGabriel/engines/UnrealEngine/Engine/Source/ThirdParty/MCPP/mcpp-2.7.2/test-c/nest2.h,1,1,2
/media/ullmann/HDDGabriel/engines/UnrealEngine/Engine/Source/ThirdParty/Intel/TBB/IntelTBB-2019u8/src/test/test_partitioner.h,3,1,4
/media/ullmann/HDDGabriel/engines/UnrealEngine/Engine/Source/ThirdParty/ICU/icu4c-64_1/source/common/capi_helper.h,0,1,1
/media/ullmann/HDDGabriel/engines/UnrealEngine/Engine/Source/ThirdParty/ICU/icu4c-53_1/source/test/cintltst/cintltst.c,0,1,1
/media/ullmann/HDDGabriel/engines/UnrealEngine/Engine/Source/ThirdParty/PhysX3/PhysX_3.4/Source/Common/src/CmVisualization.cpp,0,3,3
/media/ullmann/HDDGabriel/engines/UnrealEngine/Engine/Source/Runtime/Engine/Private/Streaming/StaticMeshUpdate.h,1,0,1
/media/ullmann/HDDGabriel/engines/UnrealEngine/Engine/Source/Programs/HeadlessChaos/Public/GeometryCollection/GeometryCollectionTestClustering.h,0,1,1
/media/ullmann/HDDGabriel/engines/UnrealEngine/Engine/Source/Editor/AnimGraph/Private/CustomPropertyOptionalPinManager.cpp,0,1,1
/media/ullmann/HDDGabriel/engines/UnrealEngine/Engine/Source/ThirdParty/PhysX3/PhysX_3.4/Source/LowLevelAABB/src/BpSAPTasks.cpp,0,2,2
/media/ullmann/HDDGabriel/engines/UnrealEngine/Engine/Source/ThirdParty/ICU/icu4c-64_1/source/test/cintltst/tracetst.c,0,1,1
/media/ullmann/HDDGabriel/engines/UnrealEngine/Engine/Source/ThirdParty/Intel/TBB/IntelTBB-2019u8/examples/common/gui/d2dvideo.cpp,0,1,1
/media/ullmann/HDDGabriel/engines/UnrealEngine/Engine/Source/Developer/SourceControl/Private/DefaultSourceControlProvider.cpp,0,1,1
/media/ullmann/HDDGabriel/engines/UnrealEngine/Engine/Source/ThirdParty/SPIRV-Reflect/SPIRV-Reflect/util/stripper/main.cpp,0,2,2
/media/ullmann/HDDGabriel/engines/UnrealEngine/Engine/Source/ThirdParty/SPIRV-Reflect/SPIRV-Reflect/util/stripper/io.h,1,0,1
/media/ullmann/HDDGabriel/engines/UnrealEngine/Engine/Source/Editor/PropertyEditor/Private/EditConditionParser.cpp,0,2,2
/media/ullmann/HDDGabriel/engines/UnrealEngine/Engine/Source/Runtime/Renderer/Private/HairStrands/HairStrandsVisibility.h,4,0,4
/media/ullmann/HDDGabriel/engines/UnrealEngine/Engine/Source/ThirdParty/Python3/Mac/include/grammar.h,1,1,2
/media/ullmann/HDDGabriel/engines/UnrealEngine/Engine/Source/ThirdParty/Python3/Mac/include/bitset.h,1,0,1
/media/ullmann/HDDGabriel/engines/UnrealEngine/Engine/Source/Editor/Sequencer/Private/MovieSceneCopyableTrack.h,2,0,2
/media/ullmann/HDDGabriel/engines/UnrealEngine/Engine/Source/Editor/LevelInstanceEditor/Private/LevelInstanceEditorModeCommands.cpp,0,1,1
/media/ullmann/HDDGabriel/engines/UnrealEngine/Engine/Source/Editor/LevelInstanceEditor/Private/LevelInstanceEditorModeCommands.h,3,0,3
/media/ullmann/HDDGabriel/engines/UnrealEngine/Engine/Source/ThirdParty/FreeType2/FreeType2-2.10.0/src/type1/t1parse.h,2,0,2
/media/ullmann/HDDGabriel/engines/UnrealEngine/Engine/Source/ThirdParty/HarfBuzz/harfbuzz-2.4.0/src/hb-subset-cff1.hh,1,0,1
/media/ullmann/HDDGabriel/engines/UnrealEngine/Engine/Source/Runtime/RenderCore/Public/RenderCore.h,1,0,1
/media/ullmann/HDDGabriel/engines/UnrealEngine/Engine/Source/Runtime/Engine/Public/AudioDynamicParameter.h,2,0,2
/media/ullmann/HDDGabriel/engines/UnrealEngine/Engine/Source/Runtime/Online/HTTPServer/Private/HttpServerConfig.cpp,0,1,1
/media/ullmann/HDDGabriel/engines/UnrealEngine/Engine/Source/ThirdParty/ICU/icu4c-53_1/source/test/intltest/v32test.cpp,0,2,2
/media/ullmann/HDDGabriel/engines/UnrealEngine/Engine/Source/ThirdParty/PhysX3/PhysX_3.4/Include/geometry/PxHeightFieldDesc.h,1,0,1
/media/ullmann/HDDGabriel/engines/UnrealEngine/Engine/Source/Developer/AssetTools/Private/AssetTypeActions/AssetTypeActions_Enum.h,1,0,1
/media/ullmann/HDDGabriel/engines/UnrealEngine/Engine/Source/ThirdParty/Python3/Linux/include/python3.9/cpython/import.h,1,0,1
/media/ullmann/HDDGabriel/engines/UnrealEngine/Engine/Source/ThirdParty/Oculus/LibOVRPlatform/LibOVRPlatform/include/OVR_MatchmakingStats.h,2,1,3
/media/ullmann/HDDGabriel/engines/UnrealEngine/Engine/Source/ThirdParty/Crunch/src/crnlib/lzma_7zStream.cpp,0,2,2
/media/ullmann/HDDGabriel/engines/UnrealEngine/Engine/Source/ThirdParty/WebRTC/4147/Include/base/third_party/symbolize/demangle.h,0,2,2
/media/ullmann/HDDGabriel/engines/UnrealEngine/Engine/Source/Runtime/Engine/Private/VectorFieldVisualization.h,2,0,2
/media/ullmann/HDDGabriel/engines/UnrealEngine/Engine/Source/ThirdParty/PhysX3/APEX_1.4/module/emitter/include/EmitterGeomCylinderImpl.h,0,1,1
/media/ullmann/HDDGabriel/engines/UnrealEngine/Engine/Source/ThirdParty/Intel/TBB/IntelTBB-2019u8/examples/parallel_for/game_of_life/src/Update_state.cpp,0,1,1
/media/ullmann/HDDGabriel/engines/UnrealEngine/Engine/Source/ThirdParty/coremod/coremod-4.2.6/src/loaders/it.h,1,0,1
/media/ullmann/HDDGabriel/engines/UnrealEngine/Engine/Source/ThirdParty/openexr/openexr-3.1.1/src/lib/OpenEXRUtil/ImfFlatImageIO.cpp,0,1,1
/media/ullmann/HDDGabriel/engines/UnrealEngine/Engine/Source/Runtime/Experimental/Chaos/Public/Chaos/PBDRigidDynamicSpringConstraints.h,1,0,1
/media/ullmann/HDDGabriel/engines/UnrealEngine/Engine/Source/Editor/DetailCustomizations/Private/MovieSceneEventParametersCustomization.cpp,0,1,1
/media/ullmann/HDDGabriel/engines/UnrealEngine/Engine/Source/Runtime/D3D12RHI/Private/D3D12TimedIntervalQuery.cpp,0,1,1
/media/ullmann/HDDGabriel/engines/UnrealEngine/Engine/Source/ThirdParty/ShaderConductor/ShaderConductor/External/DirectXShaderCompiler/tools/llvm-objdump/COFFDump.cpp,0,1,1
/media/ullmann/HDDGabriel/engines/UnrealEngine/Engine/Source/ThirdParty/PhysX3/PhysX_3.4/Source/GeomUtils/src/contact/GuContactSphereMesh.cpp,0,2,2
/media/ullmann/HDDGabriel/engines/UnrealEngine/Engine/Source/ThirdParty/Intel/ISPC/ispc-1.17.0/examples/cpu/aobench_instrumented/instrument.cpp,0,1,1
/media/ullmann/HDDGabriel/engines/UnrealEngine/Engine/Source/Runtime/Renderer/Private/SimpleMeshDrawCommandPass.cpp,0,1,1
/media/ullmann/HDDGabriel/engines/UnrealEngine/Engine/Source/ThirdParty/PhysX3/NvCloth/samples/SampleBase/renderer/ConvexRenderMesh.h,1,1,2
/media/ullmann/HDDGabriel/engines/UnrealEngine/Engine/Source/ThirdParty/ShaderConductor/ShaderConductor/External/DirectXShaderCompiler/include/llvm/ExecutionEngine/Orc/OrcTargetSupport.h,0,1,1
/media/ullmann/HDDGabriel/engines/UnrealEngine/Engine/Source/Runtime/Renderer/Private/WideCustomResolveShaders.h,2,0,2
/media/ullmann/HDDGabriel/engines/UnrealEngine/Engine/Source/ThirdParty/OpenVDB/Deploy/openvdb-8.1.0/include/openvdb/math/QuantizedUnitVec.h,0,1,1
/media/ullmann/HDDGabriel/engines/UnrealEngine/Engine/Source/ThirdParty/WebRTC/4147/Include/third_party/opus/src/celt/mfrngcod.h,0,1,1
/media/ullmann/HDDGabriel/engines/UnrealEngine/Engine/Source/ThirdParty/OpenVDB/openvdb-8.1.0/openvdb_maya/openvdb_maya/OpenVDBFromMayaFluidNode.cc,0,1,1
/media/ullmann/HDDGabriel/engines/UnrealEngine/Engine/Source/Developer/AssetTools/Private/AssetTypeActions/AssetTypeActions_Struct.h,1,0,1
/media/ullmann/HDDGabriel/engines/UnrealEngine/Engine/Source/ThirdParty/WebRTC/4147/Include/rtc_base/task_queue_stdlib.h,0,1,1
/media/ullmann/HDDGabriel/engines/UnrealEngine/Engine/Source/ThirdParty/openexr/openexr-3.1.1/src/test/OpenEXRTest/testDeepScanLineMultipleRead.h,1,0,1
/media/ullmann/HDDGabriel/engines/UnrealEngine/Engine/Source/Developer/DesktopPlatform/Private/Mac/DesktopPlatformMac.cpp,0,1,1
/media/ullmann/HDDGabriel/engines/UnrealEngine/Engine/Source/ThirdParty/OpenSubdiv/OpenSubdiv-3.4.4/opensubdiv/osd/cudaGLVertexBuffer.cpp,0,2,2
/media/ullmann/HDDGabriel/engines/UnrealEngine/Engine/Source/Runtime/AugmentedReality/Private/ARComponent.cpp,0,1,1
/media/ullmann/HDDGabriel/engines/UnrealEngine/Engine/Source/ThirdParty/PhysX3/PhysX_3.4/Source/LowLevel/software/include/PxsIncrementalConstraintPartitioning.h,0,1,1
/media/ullmann/HDDGabriel/engines/UnrealEngine/Engine/Source/ThirdParty/PhysX3/PhysX_3.4/Source/LowLevel/software/include/PxsSimpleIslandManager.h,1,1,2
/media/ullmann/HDDGabriel/engines/UnrealEngine/Engine/Source/Runtime/Engine/Public/StaticMeshVertexData.h,0,1,1
/media/ullmann/HDDGabriel/engines/UnrealEngine/Engine/Source/Runtime/Engine/Public/Rendering/StaticMeshVertexDataInterface.h,2,0,2
/media/ullmann/HDDGabriel/engines/UnrealEngine/Engine/Source/ThirdParty/PhysX3/NvCloth/src/cuda/CuCollision.h,0,1,1
/media/ullmann/HDDGabriel/engines/UnrealEngine/Engine/Source/ThirdParty/FreeType2/FreeType2-2.6/Src/cid/cidriver.c,1,3,4
/media/ullmann/HDDGabriel/engines/UnrealEngine/Engine/Source/ThirdParty/ShaderConductor/ShaderConductor/External/DirectXShaderCompiler/lib/DxilPIXPasses/DxilPIXAddTidToAmplificationShaderPayload.cpp,0,1,1
/media/ullmann/HDDGabriel/engines/UnrealEngine/Engine/Source/Runtime/Experimental/Chaos/Private/Chaos/PBDCollisionConstraints.cpp,0,1,1
/media/ullmann/HDDGabriel/engines/UnrealEngine/Engine/Source/ThirdParty/ShaderConductor/ShaderConductor/External/DirectXShaderCompiler/tools/clang/lib/Lex/Lexer.cpp,0,1,1
/media/ullmann/HDDGabriel/engines/UnrealEngine/Engine/Source/ThirdParty/ShaderConductor/ShaderConductor/External/DirectXShaderCompiler/tools/clang/lib/Lex/UnicodeCharSets.h,1,0,1
/media/ullmann/HDDGabriel/engines/UnrealEngine/Engine/Source/ThirdParty/Eigen/Eigen/src/misc/lapack.h,0,1,1
/media/ullmann/HDDGabriel/engines/UnrealEngine/Engine/Source/ThirdParty/Eigen/Eigen/src/misc/blas.h,2,0,2
/media/ullmann/HDDGabriel/engines/UnrealEngine/Engine/Source/ThirdParty/PhysX3/APEX_1.4/module/destructible/fracture/Core/PolygonTriangulatorBase.cpp,0,1,1
/media/ullmann/HDDGabriel/engines/UnrealEngine/Engine/Source/ThirdParty/ICU/icu4c-64_1/source/common/unicode/localebuilder.h,1,0,1
/media/ullmann/HDDGabriel/engines/UnrealEngine/Engine/Source/ThirdParty/FreeType2/FreeType2-2.10.0/src/bdf/bdf.c,0,2,2
/media/ullmann/HDDGabriel/engines/UnrealEngine/Engine/Source/ThirdParty/FreeType2/FreeType2-2.10.0/src/bdf/bdflib.c,1,2,3
/media/ullmann/HDDGabriel/engines/UnrealEngine/Engine/Source/ThirdParty/PhysX3/PhysX_3.4/Include/PxMaterial.h,1,2,3
/media/ullmann/HDDGabriel/engines/UnrealEngine/Engine/Source/ThirdParty/Perforce/p4api-2014.1/include/p4/p4tags.h,1,0,1
/media/ullmann/HDDGabriel/engines/UnrealEngine/Engine/Source/ThirdParty/libWebSockets/libwebsockets/include/Android/x64/libwebsockets.h,0,1,1
/media/ullmann/HDDGabriel/engines/UnrealEngine/Engine/Source/ThirdParty/libWebSockets/libwebsockets/include/Android/x64/lws_config.h,1,0,1
/media/ullmann/HDDGabriel/engines/UnrealEngine/Engine/Source/Editor/UnrealEd/Public/EditorViewportLayoutThreePanes.h,0,1,1
/media/ullmann/HDDGabriel/engines/UnrealEngine/Engine/Source/Editor/DetailCustomizations/Private/AudioSettingsDetails.cpp,0,1,1
/media/ullmann/HDDGabriel/engines/UnrealEngine/Engine/Source/ThirdParty/Boost/boost-1_70_0/include/boost/safe_numerics/concept/promotion_policy.hpp,1,0,1
/media/ullmann/HDDGabriel/engines/UnrealEngine/Engine/Source/ThirdParty/ICU/icu4c-64_1/source/tools/ctestfw/uperf.cpp,0,1,1
/media/ullmann/HDDGabriel/engines/UnrealEngine/Engine/Source/ThirdParty/ICU/icu4c-64_1/source/tools/ctestfw/unicode/uperf.h,1,0,1
/media/ullmann/HDDGabriel/engines/UnrealEngine/Engine/Source/Editor/ViewportInteraction/Public/IViewportInteractionModule.h,1,0,1
/media/ullmann/HDDGabriel/engines/UnrealEngine/Engine/Source/ThirdParty/FreeImage/FreeImage-3.18.0/Source/ZLib/adler32.c,0,1,1
/media/ullmann/HDDGabriel/engines/UnrealEngine/Engine/Source/ThirdParty/libPNG/libPNG-1.5.2/pngrutil.c,0,1,1
/media/ullmann/HDDGabriel/engines/UnrealEngine/Engine/Source/Programs/UnrealHeaderTool/Private/StringUtils.cpp,0,2,2
/media/ullmann/HDDGabriel/engines/UnrealEngine/Engine/Source/Editor/BlueprintGraph/Classes/K2Node_EnumInequality.h,0,1,1
/media/ullmann/HDDGabriel/engines/UnrealEngine/Engine/Source/Developer/TargetPlatform/Public/Interfaces/IDeviceManagerCustomPlatformWidgetCreator.h,0,1,1
/media/ullmann/HDDGabriel/engines/UnrealEngine/Engine/Source/Runtime/Core/Public/Math/CapsuleShape.h,3,0,3
/media/ullmann/HDDGabriel/engines/UnrealEngine/Engine/Source/ThirdParty/PhysX3/APEX_1.4/module/clothing/embedded/LowLevelCloth/src/Array.h,2,0,2
/media/ullmann/HDDGabriel/engines/UnrealEngine/Engine/Source/Programs/UnrealLightmass/Private/Lighting/LightingCache.cpp,0,2,2
/media/ullmann/HDDGabriel/engines/UnrealEngine/Engine/Source/Editor/VREditor/UI/VREditorFloatingCameraUI.cpp,0,3,3
/media/ullmann/HDDGabriel/engines/UnrealEngine/Engine/Source/ThirdParty/SDL2/SDL-gui-backend/src/thread/vita/SDL_sysmutex_c.h,0,1,1
/media/ullmann/HDDGabriel/engines/UnrealEngine/Engine/Source/Editor/UnrealEd/Public/Toolkits/FConsoleCommandExecutor.h,0,1,1
/media/ullmann/HDDGabriel/engines/UnrealEngine/Engine/Source/Editor/UnrealEd/Public/Toolkits/GlobalEditorCommonCommands.h,1,0,1
/media/ullmann/HDDGabriel/engines/UnrealEngine/Engine/Source/ThirdParty/PhysX3/APEX_1.4/module/destructible/fracture/CompoundCreator.cpp,0,2,2
/media/ullmann/HDDGabriel/engines/UnrealEngine/Engine/Source/ThirdParty/WebRTC/4147/Include/base/third_party/xdg_mime/xdgmimecache.h,0,1,1
/media/ullmann/HDDGabriel/engines/UnrealEngine/Engine/Source/ThirdParty/OpenSubdiv/OpenSubdiv-3.4.4/examples/dxPtexViewer/sky.cpp,0,2,2
/media/ullmann/HDDGabriel/engines/UnrealEngine/Engine/Source/ThirdParty/Android/libunwind/libunwind/src/ppc64/Lresume.c,0,1,1
/media/ullmann/HDDGabriel/engines/UnrealEngine/Engine/Source/ThirdParty/Android/libunwind/libunwind/src/ppc64/Gresume.c,1,1,2
/media/ullmann/HDDGabriel/engines/UnrealEngine/Engine/Source/ThirdParty/WebRTC/4147/Include/tools/clang/blink_gc_plugin/tests/traceimpl_overloaded_error.h,0,1,1
/media/ullmann/HDDGabriel/engines/UnrealEngine/Engine/Source/ThirdParty/Python3/Win64/include/tracemalloc.h,1,0,1
/media/ullmann/HDDGabriel/engines/UnrealEngine/Engine/Source/ThirdParty/PhysX3/APEX_1.4/framework/include/autogen/VertexBufferParameters.h,1,0,1
/media/ullmann/HDDGabriel/engines/UnrealEngine/Engine/Source/ThirdParty/ShaderConductor/ShaderConductor/External/DirectXShaderCompiler/lib/ExecutionEngine/Orc/OrcMCJITReplacement.cpp,0,1,1
/media/ullmann/HDDGabriel/engines/UnrealEngine/Engine/Source/ThirdParty/ShaderConductor/ShaderConductor/External/DirectXShaderCompiler/lib/ExecutionEngine/Orc/OrcMCJITReplacement.h,1,0,1
/media/ullmann/HDDGabriel/engines/UnrealEngine/Engine/Source/ThirdParty/hlslcc/hlslcc/src/hlslcc_lib/lower_clip_distance.cpp,0,3,3
/media/ullmann/HDDGabriel/engines/UnrealEngine/Engine/Source/ThirdParty/glslang/glslang/src/glslang_lib/glslang/OSDependent/Unix/ossource.cpp,0,2,2
/media/ullmann/HDDGabriel/engines/UnrealEngine/Engine/Source/Editor/CurveEditor/Public/CurveEditorSnapMetrics.h,1,1,2
/media/ullmann/HDDGabriel/engines/UnrealEngine/Engine/Source/Runtime/Core/Public/Algo/MinElement.h,1,0,1
/media/ullmann/HDDGabriel/engines/UnrealEngine/Engine/Source/ThirdParty/FreeType2/FreeType2-2.6/Src/type1/t1driver.h,1,0,1
/media/ullmann/HDDGabriel/engines/UnrealEngine/Engine/Source/ThirdParty/ShaderConductor/ShaderConductor/External/DirectXShaderCompiler/tools/clang/lib/Headers/rdseedintrin.h,1,0,1
/media/ullmann/HDDGabriel/engines/UnrealEngine/Engine/Source/Editor/UnrealEd/Public/EditorViewportTabContent.h,0,1,1
/media/ullmann/HDDGabriel/engines/UnrealEngine/Engine/Source/ThirdParty/ICU/icu4c-53_1/source/test/cintltst/cloctst.h,1,1,2
/media/ullmann/HDDGabriel/engines/UnrealEngine/Engine/Source/Editor/DetailCustomizations/Private/ComponentMaterialCategory.cpp,0,1,1
/media/ullmann/HDDGabriel/engines/UnrealEngine/Engine/Source/ThirdParty/SDL2/SDL-gui-backend/src/render/software/SDL_blendpoint.c,0,3,3
/media/ullmann/HDDGabriel/engines/UnrealEngine/Engine/Source/Runtime/Online/HTTPServer/Private/HttpConnectionContext.h,5,0,5
/media/ullmann/HDDGabriel/engines/UnrealEngine/Engine/Source/Editor/AudioEditor/Private/SSoundSubmixActionMenu.cpp,0,1,1
/media/ullmann/HDDGabriel/engines/UnrealEngine/Engine/Source/Editor/AudioEditor/Private/SSoundSubmixActionMenu.h,2,1,3
/media/ullmann/HDDGabriel/engines/UnrealEngine/Engine/Source/ThirdParty/PhysX3/APEX_1.4/module/destructible_legacy/include/autogen/DestructibleActorParam_0p23.h,1,0,1
/media/ullmann/HDDGabriel/engines/UnrealEngine/Engine/Source/ThirdParty/ICU/icu4c-64_1/source/test/intltest/apicoll.cpp,0,2,2
/media/ullmann/HDDGabriel/engines/UnrealEngine/Engine/Source/ThirdParty/Perforce/p4api-2018.1/Include/Win64/VS2015/p4/netconnect.h,0,1,1
/media/ullmann/HDDGabriel/engines/UnrealEngine/Engine/Source/Developer/Datasmith/DatasmithFacade/Public/DatasmithFacadeMetaData.h,0,1,1
/media/ullmann/HDDGabriel/engines/UnrealEngine/Engine/Source/ThirdParty/HarfBuzz/harfbuzz-2.4.0/src/hb-array.hh,1,0,1
/media/ullmann/HDDGabriel/engines/UnrealEngine/Engine/Source/ThirdParty/OpenSubdiv/OpenSubdiv-3.4.4/regression/shapes/catmark_smoothtris1.h,1,0,1
/media/ullmann/HDDGabriel/engines/UnrealEngine/Engine/Source/ThirdParty/libOpus/opus-1.1/silk/NLSF_stabilize.c,0,1,1
/media/ullmann/HDDGabriel/engines/UnrealEngine/Engine/Source/ThirdParty/FBX/2020.2/include/fbxsdk/scene/animation/fbxanimutilities.h,1,0,1
/media/ullmann/HDDGabriel/engines/UnrealEngine/Engine/Source/Editor/DeviceProfileEditor/Private/DeviceProfileConsoleVariableColumn.h,2,0,2
/media/ullmann/HDDGabriel/engines/UnrealEngine/Engine/Source/ThirdParty/MCPP/mcpp-2.7.2/cpp-test/test-t/unbal3.h,1,0,1
/media/ullmann/HDDGabriel/engines/UnrealEngine/Engine/Source/ThirdParty/FreeType2/FreeType2-2.10.0/src/gzip/infcodes.h,4,0,4
/media/ullmann/HDDGabriel/engines/UnrealEngine/Engine/Source/Developer/ScreenShotComparison/Private/ScreenShotComparisonModule.cpp,0,1,1
/media/ullmann/HDDGabriel/engines/UnrealEngine/Engine/Source/Developer/ScreenShotComparison/Private/Widgets/SScreenShotBrowser.h,1,0,1
/media/ullmann/HDDGabriel/engines/UnrealEngine/Engine/Source/ThirdParty/OpenSubdiv/OpenSubdiv-3.4.4/regression/shapes/catmark_toroidal_tet.h,1,0,1
/media/ullmann/HDDGabriel/engines/UnrealEngine/Engine/Source/ThirdParty/ICU/icu4c-53_1/source/tools/tzcode/scheck.c,0,1,1
/media/ullmann/HDDGabriel/engines/UnrealEngine/Engine/Source/Editor/DetailCustomizations/Private/StaticMeshActorDetails.h,2,0,2
/media/ullmann/HDDGabriel/engines/UnrealEngine/Engine/Source/ThirdParty/EOSSDK/SDK/Bin/Android/include/eos_titlestorage.h,0,1,1
/media/ullmann/HDDGabriel/engines/UnrealEngine/Engine/Source/ThirdParty/Vulkan/Include/vulkan/vulkan_ios.h,1,0,1
/media/ullmann/HDDGabriel/engines/UnrealEngine/Engine/Source/ThirdParty/ICU/icu4c-53_1/source/common/ustack.cpp,0,1,1
/media/ullmann/HDDGabriel/engines/UnrealEngine/Engine/Source/ThirdParty/ICU/icu4c-53_1/source/extra/uconv/uconv.cpp,0,1,1
/media/ullmann/HDDGabriel/engines/UnrealEngine/Engine/Source/ThirdParty/Android/libunwind/libunwind/src/x86_64/regname.c,0,1,1
/media/ullmann/HDDGabriel/engines/UnrealEngine/Engine/Source/Editor/UnrealEd/Public/PhysicalMaterialMaskImport.h,0,1,1
/media/ullmann/HDDGabriel/engines/UnrealEngine/Engine/Source/Editor/UnrealEd/Public/EditorReimportHandler.h,2,0,2
/media/ullmann/HDDGabriel/engines/UnrealEngine/Engine/Source/ThirdParty/MCPP/mcpp-2.7.2/cpp-test/test-l/nest22.h,1,1,2
/media/ullmann/HDDGabriel/engines/UnrealEngine/Engine/Source/ThirdParty/EOSSDK/SDK/Include/eos_ui_keys.h,1,0,1
/media/ullmann/HDDGabriel/engines/UnrealEngine/Engine/Source/ThirdParty/openexr/openexr-3.1.1/src/lib/OpenEXRUtil/ImfDeepImageIO.cpp,0,1,1
/media/ullmann/HDDGabriel/engines/UnrealEngine/Engine/Source/ThirdParty/ICU/icu4c-64_1/source/i18n/number_decimfmtprops.cpp,0,1,1
/media/ullmann/HDDGabriel/engines/UnrealEngine/Engine/Source/ThirdParty/AMD/Amf/components/VideoDecoderUVD.h,0,2,2
/media/ullmann/HDDGabriel/engines/UnrealEngine/Engine/Source/ThirdParty/CryptoPP/5.6.2/include/hmac.cpp,0,2,2
/media/ullmann/HDDGabriel/engines/UnrealEngine/Engine/Source/ThirdParty/ICU/icu4c-64_1/source/i18n/csrmbcs.h,3,1,4
/media/ullmann/HDDGabriel/engines/UnrealEngine/Engine/Source/ThirdParty/ShaderConductor/ShaderConductor/External/DirectXShaderCompiler/tools/clang/lib/ARCMigrate/TransARCAssign.cpp,0,2,2
/media/ullmann/HDDGabriel/engines/UnrealEngine/Engine/Source/Runtime/WebBrowser/Private/IOS/IOSPlatformWebBrowser.h,3,0,3
/media/ullmann/HDDGabriel/engines/UnrealEngine/Engine/Source/ThirdParty/ICU/icu4c-64_1/source/test/intltest/numbertest_stringbuilder.cpp,0,1,1
/media/ullmann/HDDGabriel/engines/UnrealEngine/Engine/Source/Runtime/AnimGraphRuntime/Public/AnimNodes/AnimNode_MultiWayBlend.h,1,0,1
/media/ullmann/HDDGabriel/engines/UnrealEngine/Engine/Source/ThirdParty/HarfBuzz/harfbuzz-1.2.4/src/hb-ot-shape-complex-hangul.cc,0,1,1
/media/ullmann/HDDGabriel/engines/UnrealEngine/Engine/Source/Programs/Enterprise/Datasmith/DatasmithMaxExporter/Private/MaxMaterialsToUEPbr/DatasmithMaxVRayTexmapToUEPbr.h,0,1,1
/media/ullmann/HDDGabriel/engines/UnrealEngine/Engine/Source/ThirdParty/Intel/Embree/Embree2140/src/common/lexers/streamfilters.h,0,1,1
/media/ullmann/HDDGabriel/engines/UnrealEngine/Engine/Source/ThirdParty/libcurl/include/Linux/x86_64-unknown-linux-gnu/curl/system.h,1,0,1
/media/ullmann/HDDGabriel/engines/UnrealEngine/Engine/Source/ThirdParty/Python3/Linux/include/python3.9/namespaceobject.h,1,0,1
/media/ullmann/HDDGabriel/engines/UnrealEngine/Engine/Source/Developer/AssetTools/Private/AssetTypeActions/AssetTypeActions_Actor.h,1,0,1
/media/ullmann/HDDGabriel/engines/UnrealEngine/Engine/Source/Editor/SequenceRecorder/Private/SequenceRecorderActorGroup.cpp,0,1,1
/media/ullmann/HDDGabriel/engines/UnrealEngine/Engine/Source/Editor/Sequencer/Private/SSequencerStretchBox.h,2,0,2
/media/ullmann/HDDGabriel/engines/UnrealEngine/Engine/Source/ThirdParty/FreeType2/FreeType2-2.10.4/src/gxvalid/gxvmorx.c,1,1,2
/media/ullmann/HDDGabriel/engines/UnrealEngine/Engine/Source/ThirdParty/ShaderConductor/ShaderConductor/External/DirectXShaderCompiler/lib/DxilDia/DxilDiaTableSymbols.cpp,0,2,2
/media/ullmann/HDDGabriel/engines/UnrealEngine/Engine/Source/ThirdParty/nvTextureTools/nvTextureTools-2.0.6/src/src/nvcore/DefsGnucDarwin.h,1,0,1
/media/ullmann/HDDGabriel/engines/UnrealEngine/Engine/Source/ThirdParty/PhysX3/PhysX_3.4/Source/GeomUtils/src/distance/GuDistanceSegmentSegment.cpp,0,1,1
/media/ullmann/HDDGabriel/engines/UnrealEngine/Engine/Source/ThirdParty/PhysX3/PhysX_3.4/Source/GeomUtils/src/distance/GuDistanceSegmentSegmentSIMD.h,2,0,2
/media/ullmann/HDDGabriel/engines/UnrealEngine/Engine/Source/Editor/DetailCustomizations/Private/MovieSceneBindingOverrideDataCustomization.cpp,0,1,1
/media/ullmann/HDDGabriel/engines/UnrealEngine/Engine/Source/ThirdParty/HarfBuzz/harfbuzz-2.4.0/src/hb-gobject-structs.h,1,1,2
/media/ullmann/HDDGabriel/engines/UnrealEngine/Engine/Source/ThirdParty/Intel/ISPCTexComp/ISPC Texture Compressor/StopWatch.cpp,0,1,1
/media/ullmann/HDDGabriel/engines/UnrealEngine/Engine/Source/ThirdParty/ICU/icu4c-64_1/source/common/unicode/unimatch.h,1,0,1
/media/ullmann/HDDGabriel/engines/UnrealEngine/Engine/Source/ThirdParty/ShaderConductor/ShaderConductor/External/DirectXShaderCompiler/tools/clang/lib/Driver/CrossWindowsToolChain.cpp,0,1,1
/media/ullmann/HDDGabriel/engines/UnrealEngine/Engine/Source/ThirdParty/PhysX3/APEX_1.4/module/clothing/embedded/LowLevelCloth/src/scalar/SimdTypes.h,1,0,1
/media/ullmann/HDDGabriel/engines/UnrealEngine/Engine/Source/ThirdParty/ICU/icu4c-64_1/source/test/intltest/rbbiapts.h,2,1,3
/media/ullmann/HDDGabriel/engines/UnrealEngine/Engine/Source/Runtime/Online/HTTPServer/Public/HttpServerResponse.h,1,2,3
/media/ullmann/HDDGabriel/engines/UnrealEngine/Engine/Source/Runtime/Online/HTTPServer/Public/HttpServerConstants.h,1,0,1
/media/ullmann/HDDGabriel/engines/UnrealEngine/Engine/Source/ThirdParty/Intel/Embree/Embree270/src/kernels/xeon/bvh4/bvh4_intersector4_hybrid.h,1,3,4
/media/ullmann/HDDGabriel/engines/UnrealEngine/Engine/Source/Runtime/StorageServerClient/Private/CookOnTheFlyPackageStore.h,2,0,2
/media/ullmann/HDDGabriel/engines/UnrealEngine/Engine/Source/Runtime/Slate/Public/Widgets/Views/SExpanderArrow.h,3,0,3
/media/ullmann/HDDGabriel/engines/UnrealEngine/Engine/Source/ThirdParty/PhysX3/APEX_1.4/shared/general/PxMapSet/include/PxMapSet.h,0,1,1
/media/ullmann/HDDGabriel/engines/UnrealEngine/Engine/Source/ThirdParty/PhysX3/APEX_1.4/shared/general/PxMapSet/include/PxMapSetInternal.h,1,0,1
/media/ullmann/HDDGabriel/engines/UnrealEngine/Engine/Source/ThirdParty/FreeType2/FreeType2-2.6/Include/ftfntfmt.h,0,1,1
/media/ullmann/HDDGabriel/engines/UnrealEngine/Engine/Source/Developer/Windows/WindowsTargetPlatform/Private/WindowsTargetPlatformModule.cpp,0,1,1
/media/ullmann/HDDGabriel/engines/UnrealEngine/Engine/Source/ThirdParty/GoogleGameSDK/gamesdk/include/swappy/swappyGL.h,0,1,1
/media/ullmann/HDDGabriel/engines/UnrealEngine/Engine/Source/ThirdParty/MCPP/mcpp-2.7.2/cpp-test/test-l/ifdef127.h,1,1,2
/media/ullmann/HDDGabriel/engines/UnrealEngine/Engine/Source/ThirdParty/MCPP/mcpp-2.7.2/cpp-test/test-l/ifdef255.h,1,0,1
/media/ullmann/HDDGabriel/engines/UnrealEngine/Engine/Source/ThirdParty/Intel/TBB/IntelTBB-2019u8/src/tbbmalloc/MapMemory.h,1,0,1
/media/ullmann/HDDGabriel/engines/UnrealEngine/Engine/Source/Developer/ProjectLauncher/Private/Widgets/Project/SProjectLauncherProjectPage.cpp,0,1,1
/media/ullmann/HDDGabriel/engines/UnrealEngine/Engine/Source/Developer/ProjectLauncher/Private/Widgets/Project/SProjectLauncherProjectPage.h,1,0,1
/media/ullmann/HDDGabriel/engines/UnrealEngine/Engine/Source/Runtime/LiveLinkInterface/Public/LiveLinkSourceFactory.h,1,0,1
/media/ullmann/HDDGabriel/engines/UnrealEngine/Engine/Source/Developer/TraceInsights/Private/Insights/Widgets/SStatsView.cpp,0,1,1
/media/ullmann/HDDGabriel/engines/UnrealEngine/Engine/Source/Developer/TraceInsights/Private/Insights/Widgets/SStatsView.h,1,0,1
/media/ullmann/HDDGabriel/engines/UnrealEngine/Engine/Source/ThirdParty/Unix/LibCxx/include/c++/v1/__cxxabi_config.h,1,0,1
/media/ullmann/HDDGabriel/engines/UnrealEngine/Engine/Source/Runtime/WebBrowser/Private/Native/NativeJSStructSerializerBackend.cpp,0,1,1
/media/ullmann/HDDGabriel/engines/UnrealEngine/Engine/Source/ThirdParty/Intel/Embree/Embree270/src/common/simd/int4_sse2.h,1,1,2
/media/ullmann/HDDGabriel/engines/UnrealEngine/Engine/Source/ThirdParty/Intel/Embree/Embree270/src/common/lexers/tokenstream.cpp,0,2,2
/media/ullmann/HDDGabriel/engines/UnrealEngine/Engine/Source/Runtime/Renderer/Private/TranslucencyPass.h,1,0,1
/media/ullmann/HDDGabriel/engines/UnrealEngine/Engine/Source/ThirdParty/ICU/icu4c-53_1/source/samples/translit/answers/main_2.cpp,0,1,1
/media/ullmann/HDDGabriel/engines/UnrealEngine/Engine/Source/ThirdParty/FreeImage/FreeImage-3.18.0/Source/LibTIFF4/tif_lzw.c,0,2,2
/media/ullmann/HDDGabriel/engines/UnrealEngine/Engine/Source/ThirdParty/coremod/coremod-4.2.6/src/envelope.c,0,2,2
/media/ullmann/HDDGabriel/engines/UnrealEngine/Engine/Source/ThirdParty/PhysX3/APEX_1.4/module/destructible_legacy/include/autogen/DestructibleAssetParameters_0p20.h,1,0,1
/media/ullmann/HDDGabriel/engines/UnrealEngine/Engine/Source/ThirdParty/PhysX3/PxShared/src/pvd/src/PxPvdMarshalling.h,1,1,2
/media/ullmann/HDDGabriel/engines/UnrealEngine/Engine/Source/ThirdParty/ICU/icu4c-64_1/source/i18n/toupptrn.cpp,0,1,1
/media/ullmann/HDDGabriel/engines/UnrealEngine/Engine/Source/ThirdParty/OpenVDB/Deploy/openvdb-8.1.0/include/openvdb/tools/LevelSetMorph.h,0,2,2
/media/ullmann/HDDGabriel/engines/UnrealEngine/Engine/Source/Runtime/Core/Public/Modules/ModuleManager.h,2,0,2
/media/ullmann/HDDGabriel/engines/UnrealEngine/Engine/Source/Editor/Sequencer/Private/DisplayNodes/SequencerObjectBindingNode.cpp,0,2,2
/media/ullmann/HDDGabriel/engines/UnrealEngine/Engine/Source/ThirdParty/FreeImage/FreeImage-3.18.0/Source/LibTIFF4/tif_dirinfo.c,0,1,1
/media/ullmann/HDDGabriel/engines/UnrealEngine/Engine/Source/ThirdParty/ICU/icu4c-53_1/source/test/cintltst/sprpdata.c,0,1,1
/media/ullmann/HDDGabriel/engines/UnrealEngine/Engine/Source/ThirdParty/libPNG/libPNG-1.6.37/scripts/symbols.c,0,2,2
/media/ullmann/HDDGabriel/engines/UnrealEngine/Engine/Source/ThirdParty/libPNG/libPNG-1.6.37/scripts/pnglibconf.h.prebuilt,1,0,1
/media/ullmann/HDDGabriel/engines/UnrealEngine/Engine/Source/Runtime/SlateNullRenderer/Private/SlateNullRenderer.cpp,0,1,1
/media/ullmann/HDDGabriel/engines/UnrealEngine/Engine/Source/ThirdParty/OpenVDB/openvdb-8.1.0/openvdb/openvdb/TypeList.h,1,0,1
/media/ullmann/HDDGabriel/engines/UnrealEngine/Engine/Source/Runtime/Engine/Public/TextureCompiler.h,0,2,2
/media/ullmann/HDDGabriel/engines/UnrealEngine/Engine/Source/Developer/ProjectLauncher/Private/Widgets/Deploy/SProjectLauncherDeployFileServerSettings.cpp,0,1,1
/media/ullmann/HDDGabriel/engines/UnrealEngine/Engine/Source/Developer/ProjectLauncher/Private/Widgets/Deploy/SProjectLauncherDeployFileServerSettings.h,1,0,1
/media/ullmann/HDDGabriel/engines/UnrealEngine/Engine/Source/Runtime/OpenGLDrv/Private/Android/AndroidOpenGLFramePacer.h,1,0,1
/media/ullmann/HDDGabriel/engines/UnrealEngine/Engine/Source/Runtime/PhysicsCore/Public/PhysXIncludes.h,2,0,2
/media/ullmann/HDDGabriel/engines/UnrealEngine/Engine/Source/Runtime/Engine/Public/SkeletalMeshLegacyCustomVersions.h,1,0,1
/media/ullmann/HDDGabriel/engines/UnrealEngine/Engine/Source/ThirdParty/Boost/boost-1_70_0/include/boost/compute/device.hpp,0,1,1
/media/ullmann/HDDGabriel/engines/UnrealEngine/Engine/Source/ThirdParty/BLAKE3/0.3.7/c/blake3.c,0,2,2
/media/ullmann/HDDGabriel/engines/UnrealEngine/Engine/Source/ThirdParty/FBX/2020.2/include/fbxsdk/scene/shading/fbxoperatorentryview.h,1,0,1
/media/ullmann/HDDGabriel/engines/UnrealEngine/Engine/Source/ThirdParty/Intel/TBB/IntelTBB-2019u8/examples/parallel_for/tachyon/src/vol.h,2,0,2
/media/ullmann/HDDGabriel/engines/UnrealEngine/Engine/Source/ThirdParty/ShaderConductor/ShaderConductor/External/DirectXShaderCompiler/lib/DxilPIXPasses/DxilShaderAccessTracking.cpp,0,1,1
/media/ullmann/HDDGabriel/engines/UnrealEngine/Engine/Source/ThirdParty/MCPP/mcpp-2.7.2/cpp-test/test-l/nest103.h,1,1,2
/media/ullmann/HDDGabriel/engines/UnrealEngine/Engine/Source/ThirdParty/MCPP/mcpp-2.7.2/cpp-test/test-l/nest104.h,1,1,2
/media/ullmann/HDDGabriel/engines/UnrealEngine/Engine/Source/ThirdParty/Crunch/src/crnlib/crn_traits.h,1,0,1
/media/ullmann/HDDGabriel/engines/UnrealEngine/Engine/Source/ThirdParty/SDL2/SDL-gui-backend/src/atomic/SDL_spinlock.c,0,2,2
/media/ullmann/HDDGabriel/engines/UnrealEngine/Engine/Source/ThirdParty/CryptoPP/5.6.5/include/tigertab.cpp,0,2,2
/media/ullmann/HDDGabriel/engines/UnrealEngine/Engine/Source/Developer/TaskGraph/Public/SBarVisualizer.h,0,1,1
/media/ullmann/HDDGabriel/engines/UnrealEngine/Engine/Source/ThirdParty/Perforce/P4Api.Net/p4bridge-unit-test/TestP4BridgeClient.h,1,0,1
/media/ullmann/HDDGabriel/engines/UnrealEngine/Engine/Source/Runtime/NavigationSystem/Private/NavigationSystem.cpp,0,1,1
/media/ullmann/HDDGabriel/engines/UnrealEngine/Engine/Source/ThirdParty/nvTextureTools/nvTextureTools-2.0.6/src/src/nvimage/PsdFile.h,1,0,1
/media/ullmann/HDDGabriel/engines/UnrealEngine/Engine/Source/ThirdParty/PhysX3/PhysX_3.4/Source/PhysXCooking/src/convex/ConvexHullUtils.cpp,0,2,2
/media/ullmann/HDDGabriel/engines/UnrealEngine/Engine/Source/ThirdParty/Intel/Embree/Embree270/src/include/embree2/rtcore_geometry.h,1,0,1
/media/ullmann/HDDGabriel/engines/UnrealEngine/Engine/Source/Runtime/D3D12RHI/Private/D3D12Adapter.h,1,0,1
/media/ullmann/HDDGabriel/engines/UnrealEngine/Engine/Source/Editor/MainFrame/Public/MainFrame.h,0,1,1
/media/ullmann/HDDGabriel/engines/UnrealEngine/Engine/Source/Developer/TraceInsights/Private/Insights/ViewModels/StatsViewColumnFactory.cpp,0,1,1
/media/ullmann/HDDGabriel/engines/UnrealEngine/Engine/Source/Developer/TraceInsights/Private/Insights/ViewModels/StatsViewColumnFactory.h,1,0,1
/media/ullmann/HDDGabriel/engines/UnrealEngine/Engine/Source/Developer/CollectionManager/Private/CollectionManagerConsoleCommands.h,1,1,2
/media/ullmann/HDDGabriel/engines/UnrealEngine/Engine/Source/ThirdParty/MCPP/mcpp-2.7.2/src/testmain.c,0,1,1
/media/ullmann/HDDGabriel/engines/UnrealEngine/Engine/Source/ThirdParty/MCPP/mcpp-2.7.2/src/mcpp_lib.h,2,1,3
/media/ullmann/HDDGabriel/engines/UnrealEngine/Engine/Source/ThirdParty/Perforce/p4api-2015.2/include/p4/error.h,2,0,2
/media/ullmann/HDDGabriel/engines/UnrealEngine/Engine/Source/ThirdParty/libPNG/libPNG-1.5.27/pnginfo.h,1,0,1
/media/ullmann/HDDGabriel/engines/UnrealEngine/Engine/Source/ThirdParty/ShaderConductor/ShaderConductor/External/DirectXShaderCompiler/tools/clang/tools/dxcompiler/dxcfilesystem.cpp,0,1,1
/media/ullmann/HDDGabriel/engines/UnrealEngine/Engine/Source/ThirdParty/PhysX3/PhysX_3.4/Source/LowLevelParticles/src/PtCollisionConvex.cpp,0,1,1
/media/ullmann/HDDGabriel/engines/UnrealEngine/Engine/Source/ThirdParty/libSampleRate/Private/mid_qual_coeffs.h,1,0,1
/media/ullmann/HDDGabriel/engines/UnrealEngine/Engine/Source/Editor/CurveEditor/Private/DragOperations/CurveEditorDragOperation_Marquee.h,1,0,1
/media/ullmann/HDDGabriel/engines/UnrealEngine/Engine/Source/Editor/MeshPaint/Public/MeshPaintSplineMeshAdapter.h,0,1,1
/media/ullmann/HDDGabriel/engines/UnrealEngine/Engine/Source/Editor/MeshPaint/Public/MeshPaintStaticMeshAdapter.h,1,2,3
/media/ullmann/HDDGabriel/engines/UnrealEngine/Engine/Source/Editor/UnrealEd/Private/NavigationBuildingNotification.cpp,0,1,1
/media/ullmann/HDDGabriel/engines/UnrealEngine/Engine/Source/Editor/UnrealEd/Private/NavigationBuildingNotification.h,2,0,2
/media/ullmann/HDDGabriel/engines/UnrealEngine/Engine/Source/Editor/MovieSceneTools/Public/MovieSceneToolsModule.h,0,1,1
/media/ullmann/HDDGabriel/engines/UnrealEngine/Engine/Source/Editor/MovieSceneTools/Public/IMovieSceneTools.h,1,0,1
/media/ullmann/HDDGabriel/engines/UnrealEngine/Engine/Source/ThirdParty/OpenSubdiv/OpenSubdiv-3.4.4/opensubdiv/sdc/crease.cpp,0,1,1
/media/ullmann/HDDGabriel/engines/UnrealEngine/Engine/Source/ThirdParty/Python3/Linux/include/python3.9/internal/pycore_context.h,0,1,1
/media/ullmann/HDDGabriel/engines/UnrealEngine/Engine/Source/ThirdParty/Python3/Linux/include/python3.9/internal/pycore_hamt.h,1,0,1
/media/ullmann/HDDGabriel/engines/UnrealEngine/Engine/Source/Programs/UnrealInsights/Private/UserInterfaceCommand.cpp,0,1,1
/media/ullmann/HDDGabriel/engines/UnrealEngine/Engine/Source/ThirdParty/ICU/icu4c-64_1/source/test/intltest/numbertest_affixutils.cpp,0,1,1
/media/ullmann/HDDGabriel/engines/UnrealEngine/Engine/Source/Runtime/GeometryCore/Public/PlaneTypes.h,0,2,2
/media/ullmann/HDDGabriel/engines/UnrealEngine/Engine/Source/Runtime/Apple/MetalRHI/Private/Shaders/MetalShaderParameterCache.cpp,0,1,1
/media/ullmann/HDDGabriel/engines/UnrealEngine/Engine/Source/Runtime/Apple/MetalRHI/Private/Shaders/MetalShaderParameterCache.h,2,0,2
/media/ullmann/HDDGabriel/engines/UnrealEngine/Engine/Source/ThirdParty/SDL2/SDL-gui-backend/src/video/windows/SDL_windowsopengl.c,0,3,3
/media/ullmann/HDDGabriel/engines/UnrealEngine/Engine/Source/Editor/Persona/Private/SRetargetSources.cpp,0,2,2
/media/ullmann/HDDGabriel/engines/UnrealEngine/Engine/Source/Editor/Persona/Private/SRetargetSourceWindow.h,2,0,2
/media/ullmann/HDDGabriel/engines/UnrealEngine/Engine/Source/Runtime/GeometryCore/Public/IntBoxTypes.h,0,1,1
/media/ullmann/HDDGabriel/engines/UnrealEngine/Engine/Source/ThirdParty/libOpus/opus-1.3.1-12/silk/NSQ.c,0,2,2
/media/ullmann/HDDGabriel/engines/UnrealEngine/Engine/Source/ThirdParty/ICU/icu4c-53_1/source/test/intltest/frcoll.cpp,0,2,2
/media/ullmann/HDDGabriel/engines/UnrealEngine/Engine/Source/Editor/UMGEditor/Private/DragDrop/WidgetTemplateDragDropOp.h,1,0,1
/media/ullmann/HDDGabriel/engines/UnrealEngine/Engine/Source/ThirdParty/FreeImage/FreeImage-3.18.0/Source/LibJXR/common/include/wmsal.h,1,0,1
/media/ullmann/HDDGabriel/engines/UnrealEngine/Engine/Source/ThirdParty/PhysX3/PhysX_3.4/Source/Common/src/CmIDPool.h,0,1,1
/media/ullmann/HDDGabriel/engines/UnrealEngine/Engine/Source/ThirdParty/FBX/2020.2/include/fbxsdk/scene/constraint/fbxconstraint.h,1,0,1
/media/ullmann/HDDGabriel/engines/UnrealEngine/Engine/Source/Developer/PakFileUtilities/Private/PakFileUtilities.cpp,0,1,1
/media/ullmann/HDDGabriel/engines/UnrealEngine/Engine/Source/ThirdParty/PhysX3/APEX_1.4/module/clothing/embedded/LowLevelCloth/src/IndexPair.h,1,0,1
/media/ullmann/HDDGabriel/engines/UnrealEngine/Engine/Source/ThirdParty/PhysX3/PhysX_3.4/Include/particles/PxParticleReadData.h,1,1,2
/media/ullmann/HDDGabriel/engines/UnrealEngine/Engine/Source/Editor/LandscapeEditor/Private/LandscapeEditorDetailCustomization_ImportExport.cpp,0,1,1
/media/ullmann/HDDGabriel/engines/UnrealEngine/Engine/Source/Editor/BehaviorTreeEditor/Private/BehaviorTreeEditorToolbar.h,3,0,3
/media/ullmann/HDDGabriel/engines/UnrealEngine/Engine/Source/Editor/SkeletalMeshEditor/Private/SkeletalMeshEditorCommands.cpp,0,1,1
/media/ullmann/HDDGabriel/engines/UnrealEngine/Engine/Source/Editor/SkeletalMeshEditor/Private/SkeletalMeshEditorCommands.h,2,0,2
/media/ullmann/HDDGabriel/engines/UnrealEngine/Engine/Source/ThirdParty/Expat/expat-2.2.10/lib/xmltok_impl.h,1,0,1
/media/ullmann/HDDGabriel/engines/UnrealEngine/Engine/Source/Developer/AutomationWindow/Private/AutomationPresetManager.cpp,0,1,1
/media/ullmann/HDDGabriel/engines/UnrealEngine/Engine/Source/ThirdParty/PhysX3/APEX_1.4/include/clothing/ClothingActor.h,0,1,1
/media/ullmann/HDDGabriel/engines/UnrealEngine/Engine/Source/ThirdParty/PhysX3/APEX_1.4/include/clothing/ClothingAsset.h,1,0,1
/media/ullmann/HDDGabriel/engines/UnrealEngine/Engine/Source/Editor/DetailCustomizations/Private/StaticMeshActorDetails.cpp,0,1,1
/media/ullmann/HDDGabriel/engines/UnrealEngine/Engine/Source/Runtime/MovieScene/Private/MovieSceneSequenceInstanceData.cpp,0,1,1
/media/ullmann/HDDGabriel/engines/UnrealEngine/Engine/Source/Runtime/MovieScene/Private/Evaluation/MovieSceneEvalTemplateSerializer.h,1,0,1
/media/ullmann/HDDGabriel/engines/UnrealEngine/Engine/Source/ThirdParty/OpenVDB/openvdb-8.1.0/openvdb/openvdb/tree/LeafBuffer.h,1,0,1
/media/ullmann/HDDGabriel/engines/UnrealEngine/Engine/Source/Runtime/Renderer/Private/RayTracing/RayTracingMaterialHitShaders.cpp,0,1,1
/media/ullmann/HDDGabriel/engines/UnrealEngine/Engine/Source/ThirdParty/ShaderConductor/ShaderConductor/External/DirectXShaderCompiler/utils/TableGen/FastISelEmitter.cpp,0,1,1
/media/ullmann/HDDGabriel/engines/UnrealEngine/Engine/Source/ThirdParty/PhysX3/NvCloth/samples/SampleBase/scene/scenes/PlaneCollisionScene.cpp,0,1,1
/media/ullmann/HDDGabriel/engines/UnrealEngine/Engine/Source/ThirdParty/PhysX3/NvCloth/samples/SampleBase/scene/scenes/PlaneCollisionScene.h,1,0,1
/media/ullmann/HDDGabriel/engines/UnrealEngine/Engine/Source/ThirdParty/ICU/icu4c-64_1/source/test/intltest/trnserr.cpp,0,2,2
/media/ullmann/HDDGabriel/engines/UnrealEngine/Engine/Source/ThirdParty/Intel/Embree/Embree2140/src/kernels/common/scene_triangle_mesh.cpp,0,2,2
/media/ullmann/HDDGabriel/engines/UnrealEngine/Engine/Source/ThirdParty/mimalloc/src/alloc-aligned.c,1,0,1
/media/ullmann/HDDGabriel/engines/UnrealEngine/Engine/Source/ThirdParty/libOpus/opus-1.3.1-12/silk/tables_NLSF_CB_WB.c,0,1,1
/media/ullmann/HDDGabriel/engines/UnrealEngine/Engine/Source/ThirdParty/WebRTC/4147/Include/rtc_base/rate_statistics.h,0,1,1
/media/ullmann/HDDGabriel/engines/UnrealEngine/Engine/Source/ThirdParty/ICU/icu4c-53_1/source/test/intltest/tufmtts.cpp,0,1,1
/media/ullmann/HDDGabriel/engines/UnrealEngine/Engine/Source/ThirdParty/DirectShow/DirectShow-1.0.0/src/Public/ctlutil.h,1,0,1
/media/ullmann/HDDGabriel/engines/UnrealEngine/Engine/Source/ThirdParty/libOpus/opus-1.1/silk/shell_coder.c,0,1,1
/media/ullmann/HDDGabriel/engines/UnrealEngine/Engine/Source/Editor/DetailCustomizations/Private/ParticleModuleDetails.cpp,0,1,1
/media/ullmann/HDDGabriel/engines/UnrealEngine/Engine/Source/ThirdParty/ICU/icu4c-64_1/source/test/intltest/listformattertest.cpp,0,1,1
/media/ullmann/HDDGabriel/engines/UnrealEngine/Engine/Source/Runtime/Renderer/Private/Nanite/NaniteFeedback.cpp,0,1,1
/media/ullmann/HDDGabriel/engines/UnrealEngine/Engine/Source/ThirdParty/ICU/icu4c-64_1/source/i18n/nounit.cpp,0,1,1
/media/ullmann/HDDGabriel/engines/UnrealEngine/Engine/Source/ThirdParty/ICU/icu4c-64_1/source/i18n/unicode/nounit.h,1,0,1
/media/ullmann/HDDGabriel/engines/UnrealEngine/Engine/Source/ThirdParty/openexr/openexr-3.1.1/src/lib/Iex/IexThrowErrnoExc.cpp,0,2,2
/media/ullmann/HDDGabriel/engines/UnrealEngine/Engine/Source/ThirdParty/HarfBuzz/harfbuzz-1.2.4/src/hb-unicode.cc,0,2,2
/media/ullmann/HDDGabriel/engines/UnrealEngine/Engine/Source/Runtime/Engine/Public/DelayAction.h,0,1,1
/media/ullmann/HDDGabriel/engines/UnrealEngine/Engine/Source/Runtime/SymsLib/syms/overrides/syms_default_arena.c,1,0,1
/media/ullmann/HDDGabriel/engines/UnrealEngine/Engine/Source/Runtime/ClothingSystemRuntimeInterface/Public/ClothingSystemRuntimeTypes.h,1,0,1
/media/ullmann/HDDGabriel/engines/UnrealEngine/Engine/Source/ThirdParty/ShaderConductor/ShaderConductor/External/DirectXShaderCompiler/tools/clang/lib/Headers/avx512vlbwintrin.h,1,0,1
/media/ullmann/HDDGabriel/engines/UnrealEngine/Engine/Source/Developer/AssetTools/Private/SPackageReportDialog.cpp,0,1,1
/media/ullmann/HDDGabriel/engines/UnrealEngine/Engine/Source/ThirdParty/ICU/icu4c-53_1/source/common/ucol_data.h,1,1,2
/media/ullmann/HDDGabriel/engines/UnrealEngine/Engine/Source/ThirdParty/Python3/Mac/include/cpython/dictobject.h,1,0,1
/media/ullmann/HDDGabriel/engines/UnrealEngine/Engine/Source/ThirdParty/Python3/Linux/include/python3.9/traceback.h,1,1,2
/media/ullmann/HDDGabriel/engines/UnrealEngine/Engine/Source/ThirdParty/Python3/Linux/include/python3.9/cpython/traceback.h,1,0,1
/media/ullmann/HDDGabriel/engines/UnrealEngine/Engine/Source/Editor/BlueprintGraph/Classes/K2Node_ConvertAsset.h,0,1,1
/media/ullmann/HDDGabriel/engines/UnrealEngine/Engine/Source/ThirdParty/HarfBuzz/harfbuzz-2.4.0/src/hb-aat-layout-kerx-table.hh,1,0,1
/media/ullmann/HDDGabriel/engines/UnrealEngine/Engine/Source/ThirdParty/Android/libunwind/libunwind/src/x86_64/Gget_proc_info.c,1,1,2
/media/ullmann/HDDGabriel/engines/UnrealEngine/Engine/Source/ThirdParty/FBX/2020.2/include/fbxsdk/scene/shading/fbxbindingsentryview.h,1,0,1
/media/ullmann/HDDGabriel/engines/UnrealEngine/Engine/Source/Runtime/Apple/AGXRHI/Private/TVOS/TVOSPlatformAGXConfig.h,2,0,2
/media/ullmann/HDDGabriel/engines/UnrealEngine/Engine/Source/ThirdParty/PhysX3/PxShared/src/pvd/src/PxProfileEventBufferClientManager.h,4,1,5
/media/ullmann/HDDGabriel/engines/UnrealEngine/Engine/Source/Programs/UnrealLightmass/Private/ImportExport/LightmassScene.cpp,0,2,2
/media/ullmann/HDDGabriel/engines/UnrealEngine/Engine/Source/Editor/UMGEditor/Private/WidgetBlueprintCompiler.cpp,0,1,1
/media/ullmann/HDDGabriel/engines/UnrealEngine/Engine/Source/ThirdParty/FreeImage/FreeImage-3.18.0/Source/LibTIFF4/tif_ojpeg.c,0,1,1
/media/ullmann/HDDGabriel/engines/UnrealEngine/Engine/Source/Editor/CSVtoSVG/Private/SStatList.cpp,0,1,1
/media/ullmann/HDDGabriel/engines/UnrealEngine/Engine/Source/ThirdParty/FBX/2020.2/include/fbxsdk/scene/geometry/fbxsubdiv.h,1,0,1
/media/ullmann/HDDGabriel/engines/UnrealEngine/Engine/Source/ThirdParty/MCPP/mcpp-2.7.2/test-c/n_22.c,0,1,1
/media/ullmann/HDDGabriel/engines/UnrealEngine/Engine/Source/ThirdParty/PhysX3/APEX_1.4/module/framework_legacy/include/autogen/BufferU32x3_0p0.h,1,0,1
/media/ullmann/HDDGabriel/engines/UnrealEngine/Engine/Source/Runtime/Online/BuildPatchServices/Private/Core/Platform.h,1,0,1
/media/ullmann/HDDGabriel/engines/UnrealEngine/Engine/Source/ThirdParty/Android/libunwind/libunwind/src/unwind/GetDataRelBase.c,0,1,1
/media/ullmann/HDDGabriel/engines/UnrealEngine/Engine/Source/Editor/GraphEditor/Private/MaterialNodes/SGraphNodeMaterialComposite.h,1,0,1
/media/ullmann/HDDGabriel/engines/UnrealEngine/Engine/Source/ThirdParty/libPNG/libPNG-1.6.37/contrib/libtests/pngstest-errors.h,1,0,1
/media/ullmann/HDDGabriel/engines/UnrealEngine/Engine/Source/ThirdParty/SDL2/SDL-gui-backend/src/filesystem/nacl/SDL_sysfilesystem.c,0,1,1
/media/ullmann/HDDGabriel/engines/UnrealEngine/Engine/Source/Runtime/Renderer/Private/ShaderPrint.cpp,0,3,3
/media/ullmann/HDDGabriel/engines/UnrealEngine/Engine/Source/Editor/SequenceRecorder/Private/AnimationRecorderParameters.cpp,0,1,1
/media/ullmann/HDDGabriel/engines/UnrealEngine/Engine/Source/ThirdParty/ICU/icu4c-53_1/source/test/cintltst/reapits.c,0,1,1
/media/ullmann/HDDGabriel/engines/UnrealEngine/Engine/Source/ThirdParty/Boost/boost-1_70_0/include/boost/outcome/detail/basic_outcome_exception_observers_impl.hpp,1,2,3
/media/ullmann/HDDGabriel/engines/UnrealEngine/Engine/Source/ThirdParty/OpenSubdiv/OpenSubdiv-3.4.4/regression/shapes/catmark_edgenone.h,1,0,1
/media/ullmann/HDDGabriel/engines/UnrealEngine/Engine/Source/ThirdParty/ShaderConductor/ShaderConductor/External/DirectXShaderCompiler/include/llvm/DebugInfo/PDB/PDBSymbolTypeEnum.h,0,2,2
/media/ullmann/HDDGabriel/engines/UnrealEngine/Engine/Source/ThirdParty/Android/libunwind/libunwind/src/ptrace/_UPT_elf.c,0,1,1
/media/ullmann/HDDGabriel/engines/UnrealEngine/Engine/Source/Editor/Sequencer/Public/SequencerTimeSliderController.h,0,2,2
/media/ullmann/HDDGabriel/engines/UnrealEngine/Engine/Source/ThirdParty/FreeImage/FreeImage-3.18.0/Source/LibJPEG/rdjpgcom.c,0,1,1
/media/ullmann/HDDGabriel/engines/UnrealEngine/Engine/Source/Developer/AutomationDriver/Private/Locators/SlateWidgetLocatorByDelegate.cpp,0,1,1
/media/ullmann/HDDGabriel/engines/UnrealEngine/Engine/Source/Developer/AutomationDriver/Private/Locators/SlateWidgetLocatorByDelegate.h,1,0,1
/media/ullmann/HDDGabriel/engines/UnrealEngine/Engine/Source/Developer/ShaderFormatVectorVM/Private/ir_vm_vec_op_to_scalar_visitor.cpp,0,1,1
/media/ullmann/HDDGabriel/engines/UnrealEngine/Engine/Source/ThirdParty/MCPP/mcpp-2.7.2/cpp-test/test-l/nest107.h,1,1,2
/media/ullmann/HDDGabriel/engines/UnrealEngine/Engine/Source/ThirdParty/EOSSDK/SDK/Include/eos_sanctions.h,0,1,1
/media/ullmann/HDDGabriel/engines/UnrealEngine/Engine/Source/ThirdParty/ICU/icu4c-53_1/source/io/ustream.cpp,0,1,1
/media/ullmann/HDDGabriel/engines/UnrealEngine/Engine/Source/ThirdParty/ICU/icu4c-53_1/source/io/unicode/ustream.h,1,0,1
/media/ullmann/HDDGabriel/engines/UnrealEngine/Engine/Source/ThirdParty/Android/libunwind/libunwind/src/dwarf/Lpe.c,0,1,1
/media/ullmann/HDDGabriel/engines/UnrealEngine/Engine/Source/ThirdParty/Android/libunwind/libunwind/src/dwarf/Gpe.c,1,0,1
/media/ullmann/HDDGabriel/engines/UnrealEngine/Engine/Source/ThirdParty/WebRTC/4147/Include/tools/clang/blink_gc_plugin/tests/non_virtual_trace.h,0,1,1
/media/ullmann/HDDGabriel/engines/UnrealEngine/Engine/Source/ThirdParty/SDL2/SDL-gui-backend/src/stdlib/SDL_qsort.c,0,1,1
/media/ullmann/HDDGabriel/engines/UnrealEngine/Engine/Source/ThirdParty/FBX/2020.2/include/fbxsdk/core/fbxobject.h,1,0,1
/media/ullmann/HDDGabriel/engines/UnrealEngine/Engine/Source/Runtime/WebBrowser/Private/CEF/CEFWebBrowserWindowRHIHelper.cpp,0,1,1
/media/ullmann/HDDGabriel/engines/UnrealEngine/Engine/Source/Developer/DerivedDataCache/Private/DerivedDataBuildWorkerRegistry.cpp,0,1,1
/media/ullmann/HDDGabriel/engines/UnrealEngine/Engine/Source/ThirdParty/CryptoPP/5.6.2/include/ida.cpp,0,6,6
/media/ullmann/HDDGabriel/engines/UnrealEngine/Engine/Source/ThirdParty/Intel/Embree/Embree2140/src/kernels/geometry/instance_intersector.h,1,2,3
/media/ullmann/HDDGabriel/engines/UnrealEngine/Engine/Source/ThirdParty/libPNG/libPNG-1.5.2/pngpread.c,0,1,1
/media/ullmann/HDDGabriel/engines/UnrealEngine/Engine/Source/Runtime/Online/Stomp/Private/StompLog.h,3,0,3
/media/ullmann/HDDGabriel/engines/UnrealEngine/Engine/Source/ThirdParty/Android/libunwind/libunwind/src/mips/Lregs.c,0,1,1
/media/ullmann/HDDGabriel/engines/UnrealEngine/Engine/Source/Runtime/WebBrowser/Public/IWebBrowserResourceLoader.h,1,0,1
/media/ullmann/HDDGabriel/engines/UnrealEngine/Engine/Source/ThirdParty/FreeType2/FreeType2-2.10.4/src/bdf/bdflib.c,1,2,3
/media/ullmann/HDDGabriel/engines/UnrealEngine/Engine/Source/ThirdParty/FreeType2/FreeType2-2.10.0/src/gxvalid/gxverror.h,1,0,1
/media/ullmann/HDDGabriel/engines/UnrealEngine/Engine/Source/ThirdParty/Intel/Embree/Embree270/MacOSX/include/embree2/rtcore_scene.h,1,0,1
/media/ullmann/HDDGabriel/engines/UnrealEngine/Engine/Source/ThirdParty/WebRTC/4147/Include/rtc_base/nat_socket_factory.h,0,1,1
/media/ullmann/HDDGabriel/engines/UnrealEngine/Engine/Source/ThirdParty/ShaderConductor/ShaderConductor/External/DirectXShaderCompiler/tools/clang/unittests/Tooling/RecursiveASTVisitorTest.cpp,0,1,1
/media/ullmann/HDDGabriel/engines/UnrealEngine/Engine/Source/ThirdParty/ICU/icu4c-53_1/source/samples/layout/cmaps.cpp,0,2,2
/media/ullmann/HDDGabriel/engines/UnrealEngine/Engine/Source/ThirdParty/FreeImage/FreeImage-3.18.0/Source/LibTIFF4/tiffconf.h,1,0,1
/media/ullmann/HDDGabriel/engines/UnrealEngine/Engine/Source/Developer/DerivedDataCache/Private/DerivedDataBuildFunctionRegistry.cpp,0,1,1
/media/ullmann/HDDGabriel/engines/UnrealEngine/Engine/Source/Editor/Experimental/HordeExecutor/Private/ContentAddressableStorage.h,2,0,2
/media/ullmann/HDDGabriel/engines/UnrealEngine/Engine/Source/ThirdParty/SDL2/SDL-gui-backend/src/sensor/dummy/SDL_dummysensor.h,1,0,1
/media/ullmann/HDDGabriel/engines/UnrealEngine/Engine/Source/ThirdParty/FreeType2/FreeType2-2.6/Include/ftotval.h,0,1,1
/media/ullmann/HDDGabriel/engines/UnrealEngine/Engine/Source/ThirdParty/Intel/TBB/IntelTBB-2019u8/src/perf/perf_sched.cpp,0,1,1
/media/ullmann/HDDGabriel/engines/UnrealEngine/Engine/Source/Editor/DetailCustomizations/Private/RotatorStructCustomization.h,2,0,2
/media/ullmann/HDDGabriel/engines/UnrealEngine/Engine/Source/ThirdParty/PhysX3/APEX_1.4/shared/general/meshimport/include/utils/MiMemoryBuffer.h,0,1,1
/media/ullmann/HDDGabriel/engines/UnrealEngine/Engine/Source/ThirdParty/ICU/icu4c-53_1/source/i18n/persncal.cpp,0,2,2
/media/ullmann/HDDGabriel/engines/UnrealEngine/Engine/Source/ThirdParty/libcurl/curl-7.55.1/include/Android/x86/curl/easy.h,1,0,1
/media/ullmann/HDDGabriel/engines/UnrealEngine/Engine/Source/ThirdParty/OpenVDB/Deploy/openvdb-8.1.0/include/openvdb/PlatformConfig.h,0,1,1
/media/ullmann/HDDGabriel/engines/UnrealEngine/Engine/Source/Runtime/Renderer/Private/CustomDepthRendering.h,2,0,2
/media/ullmann/HDDGabriel/engines/UnrealEngine/Engine/Source/ThirdParty/HarfBuzz/harfbuzz-1.2.4/util/view-cairo.hh,2,0,2
/media/ullmann/HDDGabriel/engines/UnrealEngine/Engine/Source/ThirdParty/FreeImage/FreeImage-3.18.0/Source/LibJXR/jxrgluelib/JXRGlue.c,0,1,1
/media/ullmann/HDDGabriel/engines/UnrealEngine/Engine/Source/Editor/UnrealEd/Private/LocalizationChunkDataGenerator.cpp,0,1,1
/media/ullmann/HDDGabriel/engines/UnrealEngine/Engine/Source/Editor/UnrealEd/Private/LocalizationChunkDataGenerator.h,2,0,2
/media/ullmann/HDDGabriel/engines/UnrealEngine/Engine/Source/Editor/LevelEditor/Public/ILevelEditor.h,2,0,2
/media/ullmann/HDDGabriel/engines/UnrealEngine/Engine/Source/Editor/SkeletonEditor/Private/SkeletonTreeAttachedAssetItem.cpp,0,1,1
/media/ullmann/HDDGabriel/engines/UnrealEngine/Engine/Source/Runtime/Core/Public/Algo/Transform.h,1,0,1
/media/ullmann/HDDGabriel/engines/UnrealEngine/Engine/Source/ThirdParty/openexr/Deploy/openexr-3.1.1/include/OpenEXR/ImfFramesPerSecond.h,0,3,3
/media/ullmann/HDDGabriel/engines/UnrealEngine/Engine/Source/ThirdParty/PLCrashReporter/PLCrashReporter/Source/dwarf_stack.hpp,1,2,3
/media/ullmann/HDDGabriel/engines/UnrealEngine/Engine/Source/ThirdParty/Intel/ISPC/ispc-1.17.0/examples/xpu/simple-dpcpp-l0/simple-dpcpp-l0.cpp,0,1,1
/media/ullmann/HDDGabriel/engines/UnrealEngine/Engine/Source/ThirdParty/Intel/ISPC/ispc-1.17.0/examples/xpu/simple-dpcpp-l0/simple-dpcpp-l0.hpp,1,0,1
/media/ullmann/HDDGabriel/engines/UnrealEngine/Engine/Source/ThirdParty/Python3/Linux/include/python3.9/moduleobject.h,1,0,1
/media/ullmann/HDDGabriel/engines/UnrealEngine/Engine/Source/ThirdParty/PhysX3/PhysX_3.4/Source/LowLevelCloth/src/sse2/SwSolveConstraints.h,1,0,1
/media/ullmann/HDDGabriel/engines/UnrealEngine/Engine/Source/ThirdParty/OpenSubdiv/OpenSubdiv-3.4.4/regression/shapes/catmark_rook.h,1,0,1
/media/ullmann/HDDGabriel/engines/UnrealEngine/Engine/Source/Editor/AudioEditor/Private/AssetTypeActions/AssetTypeActions_AudioBus.h,1,0,1
/media/ullmann/HDDGabriel/engines/UnrealEngine/Engine/Source/ThirdParty/openexr/openexr-3.1.1/src/lib/OpenEXR/ImfPreviewImageAttribute.cpp,0,1,1
/media/ullmann/HDDGabriel/engines/UnrealEngine/Engine/Source/ThirdParty/NVIDIA/NVaftermath/include/GFSDK_Aftermath.h,0,1,1
/media/ullmann/HDDGabriel/engines/UnrealEngine/Engine/Source/ThirdParty/PhysX3/PhysX_3.4/Source/GeomUtils/src/mesh/GuBV4_ProcessStreamOrdered_OBBOBB.h,1,0,1
/media/ullmann/HDDGabriel/engines/UnrealEngine/Engine/Source/ThirdParty/CryptoPP/5.6.2/include/idea.cpp,0,3,3
/media/ullmann/HDDGabriel/engines/UnrealEngine/Engine/Source/ThirdParty/ICU/icu4c-64_1/source/io/ucln_io.cpp,0,1,1
/media/ullmann/HDDGabriel/engines/UnrealEngine/Engine/Source/Editor/AnimationBlueprintEditor/Private/AnimationNodes/SGraphNodeBlendSpacePlayer.cpp,0,1,1
/media/ullmann/HDDGabriel/engines/UnrealEngine/Engine/Source/Editor/AnimationBlueprintEditor/Private/AnimationNodes/SBlendSpacePreview.h,2,0,2
/media/ullmann/HDDGabriel/engines/UnrealEngine/Engine/Source/ThirdParty/CryptoPP/5.6.5/include/dh2.h,1,1,2
/media/ullmann/HDDGabriel/engines/UnrealEngine/Engine/Source/ThirdParty/SDL2/SDL-gui-backend/src/video/SDL_fillrect.c,0,2,2
/media/ullmann/HDDGabriel/engines/UnrealEngine/Engine/Source/ThirdParty/mimalloc/src/alloc-override.c,1,0,1
/media/ullmann/HDDGabriel/engines/UnrealEngine/Engine/Source/ThirdParty/SDL2/SDL-gui-backend/src/misc/haiku/SDL_sysurl.cc,0,1,1
/media/ullmann/HDDGabriel/engines/UnrealEngine/Engine/Source/Editor/ViewportInteraction/Public/ViewportInteractableInterface.h,1,0,1
/media/ullmann/HDDGabriel/engines/UnrealEngine/Engine/Source/ThirdParty/ShaderConductor/ShaderConductor/External/DirectXShaderCompiler/include/llvm/Support/ELFRelocs/AArch64.def,1,0,1
/media/ullmann/HDDGabriel/engines/UnrealEngine/Engine/Source/Runtime/Experimental/Chaos/Public/PhysicsProxy/GeometryCollectionPhysicsProxy.h,1,0,1
/media/ullmann/HDDGabriel/engines/UnrealEngine/Engine/Source/Developer/ScreenShotComparisonTools/Private/ScreenShotManager.cpp,0,1,1
/media/ullmann/HDDGabriel/engines/UnrealEngine/Engine/Source/ThirdParty/Python3/Mac/include/complexobject.h,1,0,1
/media/ullmann/HDDGabriel/engines/UnrealEngine/Engine/Source/ThirdParty/FreeType2/FreeType2-2.10.4/src/psnames/psnames.c,0,1,1
/media/ullmann/HDDGabriel/engines/UnrealEngine/Engine/Source/Runtime/Datasmith/DirectLink/Public/DirectLinkSerialMethods.h,1,0,1
/media/ullmann/HDDGabriel/engines/UnrealEngine/Engine/Source/ThirdParty/Intel/TBB/IntelTBB-2019u8/src/test/test_multifunction_node.cpp,0,1,1
/media/ullmann/HDDGabriel/engines/UnrealEngine/Engine/Source/ThirdParty/ShaderConductor/ShaderConductor/External/DirectXShaderCompiler/tools/clang/lib/Headers/stdatomic.h,0,2,2
/media/ullmann/HDDGabriel/engines/UnrealEngine/Engine/Source/ThirdParty/PhysX3/PhysX_3.4/Source/GeomUtils/src/mesh/GuTriangleMesh.cpp,0,1,1
/media/ullmann/HDDGabriel/engines/UnrealEngine/Engine/Source/Runtime/MovieSceneCapture/Public/IMovieSceneCapture.h,1,0,1
/media/ullmann/HDDGabriel/engines/UnrealEngine/Engine/Source/Editor/AnimGraph/Private/AnimBlueprintPinInfoDetails.cpp,0,1,1
/media/ullmann/HDDGabriel/engines/UnrealEngine/Engine/Source/ThirdParty/ShaderConductor/ShaderConductor/External/DirectXShaderCompiler/tools/clang/lib/Headers/prfchwintrin.h,2,0,2
/media/ullmann/HDDGabriel/engines/UnrealEngine/Engine/Source/Developer/TraceInsights/Private/Insights/TaskGraphProfiler/Widgets/STaskTableTreeView.cpp,0,1,1
/media/ullmann/HDDGabriel/engines/UnrealEngine/Engine/Source/Developer/TraceInsights/Private/Insights/TaskGraphProfiler/Widgets/STaskTableTreeView.h,1,0,1
/media/ullmann/HDDGabriel/engines/UnrealEngine/Engine/Source/Editor/VREditor/UI/VREditorRadialFloatingUI.h,2,0,2
/media/ullmann/HDDGabriel/engines/UnrealEngine/Engine/Source/Runtime/Online/Stomp/Private/StompCommand.cpp,0,1,1
/media/ullmann/HDDGabriel/engines/UnrealEngine/Engine/Source/Runtime/Online/Stomp/Private/StompCommand.h,2,0,2
/media/ullmann/HDDGabriel/engines/UnrealEngine/Engine/Source/Runtime/SlateCore/Public/Widgets/InvalidateWidgetReason.h,2,0,2
/media/ullmann/HDDGabriel/engines/UnrealEngine/Engine/Source/ThirdParty/Intel/TBB/IntelTBB-2019u8/include/tbb/flow_graph_opencl_node.h,0,1,1
/media/ullmann/HDDGabriel/engines/UnrealEngine/Engine/Source/ThirdParty/WebRTC/4147/Include/base/third_party/libevent/min_heap.h,1,2,3
/media/ullmann/HDDGabriel/engines/UnrealEngine/Engine/Source/Runtime/Core/Public/Serialization/NameAsStringProxyArchive.h,1,0,1
/media/ullmann/HDDGabriel/engines/UnrealEngine/Engine/Source/ThirdParty/Android/libunwind/libunwind/src/hppa/Gget_proc_info.c,1,1,2
/media/ullmann/HDDGabriel/engines/UnrealEngine/Engine/Source/Editor/BehaviorTreeEditor/Private/SGraphNode_Decorator.h,2,0,2
/media/ullmann/HDDGabriel/engines/UnrealEngine/Engine/Source/Editor/UnrealEd/Private/VertexSnapping.cpp,0,1,1
/media/ullmann/HDDGabriel/engines/UnrealEngine/Engine/Source/Editor/UnrealEd/Private/VertexSnapping.h,2,0,2
/media/ullmann/HDDGabriel/engines/UnrealEngine/Engine/Source/ThirdParty/nvTextureTools/nvTextureTools-2.0.6/src/src/nvtt/Compressor.h,1,1,2
/media/ullmann/HDDGabriel/engines/UnrealEngine/Engine/Source/Developer/AssetTools/Private/AssetTypeActions/AssetTypeActions_ProceduralFoliageSpawner.h,1,0,1
/media/ullmann/HDDGabriel/engines/UnrealEngine/Engine/Source/ThirdParty/FBX/2020.2/include/fbxsdk/utils/fbxrenamingstrategyutilities.h,1,0,1
/media/ullmann/HDDGabriel/engines/UnrealEngine/Engine/Source/ThirdParty/Python3/Linux/include/python3.9/pythonrun.h,1,0,1
/media/ullmann/HDDGabriel/engines/UnrealEngine/Engine/Source/ThirdParty/Python3/Win64/include/pythonrun.h,1,0,1
/media/ullmann/HDDGabriel/engines/UnrealEngine/Engine/Source/ThirdParty/FreeType2/FreeType2-2.10.0/src/sfnt/sfobjs.h,2,0,2
/media/ullmann/HDDGabriel/engines/UnrealEngine/Engine/Source/ThirdParty/zlib/zlib-1.2.5/Src/gzread.c,0,1,1
/media/ullmann/HDDGabriel/engines/UnrealEngine/Engine/Source/Runtime/Apple/MetalRHI/Private/MetalViewport.cpp,0,2,2
/media/ullmann/HDDGabriel/engines/UnrealEngine/Engine/Source/ThirdParty/PhysX3/PhysX_3.4/Source/GeomUtils/src/GuMeshFactory.cpp,0,1,1
/media/ullmann/HDDGabriel/engines/UnrealEngine/Engine/Source/ThirdParty/PhysX3/PhysX_3.4/Source/GeomUtils/src/GuMeshFactory.h,1,0,1
/media/ullmann/HDDGabriel/engines/UnrealEngine/Engine/Source/Runtime/Core/Public/Serialization/CustomVersion.h,1,0,1
/media/ullmann/HDDGabriel/engines/UnrealEngine/Engine/Source/Developer/TraceInsights/Private/Insights/Table/ViewModels/TableCellValue.cpp,0,1,1
/media/ullmann/HDDGabriel/engines/UnrealEngine/Engine/Source/Developer/TraceInsights/Private/Insights/Table/ViewModels/TableCellValue.h,1,0,1
/media/ullmann/HDDGabriel/engines/UnrealEngine/Engine/Source/ThirdParty/PhysX3/PhysX_3.4/Source/PhysXExtensions/src/serialization/Xml/SnXmlSerializer.h,1,1,2
/media/ullmann/HDDGabriel/engines/UnrealEngine/Engine/Source/ThirdParty/libOpus/opus-1.1/silk/table_LSF_cos.c,0,1,1
/media/ullmann/HDDGabriel/engines/UnrealEngine/Engine/Source/ThirdParty/ShaderConductor/ShaderConductor/External/DirectXShaderCompiler/tools/clang/lib/StaticAnalyzer/Core/SimpleConstraintManager.cpp,0,1,1
/media/ullmann/HDDGabriel/engines/UnrealEngine/Engine/Source/ThirdParty/PhysX3/PhysX_3.4/Source/Common/src/CmRadixSort.h,2,0,2
/media/ullmann/HDDGabriel/engines/UnrealEngine/Engine/Source/ThirdParty/FreeType2/FreeType2-2.10.0/src/psaux/psarrst.h,2,1,3
/media/ullmann/HDDGabriel/engines/UnrealEngine/Engine/Source/ThirdParty/FreeType2/FreeType2-2.10.0/src/bdf/bdferror.h,2,0,2
/media/ullmann/HDDGabriel/engines/UnrealEngine/Engine/Source/Runtime/Online/SSL/Private/Unix/UnixPlatformSslCertificateManager.cpp,0,1,1
/media/ullmann/HDDGabriel/engines/UnrealEngine/Engine/Source/ThirdParty/Python3/Win64/include/descrobject.h,1,0,1
/media/ullmann/HDDGabriel/engines/UnrealEngine/Engine/Source/Editor/TextureEditor/Private/Customizations/TextureDetailsCustomization.h,2,0,2
/media/ullmann/HDDGabriel/engines/UnrealEngine/Engine/Source/ThirdParty/Imath/Imath-3.1.3/src/ImathTest/testLineAlgo.cpp,0,1,1
/media/ullmann/HDDGabriel/engines/UnrealEngine/Engine/Source/ThirdParty/Imath/Imath-3.1.3/src/ImathTest/testLineAlgo.h,2,0,2
/media/ullmann/HDDGabriel/engines/UnrealEngine/Engine/Source/Runtime/Core/Public/GenericPlatform/GenericPlatformTLS.h,2,0,2
/media/ullmann/HDDGabriel/engines/UnrealEngine/Engine/Source/ThirdParty/hlslcc/hlslcc/src/hlslcc_lib/builtin_types.h,1,1,2
/media/ullmann/HDDGabriel/engines/UnrealEngine/Engine/Source/ThirdParty/FreeType2/FreeType2-2.4.12/src/psnames/psnames.c,0,2,2
/media/ullmann/HDDGabriel/engines/UnrealEngine/Engine/Source/ThirdParty/libOpus/opus-1.3.1-12/celt/dump_modes/dump_modes.c,0,1,1
/media/ullmann/HDDGabriel/engines/UnrealEngine/Engine/Source/Runtime/OpenGLDrv/Public/OpenGLShaders.h,0,1,1
/media/ullmann/HDDGabriel/engines/UnrealEngine/Engine/Source/ThirdParty/FBX/2020.2/include/fbxsdk/scene/animation/fbxanimevaluator.h,1,0,1
/media/ullmann/HDDGabriel/engines/UnrealEngine/Engine/Source/Editor/BlueprintGraph/Private/K2Node_MakeStruct.cpp,0,1,1
/media/ullmann/HDDGabriel/engines/UnrealEngine/Engine/Source/Editor/SceneOutliner/Private/SceneOutlinerActorInfoColumn.cpp,0,1,1
/media/ullmann/HDDGabriel/engines/UnrealEngine/Engine/Source/ThirdParty/FreeType2/FreeType2-2.6/Src/lzw/ftlzw.c,0,2,2
/media/ullmann/HDDGabriel/engines/UnrealEngine/Engine/Source/ThirdParty/PhysX3/PhysX_3.4/Source/PhysXExtensions/src/serialization/Xml/SnRepXCollection.h,2,0,2
/media/ullmann/HDDGabriel/engines/UnrealEngine/Engine/Source/Runtime/Engine/Public/Rendering/SkinWeightVertexBuffer.h,1,0,1
/media/ullmann/HDDGabriel/engines/UnrealEngine/Engine/Source/ThirdParty/SDL2/SDL-gui-backend/src/joystick/hidapi/steam/controller_constants.h,1,1,2
/media/ullmann/HDDGabriel/engines/UnrealEngine/Engine/Source/ThirdParty/ICU/icu4c-53_1/source/tools/toolutil/writesrc.c,0,1,1
/media/ullmann/HDDGabriel/engines/UnrealEngine/Engine/Source/ThirdParty/ICU/icu4c-53_1/source/tools/toolutil/writesrc.h,1,0,1
/media/ullmann/HDDGabriel/engines/UnrealEngine/Engine/Source/Editor/AnimGraph/Public/AnimGraphNode_CopyBoneDelta.h,0,1,1
/media/ullmann/HDDGabriel/engines/UnrealEngine/Engine/Source/Editor/GraphEditor/Private/KismetPins/SGraphPinCollisionProfile.h,1,0,1
/media/ullmann/HDDGabriel/engines/UnrealEngine/Engine/Source/ThirdParty/PhysX3/APEX_1.4/module/framework_legacy/include/autogen/BufferF32x4_0p0.h,1,0,1
/media/ullmann/HDDGabriel/engines/UnrealEngine/Engine/Source/ThirdParty/openexr/openexr-3.1.1/src/test/OpenEXRTest/testTiledCompression.h,1,0,1
/media/ullmann/HDDGabriel/engines/UnrealEngine/Engine/Source/ThirdParty/ShaderConductor/ShaderConductor/External/DirectXShaderCompiler/tools/clang/lib/SPIRV/RemoveBufferBlockVisitor.cpp,0,1,1
/media/ullmann/HDDGabriel/engines/UnrealEngine/Engine/Source/ThirdParty/FreeType2/FreeType2-2.10.0/src/type1/t1tokens.h,1,0,1
/media/ullmann/HDDGabriel/engines/UnrealEngine/Engine/Source/ThirdParty/PhysX3/PhysX_3.4/Source/GeomUtils/src/convex/GuBigConvexData.cpp,0,2,2
/media/ullmann/HDDGabriel/engines/UnrealEngine/Engine/Source/ThirdParty/PhysX3/PhysX_3.4/Source/GeomUtils/src/convex/GuBigConvexData2.h,3,1,4
/media/ullmann/HDDGabriel/engines/UnrealEngine/Engine/Source/Editor/AnimGraph/Public/AnimGraphNode_ScaleChainLength.h,0,1,1
/media/ullmann/HDDGabriel/engines/UnrealEngine/Engine/Source/ThirdParty/ICU/icu4c-53_1/source/test/perf/leperf/FontTableCache.cpp,1,1,2
/media/ullmann/HDDGabriel/engines/UnrealEngine/Engine/Source/Runtime/AugmentedReality/Private/ARSharedWorldGameState.cpp,0,1,1
/media/ullmann/HDDGabriel/engines/UnrealEngine/Engine/Source/ThirdParty/ICU/icu4c-64_1/source/i18n/numparse_parsednumber.cpp,0,2,2
/media/ullmann/HDDGabriel/engines/UnrealEngine/Engine/Source/ThirdParty/FreeType2/FreeType2-2.6/Include/ftglyph.h,0,1,1
/media/ullmann/HDDGabriel/engines/UnrealEngine/Engine/Source/ThirdParty/Intel/TBB/IntelTBB-2019u8/examples/parallel_for/tachyon/src/quadric.h,2,0,2
/media/ullmann/HDDGabriel/engines/UnrealEngine/Engine/Source/Editor/DetailCustomizations/Private/LinuxTargetSettingsDetails.cpp,0,1,1
/media/ullmann/HDDGabriel/engines/UnrealEngine/Engine/Source/Editor/TextureEditor/Private/Menus/TextureEditorViewOptionsMenu.h,1,0,1
/media/ullmann/HDDGabriel/engines/UnrealEngine/Engine/Source/ThirdParty/ICU/icu4c-64_1/source/i18n/collationdata.cpp,0,3,3
/media/ullmann/HDDGabriel/engines/UnrealEngine/Engine/Source/ThirdParty/Intel/Embree/Embree270/src/kernels/xeon/bvh4/bvh4_builder_subdiv.avx512.cpp,0,1,1
/media/ullmann/HDDGabriel/engines/UnrealEngine/Engine/Source/Editor/WorldPartitionEditor/Private/WorldPartition/HLOD/HLODLayerAssetTypeActions.h,2,0,2
/media/ullmann/HDDGabriel/engines/UnrealEngine/Engine/Source/ThirdParty/CEF3/cef_binary_3.3071.1611.g4a19305_windows32/libcef_dll/transfer_util.cc,0,1,1
/media/ullmann/HDDGabriel/engines/UnrealEngine/Engine/Source/ThirdParty/CEF3/cef_binary_3.3071.1611.g4a19305_windows32/libcef_dll/transfer_util.h,1,0,1
/media/ullmann/HDDGabriel/engines/UnrealEngine/Engine/Source/ThirdParty/Intel/Embree/Embree2140/src/kernels/bvh/bvh_intersector_hybrid_bvh4.cpp,0,1,1
/media/ullmann/HDDGabriel/engines/UnrealEngine/Engine/Source/ThirdParty/FreeImage/FreeImage-3.18.0/Source/LibOpenJPEG/opj_clock.h,1,0,1
/media/ullmann/HDDGabriel/engines/UnrealEngine/Engine/Source/Developer/TraceInsights/Private/Insights/Table/ViewModels/UntypedTable.cpp,0,1,1
/media/ullmann/HDDGabriel/engines/UnrealEngine/Engine/Source/Developer/TraceInsights/Private/Insights/Table/ViewModels/UntypedTable.h,1,0,1
/media/ullmann/HDDGabriel/engines/UnrealEngine/Engine/Source/ThirdParty/PhysX3/APEX_1.4/module/clothing_legacy/include/autogen/ClothingPhysicalMeshParameters_0p7.h,1,0,1
/media/ullmann/HDDGabriel/engines/UnrealEngine/Engine/Source/Editor/Kismet/Private/BlueprintDragDropMenuItem.cpp,0,1,1
/media/ullmann/HDDGabriel/engines/UnrealEngine/Engine/Source/ThirdParty/Android/libunwind/libunwind/src/coredump/_UCD_find_proc_info.c,0,2,2
/media/ullmann/HDDGabriel/engines/UnrealEngine/Engine/Source/Editor/Persona/Private/SRetargetSources.h,2,0,2
/media/ullmann/HDDGabriel/engines/UnrealEngine/Engine/Source/ThirdParty/openexr/openexr-3.1.1/src/test/OpenEXRTest/testMagic.h,1,0,1
/media/ullmann/HDDGabriel/engines/UnrealEngine/Engine/Source/ThirdParty/PhysX3/NvCloth/samples/SampleBase/utils/MeshGenerator.cpp,0,1,1
/media/ullmann/HDDGabriel/engines/UnrealEngine/Engine/Source/ThirdParty/PhysX3/NvCloth/samples/SampleBase/utils/MeshGenerator.h,1,0,1
/media/ullmann/HDDGabriel/engines/UnrealEngine/Engine/Source/ThirdParty/PhysX3/APEX_1.4/common/src/ApexSharedUtils.cpp,0,1,1
/media/ullmann/HDDGabriel/engines/UnrealEngine/Engine/Source/Editor/MovieSceneTools/Private/TrackEditors/CVarTrackEditor.h,1,0,1
/media/ullmann/HDDGabriel/engines/UnrealEngine/Engine/Source/ThirdParty/PhysX3/APEX_1.4/module/clothing/src/ClothingActorImpl.cpp,0,1,1
/media/ullmann/HDDGabriel/engines/UnrealEngine/Engine/Source/ThirdParty/PhysX3/APEX_1.4/module/destructible/include/autogen/DestructibleModuleParameters.h,1,0,1
/media/ullmann/HDDGabriel/engines/UnrealEngine/Engine/Source/Editor/SceneDepthPickerMode/Private/SceneDepthPickerMode.cpp,0,1,1
/media/ullmann/HDDGabriel/engines/UnrealEngine/Engine/Source/Runtime/Core/Public/UObject/BuildObjectVersion.h,1,0,1
/media/ullmann/HDDGabriel/engines/UnrealEngine/Engine/Source/ThirdParty/ICU/icu4c-64_1/source/tools/toolutil/writesrc.cpp,0,1,1
/media/ullmann/HDDGabriel/engines/UnrealEngine/Engine/Source/ThirdParty/ICU/icu4c-64_1/source/tools/toolutil/writesrc.h,1,0,1
/media/ullmann/HDDGabriel/engines/UnrealEngine/Engine/Source/Programs/TextureShare/Samples/ThirdParty/TextureShare_ClientD3D12/Win32Application.cpp,0,2,2
/media/ullmann/HDDGabriel/engines/UnrealEngine/Engine/Source/Programs/TextureShare/Samples/ThirdParty/TextureShare_ClientD3D12/Win32Application.h,2,1,3
/media/ullmann/HDDGabriel/engines/UnrealEngine/Engine/Source/Editor/SequenceRecorder/Private/SequenceRecorder.cpp,0,1,1
/media/ullmann/HDDGabriel/engines/UnrealEngine/Engine/Source/ThirdParty/Crunch/src/crnlib/lzma_Alloc.h,2,0,2
/media/ullmann/HDDGabriel/engines/UnrealEngine/Engine/Source/ThirdParty/PhysX3/APEX_1.4/framework/include/ApexRenderMeshActor.h,0,1,1
/media/ullmann/HDDGabriel/engines/UnrealEngine/Engine/Source/ThirdParty/HarfBuzz/harfbuzz-2.4.0/src/hb-unicode-emoji-table.hh,1,0,1
/media/ullmann/HDDGabriel/engines/UnrealEngine/Engine/Source/ThirdParty/HWCPipe/include/vendor/arm/pmu/pmu_counter.cpp,0,1,1
/media/ullmann/HDDGabriel/engines/UnrealEngine/Engine/Source/ThirdParty/FreeImage/FreeImage-3.18.0/Source/OpenEXR/IlmImf/ImfFloatAttribute.cpp,0,1,1
/media/ullmann/HDDGabriel/engines/UnrealEngine/Engine/Source/ThirdParty/WebRTC/4147/Include/tools/clang/blink_gc_plugin/tests/class_requires_trace_method.h,0,1,1
/media/ullmann/HDDGabriel/engines/UnrealEngine/Engine/Source/ThirdParty/ICU/icu4c-53_1/source/test/intltest/citrtest.cpp,0,1,1
/media/ullmann/HDDGabriel/engines/UnrealEngine/Engine/Source/ThirdParty/ICU/icu4c-53_1/source/common/sharedobject.cpp,0,1,1
/media/ullmann/HDDGabriel/engines/UnrealEngine/Engine/Source/Runtime/ImageWriteQueue/Public/ImageWriteStream.h,0,1,1
/media/ullmann/HDDGabriel/engines/UnrealEngine/Engine/Source/Runtime/ImageWriteQueue/Public/ImagePixelData.h,2,0,2
/media/ullmann/HDDGabriel/engines/UnrealEngine/Engine/Source/Editor/PhysicsAssetEditor/Private/PhysicsAssetEditorSkeletalMeshComponent.cpp,0,4,4
/media/ullmann/HDDGabriel/engines/UnrealEngine/Engine/Source/ThirdParty/PhysX3/APEX_1.4/shared/general/HACD/include/dgSmallDeterminant.h,0,1,1
/media/ullmann/HDDGabriel/engines/UnrealEngine/Engine/Source/ThirdParty/ShaderConductor/ShaderConductor/External/DirectXShaderCompiler/lib/HLSL/DxilPatchShaderRecordBindings.cpp,0,1,1
/media/ullmann/HDDGabriel/engines/UnrealEngine/Engine/Source/ThirdParty/ShaderConductor/ShaderConductor/External/DirectXShaderCompiler/lib/HLSL/DxilPatchShaderRecordBindingsShared.h,1,0,1
/media/ullmann/HDDGabriel/engines/UnrealEngine/Engine/Source/ThirdParty/Intel/TBB/IntelTBB-2019u8/src/test/test_concurrent_unordered_set.cpp,0,4,4
/media/ullmann/HDDGabriel/engines/UnrealEngine/Engine/Source/Runtime/TraceLog/Private/Trace/Writer.cpp,0,2,2
/media/ullmann/HDDGabriel/engines/UnrealEngine/Engine/Source/Runtime/TraceLog/Private/Trace/WriteBufferRedirect.h,1,0,1
/media/ullmann/HDDGabriel/engines/UnrealEngine/Engine/Source/Runtime/VulkanRHI/Private/Android/VulkanAndroidPlatform.cpp,0,2,2
/media/ullmann/HDDGabriel/engines/UnrealEngine/Engine/Source/ThirdParty/FBX/2020.2/include/fbxsdk/scene/geometry/fbxcluster.h,1,0,1
/media/ullmann/HDDGabriel/engines/UnrealEngine/Engine/Source/Runtime/UMG/Public/IUMGModule.h,1,0,1
/media/ullmann/HDDGabriel/engines/UnrealEngine/Engine/Source/ThirdParty/Perforce/P4Api.Net/p4bridge-unit-test/TestUtils.cpp,0,3,3
/media/ullmann/HDDGabriel/engines/UnrealEngine/Engine/Source/ThirdParty/Perforce/P4Api.Net/p4bridge-unit-test/TestUtils.h,1,0,1
/media/ullmann/HDDGabriel/engines/UnrealEngine/Engine/Source/ThirdParty/FBX/2020.2/include/fbxsdk/fileio/fbxstatisticsfbx.h,1,0,1
/media/ullmann/HDDGabriel/engines/UnrealEngine/Engine/Source/Runtime/RenderCore/Private/RenderGraphDumpResources.cpp,0,1,1
/media/ullmann/HDDGabriel/engines/UnrealEngine/Engine/Source/ThirdParty/Intel/MetricsDiscovery/MetricsDiscoveryHelper/samples/range_sample_dx11/imgui/examples/directx12_example/main.cpp,0,1,1
/media/ullmann/HDDGabriel/engines/UnrealEngine/Engine/Source/ThirdParty/Intel/MetricsDiscovery/MetricsDiscoveryHelper/samples/range_sample_dx11/imgui/examples/directx12_example/imgui_impl_dx12.h,2,0,2
/media/ullmann/HDDGabriel/engines/UnrealEngine/Engine/Source/ThirdParty/FreeType2/FreeType2-2.10.4/src/pshinter/pshglob.c,1,1,2
/media/ullmann/HDDGabriel/engines/UnrealEngine/Engine/Source/ThirdParty/ShaderConductor/ShaderConductor/External/DirectXShaderCompiler/lib/DxilDia/DxilDiaTableFrameData.h,2,2,4
/media/ullmann/HDDGabriel/engines/UnrealEngine/Engine/Source/ThirdParty/zlib/zlib-1.2.5/Src/trees.c,0,2,2
/media/ullmann/HDDGabriel/engines/UnrealEngine/Engine/Source/ThirdParty/zlib/zlib-1.2.5/Src/trees.h,1,0,1
/media/ullmann/HDDGabriel/engines/UnrealEngine/Engine/Source/Runtime/Slate/Public/Framework/Text/ISlateLineHighlighter.h,2,0,2
/media/ullmann/HDDGabriel/engines/UnrealEngine/Engine/Source/ThirdParty/PhysX3/PhysX_3.4/Source/PhysXExtensions/src/serialization/Binary/SnSerializationContext.cpp,0,1,1
/media/ullmann/HDDGabriel/engines/UnrealEngine/Engine/Source/ThirdParty/MCPP/mcpp-2.7.2/test-c/n_3.c,0,1,1
/media/ullmann/HDDGabriel/engines/UnrealEngine/Engine/Source/ThirdParty/ICU/icu4c-64_1/source/samples/layout/cmaps.cpp,0,2,2
/media/ullmann/HDDGabriel/engines/UnrealEngine/Engine/Source/ThirdParty/Python3/Mac/include/genericaliasobject.h,1,0,1
/media/ullmann/HDDGabriel/engines/UnrealEngine/Engine/Source/ThirdParty/libOpus/opus-1.0.3/silk/errors.h,3,0,3
/media/ullmann/HDDGabriel/engines/UnrealEngine/Engine/Source/ThirdParty/MCPP/mcpp-2.7.2/test-l/nest108.h,1,1,2
/media/ullmann/HDDGabriel/engines/UnrealEngine/Engine/Source/ThirdParty/FreeImage/FreeImage-3.18.0/Source/OpenEXR/IlmImf/ImfVersion.cpp,0,2,2
/media/ullmann/HDDGabriel/engines/UnrealEngine/Engine/Source/ThirdParty/FreeImage/FreeImage-3.18.0/Source/OpenEXR/IlmImf/ImfConvert.cpp,0,2,2
/media/ullmann/HDDGabriel/engines/UnrealEngine/Engine/Source/ThirdParty/EOSSDK/SDK/Bin/Android/include/eos_anticheatclient.h,0,1,1
/media/ullmann/HDDGabriel/engines/UnrealEngine/Engine/Source/ThirdParty/libPNG/libPNG-1.6.37/contrib/gregbook/readpng2.c,0,1,1
/media/ullmann/HDDGabriel/engines/UnrealEngine/Engine/Source/Developer/ProjectLauncher/Private/Widgets/Shared/SProjectLauncherProfileNameDescEditor.cpp,0,1,1
/media/ullmann/HDDGabriel/engines/UnrealEngine/Engine/Source/Developer/ProjectLauncher/Private/Widgets/Shared/SProjectLauncherProfileNameDescEditor.h,1,0,1
/media/ullmann/HDDGabriel/engines/UnrealEngine/Engine/Source/ThirdParty/libOpus/opus-1.1/silk/resampler_rom.h,2,2,4
/media/ullmann/HDDGabriel/engines/UnrealEngine/Engine/Source/ThirdParty/HarfBuzz/harfbuzz-1.2.4/src/hb-buffer-serialize.cc,0,3,3
/media/ullmann/HDDGabriel/engines/UnrealEngine/Engine/Source/ThirdParty/HarfBuzz/harfbuzz-1.2.4/src/hb-buffer-deserialize-text.hh,1,0,1
/media/ullmann/HDDGabriel/engines/UnrealEngine/Engine/Source/ThirdParty/Boost/boost-1_70_0/include/boost/phoenix/stl/algorithm/detail/has_remove_if.hpp,0,1,1
/media/ullmann/HDDGabriel/engines/UnrealEngine/Engine/Source/Developer/MaterialBaking/Private/ExportMaterialProxy.h,1,0,1
/media/ullmann/HDDGabriel/engines/UnrealEngine/Engine/Source/Runtime/UMG/Public/Components/ProgressBar.h,1,0,1
/media/ullmann/HDDGabriel/engines/UnrealEngine/Engine/Source/ThirdParty/ShaderConductor/ShaderConductor/External/DirectXShaderCompiler/tools/clang/lib/Parse/ParseHLSL.cpp,0,1,1
/media/ullmann/HDDGabriel/engines/UnrealEngine/Engine/Source/Runtime/Online/BuildPatchServices/Public/BuildPatchServicesSingleton.h,0,2,2
/media/ullmann/HDDGabriel/engines/UnrealEngine/Engine/Source/Developer/TraceInsights/Private/Insights/MemoryProfiler/Widgets/SMemoryProfilerToolbar.cpp,0,1,1
/media/ullmann/HDDGabriel/engines/UnrealEngine/Engine/Source/Developer/TraceInsights/Private/Insights/MemoryProfiler/Widgets/SMemoryProfilerToolbar.h,1,0,1
/media/ullmann/HDDGabriel/engines/UnrealEngine/Engine/Source/Runtime/CoreUObject/Public/UObject/ObjectResource.h,1,0,1
/media/ullmann/HDDGabriel/engines/UnrealEngine/Engine/Source/Runtime/VulkanRHI/Private/VulkanGPUProfiler.h,1,0,1
/media/ullmann/HDDGabriel/engines/UnrealEngine/Engine/Source/ThirdParty/libOpus/opus-1.0.3/silk/decode_frame.c,0,2,2
/media/ullmann/HDDGabriel/engines/UnrealEngine/Engine/Source/ThirdParty/libOpus/opus-1.0.3/include/opus_custom.h,0,1,1
/media/ullmann/HDDGabriel/engines/UnrealEngine/Engine/Source/Runtime/Windows/D3D11RHI/Private/D3D11Texture.cpp,0,1,1
/media/ullmann/HDDGabriel/engines/UnrealEngine/Engine/Source/ThirdParty/WebRTC/4147/Include/third_party/libvpx/source/config/linux/arm-neon-cpu-detect/vpx_scale_rtcd.h,0,1,1
/media/ullmann/HDDGabriel/engines/UnrealEngine/Engine/Source/ThirdParty/Expat/expat-2.2.10/xmlwf/xmlfile.h,2,0,2
/media/ullmann/HDDGabriel/engines/UnrealEngine/Engine/Source/ThirdParty/DirectShow/DirectShow-1.0.0/src/Public/transfrm.h,1,0,1
/media/ullmann/HDDGabriel/engines/UnrealEngine/Engine/Source/ThirdParty/ICU/icu4c-53_1/source/tools/genrb/rbutil.c,0,1,1
/media/ullmann/HDDGabriel/engines/UnrealEngine/Engine/Source/ThirdParty/libOpus/opus-1.3.1-12/silk/NLSF_encode.c,0,1,1
/media/ullmann/HDDGabriel/engines/UnrealEngine/Engine/Source/Editor/Kismet/Public/SKismetInspector.h,1,1,2
/media/ullmann/HDDGabriel/engines/UnrealEngine/Engine/Source/Editor/BlueprintGraph/Classes/K2Node_InputActionEvent.h,0,1,1
/media/ullmann/HDDGabriel/engines/UnrealEngine/Engine/Source/Editor/RewindDebuggerInterface/Public/IRewindDebuggerViewCreator.h,0,1,1
/media/ullmann/HDDGabriel/engines/UnrealEngine/Engine/Source/Editor/RewindDebuggerInterface/Public/IRewindDebuggerView.h,1,0,1
/media/ullmann/HDDGabriel/engines/UnrealEngine/Engine/Source/ThirdParty/Imath/Imath-3.1.3/src/ImathTest/testBitPatterns.cpp,0,1,1
/media/ullmann/HDDGabriel/engines/UnrealEngine/Engine/Source/ThirdParty/PhysX3/PhysX_3.4/Source/GeomUtils/src/distance/GuDistanceSegmentBox.cpp,0,2,2
/media/ullmann/HDDGabriel/engines/UnrealEngine/Engine/Source/Editor/DetailCustomizations/Private/ComponentReferenceCustomization.cpp,0,1,1
/media/ullmann/HDDGabriel/engines/UnrealEngine/Engine/Source/Editor/DetailCustomizations/Private/ComponentReferenceCustomization.h,2,0,2
/media/ullmann/HDDGabriel/engines/UnrealEngine/Engine/Source/ThirdParty/Intel/TBB/IntelTBB-2019u8/src/test/test_pipeline_with_tbf.cpp,0,3,3
/media/ullmann/HDDGabriel/engines/UnrealEngine/Engine/Source/ThirdParty/ICU/icu4c-64_1/source/common/unicode/icudataver.h,1,0,1
/media/ullmann/HDDGabriel/engines/UnrealEngine/Engine/Source/Developer/Virtualization/Private/VirtualizationSourceControlBackend.h,1,0,1
/media/ullmann/HDDGabriel/engines/UnrealEngine/Engine/Source/Developer/DirectoryWatcher/Private/DirectoryWatcherModule.cpp,0,2,2
/media/ullmann/HDDGabriel/engines/UnrealEngine/Engine/Source/Editor/MovieSceneTools/Private/TrackEditors/PropertyTrackEditors/IntegerPropertyTrackEditor.h,1,0,1
/media/ullmann/HDDGabriel/engines/UnrealEngine/Engine/Source/ThirdParty/ICU/icu4c-64_1/source/test/intltest/svccoll.cpp,0,1,1
/media/ullmann/HDDGabriel/engines/UnrealEngine/Engine/Source/Editor/IntroTutorials/Private/TutorialSettings.cpp,0,1,1
/media/ullmann/HDDGabriel/engines/UnrealEngine/Engine/Source/Runtime/Engine/Classes/Animation/AnimNotifies/AnimNotify_ResumeClothingSimulation.h,0,1,1
/media/ullmann/HDDGabriel/engines/UnrealEngine/Engine/Source/ThirdParty/FreeImage/FreeImage-3.18.0/Source/LibRawLite/libraw/libraw_internal.h,1,2,3
/media/ullmann/HDDGabriel/engines/UnrealEngine/Engine/Source/ThirdParty/ShaderConductor/ShaderConductor/External/DirectXShaderCompiler/tools/clang/tools/dxrfallbackcompiler/dxcdxrfallbackcompiler.cpp,0,1,1
/media/ullmann/HDDGabriel/engines/UnrealEngine/Engine/Source/Developer/ProjectLauncher/Private/Widgets/Build/SProjectLauncherBuildTaskSettings.cpp,0,1,1
/media/ullmann/HDDGabriel/engines/UnrealEngine/Engine/Source/Developer/ProjectLauncher/Private/Widgets/Build/SProjectLauncherBuildTaskSettings.h,1,0,1
/media/ullmann/HDDGabriel/engines/UnrealEngine/Engine/Source/ThirdParty/ICU/icu4c-64_1/source/test/cintltst/usettest.c,0,1,1
/media/ullmann/HDDGabriel/engines/UnrealEngine/Engine/Source/ThirdParty/WebRTC/4147/Include/tools/clang/blink_gc_plugin/tests/unique_ptr_to_gc_managed_class.h,0,1,1
/media/ullmann/HDDGabriel/engines/UnrealEngine/Engine/Source/ThirdParty/ICU/icu4c-53_1/source/tools/tzcode/asctime.c,0,2,2
/media/ullmann/HDDGabriel/engines/UnrealEngine/Engine/Source/ThirdParty/libOpus/opus-1.0.3/silk/init_decoder.c,0,1,1
/media/ullmann/HDDGabriel/engines/UnrealEngine/Engine/Source/Programs/UnrealPak/Private/UnrealPak.cpp,0,1,1
/media/ullmann/HDDGabriel/engines/UnrealEngine/Engine/Source/Programs/UnrealPak/Private/UnrealPak.h,1,0,1
/media/ullmann/HDDGabriel/engines/UnrealEngine/Engine/Source/ThirdParty/zlib/zlib-1.2.5/Inc/zconf.h,1,0,1
/media/ullmann/HDDGabriel/engines/UnrealEngine/Engine/Source/ThirdParty/MCPP/mcpp-2.7.2/cpp-test/test-t/nest13.h,1,1,2
/media/ullmann/HDDGabriel/engines/UnrealEngine/Engine/Source/Editor/AudioEditor/Private/SoundClassTemplates.cpp,0,1,1
/media/ullmann/HDDGabriel/engines/UnrealEngine/Engine/Source/Editor/AudioEditor/Private/SoundClassTemplates.h,1,0,1
/media/ullmann/HDDGabriel/engines/UnrealEngine/Engine/Source/Runtime/D3D12RHI/Private/D3D12Shaders.cpp,0,1,1
/media/ullmann/HDDGabriel/engines/UnrealEngine/Engine/Source/ThirdParty/openexr/openexr-3.1.1/src/lib/OpenEXR/ImfStdIO.cpp,0,2,2
/media/ullmann/HDDGabriel/engines/UnrealEngine/Engine/Source/Runtime/InteractiveToolsFramework/Public/ToolDataVisualizer.h,0,1,1
/media/ullmann/HDDGabriel/engines/UnrealEngine/Engine/Source/Developer/AssetTools/Private/AssetTypeActions/AssetTypeActions_SlateWidgetStyle.h,1,0,1
/media/ullmann/HDDGabriel/engines/UnrealEngine/Engine/Source/ThirdParty/libOpus/opus-1.3.1-12/celt/static_modes_float_arm_ne10.h,1,0,1
/media/ullmann/HDDGabriel/engines/UnrealEngine/Engine/Source/ThirdParty/Perforce/p4api-2021.2/Include/Win64/VS2015/p4/clientresolvea.h,1,1,2
/media/ullmann/HDDGabriel/engines/UnrealEngine/Engine/Source/ThirdParty/Perforce/p4api-2021.2/Include/Win64/VS2015/p4/clientmerge.h,2,0,2
/media/ullmann/HDDGabriel/engines/UnrealEngine/Engine/Source/ThirdParty/ICU/icu4c-64_1/source/test/cintltst/utf8tst.c,0,1,1
/media/ullmann/HDDGabriel/engines/UnrealEngine/Engine/Source/Runtime/Datasmith/DirectLink/Private/DirectLinkStreamDestination.h,1,1,2
/media/ullmann/HDDGabriel/engines/UnrealEngine/Engine/Source/ThirdParty/FreeImage/FreeImage-3.18.0/Source/OpenEXR/IlmThread/IlmThreadSemaphorePosix.cpp,0,1,1
/media/ullmann/HDDGabriel/engines/UnrealEngine/Engine/Source/ThirdParty/ShaderConductor/ShaderConductor/External/DirectXShaderCompiler/lib/HLSL/DxilGenerationPass.cpp,0,1,1
/media/ullmann/HDDGabriel/engines/UnrealEngine/Engine/Source/ThirdParty/ShaderConductor/ShaderConductor/External/DirectXShaderCompiler/lib/HLSL/HLSignatureLower.h,2,0,2
/media/ullmann/HDDGabriel/engines/UnrealEngine/Engine/Source/ThirdParty/FreeType2/FreeType2-2.10.0/src/raster/ftrend1.c,1,3,4
/media/ullmann/HDDGabriel/engines/UnrealEngine/Engine/Source/ThirdParty/FreeType2/FreeType2-2.10.0/src/raster/ftrend1.h,1,0,1
/media/ullmann/HDDGabriel/engines/UnrealEngine/Engine/Source/ThirdParty/MCPP/mcpp-2.7.2/cpp-test/test-l/nest65.h,1,1,2
/media/ullmann/HDDGabriel/engines/UnrealEngine/Engine/Source/Editor/DeviceProfileEditor/Private/DeviceProfileConsoleVariableColumn.cpp,0,1,1
/media/ullmann/HDDGabriel/engines/UnrealEngine/Engine/Source/Editor/SubobjectDataInterface/Public/BaseSubobjectDataFactory.h,0,1,1
/media/ullmann/HDDGabriel/engines/UnrealEngine/Engine/Source/ThirdParty/PhysX3/APEX_1.4/shared/general/meshimport/src/utils/MiFloatMath.cpp,0,1,1
/media/ullmann/HDDGabriel/engines/UnrealEngine/Engine/Source/ThirdParty/PhysX3/APEX_1.4/shared/general/meshimport/src/utils/MiFloatMath.inl,1,0,1
/media/ullmann/HDDGabriel/engines/UnrealEngine/Engine/Source/ThirdParty/FontConfig/fontconfig-2.13.94/src/ftglue.c,0,1,1
/media/ullmann/HDDGabriel/engines/UnrealEngine/Engine/Source/Runtime/Renderer/Public/ShaderPrintParameters.h,1,0,1
/media/ullmann/HDDGabriel/engines/UnrealEngine/Engine/Source/ThirdParty/libOpus/opus-1.0.3/silk/NLSF_unpack.c,0,1,1
/media/ullmann/HDDGabriel/engines/UnrealEngine/Engine/Source/Runtime/CoreUObject/Public/UObject/UObjectHash.h,1,0,1
/media/ullmann/HDDGabriel/engines/UnrealEngine/Engine/Source/ThirdParty/Imath/Imath-3.1.3/src/ImathTest/testJacobiEigenSolver.h,1,0,1
/media/ullmann/HDDGabriel/engines/UnrealEngine/Engine/Source/ThirdParty/OpenSubdiv/OpenSubdiv-3.4.4/opensubdiv/hbr/subdivision.h,3,1,4
/media/ullmann/HDDGabriel/engines/UnrealEngine/Engine/Source/ThirdParty/PhysX3/APEX_1.4/module/clothing/include/Cooking.h,0,1,1
/media/ullmann/HDDGabriel/engines/UnrealEngine/Engine/Source/ThirdParty/PhysX3/APEX_1.4/module/clothing/include/CookingAbstract.h,2,0,2
/media/ullmann/HDDGabriel/engines/UnrealEngine/Engine/Source/ThirdParty/OpenSubdiv/OpenSubdiv-3.4.4/regression/shapes/catmark_square_hedit4.h,1,0,1
/media/ullmann/HDDGabriel/engines/UnrealEngine/Engine/Source/Editor/BehaviorTreeEditor/Classes/BehaviorTreeGraphNode_Task.h,1,1,2
/media/ullmann/HDDGabriel/engines/UnrealEngine/Engine/Source/Runtime/Experimental/Chaos/Public/Chaos/SpatialAccelerationCollection.h,0,1,1
/media/ullmann/HDDGabriel/engines/UnrealEngine/Engine/Source/ThirdParty/WebRTC/4147/Include/rtc_base/async_invoker.h,0,1,1
/media/ullmann/HDDGabriel/engines/UnrealEngine/Engine/Source/ThirdParty/PhysX3/APEX_1.4/module/clothing_legacy/include/autogen/ClothingGraphicalLodParameters_0p0.h,1,0,1
/media/ullmann/HDDGabriel/engines/UnrealEngine/Engine/Source/ThirdParty/ShaderConductor/ShaderConductor/External/DirectXShaderCompiler/tools/clang/lib/ARCMigrate/Transforms.cpp,0,2,2
/media/ullmann/HDDGabriel/engines/UnrealEngine/Engine/Source/ThirdParty/Python3/Linux/include/python3.9/patchlevel.h,1,0,1
/media/ullmann/HDDGabriel/engines/UnrealEngine/Engine/Source/Editor/PlacementMode/Private/PlacementModeModule.cpp,0,1,1
/media/ullmann/HDDGabriel/engines/UnrealEngine/Engine/Source/ThirdParty/ICU/icu4c-64_1/source/test/cintltst/cpluralrulestest.c,0,1,1
/media/ullmann/HDDGabriel/engines/UnrealEngine/Engine/Source/ThirdParty/libOpus/opus-1.3.1-12/celt/x86/x86cpu.c,0,1,1
/media/ullmann/HDDGabriel/engines/UnrealEngine/Engine/Source/Runtime/WebBrowser/Public/SWebBrowser.h,1,1,2
/media/ullmann/HDDGabriel/engines/UnrealEngine/Engine/Source/ThirdParty/SDL2/SDL-gui-backend/include/SDL_config_winrt.h,1,1,2
/media/ullmann/HDDGabriel/engines/UnrealEngine/Engine/Source/ThirdParty/libOpus/opus-1.1/silk/decode_core.c,0,1,1
/media/ullmann/HDDGabriel/engines/UnrealEngine/Engine/Source/ThirdParty/PhysX3/APEX_1.4/module/framework_legacy/include/autogen/BufferU32x2_0p0.h,1,0,1
/media/ullmann/HDDGabriel/engines/UnrealEngine/Engine/Source/ThirdParty/ShaderConductor/ShaderConductor/External/DirectXShaderCompiler/tools/clang/lib/Sema/SemaTemplate.cpp,0,1,1
/media/ullmann/HDDGabriel/engines/UnrealEngine/Engine/Source/Editor/Persona/Private/SAnimTrackPanel.cpp,0,1,1
/media/ullmann/HDDGabriel/engines/UnrealEngine/Engine/Source/ThirdParty/OpenSubdiv/OpenSubdiv-3.4.4/regression/shapes/loop_pole360.h,1,0,1
/media/ullmann/HDDGabriel/engines/UnrealEngine/Engine/Source/Runtime/MovieScene/Public/EntitySystem/MovieSceneComponentAccessors.h,0,1,1
/media/ullmann/HDDGabriel/engines/UnrealEngine/Engine/Source/ThirdParty/PhysX3/NvCloth/samples/SampleBase/core/SampleManager.h,2,1,3
/media/ullmann/HDDGabriel/engines/UnrealEngine/Engine/Source/Runtime/Experimental/Chaos/Public/Chaos/PhysicalMaterials.h,1,0,1
/media/ullmann/HDDGabriel/engines/UnrealEngine/Engine/Source/ThirdParty/Python3/Linux/include/python3.9/cpython/pymem.h,1,0,1
/media/ullmann/HDDGabriel/engines/UnrealEngine/Engine/Source/Runtime/SlateCore/Public/Brushes/SlateDynamicImageBrush.h,1,0,1
/media/ullmann/HDDGabriel/engines/UnrealEngine/Engine/Source/Runtime/Core/Public/Containers/TransArray.h,1,0,1
/media/ullmann/HDDGabriel/engines/UnrealEngine/Engine/Source/ThirdParty/FreeType2/FreeType2-2.6/Src/sfnt/ttpost.h,2,0,2
/media/ullmann/HDDGabriel/engines/UnrealEngine/Engine/Source/ThirdParty/SDL2/SDL-gui-backend/src/locale/emscripten/SDL_syslocale.c,0,2,2
/media/ullmann/HDDGabriel/engines/UnrealEngine/Engine/Source/ThirdParty/WebRTC/4147/Include/third_party/opus/src/celt/x86/pitch_sse.h,1,0,1
/media/ullmann/HDDGabriel/engines/UnrealEngine/Engine/Source/Editor/BehaviorTreeEditor/Private/SGraphNode_Decorator.cpp,0,1,1
/media/ullmann/HDDGabriel/engines/UnrealEngine/Engine/Source/ThirdParty/nvTriStrip/nvTriStrip-1.0.0/Src/NvTriStrip.cpp,0,2,2
/media/ullmann/HDDGabriel/engines/UnrealEngine/Engine/Source/ThirdParty/nvTriStrip/nvTriStrip-1.0.0/Src/NvTriStrip.h,1,0,1
/media/ullmann/HDDGabriel/engines/UnrealEngine/Engine/Source/Runtime/CoreUObject/Public/UObject/NoExportTypes.h,0,1,1
/media/ullmann/HDDGabriel/engines/UnrealEngine/Engine/Source/Runtime/ApplicationCore/Public/GenericPlatform/ICursor.h,2,0,2
/media/ullmann/HDDGabriel/engines/UnrealEngine/Engine/Source/Developer/Apple/MetalShaderFormat/Private/MetalShaderCompiler.cpp,0,3,3
/media/ullmann/HDDGabriel/engines/UnrealEngine/Engine/Source/ThirdParty/libWebSockets/libwebsockets/include/Unix/x86_64-unknown-linux-gnu/libwebsockets.h,0,1,1
/media/ullmann/HDDGabriel/engines/UnrealEngine/Engine/Source/ThirdParty/libWebSockets/libwebsockets/include/Unix/x86_64-unknown-linux-gnu/lws_config.h,1,0,1
/media/ullmann/HDDGabriel/engines/UnrealEngine/Engine/Source/ThirdParty/libOpus/opus-1.0.3/celt/fixed_generic.h,1,0,1
/media/ullmann/HDDGabriel/engines/UnrealEngine/Engine/Source/Editor/DetailCustomizations/Private/SoundBaseDetails.cpp,0,1,1
/media/ullmann/HDDGabriel/engines/UnrealEngine/Engine/Source/ThirdParty/ICU/icu4c-53_1/source/common/ucol_swp.h,2,2,4
/media/ullmann/HDDGabriel/engines/UnrealEngine/Engine/Source/ThirdParty/OpenSubdiv/OpenSubdiv-3.4.4/regression/shapes/catmark_fvar_bound3.h,1,0,1
/media/ullmann/HDDGabriel/engines/UnrealEngine/Engine/Source/ThirdParty/SDL2/SDL-gui-backend/src/events/default_cursor.h,2,0,2
/media/ullmann/HDDGabriel/engines/UnrealEngine/Engine/Source/ThirdParty/ICU/icu4c-53_1/source/test/intltest/tzbdtest.cpp,0,1,1
/media/ullmann/HDDGabriel/engines/UnrealEngine/Engine/Source/ThirdParty/Crunch/src/crnlib/crn_hash_map.cpp,0,3,3
/media/ullmann/HDDGabriel/engines/UnrealEngine/Engine/Source/Runtime/Online/BuildPatchServices/Private/Installer/Statistics/MemoryChunkStoreStatistics.h,1,0,1
/media/ullmann/HDDGabriel/engines/UnrealEngine/Engine/Source/ThirdParty/Python3/Mac/include/cpython/bytearrayobject.h,1,0,1
/media/ullmann/HDDGabriel/engines/UnrealEngine/Engine/Source/ThirdParty/FBX/2020.2/include/fbxsdk/core/base/fbxstatus.h,1,0,1
/media/ullmann/HDDGabriel/engines/UnrealEngine/Engine/Source/ThirdParty/Intel/ISPC/ispc-1.17.0/examples/xpu/sgemm/main.cpp,0,2,2
/media/ullmann/HDDGabriel/engines/UnrealEngine/Engine/Source/ThirdParty/Intel/Embree/Embree2140/src/common/sys/mutex.cpp,0,3,3
/media/ullmann/HDDGabriel/engines/UnrealEngine/Engine/Source/ThirdParty/FakeIt/2.0.2/tests/remove_const_volatile_tests.cpp,0,1,1
/media/ullmann/HDDGabriel/engines/UnrealEngine/Engine/Source/ThirdParty/ShaderConductor/ShaderConductor/External/DirectXShaderCompiler/lib/Support/Program.cpp,0,2,2
/media/ullmann/HDDGabriel/engines/UnrealEngine/Engine/Source/ThirdParty/ShaderConductor/ShaderConductor/External/DirectXShaderCompiler/lib/Support/Unix/Program.inc,1,0,1
/media/ullmann/HDDGabriel/engines/UnrealEngine/Engine/Source/ThirdParty/PhysX3/APEX_1.4/module/destructible_legacy/include/autogen/DestructibleAssetParameters_0p2.h,1,0,1
/media/ullmann/HDDGabriel/engines/UnrealEngine/Engine/Source/ThirdParty/ICU/icu4c-64_1/source/i18n/rbt.cpp,0,4,4
/media/ullmann/HDDGabriel/engines/UnrealEngine/Engine/Source/ThirdParty/Imath/Imath-3.1.3/src/Imath/halfFunction.h,0,1,1
/media/ullmann/HDDGabriel/engines/UnrealEngine/Engine/Source/ThirdParty/Crunch/src/example2/example2.cpp,0,1,1
/media/ullmann/HDDGabriel/engines/UnrealEngine/Engine/Source/ThirdParty/Crunch/src/example2/timer.h,2,0,2
/media/ullmann/HDDGabriel/engines/UnrealEngine/Engine/Source/ThirdParty/PhysX3/APEX_1.4/module/destructible/include/autogen/MeshCookedCollisionStreamsAtScale.h,1,0,1
/media/ullmann/HDDGabriel/engines/UnrealEngine/Engine/Source/ThirdParty/EOSSDK/SDK/Bin/IOS/EOSSDK.framework/Headers/eos_reports.h,0,1,1
/media/ullmann/HDDGabriel/engines/UnrealEngine/Engine/Source/Runtime/UMG/Public/Components/Widget.h,2,0,2
/media/ullmann/HDDGabriel/engines/UnrealEngine/Engine/Source/ThirdParty/ICU/icu4c-64_1/source/test/perf/leperf/xmlreader.cpp,0,1,1
/media/ullmann/HDDGabriel/engines/UnrealEngine/Engine/Source/ThirdParty/ICU/icu4c-64_1/source/test/perf/leperf/xmlreader.h,1,0,1
/media/ullmann/HDDGabriel/engines/UnrealEngine/Engine/Source/ThirdParty/openexr/openexr-3.1.1/src/lib/OpenEXR/ImfDeepImageStateAttribute.cpp,0,1,1
/media/ullmann/HDDGabriel/engines/UnrealEngine/Engine/Source/Runtime/UMG/Public/Components/NamedSlot.h,1,0,1
/media/ullmann/HDDGabriel/engines/UnrealEngine/Engine/Source/Editor/BehaviorTreeEditor/Classes/BehaviorTreeGraphNode_SubtreeTask.h,0,1,1
/media/ullmann/HDDGabriel/engines/UnrealEngine/Engine/Source/ThirdParty/Python3/Win64/include/cpython/methodobject.h,1,0,1
/media/ullmann/HDDGabriel/engines/UnrealEngine/Engine/Source/ThirdParty/ShaderConductor/ShaderConductor/External/DirectXShaderCompiler/lib/Transforms/InstCombine/InstCombineMulDivRem.cpp,0,1,1
/media/ullmann/HDDGabriel/engines/UnrealEngine/Engine/Source/Editor/Kismet/Private/SBlueprintFavoritesPalette.cpp,0,1,1
/media/ullmann/HDDGabriel/engines/UnrealEngine/Engine/Source/Runtime/CrashReportCore/Public/Mac/MacErrorReport.h,1,1,2
/media/ullmann/HDDGabriel/engines/UnrealEngine/Engine/Source/Editor/WorldBrowser/Private/SWorldHierarchy.h,3,0,3
/media/ullmann/HDDGabriel/engines/UnrealEngine/Engine/Source/ThirdParty/PhysX3/PhysX_3.4/Source/Common/src/CmSpatialVector.h,0,1,1
/media/ullmann/HDDGabriel/engines/UnrealEngine/Engine/Source/Editor/StaticMeshEditor/Public/StaticMeshEditorSubsystem.h,0,1,1
/media/ullmann/HDDGabriel/engines/UnrealEngine/Engine/Source/Editor/StaticMeshEditor/Public/StaticMeshEditorSubsystemHelpers.h,1,0,1
/media/ullmann/HDDGabriel/engines/UnrealEngine/Engine/Source/ThirdParty/CEF3/cef_binary_84.4.0+g304e015+chromium-84.0.4147.105_macosx64/tests/ceftests/os_rendering_unittest.cc,0,1,1
/media/ullmann/HDDGabriel/engines/UnrealEngine/Engine/Source/Runtime/AnimGraphRuntime/Public/CommonAnimationTypes.h,2,0,2
/media/ullmann/HDDGabriel/engines/UnrealEngine/Engine/Source/ThirdParty/glslang/glslang/src/glslang_lib/glslang/MachineIndependent/reflection.cpp,0,5,5
/media/ullmann/HDDGabriel/engines/UnrealEngine/Engine/Source/ThirdParty/ShaderConductor/ShaderConductor/External/DirectXShaderCompiler/tools/llvm-diff/DiffConsumer.cpp,0,1,1
/media/ullmann/HDDGabriel/engines/UnrealEngine/Engine/Source/ThirdParty/FreeImage/FreeImage-3.18.0/Source/LibOpenJPEG/pi.h,1,0,1
/media/ullmann/HDDGabriel/engines/UnrealEngine/Engine/Source/ThirdParty/CryptoPP/5.6.2/include/gf256.cpp,0,2,2
/media/ullmann/HDDGabriel/engines/UnrealEngine/Engine/Source/Runtime/D3D12RHI/Public/D3D12ConstantBuffer.h,1,0,1
/media/ullmann/HDDGabriel/engines/UnrealEngine/Engine/Source/ThirdParty/FreeImage/FreeImage-3.18.0/Source/LibPNG/pngwrite.c,0,1,1
/media/ullmann/HDDGabriel/engines/UnrealEngine/Engine/Source/ThirdParty/ShaderConductor/ShaderConductor/External/DirectXShaderCompiler/lib/ExecutionEngine/Interpreter/ExternalFunctions.cpp,0,1,1
/media/ullmann/HDDGabriel/engines/UnrealEngine/Engine/Source/Editor/ContentBrowser/Private/DragDropHandler.cpp,0,2,2
/media/ullmann/HDDGabriel/engines/UnrealEngine/Engine/Source/ThirdParty/FreeImage/FreeImage-3.18.0/Source/LibJPEG/jdhuff.c,0,2,2
/media/ullmann/HDDGabriel/engines/UnrealEngine/Engine/Source/Runtime/OpenGLDrv/Private/OpenGLShaders.cpp,0,1,1
/media/ullmann/HDDGabriel/engines/UnrealEngine/Engine/Source/ThirdParty/SpeedTree/SpeedTreeSDK-v7.0/Source/Core/Source/SharedHeapBlock.h,1,0,1
/media/ullmann/HDDGabriel/engines/UnrealEngine/Engine/Source/Developer/ProjectLauncher/Private/Widgets/Deploy/SProjectLauncherDeployTargets.cpp,0,1,1
/media/ullmann/HDDGabriel/engines/UnrealEngine/Engine/Source/Developer/ProjectLauncher/Private/Widgets/Deploy/SProjectLauncherDeployTargets.h,1,0,1
/media/ullmann/HDDGabriel/engines/UnrealEngine/Engine/Source/Editor/AddContentDialog/Private/ViewModels/AddContentWidgetViewModel.h,1,0,1
/media/ullmann/HDDGabriel/engines/UnrealEngine/Engine/Source/ThirdParty/ShaderConductor/ShaderConductor/External/DirectXShaderCompiler/tools/clang/unittests/Tooling/RecursiveASTVisitorTestTypeLocVisitor.cpp,0,1,1
/media/ullmann/HDDGabriel/engines/UnrealEngine/Engine/Source/Editor/ViewportInteraction/ViewportInteractionModule.cpp,0,1,1
/media/ullmann/HDDGabriel/engines/UnrealEngine/Engine/Source/Editor/ViewportInteraction/ViewportInteractionModule.h,1,0,1
/media/ullmann/HDDGabriel/engines/UnrealEngine/Engine/Source/ThirdParty/FreeImage/FreeImage-3.18.0/Source/FreeImage/Plugin.cpp,0,1,1
/media/ullmann/HDDGabriel/engines/UnrealEngine/Engine/Source/ThirdParty/PhysX3/APEX_1.4/NvParameterized/src/NvTraits.cpp,0,1,1
/media/ullmann/HDDGabriel/engines/UnrealEngine/Engine/Source/ThirdParty/PhysX3/APEX_1.4/NvParameterized/src/NvTraits.h,1,0,1
/media/ullmann/HDDGabriel/engines/UnrealEngine/Engine/Source/Developer/RigVMDeveloper/Public/RigVMPythonUtils.h,0,1,1
/media/ullmann/HDDGabriel/engines/UnrealEngine/Engine/Source/ThirdParty/Oculus/LibOVRPlatform/LibOVRPlatform/include/OVR_UserPresenceStatus.h,1,1,2
/media/ullmann/HDDGabriel/engines/UnrealEngine/Engine/Source/Runtime/Renderer/Private/HairStrands/HairStrandsTransmittance.h,2,0,2
/media/ullmann/HDDGabriel/engines/UnrealEngine/Engine/Source/ThirdParty/OpenVDB/openvdb-8.1.0/openvdb/openvdb/math/Half.cc,0,1,1
/media/ullmann/HDDGabriel/engines/UnrealEngine/Engine/Source/ThirdParty/OpenVDB/openvdb-8.1.0/openvdb/openvdb/math/Half.h,2,0,2
/media/ullmann/HDDGabriel/engines/UnrealEngine/Engine/Source/ThirdParty/SDL2/SDL-gui-backend/src/filesystem/haiku/SDL_sysfilesystem.cc,0,1,1
/media/ullmann/HDDGabriel/engines/UnrealEngine/Engine/Source/Programs/HeadlessChaos/Public/HeadlessChaosTestMostOpposing.h,0,1,1
/media/ullmann/HDDGabriel/engines/UnrealEngine/Engine/Source/Editor/BehaviorTreeEditor/Private/AssetTypeActions_Blackboard.cpp,0,1,1
/media/ullmann/HDDGabriel/engines/UnrealEngine/Engine/Source/ThirdParty/PhysX3/PhysX_3.4/Source/SimulationController/src/ScBodyCore.cpp,0,1,1
/media/ullmann/HDDGabriel/engines/UnrealEngine/Engine/Source/Editor/DetailCustomizations/Private/SkeletalMeshComponentDetails.h,2,0,2
/media/ullmann/HDDGabriel/engines/UnrealEngine/Engine/Source/Editor/UnrealEd/Private/Cooker/AsyncIODeleteTest.cpp,0,1,1
/media/ullmann/HDDGabriel/engines/UnrealEngine/Engine/Source/Runtime/MediaUtils/Public/MediaPlayerFacade.h,0,3,3
/media/ullmann/HDDGabriel/engines/UnrealEngine/Engine/Source/Runtime/CoreUObject/Public/Serialization/DuplicatedDataReader.h,1,0,1
/media/ullmann/HDDGabriel/engines/UnrealEngine/Engine/Source/Editor/AudioEditor/Private/SoundModulationDestinationLayout.cpp,0,1,1
/media/ullmann/HDDGabriel/engines/UnrealEngine/Engine/Source/ThirdParty/openexr/openexr-3.1.1/src/lib/IlmThread/IlmThreadMutex.h,0,2,2
/media/ullmann/HDDGabriel/engines/UnrealEngine/Engine/Source/Developer/AutomationWindow/Private/SAutomationTestTreeView.h,1,0,1
/media/ullmann/HDDGabriel/engines/UnrealEngine/Engine/Source/Runtime/Experimental/ChaosVehicles/ChaosVehiclesCore/Public/TransmissionUtility.h,0,1,1
/media/ullmann/HDDGabriel/engines/UnrealEngine/Engine/Source/ThirdParty/libOpus/opus-1.3.1-12/silk/code_signs.c,0,1,1
/media/ullmann/HDDGabriel/engines/UnrealEngine/Engine/Source/ThirdParty/HWCPipe/include/value.h,2,0,2
/media/ullmann/HDDGabriel/engines/UnrealEngine/Engine/Source/ThirdParty/libPNG/libPNG-1.5.2/pngwutil.c,0,1,1
/media/ullmann/HDDGabriel/engines/UnrealEngine/Engine/Source/ThirdParty/CryptoPP/5.6.2/include/bfinit.cpp,0,2,2
/media/ullmann/HDDGabriel/engines/UnrealEngine/Engine/Source/ThirdParty/EOSSDK/SDK/Bin/Android/include/eos_leaderboards_types_deprecated.inl,1,0,1
/media/ullmann/HDDGabriel/engines/UnrealEngine/Engine/Source/ThirdParty/FreeImage/FreeImage-3.18.0/Source/LibJXR/image/decode/decode.c,0,1,1
/media/ullmann/HDDGabriel/engines/UnrealEngine/Engine/Source/ThirdParty/ShaderConductor/ShaderConductor/External/DirectXShaderCompiler/tools/clang/lib/StaticAnalyzer/Checkers/CheckObjCDealloc.cpp,0,1,1
/media/ullmann/HDDGabriel/engines/UnrealEngine/Engine/Source/ThirdParty/Boost/boost-1_70_0/include/boost/tti/has_member_function.hpp,1,0,1
/media/ullmann/HDDGabriel/engines/UnrealEngine/Engine/Source/Runtime/Renderer/Private/DecalRenderingCommon.cpp,0,1,1
/media/ullmann/HDDGabriel/engines/UnrealEngine/Engine/Source/ThirdParty/ICU/icu4c-64_1/source/test/intltest/simplethread.cpp,0,2,2
/media/ullmann/HDDGabriel/engines/UnrealEngine/Engine/Source/Editor/Experimental/RemoteExecution/Public/RemoteMessages.h,0,1,1
/media/ullmann/HDDGabriel/engines/UnrealEngine/Engine/Source/Editor/Experimental/RemoteExecution/Public/IRemoteMessage.h,1,0,1
/media/ullmann/HDDGabriel/engines/UnrealEngine/Engine/Source/ThirdParty/PhysX3/APEX_1.4/module/clothing_legacy/include/autogen/ClothingGraphicalLodParameters_0p1.h,1,0,1
/media/ullmann/HDDGabriel/engines/UnrealEngine/Engine/Source/ThirdParty/ICU/icu4c-64_1/source/tools/gentest/gentest.c,0,1,1
/media/ullmann/HDDGabriel/engines/UnrealEngine/Engine/Source/Runtime/Datasmith/DatasmithCore/Private/DatasmithVariantElementsImpl.h,1,1,2
/media/ullmann/HDDGabriel/engines/UnrealEngine/Engine/Source/ThirdParty/ICU/icu4c-64_1/source/i18n/numparse_symbols.cpp,0,3,3
/media/ullmann/HDDGabriel/engines/UnrealEngine/Engine/Source/ThirdParty/FreeImage/FreeImage-3.18.0/Source/LibJXR/image/sys/strTransform.c,0,1,1
/media/ullmann/HDDGabriel/engines/UnrealEngine/Engine/Source/Runtime/Core/Public/Templates/ScopedCallback.h,1,0,1
/media/ullmann/HDDGabriel/engines/UnrealEngine/Engine/Source/ThirdParty/Python3/Win64/include/patchlevel.h,1,0,1
/media/ullmann/HDDGabriel/engines/UnrealEngine/Engine/Source/ThirdParty/ShaderConductor/ShaderConductor/External/DirectXShaderCompiler/lib/Support/CrashRecoveryContext.cpp,0,1,1
/media/ullmann/HDDGabriel/engines/UnrealEngine/Engine/Source/Editor/PropertyEditor/Private/UserInterface/PropertyEditor/SPropertyEditorSceneDepthPicker.h,1,0,1
/media/ullmann/HDDGabriel/engines/UnrealEngine/Engine/Source/Runtime/AnimGraphRuntime/Public/SequencerAnimationSupport.h,2,0,2
/media/ullmann/HDDGabriel/engines/UnrealEngine/Engine/Source/ThirdParty/EOSSDK/SDK/Include/eos_stats.h,0,1,1
/media/ullmann/HDDGabriel/engines/UnrealEngine/Engine/Source/ThirdParty/ICU/icu4c-53_1/source/i18n/currunit.cpp,0,1,1
/media/ullmann/HDDGabriel/engines/UnrealEngine/Engine/Source/ThirdParty/Vulkan/Include/vulkan/vk_icd.h,0,1,1
/media/ullmann/HDDGabriel/engines/UnrealEngine/Engine/Source/ThirdParty/libstrophe/libstrophe-0.9.3/tests/test_sha1.c,0,1,1
/media/ullmann/HDDGabriel/engines/UnrealEngine/Engine/Source/Runtime/Overlay/Public/BasicOverlays.h,0,1,1
/media/ullmann/HDDGabriel/engines/UnrealEngine/Engine/Source/Runtime/Slate/Private/Framework/Docking/SDockingTabStack.h,1,1,2
/media/ullmann/HDDGabriel/engines/UnrealEngine/Engine/Source/ThirdParty/openexr/openexr-3.1.1/src/test/OpenEXRTest/testYca.h,1,0,1
/media/ullmann/HDDGabriel/engines/UnrealEngine/Engine/Source/ThirdParty/Distorm/src/textdefs.c,0,1,1
/media/ullmann/HDDGabriel/engines/UnrealEngine/Engine/Source/ThirdParty/Distorm/src/textdefs.h,2,2,4
/media/ullmann/HDDGabriel/engines/UnrealEngine/Engine/Source/Runtime/MessagingRpc/Private/MessagingRpcModule.cpp,0,1,1
/media/ullmann/HDDGabriel/engines/UnrealEngine/Engine/Source/ThirdParty/libOpus/opus-1.1/silk/control_codec.c,0,2,2
/media/ullmann/HDDGabriel/engines/UnrealEngine/Engine/Source/Editor/BlueprintGraph/Classes/K2Node_SwitchInteger.h,0,1,1
/media/ullmann/HDDGabriel/engines/UnrealEngine/Engine/Source/ThirdParty/ICU/icu4c-64_1/source/i18n/numparse_stringsegment.cpp,0,2,2
/media/ullmann/HDDGabriel/engines/UnrealEngine/Engine/Source/Developer/Datasmith/DatasmithFacade/Public/DatasmithFacadeKeyValueProperty.h,0,1,1
/media/ullmann/HDDGabriel/engines/UnrealEngine/Engine/Source/ThirdParty/FreeImage/FreeImage-3.18.0/Source/LibJXR/image/x86/x86.h,1,0,1
/media/ullmann/HDDGabriel/engines/UnrealEngine/Engine/Source/Developer/RigVMDeveloper/Public/RigVMModel/RigVMController.h,1,2,3
/media/ullmann/HDDGabriel/engines/UnrealEngine/Engine/Source/ThirdParty/libcurl/curl-7.55.1/include/Win32/VS2015/curl/curlver.h,1,0,1
/media/ullmann/HDDGabriel/engines/UnrealEngine/Engine/Source/ThirdParty/rpclib/Source/include/rpc/msgpack/cpp_config.hpp,1,0,1
/media/ullmann/HDDGabriel/engines/UnrealEngine/Engine/Source/ThirdParty/ICU/icu4c-53_1/source/test/intltest/svccoll.cpp,0,1,1
/media/ullmann/HDDGabriel/engines/UnrealEngine/Engine/Source/ThirdParty/Intel/Embree/Embree2140/Linux/x86_64-unknown-linux-gnu/include/embree2/rtcore_ray.h,0,1,1
/media/ullmann/HDDGabriel/engines/UnrealEngine/Engine/Source/Editor/Persona/Private/SPersonaDetails.cpp,0,1,1
/media/ullmann/HDDGabriel/engines/UnrealEngine/Engine/Source/Editor/Persona/Private/SPersonaDetails.h,2,0,2
/media/ullmann/HDDGabriel/engines/UnrealEngine/Engine/Source/ThirdParty/libOpus/opus-1.3.1-12/src/opus_decoder.c,0,1,1
/media/ullmann/HDDGabriel/engines/UnrealEngine/Engine/Source/Editor/DataLayerEditor/Private/DataLayer/DataLayerPropertyTypeCustomizationHelper.cpp,0,1,1
/media/ullmann/HDDGabriel/engines/UnrealEngine/Engine/Source/ThirdParty/PLCrashReporter/PLCrashReporter/Source/PLCrashAsyncMachOString.c,0,1,1
/media/ullmann/HDDGabriel/engines/UnrealEngine/Engine/Source/ThirdParty/PhysX3/PhysX_3.4/Source/SimulationController/src/ScElementInteractionMarker.cpp,0,2,2
/media/ullmann/HDDGabriel/engines/UnrealEngine/Engine/Source/Editor/BlueprintGraph/Classes/K2Node_GetInputVectorAxisValue.h,0,1,1
/media/ullmann/HDDGabriel/engines/UnrealEngine/Engine/Source/ThirdParty/PhysX3/APEX_1.4/module/destructible/include/DestructibleAssetImpl.h,3,0,3
/media/ullmann/HDDGabriel/engines/UnrealEngine/Engine/Source/ThirdParty/ICU/icu4c-64_1/source/test/intltest/locnmtst.cpp,0,1,1
/media/ullmann/HDDGabriel/engines/UnrealEngine/Engine/Source/ThirdParty/PhysX3/APEX_1.4/module/clothing/src/simd/scalar/NvScalarSimdTypes.h,1,0,1
/media/ullmann/HDDGabriel/engines/UnrealEngine/Engine/Source/ThirdParty/PhysX3/PhysX_3.4/Source/GeomUtils/src/contact/GuContactPolygonPolygon.cpp,0,1,1
/media/ullmann/HDDGabriel/engines/UnrealEngine/Engine/Source/ThirdParty/ShaderConductor/ShaderConductor/External/DirectXShaderCompiler/lib/Support/regcclass.h,1,0,1
/media/ullmann/HDDGabriel/engines/UnrealEngine/Engine/Source/Developer/SlateReflector/Private/Widgets/SWidgetReflectorToolTipWidget.cpp,0,1,1
/media/ullmann/HDDGabriel/engines/UnrealEngine/Engine/Source/Developer/SlateReflector/Private/Widgets/SWidgetReflectorToolTipWidget.h,1,0,1
/media/ullmann/HDDGabriel/engines/UnrealEngine/Engine/Source/ThirdParty/HarfBuzz/harfbuzz-2.4.0/src/hb-ot-cff1-table.cc,0,2,2
/media/ullmann/HDDGabriel/engines/UnrealEngine/Engine/Source/Editor/UnrealEd/Private/Bookmarks/BookMark2DTypeActions.h,1,0,1
/media/ullmann/HDDGabriel/engines/UnrealEngine/Engine/Source/Programs/Enterprise/Datasmith/DatasmithNavisworksExporter/DatasmithNavisworksUtil/TriangleReaderNative.cpp,0,1,1
/media/ullmann/HDDGabriel/engines/UnrealEngine/Engine/Source/Programs/Enterprise/Datasmith/DatasmithNavisworksExporter/DatasmithNavisworksUtil/TriangleReaderNative.h,2,0,2
/media/ullmann/HDDGabriel/engines/UnrealEngine/Engine/Source/Runtime/BinkAudioDecoder/SDK/BinkAudio/Src/crsfade.inl,1,0,1
/media/ullmann/HDDGabriel/engines/UnrealEngine/Engine/Source/Developer/GameplayDebugger/Private/GameplayDebuggerConfig.cpp,0,1,1
/media/ullmann/HDDGabriel/engines/UnrealEngine/Engine/Source/Runtime/CoreUObject/Public/Serialization/DuplicatedObject.h,1,0,1
/media/ullmann/HDDGabriel/engines/UnrealEngine/Engine/Source/ThirdParty/glslang/glslang/src/glslang_exe/StandAlone/DirStackFileIncluder.h,1,0,1
/media/ullmann/HDDGabriel/engines/UnrealEngine/Engine/Source/ThirdParty/Steamworks/Steamv147/sdk/public/steam/steam_api_internal.h,1,0,1
/media/ullmann/HDDGabriel/engines/UnrealEngine/Engine/Source/ThirdParty/WebRTC/4147/Include/base/third_party/double_conversion/double-conversion/cached-powers.h,0,1,1
/media/ullmann/HDDGabriel/engines/UnrealEngine/Engine/Source/ThirdParty/PhysX3/PhysX_3.4/Source/SceneQuery/src/SqAABBTree.cpp,0,2,2
/media/ullmann/HDDGabriel/engines/UnrealEngine/Engine/Source/ThirdParty/CryptoPP/5.6.2/include/pch.cpp,0,1,1
/media/ullmann/HDDGabriel/engines/UnrealEngine/Engine/Source/ThirdParty/libOpus/opus-1.1/silk/float/regularize_correlations_FLP.c,0,1,1
/media/ullmann/HDDGabriel/engines/UnrealEngine/Engine/Source/Runtime/D3D12RHI/Private/D3D12Texture.h,1,0,1
/media/ullmann/HDDGabriel/engines/UnrealEngine/Engine/Source/ThirdParty/libOpus/opus-1.3.1-12/silk/fixed/find_LPC_FIX.c,0,1,1
/media/ullmann/HDDGabriel/engines/UnrealEngine/Engine/Source/ThirdParty/ShaderConductor/ShaderConductor/External/DirectXShaderCompiler/tools/clang/lib/SPIRV/SortDebugInfoVisitor.cpp,0,1,1
/media/ullmann/HDDGabriel/engines/UnrealEngine/Engine/Source/ThirdParty/WebRTC/4147/Include/tools/clang/blink_gc_plugin/tests/class_overrides_new.h,0,1,1
/media/ullmann/HDDGabriel/engines/UnrealEngine/Engine/Source/ThirdParty/PhysX3/APEX_1.4/module/destructible_legacy/include/autogen/DestructibleActorParam_0p10.h,1,0,1
/media/ullmann/HDDGabriel/engines/UnrealEngine/Engine/Source/Runtime/SignalProcessing/Public/SampleBuffer.h,0,1,1
/media/ullmann/HDDGabriel/engines/UnrealEngine/Engine/Source/Editor/DerivedDataEditor/Public/DerivedDataEditorModule.h,0,1,1
/media/ullmann/HDDGabriel/engines/UnrealEngine/Engine/Source/Editor/DerivedDataEditor/Public/IDerivedDataCacheNotifications.h,1,0,1
/media/ullmann/HDDGabriel/engines/UnrealEngine/Engine/Source/Editor/Layers/Private/LayerCollectionViewModel.cpp,0,3,3
/media/ullmann/HDDGabriel/engines/UnrealEngine/Engine/Source/Editor/PhysicsAssetEditor/Private/PhysicsAssetGraph/SBoneNode.cpp,0,2,2
/media/ullmann/HDDGabriel/engines/UnrealEngine/Engine/Source/Runtime/Experimental/Chaos/Public/PhysicsCoreTypes.h,1,0,1
/media/ullmann/HDDGabriel/engines/UnrealEngine/Engine/Source/ThirdParty/Boost/boost-1_70_0/include/boost/foreach.hpp,0,1,1
/media/ullmann/HDDGabriel/engines/UnrealEngine/Engine/Source/ThirdParty/ShaderConductor/ShaderConductor/External/DirectXShaderCompiler/tools/clang/lib/CodeGen/CGCleanup.cpp,0,2,2
/media/ullmann/HDDGabriel/engines/UnrealEngine/Engine/Source/Runtime/Engine/Private/PhysicsEngine/Experimental/ChaosDerivedData.h,1,0,1
/media/ullmann/HDDGabriel/engines/UnrealEngine/Engine/Source/Developer/TraceInsights/Private/Insights/Widgets/STimerTableRow.cpp,0,1,1
/media/ullmann/HDDGabriel/engines/UnrealEngine/Engine/Source/Developer/TraceInsights/Private/Insights/Widgets/STimerTableRow.h,1,0,1
/media/ullmann/HDDGabriel/engines/UnrealEngine/Engine/Source/ThirdParty/ICU/icu4c-64_1/source/tools/toolutil/ucbuf.h,1,1,2
/media/ullmann/HDDGabriel/engines/UnrealEngine/Engine/Source/Developer/MeshUtilities/Private/MeshDistanceFieldUtilities.cpp,0,2,2
/media/ullmann/HDDGabriel/engines/UnrealEngine/Engine/Source/ThirdParty/OpenVDB/Deploy/openvdb-8.1.0/include/openvdb/tree/LeafBuffer.h,1,0,1
/media/ullmann/HDDGabriel/engines/UnrealEngine/Engine/Source/ThirdParty/libcurl/curl-7.55.1/include/Win64/VS2015/curl/easy.h,1,0,1
/media/ullmann/HDDGabriel/engines/UnrealEngine/Engine/Source/Editor/Persona/Private/Customization/AnimGraphNodeSlotDetails.h,1,0,1
/media/ullmann/HDDGabriel/engines/UnrealEngine/Engine/Source/Editor/Persona/Private/SAssetFamilyShortcutBar.cpp,0,1,1
/media/ullmann/HDDGabriel/engines/UnrealEngine/Engine/Source/ThirdParty/Android/libunwind/libunwind/src/sh/Lresume.c,0,1,1
/media/ullmann/HDDGabriel/engines/UnrealEngine/Engine/Source/ThirdParty/Intel/ISPC/ispc-1.16.1/ispcrt/tests/level_zero_mock/ze_mock.cpp,0,1,1
/media/ullmann/HDDGabriel/engines/UnrealEngine/Engine/Source/Developer/TraceAnalysis/Private/Store/AsioTcpServer.cpp,0,1,1
/media/ullmann/HDDGabriel/engines/UnrealEngine/Engine/Source/Developer/TraceInsights/Private/Insights/ViewModels/CounterAggregation.cpp,0,1,1
/media/ullmann/HDDGabriel/engines/UnrealEngine/Engine/Source/Developer/TraceInsights/Private/Insights/ViewModels/CounterAggregation.h,1,0,1
/media/ullmann/HDDGabriel/engines/UnrealEngine/Engine/Source/Editor/Sequencer/Private/SequencerTrackFilters.cpp,0,1,1
/media/ullmann/HDDGabriel/engines/UnrealEngine/Engine/Source/Runtime/Core/Public/Templates/Atomic.h,1,0,1
/media/ullmann/HDDGabriel/engines/UnrealEngine/Engine/Source/ThirdParty/OpenSubdiv/OpenSubdiv-3.4.4/regression/shapes/catmark_cube_corner4.h,2,0,2
/media/ullmann/HDDGabriel/engines/UnrealEngine/Engine/Source/ThirdParty/nanosvg/src/nanosvgrast.h,1,0,1
/media/ullmann/HDDGabriel/engines/UnrealEngine/Engine/Source/ThirdParty/PhysX3/PhysX_3.4/Source/Common/src/CmPreallocatingPool.h,0,1,1
/media/ullmann/HDDGabriel/engines/UnrealEngine/Engine/Source/ThirdParty/HarfBuzz/harfbuzz-1.2.4/src/hb-icu.cc,0,3,3
/media/ullmann/HDDGabriel/engines/UnrealEngine/Engine/Source/ThirdParty/Intel/Embree/Embree2140/src/common/algorithms/parallel_map.cpp,0,2,2
/media/ullmann/HDDGabriel/engines/UnrealEngine/Engine/Source/ThirdParty/libOpus/opus-1.1/silk/float/burg_modified_FLP.c,0,1,1
/media/ullmann/HDDGabriel/engines/UnrealEngine/Engine/Source/Editor/UnrealEd/Private/SnappingUtils.cpp,0,1,1
/media/ullmann/HDDGabriel/engines/UnrealEngine/Engine/Source/ThirdParty/openexr/Deploy/openexr-3.1.1/include/OpenEXR/ImfDeepImageIO.h,0,4,4
/media/ullmann/HDDGabriel/engines/UnrealEngine/Engine/Source/ThirdParty/Intel/ISPC/ispc-1.16.1/examples/cpu/sort/sort.cpp,0,1,1
/media/ullmann/HDDGabriel/engines/UnrealEngine/Engine/Source/ThirdParty/PhysX3/APEX_1.4/module/clothing/embedded/LowLevelCloth/include/Fabric.h,0,2,2
/media/ullmann/HDDGabriel/engines/UnrealEngine/Engine/Source/Programs/ChaosVisualDebugger/Private/ChaosVisualDebuggerMain.cpp,0,2,2
/media/ullmann/HDDGabriel/engines/UnrealEngine/Engine/Source/Programs/ChaosVisualDebugger/Private/ChaosVisualDebuggerMain.h,1,0,1
/media/ullmann/HDDGabriel/engines/UnrealEngine/Engine/Source/ThirdParty/ICU/icu4c-53_1/source/test/cintltst/calltest.c,0,1,1
/media/ullmann/HDDGabriel/engines/UnrealEngine/Engine/Source/Runtime/AnimationCore/Public/CCDIK.h,0,1,1
/media/ullmann/HDDGabriel/engines/UnrealEngine/Engine/Source/ThirdParty/ShaderConductor/ShaderConductor/External/SPIRV-Tools/source/fuzz/transformation_composite_insert.cpp,0,1,1
/media/ullmann/HDDGabriel/engines/UnrealEngine/Engine/Source/ThirdParty/ShaderConductor/ShaderConductor/External/SPIRV-Tools/source/fuzz/transformation_composite_insert.h,1,0,1
/media/ullmann/HDDGabriel/engines/UnrealEngine/Engine/Source/ThirdParty/OpenSubdiv/OpenSubdiv-3.4.4/regression/shapes/catmark_hole_test1.h,1,0,1
/media/ullmann/HDDGabriel/engines/UnrealEngine/Engine/Source/ThirdParty/libOpus/opus-1.3.1-12/celt/x86/x86_celt_map.c,0,1,1
/media/ullmann/HDDGabriel/engines/UnrealEngine/Engine/Source/Editor/UnrealEd/Public/TexAlignTools.h,1,0,1
/media/ullmann/HDDGabriel/engines/UnrealEngine/Engine/Source/Developer/TraceServices/Private/Model/SbTree.cpp,0,1,1
/media/ullmann/HDDGabriel/engines/UnrealEngine/Engine/Source/ThirdParty/Alembic/alembic-1.8.2/python/PyAlembic/PyIGeomParam.cpp,0,1,1
/media/ullmann/HDDGabriel/engines/UnrealEngine/Engine/Source/ThirdParty/PhysX3/APEX_1.4/module/clothing_legacy/include/autogen/ClothingGraphicalLodParameters_0p2.h,1,0,1
/media/ullmann/HDDGabriel/engines/UnrealEngine/Engine/Source/Runtime/SignalProcessing/Public/DSP/AlignedBlockBuffer.h,1,1,2
/media/ullmann/HDDGabriel/engines/UnrealEngine/Engine/Source/Runtime/MovieScene/Public/Evaluation/PreAnimatedState/MovieSceneRestoreStateParams.h,1,0,1
/media/ullmann/HDDGabriel/engines/UnrealEngine/Engine/Source/ThirdParty/Android/libunwind/libunwind/include/compiler.h,1,0,1
/media/ullmann/HDDGabriel/engines/UnrealEngine/Engine/Source/ThirdParty/PhysX3/APEX_1.4/module/destructible_legacy/include/autogen/DestructibleActorState_0p2.h,1,0,1
/media/ullmann/HDDGabriel/engines/UnrealEngine/Engine/Source/ThirdParty/WebRTC/4147/Include/base/third_party/libevent/evhttp.h,0,1,1
/media/ullmann/HDDGabriel/engines/UnrealEngine/Engine/Source/ThirdParty/FontConfig/fontconfig-2.13.94/src/fcptrlist.c,0,1,1
/media/ullmann/HDDGabriel/engines/UnrealEngine/Engine/Source/Editor/UMGEditor/Private/Templates/WidgetTemplateClass.h,1,0,1
/media/ullmann/HDDGabriel/engines/UnrealEngine/Engine/Source/Developer/MaterialBaking/Private/MaterialOptionsCustomization.cpp,0,1,1
/media/ullmann/HDDGabriel/engines/UnrealEngine/Engine/Source/Developer/MaterialBaking/Private/MaterialOptionsCustomization.h,3,0,3
/media/ullmann/HDDGabriel/engines/UnrealEngine/Engine/Source/ThirdParty/PhysX3/APEX_1.4/module/framework_legacy/include/autogen/RenderMeshAssetParameters_0p0.h,1,0,1
/media/ullmann/HDDGabriel/engines/UnrealEngine/Engine/Source/Runtime/RigVM/Public/RigVMCore/RigVMDebugInfo.h,1,0,1
/media/ullmann/HDDGabriel/engines/UnrealEngine/Engine/Source/ThirdParty/MCPP/mcpp-2.7.2/test-l/nest109.h,1,1,2
/media/ullmann/HDDGabriel/engines/UnrealEngine/Engine/Source/ThirdParty/OpenSubdiv/OpenSubdiv-3.4.4/regression/shapes/loop_xord_boundary.h,1,0,1
/media/ullmann/HDDGabriel/engines/UnrealEngine/Engine/Source/ThirdParty/FBX/2020.2/include/fbxsdk/scene/geometry/fbxnurbscurve.h,1,0,1
/media/ullmann/HDDGabriel/engines/UnrealEngine/Engine/Source/Runtime/Slate/Public/Framework/Text/ISlateRunRenderer.h,2,0,2
/media/ullmann/HDDGabriel/engines/UnrealEngine/Engine/Source/ThirdParty/libcurl/curl-7.55.1/include/Win32/VS2015/curl/mprintf.h,0,1,1
/media/ullmann/HDDGabriel/engines/UnrealEngine/Engine/Source/ThirdParty/libOpus/opus-1.1/src/opus_multistream_encoder.c,0,1,1
/media/ullmann/HDDGabriel/engines/UnrealEngine/Engine/Source/ThirdParty/CryptoPP/5.6.5/include/cmac.cpp,0,2,2
/media/ullmann/HDDGabriel/engines/UnrealEngine/Engine/Source/ThirdParty/Android/libunwind/libunwind/src/hppa/init.h,2,1,3
/media/ullmann/HDDGabriel/engines/UnrealEngine/Engine/Source/ThirdParty/Intel/Embree/Embree2140/src/common/simd/vboold8_avx512.h,1,0,1
/media/ullmann/HDDGabriel/engines/UnrealEngine/Engine/Source/Runtime/Projects/Public/Interfaces/IProjectManager.h,1,0,1
/media/ullmann/HDDGabriel/engines/UnrealEngine/Engine/Source/ThirdParty/Crunch/src/crnlib/lzma_LzmaEnc.cpp,0,4,4
/media/ullmann/HDDGabriel/engines/UnrealEngine/Engine/Source/Runtime/UMG/Public/Components/Visual.h,1,0,1
/media/ullmann/HDDGabriel/engines/UnrealEngine/Engine/Source/ThirdParty/ShaderConductor/ShaderConductor/External/DirectXShaderCompiler/tools/clang/lib/StaticAnalyzer/Checkers/MallocChecker.cpp,0,2,2
/media/ullmann/HDDGabriel/engines/UnrealEngine/Engine/Source/ThirdParty/GoogleOboe/Private/fifo/FifoControllerIndirect.cpp,0,1,1
/media/ullmann/HDDGabriel/engines/UnrealEngine/Engine/Source/ThirdParty/ShaderConductor/ShaderConductor/External/DirectXShaderCompiler/tools/clang/lib/StaticAnalyzer/Checkers/ReturnPointerRangeChecker.cpp,0,1,1
/media/ullmann/HDDGabriel/engines/UnrealEngine/Engine/Source/ThirdParty/ShaderConductor/ShaderConductor/External/DirectXShaderCompiler/tools/clang/lib/CodeGen/CodeGenAction.cpp,0,1,1
/media/ullmann/HDDGabriel/engines/UnrealEngine/Engine/Source/ThirdParty/ShaderConductor/ShaderConductor/External/DirectXShaderCompiler/lib/HLSL/HLSignatureLower.cpp,0,1,1
/media/ullmann/HDDGabriel/engines/UnrealEngine/Engine/Source/ThirdParty/libOpus/opus-1.1/celt/arm/pitch_arm.h,1,1,2
/media/ullmann/HDDGabriel/engines/UnrealEngine/Engine/Source/ThirdParty/FBX/2020.2/include/fbxsdk/scene/shading/fbxtexture.h,1,0,1
/media/ullmann/HDDGabriel/engines/UnrealEngine/Engine/Source/ThirdParty/Intel/Embree/Embree270/src/common/simd/bool16_avx512.cpp,0,1,1
/media/ullmann/HDDGabriel/engines/UnrealEngine/Engine/Source/ThirdParty/FreeImage/FreeImage-3.18.0/Source/OpenEXR/IlmImf/ImfLineOrderAttribute.cpp,0,1,1
/media/ullmann/HDDGabriel/engines/UnrealEngine/Engine/Source/Developer/GameplayDebugger/Private/GameplayDebuggerCategoryReplicator.cpp,0,1,1
/media/ullmann/HDDGabriel/engines/UnrealEngine/Engine/Source/ThirdParty/SDL2/SDL-gui-backend/src/atomic/SDL_atomic.c,0,1,1
/media/ullmann/HDDGabriel/engines/UnrealEngine/Engine/Source/ThirdParty/Intel/TBB/IntelTBB-2019u8/src/test/test_malloc_pure_c.c,0,1,1
/media/ullmann/HDDGabriel/engines/UnrealEngine/Engine/Source/Programs/Enterprise/Datasmith/DatasmithARCHICADExporter/Private/Utils/ShellOpenDocument.h,4,0,4
/media/ullmann/HDDGabriel/engines/UnrealEngine/Engine/Source/ThirdParty/Intel/MetricsDiscovery/MetricsDiscoveryHelper/build/include/metrics_discovery/metrics_discovery_helper_dx11.h,0,1,1
/media/ullmann/HDDGabriel/engines/UnrealEngine/Engine/Source/ThirdParty/FreeImage/FreeImage-3.18.0/Source/OpenEXR/IexMath/IexMathIeeeExc.h,2,0,2
/media/ullmann/HDDGabriel/engines/UnrealEngine/Engine/Source/ThirdParty/FreeType2/FreeType2-2.6/Src/truetype/ttpic.h,2,0,2
/media/ullmann/HDDGabriel/engines/UnrealEngine/Engine/Source/ThirdParty/ICU/icu4c-53_1/source/test/intltest/reptest.cpp,0,2,2
/media/ullmann/HDDGabriel/engines/UnrealEngine/Engine/Source/ThirdParty/glslang/glslang/src/glslang_lib/glslang/GenericCodeGen/Link.cpp,0,2,2
/media/ullmann/HDDGabriel/engines/UnrealEngine/Engine/Source/ThirdParty/libOpus/opus-1.3.1-12/silk/float/schur_FLP.c,0,1,1
/media/ullmann/HDDGabriel/engines/UnrealEngine/Engine/Source/Developer/AssetTools/Private/AssetFixUpRedirectors.cpp,0,4,4
/media/ullmann/HDDGabriel/engines/UnrealEngine/Engine/Source/ThirdParty/HarfBuzz/harfbuzz-1.2.4/test/api/test-blob.c,0,1,1
/media/ullmann/HDDGabriel/engines/UnrealEngine/Engine/Source/ThirdParty/Perforce/p4api-2018.1/Include/Win64/VS2015/p4/filesys.h,1,0,1
/media/ullmann/HDDGabriel/engines/UnrealEngine/Engine/Source/ThirdParty/ICU/icu4c-64_1/source/test/cintltst/cbkittst.c,0,1,1
/media/ullmann/HDDGabriel/engines/UnrealEngine/Engine/Source/ThirdParty/Python3/Linux/include/python3.9/longobject.h,1,0,1
/media/ullmann/HDDGabriel/engines/UnrealEngine/Engine/Source/ThirdParty/VHACD/src/VHACD.cpp,0,1,1
/media/ullmann/HDDGabriel/engines/UnrealEngine/Engine/Source/ThirdParty/WebRTC/4147/Include/tools/clang/blink_gc_plugin/tests/weak_fields_require_tracing.h,0,1,1
/media/ullmann/HDDGabriel/engines/UnrealEngine/Engine/Source/Runtime/Online/BuildPatchServices/Private/Generation/FileAttributesParser.h,1,0,1
/media/ullmann/HDDGabriel/engines/UnrealEngine/Engine/Source/ThirdParty/PhysX3/APEX_1.4/module/destructible_legacy/include/autogen/SurfaceTraceSetParameters_0p0.h,1,0,1
/media/ullmann/HDDGabriel/engines/UnrealEngine/Engine/Source/ThirdParty/FBX/2020.2/include/fbxsdk/scene/geometry/fbxmesh.h,1,0,1
/media/ullmann/HDDGabriel/engines/UnrealEngine/Engine/Source/ThirdParty/EOSSDK/SDK/Bin/Android/include/eos_sessions.h,0,1,1
/media/ullmann/HDDGabriel/engines/UnrealEngine/Engine/Source/Developer/MeshSimplifier/Private/MeshSimplify.cpp,0,1,1
/media/ullmann/HDDGabriel/engines/UnrealEngine/Engine/Source/Runtime/GameMenuBuilder/Public/GameMenuBuilderStyle.h,1,0,1
/media/ullmann/HDDGabriel/engines/UnrealEngine/Engine/Source/Developer/TraceAnalysis/Private/Store/AsioContext.cpp,0,1,1
/media/ullmann/HDDGabriel/engines/UnrealEngine/Engine/Source/Developer/TraceAnalysis/Private/Store/AsioContext.h,2,0,2
/media/ullmann/HDDGabriel/engines/UnrealEngine/Engine/Source/ThirdParty/ICU/icu4c-64_1/source/tools/genrb/rbutil.h,2,0,2
/media/ullmann/HDDGabriel/engines/UnrealEngine/Engine/Source/ThirdParty/FreeType2/FreeType2-2.6/Include/config/ftheader.h,1,0,1
/media/ullmann/HDDGabriel/engines/UnrealEngine/Engine/Source/ThirdParty/FBX/2020.2/include/fbxsdk/scene/geometry/fbxskin.h,1,0,1
/media/ullmann/HDDGabriel/engines/UnrealEngine/Engine/Source/Runtime/WebBrowser/Private/CEF/CEFImeHandler.cpp,0,1,1
/media/ullmann/HDDGabriel/engines/UnrealEngine/Engine/Source/Runtime/WebBrowser/Private/CEF/CEFTextInputMethodContext.h,1,0,1
/media/ullmann/HDDGabriel/engines/UnrealEngine/Engine/Source/ThirdParty/ICU/icu4c-53_1/source/test/cintltst/cbkittst.c,0,1,1
/media/ullmann/HDDGabriel/engines/UnrealEngine/Engine/Source/Runtime/Engine/Classes/Engine/CompositeDataTable.h,0,1,1
/media/ullmann/HDDGabriel/engines/UnrealEngine/Engine/Source/Runtime/Engine/Classes/Engine/DataTable.h,1,0,1
/media/ullmann/HDDGabriel/engines/UnrealEngine/Engine/Source/Developer/NaniteBuilder/Private/GraphPartitioner.cpp,0,1,1
/media/ullmann/HDDGabriel/engines/UnrealEngine/Engine/Source/ThirdParty/Intel/TBB/IntelTBB-2019u8/examples/parallel_for/seismic/seismic_video.h,2,1,3
/media/ullmann/HDDGabriel/engines/UnrealEngine/Engine/Source/ThirdParty/ICU/icu4c-64_1/source/tools/toolutil/toolutil.cpp,0,1,1
/media/ullmann/HDDGabriel/engines/UnrealEngine/Engine/Source/ThirdParty/ShaderConductor/ShaderConductor/External/DirectXShaderCompiler/lib/CodeGen/AsmPrinter/DebugLocEntry.h,1,0,1
/media/ullmann/HDDGabriel/engines/UnrealEngine/Engine/Source/ThirdParty/xxhash/xxh3.h,0,1,1
/media/ullmann/HDDGabriel/engines/UnrealEngine/Engine/Source/ThirdParty/FreeType2/FreeType2-2.6/Include/ftimage.h,0,1,1
/media/ullmann/HDDGabriel/engines/UnrealEngine/Engine/Source/ThirdParty/CryptoPP/5.6.2/include/fipsalgt.cpp,0,2,2
/media/ullmann/HDDGabriel/engines/UnrealEngine/Engine/Source/ThirdParty/OpenVDB/openvdb-8.1.0/openvdb/openvdb/points/StreamCompression.cc,0,1,1
/media/ullmann/HDDGabriel/engines/UnrealEngine/Engine/Source/ThirdParty/Python3/Mac/include/floatobject.h,1,0,1
/media/ullmann/HDDGabriel/engines/UnrealEngine/Engine/Source/Runtime/UMG/Public/Components/Slider.h,1,0,1
/media/ullmann/HDDGabriel/engines/UnrealEngine/Engine/Source/ThirdParty/PhysX3/APEX_1.4/module/framework_legacy/include/autogen/BufferU16x2_0p0.h,1,0,1
/media/ullmann/HDDGabriel/engines/UnrealEngine/Engine/Source/ThirdParty/Android/libunwind/libunwind/src/coredump/_UCD_access_reg_freebsd.c,0,2,2
/media/ullmann/HDDGabriel/engines/UnrealEngine/Engine/Source/ThirdParty/HarfBuzz/harfbuzz-2.4.0/src/hb-ot-layout-gsubgpos.hh,1,0,1
/media/ullmann/HDDGabriel/engines/UnrealEngine/Engine/Source/Developer/TraceInsights/Private/Insights/ViewModels/ThreadTimingTrack.cpp,0,1,1
/media/ullmann/HDDGabriel/engines/UnrealEngine/Engine/Source/Developer/TraceInsights/Private/Insights/ViewModels/ThreadTimingTrack.h,1,0,1
/media/ullmann/HDDGabriel/engines/UnrealEngine/Engine/Source/Editor/AnimGraph/Public/AnimGraphNode_SpringBone.h,0,1,1
/media/ullmann/HDDGabriel/engines/UnrealEngine/Engine/Source/ThirdParty/EOSSDK/SDK/Include/eos_types.h,1,1,2
/media/ullmann/HDDGabriel/engines/UnrealEngine/Engine/Source/ThirdParty/ICU/icu4c-64_1/source/common/ucase_props_data.h,1,0,1
/media/ullmann/HDDGabriel/engines/UnrealEngine/Engine/Source/ThirdParty/FreeImage/FreeImage-3.18.0/Source/LibTIFF4/tif_pixarlog.c,0,2,2
/media/ullmann/HDDGabriel/engines/UnrealEngine/Engine/Source/ThirdParty/CryptoPP/5.6.2/include/ccm.cpp,0,2,2
/media/ullmann/HDDGabriel/engines/UnrealEngine/Engine/Source/ThirdParty/ICU/icu4c-53_1/source/test/intltest/idnaref.h,2,0,2
/media/ullmann/HDDGabriel/engines/UnrealEngine/Engine/Source/ThirdParty/rpclib/Source/include/rpc/msgpack/adaptor/fixint.hpp,1,0,1
/media/ullmann/HDDGabriel/engines/UnrealEngine/Engine/Source/Developer/TraceInsights/Private/Insights/InsightsStyle.cpp,0,1,1
/media/ullmann/HDDGabriel/engines/UnrealEngine/Engine/Source/Developer/TraceInsights/Private/Insights/InsightsStyle.h,1,0,1
/media/ullmann/HDDGabriel/engines/UnrealEngine/Engine/Source/ThirdParty/PhysX3/PhysX_3.4/Source/LowLevel/software/include/PxsBodySim.h,1,1,2
/media/ullmann/HDDGabriel/engines/UnrealEngine/Engine/Source/ThirdParty/PhysX3/PhysX_3.4/Source/LowLevel/software/include/PxsRigidBody.h,1,0,1
/media/ullmann/HDDGabriel/engines/UnrealEngine/Engine/Source/Runtime/UMG/Public/Components/WidgetSwitcher.h,1,0,1
/media/ullmann/HDDGabriel/engines/UnrealEngine/Engine/Source/ThirdParty/OpenVDB/openvdb-8.1.0/openvdb_ax/openvdb_ax/test/frontend/TestArrayUnpackNode.cc,0,1,1
/media/ullmann/HDDGabriel/engines/UnrealEngine/Engine/Source/Editor/SkeletalMeshEditor/Private/SkeletalMeshEditor.h,3,0,3
/media/ullmann/HDDGabriel/engines/UnrealEngine/Engine/Source/Editor/SkeletonEditor/Public/SkeletonTreeSelection.h,0,1,1
/media/ullmann/HDDGabriel/engines/UnrealEngine/Engine/Source/ThirdParty/FreeType2/FreeType2-2.10.4/src/base/ftgloadr.c,1,0,1
/media/ullmann/HDDGabriel/engines/UnrealEngine/Engine/Source/Editor/MeshPaint/Private/ImportVertexColorOptionsCustomization.h,2,0,2
/media/ullmann/HDDGabriel/engines/UnrealEngine/Engine/Source/ThirdParty/Android/libunwind/libunwind/src/setjmp/siglongjmp.c,0,1,1
/media/ullmann/HDDGabriel/engines/UnrealEngine/Engine/Source/ThirdParty/Android/libunwind/libunwind/src/setjmp/setjmp_i.h,2,0,2
/media/ullmann/HDDGabriel/engines/UnrealEngine/Engine/Source/Runtime/Engine/Public/Rendering/NaniteResources.h,3,0,3
/media/ullmann/HDDGabriel/engines/UnrealEngine/Engine/Source/ThirdParty/OpenSubdiv/OpenSubdiv-3.4.4/opensubdiv/far/stencilBuilder.cpp,0,2,2
/media/ullmann/HDDGabriel/engines/UnrealEngine/Engine/Source/Developer/Merge/Private/SMergeAssetPickerView.h,2,1,3
/media/ullmann/HDDGabriel/engines/UnrealEngine/Engine/Source/ThirdParty/nvTextureTools/nvTextureTools-2.0.8/src/gnuwin32/include/tiffconf.h,1,0,1
/media/ullmann/HDDGabriel/engines/UnrealEngine/Engine/Source/Runtime/Online/BuildPatchServices/Private/Installer/Statistics/DownloadServiceStatistics.h,1,0,1
/media/ullmann/HDDGabriel/engines/UnrealEngine/Engine/Source/Runtime/Core/Public/HAL/PlatformIncludes.h,1,0,1
/media/ullmann/HDDGabriel/engines/UnrealEngine/Engine/Source/ThirdParty/ShaderConductor/ShaderConductor/External/DirectXShaderCompiler/tools/clang/tools/diagtool/TreeView.cpp,0,2,2
/media/ullmann/HDDGabriel/engines/UnrealEngine/Engine/Source/ThirdParty/PhysX3/PhysX_3.4/Source/PhysXExtensions/src/serialization/Binary/SnConvX_Output.cpp,0,1,1
/media/ullmann/HDDGabriel/engines/UnrealEngine/Engine/Source/ThirdParty/ICU/icu4c-64_1/source/test/perf/ustrperf/stringperf.cpp,0,1,1
/media/ullmann/HDDGabriel/engines/UnrealEngine/Engine/Source/ThirdParty/ICU/icu4c-64_1/source/test/perf/ustrperf/stringperf.h,1,0,1
/media/ullmann/HDDGabriel/engines/UnrealEngine/Engine/Source/ThirdParty/rpclib/Source/include/rpc/msgpack/adaptor/pair.hpp,1,0,1
/media/ullmann/HDDGabriel/engines/UnrealEngine/Engine/Source/ThirdParty/Android/libunwind/libunwind/src/ptrace/_UPT_destroy.c,0,1,1
/media/ullmann/HDDGabriel/engines/UnrealEngine/Engine/Source/ThirdParty/libOpus/opus-1.0.3/silk/log2lin.c,0,1,1
/media/ullmann/HDDGabriel/engines/UnrealEngine/Engine/Source/Runtime/AudioCaptureImplementations/Android/AudioCaptureAndroid/Private/AudioCaptureAndroidModule.cpp,0,1,1
/media/ullmann/HDDGabriel/engines/UnrealEngine/Engine/Source/Developer/AssetTools/Private/AssetTypeActions/AssetTypeActions_StaticMesh.cpp,0,1,1
/media/ullmann/HDDGabriel/engines/UnrealEngine/Engine/Source/Editor/StaticMeshEditor/Public/StaticMeshEditorModule.h,1,0,1
/media/ullmann/HDDGabriel/engines/UnrealEngine/Engine/Source/ThirdParty/ICU/icu4c-64_1/source/test/cintltst/encoll.h,1,1,2
/media/ullmann/HDDGabriel/engines/UnrealEngine/Engine/Source/ThirdParty/MCPP/mcpp-2.7.2/cpp-test/test-l/l_37_8.c,0,1,1
/media/ullmann/HDDGabriel/engines/UnrealEngine/Engine/Source/ThirdParty/MCPP/mcpp-2.7.2/cpp-test/test-l/longline.t,1,0,1
/media/ullmann/HDDGabriel/engines/UnrealEngine/Engine/Source/ThirdParty/libcurl/curl-7.55.1/include/Android/x64/curl/easy.h,1,0,1
/media/ullmann/HDDGabriel/engines/UnrealEngine/Engine/Source/ThirdParty/WebRTC/4147/Include/third_party/protobuf/php/ext/google/protobuf/protobuf.h,0,1,1
/media/ullmann/HDDGabriel/engines/UnrealEngine/Engine/Source/ThirdParty/WebRTC/4147/Include/third_party/protobuf/php/ext/google/protobuf/upb.h,1,0,1
/media/ullmann/HDDGabriel/engines/UnrealEngine/Engine/Source/ThirdParty/libOpus/opus-1.3.1-12/celt/arm/mdct_arm.h,1,0,1
/media/ullmann/HDDGabriel/engines/UnrealEngine/Engine/Source/ThirdParty/HWCPipe/include/hwcpipe_export.h,1,0,1
/media/ullmann/HDDGabriel/engines/UnrealEngine/Engine/Source/Editor/Blutility/Private/AssetTypeActions_EditorUtilityBlueprint.cpp,0,1,1
/media/ullmann/HDDGabriel/engines/UnrealEngine/Engine/Source/Editor/Blutility/Private/AssetTypeActions_EditorUtilityBlueprint.h,2,0,2
/media/ullmann/HDDGabriel/engines/UnrealEngine/Engine/Source/Runtime/SlateCore/Public/Rendering/SlateRenderer.h,1,0,1
/media/ullmann/HDDGabriel/engines/UnrealEngine/Engine/Source/ThirdParty/PhysX3/PhysX_3.4/Source/LowLevelAABB/src/BpBroadPhaseMBP.cpp,0,1,1
/media/ullmann/HDDGabriel/engines/UnrealEngine/Engine/Source/Developer/MeshMergeUtilities/Private/MeshMergeHelpers.cpp,0,1,1
/media/ullmann/HDDGabriel/engines/UnrealEngine/Engine/Source/ThirdParty/SPIRV-Reflect/SPIRV-Reflect/util/stripper/stripper.h,2,0,2
/media/ullmann/HDDGabriel/engines/UnrealEngine/Engine/Source/ThirdParty/MCPP/mcpp-2.7.2/test-c/nest5.h,1,1,2
/media/ullmann/HDDGabriel/engines/UnrealEngine/Engine/Source/ThirdParty/Intel/TBB/IntelTBB-2019u8/include/tbb/machine/windows_intel64.h,0,1,1
/media/ullmann/HDDGabriel/engines/UnrealEngine/Engine/Source/ThirdParty/SDL2/SDL-gui-backend/src/core/linux/SDL_evdev_kbd_default_keymap.h,1,0,1
/media/ullmann/HDDGabriel/engines/UnrealEngine/Engine/Source/Developer/AssetTools/Private/SDiscoveringAssetsDialog.cpp,0,1,1
/media/ullmann/HDDGabriel/engines/UnrealEngine/Engine/Source/ThirdParty/Intel/TBB/IntelTBB-2019u8/src/rml/server/thread_monitor.h,3,0,3
/media/ullmann/HDDGabriel/engines/UnrealEngine/Engine/Source/ThirdParty/FBX/2020.2/include/fbxsdk/scene/shading/fbxsurfacelambert.h,1,0,1
/media/ullmann/HDDGabriel/engines/UnrealEngine/Engine/Source/ThirdParty/DirectShow/DirectShow-1.0.0/src/Public/wxdebug.h,1,0,1
/media/ullmann/HDDGabriel/engines/UnrealEngine/Engine/Source/ThirdParty/ICU/icu4c-53_1/source/i18n/ulocdata.c,0,1,1
/media/ullmann/HDDGabriel/engines/UnrealEngine/Engine/Source/ThirdParty/WebRTC/4147/Include/tools/traceline/traceline/assembler.h,0,1,1
/media/ullmann/HDDGabriel/engines/UnrealEngine/Engine/Source/ThirdParty/PhysX3/PhysX_3.4/Source/Common/src/CmFlushPool.h,0,1,1
/media/ullmann/HDDGabriel/engines/UnrealEngine/Engine/Source/Runtime/Core/Public/Math/RotationTranslationMatrix.h,3,0,3
/media/ullmann/HDDGabriel/engines/UnrealEngine/Engine/Source/Runtime/Media/Public/IMediaAudioSample.h,0,1,1
/media/ullmann/HDDGabriel/engines/UnrealEngine/Engine/Source/ThirdParty/ICU/icu4c-53_1/source/tools/toolutil/udbgutil.cpp,0,1,1
/media/ullmann/HDDGabriel/engines/UnrealEngine/Engine/Source/ThirdParty/HarfBuzz/harfbuzz-2.4.0/src/hb-cache.hh,1,0,1
/media/ullmann/HDDGabriel/engines/UnrealEngine/Engine/Source/ThirdParty/Imath/Deploy/Imath-3.1.3/include/Imath/halfLimits.h,0,1,1
/media/ullmann/HDDGabriel/engines/UnrealEngine/Engine/Source/Runtime/OpenGLDrv/Public/OpenGLShaderResources.h,1,0,1
/media/ullmann/HDDGabriel/engines/UnrealEngine/Engine/Source/ThirdParty/Perforce/p4api-2018.1/Include/Win64/VS2015/p4/handler.h,1,0,1
/media/ullmann/HDDGabriel/engines/UnrealEngine/Engine/Source/ThirdParty/PhysX3/PhysX_3.4/Source/PhysXMetaData/core/include/PxAutoGeneratedMetaDataObjects.h,1,0,1
/media/ullmann/HDDGabriel/engines/UnrealEngine/Engine/Source/ThirdParty/OpenVDB/openvdb-8.1.0/openvdb/openvdb/python/pyopenvdb.h,2,0,2
/media/ullmann/HDDGabriel/engines/UnrealEngine/Engine/Source/ThirdParty/FreeImage/FreeImage-3.18.0/TestAPI/testHeaderOnly.cpp,0,1,1
/media/ullmann/HDDGabriel/engines/UnrealEngine/Engine/Source/Runtime/MovieScene/Public/Evaluation/MovieSceneEvaluationOperand.h,1,0,1
/media/ullmann/HDDGabriel/engines/UnrealEngine/Engine/Source/ThirdParty/libPNG/libPNG-1.5.2/pngtest.c,0,1,1
/media/ullmann/HDDGabriel/engines/UnrealEngine/Engine/Source/ThirdParty/PhysX3/PhysX_3.4/Include/vehicle/PxVehicleDrive.h,1,0,1
/media/ullmann/HDDGabriel/engines/UnrealEngine/Engine/Source/ThirdParty/Oculus/LibOVRAudio/LibOVRAudio/include/OVR_Audio_DynamicRoom.h,1,0,1
/media/ullmann/HDDGabriel/engines/UnrealEngine/Engine/Source/ThirdParty/CEF3/cef_binary_84.4.0+g304e015+chromium-84.0.4147.105_macosx64/tests/ceftests/resource_manager_unittest.cc,0,1,1
/media/ullmann/HDDGabriel/engines/UnrealEngine/Engine/Source/ThirdParty/ShaderConductor/ShaderConductor/External/DirectXShaderCompiler/tools/clang/lib/Headers/tbmintrin.h,1,0,1
/media/ullmann/HDDGabriel/engines/UnrealEngine/Engine/Source/Editor/Sequencer/Private/SequencerSpawnableColumn.cpp,0,1,1
/media/ullmann/HDDGabriel/engines/UnrealEngine/Engine/Source/Editor/Sequencer/Private/SequencerSpawnableColumn.h,2,0,2
/media/ullmann/HDDGabriel/engines/UnrealEngine/Engine/Source/Runtime/Analytics/AnalyticsET/Public/AnalyticsSessionSummarySender.h,0,1,1
/media/ullmann/HDDGabriel/engines/UnrealEngine/Engine/Source/Runtime/Analytics/AnalyticsET/Public/IAnalyticsSessionSummarySender.h,1,0,1
/media/ullmann/HDDGabriel/engines/UnrealEngine/Engine/Source/ThirdParty/openexr/openexr-3.1.1/src/lib/IlmThread/IlmThread.cpp,0,1,1
/media/ullmann/HDDGabriel/engines/UnrealEngine/Engine/Source/Developer/TraceInsights/Private/Insights/MemoryProfiler/ViewModels/MemoryGraphTrack.cpp,0,1,1
/media/ullmann/HDDGabriel/engines/UnrealEngine/Engine/Source/Developer/TraceInsights/Private/Insights/MemoryProfiler/ViewModels/MemoryGraphTrack.h,1,0,1
/media/ullmann/HDDGabriel/engines/UnrealEngine/Engine/Source/ThirdParty/PhysX3/PhysX_3.4/Source/PhysX/src/cloth/NpClothParticleData.h,1,0,1
/media/ullmann/HDDGabriel/engines/UnrealEngine/Engine/Source/ThirdParty/OpenSubdiv/OpenSubdiv-3.4.4/regression/shapes/catmark_fvar_bound1.h,1,0,1
/media/ullmann/HDDGabriel/engines/UnrealEngine/Engine/Source/ThirdParty/OpenSubdiv/OpenSubdiv-3.4.4/regression/shapes/loop_nonman_verts.h,1,0,1
/media/ullmann/HDDGabriel/engines/UnrealEngine/Engine/Source/Runtime/AudioExtensions/Public/ISoundfieldEndpoint.h,0,1,1
/media/ullmann/HDDGabriel/engines/UnrealEngine/Engine/Source/ThirdParty/FreeType2/FreeType2-2.10.4/src/gxvalid/gxvmorx4.c,1,1,2
/media/ullmann/HDDGabriel/engines/UnrealEngine/Engine/Source/ThirdParty/PhysX3/APEX_1.4/module/destructible_legacy/include/autogen/DestructibleActorParam_0p17.h,1,0,1
/media/ullmann/HDDGabriel/engines/UnrealEngine/Engine/Source/ThirdParty/libOpus/opus-1.3.1-12/celt/fixed_c6x.h,1,0,1
/media/ullmann/HDDGabriel/engines/UnrealEngine/Engine/Source/ThirdParty/Intel/ISPCTexComp/ISPC HDR Texture Compressor/main.cpp,0,1,1
/media/ullmann/HDDGabriel/engines/UnrealEngine/Engine/Source/Developer/TraceServices/Private/Analyzers/ModuleAnalysis.cpp,0,1,1
/media/ullmann/HDDGabriel/engines/UnrealEngine/Engine/Source/Developer/TraceServices/Private/Analyzers/ModuleAnalysis.h,1,0,1
/media/ullmann/HDDGabriel/engines/UnrealEngine/Engine/Source/Developer/Datasmith/DatasmithExporterUI/Private/DatasmithExporterUIModule.cpp,0,2,2
/media/ullmann/HDDGabriel/engines/UnrealEngine/Engine/Source/Editor/Cascade/Private/CascadeActions.cpp,0,1,1
/media/ullmann/HDDGabriel/engines/UnrealEngine/Engine/Source/ThirdParty/Python3/Mac/include/weakrefobject.h,1,0,1
/media/ullmann/HDDGabriel/engines/UnrealEngine/Engine/Source/ThirdParty/Intel/ISPC/ispc-1.17.0/examples/cpu/deferred/main.cpp,0,2,2
/media/ullmann/HDDGabriel/engines/UnrealEngine/Engine/Source/ThirdParty/ShaderConductor/ShaderConductor/External/googletest/googletest/samples/sample3_unittest.cc,0,1,1
/media/ullmann/HDDGabriel/engines/UnrealEngine/Engine/Source/Runtime/Core/Public/Compression/lz4hc.h,0,1,1
/media/ullmann/HDDGabriel/engines/UnrealEngine/Engine/Source/Runtime/Core/Public/Compression/lz4.h,1,0,1
/media/ullmann/HDDGabriel/engines/UnrealEngine/Engine/Source/Runtime/Online/BuildPatchServices/Private/Installer/InstallerError.h,2,0,2
/media/ullmann/HDDGabriel/engines/UnrealEngine/Engine/Source/Editor/DetailCustomizations/Private/CustomPrimitiveDataCustomization.h,2,0,2
/media/ullmann/HDDGabriel/engines/UnrealEngine/Engine/Source/ThirdParty/ShaderConductor/ShaderConductor/External/SPIRV-Tools/source/opt/iterator.h,1,0,1
/media/ullmann/HDDGabriel/engines/UnrealEngine/Engine/Source/Editor/PropertyEditor/Private/PropertyEditorToolkit.h,2,1,3
/media/ullmann/HDDGabriel/engines/UnrealEngine/Engine/Source/ThirdParty/Python3/Mac/include/cpython/abstract.h,1,0,1
/media/ullmann/HDDGabriel/engines/UnrealEngine/Engine/Source/ThirdParty/Android/libunwind/libunwind/src/hppa/Gregs.c,1,1,2
/media/ullmann/HDDGabriel/engines/UnrealEngine/Engine/Source/ThirdParty/FakeIt/2.0.2/tests/referece_types_tests.cpp,0,1,1
/media/ullmann/HDDGabriel/engines/UnrealEngine/Engine/Source/ThirdParty/Intel/TBB/IntelTBB-2019u8/python/rml/ipc_utils.cpp,0,1,1
/media/ullmann/HDDGabriel/engines/UnrealEngine/Engine/Source/ThirdParty/ICU/icu4c-53_1/source/test/intltest/tsnmfmt.cpp,0,1,1
/media/ullmann/HDDGabriel/engines/UnrealEngine/Engine/Source/ThirdParty/ICU/icu4c-53_1/source/tools/toolutil/uoptions.c,0,1,1
/media/ullmann/HDDGabriel/engines/UnrealEngine/Engine/Source/ThirdParty/OpenSubdiv/OpenSubdiv-3.4.4/regression/shapes/catmark_car.h,1,0,1
/media/ullmann/HDDGabriel/engines/UnrealEngine/Engine/Source/ThirdParty/PhysX3/NvCloth/samples/SampleBase/renderer/ConvexRenderMesh.cpp,0,2,2
/media/ullmann/HDDGabriel/engines/UnrealEngine/Engine/Source/Runtime/Engine/Classes/Sound/SoundConcurrency.h,1,0,1
/media/ullmann/HDDGabriel/engines/UnrealEngine/Engine/Source/Editor/UnrealEd/Classes/Exporters/AnimSequenceExporterFBX.h,0,1,1
/media/ullmann/HDDGabriel/engines/UnrealEngine/Engine/Source/ThirdParty/Android/libunwind/libunwind/src/arm/Lglobal.c,0,1,1
/media/ullmann/HDDGabriel/engines/UnrealEngine/Engine/Source/ThirdParty/glslang/glslang/src/glslang_lib/SPIRV/doc.cpp,0,1,1
/media/ullmann/HDDGabriel/engines/UnrealEngine/Engine/Source/ThirdParty/ShaderConductor/ShaderConductor/External/DirectXShaderCompiler/tools/clang/lib/StaticAnalyzer/Checkers/CStringChecker.cpp,0,2,2
/media/ullmann/HDDGabriel/engines/UnrealEngine/Engine/Source/Programs/UnrealFrontend/Private/UnrealFrontendMain.cpp,0,1,1
/media/ullmann/HDDGabriel/engines/UnrealEngine/Engine/Source/Programs/UnrealFrontend/Private/UnrealFrontendMain.h,1,0,1
/media/ullmann/HDDGabriel/engines/UnrealEngine/Engine/Source/Editor/DeviceProfileEditor/Private/SDeviceProfileSelectionPanel.cpp,0,1,1
/media/ullmann/HDDGabriel/engines/UnrealEngine/Engine/Source/Runtime/UMG/Public/Animation/MovieSceneMarginTrack.h,1,0,1
/media/ullmann/HDDGabriel/engines/UnrealEngine/Engine/Source/ThirdParty/WebRTC/4147/Include/base/sequenced_task_runner.h,0,1,1
/media/ullmann/HDDGabriel/engines/UnrealEngine/Engine/Source/ThirdParty/FreeType2/FreeType2-2.6/Src/base/ftcalc.c,1,0,1
/media/ullmann/HDDGabriel/engines/UnrealEngine/Engine/Source/Editor/AudioEditor/Public/ISoundCueEditor.h,1,0,1
/media/ullmann/HDDGabriel/engines/UnrealEngine/Engine/Source/Editor/UnrealEd/Public/EditorViewportLayoutTwoPanes.h,0,1,1
/media/ullmann/HDDGabriel/engines/UnrealEngine/Engine/Source/Runtime/Engine/Private/SkeletalMeshDeformerHelpers.cpp,0,1,1
/media/ullmann/HDDGabriel/engines/UnrealEngine/Engine/Source/ThirdParty/OpenVDB/openvdb-8.1.0/openvdb/openvdb/viewer/Camera.cc,0,1,1
/media/ullmann/HDDGabriel/engines/UnrealEngine/Engine/Source/Editor/AnimGraph/Public/AnimationStateGraphSchema.h,0,1,1
/media/ullmann/HDDGabriel/engines/UnrealEngine/Engine/Source/ThirdParty/FreeImage/FreeImage-3.18.0/Source/ZLib/compress.c,0,1,1
/media/ullmann/HDDGabriel/engines/UnrealEngine/Engine/Source/Developer/SessionFrontend/Private/Widgets/Console/SSessionConsole.h,1,0,1
/media/ullmann/HDDGabriel/engines/UnrealEngine/Engine/Source/Developer/Windows/LiveCodingServer/Private/External/LC_OutputFile.h,1,0,1
/media/ullmann/HDDGabriel/engines/UnrealEngine/Engine/Source/ThirdParty/EOSSDK/SDK/Include/eos_logging.h,0,1,1
/media/ullmann/HDDGabriel/engines/UnrealEngine/Engine/Source/Developer/TaskGraph/Private/SBarVisualizer.cpp,0,1,1
/media/ullmann/HDDGabriel/engines/UnrealEngine/Engine/Source/ThirdParty/HarfBuzz/harfbuzz-2.4.0/src/hb-ot-color-sbix-table.hh,3,0,3
/media/ullmann/HDDGabriel/engines/UnrealEngine/Engine/Source/ThirdParty/llvm/8/include/llvm/DebugInfo/CodeView/CodeViewSymbols.def,1,0,1
/media/ullmann/HDDGabriel/engines/UnrealEngine/Engine/Source/Developer/DerivedDataCache/Private/HashingArchiveProxy.h,3,0,3
/media/ullmann/HDDGabriel/engines/UnrealEngine/Engine/Source/ThirdParty/WebRTC/4147/Include/third_party/opus/src/include/opus_projection.h,0,1,1
/media/ullmann/HDDGabriel/engines/UnrealEngine/Engine/Source/Editor/Persona/Private/AnimTimeline/AnimTimelineTrack_MontageSections.cpp,0,2,2
/media/ullmann/HDDGabriel/engines/UnrealEngine/Engine/Source/ThirdParty/PhysX3/APEX_1.4/module/clothing/src/simd/sse2/NvSse2Simd4f.h,1,0,1
/media/ullmann/HDDGabriel/engines/UnrealEngine/Engine/Source/ThirdParty/Boost/boost-1_70_0/include/boost/polygon/detail/polygon_45_formation.hpp,2,0,2
/media/ullmann/HDDGabriel/engines/UnrealEngine/Engine/Source/Runtime/Engine/Classes/Animation/AnimClassData.h,0,1,1
/media/ullmann/HDDGabriel/engines/UnrealEngine/Engine/Source/Runtime/Engine/Classes/Animation/AnimBlueprintGeneratedClass.h,1,0,1
/media/ullmann/HDDGabriel/engines/UnrealEngine/Engine/Source/ThirdParty/ShaderConductor/ShaderConductor/External/DirectXShaderCompiler/lib/ExecutionEngine/IntelJITEvents/ittnotify_types.h,1,0,1
/media/ullmann/HDDGabriel/engines/UnrealEngine/Engine/Source/ThirdParty/GoogleGameSDK/gamesdk/src/swappy/opengl/SwappyGL.cpp,0,1,1
/media/ullmann/HDDGabriel/engines/UnrealEngine/Engine/Source/Runtime/Core/Private/Misc/App.cpp,0,1,1
/media/ullmann/HDDGabriel/engines/UnrealEngine/Engine/Source/Editor/DetailCustomizations/Private/KeyStructCustomization.cpp,0,1,1
/media/ullmann/HDDGabriel/engines/UnrealEngine/Engine/Source/Runtime/Sockets/Private/BSDSockets/SocketSubsystemBSDPrivate.h,1,0,1
/media/ullmann/HDDGabriel/engines/UnrealEngine/Engine/Source/ThirdParty/PhysX3/APEX_1.4/module/destructible/include/ModuleDestructibleImpl.h,2,1,3
/media/ullmann/HDDGabriel/engines/UnrealEngine/Engine/Source/ThirdParty/OpenVDB/openvdb-8.1.0/openvdb_ax/openvdb_ax/test/frontend/TestFunctionCallNode.cc,0,1,1
/media/ullmann/HDDGabriel/engines/UnrealEngine/Engine/Source/ThirdParty/Python3/Win64/include/cpython/listobject.h,1,0,1
/media/ullmann/HDDGabriel/engines/UnrealEngine/Engine/Source/Runtime/Renderer/Private/HairStrands/HairStrandsEnvironment.h,2,0,2
/media/ullmann/HDDGabriel/engines/UnrealEngine/Engine/Source/ThirdParty/ICU/icu4c-53_1/source/test/intltest/tztest.cpp,0,1,1
/media/ullmann/HDDGabriel/engines/UnrealEngine/Engine/Source/Runtime/NavigationSystem/Public/NavModifierVolume.h,0,1,1
/media/ullmann/HDDGabriel/engines/UnrealEngine/Engine/Source/ThirdParty/Python3/Linux/include/python3.9/cpython/initconfig.h,1,0,1
/media/ullmann/HDDGabriel/engines/UnrealEngine/Engine/Source/ThirdParty/openexr/openexr-3.1.1/src/lib/OpenEXRCore/internal_float_vector.h,1,0,1
/media/ullmann/HDDGabriel/engines/UnrealEngine/Engine/Source/Runtime/Engine/Private/TextureCompiler.cpp,0,1,1
/media/ullmann/HDDGabriel/engines/UnrealEngine/Engine/Source/Runtime/Engine/Private/LevelInstance/LevelInstanceActor.cpp,0,1,1
/media/ullmann/HDDGabriel/engines/UnrealEngine/Engine/Source/Runtime/Engine/Private/LevelInstance/LevelInstancePrivate.h,2,0,2
/media/ullmann/HDDGabriel/engines/UnrealEngine/Engine/Source/ThirdParty/mtlpp/mtlpp-master-7efad47/interpose/MTIDevice.hpp,0,1,1
/media/ullmann/HDDGabriel/engines/UnrealEngine/Engine/Source/ThirdParty/FreeImage/FreeImage-3.18.0/Source/LibJXR/image/sys/image.c,0,1,1
/media/ullmann/HDDGabriel/engines/UnrealEngine/Engine/Source/ThirdParty/PhysX3/PhysX_3.4/Source/GeomUtils/src/sweep/GuSweepCapsuleTriangle.h,1,0,1
/media/ullmann/HDDGabriel/engines/UnrealEngine/Engine/Source/ThirdParty/libcurl/include/Windows/curl/mprintf.h,0,1,1
/media/ullmann/HDDGabriel/engines/UnrealEngine/Engine/Source/ThirdParty/ICU/icu4c-53_1/source/test/intltest/itrbnfp.cpp,0,1,1
/media/ullmann/HDDGabriel/engines/UnrealEngine/Engine/Source/Developer/TraceInsights/Private/Insights/MemoryProfiler/MemoryProfilerManager.cpp,0,1,1
/media/ullmann/HDDGabriel/engines/UnrealEngine/Engine/Source/Developer/TraceInsights/Private/Insights/MemoryProfiler/MemoryProfilerManager.h,1,0,1
/media/ullmann/HDDGabriel/engines/UnrealEngine/Engine/Source/ThirdParty/Python3/Win64/include/internal/pycore_condvar.h,1,0,1
/media/ullmann/HDDGabriel/engines/UnrealEngine/Engine/Source/Editor/AnimGraph/Public/AnimGraphNode_CopyPoseFromMesh.h,0,1,1
/media/ullmann/HDDGabriel/engines/UnrealEngine/Engine/Source/ThirdParty/libOpus/opus-1.0.3/tests/test_opus_api.c,0,1,1
/media/ullmann/HDDGabriel/engines/UnrealEngine/Engine/Source/Runtime/AVEncoder/Private/VideoEncoderInput.cpp,0,2,2
/media/ullmann/HDDGabriel/engines/UnrealEngine/Engine/Source/ThirdParty/ICU/icu4c-64_1/source/test/intltest/mnkytst.h,2,1,3
/media/ullmann/HDDGabriel/engines/UnrealEngine/Engine/Source/Editor/DetailCustomizations/Private/DataTableCategoryCustomization.h,1,0,1
/media/ullmann/HDDGabriel/engines/UnrealEngine/Engine/Source/Editor/UnrealEd/Public/SViewportToolBarComboMenu.h,0,1,1
/media/ullmann/HDDGabriel/engines/UnrealEngine/Engine/Source/ThirdParty/Boost/boost-1_70_0/include/boost/outcome/experimental/status-code/com_code.hpp,0,2,2
/media/ullmann/HDDGabriel/engines/UnrealEngine/Engine/Source/ThirdParty/ICU/icu4c-53_1/source/samples/datefmt/main.cpp,0,1,1
/media/ullmann/HDDGabriel/engines/UnrealEngine/Engine/Source/ThirdParty/ICU/icu4c-53_1/source/samples/datefmt/util.h,1,0,1
/media/ullmann/HDDGabriel/engines/UnrealEngine/Engine/Source/ThirdParty/ShaderConductor/ShaderConductor/External/DirectXShaderCompiler/tools/clang/lib/StaticAnalyzer/Checkers/IdenticalExprChecker.cpp,0,1,1
/media/ullmann/HDDGabriel/engines/UnrealEngine/Engine/Source/ThirdParty/Windows/DirectX/Include/XAPOFX.h,0,1,1
/media/ullmann/HDDGabriel/engines/UnrealEngine/Engine/Source/Developer/TraceServices/Private/Modules/LoadTimeProfilerModule.h,2,0,2
/media/ullmann/HDDGabriel/engines/UnrealEngine/Engine/Source/Runtime/D3D12RHI/Private/D3D12CommandContext.cpp,0,2,2
/media/ullmann/HDDGabriel/engines/UnrealEngine/Engine/Source/ThirdParty/ShaderConductor/ShaderConductor/External/SPIRV-Tools/test/opt/loop_optimizations/pch_test_opt_loop.cpp,0,1,1
/media/ullmann/HDDGabriel/engines/UnrealEngine/Engine/Source/ThirdParty/ShaderConductor/ShaderConductor/External/SPIRV-Tools/test/opt/loop_optimizations/pch_test_opt_loop.h,1,0,1
/media/ullmann/HDDGabriel/engines/UnrealEngine/Engine/Source/ThirdParty/PhysX3/PhysX_3.4/Source/GeomUtils/headers/GuSegment.h,2,0,2
/media/ullmann/HDDGabriel/engines/UnrealEngine/Engine/Source/Editor/StatsViewer/Private/StatsPages/PrimitiveStatsPage.h,1,0,1
/media/ullmann/HDDGabriel/engines/UnrealEngine/Engine/Source/ThirdParty/zlib/zlib-1.2.5/Src/deflate.h,2,1,3
/media/ullmann/HDDGabriel/engines/UnrealEngine/Engine/Source/ThirdParty/PhysX3/PhysX_3.4/Include/characterkinematic/PxControllerObstacles.h,1,0,1
/media/ullmann/HDDGabriel/engines/UnrealEngine/Engine/Source/ThirdParty/rpclib/Source/include/rpc/msgpack/adaptor/vector.hpp,1,0,1
/media/ullmann/HDDGabriel/engines/UnrealEngine/Engine/Source/ThirdParty/libcurl/include/Windows/curl/curlbuild.h,1,0,1
/media/ullmann/HDDGabriel/engines/UnrealEngine/Engine/Source/ThirdParty/OpenSubdiv/OpenSubdiv-3.4.4/regression/shapes/catmark_hole_test2.h,1,0,1
/media/ullmann/HDDGabriel/engines/UnrealEngine/Engine/Source/ThirdParty/Intel/ISPC/ispc-1.16.1/examples/cpu/options/options_defs.h,2,0,2
/media/ullmann/HDDGabriel/engines/UnrealEngine/Engine/Source/ThirdParty/WebRTC/4147/Include/tools/clang/plugins/CheckIPCVisitor.h,1,0,1
/media/ullmann/HDDGabriel/engines/UnrealEngine/Engine/Source/Editor/GraphEditor/Private/KismetNodes/SGraphNodeSpawnActorFromClass.h,1,0,1
/media/ullmann/HDDGabriel/engines/UnrealEngine/Engine/Source/Runtime/Engine/Private/Streaming/Texture2DStreamOut_AsyncReallocate.h,1,1,2
/media/ullmann/HDDGabriel/engines/UnrealEngine/Engine/Source/ThirdParty/PhysX3/APEX_1.4/module/destructible/include/autogen/DestructiblePreviewParam.h,1,0,1
/media/ullmann/HDDGabriel/engines/UnrealEngine/Engine/Source/ThirdParty/FreeType2/FreeType2-2.4.12/src/base/ftcalc.c,1,0,1
/media/ullmann/HDDGabriel/engines/UnrealEngine/Engine/Source/ThirdParty/SDL2/SDL-gui-backend/src/video/SDL_blit_A.c,0,2,2
/media/ullmann/HDDGabriel/engines/UnrealEngine/Engine/Source/ThirdParty/ShaderConductor/ShaderConductor/External/DirectXShaderCompiler/tools/clang/lib/Analysis/ScanfFormatString.cpp,0,1,1
/media/ullmann/HDDGabriel/engines/UnrealEngine/Engine/Source/Editor/DetailCustomizations/Private/AutoReimportDirectoryCustomization.cpp,0,1,1
/media/ullmann/HDDGabriel/engines/UnrealEngine/Engine/Source/ThirdParty/MCPP/mcpp-2.7.2/test-c/n_23.c,0,1,1
/media/ullmann/HDDGabriel/engines/UnrealEngine/Engine/Source/ThirdParty/ShaderConductor/ShaderConductor/External/DirectXShaderCompiler/tools/clang/lib/CodeGen/CodeGenTBAA.cpp,0,1,1
/media/ullmann/HDDGabriel/engines/UnrealEngine/Engine/Source/ThirdParty/ShaderConductor/ShaderConductor/External/DirectXShaderCompiler/tools/clang/lib/CodeGen/CodeGenTBAA.h,2,0,2
/media/ullmann/HDDGabriel/engines/UnrealEngine/Engine/Source/Editor/LandscapeEditor/Private/LandscapeEdModeComponentTools.cpp,0,2,2
/media/ullmann/HDDGabriel/engines/UnrealEngine/Engine/Source/Runtime/Core/Public/GenericPlatform/GenericPlatformMemory.h,2,0,2
/media/ullmann/HDDGabriel/engines/UnrealEngine/Engine/Source/ThirdParty/OpenSubdiv/Deploy/OpenSubdiv-3.4.4/include/opensubdiv/osd/cpuVertexBuffer.h,0,1,1
/media/ullmann/HDDGabriel/engines/UnrealEngine/Engine/Source/Developer/TraceInsights/Private/Insights/ContextSwitches/ViewModels/ContextSwitchTimingEvent.cpp,0,1,1
/media/ullmann/HDDGabriel/engines/UnrealEngine/Engine/Source/Developer/TraceInsights/Private/Insights/ContextSwitches/ViewModels/ContextSwitchTimingEvent.h,1,0,1
/media/ullmann/HDDGabriel/engines/UnrealEngine/Engine/Source/Runtime/UMG/Public/Components/Viewport.h,1,0,1
/media/ullmann/HDDGabriel/engines/UnrealEngine/Engine/Source/ThirdParty/libPNG/libPNG-1.5.27/pnglibconf.h,1,0,1
/media/ullmann/HDDGabriel/engines/UnrealEngine/Engine/Source/ThirdParty/FakeIt/2.0.2/tests/sequence_verification_tests.cpp,0,1,1
/media/ullmann/HDDGabriel/engines/UnrealEngine/Engine/Source/ThirdParty/FreeImage/FreeImage-3.18.0/Source/Metadata/FreeImageTag.cpp,0,1,1
/media/ullmann/HDDGabriel/engines/UnrealEngine/Engine/Source/Runtime/ImageWrapper/Private/Formats/PngImageWrapper.cpp,0,1,1
/media/ullmann/HDDGabriel/engines/UnrealEngine/Engine/Source/ThirdParty/MCPP/mcpp-2.7.2/test-c/warns.c,0,4,4
/media/ullmann/HDDGabriel/engines/UnrealEngine/Engine/Source/ThirdParty/MCPP/mcpp-2.7.2/test-c/ifdef15.h,1,0,1
/media/ullmann/HDDGabriel/engines/UnrealEngine/Engine/Source/ThirdParty/PhysX3/APEX_1.4/module/emitter/include/ImpactEmitterActorImpl.h,0,2,2
/media/ullmann/HDDGabriel/engines/UnrealEngine/Engine/Source/ThirdParty/PhysX3/APEX_1.4/module/emitter/include/ImpactEmitterAssetImpl.h,1,0,1
/media/ullmann/HDDGabriel/engines/UnrealEngine/Engine/Source/Runtime/AugmentedReality/Public/ARSharedWorldGameMode.h,0,2,2
/media/ullmann/HDDGabriel/engines/UnrealEngine/Engine/Source/Runtime/AugmentedReality/Public/ARSharedWorldGameState.h,1,0,1
/media/ullmann/HDDGabriel/engines/UnrealEngine/Engine/Source/ThirdParty/libstrophe/libstrophe-0.9.3/tests/test_resolver.c,0,1,1
/media/ullmann/HDDGabriel/engines/UnrealEngine/Engine/Source/ThirdParty/openexr/openexr-3.1.1/src/test/OpenEXRTest/compareDwa.cpp,0,1,1
/media/ullmann/HDDGabriel/engines/UnrealEngine/Engine/Source/ThirdParty/EOSSDK/SDK/Include/eos_reports.h,0,1,1
/media/ullmann/HDDGabriel/engines/UnrealEngine/Engine/Source/Runtime/Engine/Private/DataTableUtils.cpp,0,1,1
/media/ullmann/HDDGabriel/engines/UnrealEngine/Engine/Source/Developer/GameplayDebugger/Private/GameplayDebuggerExtension_Spectator.cpp,0,1,1
/media/ullmann/HDDGabriel/engines/UnrealEngine/Engine/Source/Runtime/AudioMixer/Private/AudioMixerEffectsManager.cpp,0,1,1
/media/ullmann/HDDGabriel/engines/UnrealEngine/Engine/Source/ThirdParty/SDL2/SDL-gui-backend/src/render/software/SDL_blendline.h,2,1,3
/media/ullmann/HDDGabriel/engines/UnrealEngine/Engine/Source/ThirdParty/OpenSubdiv/OpenSubdiv-3.4.4/regression/shapes/catmark_inf_crease0.h,1,0,1
/media/ullmann/HDDGabriel/engines/UnrealEngine/Engine/Source/ThirdParty/Unix/LibCxx/include/c++/v1/errno.h,0,1,1
/media/ullmann/HDDGabriel/engines/UnrealEngine/Engine/Source/Runtime/Slate/Public/Widgets/Layout/SExpandableArea.h,2,0,2
/media/ullmann/HDDGabriel/engines/UnrealEngine/Engine/Source/Editor/BehaviorTreeEditor/Private/BehaviorTreeEditorUtils.cpp,0,1,1
/media/ullmann/HDDGabriel/engines/UnrealEngine/Engine/Source/ThirdParty/Steamworks/Steamv146/sdk/public/steam/isteamhtmlsurface.h,1,1,2
/media/ullmann/HDDGabriel/engines/UnrealEngine/Engine/Source/Runtime/InputDevice/Public/InputDevice.h,0,2,2
/media/ullmann/HDDGabriel/engines/UnrealEngine/Engine/Source/Editor/BlueprintGraph/Classes/K2Node_FormatText.h,0,1,1
/media/ullmann/HDDGabriel/engines/UnrealEngine/Engine/Source/ThirdParty/ShaderConductor/ShaderConductor/External/DirectXShaderCompiler/tools/clang/lib/Format/UnwrappedLineParser.cpp,0,1,1
/media/ullmann/HDDGabriel/engines/UnrealEngine/Engine/Source/Editor/ProjectTargetPlatformEditor/Public/ProjectTargetPlatformEditor.h,0,1,1
/media/ullmann/HDDGabriel/engines/UnrealEngine/Engine/Source/Editor/ProjectTargetPlatformEditor/Public/Interfaces/IProjectTargetPlatformEditorModule.h,1,0,1
/media/ullmann/HDDGabriel/engines/UnrealEngine/Engine/Source/Editor/DetailCustomizations/Private/SceneComponentDetails.h,2,0,2
/media/ullmann/HDDGabriel/engines/UnrealEngine/Engine/Source/ThirdParty/FBX/2020.2/include/fbxsdk/scene/shading/fbxproceduraltexture.h,1,0,1
/media/ullmann/HDDGabriel/engines/UnrealEngine/Engine/Source/Runtime/OpenGLDrv/Public/OpenGL4.h,0,1,1
/media/ullmann/HDDGabriel/engines/UnrealEngine/Engine/Source/ThirdParty/ShaderConductor/ShaderConductor/External/DirectXShaderCompiler/lib/CodeGen/SelectionDAG/StatepointLowering.cpp,0,2,2
/media/ullmann/HDDGabriel/engines/UnrealEngine/Engine/Source/ThirdParty/Perforce/p4api-2014.1/include/p4/clientuser.h,1,0,1
/media/ullmann/HDDGabriel/engines/UnrealEngine/Engine/Source/Developer/Android/AndroidPlatformEditor/Private/AndroidTargetSettingsCustomization.h,2,0,2
/media/ullmann/HDDGabriel/engines/UnrealEngine/Engine/Source/ThirdParty/libPNG/libPNG-1.5.27/pngconf.h,1,0,1
/media/ullmann/HDDGabriel/engines/UnrealEngine/Engine/Source/Developer/TraceInsights/Private/Insights/Table/ViewModels/TableColumn.cpp,0,1,1
/media/ullmann/HDDGabriel/engines/UnrealEngine/Engine/Source/Developer/TraceInsights/Private/Insights/Table/ViewModels/TableColumn.h,1,0,1
/media/ullmann/HDDGabriel/engines/UnrealEngine/Engine/Source/ThirdParty/libOpus/opus-1.3.1-12/silk/MacroDebug.h,1,0,1
/media/ullmann/HDDGabriel/engines/UnrealEngine/Engine/Source/ThirdParty/ICU/icu4c-64_1/source/i18n/remtrans.h,2,1,3
/media/ullmann/HDDGabriel/engines/UnrealEngine/Engine/Source/ThirdParty/Intel/Embree/Embree270/src/kernels/xeon/builders/heuristic_spatial_list.h,1,2,3
/media/ullmann/HDDGabriel/engines/UnrealEngine/Engine/Source/ThirdParty/ICU/icu4c-53_1/source/test/intltest/dtfmtrtts.cpp,0,2,2
/media/ullmann/HDDGabriel/engines/UnrealEngine/Engine/Source/ThirdParty/WebRTC/4147/Include/third_party/libvpx/source/config/linux/mips64el/vp8_rtcd.h,0,1,1
/media/ullmann/HDDGabriel/engines/UnrealEngine/Engine/Source/ThirdParty/OpenVDB/Deploy/openvdb-8.1.0/include/openvdb/tree/ValueAccessor.h,1,0,1
/media/ullmann/HDDGabriel/engines/UnrealEngine/Engine/Source/Runtime/BinkAudioDecoder/SDK/BinkAudio/Src/binka_ue_encode.cpp,0,2,2
/media/ullmann/HDDGabriel/engines/UnrealEngine/Engine/Source/Developer/TraceServices/Private/Modules/LoadTimeProfilerModule.cpp,0,1,1
/media/ullmann/HDDGabriel/engines/UnrealEngine/Engine/Source/ThirdParty/PhysX3/PhysX_3.4/Include/vehicle/PxVehicleUtilControl.h,1,0,1
/media/ullmann/HDDGabriel/engines/UnrealEngine/Engine/Source/ThirdParty/CryptoPP/5.6.2/include/md4.cpp,0,3,3
/media/ullmann/HDDGabriel/engines/UnrealEngine/Engine/Source/ThirdParty/EOSSDK/SDK/Bin/IOS/EOSSDK.framework/Headers/eos_rtc.h,0,2,2
/media/ullmann/HDDGabriel/engines/UnrealEngine/Engine/Source/ThirdParty/PhysX3/NvCloth/samples/SampleBase/scene/scenes/ScaledScene.cpp,0,1,1
/media/ullmann/HDDGabriel/engines/UnrealEngine/Engine/Source/ThirdParty/PhysX3/NvCloth/samples/SampleBase/scene/scenes/ScaledScene.h,1,0,1
/media/ullmann/HDDGabriel/engines/UnrealEngine/Engine/Source/ThirdParty/Alembic/alembic-1.8.2/maya/AbcImport/LocatorHelper.cpp,0,3,3
/media/ullmann/HDDGabriel/engines/UnrealEngine/Engine/Source/Runtime/SlateCore/Public/Styling/SlateTypes.h,1,0,1
/media/ullmann/HDDGabriel/engines/UnrealEngine/Engine/Source/ThirdParty/ICU/icu4c-53_1/source/test/cintltst/cstrcase.c,0,1,1
/media/ullmann/HDDGabriel/engines/UnrealEngine/Engine/Source/Runtime/SlateCore/Public/Textures/TextureAtlas.h,1,0,1
/media/ullmann/HDDGabriel/engines/UnrealEngine/Engine/Source/Editor/BlueprintGraph/Private/K2Node_EditorPropertyAccess.cpp,0,1,1
/media/ullmann/HDDGabriel/engines/UnrealEngine/Engine/Source/Editor/BlueprintGraph/Private/K2Node_EditorPropertyAccess.h,1,0,1
/media/ullmann/HDDGabriel/engines/UnrealEngine/Engine/Source/ThirdParty/OpenSubdiv/OpenSubdiv-3.4.4/regression/shapes/catmark_nonman_bareverts.h,1,0,1
/media/ullmann/HDDGabriel/engines/UnrealEngine/Engine/Source/Runtime/CoreUObject/Public/UObject/GeneratedCppIncludes.h,1,0,1
/media/ullmann/HDDGabriel/engines/UnrealEngine/Engine/Source/Runtime/Engine/Public/AudioPluginUtilities.h,1,0,1
/media/ullmann/HDDGabriel/engines/UnrealEngine/Engine/Source/Runtime/Windows/WindowsPlatformFeatures/Private/WmfRingBuffer.cpp,0,1,1
/media/ullmann/HDDGabriel/engines/UnrealEngine/Engine/Source/Runtime/MovieScene/Public/EntitySystem/MovieSceneEntityBuilder.h,1,0,1
/media/ullmann/HDDGabriel/engines/UnrealEngine/Engine/Source/ThirdParty/FreeType2/FreeType2-2.10.0/src/raster/rasterrs.h,2,0,2
/media/ullmann/HDDGabriel/engines/UnrealEngine/Engine/Source/ThirdParty/xxhash/tests/bench/hashes.h,1,1,2
/media/ullmann/HDDGabriel/engines/UnrealEngine/Engine/Source/Runtime/AudioMixer/Public/Quartz/AudioMixerQuantizedCommands.h,0,1,1
/media/ullmann/HDDGabriel/engines/UnrealEngine/Engine/Source/Runtime/AudioMixer/Public/Quartz/AudioMixerClock.h,2,0,2
/media/ullmann/HDDGabriel/engines/UnrealEngine/Engine/Source/Editor/UnrealEd/Public/ScopedTransaction.h,2,0,2
/media/ullmann/HDDGabriel/engines/UnrealEngine/Engine/Source/ThirdParty/WebRTC/4147/Include/third_party/libvpx/source/config/ios/arm-neon/vp8_rtcd.h,0,1,1
/media/ullmann/HDDGabriel/engines/UnrealEngine/Engine/Source/ThirdParty/ICU/icu4c-64_1/source/test/intltest/cpdtrtst.cpp,0,1,1
/media/ullmann/HDDGabriel/engines/UnrealEngine/Engine/Source/Editor/MovieSceneTools/Private/Channels/ChannelCurveModel.cpp,0,1,1
/media/ullmann/HDDGabriel/engines/UnrealEngine/Engine/Source/Runtime/BinkAudioDecoder/SDK/BinkAudio/Src/binka_ue_decode_test_data_in.h,1,0,1
/media/ullmann/HDDGabriel/engines/UnrealEngine/Engine/Source/ThirdParty/FreeType2/FreeType2-2.10.4/src/otvalid/otvmod.h,1,0,1
/media/ullmann/HDDGabriel/engines/UnrealEngine/Engine/Source/Editor/Kismet/Public/DetailsDiff.h,0,1,1
/media/ullmann/HDDGabriel/engines/UnrealEngine/Engine/Source/ThirdParty/nvTextureTools/nvTextureTools-2.0.8/src/src/nvtt/squish/alpha.cpp,0,1,1
/media/ullmann/HDDGabriel/engines/UnrealEngine/Engine/Source/ThirdParty/zlib/zlib-1.2.5/Src/adler32.c,0,1,1
/media/ullmann/HDDGabriel/engines/UnrealEngine/Engine/Source/ThirdParty/PhysX3/APEX_1.4/module/clothing/embedded/CmTask.h,0,1,1
/media/ullmann/HDDGabriel/engines/UnrealEngine/Engine/Source/ThirdParty/PhysX3/APEX_1.4/module/clothing/embedded/CmPhysXCommon.h,1,0,1
/media/ullmann/HDDGabriel/engines/UnrealEngine/Engine/Source/ThirdParty/ICU/icu4c-64_1/source/test/perf/DateFmtPerf/datedata.h,1,0,1
/media/ullmann/HDDGabriel/engines/UnrealEngine/Engine/Source/ThirdParty/Eigen/Eigen/src/plugins/CommonCwiseBinaryOps.h,3,0,3
/media/ullmann/HDDGabriel/engines/UnrealEngine/Engine/Source/Developer/SlateReflector/Private/Widgets/SNavigationSimulationList.h,1,0,1
/media/ullmann/HDDGabriel/engines/UnrealEngine/Engine/Source/ThirdParty/Perforce/P4Api.Net/p4bridge/ConnectionManager.h,1,0,1
/media/ullmann/HDDGabriel/engines/UnrealEngine/Engine/Source/ThirdParty/PhysX3/PhysX_3.4/Source/LowLevelDynamics/include/DyConstraintWriteBack.h,2,0,2
/media/ullmann/HDDGabriel/engines/UnrealEngine/Engine/Source/ThirdParty/libcurl/curl-7.55.1/include/Win64/VS2015/curl/typecheck-gcc.h,1,0,1
/media/ullmann/HDDGabriel/engines/UnrealEngine/Engine/Source/Developer/AssetTools/Private/AssetTypeActions/AssetTypeActions_MaterialInstanceDynamic.h,1,0,1
/media/ullmann/HDDGabriel/engines/UnrealEngine/Engine/Source/Editor/DetailCustomizations/Private/DialogueWaveDetails.h,2,0,2
/media/ullmann/HDDGabriel/engines/UnrealEngine/Engine/Source/Runtime/Engine/Classes/GameFramework/LightWeightInstanceManager.h,0,1,1
/media/ullmann/HDDGabriel/engines/UnrealEngine/Engine/Source/ThirdParty/PhysX3/PhysX_3.4/Include/cloth/PxClothCollisionData.h,1,0,1
/media/ullmann/HDDGabriel/engines/UnrealEngine/Engine/Source/Runtime/D3D12RHI/Private/D3D12Allocation.h,2,1,3
/media/ullmann/HDDGabriel/engines/UnrealEngine/Engine/Source/ThirdParty/Python3/Mac/include/pycapsule.h,1,0,1
/media/ullmann/HDDGabriel/engines/UnrealEngine/Engine/Source/Runtime/Renderer/Private/SubsurfaceTiles.cpp,0,2,2
/media/ullmann/HDDGabriel/engines/UnrealEngine/Engine/Source/Editor/AnimGraph/Public/AnimGraphNode_RotationOffsetBlendSpaceGraph.h,0,1,1
/media/ullmann/HDDGabriel/engines/UnrealEngine/Engine/Source/ThirdParty/Intel/TBB/IntelTBB-2019u8/src/test/test_malloc_shutdown_hang.cpp,0,1,1
/media/ullmann/HDDGabriel/engines/UnrealEngine/Engine/Source/Runtime/Engine/Classes/Animation/AnimCompress.h,0,1,1
/media/ullmann/HDDGabriel/engines/UnrealEngine/Engine/Source/ThirdParty/ICU/icu4c-64_1/source/test/cintltst/ccurrtst.c,0,3,3
/media/ullmann/HDDGabriel/engines/UnrealEngine/Engine/Source/ThirdParty/llvm/8/include/llvm/DebugInfo/PDB/DIA/DIAEnumInjectedSources.h,0,1,1
/media/ullmann/HDDGabriel/engines/UnrealEngine/Engine/Source/Editor/DetailCustomizations/Private/MathStructProxyCustomizations.cpp,0,1,1
/media/ullmann/HDDGabriel/engines/UnrealEngine/Engine/Source/Runtime/Online/BackgroundHTTPFileHash/Private/BackgroundHttpFileHashModule.cpp,0,1,1
/media/ullmann/HDDGabriel/engines/UnrealEngine/Engine/Source/ThirdParty/WebRTC/4147/Include/base/third_party/double_conversion/double-conversion/bignum.h,0,1,1
/media/ullmann/HDDGabriel/engines/UnrealEngine/Engine/Source/ThirdParty/FreeImage/FreeImage-3.18.0/Source/OpenEXR/IlmImf/ImfMatrixAttribute.cpp,0,1,1
/media/ullmann/HDDGabriel/engines/UnrealEngine/Engine/Source/Developer/CrashDebugHelper/Private/Windows/CrashDebugHelperWindows.h,1,0,1
/media/ullmann/HDDGabriel/engines/UnrealEngine/Engine/Source/Developer/TraceInsights/Private/Insights/MemoryProfiler/ViewModels/MemAllocNode.cpp,0,1,1
/media/ullmann/HDDGabriel/engines/UnrealEngine/Engine/Source/Developer/TraceInsights/Private/Insights/MemoryProfiler/ViewModels/MemAllocNode.h,1,0,1
/media/ullmann/HDDGabriel/engines/UnrealEngine/Engine/Source/Developer/TraceInsights/Private/Insights/MemoryProfiler/ViewModels/MemoryTag.cpp,0,1,1
/media/ullmann/HDDGabriel/engines/UnrealEngine/Engine/Source/Developer/TraceInsights/Private/Insights/MemoryProfiler/ViewModels/MemoryTag.h,1,0,1
/media/ullmann/HDDGabriel/engines/UnrealEngine/Engine/Source/ThirdParty/openexr/openexr-3.1.1/src/examples/generalInterfaceExamples.cpp,0,2,2
/media/ullmann/HDDGabriel/engines/UnrealEngine/Engine/Source/ThirdParty/ICU/icu4c-53_1/source/i18n/ucln_in.c,0,1,1
/media/ullmann/HDDGabriel/engines/UnrealEngine/Engine/Source/ThirdParty/libPNG/libPNG-1.5.27/contrib/visupng/VisualPng.c,0,1,1
/media/ullmann/HDDGabriel/engines/UnrealEngine/Engine/Source/ThirdParty/libPNG/libPNG-1.5.27/contrib/visupng/resource.h,1,0,1
/media/ullmann/HDDGabriel/engines/UnrealEngine/Engine/Source/Developer/AssetTools/Private/AssetTypeActions/AssetTypeActions_World.h,1,0,1
/media/ullmann/HDDGabriel/engines/UnrealEngine/Engine/Source/Runtime/Overlay/Public/LocalizedOverlays.h,0,1,1
/media/ullmann/HDDGabriel/engines/UnrealEngine/Engine/Source/ThirdParty/PhysX3/APEX_1.4/module/clothing_legacy/include/autogen/ClothingAssetParameters_0p3.h,1,0,1
/media/ullmann/HDDGabriel/engines/UnrealEngine/Engine/Source/ThirdParty/MCPP/mcpp-2.7.2/test-t/nest1.h,0,1,1
/media/ullmann/HDDGabriel/engines/UnrealEngine/Engine/Source/Developer/TraceInsights/Private/Insights/MemoryProfiler/ViewModels/MemAllocGroupingBySize.cpp,0,1,1
/media/ullmann/HDDGabriel/engines/UnrealEngine/Engine/Source/Developer/TraceInsights/Private/Insights/MemoryProfiler/ViewModels/MemAllocGroupingBySize.h,1,0,1
/media/ullmann/HDDGabriel/engines/UnrealEngine/Engine/Source/Runtime/CoreUObject/Public/Misc/TextBuffer.h,1,0,1
/media/ullmann/HDDGabriel/engines/UnrealEngine/Engine/Source/ThirdParty/PhysX3/PhysX_3.4/Source/PhysX/src/cloth/NpClothFabric.cpp,0,1,1
/media/ullmann/HDDGabriel/engines/UnrealEngine/Engine/Source/Editor/PropertyEditor/Private/DetailMultiTopLevelObjectRootNode.cpp,0,2,2
/media/ullmann/HDDGabriel/engines/UnrealEngine/Engine/Source/Editor/UMGEditor/Private/Animation/WidgetMaterialTrackEditor.h,1,0,1
/media/ullmann/HDDGabriel/engines/UnrealEngine/Engine/Source/ThirdParty/rpclib/Source/include/rpc/msgpack/unpack.h,0,2,2
/media/ullmann/HDDGabriel/engines/UnrealEngine/Engine/Source/Runtime/Renderer/Private/Lumen/LumenRadianceCacheInterpolation.h,2,0,2
/media/ullmann/HDDGabriel/engines/UnrealEngine/Engine/Source/Editor/UMGEditor/Private/BlueprintModes/WidgetGraphApplicationMode.h,1,0,1
/media/ullmann/HDDGabriel/engines/UnrealEngine/Engine/Source/Editor/UnrealEd/Public/Kismet2/EnumEditorUtils.h,1,0,1
/media/ullmann/HDDGabriel/engines/UnrealEngine/Engine/Source/ThirdParty/FreeType2/FreeType2-2.10.0/src/pshinter/pshnterr.h,2,0,2
/media/ullmann/HDDGabriel/engines/UnrealEngine/Engine/Source/Editor/AnimGraph/Private/AnimGraphNode_LinkedAnimGraphBase.cpp,0,1,1
/media/ullmann/HDDGabriel/engines/UnrealEngine/Engine/Source/ThirdParty/WebRTC/4147/Include/third_party/opus/src/silk/MacroDebug.h,1,0,1
/media/ullmann/HDDGabriel/engines/UnrealEngine/Engine/Source/ThirdParty/nvTextureTools/nvTextureTools-2.0.8/src/gnuwin32/include/tiffvers.h,1,0,1
/media/ullmann/HDDGabriel/engines/UnrealEngine/Engine/Source/Editor/EditorFramework/Public/EditorModes.h,0,1,1
/media/ullmann/HDDGabriel/engines/UnrealEngine/Engine/Source/Editor/EditorFramework/Public/Tools/Modes.h,1,0,1
/media/ullmann/HDDGabriel/engines/UnrealEngine/Engine/Source/Developer/Windows/LiveCodingServer/Private/External/LC_CompilerOptions.h,3,0,3
/media/ullmann/HDDGabriel/engines/UnrealEngine/Engine/Source/ThirdParty/Eigen/Eigen/src/plugins/ArrayCwiseUnaryOps.h,1,0,1
/media/ullmann/HDDGabriel/engines/UnrealEngine/Engine/Source/ThirdParty/PhysX3/APEX_1.4/include/destructible/DestructibleAsset.h,0,2,2
/media/ullmann/HDDGabriel/engines/UnrealEngine/Engine/Source/Runtime/Online/WebSockets/Private/WebSocketsModule.cpp,0,2,2
/media/ullmann/HDDGabriel/engines/UnrealEngine/Engine/Source/Runtime/Online/WebSockets/Private/PlatformWebSocket.h,1,0,1
/media/ullmann/HDDGabriel/engines/UnrealEngine/Engine/Source/ThirdParty/PhysX3/APEX_1.4/module/clothing_legacy/include/autogen/ClothingAssetParameters_0p6.h,1,0,1
/media/ullmann/HDDGabriel/engines/UnrealEngine/Engine/Source/ThirdParty/PhysX3/PhysX_3.4/Include/geometry/PxBoxGeometry.h,2,0,2
/media/ullmann/HDDGabriel/engines/UnrealEngine/Engine/Source/ThirdParty/Intel/MetricsDiscovery/MetricsDiscoveryHelper/samples/range_sample_dx11/imgui/examples/directx12_example/imgui_impl_dx12.cpp,0,1,1
/media/ullmann/HDDGabriel/engines/UnrealEngine/Engine/Source/ThirdParty/FreeType2/FreeType2-2.10.0/src/psaux/afmparse.h,2,0,2
/media/ullmann/HDDGabriel/engines/UnrealEngine/Engine/Source/ThirdParty/libOpus/opus-1.3.1-12/silk/float/find_LTP_FLP.c,0,1,1
/media/ullmann/HDDGabriel/engines/UnrealEngine/Engine/Source/Editor/BehaviorTreeEditor/Private/BehaviorTreeConnectionDrawingPolicy.cpp,0,3,3
/media/ullmann/HDDGabriel/engines/UnrealEngine/Engine/Source/Programs/ZenDashboard/Private/ZenDashboard.h,1,0,1
/media/ullmann/HDDGabriel/engines/UnrealEngine/Engine/Source/ThirdParty/rpclib/Source/include/rpc/msgpack/adaptor/cpp11/reference_wrapper.hpp,1,0,1
/media/ullmann/HDDGabriel/engines/UnrealEngine/Engine/Source/Editor/Persona/Private/SRigPicker.cpp,0,1,1
/media/ullmann/HDDGabriel/engines/UnrealEngine/Engine/Source/Editor/Persona/Private/SRigPicker.h,2,0,2
/media/ullmann/HDDGabriel/engines/UnrealEngine/Engine/Source/ThirdParty/PhysX3/PhysX_3.4/Source/SceneQuery/src/SqPrunerTestsSIMD.h,1,0,1
/media/ullmann/HDDGabriel/engines/UnrealEngine/Engine/Source/ThirdParty/CryptoPP/5.6.2/include/squaretb.cpp,0,2,2
/media/ullmann/HDDGabriel/engines/UnrealEngine/Engine/Source/ThirdParty/Python3/Linux/include/python3.9/asdl.h,1,0,1
/media/ullmann/HDDGabriel/engines/UnrealEngine/Engine/Source/ThirdParty/libPNG/libPNG-1.6.37/contrib/examples/pngpixel.c,0,1,1
/media/ullmann/HDDGabriel/engines/UnrealEngine/Engine/Source/ThirdParty/Intel/Embree/Embree2140/src/kernels/bvh/bvh_statistics.cpp,0,1,1
/media/ullmann/HDDGabriel/engines/UnrealEngine/Engine/Source/ThirdParty/ICU/icu4c-64_1/source/tools/toolutil/udbgutil.cpp,0,1,1
/media/ullmann/HDDGabriel/engines/UnrealEngine/Engine/Source/ThirdParty/Intel/ISPC/ispc-1.16.1/examples/cpu/gmres/debug.h,2,0,2
/media/ullmann/HDDGabriel/engines/UnrealEngine/Engine/Source/Runtime/Slate/Public/Widgets/Text/SRichTextBlock.h,2,0,2
/media/ullmann/HDDGabriel/engines/UnrealEngine/Engine/Source/Runtime/Experimental/GeometryCollectionEngine/Public/GeometryCollection/GeometryCollectionHitProxy.h,0,1,1
/media/ullmann/HDDGabriel/engines/UnrealEngine/Engine/Source/ThirdParty/Android/libunwind/libunwind/src/hppa/Lresume.c,0,1,1
/media/ullmann/HDDGabriel/engines/UnrealEngine/Engine/Source/Editor/AnimGraph/Private/AnimBlueprintDetails.cpp,0,1,1
/media/ullmann/HDDGabriel/engines/UnrealEngine/Engine/Source/ThirdParty/mtlpp/mtlpp-master-7efad47/interpose/MTIBuffer.hpp,0,1,1
/media/ullmann/HDDGabriel/engines/UnrealEngine/Engine/Source/ThirdParty/PhysX3/PhysX_3.4/Source/GeomUtils/src/mesh/GuBV4_ProcessStreamNoOrder_SegmentAABB.h,1,0,1
/media/ullmann/HDDGabriel/engines/UnrealEngine/Engine/Source/Runtime/Core/Private/HoloLens/HoloLensRunnableThread.cpp,0,1,1
/media/ullmann/HDDGabriel/engines/UnrealEngine/Engine/Source/Runtime/Core/Private/HoloLens/HoloLensRunnableThread.h,2,0,2
/media/ullmann/HDDGabriel/engines/UnrealEngine/Engine/Source/ThirdParty/PhysX3/PhysX_3.4/Source/LowLevelDynamics/src/DyThreadContext.cpp,0,1,1
/media/ullmann/HDDGabriel/engines/UnrealEngine/Engine/Source/ThirdParty/Perforce/P4Api.Net/p4bridge-unit-test/TestP4Base.cpp,0,2,2
/media/ullmann/HDDGabriel/engines/UnrealEngine/Engine/Source/ThirdParty/Intel/TBB/IntelTBB-2019u8/src/test/harness_state_trackable.h,2,1,3
/media/ullmann/HDDGabriel/engines/UnrealEngine/Engine/Source/Developer/TraceInsights/Private/Insights/LoadingProfiler/Widgets/SLoadingProfilerToolbar.cpp,0,1,1
/media/ullmann/HDDGabriel/engines/UnrealEngine/Engine/Source/Developer/TraceInsights/Private/Insights/LoadingProfiler/Widgets/SLoadingProfilerToolbar.h,1,0,1
/media/ullmann/HDDGabriel/engines/UnrealEngine/Engine/Source/ThirdParty/OpenVDB/openvdb-8.1.0/openvdb/openvdb/tools/PointScatter.h,1,0,1
/media/ullmann/HDDGabriel/engines/UnrealEngine/Engine/Source/ThirdParty/PhysX3/PhysX_3.4/Source/LowLevel/software/include/PxsNphaseImplementationContext.h,0,2,2
/media/ullmann/HDDGabriel/engines/UnrealEngine/Engine/Source/Developer/Windows/LiveCoding/Private/External/LC_Memory.cpp,0,1,1
/media/ullmann/HDDGabriel/engines/UnrealEngine/Engine/Source/Runtime/Core/Public/GenericPlatform/GenericPlatformCriticalSection.h,1,0,1
/media/ullmann/HDDGabriel/engines/UnrealEngine/Engine/Source/ThirdParty/Intel/Embree/Embree270/src/kernels/xeon/bvh4/bvh4_rotate.cpp,0,1,1
/media/ullmann/HDDGabriel/engines/UnrealEngine/Engine/Source/ThirdParty/libOpus/opus-1.1/src/opus_multistream_decoder.c,0,1,1
/media/ullmann/HDDGabriel/engines/UnrealEngine/Engine/Source/ThirdParty/Android/libunwind/libunwind/src/coredump/_UCD_access_mem.c,0,2,2
/media/ullmann/HDDGabriel/engines/UnrealEngine/Engine/Source/ThirdParty/Python3/Win64/include/cpython/dictobject.h,1,0,1
/media/ullmann/HDDGabriel/engines/UnrealEngine/Engine/Source/ThirdParty/ShaderConductor/ShaderConductor/External/DirectXShaderCompiler/tools/llvm-objdump/ELFDump.cpp,0,1,1
/media/ullmann/HDDGabriel/engines/UnrealEngine/Engine/Source/Developer/AssetTools/Private/AssetTypeActions/AssetTypeActions_TextureCubeArray.cpp,0,1,1
/media/ullmann/HDDGabriel/engines/UnrealEngine/Engine/Source/ThirdParty/PhysX3/PhysX_3.4/Source/LowLevel/common/include/collision/PxcContactMethodImpl.h,1,0,1
/media/ullmann/HDDGabriel/engines/UnrealEngine/Engine/Source/ThirdParty/FakeIt/2.0.2/tests/stubbing_tests.cpp,0,1,1
/media/ullmann/HDDGabriel/engines/UnrealEngine/Engine/Source/ThirdParty/Android/libunwind/libunwind/src/ia64/Lparser.c,0,1,1
/media/ullmann/HDDGabriel/engines/UnrealEngine/Engine/Source/ThirdParty/ICU/icu4c-64_1/source/test/letest/FontObject.cpp,0,1,1
/media/ullmann/HDDGabriel/engines/UnrealEngine/Engine/Source/ThirdParty/ICU/icu4c-64_1/source/test/letest/FontObject.h,1,0,1
/media/ullmann/HDDGabriel/engines/UnrealEngine/Engine/Source/ThirdParty/Vulkan/Include/vulkan/vulkan_beta.h,1,0,1
/media/ullmann/HDDGabriel/engines/UnrealEngine/Engine/Source/ThirdParty/ShaderConductor/ShaderConductor/External/DirectXShaderCompiler/lib/Fuzzer/FuzzerSHA1.cpp,0,1,1
/media/ullmann/HDDGabriel/engines/UnrealEngine/Engine/Source/Editor/DistCurveEditor/Public/DistCurveEditorModule.h,0,1,1
/media/ullmann/HDDGabriel/engines/UnrealEngine/Engine/Source/Editor/DistCurveEditor/Public/IDistCurveEditor.h,1,0,1
/media/ullmann/HDDGabriel/engines/UnrealEngine/Engine/Source/Editor/SkeletonEditor/Private/SSkeletonTreeRow.cpp,0,1,1
/media/ullmann/HDDGabriel/engines/UnrealEngine/Engine/Source/ThirdParty/Steamworks/Steamv147/sdk/public/steam/isteamuser.h,1,1,2
/media/ullmann/HDDGabriel/engines/UnrealEngine/Engine/Source/Runtime/Engine/Private/PhysicsEngine/ScopedSQHitchRepeater.h,0,1,1
/media/ullmann/HDDGabriel/engines/UnrealEngine/Engine/Source/Runtime/Engine/Private/PhysicsEngine/CollisionQueryFilterCallback.h,1,0,1
/media/ullmann/HDDGabriel/engines/UnrealEngine/Engine/Source/Editor/SourceControlWindows/Private/SSourceControlDescription.cpp,0,1,1
/media/ullmann/HDDGabriel/engines/UnrealEngine/Engine/Source/ThirdParty/ICU/icu4c-53_1/source/test/intltest/tsdate.cpp,0,1,1
/media/ullmann/HDDGabriel/engines/UnrealEngine/Engine/Source/Editor/LevelEditor/Private/LevelEditorMenu.cpp,0,2,2
/media/ullmann/HDDGabriel/engines/UnrealEngine/Engine/Source/ThirdParty/Intel/Embree/Embree2140/src/common/lexers/stringstream.h,2,1,3
/media/ullmann/HDDGabriel/engines/UnrealEngine/Engine/Source/ThirdParty/FreeType2/FreeType2-2.10.0/src/truetype/ttsubpix.c,1,1,2
/media/ullmann/HDDGabriel/engines/UnrealEngine/Engine/Source/ThirdParty/ICU/icu4c-53_1/source/test/intltest/genderinfotest.cpp,0,1,1
/media/ullmann/HDDGabriel/engines/UnrealEngine/Engine/Source/ThirdParty/FreeImage/FreeImage-3.18.0/Source/LibJXR/image/decode/strInvTransform.c,0,1,1
/media/ullmann/HDDGabriel/engines/UnrealEngine/Engine/Source/ThirdParty/Python3/Mac/include/longintrepr.h,1,0,1
/media/ullmann/HDDGabriel/engines/UnrealEngine/Engine/Source/Runtime/Engine/Public/HModel.h,0,1,1
/media/ullmann/HDDGabriel/engines/UnrealEngine/Engine/Source/ThirdParty/FreeImage/FreeImage-3.18.0/Source/LibTIFF4/tif_color.c,0,1,1
/media/ullmann/HDDGabriel/engines/UnrealEngine/Engine/Source/ThirdParty/FBX/2020.2/include/fbxsdk/core/math/fbxvector4.h,1,0,1
/media/ullmann/HDDGabriel/engines/UnrealEngine/Engine/Source/Developer/TraceServices/Private/Analyzers/DiagnosticsAnalysis.cpp,0,1,1
/media/ullmann/HDDGabriel/engines/UnrealEngine/Engine/Source/Developer/TraceServices/Private/Analyzers/DiagnosticsAnalysis.h,1,0,1
/media/ullmann/HDDGabriel/engines/UnrealEngine/Engine/Source/Developer/TraceInsights/Private/Insights/Table/ViewModels/Table.cpp,0,1,1
/media/ullmann/HDDGabriel/engines/UnrealEngine/Engine/Source/Developer/TraceInsights/Private/Insights/Table/ViewModels/Table.h,1,0,1
/media/ullmann/HDDGabriel/engines/UnrealEngine/Engine/Source/ThirdParty/HarfBuzz/harfbuzz-2.4.0/src/hb-ucdn/ucdn.c,0,2,2
/media/ullmann/HDDGabriel/engines/UnrealEngine/Engine/Source/ThirdParty/HarfBuzz/harfbuzz-2.4.0/src/hb-ucdn/ucdn_db.h,1,0,1
/media/ullmann/HDDGabriel/engines/UnrealEngine/Engine/Source/ThirdParty/OpenVDB/openvdb-8.1.0/openvdb_ax/openvdb_ax/test/frontend/TestStatementListNode.cc,0,1,1
/media/ullmann/HDDGabriel/engines/UnrealEngine/Engine/Source/Runtime/Renderer/Public/MeshDrawShaderBindings.h,1,0,1
/media/ullmann/HDDGabriel/engines/UnrealEngine/Engine/Source/Programs/TextureShare/Samples/ThirdParty/TextureShare_ClientD3D11/TextureShareD3D11Client.cpp,0,1,1
/media/ullmann/HDDGabriel/engines/UnrealEngine/Engine/Source/ThirdParty/EOSSDK/SDK/Bin/IOS/EOSSDK.framework/Headers/eos_ecom_types.h,2,1,3
/media/ullmann/HDDGabriel/engines/UnrealEngine/Engine/Source/Editor/DetailCustomizations/Private/ComponentTransformDetails.cpp,0,1,1
/media/ullmann/HDDGabriel/engines/UnrealEngine/Engine/Source/ThirdParty/zlib/zlib-1.2.5/Src/contrib/minizip/crypt.h,2,0,2
/media/ullmann/HDDGabriel/engines/UnrealEngine/Engine/Source/ThirdParty/ShaderConductor/ShaderConductor/External/DirectXShaderCompiler/tools/clang/lib/Sema/SemaHLSL.cpp,0,1,1
/media/ullmann/HDDGabriel/engines/UnrealEngine/Engine/Source/ThirdParty/ShaderConductor/ShaderConductor/External/DirectXShaderCompiler/tools/clang/lib/Sema/VkConstantsTables.h,1,0,1
/media/ullmann/HDDGabriel/engines/UnrealEngine/Engine/Source/ThirdParty/mimalloc/src/alloc-override-osx.c,1,0,1
/media/ullmann/HDDGabriel/engines/UnrealEngine/Engine/Source/Runtime/Renderer/Private/InstanceCulling/InstanceCullingManager.cpp,0,1,1
/media/ullmann/HDDGabriel/engines/UnrealEngine/Engine/Source/ThirdParty/SPIRV-Reflect/SPIRV-Reflect/util/stripper/stripper.cpp,0,1,1
/media/ullmann/HDDGabriel/engines/UnrealEngine/Engine/Source/Runtime/D3D12RHI/Private/D3D12StateCachePrivate.h,1,1,2
/media/ullmann/HDDGabriel/engines/UnrealEngine/Engine/Source/Runtime/D3D12RHI/Private/D3D12DirectCommandListManager.h,2,0,2
/media/ullmann/HDDGabriel/engines/UnrealEngine/Engine/Source/ThirdParty/PhysX3/PhysX_3.4/Source/PhysXExtensions/src/ExtDistanceJoint.cpp,0,1,1
/media/ullmann/HDDGabriel/engines/UnrealEngine/Engine/Source/ThirdParty/OpenVDB/openvdb-8.1.0/openvdb_ax/openvdb_ax/grammar/generated/axparser.h,1,0,1
/media/ullmann/HDDGabriel/engines/UnrealEngine/Engine/Source/ThirdParty/Alembic/alembic-1.8.2/maya/AbcExport/MayaNurbsSurfaceWriter.cpp,0,2,2
/media/ullmann/HDDGabriel/engines/UnrealEngine/Engine/Source/ThirdParty/SDL2/SDL-gui-backend/src/power/SDL_power.c,0,2,2
/media/ullmann/HDDGabriel/engines/UnrealEngine/Engine/Source/ThirdParty/libcurl/include/Linux/x86_64-unknown-linux-gnu/curl/typecheck-gcc.h,1,0,1
/media/ullmann/HDDGabriel/engines/UnrealEngine/Engine/Source/ThirdParty/PhysX3/PhysX_3.4/Include/cooking/PxTriangleMeshDesc.h,1,0,1
/media/ullmann/HDDGabriel/engines/UnrealEngine/Engine/Source/Runtime/Online/BuildPatchServices/Public/BuildPatchState.h,1,0,1
/media/ullmann/HDDGabriel/engines/UnrealEngine/Engine/Source/ThirdParty/ICU/icu4c-64_1/source/common/ubidi_props_data.h,1,0,1
/media/ullmann/HDDGabriel/engines/UnrealEngine/Engine/Source/ThirdParty/ShaderConductor/ShaderConductor/External/DirectXShaderCompiler/tools/llvm-readobj/StreamWriter.cpp,0,1,1
/media/ullmann/HDDGabriel/engines/UnrealEngine/Engine/Source/ThirdParty/HarfBuzz/harfbuzz-2.4.0/src/hb-aat-fdsc-table.hh,1,0,1
/media/ullmann/HDDGabriel/engines/UnrealEngine/Engine/Source/ThirdParty/PhysX3/APEX_1.4/module/clothing/include/autogen/ClothingMaterialLibraryParameters.h,1,0,1
/media/ullmann/HDDGabriel/engines/UnrealEngine/Engine/Source/Runtime/Core/Public/Serialization/BitWriter.h,1,0,1
/media/ullmann/HDDGabriel/engines/UnrealEngine/Engine/Source/ThirdParty/Boost/boost-1_70_0/include/boost/polygon/gtl.hpp,0,1,1
/media/ullmann/HDDGabriel/engines/UnrealEngine/Engine/Source/ThirdParty/Alembic/alembic-1.8.2/maya/AbcImport/AlembicImportFileTranslator.cpp,0,1,1
/media/ullmann/HDDGabriel/engines/UnrealEngine/Engine/Source/ThirdParty/libPNG/libPNG-1.5.27/pngmem.c,0,1,1
/media/ullmann/HDDGabriel/engines/UnrealEngine/Engine/Source/Runtime/MediaUtils/Private/MediaRecorder.cpp,0,1,1
/media/ullmann/HDDGabriel/engines/UnrealEngine/Engine/Source/ThirdParty/FreeType2/FreeType2-2.10.4/src/base/ftoutln.c,1,0,1
/media/ullmann/HDDGabriel/engines/UnrealEngine/Engine/Source/ThirdParty/FreeImage/FreeImage-3.18.0/Source/LibPNG/pngmem.c,0,1,1
/media/ullmann/HDDGabriel/engines/UnrealEngine/Engine/Source/Programs/Enterprise/Datasmith/DatasmithARCHICADExporter/Private/GeometryUtil.cpp,0,1,1
/media/ullmann/HDDGabriel/engines/UnrealEngine/Engine/Source/ThirdParty/SDL2/SDL-gui-backend/src/video/khronos/vulkan/vulkan_vi.h,1,0,1
/media/ullmann/HDDGabriel/engines/UnrealEngine/Engine/Source/ThirdParty/ShaderConductor/ShaderConductor/External/DirectXShaderCompiler/tools/clang/tools/libclang/CXString.cpp,0,2,2
/media/ullmann/HDDGabriel/engines/UnrealEngine/Engine/Source/Runtime/Experimental/Chaos/Public/Chaos/AABBVectorized.h,0,1,1
/media/ullmann/HDDGabriel/engines/UnrealEngine/Engine/Source/ThirdParty/MCPP/mcpp-2.7.2/test-l/nest20.h,1,1,2
/media/ullmann/HDDGabriel/engines/UnrealEngine/Engine/Source/ThirdParty/MCPP/mcpp-2.7.2/test-l/nest21.h,1,1,2
/media/ullmann/HDDGabriel/engines/UnrealEngine/Engine/Source/ThirdParty/PhysX3/APEX_1.4/module/clothing_legacy/include/autogen/ClothingPhysicalMeshParameters_0p3.h,1,0,1
/media/ullmann/HDDGabriel/engines/UnrealEngine/Engine/Source/ThirdParty/FBX/2020.2/include/fbxsdk/utils/fbxprocessor.h,1,0,1
/media/ullmann/HDDGabriel/engines/UnrealEngine/Engine/Source/ThirdParty/libOpus/opus-1.3.1-12/celt/opus_custom_demo.c,0,1,1
/media/ullmann/HDDGabriel/engines/UnrealEngine/Engine/Source/ThirdParty/FontConfig/fontconfig-2.13.94/src/fcname.c,0,2,2
/media/ullmann/HDDGabriel/engines/UnrealEngine/Engine/Source/ThirdParty/llvm/8/include/llvm/MC/MCCodePadder.h,0,1,1
/media/ullmann/HDDGabriel/engines/UnrealEngine/Engine/Source/ThirdParty/llvm/8/include/llvm/MC/MCFragment.h,1,0,1
/media/ullmann/HDDGabriel/engines/UnrealEngine/Engine/Source/Runtime/Engine/Public/ActorFolder.h,0,1,1
/media/ullmann/HDDGabriel/engines/UnrealEngine/Engine/Source/Runtime/Engine/Public/Folder.h,1,0,1
/media/ullmann/HDDGabriel/engines/UnrealEngine/Engine/Source/Runtime/Apple/AGXRHI/Public/AGXViewport.h,1,0,1
/media/ullmann/HDDGabriel/engines/UnrealEngine/Engine/Source/ThirdParty/ICU/icu4c-64_1/source/i18n/dayperiodrules.h,2,0,2
/media/ullmann/HDDGabriel/engines/UnrealEngine/Engine/Source/ThirdParty/ICU/icu4c-53_1/source/i18n/brktrans.cpp,0,1,1
/media/ullmann/HDDGabriel/engines/UnrealEngine/Engine/Source/ThirdParty/MCPP/mcpp-2.7.2/test-c/nest13.h,1,1,2
/media/ullmann/HDDGabriel/engines/UnrealEngine/Engine/Source/ThirdParty/ShaderConductor/ShaderConductor/External/DirectXShaderCompiler/tools/clang/lib/StaticAnalyzer/Checkers/CheckSecuritySyntaxOnly.cpp,0,1,1
/media/ullmann/HDDGabriel/engines/UnrealEngine/Engine/Source/ThirdParty/EOSSDK/SDK/Include/eos_metrics_types.h,2,1,3
/media/ullmann/HDDGabriel/engines/UnrealEngine/Engine/Source/ThirdParty/GoogleOboe/Private/opensles/OpenSLESUtilities.cpp,0,1,1
/media/ullmann/HDDGabriel/engines/UnrealEngine/Engine/Source/ThirdParty/MCPP/mcpp-2.7.2/test-c/m_33_eucjp.c,0,1,1
/media/ullmann/HDDGabriel/engines/UnrealEngine/Engine/Source/ThirdParty/SDL2/SDL-gui-backend/src/video/winrt/SDL_winrtgamebar_cpp.h,1,0,1
/media/ullmann/HDDGabriel/engines/UnrealEngine/Engine/Source/Runtime/RenderCore/Public/PipelineCacheUtilities.h,0,1,1
/media/ullmann/HDDGabriel/engines/UnrealEngine/Engine/Source/ThirdParty/glslang/glslang/src/glslang_lib/glslang/MachineIndependent/Constant.cpp,0,1,1
/media/ullmann/HDDGabriel/engines/UnrealEngine/Engine/Source/ThirdParty/zlib/zlib-1.2.5/Src/contrib/puff/puff.c,0,1,1
/media/ullmann/HDDGabriel/engines/UnrealEngine/Engine/Source/ThirdParty/zlib/zlib-1.2.5/Src/contrib/puff/puff.h,1,0,1
/media/ullmann/HDDGabriel/engines/UnrealEngine/Engine/Source/ThirdParty/PhysX3/PhysX_3.4/Source/PhysX/src/PvdTypeNames.h,2,0,2
/media/ullmann/HDDGabriel/engines/UnrealEngine/Engine/Source/Editor/VREditor/VREditorBaseActor.cpp,0,1,1
/media/ullmann/HDDGabriel/engines/UnrealEngine/Engine/Source/Editor/VREditor/VREditorBaseActor.h,1,0,1
/media/ullmann/HDDGabriel/engines/UnrealEngine/Engine/Source/ThirdParty/ICU/icu4c-53_1/source/tools/ctestfw/uperf.cpp,0,1,1
/media/ullmann/HDDGabriel/engines/UnrealEngine/Engine/Source/ThirdParty/ICU/icu4c-53_1/source/tools/ctestfw/unicode/uperf.h,1,0,1
/media/ullmann/HDDGabriel/engines/UnrealEngine/Engine/Source/ThirdParty/nvTextureTools/nvTextureTools-2.0.6/src/src/nvtt/tools/imgdiff.cpp,0,1,1
/media/ullmann/HDDGabriel/engines/UnrealEngine/Engine/Source/ThirdParty/FreeImage/FreeImage-3.18.0/Source/CacheFile.h,0,2,2
/media/ullmann/HDDGabriel/engines/UnrealEngine/Engine/Source/ThirdParty/ICU/icu4c-64_1/source/test/cintltst/bocu1tst.c,0,1,1
/media/ullmann/HDDGabriel/engines/UnrealEngine/Engine/Source/ThirdParty/ShaderConductor/ShaderConductor/External/DirectXShaderCompiler/tools/llvm-c-test/calc.c,0,1,1
/media/ullmann/HDDGabriel/engines/UnrealEngine/Engine/Source/ThirdParty/rpclib/Source/include/rpc/msgpack/adaptor/msgpack_tuple.hpp,1,0,1
/media/ullmann/HDDGabriel/engines/UnrealEngine/Engine/Source/Runtime/GameplayMediaEncoder/Private/GameplayMediaEncoderModule.cpp,0,1,1
/media/ullmann/HDDGabriel/engines/UnrealEngine/Engine/Source/ThirdParty/ShaderConductor/ShaderConductor/External/DirectXShaderCompiler/lib/CodeGen/LiveRegMatrix.cpp,0,1,1
/media/ullmann/HDDGabriel/engines/UnrealEngine/Engine/Source/ThirdParty/FBX/2020.2/include/fbxsdk/fileio/fbxiobase.h,1,0,1
/media/ullmann/HDDGabriel/engines/UnrealEngine/Engine/Source/ThirdParty/OpenSubdiv/OpenSubdiv-3.4.4/regression/shapes/loop_fvar_bound2.h,1,0,1
/media/ullmann/HDDGabriel/engines/UnrealEngine/Engine/Source/Runtime/Online/BuildPatchServices/Private/Compactify/PatchDataCompactifier.h,1,0,1
/media/ullmann/HDDGabriel/engines/UnrealEngine/Engine/Source/ThirdParty/PhysX3/APEX_1.4/framework/include/autogen/BufferF32x2.h,1,0,1
/media/ullmann/HDDGabriel/engines/UnrealEngine/Engine/Source/ThirdParty/SDL2/SDL-gui-backend/src/video/SDL_blit_1.c,0,3,3
/media/ullmann/HDDGabriel/engines/UnrealEngine/Engine/Source/ThirdParty/Kiss_FFT/kiss_fft129/tools/kiss_fftnd.c,0,1,1
/media/ullmann/HDDGabriel/engines/UnrealEngine/Engine/Source/ThirdParty/Kiss_FFT/kiss_fft129/tools/kiss_fftnd.h,2,0,2
/media/ullmann/HDDGabriel/engines/UnrealEngine/Engine/Source/Runtime/Engine/Private/SkeletalMeshComponentPhysics.cpp,0,1,1
/media/ullmann/HDDGabriel/engines/UnrealEngine/Engine/Source/Editor/SceneOutliner/Public/ComponentTreeItem.h,0,1,1
/media/ullmann/HDDGabriel/engines/UnrealEngine/Engine/Source/ThirdParty/PhysX3/PhysX_3.4/Source/GeomUtils/src/mesh/GuBV32.cpp,0,1,1
/media/ullmann/HDDGabriel/engines/UnrealEngine/Engine/Source/ThirdParty/Python3/Mac/include/iterobject.h,1,0,1
/media/ullmann/HDDGabriel/engines/UnrealEngine/Engine/Source/ThirdParty/ICU/icu4c-53_1/source/test/intltest/idnaconf.cpp,0,1,1
/media/ullmann/HDDGabriel/engines/UnrealEngine/Engine/Source/ThirdParty/llvm/8/include/llvm/DebugInfo/PDB/PDBSymbolPublicSymbol.h,0,2,2
/media/ullmann/HDDGabriel/engines/UnrealEngine/Engine/Source/ThirdParty/OpenSubdiv/OpenSubdiv-3.4.4/regression/shapes/catmark_pole64.h,1,0,1
/media/ullmann/HDDGabriel/engines/UnrealEngine/Engine/Source/Editor/AnimGraph/Public/AnimGraphNode_LegIK.h,0,1,1
/media/ullmann/HDDGabriel/engines/UnrealEngine/Engine/Source/ThirdParty/FBX/2020.2/include/fbxsdk/fileio/fbxexporter.h,1,0,1
/media/ullmann/HDDGabriel/engines/UnrealEngine/Engine/Source/ThirdParty/libPNG/libPNG-1.5.2/contrib/gregbook/readpng2.c,0,1,1
/media/ullmann/HDDGabriel/engines/UnrealEngine/Engine/Source/Runtime/Core/Public/Misc/MonitoredProcess.h,1,0,1
/media/ullmann/HDDGabriel/engines/UnrealEngine/Engine/Source/Editor/BehaviorTreeEditor/Private/DetailCustomizations/BehaviorDecoratorDetails.h,1,0,1
/media/ullmann/HDDGabriel/engines/UnrealEngine/Engine/Source/ThirdParty/PhysX3/APEX_1.4/framework/include/ApexSceneUserNotify.h,2,0,2
/media/ullmann/HDDGabriel/engines/UnrealEngine/Engine/Source/ThirdParty/Vorbis/libvorbis-1.3.2/vq/localcodebook.h,1,0,1
/media/ullmann/HDDGabriel/engines/UnrealEngine/Engine/Source/Runtime/Core/Public/Async/Fundamental/Task.h,0,1,1
/media/ullmann/HDDGabriel/engines/UnrealEngine/Engine/Source/Runtime/Core/Public/Async/Fundamental/TaskDelegate.h,1,0,1
/media/ullmann/HDDGabriel/engines/UnrealEngine/Engine/Source/Editor/EditorStyle/Private/SlateEditorStyle.cpp,0,1,1
/media/ullmann/HDDGabriel/engines/UnrealEngine/Engine/Source/ThirdParty/CryptoPP/5.6.2/include/casts.cpp,0,2,2
/media/ullmann/HDDGabriel/engines/UnrealEngine/Engine/Source/Runtime/Online/HTTPServer/Private/HttpServerModule.cpp,0,1,1
/media/ullmann/HDDGabriel/engines/UnrealEngine/Engine/Source/Editor/GraphEditor/Public/GraphEditorSettings.h,1,0,1
/media/ullmann/HDDGabriel/engines/UnrealEngine/Engine/Source/ThirdParty/ShaderConductor/ShaderConductor/External/DirectXShaderCompiler/include/dxc/DXIL/DxilSemantic.h,0,2,2
/media/ullmann/HDDGabriel/engines/UnrealEngine/Engine/Source/ThirdParty/ICU/icu4c-53_1/source/common/utypes.c,0,1,1
/media/ullmann/HDDGabriel/engines/UnrealEngine/Engine/Source/Runtime/SlateCore/Public/Fonts/FontBulkData.h,1,0,1
/media/ullmann/HDDGabriel/engines/UnrealEngine/Engine/Source/ThirdParty/glslang/glslang/src/glslang_lib/glslang/MachineIndependent/RemoveTree.h,2,0,2
/media/ullmann/HDDGabriel/engines/UnrealEngine/Engine/Source/ThirdParty/Alembic/alembic-1.8.2/maya/AbcExport/MayaTransformWriter.cpp,0,2,2
/media/ullmann/HDDGabriel/engines/UnrealEngine/Engine/Source/Editor/PIEPreviewDeviceProfileSelector/Private/PIEPreviewWindowTitleBar.cpp,0,2,2
/media/ullmann/HDDGabriel/engines/UnrealEngine/Engine/Source/ThirdParty/ShaderConductor/ShaderConductor/External/DirectXShaderCompiler/lib/ExecutionEngine/RuntimeDyld/RuntimeDyldELF.cpp,0,2,2
/media/ullmann/HDDGabriel/engines/UnrealEngine/Engine/Source/ThirdParty/PhysX3/PhysX_3.4/Source/PhysX/src/buffering/ScbType.h,1,0,1
/media/ullmann/HDDGabriel/engines/UnrealEngine/Engine/Source/Editor/AnimGraph/Private/EditModes/ObserveBoneEditMode.h,1,0,1
/media/ullmann/HDDGabriel/engines/UnrealEngine/Engine/Source/Programs/SwitchboardListener/Private/SwitchboardMessageFuture.h,1,1,2
/media/ullmann/HDDGabriel/engines/UnrealEngine/Engine/Source/ThirdParty/ICU/icu4c-53_1/source/test/letest/FontTableCache.cpp,0,1,1
/media/ullmann/HDDGabriel/engines/UnrealEngine/Engine/Source/ThirdParty/OpenVDB/openvdb-8.1.0/openvdb/openvdb/tools/FindActiveValues.h,0,1,1
/media/ullmann/HDDGabriel/engines/UnrealEngine/Engine/Source/ThirdParty/OpenVDB/openvdb-8.1.0/openvdb/openvdb/tools/Count.h,1,0,1
/media/ullmann/HDDGabriel/engines/UnrealEngine/Engine/Source/ThirdParty/Python3/Linux/include/python3.9/pycapsule.h,1,0,1
/media/ullmann/HDDGabriel/engines/UnrealEngine/Engine/Source/Runtime/Renderer/Private/HairStrands/HairStrandsLUT.cpp,0,2,2
/media/ullmann/HDDGabriel/engines/UnrealEngine/Engine/Source/Runtime/Core/Public/Stats/StatsMisc.h,1,0,1
/media/ullmann/HDDGabriel/engines/UnrealEngine/Engine/Source/ThirdParty/ShaderConductor/ShaderConductor/External/DirectXShaderCompiler/tools/yaml2obj/yaml2coff.cpp,0,1,1
/media/ullmann/HDDGabriel/engines/UnrealEngine/Engine/Source/Editor/MovieSceneTools/Private/Channels/BoolChannelCurveModel.cpp,0,1,1
/media/ullmann/HDDGabriel/engines/UnrealEngine/Engine/Source/ThirdParty/Python3/Mac/include/context.h,1,0,1
/media/ullmann/HDDGabriel/engines/UnrealEngine/Engine/Source/ThirdParty/ICU/icu4c-64_1/source/test/intltest/idnaconf.cpp,0,1,1
/media/ullmann/HDDGabriel/engines/UnrealEngine/Engine/Source/Programs/IOS/UnrealLaunchDaemon/Private/UnrealLaunchDaemonApp.cpp,0,2,2
/media/ullmann/HDDGabriel/engines/UnrealEngine/Engine/Source/ThirdParty/PhysX3/PhysX_3.4/Source/LowLevelCloth/src/windows/CuDevicePointer.h,1,1,2
/media/ullmann/HDDGabriel/engines/UnrealEngine/Engine/Source/Editor/UnrealEd/Private/AssetDeleteModel.cpp,0,1,1
/media/ullmann/HDDGabriel/engines/UnrealEngine/Engine/Source/Editor/UnrealEd/Private/AutoReimport/AutoReimportUtilities.h,2,0,2
/media/ullmann/HDDGabriel/engines/UnrealEngine/Engine/Source/ThirdParty/Android/libunwind/libunwind/src/ptrace/_UPT_get_proc_name.c,0,1,1
/media/ullmann/HDDGabriel/engines/UnrealEngine/Engine/Source/ThirdParty/Intel/TBB/IntelTBB-2019u8/src/perf/cpq_pdes.cpp,0,1,1
/media/ullmann/HDDGabriel/engines/UnrealEngine/Engine/Source/ThirdParty/Python3/Win64/include/context.h,1,0,1
/media/ullmann/HDDGabriel/engines/UnrealEngine/Engine/Source/ThirdParty/ICU/icu4c-53_1/source/i18n/sortkey.cpp,0,1,1
/media/ullmann/HDDGabriel/engines/UnrealEngine/Engine/Source/Developer/AutomationDriver/Public/AutomationDriverTypeDefs.h,1,0,1
/media/ullmann/HDDGabriel/engines/UnrealEngine/Engine/Source/ThirdParty/libOpus/opus-1.3.1-12/silk/decode_indices.c,0,1,1
/media/ullmann/HDDGabriel/engines/UnrealEngine/Engine/Source/ThirdParty/libOpus/opus-1.3.1-12/silk/LP_variable_cutoff.c,0,1,1
/media/ullmann/HDDGabriel/engines/UnrealEngine/Engine/Source/ThirdParty/ICU/icu4c-53_1/source/i18n/unicode/currpinf.h,2,0,2
/media/ullmann/HDDGabriel/engines/UnrealEngine/Engine/Source/ThirdParty/openexr/openexr-3.1.1/src/lib/OpenEXR/ImfFastHuf.cpp,0,1,1
/media/ullmann/HDDGabriel/engines/UnrealEngine/Engine/Source/Developer/FunctionalTesting/Public/AutomationViewSettings.h,1,0,1
/media/ullmann/HDDGabriel/engines/UnrealEngine/Engine/Source/ThirdParty/Alembic/alembic-1.8.2/python/PyAlembic/PyOCamera.cpp,0,3,3
/media/ullmann/HDDGabriel/engines/UnrealEngine/Engine/Source/Developer/ShaderFormatVectorVM/Private/ir_vm_gen_bytecode_visitor.cpp,0,1,1
/media/ullmann/HDDGabriel/engines/UnrealEngine/Engine/Source/ThirdParty/PhysX3/APEX_1.4/common/include/ApexPreview.h,0,1,1
/media/ullmann/HDDGabriel/engines/UnrealEngine/Engine/Source/ThirdParty/PhysX3/APEX_1.4/common/include/ApexRenderable.h,2,0,2
/media/ullmann/HDDGabriel/engines/UnrealEngine/Engine/Source/Runtime/Online/XMPP/Private/XmppStrophe/XmppStrophe.h,1,0,1
/media/ullmann/HDDGabriel/engines/UnrealEngine/Engine/Source/Editor/UnrealEd/Private/Cooker/PackageBuildDependencyTracker.cpp,0,1,1
/media/ullmann/HDDGabriel/engines/UnrealEngine/Engine/Source/Editor/UnrealEd/Private/Cooker/PackageBuildDependencyTracker.h,1,0,1
/media/ullmann/HDDGabriel/engines/UnrealEngine/Engine/Source/ThirdParty/Boost/boost-1_70_0/include/boost/wave/cpplexer/re2clex/strict_cpp_re.inc,1,0,1
/media/ullmann/HDDGabriel/engines/UnrealEngine/Engine/Source/ThirdParty/FreeType2/FreeType2-2.10.0/src/base/ftpsprop.c,1,0,1
/media/ullmann/HDDGabriel/engines/UnrealEngine/Engine/Source/ThirdParty/Python3/Win64/include/osmodule.h,1,0,1
/media/ullmann/HDDGabriel/engines/UnrealEngine/Engine/Source/ThirdParty/ICU/icu4c-64_1/source/tools/genrb/rle.c,0,1,1
/media/ullmann/HDDGabriel/engines/UnrealEngine/Engine/Source/ThirdParty/Vorbis/libvorbis-1.3.2/lib/modes/psych_16.h,1,0,1
/media/ullmann/HDDGabriel/engines/UnrealEngine/Engine/Source/Runtime/Online/BuildPatchServices/Private/Installer/ChainedChunkSource.h,1,0,1
/media/ullmann/HDDGabriel/engines/UnrealEngine/Engine/Source/ThirdParty/zlib/zlib-1.2.5/Src/contrib/infback9/inftree9.h,2,0,2
/media/ullmann/HDDGabriel/engines/UnrealEngine/Engine/Source/ThirdParty/PhysX3/PhysX_3.4/Include/extensions/PxSerialization.h,1,0,1
/media/ullmann/HDDGabriel/engines/UnrealEngine/Engine/Source/ThirdParty/ICU/icu4c-64_1/source/test/intltest/regiontst.cpp,0,1,1
/media/ullmann/HDDGabriel/engines/UnrealEngine/Engine/Source/ThirdParty/ICU/icu4c-64_1/source/test/intltest/regiontst.h,2,1,3
/media/ullmann/HDDGabriel/engines/UnrealEngine/Engine/Source/ThirdParty/Intel/TBB/IntelTBB-2019u8/examples/graph/cholesky/cholesky.cpp,0,1,1
/media/ullmann/HDDGabriel/engines/UnrealEngine/Engine/Source/ThirdParty/PhysX3/PhysX_3.4/Include/extensions/PxTriangleMeshExt.h,1,0,1
/media/ullmann/HDDGabriel/engines/UnrealEngine/Engine/Source/ThirdParty/Vorbis/libvorbis-1.3.2/include/vorbis/vorbisfile.h,0,1,1
/media/ullmann/HDDGabriel/engines/UnrealEngine/Engine/Source/ThirdParty/Vorbis/libvorbis-1.3.2/include/vorbis/codec.h,2,0,2
/media/ullmann/HDDGabriel/engines/UnrealEngine/Engine/Source/ThirdParty/Android/libunwind/libunwind/include/libunwind-coredump.h,0,1,1
/media/ullmann/HDDGabriel/engines/UnrealEngine/Engine/Source/ThirdParty/ICU/icu4c-53_1/source/i18n/quant.h,2,0,2
/media/ullmann/HDDGabriel/engines/UnrealEngine/Engine/Source/ThirdParty/Intel/TBB/IntelTBB-2019u8/src/test/test_reader_writer_lock.cpp,0,2,2
/media/ullmann/HDDGabriel/engines/UnrealEngine/Engine/Source/ThirdParty/glslang/glslang/src/glslang_lib/hlsl/hlslGrammar.cpp,0,3,3
/media/ullmann/HDDGabriel/engines/UnrealEngine/Engine/Source/ThirdParty/FBX/2020.2/include/fbxsdk/fileio/fbximporter.h,1,0,1
/media/ullmann/HDDGabriel/engines/UnrealEngine/Engine/Source/ThirdParty/FreeImage/FreeImage-3.18.0/Source/LibWebP/src/webp/types.h,3,0,3
/media/ullmann/HDDGabriel/engines/UnrealEngine/Engine/Source/Runtime/UMG/Public/Slate/SObjectWidget.h,1,0,1
/media/ullmann/HDDGabriel/engines/UnrealEngine/Engine/Source/ThirdParty/Python3/Win64/include/cpython/import.h,1,0,1
/media/ullmann/HDDGabriel/engines/UnrealEngine/Engine/Source/ThirdParty/Android/libunwind/libunwind/src/ppc32/Linit.c,0,1,1
/media/ullmann/HDDGabriel/engines/UnrealEngine/Engine/Source/ThirdParty/PhysX3/PhysX_3.4/Include/particles/PxParticleFluidReadData.h,1,0,1
/media/ullmann/HDDGabriel/engines/UnrealEngine/Engine/Source/ThirdParty/DirectShow/DirectShow-1.0.0/src/Public/mtype.h,1,0,1
/media/ullmann/HDDGabriel/engines/UnrealEngine/Engine/Source/ThirdParty/Boost/boost-1_70_0/include/boost/tti/has_static_member_data.hpp,1,0,1
/media/ullmann/HDDGabriel/engines/UnrealEngine/Engine/Source/ThirdParty/Intel/ISPC/ispc-1.17.0/examples/xpu/common/share.h,0,1,1
/media/ullmann/HDDGabriel/engines/UnrealEngine/Engine/Source/ThirdParty/Intel/ISPC/ispc-1.17.0/examples/xpu/common/common_helpers.h,2,0,2
/media/ullmann/HDDGabriel/engines/UnrealEngine/Engine/Source/Developer/AnimationDataController/Private/AnimDataControllerActions.cpp,0,1,1
/media/ullmann/HDDGabriel/engines/UnrealEngine/Engine/Source/Developer/AnimationDataController/Private/AnimDataControllerActions.h,2,0,2
/media/ullmann/HDDGabriel/engines/UnrealEngine/Engine/Source/ThirdParty/ICU/icu4c-64_1/source/test/letest/FontTableCache.cpp,0,1,1
/media/ullmann/HDDGabriel/engines/UnrealEngine/Engine/Source/ThirdParty/ICU/icu4c-64_1/source/test/letest/FontTableCache.h,2,0,2
/media/ullmann/HDDGabriel/engines/UnrealEngine/Engine/Source/Developer/Windows/ShaderFormatD3D/Private/ShaderFormatD3D.cpp,0,1,1
/media/ullmann/HDDGabriel/engines/UnrealEngine/Engine/Source/ThirdParty/PhysX3/PhysX_3.4/Source/Common/src/CmRadixSortBuffered.cpp,0,1,1
/media/ullmann/HDDGabriel/engines/UnrealEngine/Engine/Source/ThirdParty/FBX/2020.2/include/fbxsdk/core/math/fbxmath.h,1,0,1
/media/ullmann/HDDGabriel/engines/UnrealEngine/Engine/Source/ThirdParty/PhysX3/APEX_1.4/module/destructible_legacy/include/autogen/DestructibleActorParam_0p8.h,1,0,1
/media/ullmann/HDDGabriel/engines/UnrealEngine/Engine/Source/ThirdParty/Python3/Mac/include/namespaceobject.h,1,0,1
/media/ullmann/HDDGabriel/engines/UnrealEngine/Engine/Source/Editor/IntroTutorials/Private/TutorialHyperlinkRun.cpp,0,1,1
/media/ullmann/HDDGabriel/engines/UnrealEngine/Engine/Source/Editor/IntroTutorials/Private/TutorialHyperlinkRun.h,2,0,2
/media/ullmann/HDDGabriel/engines/UnrealEngine/Engine/Source/ThirdParty/ICU/icu4c-53_1/source/test/cintltst/cnumtst.h,1,1,2
/media/ullmann/HDDGabriel/engines/UnrealEngine/Engine/Source/ThirdParty/ICU/icu4c-64_1/source/test/perf/leperf/PortableFontInstance.cpp,1,2,3
/media/ullmann/HDDGabriel/engines/UnrealEngine/Engine/Source/ThirdParty/ICU/icu4c-64_1/source/layoutex/RunArrays.cpp,0,1,1
/media/ullmann/HDDGabriel/engines/UnrealEngine/Engine/Source/Editor/MovieSceneTools/Private/TrackEditors/PropertyTrackEditors/VisibilityPropertyTrackEditor.h,1,0,1
/media/ullmann/HDDGabriel/engines/UnrealEngine/Engine/Source/Developer/TraceInsights/Private/Insights/Widgets/STimingView.cpp,0,1,1
/media/ullmann/HDDGabriel/engines/UnrealEngine/Engine/Source/Developer/TraceInsights/Private/Insights/Widgets/STimingView.h,1,0,1
/media/ullmann/HDDGabriel/engines/UnrealEngine/Engine/Source/ThirdParty/PhysX3/NvCloth/extensions/include/NvClothExt/ClothFabricCooker.h,0,1,1
/media/ullmann/HDDGabriel/engines/UnrealEngine/Engine/Source/ThirdParty/libcurl/include/Android/ARM64/curl/typecheck-gcc.h,1,0,1
/media/ullmann/HDDGabriel/engines/UnrealEngine/Engine/Source/ThirdParty/Android/libunwind/libunwind/src/mi/Lput_dynamic_unwind_info.c,0,1,1
/media/ullmann/HDDGabriel/engines/UnrealEngine/Engine/Source/ThirdParty/Android/libunwind/libunwind/src/mi/Gput_dynamic_unwind_info.c,1,0,1
/media/ullmann/HDDGabriel/engines/UnrealEngine/Engine/Source/ThirdParty/Intel/MetricsDiscovery/MetricsDiscoveryHelper/samples/range_sample_dx11/imgui/examples/opengl3_example/main.cpp,0,1,1
/media/ullmann/HDDGabriel/engines/UnrealEngine/Engine/Source/Developer/TraceInsights/Private/Insights/ContextSwitches/ViewModels/CpuCoreTimingTrack.cpp,0,1,1
/media/ullmann/HDDGabriel/engines/UnrealEngine/Engine/Source/Developer/TraceInsights/Private/Insights/ContextSwitches/ViewModels/CpuCoreTimingTrack.h,1,0,1
/media/ullmann/HDDGabriel/engines/UnrealEngine/Engine/Source/Runtime/UMG/Public/Components/ScaleBox.h,1,0,1
/media/ullmann/HDDGabriel/engines/UnrealEngine/Engine/Source/Runtime/MovieSceneTracks/Private/MovieSceneTracksComponentTypes.cpp,0,1,1
/media/ullmann/HDDGabriel/engines/UnrealEngine/Engine/Source/Runtime/MovieSceneTracks/Private/PreAnimatedState/MovieScenePreAnimatedComponentTransformStorage.h,1,0,1
/media/ullmann/HDDGabriel/engines/UnrealEngine/Engine/Source/ThirdParty/FreeType2/FreeType2-2.6/Include/ftgzip.h,0,1,1
/media/ullmann/HDDGabriel/engines/UnrealEngine/Engine/Source/Runtime/SlateRHIRenderer/Private/SlateMaterialResource.cpp,0,1,1
/media/ullmann/HDDGabriel/engines/UnrealEngine/Engine/Source/ThirdParty/FreeImage/FreeImage-3.18.0/Source/LibTIFF4/tiffvers.h,1,0,1
/media/ullmann/HDDGabriel/engines/UnrealEngine/Engine/Source/Editor/FoliageEdit/Private/ProceduralFoliageComponentVisualizer.cpp,0,1,1
/media/ullmann/HDDGabriel/engines/UnrealEngine/Engine/Source/Editor/BehaviorTreeEditor/Classes/BehaviorTreeGraphNode_CompositeDecorator.h,0,1,1
/media/ullmann/HDDGabriel/engines/UnrealEngine/Engine/Source/ThirdParty/FreeType2/FreeType2-2.10.4/src/autofit/afwarp.c,1,1,2
/media/ullmann/HDDGabriel/engines/UnrealEngine/Engine/Source/ThirdParty/Boost/boost-1_70_0/include/boost/range/algorithm.hpp,0,1,1
/media/ullmann/HDDGabriel/engines/UnrealEngine/Engine/Source/Editor/Sequencer/Private/SequencerKeyActor.cpp,0,2,2
/media/ullmann/HDDGabriel/engines/UnrealEngine/Engine/Source/ThirdParty/FreeType2/FreeType2-2.6/Src/bdf/bdferror.h,2,0,2
/media/ullmann/HDDGabriel/engines/UnrealEngine/Engine/Source/Runtime/Renderer/Private/VT/AllocatedVirtualTexture.cpp,0,1,1
/media/ullmann/HDDGabriel/engines/UnrealEngine/Engine/Source/Editor/MergeActors/Private/MeshProxyTool/MeshProxyTool.h,1,0,1
/media/ullmann/HDDGabriel/engines/UnrealEngine/Engine/Source/ThirdParty/FreeType2/FreeType2-2.6/Src/bdf/bdflib.c,1,2,3
/media/ullmann/HDDGabriel/engines/UnrealEngine/Engine/Source/ThirdParty/Intel/Embree/Embree270/src/kernels/algorithms/pset.cpp,0,1,1
/media/ullmann/HDDGabriel/engines/UnrealEngine/Engine/Source/ThirdParty/WebRTC/4147/Include/third_party/opus/src/celt/laplace.h,0,2,2
/media/ullmann/HDDGabriel/engines/UnrealEngine/Engine/Source/ThirdParty/PhysX3/APEX_1.4/module/destructible_legacy/include/autogen/DestructibleActorParam_0p29.h,1,0,1
/media/ullmann/HDDGabriel/engines/UnrealEngine/Engine/Source/ThirdParty/ShaderConductor/ShaderConductor/External/cxxopts/test/options.cpp,0,1,1
/media/ullmann/HDDGabriel/engines/UnrealEngine/Engine/Source/ThirdParty/NVIDIA/nvapi/NvApiDriverSettings.c,0,1,1
/media/ullmann/HDDGabriel/engines/UnrealEngine/Engine/Source/ThirdParty/NVIDIA/nvapi/NvApiDriverSettings.h,1,0,1
/media/ullmann/HDDGabriel/engines/UnrealEngine/Engine/Source/ThirdParty/WebRTC/4147/Include/tools/clang/blink_gc_plugin/tests/destructor_access_finalized_field.h,0,1,1
/media/ullmann/HDDGabriel/engines/UnrealEngine/Engine/Source/ThirdParty/Kiss_FFT/kiss_fft129/tools/kiss_fftndr.c,0,1,1
/media/ullmann/HDDGabriel/engines/UnrealEngine/Engine/Source/Runtime/WebBrowser/Private/Native/NativeJSStructDeserializerBackend.cpp,0,2,2
/media/ullmann/HDDGabriel/engines/UnrealEngine/Engine/Source/Runtime/SignalProcessing/Public/DSP/DynamicsProcessor.h,0,1,1
/media/ullmann/HDDGabriel/engines/UnrealEngine/Engine/Source/Runtime/SignalProcessing/Public/DSP/Filter.h,1,0,1
/media/ullmann/HDDGabriel/engines/UnrealEngine/Engine/Source/ThirdParty/OpenSubdiv/OpenSubdiv-3.4.4/opensubdiv/osd/cpuVertexBuffer.cpp,0,1,1
/media/ullmann/HDDGabriel/engines/UnrealEngine/Engine/Source/Runtime/Analytics/Analytics/Public/AnalyticsConversion.h,1,0,1
/media/ullmann/HDDGabriel/engines/UnrealEngine/Engine/Source/ThirdParty/ICU/icu4c-64_1/source/i18n/rbt_data.cpp,0,1,1
/media/ullmann/HDDGabriel/engines/UnrealEngine/Engine/Source/ThirdParty/SDL2/SDL-gui-backend/src/audio/aaudio/SDL_aaudiofuncs.h,1,0,1
/media/ullmann/HDDGabriel/engines/UnrealEngine/Engine/Source/ThirdParty/ICU/icu4c-64_1/source/common/unicode/ucharstriebuilder.h,2,0,2
/media/ullmann/HDDGabriel/engines/UnrealEngine/Engine/Source/Runtime/Engine/Classes/Animation/AnimNodeFunctionRef.h,1,0,1
/media/ullmann/HDDGabriel/engines/UnrealEngine/Engine/Source/ThirdParty/FreeImage/FreeImage-3.18.0/Source/LibJPEG/jdcolor.c,0,2,2
/media/ullmann/HDDGabriel/engines/UnrealEngine/Engine/Source/ThirdParty/PhysX3/APEX_1.4/module/destructible_legacy/include/autogen/CachedOverlaps_0p0.h,1,0,1
/media/ullmann/HDDGabriel/engines/UnrealEngine/Engine/Source/ThirdParty/PhysX3/APEX_1.4/module/clothing_legacy/include/autogen/ClothingPhysicalMeshParameters_0p9.h,1,0,1
/media/ullmann/HDDGabriel/engines/UnrealEngine/Engine/Source/ThirdParty/ICU/icu4c-64_1/source/samples/translit/main.cpp,0,2,2
/media/ullmann/HDDGabriel/engines/UnrealEngine/Engine/Source/ThirdParty/ICU/icu4c-64_1/source/samples/translit/util.h,1,0,1
/media/ullmann/HDDGabriel/engines/UnrealEngine/Engine/Source/Runtime/Core/Public/Experimental/Containers/FAAArrayQueue.h,0,1,1
/media/ullmann/HDDGabriel/engines/UnrealEngine/Engine/Source/Runtime/Core/Public/Experimental/Containers/HazardPointer.h,1,0,1
/media/ullmann/HDDGabriel/engines/UnrealEngine/Engine/Source/Editor/DetailCustomizations/Private/SkeletalMeshComponentDetails.cpp,0,1,1
/media/ullmann/HDDGabriel/engines/UnrealEngine/Engine/Source/ThirdParty/ICU/icu4c-64_1/source/test/intltest/scientificnumberformattertest.cpp,0,1,1
/media/ullmann/HDDGabriel/engines/UnrealEngine/Engine/Source/Runtime/Renderer/Private/PostProcess/PostProcessBokehDOF.cpp,0,1,1
/media/ullmann/HDDGabriel/engines/UnrealEngine/Engine/Source/Runtime/Renderer/Private/PostProcess/DiaphragmDOF.h,1,0,1
/media/ullmann/HDDGabriel/engines/UnrealEngine/Engine/Source/Runtime/Analytics/AnalyticsET/Public/IAnalyticsProviderET.h,0,1,1
/media/ullmann/HDDGabriel/engines/UnrealEngine/Engine/Source/Runtime/Analytics/AnalyticsET/Public/AnalyticsET.h,1,0,1
/media/ullmann/HDDGabriel/engines/UnrealEngine/Engine/Source/ThirdParty/OpenVDB/openvdb-8.1.0/openvdb/openvdb/tools/Dense.h,1,1,2
/media/ullmann/HDDGabriel/engines/UnrealEngine/Engine/Source/Developer/AssetTools/Private/AssetTypeActions/AssetTypeActions_SubUVAnimation.h,1,0,1
/media/ullmann/HDDGabriel/engines/UnrealEngine/Engine/Source/ThirdParty/WebRTC/4147/Include/rtc_base/weak_ptr.h,0,1,1
/media/ullmann/HDDGabriel/engines/UnrealEngine/Engine/Source/ThirdParty/rpclib/Source/include/rpc/this_handler.h,0,1,1
/media/ullmann/HDDGabriel/engines/UnrealEngine/Engine/Source/ThirdParty/rpclib/Source/include/rpc/this_handler.inl,1,0,1
/media/ullmann/HDDGabriel/engines/UnrealEngine/Engine/Source/Editor/MeshPaint/Public/MeshPaintSettings.h,0,1,1
/media/ullmann/HDDGabriel/engines/UnrealEngine/Engine/Source/Editor/DerivedDataEditor/Private/SDerivedDataDialogs.cpp,0,2,2
/media/ullmann/HDDGabriel/engines/UnrealEngine/Engine/Source/Developer/Windows/LiveCoding/Private/External/LC_UtcTime.h,2,0,2
/media/ullmann/HDDGabriel/engines/UnrealEngine/Engine/Source/Editor/Persona/Private/PersonaAssetFamily.cpp,0,1,1
/media/ullmann/HDDGabriel/engines/UnrealEngine/Engine/Source/Runtime/Slate/Public/Framework/Text/SlateTextLayoutFactory.h,2,0,2
/media/ullmann/HDDGabriel/engines/UnrealEngine/Engine/Source/ThirdParty/xxhash/tests/bench/benchfn.h,3,0,3
/media/ullmann/HDDGabriel/engines/UnrealEngine/Engine/Source/ThirdParty/PhysX3/PhysX_3.4/Source/PhysXExtensions/src/serialization/Binary/SnConvX_Union.h,1,0,1
/media/ullmann/HDDGabriel/engines/UnrealEngine/Engine/Source/Runtime/Experimental/Voronoi/Private/voro++/src/v_base_wl.inl,1,0,1
/media/ullmann/HDDGabriel/engines/UnrealEngine/Engine/Source/ThirdParty/MCPP/mcpp-2.7.2/test-l/nest112.h,1,1,2
/media/ullmann/HDDGabriel/engines/UnrealEngine/Engine/Source/Editor/BlueprintGraph/Classes/K2Node_GetInputAxisValue.h,0,1,1
/media/ullmann/HDDGabriel/engines/UnrealEngine/Engine/Source/Editor/Persona/Private/SAnimEditorBase.cpp,0,1,1
/media/ullmann/HDDGabriel/engines/UnrealEngine/Engine/Source/Editor/Kismet/Private/FindInBlueprintManager.cpp,0,1,1
/media/ullmann/HDDGabriel/engines/UnrealEngine/Engine/Source/ThirdParty/OpenSubdiv/Deploy/OpenSubdiv-3.4.4/include/opensubdiv/hbr/holeEdit.h,0,1,1
/media/ullmann/HDDGabriel/engines/UnrealEngine/Engine/Source/Editor/Sequencer/Private/DisplayNodes/SequencerDisplayNode.cpp,0,1,1
/media/ullmann/HDDGabriel/engines/UnrealEngine/Engine/Source/ThirdParty/PhysX3/PhysX_3.4/Include/solver/PxSolverDefs.h,1,0,1
/media/ullmann/HDDGabriel/engines/UnrealEngine/Engine/Source/Editor/MaterialEditor/Private/MaterialEditorInstanceDetailCustomization.cpp,0,1,1
/media/ullmann/HDDGabriel/engines/UnrealEngine/Engine/Source/ThirdParty/ICU/icu4c-53_1/source/common/udataswp.c,0,5,5
/media/ullmann/HDDGabriel/engines/UnrealEngine/Engine/Source/ThirdParty/NVIDIA/nvapi/nvHLSLExtns.h,0,1,1
/media/ullmann/HDDGabriel/engines/UnrealEngine/Engine/Source/ThirdParty/ShaderConductor/ShaderConductor/External/DirectXShaderCompiler/tools/llvm-pdbdump/LinePrinter.cpp,0,2,2
/media/ullmann/HDDGabriel/engines/UnrealEngine/Engine/Source/ThirdParty/FreeType2/FreeType2-2.10.0/src/truetype/ttdriver.h,1,0,1
/media/ullmann/HDDGabriel/engines/UnrealEngine/Engine/Source/Editor/FontEditor/Private/SCompositeFontEditor.cpp,0,1,1
/media/ullmann/HDDGabriel/engines/UnrealEngine/Engine/Source/ThirdParty/ICU/icu4c-53_1/source/samples/layout/FontMap.cpp,0,2,2
/media/ullmann/HDDGabriel/engines/UnrealEngine/Engine/Source/ThirdParty/Steamworks/Steamv146/sdk/public/steam/isteamscreenshots.h,1,1,2
/media/ullmann/HDDGabriel/engines/UnrealEngine/Engine/Source/ThirdParty/WebRTC/4147/Include/third_party/libvpx/source/config/linux/mips64el/vp9_rtcd.h,0,1,1
/media/ullmann/HDDGabriel/engines/UnrealEngine/Engine/Source/ThirdParty/Crunch/src/crnlib/crn_ktx_texture.h,2,1,3
/media/ullmann/HDDGabriel/engines/UnrealEngine/Engine/Source/ThirdParty/PhysX3/APEX_1.4/module/framework_legacy/include/autogen/BufferU16x4_0p0.h,1,0,1
/media/ullmann/HDDGabriel/engines/UnrealEngine/Engine/Source/ThirdParty/PhysX3/PhysX_3.4/Source/SimulationController/src/cloth/ScClothSim.cpp,0,1,1
/media/ullmann/HDDGabriel/engines/UnrealEngine/Engine/Source/ThirdParty/libOpus/opus-1.3.1-12/silk/debug.c,0,2,2
/media/ullmann/HDDGabriel/engines/UnrealEngine/Engine/Source/ThirdParty/ICU/icu4c-64_1/source/test/cintltst/custrtst.c,0,1,1
/media/ullmann/HDDGabriel/engines/UnrealEngine/Engine/Source/Runtime/Landscape/Private/LandscapeModule.cpp,0,1,1
/media/ullmann/HDDGabriel/engines/UnrealEngine/Engine/Source/ThirdParty/FreeType2/FreeType2-2.10.4/src/cff/cffobjs.h,2,0,2
/media/ullmann/HDDGabriel/engines/UnrealEngine/Engine/Source/ThirdParty/PhysX3/APEX_1.4/shared/external/include/SkeletalAnim.h,0,1,1
/media/ullmann/HDDGabriel/engines/UnrealEngine/Engine/Source/ThirdParty/PhysX3/APEX_1.4/shared/external/include/TriangleMesh.h,1,0,1
/media/ullmann/HDDGabriel/engines/UnrealEngine/Engine/Source/ThirdParty/ShaderConductor/ShaderConductor/External/DirectXShaderCompiler/include/llvm/DebugInfo/PDB/PDBExtras.h,1,1,2
/media/ullmann/HDDGabriel/engines/UnrealEngine/Engine/Source/ThirdParty/DirectShow/DirectShow-1.0.0/src/Public/videoctl.h,1,0,1
/media/ullmann/HDDGabriel/engines/UnrealEngine/Engine/Source/Runtime/Landscape/Public/LandscapeRender.h,1,0,1
/media/ullmann/HDDGabriel/engines/UnrealEngine/Engine/Source/ThirdParty/OpenVDB/openvdb-8.1.0/openvdb_ax/openvdb_ax/test/frontend/TestConditionalStatementNode.cc,0,1,1
/media/ullmann/HDDGabriel/engines/UnrealEngine/Engine/Source/Runtime/Networking/Public/Common/TcpListener.h,1,0,1
/media/ullmann/HDDGabriel/engines/UnrealEngine/Engine/Source/ThirdParty/Python3/Win64/include/funcobject.h,1,0,1
/media/ullmann/HDDGabriel/engines/UnrealEngine/Engine/Source/ThirdParty/WebRTC/4147/Include/tools/clang/blink_gc_plugin/tests/traceimpl_dependent_scope.h,0,1,1
/media/ullmann/HDDGabriel/engines/UnrealEngine/Engine/Source/Runtime/Experimental/Interchange/Engine/Private/Tasks/InterchangeTaskCompletion.cpp,0,1,1
/media/ullmann/HDDGabriel/engines/UnrealEngine/Engine/Source/ThirdParty/Python3/Mac/include/sliceobject.h,1,0,1
/media/ullmann/HDDGabriel/engines/UnrealEngine/Engine/Source/ThirdParty/PhysX3/PhysX_3.4/Source/GeomUtils/headers/GuIntersectionBoxBox.h,0,1,1
/media/ullmann/HDDGabriel/engines/UnrealEngine/Engine/Source/ThirdParty/WebRTC/4147/Include/third_party/opus/src/silk/float/SigProc_FLP.h,1,0,1
/media/ullmann/HDDGabriel/engines/UnrealEngine/Engine/Source/ThirdParty/PhysX3/PhysX_3.4/Source/SimulationController/src/cloth/ScClothShape.cpp,0,2,2
/media/ullmann/HDDGabriel/engines/UnrealEngine/Engine/Source/ThirdParty/PhysX3/PhysX_3.4/Source/SimulationController/src/cloth/ScClothShape.h,2,0,2
/media/ullmann/HDDGabriel/engines/UnrealEngine/Engine/Source/Developer/MeshSimplifier/Private/SimpVert.h,1,0,1
/media/ullmann/HDDGabriel/engines/UnrealEngine/Engine/Source/ThirdParty/ShaderConductor/ShaderConductor/External/DirectXShaderCompiler/lib/Fuzzer/FuzzerLoop.cpp,0,1,1
/media/ullmann/HDDGabriel/engines/UnrealEngine/Engine/Source/Developer/CollisionAnalyzer/Private/CollisionAnalyzerLog.h,2,0,2
/media/ullmann/HDDGabriel/engines/UnrealEngine/Engine/Source/ThirdParty/PhysX3/APEX_1.4/module/clothing/include/autogen/ClothingCookedParam.h,1,0,1
/media/ullmann/HDDGabriel/engines/UnrealEngine/Engine/Source/ThirdParty/FBX/2020.2/include/fbxsdk/scene/shading/fbxbindingtable.h,1,0,1
/media/ullmann/HDDGabriel/engines/UnrealEngine/Engine/Source/ThirdParty/ShaderConductor/ShaderConductor/External/DirectXShaderCompiler/tools/clang/unittests/ASTMatchers/Dynamic/ParserTest.cpp,0,1,1
/media/ullmann/HDDGabriel/engines/UnrealEngine/Engine/Source/ThirdParty/HarfBuzz/harfbuzz-2.4.0/src/hb-fallback-shape.cc,0,1,1
/media/ullmann/HDDGabriel/engines/UnrealEngine/Engine/Source/Runtime/Engine/Private/Materials/MaterialShader.cpp,0,1,1
/media/ullmann/HDDGabriel/engines/UnrealEngine/Engine/Source/Runtime/Engine/Private/Materials/MaterialShaderMapLayout.h,2,0,2
/media/ullmann/HDDGabriel/engines/UnrealEngine/Engine/Source/ThirdParty/ICU/icu4c-53_1/source/i18n/format.cpp,0,1,1
/media/ullmann/HDDGabriel/engines/UnrealEngine/Engine/Source/Runtime/Apple/AudioMixerCoreAudio/Private/AudioMixerPlatformCoreAudio.cpp,0,1,1
/media/ullmann/HDDGabriel/engines/UnrealEngine/Engine/Source/Runtime/Apple/AudioMixerCoreAudio/Private/AudioMixerPlatformCoreAudio.h,2,0,2
/media/ullmann/HDDGabriel/engines/UnrealEngine/Engine/Source/ThirdParty/FreeImage/FreeImage-3.18.0/Source/OpenEXR/Imath/ImathFrame.h,0,1,1
/media/ullmann/HDDGabriel/engines/UnrealEngine/Engine/Source/ThirdParty/ShaderConductor/ShaderConductor/External/DirectXShaderCompiler/lib/Support/Unix/Watchdog.inc,1,0,1
/media/ullmann/HDDGabriel/engines/UnrealEngine/Engine/Source/ThirdParty/PhysX3/APEX_1.4/module/clothing_legacy/include/autogen/ClothingDebugRenderParams_0p0.h,1,0,1
/media/ullmann/HDDGabriel/engines/UnrealEngine/Engine/Source/ThirdParty/Boost/boost-1_70_0/include/boost/throw_exception.hpp,0,1,1
/media/ullmann/HDDGabriel/engines/UnrealEngine/Engine/Source/ThirdParty/Boost/boost-1_70_0/include/boost/exception,1,0,1
/media/ullmann/HDDGabriel/engines/UnrealEngine/Engine/Source/ThirdParty/ICU/icu4c-53_1/source/i18n/rbt_data.cpp,0,1,1
/media/ullmann/HDDGabriel/engines/UnrealEngine/Engine/Source/Runtime/Apple/MetalRHI/Private/MetalRHIContext.cpp,0,3,3
/media/ullmann/HDDGabriel/engines/UnrealEngine/Engine/Source/ThirdParty/libOpus/opus-1.0.3/silk/float/pitch_analysis_core_FLP.c,0,1,1
/media/ullmann/HDDGabriel/engines/UnrealEngine/Engine/Source/ThirdParty/PhysX3/APEX_1.4/module/clothing/src/simd/neon/NvNeonSimd4f.h,1,0,1
/media/ullmann/HDDGabriel/engines/UnrealEngine/Engine/Source/Developer/IOS/IOSPlatformEditor/Private/IOSPlatformEditorModule.h,2,1,3
/media/ullmann/HDDGabriel/engines/UnrealEngine/Engine/Source/Editor/SkeletonEditor/Private/SBlendProfilePicker.cpp,0,1,1
/media/ullmann/HDDGabriel/engines/UnrealEngine/Engine/Source/ThirdParty/Imath/Imath-3.1.3/src/Imath/halfLimits.h,0,1,1
/media/ullmann/HDDGabriel/engines/UnrealEngine/Engine/Source/Runtime/Experimental/Chaos/Public/Chaos/EvolutionResimCache.h,0,1,1
/media/ullmann/HDDGabriel/engines/UnrealEngine/Engine/Source/ThirdParty/HarfBuzz/harfbuzz-2.4.0/src/hb-aat-layout-just-table.hh,1,0,1
/media/ullmann/HDDGabriel/engines/UnrealEngine/Engine/Source/Runtime/MovieScene/Private/Tests/MovieSceneCompilerTests.cpp,0,1,1
/media/ullmann/HDDGabriel/engines/UnrealEngine/Engine/Source/ThirdParty/PhysX3/APEX_1.4/module/clothing/embedded/LowLevelCloth/src/scalar/SwCollisionHelpers.h,1,0,1
/media/ullmann/HDDGabriel/engines/UnrealEngine/Engine/Source/ThirdParty/OpenSubdiv/OpenSubdiv-3.4.4/glLoader/glApi.cpp,0,1,1
/media/ullmann/HDDGabriel/engines/UnrealEngine/Engine/Source/ThirdParty/ShaderConductor/ShaderConductor/External/DirectXShaderCompiler/tools/clang/unittests/Format/FormatTestJS.cpp,0,1,1
/media/ullmann/HDDGabriel/engines/UnrealEngine/Engine/Source/ThirdParty/libOpus/opus-1.1/silk/resampler_rom.c,0,1,1
/media/ullmann/HDDGabriel/engines/UnrealEngine/Engine/Source/Editor/DeviceProfileEditor/Private/SDeviceProfileCreateProfilePanel.cpp,0,1,1
/media/ullmann/HDDGabriel/engines/UnrealEngine/Engine/Source/ThirdParty/FBX/2020.2/include/fbxsdk/fbxsdk_def.h,1,0,1
/media/ullmann/HDDGabriel/engines/UnrealEngine/Engine/Source/Editor/AudioEditor/Private/SoundCueEditor.h,2,0,2
/media/ullmann/HDDGabriel/engines/UnrealEngine/Engine/Source/ThirdParty/WebRTC/4147/Include/third_party/libvpx/source/libvpx/vp8/encoder/denoising.h,0,1,1
/media/ullmann/HDDGabriel/engines/UnrealEngine/Engine/Source/ThirdParty/Android/libunwind/libunwind/src/x86_64/Lget_proc_info.c,0,1,1
/media/ullmann/HDDGabriel/engines/UnrealEngine/Engine/Source/ThirdParty/Alembic/alembic-1.8.2/maya/AbcImport/util.cpp,0,1,1
/media/ullmann/HDDGabriel/engines/UnrealEngine/Engine/Source/ThirdParty/WebRTC/4147/Include/third_party/libvpx/source/libvpx/vp8/encoder/encodemv.h,0,1,1
/media/ullmann/HDDGabriel/engines/UnrealEngine/Engine/Source/ThirdParty/HarfBuzz/harfbuzz-2.4.0/src/hb-ot-stat-table.hh,1,0,1
/media/ullmann/HDDGabriel/engines/UnrealEngine/Engine/Source/ThirdParty/xxhash/tests/collisions/pool.c,0,2,2
/media/ullmann/HDDGabriel/engines/UnrealEngine/Engine/Source/ThirdParty/Intel/Embree/Embree2140/Linux/x86_64-unknown-linux-gnu/include/embree2/rtcore_geometry_user.h,1,0,1
/media/ullmann/HDDGabriel/engines/UnrealEngine/Engine/Source/ThirdParty/PhysX3/PhysX_3.4/Source/LowLevel/software/include/PxsDefaultMemoryManager.h,0,1,1
/media/ullmann/HDDGabriel/engines/UnrealEngine/Engine/Source/ThirdParty/PhysX3/PhysX_3.4/Source/LowLevel/software/include/PxsMemoryManager.h,1,0,1
/media/ullmann/HDDGabriel/engines/UnrealEngine/Engine/Source/Editor/Sequencer/Private/Tools/EditToolDragOperations.h,1,0,1
/media/ullmann/HDDGabriel/engines/UnrealEngine/Engine/Source/Editor/Kismet/Private/BlueprintNamespaceHelper.cpp,0,1,1
/media/ullmann/HDDGabriel/engines/UnrealEngine/Engine/Source/Editor/Kismet/Private/BlueprintNamespacePathTree.h,2,0,2
/media/ullmann/HDDGabriel/engines/UnrealEngine/Engine/Source/ThirdParty/FreeImage/FreeImage-3.18.0/Source/LibOpenJPEG/mct.h,1,0,1
/media/ullmann/HDDGabriel/engines/UnrealEngine/Engine/Source/ThirdParty/ICU/icu4c-64_1/source/io/ufile.cpp,0,2,2
/media/ullmann/HDDGabriel/engines/UnrealEngine/Engine/Source/ThirdParty/FreeImage/FreeImage-3.18.0/Source/LibOpenJPEG/ppix_manager.c,0,1,1
/media/ullmann/HDDGabriel/engines/UnrealEngine/Engine/Source/ThirdParty/MCPP/mcpp-2.7.2/test-c/n_6.c,0,1,1
/media/ullmann/HDDGabriel/engines/UnrealEngine/Engine/Source/ThirdParty/zlib/zlib-1.2.5/Src/minigzip.c,0,1,1
/media/ullmann/HDDGabriel/engines/UnrealEngine/Engine/Source/Editor/ViewportInteraction/Gizmo/VIUniformScaleGizmoHandle.cpp,0,1,1
/media/ullmann/HDDGabriel/engines/UnrealEngine/Engine/Source/Editor/ViewportInteraction/Gizmo/VIUniformScaleGizmoHandle.h,2,0,2
/media/ullmann/HDDGabriel/engines/UnrealEngine/Engine/Source/Developer/RigVMDeveloper/Public/RigVMModel/Nodes/RigVMFunctionReturnNode.h,1,0,1
/media/ullmann/HDDGabriel/engines/UnrealEngine/Engine/Source/Editor/UATHelper/UATHelperModule.h,1,0,1
/media/ullmann/HDDGabriel/engines/UnrealEngine/Engine/Source/ThirdParty/PhysX3/APEX_1.4/include/ApexCudaContextManager.h,0,1,1
/media/ullmann/HDDGabriel/engines/UnrealEngine/Engine/Source/Programs/UnrealLightmass/Private/Lighting/BSP.cpp,0,1,1
/media/ullmann/HDDGabriel/engines/UnrealEngine/Engine/Source/ThirdParty/openexr/openexr-3.1.1/src/lib/OpenEXR/ImfFloatVectorAttribute.cpp,0,1,1
/media/ullmann/HDDGabriel/engines/UnrealEngine/Engine/Source/ThirdParty/OpenSubdiv/OpenSubdiv-3.4.4/regression/shapes/catmark_cube_corner1.h,2,0,2
/media/ullmann/HDDGabriel/engines/UnrealEngine/Engine/Source/ThirdParty/ShaderConductor/ShaderConductor/External/DirectXShaderCompiler/tools/clang/lib/Sema/SemaType.cpp,0,1,1
/media/ullmann/HDDGabriel/engines/UnrealEngine/Engine/Source/ThirdParty/WebRTC/4147/Include/tools/clang/blink_gc_plugin/tests/traceimpl_derived_from_templated_base.h,0,1,1
/media/ullmann/HDDGabriel/engines/UnrealEngine/Engine/Source/ThirdParty/PhysX3/PxShared/src/foundation/include/PsVecMathAoSScalarInline.h,1,0,1
/media/ullmann/HDDGabriel/engines/UnrealEngine/Engine/Source/ThirdParty/Steamworks/Steamv147/sdk/public/steam/isteamgameserver.h,1,1,2
/media/ullmann/HDDGabriel/engines/UnrealEngine/Engine/Source/Editor/PixelInspector/Private/PixelInspectorStyle.cpp,0,1,1
/media/ullmann/HDDGabriel/engines/UnrealEngine/Engine/Source/ThirdParty/SDL2/SDL-gui-backend/src/haptic/dummy/SDL_syshaptic.c,0,2,2
/media/ullmann/HDDGabriel/engines/UnrealEngine/Engine/Source/ThirdParty/Boost/boost-1_70_0/include/boost/numeric/ublas/tensor/multiplication.hpp,1,0,1
/media/ullmann/HDDGabriel/engines/UnrealEngine/Engine/Source/Runtime/SymsLib/syms/core/base/syms_base_context_crack.h,1,0,1
/media/ullmann/HDDGabriel/engines/UnrealEngine/Engine/Source/ThirdParty/llvm/8/include/llvm/DebugInfo/PDB/PDBSymbolTypeFriend.h,0,2,2
/media/ullmann/HDDGabriel/engines/UnrealEngine/Engine/Source/ThirdParty/llvm/8/include/llvm/MC/MCAsmBackend.h,1,0,1
/media/ullmann/HDDGabriel/engines/UnrealEngine/Engine/Source/ThirdParty/OpenSubdiv/OpenSubdiv-3.4.4/regression/shapes/catmark_cubes_infsharp.h,1,0,1
/media/ullmann/HDDGabriel/engines/UnrealEngine/Engine/Source/Programs/HeadlessChaos/Public/GeometryCollection/GeometryCollectionTestInitilization.h,0,1,1
/media/ullmann/HDDGabriel/engines/UnrealEngine/Engine/Source/ThirdParty/ShaderConductor/ShaderConductor/External/DirectXShaderCompiler/lib/Transforms/InstCombine/InstCombineLoadStoreAlloca.cpp,0,1,1
/media/ullmann/HDDGabriel/engines/UnrealEngine/Engine/Source/ThirdParty/FreeImage/FreeImage-3.18.0/Source/LibPNG/pngtrans.c,0,1,1
/media/ullmann/HDDGabriel/engines/UnrealEngine/Engine/Source/ThirdParty/WebRTC/4147/Include/tools/clang/blink_gc_plugin/tests/ref_ptr_to_gc_managed_class.h,0,1,1
/media/ullmann/HDDGabriel/engines/UnrealEngine/Engine/Source/ThirdParty/FreeType2/FreeType2-2.10.0/src/otvalid/otvgpos.h,3,0,3
/media/ullmann/HDDGabriel/engines/UnrealEngine/Engine/Source/ThirdParty/SDL2/SDL-gui-backend/src/video/x11/SDL_x11sym.h,2,0,2
/media/ullmann/HDDGabriel/engines/UnrealEngine/Engine/Source/ThirdParty/ShaderConductor/ShaderConductor/External/DirectXShaderCompiler/lib/IR/Instructions.cpp,0,1,1
/media/ullmann/HDDGabriel/engines/UnrealEngine/Engine/Source/ThirdParty/Intel/ISPC/ispc-1.17.0/examples/cpu/perfbench/perfbench.cpp,0,1,1
/media/ullmann/HDDGabriel/engines/UnrealEngine/Engine/Source/ThirdParty/Perforce/p4api-2015.2/include/p4/keepalive.h,1,0,1
/media/ullmann/HDDGabriel/engines/UnrealEngine/Engine/Source/ThirdParty/ICU/icu4c-53_1/source/test/letest/cfonts.h,1,0,1
/media/ullmann/HDDGabriel/engines/UnrealEngine/Engine/Source/Editor/UnrealEd/Public/Tools/UEdMode.h,1,0,1
/media/ullmann/HDDGabriel/engines/UnrealEngine/Engine/Source/ThirdParty/OpenSubdiv/OpenSubdiv-3.4.4/opensubdiv/osd/cudaVertexBuffer.cpp,0,1,1
/media/ullmann/HDDGabriel/engines/UnrealEngine/Engine/Source/ThirdParty/Android/libunwind/libunwind/src/coredump/_UCD_destroy.c,0,1,1
/media/ullmann/HDDGabriel/engines/UnrealEngine/Engine/Source/Developer/AssetTools/Private/AssetTypeActions/AssetTypeActions_ForceFeedbackAttenuation.h,1,0,1
/media/ullmann/HDDGabriel/engines/UnrealEngine/Engine/Source/ThirdParty/Crunch/src/crnlib/lzham_win32_threading.cpp,0,2,2
/media/ullmann/HDDGabriel/engines/UnrealEngine/Engine/Source/ThirdParty/Crunch/src/crnlib/lzham_timer.h,2,0,2
/media/ullmann/HDDGabriel/engines/UnrealEngine/Engine/Source/Editor/Experimental/RemoteExecution/Private/DefaultRemoteExecutor.cpp,0,1,1
/media/ullmann/HDDGabriel/engines/UnrealEngine/Engine/Source/ThirdParty/libstrophe/libstrophe-0.9.3/tests/check_parser.c,0,1,1
/media/ullmann/HDDGabriel/engines/UnrealEngine/Engine/Source/ThirdParty/FreeType2/FreeType2-2.10.4/src/base/ftpsprop.c,1,0,1
/media/ullmann/HDDGabriel/engines/UnrealEngine/Engine/Source/ThirdParty/ShaderConductor/ShaderConductor/External/DirectXShaderCompiler/tools/llvm-symbolizer/llvm-symbolizer.cpp,0,1,1
/media/ullmann/HDDGabriel/engines/UnrealEngine/Engine/Source/Runtime/RenderCore/Private/RenderGraphResourcePool.cpp,0,1,1
/media/ullmann/HDDGabriel/engines/UnrealEngine/Engine/Source/Developer/TraceInsights/Private/Insights/ViewModels/FileActivityTimingTrack.cpp,0,1,1
/media/ullmann/HDDGabriel/engines/UnrealEngine/Engine/Source/Developer/TraceInsights/Private/Insights/ViewModels/FileActivityTimingTrack.h,1,0,1
/media/ullmann/HDDGabriel/engines/UnrealEngine/Engine/Source/ThirdParty/libOpus/opus-1.1/silk/sigm_Q15.c,0,1,1
/media/ullmann/HDDGabriel/engines/UnrealEngine/Engine/Source/ThirdParty/openexr/openexr-3.1.1/src/lib/OpenEXR/ImfChromaticitiesAttribute.cpp,0,1,1
/media/ullmann/HDDGabriel/engines/UnrealEngine/Engine/Source/ThirdParty/PhysX3/APEX_1.4/module/destructible/include/autogen/DestructibleAssetParameters.h,1,0,1
/media/ullmann/HDDGabriel/engines/UnrealEngine/Engine/Source/Runtime/MediaUtils/Public/IMediaPlayerLifecycleManager.h,1,0,1
/media/ullmann/HDDGabriel/engines/UnrealEngine/Engine/Source/ThirdParty/coremod/coremod-4.2.6/src/envelope.h,2,0,2
/media/ullmann/HDDGabriel/engines/UnrealEngine/Engine/Source/ThirdParty/FreeType2/FreeType2-2.10.4/src/sfnt/ttcolr.c,1,1,2
/media/ullmann/HDDGabriel/engines/UnrealEngine/Engine/Source/ThirdParty/PhysX3/APEX_1.4/shared/general/meshimport/include/utils/MiIOStream.h,0,3,3
/media/ullmann/HDDGabriel/engines/UnrealEngine/Engine/Source/Runtime/SlateRHIRenderer/Public/Interfaces/ISlate3DRenderer.h,1,0,1
/media/ullmann/HDDGabriel/engines/UnrealEngine/Engine/Source/ThirdParty/libPNG/libPNG-1.6.37/pngtest.c,0,1,1
/media/ullmann/HDDGabriel/engines/UnrealEngine/Engine/Source/Runtime/MeshDescription/Public/MeshElementIndexer.h,1,1,2
/media/ullmann/HDDGabriel/engines/UnrealEngine/Engine/Source/ThirdParty/MCPP/mcpp-2.7.2/src/main_libmcpp.c,0,1,1
/media/ullmann/HDDGabriel/engines/UnrealEngine/Engine/Source/ThirdParty/FreeType2/FreeType2-2.10.4/src/autofit/afshaper.h,3,0,3
/media/ullmann/HDDGabriel/engines/UnrealEngine/Engine/Source/ThirdParty/HarfBuzz/harfbuzz-1.2.4/src/hb-ot-layout-jstf-table.hh,1,0,1
/media/ullmann/HDDGabriel/engines/UnrealEngine/Engine/Source/ThirdParty/libOpus/opus-1.1/speex_resampler/stack_alloc.h,1,0,1
/media/ullmann/HDDGabriel/engines/UnrealEngine/Engine/Source/Developer/LogVisualizer/Private/VisualLoggerTimeSliderController.cpp,0,1,1
/media/ullmann/HDDGabriel/engines/UnrealEngine/Engine/Source/Developer/SourceControl/Public/SourceControlPreferences.h,1,0,1
/media/ullmann/HDDGabriel/engines/UnrealEngine/Engine/Source/ThirdParty/PhysX3/PhysX_3.4/Source/GeomUtils/src/distance/GuDistancePointSegment.h,1,0,1
/media/ullmann/HDDGabriel/engines/UnrealEngine/Engine/Source/ThirdParty/ICU/icu4c-53_1/source/layoutex/ParagraphLayout.cpp,0,2,2
/media/ullmann/HDDGabriel/engines/UnrealEngine/Engine/Source/ThirdParty/ICU/icu4c-53_1/source/layoutex/layout/ParagraphLayout.h,2,0,2
/media/ullmann/HDDGabriel/engines/UnrealEngine/Engine/Source/ThirdParty/PhysX3/NvCloth/samples/external/imgui/1.49/imconfig.h,1,0,1
/media/ullmann/HDDGabriel/engines/UnrealEngine/Engine/Source/ThirdParty/OpenVDB/openvdb-8.1.0/openvdb/openvdb/math/DDA.h,0,3,3
/media/ullmann/HDDGabriel/engines/UnrealEngine/Engine/Source/ThirdParty/Alembic/alembic-1.8.2/python/PyAlembic/PyITypedArrayProperty.cpp,0,1,1
/media/ullmann/HDDGabriel/engines/UnrealEngine/Engine/Source/ThirdParty/WebRTC/4147/Include/third_party/libvpx/source/config/linux/arm-neon/vpx_dsp_rtcd.h,0,1,1
/media/ullmann/HDDGabriel/engines/UnrealEngine/Engine/Source/ThirdParty/ShaderConductor/ShaderConductor/External/DirectXShaderCompiler/lib/CodeGen/MIRParser/MIRParser.cpp,0,1,1
/media/ullmann/HDDGabriel/engines/UnrealEngine/Engine/Source/ThirdParty/ShaderConductor/ShaderConductor/External/DirectXShaderCompiler/lib/CodeGen/MIRParser/MIParser.h,2,0,2
/media/ullmann/HDDGabriel/engines/UnrealEngine/Engine/Source/ThirdParty/Android/libunwind/libunwind/src/ppc/Linit_local.c,0,1,1
/media/ullmann/HDDGabriel/engines/UnrealEngine/Engine/Source/ThirdParty/ICU/icu4c-53_1/source/test/intltest/tstnorm.cpp,0,1,1
/media/ullmann/HDDGabriel/engines/UnrealEngine/Engine/Source/ThirdParty/ShaderConductor/ShaderConductor/External/DirectXShaderCompiler/include/llvm/DebugInfo/PDB/IPDBSourceFile.h,0,1,1
/media/ullmann/HDDGabriel/engines/UnrealEngine/Engine/Source/Runtime/WebBrowser/Private/IOS/IOSPlatformWebBrowser.cpp,0,1,1
/media/ullmann/HDDGabriel/engines/UnrealEngine/Engine/Source/ThirdParty/Android/libunwind/libunwind/src/mips/Linit_local.c,0,1,1
/media/ullmann/HDDGabriel/engines/UnrealEngine/Engine/Source/ThirdParty/ShaderConductor/ShaderConductor/External/DirectXShaderCompiler/tools/yaml2obj/yaml2elf.cpp,0,1,1
/media/ullmann/HDDGabriel/engines/UnrealEngine/Engine/Source/Programs/Enterprise/Datasmith/DatasmithARCHICADExporter/Private/StatsCounter.h,1,1,2
/media/ullmann/HDDGabriel/engines/UnrealEngine/Engine/Source/Editor/CurveEditor/Private/CurveEditorModule.cpp,0,1,1
/media/ullmann/HDDGabriel/engines/UnrealEngine/Engine/Source/ThirdParty/ICU/icu4c-64_1/source/i18n/number_grouping.cpp,0,2,2
/media/ullmann/HDDGabriel/engines/UnrealEngine/Engine/Source/ThirdParty/mtlpp/mtlpp-master-7efad47/interpose/MTIDrawable.hpp,0,1,1
/media/ullmann/HDDGabriel/engines/UnrealEngine/Engine/Source/ThirdParty/ICU/icu4c-53_1/source/test/intltest/testidn.cpp,0,2,2
/media/ullmann/HDDGabriel/engines/UnrealEngine/Engine/Source/Runtime/Core/Public/Internationalization/Culture.h,1,0,1
/media/ullmann/HDDGabriel/engines/UnrealEngine/Engine/Source/ThirdParty/ShaderConductor/ShaderConductor/External/SPIRV-Cross/spirv_reflect.cpp,0,2,2
/media/ullmann/HDDGabriel/engines/UnrealEngine/Engine/Source/ThirdParty/PhysX3/APEX_1.4/NvParameterized/include/PlatformInputStream.inl,1,0,1
/media/ullmann/HDDGabriel/engines/UnrealEngine/Engine/Source/ThirdParty/CryptoPP/5.6.2/include/sha3.cpp,0,2,2
/media/ullmann/HDDGabriel/engines/UnrealEngine/Engine/Source/Developer/AssetTools/Private/AssetToolsConsoleCommands.h,1,0,1
/media/ullmann/HDDGabriel/engines/UnrealEngine/Engine/Source/ThirdParty/WebRTC/4147/Include/base/third_party/xdg_mime/xdgmimeicon.h,0,1,1
/media/ullmann/HDDGabriel/engines/UnrealEngine/Engine/Source/ThirdParty/ShaderConductor/ShaderConductor/External/DirectXShaderCompiler/lib/Support/Threading.cpp,0,1,1
/media/ullmann/HDDGabriel/engines/UnrealEngine/Engine/Source/Runtime/D3D12RHI/Private/D3D12PoolAllocator.h,2,0,2
/media/ullmann/HDDGabriel/engines/UnrealEngine/Engine/Source/ThirdParty/OpenSubdiv/OpenSubdiv-3.4.4/regression/shapes/loop_icos_semisharp.h,1,0,1
/media/ullmann/HDDGabriel/engines/UnrealEngine/Engine/Source/ThirdParty/Oculus/LibOVRPlatform/LibOVRPlatform/include/OVR_LivestreamingStartStatus.h,1,1,2
/media/ullmann/HDDGabriel/engines/UnrealEngine/Engine/Source/ThirdParty/FreeImage/FreeImage-3.18.0/Source/LibJPEG/jerror.c,0,4,4
/media/ullmann/HDDGabriel/engines/UnrealEngine/Engine/Source/Runtime/BinkAudioDecoder/SDK/BinkAudio/Src/binkace.h,2,0,2
/media/ullmann/HDDGabriel/engines/UnrealEngine/Engine/Source/ThirdParty/OpenVDB/openvdb-8.1.0/openvdb/openvdb/unittest/TestMeanCurvature.cc,0,1,1
/media/ullmann/HDDGabriel/engines/UnrealEngine/Engine/Source/ThirdParty/libOpus/opus-1.1/TVOS/libOpus/include/opus_multistream.h,0,1,1
/media/ullmann/HDDGabriel/engines/UnrealEngine/Engine/Source/ThirdParty/FreeImage/FreeImage-3.18.0/Source/LibJPEG/jcomapi.c,0,2,2
/media/ullmann/HDDGabriel/engines/UnrealEngine/Engine/Source/ThirdParty/DirectShow/DirectShow-1.0.0/src/Public/sysclock.h,1,0,1
/media/ullmann/HDDGabriel/engines/UnrealEngine/Engine/Source/ThirdParty/WebRTC/4147/Include/tools/clang/blink_gc_plugin/tests/traceimpl.h,0,1,1
/media/ullmann/HDDGabriel/engines/UnrealEngine/Engine/Source/Runtime/Online/ImageDownload/Public/WebImageCache.h,0,1,1
/media/ullmann/HDDGabriel/engines/UnrealEngine/Engine/Source/Runtime/Online/ImageDownload/Public/WebImage.h,1,0,1
/media/ullmann/HDDGabriel/engines/UnrealEngine/Engine/Source/Editor/ConfigEditor/Private/ConfigEditorModule.h,1,0,1
/media/ullmann/HDDGabriel/engines/UnrealEngine/Engine/Source/ThirdParty/Intel/TBB/IntelTBB-2019u8/examples/pipeline/square/square.cpp,0,1,1
/media/ullmann/HDDGabriel/engines/UnrealEngine/Engine/Source/Runtime/Renderer/Private/Lumen/LumenSurfaceCache.cpp,0,1,1
/media/ullmann/HDDGabriel/engines/UnrealEngine/Engine/Source/ThirdParty/Unix/LibCxx/include/c++/v1/limits.h,0,1,1
/media/ullmann/HDDGabriel/engines/UnrealEngine/Engine/Source/Developer/AssetTools/Private/AssetTypeActions/AssetTypeActions_PhysicsAsset.cpp,0,1,1
/media/ullmann/HDDGabriel/engines/UnrealEngine/Engine/Source/ThirdParty/rpclib/Source/include/rpc/msgpack/adaptor/cpp11/forward_list.hpp,1,0,1
/media/ullmann/HDDGabriel/engines/UnrealEngine/Engine/Source/Editor/StaticMeshEditor/Public/IStaticMeshEditor.h,1,0,1
/media/ullmann/HDDGabriel/engines/UnrealEngine/Engine/Source/ThirdParty/Python3/Win64/include/bitset.h,1,0,1
/media/ullmann/HDDGabriel/engines/UnrealEngine/Engine/Source/Editor/TurnkeySupport/Public/TurnkeySupport.h,0,1,1
/media/ullmann/HDDGabriel/engines/UnrealEngine/Engine/Source/Editor/TurnkeySupport/Public/Interfaces/ITurnkeySupportModule.h,1,0,1
/media/ullmann/HDDGabriel/engines/UnrealEngine/Engine/Source/Editor/Kismet/Private/BlueprintNamespaceRegistry.cpp,0,1,1
/media/ullmann/HDDGabriel/engines/UnrealEngine/Engine/Source/Runtime/Datasmith/DatasmithCore/Public/DatasmithUtils.h,0,1,1
/media/ullmann/HDDGabriel/engines/UnrealEngine/Engine/Source/Editor/SwarmInterface/Private/SwarmInterfaceLocal.cpp,0,1,1
/media/ullmann/HDDGabriel/engines/UnrealEngine/Engine/Source/Editor/SwarmInterface/Private/SwarmMessages.h,1,0,1
/media/ullmann/HDDGabriel/engines/UnrealEngine/Engine/Source/Runtime/Online/BuildPatchServices/Private/Common/SpeedRecorder.h,2,0,2
/media/ullmann/HDDGabriel/engines/UnrealEngine/Engine/Source/Runtime/Experimental/ChaosSolverEngine/Public/Chaos/ChaosGameplayEventDispatcher.h,0,2,2
/media/ullmann/HDDGabriel/engines/UnrealEngine/Engine/Source/Runtime/Experimental/ChaosSolverEngine/Public/Chaos/ChaosEventListenerComponent.h,1,0,1
/media/ullmann/HDDGabriel/engines/UnrealEngine/Engine/Source/Developer/TraceServices/Private/Analyzers/AllocationsAnalysis.cpp,0,1,1
/media/ullmann/HDDGabriel/engines/UnrealEngine/Engine/Source/Developer/TraceServices/Private/Analyzers/AllocationsAnalysis.h,1,0,1
/media/ullmann/HDDGabriel/engines/UnrealEngine/Engine/Source/ThirdParty/WebRTC/4147/Include/rtc_base/task_queue_libevent.h,0,1,1
/media/ullmann/HDDGabriel/engines/UnrealEngine/Engine/Source/ThirdParty/FBX/2020.2/include/fbxsdk/utils/fbxmaterialconverter.h,1,0,1
/media/ullmann/HDDGabriel/engines/UnrealEngine/Engine/Source/ThirdParty/libOpus/opus-1.3.1-12/silk/float/energy_FLP.c,0,1,1
/media/ullmann/HDDGabriel/engines/UnrealEngine/Engine/Source/ThirdParty/PhysX3/APEX_1.4/common/include/IofxManagerIntl.h,1,0,1
/media/ullmann/HDDGabriel/engines/UnrealEngine/Engine/Source/ThirdParty/MCPP/mcpp-2.7.2/test-c/n_13.c,0,1,1
/media/ullmann/HDDGabriel/engines/UnrealEngine/Engine/Source/ThirdParty/PhysX3/PxShared/src/foundation/include/PsAtomic.h,0,1,1
/media/ullmann/HDDGabriel/engines/UnrealEngine/Engine/Source/Editor/BlueprintGraph/Classes/K2Node_TunnelBoundary.h,0,1,1
/media/ullmann/HDDGabriel/engines/UnrealEngine/Engine/Source/ThirdParty/ShaderConductor/ShaderConductor/External/DirectXShaderCompiler/tools/clang/lib/Headers/avx512erintrin.h,1,0,1
/media/ullmann/HDDGabriel/engines/UnrealEngine/Engine/Source/ThirdParty/FontConfig/fontconfig-2.13.94/src/fccfg.c,0,1,1
/media/ullmann/HDDGabriel/engines/UnrealEngine/Engine/Source/Developer/SlateFileDialogs/Public/SlateFileDialogs.h,0,1,1
/media/ullmann/HDDGabriel/engines/UnrealEngine/Engine/Source/Developer/SlateFileDialogs/Public/ISlateFileDialogModule.h,1,0,1
/media/ullmann/HDDGabriel/engines/UnrealEngine/Engine/Source/ThirdParty/PhysX3/PhysX_3.4/Source/PhysXCharacterKinematic/src/CctController.cpp,0,3,3
/media/ullmann/HDDGabriel/engines/UnrealEngine/Engine/Source/ThirdParty/FreeType2/FreeType2-2.6/Src/otvalid/otvmod.h,1,0,1
/media/ullmann/HDDGabriel/engines/UnrealEngine/Engine/Source/ThirdParty/ICU/icu4c-53_1/source/common/unicode/unimatch.h,1,0,1
/media/ullmann/HDDGabriel/engines/UnrealEngine/Engine/Source/ThirdParty/libOpus/opus-1.0.3/silk/stereo_find_predictor.c,0,1,1
/media/ullmann/HDDGabriel/engines/UnrealEngine/Engine/Source/ThirdParty/ShaderConductor/ShaderConductor/External/SPIRV-Tools/source/fuzz/transformation_replace_load_store_with_copy_memory.cpp,0,1,1
/media/ullmann/HDDGabriel/engines/UnrealEngine/Engine/Source/ThirdParty/ShaderConductor/ShaderConductor/External/SPIRV-Tools/source/fuzz/transformation_replace_load_store_with_copy_memory.h,1,0,1
/media/ullmann/HDDGabriel/engines/UnrealEngine/Engine/Source/Editor/AnimationModifiers/Private/AnimationModifierSettings.h,1,0,1
/media/ullmann/HDDGabriel/engines/UnrealEngine/Engine/Source/Runtime/Engine/Public/AI/RVOAvoidanceInterface.h,2,0,2
/media/ullmann/HDDGabriel/engines/UnrealEngine/Engine/Source/ThirdParty/Intel/TBB/IntelTBB-2019u8/src/perf/time_fibonacci_cutoff.cpp,0,1,1
/media/ullmann/HDDGabriel/engines/UnrealEngine/Engine/Source/ThirdParty/Intel/TBB/IntelTBB-2019u8/src/perf/fibonacci_impl_tbb.cpp,1,0,1
/media/ullmann/HDDGabriel/engines/UnrealEngine/Engine/Source/ThirdParty/OpenVDB/openvdb-8.1.0/openvdb/openvdb/math/Maps.cc,0,1,1
/media/ullmann/HDDGabriel/engines/UnrealEngine/Engine/Source/Runtime/Core/Public/Misc/NetworkGuid.h,1,0,1
/media/ullmann/HDDGabriel/engines/UnrealEngine/Engine/Source/ThirdParty/PhysX3/APEX_1.4/module/clothing_legacy/include/autogen/ClothingMaterialLibraryParameters_0p3.h,1,0,1
/media/ullmann/HDDGabriel/engines/UnrealEngine/Engine/Source/Developer/DirectoryWatcher/Private/Mac/DirectoryWatchRequestMac.cpp,0,1,1
/media/ullmann/HDDGabriel/engines/UnrealEngine/Engine/Source/ThirdParty/PhysX3/APEX_1.4/shared/general/meshimport/include/utils/MiFloatMath.h,0,1,1
/media/ullmann/HDDGabriel/engines/UnrealEngine/Engine/Source/ThirdParty/FBX/2020.2/include/fbxsdk/scene/fbxthumbnail.h,1,0,1
/media/ullmann/HDDGabriel/engines/UnrealEngine/Engine/Source/ThirdParty/PhysX3/APEX_1.4/include/destructible/DestructibleActorJoint.h,0,1,1
/media/ullmann/HDDGabriel/engines/UnrealEngine/Engine/Source/Editor/UnrealEd/Private/SEditorViewportToolBarMenu.cpp,0,1,1
/media/ullmann/HDDGabriel/engines/UnrealEngine/Engine/Source/Editor/DetailCustomizations/Private/ActorComponentDetails.cpp,0,1,1
/media/ullmann/HDDGabriel/engines/UnrealEngine/Engine/Source/ThirdParty/libOpus/opus-1.3.1-12/silk/decode_pulses.c,0,1,1
/media/ullmann/HDDGabriel/engines/UnrealEngine/Engine/Source/ThirdParty/libcurl/include/Android/x86/curl/typecheck-gcc.h,1,0,1
/media/ullmann/HDDGabriel/engines/UnrealEngine/Engine/Source/ThirdParty/OpenVDB/openvdb-8.1.0/openvdb/openvdb/viewer/RenderModules.cc,0,1,1
/media/ullmann/HDDGabriel/engines/UnrealEngine/Engine/Source/ThirdParty/ICU/icu4c-64_1/source/test/intltest/datadrivennumberformattestsuite.cpp,0,1,1
/media/ullmann/HDDGabriel/engines/UnrealEngine/Engine/Source/ThirdParty/libOpus/opus-1.0.3/silk/float/find_pitch_lags_FLP.c,0,1,1
/media/ullmann/HDDGabriel/engines/UnrealEngine/Engine/Source/ThirdParty/PhysX3/APEX_1.4/module/clothing_legacy/include/autogen/ClothingMaterialLibraryParameters_0p12.h,1,0,1
/media/ullmann/HDDGabriel/engines/UnrealEngine/Engine/Source/ThirdParty/ICU/icu4c-64_1/source/tools/toolutil/dbgutil.h,1,1,2
/media/ullmann/HDDGabriel/engines/UnrealEngine/Engine/Source/Runtime/Core/Public/Misc/StringUtility.h,1,0,1
/media/ullmann/HDDGabriel/engines/UnrealEngine/Engine/Source/ThirdParty/SDL2/SDL-gui-backend/include/SDL_types.h,0,1,1
/media/ullmann/HDDGabriel/engines/UnrealEngine/Engine/Source/ThirdParty/libOpus/opus-1.1/silk/float/prefilter_FLP.c,0,1,1
/media/ullmann/HDDGabriel/engines/UnrealEngine/Engine/Source/ThirdParty/nvTextureTools/nvTextureTools-2.0.6/src/src/nvtt/tests/filtertest.cpp,0,1,1
/media/ullmann/HDDGabriel/engines/UnrealEngine/Engine/Source/Programs/Enterprise/Datasmith/DatasmithARCHICADExporter/Private/LoadDatasmithDlls.h,2,0,2
/media/ullmann/HDDGabriel/engines/UnrealEngine/Engine/Source/ThirdParty/Intel/TBB/IntelTBB-2019u8/examples/common/gui/macvideo.cpp,0,1,1
/media/ullmann/HDDGabriel/engines/UnrealEngine/Engine/Source/ThirdParty/glslang/glslang/src/glslang_lib/SPIRV/disassemble.cpp,0,2,2
/media/ullmann/HDDGabriel/engines/UnrealEngine/Engine/Source/ThirdParty/glslang/glslang/src/glslang_lib/SPIRV/disassemble.h,1,0,1
/media/ullmann/HDDGabriel/engines/UnrealEngine/Engine/Source/Developer/AudioFormatOpus/Private/AudioFormatOpus.cpp,0,1,1
/media/ullmann/HDDGabriel/engines/UnrealEngine/Engine/Source/Developer/AudioFormatOpus/Private/AudioFormatOpus.h,1,0,1
/media/ullmann/HDDGabriel/engines/UnrealEngine/Engine/Source/ThirdParty/ICU/icu4c-53_1/source/tools/makeconv/makeconv.h,4,0,4
/media/ullmann/HDDGabriel/engines/UnrealEngine/Engine/Source/ThirdParty/Intel/Embree/Embree270/src/common/sys/regression.cpp,0,1,1
/media/ullmann/HDDGabriel/engines/UnrealEngine/Engine/Source/Developer/ProjectLauncher/Private/Widgets/Deploy/SProjectLauncherDeployToDeviceSettings.cpp,0,1,1
/media/ullmann/HDDGabriel/engines/UnrealEngine/Engine/Source/Developer/ProjectLauncher/Private/Widgets/Deploy/SProjectLauncherDeployToDeviceSettings.h,1,0,1
/media/ullmann/HDDGabriel/engines/UnrealEngine/Engine/Source/Runtime/WebBrowser/Private/Native/NativeJSStructDeserializerBackend.h,2,1,3
/media/ullmann/HDDGabriel/engines/UnrealEngine/Engine/Source/ThirdParty/FakeIt/2.0.2/tests/miscellaneous_tests.cpp,0,1,1
/media/ullmann/HDDGabriel/engines/UnrealEngine/Engine/Source/Developer/TextureFormat/Public/ChildTextureFormat.h,0,3,3
/media/ullmann/HDDGabriel/engines/UnrealEngine/Engine/Source/Developer/TextureFormat/Public/Interfaces/ITextureFormatModule.h,1,0,1
/media/ullmann/HDDGabriel/engines/UnrealEngine/Engine/Source/Runtime/Core/Public/Serialization/LargeMemoryReader.h,1,0,1
/media/ullmann/HDDGabriel/engines/UnrealEngine/Engine/Source/ThirdParty/PhysX3/NvCloth/samples/external/DirectXTex/10.5.2016.2/include/DirectXTexP.h,0,1,1
/media/ullmann/HDDGabriel/engines/UnrealEngine/Engine/Source/ThirdParty/PhysX3/NvCloth/samples/external/DirectXTex/10.5.2016.2/include/scoped.h,2,0,2
/media/ullmann/HDDGabriel/engines/UnrealEngine/Engine/Source/ThirdParty/libcurl/include/Windows/curl/curlver.h,1,0,1
/media/ullmann/HDDGabriel/engines/UnrealEngine/Engine/Source/Runtime/RuntimeAssetCache/Public/RuntimeAssetCacheBPHooks.h,0,1,1
/media/ullmann/HDDGabriel/engines/UnrealEngine/Engine/Source/Developer/LowLevelTestsRunner/Public/TestRunner.h,0,1,1
/media/ullmann/HDDGabriel/engines/UnrealEngine/Engine/Source/Developer/LowLevelTestsRunner/Public/CommandLineUtil.h,1,0,1
/media/ullmann/HDDGabriel/engines/UnrealEngine/Engine/Source/Editor/MovieSceneTools/Private/CurveKeyEditors/SBoolCurveKeyEditor.h,0,1,1
/media/ullmann/HDDGabriel/engines/UnrealEngine/Engine/Source/ThirdParty/ShaderConductor/ShaderConductor/External/DirectXShaderCompiler/lib/Transforms/Scalar/LoopUnrollPass.cpp,0,1,1
/media/ullmann/HDDGabriel/engines/UnrealEngine/Engine/Source/ThirdParty/PhysX3/NvCloth/samples/external/DXUT/9.15.2016.1/Core/DXUTmisc.h,1,0,1
/media/ullmann/HDDGabriel/engines/UnrealEngine/Engine/Source/ThirdParty/PhysX3/APEX_1.4/module/clothing/src/ClothingAssetData.cpp,0,1,1
/media/ullmann/HDDGabriel/engines/UnrealEngine/Engine/Source/Editor/Kismet/Private/BPDelegateDragDropAction.cpp,0,1,1
/media/ullmann/HDDGabriel/engines/UnrealEngine/Engine/Source/ThirdParty/WebRTC/4147/Include/third_party/opus/src/celt/arm/pitch_arm.h,1,1,2
/media/ullmann/HDDGabriel/engines/UnrealEngine/Engine/Source/ThirdParty/ShaderConductor/ShaderConductor/External/DirectXShaderCompiler/tools/clang/lib/StaticAnalyzer/Checkers/InterCheckerAPI.h,2,0,2
/media/ullmann/HDDGabriel/engines/UnrealEngine/Engine/Source/Editor/UnrealEd/Public/WorldPersistentFolders.h,1,1,2
/media/ullmann/HDDGabriel/engines/UnrealEngine/Engine/Source/ThirdParty/ICU/icu4c-64_1/source/common/unormimp.h,1,2,3
/media/ullmann/HDDGabriel/engines/UnrealEngine/Engine/Source/Editor/Persona/Private/ApexClothingOptionWindow.cpp,0,1,1
/media/ullmann/HDDGabriel/engines/UnrealEngine/Engine/Source/Editor/Persona/Private/ApexClothingOptionWindow.h,1,0,1
/media/ullmann/HDDGabriel/engines/UnrealEngine/Engine/Source/ThirdParty/libOpus/opus-1.1/silk/interpolate.c,0,1,1
/media/ullmann/HDDGabriel/engines/UnrealEngine/Engine/Source/Editor/DetailCustomizations/Private/SlateColorCustomization.cpp,0,1,1
/media/ullmann/HDDGabriel/engines/UnrealEngine/Engine/Source/ThirdParty/WebRTC/4147/Include/tools/clang/blink_gc_plugin/tests/traceimpl_overloaded.h,0,1,1
/media/ullmann/HDDGabriel/engines/UnrealEngine/Engine/Source/ThirdParty/ShaderConductor/ShaderConductor/External/SPIRV-Tools/source/opt/instrument_pass.cpp,0,1,1
/media/ullmann/HDDGabriel/engines/UnrealEngine/Engine/Source/ThirdParty/WebRTC/4147/Include/third_party/opus/src/celt/stack_alloc.h,1,1,2
/media/ullmann/HDDGabriel/engines/UnrealEngine/Engine/Source/ThirdParty/ShaderConductor/ShaderConductor/External/DirectXShaderCompiler/tools/llvm-readobj/Error.cpp,0,1,1
/media/ullmann/HDDGabriel/engines/UnrealEngine/Engine/Source/ThirdParty/ShaderConductor/ShaderConductor/External/DirectXShaderCompiler/lib/CodeGen/SelectionDAG/LegalizeFloatTypes.cpp,0,1,1
/media/ullmann/HDDGabriel/engines/UnrealEngine/Engine/Source/Editor/UMGEditor/Public/WidgetBlueprintCompiler.h,0,1,1
/media/ullmann/HDDGabriel/engines/UnrealEngine/Engine/Source/Editor/UMGEditor/Public/WidgetBlueprint.h,1,0,1
/media/ullmann/HDDGabriel/engines/UnrealEngine/Engine/Source/ThirdParty/Crunch/src/crnlib/crn_huffman_codes.cpp,0,2,2
/media/ullmann/HDDGabriel/engines/UnrealEngine/Engine/Source/ThirdParty/Crunch/src/crnlib/crn_huffman_codes.h,2,0,2
/media/ullmann/HDDGabriel/engines/UnrealEngine/Engine/Source/Editor/UnrealEd/Private/PlayLevelNewProcess.cpp,0,1,1
/media/ullmann/HDDGabriel/engines/UnrealEngine/Engine/Source/Programs/ZenDashboard/Private/ZenDashboardStyle.cpp,0,1,1
/media/ullmann/HDDGabriel/engines/UnrealEngine/Engine/Source/ThirdParty/llvm/8/include/llvm/DebugInfo/PDB/PDBSymbolExe.h,0,2,2
/media/ullmann/HDDGabriel/engines/UnrealEngine/Engine/Source/ThirdParty/ShaderConductor/ShaderConductor/External/SPIRV-Tools/include/spirv-tools/linker.hpp,0,1,1
/media/ullmann/HDDGabriel/engines/UnrealEngine/Engine/Source/Runtime/HeadMountedDisplay/Public/DefaultStereoLayers.h,0,1,1
/media/ullmann/HDDGabriel/engines/UnrealEngine/Engine/Source/Runtime/Renderer/Private/HairStrands/HairStrandsClusters.h,2,0,2
/media/ullmann/HDDGabriel/engines/UnrealEngine/Engine/Source/Editor/PhysicsAssetEditor/Private/PhysicsAssetEditorActions.cpp,0,1,1
/media/ullmann/HDDGabriel/engines/UnrealEngine/Engine/Source/ThirdParty/SDL2/SDL-gui-backend/src/cpuinfo/SDL_cpuinfo.c,0,2,2
/media/ullmann/HDDGabriel/engines/UnrealEngine/Engine/Source/Developer/SlackIntegrations/Private/SlackIncomingWebhookInterface.cpp,0,1,1
/media/ullmann/HDDGabriel/engines/UnrealEngine/Engine/Source/Runtime/RenderCore/Private/RenderGraphEvent.cpp,0,1,1
/media/ullmann/HDDGabriel/engines/UnrealEngine/Engine/Source/ThirdParty/ICU/icu4c-64_1/source/test/intltest/bidiconf.cpp,0,1,1
/media/ullmann/HDDGabriel/engines/UnrealEngine/Engine/Source/ThirdParty/libstrophe/libstrophe-0.9.3/tests/test_md5.c,0,1,1
/media/ullmann/HDDGabriel/engines/UnrealEngine/Engine/Source/Runtime/MediaAssets/Public/PlatformMediaSource.h,0,1,1
/media/ullmann/HDDGabriel/engines/UnrealEngine/Engine/Source/Editor/Sequencer/Private/SObjectBindingTagManager.h,2,0,2
/media/ullmann/HDDGabriel/engines/UnrealEngine/Engine/Source/Runtime/Landscape/Private/LandscapeRender.cpp,0,2,2
/media/ullmann/HDDGabriel/engines/UnrealEngine/Engine/Source/Editor/ContentBrowser/Public/AssetViewTypes.h,1,0,1
/media/ullmann/HDDGabriel/engines/UnrealEngine/Engine/Source/ThirdParty/openexr/openexr-3.1.1/src/lib/OpenEXRCore/internal_string.h,1,0,1
/media/ullmann/HDDGabriel/engines/UnrealEngine/Engine/Source/ThirdParty/PhysX3/PhysX_3.4/Source/GeomUtils/src/hf/GuHeightFieldUtil.cpp,0,3,3
/media/ullmann/HDDGabriel/engines/UnrealEngine/Engine/Source/Runtime/AutomationWorker/Private/AutomationWorkerModule.cpp,0,2,2
/media/ullmann/HDDGabriel/engines/UnrealEngine/Engine/Source/ThirdParty/Android/libunwind/libunwind/src/hppa/Lget_proc_info.c,0,1,1
/media/ullmann/HDDGabriel/engines/UnrealEngine/Engine/Source/Runtime/LevelSequence/Private/LevelSequenceSpawnRegister.cpp,0,1,1
/media/ullmann/HDDGabriel/engines/UnrealEngine/Engine/Source/Runtime/Online/HTTPServer/Private/HttpConnectionContext.cpp,0,1,1
/media/ullmann/HDDGabriel/engines/UnrealEngine/Engine/Source/ThirdParty/ShaderConductor/ShaderConductor/External/DirectXShaderCompiler/lib/Support/Process.cpp,0,2,2
/media/ullmann/HDDGabriel/engines/UnrealEngine/Engine/Source/ThirdParty/ShaderConductor/ShaderConductor/External/DirectXShaderCompiler/lib/Support/Unix/Process.inc,1,0,1
/media/ullmann/HDDGabriel/engines/UnrealEngine/Engine/Source/Editor/SkeletonEditor/Private/SkeletonEditorMode.h,2,0,2
/media/ullmann/HDDGabriel/engines/UnrealEngine/Engine/Source/Programs/HeadlessChaos/Public/GeometryCollection/GeometryCollectionTestCreation.h,0,1,1
/media/ullmann/HDDGabriel/engines/UnrealEngine/Engine/Source/ThirdParty/PhysX3/PxShared/src/foundation/include/windows/PsWindowsIntrinsics.h,1,0,1
/media/ullmann/HDDGabriel/engines/UnrealEngine/Engine/Source/Editor/Sequencer/Public/ISequencerSection.h,1,0,1
/media/ullmann/HDDGabriel/engines/UnrealEngine/Engine/Source/ThirdParty/MCPP/mcpp-2.7.2/test-c/m_33_utf8.c,0,1,1
/media/ullmann/HDDGabriel/engines/UnrealEngine/Engine/Source/ThirdParty/ICU/icu4c-53_1/source/test/intltest/fldset.cpp,0,2,2
/media/ullmann/HDDGabriel/engines/UnrealEngine/Engine/Source/ThirdParty/PhysX3/NvCloth/samples/SampleBase/renderer/RendererHBAO.h,2,0,2
/media/ullmann/HDDGabriel/engines/UnrealEngine/Engine/Source/ThirdParty/PhysX3/PhysX_3.4/Tools/PhysXMetaDataGenerator/PxPhysicsWithExtensionsAPI.h,0,1,1
/media/ullmann/HDDGabriel/engines/UnrealEngine/Engine/Source/ThirdParty/PhysX3/PhysX_3.4/Tools/PhysXMetaDataGenerator/PxExtensionsCommon.h,2,0,2
/media/ullmann/HDDGabriel/engines/UnrealEngine/Engine/Source/Runtime/WebBrowser/Private/Android/AndroidWebBrowserDialog.cpp,0,1,1
/media/ullmann/HDDGabriel/engines/UnrealEngine/Engine/Source/Runtime/Online/BuildPatchServices/Private/Installer/BuildStatistics.h,1,0,1
/media/ullmann/HDDGabriel/engines/UnrealEngine/Engine/Source/ThirdParty/ICU/icu4c-64_1/source/tools/toolutil/collationinfo.cpp,0,1,1
/media/ullmann/HDDGabriel/engines/UnrealEngine/Engine/Source/ThirdParty/ICU/icu4c-64_1/source/tools/toolutil/collationinfo.h,1,0,1
/media/ullmann/HDDGabriel/engines/UnrealEngine/Engine/Source/ThirdParty/libOpus/opus-1.1/silk/float/process_gains_FLP.c,0,1,1
/media/ullmann/HDDGabriel/engines/UnrealEngine/Engine/Source/Runtime/Core/Public/Misc/App.h,2,0,2
/media/ullmann/HDDGabriel/engines/UnrealEngine/Engine/Source/ThirdParty/Intel/MetricsDiscovery/MetricsDiscoveryHelper/samples/range_sample_dx11/imgui/examples/vulkan_example/imgui_impl_glfw_vulkan.cpp,0,1,1
/media/ullmann/HDDGabriel/engines/UnrealEngine/Engine/Source/ThirdParty/libOpus/opus-1.1/silk/LPC_analysis_filter.c,0,1,1
/media/ullmann/HDDGabriel/engines/UnrealEngine/Engine/Source/ThirdParty/WebRTC/4147/Include/tools/clang/blink_gc_plugin/tests/part_object_to_gc_derived_class.h,0,1,1
/media/ullmann/HDDGabriel/engines/UnrealEngine/Engine/Source/ThirdParty/ICU/icu4c-64_1/source/i18n/format.cpp,0,1,1
/media/ullmann/HDDGabriel/engines/UnrealEngine/Engine/Source/ThirdParty/SDL2/SDL-gui-backend/src/video/windows/SDL_windowsmouse.h,1,1,2
/media/ullmann/HDDGabriel/engines/UnrealEngine/Engine/Source/ThirdParty/Alembic/alembic-1.8.2/lib/Alembic/AbcMaterial/Tests/WriteHasAMaterial.cpp,0,1,1
/media/ullmann/HDDGabriel/engines/UnrealEngine/Engine/Source/ThirdParty/MCPP/mcpp-2.7.2/test-c/m_33_big5.c,0,1,1
/media/ullmann/HDDGabriel/engines/UnrealEngine/Engine/Source/Programs/SwitchboardListener/Private/SwitchboardListenerMain.cpp,0,3,3
/media/ullmann/HDDGabriel/engines/UnrealEngine/Engine/Source/ThirdParty/Python3/Mac/include/internal/pycore_warnings.h,1,0,1
/media/ullmann/HDDGabriel/engines/UnrealEngine/Engine/Source/ThirdParty/PhysX3/PhysX_3.4/Source/GeomUtils/src/sweep/GuSweepBoxBox.cpp,0,2,2
/media/ullmann/HDDGabriel/engines/UnrealEngine/Engine/Source/ThirdParty/PhysX3/PhysX_3.4/Source/GeomUtils/src/sweep/GuSweepBoxBox.h,1,0,1
/media/ullmann/HDDGabriel/engines/UnrealEngine/Engine/Source/Runtime/Experimental/Chaos/Public/Chaos/ImplicitObjectScaled.h,0,1,1
/media/ullmann/HDDGabriel/engines/UnrealEngine/Engine/Source/ThirdParty/FreeImage/FreeImage-3.18.0/Source/LibTIFF4/tif_error.c,0,1,1
/media/ullmann/HDDGabriel/engines/UnrealEngine/Engine/Source/ThirdParty/FreeType2/FreeType2-2.10.0/devel/ftoption.h,0,1,1
/media/ullmann/HDDGabriel/engines/UnrealEngine/Engine/Source/ThirdParty/FreeType2/FreeType2-2.10.0/devel/ft2build.h,1,0,1
/media/ullmann/HDDGabriel/engines/UnrealEngine/Engine/Source/ThirdParty/Intel/ISPC/ispc-1.16.1/examples/cpu/rt/rt.cpp,0,1,1
/media/ullmann/HDDGabriel/engines/UnrealEngine/Engine/Source/Editor/SourceControlWindows/Private/SourceControlWindowsModule.cpp,0,1,1
/media/ullmann/HDDGabriel/engines/UnrealEngine/Engine/Source/Developer/Android/AndroidPlatformEditor/Private/AndroidSDKSettings.cpp,0,1,1
/media/ullmann/HDDGabriel/engines/UnrealEngine/Engine/Source/Editor/SkeletalMeshEditor/Private/SkeletalMeshEditorModule.cpp,0,1,1
/media/ullmann/HDDGabriel/engines/UnrealEngine/Engine/Source/ThirdParty/Perforce/p4api-2018.1/Include/Win64/VS2015/p4/stdhdrs.h,1,0,1
/media/ullmann/HDDGabriel/engines/UnrealEngine/Engine/Source/ThirdParty/SDL2/SDL-gui-backend/src/video/windows/SDL_windowsclipboard.h,1,1,2
/media/ullmann/HDDGabriel/engines/UnrealEngine/Engine/Source/ThirdParty/FreeType2/FreeType2-2.4.12/src/gxvalid/gxvmorx1.c,1,1,2
/media/ullmann/HDDGabriel/engines/UnrealEngine/Engine/Source/ThirdParty/MCPP/mcpp-2.7.2/cpp-test/test-l/nest88.h,1,1,2
/media/ullmann/HDDGabriel/engines/UnrealEngine/Engine/Source/ThirdParty/FreeImage/FreeImage-3.18.0/Source/LibJXR/image/encode/strPredQuantEnc.c,0,1,1
/media/ullmann/HDDGabriel/engines/UnrealEngine/Engine/Source/ThirdParty/ShaderConductor/ShaderConductor/External/DirectXShaderCompiler/test/tools/llvm-cov/Inputs/test.cpp,0,1,1
/media/ullmann/HDDGabriel/engines/UnrealEngine/Engine/Source/ThirdParty/ShaderConductor/ShaderConductor/External/DirectXShaderCompiler/test/tools/llvm-cov/Inputs/test.h,1,0,1
/media/ullmann/HDDGabriel/engines/UnrealEngine/Engine/Source/ThirdParty/ICU/icu4c-64_1/source/test/perf/convperf/data.h,1,0,1
/media/ullmann/HDDGabriel/engines/UnrealEngine/Engine/Source/ThirdParty/PhysX3/APEX_1.4/module/clothing_legacy/include/autogen/ClothingMaterialLibraryParameters_0p9.h,1,0,1
/media/ullmann/HDDGabriel/engines/UnrealEngine/Engine/Source/ThirdParty/PLCrashReporter/PLCrashReporter/Source/PLCrashLogWriterEncoding.c,0,1,1
/media/ullmann/HDDGabriel/engines/UnrealEngine/Engine/Source/ThirdParty/Boost/boost-1_70_0/include/boost/outcome/experimental/status-code/detail/win32_code_to_generic_code.ipp,1,0,1
/media/ullmann/HDDGabriel/engines/UnrealEngine/Engine/Source/Editor/UnrealEd/Private/Toolkits/AssetEditorCommonCommands.h,1,0,1
/media/ullmann/HDDGabriel/engines/UnrealEngine/Engine/Source/ThirdParty/openexr/openexr-3.1.1/src/examples/generalInterfaceTiledExamples.h,1,0,1
/media/ullmann/HDDGabriel/engines/UnrealEngine/Engine/Source/ThirdParty/FakeIt/2.0.2/tests/VirtualOffsetSelectorTest.cpp,0,1,1
/media/ullmann/HDDGabriel/engines/UnrealEngine/Engine/Source/ThirdParty/EOSSDK/SDK/Include/eos_init.h,1,1,2
/media/ullmann/HDDGabriel/engines/UnrealEngine/Engine/Source/Runtime/Engine/Classes/Engine/StreamableManager.h,1,0,1
/media/ullmann/HDDGabriel/engines/UnrealEngine/Engine/Source/ThirdParty/Crunch/src/crnlib/crn_colorized_console.cpp,0,3,3
/media/ullmann/HDDGabriel/engines/UnrealEngine/Engine/Source/ThirdParty/ShaderConductor/ShaderConductor/External/DirectXShaderCompiler/tools/opt/BreakpointPrinter.cpp,0,1,1
/media/ullmann/HDDGabriel/engines/UnrealEngine/Engine/Source/Editor/UnrealEd/Private/TargetDomain/TargetDomainUtils.h,1,0,1
/media/ullmann/HDDGabriel/engines/UnrealEngine/Engine/Source/ThirdParty/OpenVDB/Deploy/openvdb-8.1.0/include/openvdb/tools/FindActiveValues.h,0,1,1
/media/ullmann/HDDGabriel/engines/UnrealEngine/Engine/Source/ThirdParty/OpenVDB/Deploy/openvdb-8.1.0/include/openvdb/tools/Count.h,1,0,1
/media/ullmann/HDDGabriel/engines/UnrealEngine/Engine/Source/ThirdParty/ShaderConductor/ShaderConductor/External/DirectXShaderCompiler/lib/TableGen/TGParser.cpp,0,1,1
/media/ullmann/HDDGabriel/engines/UnrealEngine/Engine/Source/ThirdParty/Perforce/p4api-2018.1/Include/Win32/VS2015/p4/keepalive.h,1,0,1
/media/ullmann/HDDGabriel/engines/UnrealEngine/Engine/Source/Runtime/CoreUObject/Public/Serialization/ObjectReader.h,1,0,1
/media/ullmann/HDDGabriel/engines/UnrealEngine/Engine/Source/ThirdParty/ShaderConductor/ShaderConductor/External/DirectXShaderCompiler/include/llvm/DebugInfo/PDB/DIA/DIALineNumber.h,0,1,1
/media/ullmann/HDDGabriel/engines/UnrealEngine/Engine/Source/ThirdParty/ICU/icu4c-64_1/source/i18n/dt_impl.h,1,0,1
/media/ullmann/HDDGabriel/engines/UnrealEngine/Engine/Source/ThirdParty/libPNG/libPNG-1.5.27/pngrtran.c,0,1,1
/media/ullmann/HDDGabriel/engines/UnrealEngine/Engine/Source/ThirdParty/Android/libunwind/libunwind/src/hppa/Lis_signal_frame.c,0,1,1
/media/ullmann/HDDGabriel/engines/UnrealEngine/Engine/Source/ThirdParty/MCPP/mcpp-2.7.2/cpp-test/test-l/nest105.h,1,1,2
/media/ullmann/HDDGabriel/engines/UnrealEngine/Engine/Source/Editor/UMGEditor/Private/Animation/MarginTrackEditor.h,1,0,1
/media/ullmann/HDDGabriel/engines/UnrealEngine/Engine/Source/Runtime/Windows/D3D11RHI/Private/Windows/WindowsD3D11ConstantBuffer.cpp,0,1,1
/media/ullmann/HDDGabriel/engines/UnrealEngine/Engine/Source/ThirdParty/ICU/icu4c-53_1/source/i18n/unicode/uformattable.h,1,0,1
/media/ullmann/HDDGabriel/engines/UnrealEngine/Engine/Source/ThirdParty/zlib/zlib-1.2.5/Src/uncompr.c,0,1,1
/media/ullmann/HDDGabriel/engines/UnrealEngine/Engine/Source/ThirdParty/mtlpp/mtlpp-master-7efad47/interpose/MTIArgumentEncoder.hpp,0,1,1
/media/ullmann/HDDGabriel/engines/UnrealEngine/Engine/Source/ThirdParty/openexr/openexr-3.1.1/src/lib/IlmThread/IlmThreadSemaphorePosixCompat.cpp,0,1,1
/media/ullmann/HDDGabriel/engines/UnrealEngine/Engine/Source/ThirdParty/ICU/icu4c-53_1/source/test/cintltst/cstrtest.c,0,1,1
/media/ullmann/HDDGabriel/engines/UnrealEngine/Engine/Source/ThirdParty/PhysX3/PhysX_3.4/Source/PhysXExtensions/src/serialization/SnSerialUtils.cpp,0,1,1
/media/ullmann/HDDGabriel/engines/UnrealEngine/Engine/Source/Runtime/Engine/Public/PhysXPublic.h,1,0,1
/media/ullmann/HDDGabriel/engines/UnrealEngine/Engine/Source/Runtime/Engine/Classes/Components/BoundsCopyComponent.h,0,1,1
/media/ullmann/HDDGabriel/engines/UnrealEngine/Engine/Source/Runtime/Engine/Classes/Components/ActorComponent.h,1,0,1
/media/ullmann/HDDGabriel/engines/UnrealEngine/Engine/Source/ThirdParty/ICU/icu4c-53_1/source/test/cintltst/cgendtst.c,0,1,1
/media/ullmann/HDDGabriel/engines/UnrealEngine/Engine/Source/ThirdParty/Intel/Embree/Embree270/src/common/math/vec3fa.h,2,2,4
/media/ullmann/HDDGabriel/engines/UnrealEngine/Engine/Source/ThirdParty/Android/libunwind/libunwind/src/unwind/SetGR.c,0,1,1
/media/ullmann/HDDGabriel/engines/UnrealEngine/Engine/Source/ThirdParty/MCPP/mcpp-2.7.2/test-l/nest32.h,1,1,2
/media/ullmann/HDDGabriel/engines/UnrealEngine/Engine/Source/ThirdParty/GoogleGameSDK/gamesdk/src/common/Trace.h,1,0,1
/media/ullmann/HDDGabriel/engines/UnrealEngine/Engine/Source/Runtime/SlateCore/Public/Styling/SlateWidgetStyleContainerBase.h,1,0,1
/media/ullmann/HDDGabriel/engines/UnrealEngine/Engine/Source/Developer/TraceInsights/Private/Insights/NetworkingProfiler/ViewModels/NetEventGroupingAndSorting.cpp,0,1,1
/media/ullmann/HDDGabriel/engines/UnrealEngine/Engine/Source/Developer/TraceInsights/Private/Insights/NetworkingProfiler/ViewModels/NetEventGroupingAndSorting.h,1,0,1
/media/ullmann/HDDGabriel/engines/UnrealEngine/Engine/Source/ThirdParty/ShaderConductor/ShaderConductor/External/DirectXShaderCompiler/tools/clang/lib/StaticAnalyzer/Frontend/AnalysisConsumer.cpp,0,1,1
/media/ullmann/HDDGabriel/engines/UnrealEngine/Engine/Source/Developer/Windows/LiveCodingServer/Private/External/LC_Filesystem.cpp,0,1,1
/media/ullmann/HDDGabriel/engines/UnrealEngine/Engine/Source/ThirdParty/Python3/Win64/include/structseq.h,1,0,1
/media/ullmann/HDDGabriel/engines/UnrealEngine/Engine/Source/ThirdParty/ICU/icu4c-53_1/source/layoutex/LXUtilities.h,2,0,2
/media/ullmann/HDDGabriel/engines/UnrealEngine/Engine/Source/ThirdParty/FreeImage/FreeImage-3.18.0/Examples/OpenGL/TextureManager/TextureManager.cpp,0,1,1
/media/ullmann/HDDGabriel/engines/UnrealEngine/Engine/Source/ThirdParty/FreeImage/FreeImage-3.18.0/Examples/OpenGL/TextureManager/TextureManager.h,1,0,1
/media/ullmann/HDDGabriel/engines/UnrealEngine/Engine/Source/Editor/AnimGraph/Public/AnimGraphNode_TransitionPoseEvaluator.h,0,1,1
/media/ullmann/HDDGabriel/engines/UnrealEngine/Engine/Source/Runtime/InteractiveToolsFramework/Public/InteractiveToolActionSet.h,1,0,1
/media/ullmann/HDDGabriel/engines/UnrealEngine/Engine/Source/ThirdParty/Perforce/p4api-2018.1/Include/Win64/VS2015/p4/strdict.h,1,0,1
/media/ullmann/HDDGabriel/engines/UnrealEngine/Engine/Source/ThirdParty/EOSSDK/SDK/Bin/IOS/EOSSDK.framework/Headers/eos_anticheatserver_types.h,2,2,4
/media/ullmann/HDDGabriel/engines/UnrealEngine/Engine/Source/ThirdParty/OpenSubdiv/OpenSubdiv-3.4.4/regression/shapes/loop_icos_infsharp.h,1,0,1
/media/ullmann/HDDGabriel/engines/UnrealEngine/Engine/Source/ThirdParty/PhysX3/PhysX_3.4/Source/Common/src/CmRenderBuffer.h,1,1,2
/media/ullmann/HDDGabriel/engines/UnrealEngine/Engine/Source/Runtime/Engine/Private/TextureLODSettings.cpp,0,1,1
/media/ullmann/HDDGabriel/engines/UnrealEngine/Engine/Source/ThirdParty/PhysX3/APEX_1.4/module/clothing/include/ClothingScene.h,0,1,1
/media/ullmann/HDDGabriel/engines/UnrealEngine/Engine/Source/ThirdParty/OpenVDB/openvdb-8.1.0/openvdb_ax/openvdb_ax/test/backend/TestStringIR.cc,0,1,1
/media/ullmann/HDDGabriel/engines/UnrealEngine/Engine/Source/ThirdParty/OpenSubdiv/OpenSubdiv-3.4.4/regression/shapes/catmark_gregory_test6.h,1,0,1
/media/ullmann/HDDGabriel/engines/UnrealEngine/Engine/Source/Developer/TraceServices/Private/Model/Channel.cpp,0,1,1
/media/ullmann/HDDGabriel/engines/UnrealEngine/Engine/Source/ThirdParty/OpenVDB/openvdb-8.1.0/openvdb/openvdb/tools/RayIntersector.h,0,1,1
/media/ullmann/HDDGabriel/engines/UnrealEngine/Engine/Source/ThirdParty/Android/libunwind/libunwind/src/ppc32/get_func_addr.c,0,1,1
/media/ullmann/HDDGabriel/engines/UnrealEngine/Engine/Source/Editor/UnrealEd/Public/ObjectTools.h,1,0,1
/media/ullmann/HDDGabriel/engines/UnrealEngine/Engine/Source/Editor/AnimGraph/Public/AnimGraphNode_ModifyBone.h,0,1,1
/media/ullmann/HDDGabriel/engines/UnrealEngine/Engine/Source/ThirdParty/PhysX3/PhysX_3.4/Include/particles/PxParticleFluid.h,2,0,2
/media/ullmann/HDDGabriel/engines/UnrealEngine/Engine/Source/Runtime/UMG/Public/Components/TileView.h,1,1,2
/media/ullmann/HDDGabriel/engines/UnrealEngine/Engine/Source/ThirdParty/FreeType2/FreeType2-2.10.4/src/sfnt/ttbdf.c,1,2,3
/media/ullmann/HDDGabriel/engines/UnrealEngine/Engine/Source/Developer/AssetTools/Private/AssetTypeActions/AssetTypeActions_ParticleSystem.h,1,0,1
/media/ullmann/HDDGabriel/engines/UnrealEngine/Engine/Source/Editor/UMGEditor/Public/Settings/WidgetDesignerSettings.h,1,0,1
/media/ullmann/HDDGabriel/engines/UnrealEngine/Engine/Source/Editor/DetailCustomizations/Private/MovieSceneCaptureCustomization.cpp,0,1,1
/media/ullmann/HDDGabriel/engines/UnrealEngine/Engine/Source/Runtime/SlateCore/Public/Input/ReplyBase.h,1,0,1
/media/ullmann/HDDGabriel/engines/UnrealEngine/Engine/Source/Programs/Enterprise/Datasmith/DatasmithARCHICADExporter/Private/Utils/ShellOpenDocument.cpp,0,1,1
/media/ullmann/HDDGabriel/engines/UnrealEngine/Engine/Source/ThirdParty/ICU/icu4c-64_1/source/common/utypes.cpp,0,1,1
/media/ullmann/HDDGabriel/engines/UnrealEngine/Engine/Source/ThirdParty/Steamworks/Steamv147/sdk/public/steam/steamtypes.h,3,0,3
/media/ullmann/HDDGabriel/engines/UnrealEngine/Engine/Source/ThirdParty/PhysX3/PhysX_3.4/Source/SimulationController/include/ScClothCore.h,0,1,1
/media/ullmann/HDDGabriel/engines/UnrealEngine/Engine/Source/ThirdParty/ShaderConductor/ShaderConductor/External/googletest/googletest/test/production.cc,0,1,1
/media/ullmann/HDDGabriel/engines/UnrealEngine/Engine/Source/ThirdParty/ICU/icu4c-53_1/source/i18n/csrecog.cpp,0,1,1
/media/ullmann/HDDGabriel/engines/UnrealEngine/Engine/Source/Editor/PropertyEditor/Private/UserInterface/PropertyEditor/SPropertySceneOutliner.h,1,0,1
/media/ullmann/HDDGabriel/engines/UnrealEngine/Engine/Source/ThirdParty/ShaderConductor/ShaderConductor/External/DirectXShaderCompiler/include/llvm/ExecutionEngine/Orc/IRCompileLayer.h,0,1,1
/media/ullmann/HDDGabriel/engines/UnrealEngine/Engine/Source/ThirdParty/FreeType2/FreeType2-2.10.0/src/pcf/pcfutil.h,2,0,2
/media/ullmann/HDDGabriel/engines/UnrealEngine/Engine/Source/ThirdParty/libOpus/opus-1.3.1-12/silk/float/wrappers_FLP.c,0,1,1
/media/ullmann/HDDGabriel/engines/UnrealEngine/Engine/Source/Editor/MainFrame/Private/Frame/RootWindowLocation.h,1,0,1
/media/ullmann/HDDGabriel/engines/UnrealEngine/Engine/Source/Editor/DetailCustomizations/Private/AnimStateAliasNodeDetails.cpp,0,1,1
/media/ullmann/HDDGabriel/engines/UnrealEngine/Engine/Source/Editor/DetailCustomizations/Private/AnimStateAliasNodeDetails.h,2,0,2
/media/ullmann/HDDGabriel/engines/UnrealEngine/Engine/Source/ThirdParty/libOpus/opus-1.1/silk/code_signs.c,0,1,1
/media/ullmann/HDDGabriel/engines/UnrealEngine/Engine/Source/Runtime/Core/Public/ProfilingDebugging/CpuProfilerTrace.h,1,0,1
/media/ullmann/HDDGabriel/engines/UnrealEngine/Engine/Source/Editor/DetailCustomizations/Private/PostProcessSettingsCustomization.cpp,0,1,1
/media/ullmann/HDDGabriel/engines/UnrealEngine/Engine/Source/ThirdParty/HarfBuzz/harfbuzz-2.4.0/src/hb-set.cc,0,1,1
/media/ullmann/HDDGabriel/engines/UnrealEngine/Engine/Source/Editor/AnimationBlueprintEditor/Private/AnimationNodes/SGraphNodeStateMachineInstance.cpp,0,1,1
/media/ullmann/HDDGabriel/engines/UnrealEngine/Engine/Source/ThirdParty/OpenSubdiv/OpenSubdiv-3.4.4/regression/shapes/catmark_square_hedit2.h,2,0,2
/media/ullmann/HDDGabriel/engines/UnrealEngine/Engine/Source/ThirdParty/libOpus/opus-1.1/silk/float/LTP_analysis_filter_FLP.c,0,1,1
/media/ullmann/HDDGabriel/engines/UnrealEngine/Engine/Source/ThirdParty/PhysX3/PhysX_3.4/Source/PhysXExtensions/src/serialization/Xml/SnJointRepXSerializer.cpp,0,1,1
/media/ullmann/HDDGabriel/engines/UnrealEngine/Engine/Source/ThirdParty/WebRTC/4147/Include/third_party/protobuf/conformance/conformance_test.h,2,0,2
/media/ullmann/HDDGabriel/engines/UnrealEngine/Engine/Source/Editor/CurveTableEditor/Private/CurveTableEditorHandle.cpp,0,1,1
/media/ullmann/HDDGabriel/engines/UnrealEngine/Engine/Source/ThirdParty/Crunch/src/crnlib/crn_mem.h,1,0,1
/media/ullmann/HDDGabriel/engines/UnrealEngine/Engine/Source/Editor/LocalizationDashboard/Private/GatherTextDetailCustomizations.cpp,0,1,1
/media/ullmann/HDDGabriel/engines/UnrealEngine/Engine/Source/Developer/ProfilerClient/Private/ProfilerClientModule.cpp,0,1,1
/media/ullmann/HDDGabriel/engines/UnrealEngine/Engine/Source/Developer/ProfilerClient/Private/ProfilerClientManager.h,2,0,2
/media/ullmann/HDDGabriel/engines/UnrealEngine/Engine/Source/ThirdParty/WebRTC/4147/Include/third_party/libvpx/source/libvpx/vp8/common/quant_common.h,0,2,2
/media/ullmann/HDDGabriel/engines/UnrealEngine/Engine/Source/ThirdParty/nvTextureTools/nvTextureTools-2.0.6/src/src/nvtt/squish/colourfit.cpp,0,2,2
/media/ullmann/HDDGabriel/engines/UnrealEngine/Engine/Source/ThirdParty/OpenVDB/Deploy/openvdb-8.1.0/include/openvdb/tools/PointScatter.h,1,0,1
/media/ullmann/HDDGabriel/engines/UnrealEngine/Engine/Source/ThirdParty/OpenVDB/openvdb-8.1.0/openvdb/openvdb/unittest/TestTree.cc,0,1,1
/media/ullmann/HDDGabriel/engines/UnrealEngine/Engine/Source/ThirdParty/Python3/Linux/include/python3.9/rangeobject.h,1,0,1
/media/ullmann/HDDGabriel/engines/UnrealEngine/Engine/Source/ThirdParty/PhysX3/APEX_1.4/module/destructible_legacy/include/autogen/DestructibleActorParam_0p25.h,1,0,1
/media/ullmann/HDDGabriel/engines/UnrealEngine/Engine/Source/Editor/DetailCustomizations/Private/MovieSceneEvalOptionsCustomization.h,2,0,2
/media/ullmann/HDDGabriel/engines/UnrealEngine/Engine/Source/Developer/FunctionalTesting/Public/AutomationBlueprintFunctionLibrary.h,0,1,1
/media/ullmann/HDDGabriel/engines/UnrealEngine/Engine/Source/ThirdParty/mtlpp/mtlpp-master-7efad47/src/imp_CommandBuffer.hpp,1,1,2
/media/ullmann/HDDGabriel/engines/UnrealEngine/Engine/Source/ThirdParty/FreeImage/FreeImage-3.18.0/Source/LibTIFF4/tif_dirread.c,0,1,1
/media/ullmann/HDDGabriel/engines/UnrealEngine/Engine/Source/Editor/IntroTutorials/Private/EditorTutorial.cpp,0,1,1
/media/ullmann/HDDGabriel/engines/UnrealEngine/Engine/Source/Developer/TraceInsights/Private/Insights/NetworkingProfiler/ViewModels/PacketContentViewDrawHelper.cpp,0,1,1
/media/ullmann/HDDGabriel/engines/UnrealEngine/Engine/Source/Developer/TraceInsights/Private/Insights/NetworkingProfiler/ViewModels/PacketContentViewDrawHelper.h,1,0,1
/media/ullmann/HDDGabriel/engines/UnrealEngine/Engine/Source/ThirdParty/OpenSubdiv/OpenSubdiv-3.4.4/opensubdiv/osd/cpuGLVertexBuffer.cpp,0,1,1
/media/ullmann/HDDGabriel/engines/UnrealEngine/Engine/Source/ThirdParty/ICU/icu4c-53_1/source/test/iotest/stream.cpp,0,1,1
/media/ullmann/HDDGabriel/engines/UnrealEngine/Engine/Source/Runtime/SlateCore/Public/Widgets/SBoxPanel.h,1,0,1
/media/ullmann/HDDGabriel/engines/UnrealEngine/Engine/Source/ThirdParty/nvTextureTools/nvTextureTools-2.0.8/src/src/nvcore/Library.h,1,0,1
/media/ullmann/HDDGabriel/engines/UnrealEngine/Engine/Source/ThirdParty/OpenVDB/openvdb-8.1.0/openvdb/openvdb/math/HalfLimits.h,0,1,1
/media/ullmann/HDDGabriel/engines/UnrealEngine/Engine/Source/Runtime/MovieScene/Public/Channels/MovieSceneChannelEditorData.h,1,0,1
/media/ullmann/HDDGabriel/engines/UnrealEngine/Engine/Source/ThirdParty/Python3/Mac/include/cpython/unicodeobject.h,1,0,1
/media/ullmann/HDDGabriel/engines/UnrealEngine/Engine/Source/ThirdParty/openexr/openexr-3.1.1/src/lib/IlmThread/IlmThreadSemaphoreWin32.cpp,0,1,1
/media/ullmann/HDDGabriel/engines/UnrealEngine/Engine/Source/ThirdParty/Boost/boost-1_70_0/include/boost/outcome/utils.hpp,1,1,2
/media/ullmann/HDDGabriel/engines/UnrealEngine/Engine/Source/ThirdParty/ShaderConductor/ShaderConductor/External/DirectXShaderCompiler/tools/clang/lib/Headers/adxintrin.h,1,0,1
/media/ullmann/HDDGabriel/engines/UnrealEngine/Engine/Source/ThirdParty/OpenXR/include/openxr/openxr_platform.h,0,1,1
/media/ullmann/HDDGabriel/engines/UnrealEngine/Engine/Source/Runtime/Renderer/Private/DBufferTextures.h,2,0,2
/media/ullmann/HDDGabriel/engines/UnrealEngine/Engine/Source/ThirdParty/Intel/ISPC/ispc-1.17.0/ispcrt/detail/gpu/GPUDevice.cpp,0,1,1
/media/ullmann/HDDGabriel/engines/UnrealEngine/Engine/Source/Runtime/Engine/Public/Animation/AnimSubsystem_Tag.h,0,1,1
/media/ullmann/HDDGabriel/engines/UnrealEngine/Engine/Source/Runtime/Engine/Public/Animation/AnimSubsystem.h,2,0,2
/media/ullmann/HDDGabriel/engines/UnrealEngine/Engine/Source/ThirdParty/Android/libunwind/libunwind/src/ia64/Linit.c,0,1,1
/media/ullmann/HDDGabriel/engines/UnrealEngine/Engine/Source/Editor/BlueprintGraph/Private/K2Node_StructMemberGet.cpp,0,1,1
/media/ullmann/HDDGabriel/engines/UnrealEngine/Engine/Source/Developer/Windows/LiveCodingServer/Private/External/LC_DiaVariant.h,2,0,2
/media/ullmann/HDDGabriel/engines/UnrealEngine/Engine/Source/Runtime/LiveLinkAnimationCore/Public/LiveLinkInstance.h,0,1,1
/media/ullmann/HDDGabriel/engines/UnrealEngine/Engine/Source/ThirdParty/Android/libunwind/libunwind/src/x86/Lglobal.c,0,1,1
/media/ullmann/HDDGabriel/engines/UnrealEngine/Engine/Source/ThirdParty/ICU/icu4c-64_1/source/samples/layout/FontMap.cpp,0,2,2
/media/ullmann/HDDGabriel/engines/UnrealEngine/Engine/Source/ThirdParty/Python3/Win64/include/pyfpe.h,1,0,1
/media/ullmann/HDDGabriel/engines/UnrealEngine/Engine/Source/Runtime/Messaging/Public/IMessageSender.h,0,1,1
/media/ullmann/HDDGabriel/engines/UnrealEngine/Engine/Source/ThirdParty/Intel/ISPC/ispc-1.17.0/examples/xpu/common/L0_helpers.h,0,1,1
/media/ullmann/HDDGabriel/engines/UnrealEngine/Engine/Source/ThirdParty/Alembic/alembic-1.8.2/lib/Alembic/Util/SpookyV2.cpp,0,1,1
/media/ullmann/HDDGabriel/engines/UnrealEngine/Engine/Source/ThirdParty/Alembic/alembic-1.8.2/lib/Alembic/Util/SpookyV2.h,1,0,1
/media/ullmann/HDDGabriel/engines/UnrealEngine/Engine/Source/Editor/PhysicsAssetEditor/Private/SkeletonTreePhysicsBodyItem.cpp,0,1,1
/media/ullmann/HDDGabriel/engines/UnrealEngine/Engine/Source/ThirdParty/MCPP/mcpp-2.7.2/test-c/n_5.c,0,1,1
/media/ullmann/HDDGabriel/engines/UnrealEngine/Engine/Source/Runtime/Renderer/Private/WideCustomResolveShaders.cpp,0,1,1
/media/ullmann/HDDGabriel/engines/UnrealEngine/Engine/Source/Runtime/Engine/Classes/Engine/CompositeCurveTable.h,0,1,1
/media/ullmann/HDDGabriel/engines/UnrealEngine/Engine/Source/Runtime/Engine/Classes/Engine/CurveTable.h,1,0,1
/media/ullmann/HDDGabriel/engines/UnrealEngine/Engine/Source/Programs/UnrealVersionSelector/Private/Linux/LinuxPlatformInstallation.cpp,0,1,1
/media/ullmann/HDDGabriel/engines/UnrealEngine/Engine/Source/Runtime/AVEncoder/Private/Decoders/Windows/VideoDecoderH264_Windows.cpp,0,1,1
/media/ullmann/HDDGabriel/engines/UnrealEngine/Engine/Source/ThirdParty/libPNG/libPNG-1.6.37/arm/palette_neon_intrinsics.c,0,1,1
/media/ullmann/HDDGabriel/engines/UnrealEngine/Engine/Source/ThirdParty/MCPP/mcpp-2.7.2/cpp-test/test-l/nest69.h,1,1,2
/media/ullmann/HDDGabriel/engines/UnrealEngine/Engine/Source/Editor/DerivedDataEditor/Private/SDerivedDataStatusBar.h,3,0,3
/media/ullmann/HDDGabriel/engines/UnrealEngine/Engine/Source/ThirdParty/FreeImage/FreeImage-3.18.0/Source/ZLib/gzread.c,0,1,1
/media/ullmann/HDDGabriel/engines/UnrealEngine/Engine/Source/ThirdParty/ICU/icu4c-53_1/source/i18n/unicode/locdspnm.h,2,0,2
/media/ullmann/HDDGabriel/engines/UnrealEngine/Engine/Source/ThirdParty/HarfBuzz/harfbuzz-1.2.4/test/api/test-font.c,0,1,1
/media/ullmann/HDDGabriel/engines/UnrealEngine/Engine/Source/Runtime/Landscape/Private/LandscapeGrass.cpp,0,1,1
/media/ullmann/HDDGabriel/engines/UnrealEngine/Engine/Source/ThirdParty/Intel/ISPC/ispc-1.16.1/examples/cpu/aobench_instrumented/instrument.cpp,0,1,1
/media/ullmann/HDDGabriel/engines/UnrealEngine/Engine/Source/ThirdParty/libOpus/opus-1.0.3/silk/Inlines.h,1,0,1
/media/ullmann/HDDGabriel/engines/UnrealEngine/Engine/Source/Developer/TraceInsights/Private/Insights/Widgets/STimerTableCell.cpp,0,1,1
/media/ullmann/HDDGabriel/engines/UnrealEngine/Engine/Source/Developer/TraceInsights/Private/Insights/Widgets/STimerTableCell.h,1,0,1
/media/ullmann/HDDGabriel/engines/UnrealEngine/Engine/Source/ThirdParty/OpenVDB/openvdb-8.1.0/openvdb/openvdb/unittest/TestFile.cc,0,1,1
/media/ullmann/HDDGabriel/engines/UnrealEngine/Engine/Source/ThirdParty/SDL2/SDL-gui-backend/src/video/khronos/vulkan/vulkan_metal.h,1,0,1
/media/ullmann/HDDGabriel/engines/UnrealEngine/Engine/Source/Editor/GameProjectGeneration/Private/SProjectBrowser.cpp,0,2,2
/media/ullmann/HDDGabriel/engines/UnrealEngine/Engine/Source/ThirdParty/ICU/icu4c-64_1/source/tools/ctestfw/ctest.c,0,1,1
/media/ullmann/HDDGabriel/engines/UnrealEngine/Engine/Source/ThirdParty/ICU/icu4c-64_1/source/tools/ctestfw/unicode/ctest.h,1,0,1
/media/ullmann/HDDGabriel/engines/UnrealEngine/Engine/Source/ThirdParty/Intel/Embree/Embree2140/Win64/include/embree2/rtcore_geometry_user.h,1,0,1
/media/ullmann/HDDGabriel/engines/UnrealEngine/Engine/Source/ThirdParty/PhysX3/APEX_1.4/module/clothing_legacy/include/autogen/ClothingAssetParameters_0p2.h,1,0,1
/media/ullmann/HDDGabriel/engines/UnrealEngine/Engine/Source/Editor/PropertyEditor/Private/PropertyEditorToolkit.cpp,0,1,1
/media/ullmann/HDDGabriel/engines/UnrealEngine/Engine/Source/ThirdParty/Android/libunwind/libunwind/src/ppc32/Lglobal.c,0,1,1
/media/ullmann/HDDGabriel/engines/UnrealEngine/Engine/Source/ThirdParty/FBX/2020.2/include/fbxsdk/utils/fbxprocessorxref.h,1,0,1
/media/ullmann/HDDGabriel/engines/UnrealEngine/Engine/Source/ThirdParty/ShaderConductor/ShaderConductor/External/DirectXShaderCompiler/tools/obj2yaml/obj2yaml.cpp,0,2,2
/media/ullmann/HDDGabriel/engines/UnrealEngine/Engine/Source/Runtime/Datasmith/DatasmithCore/Public/DatasmithMaterialsUtils.h,0,1,1
/media/ullmann/HDDGabriel/engines/UnrealEngine/Engine/Source/ThirdParty/ShaderConductor/ShaderConductor/External/DirectXShaderCompiler/lib/CodeGen/LiveDebugVariables.cpp,0,1,1
/media/ullmann/HDDGabriel/engines/UnrealEngine/Engine/Source/Developer/SlateReflector/Public/INavigationEventSimulationView.h,0,1,1
/media/ullmann/HDDGabriel/engines/UnrealEngine/Engine/Source/Developer/SlateReflector/Public/SlateNavigationEventSimulator.h,1,0,1
/media/ullmann/HDDGabriel/engines/UnrealEngine/Engine/Source/ThirdParty/libPNG/libPNG-1.6.37/pngerror.c,0,1,1
/media/ullmann/HDDGabriel/engines/UnrealEngine/Engine/Source/ThirdParty/FreeImage/FreeImage-3.18.0/Source/OpenEXR/IlmThread/IlmThreadMutexPosix.cpp,0,1,1
/media/ullmann/HDDGabriel/engines/UnrealEngine/Engine/Source/ThirdParty/Steamworks/Steamv151/sdk/public/steam/isteamnetworking.h,1,1,2
/media/ullmann/HDDGabriel/engines/UnrealEngine/Engine/Source/Runtime/RHI/Public/BoundShaderStateCache.h,0,1,1
/media/ullmann/HDDGabriel/engines/UnrealEngine/Engine/Source/ThirdParty/Windows/glTF-Toolkit/glTF-Toolkit/inc/GLTFTexturePackingUtils.h,0,1,1
/media/ullmann/HDDGabriel/engines/UnrealEngine/Engine/Source/ThirdParty/FontConfig/fontconfig-2.13.94/src/fccompat.c,0,1,1
/media/ullmann/HDDGabriel/engines/UnrealEngine/Engine/Source/Developer/ScreenShotComparison/Private/Models/ScreenComparisonModel.cpp,0,1,1
/media/ullmann/HDDGabriel/engines/UnrealEngine/Engine/Source/Developer/ScreenShotComparison/Private/Models/ScreenComparisonModel.h,1,0,1
/media/ullmann/HDDGabriel/engines/UnrealEngine/Engine/Source/ThirdParty/Intel/TBB/IntelTBB-2019u8/src/test/test_static_assert.cpp,0,1,1
/media/ullmann/HDDGabriel/engines/UnrealEngine/Engine/Source/ThirdParty/FreeType2/FreeType2-2.10.0/src/cid/cidriver.h,1,0,1
/media/ullmann/HDDGabriel/engines/UnrealEngine/Engine/Source/ThirdParty/FreeImage/FreeImage-3.18.0/Source/OpenEXR/Imath/ImathBox.cpp,0,1,1
/media/ullmann/HDDGabriel/engines/UnrealEngine/Engine/Source/ThirdParty/Android/libunwind/libunwind/src/hppa/Lget_save_loc.c,0,1,1
/media/ullmann/HDDGabriel/engines/UnrealEngine/Engine/Source/ThirdParty/Oculus/LibOVRPlatform/LibOVRPlatform/include/OVR_PartyUpdateAction.h,1,1,2
/media/ullmann/HDDGabriel/engines/UnrealEngine/Engine/Source/ThirdParty/libOpus/opus-1.1/silk/stereo_LR_to_MS.c,0,1,1
/media/ullmann/HDDGabriel/engines/UnrealEngine/Engine/Source/Editor/AudioEditor/Private/SGraphNodeSoundBase.h,2,0,2
/media/ullmann/HDDGabriel/engines/UnrealEngine/Engine/Source/Editor/MovieSceneTools/Public/MovieSceneObjectBindingIDCustomization.h,0,1,1
/media/ullmann/HDDGabriel/engines/UnrealEngine/Engine/Source/ThirdParty/ICU/icu4c-64_1/source/common/unicode/stringtriebuilder.h,1,0,1
/media/ullmann/HDDGabriel/engines/UnrealEngine/Engine/Source/ThirdParty/FBX/2020.2/include/fbxsdk/scene/geometry/fbxnurbssurface.h,1,0,1
/media/ullmann/HDDGabriel/engines/UnrealEngine/Engine/Source/ThirdParty/FreeImage/FreeImage-3.18.0/Source/OpenEXR/IlmImf/ImfPartType.cpp,0,2,2
/media/ullmann/HDDGabriel/engines/UnrealEngine/Engine/Source/ThirdParty/WebRTC/4147/Include/third_party/libvpx/source/libvpx/vp8/encoder/ratectrl.h,0,1,1
/media/ullmann/HDDGabriel/engines/UnrealEngine/Engine/Source/Developer/AssetTools/Private/AssetTypeActions/AssetTypeActions_SlateBrush.h,1,0,1
/media/ullmann/HDDGabriel/engines/UnrealEngine/Engine/Source/ThirdParty/OpenVDB/openvdb-8.1.0/openvdb_ax/openvdb_ax/test/backend/TestFunctionRegistry.cc,0,1,1
/media/ullmann/HDDGabriel/engines/UnrealEngine/Engine/Source/ThirdParty/FreeImage/FreeImage-3.18.0/Source/LibTIFF4/tif_getimage.c,0,1,1
/media/ullmann/HDDGabriel/engines/UnrealEngine/Engine/Source/ThirdParty/PhysX3/PhysX_3.4/Source/GeomUtils/src/mesh/GuBV4.cpp,0,1,1
/media/ullmann/HDDGabriel/engines/UnrealEngine/Engine/Source/ThirdParty/ICU/icu4c-53_1/source/i18n/coptccal.cpp,0,2,2
/media/ullmann/HDDGabriel/engines/UnrealEngine/Engine/Source/ThirdParty/Python3/Win64/include/asdl.h,1,0,1
/media/ullmann/HDDGabriel/engines/UnrealEngine/Engine/Source/ThirdParty/ICU/icu4c-64_1/source/test/perf/unisetperf/draft/bitset.cpp,0,1,1
/media/ullmann/HDDGabriel/engines/UnrealEngine/Engine/Source/ThirdParty/libOpus/opus-1.3.1-12/tests/test_opus_padding.c,0,1,1
/media/ullmann/HDDGabriel/engines/UnrealEngine/Engine/Source/ThirdParty/MCPP/mcpp-2.7.2/test-l/l_37_6.c,0,1,1
/media/ullmann/HDDGabriel/engines/UnrealEngine/Engine/Source/Editor/Persona/Private/PoseEditorCommands.cpp,0,1,1
/media/ullmann/HDDGabriel/engines/UnrealEngine/Engine/Source/Editor/Persona/Private/PoseEditorCommands.h,2,0,2
/media/ullmann/HDDGabriel/engines/UnrealEngine/Engine/Source/ThirdParty/FreeImage/FreeImage-3.18.0/Source/LibJXR/image/decode/JXRTranscode.c,0,1,1
/media/ullmann/HDDGabriel/engines/UnrealEngine/Engine/Source/ThirdParty/Intel/TBB/IntelTBB-2019u8/src/test/test_cache_aligned_allocator.cpp,0,1,1
/media/ullmann/HDDGabriel/engines/UnrealEngine/Engine/Source/ThirdParty/ShaderConductor/ShaderConductor/External/DirectXShaderCompiler/tools/llvm-c-test/helpers.c,0,1,1
/media/ullmann/HDDGabriel/engines/UnrealEngine/Engine/Source/Editor/MovieSceneTools/Private/TrackEditors/PropertyTrackEditors/StringPropertyTrackEditor.h,1,0,1
/media/ullmann/HDDGabriel/engines/UnrealEngine/Engine/Source/ThirdParty/FreeImage/FreeImage-3.18.0/Source/LibOpenJPEG/dwt.h,1,0,1
/media/ullmann/HDDGabriel/engines/UnrealEngine/Engine/Source/ThirdParty/FreeType2/FreeType2-2.10.4/src/psaux/t1cmap.h,2,0,2
/media/ullmann/HDDGabriel/engines/UnrealEngine/Engine/Source/Developer/AssetTools/Private/AssetTypeActions/AssetTypeActions_AnimStreamable.h,1,0,1
/media/ullmann/HDDGabriel/engines/UnrealEngine/Engine/Source/ThirdParty/ICU/icu4c-64_1/source/test/intltest/tsputil.cpp,0,1,1
/media/ullmann/HDDGabriel/engines/UnrealEngine/Engine/Source/ThirdParty/ICU/icu4c-53_1/source/test/intltest/plurfmts.cpp,0,2,2
/media/ullmann/HDDGabriel/engines/UnrealEngine/Engine/Source/ThirdParty/FreeImage/FreeImage-3.18.0/Source/LibOpenJPEG/mqc.h,1,0,1
/media/ullmann/HDDGabriel/engines/UnrealEngine/Engine/Source/ThirdParty/Boost/boost-1_70_0/include/boost/spirit/home/support/char_encoding/unicode/query.hpp,0,4,4
/media/ullmann/HDDGabriel/engines/UnrealEngine/Engine/Source/ThirdParty/Boost/boost-1_70_0/include/boost/spirit/home/support/char_encoding/unicode/script_table.hpp,1,0,1
/media/ullmann/HDDGabriel/engines/UnrealEngine/Engine/Source/Runtime/AIModule/Classes/BrainComponent.h,0,2,2
/media/ullmann/HDDGabriel/engines/UnrealEngine/Engine/Source/Runtime/Core/Public/Serialization/MemoryReader.h,1,0,1
/media/ullmann/HDDGabriel/engines/UnrealEngine/Engine/Source/ThirdParty/zlib/zlib-1.2.5/Src/contrib/infback9/inflate9.h,1,0,1
/media/ullmann/HDDGabriel/engines/UnrealEngine/Engine/Source/ThirdParty/HarfBuzz/harfbuzz-2.4.0/src/dump-myanmar-data.cc,0,1,1
/media/ullmann/HDDGabriel/engines/UnrealEngine/Engine/Source/ThirdParty/HarfBuzz/harfbuzz-2.4.0/src/hb-ot-shape-complex-myanmar.hh,2,0,2
/media/ullmann/HDDGabriel/engines/UnrealEngine/Engine/Source/ThirdParty/mtlpp/mtlpp-master-7efad47/src/render_pass.inl,1,0,1
/media/ullmann/HDDGabriel/engines/UnrealEngine/Engine/Source/Runtime/LevelSequence/Public/LevelSequenceObject.h,1,0,1
/media/ullmann/HDDGabriel/engines/UnrealEngine/Engine/Source/ThirdParty/FreeType2/FreeType2-2.10.0/src/otvalid/otvmath.c,1,3,4
/media/ullmann/HDDGabriel/engines/UnrealEngine/Engine/Source/ThirdParty/PhysX3/PhysX_3.4/Include/extensions/PxRevoluteJoint.h,1,0,1
/media/ullmann/HDDGabriel/engines/UnrealEngine/Engine/Source/Editor/Sequencer/Public/SequencerCustomizationManager.h,0,1,1
/media/ullmann/HDDGabriel/engines/UnrealEngine/Engine/Source/ThirdParty/libOpus/opus-1.0.3/silk/quant_LTP_gains.c,0,1,1
/media/ullmann/HDDGabriel/engines/UnrealEngine/Engine/Source/Runtime/Json/Public/Serialization/JsonReader.h,1,0,1
/media/ullmann/HDDGabriel/engines/UnrealEngine/Engine/Source/ThirdParty/WebRTC/4147/Include/rtc_base/task_queue_gcd.h,0,1,1
/media/ullmann/HDDGabriel/engines/UnrealEngine/Engine/Source/Runtime/Online/BuildPatchServices/Private/Enumeration/PatchDataEnumeration.h,1,0,1
/media/ullmann/HDDGabriel/engines/UnrealEngine/Engine/Source/Runtime/AudioMixer/Private/AudioMixerSourceOutputBuffer.cpp,0,1,1
/media/ullmann/HDDGabriel/engines/UnrealEngine/Engine/Source/ThirdParty/nvTextureTools/nvTextureTools-2.0.6/src/src/nvcore/DefsGnucWin32.h,1,0,1
/media/ullmann/HDDGabriel/engines/UnrealEngine/Engine/Source/Runtime/SlateCore/Public/Textures/SlateShaderResource.h,1,0,1
/media/ullmann/HDDGabriel/engines/UnrealEngine/Engine/Source/Editor/LevelInstanceEditor/Private/LevelInstanceActorDetails.cpp,0,1,1
/media/ullmann/HDDGabriel/engines/UnrealEngine/Engine/Source/Editor/LevelInstanceEditor/Private/LevelInstanceActorDetails.h,2,0,2
/media/ullmann/HDDGabriel/engines/UnrealEngine/Engine/Source/ThirdParty/Intel/Embree/Embree2140/src/kernels/subdiv/subdivpatch1base.cpp,0,1,1
/media/ullmann/HDDGabriel/engines/UnrealEngine/Engine/Source/ThirdParty/FreeType2/FreeType2-2.10.0/src/gxvalid/gxvlcar.c,1,2,3
/media/ullmann/HDDGabriel/engines/UnrealEngine/Engine/Source/Editor/BlueprintGraph/Classes/K2Node_FunctionEntry.h,0,1,1
/media/ullmann/HDDGabriel/engines/UnrealEngine/Engine/Source/Editor/ComponentVisualizers/Public/SpotLightComponentVisualizer.h,0,1,1
/media/ullmann/HDDGabriel/engines/UnrealEngine/Engine/Source/Editor/ComponentVisualizers/Public/PointLightComponentVisualizer.h,1,0,1
/media/ullmann/HDDGabriel/engines/UnrealEngine/Engine/Source/ThirdParty/HarfBuzz/harfbuzz-1.2.4/src/hb-ot-layout-gsubgpos-private.hh,2,0,2
/media/ullmann/HDDGabriel/engines/UnrealEngine/Engine/Source/ThirdParty/HarfBuzz/harfbuzz-2.4.0/src/hb-ot-tag-table.hh,1,0,1
/media/ullmann/HDDGabriel/engines/UnrealEngine/Engine/Source/ThirdParty/libjpeg-turbo/include/jdmerge.h,0,1,1
/media/ullmann/HDDGabriel/engines/UnrealEngine/Engine/Source/ThirdParty/Android/libunwind/libunwind/src/hppa/Gcreate_addr_space.c,1,1,2
/media/ullmann/HDDGabriel/engines/UnrealEngine/Engine/Source/Developer/Windows/LiveCodingServer/Private/External/LC_SymbolInfo.cpp,0,1,1
/media/ullmann/HDDGabriel/engines/UnrealEngine/Engine/Source/ThirdParty/Intel/TBB/IntelTBB-2019u8/src/test/test_concurrent_map.cpp,0,2,2
/media/ullmann/HDDGabriel/engines/UnrealEngine/Engine/Source/ThirdParty/Android/libunwind/libunwind/src/aarch64/Lcreate_addr_space.c,0,1,1
/media/ullmann/HDDGabriel/engines/UnrealEngine/Engine/Source/Developer/StandaloneRenderer/Private/Windows/D3D/SlateD3DVertexBuffer.h,1,0,1
/media/ullmann/HDDGabriel/engines/UnrealEngine/Engine/Source/ThirdParty/Vulkan/Include/vulkan/vk_layer.h,0,1,1
/media/ullmann/HDDGabriel/engines/UnrealEngine/Engine/Source/ThirdParty/libOpus/opus-1.1/silk/resampler_private_IIR_FIR.c,0,2,2
/media/ullmann/HDDGabriel/engines/UnrealEngine/Engine/Source/ThirdParty/ICU/icu4c-53_1/source/test/cintltst/ccapitst.c,0,2,2
/media/ullmann/HDDGabriel/engines/UnrealEngine/Engine/Source/Runtime/D3D12RHI/Private/D3D12Query.h,1,0,1
/media/ullmann/HDDGabriel/engines/UnrealEngine/Engine/Source/ThirdParty/ShaderConductor/ShaderConductor/External/DirectXShaderCompiler/lib/Support/Unix/ThreadLocal.inc,1,0,1
/media/ullmann/HDDGabriel/engines/UnrealEngine/Engine/Source/ThirdParty/PhysX3/PxShared/src/foundation/include/unix/neon/PsUnixNeonAoS.h,1,0,1
/media/ullmann/HDDGabriel/engines/UnrealEngine/Engine/Source/Runtime/Launch/Private/Android/AndroidJNI.cpp,0,1,1
/media/ullmann/HDDGabriel/engines/UnrealEngine/Engine/Source/ThirdParty/libPNG/libPNG-1.6.37/mips/mips_init.c,0,1,1
/media/ullmann/HDDGabriel/engines/UnrealEngine/Engine/Source/ThirdParty/Intel/TBB/IntelTBB-2019u8/examples/task/tree_sum/SerialSumTree.cpp,0,1,1
/media/ullmann/HDDGabriel/engines/UnrealEngine/Engine/Source/ThirdParty/FreeType2/FreeType2-2.10.0/src/cff/cffdrivr.h,1,0,1
/media/ullmann/HDDGabriel/engines/UnrealEngine/Engine/Source/Runtime/TraceLog/Public/Trace/Detail/EventNode.h,0,1,1
/media/ullmann/HDDGabriel/engines/UnrealEngine/Engine/Source/ThirdParty/FreeType2/FreeType2-2.10.4/src/sfnt/ttcpal.h,2,1,3
/media/ullmann/HDDGabriel/engines/UnrealEngine/Engine/Source/Programs/HeadlessChaos/Public/GeometryCollection/GeometryCollectionTestCollisionResolution.h,0,1,1
/media/ullmann/HDDGabriel/engines/UnrealEngine/Engine/Source/ThirdParty/WebRTC/4147/Include/rtc_base/log_sinks.h,0,1,1
/media/ullmann/HDDGabriel/engines/UnrealEngine/Engine/Source/ThirdParty/PhysX3/APEX_1.4/common/include/ApexResourceHelper.h,0,1,1
/media/ullmann/HDDGabriel/engines/UnrealEngine/Engine/Source/Editor/SerializedRecorderInterface/Public/Serializers/MovieSceneActorSerialization.h,0,1,1
/media/ullmann/HDDGabriel/engines/UnrealEngine/Engine/Source/Developer/ProjectLauncher/Private/Widgets/Preview/SProjectLauncherPreviewPage.cpp,0,1,1
/media/ullmann/HDDGabriel/engines/UnrealEngine/Engine/Source/Developer/ProjectLauncher/Private/Widgets/Preview/SProjectLauncherPreviewPage.h,1,0,1
/media/ullmann/HDDGabriel/engines/UnrealEngine/Engine/Source/ThirdParty/Android/libunwind/libunwind/src/ptrace/_UPT_get_dyn_info_list_addr.c,0,1,1
/media/ullmann/HDDGabriel/engines/UnrealEngine/Engine/Source/ThirdParty/ICU/icu4c-64_1/source/samples/translit/answers/main_3.cpp,0,1,1
/media/ullmann/HDDGabriel/engines/UnrealEngine/Engine/Source/Runtime/CoreUObject/Public/UObject/EnumProperty.h,1,0,1
/media/ullmann/HDDGabriel/engines/UnrealEngine/Engine/Source/Runtime/WidgetCarousel/Public/SWidgetCarousel.h,1,0,1
/media/ullmann/HDDGabriel/engines/UnrealEngine/Engine/Source/ThirdParty/FBX/2020.2/include/fbxsdk/scene/geometry/fbxcache.h,1,0,1
/media/ullmann/HDDGabriel/engines/UnrealEngine/Engine/Source/ThirdParty/llvm/8/include/llvm/DebugInfo/PDB/DIA/DIAEnumSourceFiles.h,0,1,1
/media/ullmann/HDDGabriel/engines/UnrealEngine/Engine/Source/Runtime/Core/Public/UObject/OnlineObjectVersion.h,1,0,1
/media/ullmann/HDDGabriel/engines/UnrealEngine/Engine/Source/ThirdParty/Python3/Mac/include/cpython/objimpl.h,1,0,1
/media/ullmann/HDDGabriel/engines/UnrealEngine/Engine/Source/Developer/AssetTools/Private/AssetTypeActions/AssetTypeActions_VectorFieldStatic.h,1,0,1
/media/ullmann/HDDGabriel/engines/UnrealEngine/Engine/Source/ThirdParty/PhysX3/PhysX_3.4/Source/GeomUtils/src/ccd/GuCCDSweepConvexMesh.cpp,0,1,1
/media/ullmann/HDDGabriel/engines/UnrealEngine/Engine/Source/ThirdParty/HarfBuzz/harfbuzz-2.4.0/src/hb-ot-shape-complex-thai.cc,0,1,1
/media/ullmann/HDDGabriel/engines/UnrealEngine/Engine/Source/Developer/DirectoryWatcher/Private/Linux/DirectoryWatchRequestLinux.h,1,0,1
/media/ullmann/HDDGabriel/engines/UnrealEngine/Engine/Source/Editor/MovieSceneTools/Private/TrackEditors/CinematicShotTrackEditor.h,1,0,1
/media/ullmann/HDDGabriel/engines/UnrealEngine/Engine/Source/ThirdParty/PhysX3/APEX_1.4/module/framework_legacy/include/autogen/BufferF32x1_0p0.h,1,0,1
/media/ullmann/HDDGabriel/engines/UnrealEngine/Engine/Source/Editor/VREditor/VRScoutingInteractor.h,1,0,1
/media/ullmann/HDDGabriel/engines/UnrealEngine/Engine/Source/ThirdParty/ICU/icu4c-64_1/source/tools/genrb/ustr.c,0,1,1
/media/ullmann/HDDGabriel/engines/UnrealEngine/Engine/Source/ThirdParty/libOpus/opus-1.1/silk/bwexpander.c,0,1,1
/media/ullmann/HDDGabriel/engines/UnrealEngine/Engine/Source/Developer/Windows/LiveCodingServer/Private/External/LC_PoolAllocator.cpp,0,1,1
/media/ullmann/HDDGabriel/engines/UnrealEngine/Engine/Source/ThirdParty/Intel/MetricsDiscovery/MetricsDiscoveryHelper/metrics-discovery/external/mesa/src/intel/common/gen_device_info.c,0,1,1
/media/ullmann/HDDGabriel/engines/UnrealEngine/Engine/Source/ThirdParty/Intel/MetricsDiscovery/MetricsDiscoveryHelper/metrics-discovery/external/mesa/src/intel/common/gen_device_info.h,1,0,1
/media/ullmann/HDDGabriel/engines/UnrealEngine/Engine/Source/ThirdParty/FreeImage/FreeImage-3.18.0/Source/ZLib/deflate.c,0,1,1
/media/ullmann/HDDGabriel/engines/UnrealEngine/Engine/Source/ThirdParty/FreeImage/FreeImage-3.18.0/Source/OpenEXR/IlmImf/ImfIntAttribute.cpp,0,1,1
/media/ullmann/HDDGabriel/engines/UnrealEngine/Engine/Source/ThirdParty/OpenVDB/Deploy/openvdb-8.1.0/include/openvdb/tools/RayIntersector.h,0,1,1
/media/ullmann/HDDGabriel/engines/UnrealEngine/Engine/Source/ThirdParty/FBX/2020.2/include/fbxsdk/scene/fbxcontainertemplate.h,1,0,1
/media/ullmann/HDDGabriel/engines/UnrealEngine/Engine/Source/Programs/Enterprise/Datasmith/DatasmithMaxExporter/Private/DatasmithMaxTexmapParser.cpp,0,1,1
/media/ullmann/HDDGabriel/engines/UnrealEngine/Engine/Source/Runtime/RuntimeAssetCache/Private/RuntimeAssetCachePrivate.h,1,0,1
/media/ullmann/HDDGabriel/engines/UnrealEngine/Engine/Source/Editor/DerivedDataEditor/Private/SVirtualAssetsStatistics.cpp,0,1,1
/media/ullmann/HDDGabriel/engines/UnrealEngine/Engine/Source/ThirdParty/libOpus/opus-1.0.3/src/opus.c,0,1,1
/media/ullmann/HDDGabriel/engines/UnrealEngine/Engine/Source/ThirdParty/PhysX3/APEX_1.4/module/framework_legacy/include/autogen/BufferU8x2_0p0.h,1,0,1
/media/ullmann/HDDGabriel/engines/UnrealEngine/Engine/Source/ThirdParty/ShaderConductor/ShaderConductor/External/DirectXShaderCompiler/include/llvm/DebugInfo/PDB/IPDBLineNumber.h,0,1,1
/media/ullmann/HDDGabriel/engines/UnrealEngine/Engine/Source/Editor/GraphEditor/Private/KismetNodes/SGraphNodeSwitchStatement.h,1,0,1
/media/ullmann/HDDGabriel/engines/UnrealEngine/Engine/Source/Developer/TraceInsights/Private/Insights/MemoryProfiler/ViewModels/MemTagNodeHelper.cpp,0,1,1
/media/ullmann/HDDGabriel/engines/UnrealEngine/Engine/Source/Developer/TraceInsights/Private/Insights/MemoryProfiler/ViewModels/MemTagNodeHelper.h,1,0,1
/media/ullmann/HDDGabriel/engines/UnrealEngine/Engine/Source/Runtime/ImageWrapper/Private/Formats/BmpImageWrapper.cpp,0,1,1
/media/ullmann/HDDGabriel/engines/UnrealEngine/Engine/Source/ThirdParty/libOpus/opus-1.3.1-12/src/repacketizer.c,0,1,1
/media/ullmann/HDDGabriel/engines/UnrealEngine/Engine/Source/Editor/AudioEditor/Private/AssetTypeActions/AssetTypeActions_DialogueWave.h,1,0,1
/media/ullmann/HDDGabriel/engines/UnrealEngine/Engine/Source/Developer/ShaderPreprocessor/Private/ShaderPreprocessor.cpp,0,1,1
/media/ullmann/HDDGabriel/engines/UnrealEngine/Engine/Source/Developer/ShaderPreprocessor/Private/PreprocessorPrivate.h,1,0,1
/media/ullmann/HDDGabriel/engines/UnrealEngine/Engine/Source/Editor/TranslationEditor/Private/TranslationEditor.cpp,0,1,1
/media/ullmann/HDDGabriel/engines/UnrealEngine/Engine/Source/ThirdParty/ICU/icu4c-53_1/source/test/perf/DateFmtPerf/breakdata.h,1,0,1
/media/ullmann/HDDGabriel/engines/UnrealEngine/Engine/Source/ThirdParty/FreeImage/FreeImage-3.18.0/Source/ZLib/gzwrite.c,0,1,1
/media/ullmann/HDDGabriel/engines/UnrealEngine/Engine/Source/Editor/MovieSceneTools/Private/CurveKeyEditors/SStringCurveKeyEditor.h,0,1,1
/media/ullmann/HDDGabriel/engines/UnrealEngine/Engine/Source/Runtime/GeometryCore/Public/Generators/RevolveGenerator.h,0,1,1
/media/ullmann/HDDGabriel/engines/UnrealEngine/Engine/Source/Runtime/Slate/Public/Widgets/Notifications/SErrorHint.h,2,0,2
/media/ullmann/HDDGabriel/engines/UnrealEngine/Engine/Source/ThirdParty/libOpus/opus-1.1/silk/ana_filt_bank_1.c,0,1,1
/media/ullmann/HDDGabriel/engines/UnrealEngine/Engine/Source/Runtime/RenderCore/Private/RenderGraphTrace.cpp,0,1,1
/media/ullmann/HDDGabriel/engines/UnrealEngine/Engine/Source/ThirdParty/ICU/icu4c-53_1/source/tools/ctestfw/ctest.c,0,1,1
/media/ullmann/HDDGabriel/engines/UnrealEngine/Engine/Source/ThirdParty/ICU/icu4c-53_1/source/tools/ctestfw/unicode/ctest.h,1,0,1
/media/ullmann/HDDGabriel/engines/UnrealEngine/Engine/Source/Runtime/RenderCore/Private/RenderGraphAllocator.cpp,0,1,1
/media/ullmann/HDDGabriel/engines/UnrealEngine/Engine/Source/Editor/BlueprintGraph/Private/BlueprintFunctionNodeSpawner.cpp,0,1,1
/media/ullmann/HDDGabriel/engines/UnrealEngine/Engine/Source/ThirdParty/Python3/Win64/include/floatobject.h,1,0,1
/media/ullmann/HDDGabriel/engines/UnrealEngine/Engine/Source/ThirdParty/ICU/icu4c-64_1/source/i18n/brktrans.cpp,0,1,1
/media/ullmann/HDDGabriel/engines/UnrealEngine/Engine/Source/Runtime/Windows/D3D11RHI/Private/D3D11ConstantBuffer.cpp,0,1,1
/media/ullmann/HDDGabriel/engines/UnrealEngine/Engine/Source/ThirdParty/WebRTC/4147/Include/third_party/abseil-cpp/absl/time/internal/cctz/src/time_zone_impl.h,0,2,2
/media/ullmann/HDDGabriel/engines/UnrealEngine/Engine/Source/Runtime/Json/Public/Serialization/JsonSerializerMacros.h,1,0,1
/media/ullmann/HDDGabriel/engines/UnrealEngine/Engine/Source/ThirdParty/ShaderConductor/ShaderConductor/External/DirectXShaderCompiler/tools/clang/lib/StaticAnalyzer/Checkers/UnreachableCodeChecker.cpp,0,1,1
/media/ullmann/HDDGabriel/engines/UnrealEngine/Engine/Source/Editor/SequenceRecorder/Public/IMovieSceneSectionRecorderFactory.h,0,1,1
/media/ullmann/HDDGabriel/engines/UnrealEngine/Engine/Source/ThirdParty/PhysX3/APEX_1.4/shared/general/HACD/public/ConvexHull.h,0,1,1
/media/ullmann/HDDGabriel/engines/UnrealEngine/Engine/Source/ThirdParty/PhysX3/APEX_1.4/common/include/autogen/ConvexHullParameters.h,1,0,1
/media/ullmann/HDDGabriel/engines/UnrealEngine/Engine/Source/ThirdParty/PhysX3/APEX_1.4/shared/internal/src/authoring/Fracturing.cpp,0,1,1
/media/ullmann/HDDGabriel/engines/UnrealEngine/Engine/Source/ThirdParty/PhysX3/APEX_1.4/shared/internal/src/authoring/Noise.h,1,1,2
/media/ullmann/HDDGabriel/engines/UnrealEngine/Engine/Source/Runtime/Renderer/Private/Nanite/NaniteShared.cpp,0,1,1
/media/ullmann/HDDGabriel/engines/UnrealEngine/Engine/Source/ThirdParty/OpenSubdiv/OpenSubdiv-3.4.4/regression/shapes/catmark_righthanded.h,1,0,1
/media/ullmann/HDDGabriel/engines/UnrealEngine/Engine/Source/ThirdParty/Vulkan/Include/vulkan/vulkan_macos.h,1,0,1
/media/ullmann/HDDGabriel/engines/UnrealEngine/Engine/Source/Editor/AnimGraph/Public/AnimGraphNode_Fabrik.h,0,1,1
/media/ullmann/HDDGabriel/engines/UnrealEngine/Engine/Source/ThirdParty/SDL2/SDL-gui-backend/src/video/cocoa/SDL_cocoaevents.h,1,1,2
/media/ullmann/HDDGabriel/engines/UnrealEngine/Engine/Source/Runtime/Core/Public/HoloLens/HoloLensPlatformProperties.h,1,0,1
/media/ullmann/HDDGabriel/engines/UnrealEngine/Engine/Source/ThirdParty/libOpus/opus-1.0.3/silk/fixed/prefilter_FIX.c,0,1,1
/media/ullmann/HDDGabriel/engines/UnrealEngine/Engine/Source/Developer/AutomationWindow/Private/AutomationFilter.h,1,0,1
/media/ullmann/HDDGabriel/engines/UnrealEngine/Engine/Source/ThirdParty/HarfBuzz/harfbuzz-2.4.0/src/hb-aat-layout-trak-table.hh,1,0,1
/media/ullmann/HDDGabriel/engines/UnrealEngine/Engine/Source/ThirdParty/FreeImage/FreeImage-3.18.0/Source/LibTIFF4/tif_luv.c,0,2,2
/media/ullmann/HDDGabriel/engines/UnrealEngine/Engine/Source/ThirdParty/FreeImage/FreeImage-3.18.0/Source/LibTIFF4/uvcode.h,1,0,1
/media/ullmann/HDDGabriel/engines/UnrealEngine/Engine/Source/Developer/ExternalImagePicker/Private/ExternalImagePickerModule.cpp,0,1,1
/media/ullmann/HDDGabriel/engines/UnrealEngine/Engine/Source/Runtime/Experimental/Interchange/Engine/Public/InterchangeManager.h,0,1,1
/media/ullmann/HDDGabriel/engines/UnrealEngine/Engine/Source/Editor/DetailCustomizations/Private/SkyLightComponentDetails.cpp,0,1,1
/media/ullmann/HDDGabriel/engines/UnrealEngine/Engine/Source/Developer/Windows/LiveCodingServer/Private/External/LC_TimeStamp.cpp,0,1,1
/media/ullmann/HDDGabriel/engines/UnrealEngine/Engine/Source/ThirdParty/OpenVDB/openvdb-8.1.0/openvdb/openvdb/io/DelayedLoadMetadata.cc,0,1,1
/media/ullmann/HDDGabriel/engines/UnrealEngine/Engine/Source/ThirdParty/libOpus/opus-1.1/silk/float/LTP_scale_ctrl_FLP.c,0,1,1
/media/ullmann/HDDGabriel/engines/UnrealEngine/Engine/Source/Runtime/Experimental/Chaos/Public/Chaos/Utilities.h,1,0,1
/media/ullmann/HDDGabriel/engines/UnrealEngine/Engine/Source/Developer/TraceInsights/Private/Insights/Widgets/SGraphSeriesList.cpp,0,1,1
/media/ullmann/HDDGabriel/engines/UnrealEngine/Engine/Source/Developer/TraceInsights/Private/Insights/Widgets/SGraphSeriesList.h,1,0,1
/media/ullmann/HDDGabriel/engines/UnrealEngine/Engine/Source/ThirdParty/FBX/2020.2/include/fbxsdk/scene/fbxdocument.h,1,0,1
/media/ullmann/HDDGabriel/engines/UnrealEngine/Engine/Source/ThirdParty/libcurl/include/Android/x86/curl/easy.h,1,0,1
/media/ullmann/HDDGabriel/engines/UnrealEngine/Engine/Source/ThirdParty/PhysX3/APEX_1.4/module/destructible_legacy/include/autogen/DestructibleAssetParameters_0p17.h,1,0,1
/media/ullmann/HDDGabriel/engines/UnrealEngine/Engine/Source/ThirdParty/ICU/icu4c-53_1/source/test/intltest/numrgts.cpp,0,1,1
/media/ullmann/HDDGabriel/engines/UnrealEngine/Engine/Source/Runtime/LevelSequence/Private/LevelSequenceActor.cpp,0,1,1
/media/ullmann/HDDGabriel/engines/UnrealEngine/Engine/Source/ThirdParty/ShaderConductor/ShaderConductor/External/DirectXShaderCompiler/tools/llvm-c-test/disassemble.c,0,1,1
/media/ullmann/HDDGabriel/engines/UnrealEngine/Engine/Source/Runtime/Apple/AudioMixerAudioUnit/Private/AudioMixerAudioUnit.cpp,0,1,1
/media/ullmann/HDDGabriel/engines/UnrealEngine/Engine/Source/Runtime/AnimGraphRuntime/Public/AnimNodes/AnimNode_RotationOffsetBlendSpaceGraph.h,0,1,1
/media/ullmann/HDDGabriel/engines/UnrealEngine/Engine/Source/Runtime/AnimGraphRuntime/Public/AnimNodes/AnimNode_BlendSpaceGraphBase.h,2,0,2
/media/ullmann/HDDGabriel/engines/UnrealEngine/Engine/Source/Editor/Persona/Private/SRetargetSourceWindow.cpp,0,1,1
/media/ullmann/HDDGabriel/engines/UnrealEngine/Engine/Source/ThirdParty/libOpus/opus-1.1/silk/NSQ_del_dec.c,0,1,1
/media/ullmann/HDDGabriel/engines/UnrealEngine/Engine/Source/Runtime/SlateCore/Public/Input/Reply.h,1,0,1
/media/ullmann/HDDGabriel/engines/UnrealEngine/Engine/Source/ThirdParty/SDL2/SDL-gui-backend/src/video/psp/SDL_pspevents_c.h,2,1,3
/media/ullmann/HDDGabriel/engines/UnrealEngine/Engine/Source/Runtime/AVEncoder/Private/Decoders/vdecmpeg4/vdecmpeg4_Build.h,1,0,1
/media/ullmann/HDDGabriel/engines/UnrealEngine/Engine/Source/Editor/BlueprintGraph/Classes/K2Node_ForEachElementInEnum.h,0,2,2
/media/ullmann/HDDGabriel/engines/UnrealEngine/Engine/Source/ThirdParty/openexr/openexr-3.1.1/src/test/OpenEXRTest/testTiledCopyPixels.h,1,0,1
/media/ullmann/HDDGabriel/engines/UnrealEngine/Engine/Source/Editor/BlueprintGraph/Private/CallFunctionHandler.cpp,0,1,1
/media/ullmann/HDDGabriel/engines/UnrealEngine/Engine/Source/ThirdParty/ICU/icu4c-53_1/source/common/msvcres.h,0,1,1
/media/ullmann/HDDGabriel/engines/UnrealEngine/Engine/Source/ThirdParty/libOpus/opus-1.3.1-12/celt/arm/fixed_armv5e.h,1,1,2
/media/ullmann/HDDGabriel/engines/UnrealEngine/Engine/Source/ThirdParty/PhysX3/APEX_1.4/module/destructible/include/autogen/DestructibleDebugRenderParams.h,1,0,1
/media/ullmann/HDDGabriel/engines/UnrealEngine/Engine/Source/ThirdParty/PhysX3/PhysX_3.4/Include/common/PxMetaData.h,1,1,2
/media/ullmann/HDDGabriel/engines/UnrealEngine/Engine/Source/ThirdParty/ShaderConductor/ShaderConductor/External/DirectXShaderCompiler/lib/Support/Windows/TimeValue.inc,1,0,1
/media/ullmann/HDDGabriel/engines/UnrealEngine/Engine/Source/ThirdParty/OpenVDB/openvdb-8.1.0/openvdb_ax/openvdb_ax/test/frontend/TestTernaryOperatorNode.cc,0,1,1
/media/ullmann/HDDGabriel/engines/UnrealEngine/Engine/Source/ThirdParty/PhysX3/PhysX_3.4/Include/extensions/PxRepXSerializer.h,1,0,1
/media/ullmann/HDDGabriel/engines/UnrealEngine/Engine/Source/ThirdParty/Intel/Embree/Embree2140/src/include/embree2/rtcore_geometry_user.h,1,0,1
/media/ullmann/HDDGabriel/engines/UnrealEngine/Engine/Source/ThirdParty/FontConfig/fontconfig-2.13.94/src/fcxml.c,0,1,1
/media/ullmann/HDDGabriel/engines/UnrealEngine/Engine/Source/ThirdParty/PhysX3/APEX_1.4/module/clothing_legacy/include/autogen/ClothingPhysicalMeshParameters_0p4.h,1,0,1
/media/ullmann/HDDGabriel/engines/UnrealEngine/Engine/Source/ThirdParty/ICU/icu4c-53_1/source/i18n/uregexc.cpp,0,1,1
/media/ullmann/HDDGabriel/engines/UnrealEngine/Engine/Source/ThirdParty/libOpus/opus-1.1/silk/float/solve_LS_FLP.c,0,1,1
/media/ullmann/HDDGabriel/engines/UnrealEngine/Engine/Source/Editor/Documentation/Private/SDocumentationAnchor.cpp,0,1,1
/media/ullmann/HDDGabriel/engines/UnrealEngine/Engine/Source/Editor/LandscapeEditor/Private/LandscapeEditorDetailCustomization_AlphaBrush.cpp,0,1,1
/media/ullmann/HDDGabriel/engines/UnrealEngine/Engine/Source/ThirdParty/FreeType2/FreeType2-2.4.12/src/cff/cf2read.h,1,0,1
/media/ullmann/HDDGabriel/engines/UnrealEngine/Engine/Source/ThirdParty/SDL2/SDL-gui-backend/src/misc/SDL_url.c,0,1,1
/media/ullmann/HDDGabriel/engines/UnrealEngine/Engine/Source/ThirdParty/ICU/icu4c-53_1/source/samples/cal/cal.c,0,1,1
/media/ullmann/HDDGabriel/engines/UnrealEngine/Engine/Source/ThirdParty/Intel/MetricsDiscovery/MetricsDiscoveryHelper/samples/range_sample_dx11/imgui/examples/sdl_opengl2_example/imgui_impl_sdl_gl2.cpp,0,1,1
/media/ullmann/HDDGabriel/engines/UnrealEngine/Engine/Source/ThirdParty/Intel/MetricsDiscovery/MetricsDiscoveryHelper/samples/range_sample_dx11/imgui/examples/sdl_opengl2_example/imgui_impl_sdl_gl2.h,2,0,2
/media/ullmann/HDDGabriel/engines/UnrealEngine/Engine/Source/ThirdParty/libOpus/opus-1.3.1-12/celt/x86/celt_lpc_sse4_1.c,0,1,1
/media/ullmann/HDDGabriel/engines/UnrealEngine/Engine/Source/ThirdParty/PhysX3/APEX_1.4/module/clothing/src/simd/neon/NvNeonSimdTypes.h,1,0,1
/media/ullmann/HDDGabriel/engines/UnrealEngine/Engine/Source/Editor/AudioEditor/Private/AssetTypeActions/AssetTypeActions_ReverbEffect.h,1,0,1
/media/ullmann/HDDGabriel/engines/UnrealEngine/Engine/Source/Developer/TraceServices/Private/Modules/MemoryModule.cpp,0,1,1
/media/ullmann/HDDGabriel/engines/UnrealEngine/Engine/Source/Editor/LocalizationDashboard/Private/LocalizationDashboardSettings.cpp,0,1,1
/media/ullmann/HDDGabriel/engines/UnrealEngine/Engine/Source/ThirdParty/Boost/boost-1_70_0/include/boost/tti/member_type.hpp,1,0,1
/media/ullmann/HDDGabriel/engines/UnrealEngine/Engine/Source/ThirdParty/ShaderConductor/ShaderConductor/External/DirectXShaderCompiler/tools/clang/tools/libclang/CIndexer.cpp,0,1,1
/media/ullmann/HDDGabriel/engines/UnrealEngine/Engine/Source/Runtime/Core/Public/Modules/Boilerplate/ModuleBoilerplate.h,1,0,1
/media/ullmann/HDDGabriel/engines/UnrealEngine/Engine/Source/Developer/SourceControl/Public/ISourceControlOperation.h,2,0,2
/media/ullmann/HDDGabriel/engines/UnrealEngine/Engine/Source/ThirdParty/WebRTC/4147/Include/third_party/libvpx/source/config/nacl/vpx_scale_rtcd.h,0,1,1
/media/ullmann/HDDGabriel/engines/UnrealEngine/Engine/Source/ThirdParty/Intel/TBB/IntelTBB-2019u8/include/tbb/internal/_flow_graph_tagged_buffer_impl.h,1,0,1
/media/ullmann/HDDGabriel/engines/UnrealEngine/Engine/Source/ThirdParty/Expat/expat-2.2.10/lib/xmltok_impl.c,1,0,1
/media/ullmann/HDDGabriel/engines/UnrealEngine/Engine/Source/ThirdParty/FBX/2020.2/include/fbxsdk/fileio/fbxiosettings.h,1,0,1
/media/ullmann/HDDGabriel/engines/UnrealEngine/Engine/Source/ThirdParty/FreeType2/FreeType2-2.6/Src/base/ftinit.c,0,1,1
/media/ullmann/HDDGabriel/engines/UnrealEngine/Engine/Source/Runtime/HeadMountedDisplay/Public/MotionTrackedDeviceFunctionLibrary.h,0,1,1
/media/ullmann/HDDGabriel/engines/UnrealEngine/Engine/Source/ThirdParty/PhysX3/APEX_1.4/module/common_legacy/include/autogen/DebugRenderParams_0p1.h,1,0,1
/media/ullmann/HDDGabriel/engines/UnrealEngine/Engine/Source/ThirdParty/PhysX3/PhysX_3.4/Source/Common/src/CmVisualization.h,1,1,2
/media/ullmann/HDDGabriel/engines/UnrealEngine/Engine/Source/Editor/DetailCustomizations/Private/StaticMeshComponentDetails.cpp,0,1,1
/media/ullmann/HDDGabriel/engines/UnrealEngine/Engine/Source/ThirdParty/OpenVDB/openvdb-8.1.0/openvdb_ax/openvdb_ax/test/integration/TestEmpty.cc,0,1,1
/media/ullmann/HDDGabriel/engines/UnrealEngine/Engine/Source/ThirdParty/VHACD/inc/vhacdRaycastMesh.h,1,0,1
/media/ullmann/HDDGabriel/engines/UnrealEngine/Engine/Source/ThirdParty/Android/libunwind/libunwind/src/aarch64/Linit_remote.c,0,1,1
/media/ullmann/HDDGabriel/engines/UnrealEngine/Engine/Source/Programs/UnrealHeaderTool/Private/Specifiers/ClassMetadataSpecifiers.h,2,0,2
/media/ullmann/HDDGabriel/engines/UnrealEngine/Engine/Source/Runtime/Launch/Public/LaunchEngineLoop.h,1,0,1
/media/ullmann/HDDGabriel/engines/UnrealEngine/Engine/Source/Runtime/AudioLink/AudioLinkEngine/Public/IAudioLink.h,1,0,1
/media/ullmann/HDDGabriel/engines/UnrealEngine/Engine/Source/ThirdParty/EOSSDK/SDK/Bin/IOS/EOSSDK.framework/Headers/eos_anticheatcommon_types.h,2,1,3
/media/ullmann/HDDGabriel/engines/UnrealEngine/Engine/Source/ThirdParty/SDL2/SDL-gui-backend/src/timer/os2/SDL_systimer.c,0,2,2
/media/ullmann/HDDGabriel/engines/UnrealEngine/Engine/Source/Editor/LevelInstanceEditor/Private/LevelInstancePivotDetails.cpp,0,1,1
/media/ullmann/HDDGabriel/engines/UnrealEngine/Engine/Source/Runtime/Media/Private/MediaTicker.cpp,0,1,1
/media/ullmann/HDDGabriel/engines/UnrealEngine/Engine/Source/Editor/AnimGraph/Private/AnimBlueprintExtension_Tag.h,4,0,4
/media/ullmann/HDDGabriel/engines/UnrealEngine/Engine/Source/Runtime/WebBrowserTexture/Public/WebBrowserTextureResource.h,0,1,1
/media/ullmann/HDDGabriel/engines/UnrealEngine/Engine/Source/Runtime/AnimGraphRuntime/Public/CommonAnimationLibrary.h,0,1,1
/media/ullmann/HDDGabriel/engines/UnrealEngine/Engine/Source/ThirdParty/ShaderConductor/ShaderConductor/External/SPIRV-Cross/include/spirv_cross/image.hpp,1,0,1
/media/ullmann/HDDGabriel/engines/UnrealEngine/Engine/Source/ThirdParty/EOSSDK/SDK/Bin/IOS/EOSSDK.framework/Headers/eos_ecom.h,0,1,1
/media/ullmann/HDDGabriel/engines/UnrealEngine/Engine/Source/ThirdParty/ICU/icu4c-53_1/source/i18n/tmunit.cpp,0,1,1
/media/ullmann/HDDGabriel/engines/UnrealEngine/Engine/Source/ThirdParty/ICU/icu4c-53_1/source/i18n/unicode/tmunit.h,1,0,1
/media/ullmann/HDDGabriel/engines/UnrealEngine/Engine/Source/Runtime/Core/Public/UObject/UnrealNames.inl,1,0,1
/media/ullmann/HDDGabriel/engines/UnrealEngine/Engine/Source/Runtime/Datasmith/DatasmithCore/Private/DatasmithMaterialElementsImpl.cpp,0,1,1
/media/ullmann/HDDGabriel/engines/UnrealEngine/Engine/Source/Developer/MeshBuilder/Private/MeshDescriptionHelper.cpp,0,2,2
/media/ullmann/HDDGabriel/engines/UnrealEngine/Engine/Source/ThirdParty/Android/libunwind/libunwind/src/mips/Gresume.c,1,1,2
/media/ullmann/HDDGabriel/engines/UnrealEngine/Engine/Source/ThirdParty/Intel/ISPC/ispc-1.17.0/examples/xpu/simple-dpcpp/simple-dpcpp.cpp,0,1,1
/media/ullmann/HDDGabriel/engines/UnrealEngine/Engine/Source/ThirdParty/Intel/ISPC/ispc-1.17.0/examples/xpu/simple-dpcpp/simple-dpcpp.hpp,1,0,1
/media/ullmann/HDDGabriel/engines/UnrealEngine/Engine/Source/ThirdParty/ShaderConductor/ShaderConductor/External/DirectXShaderCompiler/tools/clang/lib/StaticAnalyzer/Checkers/PointerSubChecker.cpp,0,1,1
/media/ullmann/HDDGabriel/engines/UnrealEngine/Engine/Source/ThirdParty/FreeType2/FreeType2-2.10.4/src/base/fthash.c,1,0,1
/media/ullmann/HDDGabriel/engines/UnrealEngine/Engine/Source/Programs/HeadlessChaos/Public/HeadlessChaosTestConstraints.h,0,1,1
/media/ullmann/HDDGabriel/engines/UnrealEngine/Engine/Source/ThirdParty/PhysX3/APEX_1.4/module/clothing/src/simd/scalar/NvScalarSimd4f.h,1,0,1
/media/ullmann/HDDGabriel/engines/UnrealEngine/Engine/Source/Runtime/Slate/Private/Framework/MultiBox/SUniformToolbarPanel.cpp,0,1,1
/media/ullmann/HDDGabriel/engines/UnrealEngine/Engine/Source/ThirdParty/FBX/2020.2/include/fbxsdk/scene/constraint/fbxcharacterpose.h,1,0,1
/media/ullmann/HDDGabriel/engines/UnrealEngine/Engine/Source/Runtime/Windows/D3D11RHI/Private/D3D11Query.cpp,0,1,1
/media/ullmann/HDDGabriel/engines/UnrealEngine/Engine/Source/ThirdParty/SDL2/SDL-gui-backend/src/core/os2/geniconv/os2cp.h,2,0,2
/media/ullmann/HDDGabriel/engines/UnrealEngine/Engine/Source/Editor/PropertyEditor/Private/UserInterface/PropertyTree/PropertyTreeConstants.h,1,0,1
/media/ullmann/HDDGabriel/engines/UnrealEngine/Engine/Source/ThirdParty/FreeImage/FreeImage-3.18.0/Source/LibJPEG/jccoefct.c,0,2,2
/media/ullmann/HDDGabriel/engines/UnrealEngine/Engine/Source/Editor/KismetCompiler/Private/KismetCompilerVMBackend.cpp,0,1,1
/media/ullmann/HDDGabriel/engines/UnrealEngine/Engine/Source/ThirdParty/PhysX3/APEX_1.4/module/destructible_legacy/include/autogen/DestructibleActorParam_0p16.h,1,0,1
/media/ullmann/HDDGabriel/engines/UnrealEngine/Engine/Source/Programs/HeadlessChaos/Public/GeometryCollection/GeometryCollectionTestImplicitCapsule.h,0,1,1
/media/ullmann/HDDGabriel/engines/UnrealEngine/Engine/Source/ThirdParty/libOpus/opus-1.1/silk/MacroDebug.h,1,0,1
/media/ullmann/HDDGabriel/engines/UnrealEngine/Engine/Source/Programs/UnrealLightmass/Private/Launch/UnrealLightmass.h,2,0,2
/media/ullmann/HDDGabriel/engines/UnrealEngine/Engine/Source/ThirdParty/ICU/icu4c-53_1/source/tools/gennorm2/n2builder.cpp,0,1,1
/media/ullmann/HDDGabriel/engines/UnrealEngine/Engine/Source/Editor/CurveAssetEditor/Private/CurveAssetEditorModule.cpp,0,1,1
/media/ullmann/HDDGabriel/engines/UnrealEngine/Engine/Source/Editor/CurveAssetEditor/Private/CurveAssetEditor.h,2,0,2
/media/ullmann/HDDGabriel/engines/UnrealEngine/Engine/Source/ThirdParty/PhysX3/APEX_1.4/module/clothing_legacy/include/autogen/ClothingActorParam_0p5.h,1,0,1
/media/ullmann/HDDGabriel/engines/UnrealEngine/Engine/Source/ThirdParty/PhysX3/PhysX_3.4/Source/LowLevelAABB/src/BpSAPTasks.h,2,0,2
/media/ullmann/HDDGabriel/engines/UnrealEngine/Engine/Source/ThirdParty/Perforce/P4Api.Net/p4bridge/utils.cpp,0,2,2
/media/ullmann/HDDGabriel/engines/UnrealEngine/Engine/Source/ThirdParty/nvtesslib/src/nvtess.cpp,0,1,1
/media/ullmann/HDDGabriel/engines/UnrealEngine/Engine/Source/ThirdParty/nvtesslib/src/nvtess.h,1,0,1
/media/ullmann/HDDGabriel/engines/UnrealEngine/Engine/Source/Runtime/ApplicationCore/Private/IOS/IOSWindow.cpp,0,1,1
/media/ullmann/HDDGabriel/engines/UnrealEngine/Engine/Source/ThirdParty/SDL2/SDL-gui-backend/src/video/windows/SDL_vkeys.h,1,0,1
/media/ullmann/HDDGabriel/engines/UnrealEngine/Engine/Source/ThirdParty/Intel/Embree/Embree270/src/common/simd/bool4_sse2.h,1,0,1
/media/ullmann/HDDGabriel/engines/UnrealEngine/Engine/Source/ThirdParty/ShaderConductor/ShaderConductor/External/DirectXShaderCompiler/utils/TableGen/PseudoLoweringEmitter.cpp,0,2,2
/media/ullmann/HDDGabriel/engines/UnrealEngine/Engine/Source/ThirdParty/rpclib/Source/include/rpc/msgpack/adaptor/cpp11/array_unsigned_char.hpp,1,0,1
/media/ullmann/HDDGabriel/engines/UnrealEngine/Engine/Source/ThirdParty/WebRTC/4147/Include/third_party/libsrtp/crypto/include/stat.h,0,2,2
/media/ullmann/HDDGabriel/engines/UnrealEngine/Engine/Source/Developer/TraceInsights/Private/Insights/TaskGraphProfiler/ViewModels/TaskEntry.cpp,0,1,1
/media/ullmann/HDDGabriel/engines/UnrealEngine/Engine/Source/Developer/TraceInsights/Private/Insights/TaskGraphProfiler/ViewModels/TaskEntry.h,1,0,1
/media/ullmann/HDDGabriel/engines/UnrealEngine/Engine/Source/ThirdParty/PhysX3/PhysX_3.4/Source/PhysXCooking/src/convex/QuickHullConvexHullLib.h,1,1,2
/media/ullmann/HDDGabriel/engines/UnrealEngine/Engine/Source/ThirdParty/BLAKE3/0.3.7/c/blake3_portable.c,0,1,1
/media/ullmann/HDDGabriel/engines/UnrealEngine/Engine/Source/ThirdParty/SDL2/SDL-gui-backend/src/video/kmsdrm/SDL_kmsdrmsym.h,2,0,2
/media/ullmann/HDDGabriel/engines/UnrealEngine/Engine/Source/Runtime/Renderer/Private/PostProcess/PostProcessSelectionOutline.h,1,0,1
/media/ullmann/HDDGabriel/engines/UnrealEngine/Engine/Source/ThirdParty/SDL2/SDL-gui-backend/src/video/haiku/SDL_bevents.cc,0,2,2
/media/ullmann/HDDGabriel/engines/UnrealEngine/Engine/Source/ThirdParty/libOpus/opus-1.0.3/silk/fixed/process_gains_FIX.c,0,1,1
/media/ullmann/HDDGabriel/engines/UnrealEngine/Engine/Source/Runtime/Json/Public/Serialization/JsonTypes.h,1,0,1
/media/ullmann/HDDGabriel/engines/UnrealEngine/Engine/Source/Editor/EditorStyle/Public/EditorFontGlyphs.h,1,0,1
/media/ullmann/HDDGabriel/engines/UnrealEngine/Engine/Source/ThirdParty/FreeImage/FreeImage-3.18.0/Source/OpenEXR/IlmThread/IlmThreadPosix.cpp,0,1,1
/media/ullmann/HDDGabriel/engines/UnrealEngine/Engine/Source/ThirdParty/ShaderConductor/ShaderConductor/External/DirectXShaderCompiler/tools/clang/lib/Headers/avx512cdintrin.h,1,0,1
/media/ullmann/HDDGabriel/engines/UnrealEngine/Engine/Source/ThirdParty/SDL2/SDL-gui-backend/src/video/khronos/vulkan/vulkan_fuchsia.h,1,0,1
/media/ullmann/HDDGabriel/engines/UnrealEngine/Engine/Source/ThirdParty/ShaderConductor/ShaderConductor/External/DirectXShaderCompiler/include/dxc/DXIL/DxilShaderModel.h,1,0,1
/media/ullmann/HDDGabriel/engines/UnrealEngine/Engine/Source/Runtime/SlateRHIRenderer/Private/Slate3DRenderer.cpp,0,2,2
/media/ullmann/HDDGabriel/engines/UnrealEngine/Engine/Source/Editor/MovieSceneTools/Private/TrackEditors/LevelVisibilityTrackEditor.h,1,0,1
/media/ullmann/HDDGabriel/engines/UnrealEngine/Engine/Source/ThirdParty/WebRTC/4147/Include/base/feature_list.h,0,1,1
/media/ullmann/HDDGabriel/engines/UnrealEngine/Engine/Source/ThirdParty/MCPP/mcpp-2.7.2/test-c/n_13_7.c,0,1,1
/media/ullmann/HDDGabriel/engines/UnrealEngine/Engine/Source/Runtime/UMG/Public/Components/MultiLineEditableTextBox.h,1,0,1
/media/ullmann/HDDGabriel/engines/UnrealEngine/Engine/Source/ThirdParty/ICU/icu4c-64_1/source/tools/escapesrc/escapesrc.cpp,0,1,1
/media/ullmann/HDDGabriel/engines/UnrealEngine/Engine/Source/ThirdParty/ICU/icu4c-64_1/source/tools/escapesrc/cptbl.h,1,0,1
/media/ullmann/HDDGabriel/engines/UnrealEngine/Engine/Source/Runtime/Engine/Classes/Sound/SoundModulationDestination.h,2,0,2
/media/ullmann/HDDGabriel/engines/UnrealEngine/Engine/Source/ThirdParty/Alembic/alembic-1.8.2/python/PyAlembic/PyCoreAbstractTypes.cpp,0,1,1
/media/ullmann/HDDGabriel/engines/UnrealEngine/Engine/Source/ThirdParty/rpclib/Source/include/rpc/msgpack/adaptor/int.hpp,1,0,1
/media/ullmann/HDDGabriel/engines/UnrealEngine/Engine/Source/ThirdParty/Boost/boost-1_70_0/include/boost/outcome/experimental/status-code/detail/nt_code_to_win32_code.ipp,1,0,1
/media/ullmann/HDDGabriel/engines/UnrealEngine/Engine/Source/ThirdParty/libOpus/opus-1.3.1-12/silk/bwexpander_32.c,0,1,1
/media/ullmann/HDDGabriel/engines/UnrealEngine/Engine/Source/ThirdParty/GoogleGameSDK/gamesdk/src/swappy/common/Thread.cpp,0,1,1
/media/ullmann/HDDGabriel/engines/UnrealEngine/Engine/Source/Editor/DetailCustomizations/Private/CameraFilmbackSettingsCustomization.cpp,0,1,1
/media/ullmann/HDDGabriel/engines/UnrealEngine/Engine/Source/ThirdParty/Crunch/src/example2/timer.cpp,0,1,1
/media/ullmann/HDDGabriel/engines/UnrealEngine/Engine/Source/Editor/WorldPartitionEditor/Private/WorldPartition/Customizations/WorldPartitionDetailsCustomization.cpp,0,1,1
/media/ullmann/HDDGabriel/engines/UnrealEngine/Engine/Source/ThirdParty/Intel/MetricsDiscovery/MetricsDiscoveryHelper/samples/range_sample_dx11/imgui/examples/directx11_example/imgui_impl_dx11.cpp,0,1,1
/media/ullmann/HDDGabriel/engines/UnrealEngine/Engine/Source/Runtime/BinkAudioDecoder/SDK/BinkAudio/Src/radfft_sse3.inl,1,0,1
/media/ullmann/HDDGabriel/engines/UnrealEngine/Engine/Source/ThirdParty/PhysX3/PhysX_3.4/Source/LowLevelCloth/src/Factory.cpp,0,1,1
/media/ullmann/HDDGabriel/engines/UnrealEngine/Engine/Source/ThirdParty/ShaderConductor/ShaderConductor/External/DirectXShaderCompiler/tools/clang/lib/Headers/vecintrin.h,1,0,1
/media/ullmann/HDDGabriel/engines/UnrealEngine/Engine/Source/ThirdParty/FreeType2/FreeType2-2.6/Src/cid/cidriver.h,1,0,1
/media/ullmann/HDDGabriel/engines/UnrealEngine/Engine/Source/ThirdParty/libWebSockets/libwebsockets/include/Win32/VS2015/libwebsockets.h,0,1,1
/media/ullmann/HDDGabriel/engines/UnrealEngine/Engine/Source/ThirdParty/libWebSockets/libwebsockets/include/Win32/VS2015/lws_config.h,1,0,1
/media/ullmann/HDDGabriel/engines/UnrealEngine/Engine/Source/ThirdParty/PhysX3/NvCloth/samples/external/imgui/1.49/imgui_demo.cpp,0,1,1
/media/ullmann/HDDGabriel/engines/UnrealEngine/Engine/Source/ThirdParty/PhysX3/PxShared/src/pvd/src/PxPvdDataStream.cpp,0,6,6
/media/ullmann/HDDGabriel/engines/UnrealEngine/Engine/Source/ThirdParty/MCPP/mcpp-2.7.2/cpp-test/test-t/unbal6.h,1,0,1
/media/ullmann/HDDGabriel/engines/UnrealEngine/Engine/Source/ThirdParty/libOpus/opus-1.1/tests/test_opus_api.c,0,1,1
/media/ullmann/HDDGabriel/engines/UnrealEngine/Engine/Source/ThirdParty/ICU/icu4c-64_1/source/test/cintltst/trietest.c,0,1,1
/media/ullmann/HDDGabriel/engines/UnrealEngine/Engine/Source/ThirdParty/Intel/MetricsDiscovery/MetricsDiscoveryHelper/samples/range_sample_dx11/imgui/examples/marmalade_example/imgui_impl_marmalade.cpp,0,1,1
/media/ullmann/HDDGabriel/engines/UnrealEngine/Engine/Source/ThirdParty/PhysX3/PhysX_3.4/Source/GeomUtils/src/gjk/GuVecConvexHullNoScale.h,1,1,2
/media/ullmann/HDDGabriel/engines/UnrealEngine/Engine/Source/Runtime/Engine/Private/GPUSkinCache.cpp,0,1,1
/media/ullmann/HDDGabriel/engines/UnrealEngine/Engine/Source/Runtime/Engine/Public/PlanarReflectionSceneProxy.h,0,2,2
/media/ullmann/HDDGabriel/engines/UnrealEngine/Engine/Source/Editor/DeviceProfileEditor/Private/DeviceProfileTextureLODSettingsColumn.cpp,0,1,1
/media/ullmann/HDDGabriel/engines/UnrealEngine/Engine/Source/Editor/DeviceProfileEditor/Private/DeviceProfileTextureLODSettingsColumn.h,2,0,2
/media/ullmann/HDDGabriel/engines/UnrealEngine/Engine/Source/ThirdParty/PhysX3/PhysX_3.4/Source/PhysXExtensions/src/serialization/SnSerializationRegistry.cpp,0,1,1
/media/ullmann/HDDGabriel/engines/UnrealEngine/Engine/Source/Developer/Windows/LiveCoding/Private/External/LC_UtcTime.cpp,0,1,1
/media/ullmann/HDDGabriel/engines/UnrealEngine/Engine/Source/Developer/TraceServices/Private/Modules/TimingProfilerModule.cpp,0,1,1
/media/ullmann/HDDGabriel/engines/UnrealEngine/Engine/Source/ThirdParty/Alembic/alembic-1.8.2/python/PyAlembic/PyArchiveBounds.cpp,0,1,1
/media/ullmann/HDDGabriel/engines/UnrealEngine/Engine/Source/Programs/HeadlessChaos/Resource/EllipsoidGeometry2.cpp,0,1,1
/media/ullmann/HDDGabriel/engines/UnrealEngine/Engine/Source/Programs/HeadlessChaos/Resource/EllipsoidGeometry2.h,1,0,1
/media/ullmann/HDDGabriel/engines/UnrealEngine/Engine/Source/ThirdParty/Intel/TBB/IntelTBB-2019u8/examples/common/gui/convideo.cpp,0,1,1
/media/ullmann/HDDGabriel/engines/UnrealEngine/Engine/Source/ThirdParty/OpenVDB/openvdb-8.1.0/openvdb/openvdb/unittest/TestLeafBool.cc,0,1,1
/media/ullmann/HDDGabriel/engines/UnrealEngine/Engine/Source/ThirdParty/Expat/expat-2.2.10/lib/utf8tab.h,1,0,1
/media/ullmann/HDDGabriel/engines/UnrealEngine/Engine/Source/ThirdParty/PhysX3/PhysX_3.4/Source/GeomUtils/src/contact/GuContactPlaneConvex.cpp,0,1,1
/media/ullmann/HDDGabriel/engines/UnrealEngine/Engine/Source/Editor/AnimGraph/Private/AnimGraphNode_StateMachineBase.cpp,0,2,2
/media/ullmann/HDDGabriel/engines/UnrealEngine/Engine/Source/Developer/StandaloneRenderer/Private/OpenGL/SlateOpenGLRenderer.h,1,0,1
/media/ullmann/HDDGabriel/engines/UnrealEngine/Engine/Source/ThirdParty/SDL2/SDL-gui-backend/src/render/opengles2/SDL_gles2funcs.h,1,0,1
/media/ullmann/HDDGabriel/engines/UnrealEngine/Engine/Source/ThirdParty/Android/libunwind/libunwind/src/arm/Lstep.c,0,1,1
/media/ullmann/HDDGabriel/engines/UnrealEngine/Engine/Source/ThirdParty/MCPP/mcpp-2.7.2/test-l/nest92.h,1,1,2
/media/ullmann/HDDGabriel/engines/UnrealEngine/Engine/Source/ThirdParty/libPNG/libPNG-1.5.27/pngwtran.c,0,1,1
/media/ullmann/HDDGabriel/engines/UnrealEngine/Engine/Source/Editor/AnimationBlueprintEditor/Private/StateMachineConnectionDrawingPolicy.cpp,0,2,2
/media/ullmann/HDDGabriel/engines/UnrealEngine/Engine/Source/ThirdParty/Python3/Win64/include/longintrepr.h,1,0,1
/media/ullmann/HDDGabriel/engines/UnrealEngine/Engine/Source/ThirdParty/coremod/coremod-4.2.6/src/loaders/s3m.h,1,0,1
/media/ullmann/HDDGabriel/engines/UnrealEngine/Engine/Source/Runtime/Core/Public/HAL/ThreadSingleton.h,2,0,2
/media/ullmann/HDDGabriel/engines/UnrealEngine/Engine/Source/ThirdParty/FreeType2/FreeType2-2.6/Src/base/ftstream.c,1,0,1
/media/ullmann/HDDGabriel/engines/UnrealEngine/Engine/Source/Programs/Enterprise/Datasmith/DatasmithMaxExporter/Public/DatasmithMaxExporter.h,0,1,1
/media/ullmann/HDDGabriel/engines/UnrealEngine/Engine/Source/ThirdParty/WindowsMixedRealityInterop/MixedRealityInteropHoloLens/targetver.h,1,0,1
/media/ullmann/HDDGabriel/engines/UnrealEngine/Engine/Source/Runtime/Slate/Public/Widgets/Text/SInlineEditableTextBlock.h,1,0,1
/media/ullmann/HDDGabriel/engines/UnrealEngine/Engine/Source/ThirdParty/zlib/zlib-1.2.5/Src/deflate.c,0,1,1
/media/ullmann/HDDGabriel/engines/UnrealEngine/Engine/Source/ThirdParty/FreeType2/FreeType2-2.4.12/src/psnames/psmodule.h,1,0,1
/media/ullmann/HDDGabriel/engines/UnrealEngine/Engine/Source/Editor/DetailCustomizations/Private/RawDistributionVectorStructCustomization.cpp,0,1,1
/media/ullmann/HDDGabriel/engines/UnrealEngine/Engine/Source/ThirdParty/Expat/expat-2.2.10/lib/latin1tab.h,1,0,1
/media/ullmann/HDDGabriel/engines/UnrealEngine/Engine/Source/Editor/DetailCustomizations/Private/HardwareTargetingSettingsDetails.cpp,0,1,1
/media/ullmann/HDDGabriel/engines/UnrealEngine/Engine/Source/ThirdParty/FreeImage/FreeImage-3.18.0/Source/OpenEXR/Half/halfFunction.h,0,1,1
/media/ullmann/HDDGabriel/engines/UnrealEngine/Engine/Source/ThirdParty/Intel/TBB/IntelTBB-2019u8/examples/task_arena/fractal/fractal.cpp,0,1,1
/media/ullmann/HDDGabriel/engines/UnrealEngine/Engine/Source/ThirdParty/SDL2/SDL-gui-backend/src/events/SDL_clipboardevents_c.h,3,1,4
/media/ullmann/HDDGabriel/engines/UnrealEngine/Engine/Source/ThirdParty/FreeImage/FreeImage-3.18.0/Source/LibPNG/pngrio.c,0,1,1
/media/ullmann/HDDGabriel/engines/UnrealEngine/Engine/Source/ThirdParty/PhysX3/APEX_1.4/module/clothing_legacy/include/autogen/ClothingActorParam_0p2.h,1,0,1
/media/ullmann/HDDGabriel/engines/UnrealEngine/Engine/Source/Editor/AnimGraph/Private/AnimBlueprintExtension_Tag.cpp,0,1,1
/media/ullmann/HDDGabriel/engines/UnrealEngine/Engine/Source/ThirdParty/ShaderConductor/ShaderConductor/External/DirectXShaderCompiler/include/dxc/DXIL/DxilResourceBinding.h,0,1,1
/media/ullmann/HDDGabriel/engines/UnrealEngine/Engine/Source/ThirdParty/OpenVDB/Deploy/openvdb-8.1.0/include/openvdb/tools/LevelSetSphere.h,0,1,1
/media/ullmann/HDDGabriel/engines/UnrealEngine/Engine/Source/Runtime/Engine/Public/Animation/AnimStats.h,2,0,2
/media/ullmann/HDDGabriel/engines/UnrealEngine/Engine/Source/ThirdParty/openexr/Deploy/openexr-3.1.1/include/OpenEXR/ImfDeepTiledOutputPart.h,0,2,2
/media/ullmann/HDDGabriel/engines/UnrealEngine/Engine/Source/ThirdParty/PhysX3/PxShared/src/pvd/include/PxPvdErrorCodes.h,1,0,1
/media/ullmann/HDDGabriel/engines/UnrealEngine/Engine/Source/ThirdParty/WebRTC/4147/Include/rtc_base/stream.h,0,1,1
/media/ullmann/HDDGabriel/engines/UnrealEngine/Engine/Source/ThirdParty/ICU/icu4c-53_1/source/test/cintltst/utf8tst.c,0,1,1
/media/ullmann/HDDGabriel/engines/UnrealEngine/Engine/Source/ThirdParty/WebRTC/4147/Include/third_party/expat/files/lib/expat.h,0,1,1
/media/ullmann/HDDGabriel/engines/UnrealEngine/Engine/Source/ThirdParty/WebRTC/4147/Include/third_party/expat/files/lib/expat_external.h,1,0,1
/media/ullmann/HDDGabriel/engines/UnrealEngine/Engine/Source/ThirdParty/Intel/MetricsDiscovery/MetricsDiscoveryHelper/samples/range_sample_dx11/imgui/examples/allegro5_example/main.cpp,0,1,1
/media/ullmann/HDDGabriel/engines/UnrealEngine/Engine/Source/ThirdParty/ShaderConductor/ShaderConductor/External/DirectXShaderCompiler/tools/lli/RemoteTarget.cpp,0,1,1
/media/ullmann/HDDGabriel/engines/UnrealEngine/Engine/Source/Runtime/Online/HTTPServer/Private/HttpRequestHandlerIterator.cpp,0,1,1
/media/ullmann/HDDGabriel/engines/UnrealEngine/Engine/Source/ThirdParty/PhysX3/APEX_1.4/module/destructible_legacy/include/autogen/DestructibleActorParam_0p28.h,1,0,1
/media/ullmann/HDDGabriel/engines/UnrealEngine/Engine/Source/Editor/CurveEditor/Public/Tree/SCurveEditorTree.h,0,1,1
/media/ullmann/HDDGabriel/engines/UnrealEngine/Engine/Source/ThirdParty/FBX/2020.2/include/fbxsdk/scene/fbxgroupname.h,1,0,1
/media/ullmann/HDDGabriel/engines/UnrealEngine/Engine/Source/ThirdParty/SDL2/SDL-gui-backend/src/video/khronos/vulkan/vulkan_ggp.h,1,0,1
/media/ullmann/HDDGabriel/engines/UnrealEngine/Engine/Source/ThirdParty/OpenSubdiv/OpenSubdiv-3.4.4/examples/farViewer/face_texture.h,1,0,1
/media/ullmann/HDDGabriel/engines/UnrealEngine/Engine/Source/Runtime/Datasmith/CADKernel/Private/CADKernel/Mesh/Criteria/CurvatureCriterion.cpp,0,1,1
/media/ullmann/HDDGabriel/engines/UnrealEngine/Engine/Source/Runtime/Datasmith/CADKernel/Private/CADKernel/Mesh/Criteria/CurvatureCriterion.h,1,0,1
/media/ullmann/HDDGabriel/engines/UnrealEngine/Engine/Source/ThirdParty/ShaderConductor/ShaderConductor/External/SPIRV-Tools/source/fuzz/transformation_record_synonymous_constants.cpp,0,1,1
/media/ullmann/HDDGabriel/engines/UnrealEngine/Engine/Source/ThirdParty/ShaderConductor/ShaderConductor/External/SPIRV-Tools/source/fuzz/transformation_record_synonymous_constants.h,1,0,1
/media/ullmann/HDDGabriel/engines/UnrealEngine/Engine/Source/Runtime/Renderer/Public/GpuDebugRendering.h,0,1,1
/media/ullmann/HDDGabriel/engines/UnrealEngine/Engine/Source/ThirdParty/ICU/icu4c-53_1/source/layoutex/RunArrays.cpp,0,1,1
/media/ullmann/HDDGabriel/engines/UnrealEngine/Engine/Source/ThirdParty/FreeImage/FreeImage-3.18.0/Source/LibOpenJPEG/bio.h,1,0,1
/media/ullmann/HDDGabriel/engines/UnrealEngine/Engine/Source/Editor/ContentBrowser/Private/TextFilterValueHandlers.cpp,0,1,1
/media/ullmann/HDDGabriel/engines/UnrealEngine/Engine/Source/Editor/UnrealEd/Classes/ThumbnailRendering/SceneThumbnailInfo.h,0,1,1
/media/ullmann/HDDGabriel/engines/UnrealEngine/Engine/Source/Runtime/Engine/Classes/EditorFramework/ThumbnailInfo.h,1,0,1
/media/ullmann/HDDGabriel/engines/UnrealEngine/Engine/Source/Editor/SequenceRecorder/Public/ActorRecordingSettings.h,1,0,1
/media/ullmann/HDDGabriel/engines/UnrealEngine/Engine/Source/Runtime/RigVM/Public/RigVMCore/RigVMPropertyPath.h,1,0,1
/media/ullmann/HDDGabriel/engines/UnrealEngine/Engine/Source/Editor/LevelEditor/Private/SActorPilotViewportToolbar.h,1,0,1
/media/ullmann/HDDGabriel/engines/UnrealEngine/Engine/Source/ThirdParty/HarfBuzz/harfbuzz-2.4.0/src/hb-ot-var-avar-table.hh,1,0,1
/media/ullmann/HDDGabriel/engines/UnrealEngine/Engine/Source/Runtime/Apple/AudioMixerCoreAudio/Private/AudioMixerCoreAudio.cpp,0,1,1
/media/ullmann/HDDGabriel/engines/UnrealEngine/Engine/Source/Editor/MaterialEditor/Private/SMaterialEditorTitleBar.cpp,0,1,1
/media/ullmann/HDDGabriel/engines/UnrealEngine/Engine/Source/Runtime/Experimental/Chaos/Public/Chaos/PullPhysicsDataImp.h,0,1,1
/media/ullmann/HDDGabriel/engines/UnrealEngine/Engine/Source/Developer/DesktopPlatform/Private/PlatformInfo.cpp,0,1,1
/media/ullmann/HDDGabriel/engines/UnrealEngine/Engine/Source/ThirdParty/ICU/icu4c-64_1/source/test/intltest/simpleformattertest.cpp,0,1,1
/media/ullmann/HDDGabriel/engines/UnrealEngine/Engine/Source/ThirdParty/PhysX3/APEX_1.4/module/destructible_legacy/include/autogen/DestructibleActorParam_0p26.h,1,0,1
/media/ullmann/HDDGabriel/engines/UnrealEngine/Engine/Source/Runtime/Core/Public/Misc/FrameNumber.h,1,0,1
/media/ullmann/HDDGabriel/engines/UnrealEngine/Engine/Source/Runtime/OpenGLDrv/Private/OpenGLQuery.cpp,0,1,1
/media/ullmann/HDDGabriel/engines/UnrealEngine/Engine/Source/ThirdParty/ICU/icu4c-53_1/source/test/intltest/itutil.h,2,1,3
/media/ullmann/HDDGabriel/engines/UnrealEngine/Engine/Source/ThirdParty/ICU/icu4c-53_1/source/test/letest/SimpleFontInstance.cpp,0,1,1
/media/ullmann/HDDGabriel/engines/UnrealEngine/Engine/Source/Runtime/MovieSceneCapture/Private/ActiveMovieSceneCaptures.cpp,0,1,1
/media/ullmann/HDDGabriel/engines/UnrealEngine/Engine/Source/Runtime/Networking/Public/Interfaces/IPv4/IPv4Endpoint.h,1,0,1
/media/ullmann/HDDGabriel/engines/UnrealEngine/Engine/Source/Runtime/UMG/Public/Components/TextBlock.h,1,0,1
/media/ullmann/HDDGabriel/engines/UnrealEngine/Engine/Source/ThirdParty/libOpus/opus-1.0.3/silk/LPC_analysis_filter.c,0,1,1
/media/ullmann/HDDGabriel/engines/UnrealEngine/Engine/Source/Runtime/Core/Public/Misc/WildcardString.h,1,0,1
/media/ullmann/HDDGabriel/engines/UnrealEngine/Engine/Source/ThirdParty/ShaderConductor/ShaderConductor/External/DirectXShaderCompiler/include/dxc/DXIL/DxilResourceBase.h,0,1,1
/media/ullmann/HDDGabriel/engines/UnrealEngine/Engine/Source/Runtime/Engine/Private/GPUSkinVertexFactory.cpp,0,1,1
/media/ullmann/HDDGabriel/engines/UnrealEngine/Engine/Source/ThirdParty/PhysX3/APEX_1.4/module/destructible_legacy/include/autogen/DestructibleAssetCollisionDataSet_0p0.h,1,0,1
/media/ullmann/HDDGabriel/engines/UnrealEngine/Engine/Source/Runtime/Core/Public/Misc/Attribute.h,1,0,1
/media/ullmann/HDDGabriel/engines/UnrealEngine/Engine/Source/ThirdParty/ICU/icu4c-53_1/source/i18n/inputext.cpp,0,1,1
/media/ullmann/HDDGabriel/engines/UnrealEngine/Engine/Source/ThirdParty/MCPP/mcpp-2.7.2/test-c/n_29.c,0,1,1
/media/ullmann/HDDGabriel/engines/UnrealEngine/Engine/Source/ThirdParty/Android/libunwind/libunwind/src/arm/Lcreate_addr_space.c,0,1,1
/media/ullmann/HDDGabriel/engines/UnrealEngine/Engine/Source/ThirdParty/HarfBuzz/harfbuzz-2.4.0/src/hb-ot-gasp-table.hh,1,0,1
/media/ullmann/HDDGabriel/engines/UnrealEngine/Engine/Source/Runtime/Windows/D3D11RHI/Private/D3D11RHI.cpp,0,1,1
/media/ullmann/HDDGabriel/engines/UnrealEngine/Engine/Source/Developer/DerivedDataCache/Private/DerivedDataBuildJob.cpp,0,2,2
/media/ullmann/HDDGabriel/engines/UnrealEngine/Engine/Source/Developer/LocalizationService/Private/LocalizationServiceModule.cpp,0,1,1
/media/ullmann/HDDGabriel/engines/UnrealEngine/Engine/Source/Editor/ViewportInteraction/Public/ViewportInteractionDragOperations.h,0,1,1
/media/ullmann/HDDGabriel/engines/UnrealEngine/Engine/Source/ThirdParty/Python3/Mac/include/pythonrun.h,1,0,1
/media/ullmann/HDDGabriel/engines/UnrealEngine/Engine/Source/Runtime/SlateRHIRenderer/Private/SlateMaterialShader.cpp,0,1,1
/media/ullmann/HDDGabriel/engines/UnrealEngine/Engine/Source/ThirdParty/Vorbis/libvorbis-1.3.2/test/write_read.c,0,1,1
/media/ullmann/HDDGabriel/engines/UnrealEngine/Engine/Source/ThirdParty/PhysX3/NvCloth/samples/external/imgui/1.49/examples/directx11_example/main.cpp,0,1,1
/media/ullmann/HDDGabriel/engines/UnrealEngine/Engine/Source/Runtime/Engine/Public/Animation/AnimSequenceDecompressionContext.h,1,0,1
/media/ullmann/HDDGabriel/engines/UnrealEngine/Engine/Source/Editor/PListEditor/Private/PListNodeDictionary.cpp,0,1,1
/media/ullmann/HDDGabriel/engines/UnrealEngine/Engine/Source/ThirdParty/FreeImage/FreeImage-3.18.0/Source/LibOpenJPEG/phix_manager.c,0,1,1
/media/ullmann/HDDGabriel/engines/UnrealEngine/Engine/Source/Editor/BlueprintGraph/Private/DelegateNodeHandlers.cpp,0,1,1
/media/ullmann/HDDGabriel/engines/UnrealEngine/Engine/Source/ThirdParty/Steamworks/Steamv147/sdk/public/steam/isteamhtmlsurface.h,1,1,2
/media/ullmann/HDDGabriel/engines/UnrealEngine/Engine/Source/Runtime/Foliage/Private/FoliageActor.cpp,0,1,1
/media/ullmann/HDDGabriel/engines/UnrealEngine/Engine/Source/ThirdParty/openexr/openexr-3.1.1/src/test/OpenEXRTest/testExistingStreams.cpp,0,1,1
/media/ullmann/HDDGabriel/engines/UnrealEngine/Engine/Source/ThirdParty/PhysX3/APEX_1.4/shared/general/floatmath/src/FloatMath.cpp,0,1,1
/media/ullmann/HDDGabriel/engines/UnrealEngine/Engine/Source/ThirdParty/PhysX3/APEX_1.4/shared/general/floatmath/src/FloatMath.inl,1,0,1
/media/ullmann/HDDGabriel/engines/UnrealEngine/Engine/Source/ThirdParty/PhysX3/APEX_1.4/module/clothing_legacy/include/autogen/ClothingActorParam_0p1.h,1,0,1
/media/ullmann/HDDGabriel/engines/UnrealEngine/Engine/Source/ThirdParty/EOSSDK/SDK/Bin/Android/include/eos_reports.h,0,1,1
/media/ullmann/HDDGabriel/engines/UnrealEngine/Engine/Source/ThirdParty/SDL2/SDL-gui-backend/src/main/windows/SDL_windows_main.c,0,1,1
/media/ullmann/HDDGabriel/engines/UnrealEngine/Engine/Source/ThirdParty/Vorbis/libvorbis-1.3.2/vq/vqgen.h,1,0,1
/media/ullmann/HDDGabriel/engines/UnrealEngine/Engine/Source/ThirdParty/DirectShow/DirectShow-1.0.0/src/Public/dxmperf.h,0,2,2
/media/ullmann/HDDGabriel/engines/UnrealEngine/Engine/Source/ThirdParty/DirectShow/DirectShow-1.0.0/src/Public/perfstruct.h,1,0,1
/media/ullmann/HDDGabriel/engines/UnrealEngine/Engine/Source/ThirdParty/libOpus/opus-1.3.1-12/silk/arm/macros_armv4.h,1,0,1
/media/ullmann/HDDGabriel/engines/UnrealEngine/Engine/Source/ThirdParty/PhysX3/APEX_1.4/module/destructible_legacy/include/autogen/DestructibleModuleParameters_0p3.h,1,0,1
/media/ullmann/HDDGabriel/engines/UnrealEngine/Engine/Source/ThirdParty/libPNG/libPNG-1.5.2/pngstruct.h,1,0,1
/media/ullmann/HDDGabriel/engines/UnrealEngine/Engine/Source/ThirdParty/libPNG/libPNG-1.5.27/scripts/sym.c,0,1,1
/media/ullmann/HDDGabriel/engines/UnrealEngine/Engine/Source/Editor/BlueprintGraph/Private/K2Node_ClassDynamicCast.cpp,0,1,1
/media/ullmann/HDDGabriel/engines/UnrealEngine/Engine/Source/Runtime/LiveLinkInterface/Private/LiveLinkModule.cpp,0,1,1
/media/ullmann/HDDGabriel/engines/UnrealEngine/Engine/Source/Runtime/LiveLinkInterface/Private/LiveLinkPrivate.h,1,0,1
/media/ullmann/HDDGabriel/engines/UnrealEngine/Engine/Source/Runtime/Json/Public/Policies/CondensedJsonPrintPolicy.h,1,0,1
/media/ullmann/HDDGabriel/engines/UnrealEngine/Engine/Source/ThirdParty/WebRTC/4147/Include/rtc_base/crypt_string.h,0,1,1
/media/ullmann/HDDGabriel/engines/UnrealEngine/Engine/Source/Programs/HeadlessChaos/Resource/FracturedGeometry.cpp,0,1,1
/media/ullmann/HDDGabriel/engines/UnrealEngine/Engine/Source/Programs/HeadlessChaos/Resource/FracturedGeometry.h,1,0,1
/media/ullmann/HDDGabriel/engines/UnrealEngine/Engine/Source/Editor/GraphEditor/Private/SGraphNodeKnot.cpp,0,1,1
/media/ullmann/HDDGabriel/engines/UnrealEngine/Engine/Source/Editor/SceneOutliner/Public/ActorHierarchy.h,0,1,1
/media/ullmann/HDDGabriel/engines/UnrealEngine/Engine/Source/ThirdParty/FBX/2020.2/include/fbxsdk/core/fbxdatatypes.h,1,0,1
/media/ullmann/HDDGabriel/engines/UnrealEngine/Engine/Source/Editor/SubobjectDataInterface/Public/InheritedSubobjectDataFactory.h,0,1,1
/media/ullmann/HDDGabriel/engines/UnrealEngine/Engine/Source/ThirdParty/PhysX3/PhysX_3.4/Source/Common/src/CmRadixSort.cpp,0,1,1
/media/ullmann/HDDGabriel/engines/UnrealEngine/Engine/Source/ThirdParty/PhysX3/PhysX_3.4/Source/LowLevelCloth/src/sse2/SimdTypes.h,1,0,1
/media/ullmann/HDDGabriel/engines/UnrealEngine/Engine/Source/Runtime/Experimental/Chaos/Public/PhysicsSolver.h,0,2,2
/media/ullmann/HDDGabriel/engines/UnrealEngine/Engine/Source/ThirdParty/FBX/2020.2/include/fbxsdk/scene/fbxdisplaylayer.h,1,0,1
/media/ullmann/HDDGabriel/engines/UnrealEngine/Engine/Source/Editor/MeshPaint/Private/SImportVertexColorOptions.cpp,0,1,1
/media/ullmann/HDDGabriel/engines/UnrealEngine/Engine/Source/Developer/Windows/LiveCodingServer/Private/External/LC_COMThread.cpp,0,1,1
/media/ullmann/HDDGabriel/engines/UnrealEngine/Engine/Source/ThirdParty/PhysX3/PhysX_3.4/Include/extensions/PxSmoothNormals.h,1,0,1
/media/ullmann/HDDGabriel/engines/UnrealEngine/Engine/Source/ThirdParty/Imath/Imath-3.1.3/src/ImathTest/testExtractSHRT.cpp,0,1,1
/media/ullmann/HDDGabriel/engines/UnrealEngine/Engine/Source/ThirdParty/FontConfig/fontconfig-2.13.94/src/fcdeprecate.h,1,0,1
/media/ullmann/HDDGabriel/engines/UnrealEngine/Engine/Source/ThirdParty/ICU/icu4c-64_1/source/test/intltest/itrbnfp.cpp,0,1,1
/media/ullmann/HDDGabriel/engines/UnrealEngine/Engine/Source/ThirdParty/PhysX3/PhysX_3.4/Include/cooking/PxBVH34MidphaseDesc.h,1,0,1
/media/ullmann/HDDGabriel/engines/UnrealEngine/Engine/Source/ThirdParty/Intel/ISPC/ispc-1.16.1/examples/xpu/sgemm/bench.cpp,0,1,1
/media/ullmann/HDDGabriel/engines/UnrealEngine/Engine/Source/ThirdParty/PhysX3/APEX_1.4/module/destructible_legacy/include/autogen/DestructibleAssetParameters_0p13.h,1,0,1
/media/ullmann/HDDGabriel/engines/UnrealEngine/Engine/Source/Editor/FoliageEdit/Private/FoliageEditActions.cpp,0,1,1
/media/ullmann/HDDGabriel/engines/UnrealEngine/Engine/Source/ThirdParty/Perforce/p4api-2014.2/include/p4/strbuf.h,1,0,1
/media/ullmann/HDDGabriel/engines/UnrealEngine/Engine/Source/ThirdParty/OpenVDB/openvdb-8.1.0/openvdb/openvdb/tools/Filter.h,0,1,1
/media/ullmann/HDDGabriel/engines/UnrealEngine/Engine/Source/Editor/SceneOutliner/Public/LevelTreeItem.h,0,1,1
/media/ullmann/HDDGabriel/engines/UnrealEngine/Engine/Source/Runtime/Core/Public/Misc/OutputDeviceHelper.h,1,0,1
/media/ullmann/HDDGabriel/engines/UnrealEngine/Engine/Source/ThirdParty/Intel/ISPC/ispc-1.16.1/examples/cpu/options/options_serial.cpp,0,1,1
/media/ullmann/HDDGabriel/engines/UnrealEngine/Engine/Source/ThirdParty/OpenSubdiv/OpenSubdiv-3.4.4/regression/shapes/catmark_fvar_project0.h,1,0,1
/media/ullmann/HDDGabriel/engines/UnrealEngine/Engine/Source/ThirdParty/Imath/Deploy/Imath-3.1.3/include/Imath/ImathGLU.h,0,1,1
/media/ullmann/HDDGabriel/engines/UnrealEngine/Engine/Source/ThirdParty/ShaderConductor/ShaderConductor/External/DirectXShaderCompiler/lib/DxilRootSignature/DxilRootSignatureConvert.cpp,0,1,1
/media/ullmann/HDDGabriel/engines/UnrealEngine/Engine/Source/ThirdParty/FreeType2/FreeType2-2.10.4/src/sfnt/ttcmapc.h,2,0,2
/media/ullmann/HDDGabriel/engines/UnrealEngine/Engine/Source/ThirdParty/ICU/icu4c-53_1/source/i18n/unicode/tmutfmt.h,1,0,1
/media/ullmann/HDDGabriel/engines/UnrealEngine/Engine/Source/ThirdParty/PhysX3/APEX_1.4/module/clothing_legacy/include/autogen/ClothingCookedParam_0p2.h,1,0,1
/media/ullmann/HDDGabriel/engines/UnrealEngine/Engine/Source/Editor/ContentBrowser/Public/ContentBrowserFrontEndFilterExtension.h,0,1,1
/media/ullmann/HDDGabriel/engines/UnrealEngine/Engine/Source/Developer/ShaderCompilerCommon/Private/HlslExpressionParser.inl,1,0,1
/media/ullmann/HDDGabriel/engines/UnrealEngine/Engine/Source/Runtime/Core/Public/Misc/OutputDeviceNull.h,1,0,1
/media/ullmann/HDDGabriel/engines/UnrealEngine/Engine/Source/Runtime/StorageServerClient/Private/CookOnTheFlyPackageStore.cpp,0,1,1
/media/ullmann/HDDGabriel/engines/UnrealEngine/Engine/Source/Editor/LandscapeEditor/Private/LandscapeEditorDetailWidgets.cpp,0,1,1
/media/ullmann/HDDGabriel/engines/UnrealEngine/Engine/Source/ThirdParty/ICU/icu4c-64_1/source/test/intltest/convtest.cpp,0,1,1
/media/ullmann/HDDGabriel/engines/UnrealEngine/Engine/Source/ThirdParty/ICU/icu4c-53_1/source/common/unicode/ustringtrie.h,1,0,1
/media/ullmann/HDDGabriel/engines/UnrealEngine/Engine/Source/ThirdParty/openexr/openexr-3.1.1/src/test/OpenEXRTest/testTiledRgba.h,1,0,1
/media/ullmann/HDDGabriel/engines/UnrealEngine/Engine/Source/ThirdParty/FBX/2020.2/include/fbxsdk/scene/animation/fbxanimcurvenode.h,1,0,1
/media/ullmann/HDDGabriel/engines/UnrealEngine/Engine/Source/Runtime/RHI/Public/RHIValidationUtils.h,2,0,2
/media/ullmann/HDDGabriel/engines/UnrealEngine/Engine/Source/ThirdParty/Vulkan/Include/vulkan/vulkan_vi.h,1,0,1
/media/ullmann/HDDGabriel/engines/UnrealEngine/Engine/Source/Runtime/Online/SSL/Public/Interfaces/ISslManager.h,1,0,1
/media/ullmann/HDDGabriel/engines/UnrealEngine/Engine/Source/ThirdParty/HarfBuzz/harfbuzz-1.2.4/src/test-size-params.cc,0,2,2
/media/ullmann/HDDGabriel/engines/UnrealEngine/Engine/Source/Editor/Kismet/Private/BPGraphClipboardData.cpp,0,1,1
/media/ullmann/HDDGabriel/engines/UnrealEngine/Engine/Source/Editor/DetailCustomizations/Private/AttenuationSettingsCustomizations.cpp,0,1,1
/media/ullmann/HDDGabriel/engines/UnrealEngine/Engine/Source/Editor/Blutility/Private/AssetTypeActions_EditorUtilityWidgetBlueprint.cpp,0,1,1
/media/ullmann/HDDGabriel/engines/UnrealEngine/Engine/Source/ThirdParty/OpenVDB/Deploy/openvdb-8.1.0/include/openvdb/tools/Filter.h,0,1,1
/media/ullmann/HDDGabriel/engines/UnrealEngine/Engine/Source/ThirdParty/Android/libunwind/libunwind/src/mips/Linit.c,0,1,1
/media/ullmann/HDDGabriel/engines/UnrealEngine/Engine/Source/ThirdParty/Imath/Imath-3.1.3/src/ImathTest/testVec.cpp,0,1,1
/media/ullmann/HDDGabriel/engines/UnrealEngine/Engine/Source/Editor/DetailCustomizations/Private/MacTargetSettingsDetails.cpp,0,1,1
/media/ullmann/HDDGabriel/engines/UnrealEngine/Engine/Source/ThirdParty/OpenVDB/openvdb-8.1.0/openvdb_ax/openvdb_ax/test/frontend/TestExternalVariableNode.cc,0,1,1
/media/ullmann/HDDGabriel/engines/UnrealEngine/Engine/Source/ThirdParty/Android/libunwind/libunwind/src/mi/Lget_accessors.c,0,1,1
/media/ullmann/HDDGabriel/engines/UnrealEngine/Engine/Source/ThirdParty/Android/libunwind/libunwind/src/mi/Gget_accessors.c,1,0,1
/media/ullmann/HDDGabriel/engines/UnrealEngine/Engine/Source/ThirdParty/PhysX3/APEX_1.4/module/clothing_legacy/include/autogen/ClothingModuleParameters_0p1.h,1,0,1
/media/ullmann/HDDGabriel/engines/UnrealEngine/Engine/Source/ThirdParty/FreeImage/FreeImage-3.18.0/Source/LibTIFF4/tif_stream.cxx,0,1,1
/media/ullmann/HDDGabriel/engines/UnrealEngine/Engine/Source/ThirdParty/Intel/Embree/Embree2140/include/embree2/rtcore_geometry.h,1,0,1
/media/ullmann/HDDGabriel/engines/UnrealEngine/Engine/Source/ThirdParty/openexr/openexr-3.1.1/src/lib/IlmThread/IlmThreadForward.h,0,1,1
/media/ullmann/HDDGabriel/engines/UnrealEngine/Engine/Source/Developer/TraceInsights/Private/Insights/Tests/InsightsTestRunner.cpp,0,1,1
/media/ullmann/HDDGabriel/engines/UnrealEngine/Engine/Source/Developer/TraceInsights/Private/Insights/Tests/InsightsTestRunner.h,1,0,1
/media/ullmann/HDDGabriel/engines/UnrealEngine/Engine/Source/ThirdParty/rpclib/Source/include/rpc/msgpack/pack_define.h,1,0,1
/media/ullmann/HDDGabriel/engines/UnrealEngine/Engine/Source/ThirdParty/Boost/boost-1_70_0/include/boost/accumulators/numeric/functional.hpp,0,1,1
/media/ullmann/HDDGabriel/engines/UnrealEngine/Engine/Source/ThirdParty/Boost/boost-1_70_0/include/boost/accumulators/numeric/functional,1,0,1
/media/ullmann/HDDGabriel/engines/UnrealEngine/Engine/Source/Runtime/D3D12RHI/Private/D3D12Device.cpp,0,2,2
/media/ullmann/HDDGabriel/engines/UnrealEngine/Engine/Source/Runtime/MovieScene/Public/Evaluation/MovieSceneCompletionMode.h,1,0,1
/media/ullmann/HDDGabriel/engines/UnrealEngine/Engine/Source/Runtime/AnimGraphRuntime/Public/AnimNodes/AnimNode_Mirror.h,1,0,1
/media/ullmann/HDDGabriel/engines/UnrealEngine/Engine/Source/Developer/ShaderFormatVectorVM/Private/ir_vm_to_single_op_visitor.cpp,0,1,1
/media/ullmann/HDDGabriel/engines/UnrealEngine/Engine/Source/ThirdParty/Android/libunwind/libunwind/src/ptrace/_UPT_find_proc_info.c,0,1,1
/media/ullmann/HDDGabriel/engines/UnrealEngine/Engine/Source/ThirdParty/ICU/icu4c-64_1/source/test/perf/DateFmtPerf/collationdata.h,1,0,1
/media/ullmann/HDDGabriel/engines/UnrealEngine/Engine/Source/ThirdParty/Boost/boost-1_70_0/include/boost/numeric/ublas/tensor/operators_comparison.hpp,1,0,1
/media/ullmann/HDDGabriel/engines/UnrealEngine/Engine/Source/ThirdParty/SPIRV-Reflect/SPIRV-Reflect/tests/test-spirv-reflect.cpp,0,1,1
/media/ullmann/HDDGabriel/engines/UnrealEngine/Engine/Source/ThirdParty/Intel/MetricsDiscovery/MetricsDiscoveryHelper/samples/range_sample_dx11/imgui/examples/sdl_opengl2_example/main.cpp,0,1,1
/media/ullmann/HDDGabriel/engines/UnrealEngine/Engine/Source/ThirdParty/FreeType2/FreeType2-2.10.0/src/type42/t42drivr.h,1,0,1
/media/ullmann/HDDGabriel/engines/UnrealEngine/Engine/Source/Runtime/Slate/Public/Widgets/Input/STextEntryPopup.h,1,0,1
/media/ullmann/HDDGabriel/engines/UnrealEngine/Engine/Source/ThirdParty/nvTextureTools/nvTextureTools-2.0.8/src/src/nvimage/Filter.cpp,0,1,1
/media/ullmann/HDDGabriel/engines/UnrealEngine/Engine/Source/ThirdParty/nvTextureTools/nvTextureTools-2.0.8/src/src/nvimage/Filter.h,2,0,2
/media/ullmann/HDDGabriel/engines/UnrealEngine/Engine/Source/ThirdParty/Android/libunwind/libunwind/src/ia64/Lscript.c,0,1,1
/media/ullmann/HDDGabriel/engines/UnrealEngine/Engine/Source/Editor/SequenceRecorder/Private/Sections/MovieScene3DTransformSectionRecorderSettings.h,1,0,1
/media/ullmann/HDDGabriel/engines/UnrealEngine/Engine/Source/ThirdParty/PhysX3/PhysX_3.4/Source/PhysX/src/PvdMetaDataBindingData.h,1,0,1
/media/ullmann/HDDGabriel/engines/UnrealEngine/Engine/Source/ThirdParty/PLCrashReporter/PLCrashReporter/Source/PLCrashAsync.c,0,1,1
/media/ullmann/HDDGabriel/engines/UnrealEngine/Engine/Source/ThirdParty/FakeIt/2.0.2/config/mstest/MsTestFakeit.hpp,1,0,1
/media/ullmann/HDDGabriel/engines/UnrealEngine/Engine/Source/ThirdParty/PhysX3/APEX_1.4/module/framework_legacy/include/autogen/VertexBufferParameters_0p0.h,1,0,1
/media/ullmann/HDDGabriel/engines/UnrealEngine/Engine/Source/ThirdParty/libOpus/opus-1.1/silk/lin2log.c,0,1,1
/media/ullmann/HDDGabriel/engines/UnrealEngine/Engine/Source/ThirdParty/OpenVDB/openvdb-8.1.0/openvdb/openvdb/math/Proximity.cc,0,1,1
/media/ullmann/HDDGabriel/engines/UnrealEngine/Engine/Source/ThirdParty/OpenVDB/openvdb-8.1.0/openvdb/openvdb/math/Proximity.h,1,0,1
/media/ullmann/HDDGabriel/engines/UnrealEngine/Engine/Source/ThirdParty/ICU/icu4c-64_1/source/tools/toolutil/uoptions.cpp,0,1,1
/media/ullmann/HDDGabriel/engines/UnrealEngine/Engine/Source/ThirdParty/ICU/icu4c-53_1/source/i18n/decContext.c,0,2,2
/media/ullmann/HDDGabriel/engines/UnrealEngine/Engine/Source/ThirdParty/FakeIt/2.0.2/tests/verification_errors_tests.cpp,0,1,1
/media/ullmann/HDDGabriel/engines/UnrealEngine/Engine/Source/ThirdParty/ShaderConductor/ShaderConductor/External/DirectXShaderCompiler/lib/DxilRootSignature/DxilRootSignatureValidator.cpp,0,1,1
/media/ullmann/HDDGabriel/engines/UnrealEngine/Engine/Source/Developer/MeshMergeUtilities/Public/MeshMergeModule.h,0,1,1
/media/ullmann/HDDGabriel/engines/UnrealEngine/Engine/Source/Developer/MeshMergeUtilities/Public/IMeshMergeUtilities.h,1,0,1
/media/ullmann/HDDGabriel/engines/UnrealEngine/Engine/Source/Editor/Kismet/Public/BlueprintDragDropMenuItem.h,0,1,1
/media/ullmann/HDDGabriel/engines/UnrealEngine/Engine/Source/ThirdParty/PhysX3/APEX_1.4/module/clothing_legacy/include/autogen/ClothingPhysicalMeshParameters_0p2.h,1,0,1
/media/ullmann/HDDGabriel/engines/UnrealEngine/Engine/Source/ThirdParty/CryptoPP/5.6.5/include/gzip.cpp,0,2,2
/media/ullmann/HDDGabriel/engines/UnrealEngine/Engine/Source/ThirdParty/PhysX3/PxShared/src/foundation/include/PsAlignedMalloc.h,1,1,2
/media/ullmann/HDDGabriel/engines/UnrealEngine/Engine/Source/ThirdParty/DirectShow/DirectShow-1.0.0/src/Public/reftime.h,1,0,1
/media/ullmann/HDDGabriel/engines/UnrealEngine/Engine/Source/Developer/TraceServices/Private/ModuleService.cpp,0,1,1
/media/ullmann/HDDGabriel/engines/UnrealEngine/Engine/Source/Editor/IntroTutorials/Private/STutorialLoading.cpp,0,1,1
/media/ullmann/HDDGabriel/engines/UnrealEngine/Engine/Source/Editor/IntroTutorials/Private/STutorialLoading.h,2,0,2
/media/ullmann/HDDGabriel/engines/UnrealEngine/Engine/Source/ThirdParty/ShaderConductor/ShaderConductor/External/DirectXShaderCompiler/tools/clang/unittests/Tooling/RecursiveASTVisitorTestDeclVisitor.cpp,0,1,1
/media/ullmann/HDDGabriel/engines/UnrealEngine/Engine/Source/Runtime/AudioExtensions/Private/AudioExtensionsModule.cpp,0,1,1
/media/ullmann/HDDGabriel/engines/UnrealEngine/Engine/Source/Runtime/AudioExtensions/Private/PcmCodec.h,2,0,2
/media/ullmann/HDDGabriel/engines/UnrealEngine/Engine/Source/Programs/UnrealHeaderTool/Private/Specifiers/EnumSpecifiers.h,2,0,2
/media/ullmann/HDDGabriel/engines/UnrealEngine/Engine/Source/ThirdParty/libPNG/libPNG-1.5.27/pngget.c,0,1,1
/media/ullmann/HDDGabriel/engines/UnrealEngine/Engine/Source/ThirdParty/WebRTC/4147/Include/tools/clang/blink_gc_plugin/tests/trace_collections.h,0,1,1
/media/ullmann/HDDGabriel/engines/UnrealEngine/Engine/Source/ThirdParty/FBX/2020.2/include/fbxsdk/scene/fbxtakeinfo.h,1,0,1
/media/ullmann/HDDGabriel/engines/UnrealEngine/Engine/Source/ThirdParty/HLMediaLibrary/HLMediaLibrary/dllmain.cpp,0,1,1
/media/ullmann/HDDGabriel/engines/UnrealEngine/Engine/Source/ThirdParty/ICU/icu4c-53_1/source/test/intltest/punyref.c,0,1,1
/media/ullmann/HDDGabriel/engines/UnrealEngine/Engine/Source/Editor/BlueprintGraph/Classes/K2Node_DeadClass.h,0,1,1
/media/ullmann/HDDGabriel/engines/UnrealEngine/Engine/Source/Runtime/GeometryCore/Public/Curve/DynamicGraph2.h,0,1,1
/media/ullmann/HDDGabriel/engines/UnrealEngine/Engine/Source/ThirdParty/ShaderConductor/ShaderConductor/External/DirectXShaderCompiler/lib/CodeGen/AggressiveAntiDepBreaker.cpp,0,1,1
/media/ullmann/HDDGabriel/engines/UnrealEngine/Engine/Source/ThirdParty/PhysX3/PxShared/src/pvd/src/PxPvdObjectRegistrar.cpp,0,1,1
/media/ullmann/HDDGabriel/engines/UnrealEngine/Engine/Source/ThirdParty/Python3/Linux/include/python3.9/interpreteridobject.h,0,1,1
/media/ullmann/HDDGabriel/engines/UnrealEngine/Engine/Source/ThirdParty/Python3/Linux/include/python3.9/cpython/interpreteridobject.h,1,0,1
/media/ullmann/HDDGabriel/engines/UnrealEngine/Engine/Source/Runtime/WebBrowser/Private/WebJSFunction.cpp,0,1,1
/media/ullmann/HDDGabriel/engines/UnrealEngine/Engine/Source/Runtime/WebBrowser/Private/WebJSScripting.h,1,0,1
/media/ullmann/HDDGabriel/engines/UnrealEngine/Engine/Source/Runtime/SlateCore/Public/Widgets/SNullWidget.h,1,0,1
/media/ullmann/HDDGabriel/engines/UnrealEngine/Engine/Source/ThirdParty/glslang/glslang/src/glslang_lib/glslang/MachineIndependent/glslang_tab.cpp.h,1,0,1
/media/ullmann/HDDGabriel/engines/UnrealEngine/Engine/Source/ThirdParty/ICU/icu4c-64_1/source/samples/ucnv/flagcb.c,0,1,1
/media/ullmann/HDDGabriel/engines/UnrealEngine/Engine/Source/Editor/BlueprintGraph/Classes/K2Node_CallDataTableFunction.h,0,1,1
/media/ullmann/HDDGabriel/engines/UnrealEngine/Engine/Source/ThirdParty/PhysX3/PhysX_3.4/Include/geometry/PxHeightFieldSample.h,1,0,1
/media/ullmann/HDDGabriel/engines/UnrealEngine/Engine/Source/ThirdParty/FontConfig/fontconfig-2.13.94/src/fclist.c,0,1,1
/media/ullmann/HDDGabriel/engines/UnrealEngine/Engine/Source/Runtime/Windows/D3D11RHI/Private/D3D11State.cpp,0,1,1
/media/ullmann/HDDGabriel/engines/UnrealEngine/Engine/Source/ThirdParty/ShaderConductor/ShaderConductor/External/DirectXShaderCompiler/tools/clang/lib/Parse/ParseOpenMP.cpp,0,1,1
/media/ullmann/HDDGabriel/engines/UnrealEngine/Engine/Source/ThirdParty/Perforce/p4api-2014.2/include/p4/netconnect.h,0,1,1
/media/ullmann/HDDGabriel/engines/UnrealEngine/Engine/Source/Runtime/Engine/Classes/Animation/AnimSequenceHelpers.h,1,1,2
/media/ullmann/HDDGabriel/engines/UnrealEngine/Engine/Source/ThirdParty/Python3/Win64/include/cpython/object.h,1,0,1
/media/ullmann/HDDGabriel/engines/UnrealEngine/Engine/Source/ThirdParty/libPNG/libPNG-1.6.37/contrib/tools/cvtcolor.c,0,1,1
/media/ullmann/HDDGabriel/engines/UnrealEngine/Engine/Source/ThirdParty/libPNG/libPNG-1.6.37/arm/arm_init.c,0,1,1
/media/ullmann/HDDGabriel/engines/UnrealEngine/Engine/Source/ThirdParty/libOpus/opus-1.3.1-12/silk/NLSF_unpack.c,0,1,1
/media/ullmann/HDDGabriel/engines/UnrealEngine/Engine/Source/ThirdParty/libOpus/opus-1.3.1-12/celt/ecintrin.h,1,1,2
/media/ullmann/HDDGabriel/engines/UnrealEngine/Engine/Source/ThirdParty/nvTextureTools/nvTextureTools-2.0.8/src/src/nvtt/tools/imgdiff.cpp,0,1,1
/media/ullmann/HDDGabriel/engines/UnrealEngine/Engine/Source/Editor/Sequencer/Private/SequencerDisplayNodeDragDropOp.cpp,0,2,2
/media/ullmann/HDDGabriel/engines/UnrealEngine/Engine/Source/Editor/UMGEditor/Private/BlueprintModes/WidgetBlueprintApplicationModes.h,2,0,2
/media/ullmann/HDDGabriel/engines/UnrealEngine/Engine/Source/ThirdParty/FreeType2/FreeType2-2.6/Src/base/ftsnames.c,1,0,1
/media/ullmann/HDDGabriel/engines/UnrealEngine/Engine/Source/ThirdParty/ShaderConductor/ShaderConductor/External/DirectXShaderCompiler/tools/clang/tools/dxcompiler/dxcdisassembler.cpp,0,1,1
/media/ullmann/HDDGabriel/engines/UnrealEngine/Engine/Source/Editor/LevelEditor/Public/LevelEditorActions.h,0,1,1
/media/ullmann/HDDGabriel/engines/UnrealEngine/Engine/Source/Editor/LevelEditor/Public/LightmapResRatioAdjust.h,1,0,1
/media/ullmann/HDDGabriel/engines/UnrealEngine/Engine/Source/ThirdParty/PhysX3/PhysX_3.4/Source/SceneQuery/include/SqPruningStructure.h,1,0,1
/media/ullmann/HDDGabriel/engines/UnrealEngine/Engine/Source/ThirdParty/SDL2/SDL-gui-backend/src/sensor/windows/SDL_windowssensor.h,1,0,1
/media/ullmann/HDDGabriel/engines/UnrealEngine/Engine/Source/ThirdParty/Android/libunwind/libunwind/src/x86/Lget_save_loc.c,0,1,1
/media/ullmann/HDDGabriel/engines/UnrealEngine/Engine/Source/ThirdParty/Breakpad/src/google_breakpad/common/minidump_cpu_arm.h,1,0,1
/media/ullmann/HDDGabriel/engines/UnrealEngine/Engine/Source/ThirdParty/MCPP/mcpp-2.7.2/test-t/ifdef63.h,1,0,1
/media/ullmann/HDDGabriel/engines/UnrealEngine/Engine/Source/ThirdParty/ICU/icu4c-64_1/source/test/intltest/utxttest.cpp,0,1,1
/media/ullmann/HDDGabriel/engines/UnrealEngine/Engine/Source/ThirdParty/FreeImage/FreeImage-3.18.0/Source/LibOpenJPEG/image.c,0,1,1
/media/ullmann/HDDGabriel/engines/UnrealEngine/Engine/Source/Runtime/GeometryCore/Public/DynamicMesh/DynamicAttribute.h,0,1,1
/media/ullmann/HDDGabriel/engines/UnrealEngine/Engine/Source/Runtime/GeometryCore/Public/DynamicMesh/MeshIndexMappings.h,1,0,1
/media/ullmann/HDDGabriel/engines/UnrealEngine/Engine/Source/ThirdParty/FreeImage/FreeImage-3.18.0/Source/LibTIFF4/t4.h,1,0,1
/media/ullmann/HDDGabriel/engines/UnrealEngine/Engine/Source/ThirdParty/PhysX3/APEX_1.4/module/clothing_legacy/include/autogen/ClothingActorParam_0p12.h,1,0,1
/media/ullmann/HDDGabriel/engines/UnrealEngine/Engine/Source/Runtime/SymsLib/syms/core/base/syms_dev.h,1,0,1
/media/ullmann/HDDGabriel/engines/UnrealEngine/Engine/Source/ThirdParty/Intel/Embree/Embree270/Win64/include/embree2/rtcore_scene.h,1,0,1
/media/ullmann/HDDGabriel/engines/UnrealEngine/Engine/Source/ThirdParty/Android/libunwind/libunwind/src/x86/Lresume.c,0,1,1
/media/ullmann/HDDGabriel/engines/UnrealEngine/Engine/Source/Runtime/StorageServerClient/Private/StorageServerPlatformFile.h,1,0,1
/media/ullmann/HDDGabriel/engines/UnrealEngine/Engine/Source/ThirdParty/glslang/glslang/src/glslang_lib/glslang/Include/arrays.h,1,0,1
/media/ullmann/HDDGabriel/engines/UnrealEngine/Engine/Source/ThirdParty/nvTextureTools/nvTextureTools-2.0.8/src/src/nvtt/squish/colourblock.cpp,0,1,1
/media/ullmann/HDDGabriel/engines/UnrealEngine/Engine/Source/Developer/TraceInsights/Private/Insights/MemoryProfiler/Widgets/SMemTagTreeViewTableRow.cpp,0,1,1
/media/ullmann/HDDGabriel/engines/UnrealEngine/Engine/Source/Developer/TraceInsights/Private/Insights/MemoryProfiler/Widgets/SMemTagTreeViewTableRow.h,1,0,1
/media/ullmann/HDDGabriel/engines/UnrealEngine/Engine/Source/ThirdParty/PhysX3/PhysX_3.4/Source/GeomUtils/src/mesh/GuTriangle32.h,1,0,1
/media/ullmann/HDDGabriel/engines/UnrealEngine/Engine/Source/Editor/UMGEditor/Private/WidgetBlueprintEditorToolbar.cpp,0,2,2
/media/ullmann/HDDGabriel/engines/UnrealEngine/Engine/Source/Runtime/GeometryCore/Public/Generators/MinimalBoxMeshGenerator.h,0,1,1
/media/ullmann/HDDGabriel/engines/UnrealEngine/Engine/Source/ThirdParty/Crunch/src/crnlib/crn_find_files.h,1,0,1
/media/ullmann/HDDGabriel/engines/UnrealEngine/Engine/Source/ThirdParty/Intel/ISPC/ispc-1.17.0/examples/cpu/options/options_serial.cpp,0,1,1
/media/ullmann/HDDGabriel/engines/UnrealEngine/Engine/Source/Runtime/Messaging/Public/IMessageTracer.h,0,1,1
/media/ullmann/HDDGabriel/engines/UnrealEngine/Engine/Source/ThirdParty/DirectShow/DirectShow-1.0.0/src/Public/msgthrd.h,1,0,1
/media/ullmann/HDDGabriel/engines/UnrealEngine/Engine/Source/Developer/TraceServices/Private/Modules/StatsModule.cpp,0,1,1
/media/ullmann/HDDGabriel/engines/UnrealEngine/Engine/Source/ThirdParty/FontConfig/fontconfig-2.13.94/src/fcstr.c,0,1,1
/media/ullmann/HDDGabriel/engines/UnrealEngine/Engine/Source/Editor/GraphEditor/Private/KismetPins/SGraphPinEnum.h,1,0,1
/media/ullmann/HDDGabriel/engines/UnrealEngine/Engine/Source/ThirdParty/OpenVDB/openvdb-8.1.0/openvdb_maya/openvdb_maya/OpenVDBPlugin.cc,0,1,1
/media/ullmann/HDDGabriel/engines/UnrealEngine/Engine/Source/Runtime/Renderer/Private/PostProcess/PostProcessVisualizeCalibrationMaterial.h,1,0,1
/media/ullmann/HDDGabriel/engines/UnrealEngine/Engine/Source/ThirdParty/ShaderConductor/ShaderConductor/External/DirectXShaderCompiler/lib/Support/Windows/Program.inc,1,0,1
/media/ullmann/HDDGabriel/engines/UnrealEngine/Engine/Source/ThirdParty/FreeImage/FreeImage-3.18.0/Source/LibJXR/image/decode/strdec.c,0,1,1
/media/ullmann/HDDGabriel/engines/UnrealEngine/Engine/Source/ThirdParty/ICU/icu4c-53_1/source/test/cintltst/ncnvtst.c,0,1,1
/media/ullmann/HDDGabriel/engines/UnrealEngine/Engine/Source/ThirdParty/PLCrashReporter/PLCrashReporter/Source/PLCrashReport.pb-c.c,0,1,1
/media/ullmann/HDDGabriel/engines/UnrealEngine/Engine/Source/ThirdParty/PLCrashReporter/PLCrashReporter/Source/PLCrashReport.pb-c.h,1,0,1
/media/ullmann/HDDGabriel/engines/UnrealEngine/Engine/Source/Editor/FoliageEdit/Public/FoliageEditModule.h,1,0,1
/media/ullmann/HDDGabriel/engines/UnrealEngine/Engine/Source/ThirdParty/FBX/2020.2/include/fbxsdk/scene/fbxdocumentinfo.h,1,0,1
/media/ullmann/HDDGabriel/engines/UnrealEngine/Engine/Source/ThirdParty/llvm/8/include/llvm/BinaryFormat/ELFRelocs/RISCV.def,1,0,1
/media/ullmann/HDDGabriel/engines/UnrealEngine/Engine/Source/ThirdParty/ICU/icu4c-64_1/source/samples/uciter8/uciter8.c,0,1,1
/media/ullmann/HDDGabriel/engines/UnrealEngine/Engine/Source/ThirdParty/ICU/icu4c-64_1/source/samples/uciter8/uit_len8.h,1,0,1
/media/ullmann/HDDGabriel/engines/UnrealEngine/Engine/Source/ThirdParty/WebRTC/4147/Include/third_party/opus/src/celt/mips/kiss_fft_mipsr1.h,1,0,1
/media/ullmann/HDDGabriel/engines/UnrealEngine/Engine/Source/Editor/TextureEditor/Private/Widgets/STextureEditorViewport.h,1,0,1
/media/ullmann/HDDGabriel/engines/UnrealEngine/Engine/Source/ThirdParty/openexr/openexr-3.1.1/src/lib/OpenEXRUtil/ImfCheckFile.cpp,0,1,1
/media/ullmann/HDDGabriel/engines/UnrealEngine/Engine/Source/Runtime/Json/Public/Dom/JsonValue.h,1,0,1
/media/ullmann/HDDGabriel/engines/UnrealEngine/Engine/Source/ThirdParty/ShaderConductor/ShaderConductor/External/DirectXShaderCompiler/tools/clang/tools/dxrfallbackcompiler/DXCompiler.cpp,0,1,1
/media/ullmann/HDDGabriel/engines/UnrealEngine/Engine/Source/ThirdParty/DirectShow/DirectShow-1.0.0/src/Public/fourcc.h,1,0,1
/media/ullmann/HDDGabriel/engines/UnrealEngine/Engine/Source/Editor/DetailCustomizations/Private/MarginCustomization.cpp,0,1,1
/media/ullmann/HDDGabriel/engines/UnrealEngine/Engine/Source/ThirdParty/Intel/TBB/IntelTBB-2019u8/src/test/test_mutex_native_threads.cpp,0,1,1
/media/ullmann/HDDGabriel/engines/UnrealEngine/Engine/Source/ThirdParty/Android/libunwind/libunwind/src/ppc64/Lglobal.c,0,1,1
/media/ullmann/HDDGabriel/engines/UnrealEngine/Engine/Source/Developer/TraceInsights/Private/Insights/ContextSwitches/ContextSwitchesProfilerManager.cpp,0,1,1
/media/ullmann/HDDGabriel/engines/UnrealEngine/Engine/Source/Developer/TraceInsights/Private/Insights/ContextSwitches/ContextSwitchesProfilerManager.h,1,0,1
/media/ullmann/HDDGabriel/engines/UnrealEngine/Engine/Source/ThirdParty/ICU/icu4c-64_1/source/i18n/esctrn.cpp,0,1,1
/media/ullmann/HDDGabriel/engines/UnrealEngine/Engine/Source/ThirdParty/FreeImage/FreeImage-3.18.0/Source/LibOpenJPEG/opj_codec.h,1,0,1
/media/ullmann/HDDGabriel/engines/UnrealEngine/Engine/Source/ThirdParty/WebRTC/4147/Include/tools/clang/blink_gc_plugin/TracingStatus.h,1,0,1
/media/ullmann/HDDGabriel/engines/UnrealEngine/Engine/Source/Runtime/MRMesh/Public/MRMeshComponent.h,0,1,1
/media/ullmann/HDDGabriel/engines/UnrealEngine/Engine/Source/Runtime/MRMesh/Public/MRMeshBufferDefines.h,1,0,1
/media/ullmann/HDDGabriel/engines/UnrealEngine/Engine/Source/ThirdParty/ICU/icu4c-64_1/source/test/cintltst/putiltst.c,0,1,1
/media/ullmann/HDDGabriel/engines/UnrealEngine/Engine/Source/ThirdParty/Python3/Win64/include/cpython/fileutils.h,1,0,1
/media/ullmann/HDDGabriel/engines/UnrealEngine/Engine/Source/ThirdParty/libPNG/libPNG-1.5.27/contrib/gregbook/readpng2.c,0,1,1
/media/ullmann/HDDGabriel/engines/UnrealEngine/Engine/Source/ThirdParty/libPNG/libPNG-1.5.2/pngrio.c,0,1,1
/media/ullmann/HDDGabriel/engines/UnrealEngine/Engine/Source/ThirdParty/MCPP/mcpp-2.7.2/cpp-test/test-t/unbal2.h,1,0,1
/media/ullmann/HDDGabriel/engines/UnrealEngine/Engine/Source/ThirdParty/Imath/Imath-3.1.3/src/ImathTest/testBox.cpp,0,1,1
/media/ullmann/HDDGabriel/engines/UnrealEngine/Engine/Source/ThirdParty/Python3/Linux/include/python3.9/complexobject.h,1,0,1
/media/ullmann/HDDGabriel/engines/UnrealEngine/Engine/Source/Editor/Sequencer/Private/SSequencerSectionOverlay.cpp,0,1,1
/media/ullmann/HDDGabriel/engines/UnrealEngine/Engine/Source/Editor/Sequencer/Private/SSequencerSectionOverlay.h,2,0,2
/media/ullmann/HDDGabriel/engines/UnrealEngine/Engine/Source/ThirdParty/Python3/Linux/include/python3.9/pystrtod.h,1,0,1
/media/ullmann/HDDGabriel/engines/UnrealEngine/Engine/Source/ThirdParty/rpclib/Source/include/rpc/msgpack/adaptor/raw.hpp,1,0,1
/media/ullmann/HDDGabriel/engines/UnrealEngine/Engine/Source/ThirdParty/libPhonon/phonon_api/include/phonon.h,0,1,1
/media/ullmann/HDDGabriel/engines/UnrealEngine/Engine/Source/ThirdParty/libPhonon/phonon_api/include/phonon_version.h,1,0,1
/media/ullmann/HDDGabriel/engines/UnrealEngine/Engine/Source/Runtime/Engine/Private/VT/VirtualTextureBuiltData.cpp,0,1,1
/media/ullmann/HDDGabriel/engines/UnrealEngine/Engine/Source/ThirdParty/OpenVDB/openvdb-8.1.0/openvdb/openvdb/unittest/TestNodeManager.cc,0,1,1
/media/ullmann/HDDGabriel/engines/UnrealEngine/Engine/Source/ThirdParty/ICU/icu4c-64_1/source/i18n/rematch.cpp,0,4,4
/media/ullmann/HDDGabriel/engines/UnrealEngine/Engine/Source/ThirdParty/PhysX3/PhysX_3.4/Source/PhysX/src/NpSceneQueries.h,2,1,3
/media/ullmann/HDDGabriel/engines/UnrealEngine/Engine/Source/Runtime/Renderer/Private/Nanite/NaniteDrawList.cpp,0,1,1
/media/ullmann/HDDGabriel/engines/UnrealEngine/Engine/Source/Runtime/ImageWriteQueue/Public/ImageWriteBlueprintLibrary.h,0,1,1
/media/ullmann/HDDGabriel/engines/UnrealEngine/Engine/Source/Runtime/ImageWriteQueue/Public/ImageWriteTypes.h,1,0,1
/media/ullmann/HDDGabriel/engines/UnrealEngine/Engine/Source/ThirdParty/MCPP/mcpp-2.7.2/test-c/m_33_sjis.c,0,1,1
/media/ullmann/HDDGabriel/engines/UnrealEngine/Engine/Source/ThirdParty/PhysX3/APEX_1.4/module/clothing/include/ClothingRenderProxyImpl.h,1,0,1
/media/ullmann/HDDGabriel/engines/UnrealEngine/Engine/Source/ThirdParty/ICU/icu4c-53_1/source/i18n/toupptrn.cpp,0,1,1
/media/ullmann/HDDGabriel/engines/UnrealEngine/Engine/Source/ThirdParty/WebRTC/4147/Include/base/file_version_info.h,0,1,1
/media/ullmann/HDDGabriel/engines/UnrealEngine/Engine/Source/ThirdParty/ShaderConductor/ShaderConductor/External/DirectXShaderCompiler/tools/clang/tools/dxrfallbackcompiler/dxillib.cpp,0,1,1
/media/ullmann/HDDGabriel/engines/UnrealEngine/Engine/Source/ThirdParty/SDL2/SDL-gui-backend/include/SDL_opengles2_gl2ext.h,1,0,1
/media/ullmann/HDDGabriel/engines/UnrealEngine/Engine/Source/ThirdParty/libOpus/opus-1.1/tests/test_opus_padding.c,0,1,1
/media/ullmann/HDDGabriel/engines/UnrealEngine/Engine/Source/Developer/StandaloneRenderer/Private/Windows/D3D/SlateD3DTextureManager.h,1,1,2
/media/ullmann/HDDGabriel/engines/UnrealEngine/Engine/Source/Developer/StandaloneRenderer/Private/Windows/D3D/SlateD3DTextures.h,1,0,1
/media/ullmann/HDDGabriel/engines/UnrealEngine/Engine/Source/ThirdParty/FreeType2/FreeType2-2.10.4/src/type42/t42drivr.h,1,0,1
/media/ullmann/HDDGabriel/engines/UnrealEngine/Engine/Source/ThirdParty/OpenSubdiv/OpenSubdiv-3.4.4/regression/shapes/catmark_pole8.h,1,0,1
/media/ullmann/HDDGabriel/engines/UnrealEngine/Engine/Source/Editor/GraphEditor/Private/MaterialNodes/SGraphNodeMaterialComment.h,1,0,1
/media/ullmann/HDDGabriel/engines/UnrealEngine/Engine/Source/ThirdParty/PhysX3/APEX_1.4/shared/general/meshimport/include/MeshImport/MeshImport.cpp,0,1,1
/media/ullmann/HDDGabriel/engines/UnrealEngine/Engine/Source/ThirdParty/ShaderConductor/ShaderConductor/External/DirectXShaderCompiler/lib/CodeGen/VirtRegMap.cpp,0,1,1
/media/ullmann/HDDGabriel/engines/UnrealEngine/Engine/Source/ThirdParty/Intel/TBB/IntelTBB-2019u8/src/rml/test/test_rml_tbb.cpp,0,1,1
/media/ullmann/HDDGabriel/engines/UnrealEngine/Engine/Source/ThirdParty/FreeImage/FreeImage-3.18.0/Source/OpenEXR/IlmImf/ImfIO.cpp,0,2,2
/media/ullmann/HDDGabriel/engines/UnrealEngine/Engine/Source/ThirdParty/libOpus/opus-1.0.3/silk/tables_pulses_per_block.c,0,1,1
/media/ullmann/HDDGabriel/engines/UnrealEngine/Engine/Source/Runtime/AudioMixer/Public/AudioMixerDevice.h,0,1,1
/media/ullmann/HDDGabriel/engines/UnrealEngine/Engine/Source/Runtime/AudioMixer/Public/Quartz/AudioMixerClockManager.h,1,1,2
/media/ullmann/HDDGabriel/engines/UnrealEngine/Engine/Source/Runtime/MovieSceneTracks/Public/MovieSceneTracksComponentTypes.h,0,1,1
/media/ullmann/HDDGabriel/engines/UnrealEngine/Engine/Source/Runtime/MovieSceneTracks/Public/MovieSceneTracksPropertyTypes.h,1,0,1
/media/ullmann/HDDGabriel/engines/UnrealEngine/Engine/Source/ThirdParty/FreeImage/FreeImage-3.18.0/Source/LibJXR/image/encode/strFwdTransform.c,0,1,1
/media/ullmann/HDDGabriel/engines/UnrealEngine/Engine/Source/ThirdParty/libOpus/opus-1.3.1-12/silk/fixed/structs_FIX.h,1,0,1
/media/ullmann/HDDGabriel/engines/UnrealEngine/Engine/Source/ThirdParty/Boost/boost-1_70_0/include/boost/multi_index_container.hpp,0,1,1
/media/ullmann/HDDGabriel/engines/UnrealEngine/Engine/Source/Runtime/Engine/Classes/Sound/SoundEffectPreset.h,0,1,1
/media/ullmann/HDDGabriel/engines/UnrealEngine/Engine/Source/Runtime/Engine/Classes/Sound/SoundEffectBase.h,1,0,1
/media/ullmann/HDDGabriel/engines/UnrealEngine/Engine/Source/ThirdParty/Intel/Embree/Embree2140/src/common/simd/vboolf8_avx512.h,1,0,1
/media/ullmann/HDDGabriel/engines/UnrealEngine/Engine/Source/ThirdParty/ShaderConductor/ShaderConductor/External/DirectXShaderCompiler/lib/IR/Type.cpp,0,1,1
/media/ullmann/HDDGabriel/engines/UnrealEngine/Engine/Source/ThirdParty/PhysX3/PhysX_3.4/Source/PhysX/src/particles/NpParticleFluid.cpp,0,1,1
/media/ullmann/HDDGabriel/engines/UnrealEngine/Engine/Source/ThirdParty/WebRTC/4147/Include/rtc_base/async_tcp_socket.h,0,1,1
/media/ullmann/HDDGabriel/engines/UnrealEngine/Engine/Source/Runtime/Core/Public/Serialization/StructuredArchive.h,0,1,1
/media/ullmann/HDDGabriel/engines/UnrealEngine/Engine/Source/Runtime/Core/Public/Serialization/Formatters/BinaryArchiveFormatter.h,1,0,1
/media/ullmann/HDDGabriel/engines/UnrealEngine/Engine/Source/ThirdParty/SDL2/SDL-gui-backend/src/thread/generic/SDL_systhread.c,0,2,2
/media/ullmann/HDDGabriel/engines/UnrealEngine/Engine/Source/Editor/AnimGraph/Public/AnimGraphNode_Constraint.h,0,1,1
/media/ullmann/HDDGabriel/engines/UnrealEngine/Engine/Source/ThirdParty/OpenSubdiv/OpenSubdiv-3.4.4/regression/shapes/catmark_single_crease.h,1,0,1
/media/ullmann/HDDGabriel/engines/UnrealEngine/Engine/Source/ThirdParty/PhysX3/PxShared/src/foundation/include/unix/PsUnixFPU.h,1,0,1
/media/ullmann/HDDGabriel/engines/UnrealEngine/Engine/Source/ThirdParty/PhysX3/PhysX_3.4/Source/PhysX/src/NpPvdSceneQueryCollector.cpp,0,1,1
/media/ullmann/HDDGabriel/engines/UnrealEngine/Engine/Source/Runtime/Online/BuildPatchServices/Private/Generation/BuildStreamer.h,1,0,1
/media/ullmann/HDDGabriel/engines/UnrealEngine/Engine/Source/ThirdParty/FakeIt/2.0.2/tests/gcc_type_info_tests.cpp,0,1,1
/media/ullmann/HDDGabriel/engines/UnrealEngine/Engine/Source/ThirdParty/ICU/icu4c-64_1/source/test/intltest/plurults.cpp,0,1,1
/media/ullmann/HDDGabriel/engines/UnrealEngine/Engine/Source/ThirdParty/zlib/zlib-1.2.5/Src/zconf.h,1,0,1
/media/ullmann/HDDGabriel/engines/UnrealEngine/Engine/Source/ThirdParty/Android/libunwind/libunwind/src/setjmp/longjmp.c,0,1,1
/media/ullmann/HDDGabriel/engines/UnrealEngine/Engine/Source/Runtime/TraceLog/Public/Trace/Detail/Protocols/Protocol0.h,1,0,1
/media/ullmann/HDDGabriel/engines/UnrealEngine/Engine/Source/ThirdParty/FBX/2020.2/include/fbxsdk/scene/geometry/fbxnode.h,1,0,1
/media/ullmann/HDDGabriel/engines/UnrealEngine/Engine/Source/Runtime/RHI/Public/RHICommandList.h,1,1,2
/media/ullmann/HDDGabriel/engines/UnrealEngine/Engine/Source/ThirdParty/libcurl/include/Android/ARM64/curl/easy.h,1,0,1
/media/ullmann/HDDGabriel/engines/UnrealEngine/Engine/Source/ThirdParty/ICU/icu4c-53_1/source/extra/scrptrun/scrptrun.cpp,0,1,1
/media/ullmann/HDDGabriel/engines/UnrealEngine/Engine/Source/ThirdParty/ICU/icu4c-53_1/source/extra/scrptrun/scrptrun.h,2,0,2
/media/ullmann/HDDGabriel/engines/UnrealEngine/Engine/Source/Editor/MaterialEditor/Public/FindInMaterial.h,0,1,1
/media/ullmann/HDDGabriel/engines/UnrealEngine/Engine/Source/Runtime/Engine/Classes/Components/RuntimeVirtualTextureComponent.h,0,1,1
/media/ullmann/HDDGabriel/engines/UnrealEngine/Engine/Source/Runtime/Engine/Classes/Components/SceneComponent.h,1,0,1
/media/ullmann/HDDGabriel/engines/UnrealEngine/Engine/Source/ThirdParty/ShaderConductor/ShaderConductor/External/DirectXShaderCompiler/utils/TableGen/AsmMatcherEmitter.cpp,0,1,1
/media/ullmann/HDDGabriel/engines/UnrealEngine/Engine/Source/Developer/AssetTools/Private/AssetTypeActions/AssetTypeActions_FontFace.h,1,0,1
/media/ullmann/HDDGabriel/engines/UnrealEngine/Engine/Source/Runtime/Engine/Public/Rendering/SkyAtmosphereCommonData.cpp,0,1,1
/media/ullmann/HDDGabriel/engines/UnrealEngine/Engine/Source/Editor/WorldBrowser/Private/LevelFolders.cpp,0,1,1
/media/ullmann/HDDGabriel/engines/UnrealEngine/Engine/Source/Developer/ProjectLauncher/Private/Widgets/Deploy/SProjectLauncherSimpleDeviceListView.cpp,0,1,1
/media/ullmann/HDDGabriel/engines/UnrealEngine/Engine/Source/Developer/ProjectLauncher/Private/Widgets/Deploy/SProjectLauncherSimpleDeviceListView.h,1,0,1
/media/ullmann/HDDGabriel/engines/UnrealEngine/Engine/Source/ThirdParty/MCPP/mcpp-2.7.2/test-c/n_30.c,0,1,1
/media/ullmann/HDDGabriel/engines/UnrealEngine/Engine/Source/Developer/VulkanShaderFormat/Private/VulkanGlslangBridge.cpp,0,1,1
/media/ullmann/HDDGabriel/engines/UnrealEngine/Engine/Source/Editor/CurveEditor/Public/SCurveKeyDetailPanel.h,0,1,1
/media/ullmann/HDDGabriel/engines/UnrealEngine/Engine/Source/ThirdParty/FreeImage/FreeImage-3.18.0/Source/OpenEXR/IlmImf/ImfBoxAttribute.cpp,0,1,1
/media/ullmann/HDDGabriel/engines/UnrealEngine/Engine/Source/Runtime/HeadMountedDisplay/Public/XRAssetFunctionLibrary.h,0,1,1
/media/ullmann/HDDGabriel/engines/UnrealEngine/Engine/Source/ThirdParty/Python3/Win64/include/pylifecycle.h,1,1,2
/media/ullmann/HDDGabriel/engines/UnrealEngine/Engine/Source/Editor/BlueprintGraph/Classes/K2Node_AsyncAction.h,0,1,1
/media/ullmann/HDDGabriel/engines/UnrealEngine/Engine/Source/Editor/UMGEditor/Private/Library/SLibraryView.cpp,0,1,1
/media/ullmann/HDDGabriel/engines/UnrealEngine/Engine/Source/Editor/UMGEditor/Private/Library/SLibraryView.h,1,0,1
/media/ullmann/HDDGabriel/engines/UnrealEngine/Engine/Source/ThirdParty/EOSSDK/SDK/Include/eos_achievements.h,0,1,1
/media/ullmann/HDDGabriel/engines/UnrealEngine/Engine/Source/ThirdParty/PhysX3/APEX_1.4/include/Lock.h,0,1,1
/media/ullmann/HDDGabriel/engines/UnrealEngine/Engine/Source/ThirdParty/ICU/icu4c-53_1/source/test/intltest/tzoffloc.cpp,0,1,1
/media/ullmann/HDDGabriel/engines/UnrealEngine/Engine/Source/ThirdParty/rpclib/Source/include/rpc/msgpack/adaptor/bool.hpp,1,0,1
/media/ullmann/HDDGabriel/engines/UnrealEngine/Engine/Source/Editor/UnrealEd/Private/Cooker/NetworkFileCookOnTheFlyRequestManager.cpp,0,1,1
/media/ullmann/HDDGabriel/engines/UnrealEngine/Engine/Source/ThirdParty/PhysX3/PhysX_3.4/Include/extensions/PxShapeExt.h,1,0,1
/media/ullmann/HDDGabriel/engines/UnrealEngine/Engine/Source/ThirdParty/WebRTC/4147/Include/third_party/libjpeg/jpegint.h,1,0,1
/media/ullmann/HDDGabriel/engines/UnrealEngine/Engine/Source/Developer/Windows/LiveCodingServer/Private/External/LC_DiaVariant.cpp,0,1,1
/media/ullmann/HDDGabriel/engines/UnrealEngine/Engine/Source/Editor/AnimGraph/Public/AnimGraphNode_TwoWayBlend.h,0,1,1
/media/ullmann/HDDGabriel/engines/UnrealEngine/Engine/Source/ThirdParty/libcurl/include/Android/x86/curl/mprintf.h,0,1,1
/media/ullmann/HDDGabriel/engines/UnrealEngine/Engine/Source/ThirdParty/OpenVDB/openvdb-8.1.0/openvdb/openvdb/points/AttributeGroup.cc,0,1,1
/media/ullmann/HDDGabriel/engines/UnrealEngine/Engine/Source/Runtime/Android/AudioMixerAndroid/Private/AudioMixerPlatformAndroid.cpp,0,1,1
/media/ullmann/HDDGabriel/engines/UnrealEngine/Engine/Source/ThirdParty/ICU/icu4c-53_1/source/test/perf/convperf/data.h,1,0,1
/media/ullmann/HDDGabriel/engines/UnrealEngine/Engine/Source/Editor/Kismet/Public/MyBlueprintItemDragDropAction.h,1,1,2
/media/ullmann/HDDGabriel/engines/UnrealEngine/Engine/Source/ThirdParty/PhysX3/PhysX_3.4/Source/LowLevelDynamics/include/DyConstraint.h,0,1,1
/media/ullmann/HDDGabriel/engines/UnrealEngine/Engine/Source/ThirdParty/PhysX3/PxShared/src/foundation/include/unix/sse2/PsUnixSse2AoS.h,1,0,1
/media/ullmann/HDDGabriel/engines/UnrealEngine/Engine/Source/ThirdParty/PhysX3/NvCloth/src/NvSimd/scalar/NvScalarSimd4i.h,1,0,1
/media/ullmann/HDDGabriel/engines/UnrealEngine/Engine/Source/ThirdParty/zlib/zlib-1.2.5/Src/examples/gzlog.c,0,1,1
/media/ullmann/HDDGabriel/engines/UnrealEngine/Engine/Source/ThirdParty/zlib/zlib-1.2.5/Src/examples/gzlog.h,1,0,1
/media/ullmann/HDDGabriel/engines/UnrealEngine/Engine/Source/ThirdParty/FBX/2020.2/include/fbxsdk/scene/geometry/fbxlight.h,1,0,1
/media/ullmann/HDDGabriel/engines/UnrealEngine/Engine/Source/ThirdParty/FreeImage/FreeImage-3.18.0/Source/LibJPEG/wrtarga.c,0,1,1
/media/ullmann/HDDGabriel/engines/UnrealEngine/Engine/Source/ThirdParty/Intel/Embree/Embree270/src/kernels/xeon/builders/primrefgen.avx.cpp,0,1,1
/media/ullmann/HDDGabriel/engines/UnrealEngine/Engine/Source/Editor/BlueprintGraph/Public/BlueprintGraphDefinitions.h,0,1,1
/media/ullmann/HDDGabriel/engines/UnrealEngine/Engine/Source/ThirdParty/SDL2/SDL-gui-backend/include/SDL_opengles2_gl2platform.h,1,0,1
/media/ullmann/HDDGabriel/engines/UnrealEngine/Engine/Source/ThirdParty/libOpus/opus-1.1/silk/NLSF_del_dec_quant.c,0,1,1
/media/ullmann/HDDGabriel/engines/UnrealEngine/Engine/Source/Editor/UMGEditor/Private/Navigation/SWidgetDesignerNavigation.h,1,0,1
/media/ullmann/HDDGabriel/engines/UnrealEngine/Engine/Source/ThirdParty/ShaderConductor/ShaderConductor/External/DirectXShaderCompiler/lib/ExecutionEngine/Interpreter/Interpreter.cpp,0,1,1
/media/ullmann/HDDGabriel/engines/UnrealEngine/Engine/Source/Runtime/UMG/Public/Components/Button.h,1,0,1
/media/ullmann/HDDGabriel/engines/UnrealEngine/Engine/Source/ThirdParty/PhysX3/PhysX_3.4/Source/Common/src/CmTmpMem.h,0,1,1
/media/ullmann/HDDGabriel/engines/UnrealEngine/Engine/Source/ThirdParty/PhysX3/PhysX_3.4/Source/SimulationController/src/ScShapeCore.cpp,0,1,1
/media/ullmann/HDDGabriel/engines/UnrealEngine/Engine/Source/Developer/TraceInsights/Private/Insights/ContextSwitches/ViewModels/ContextSwitchesSharedState.cpp,0,1,1
/media/ullmann/HDDGabriel/engines/UnrealEngine/Engine/Source/Developer/TraceInsights/Private/Insights/ContextSwitches/ViewModels/ContextSwitchesSharedState.h,1,0,1
/media/ullmann/HDDGabriel/engines/UnrealEngine/Engine/Source/ThirdParty/Android/libunwind/libunwind/src/ppc64/regname.c,0,1,1
/media/ullmann/HDDGabriel/engines/UnrealEngine/Engine/Source/ThirdParty/PhysX3/Externals/nvToolsExt/1/include/nvToolsExtOpenCL.h,0,1,1
/media/ullmann/HDDGabriel/engines/UnrealEngine/Engine/Source/Programs/Enterprise/Datasmith/DatasmithMaxExporter/Private/DatasmithMaxScanline.cpp,0,1,1
/media/ullmann/HDDGabriel/engines/UnrealEngine/Engine/Source/ThirdParty/SDL2/SDL-gui-backend/src/power/psp/SDL_syspower.c,0,1,1
/media/ullmann/HDDGabriel/engines/UnrealEngine/Engine/Source/ThirdParty/ShaderConductor/ShaderConductor/External/DirectXShaderCompiler/include/llvm/DebugInfo/PDB/PDB.h,0,1,1
/media/ullmann/HDDGabriel/engines/UnrealEngine/Engine/Source/Editor/DataTableEditor/Private/SCompositeRowEditor.cpp,0,1,1
/media/ullmann/HDDGabriel/engines/UnrealEngine/Engine/Source/ThirdParty/Android/libunwind/libunwind/src/aarch64/Lglobal.c,0,1,1
/media/ullmann/HDDGabriel/engines/UnrealEngine/Engine/Source/ThirdParty/ShaderConductor/ShaderConductor/External/DirectXShaderCompiler/tools/clang/lib/Serialization/ASTWriter.cpp,0,1,1
/media/ullmann/HDDGabriel/engines/UnrealEngine/Engine/Source/ThirdParty/PhysX3/APEX_1.4/module/clothing_legacy/include/autogen/ClothingAssetParameters_0p14.h,1,0,1
/media/ullmann/HDDGabriel/engines/UnrealEngine/Engine/Source/Runtime/Apple/AGXRHI/Private/Mac/MacPlatformAGXConfig.cpp,0,1,1
/media/ullmann/HDDGabriel/engines/UnrealEngine/Engine/Source/Runtime/Apple/AGXRHI/Private/Mac/MacPlatformAGXConfig.h,1,0,1
/media/ullmann/HDDGabriel/engines/UnrealEngine/Engine/Source/ThirdParty/PhysX3/PhysX_3.4/Source/SceneQuery/src/SqBounds.cpp,0,1,1
/media/ullmann/HDDGabriel/engines/UnrealEngine/Engine/Source/Editor/UnrealEd/Private/DerivedDataBuildLocalExecutor.cpp,0,1,1
/media/ullmann/HDDGabriel/engines/UnrealEngine/Engine/Source/Runtime/Core/Public/IO/PackageStore.h,0,1,1
/media/ullmann/HDDGabriel/engines/UnrealEngine/Engine/Source/Runtime/Core/Public/IO/PackageId.h,1,0,1
/media/ullmann/HDDGabriel/engines/UnrealEngine/Engine/Source/ThirdParty/ShaderConductor/ShaderConductor/External/DirectXShaderCompiler/tools/clang/unittests/HLSL/HLSLTestOptions.cpp,0,1,1
/media/ullmann/HDDGabriel/engines/UnrealEngine/Engine/Source/ThirdParty/MCPP/mcpp-2.7.2/cpp-test/test-l/nest21.h,1,1,2
/media/ullmann/HDDGabriel/engines/UnrealEngine/Engine/Source/ThirdParty/libOpus/opus-1.3.1-12/silk/float/autocorrelation_FLP.c,0,1,1
/media/ullmann/HDDGabriel/engines/UnrealEngine/Engine/Source/Editor/Layers/Private/ActorsAssignedToSpecificLayersFilter.h,1,0,1
/media/ullmann/HDDGabriel/engines/UnrealEngine/Engine/Source/Runtime/SlateCore/Public/Textures/SlateUpdatableTexture.h,1,0,1
/media/ullmann/HDDGabriel/engines/UnrealEngine/Engine/Source/Developer/TraceInsights/Private/Insights/StoreService/DiagnosticsSessionAnalyzer.cpp,0,1,1
/media/ullmann/HDDGabriel/engines/UnrealEngine/Engine/Source/Developer/TraceInsights/Private/Insights/StoreService/DiagnosticsSessionAnalyzer.h,1,0,1
/media/ullmann/HDDGabriel/engines/UnrealEngine/Engine/Source/ThirdParty/ICU/icu4c-53_1/source/tools/toolutil/ppucd.h,1,0,1
/media/ullmann/HDDGabriel/engines/UnrealEngine/Engine/Source/ThirdParty/libPNG/libPNG-1.5.2/pngread.c,0,1,1
/media/ullmann/HDDGabriel/engines/UnrealEngine/Engine/Source/Runtime/GeometryCore/Public/TransformSequence.h,0,1,1
/media/ullmann/HDDGabriel/engines/UnrealEngine/Engine/Source/ThirdParty/FreeType2/FreeType2-2.10.0/src/psnames/psnamerr.h,1,0,1
/media/ullmann/HDDGabriel/engines/UnrealEngine/Engine/Source/ThirdParty/ICU/icu4c-53_1/source/test/intltest/convtest.cpp,0,1,1
/media/ullmann/HDDGabriel/engines/UnrealEngine/Engine/Source/Editor/SkeletalMeshEditor/Private/SSkeletalMeshEditorToolbox.cpp,0,1,1
/media/ullmann/HDDGabriel/engines/UnrealEngine/Engine/Source/Editor/SkeletalMeshEditor/Private/SSkeletalMeshEditorToolbox.h,2,0,2
/media/ullmann/HDDGabriel/engines/UnrealEngine/Engine/Source/Editor/AudioEditor/Private/SGraphNodeSoundBase.cpp,0,1,1
/media/ullmann/HDDGabriel/engines/UnrealEngine/Engine/Source/Developer/AnimationDataController/Private/AnimDataController.cpp,0,1,1
/media/ullmann/HDDGabriel/engines/UnrealEngine/Engine/Source/ThirdParty/FontConfig/fontconfig-2.13.94/src/fcdbg.c,0,1,1
/media/ullmann/HDDGabriel/engines/UnrealEngine/Engine/Source/ThirdParty/PhysX3/PhysX_3.4/Source/PhysXExtensions/src/serialization/Binary/SnConvX_Convert.cpp,0,1,1
/media/ullmann/HDDGabriel/engines/UnrealEngine/Engine/Source/ThirdParty/Intel/Embree/Embree2140/MacOSX/include/embree2/rtcore_ray.h,0,1,1
/media/ullmann/HDDGabriel/engines/UnrealEngine/Engine/Source/Runtime/Experimental/ChaosSolverEngine/Public/Chaos/ChaosNotifyHandlerInterface.h,1,0,1
/media/ullmann/HDDGabriel/engines/UnrealEngine/Engine/Source/ThirdParty/Intel/TBB/IntelTBB-2019u8/src/test/test_source_node.cpp,0,2,2
/media/ullmann/HDDGabriel/engines/UnrealEngine/Engine/Source/ThirdParty/NVIDIA/GPUDirect/include/dvpapi_vulkan.h,0,1,1
/media/ullmann/HDDGabriel/engines/UnrealEngine/Engine/Source/ThirdParty/OpenSubdiv/OpenSubdiv-3.4.4/regression/shapes/loop_triangle_edgeonly.h,2,0,2
/media/ullmann/HDDGabriel/engines/UnrealEngine/Engine/Source/ThirdParty/Intel/TBB/IntelTBB-2019u8/examples/graph/stereo/utils.h,1,1,2
/media/ullmann/HDDGabriel/engines/UnrealEngine/Engine/Source/ThirdParty/FreeImage/FreeImage-3.18.0/Source/OpenEXR/IlmImf/ImfLut.cpp,0,2,2
/media/ullmann/HDDGabriel/engines/UnrealEngine/Engine/Source/Runtime/Core/Public/Misc/TimeGuard.h,1,0,1
/media/ullmann/HDDGabriel/engines/UnrealEngine/Engine/Source/Runtime/UMG/Public/Components/Border.h,1,0,1
/media/ullmann/HDDGabriel/engines/UnrealEngine/Engine/Source/ThirdParty/PhysX3/PhysX_3.4/Source/GeomUtils/src/sweep/GuSweepBoxSphere.cpp,0,1,1
/media/ullmann/HDDGabriel/engines/UnrealEngine/Engine/Source/ThirdParty/PhysX3/PhysX_3.4/Source/GeomUtils/src/sweep/GuSweepBoxSphere.h,1,0,1
/media/ullmann/HDDGabriel/engines/UnrealEngine/Engine/Source/Runtime/Foliage/Public/ProceduralFoliageComponent.h,0,1,1
/media/ullmann/HDDGabriel/engines/UnrealEngine/Engine/Source/ThirdParty/PhysX3/APEX_1.4/module/destructible/include/DestructiblePreviewProxy.h,0,1,1
/media/ullmann/HDDGabriel/engines/UnrealEngine/Engine/Source/ThirdParty/PhysX3/APEX_1.4/module/destructible/include/DestructiblePreviewImpl.h,1,0,1
/media/ullmann/HDDGabriel/engines/UnrealEngine/Engine/Source/Programs/UnrealHeaderTool/Resources/UHTDebugging/TestObjectSerializers.h,0,1,1
/media/ullmann/HDDGabriel/engines/UnrealEngine/Engine/Source/ThirdParty/Perforce/p4api-2015.2/include/p4/handler.h,1,0,1
/media/ullmann/HDDGabriel/engines/UnrealEngine/Engine/Source/Runtime/ImageWrapper/Private/Formats/IcnsImageWrapper.h,2,0,2
/media/ullmann/HDDGabriel/engines/UnrealEngine/Engine/Source/ThirdParty/ShaderConductor/ShaderConductor/External/DirectXShaderCompiler/include/dxc/DXIL/DxilSigPoint.h,0,1,1
/media/ullmann/HDDGabriel/engines/UnrealEngine/Engine/Source/ThirdParty/EOSSDK/SDK/Bin/IOS/EOSSDK.framework/Headers/eos_ui.h,0,1,1
/media/ullmann/HDDGabriel/engines/UnrealEngine/Engine/Source/ThirdParty/Android/libunwind/libunwind/src/ia64/Lget_proc_info.c,0,1,1
/media/ullmann/HDDGabriel/engines/UnrealEngine/Engine/Source/Editor/SequenceRecorder/Public/SequenceRecorderActorFilter.h,1,0,1
/media/ullmann/HDDGabriel/engines/UnrealEngine/Engine/Source/ThirdParty/PhysX3/NvCloth/samples/SampleBase/Main.cpp,0,1,1
/media/ullmann/HDDGabriel/engines/UnrealEngine/Engine/Source/ThirdParty/PhysX3/NvCloth/samples/SampleBase/Sample.h,1,0,1
/media/ullmann/HDDGabriel/engines/UnrealEngine/Engine/Source/ThirdParty/ShaderConductor/ShaderConductor/External/DirectXShaderCompiler/lib/Transforms/InstCombine/InstCombineCompares.cpp,0,1,1
/media/ullmann/HDDGabriel/engines/UnrealEngine/Engine/Source/Runtime/Core/Private/Misc/ConfigManifest.cpp,0,1,1
/media/ullmann/HDDGabriel/engines/UnrealEngine/Engine/Source/ThirdParty/Python3/Linux/include/python3.9/pymacconfig.h,1,0,1
/media/ullmann/HDDGabriel/engines/UnrealEngine/Engine/Source/ThirdParty/ShaderConductor/ShaderConductor/External/DirectXShaderCompiler/tools/clang/lib/StaticAnalyzer/Checkers/ClangCheckers.cpp,0,1,1
/media/ullmann/HDDGabriel/engines/UnrealEngine/Engine/Source/ThirdParty/PhysX3/PhysX_3.4/Include/characterkinematic/PxCharacter.h,1,0,1
/media/ullmann/HDDGabriel/engines/UnrealEngine/Engine/Source/ThirdParty/SDL2/SDL-gui-backend/src/stdlib/SDL_strtokr.c,0,1,1
/media/ullmann/HDDGabriel/engines/UnrealEngine/Engine/Source/Editor/PropertyEditor/Private/UserInterface/PropertyEditor/SPropertyEditorInteractiveActorPicker.h,1,0,1
/media/ullmann/HDDGabriel/engines/UnrealEngine/Engine/Source/Runtime/Online/XMPP/Private/XmppStrophe/XmppConnectionStrophe.h,1,0,1
/media/ullmann/HDDGabriel/engines/UnrealEngine/Engine/Source/ThirdParty/FreeType2/FreeType2-2.6/Src/raster/ftmisc.h,1,0,1
/media/ullmann/HDDGabriel/engines/UnrealEngine/Engine/Source/ThirdParty/PhysX3/APEX_1.4/framework/include/ApexAssetPreviewScene.h,0,2,2
/media/ullmann/HDDGabriel/engines/UnrealEngine/Engine/Source/ThirdParty/FreeType2/FreeType2-2.10.4/src/autofit/afblue.h,1,0,1
/media/ullmann/HDDGabriel/engines/UnrealEngine/Engine/Source/Runtime/Online/BuildPatchServices/Private/Installer/Statistics/DiskChunkStoreStatistics.h,1,0,1
/media/ullmann/HDDGabriel/engines/UnrealEngine/Engine/Source/Editor/UnrealEd/Public/WorkflowOrientedApp/SContentReference.h,0,1,1
/media/ullmann/HDDGabriel/engines/UnrealEngine/Engine/Source/Editor/DetailCustomizations/Private/DialogueWaveWidgets.cpp,0,1,1
/media/ullmann/HDDGabriel/engines/UnrealEngine/Engine/Source/Editor/BlueprintGraph/Private/PushModelHelpers.cpp,0,1,1
/media/ullmann/HDDGabriel/engines/UnrealEngine/Engine/Source/ThirdParty/OpenVDB/openvdb-8.1.0/openvdb_ax/openvdb_ax/test/integration/TestConditional.cc,0,1,1
/media/ullmann/HDDGabriel/engines/UnrealEngine/Engine/Source/ThirdParty/Intel/Embree/Embree2140/src/common/lexers/stringstream.cpp,0,1,1
/media/ullmann/HDDGabriel/engines/UnrealEngine/Engine/Source/ThirdParty/EOSSDK/SDK/Bin/Android/include/eos_progressionsnapshot.h,0,1,1
/media/ullmann/HDDGabriel/engines/UnrealEngine/Engine/Source/ThirdParty/libOpus/opus-1.0.3/silk/fixed/LTP_scale_ctrl_FIX.c,0,1,1
/media/ullmann/HDDGabriel/engines/UnrealEngine/Engine/Source/ThirdParty/PhysX3/PhysX_3.4/Source/SimulationController/src/ScClient.h,1,0,1
/media/ullmann/HDDGabriel/engines/UnrealEngine/Engine/Source/ThirdParty/ICU/icu4c-53_1/source/test/threadtest/converttest.cpp,0,1,1
/media/ullmann/HDDGabriel/engines/UnrealEngine/Engine/Source/ThirdParty/nvTextureTools/nvTextureTools-2.0.8/src/src/nvtt/tools/benchmark.cpp,0,1,1
/media/ullmann/HDDGabriel/engines/UnrealEngine/Engine/Source/Runtime/Analytics/Analytics/Public/AnalyticsProviderConfigurationDelegate.h,1,0,1
/media/ullmann/HDDGabriel/engines/UnrealEngine/Engine/Source/Runtime/Sockets/Private/Windows/SocketSubsystemWindows.cpp,0,1,1
/media/ullmann/HDDGabriel/engines/UnrealEngine/Engine/Source/ThirdParty/PhysX3/PhysX_3.4/Source/PhysXCharacterKinematic/src/CctSweptVolume.cpp,0,1,1
/media/ullmann/HDDGabriel/engines/UnrealEngine/Engine/Source/Runtime/Renderer/Private/Lumen/LumenHardwareRayTracingCommon.cpp,0,1,1
/media/ullmann/HDDGabriel/engines/UnrealEngine/Engine/Source/ThirdParty/FreeImage/FreeImage-3.18.0/Source/LibPNG/png.c,0,1,1
/media/ullmann/HDDGabriel/engines/UnrealEngine/Engine/Source/Runtime/Foliage/Private/InteractiveFoliageActor.cpp,0,1,1
/media/ullmann/HDDGabriel/engines/UnrealEngine/Engine/Source/ThirdParty/SDL2/SDL-gui-backend/src/stdlib/SDL_stdlib.c,0,2,2
/media/ullmann/HDDGabriel/engines/UnrealEngine/Engine/Source/Runtime/D3D12RHI/Private/D3D12Texture.cpp,0,1,1
/media/ullmann/HDDGabriel/engines/UnrealEngine/Engine/Source/ThirdParty/PhysX3/APEX_1.4/include/UserRenderCallback.h,0,1,1
/media/ullmann/HDDGabriel/engines/UnrealEngine/Engine/Source/ThirdParty/Imath/Imath-3.1.3/src/ImathTest/testFrustum.cpp,0,1,1
/media/ullmann/HDDGabriel/engines/UnrealEngine/Engine/Source/Developer/LogVisualizer/Private/SVisualLoggerTab.h,2,1,3
/media/ullmann/HDDGabriel/engines/UnrealEngine/Engine/Source/Developer/AssetTools/Private/AssetTypeActions/AssetTypeActions_HLODProxy.h,1,0,1
/media/ullmann/HDDGabriel/engines/UnrealEngine/Engine/Source/Runtime/Json/Public/Serialization/JsonSerializer.h,1,0,1
/media/ullmann/HDDGabriel/engines/UnrealEngine/Engine/Source/ThirdParty/Boost/boost-1_70_0/include/boost/polygon/detail/voronoi_robust_fpt.hpp,1,0,1
/media/ullmann/HDDGabriel/engines/UnrealEngine/Engine/Source/ThirdParty/PhysX3/PhysX_3.4/Source/GeomUtils/src/mesh/GuBV4_Slabs_KajiyaOrdered.h,0,1,1
/media/ullmann/HDDGabriel/engines/UnrealEngine/Engine/Source/ThirdParty/PhysX3/APEX_1.4/module/clothing/embedded/LowLevelCloth/src/sse2/SwCollisionHelpers.h,1,0,1
/media/ullmann/HDDGabriel/engines/UnrealEngine/Engine/Source/ThirdParty/FreeImage/FreeImage-3.18.0/Source/ZLib/trees.h,1,0,1
/media/ullmann/HDDGabriel/engines/UnrealEngine/Engine/Source/ThirdParty/FBX/2020.2/include/fbxsdk/scene/constraint/fbxconstraintcustom.h,1,0,1
/media/ullmann/HDDGabriel/engines/UnrealEngine/Engine/Source/Developer/TraceInsights/Private/Insights/NetworkingProfiler/NetworkingProfilerManager.cpp,0,1,1
/media/ullmann/HDDGabriel/engines/UnrealEngine/Engine/Source/Developer/TraceInsights/Private/Insights/NetworkingProfiler/NetworkingProfilerManager.h,1,0,1
/media/ullmann/HDDGabriel/engines/UnrealEngine/Engine/Source/ThirdParty/rpclib/Source/include/rpc/msgpack/adaptor/v4raw.hpp,1,0,1
/media/ullmann/HDDGabriel/engines/UnrealEngine/Engine/Source/ThirdParty/DirectShow/DirectShow-1.0.0/src/Public/pstream.h,1,0,1
/media/ullmann/HDDGabriel/engines/UnrealEngine/Engine/Source/ThirdParty/PhysX3/NvCloth/samples/SampleBase/core/SampleController.cpp,0,1,1
/media/ullmann/HDDGabriel/engines/UnrealEngine/Engine/Source/Runtime/AugmentedReality/Private/ARDebugDrawHelpers.cpp,0,1,1
/media/ullmann/HDDGabriel/engines/UnrealEngine/Engine/Source/Runtime/AssetRegistry/Private/DependsNodeTest.cpp,0,1,1
/media/ullmann/HDDGabriel/engines/UnrealEngine/Engine/Source/Runtime/Core/Public/Serialization/ArchiveProxy.h,1,0,1
/media/ullmann/HDDGabriel/engines/UnrealEngine/Engine/Source/ThirdParty/libWebSockets/libwebsockets/include/IOS/libwebsockets.h,0,1,1
/media/ullmann/HDDGabriel/engines/UnrealEngine/Engine/Source/ThirdParty/libWebSockets/libwebsockets/include/IOS/lws_config.h,1,0,1
/media/ullmann/HDDGabriel/engines/UnrealEngine/Engine/Source/ThirdParty/PhysX3/PhysX_3.4/Include/geometry/PxGeometryQuery.h,1,0,1
/media/ullmann/HDDGabriel/engines/UnrealEngine/Engine/Source/ThirdParty/ShaderConductor/ShaderConductor/External/DirectXShaderCompiler/include/llvm/DebugInfo/PDB/ConcreteSymbolEnumerator.h,1,1,2
/media/ullmann/HDDGabriel/engines/UnrealEngine/Engine/Source/ThirdParty/ShaderConductor/ShaderConductor/External/DirectXShaderCompiler/include/llvm/DebugInfo/PDB/IPDBEnumChildren.h,1,1,2
/media/ullmann/HDDGabriel/engines/UnrealEngine/Engine/Source/ThirdParty/WebRTC/4147/Include/rtc_base/openssl_adapter.h,0,1,1
/media/ullmann/HDDGabriel/engines/UnrealEngine/Engine/Source/ThirdParty/ICU/icu4c-53_1/source/test/cintltst/currtest.c,0,1,1
/media/ullmann/HDDGabriel/engines/UnrealEngine/Engine/Source/ThirdParty/ICU/icu4c-64_1/source/tools/ctestfw/testdata.cpp,0,1,1
/media/ullmann/HDDGabriel/engines/UnrealEngine/Engine/Source/ThirdParty/ICU/icu4c-64_1/source/tools/ctestfw/unicode/testdata.h,1,0,1
/media/ullmann/HDDGabriel/engines/UnrealEngine/Engine/Source/Developer/IOS/IOSTargetPlatform/Private/IOSTargetDeviceOutput.inl,1,0,1
/media/ullmann/HDDGabriel/engines/UnrealEngine/Engine/Source/ThirdParty/CryptoPP/5.6.2/include/dlltest.cpp,0,1,1
/media/ullmann/HDDGabriel/engines/UnrealEngine/Engine/Source/ThirdParty/OpenVDB/openvdb-8.1.0/openvdb/openvdb/unittest/TestFilter.cc,0,1,1
/media/ullmann/HDDGabriel/engines/UnrealEngine/Engine/Source/ThirdParty/OpenVDB/openvdb-8.1.0/openvdb_ax/openvdb_ax/test/frontend/TestCastNode.cc,0,1,1
/media/ullmann/HDDGabriel/engines/UnrealEngine/Engine/Source/ThirdParty/libOpus/opus-1.3.1-12/silk/fixed/corrMatrix_FIX.c,0,1,1
/media/ullmann/HDDGabriel/engines/UnrealEngine/Engine/Source/ThirdParty/Intel/Embree/Embree2140/src/kernels/subdiv/bezier_curve.cpp,0,1,1
/media/ullmann/HDDGabriel/engines/UnrealEngine/Engine/Source/ThirdParty/PhysX3/NvCloth/samples/external/DirectXTex/10.5.2016.2/include/Filters.h,0,1,1
/media/ullmann/HDDGabriel/engines/UnrealEngine/Engine/Source/ThirdParty/PhysX3/PhysX_3.4/Source/PhysXVehicle/src/PhysXMetaData/include/PxVehicleAutoGeneratedMetaDataObjects.h,1,0,1
/media/ullmann/HDDGabriel/engines/UnrealEngine/Engine/Source/Editor/PropertyEditor/Private/DetailFilter.h,1,0,1
/media/ullmann/HDDGabriel/engines/UnrealEngine/Engine/Source/ThirdParty/Python3/Linux/include/python3.9/cpython/sysmodule.h,1,0,1
/media/ullmann/HDDGabriel/engines/UnrealEngine/Engine/Source/ThirdParty/WebRTC/4147/Include/tools/clang/stack_maps/gc/stack_map_parser.h,0,1,1
/media/ullmann/HDDGabriel/engines/UnrealEngine/Engine/Source/ThirdParty/WebRTC/4147/Include/tools/clang/stack_maps/gc/gc_api.h,1,0,1
/media/ullmann/HDDGabriel/engines/UnrealEngine/Engine/Source/ThirdParty/Intel/ISPC/ispc-1.17.0/examples/cpu/deferred/dynamic_c.cpp,0,1,1
/media/ullmann/HDDGabriel/engines/UnrealEngine/Engine/Source/Developer/TraceServices/Private/Analyzers/CpuProfilerTraceAnalysis.cpp,0,1,1
/media/ullmann/HDDGabriel/engines/UnrealEngine/Engine/Source/Developer/TraceServices/Private/Analyzers/CpuProfilerTraceAnalysis.h,1,0,1
/media/ullmann/HDDGabriel/engines/UnrealEngine/Engine/Source/ThirdParty/WebRTC/4147/Include/third_party/libvpx/source/libvpx/vpx_dsp/prob.h,0,1,1
/media/ullmann/HDDGabriel/engines/UnrealEngine/Engine/Source/ThirdParty/WebRTC/4147/Include/third_party/libvpx/source/libvpx/vpx_dsp/vpx_dsp_common.h,1,0,1
/media/ullmann/HDDGabriel/engines/UnrealEngine/Engine/Source/ThirdParty/FreeType2/FreeType2-2.6/Devel/ftoption.h,0,1,1
/media/ullmann/HDDGabriel/engines/UnrealEngine/Engine/Source/ThirdParty/FreeType2/FreeType2-2.6/Devel/ft2build.h,1,0,1
/media/ullmann/HDDGabriel/engines/UnrealEngine/Engine/Source/Editor/AddContentDialog/Private/ContentSourceProviders/FeaturePack/FeaturePackContentSource.cpp,0,1,1
/media/ullmann/HDDGabriel/engines/UnrealEngine/Engine/Source/ThirdParty/Intel/TBB/IntelTBB-2019u8/src/rml/perfor/tbb_multi_omp.cpp,0,1,1
/media/ullmann/HDDGabriel/engines/UnrealEngine/Engine/Source/ThirdParty/FBX/2020.2/include/fbxsdk/scene/animation/fbxanimlayer.h,1,0,1
/media/ullmann/HDDGabriel/engines/UnrealEngine/Engine/Source/Runtime/AVEncoder/Private/Decoders/vdecmpeg4/vdecmpeg4_ErrorCodes.h,2,1,3
/media/ullmann/HDDGabriel/engines/UnrealEngine/Engine/Source/Editor/SceneDepthPickerMode/Public/SceneDepthPickerMode.h,1,0,1
/media/ullmann/HDDGabriel/engines/UnrealEngine/Engine/Source/ThirdParty/Crunch/src/crnlib/crn_symbol_codec.cpp,0,3,3
/media/ullmann/HDDGabriel/engines/UnrealEngine/Engine/Source/Editor/DetailCustomizations/Private/SkeletalControlNodeDetails.cpp,0,1,1
/media/ullmann/HDDGabriel/engines/UnrealEngine/Engine/Source/Editor/MovieSceneTools/Private/Channels/BezierChannelCurveModel.cpp,0,1,1
/media/ullmann/HDDGabriel/engines/UnrealEngine/Engine/Source/ThirdParty/libOpus/opus-1.3.1-12/silk/float/find_pred_coefs_FLP.c,0,1,1
/media/ullmann/HDDGabriel/engines/UnrealEngine/Engine/Source/Runtime/AudioLink/AudioLinkEngine/Private/BufferedSubmixListener.cpp,0,1,1
/media/ullmann/HDDGabriel/engines/UnrealEngine/Engine/Source/ThirdParty/ICU/icu4c-64_1/source/common/unicode/ucat.h,1,0,1
/media/ullmann/HDDGabriel/engines/UnrealEngine/Engine/Source/ThirdParty/SDL2/SDL-gui-backend/src/libm/s_floor.c,0,2,2
/media/ullmann/HDDGabriel/engines/UnrealEngine/Engine/Source/Runtime/RHI/Public/PipelineFileCache.h,0,1,1
/media/ullmann/HDDGabriel/engines/UnrealEngine/Engine/Source/ThirdParty/Python3/Mac/include/pyhash.h,1,0,1
/media/ullmann/HDDGabriel/engines/UnrealEngine/Engine/Source/ThirdParty/xxhash/tests/bench/timefn.c,0,1,1
/media/ullmann/HDDGabriel/engines/UnrealEngine/Engine/Source/ThirdParty/rpclib/Source/include/rpc/msgpack/adaptor/list.hpp,1,0,1
/media/ullmann/HDDGabriel/engines/UnrealEngine/Engine/Source/ThirdParty/nvTextureTools/nvTextureTools-2.0.6/src/src/nvtt/squish/singlecolourlookup.inl,1,0,1
/media/ullmann/HDDGabriel/engines/UnrealEngine/Engine/Source/ThirdParty/NVIDIA/GPUDirect/include/dvpapi_d3d9.h,0,1,1
/media/ullmann/HDDGabriel/engines/UnrealEngine/Engine/Source/ThirdParty/FreeImage/FreeImage-3.18.0/Source/LibOpenJPEG/function_list.h,1,0,1
/media/ullmann/HDDGabriel/engines/UnrealEngine/Engine/Source/Runtime/Engine/Public/Animation/AnimSubsystem_Base.h,0,1,1
/media/ullmann/HDDGabriel/engines/UnrealEngine/Engine/Source/Runtime/Core/Public/GenericPlatform/GenericPlatformProcess.h,2,0,2
/media/ullmann/HDDGabriel/engines/UnrealEngine/Engine/Source/ThirdParty/Boost/boost-1_70_0/include/boost/spirit/home/support/char_encoding/unicode/category_table.hpp,1,0,1
/media/ullmann/HDDGabriel/engines/UnrealEngine/Engine/Source/ThirdParty/Python3/Mac/include/warnings.h,1,0,1
/media/ullmann/HDDGabriel/engines/UnrealEngine/Engine/Source/ThirdParty/ShaderConductor/ShaderConductor/External/SPIRV-Cross/spirv_cross_parsed_ir.cpp,0,1,1
/media/ullmann/HDDGabriel/engines/UnrealEngine/Engine/Source/Runtime/MovieScene/Public/EntitySystem/MovieSceneEntityInstantiatorSystem.h,0,1,1
/media/ullmann/HDDGabriel/engines/UnrealEngine/Engine/Source/Runtime/MovieScene/Public/EntitySystem/MovieSceneInstanceRegistry.h,1,0,1
/media/ullmann/HDDGabriel/engines/UnrealEngine/Engine/Source/ThirdParty/EOSSDK/SDK/Bin/Android/include/eos_presence.h,0,1,1
/media/ullmann/HDDGabriel/engines/UnrealEngine/Engine/Source/ThirdParty/PhysX3/APEX_1.4/common/include/ApexLegacyModule.h,0,2,2
/media/ullmann/HDDGabriel/engines/UnrealEngine/Engine/Source/ThirdParty/Boost/boost-1_70_0/include/boost/concept_archetype.hpp,0,2,2
/media/ullmann/HDDGabriel/engines/UnrealEngine/Engine/Source/ThirdParty/PhysX3/APEX_1.4/common/include/FieldSamplerManagerIntl.h,0,1,1
/media/ullmann/HDDGabriel/engines/UnrealEngine/Engine/Source/Developer/AssetTools/Private/AssetTypeActions/AssetTypeActions_TouchInterface.h,1,0,1
/media/ullmann/HDDGabriel/engines/UnrealEngine/Engine/Source/ThirdParty/ICU/icu4c-64_1/source/test/intltest/tsdate.cpp,0,1,1
/media/ullmann/HDDGabriel/engines/UnrealEngine/Engine/Source/ThirdParty/OpenVDB/Deploy/openvdb-8.1.0/include/openvdb/math/Stencils.h,1,0,1
/media/ullmann/HDDGabriel/engines/UnrealEngine/Engine/Source/Runtime/SlateCore/Public/Widgets/SLeafWidget.h,1,0,1
/media/ullmann/HDDGabriel/engines/UnrealEngine/Engine/Source/ThirdParty/Intel/Embree/Embree2140/src/common/simd/vint16_avx512.h,1,0,1
/media/ullmann/HDDGabriel/engines/UnrealEngine/Engine/Source/ThirdParty/FreeType2/FreeType2-2.6/Src/psaux/psauxmod.h,1,0,1
/media/ullmann/HDDGabriel/engines/UnrealEngine/Engine/Source/Developer/TraceServices/Private/Modules/CsvProfilerModule.h,2,0,2
/media/ullmann/HDDGabriel/engines/UnrealEngine/Engine/Source/ThirdParty/ICU/icu4c-64_1/source/common/resource.cpp,0,1,1
/media/ullmann/HDDGabriel/engines/UnrealEngine/Engine/Source/Developer/TraceInsights/Private/Insights/Widgets/SStatsViewTooltip.cpp,0,1,1
/media/ullmann/HDDGabriel/engines/UnrealEngine/Engine/Source/Developer/TraceInsights/Private/Insights/Widgets/SStatsViewTooltip.h,1,0,1
/media/ullmann/HDDGabriel/engines/UnrealEngine/Engine/Source/ThirdParty/zlib/zlib-1.2.5/Src/contrib/iostream3/test.cc,0,1,1
/media/ullmann/HDDGabriel/engines/UnrealEngine/Engine/Source/ThirdParty/zlib/zlib-1.2.5/Src/contrib/iostream3/zfstream.h,2,0,2
/media/ullmann/HDDGabriel/engines/UnrealEngine/Engine/Source/Editor/LevelEditor/Private/HighResScreenshotUI.cpp,0,1,1
/media/ullmann/HDDGabriel/engines/UnrealEngine/Engine/Source/ThirdParty/FakeIt/2.0.2/include/mockutils/VTUtils.hpp,0,1,1
/media/ullmann/HDDGabriel/engines/UnrealEngine/Engine/Source/ThirdParty/FakeIt/2.0.2/include/mockutils/union_cast.hpp,1,0,1
/media/ullmann/HDDGabriel/engines/UnrealEngine/Engine/Source/ThirdParty/SDL2/SDL-gui-backend/src/render/software/SDL_render_sw_c.h,2,0,2
/media/ullmann/HDDGabriel/engines/UnrealEngine/Engine/Source/ThirdParty/PhysX3/PhysX_3.4/Include/particles/PxParticleCreationData.h,1,0,1
/media/ullmann/HDDGabriel/engines/UnrealEngine/Engine/Source/ThirdParty/MCPP/mcpp-2.7.2/test-c/nest12.h,1,1,2
/media/ullmann/HDDGabriel/engines/UnrealEngine/Engine/Source/ThirdParty/ShaderConductor/ShaderConductor/External/DirectXShaderCompiler/lib/HLSL/HLMatrixSubscriptUseReplacer.cpp,0,1,1
/media/ullmann/HDDGabriel/engines/UnrealEngine/Engine/Source/ThirdParty/FreeImage/FreeImage-3.18.0/Source/LibPNG/pngstruct.h,1,0,1
/media/ullmann/HDDGabriel/engines/UnrealEngine/Engine/Source/Editor/UnrealEd/Public/Kismet2/ComponentEditorUtils.h,1,0,1
/media/ullmann/HDDGabriel/engines/UnrealEngine/Engine/Source/ThirdParty/ICU/icu4c-64_1/source/test/intltest/tchcfmt.cpp,0,2,2
/media/ullmann/HDDGabriel/engines/UnrealEngine/Engine/Source/Editor/SequencerWidgets/Private/STimeRangeSlider.cpp,0,1,1
/media/ullmann/HDDGabriel/engines/UnrealEngine/Engine/Source/ThirdParty/ICU/icu4c-53_1/source/tools/genrb/prscmnts.cpp,0,1,1
/media/ullmann/HDDGabriel/engines/UnrealEngine/Engine/Source/ThirdParty/ICU/icu4c-53_1/source/tools/genrb/prscmnts.h,2,0,2
/media/ullmann/HDDGabriel/engines/UnrealEngine/Engine/Source/ThirdParty/ICU/icu4c-64_1/source/i18n/decNumberLocal.h,2,0,2
/media/ullmann/HDDGabriel/engines/UnrealEngine/Engine/Source/Editor/Sequencer/Private/SequencerMarkedFrameHelper.cpp,0,1,1
/media/ullmann/HDDGabriel/engines/UnrealEngine/Engine/Source/ThirdParty/ShaderConductor/ShaderConductor/External/DirectXShaderCompiler/tools/clang/lib/Headers/fmaintrin.h,1,0,1
/media/ullmann/HDDGabriel/engines/UnrealEngine/Engine/Source/Runtime/Networking/Public/Common/UdpSocketReceiver.h,1,0,1
/media/ullmann/HDDGabriel/engines/UnrealEngine/Engine/Source/ThirdParty/CryptoPP/5.6.2/include/dessp.cpp,0,2,2
/media/ullmann/HDDGabriel/engines/UnrealEngine/Engine/Source/ThirdParty/coremod/coremod-4.2.6/src/loaders/itsex.c,0,1,1
/media/ullmann/HDDGabriel/engines/UnrealEngine/Engine/Source/ThirdParty/Intel/ISPC/ispc-1.17.0/src/builtins-info.h,1,0,1
/media/ullmann/HDDGabriel/engines/UnrealEngine/Engine/Source/Runtime/Core/Private/Compression/lz4hc.cpp,0,1,1
/media/ullmann/HDDGabriel/engines/UnrealEngine/Engine/Source/Runtime/Core/Private/Compression/lz4.cpp,1,0,1
/media/ullmann/HDDGabriel/engines/UnrealEngine/Engine/Source/ThirdParty/Intel/ISPC/ispc-1.17.0/examples/cpu/rt/rt.cpp,0,1,1
/media/ullmann/HDDGabriel/engines/UnrealEngine/Engine/Source/Editor/Persona/Private/SAnimCurveEd.cpp,0,1,1
/media/ullmann/HDDGabriel/engines/UnrealEngine/Engine/Source/ThirdParty/Python3/Linux/include/python3.9/cpython/unicodeobject.h,1,0,1
/media/ullmann/HDDGabriel/engines/UnrealEngine/Engine/Source/ThirdParty/PhysX3/PhysX_3.4/Source/LowLevelCloth/src/neon/SwCollisionHelpers.h,1,0,1
/media/ullmann/HDDGabriel/engines/UnrealEngine/Engine/Source/Developer/Merge/Private/SMergeDetailsView.cpp,0,1,1
/media/ullmann/HDDGabriel/engines/UnrealEngine/Engine/Source/ThirdParty/glslang/glslang/src/glslang_lib/glslang/MachineIndependent/parseConst.cpp,0,1,1
/media/ullmann/HDDGabriel/engines/UnrealEngine/Engine/Source/ThirdParty/ShaderConductor/ShaderConductor/External/DirectXShaderCompiler/lib/DebugInfo/DWARF/SyntaxHighlighting.cpp,0,1,1
/media/ullmann/HDDGabriel/engines/UnrealEngine/Engine/Source/ThirdParty/MCPP/mcpp-2.7.2/cpp-test/test-t/n_pragma.c,0,1,1
/media/ullmann/HDDGabriel/engines/UnrealEngine/Engine/Source/ThirdParty/MCPP/mcpp-2.7.2/cpp-test/test-t/pragmas.h,1,0,1
/media/ullmann/HDDGabriel/engines/UnrealEngine/Engine/Source/ThirdParty/OpenVDB/openvdb-8.1.0/openvdb_ax/openvdb_ax/test/frontend/TestUnaryOperatorNode.cc,0,1,1
/media/ullmann/HDDGabriel/engines/UnrealEngine/Engine/Source/ThirdParty/libOpus/opus-1.1/silk/tables_pulses_per_block.c,0,1,1
/media/ullmann/HDDGabriel/engines/UnrealEngine/Engine/Source/ThirdParty/FreeType2/FreeType2-2.6/Src/autofit/hbshim.h,3,0,3
/media/ullmann/HDDGabriel/engines/UnrealEngine/Engine/Source/ThirdParty/ICU/icu4c-64_1/source/test/cintltst/cbididat.c,0,1,1
/media/ullmann/HDDGabriel/engines/UnrealEngine/Engine/Source/Editor/UnrealEd/Private/Editor.cpp,0,1,1
/media/ullmann/HDDGabriel/engines/UnrealEngine/Engine/Source/ThirdParty/Intel/TBB/IntelTBB-2019u8/examples/task_group/sudoku/sudoku.cpp,0,1,1
/media/ullmann/HDDGabriel/engines/UnrealEngine/Engine/Source/ThirdParty/Android/libunwind/libunwind/src/x86_64/Ltrace.c,0,1,1
/media/ullmann/HDDGabriel/engines/UnrealEngine/Engine/Source/Editor/Kismet/Private/UserDefinedStructureEditor.cpp,0,1,1
/media/ullmann/HDDGabriel/engines/UnrealEngine/Engine/Source/ThirdParty/OpenVDB/openvdb-8.1.0/openvdb_ax/openvdb_ax/test/backend/TestFunctionGroup.cc,0,1,1
/media/ullmann/HDDGabriel/engines/UnrealEngine/Engine/Source/ThirdParty/Intel/MetricsDiscovery/MetricsDiscoveryHelper/samples/range_sample_dx11/imgui/examples/libs/usynergy/uSynergy.c,0,1,1
/media/ullmann/HDDGabriel/engines/UnrealEngine/Engine/Source/ThirdParty/Intel/MetricsDiscovery/MetricsDiscoveryHelper/samples/range_sample_dx11/imgui/examples/libs/usynergy/uSynergy.h,1,0,1
/media/ullmann/HDDGabriel/engines/UnrealEngine/Engine/Source/ThirdParty/OpenVDB/openvdb-8.1.0/openvdb_houdini/openvdb_houdini/SOP_OpenVDB_AX.cc,0,1,1
/media/ullmann/HDDGabriel/engines/UnrealEngine/Engine/Source/ThirdParty/OpenVDB/openvdb-8.1.0/openvdb_houdini/openvdb_houdini/AXUtils.h,1,0,1
/media/ullmann/HDDGabriel/engines/UnrealEngine/Engine/Source/Editor/AnimGraph/Private/EditModes/LookAtEditMode.h,1,0,1
/media/ullmann/HDDGabriel/engines/UnrealEngine/Engine/Source/Editor/StatsViewer/Private/StatsPages/TextureStatsPage.h,1,0,1
/media/ullmann/HDDGabriel/engines/UnrealEngine/Engine/Source/Developer/TraceInsights/Private/Insights/Widgets/SStatsTableCell.cpp,0,1,1
/media/ullmann/HDDGabriel/engines/UnrealEngine/Engine/Source/Developer/TraceInsights/Private/Insights/Widgets/SStatsTableCell.h,1,0,1
/media/ullmann/HDDGabriel/engines/UnrealEngine/Engine/Source/Runtime/Core/Public/Internationalization/ITextData.h,1,0,1
/media/ullmann/HDDGabriel/engines/UnrealEngine/Engine/Source/Runtime/Engine/Private/LevelInstance/LevelInstanceSubsystem.cpp,0,1,1
/media/ullmann/HDDGabriel/engines/UnrealEngine/Engine/Source/ThirdParty/Intel/Embree/Embree2140/src/common/math/lbbox.h,0,1,1
/media/ullmann/HDDGabriel/engines/UnrealEngine/Engine/Source/ThirdParty/PhysX3/APEX_1.4/module/emitter/include/EmitterGeomSphereShellImpl.h,0,1,1
/media/ullmann/HDDGabriel/engines/UnrealEngine/Engine/Source/ThirdParty/FreeImage/FreeImage-3.18.0/Source/LibPNG/pngrutil.c,0,1,1
/media/ullmann/HDDGabriel/engines/UnrealEngine/Engine/Source/ThirdParty/PhysX3/PhysX_3.4/Source/GeomUtils/src/contact/GuContactPlaneBox.cpp,0,1,1
/media/ullmann/HDDGabriel/engines/UnrealEngine/Engine/Source/Developer/ShaderFormatVectorVM/Private/ir_vm_merge_op_visitor.cpp,0,1,1
/media/ullmann/HDDGabriel/engines/UnrealEngine/Engine/Source/ThirdParty/WebRTC/4147/Include/base/third_party/double_conversion/double-conversion/bignum-dtoa.h,0,1,1
/media/ullmann/HDDGabriel/engines/UnrealEngine/Engine/Source/ThirdParty/PhysX3/APEX_1.4/module/destructible_legacy/include/autogen/DestructibleActorParam_0p14.h,1,0,1
/media/ullmann/HDDGabriel/engines/UnrealEngine/Engine/Source/ThirdParty/Intel/Embree/Embree270/src/kernels/xeon/bvh4/bvh4_builder_sah.avx.cpp,0,1,1
/media/ullmann/HDDGabriel/engines/UnrealEngine/Engine/Source/Runtime/Sockets/Private/Android/SocketSubsystemAndroid.cpp,0,1,1
/media/ullmann/HDDGabriel/engines/UnrealEngine/Engine/Source/Runtime/Sockets/Private/Android/SocketSubsystemAndroid.h,1,0,1
/media/ullmann/HDDGabriel/engines/UnrealEngine/Engine/Source/ThirdParty/EOSSDK/SDK/Bin/IOS/EOSSDK.framework/Headers/eos_ui_keys.h,1,0,1
/media/ullmann/HDDGabriel/engines/UnrealEngine/Engine/Source/Runtime/Online/BuildPatchServices/Private/Generation/ChunkWriter.h,1,0,1
/media/ullmann/HDDGabriel/engines/UnrealEngine/Engine/Source/Editor/Sequencer/Private/SKeyAreaEditorSwitcher.h,1,0,1
/media/ullmann/HDDGabriel/engines/UnrealEngine/Engine/Source/Runtime/ApplicationCore/Private/IOS/IOSApplication.cpp,0,1,1
/media/ullmann/HDDGabriel/engines/UnrealEngine/Engine/Source/ThirdParty/WebRTC/4147/Include/third_party/libjpeg_turbo/jpegcomp.h,1,0,1
/media/ullmann/HDDGabriel/engines/UnrealEngine/Engine/Source/ThirdParty/Steamworks/Steamv146/sdk/public/steam/isteamuser.h,1,1,2
/media/ullmann/HDDGabriel/engines/UnrealEngine/Engine/Source/ThirdParty/ICU/icu4c-64_1/source/i18n/unicode/stsearch.h,1,0,1
/media/ullmann/HDDGabriel/engines/UnrealEngine/Engine/Source/Developer/TraceServices/Private/Analyzers/LoadTimeTraceAnalysis.cpp,0,1,1
/media/ullmann/HDDGabriel/engines/UnrealEngine/Engine/Source/Developer/TraceServices/Private/Analyzers/LoadTimeTraceAnalysis.h,1,0,1
/media/ullmann/HDDGabriel/engines/UnrealEngine/Engine/Source/ThirdParty/PhysX3/APEX_1.4/shared/general/meshimport/include/utils/MiFastXml.h,0,2,2
/media/ullmann/HDDGabriel/engines/UnrealEngine/Engine/Source/ThirdParty/PhysX3/PhysX_3.4/Source/LowLevelAABB/src/BpBroadPhase.cpp,0,2,2
/media/ullmann/HDDGabriel/engines/UnrealEngine/Engine/Source/ThirdParty/ICU/icu4c-64_1/source/i18n/currunit.cpp,0,1,1
/media/ullmann/HDDGabriel/engines/UnrealEngine/Engine/Source/ThirdParty/llvm/8/include/llvm/BinaryFormat/ELFRelocs/SystemZ.def,1,0,1
/media/ullmann/HDDGabriel/engines/UnrealEngine/Engine/Source/Developer/SourceControl/Private/SourceControlSettings.cpp,0,1,1
/media/ullmann/HDDGabriel/engines/UnrealEngine/Engine/Source/Developer/TraceInsights/Private/Insights/NetworkingProfiler/NetworkingProfilerCommands.cpp,0,1,1
/media/ullmann/HDDGabriel/engines/UnrealEngine/Engine/Source/Developer/TraceInsights/Private/Insights/NetworkingProfiler/NetworkingProfilerCommands.h,1,0,1
/media/ullmann/HDDGabriel/engines/UnrealEngine/Engine/Source/Programs/SlateViewer/Public/SlateViewerApp.h,0,1,1
/media/ullmann/HDDGabriel/engines/UnrealEngine/Engine/Source/Programs/SlateViewer/Public/SlateViewer.h,1,0,1
/media/ullmann/HDDGabriel/engines/UnrealEngine/Engine/Source/ThirdParty/MCPP/mcpp-2.7.2/test-l/nest73.h,1,1,2
/media/ullmann/HDDGabriel/engines/UnrealEngine/Engine/Source/ThirdParty/HarfBuzz/harfbuzz-2.4.0/src/hb-directwrite.h,1,1,2
/media/ullmann/HDDGabriel/engines/UnrealEngine/Engine/Source/Editor/DetailCustomizations/Private/SPerPlatformPropertiesWidget.cpp,0,1,1
/media/ullmann/HDDGabriel/engines/UnrealEngine/Engine/Source/Runtime/Renderer/Private/Nanite/NaniteCullRaster.cpp,0,1,1
/media/ullmann/HDDGabriel/engines/UnrealEngine/Engine/Source/ThirdParty/zlib/zlib-1.2.5/Src/contrib/infback9/inftree9.c,0,1,1
/media/ullmann/HDDGabriel/engines/UnrealEngine/Engine/Source/Editor/GraphEditor/Public/SGraphPalette.h,0,1,1
/media/ullmann/HDDGabriel/engines/UnrealEngine/Engine/Source/Editor/GraphEditor/Public/SGraphActionMenu.h,1,0,1
/media/ullmann/HDDGabriel/engines/UnrealEngine/Engine/Source/Developer/ProjectLauncher/Private/Widgets/Cook/SProjectLauncherCookPage.cpp,0,1,1
/media/ullmann/HDDGabriel/engines/UnrealEngine/Engine/Source/Developer/ProjectLauncher/Private/Widgets/Cook/SProjectLauncherCookPage.h,1,0,1
/media/ullmann/HDDGabriel/engines/UnrealEngine/Engine/Source/Runtime/MessagingRpc/Public/MessageRpcServer.h,0,1,1
/media/ullmann/HDDGabriel/engines/UnrealEngine/Engine/Source/ThirdParty/ShaderConductor/ShaderConductor/External/DirectXShaderCompiler/tools/clang/lib/SPIRV/LiteralTypeVisitor.cpp,0,1,1
/media/ullmann/HDDGabriel/engines/UnrealEngine/Engine/Source/ThirdParty/Intel/Embree/Embree270/src/common/sys/filename.cpp,0,2,2
/media/ullmann/HDDGabriel/engines/UnrealEngine/Engine/Source/ThirdParty/ShaderConductor/ShaderConductor/External/DirectXShaderCompiler/tools/clang/unittests/AST/ASTContextParentMapTest.cpp,0,1,1
/media/ullmann/HDDGabriel/engines/UnrealEngine/Engine/Source/ThirdParty/Crunch/src/crnlib/lzham_timer.cpp,0,1,1
/media/ullmann/HDDGabriel/engines/UnrealEngine/Engine/Source/ThirdParty/WebRTC/4147/Include/third_party/opus/src/silk/x86/main_sse.h,1,0,1
/media/ullmann/HDDGabriel/engines/UnrealEngine/Engine/Source/Runtime/Core/Private/Thirdparty/MiMalloc.c,0,1,1
/media/ullmann/HDDGabriel/engines/UnrealEngine/Engine/Source/Developer/TextureFormat/Public/TextureFormatManager.h,0,1,1
/media/ullmann/HDDGabriel/engines/UnrealEngine/Engine/Source/Developer/TextureFormat/Public/Interfaces/ITextureFormatManagerModule.h,2,0,2
/media/ullmann/HDDGabriel/engines/UnrealEngine/Engine/Source/ThirdParty/openexr/openexr-3.1.1/src/test/OpenEXRTest/testConversion.h,1,0,1
/media/ullmann/HDDGabriel/engines/UnrealEngine/Engine/Source/Editor/MovieSceneTools/Private/TrackEditors/PropertyTrackEditors/FloatPropertyTrackEditor.h,1,0,1
/media/ullmann/HDDGabriel/engines/UnrealEngine/Engine/Source/ThirdParty/Kiss_FFT/kiss_fft129/tools/kfc.c,0,1,1
/media/ullmann/HDDGabriel/engines/UnrealEngine/Engine/Source/ThirdParty/Kiss_FFT/kiss_fft129/tools/kfc.h,1,0,1
/media/ullmann/HDDGabriel/engines/UnrealEngine/Engine/Source/Editor/UnrealEd/Public/Commandlets/CompileAllBlueprintsCommandlet.h,0,1,1
/media/ullmann/HDDGabriel/engines/UnrealEngine/Engine/Source/ThirdParty/WebRTC/4147/Include/audio/mock_voe_channel_proxy.h,0,1,1
/media/ullmann/HDDGabriel/engines/UnrealEngine/Engine/Source/ThirdParty/ShaderConductor/ShaderConductor/External/DirectXShaderCompiler/tools/clang/lib/StaticAnalyzer/Core/ExprEngineCallAndReturn.cpp,0,1,1
/media/ullmann/HDDGabriel/engines/UnrealEngine/Engine/Source/Runtime/GeometryCore/Public/Generators/DiscMeshGenerator.h,0,1,1
/media/ullmann/HDDGabriel/engines/UnrealEngine/Engine/Source/ThirdParty/WebRTC/4147/Include/base/post_task_and_reply_with_result_internal.h,0,1,1
/media/ullmann/HDDGabriel/engines/UnrealEngine/Engine/Source/ThirdParty/PhysX3/PhysX_3.4/Source/PhysX/src/NpShape.cpp,0,1,1
/media/ullmann/HDDGabriel/engines/UnrealEngine/Engine/Source/Runtime/MessagingRpc/Public/IMessageRpcHandler.h,1,0,1
/media/ullmann/HDDGabriel/engines/UnrealEngine/Engine/Source/ThirdParty/OpenSubdiv/OpenSubdiv-3.4.4/opensubdiv/far/bilinearPatchBuilder.cpp,0,1,1
/media/ullmann/HDDGabriel/engines/UnrealEngine/Engine/Source/ThirdParty/Python3/Linux/include/python3.9/sliceobject.h,1,0,1
/media/ullmann/HDDGabriel/engines/UnrealEngine/Engine/Source/ThirdParty/FreeType2/FreeType2-2.10.4/src/lzw/ftlzw.c,0,2,2
/media/ullmann/HDDGabriel/engines/UnrealEngine/Engine/Source/ThirdParty/PhysX3/PhysX_3.4/Source/Common/src/CmConeLimitHelper.h,0,1,1
/media/ullmann/HDDGabriel/engines/UnrealEngine/Engine/Source/ThirdParty/SDL2/SDL-gui-backend/src/main/dummy/SDL_dummy_main.c,0,1,1
/media/ullmann/HDDGabriel/engines/UnrealEngine/Engine/Source/ThirdParty/FBX/2020.2/include/fbxsdk/core/base/fbxfile.h,1,0,1
/media/ullmann/HDDGabriel/engines/UnrealEngine/Engine/Source/Runtime/Apple/AGXRHI/Private/TVOS/TVOSPlatformAGXConfig.cpp,0,1,1
/media/ullmann/HDDGabriel/engines/UnrealEngine/Engine/Source/ThirdParty/nvTextureTools/nvTextureTools-2.0.8/src/src/nvtt/tools/decompress.cpp,0,1,1
/media/ullmann/HDDGabriel/engines/UnrealEngine/Engine/Source/ThirdParty/HWCPipe/include/vendor/arm/mali/hwc_names.hpp,1,0,1
/media/ullmann/HDDGabriel/engines/UnrealEngine/Engine/Source/ThirdParty/ShaderConductor/ShaderConductor/External/DirectXShaderCompiler/lib/Transforms/Scalar/DxilRemoveUnstructuredLoopExits.cpp,0,1,1
/media/ullmann/HDDGabriel/engines/UnrealEngine/Engine/Source/Editor/Sequencer/Private/SequencerSettings.cpp,0,1,1
/media/ullmann/HDDGabriel/engines/UnrealEngine/Engine/Source/Developer/SlateFileDialogs/Private/SlateFileDialogsModule.cpp,0,1,1
/media/ullmann/HDDGabriel/engines/UnrealEngine/Engine/Source/ThirdParty/EOSSDK/SDK/Bin/IOS/EOSSDK.framework/Headers/eos_logging.h,0,1,1
/media/ullmann/HDDGabriel/engines/UnrealEngine/Engine/Source/ThirdParty/EOSSDK/SDK/Bin/Android/include/eos_stats.h,0,1,1
/media/ullmann/HDDGabriel/engines/UnrealEngine/Engine/Source/ThirdParty/Android/libunwind/libunwind/src/sh/Linit_local.c,0,1,1
/media/ullmann/HDDGabriel/engines/UnrealEngine/Engine/Source/ThirdParty/Python3/Linux/include/python3.9/odictobject.h,1,0,1
/media/ullmann/HDDGabriel/engines/UnrealEngine/Engine/Source/Runtime/Landscape/Private/LandscapeEdit.cpp,0,1,1
/media/ullmann/HDDGabriel/engines/UnrealEngine/Engine/Source/ThirdParty/FreeType2/FreeType2-2.6/Src/cff/cffdrivr.h,1,0,1
/media/ullmann/HDDGabriel/engines/UnrealEngine/Engine/Source/ThirdParty/PhysX3/APEX_1.4/module/emitter/include/EmitterGeomExplicitImpl.h,0,1,1
/media/ullmann/HDDGabriel/engines/UnrealEngine/Engine/Source/ThirdParty/libOpus/opus-1.3.1-12/silk/arm/SigProc_FIX_armv5e.h,1,0,1
/media/ullmann/HDDGabriel/engines/UnrealEngine/Engine/Source/Runtime/PhysicsCore/Public/CollisionShape.h,2,0,2
/media/ullmann/HDDGabriel/engines/UnrealEngine/Engine/Source/Developer/ScreenShotComparisonTools/Public/Interfaces/IScreenShotToolsModule.h,1,0,1
/media/ullmann/HDDGabriel/engines/UnrealEngine/Engine/Source/ThirdParty/libOpus/opus-1.0.3/silk/resampler_private_IIR_FIR.c,0,2,2
/media/ullmann/HDDGabriel/engines/UnrealEngine/Engine/Source/Developer/DesktopPlatform/Public/MultiPlatformTargetReceiptBuildWorkers.h,0,1,1
/media/ullmann/HDDGabriel/engines/UnrealEngine/Engine/Source/Developer/DesktopPlatform/Public/TargetReceiptBuildWorker.h,1,0,1
/media/ullmann/HDDGabriel/engines/UnrealEngine/Engine/Source/Runtime/SlateCore/Public/Animation/SlateSprings.h,1,0,1
/media/ullmann/HDDGabriel/engines/UnrealEngine/Engine/Source/Editor/MovieSceneTools/Private/TrackEditors/DataLayerTrackEditor.h,1,0,1
/media/ullmann/HDDGabriel/engines/UnrealEngine/Engine/Source/ThirdParty/libOpus/opus-1.3.1-12/src/opus.c,0,1,1
/media/ullmann/HDDGabriel/engines/UnrealEngine/Engine/Source/ThirdParty/Intel/MetricsDiscovery/MetricsDiscoveryHelper/metrics-discovery/instrumentation/metrics_discovery/common/inc/md_exports.h,1,0,1
/media/ullmann/HDDGabriel/engines/UnrealEngine/Engine/Source/Developer/TraceInsights/Private/Insights/Widgets/SFrameTrack.cpp,0,1,1
/media/ullmann/HDDGabriel/engines/UnrealEngine/Engine/Source/Developer/TraceInsights/Private/Insights/Widgets/SFrameTrack.h,1,0,1
/media/ullmann/HDDGabriel/engines/UnrealEngine/Engine/Source/ThirdParty/WebRTC/4147/Include/third_party/opus/src/silk/arm/macros_armv4.h,1,0,1
/media/ullmann/HDDGabriel/engines/UnrealEngine/Engine/Source/ThirdParty/SDL2/SDL-gui-backend/src/locale/SDL_locale.c,0,2,2
/media/ullmann/HDDGabriel/engines/UnrealEngine/Engine/Source/Runtime/MovieScene/Public/MovieSceneBindingOverrides.h,0,1,1
/media/ullmann/HDDGabriel/engines/UnrealEngine/Engine/Source/ThirdParty/libOpus/opus-1.0.3/silk/stereo_quant_pred.c,0,1,1
/media/ullmann/HDDGabriel/engines/UnrealEngine/Engine/Source/ThirdParty/ICU/icu4c-53_1/source/i18n/fmtableimp.h,1,0,1
/media/ullmann/HDDGabriel/engines/UnrealEngine/Engine/Source/ThirdParty/PhysX3/PhysX_3.4/Source/GeomUtils/src/convex/GuCubeIndex.h,1,0,1
/media/ullmann/HDDGabriel/engines/UnrealEngine/Engine/Source/ThirdParty/FreeType2/FreeType2-2.4.12/devel/ftoption.h,0,1,1
/media/ullmann/HDDGabriel/engines/UnrealEngine/Engine/Source/ThirdParty/FreeType2/FreeType2-2.4.12/devel/ft2build.h,1,0,1
/media/ullmann/HDDGabriel/engines/UnrealEngine/Engine/Source/ThirdParty/ShaderConductor/ShaderConductor/External/DirectXShaderCompiler/lib/CodeGen/AllocationOrder.cpp,0,1,1
/media/ullmann/HDDGabriel/engines/UnrealEngine/Engine/Source/ThirdParty/Intel/TBB/IntelTBB-2019u8/src/test/test_blocked_rangeNd.cpp,0,2,2
/media/ullmann/HDDGabriel/engines/UnrealEngine/Engine/Source/ThirdParty/Python3/Win64/include/pystrtod.h,1,0,1
/media/ullmann/HDDGabriel/engines/UnrealEngine/Engine/Source/Developer/TraceServices/Private/Modules/CsvProfilerModule.cpp,0,1,1
/media/ullmann/HDDGabriel/engines/UnrealEngine/Engine/Source/ThirdParty/libcurl/include/Linux/aarch64-unknown-linux-gnueabi/curl/typecheck-gcc.h,1,0,1
/media/ullmann/HDDGabriel/engines/UnrealEngine/Engine/Source/ThirdParty/Intel/ISPCTexComp/ispc_texcomp/kernel_ispc.h,1,0,1
/media/ullmann/HDDGabriel/engines/UnrealEngine/Engine/Source/ThirdParty/Perforce/p4api-2015.2/include/p4/stdhdrs.h,1,0,1
/media/ullmann/HDDGabriel/engines/UnrealEngine/Engine/Source/Runtime/RenderCore/Public/VisualizeTexture.h,0,1,1
/media/ullmann/HDDGabriel/engines/UnrealEngine/Engine/Source/Runtime/CoreUObject/Public/UObject/ErrorException.h,1,0,1
/media/ullmann/HDDGabriel/engines/UnrealEngine/Engine/Source/ThirdParty/Android/libunwind/libunwind/src/mi/Lfind_dynamic_proc_info.c,0,1,1
/media/ullmann/HDDGabriel/engines/UnrealEngine/Engine/Source/ThirdParty/Android/libunwind/libunwind/src/mi/Gfind_dynamic_proc_info.c,1,0,1
/media/ullmann/HDDGabriel/engines/UnrealEngine/Engine/Source/Editor/UnrealEd/Public/Tools/InteractiveToolsCommands.h,0,1,1
/media/ullmann/HDDGabriel/engines/UnrealEngine/Engine/Source/Editor/UnrealEd/Public/Tools/StandardToolModeCommands.h,1,0,1
/media/ullmann/HDDGabriel/engines/UnrealEngine/Engine/Source/Editor/MovieSceneTools/Private/TrackEditors/CameraShakeTrackEditorBase.cpp,0,1,1
/media/ullmann/HDDGabriel/engines/UnrealEngine/Engine/Source/ThirdParty/SDL2/SDL-gui-backend/src/video/riscos/scancodes_riscos.h,1,0,1
/media/ullmann/HDDGabriel/engines/UnrealEngine/Engine/Source/Editor/PropertyEditor/Private/EditConditionParserTests.h,1,0,1
/media/ullmann/HDDGabriel/engines/UnrealEngine/Engine/Source/ThirdParty/PhysX3/APEX_1.4/NvParameterized/include/NvParametersTypes.h,1,0,1
/media/ullmann/HDDGabriel/engines/UnrealEngine/Engine/Source/ThirdParty/openexr/openexr-3.1.1/src/test/OpenEXRTest/testRgbaThreading.h,1,0,1
/media/ullmann/HDDGabriel/engines/UnrealEngine/Engine/Source/ThirdParty/PhysX3/APEX_1.4/module/destructible/fracture/Core/Delaunay3dBase.cpp,0,1,1
/media/ullmann/HDDGabriel/engines/UnrealEngine/Engine/Source/ThirdParty/OpenVDB/openvdb-8.1.0/openvdb_ax/openvdb_ax/test/frontend/TestLoopNode.cc,0,1,1
/media/ullmann/HDDGabriel/engines/UnrealEngine/Engine/Source/Runtime/AssetRegistry/Private/DependsNode.cpp,0,2,2
/media/ullmann/HDDGabriel/engines/UnrealEngine/Engine/Source/Editor/ViewportInteraction/Public/VIBaseTransformGizmo.h,1,1,2
/media/ullmann/HDDGabriel/engines/UnrealEngine/Engine/Source/ThirdParty/MCPP/mcpp-2.7.2/test-c/m_34_jis.c,0,1,1
/media/ullmann/HDDGabriel/engines/UnrealEngine/Engine/Source/ThirdParty/FreeImage/FreeImage-3.18.0/Source/LibTIFF4/tif_dirwrite.c,0,1,1
/media/ullmann/HDDGabriel/engines/UnrealEngine/Engine/Source/ThirdParty/ICU/icu4c-64_1/source/test/intltest/icusvtst.cpp,0,1,1
/media/ullmann/HDDGabriel/engines/UnrealEngine/Engine/Source/ThirdParty/Android/libunwind/libunwind/src/sh/Linit_remote.c,0,1,1
/media/ullmann/HDDGabriel/engines/UnrealEngine/Engine/Source/ThirdParty/Python3/Mac/include/pystrtod.h,1,0,1
/media/ullmann/HDDGabriel/engines/UnrealEngine/Engine/Source/ThirdParty/PhysX3/NvCloth/samples/external/nvToolsExt/1.0/include/nvToolsExtOpenCL.h,0,1,1
/media/ullmann/HDDGabriel/engines/UnrealEngine/Engine/Source/Editor/DetailCustomizations/Private/RenderPassesCustomization.h,2,0,2
/media/ullmann/HDDGabriel/engines/UnrealEngine/Engine/Source/ThirdParty/PhysX3/APEX_1.4/module/clothing/include/CookingPhysX.h,0,1,1
/media/ullmann/HDDGabriel/engines/UnrealEngine/Engine/Source/ThirdParty/OpenVDB/openvdb-8.1.0/openvdb_ax/openvdb_ax/codegen/SymbolTable.h,1,0,1
/media/ullmann/HDDGabriel/engines/UnrealEngine/Engine/Source/ThirdParty/PhysX3/APEX_1.4/module/emitter/include/EmitterGeomBoxImpl.h,0,1,1
/media/ullmann/HDDGabriel/engines/UnrealEngine/Engine/Source/ThirdParty/Crunch/src/crnlib/crn_sparse_array.h,1,0,1
/media/ullmann/HDDGabriel/engines/UnrealEngine/Engine/Source/Runtime/Experimental/GeometryCollectionEngine/Public/GeometryCollection/GeometryCollectionObject.h,1,0,1
/media/ullmann/HDDGabriel/engines/UnrealEngine/Engine/Source/ThirdParty/PhysX3/APEX_1.4/shared/general/meshimport/src/MeshImport/ExportPOVRay.cpp,0,1,1
/media/ullmann/HDDGabriel/engines/UnrealEngine/Engine/Source/ThirdParty/Android/libunwind/libunwind/src/aarch64/regname.c,0,1,1
/media/ullmann/HDDGabriel/engines/UnrealEngine/Engine/Source/ThirdParty/ICU/icu4c-64_1/source/test/intltest/winutil.cpp,0,1,1
/media/ullmann/HDDGabriel/engines/UnrealEngine/Engine/Source/ThirdParty/libPNG/libPNG-1.5.2/pngmem.c,0,1,1
/media/ullmann/HDDGabriel/engines/UnrealEngine/Engine/Source/ThirdParty/Intel/ISPC/ispc-1.17.0/examples/cpu/noise/noise.cpp,0,1,1
/media/ullmann/HDDGabriel/engines/UnrealEngine/Engine/Source/Runtime/Online/WebSockets/Private/WebSocketsLog.h,1,0,1
/media/ullmann/HDDGabriel/engines/UnrealEngine/Engine/Source/ThirdParty/ICU/icu4c-53_1/source/test/intltest/bidiconf.cpp,0,1,1
/media/ullmann/HDDGabriel/engines/UnrealEngine/Engine/Source/ThirdParty/ICU/icu4c-53_1/source/extra/scrptrun/srtest.cpp,0,1,1
/media/ullmann/HDDGabriel/engines/UnrealEngine/Engine/Source/ThirdParty/nvTextureTools/nvTextureTools-2.0.6/src/src/nvtt/cuda/CudaUtils.cpp,0,1,1
/media/ullmann/HDDGabriel/engines/UnrealEngine/Engine/Source/Runtime/Engine/Private/Materials/MaterialExpressions.cpp,0,1,1
/media/ullmann/HDDGabriel/engines/UnrealEngine/Engine/Source/Editor/LevelEditor/Private/LightEditorSubsystem.cpp,0,1,1
/media/ullmann/HDDGabriel/engines/UnrealEngine/Engine/Source/Editor/LevelEditor/Private/LightEditorSubsystem.h,1,0,1
/media/ullmann/HDDGabriel/engines/UnrealEngine/Engine/Source/ThirdParty/zlib/zlib-1.2.5/Src/contrib/minizip/minizip.c,0,1,1
/media/ullmann/HDDGabriel/engines/UnrealEngine/Engine/Source/ThirdParty/PhysX3/PhysX_3.4/Source/GeomUtils/src/pcm/GuPCMContactPlaneCapsule.cpp,0,1,1
/media/ullmann/HDDGabriel/engines/UnrealEngine/Engine/Source/ThirdParty/nvTextureTools/nvTextureTools-2.0.8/src/src/nvtt/tools/assemble.cpp,0,1,1
/media/ullmann/HDDGabriel/engines/UnrealEngine/Engine/Source/Developer/AutomationController/Private/AutomationReport.cpp,0,1,1
/media/ullmann/HDDGabriel/engines/UnrealEngine/Engine/Source/ThirdParty/Intel/MetricsDiscovery/MetricsDiscoveryHelper/samples/range_sample_dx11/imgui/misc/freetype/imgui_freetype.cpp,0,1,1
/media/ullmann/HDDGabriel/engines/UnrealEngine/Engine/Source/ThirdParty/Intel/MetricsDiscovery/MetricsDiscoveryHelper/samples/range_sample_dx11/imgui/misc/freetype/imgui_freetype.h,1,0,1
/media/ullmann/HDDGabriel/engines/UnrealEngine/Engine/Source/ThirdParty/PhysX3/PhysX_3.4/Source/SimulationController/include/ScConstraintCore.h,1,0,1
/media/ullmann/HDDGabriel/engines/UnrealEngine/Engine/Source/ThirdParty/PhysX3/APEX_1.4/module/clothing/embedded/ExtClothMeshQuadifier.cpp,0,2,2
/media/ullmann/HDDGabriel/engines/UnrealEngine/Engine/Source/Editor/ContentBrowser/Private/SSearchToggleButton.cpp,0,1,1
/media/ullmann/HDDGabriel/engines/UnrealEngine/Engine/Source/ThirdParty/libOpus/opus-1.3.1-12/silk/tables_LTP.c,0,1,1
/media/ullmann/HDDGabriel/engines/UnrealEngine/Engine/Source/ThirdParty/libOpus/opus-1.3.1-12/celt/mips/fixed_generic_mipsr1.h,1,0,1
/media/ullmann/HDDGabriel/engines/UnrealEngine/Engine/Source/ThirdParty/WebRTC/4147/Include/third_party/libvpx/source/libvpx/webmdec.h,1,1,2
/media/ullmann/HDDGabriel/engines/UnrealEngine/Engine/Source/ThirdParty/libOpus/opus-1.0.3/silk/NLSF_decode.c,0,1,1
/media/ullmann/HDDGabriel/engines/UnrealEngine/Engine/Source/Programs/HeadlessChaos/Private/HeadlessChaosTestJointPlasticity.cpp,0,1,1
/media/ullmann/HDDGabriel/engines/UnrealEngine/Engine/Source/ThirdParty/PhysX3/PxShared/src/foundation/include/unix/PsUnixInlineAoS.h,1,2,3
/media/ullmann/HDDGabriel/engines/UnrealEngine/Engine/Source/Editor/DetailCustomizations/Private/MotionControllerSourceCustomization.cpp,0,1,1
/media/ullmann/HDDGabriel/engines/UnrealEngine/Engine/Source/Developer/TraceServices/Private/Analyzers/TasksAnalysis.cpp,0,1,1
/media/ullmann/HDDGabriel/engines/UnrealEngine/Engine/Source/Developer/TraceServices/Private/Analyzers/TasksAnalysis.h,1,0,1
/media/ullmann/HDDGabriel/engines/UnrealEngine/Engine/Source/ThirdParty/OpenSubdiv/OpenSubdiv-3.4.4/opensubdiv/osd/glslPatchShaderSource.cpp,0,1,1
/media/ullmann/HDDGabriel/engines/UnrealEngine/Engine/Source/ThirdParty/openexr/openexr-3.1.1/src/test/OpenEXRTest/testOptimizedInterleavePatterns.h,1,0,1
/media/ullmann/HDDGabriel/engines/UnrealEngine/Engine/Source/ThirdParty/zlib/zlib-1.2.5/Src/contrib/minizip/ioapi.c,0,1,1
/media/ullmann/HDDGabriel/engines/UnrealEngine/Engine/Source/ThirdParty/EOSSDK/SDK/Include/eos_metrics.h,0,1,1
/media/ullmann/HDDGabriel/engines/UnrealEngine/Engine/Source/Developer/ProjectLauncher/Private/Widgets/Build/SProjectLauncherBuildPage.cpp,0,1,1
/media/ullmann/HDDGabriel/engines/UnrealEngine/Engine/Source/Developer/ProjectLauncher/Private/Widgets/Build/SProjectLauncherBuildPage.h,1,0,1
/media/ullmann/HDDGabriel/engines/UnrealEngine/Engine/Source/ThirdParty/FreeType2/FreeType2-2.4.12/Builds/vms/ftsystem.c,0,1,1
/media/ullmann/HDDGabriel/engines/UnrealEngine/Engine/Source/ThirdParty/FreeType2/FreeType2-2.4.12/Builds/vms/ftconfig.h,1,0,1
/media/ullmann/HDDGabriel/engines/UnrealEngine/Engine/Source/ThirdParty/ICU/icu4c-64_1/source/test/intltest/numbertest_doubleconversion.cpp,0,1,1
/media/ullmann/HDDGabriel/engines/UnrealEngine/Engine/Source/ThirdParty/MCPP/mcpp-2.7.2/test-c/n_12.c,0,1,1
/media/ullmann/HDDGabriel/engines/UnrealEngine/Engine/Source/Developer/TraceInsights/Private/Insights/NetworkingProfiler/Widgets/SNetStatsViewTooltip.cpp,0,1,1
/media/ullmann/HDDGabriel/engines/UnrealEngine/Engine/Source/Developer/TraceInsights/Private/Insights/NetworkingProfiler/Widgets/SNetStatsViewTooltip.h,1,0,1
/media/ullmann/HDDGabriel/engines/UnrealEngine/Engine/Source/Runtime/Core/Public/Misc/AutomationTest.h,1,0,1
/media/ullmann/HDDGabriel/engines/UnrealEngine/Engine/Source/Editor/Kismet/Public/BlueprintEditorModes.h,0,1,1
/media/ullmann/HDDGabriel/engines/UnrealEngine/Engine/Source/ThirdParty/HarfBuzz/harfbuzz-1.2.4/src/hb-gobject-structs.cc,0,2,2
/media/ullmann/HDDGabriel/engines/UnrealEngine/Engine/Source/ThirdParty/FreeImage/FreeImage-3.18.0/TestAPI/testMemIO.cpp,0,1,1
/media/ullmann/HDDGabriel/engines/UnrealEngine/Engine/Source/ThirdParty/Android/libunwind/libunwind/src/x86/Lcreate_addr_space.c,0,1,1
/media/ullmann/HDDGabriel/engines/UnrealEngine/Engine/Source/Editor/MeshPaint/Private/MeshPaintModule.cpp,0,1,1
/media/ullmann/HDDGabriel/engines/UnrealEngine/Engine/Source/ThirdParty/Imath/Imath-3.1.3/src/ImathTest/testRoots.cpp,0,1,1
/media/ullmann/HDDGabriel/engines/UnrealEngine/Engine/Source/ThirdParty/Python3/Mac/include/odictobject.h,1,0,1
/media/ullmann/HDDGabriel/engines/UnrealEngine/Engine/Source/ThirdParty/Intel/TBB/IntelTBB-2019u8/src/rml/server/job_automaton.h,1,0,1
/media/ullmann/HDDGabriel/engines/UnrealEngine/Engine/Source/ThirdParty/FreeType2/FreeType2-2.6/Include/ftcffdrv.h,0,1,1
/media/ullmann/HDDGabriel/engines/UnrealEngine/Engine/Source/ThirdParty/ICU/icu4c-64_1/source/test/intltest/tzrulets.cpp,0,1,1
/media/ullmann/HDDGabriel/engines/UnrealEngine/Engine/Source/Runtime/Engine/Public/Animation/AnimTrace.h,0,1,1
/media/ullmann/HDDGabriel/engines/UnrealEngine/Engine/Source/Runtime/Engine/Public/Animation/AnimAttributes.h,1,0,1
/media/ullmann/HDDGabriel/engines/UnrealEngine/Engine/Source/ThirdParty/Windows/glTF-Toolkit/glTF-Toolkit/inc/GLTFTextureUtils.h,0,1,1
/media/ullmann/HDDGabriel/engines/UnrealEngine/Engine/Source/ThirdParty/libOpus/opus-1.3.1-12/celt/x86/vq_sse.h,1,0,1
/media/ullmann/HDDGabriel/engines/UnrealEngine/Engine/Source/ThirdParty/ShaderConductor/ShaderConductor/External/DirectXShaderCompiler/lib/CodeGen/LiveInterval.cpp,0,1,1
/media/ullmann/HDDGabriel/engines/UnrealEngine/Engine/Source/Developer/AssetTools/Private/AssetTypeActions/AssetTypeActions_Material.h,1,0,1
/media/ullmann/HDDGabriel/engines/UnrealEngine/Engine/Source/ThirdParty/FBX/2020.2/include/fbxsdk/scene/geometry/fbxskeleton.h,1,0,1
/media/ullmann/HDDGabriel/engines/UnrealEngine/Engine/Source/ThirdParty/ICU/icu4c-53_1/source/test/perf/leperf/FontObject.cpp,0,1,1
/media/ullmann/HDDGabriel/engines/UnrealEngine/Engine/Source/ThirdParty/ICU/icu4c-53_1/source/test/perf/leperf/FontObject.h,1,0,1
/media/ullmann/HDDGabriel/engines/UnrealEngine/Engine/Source/Programs/Enterprise/Datasmith/DatasmithMaxExporter/Private/MaxMaterialsToUEPbr/DatasmithMaxCoronaMaterialsToUEPbr.h,0,1,1
/media/ullmann/HDDGabriel/engines/UnrealEngine/Engine/Source/ThirdParty/Steamworks/Steamv146/sdk/public/steam/steam_api_internal.h,1,0,1
/media/ullmann/HDDGabriel/engines/UnrealEngine/Engine/Source/ThirdParty/PhysX3/PhysX_3.4/Source/PhysXExtensions/src/serialization/Xml/SnSimpleXmlWriter.h,1,1,2
/media/ullmann/HDDGabriel/engines/UnrealEngine/Engine/Source/ThirdParty/FreeImage/FreeImage-3.18.0/Source/LibTIFF4/tif_wince.c,0,1,1
/media/ullmann/HDDGabriel/engines/UnrealEngine/Engine/Source/ThirdParty/Eigen/Eigen/src/Core/util/MKL_support.h,0,1,1
/media/ullmann/HDDGabriel/engines/UnrealEngine/Engine/Source/ThirdParty/EOSSDK/SDK/Include/eos_achievements_types_deprecated.inl,1,0,1
/media/ullmann/HDDGabriel/engines/UnrealEngine/Engine/Source/ThirdParty/ShaderConductor/ShaderConductor/External/DirectXShaderCompiler/tools/clang/lib/StaticAnalyzer/Checkers/MallocSizeofChecker.cpp,0,1,1
/media/ullmann/HDDGabriel/engines/UnrealEngine/Engine/Source/ThirdParty/ICU/icu4c-53_1/source/layoutex/LXUtilities.cpp,0,1,1
/media/ullmann/HDDGabriel/engines/UnrealEngine/Engine/Source/ThirdParty/ICU/icu4c-64_1/source/test/intltest/citrtest.cpp,0,1,1
/media/ullmann/HDDGabriel/engines/UnrealEngine/Engine/Source/Programs/Mac/UnrealEditorServices/Private/Mac/UnrealEditorServicesMain.cpp,0,1,1
/media/ullmann/HDDGabriel/engines/UnrealEngine/Engine/Source/ThirdParty/FreeImage/FreeImage-3.18.0/TestAPI/testWrappedBuffer.cpp,0,1,1
/media/ullmann/HDDGabriel/engines/UnrealEngine/Engine/Source/ThirdParty/OpenSubdiv/OpenSubdiv-3.4.4/regression/shapes/loop_nonman_edge100.h,1,0,1
/media/ullmann/HDDGabriel/engines/UnrealEngine/Engine/Source/ThirdParty/PhysX3/APEX_1.4/module/clothing_legacy/include/autogen/ClothingAssetParameters_0p7.h,1,0,1
/media/ullmann/HDDGabriel/engines/UnrealEngine/Engine/Source/Editor/Persona/Private/SAnimationDlgs.cpp,0,1,1
/media/ullmann/HDDGabriel/engines/UnrealEngine/Engine/Source/Editor/Persona/Private/SAnimationDlgs.h,2,0,2
/media/ullmann/HDDGabriel/engines/UnrealEngine/Engine/Source/ThirdParty/Intel/Embree/Embree2140/src/kernels/subdiv/tessellation_cache.cpp,0,1,1
/media/ullmann/HDDGabriel/engines/UnrealEngine/Engine/Source/Editor/UndoHistory/Private/UndoHistoryModule.cpp,0,1,1
/media/ullmann/HDDGabriel/engines/UnrealEngine/Engine/Source/Editor/UndoHistory/Private/Widgets/SUndoHistory.h,1,0,1
/media/ullmann/HDDGabriel/engines/UnrealEngine/Engine/Source/ThirdParty/PhysX3/PhysX_3.4/Source/SimulationController/src/ScTriggerPairs.h,2,0,2
/media/ullmann/HDDGabriel/engines/UnrealEngine/Engine/Source/ThirdParty/WebRTC/4147/Include/third_party/libyuv/include/libyuv/convert.h,1,0,1
/media/ullmann/HDDGabriel/engines/UnrealEngine/Engine/Source/Editor/AnimationEditor/Private/AnimationEditorCommands.cpp,0,1,1
/media/ullmann/HDDGabriel/engines/UnrealEngine/Engine/Source/ThirdParty/mtlpp/mtlpp-master-7efad47/interpose/MTILibrary.hpp,0,1,1
/media/ullmann/HDDGabriel/engines/UnrealEngine/Engine/Source/ThirdParty/FreeType2/FreeType2-2.6/Src/sfnt/ttcmapc.h,1,0,1
/media/ullmann/HDDGabriel/engines/UnrealEngine/Engine/Source/Editor/CurveEditor/Private/DragOperations/CurveEditorDragOperation_Zoom.h,2,0,2
/media/ullmann/HDDGabriel/engines/UnrealEngine/Engine/Source/Runtime/Core/Public/UObject/PlatformObjectVersion.h,1,0,1
/media/ullmann/HDDGabriel/engines/UnrealEngine/Engine/Source/ThirdParty/PhysX3/PxShared/src/foundation/include/PsSList.h,0,1,1
/media/ullmann/HDDGabriel/engines/UnrealEngine/Engine/Source/ThirdParty/Python3/Mac/include/eval.h,1,0,1
/media/ullmann/HDDGabriel/engines/UnrealEngine/Engine/Source/Runtime/D3D12RHI/Private/D3D12Resources.cpp,0,1,1
/media/ullmann/HDDGabriel/engines/UnrealEngine/Engine/Source/Developer/TraceInsights/Private/Insights/Table/Widgets/SUntypedTableTreeView.cpp,0,1,1
/media/ullmann/HDDGabriel/engines/UnrealEngine/Engine/Source/Developer/TraceInsights/Private/Insights/Table/Widgets/SUntypedTableTreeView.h,1,0,1
/media/ullmann/HDDGabriel/engines/UnrealEngine/Engine/Source/ThirdParty/ICU/icu4c-64_1/source/test/perf/leperf/FontObject.cpp,0,1,1
/media/ullmann/HDDGabriel/engines/UnrealEngine/Engine/Source/ThirdParty/ICU/icu4c-64_1/source/test/perf/leperf/FontObject.h,1,0,1
/media/ullmann/HDDGabriel/engines/UnrealEngine/Engine/Source/ThirdParty/libjpeg-turbo/include/jdsample.h,0,1,1
/media/ullmann/HDDGabriel/engines/UnrealEngine/Engine/Source/ThirdParty/libOpus/opus-1.0.3/silk/float/residual_energy_FLP.c,0,1,1
/media/ullmann/HDDGabriel/engines/UnrealEngine/Engine/Source/ThirdParty/ICU/icu4c-64_1/source/i18n/ucln_in.cpp,0,1,1
/media/ullmann/HDDGabriel/engines/UnrealEngine/Engine/Source/Editor/UnrealEd/Public/UnrealEdGlobals.h,1,0,1
/media/ullmann/HDDGabriel/engines/UnrealEngine/Engine/Source/ThirdParty/FreeType2/FreeType2-2.4.12/src/pfr/pfrdrivr.h,1,0,1
/media/ullmann/HDDGabriel/engines/UnrealEngine/Engine/Source/ThirdParty/FBX/2020.2/include/fbxsdk/scene/constraint/fbxcharacter.h,1,0,1
/media/ullmann/HDDGabriel/engines/UnrealEngine/Engine/Source/Runtime/SymsLib/syms/overrides/syms_default_arena.h,1,0,1
/media/ullmann/HDDGabriel/engines/UnrealEngine/Engine/Source/Editor/BlueprintGraph/Classes/K2Node_EaseFunction.h,0,1,1
/media/ullmann/HDDGabriel/engines/UnrealEngine/Engine/Source/Runtime/HeadMountedDisplay/Public/DefaultXRLoadingScreen.h,0,1,1
/media/ullmann/HDDGabriel/engines/UnrealEngine/Engine/Source/ThirdParty/HarfBuzz/harfbuzz-2.4.0/src/hb-ot-shape-complex-arabic-fallback.hh,1,0,1
/media/ullmann/HDDGabriel/engines/UnrealEngine/Engine/Source/Developer/TraceInsights/Private/Insights/ViewModels/MarkersTimingTrack.cpp,0,1,1
/media/ullmann/HDDGabriel/engines/UnrealEngine/Engine/Source/Developer/TraceInsights/Private/Insights/ViewModels/MarkersTimingTrack.h,1,0,1
/media/ullmann/HDDGabriel/engines/UnrealEngine/Engine/Source/Editor/AudioEditor/Private/AssetTypeActions/AssetTypeActions_DialogueVoice.h,1,0,1
/media/ullmann/HDDGabriel/engines/UnrealEngine/Engine/Source/ThirdParty/Android/libunwind/libunwind/include/mempool.h,0,1,1
/media/ullmann/HDDGabriel/engines/UnrealEngine/Engine/Source/ThirdParty/PhysX3/PhysX_3.4/Source/PhysXExtensions/src/ExtJoint.cpp,0,1,1
/media/ullmann/HDDGabriel/engines/UnrealEngine/Engine/Source/ThirdParty/Intel/Embree/Embree270/src/kernels/xeon/bvh4/bvh4_builder_subdiv.avx.cpp,0,1,1
/media/ullmann/HDDGabriel/engines/UnrealEngine/Engine/Source/ThirdParty/MCPP/mcpp-2.7.2/test-c/i_35_3.c,0,1,1
/media/ullmann/HDDGabriel/engines/UnrealEngine/Engine/Source/ThirdParty/FreeType2/FreeType2-2.4.12/src/pcf/pcf.h,2,0,2
/media/ullmann/HDDGabriel/engines/UnrealEngine/Engine/Source/ThirdParty/WebRTC/4147/Include/tools/clang/blink_gc_plugin/tests/persistent_no_trace.h,0,1,1
/media/ullmann/HDDGabriel/engines/UnrealEngine/Engine/Source/Developer/ProfilerClient/Private/ProfilerClientManager.cpp,0,1,1
/media/ullmann/HDDGabriel/engines/UnrealEngine/Engine/Source/ThirdParty/nvTextureTools/nvTextureTools-2.0.6/src/src/nvtt/squish/colourset.cpp,0,1,1
/media/ullmann/HDDGabriel/engines/UnrealEngine/Engine/Source/Editor/AnimationBlueprintEditor/Private/AnimationNodes/SGraphNodeLayeredBoneBlend.h,1,0,1
/media/ullmann/HDDGabriel/engines/UnrealEngine/Engine/Source/ThirdParty/FreeType2/FreeType2-2.6/Src/type42/t42drivr.h,1,0,1
/media/ullmann/HDDGabriel/engines/UnrealEngine/Engine/Source/ThirdParty/ICU/icu4c-53_1/source/test/intltest/cpdtrtst.cpp,0,1,1
/media/ullmann/HDDGabriel/engines/UnrealEngine/Engine/Source/Editor/ClothPainter/Private/SCopyVertexColorSettingsPanel.cpp,0,1,1
/media/ullmann/HDDGabriel/engines/UnrealEngine/Engine/Source/ThirdParty/ShaderConductor/ShaderConductor/External/DirectXShaderCompiler/lib/CodeGen/MIRPrinter.cpp,0,1,1
/media/ullmann/HDDGabriel/engines/UnrealEngine/Engine/Source/Runtime/Engine/Public/ScreenRendering.h,0,1,1
/media/ullmann/HDDGabriel/engines/UnrealEngine/Engine/Source/ThirdParty/FBX/2020.2/include/fbxsdk/core/base/fbxstringlist.h,1,0,1
/media/ullmann/HDDGabriel/engines/UnrealEngine/Engine/Source/ThirdParty/EOSSDK/SDK/Bin/Android/include/eos_rtc_admin.h,0,1,1
/media/ullmann/HDDGabriel/engines/UnrealEngine/Engine/Source/ThirdParty/ShaderConductor/ShaderConductor/External/SPIRV-Cross/include/spirv_cross/sampler.hpp,1,0,1
/media/ullmann/HDDGabriel/engines/UnrealEngine/Engine/Source/ThirdParty/Intel/ISPC/ispc-1.17.0/benchmarks/01_trivial/05_packed_load_store.cpp,0,1,1
/media/ullmann/HDDGabriel/engines/UnrealEngine/Engine/Source/ThirdParty/llvm/8/include/llvm/DebugInfo/PDB/DIA/DIARawSymbol.h,0,1,1
/media/ullmann/HDDGabriel/engines/UnrealEngine/Engine/Source/Editor/AnimGraph/Public/AnimGraphNode_PoseBlendNode.h,0,1,1
/media/ullmann/HDDGabriel/engines/UnrealEngine/Engine/Source/ThirdParty/FreeImage/FreeImage-3.18.0/Source/LibOpenJPEG/event.c,0,1,1
/media/ullmann/HDDGabriel/engines/UnrealEngine/Engine/Source/ThirdParty/HarfBuzz/harfbuzz-1.2.4/src/hb-ot-layout-gsub-table.hh,1,0,1
/media/ullmann/HDDGabriel/engines/UnrealEngine/Engine/Source/ThirdParty/MCPP/mcpp-2.7.2/cpp-test/test-l/nest102.h,1,1,2
/media/ullmann/HDDGabriel/engines/UnrealEngine/Engine/Source/ThirdParty/ShaderConductor/ShaderConductor/External/DirectXShaderCompiler/lib/Support/Windows/Process.inc,1,0,1
/media/ullmann/HDDGabriel/engines/UnrealEngine/Engine/Source/Runtime/BinkAudioDecoder/SDK/BinkAudio/Src/binka_ue_decode.cpp,0,1,1
/media/ullmann/HDDGabriel/engines/UnrealEngine/Engine/Source/ThirdParty/Android/libunwind/libunwind/src/hppa/Lcreate_addr_space.c,0,1,1
/media/ullmann/HDDGabriel/engines/UnrealEngine/Engine/Source/ThirdParty/ShaderConductor/ShaderConductor/External/DirectXShaderCompiler/tools/clang/lib/Analysis/FormatString.cpp,0,1,1
/media/ullmann/HDDGabriel/engines/UnrealEngine/Engine/Source/Developer/RigVMDeveloper/Public/RigVMModel/RigVMControllerActions.h,0,1,1
/media/ullmann/HDDGabriel/engines/UnrealEngine/Engine/Source/Editor/CurveEditor/Private/CurveEditorEditObjectContainer.h,1,0,1
/media/ullmann/HDDGabriel/engines/UnrealEngine/Engine/Source/ThirdParty/ShaderConductor/ShaderConductor/External/SPIRV-Tools/source/fuzz/fuzzer_pass_interchange_signedness_of_integer_operands.cpp,0,1,1
/media/ullmann/HDDGabriel/engines/UnrealEngine/Engine/Source/ThirdParty/ShaderConductor/ShaderConductor/External/SPIRV-Tools/source/fuzz/fuzzer_pass_interchange_signedness_of_integer_operands.h,1,0,1
/media/ullmann/HDDGabriel/engines/UnrealEngine/Engine/Source/ThirdParty/libOpus/opus-1.1/silk/fixed/warped_autocorrelation_FIX.c,0,1,1
/media/ullmann/HDDGabriel/engines/UnrealEngine/Engine/Source/Developer/DerivedDataCache/Private/DerivedDataBuildSession.cpp,0,1,1
/media/ullmann/HDDGabriel/engines/UnrealEngine/Engine/Source/ThirdParty/ICU/icu4c-53_1/source/tools/tzcode/tz2icu.h,2,0,2
/media/ullmann/HDDGabriel/engines/UnrealEngine/Engine/Source/ThirdParty/Vulkan/Include/vulkan/vulkan_ggp.h,1,0,1
/media/ullmann/HDDGabriel/engines/UnrealEngine/Engine/Source/ThirdParty/llvm/8/include/llvm/DebugInfo/PDB/DIA/DIATable.h,0,1,1
/media/ullmann/HDDGabriel/engines/UnrealEngine/Engine/Source/ThirdParty/Intel/Embree/Embree2140/src/common/sys/regression.cpp,0,1,1
/media/ullmann/HDDGabriel/engines/UnrealEngine/Engine/Source/Programs/HeadlessChaos/Private/HeadlessChaosTestConvex.cpp,0,1,1
/media/ullmann/HDDGabriel/engines/UnrealEngine/Engine/Source/Programs/HeadlessChaos/Resource/TestGeometry2.h,1,0,1
/media/ullmann/HDDGabriel/engines/UnrealEngine/Engine/Source/Editor/Persona/Public/IPersonaPreviewScene.h,0,1,1
/media/ullmann/HDDGabriel/engines/UnrealEngine/Engine/Source/Editor/Persona/Public/PersonaSelectionProxies.h,1,0,1
/media/ullmann/HDDGabriel/engines/UnrealEngine/Engine/Source/ThirdParty/libOpus/opus-1.1/silk/encode_pulses.c,0,1,1
/media/ullmann/HDDGabriel/engines/UnrealEngine/Engine/Source/ThirdParty/ShaderConductor/ShaderConductor/External/DirectXShaderCompiler/include/llvm/DebugInfo/PDB/DIA/DIAEnumSourceFiles.h,0,1,1
/media/ullmann/HDDGabriel/engines/UnrealEngine/Engine/Source/ThirdParty/Windows/glTF-Toolkit/glTF-Toolkit.UWP/pch.cpp,0,1,1
/media/ullmann/HDDGabriel/engines/UnrealEngine/Engine/Source/Runtime/ClothingSystemRuntimeInterface/Public/ClothCollisionData.h,0,1,1
/media/ullmann/HDDGabriel/engines/UnrealEngine/Engine/Source/Runtime/ClothingSystemRuntimeInterface/Public/ClothCollisionPrim.h,1,0,1
/media/ullmann/HDDGabriel/engines/UnrealEngine/Engine/Source/Runtime/GeometryCore/Public/Generators/RectangleMeshGenerator.h,0,1,1
/media/ullmann/HDDGabriel/engines/UnrealEngine/Engine/Source/ThirdParty/Intel/Embree/Embree270/src/kernels/algorithms/pmap.cpp,0,1,1
/media/ullmann/HDDGabriel/engines/UnrealEngine/Engine/Source/ThirdParty/llvm/8/include/llvm/DebugInfo/PDB/DIA/DIAEnumFrameData.h,0,1,1
/media/ullmann/HDDGabriel/engines/UnrealEngine/Engine/Source/ThirdParty/PhysX3/APEX_1.4/include/nvparameterized/NvParameterizedTraits.h,1,0,1
/media/ullmann/HDDGabriel/engines/UnrealEngine/Engine/Source/ThirdParty/EOSSDK/SDK/Bin/Android/include/eos_metrics.h,0,1,1
/media/ullmann/HDDGabriel/engines/UnrealEngine/Engine/Source/ThirdParty/ICU/icu4c-53_1/source/i18n/decContext.h,2,0,2
/media/ullmann/HDDGabriel/engines/UnrealEngine/Engine/Source/Editor/SequencerWidgets/Public/ISequencerWidgetsModule.h,0,1,1
/media/ullmann/HDDGabriel/engines/UnrealEngine/Engine/Source/ThirdParty/libcurl/7_65_3/include/Unix/aarch64-unknown-linux-gnueabi/curl/mprintf.h,0,1,1
/media/ullmann/HDDGabriel/engines/UnrealEngine/Engine/Source/Runtime/Slate/Public/Widgets/Layout/SWidgetSwitcher.h,1,0,1
/media/ullmann/HDDGabriel/engines/UnrealEngine/Engine/Source/ThirdParty/mtlpp/mtlpp-master-7efad47/examples/03_compute.cpp,0,1,1
/media/ullmann/HDDGabriel/engines/UnrealEngine/Engine/Source/ThirdParty/PhysX3/PhysX_3.4/Tools/PhysXMetaDataGenerator/PxVehicleExtensionAPI.h,0,1,1
/media/ullmann/HDDGabriel/engines/UnrealEngine/Engine/Source/ThirdParty/WebRTC/4147/Include/base/third_party/xdg_mime/xdgmimeglob.h,0,1,1
/media/ullmann/HDDGabriel/engines/UnrealEngine/Engine/Source/ThirdParty/libOpus/opus-1.0.3/silk/macros.h,1,0,1
/media/ullmann/HDDGabriel/engines/UnrealEngine/Engine/Source/Runtime/UMG/Public/Binding/DynamicPropertyPath.h,1,0,1
/media/ullmann/HDDGabriel/engines/UnrealEngine/Engine/Source/ThirdParty/Android/libunwind/libunwind/src/unwind/Resume.c,0,1,1
/media/ullmann/HDDGabriel/engines/UnrealEngine/Engine/Source/ThirdParty/OpenVDB/openvdb-8.1.0/openvdb_ax/openvdb_ax/ax.h,1,0,1
/media/ullmann/HDDGabriel/engines/UnrealEngine/Engine/Source/ThirdParty/WebRTC/4147/Include/third_party/libvpx/source/config/linux/arm64-highbd/vpx_scale_rtcd.h,0,1,1
/media/ullmann/HDDGabriel/engines/UnrealEngine/Engine/Source/Editor/BlueprintGraph/Classes/K2Node_InputAxisEvent.h,0,1,1
/media/ullmann/HDDGabriel/engines/UnrealEngine/Engine/Source/ThirdParty/Android/libunwind/libunwind/src/unwind/GetGR.c,0,1,1
/media/ullmann/HDDGabriel/engines/UnrealEngine/Engine/Source/ThirdParty/libcurl/7_75_0/include/Android/curl/typecheck-gcc.h,1,0,1
/media/ullmann/HDDGabriel/engines/UnrealEngine/Engine/Source/ThirdParty/FBX/2020.2/include/fbxsdk/core/fbxpropertytypes.h,1,0,1
/media/ullmann/HDDGabriel/engines/UnrealEngine/Engine/Source/Runtime/Renderer/Private/SkyPassRendering.h,2,0,2
/media/ullmann/HDDGabriel/engines/UnrealEngine/Engine/Source/Runtime/Slate/Private/Framework/Docking/SDockingNode.h,3,0,3
/media/ullmann/HDDGabriel/engines/UnrealEngine/Engine/Source/ThirdParty/ICU/icu4c-53_1/source/test/perf/DateFmtPerf/DateFmtPerf.cpp,0,1,1
/media/ullmann/HDDGabriel/engines/UnrealEngine/Engine/Source/ThirdParty/ShaderConductor/ShaderConductor/External/DirectXShaderCompiler/tools/clang/lib/StaticAnalyzer/Checkers/CheckSizeofPointer.cpp,0,1,1
/media/ullmann/HDDGabriel/engines/UnrealEngine/Engine/Source/ThirdParty/nvTextureTools/nvTextureTools-2.0.6/src/src/nvtt/squish/simd_ve.h,1,0,1
/media/ullmann/HDDGabriel/engines/UnrealEngine/Engine/Source/ThirdParty/CryptoPP/5.6.5/include/sha3.cpp,0,2,2
/media/ullmann/HDDGabriel/engines/UnrealEngine/Engine/Source/ThirdParty/ICU/icu4c-53_1/source/i18n/utmscale.c,0,1,1
/media/ullmann/HDDGabriel/engines/UnrealEngine/Engine/Source/ThirdParty/MCPP/mcpp-2.7.2/cpp-test/test-l/nest55.h,1,1,2
/media/ullmann/HDDGabriel/engines/UnrealEngine/Engine/Source/Editor/ClassViewer/Private/ClassViewerFilter.cpp,0,1,1
/media/ullmann/HDDGabriel/engines/UnrealEngine/Engine/Source/ThirdParty/FreeType2/FreeType2-2.6/Include/ftmac.h,0,1,1
/media/ullmann/HDDGabriel/engines/UnrealEngine/Engine/Source/ThirdParty/ShaderConductor/ShaderConductor/External/DirectXShaderCompiler/tools/clang/lib/ASTMatchers/Dynamic/Registry.cpp,0,1,1
/media/ullmann/HDDGabriel/engines/UnrealEngine/Engine/Source/ThirdParty/ShaderConductor/ShaderConductor/External/DirectXShaderCompiler/tools/clang/lib/ASTMatchers/Dynamic/Marshallers.h,1,0,1
/media/ullmann/HDDGabriel/engines/UnrealEngine/Engine/Source/ThirdParty/FreeType2/FreeType2-2.4.12/src/cff/cf2stack.h,2,0,2
/media/ullmann/HDDGabriel/engines/UnrealEngine/Engine/Source/Editor/PropertyEditor/Public/IPropertyTable.h,0,1,1
/media/ullmann/HDDGabriel/engines/UnrealEngine/Engine/Source/ThirdParty/zlib/zlib-1.2.5/Src/gzclose.c,0,1,1
/media/ullmann/HDDGabriel/engines/UnrealEngine/Engine/Source/Developer/IoStoreUtilities/Private/ZenStoreWriter.cpp,0,1,1
/media/ullmann/HDDGabriel/engines/UnrealEngine/Engine/Source/ThirdParty/FBX/2020.2/include/fbxsdk/scene/geometry/fbxnodeattribute.h,1,0,1
/media/ullmann/HDDGabriel/engines/UnrealEngine/Engine/Source/Runtime/Windows/WindowsPlatformFeatures/Private/WmfMp4Writer.cpp,0,1,1
/media/ullmann/HDDGabriel/engines/UnrealEngine/Engine/Source/Editor/StatsViewer/Private/StatsPages/ShaderCookerStatsPage.cpp,0,1,1
/media/ullmann/HDDGabriel/engines/UnrealEngine/Engine/Source/Runtime/SlateCore/Public/Fonts/FontTypes.h,1,0,1
/media/ullmann/HDDGabriel/engines/UnrealEngine/Engine/Source/Developer/DerivedDataCache/Private/DerivedDataBuildDefinition.cpp,0,1,1
/media/ullmann/HDDGabriel/engines/UnrealEngine/Engine/Source/ThirdParty/WebRTC/4147/Include/base/third_party/valgrind/memcheck.h,0,1,1
/media/ullmann/HDDGabriel/engines/UnrealEngine/Engine/Source/ThirdParty/WebRTC/4147/Include/base/third_party/valgrind/valgrind.h,1,0,1
/media/ullmann/HDDGabriel/engines/UnrealEngine/Engine/Source/Editor/Kismet/Private/BlueprintWarningsConfigurationPanel.cpp,0,1,1
/media/ullmann/HDDGabriel/engines/UnrealEngine/Engine/Source/Editor/Kismet/Private/BlueprintWarningsConfigurationPanel.h,1,0,1
/media/ullmann/HDDGabriel/engines/UnrealEngine/Engine/Source/ThirdParty/Imath/Imath-3.1.3/src/ImathTest/testToFloat.h,1,0,1
/media/ullmann/HDDGabriel/engines/UnrealEngine/Engine/Source/Editor/BlueprintGraph/Classes/K2Node_Timeline.h,0,1,1
/media/ullmann/HDDGabriel/engines/UnrealEngine/Engine/Source/ThirdParty/Android/libunwind/libunwind/src/mips/Linit_remote.c,0,1,1
/media/ullmann/HDDGabriel/engines/UnrealEngine/Engine/Source/Developer/AutomationDriver/Private/Locators/SlateWidgetLocatorByPath.cpp,0,1,1
/media/ullmann/HDDGabriel/engines/UnrealEngine/Engine/Source/Developer/AutomationDriver/Private/Locators/SlateWidgetLocatorByPath.h,1,0,1
/media/ullmann/HDDGabriel/engines/UnrealEngine/Engine/Source/ThirdParty/libOpus/opus-1.1/silk/log2lin.c,0,1,1
/media/ullmann/HDDGabriel/engines/UnrealEngine/Engine/Source/Editor/BlueprintGraph/Private/K2Node_SetFieldsInStruct.cpp,0,1,1
/media/ullmann/HDDGabriel/engines/UnrealEngine/Engine/Source/Runtime/MediaUtils/Private/MediaPlayerFacade.cpp,0,1,1
/media/ullmann/HDDGabriel/engines/UnrealEngine/Engine/Source/ThirdParty/PhysX3/APEX_1.4/module/destructible_legacy/include/autogen/DestructibleActorParam_0p3.h,1,0,1
/media/ullmann/HDDGabriel/engines/UnrealEngine/Engine/Source/ThirdParty/PhysX3/PhysX_3.4/Source/PhysXExtensions/src/serialization/Xml/SnXmlStringToType.h,2,0,2
/media/ullmann/HDDGabriel/engines/UnrealEngine/Engine/Source/ThirdParty/hlslcc/hlslcc/src/hlslcc_lib/glcpp-parse.inl,1,0,1
/media/ullmann/HDDGabriel/engines/UnrealEngine/Engine/Source/Runtime/TraceLog/Public/Trace/Trace.h,0,1,1
/media/ullmann/HDDGabriel/engines/UnrealEngine/Engine/Source/Runtime/TraceLog/Public/Trace/Detail/Trace.h,1,0,1
/media/ullmann/HDDGabriel/engines/UnrealEngine/Engine/Source/ThirdParty/llvm/8/include/llvm/DebugInfo/PDB/PDBSymbolUnknown.h,0,1,1
/media/ullmann/HDDGabriel/engines/UnrealEngine/Engine/Source/Runtime/Experimental/Interchange/Core/Public/InterchangeResult.h,1,0,1
/media/ullmann/HDDGabriel/engines/UnrealEngine/Engine/Source/Editor/MaterialEditor/Private/SMaterialEditorViewportToolBar.cpp,0,1,1
/media/ullmann/HDDGabriel/engines/UnrealEngine/Engine/Source/ThirdParty/PhysX3/NvCloth/samples/SampleBase/utils/JobManager.cpp,0,1,1
/media/ullmann/HDDGabriel/engines/UnrealEngine/Engine/Source/ThirdParty/MCPP/mcpp-2.7.2/cpp-test/test-l/nest75.h,1,1,2
/media/ullmann/HDDGabriel/engines/UnrealEngine/Engine/Source/ThirdParty/FreeType2/FreeType2-2.4.12/src/psaux/psauxmod.h,1,0,1
/media/ullmann/HDDGabriel/engines/UnrealEngine/Engine/Source/ThirdParty/WebRTC/4147/Include/third_party/libyuv/include/libyuv/scale.h,1,0,1
/media/ullmann/HDDGabriel/engines/UnrealEngine/Engine/Source/Runtime/SignalProcessing/Public/DSP/IntegerDelay.h,1,0,1
/media/ullmann/HDDGabriel/engines/UnrealEngine/Engine/Source/ThirdParty/Intel/Embree/Embree270/src/common/sys/string.cpp,0,1,1
/media/ullmann/HDDGabriel/engines/UnrealEngine/Engine/Source/Runtime/CoreUObject/Public/Serialization/DuplicatedDataWriter.h,1,0,1
/media/ullmann/HDDGabriel/engines/UnrealEngine/Engine/Source/ThirdParty/openexr/openexr-3.1.1/src/lib/OpenEXRUtil/ImfFlatImage.cpp,0,1,1
/media/ullmann/HDDGabriel/engines/UnrealEngine/Engine/Source/Editor/GraphEditor/Private/KismetNodes/SGraphNodeK2Timeline.h,1,0,1
/media/ullmann/HDDGabriel/engines/UnrealEngine/Engine/Source/Editor/MovieSceneTools/Private/TrackEditors/SkeletalAnimationTrackEditor.h,1,0,1
/media/ullmann/HDDGabriel/engines/UnrealEngine/Engine/Source/ThirdParty/FBX/2020.2/include/fbxsdk/core/base/fbxstring.h,1,0,1
/media/ullmann/HDDGabriel/engines/UnrealEngine/Engine/Source/Editor/DetailCustomizations/Private/InputSettingsDetails.cpp,0,1,1
/media/ullmann/HDDGabriel/engines/UnrealEngine/Engine/Source/ThirdParty/Android/libunwind/libunwind/src/sh/Lregs.c,0,1,1
/media/ullmann/HDDGabriel/engines/UnrealEngine/Engine/Source/ThirdParty/PhysX3/APEX_1.4/module/destructible_legacy/include/autogen/DestructibleActorParam_0p13.h,1,0,1
/media/ullmann/HDDGabriel/engines/UnrealEngine/Engine/Source/ThirdParty/ShaderConductor/ShaderConductor/Source/Wrapper/Native.cpp,0,1,1
/media/ullmann/HDDGabriel/engines/UnrealEngine/Engine/Source/ThirdParty/ShaderConductor/ShaderConductor/Source/Wrapper/Native.h,1,0,1
/media/ullmann/HDDGabriel/engines/UnrealEngine/Engine/Source/ThirdParty/FBX/2020.2/include/fbxsdk/fileio/fbxgobo.h,1,0,1
/media/ullmann/HDDGabriel/engines/UnrealEngine/Engine/Source/ThirdParty/FreeImage/FreeImage-3.18.0/Source/LibTIFF4/tif_jbig.c,0,1,1
/media/ullmann/HDDGabriel/engines/UnrealEngine/Engine/Source/Developer/LogVisualizer/Private/SVisualLoggerFilterCheckBox.h,1,0,1
/media/ullmann/HDDGabriel/engines/UnrealEngine/Engine/Source/ThirdParty/Breakpad/src/processor/simple_serializer-inl.h,0,1,1
/media/ullmann/HDDGabriel/engines/UnrealEngine/Engine/Source/ThirdParty/HarfBuzz/harfbuzz-2.4.0/src/hb-ot-math-table.hh,1,0,1
/media/ullmann/HDDGabriel/engines/UnrealEngine/Engine/Source/ThirdParty/PhysX3/PhysX_3.4/Source/PhysXCooking/src/mesh/GrbTriangleMeshCooking.h,1,0,1
/media/ullmann/HDDGabriel/engines/UnrealEngine/Engine/Source/Editor/DetailCustomizations/Private/RigDetails.cpp,0,1,1
/media/ullmann/HDDGabriel/engines/UnrealEngine/Engine/Source/ThirdParty/libOpus/opus-1.1/silk/arm/macros_armv5e.h,1,0,1
/media/ullmann/HDDGabriel/engines/UnrealEngine/Engine/Source/Developer/ProjectLauncher/Private/Widgets/Cook/SProjectLauncherCookOnTheFlySettings.cpp,0,1,1
/media/ullmann/HDDGabriel/engines/UnrealEngine/Engine/Source/Developer/ProjectLauncher/Private/Widgets/Cook/SProjectLauncherCookOnTheFlySettings.h,1,0,1
/media/ullmann/HDDGabriel/engines/UnrealEngine/Engine/Source/Editor/MeshPaint/Public/IMeshPaintGeometryAdapter.h,1,0,1
/media/ullmann/HDDGabriel/engines/UnrealEngine/Engine/Source/ThirdParty/ICU/icu4c-53_1/source/samples/date/date.c,0,1,1
/media/ullmann/HDDGabriel/engines/UnrealEngine/Engine/Source/ThirdParty/nvTextureTools/nvTextureTools-2.0.8/src/src/nvimage/ImageIO.h,1,0,1
/media/ullmann/HDDGabriel/engines/UnrealEngine/Engine/Source/Editor/CurveEditor/Private/DragOperations/CurveEditorDragOperation_Zoom.cpp,0,1,1
/media/ullmann/HDDGabriel/engines/UnrealEngine/Engine/Source/ThirdParty/WebRTC/4147/Include/tools/clang/blink_gc_plugin/tests/cycle_super.h,0,1,1
/media/ullmann/HDDGabriel/engines/UnrealEngine/Engine/Source/Editor/AdvancedPreviewScene/Private/AdvancedPreviewScene.cpp,0,1,1
/media/ullmann/HDDGabriel/engines/UnrealEngine/Engine/Source/ThirdParty/HarfBuzz/harfbuzz-2.4.0/src/hb-ucdn/ucdn.h,1,0,1
/media/ullmann/HDDGabriel/engines/UnrealEngine/Engine/Source/Developer/ProjectLauncher/Private/Widgets/Cook/SProjectLauncherSimpleCookPage.cpp,0,1,1
/media/ullmann/HDDGabriel/engines/UnrealEngine/Engine/Source/Developer/ProjectLauncher/Private/Widgets/Cook/SProjectLauncherSimpleCookPage.h,1,0,1
/media/ullmann/HDDGabriel/engines/UnrealEngine/Engine/Source/ThirdParty/PhysX3/PhysX_3.4/Source/LowLevelCloth/src/scalar/Simd4f.h,1,0,1
/media/ullmann/HDDGabriel/engines/UnrealEngine/Engine/Source/ThirdParty/ICU/icu4c-64_1/source/test/intltest/loctest.cpp,0,1,1
/media/ullmann/HDDGabriel/engines/UnrealEngine/Engine/Source/ThirdParty/libOpus/opus-1.0.3/silk/float/energy_FLP.c,0,1,1
/media/ullmann/HDDGabriel/engines/UnrealEngine/Engine/Source/ThirdParty/WebRTC/4147/Include/third_party/libjpeg_turbo/jdhuff.h,0,1,1
/media/ullmann/HDDGabriel/engines/UnrealEngine/Engine/Source/ThirdParty/Android/libunwind/libunwind/src/sh/Lget_save_loc.c,0,1,1
/media/ullmann/HDDGabriel/engines/UnrealEngine/Engine/Source/ThirdParty/FreeType2/FreeType2-2.6/Src/otvalid/otvcommn.c,1,1,2
/media/ullmann/HDDGabriel/engines/UnrealEngine/Engine/Source/Runtime/MovieScene/Public/Evaluation/MovieSceneEvaluationTemplateInstance.h,1,0,1
/media/ullmann/HDDGabriel/engines/UnrealEngine/Engine/Source/ThirdParty/ShaderConductor/ShaderConductor/External/DirectXShaderCompiler/lib/DebugInfo/DWARF/DWARFDebugInfoEntry.cpp,0,1,1
/media/ullmann/HDDGabriel/engines/UnrealEngine/Engine/Source/ThirdParty/FontConfig/fontconfig-2.13.94/src/fcatomic.c,0,1,1
/media/ullmann/HDDGabriel/engines/UnrealEngine/Engine/Source/ThirdParty/OpenVDB/openvdb-8.1.0/openvdb/openvdb/unittest/TestPointsToMask.cc,0,1,1
/media/ullmann/HDDGabriel/engines/UnrealEngine/Engine/Source/ThirdParty/ShaderConductor/ShaderConductor/External/DirectXShaderCompiler/tools/clang/lib/Headers/nmmintrin.h,0,1,1
/media/ullmann/HDDGabriel/engines/UnrealEngine/Engine/Source/ThirdParty/PhysX3/APEX_1.4/common/include/ApexSubdivider.h,0,1,1
/media/ullmann/HDDGabriel/engines/UnrealEngine/Engine/Source/ThirdParty/PhysX3/APEX_1.4/common/include/ApexRand.h,1,0,1
/media/ullmann/HDDGabriel/engines/UnrealEngine/Engine/Source/ThirdParty/PhysX3/PhysX_3.4/Source/PhysXMetaData/core/include/RepXMetaDataPropertyVisitor.h,0,1,1
/media/ullmann/HDDGabriel/engines/UnrealEngine/Engine/Source/ThirdParty/libOpus/opus-1.0.3/silk/float/LTP_analysis_filter_FLP.c,0,1,1
/media/ullmann/HDDGabriel/engines/UnrealEngine/Engine/Source/ThirdParty/FreeType2/FreeType2-2.10.4/include/freetype/internal/ftmemory.h,0,1,1
/media/ullmann/HDDGabriel/engines/UnrealEngine/Engine/Source/Runtime/UMG/Public/Components/CheckBox.h,1,0,1
/media/ullmann/HDDGabriel/engines/UnrealEngine/Engine/Source/Editor/Layers/Private/ActorLayerViewModel.cpp,0,1,1
/media/ullmann/HDDGabriel/engines/UnrealEngine/Engine/Source/ThirdParty/PhysX3/PhysX_3.4/Include/extensions/PxClothMeshQuadifier.h,0,1,1
/media/ullmann/HDDGabriel/engines/UnrealEngine/Engine/Source/ThirdParty/SDL2/SDL-gui-backend/src/video/khronos/vulkan/vulkan_ios.h,1,0,1
/media/ullmann/HDDGabriel/engines/UnrealEngine/Engine/Source/ThirdParty/libOpus/opus-1.0.3/silk/CNG.c,0,1,1
/media/ullmann/HDDGabriel/engines/UnrealEngine/Engine/Source/ThirdParty/Boost/boost-1_70_0/include/boost/outcome/version.hpp,1,0,1
/media/ullmann/HDDGabriel/engines/UnrealEngine/Engine/Source/Runtime/Slate/Public/Widgets/Input/SVectorInputBox.h,1,0,1
/media/ullmann/HDDGabriel/engines/UnrealEngine/Engine/Source/ThirdParty/coremod/coremod-4.2.6/src/loaders/mod.h,1,0,1
/media/ullmann/HDDGabriel/engines/UnrealEngine/Engine/Source/ThirdParty/libPNG/libPNG-1.6.37/pngset.c,0,1,1
/media/ullmann/HDDGabriel/engines/UnrealEngine/Engine/Source/Developer/GameplayDebugger/Private/GameplayDebuggerCompat.h,0,1,1
/media/ullmann/HDDGabriel/engines/UnrealEngine/Engine/Source/ThirdParty/ICU/icu4c-53_1/source/i18n/ethpccal.cpp,0,2,2
/media/ullmann/HDDGabriel/engines/UnrealEngine/Engine/Source/ThirdParty/ICU/icu4c-53_1/source/test/intltest/msfmrgts.cpp,0,1,1
/media/ullmann/HDDGabriel/engines/UnrealEngine/Engine/Source/ThirdParty/ShaderConductor/ShaderConductor/External/DirectXShaderCompiler/tools/clang/lib/StaticAnalyzer/Checkers/UndefBranchChecker.cpp,0,1,1
/media/ullmann/HDDGabriel/engines/UnrealEngine/Engine/Source/ThirdParty/ICU/icu4c-64_1/source/common/dtintrv.cpp,0,1,1
/media/ullmann/HDDGabriel/engines/UnrealEngine/Engine/Source/ThirdParty/ICU/icu4c-64_1/source/common/unicode/dtintrv.h,1,0,1
/media/ullmann/HDDGabriel/engines/UnrealEngine/Engine/Source/ThirdParty/OpenSubdiv/OpenSubdiv-3.4.4/glLoader/glLoader.cpp,0,1,1
/media/ullmann/HDDGabriel/engines/UnrealEngine/Engine/Source/ThirdParty/OpenSubdiv/OpenSubdiv-3.4.4/glLoader/glLoader.h,1,0,1
/media/ullmann/HDDGabriel/engines/UnrealEngine/Engine/Source/ThirdParty/ShaderConductor/ShaderConductor/External/DirectXShaderCompiler/tools/clang/lib/StaticAnalyzer/Checkers/UndefinedAssignmentChecker.cpp,0,1,1
/media/ullmann/HDDGabriel/engines/UnrealEngine/Engine/Source/ThirdParty/Vorbis/libvorbis-1.3.2/include/vorbis/vorbisenc.h,0,1,1
/media/ullmann/HDDGabriel/engines/UnrealEngine/Engine/Source/Editor/UMGEditor/Private/AssetTypeActions_WidgetBlueprintGeneratedClass.cpp,0,1,1
/media/ullmann/HDDGabriel/engines/UnrealEngine/Engine/Source/Editor/UMGEditor/Private/AssetTypeActions_WidgetBlueprintGeneratedClass.h,2,0,2
/media/ullmann/HDDGabriel/engines/UnrealEngine/Engine/Source/ThirdParty/libOpus/opus-1.0.3/silk/fixed/regularize_correlations_FIX.c,0,1,1
/media/ullmann/HDDGabriel/engines/UnrealEngine/Engine/Source/Runtime/Navmesh/Public/Detour/DetourNavMeshBuilder.h,0,1,1
/media/ullmann/HDDGabriel/engines/UnrealEngine/Engine/Source/ThirdParty/Perforce/p4api-2015.2/include/p4/netconnect.h,0,1,1
/media/ullmann/HDDGabriel/engines/UnrealEngine/Engine/Source/ThirdParty/ICU/icu4c-64_1/source/test/fuzzer/converter_fuzzer.cc,0,1,1
/media/ullmann/HDDGabriel/engines/UnrealEngine/Engine/Source/Runtime/Engine/Public/Animation/AnimSync.h,0,1,1
/media/ullmann/HDDGabriel/engines/UnrealEngine/Engine/Source/ThirdParty/FreeImage/FreeImage-3.18.0/Source/FreeImage/BitmapAccess.cpp,0,1,1
/media/ullmann/HDDGabriel/engines/UnrealEngine/Engine/Source/ThirdParty/libOpus/opus-1.3.1-12/silk/table_LSF_cos.c,0,1,1
/media/ullmann/HDDGabriel/engines/UnrealEngine/Engine/Source/ThirdParty/OpenVDB/openvdb-8.1.0/openvdb_ax/openvdb_ax/test/frontend/TestBinaryOperatorNode.cc,0,1,1
/media/ullmann/HDDGabriel/engines/UnrealEngine/Engine/Source/ThirdParty/PhysX3/APEX_1.4/include/UserOpaqueMesh.h,0,1,1
/media/ullmann/HDDGabriel/engines/UnrealEngine/Engine/Source/ThirdParty/ShaderConductor/ShaderConductor/External/DirectXShaderCompiler/tools/clang/unittests/Tooling/RefactoringTest.cpp,0,1,1
/media/ullmann/HDDGabriel/engines/UnrealEngine/Engine/Source/ThirdParty/Intel/TBB/IntelTBB-2019u8/src/tbb/tbb_statistics.cpp,0,1,1
/media/ullmann/HDDGabriel/engines/UnrealEngine/Engine/Source/ThirdParty/OpenVDB/openvdb-8.1.0/openvdb/openvdb/tools/Merge.h,1,0,1
/media/ullmann/HDDGabriel/engines/UnrealEngine/Engine/Source/Programs/TextureShare/Samples/ThirdParty/TextureShare_ClientD3D12/stdafx.cpp,0,1,1
/media/ullmann/HDDGabriel/engines/UnrealEngine/Engine/Source/Runtime/GeometryCore/Public/Intersection/IntrTriangle3Triangle3.h,1,0,1
/media/ullmann/HDDGabriel/engines/UnrealEngine/Engine/Source/Runtime/UMG/Private/UserWidget.cpp,0,1,1
/media/ullmann/HDDGabriel/engines/UnrealEngine/Engine/Source/Runtime/D3D12RHI/Private/D3D12View.h,1,0,1
/media/ullmann/HDDGabriel/engines/UnrealEngine/Engine/Source/ThirdParty/PhysX3/PhysX_3.4/Source/LowLevelParticles/src/PtCollisionSphere.cpp,0,1,1
/media/ullmann/HDDGabriel/engines/UnrealEngine/Engine/Source/Runtime/Core/Public/Containers/IndirectArray.h,2,0,2
/media/ullmann/HDDGabriel/engines/UnrealEngine/Engine/Source/Developer/MaterialBaking/Private/MaterialRenderItem.cpp,0,1,1
/media/ullmann/HDDGabriel/engines/UnrealEngine/Engine/Source/Runtime/Core/Public/Containers/DynamicRHIResourceArray.h,1,0,1
/media/ullmann/HDDGabriel/engines/UnrealEngine/Engine/Source/Runtime/Engine/Classes/Engine/AssetManagerTypes.h,1,1,2
/media/ullmann/HDDGabriel/engines/UnrealEngine/Engine/Source/Runtime/Core/Public/Serialization/ArrayReader.h,1,0,1
/media/ullmann/HDDGabriel/engines/UnrealEngine/Engine/Source/ThirdParty/FreeType2/FreeType2-2.4.12/src/base/ftoutln.c,1,0,1
/media/ullmann/HDDGabriel/engines/UnrealEngine/Engine/Source/Runtime/SlateRHIRenderer/Private/SlatePostProcessResource.h,2,0,2
/media/ullmann/HDDGabriel/engines/UnrealEngine/Engine/Source/ThirdParty/FreeType2/FreeType2-2.6/Src/truetype/ttdriver.h,1,0,1
/media/ullmann/HDDGabriel/engines/UnrealEngine/Engine/Source/ThirdParty/ShaderConductor/ShaderConductor/External/DirectXShaderCompiler/tools/clang/tools/libclang/dxcisenseimpl.cpp,0,1,1
/media/ullmann/HDDGabriel/engines/UnrealEngine/Engine/Source/ThirdParty/ShaderConductor/ShaderConductor/External/DirectXShaderCompiler/tools/clang/tools/libclang/dxcisenseimpl.h,1,0,1
/media/ullmann/HDDGabriel/engines/UnrealEngine/Engine/Source/ThirdParty/nvTextureTools/nvTextureTools-2.0.8/src/src/nvcore/DefsVcWin32.h,1,0,1
/media/ullmann/HDDGabriel/engines/UnrealEngine/Engine/Source/ThirdParty/ShaderConductor/ShaderConductor/External/DirectXShaderCompiler/tools/dsymutil/BinaryHolder.cpp,0,1,1
/media/ullmann/HDDGabriel/engines/UnrealEngine/Engine/Source/ThirdParty/HarfBuzz/harfbuzz-1.2.4/src/hb-ot-shape-complex-thai.cc,0,1,1
/media/ullmann/HDDGabriel/engines/UnrealEngine/Engine/Source/Runtime/Online/BuildPatchServices/Private/Generation/PackageChunkData.h,1,0,1
/media/ullmann/HDDGabriel/engines/UnrealEngine/Engine/Source/ThirdParty/FBX/2020.2/include/fbxsdk/scene/fbxpose.h,1,0,1
/media/ullmann/HDDGabriel/engines/UnrealEngine/Engine/Source/ThirdParty/libcurl/curl-7.55.1/include/Win64/VS2015/curl/system.h,1,0,1
/media/ullmann/HDDGabriel/engines/UnrealEngine/Engine/Source/Editor/CurveAssetEditor/Private/SColorGradientCurveEditorView.cpp,0,1,1
/media/ullmann/HDDGabriel/engines/UnrealEngine/Engine/Source/ThirdParty/libcurl/include/Android/x64/curl/curlbuild.h,1,0,1
/media/ullmann/HDDGabriel/engines/UnrealEngine/Engine/Source/ThirdParty/FreeType2/FreeType2-2.10.0/src/type42/t42types.h,1,0,1
/media/ullmann/HDDGabriel/engines/UnrealEngine/Engine/Source/Editor/DetailCustomizations/Private/ParticleSystemComponentDetails.cpp,0,1,1
/media/ullmann/HDDGabriel/engines/UnrealEngine/Engine/Source/Editor/DetailCustomizations/Private/ParticleSystemComponentDetails.h,2,0,2
/media/ullmann/HDDGabriel/engines/UnrealEngine/Engine/Source/ThirdParty/libOpus/opus-1.0.3/silk/decode_pulses.c,0,1,1
/media/ullmann/HDDGabriel/engines/UnrealEngine/Engine/Source/Editor/BlueprintGraph/Classes/K2Node_Select.h,0,3,3
/media/ullmann/HDDGabriel/engines/UnrealEngine/Engine/Source/ThirdParty/llvm/8/include/llvm/BinaryFormat/ELFRelocs/i386.def,1,0,1
/media/ullmann/HDDGabriel/engines/UnrealEngine/Engine/Source/Editor/LevelEditor/Public/LevelViewportTabContent.h,0,1,1
/media/ullmann/HDDGabriel/engines/UnrealEngine/Engine/Source/Editor/LevelEditor/Public/LevelViewportLayout.h,1,0,1
/media/ullmann/HDDGabriel/engines/UnrealEngine/Engine/Source/ThirdParty/Steamworks/Steamv151/sdk/public/steam/matchmakingtypes.h,1,0,1
/media/ullmann/HDDGabriel/engines/UnrealEngine/Engine/Source/Developer/AssetTools/Private/AssetTypeActions/AssetTypeActions_PhysicalMaterial.h,1,0,1
/media/ullmann/HDDGabriel/engines/UnrealEngine/Engine/Source/ThirdParty/Python3/Mac/include/modsupport.h,1,0,1
/media/ullmann/HDDGabriel/engines/UnrealEngine/Engine/Source/ThirdParty/libcurl/curl-7.55.1/include/Android/x64/curl/curlver.h,1,0,1
/media/ullmann/HDDGabriel/engines/UnrealEngine/Engine/Source/Editor/SequenceRecorder/Private/SequenceRecorderDetailsCustomization.cpp,0,1,1
/media/ullmann/HDDGabriel/engines/UnrealEngine/Engine/Source/ThirdParty/FreeType2/FreeType2-2.6/Src/cff/cf2fixed.h,1,0,1
/media/ullmann/HDDGabriel/engines/UnrealEngine/Engine/Source/ThirdParty/PhysX3/APEX_1.4/shared/general/meshimport/include/utils/MiIOStream.inl,1,0,1
/media/ullmann/HDDGabriel/engines/UnrealEngine/Engine/Source/Runtime/MovieSceneTracks/Private/Evaluation/MovieSceneAudioTemplate.h,0,1,1
/media/ullmann/HDDGabriel/engines/UnrealEngine/Engine/Source/ThirdParty/libOpus/opus-1.1/include/speex_resampler.h,1,0,1
/media/ullmann/HDDGabriel/engines/UnrealEngine/Engine/Source/ThirdParty/HarfBuzz/harfbuzz-2.4.0/src/hb-warning.cc,0,1,1
/media/ullmann/HDDGabriel/engines/UnrealEngine/Engine/Source/ThirdParty/WebRTC/4147/Include/third_party/libvpx/source/config/linux/mipsel/vpx_scale_rtcd.h,0,1,1
/media/ullmann/HDDGabriel/engines/UnrealEngine/Engine/Source/ThirdParty/libOpus/opus-1.3.1-12/silk/decode_pitch.c,0,2,2
/media/ullmann/HDDGabriel/engines/UnrealEngine/Engine/Source/Developer/Datasmith/DatasmithExporterUI/Private/DatasmithExporterUIModule.h,1,0,1
/media/ullmann/HDDGabriel/engines/UnrealEngine/Engine/Source/ThirdParty/Python3/Mac/include/cpython/sysmodule.h,1,0,1
/media/ullmann/HDDGabriel/engines/UnrealEngine/Engine/Source/Runtime/Apple/MetalRHI/Public/MetalFrameAllocator.h,0,1,1
/media/ullmann/HDDGabriel/engines/UnrealEngine/Engine/Source/Runtime/Apple/MetalRHI/Public/MetalRHI.h,1,0,1
/media/ullmann/HDDGabriel/engines/UnrealEngine/Engine/Source/ThirdParty/FreeType2/FreeType2-2.10.4/src/base/ftfntfmt.c,1,0,1
/media/ullmann/HDDGabriel/engines/UnrealEngine/Engine/Source/Developer/Mac/MacTargetPlatform/Private/MacTargetPlatformClasses.cpp,0,1,1
/media/ullmann/HDDGabriel/engines/UnrealEngine/Engine/Source/ThirdParty/Python3/Win64/include/picklebufobject.h,1,0,1
/media/ullmann/HDDGabriel/engines/UnrealEngine/Engine/Source/Developer/Windows/LiveCodingServer/Private/External/LC_AllocatorStats.cpp,0,1,1
/media/ullmann/HDDGabriel/engines/UnrealEngine/Engine/Source/ThirdParty/FreeType2/FreeType2-2.6/Include/ftautoh.h,0,1,1
/media/ullmann/HDDGabriel/engines/UnrealEngine/Engine/Source/Editor/Persona/Private/SBoneMappingBase.cpp,0,2,2
/media/ullmann/HDDGabriel/engines/UnrealEngine/Engine/Source/ThirdParty/HarfBuzz/harfbuzz-2.4.0/src/hb-aat-layout-ankr-table.hh,1,0,1
/media/ullmann/HDDGabriel/engines/UnrealEngine/Engine/Source/ThirdParty/FBX/2020.2/include/fbxsdk/core/base/fbxtimecode.h,1,0,1
/media/ullmann/HDDGabriel/engines/UnrealEngine/Engine/Source/ThirdParty/PhysX3/PhysX_3.4/Source/SimulationController/src/ScContactReportBuffer.h,1,0,1
/media/ullmann/HDDGabriel/engines/UnrealEngine/Engine/Source/ThirdParty/ICU/icu4c-64_1/source/common/servnotf.cpp,0,2,2
/media/ullmann/HDDGabriel/engines/UnrealEngine/Engine/Source/Developer/AssetTools/Private/AssetTypeActions/AssetTypeActions_PreviewMeshCollection.h,1,0,1
/media/ullmann/HDDGabriel/engines/UnrealEngine/Engine/Source/Runtime/OodleDataCompression/Sdks/2.9.5/include/oodle2.h,0,1,1
/media/ullmann/HDDGabriel/engines/UnrealEngine/Engine/Source/Runtime/OodleDataCompression/Sdks/2.9.5/include/oodle2base.h,1,0,1
/media/ullmann/HDDGabriel/engines/UnrealEngine/Engine/Source/ThirdParty/FreeImage/FreeImage-3.18.0/Source/LibJPEG/jdpostct.c,0,2,2
/media/ullmann/HDDGabriel/engines/UnrealEngine/Engine/Source/ThirdParty/Intel/TBB/IntelTBB-2019u8/include/tbb/runtime_loader.h,0,1,1
/media/ullmann/HDDGabriel/engines/UnrealEngine/Engine/Source/ThirdParty/Python3/Mac/include/enumobject.h,1,0,1
/media/ullmann/HDDGabriel/engines/UnrealEngine/Engine/Source/ThirdParty/SDL2/SDL-gui-backend/src/core/os2/geniconv/test.c,0,1,1
/media/ullmann/HDDGabriel/engines/UnrealEngine/Engine/Source/ThirdParty/Imath/Imath-3.1.3/src/Imath/ImathFun.cpp,0,1,1
/media/ullmann/HDDGabriel/engines/UnrealEngine/Engine/Source/Editor/BlueprintGraph/Classes/K2Node_AddComponent.h,0,1,1
/media/ullmann/HDDGabriel/engines/UnrealEngine/Engine/Source/Editor/AudioEditor/Private/AssetTypeActions/AssetTypeActions_SoundMix.h,1,0,1
/media/ullmann/HDDGabriel/engines/UnrealEngine/Engine/Source/ThirdParty/Python3/Linux/include/python3.9/setobject.h,1,0,1
/media/ullmann/HDDGabriel/engines/UnrealEngine/Engine/Source/ThirdParty/WebRTC/4147/Include/third_party/libyuv/include/libyuv/convert_argb.h,1,0,1
/media/ullmann/HDDGabriel/engines/UnrealEngine/Engine/Source/ThirdParty/PhysX3/PhysX_3.4/Source/LowLevelCloth/src/IndexPair.h,1,0,1
/media/ullmann/HDDGabriel/engines/UnrealEngine/Engine/Source/ThirdParty/libcurl/include/Android/ARM64/curl/mprintf.h,0,1,1
/media/ullmann/HDDGabriel/engines/UnrealEngine/Engine/Source/ThirdParty/PhysX3/PhysX_3.4/Source/PhysXVehicle/src/PxVehicleNoDrive.cpp,0,1,1
/media/ullmann/HDDGabriel/engines/UnrealEngine/Engine/Source/Developer/SourceCodeAccess/Public/ISourceCodeAccessModule.h,1,0,1
/media/ullmann/HDDGabriel/engines/UnrealEngine/Engine/Source/ThirdParty/SDL2/SDL-gui-backend/src/core/os2/geniconv/os2cp.c,0,2,2
/media/ullmann/HDDGabriel/engines/UnrealEngine/Engine/Source/ThirdParty/Ogg/libogg-1.2.2/macos/compat/strdup.c,0,1,1
/media/ullmann/HDDGabriel/engines/UnrealEngine/Engine/Source/ThirdParty/Ogg/libogg-1.2.2/macos/compat/sys/types.h,1,0,1
/media/ullmann/HDDGabriel/engines/UnrealEngine/Engine/Source/ThirdParty/FreeType2/FreeType2-2.6/Src/base/ftglyph.c,0,1,1
/media/ullmann/HDDGabriel/engines/UnrealEngine/Engine/Source/Runtime/Experimental/Chaos/Public/Chaos/BVHParticles.h,0,1,1
/media/ullmann/HDDGabriel/engines/UnrealEngine/Engine/Source/ThirdParty/libPNG/libPNG-1.6.37/pnginfo.h,1,0,1
/media/ullmann/HDDGabriel/engines/UnrealEngine/Engine/Source/ThirdParty/Boost/boost-1_70_0/include/boost/numeric/ublas/tensor/multi_index.hpp,0,1,1
/media/ullmann/HDDGabriel/engines/UnrealEngine/Engine/Source/ThirdParty/ShaderConductor/ShaderConductor/External/DirectXShaderCompiler/include/llvm/DebugInfo/PDB/IPDBSession.h,0,1,1
/media/ullmann/HDDGabriel/engines/UnrealEngine/Engine/Source/ThirdParty/Python3/Mac/include/code.h,1,1,2
/media/ullmann/HDDGabriel/engines/UnrealEngine/Engine/Source/ThirdParty/Python3/Mac/include/cpython/code.h,1,0,1
/media/ullmann/HDDGabriel/engines/UnrealEngine/Engine/Source/ThirdParty/SDL2/SDL-gui-backend/src/video/nacl/SDL_naclglue.c,0,1,1
/media/ullmann/HDDGabriel/engines/UnrealEngine/Engine/Source/Runtime/Renderer/Private/Nanite/NaniteVisualize.cpp,0,1,1
/media/ullmann/HDDGabriel/engines/UnrealEngine/Engine/Source/ThirdParty/OpenVDB/openvdb-8.1.0/openvdb/openvdb/points/AttributeArrayString.cc,0,1,1
/media/ullmann/HDDGabriel/engines/UnrealEngine/Engine/Source/ThirdParty/WebRTC/4147/Include/tools/clang/blink_gc_plugin/tests/cycle_sub.h,0,1,1
/media/ullmann/HDDGabriel/engines/UnrealEngine/Engine/Source/Editor/WorldPartitionEditor/Public/WorldPartition/SWorldPartitionEditorGrid.h,1,0,1
/media/ullmann/HDDGabriel/engines/UnrealEngine/Engine/Source/ThirdParty/libOpus/opus-1.1/silk/MacroCount.h,1,0,1
/media/ullmann/HDDGabriel/engines/UnrealEngine/Engine/Source/ThirdParty/nvTextureTools/nvTextureTools-2.0.6/src/src/nvtt/tools/compress.cpp,0,1,1
/media/ullmann/HDDGabriel/engines/UnrealEngine/Engine/Source/Editor/SceneOutliner/Private/ActorTreeItem.cpp,0,1,1
/media/ullmann/HDDGabriel/engines/UnrealEngine/Engine/Source/ThirdParty/ICU/icu4c-64_1/source/test/intltest/punyref.cpp,0,1,1
/media/ullmann/HDDGabriel/engines/UnrealEngine/Engine/Source/Developer/TaskGraph/Private/STimeline.cpp,0,1,1
/media/ullmann/HDDGabriel/engines/UnrealEngine/Engine/Source/ThirdParty/PhysX3/PhysX_3.4/Source/GeomUtils/src/mesh/GuBV4_Slabs.h,0,1,1
/media/ullmann/HDDGabriel/engines/UnrealEngine/Engine/Source/Editor/PIEPreviewDeviceProfileSelector/Private/PIEPreviewWindowStyle.cpp,0,1,1
/media/ullmann/HDDGabriel/engines/UnrealEngine/Engine/Source/Runtime/Core/Public/Misc/MonolithicHeaderBoilerplate.h,1,0,1
/media/ullmann/HDDGabriel/engines/UnrealEngine/Engine/Source/Editor/BehaviorTreeEditor/Classes/BehaviorTreeGraphNode_Decorator.h,0,1,1
/media/ullmann/HDDGabriel/engines/UnrealEngine/Engine/Source/Runtime/Apple/AGXRHI/Private/Shaders/Types/AGXVertexShader.cpp,0,2,2
/media/ullmann/HDDGabriel/engines/UnrealEngine/Engine/Source/ThirdParty/PhysX3/APEX_1.4/module/clothing_legacy/include/autogen/ClothingActorParam_0p7.h,1,0,1
/media/ullmann/HDDGabriel/engines/UnrealEngine/Engine/Source/Runtime/SlateCore/Public/Fonts/FontMeasure.h,1,0,1
/media/ullmann/HDDGabriel/engines/UnrealEngine/Engine/Source/ThirdParty/FreeImage/FreeImage-3.18.0/Source/OpenEXR/IlmThread/IlmThreadMutexWin32.cpp,0,1,1
/media/ullmann/HDDGabriel/engines/UnrealEngine/Engine/Source/ThirdParty/libOpus/opus-1.1/silk/NLSF_VQ.c,0,1,1
/media/ullmann/HDDGabriel/engines/UnrealEngine/Engine/Source/ThirdParty/PhysX3/APEX_1.4/shared/general/RenderDebug/include/StreamIO.h,0,1,1
/media/ullmann/HDDGabriel/engines/UnrealEngine/Engine/Source/ThirdParty/PhysX3/APEX_1.4/shared/general/RenderDebug/include/StreamIO.inl,1,0,1
/media/ullmann/HDDGabriel/engines/UnrealEngine/Engine/Source/ThirdParty/nvTextureTools/nvTextureTools-2.0.8/src/gnuwin32/include/jmorecfg.h,1,0,1
/media/ullmann/HDDGabriel/engines/UnrealEngine/Engine/Source/Runtime/Experimental/Chaos/Public/Chaos/BoundingVolumeHierarchy.h,1,0,1
/media/ullmann/HDDGabriel/engines/UnrealEngine/Engine/Source/ThirdParty/Python3/Mac/include/cellobject.h,1,0,1
/media/ullmann/HDDGabriel/engines/UnrealEngine/Engine/Source/ThirdParty/ICU/icu4c-64_1/source/test/intltest/uts46test.cpp,0,1,1
/media/ullmann/HDDGabriel/engines/UnrealEngine/Engine/Source/ThirdParty/openexr/openexr-3.1.1/src/lib/OpenEXR/ImfIDManifestAttribute.cpp,0,1,1
/media/ullmann/HDDGabriel/engines/UnrealEngine/Engine/Source/Developer/Windows/LiveCoding/Private/External/LC_StringUtil.cpp,0,1,1
/media/ullmann/HDDGabriel/engines/UnrealEngine/Engine/Source/ThirdParty/FBX/2020.2/include/fbxsdk/core/fbxpropertypage.h,1,0,1
/media/ullmann/HDDGabriel/engines/UnrealEngine/Engine/Source/Developer/TraceAnalysis/Private/Analysis/StreamReader.cpp,0,1,1
/media/ullmann/HDDGabriel/engines/UnrealEngine/Engine/Source/Editor/DetailCustomizations/Public/Customizations/ColorStructCustomization.h,0,1,1
/media/ullmann/HDDGabriel/engines/UnrealEngine/Engine/Source/Editor/DetailCustomizations/Public/Customizations/MathStructCustomizations.h,1,0,1
/media/ullmann/HDDGabriel/engines/UnrealEngine/Engine/Source/Developer/TraceInsights/Private/Insights/Widgets/STimingProfilerWindow.cpp,0,1,1
/media/ullmann/HDDGabriel/engines/UnrealEngine/Engine/Source/Developer/TraceInsights/Private/Insights/Widgets/STimingProfilerWindow.h,1,0,1
/media/ullmann/HDDGabriel/engines/UnrealEngine/Engine/Source/Developer/CookedEditor/Public/CookedEditorTargetPlatform.h,0,1,1
/media/ullmann/HDDGabriel/engines/UnrealEngine/Engine/Source/Developer/CookedEditor/Public/CookedEditorPackageManager.h,1,0,1
/media/ullmann/HDDGabriel/engines/UnrealEngine/Engine/Source/ThirdParty/PhysX3/NvCloth/samples/external/DXUT/9.15.2016.1/Optional/DXUTsettingsdlg.h,0,1,1
/media/ullmann/HDDGabriel/engines/UnrealEngine/Engine/Source/ThirdParty/PhysX3/NvCloth/samples/external/DXUT/9.15.2016.1/Optional/DXUTgui.h,1,0,1
/media/ullmann/HDDGabriel/engines/UnrealEngine/Engine/Source/ThirdParty/BLAKE3/0.3.7/c/blake3_neon.c,0,1,1
/media/ullmann/HDDGabriel/engines/UnrealEngine/Engine/Source/ThirdParty/ICU/icu4c-53_1/source/common/ubidi_props_data.h,1,0,1
/media/ullmann/HDDGabriel/engines/UnrealEngine/Engine/Source/ThirdParty/EOSSDK/SDK/Bin/IOS/EOSSDK.framework/Headers/eos_anticheatserver.h,0,1,1
/media/ullmann/HDDGabriel/engines/UnrealEngine/Engine/Source/Runtime/GeometryCore/Public/Spatial/SampledScalarField2.h,0,1,1
/media/ullmann/HDDGabriel/engines/UnrealEngine/Engine/Source/Runtime/GeometryCore/Public/Spatial/DenseGrid2.h,1,0,1
/media/ullmann/HDDGabriel/engines/UnrealEngine/Engine/Source/ThirdParty/ICU/icu4c-53_1/source/i18n/quant.cpp,0,1,1
/media/ullmann/HDDGabriel/engines/UnrealEngine/Engine/Source/ThirdParty/HarfBuzz/harfbuzz-1.2.4/src/hb-buffer-deserialize-json.hh,1,0,1
/media/ullmann/HDDGabriel/engines/UnrealEngine/Engine/Source/Developer/StandaloneRenderer/Private/Mac/OpenGL/SlateOpenGLViewport.cpp,0,1,1
/media/ullmann/HDDGabriel/engines/UnrealEngine/Engine/Source/Developer/StandaloneRenderer/Private/Mac/OpenGL/SlateOpenGLMac.h,2,0,2
/media/ullmann/HDDGabriel/engines/UnrealEngine/Engine/Source/ThirdParty/Intel/ISPC/ispc-1.17.0/ispcrt/tests/level_zero_mock/ze_mock_driver.cpp,0,1,1
/media/ullmann/HDDGabriel/engines/UnrealEngine/Engine/Source/ThirdParty/ICU/icu4c-53_1/source/i18n/uni2name.cpp,0,1,1
/media/ullmann/HDDGabriel/engines/UnrealEngine/Engine/Source/ThirdParty/PhysX3/APEX_1.4/module/destructible_legacy/include/autogen/SurfaceTraceParameters_0p0.h,1,0,1
/media/ullmann/HDDGabriel/engines/UnrealEngine/Engine/Source/ThirdParty/PhysX3/PhysX_3.4/Source/Common/src/CmIO.h,0,1,1
/media/ullmann/HDDGabriel/engines/UnrealEngine/Engine/Source/ThirdParty/OpenVDB/openvdb-8.1.0/openvdb/openvdb/tree/RootNode.h,1,0,1
/media/ullmann/HDDGabriel/engines/UnrealEngine/Engine/Source/Runtime/Engine/Classes/Engine/World.h,0,1,1
/media/ullmann/HDDGabriel/engines/UnrealEngine/Engine/Source/Runtime/Engine/Classes/Engine/CollisionProfile.h,1,0,1
/media/ullmann/HDDGabriel/engines/UnrealEngine/Engine/Source/ThirdParty/libOpus/opus-1.1/celt/x86/pitch_sse.h,1,0,1
/media/ullmann/HDDGabriel/engines/UnrealEngine/Engine/Source/Editor/GraphEditor/Private/KismetNodes/SGraphNodeCallParameterCollectionFunction.h,1,0,1
/media/ullmann/HDDGabriel/engines/UnrealEngine/Engine/Source/ThirdParty/FBX/2020.2/include/fbxsdk/core/fbxxref.h,1,0,1
/media/ullmann/HDDGabriel/engines/UnrealEngine/Engine/Source/ThirdParty/Python3/Mac/include/tracemalloc.h,1,0,1
/media/ullmann/HDDGabriel/engines/UnrealEngine/Engine/Source/ThirdParty/ICU/icu4c-64_1/source/i18n/remtrans.cpp,0,1,1
/media/ullmann/HDDGabriel/engines/UnrealEngine/Engine/Source/Editor/DetailCustomizations/Private/MovieSceneEvalOptionsCustomization.cpp,0,1,1
/media/ullmann/HDDGabriel/engines/UnrealEngine/Engine/Source/Runtime/Engine/Private/Streaming/Texture2DMipDataProvider_DDC.cpp,0,1,1
/media/ullmann/HDDGabriel/engines/UnrealEngine/Engine/Source/ThirdParty/ICU/icu4c-53_1/source/test/cintltst/trietest.c,0,1,1
/media/ullmann/HDDGabriel/engines/UnrealEngine/Engine/Source/ThirdParty/PhysX3/APEX_1.4/include/destructible/DestructibleActor.h,0,1,1
/media/ullmann/HDDGabriel/engines/UnrealEngine/Engine/Source/ThirdParty/PhysX3/PhysX_3.4/Source/LowLevelCloth/src/ClothBase.h,1,0,1
/media/ullmann/HDDGabriel/engines/UnrealEngine/Engine/Source/ThirdParty/ICU/icu4c-53_1/source/test/cintltst/chashtst.c,0,1,1
/media/ullmann/HDDGabriel/engines/UnrealEngine/Engine/Source/Editor/MovieSceneTools/Private/MovieSceneBuiltInEasingFunctionCustomization.cpp,0,1,1
/media/ullmann/HDDGabriel/engines/UnrealEngine/Engine/Source/Editor/MovieSceneTools/Private/MovieSceneBuiltInEasingFunctionCustomization.h,2,0,2
/media/ullmann/HDDGabriel/engines/UnrealEngine/Engine/Source/ThirdParty/FreeImage/FreeImage-3.18.0/Source/LibJXR/image/sys/strPredQuant.c,0,1,1
/media/ullmann/HDDGabriel/engines/UnrealEngine/Engine/Source/Runtime/UMG/Public/Blueprint/WidgetBlueprintGeneratedClass.h,1,0,1
/media/ullmann/HDDGabriel/engines/UnrealEngine/Engine/Source/Runtime/GameplayMediaEncoder/Private/GameplayMediaEncoder.cpp,0,1,1
/media/ullmann/HDDGabriel/engines/UnrealEngine/Engine/Source/ThirdParty/PhysX3/PhysX_3.4/Source/PhysXCooking/src/Quantizer.cpp,0,1,1
/media/ullmann/HDDGabriel/engines/UnrealEngine/Engine/Source/ThirdParty/PhysX3/PhysX_3.4/Source/PhysXCooking/src/Quantizer.h,1,0,1
/media/ullmann/HDDGabriel/engines/UnrealEngine/Engine/Source/ThirdParty/Intel/TBB/IntelTBB-2019u8/examples/parallel_reduce/primes/primes.cpp,0,1,1
/media/ullmann/HDDGabriel/engines/UnrealEngine/Engine/Source/ThirdParty/WebRTC/4147/Include/rtc_base/task_queue_win.h,0,1,1
/media/ullmann/HDDGabriel/engines/UnrealEngine/Engine/Source/ThirdParty/Imath/Imath-3.1.3/src/ImathTest/testMiscMatrixAlgo.cpp,0,1,1
/media/ullmann/HDDGabriel/engines/UnrealEngine/Engine/Source/ThirdParty/ShaderConductor/ShaderConductor/External/SPIRV-Tools/test/pch_test.cpp,0,1,1
/media/ullmann/HDDGabriel/engines/UnrealEngine/Engine/Source/ThirdParty/ShaderConductor/ShaderConductor/External/SPIRV-Tools/test/pch_test.h,1,0,1
/media/ullmann/HDDGabriel/engines/UnrealEngine/Engine/Source/ThirdParty/Android/libunwind/libunwind/src/mips/Lresume.c,0,1,1
/media/ullmann/HDDGabriel/engines/UnrealEngine/Engine/Source/Runtime/Engine/Classes/Engine/GameEngine.h,0,1,1
/media/ullmann/HDDGabriel/engines/UnrealEngine/Engine/Source/ThirdParty/Intel/Embree/Embree2140/src/common/simd/vboolf16_avx512.h,1,0,1
/media/ullmann/HDDGabriel/engines/UnrealEngine/Engine/Source/ThirdParty/Perforce/p4api-2021.2/Include/Win64/VS2015/p4/keepalive.h,1,0,1
/media/ullmann/HDDGabriel/engines/UnrealEngine/Engine/Source/Developer/RigVMDeveloper/Public/RigVMModel/Nodes/RigVMVariableNode.h,1,0,1
/media/ullmann/HDDGabriel/engines/UnrealEngine/Engine/Source/ThirdParty/Python3/Win64/include/pycapsule.h,1,0,1
/media/ullmann/HDDGabriel/engines/UnrealEngine/Engine/Source/Editor/MovieSceneTools/Private/Sections/ParameterSection.cpp,0,1,1
/media/ullmann/HDDGabriel/engines/UnrealEngine/Engine/Source/Editor/DetailCustomizations/Private/RenderPassesCustomization.cpp,0,1,1
/media/ullmann/HDDGabriel/engines/UnrealEngine/Engine/Source/ThirdParty/OpenSubdiv/OpenSubdiv-3.4.4/regression/common/arg_utils.cpp,0,1,1
/media/ullmann/HDDGabriel/engines/UnrealEngine/Engine/Source/Editor/Persona/Private/SAnimSegmentsPanel.cpp,0,1,1
/media/ullmann/HDDGabriel/engines/UnrealEngine/Engine/Source/ThirdParty/FreeImage/FreeImage-3.18.0/Source/OpenEXR/IlmImf/ImfStringVectorAttribute.cpp,0,1,1
/media/ullmann/HDDGabriel/engines/UnrealEngine/Engine/Source/ThirdParty/Boost/boost-1_70_0/include/boost/spirit/home/support/char_encoding/unicode/uppercase_table.hpp,1,0,1
/media/ullmann/HDDGabriel/engines/UnrealEngine/Engine/Source/Developer/TraceServices/Private/Modules/DiagnosticsModule.cpp,0,1,1
/media/ullmann/HDDGabriel/engines/UnrealEngine/Engine/Source/ThirdParty/PhysX3/APEX_1.4/module/clothing/embedded/LowLevelCloth/include/Solver.h,0,1,1
/media/ullmann/HDDGabriel/engines/UnrealEngine/Engine/Source/ThirdParty/OpenVDB/openvdb-8.1.0/openvdb/openvdb/unittest/TestFindActiveValues.cc,0,1,1
/media/ullmann/HDDGabriel/engines/UnrealEngine/Engine/Source/Runtime/Core/Public/Misc/BufferedOutputDevice.h,1,0,1
/media/ullmann/HDDGabriel/engines/UnrealEngine/Engine/Source/ThirdParty/libOpus/opus-1.3.1-12/silk/gain_quant.c,0,1,1
/media/ullmann/HDDGabriel/engines/UnrealEngine/Engine/Source/ThirdParty/libOpus/opus-1.1/silk/float/structs_FLP.h,1,0,1
/media/ullmann/HDDGabriel/engines/UnrealEngine/Engine/Source/Editor/BlueprintGraph/Classes/K2Node_RemoveDelegate.h,0,1,1
/media/ullmann/HDDGabriel/engines/UnrealEngine/Engine/Source/ThirdParty/libcurl/include/Windows/curl/easy.h,1,0,1
/media/ullmann/HDDGabriel/engines/UnrealEngine/Engine/Source/ThirdParty/PhysX3/NvCloth/src/NvSimd/sse2/NvSse2Simd4i.h,1,0,1
/media/ullmann/HDDGabriel/engines/UnrealEngine/Engine/Source/Editor/ToolMenusEditor/Private/SEditToolMenuDialog.cpp,0,1,1
/media/ullmann/HDDGabriel/engines/UnrealEngine/Engine/Source/Runtime/StaticMeshDescription/Public/StaticMeshDescription.h,0,1,1
/media/ullmann/HDDGabriel/engines/UnrealEngine/Engine/Source/Runtime/StaticMeshDescription/Public/StaticMeshAttributes.h,1,0,1
/media/ullmann/HDDGabriel/engines/UnrealEngine/Engine/Source/Editor/UnrealEd/Public/EditorViewportLayout2x2.h,0,1,1
/media/ullmann/HDDGabriel/engines/UnrealEngine/Engine/Source/ThirdParty/PhysX3/APEX_1.4/module/clothing/embedded/LowLevelCloth/src/scalar/Simd4f.h,1,0,1
/media/ullmann/HDDGabriel/engines/UnrealEngine/Engine/Source/ThirdParty/ICU/icu4c-53_1/source/common/chariter.cpp,0,1,1
/media/ullmann/HDDGabriel/engines/UnrealEngine/Engine/Source/ThirdParty/WebRTC/4147/Include/third_party/libvpx/source/libvpx/vp8/common/onyx.h,0,1,1
/media/ullmann/HDDGabriel/engines/UnrealEngine/Engine/Source/ThirdParty/PhysX3/APEX_1.4/shared/general/meshimport/src/MeshImport/VtxWeld.cpp,0,1,1
/media/ullmann/HDDGabriel/engines/UnrealEngine/Engine/Source/Runtime/PhysicsCore/Public/PhysXToChaosUtil.h,0,2,2
/media/ullmann/HDDGabriel/engines/UnrealEngine/Engine/Source/ThirdParty/OpenSubdiv/OpenSubdiv-3.4.4/regression/shapes/loop_fvar_bound3.h,1,0,1
/media/ullmann/HDDGabriel/engines/UnrealEngine/Engine/Source/ThirdParty/FreeImage/FreeImage-3.18.0/Source/FreeImage/PluginG3.cpp,0,1,1
/media/ullmann/HDDGabriel/engines/UnrealEngine/Engine/Source/Editor/ViewportInteraction/Public/ActorViewportTransformable.h,0,1,1
/media/ullmann/HDDGabriel/engines/UnrealEngine/Engine/Source/Editor/ViewportInteraction/Public/ViewportTransformable.h,2,0,2
/media/ullmann/HDDGabriel/engines/UnrealEngine/Engine/Source/ThirdParty/FreeType2/FreeType2-2.4.12/src/raster/ftmisc.h,1,0,1
/media/ullmann/HDDGabriel/engines/UnrealEngine/Engine/Source/ThirdParty/Intel/TBB/IntelTBB-2019u8/include/tbb/internal/_x86_eliding_mutex_impl.h,1,0,1
/media/ullmann/HDDGabriel/engines/UnrealEngine/Engine/Source/ThirdParty/FreeType2/FreeType2-2.6/Include/ftwinfnt.h,0,1,1
/media/ullmann/HDDGabriel/engines/UnrealEngine/Engine/Source/Developer/Windows/LiveCoding/Private/External/LC_VirtualMemory.cpp,0,1,1
/media/ullmann/HDDGabriel/engines/UnrealEngine/Engine/Source/ThirdParty/ICU/icu4c-64_1/source/samples/translit/answers/main_1.cpp,0,1,1
/media/ullmann/HDDGabriel/engines/UnrealEngine/Engine/Source/ThirdParty/PhysX3/APEX_1.4/module/destructible_legacy/include/autogen/DestructibleActorState_0p4.h,1,0,1
/media/ullmann/HDDGabriel/engines/UnrealEngine/Engine/Source/Runtime/Engine/Classes/Engine/RendererSettings.h,1,0,1
/media/ullmann/HDDGabriel/engines/UnrealEngine/Engine/Source/Editor/MaterialEditor/Private/MaterialStatsCommon.cpp,0,1,1
/media/ullmann/HDDGabriel/engines/UnrealEngine/Engine/Source/ThirdParty/libcurl/include/Linux/aarch64-unknown-linux-gnueabi/curl/system.h,1,0,1
/media/ullmann/HDDGabriel/engines/UnrealEngine/Engine/Source/ThirdParty/OpenVDB/openvdb-8.1.0/openvdb_ax/openvdb_ax/test/frontend/TestCommaOperator.cc,0,1,1
/media/ullmann/HDDGabriel/engines/UnrealEngine/Engine/Source/ThirdParty/FBX/2020.2/include/fbxsdk/core/base/fbxhashmap.h,1,0,1
/media/ullmann/HDDGabriel/engines/UnrealEngine/Engine/Source/ThirdParty/SDL2/SDL-gui-backend/src/hidapi/linux/hidraw.cpp,0,1,1
/media/ullmann/HDDGabriel/engines/UnrealEngine/Engine/Source/Runtime/MediaUtils/Public/MediaPlayerOptions.h,1,0,1
/media/ullmann/HDDGabriel/engines/UnrealEngine/Engine/Source/ThirdParty/FontConfig/fontconfig-2.13.94/src/fcdir.c,0,1,1
/media/ullmann/HDDGabriel/engines/UnrealEngine/Engine/Source/ThirdParty/Intel/Embree/Embree270/Linux/x86_64-unknown-linux-gnu/include/embree2/rtcore_scene.h,1,0,1
/media/ullmann/HDDGabriel/engines/UnrealEngine/Engine/Source/ThirdParty/PhysX3/APEX_1.4/module/destructible_legacy/include/autogen/DestructibleAssetParameters_0p23.h,1,0,1
/media/ullmann/HDDGabriel/engines/UnrealEngine/Engine/Source/ThirdParty/PhysX3/PhysX_3.4/Include/cooking/PxBVH33MidphaseDesc.h,1,0,1
/media/ullmann/HDDGabriel/engines/UnrealEngine/Engine/Source/ThirdParty/Perforce/p4api-2021.2/Include/Mac/p4/strbuf.h,1,0,1
/media/ullmann/HDDGabriel/engines/UnrealEngine/Engine/Source/ThirdParty/FakeIt/2.0.2/tests/event_notification_tests.cpp,0,1,1
/media/ullmann/HDDGabriel/engines/UnrealEngine/Engine/Source/ThirdParty/libOpus/opus-1.0.3/silk/float/encode_frame_FLP.c,0,1,1
/media/ullmann/HDDGabriel/engines/UnrealEngine/Engine/Source/ThirdParty/Android/libunwind/libunwind/src/unwind/Resume_or_Rethrow.c,0,1,1
/media/ullmann/HDDGabriel/engines/UnrealEngine/Engine/Source/ThirdParty/libPNG/libPNG-1.6.37/pngtrans.c,0,1,1
/media/ullmann/HDDGabriel/engines/UnrealEngine/Engine/Source/ThirdParty/libOpus/opus-1.3.1-12/silk/bwexpander.c,0,1,1
/media/ullmann/HDDGabriel/engines/UnrealEngine/Engine/Source/Developer/SourceCodeAccess/Private/SourceCodeAccessSettings.cpp,0,1,1
/media/ullmann/HDDGabriel/engines/UnrealEngine/Engine/Source/ThirdParty/FBX/2020.2/include/fbxsdk/scene/geometry/fbxpatch.h,1,0,1
/media/ullmann/HDDGabriel/engines/UnrealEngine/Engine/Source/ThirdParty/SDL2/SDL-gui-backend/src/libm/e_log10.c,0,2,2
/media/ullmann/HDDGabriel/engines/UnrealEngine/Engine/Source/Editor/DetailCustomizations/Private/InstancedStaticMeshComponentDetails.cpp,0,1,1
/media/ullmann/HDDGabriel/engines/UnrealEngine/Engine/Source/ThirdParty/ICU/icu4c-53_1/source/i18n/unicode/selfmt.h,2,0,2
/media/ullmann/HDDGabriel/engines/UnrealEngine/Engine/Source/Runtime/SlateCore/Public/Fonts/CompositeFont.h,1,0,1
/media/ullmann/HDDGabriel/engines/UnrealEngine/Engine/Source/Editor/TurnkeySupport/Private/TurnkeyWrapper.cpp,0,1,1
/media/ullmann/HDDGabriel/engines/UnrealEngine/Engine/Source/Developer/TraceServices/Private/Analyzers/StatsTraceAnalysis.cpp,0,1,1
/media/ullmann/HDDGabriel/engines/UnrealEngine/Engine/Source/Developer/TraceServices/Private/Analyzers/StatsTraceAnalysis.h,1,0,1
/media/ullmann/HDDGabriel/engines/UnrealEngine/Engine/Source/Developer/GameplayDebugger/Private/Editor/GameplayDebuggerCategoryConfigCustomization.h,1,0,1
/media/ullmann/HDDGabriel/engines/UnrealEngine/Engine/Source/Runtime/Core/Public/Android/AndroidJavaMessageBox.h,0,1,1
/media/ullmann/HDDGabriel/engines/UnrealEngine/Engine/Source/Runtime/Core/Public/Android/AndroidJava.h,1,0,1
/media/ullmann/HDDGabriel/engines/UnrealEngine/Engine/Source/Editor/SequenceRecorder/Private/SequenceRecorderBlueprintLibrary.cpp,0,1,1
/media/ullmann/HDDGabriel/engines/UnrealEngine/Engine/Source/ThirdParty/libcurl/curl-7.55.1/include/Android/x86/curl/typecheck-gcc.h,1,0,1
/media/ullmann/HDDGabriel/engines/UnrealEngine/Engine/Source/ThirdParty/OpenSubdiv/OpenSubdiv-3.4.4/opensubdiv/osd/cudaD3D11VertexBuffer.cpp,0,2,2
/media/ullmann/HDDGabriel/engines/UnrealEngine/Engine/Source/ThirdParty/openexr/openexr-3.1.1/src/test/OpenEXRTest/testLargeDataWindowOffsets.h,1,0,1
/media/ullmann/HDDGabriel/engines/UnrealEngine/Engine/Source/Runtime/Slate/Private/Framework/Docking/SDockingTabWell.h,1,0,1
/media/ullmann/HDDGabriel/engines/UnrealEngine/Engine/Source/ThirdParty/Crunch/src/crunch/corpus_test.h,2,0,2
/media/ullmann/HDDGabriel/engines/UnrealEngine/Engine/Source/Developer/AITestSuite/Public/AITestsCommon.h,0,1,1
/media/ullmann/HDDGabriel/engines/UnrealEngine/Engine/Source/Developer/AITestSuite/Public/TestLogger.h,1,0,1
/media/ullmann/HDDGabriel/engines/UnrealEngine/Engine/Source/ThirdParty/ICU/icu4c-64_1/source/i18n/unicode/ureldatefmt.h,1,0,1
/media/ullmann/HDDGabriel/engines/UnrealEngine/Engine/Source/ThirdParty/PhysX3/PxShared/src/foundation/include/unix/neon/PsUnixNeonInlineAoS.h,1,0,1
/media/ullmann/HDDGabriel/engines/UnrealEngine/Engine/Source/ThirdParty/FBX/2020.2/include/fbxsdk/scene/geometry/fbxweightedmapping.h,1,0,1
/media/ullmann/HDDGabriel/engines/UnrealEngine/Engine/Source/Developer/TraceAnalysis/Private/Analysis/Transport/TidPacketTransport.cpp,0,1,1
/media/ullmann/HDDGabriel/engines/UnrealEngine/Engine/Source/ThirdParty/PhysX3/APEX_1.4/module/destructible/include/autogen/DestructibleActorState.h,1,0,1
/media/ullmann/HDDGabriel/engines/UnrealEngine/Engine/Source/Developer/TraceAnalysis/Private/Asio/Asio.cpp,0,1,1
/media/ullmann/HDDGabriel/engines/UnrealEngine/Engine/Source/Developer/TraceAnalysis/Private/Asio/Asio.h,1,0,1
/media/ullmann/HDDGabriel/engines/UnrealEngine/Engine/Source/Editor/DetailCustomizations/Private/VectorStructCustomization.cpp,0,1,1
/media/ullmann/HDDGabriel/engines/UnrealEngine/Engine/Source/Editor/FoliageEdit/Private/ProceduralFoliageEditorLibrary.cpp,0,1,1
/media/ullmann/HDDGabriel/engines/UnrealEngine/Engine/Source/Runtime/UMG/Public/Components/BackgroundBlurSlot.h,1,0,1
/media/ullmann/HDDGabriel/engines/UnrealEngine/Engine/Source/ThirdParty/ShaderConductor/ShaderConductor/External/DirectXShaderCompiler/tools/clang/lib/Serialization/ASTCommon.cpp,0,1,1
/media/ullmann/HDDGabriel/engines/UnrealEngine/Engine/Source/Developer/Windows/LiveCoding/Private/External/LC_CriticalSection.cpp,0,1,1
/media/ullmann/HDDGabriel/engines/UnrealEngine/Engine/Source/ThirdParty/libPNG/libPNG-1.5.2/contrib/gregbook/rpng-x.c,0,1,1
/media/ullmann/HDDGabriel/engines/UnrealEngine/Engine/Source/ThirdParty/ShaderConductor/ShaderConductor/External/DirectXShaderCompiler/tools/clang/lib/Parse/ParseTemplate.cpp,0,1,1
/media/ullmann/HDDGabriel/engines/UnrealEngine/Engine/Source/Developer/Windows/LiveCodingServer/Private/External/LC_ExecutablePatcher.cpp,0,1,1
/media/ullmann/HDDGabriel/engines/UnrealEngine/Engine/Source/Developer/Windows/LiveCodingServer/Private/External/LC_SchedulerTask.cpp,0,1,1
/media/ullmann/HDDGabriel/engines/UnrealEngine/Engine/Source/Runtime/Renderer/Private/DynamicPrimitiveDrawing.inl,1,0,1
/media/ullmann/HDDGabriel/engines/UnrealEngine/Engine/Source/ThirdParty/ShaderConductor/ShaderConductor/External/DirectXShaderCompiler/lib/Transforms/ObjCARC/BlotMapVector.h,1,0,1
/media/ullmann/HDDGabriel/engines/UnrealEngine/Engine/Source/Editor/VREditor/VREditorStyle.cpp,0,1,1
/media/ullmann/HDDGabriel/engines/UnrealEngine/Engine/Source/Runtime/AutomationWorker/Private/AutomationWorkerModule.h,1,0,1
/media/ullmann/HDDGabriel/engines/UnrealEngine/Engine/Source/Editor/AudioEditor/Private/SoundSubmixGraphSchema.cpp,0,1,1
/media/ullmann/HDDGabriel/engines/UnrealEngine/Engine/Source/ThirdParty/PhysX3/PhysX_3.4/Source/GeomUtils/src/pcm/GuPersistentContactManifold.cpp,0,1,1
/media/ullmann/HDDGabriel/engines/UnrealEngine/Engine/Source/ThirdParty/ShaderConductor/ShaderConductor/External/DirectXShaderCompiler/tools/clang/lib/StaticAnalyzer/Checkers/StackAddrEscapeChecker.cpp,0,1,1
/media/ullmann/HDDGabriel/engines/UnrealEngine/Engine/Source/ThirdParty/ICU/icu4c-53_1/source/test/cintltst/utf16tst.c,0,1,1
/media/ullmann/HDDGabriel/engines/UnrealEngine/Engine/Source/ThirdParty/PhysX3/PhysX_3.4/Source/LowLevel/software/include/PxsIslandSim.h,1,0,1
/media/ullmann/HDDGabriel/engines/UnrealEngine/Engine/Source/ThirdParty/libOpus/opus-1.0.3/silk/fixed/solve_LS_FIX.c,0,1,1
/media/ullmann/HDDGabriel/engines/UnrealEngine/Engine/Source/ThirdParty/libOpus/opus-1.1/TVOS/libOpus/config.h,0,1,1
/media/ullmann/HDDGabriel/engines/UnrealEngine/Engine/Source/ThirdParty/libOpus/opus-1.1/TVOS/libOpus/version.h,1,0,1
/media/ullmann/HDDGabriel/engines/UnrealEngine/Engine/Source/Runtime/AnimGraphRuntime/Public/AnimNodes/AnimNode_BlendSpaceGraph.h,0,1,1
/media/ullmann/HDDGabriel/engines/UnrealEngine/Engine/Source/ThirdParty/FreeImage/FreeImage-3.18.0/Source/LibTIFF4/tif_packbits.c,0,1,1
/media/ullmann/HDDGabriel/engines/UnrealEngine/Engine/Source/ThirdParty/ShaderConductor/ShaderConductor/External/DirectXShaderCompiler/tools/clang/lib/SPIRV/EmitSpirvAction.cpp,0,1,1
/media/ullmann/HDDGabriel/engines/UnrealEngine/Engine/Source/ThirdParty/HarfBuzz/harfbuzz-2.4.0/src/hb-buffer-deserialize-text.hh,1,0,1
/media/ullmann/HDDGabriel/engines/UnrealEngine/Engine/Source/Runtime/MediaUtils/Private/AppMediaTimeSource.cpp,0,1,1
/media/ullmann/HDDGabriel/engines/UnrealEngine/Engine/Source/Runtime/Renderer/Private/Lumen/LumenScreenProbeTracing.cpp,0,1,1
/media/ullmann/HDDGabriel/engines/UnrealEngine/Engine/Source/ThirdParty/PhysX3/NvCloth/src/NvSimd/neon/NvNeonSimd4i.h,1,0,1
/media/ullmann/HDDGabriel/engines/UnrealEngine/Engine/Source/ThirdParty/OpenSubdiv/OpenSubdiv-3.4.4/regression/shapes/catmark_nonman_edge100.h,1,0,1
/media/ullmann/HDDGabriel/engines/UnrealEngine/Engine/Source/Developer/DirectoryWatcher/Private/Linux/DirectoryWatcherLinux.h,1,0,1
/media/ullmann/HDDGabriel/engines/UnrealEngine/Engine/Source/ThirdParty/PhysX3/PhysX_3.4/Source/PhysXMetaData/extensions/include/PxExtensionAutoGeneratedMetaDataObjectNames.h,1,0,1
/media/ullmann/HDDGabriel/engines/UnrealEngine/Engine/Source/ThirdParty/FreeType2/FreeType2-2.10.0/src/base/ftcalc.c,1,0,1
/media/ullmann/HDDGabriel/engines/UnrealEngine/Engine/Source/ThirdParty/MCPP/mcpp-2.7.2/test-c/n_26.c,0,1,1
/media/ullmann/HDDGabriel/engines/UnrealEngine/Engine/Source/ThirdParty/Python3/Mac/include/interpreteridobject.h,0,1,1
/media/ullmann/HDDGabriel/engines/UnrealEngine/Engine/Source/ThirdParty/Python3/Mac/include/cpython/interpreteridobject.h,1,0,1
/media/ullmann/HDDGabriel/engines/UnrealEngine/Engine/Source/Editor/AnimGraph/Public/AnimGraphNode_ResetRoot.h,0,1,1
/media/ullmann/HDDGabriel/engines/UnrealEngine/Engine/Source/ThirdParty/FreeImage/FreeImage-3.18.0/Source/LibTIFF4/tif_open.c,0,1,1
/media/ullmann/HDDGabriel/engines/UnrealEngine/Engine/Source/ThirdParty/ShaderConductor/ShaderConductor/External/DirectXShaderCompiler/tools/clang/tools/libclang/BuildSystem.cpp,0,1,1
/media/ullmann/HDDGabriel/engines/UnrealEngine/Engine/Source/ThirdParty/Windows/glTF-Toolkit/glTF-Toolkit/inc/GLTFTextureCompressionUtils.h,0,1,1
/media/ullmann/HDDGabriel/engines/UnrealEngine/Engine/Source/Editor/SkeletonEditor/Private/SkeletonEditorCommands.cpp,0,1,1
/media/ullmann/HDDGabriel/engines/UnrealEngine/Engine/Source/ThirdParty/FBX/2020.2/include/fbxsdk/scene/geometry/fbxdeformer.h,1,0,1
/media/ullmann/HDDGabriel/engines/UnrealEngine/Engine/Source/ThirdParty/Intel/TBB/IntelTBB-2019u8/src/perf/time_hash_map.cpp,0,1,1
/media/ullmann/HDDGabriel/engines/UnrealEngine/Engine/Source/ThirdParty/OpenVDB/openvdb-8.1.0/openvdb_maya/openvdb_maya/OpenVDBCopyNode.cc,0,1,1
/media/ullmann/HDDGabriel/engines/UnrealEngine/Engine/Source/Runtime/Engine/Public/GPUSkinCache.h,0,1,1
/media/ullmann/HDDGabriel/engines/UnrealEngine/Engine/Source/ThirdParty/WebRTC/4147/Include/third_party/opus/src/celt/fixed_c6x.h,1,0,1
/media/ullmann/HDDGabriel/engines/UnrealEngine/Engine/Source/Runtime/Core/Public/Features/IModularFeature.h,2,0,2
/media/ullmann/HDDGabriel/engines/UnrealEngine/Engine/Source/ThirdParty/Intel/TBB/IntelTBB-2019u8/src/tbb/critical_section.cpp,0,1,1
/media/ullmann/HDDGabriel/engines/UnrealEngine/Engine/Source/Developer/TraceInsights/Private/Insights/MemoryProfiler/ViewModels/MemTagTreeViewColumnFactory.cpp,0,1,1
/media/ullmann/HDDGabriel/engines/UnrealEngine/Engine/Source/Developer/TraceInsights/Private/Insights/MemoryProfiler/ViewModels/MemTagTreeViewColumnFactory.h,1,0,1
/media/ullmann/HDDGabriel/engines/UnrealEngine/Engine/Source/Editor/AnimationModifiers/Private/AnimationModifier.cpp,0,1,1
/media/ullmann/HDDGabriel/engines/UnrealEngine/Engine/Source/Editor/AnimationModifiers/Private/ModifierOutputFilter.h,1,0,1
/media/ullmann/HDDGabriel/engines/UnrealEngine/Engine/Source/Runtime/AudioExtensions/Private/PcmCodec.cpp,0,1,1
/media/ullmann/HDDGabriel/engines/UnrealEngine/Engine/Source/ThirdParty/OpenVDB/Deploy/openvdb-8.1.0/include/openvdb/tree/TreeIterator.h,1,0,1
/media/ullmann/HDDGabriel/engines/UnrealEngine/Engine/Source/ThirdParty/ShaderConductor/ShaderConductor/External/DirectXShaderCompiler/tools/clang/lib/StaticAnalyzer/Checkers/UnixAPIChecker.cpp,0,1,1
/media/ullmann/HDDGabriel/engines/UnrealEngine/Engine/Source/ThirdParty/HarfBuzz/harfbuzz-2.4.0/src/hb-map.cc,0,1,1
/media/ullmann/HDDGabriel/engines/UnrealEngine/Engine/Source/ThirdParty/Vorbis/libvorbis-1.3.2/vq/latticetune.c,0,1,1
/media/ullmann/HDDGabriel/engines/UnrealEngine/Engine/Source/ThirdParty/openexr/openexr-3.1.1/src/test/OpenEXRUtilTest/testFlatImage.h,1,0,1
/media/ullmann/HDDGabriel/engines/UnrealEngine/Engine/Source/ThirdParty/FreeType2/FreeType2-2.4.12/src/cid/cidtoken.h,1,0,1
/media/ullmann/HDDGabriel/engines/UnrealEngine/Engine/Source/Runtime/CoreUObject/Public/Serialization/FindReferencersArchive.h,1,0,1
/media/ullmann/HDDGabriel/engines/UnrealEngine/Engine/Source/ThirdParty/PhysX3/APEX_1.4/module/destructible_legacy/include/autogen/DestructibleActorParam_0p20.h,1,0,1
/media/ullmann/HDDGabriel/engines/UnrealEngine/Engine/Source/Editor/CurveEditor/Private/RichCurveEditorModel.cpp,0,1,1
/media/ullmann/HDDGabriel/engines/UnrealEngine/Engine/Source/Editor/CurveEditor/Private/RichCurveKeyProxy.h,1,0,1
/media/ullmann/HDDGabriel/engines/UnrealEngine/Engine/Source/ThirdParty/MCPP/mcpp-2.7.2/cpp-test/test-l/l_37_4.c,0,1,1
/media/ullmann/HDDGabriel/engines/UnrealEngine/Engine/Source/Runtime/Renderer/Public/VolumeRendering.h,1,0,1
/media/ullmann/HDDGabriel/engines/UnrealEngine/Engine/Source/Developer/AssetTools/Private/AssetTypeActions/AssetTypeActions_TextureRenderTarget2D.h,1,0,1
/media/ullmann/HDDGabriel/engines/UnrealEngine/Engine/Source/Editor/UnrealEd/Private/FbxAnimUtils.cpp,0,1,1
/media/ullmann/HDDGabriel/engines/UnrealEngine/Engine/Source/Programs/HeadlessChaos/Public/HeadlessChaos.h,1,0,1
/media/ullmann/HDDGabriel/engines/UnrealEngine/Engine/Source/Developer/TraceInsights/Private/Insights/MemoryProfiler/Widgets/SMemoryProfilerWindow.cpp,0,1,1
/media/ullmann/HDDGabriel/engines/UnrealEngine/Engine/Source/Developer/TraceInsights/Private/Insights/MemoryProfiler/Widgets/SMemoryProfilerWindow.h,1,0,1
/media/ullmann/HDDGabriel/engines/UnrealEngine/Engine/Source/ThirdParty/WebRTC/4147/Include/third_party/opus/src/celt/fixed_c5x.h,1,0,1
/media/ullmann/HDDGabriel/engines/UnrealEngine/Engine/Source/ThirdParty/GoogleOboe/Private/fifo/FifoBuffer.h,0,1,1
/media/ullmann/HDDGabriel/engines/UnrealEngine/Engine/Source/ThirdParty/PhysX3/PhysX_3.4/Source/GeomUtils/src/mesh/GuRTree.cpp,0,1,1
/media/ullmann/HDDGabriel/engines/UnrealEngine/Engine/Source/ThirdParty/Alembic/alembic-1.8.2/prman/Procedural/PathUtil.cpp,0,1,1
/media/ullmann/HDDGabriel/engines/UnrealEngine/Engine/Source/Editor/DetailCustomizations/Private/ParticleSysParamStructCustomization.cpp,0,1,1
/media/ullmann/HDDGabriel/engines/UnrealEngine/Engine/Source/ThirdParty/FontConfig/fontconfig-2.13.94/src/fcobjshash.gperf.h,0,1,1
/media/ullmann/HDDGabriel/engines/UnrealEngine/Engine/Source/Runtime/UMG/Public/Animation/MovieScene2DTransformSection.h,1,0,1
/media/ullmann/HDDGabriel/engines/UnrealEngine/Engine/Source/ThirdParty/MCPP/mcpp-2.7.2/cpp-test/test-l/nest106.h,1,1,2
/media/ullmann/HDDGabriel/engines/UnrealEngine/Engine/Source/Runtime/RenderCore/Private/RenderGraphValidation.cpp,0,1,1
/media/ullmann/HDDGabriel/engines/UnrealEngine/Engine/Source/ThirdParty/FreeImage/FreeImage-3.18.0/Source/LibOpenJPEG/openjpeg.c,0,1,1
/media/ullmann/HDDGabriel/engines/UnrealEngine/Engine/Source/ThirdParty/Expat/expat-2.2.10/lib/asciitab.h,1,0,1
/media/ullmann/HDDGabriel/engines/UnrealEngine/Engine/Source/Runtime/HeadMountedDisplay/Public/XRThreadUtils.h,1,0,1
/media/ullmann/HDDGabriel/engines/UnrealEngine/Engine/Source/ThirdParty/PhysX3/NvCloth/samples/SampleBase/ui/CommonUIController.h,1,0,1
/media/ullmann/HDDGabriel/engines/UnrealEngine/Engine/Source/ThirdParty/PhysX3/NvCloth/src/NvSimd/neon/NvNeonSimdTypes.h,1,0,1
/media/ullmann/HDDGabriel/engines/UnrealEngine/Engine/Source/Editor/Sequencer/Private/SequencerSelectedKey.cpp,0,1,1
/media/ullmann/HDDGabriel/engines/UnrealEngine/Engine/Source/ThirdParty/PhysX3/PhysX_3.4/Source/LowLevel/software/include/PxsShapeSim.h,0,1,1
/media/ullmann/HDDGabriel/engines/UnrealEngine/Engine/Source/ThirdParty/FBX/2020.2/include/fbxsdk/scene/geometry/fbxgeometry.h,1,0,1
/media/ullmann/HDDGabriel/engines/UnrealEngine/Engine/Source/ThirdParty/OpenSubdiv/OpenSubdiv-3.4.4/opensubdiv/version.cpp,0,1,1
/media/ullmann/HDDGabriel/engines/UnrealEngine/Engine/Source/Editor/Persona/Private/AnimViewportShowCommands.cpp,0,1,1
/media/ullmann/HDDGabriel/engines/UnrealEngine/Engine/Source/ThirdParty/Perforce/p4api-2021.2/Include/Win64/VS2015/p4/p4tags.h,1,0,1
/media/ullmann/HDDGabriel/engines/UnrealEngine/Engine/Source/Developer/Virtualization/Private/VirtualizationHttpBackend.cpp,0,1,1
/media/ullmann/HDDGabriel/engines/UnrealEngine/Engine/Source/Developer/Virtualization/Private/VirtualizationHttpBackend.h,1,0,1
/media/ullmann/HDDGabriel/engines/UnrealEngine/Engine/Source/ThirdParty/PhysX3/PhysX_3.4/Source/LowLevel/software/include/PxsTransformCache.h,1,0,1
/media/ullmann/HDDGabriel/engines/UnrealEngine/Engine/Source/ThirdParty/PhysX3/PhysX_3.4/Source/GeomUtils/src/contact/GuContactPlaneCapsule.cpp,0,1,1
/media/ullmann/HDDGabriel/engines/UnrealEngine/Engine/Source/ThirdParty/Imath/Imath-3.1.3/src/ImathTest/testBoxAlgo.cpp,0,1,1
/media/ullmann/HDDGabriel/engines/UnrealEngine/Engine/Source/ThirdParty/libOpus/opus-1.3.1-12/silk/stereo_MS_to_LR.c,0,1,1
/media/ullmann/HDDGabriel/engines/UnrealEngine/Engine/Source/ThirdParty/Imath/Imath-3.1.3/src/python/PyImath/PyImathUtil.cpp,0,1,1
/media/ullmann/HDDGabriel/engines/UnrealEngine/Engine/Source/ThirdParty/nvTextureTools/nvTextureTools-2.0.8/src/src/nvcore/poshlib/posh.c,0,1,1
/media/ullmann/HDDGabriel/engines/UnrealEngine/Engine/Source/Editor/PropertyEditor/Private/UserInterface/PropertyEditor/SPropertyEditorBool.h,1,0,1
/media/ullmann/HDDGabriel/engines/UnrealEngine/Engine/Source/ThirdParty/ICU/icu4c-64_1/source/test/intltest/miscdtfm.cpp,0,1,1
/media/ullmann/HDDGabriel/engines/UnrealEngine/Engine/Source/ThirdParty/ICU/icu4c-64_1/source/test/intltest/numbertest_api.cpp,0,1,1
/media/ullmann/HDDGabriel/engines/UnrealEngine/Engine/Source/Editor/DetailCustomizations/Private/RotatorStructCustomization.cpp,0,1,1
/media/ullmann/HDDGabriel/engines/UnrealEngine/Engine/Source/Runtime/Experimental/Chaos/Public/GeometryCollection/GeometryCollectionSimulationCoreTypes.h,0,1,1
/media/ullmann/HDDGabriel/engines/UnrealEngine/Engine/Source/Runtime/Experimental/Chaos/Public/GeometryCollection/GeometryCollectionSimulationTypes.h,1,0,1
/media/ullmann/HDDGabriel/engines/UnrealEngine/Engine/Source/ThirdParty/libOpus/opus-1.1/celt/arm/kiss_fft_armv4.h,1,0,1
/media/ullmann/HDDGabriel/engines/UnrealEngine/Engine/Source/ThirdParty/libPNG/libPNG-1.5.2/contrib/gregbook/rpng2-win.c,0,1,1
/media/ullmann/HDDGabriel/engines/UnrealEngine/Engine/Source/Runtime/RenderCore/Public/DynamicBufferAllocator.h,0,1,1
/media/ullmann/HDDGabriel/engines/UnrealEngine/Engine/Source/ThirdParty/ICU/icu4c-64_1/source/test/intltest/tzoffloc.cpp,0,1,1
/media/ullmann/HDDGabriel/engines/UnrealEngine/Engine/Source/Editor/Kismet/Private/InstancedStaticMeshSCSEditorCustomization.h,2,0,2
/media/ullmann/HDDGabriel/engines/UnrealEngine/Engine/Source/ThirdParty/ShaderConductor/ShaderConductor/External/DirectXShaderCompiler/include/llvm/Support/ELFRelocs/Sparc.def,1,0,1
/media/ullmann/HDDGabriel/engines/UnrealEngine/Engine/Source/Runtime/SlateCore/Public/SlotBase.h,1,1,2
/media/ullmann/HDDGabriel/engines/UnrealEngine/Engine/Source/ThirdParty/ShaderConductor/ShaderConductor/External/DirectXShaderCompiler/tools/clang/lib/Parse/ParseDecl.cpp,0,1,1
/media/ullmann/HDDGabriel/engines/UnrealEngine/Engine/Source/ThirdParty/OpenVDB/openvdb-8.1.0/openvdb_ax/openvdb_ax/test/backend/TestLogger.cc,0,1,1
/media/ullmann/HDDGabriel/engines/UnrealEngine/Engine/Source/ThirdParty/PhysX3/PhysX_3.4/Source/SimulationController/include/ScIterators.h,1,0,1
/media/ullmann/HDDGabriel/engines/UnrealEngine/Engine/Source/Editor/SkeletalMeshEditor/Private/SControlRigMappingWindow.h,2,0,2
/media/ullmann/HDDGabriel/engines/UnrealEngine/Engine/Source/Runtime/RenderCore/Public/PackedNormal.h,1,0,1
/media/ullmann/HDDGabriel/engines/UnrealEngine/Engine/Source/Runtime/Experimental/Interchange/Core/Private/InterchangeCoreModule.cpp,0,1,1
/media/ullmann/HDDGabriel/engines/UnrealEngine/Engine/Source/Runtime/CoreUObject/Private/Serialization/LoadTimeTrace.cpp,0,1,1
/media/ullmann/HDDGabriel/engines/UnrealEngine/Engine/Source/Runtime/CoreUObject/Private/Serialization/LoadTimeTracePrivate.h,1,0,1
/media/ullmann/HDDGabriel/engines/UnrealEngine/Engine/Source/Runtime/NetworkFile/Private/NetworkPlatformFile.cpp,0,1,1
/media/ullmann/HDDGabriel/engines/UnrealEngine/Engine/Source/ThirdParty/WebRTC/4147/Include/third_party/opus/src/celt/x86/vq_sse.h,1,0,1
/media/ullmann/HDDGabriel/engines/UnrealEngine/Engine/Source/ThirdParty/FreeType2/FreeType2-2.4.12/src/gxvalid/gxverror.h,1,0,1
/media/ullmann/HDDGabriel/engines/UnrealEngine/Engine/Source/ThirdParty/HarfBuzz/harfbuzz-1.2.4/util/view-cairo.cc,0,1,1
/media/ullmann/HDDGabriel/engines/UnrealEngine/Engine/Source/ThirdParty/Crunch/src/crnlib/lzham_win32_threading.h,1,0,1
/media/ullmann/HDDGabriel/engines/UnrealEngine/Engine/Source/ThirdParty/PhysX3/PhysX_3.4/Source/LowLevelCloth/include/Fabric.h,0,2,2
/media/ullmann/HDDGabriel/engines/UnrealEngine/Engine/Source/Developer/SettingsEditor/Private/Customizations/PerPlatformSettingsCustomization.h,2,0,2
/media/ullmann/HDDGabriel/engines/UnrealEngine/Engine/Source/ThirdParty/ICU/icu4c-64_1/source/samples/translit/answers/unaccent.cpp,0,1,1
/media/ullmann/HDDGabriel/engines/UnrealEngine/Engine/Source/ThirdParty/PhysX3/APEX_1.4/module/clothing_legacy/include/autogen/ClothingAssetParameters_0p5.h,1,0,1
/media/ullmann/HDDGabriel/engines/UnrealEngine/Engine/Source/ThirdParty/EOSSDK/SDK/Include/eos_anticheatclient.h,0,1,1
/media/ullmann/HDDGabriel/engines/UnrealEngine/Engine/Source/Runtime/InstallBundleManager/Private/BundlePrereqCombinedStatusHelper.cpp,0,1,1
/media/ullmann/HDDGabriel/engines/UnrealEngine/Engine/Source/Runtime/Landscape/Classes/LandscapeSplineActor.h,0,1,1
/media/ullmann/HDDGabriel/engines/UnrealEngine/Engine/Source/Runtime/Windows/WindowsPlatformFeatures/Private/HighlightRecorder.cpp,0,2,2
/media/ullmann/HDDGabriel/engines/UnrealEngine/Engine/Source/ThirdParty/Boost/boost-1_70_0/include/boost/functional.hpp,0,1,1
/media/ullmann/HDDGabriel/engines/UnrealEngine/Engine/Source/ThirdParty/NVIDIA/GPUDirect/include/dvpapi_gl.h,0,1,1
/media/ullmann/HDDGabriel/engines/UnrealEngine/Engine/Source/ThirdParty/Android/libunwind/libunwind/src/aarch64/Linit_local.c,0,1,1
/media/ullmann/HDDGabriel/engines/UnrealEngine/Engine/Source/Developer/SettingsEditor/Private/Customizations/PerPlatformSettingsCustomization.cpp,0,1,1
/media/ullmann/HDDGabriel/engines/UnrealEngine/Engine/Source/Editor/FoliageEdit/Private/FoliagePaletteCommands.cpp,0,1,1
/media/ullmann/HDDGabriel/engines/UnrealEngine/Engine/Source/ThirdParty/libjpeg-turbo/include/jmorecfg.h,1,0,1
/media/ullmann/HDDGabriel/engines/UnrealEngine/Engine/Source/Programs/HeadlessChaos/Public/GeometryCollection/GeometryCollectionTestSimulationSolver.h,0,1,1
/media/ullmann/HDDGabriel/engines/UnrealEngine/Engine/Source/ThirdParty/Perforce/p4api-2014.2/include/p4/handler.h,1,0,1
/media/ullmann/HDDGabriel/engines/UnrealEngine/Engine/Source/ThirdParty/ShaderConductor/ShaderConductor/External/DirectXShaderCompiler/tools/clang/lib/Sema/SemaDecl.cpp,0,1,1
/media/ullmann/HDDGabriel/engines/UnrealEngine/Engine/Source/ThirdParty/PhysX3/PxShared/src/filebuf/include/PsAsciiConversion.inl,1,0,1
/media/ullmann/HDDGabriel/engines/UnrealEngine/Engine/Source/ThirdParty/ShaderConductor/ShaderConductor/External/DirectXShaderCompiler/tools/clang/lib/Parse/ParseStmtAsm.cpp,0,1,1
/media/ullmann/HDDGabriel/engines/UnrealEngine/Engine/Source/ThirdParty/PhysX3/APEX_1.4/include/nvparameterized/NvParamUtils.inl,1,0,1
/media/ullmann/HDDGabriel/engines/UnrealEngine/Engine/Source/Runtime/Engine/Private/Streaming/Texture2DMipAllocator_AsyncReallocate.cpp,0,1,1
/media/ullmann/HDDGabriel/engines/UnrealEngine/Engine/Source/Editor/SerializedRecorderInterface/Public/Serializers/MovieSceneSpawnSerialization.h,0,1,1
/media/ullmann/HDDGabriel/engines/UnrealEngine/Engine/Source/Runtime/UMG/Public/Animation/WidgetAnimationBinding.h,1,0,1
/media/ullmann/HDDGabriel/engines/UnrealEngine/Engine/Source/ThirdParty/EOSSDK/SDK/Bin/Android/include/eos_ui.h,0,1,1
/media/ullmann/HDDGabriel/engines/UnrealEngine/Engine/Source/Runtime/UMG/Public/Components/GridPanel.h,1,0,1
/media/ullmann/HDDGabriel/engines/UnrealEngine/Engine/Source/Developer/RigVMDeveloper/Public/RigVMModel/RigVMNotifications.h,1,0,1
/media/ullmann/HDDGabriel/engines/UnrealEngine/Engine/Source/Runtime/GeometryCore/Public/Generators/CapsuleGenerator.h,0,1,1
/media/ullmann/HDDGabriel/engines/UnrealEngine/Engine/Source/ThirdParty/ICU/icu4c-53_1/source/i18n/unicode/compactdecimalformat.h,1,0,1
/media/ullmann/HDDGabriel/engines/UnrealEngine/Engine/Source/Runtime/Core/Private/IOS/IOSChunkInstaller.cpp,0,1,1
/media/ullmann/HDDGabriel/engines/UnrealEngine/Engine/Source/ThirdParty/libOpus/opus-1.0.3/src/opus_demo.c,0,1,1
/media/ullmann/HDDGabriel/engines/UnrealEngine/Engine/Source/ThirdParty/ICU/icu4c-53_1/source/common/ucase_props_data.h,1,0,1
/media/ullmann/HDDGabriel/engines/UnrealEngine/Engine/Source/Developer/TraceInsights/Private/Insights/ViewModels/LogFilter.cpp,0,1,1
/media/ullmann/HDDGabriel/engines/UnrealEngine/Engine/Source/Developer/TraceInsights/Private/Insights/ViewModels/LogFilter.h,1,0,1
/media/ullmann/HDDGabriel/engines/UnrealEngine/Engine/Source/Developer/FunctionalTesting/Classes/FunctionalAITest.h,0,1,1
/media/ullmann/HDDGabriel/engines/UnrealEngine/Engine/Source/ThirdParty/Android/libunwind/libunwind/src/x86_64/Lcreate_addr_space.c,0,1,1
/media/ullmann/HDDGabriel/engines/UnrealEngine/Engine/Source/ThirdParty/ICU/icu4c-53_1/source/tools/pkgdata/pkgdata.cpp,0,1,1
/media/ullmann/HDDGabriel/engines/UnrealEngine/Engine/Source/Runtime/D3D12RHI/Public/D3D12RayTracingRootSignature.h,0,1,1
/media/ullmann/HDDGabriel/engines/UnrealEngine/Engine/Source/Runtime/D3D12RHI/Public/D3D12RHI.h,1,0,1
/media/ullmann/HDDGabriel/engines/UnrealEngine/Engine/Source/ThirdParty/Android/libunwind/libunwind/src/hppa/Lregs.c,0,1,1
/media/ullmann/HDDGabriel/engines/UnrealEngine/Engine/Source/ThirdParty/libOpus/opus-1.1/celt/mathops.c,0,1,1
/media/ullmann/HDDGabriel/engines/UnrealEngine/Engine/Source/Runtime/Apple/AGXRHI/Public/AGXState.h,1,0,1
/media/ullmann/HDDGabriel/engines/UnrealEngine/Engine/Source/Runtime/Core/Public/UObject/CoreObjectVersion.h,1,0,1
/media/ullmann/HDDGabriel/engines/UnrealEngine/Engine/Source/ThirdParty/ICU/icu4c-64_1/source/test/cintltst/cposxtst.c,0,1,1
/media/ullmann/HDDGabriel/engines/UnrealEngine/Engine/Source/ThirdParty/Android/libunwind/libunwind/src/ia64/Lglobal.c,0,1,1
/media/ullmann/HDDGabriel/engines/UnrealEngine/Engine/Source/Programs/HeadlessChaos/Public/GeometryCollection/GeometryCollectionTestSimulationField.h,0,1,1
/media/ullmann/HDDGabriel/engines/UnrealEngine/Engine/Source/ThirdParty/ICU/icu4c-53_1/source/test/cintltst/hpmufn.c,0,1,1
/media/ullmann/HDDGabriel/engines/UnrealEngine/Engine/Source/Runtime/Core/Public/Async/Fundamental/ReserveScheduler.h,0,1,1
/media/ullmann/HDDGabriel/engines/UnrealEngine/Engine/Source/Runtime/Experimental/Chaos/Public/Chaos/PBDPositionConstraints.h,1,0,1
/media/ullmann/HDDGabriel/engines/UnrealEngine/Engine/Source/Runtime/Apple/AGXRHI/Private/AGXUniformBuffer.cpp,0,1,1
/media/ullmann/HDDGabriel/engines/UnrealEngine/Engine/Source/ThirdParty/ShaderConductor/ShaderConductor/External/DirectXShaderCompiler/lib/Object/RecordStreamer.cpp,0,1,1
/media/ullmann/HDDGabriel/engines/UnrealEngine/Engine/Source/ThirdParty/libOpus/opus-1.0.3/silk/decoder_set_fs.c,0,1,1
/media/ullmann/HDDGabriel/engines/UnrealEngine/Engine/Source/Runtime/Online/SSL/Public/Interfaces/ISslCertificateManager.h,1,0,1
/media/ullmann/HDDGabriel/engines/UnrealEngine/Engine/Source/Developer/UncontrolledChangelists/Public/UncontrolledChangelistsModule.h,0,1,1
/media/ullmann/HDDGabriel/engines/UnrealEngine/Engine/Source/ThirdParty/MCPP/mcpp-2.7.2/test-c/n_27.c,0,1,1
/media/ullmann/HDDGabriel/engines/UnrealEngine/Engine/Source/Developer/AssetTools/Private/AssetTypeActions/AssetTypeActions_Rig.h,1,0,1
/media/ullmann/HDDGabriel/engines/UnrealEngine/Engine/Source/ThirdParty/Android/libunwind/libunwind/src/ptrace/_UPT_create.c,0,1,1
/media/ullmann/HDDGabriel/engines/UnrealEngine/Engine/Source/ThirdParty/FreeType2/FreeType2-2.10.4/devel/ftoption.h,0,1,1
/media/ullmann/HDDGabriel/engines/UnrealEngine/Engine/Source/ThirdParty/FreeType2/FreeType2-2.10.4/devel/ft2build.h,1,0,1
/media/ullmann/HDDGabriel/engines/UnrealEngine/Engine/Source/Developer/Windows/LiveCodingServer/Private/External/LC_CompilerOptions.cpp,0,1,1
/media/ullmann/HDDGabriel/engines/UnrealEngine/Engine/Source/ThirdParty/FBX/2020.2/include/fbxsdk/core/math/fbxdualquaternion.h,1,0,1
/media/ullmann/HDDGabriel/engines/UnrealEngine/Engine/Source/Editor/AnimGraph/Public/AnimGraphNode_MakeDynamicAdditive.h,0,1,1
/media/ullmann/HDDGabriel/engines/UnrealEngine/Engine/Source/Runtime/Windows/D3D11RHI/Private/D3D11Viewport.cpp,0,1,1
/media/ullmann/HDDGabriel/engines/UnrealEngine/Engine/Source/ThirdParty/EOSSDK/SDK/Bin/Android/include/eos_result.h,1,0,1
/media/ullmann/HDDGabriel/engines/UnrealEngine/Engine/Source/Runtime/SlateRHIRenderer/Private/SlatePostProcessResource.cpp,0,1,1
/media/ullmann/HDDGabriel/engines/UnrealEngine/Engine/Source/Runtime/Core/Public/HAL/OutputDevices.h,1,0,1
/media/ullmann/HDDGabriel/engines/UnrealEngine/Engine/Source/ThirdParty/ShaderConductor/ShaderConductor/External/SPIRV-Tools/test/opt/function_test.cpp,0,1,1
/media/ullmann/HDDGabriel/engines/UnrealEngine/Engine/Source/ThirdParty/ShaderConductor/ShaderConductor/External/SPIRV-Tools/test/opt/function_utils.h,1,0,1
/media/ullmann/HDDGabriel/engines/UnrealEngine/Engine/Source/Developer/ProfilerService/Private/ProfilerServiceManager.cpp,0,1,1
/media/ullmann/HDDGabriel/engines/UnrealEngine/Engine/Source/ThirdParty/FreeType2/FreeType2-2.6/Src/gzip/inffixed.h,1,0,1
/media/ullmann/HDDGabriel/engines/UnrealEngine/Engine/Source/Runtime/Networking/Public/Common/UdpSocketSender.h,1,0,1
/media/ullmann/HDDGabriel/engines/UnrealEngine/Engine/Source/ThirdParty/PhysX3/PxShared/src/foundation/include/windows/PsWindowsTrigConstants.h,1,0,1
/media/ullmann/HDDGabriel/engines/UnrealEngine/Engine/Source/ThirdParty/WebRTC/4147/Include/third_party/opus/src/celt/arm/mdct_arm.h,1,0,1
/media/ullmann/HDDGabriel/engines/UnrealEngine/Engine/Source/ThirdParty/Vorbis/libvorbis-1.3.2/vq/metrics.c,0,1,1
/media/ullmann/HDDGabriel/engines/UnrealEngine/Engine/Source/Editor/SkeletalMeshEditor/Private/SControlRigMappingWindow.cpp,0,1,1
/media/ullmann/HDDGabriel/engines/UnrealEngine/Engine/Source/ThirdParty/ShaderConductor/ShaderConductor/External/DirectXShaderCompiler/tools/clang/lib/Headers/arm_acle.h,0,1,1
/media/ullmann/HDDGabriel/engines/UnrealEngine/Engine/Source/Editor/AnimGraph/Public/AnimGraphNode_RotationMultiplier.h,0,1,1
/media/ullmann/HDDGabriel/engines/UnrealEngine/Engine/Source/ThirdParty/FreeType2/FreeType2-2.10.0/src/pcf/pcfdrivr.h,1,0,1
/media/ullmann/HDDGabriel/engines/UnrealEngine/Engine/Source/ThirdParty/WebRTC/4147/Include/third_party/libvpx/source/config/win/arm64/vpx_dsp_rtcd.h,0,1,1
/media/ullmann/HDDGabriel/engines/UnrealEngine/Engine/Source/ThirdParty/MCPP/mcpp-2.7.2/cpp-test/test-t/nest14.h,1,1,2
/media/ullmann/HDDGabriel/engines/UnrealEngine/Engine/Source/Runtime/UMG/Public/Components/MenuAnchor.h,1,0,1
/media/ullmann/HDDGabriel/engines/UnrealEngine/Engine/Source/ThirdParty/OpenVDB/openvdb-8.1.0/openvdb/openvdb/io/GridDescriptor.cc,0,1,1
/media/ullmann/HDDGabriel/engines/UnrealEngine/Engine/Source/Editor/GraphEditor/Public/SGraphPinDataTableRowName.h,0,1,1
/media/ullmann/HDDGabriel/engines/UnrealEngine/Engine/Source/Editor/Persona/Private/AnimViewportLODCommands.cpp,0,1,1
/media/ullmann/HDDGabriel/engines/UnrealEngine/Engine/Source/ThirdParty/PhysX3/APEX_1.4/module/emitter/include/GroundEmitterAssetPreview.h,0,1,1
/media/ullmann/HDDGabriel/engines/UnrealEngine/Engine/Source/ThirdParty/Python3/Linux/include/python3.9/cpython/pystate.h,1,0,1
/media/ullmann/HDDGabriel/engines/UnrealEngine/Engine/Source/Programs/Enterprise/Datasmith/DatasmithMaxExporter/Private/DatasmithMaxWriter.cpp,0,1,1
/media/ullmann/HDDGabriel/engines/UnrealEngine/Engine/Source/Editor/LevelAssetEditor/Private/LevelEditorAssetToolkit.cpp,0,2,2
/media/ullmann/HDDGabriel/engines/UnrealEngine/Engine/Source/ThirdParty/ICU/icu4c-64_1/source/tools/genrb/rbutil.c,0,1,1
/media/ullmann/HDDGabriel/engines/UnrealEngine/Engine/Source/ThirdParty/Python3/Win64/include/weakrefobject.h,1,0,1
/media/ullmann/HDDGabriel/engines/UnrealEngine/Engine/Source/ThirdParty/PhysX3/NvCloth/samples/SampleBase/core/DeviceManager.cpp,0,1,1
/media/ullmann/HDDGabriel/engines/UnrealEngine/Engine/Source/Programs/HeadlessChaos/Public/GeometryCollection/GeometryCollectionTestSimulationStreaming.h,0,1,1
/media/ullmann/HDDGabriel/engines/UnrealEngine/Engine/Source/Editor/UnrealEd/Private/Commandlets/ContentCommandlets.cpp,0,1,1
/media/ullmann/HDDGabriel/engines/UnrealEngine/Engine/Source/Editor/UnrealEd/Private/Commandlets/CommandletSourceControlUtils.h,1,0,1
/media/ullmann/HDDGabriel/engines/UnrealEngine/Engine/Source/Developer/LauncherServices/Public/ILauncherDeviceGroup.h,1,0,1
/media/ullmann/HDDGabriel/engines/UnrealEngine/Engine/Source/Developer/AssetTools/Private/AssetTypeActions/AssetTypeActions_CanvasRenderTarget2D.h,1,0,1
/media/ullmann/HDDGabriel/engines/UnrealEngine/Engine/Source/Runtime/Slate/Public/Framework/Application/SlateUser.h,0,1,1
/media/ullmann/HDDGabriel/engines/UnrealEngine/Engine/Source/Runtime/Slate/Public/Framework/Application/GestureDetector.h,1,0,1
/media/ullmann/HDDGabriel/engines/UnrealEngine/Engine/Source/ThirdParty/WebRTC/4147/Include/third_party/libjpeg/jmorecfg.h,1,0,1
/media/ullmann/HDDGabriel/engines/UnrealEngine/Engine/Source/Developer/MeshBuilder/Private/BuildStatisticManager.h,1,0,1
/media/ullmann/HDDGabriel/engines/UnrealEngine/Engine/Source/Runtime/CoreUObject/Private/UObject/LinkerPlaceholderExportObject.h,1,0,1
/media/ullmann/HDDGabriel/engines/UnrealEngine/Engine/Source/ThirdParty/zlib/zlib-1.2.5/Src/contrib/iostream3/zfstream.cc,0,1,1
/media/ullmann/HDDGabriel/engines/UnrealEngine/Engine/Source/ThirdParty/libOpus/opus-1.1/silk/fixed/find_pitch_lags_FIX.c,0,1,1
/media/ullmann/HDDGabriel/engines/UnrealEngine/Engine/Source/ThirdParty/PhysX3/APEX_1.4/module/clothing_legacy/include/autogen/ClothingActorParam_0p13.h,1,0,1
/media/ullmann/HDDGabriel/engines/UnrealEngine/Engine/Source/ThirdParty/FBX/2020.2/include/fbxsdk/fileio/fbxfiletokens.h,1,0,1
/media/ullmann/HDDGabriel/engines/UnrealEngine/Engine/Source/Runtime/SlateCore/Public/Fonts/SlateFontInfo.h,1,0,1
/media/ullmann/HDDGabriel/engines/UnrealEngine/Engine/Source/Editor/Kismet/Private/InstancedStaticMeshSCSEditorCustomization.cpp,0,1,1
/media/ullmann/HDDGabriel/engines/UnrealEngine/Engine/Source/Editor/UnrealEd/Private/Cooker/DiffPackageWriter.h,1,0,1
/media/ullmann/HDDGabriel/engines/UnrealEngine/Engine/Source/Runtime/Projects/Private/ProjectManager.cpp,0,1,1
/media/ullmann/HDDGabriel/engines/UnrealEngine/Engine/Source/Runtime/Core/Public/UObject/PhysicsObjectVersion.h,1,0,1
/media/ullmann/HDDGabriel/engines/UnrealEngine/Engine/Source/Developer/MessageLog/Private/UserInterface/SMessageLog.h,1,0,1
/media/ullmann/HDDGabriel/engines/UnrealEngine/Engine/Source/ThirdParty/libOpus/opus-1.0.3/silk/tables_NLSF_CB_NB_MB.c,0,1,1
/media/ullmann/HDDGabriel/engines/UnrealEngine/Engine/Source/ThirdParty/libOpus/opus-1.0.3/silk/float/wrappers_FLP.c,0,1,1
/media/ullmann/HDDGabriel/engines/UnrealEngine/Engine/Source/Editor/AnimGraph/Public/AnimGraphNode_TwoBoneIK.h,0,1,1
/media/ullmann/HDDGabriel/engines/UnrealEngine/Engine/Source/ThirdParty/EOSSDK/SDK/Include/eos_presence.h,0,1,1
/media/ullmann/HDDGabriel/engines/UnrealEngine/Engine/Source/ThirdParty/Eigen/Eigen/src/StlSupport/StdDeque.h,0,1,1
/media/ullmann/HDDGabriel/engines/UnrealEngine/Engine/Source/Editor/WorldPartitionEditor/Private/WorldPartition/HLOD/HLODLayerAssetTypeActions.cpp,0,1,1
/media/ullmann/HDDGabriel/engines/UnrealEngine/Engine/Source/ThirdParty/Boost/boost-1_70_0/include/boost/spirit/home/support/char_encoding/unicode/lowercase_table.hpp,1,0,1
/media/ullmann/HDDGabriel/engines/UnrealEngine/Engine/Source/ThirdParty/FreeType2/FreeType2-2.10.4/src/base/md5.h,1,0,1
/media/ullmann/HDDGabriel/engines/UnrealEngine/Engine/Source/ThirdParty/ICU/icu4c-64_1/source/test/cintltst/cutiltst.c,0,1,1
/media/ullmann/HDDGabriel/engines/UnrealEngine/Engine/Source/ThirdParty/OpenSubdiv/Deploy/OpenSubdiv-3.4.4/include/opensubdiv/hbr/cornerEdit.h,0,1,1
/media/ullmann/HDDGabriel/engines/UnrealEngine/Engine/Source/ThirdParty/DirectShow/DirectShow-1.0.0/src/Public/wxlist.h,1,0,1
/media/ullmann/HDDGabriel/engines/UnrealEngine/Engine/Source/ThirdParty/HarfBuzz/harfbuzz-2.4.0/src/hb-aat-ltag-table.hh,1,0,1
/media/ullmann/HDDGabriel/engines/UnrealEngine/Engine/Source/ThirdParty/CryptoPP/5.6.2/include/blumshub.cpp,0,2,2
/media/ullmann/HDDGabriel/engines/UnrealEngine/Engine/Source/Runtime/Datasmith/DirectLink/Public/DirectLinkSceneSnapshot.h,0,1,1
/media/ullmann/HDDGabriel/engines/UnrealEngine/Engine/Source/ThirdParty/Steamworks/Steamv146/sdk/public/steam/isteamclient.h,1,1,2
/media/ullmann/HDDGabriel/engines/UnrealEngine/Engine/Source/Runtime/RHI/Public/RHICommandList.inl,1,0,1
/media/ullmann/HDDGabriel/engines/UnrealEngine/Engine/Source/ThirdParty/nvTextureTools/nvTextureTools-2.0.6/src/gnuwin32/include/zconf.h,1,0,1
/media/ullmann/HDDGabriel/engines/UnrealEngine/Engine/Source/ThirdParty/Perforce/p4api-2018.1/Include/Mac/p4/strtable.h,1,0,1
/media/ullmann/HDDGabriel/engines/UnrealEngine/Engine/Source/ThirdParty/MCPP/mcpp-2.7.2/test-c/m_34_big5.c,0,1,1
/media/ullmann/HDDGabriel/engines/UnrealEngine/Engine/Source/ThirdParty/WebRTC/4147/Include/third_party/libvpx/source/config/linux/arm64/vp9_rtcd.h,0,1,1
/media/ullmann/HDDGabriel/engines/UnrealEngine/Engine/Source/ThirdParty/libOpus/opus-1.1/silk/init_encoder.c,0,1,1
/media/ullmann/HDDGabriel/engines/UnrealEngine/Engine/Source/ThirdParty/Intel/TBB/IntelTBB-2019u8/src/test/test_task_steal_limit.cpp,0,1,1
/media/ullmann/HDDGabriel/engines/UnrealEngine/Engine/Source/ThirdParty/ShaderConductor/ShaderConductor/External/DirectXShaderCompiler/tools/clang/lib/CodeGen/CGLoopInfo.cpp,0,1,1
/media/ullmann/HDDGabriel/engines/UnrealEngine/Engine/Source/Runtime/SlateCore/Public/Brushes/SlateNoResource.h,1,0,1
/media/ullmann/HDDGabriel/engines/UnrealEngine/Engine/Source/Runtime/CoreUObject/Private/Serialization/BulkData.cpp,0,1,1
/media/ullmann/HDDGabriel/engines/UnrealEngine/Engine/Source/Editor/VREditor/Teleporter/VREditorTeleporter.cpp,0,1,1
/media/ullmann/HDDGabriel/engines/UnrealEngine/Engine/Source/Editor/VREditor/Teleporter/VREditorTeleporter.h,1,0,1
/media/ullmann/HDDGabriel/engines/UnrealEngine/Engine/Source/ThirdParty/libOpus/opus-1.3.1-12/silk/float/structs_FLP.h,1,0,1
/media/ullmann/HDDGabriel/engines/UnrealEngine/Engine/Source/ThirdParty/OpenVDB/openvdb-8.1.0/openvdb_ax/openvdb_ax/test/ast/TestScanners.cc,0,1,1
/media/ullmann/HDDGabriel/engines/UnrealEngine/Engine/Source/ThirdParty/Python3/Mac/include/cpython/listobject.h,1,0,1
/media/ullmann/HDDGabriel/engines/UnrealEngine/Engine/Source/ThirdParty/FreeType2/FreeType2-2.6/Src/base/ftstroke.c,0,1,1
/media/ullmann/HDDGabriel/engines/UnrealEngine/Engine/Source/Programs/HeadlessChaos/Resource/EllipsoidGeometry.cpp,0,1,1
/media/ullmann/HDDGabriel/engines/UnrealEngine/Engine/Source/Programs/HeadlessChaos/Resource/EllipsoidGeometry.h,1,0,1
/media/ullmann/HDDGabriel/engines/UnrealEngine/Engine/Source/ThirdParty/libPNG/libPNG-1.5.27/pngwio.c,0,1,1
/media/ullmann/HDDGabriel/engines/UnrealEngine/Engine/Source/Runtime/Engine/Public/VisualLogger/VisualLoggerTypes.h,0,1,1
/media/ullmann/HDDGabriel/engines/UnrealEngine/Engine/Source/Runtime/Engine/Public/VisualLogger/VisualLoggerCustomVersion.h,1,0,1
/media/ullmann/HDDGabriel/engines/UnrealEngine/Engine/Source/ThirdParty/libOpus/opus-1.0.3/silk/biquad_alt.c,0,1,1
/media/ullmann/HDDGabriel/engines/UnrealEngine/Engine/Source/Runtime/FriendsAndChat/Public/FriendsComboStyle.h,1,0,1
/media/ullmann/HDDGabriel/engines/UnrealEngine/Engine/Source/ThirdParty/FreeType2/FreeType2-2.4.12/src/base/ftgloadr.c,1,0,1
/media/ullmann/HDDGabriel/engines/UnrealEngine/Engine/Source/ThirdParty/OpenVDB/openvdb-8.1.0/openvdb/openvdb/tools/DenseSparseTools.h,0,1,1
/media/ullmann/HDDGabriel/engines/UnrealEngine/Engine/Source/ThirdParty/WebRTC/4147/Include/third_party/libvpx/source/libvpx/vpx_ports/msvc.h,1,0,1
/media/ullmann/HDDGabriel/engines/UnrealEngine/Engine/Source/ThirdParty/libcurl/include/Android/ARM64/curl/curlrules.h,1,0,1
/media/ullmann/HDDGabriel/engines/UnrealEngine/Engine/Source/ThirdParty/mtlpp/mtlpp-master-7efad47/interpose/MTIBlitCommandEncoder.hpp,0,1,1
/media/ullmann/HDDGabriel/engines/UnrealEngine/Engine/Source/Runtime/Online/BuildPatchServices/Private/Installer/ChunkEvictionPolicy.h,1,0,1
/media/ullmann/HDDGabriel/engines/UnrealEngine/Engine/Source/ThirdParty/libPNG/libPNG-1.6.37/contrib/libtests/readpng.c,0,1,1
/media/ullmann/HDDGabriel/engines/UnrealEngine/Engine/Source/ThirdParty/PhysX3/PhysX_3.4/Source/GeomUtils/src/mesh/GuBV4_Slabs_KajiyaNoOrder.h,0,1,1
/media/ullmann/HDDGabriel/engines/UnrealEngine/Engine/Source/Runtime/ClothingSystemRuntimeNv/Private/ClothConfigNvCustomVersion.cpp,0,1,1
/media/ullmann/HDDGabriel/engines/UnrealEngine/Engine/Source/ThirdParty/PhysX3/PhysX_3.4/Source/GeomUtils/src/GuOverlapTests.h,2,0,2
/media/ullmann/HDDGabriel/engines/UnrealEngine/Engine/Source/ThirdParty/Android/libunwind/libunwind/src/ppc32/Lstep.c,0,1,1
/media/ullmann/HDDGabriel/engines/UnrealEngine/Engine/Source/ThirdParty/PhysX3/APEX_1.4/module/destructible_legacy/include/autogen/DestructibleAssetParameters_0p6.h,1,0,1
/media/ullmann/HDDGabriel/engines/UnrealEngine/Engine/Source/ThirdParty/ICU/icu4c-53_1/source/samples/translit/answers/main_3.cpp,0,1,1
/media/ullmann/HDDGabriel/engines/UnrealEngine/Engine/Source/Runtime/Core/Private/Misc/NetworkVersion.cpp,0,1,1
/media/ullmann/HDDGabriel/engines/UnrealEngine/Engine/Source/Runtime/Engine/Public/Animation/AnimSyncScope.h,0,1,1
/media/ullmann/HDDGabriel/engines/UnrealEngine/Engine/Source/ThirdParty/ICU/icu4c-64_1/source/test/intltest/tsdtfmsy.cpp,0,1,1
/media/ullmann/HDDGabriel/engines/UnrealEngine/Engine/Source/Editor/EditorFramework/Public/ViewportTabContent.h,0,1,1
/media/ullmann/HDDGabriel/engines/UnrealEngine/Engine/Source/Editor/EditorFramework/Public/EditorViewportLayout.h,1,0,1
/media/ullmann/HDDGabriel/engines/UnrealEngine/Engine/Source/ThirdParty/rpclib/Source/include/rpc/msgpack/adaptor/tr1/unordered_map.hpp,1,0,1
/media/ullmann/HDDGabriel/engines/UnrealEngine/Engine/Source/ThirdParty/OpenVDB/openvdb-8.1.0/openvdb/openvdb/math/ConjGradient.h,0,1,1
/media/ullmann/HDDGabriel/engines/UnrealEngine/Engine/Source/Runtime/Engine/Public/Rendering/NaniteStreamingManager.h,0,1,1
/media/ullmann/HDDGabriel/engines/UnrealEngine/Engine/Source/ThirdParty/ICU/icu4c-64_1/source/test/cintltst/utmstest.c,0,1,1
/media/ullmann/HDDGabriel/engines/UnrealEngine/Engine/Source/ThirdParty/ShaderConductor/ShaderConductor/External/DirectXShaderCompiler/tools/clang/utils/TableGen/ClangCommentHTMLTagsEmitter.cpp,0,1,1
/media/ullmann/HDDGabriel/engines/UnrealEngine/Engine/Source/ThirdParty/DirectShow/DirectShow-1.0.0/src/Public/perflog.h,1,0,1
/media/ullmann/HDDGabriel/engines/UnrealEngine/Engine/Source/ThirdParty/Android/libunwind/libunwind/src/x86/Lget_proc_info.c,0,1,1
/media/ullmann/HDDGabriel/engines/UnrealEngine/Engine/Source/ThirdParty/openexr/openexr-3.1.1/src/test/OpenEXRTest/testScanLineApi.h,1,0,1
/media/ullmann/HDDGabriel/engines/UnrealEngine/Engine/Source/ThirdParty/Intel/MetricsDiscovery/MetricsDiscoveryHelper/source/range_metrics_dx11.cpp,0,1,1
/media/ullmann/HDDGabriel/engines/UnrealEngine/Engine/Source/Runtime/UMG/Public/Components/CircularThrobber.h,1,0,1
/media/ullmann/HDDGabriel/engines/UnrealEngine/Engine/Source/ThirdParty/Intel/Embree/Embree2140/src/common/simd/vboolf8_avx.h,1,0,1
/media/ullmann/HDDGabriel/engines/UnrealEngine/Engine/Source/ThirdParty/glslang/glslang/src/glslang_lib/glslang/MachineIndependent/ParseContextBase.cpp,0,1,1
/media/ullmann/HDDGabriel/engines/UnrealEngine/Engine/Source/Runtime/AugmentedReality/Public/ARSharedWorldPlayerController.h,1,0,1
/media/ullmann/HDDGabriel/engines/UnrealEngine/Engine/Source/Runtime/LiveLinkAnimationCore/Public/LiveLinkRemapAsset.h,0,1,1
/media/ullmann/HDDGabriel/engines/UnrealEngine/Engine/Source/ThirdParty/FakeIt/2.0.2/tests/default_behaviore_tests.cpp,0,1,1
/media/ullmann/HDDGabriel/engines/UnrealEngine/Engine/Source/Developer/Profiler/Private/ProfilerStream.cpp,0,1,1
/media/ullmann/HDDGabriel/engines/UnrealEngine/Engine/Source/ThirdParty/Android/libunwind/libunwind/src/sh/regname.c,0,1,1
/media/ullmann/HDDGabriel/engines/UnrealEngine/Engine/Source/Developer/TraceInsights/Private/Insights/Table/ViewModels/TableCellValueGetter.cpp,0,1,1
/media/ullmann/HDDGabriel/engines/UnrealEngine/Engine/Source/Developer/TraceInsights/Private/Insights/Table/ViewModels/TableCellValueGetter.h,1,0,1
/media/ullmann/HDDGabriel/engines/UnrealEngine/Engine/Source/ThirdParty/PhysX3/APEX_1.4/module/destructible_legacy/include/autogen/DestructibleAssetParameters_0p12.h,1,0,1
/media/ullmann/HDDGabriel/engines/UnrealEngine/Engine/Source/ThirdParty/OpenVDB/openvdb-8.1.0/openvdb_maya/openvdb_maya/OpenVDBReadNode.cc,0,1,1
/media/ullmann/HDDGabriel/engines/UnrealEngine/Engine/Source/ThirdParty/Android/libunwind/libunwind/include/dwarf_i.h,0,2,2
/media/ullmann/HDDGabriel/engines/UnrealEngine/Engine/Source/ThirdParty/WebRTC/4147/Include/third_party/libjpeg_turbo/jmorecfg.h,1,0,1
/media/ullmann/HDDGabriel/engines/UnrealEngine/Engine/Source/ThirdParty/Python3/Mac/include/asdl.h,1,0,1
/media/ullmann/HDDGabriel/engines/UnrealEngine/Engine/Source/Runtime/RHI/Public/TextureProfiler.h,1,0,1
/media/ullmann/HDDGabriel/engines/UnrealEngine/Engine/Source/Developer/TextureFormat/Public/Interfaces/ITextureFormat.h,1,0,1
/media/ullmann/HDDGabriel/engines/UnrealEngine/Engine/Source/Runtime/SlateCore/Public/Brushes/SlateBorderBrush.h,1,0,1
/media/ullmann/HDDGabriel/engines/UnrealEngine/Engine/Source/ThirdParty/ICU/icu4c-64_1/source/i18n/tolowtrn.cpp,0,1,1
/media/ullmann/HDDGabriel/engines/UnrealEngine/Engine/Source/ThirdParty/ShaderConductor/ShaderConductor/External/DirectXShaderCompiler/tools/clang/lib/StaticAnalyzer/Checkers/AllocationDiagnostics.cpp,0,1,1
/media/ullmann/HDDGabriel/engines/UnrealEngine/Engine/Source/ThirdParty/ShaderConductor/ShaderConductor/External/DirectXShaderCompiler/tools/clang/lib/Headers/rtmintrin.h,1,0,1
/media/ullmann/HDDGabriel/engines/UnrealEngine/Engine/Source/Runtime/GeometryCore/Public/Intersection/IntrRay3Triangle3.h,1,0,1
/media/ullmann/HDDGabriel/engines/UnrealEngine/Engine/Source/ThirdParty/ICU/icu4c-64_1/source/test/fuzzer/uloc_canonicalize_fuzzer.cc,0,1,1
/media/ullmann/HDDGabriel/engines/UnrealEngine/Engine/Source/ThirdParty/ICU/icu4c-53_1/source/common/unicode/utf_old.h,1,0,1
/media/ullmann/HDDGabriel/engines/UnrealEngine/Engine/Source/ThirdParty/openexr/openexr-3.1.1/src/test/OpenEXRFuzzTest/testFuzzScanLines.h,1,0,1
/media/ullmann/HDDGabriel/engines/UnrealEngine/Engine/Source/Programs/LiveCodingConsole/Private/LiveCodingConsole.h,1,0,1
/media/ullmann/HDDGabriel/engines/UnrealEngine/Engine/Source/ThirdParty/ICU/icu4c-64_1/source/i18n/nortrans.cpp,0,1,1
/media/ullmann/HDDGabriel/engines/UnrealEngine/Engine/Source/ThirdParty/ICU/icu4c-64_1/source/samples/translit/answers/main_2.cpp,0,1,1
/media/ullmann/HDDGabriel/engines/UnrealEngine/Engine/Source/Runtime/Engine/Public/Interpolation.h,1,0,1
/media/ullmann/HDDGabriel/engines/UnrealEngine/Engine/Source/ThirdParty/openexr/openexr-3.1.1/src/lib/OpenEXRCore/internal_string_vector.h,1,0,1
/media/ullmann/HDDGabriel/engines/UnrealEngine/Engine/Source/Runtime/Apple/MetalRHI/Public/MetalResources.h,1,0,1
/media/ullmann/HDDGabriel/engines/UnrealEngine/Engine/Source/ThirdParty/PhysX3/PhysX_3.4/Source/PhysXVehicle/src/PxVehicleDrive.cpp,0,1,1
/media/ullmann/HDDGabriel/engines/UnrealEngine/Engine/Source/ThirdParty/zlib/zlib-1.2.5/Src/contrib/iostream2/zstream_test.cpp,0,1,1
/media/ullmann/HDDGabriel/engines/UnrealEngine/Engine/Source/ThirdParty/zlib/zlib-1.2.5/Src/contrib/iostream2/zstream.h,1,0,1
/media/ullmann/HDDGabriel/engines/UnrealEngine/Engine/Source/ThirdParty/Intel/TBB/IntelTBB-2019u8/examples/graph/fgbzip2/bzlib.cpp,0,1,1
/media/ullmann/HDDGabriel/engines/UnrealEngine/Engine/Source/ThirdParty/AMD/Amf/components/DisplayCapture.h,0,1,1
/media/ullmann/HDDGabriel/engines/UnrealEngine/Engine/Source/ThirdParty/Python3/Mac/include/cpython/bytesobject.h,1,0,1
/media/ullmann/HDDGabriel/engines/UnrealEngine/Engine/Source/ThirdParty/Intel/Embree/Embree2140/include/embree2/rtcore_ray.h,0,1,1
/media/ullmann/HDDGabriel/engines/UnrealEngine/Engine/Source/ThirdParty/WebRTC/4147/Include/tools/clang/blink_gc_plugin/tests/trace_templated_super.h,0,1,1
/media/ullmann/HDDGabriel/engines/UnrealEngine/Engine/Source/Runtime/AudioMixerCore/Public/AudioMixerNullDevice.h,1,0,1
/media/ullmann/HDDGabriel/engines/UnrealEngine/Engine/Source/Runtime/UMG/Private/UMGModule.cpp,0,1,1
/media/ullmann/HDDGabriel/engines/UnrealEngine/Engine/Source/ThirdParty/ShaderConductor/ShaderConductor/External/DirectXShaderCompiler/include/llvm/DebugInfo/PDB/IPDBRawSymbol.h,1,1,2
/media/ullmann/HDDGabriel/engines/UnrealEngine/Engine/Source/Runtime/SlateCore/Public/Widgets/DeclarativeSyntaxSupport.h,1,0,1
/media/ullmann/HDDGabriel/engines/UnrealEngine/Engine/Source/Runtime/Slate/Public/Widgets/Colors/SColorSpectrum.h,1,0,1
/media/ullmann/HDDGabriel/engines/UnrealEngine/Engine/Source/Runtime/CoreUObject/Public/Serialization/ObjectWriter.h,1,0,1
/media/ullmann/HDDGabriel/engines/UnrealEngine/Engine/Source/ThirdParty/MCPP/mcpp-2.7.2/src/mcpp_out.h,1,0,1
/media/ullmann/HDDGabriel/engines/UnrealEngine/Engine/Source/ThirdParty/Intel/Embree/Embree2140/src/common/simd/vdouble4_avx.h,1,0,1
/media/ullmann/HDDGabriel/engines/UnrealEngine/Engine/Source/Editor/AnimGraph/Public/AnimGraphNodeAlphaOptions.h,0,1,1
/media/ullmann/HDDGabriel/engines/UnrealEngine/Engine/Source/ThirdParty/WebRTC/4147/Include/third_party/protobuf/conformance/text_format_conformance_suite.h,0,1,1
/media/ullmann/HDDGabriel/engines/UnrealEngine/Engine/Source/ThirdParty/FreeType2/FreeType2-2.4.12/src/base/ftglyph.c,0,1,1
/media/ullmann/HDDGabriel/engines/UnrealEngine/Engine/Source/Runtime/D3D12RHI/Private/D3D12Residency.h,1,0,1
/media/ullmann/HDDGabriel/engines/UnrealEngine/Engine/Source/Runtime/Experimental/Chaos/Public/Chaos/ConvexFlattenedArrayStructureData.h,0,1,1
/media/ullmann/HDDGabriel/engines/UnrealEngine/Engine/Source/ThirdParty/SDL2/SDL-gui-backend/src/video/uikit/SDL_uikitevents.h,0,1,1
/media/ullmann/HDDGabriel/engines/UnrealEngine/Engine/Source/ThirdParty/EOSSDK/SDK/Bin/IOS/EOSSDK.framework/Headers/eos_stats.h,0,1,1
/media/ullmann/HDDGabriel/engines/UnrealEngine/Engine/Source/ThirdParty/ShaderConductor/ShaderConductor/External/DirectXShaderCompiler/tools/clang/unittests/DxrFallback/testFiles/testTraversal.h,1,0,1
/media/ullmann/HDDGabriel/engines/UnrealEngine/Engine/Source/Runtime/Engine/Private/Materials/MeshMaterialShader.cpp,0,1,1
/media/ullmann/HDDGabriel/engines/UnrealEngine/Engine/Source/ThirdParty/openexr/openexr-3.1.1/src/test/OpenEXRCoreTest/deep.h,1,0,1
/media/ullmann/HDDGabriel/engines/UnrealEngine/Engine/Source/ThirdParty/Intel/Embree/Embree2140/src/kernels/subdiv/catmullclark_coefficients.cpp,0,1,1
/media/ullmann/HDDGabriel/engines/UnrealEngine/Engine/Source/Runtime/LiveLinkInterface/Public/LiveLinkSubjectSettings.h,0,1,1
/media/ullmann/HDDGabriel/engines/UnrealEngine/Engine/Source/Runtime/RHI/Public/PipelineStateCache.h,0,1,1
/media/ullmann/HDDGabriel/engines/UnrealEngine/Engine/Source/ThirdParty/PhysX3/PhysX_3.4/Include/characterkinematic/PxBoxController.h,1,0,1
/media/ullmann/HDDGabriel/engines/UnrealEngine/Engine/Source/Editor/Kismet/Private/BlueprintEditorCommands.cpp,0,1,1
/media/ullmann/HDDGabriel/engines/UnrealEngine/Engine/Source/ThirdParty/libPNG/libPNG-1.5.27/contrib/gregbook/rpng-win.c,0,1,1
/media/ullmann/HDDGabriel/engines/UnrealEngine/Engine/Source/ThirdParty/openexr/Deploy/openexr-3.1.1/include/OpenEXR/ImfCompositeDeepScanLine.h,0,1,1
/media/ullmann/HDDGabriel/engines/UnrealEngine/Engine/Source/ThirdParty/openexr/openexr-3.1.1/src/test/OpenEXRFuzzTest/testFuzzTiles.h,1,0,1
/media/ullmann/HDDGabriel/engines/UnrealEngine/Engine/Source/Runtime/WebBrowser/Private/CEF/CEFJSStructDeserializerBackend.h,1,1,2
/media/ullmann/HDDGabriel/engines/UnrealEngine/Engine/Source/Developer/AssetTools/Private/AssetTypeActions/AssetTypeActions_TextureCube.h,1,0,1
/media/ullmann/HDDGabriel/engines/UnrealEngine/Engine/Source/ThirdParty/FreeType2/FreeType2-2.10.0/src/base/fterrors.c,1,0,1
/media/ullmann/HDDGabriel/engines/UnrealEngine/Engine/Source/Runtime/Engine/Public/PerQualityLevelProperties.h,0,1,1
/media/ullmann/HDDGabriel/engines/UnrealEngine/Engine/Source/ThirdParty/libjpeg-turbo/include/jpegint.h,1,0,1
/media/ullmann/HDDGabriel/engines/UnrealEngine/Engine/Source/ThirdParty/Boost/boost-1_70_0/include/boost/outcome/experimental/status-code/detail/nt_code_to_generic_code.ipp,1,0,1
/media/ullmann/HDDGabriel/engines/UnrealEngine/Engine/Source/ThirdParty/Alembic/alembic-1.8.2/lib/Alembic/AbcCoreAbstract/Tests/OctessenceBug38.cpp,0,1,1
/media/ullmann/HDDGabriel/engines/UnrealEngine/Engine/Source/Runtime/Renderer/Private/PostProcess/PostProcessUpscale.cpp,0,1,1
/media/ullmann/HDDGabriel/engines/UnrealEngine/Engine/Source/ThirdParty/ICU/icu4c-53_1/source/test/intltest/lrucachetest.cpp,0,1,1
/media/ullmann/HDDGabriel/engines/UnrealEngine/Engine/Source/ThirdParty/ICU/icu4c-64_1/source/common/unicode/messagepattern.h,2,0,2
/media/ullmann/HDDGabriel/engines/UnrealEngine/Engine/Source/ThirdParty/PhysX3/PxShared/src/pvd/src/PxPvdDefaultSocketTransport.cpp,0,1,1
/media/ullmann/HDDGabriel/engines/UnrealEngine/Engine/Source/ThirdParty/PhysX3/PxShared/src/pvd/src/PxPvdDefaultSocketTransport.h,1,0,1
/media/ullmann/HDDGabriel/engines/UnrealEngine/Engine/Source/ThirdParty/libOpus/opus-1.0.3/silk/sort.c,0,1,1
/media/ullmann/HDDGabriel/engines/UnrealEngine/Engine/Source/ThirdParty/BLAKE3/0.3.7/c/blake3_avx512.c,0,1,1
/media/ullmann/HDDGabriel/engines/UnrealEngine/Engine/Source/Runtime/Core/Public/Features/IModularFeatures.h,0,1,1
/media/ullmann/HDDGabriel/engines/UnrealEngine/Engine/Source/ThirdParty/Boost/boost-1_70_0/include/boost/shared_container_iterator.hpp,0,1,1
/media/ullmann/HDDGabriel/engines/UnrealEngine/Engine/Source/Runtime/AVEncoder/Private/Decoders/VideoDecoderVP8.cpp,0,1,1
/media/ullmann/HDDGabriel/engines/UnrealEngine/Engine/Source/ThirdParty/Intel/ISPC/ispc-1.17.0/examples/cpu/sgemm/SGEMM_main.cpp,0,1,1
/media/ullmann/HDDGabriel/engines/UnrealEngine/Engine/Source/ThirdParty/ShaderConductor/ShaderConductor/External/DirectXShaderCompiler/lib/Transforms/InstCombine/InstCombineAndOrXor.cpp,0,1,1
/media/ullmann/HDDGabriel/engines/UnrealEngine/Engine/Source/ThirdParty/Python3/Win64/include/cpython/pylifecycle.h,1,0,1
/media/ullmann/HDDGabriel/engines/UnrealEngine/Engine/Source/ThirdParty/ICU/icu4c-64_1/source/tools/toolutil/pkg_imp.h,1,0,1
/media/ullmann/HDDGabriel/engines/UnrealEngine/Engine/Source/Runtime/Engine/Private/SplineMeshSceneProxy.cpp,0,1,1
/media/ullmann/HDDGabriel/engines/UnrealEngine/Engine/Source/ThirdParty/MCPP/mcpp-2.7.2/cpp-test/test-t/nest15.h,1,0,1
/media/ullmann/HDDGabriel/engines/UnrealEngine/Engine/Source/ThirdParty/Intel/TBB/IntelTBB-2019u8/examples/graph/fgbzip2/crctable.cpp,0,1,1
/media/ullmann/HDDGabriel/engines/UnrealEngine/Engine/Source/Programs/BreakpadSymbolEncoder/BreakpadSymbolEncoder.cpp,0,1,1
/media/ullmann/HDDGabriel/engines/UnrealEngine/Engine/Source/Programs/BreakpadSymbolEncoder/BreakpadSymbolEncoder.h,1,0,1
/media/ullmann/HDDGabriel/engines/UnrealEngine/Engine/Source/ThirdParty/PhysX3/APEX_1.4/module/destructible_legacy/include/autogen/DestructibleAssetParameters_0p15.h,1,0,1
/media/ullmann/HDDGabriel/engines/UnrealEngine/Engine/Source/Runtime/OpenGLDrv/Private/OpenGLDevice.cpp,0,1,1
/media/ullmann/HDDGabriel/engines/UnrealEngine/Engine/Source/ThirdParty/Intel/Embree/Embree2140/src/kernels/common/stat.cpp,0,1,1
/media/ullmann/HDDGabriel/engines/UnrealEngine/Engine/Source/ThirdParty/Perforce/p4api-2018.1/Include/Win32/VS2015/p4/filesys.h,1,0,1
/media/ullmann/HDDGabriel/engines/UnrealEngine/Engine/Source/ThirdParty/libOpus/opus-1.1/silk/encode_indices.c,0,1,1
/media/ullmann/HDDGabriel/engines/UnrealEngine/Engine/Source/ThirdParty/WebRTC/4147/Include/third_party/opus/src/src/opus_private.h,1,0,1
/media/ullmann/HDDGabriel/engines/UnrealEngine/Engine/Source/ThirdParty/OpenSubdiv/OpenSubdiv-3.4.4/regression/shapes/bilinear_nonquads0.h,1,0,1
/media/ullmann/HDDGabriel/engines/UnrealEngine/Engine/Source/Developer/DerivedDataCache/Private/DerivedDataBuildAction.cpp,0,1,1
/media/ullmann/HDDGabriel/engines/UnrealEngine/Engine/Source/ThirdParty/ShaderConductor/ShaderConductor/External/DirectXShaderCompiler/projects/dxilconv/include/Support/DXIncludes.h,0,1,1
/media/ullmann/HDDGabriel/engines/UnrealEngine/Engine/Source/ThirdParty/ShaderConductor/ShaderConductor/External/DirectXShaderCompiler/projects/dxilconv/include/Support/DxbcSignatures.h,1,0,1
/media/ullmann/HDDGabriel/engines/UnrealEngine/Engine/Source/Developer/LauncherServices/Private/Profiles/LauncherProfile.h,1,0,1
/media/ullmann/HDDGabriel/engines/UnrealEngine/Engine/Source/ThirdParty/WebRTC/4147/Include/third_party/opus/src/celt/fixed_debug.h,1,0,1
/media/ullmann/HDDGabriel/engines/UnrealEngine/Engine/Source/ThirdParty/PhysX3/APEX_1.4/module/clothing/include/autogen/ClothingGraphicalLodParameters.h,1,0,1
/media/ullmann/HDDGabriel/engines/UnrealEngine/Engine/Source/ThirdParty/zlib/zlib-1.2.5/Src/inffixed.h,2,0,2
/media/ullmann/HDDGabriel/engines/UnrealEngine/Engine/Source/ThirdParty/libOpus/opus-1.0.3/silk/fixed/find_LTP_FIX.c,0,1,1
/media/ullmann/HDDGabriel/engines/UnrealEngine/Engine/Source/Runtime/D3D12RHI/Private/D3D12Util.cpp,0,1,1
/media/ullmann/HDDGabriel/engines/UnrealEngine/Engine/Source/Runtime/UMG/Public/Components/NativeWidgetHost.h,1,0,1
/media/ullmann/HDDGabriel/engines/UnrealEngine/Engine/Source/Runtime/AVEncoder/Private/AVEncoder.cpp,0,1,1
/media/ullmann/HDDGabriel/engines/UnrealEngine/Engine/Source/ThirdParty/HarfBuzz/harfbuzz-1.2.4/util/ansi-print.cc,0,1,1
/media/ullmann/HDDGabriel/engines/UnrealEngine/Engine/Source/ThirdParty/Intel/Embree/Embree270/src/common/sys/mutex.cpp,0,1,1
/media/ullmann/HDDGabriel/engines/UnrealEngine/Engine/Source/Runtime/BinkAudioDecoder/SDK/BinkAudio/Src/posix_ticks.cpp,0,1,1
/media/ullmann/HDDGabriel/engines/UnrealEngine/Engine/Source/ThirdParty/ICU/icu4c-53_1/source/test/threadtest/stringtest.cpp,0,1,1
/media/ullmann/HDDGabriel/engines/UnrealEngine/Engine/Source/ThirdParty/FBX/2020.2/include/fbxsdk/scene/geometry/fbxblendshape.h,1,0,1
/media/ullmann/HDDGabriel/engines/UnrealEngine/Engine/Source/ThirdParty/ICU/icu4c-64_1/source/test/cintltst/currtest.c,0,1,1
/media/ullmann/HDDGabriel/engines/UnrealEngine/Engine/Source/ThirdParty/libcurl/include/Linux/aarch64-unknown-linux-gnueabi/curl/mprintf.h,0,1,1
/media/ullmann/HDDGabriel/engines/UnrealEngine/Engine/Source/Editor/UnrealEd/Private/EditorDomain/BulkDataRegistryEditorDomain.h,1,0,1
/media/ullmann/HDDGabriel/engines/UnrealEngine/Engine/Source/Developer/IOS/IOSTargetPlatform/Private/IOSTargetPlatformModule.cpp,0,1,1
/media/ullmann/HDDGabriel/engines/UnrealEngine/Engine/Source/ThirdParty/FreeImage/FreeImage-3.18.0/Source/LibOpenJPEG/mqc.c,0,1,1
/media/ullmann/HDDGabriel/engines/UnrealEngine/Engine/Source/ThirdParty/PhysX3/APEX_1.4/shared/internal/src/authoring/NoiseUtils.h,1,0,1
/media/ullmann/HDDGabriel/engines/UnrealEngine/Engine/Source/ThirdParty/ShaderConductor/ShaderConductor/External/DirectXShaderCompiler/tools/clang/lib/StaticAnalyzer/Checkers/MacOSXAPIChecker.cpp,0,1,1
/media/ullmann/HDDGabriel/engines/UnrealEngine/Engine/Source/ThirdParty/PhysX3/APEX_1.4/module/clothing/include/ClothingCooking.h,1,0,1
/media/ullmann/HDDGabriel/engines/UnrealEngine/Engine/Source/Runtime/Core/Public/Serialization/LargeMemoryWriter.h,1,0,1
/media/ullmann/HDDGabriel/engines/UnrealEngine/Engine/Source/Runtime/Engine/Public/WorldPartition/WorldPartitionRuntimeSpatialHashGridPreviewer.h,1,0,1
/media/ullmann/HDDGabriel/engines/UnrealEngine/Engine/Source/Editor/LandscapeEditor/Public/LandscapeEditorModule.h,1,0,1
/media/ullmann/HDDGabriel/engines/UnrealEngine/Engine/Source/Developer/Windows/LiveCodingServer/Private/External/LC_Key.cpp,0,1,1
/media/ullmann/HDDGabriel/engines/UnrealEngine/Engine/Source/ThirdParty/PhysX3/PhysX_3.4/Source/PhysXExtensions/src/serialization/Binary/SnConvX_Union.cpp,0,1,1
/media/ullmann/HDDGabriel/engines/UnrealEngine/Engine/Source/ThirdParty/Crunch/src/crnlib/crn_radix_sort.h,1,0,1
/media/ullmann/HDDGabriel/engines/UnrealEngine/Engine/Source/Editor/KismetWidgets/Public/SScrubWidget.h,1,0,1
/media/ullmann/HDDGabriel/engines/UnrealEngine/Engine/Source/Runtime/CoreUObject/Public/Serialization/BulkDataBuffer.h,1,0,1
/media/ullmann/HDDGabriel/engines/UnrealEngine/Engine/Source/Runtime/WebBrowser/Private/CEF/CEFTextInputMethodContext.cpp,0,1,1
/media/ullmann/HDDGabriel/engines/UnrealEngine/Engine/Source/Runtime/WebBrowser/Private/CEF/CEFImeHandler.h,2,0,2
/media/ullmann/HDDGabriel/engines/UnrealEngine/Engine/Source/ThirdParty/PhysX3/PhysX_3.4/Source/GeomUtils/src/mesh/GuBV4_ProcessStreamNoOrder_SphereAABB.h,1,0,1
/media/ullmann/HDDGabriel/engines/UnrealEngine/Engine/Source/ThirdParty/FreeImage/FreeImage-3.18.0/Source/LibJXR/image/encode/encode.c,0,1,1
/media/ullmann/HDDGabriel/engines/UnrealEngine/Engine/Source/ThirdParty/FakeIt/2.0.2/tests/type_info_tests.cpp,0,1,1
/media/ullmann/HDDGabriel/engines/UnrealEngine/Engine/Source/Runtime/Engine/Classes/Engine/StaticMesh.h,0,1,1
/media/ullmann/HDDGabriel/engines/UnrealEngine/Engine/Source/Runtime/Engine/Classes/Engine/StaticMeshSourceData.h,1,0,1
/media/ullmann/HDDGabriel/engines/UnrealEngine/Engine/Source/ThirdParty/Crunch/src/crunch/corpus_gen.cpp,0,1,1
/media/ullmann/HDDGabriel/engines/UnrealEngine/Engine/Source/ThirdParty/Intel/TBB/IntelTBB-2019u8/src/tbb/tools_api/ittnotify_types.h,1,0,1
/media/ullmann/HDDGabriel/engines/UnrealEngine/Engine/Source/ThirdParty/ShaderConductor/ShaderConductor/External/DirectXShaderCompiler/lib/IR/BasicBlock.cpp,0,1,1
/media/ullmann/HDDGabriel/engines/UnrealEngine/Engine/Source/ThirdParty/Intel/Embree/Embree270/src/kernels/algorithms/parallel_prefix_sum.cpp,0,1,1
/media/ullmann/HDDGabriel/engines/UnrealEngine/Engine/Source/Developer/TraceInsights/Private/Insights/Table/ViewModels/BaseTreeNode.cpp,0,1,1
/media/ullmann/HDDGabriel/engines/UnrealEngine/Engine/Source/Developer/TraceInsights/Private/Insights/Table/ViewModels/BaseTreeNode.h,1,0,1
/media/ullmann/HDDGabriel/engines/UnrealEngine/Engine/Source/ThirdParty/FBX/2020.2/include/fbxsdk/core/base/fbxcontainerallocators.h,1,0,1
/media/ullmann/HDDGabriel/engines/UnrealEngine/Engine/Source/ThirdParty/libOpus/opus-1.1/celt/opus_custom_demo.c,0,1,1
/media/ullmann/HDDGabriel/engines/UnrealEngine/Engine/Source/Developer/AssetTools/Private/AssetTypeActions/AssetTypeActions_VolumeTexture.h,1,0,1
/media/ullmann/HDDGabriel/engines/UnrealEngine/Engine/Source/ThirdParty/libOpus/opus-1.1/silk/NSQ.c,0,1,1
/media/ullmann/HDDGabriel/engines/UnrealEngine/Engine/Source/Runtime/Windows/D3D11RHI/Private/D3D11Device.cpp,0,1,1
/media/ullmann/HDDGabriel/engines/UnrealEngine/Engine/Source/ThirdParty/libOpus/opus-1.3.1-12/silk/fixed/find_LTP_FIX.c,0,1,1
/media/ullmann/HDDGabriel/engines/UnrealEngine/Engine/Source/ThirdParty/Intel/Embree/Embree270/src/kernels/xeonphi/geometry/triangle1.cpp,0,1,1
/media/ullmann/HDDGabriel/engines/UnrealEngine/Engine/Source/ThirdParty/ShaderConductor/ShaderConductor/External/SPIRV-Tools/source/opt/convert_to_half_pass.cpp,0,1,1
/media/ullmann/HDDGabriel/engines/UnrealEngine/Engine/Source/ThirdParty/ShaderConductor/ShaderConductor/External/SPIRV-Tools/source/opt/convert_to_half_pass.h,1,0,1
/media/ullmann/HDDGabriel/engines/UnrealEngine/Engine/Source/ThirdParty/PhysX3/APEX_1.4/module/destructible_legacy/include/autogen/DestructibleAssetParameters_0p14.h,1,0,1
/media/ullmann/HDDGabriel/engines/UnrealEngine/Engine/Source/Developer/ShaderFormatVectorVM/Private/ir_vm_propagate_non_expressions_visitor.cpp,0,1,1
/media/ullmann/HDDGabriel/engines/UnrealEngine/Engine/Source/ThirdParty/FBX/2020.2/include/fbxsdk/core/base/fbxdynamicarray.h,1,0,1
/media/ullmann/HDDGabriel/engines/UnrealEngine/Engine/Source/Editor/AnimGraph/Public/AnimGraphNode_Inertialization.h,0,1,1
/media/ullmann/HDDGabriel/engines/UnrealEngine/Engine/Source/ThirdParty/SDL2/SDL-gui-backend/src/render/opengles/SDL_glesfuncs.h,1,0,1
/media/ullmann/HDDGabriel/engines/UnrealEngine/Engine/Source/ThirdParty/libWebSockets/libwebsockets/include/Unix/aarch64-unknown-linux-gnueabi/libwebsockets.h,0,1,1
/media/ullmann/HDDGabriel/engines/UnrealEngine/Engine/Source/ThirdParty/libWebSockets/libwebsockets/include/Unix/aarch64-unknown-linux-gnueabi/lws_config.h,1,0,1
/media/ullmann/HDDGabriel/engines/UnrealEngine/Engine/Source/Editor/Persona/Private/LODInfoUILayout.cpp,0,1,1
/media/ullmann/HDDGabriel/engines/UnrealEngine/Engine/Source/Runtime/Experimental/Chaos/Public/GeometryCollection/ManagedArrayTypes.h,0,1,1
/media/ullmann/HDDGabriel/engines/UnrealEngine/Engine/Source/Runtime/Experimental/Chaos/Public/GeometryCollection/ManagedArrayTypeValues.inl,1,0,1
/media/ullmann/HDDGabriel/engines/UnrealEngine/Engine/Source/ThirdParty/ShaderConductor/ShaderConductor/External/DirectXShaderCompiler/tools/clang/lib/StaticAnalyzer/Checkers/ObjCAtSyncChecker.cpp,0,1,1
/media/ullmann/HDDGabriel/engines/UnrealEngine/Engine/Source/ThirdParty/DirectShow/DirectShow-1.0.0/src/Public/source.h,1,0,1
/media/ullmann/HDDGabriel/engines/UnrealEngine/Engine/Source/ThirdParty/PhysX3/APEX_1.4/module/clothing_legacy/include/autogen/ClothingAssetParameters_0p1.h,1,0,1
/media/ullmann/HDDGabriel/engines/UnrealEngine/Engine/Source/ThirdParty/ShaderConductor/ShaderConductor/External/DirectXShaderCompiler/lib/CodeGen/AsmPrinter/DwarfStringPool.cpp,0,1,1
/media/ullmann/HDDGabriel/engines/UnrealEngine/Engine/Source/Developer/TraceInsights/Private/Insights/NetworkingProfiler/Widgets/SNetworkingProfilerToolbar.cpp,0,1,1
/media/ullmann/HDDGabriel/engines/UnrealEngine/Engine/Source/Developer/TraceInsights/Private/Insights/NetworkingProfiler/Widgets/SNetworkingProfilerToolbar.h,1,0,1
/media/ullmann/HDDGabriel/engines/UnrealEngine/Engine/Source/ThirdParty/FBX/2020.2/include/fbxsdk/utils/fbxdeformationsevaluator.h,1,0,1
/media/ullmann/HDDGabriel/engines/UnrealEngine/Engine/Source/ThirdParty/libOpus/opus-1.1/speex_resampler/arch.h,1,0,1
/media/ullmann/HDDGabriel/engines/UnrealEngine/Engine/Source/Runtime/ApplicationCore/Public/GenericPlatform/GenericPlatformSoftwareCursor.h,0,1,1
/media/ullmann/HDDGabriel/engines/UnrealEngine/Engine/Source/Runtime/Core/Private/FramePro/FrameProProfiler.cpp,0,1,1
/media/ullmann/HDDGabriel/engines/UnrealEngine/Engine/Source/Runtime/UMG/Public/Blueprint/WidgetNavigation.h,1,0,1
/media/ullmann/HDDGabriel/engines/UnrealEngine/Engine/Source/ThirdParty/PhysX3/APEX_1.4/module/clothing_legacy/include/autogen/ClothingMaterialLibraryParameters_0p2.h,1,0,1
/media/ullmann/HDDGabriel/engines/UnrealEngine/Engine/Source/ThirdParty/FreeImage/FreeImage-3.18.0/Source/OpenEXR/IlmImf/ImfTileDescriptionAttribute.cpp,0,1,1
/media/ullmann/HDDGabriel/engines/UnrealEngine/Engine/Source/Editor/BlueprintGraph/Classes/K2Node_MultiGate.h,0,1,1
/media/ullmann/HDDGabriel/engines/UnrealEngine/Engine/Source/ThirdParty/FreeImage/FreeImage-3.18.0/Source/Metadata/Exif.cpp,0,1,1
/media/ullmann/HDDGabriel/engines/UnrealEngine/Engine/Source/Editor/MergeActors/Private/MeshProxyTool/MeshProxyTool.cpp,0,1,1
/media/ullmann/HDDGabriel/engines/UnrealEngine/Engine/Source/Editor/MergeActors/Private/MeshProxyTool/SMeshProxyDialog.h,1,0,1
/media/ullmann/HDDGabriel/engines/UnrealEngine/Engine/Source/ThirdParty/HarfBuzz/harfbuzz-1.2.4/src/hb-ot-shape-complex-indic-table.cc,0,1,1
/media/ullmann/HDDGabriel/engines/UnrealEngine/Engine/Source/ThirdParty/Expat/expat-2.2.10/tests/minicheck.c,0,1,1
/media/ullmann/HDDGabriel/engines/UnrealEngine/Engine/Source/Developer/TraceInsights/Private/Insights/NetworkingProfiler/ViewModels/PacketContentViewport.cpp,0,1,1
/media/ullmann/HDDGabriel/engines/UnrealEngine/Engine/Source/Developer/TraceInsights/Private/Insights/NetworkingProfiler/ViewModels/PacketContentViewport.h,1,0,1
/media/ullmann/HDDGabriel/engines/UnrealEngine/Engine/Source/ThirdParty/FreeImage/FreeImage-3.18.0/Source/OpenEXR/IlmImf/ImfVecAttribute.cpp,0,1,1
/media/ullmann/HDDGabriel/engines/UnrealEngine/Engine/Source/ThirdParty/openexr/openexr-3.1.1/src/test/OpenEXRTest/testConversion.cpp,0,1,1
/media/ullmann/HDDGabriel/engines/UnrealEngine/Engine/Source/Editor/SkeletonEditor/Public/IEditableSkeleton.h,1,0,1
/media/ullmann/HDDGabriel/engines/UnrealEngine/Engine/Source/Editor/PlacementMode/Public/PlacementModeModule.h,0,1,1
/media/ullmann/HDDGabriel/engines/UnrealEngine/Engine/Source/ThirdParty/Crunch/src/crnlib/crn_math.cpp,0,1,1
/media/ullmann/HDDGabriel/engines/UnrealEngine/Engine/Source/ThirdParty/PhysX3/PhysX_3.4/Source/PhysX/src/particles/NpParticleSystem.cpp,0,1,1
/media/ullmann/HDDGabriel/engines/UnrealEngine/Engine/Source/ThirdParty/PhysX3/APEX_1.4/module/clothing/include/ClothingPreviewProxy.h,0,1,1
/media/ullmann/HDDGabriel/engines/UnrealEngine/Engine/Source/ThirdParty/libOpus/opus-1.0.3/silk/inner_prod_aligned.c,0,1,1
/media/ullmann/HDDGabriel/engines/UnrealEngine/Engine/Source/ThirdParty/libOpus/opus-1.1/silk/biquad_alt.c,0,1,1
/media/ullmann/HDDGabriel/engines/UnrealEngine/Engine/Source/Editor/ViewportInteraction/ViewportInteractionInputProcessor.cpp,0,1,1
/media/ullmann/HDDGabriel/engines/UnrealEngine/Engine/Source/Runtime/Networking/Private/NetworkingModule.cpp,0,1,1
/media/ullmann/HDDGabriel/engines/UnrealEngine/Engine/Source/Runtime/Networking/Private/NetworkingModule.h,1,0,1
/media/ullmann/HDDGabriel/engines/UnrealEngine/Engine/Source/ThirdParty/libPNG/libPNG-1.5.2/pnginfo.h,1,0,1
/media/ullmann/HDDGabriel/engines/UnrealEngine/Engine/Source/ThirdParty/ICU/icu4c-64_1/source/tools/genrb/prscmnts.cpp,0,1,1
/media/ullmann/HDDGabriel/engines/UnrealEngine/Engine/Source/Editor/DeviceProfileEditor/Public/DeviceProfileEditor.h,0,1,1
/media/ullmann/HDDGabriel/engines/UnrealEngine/Engine/Source/Editor/DeviceProfileEditor/Public/DeviceProfileEditorModule.h,1,0,1
/media/ullmann/HDDGabriel/engines/UnrealEngine/Engine/Source/ThirdParty/OpenVDB/openvdb-8.1.0/openvdb/openvdb/unittest/TestPointMove.cc,0,1,1
/media/ullmann/HDDGabriel/engines/UnrealEngine/Engine/Source/Developer/ScreenShotComparisonTools/Public/ImageComparer.h,1,0,1
/media/ullmann/HDDGabriel/engines/UnrealEngine/Engine/Source/Editor/HardwareTargeting/Public/HardwareTargetingModule.h,0,1,1
/media/ullmann/HDDGabriel/engines/UnrealEngine/Engine/Source/Editor/HardwareTargeting/Public/HardwareTargetingSettings.h,1,0,1
/media/ullmann/HDDGabriel/engines/UnrealEngine/Engine/Source/ThirdParty/ShaderConductor/ShaderConductor/External/DirectXShaderCompiler/tools/clang/unittests/SPIRV/SpirvDebugInstructionTest.cpp,0,1,1
/media/ullmann/HDDGabriel/engines/UnrealEngine/Engine/Source/Runtime/UMG/Public/Components/ComboBox.h,1,0,1
/media/ullmann/HDDGabriel/engines/UnrealEngine/Engine/Source/ThirdParty/Intel/TBB/IntelTBB-2019u8/examples/graph/fgbzip2/blocksort.cpp,0,1,1
/media/ullmann/HDDGabriel/engines/UnrealEngine/Engine/Source/ThirdParty/SDL2/SDL-gui-backend/src/video/khronos/vulkan/vulkan_macos.h,1,0,1
/media/ullmann/HDDGabriel/engines/UnrealEngine/Engine/Source/Editor/PackagesDialog/Private/SPackagesDialog.cpp,0,1,1
/media/ullmann/HDDGabriel/engines/UnrealEngine/Engine/Source/ThirdParty/ShaderConductor/ShaderConductor/External/SPIRV-Tools/source/opt/relax_float_ops_pass.cpp,0,1,1
/media/ullmann/HDDGabriel/engines/UnrealEngine/Engine/Source/ThirdParty/ShaderConductor/ShaderConductor/External/SPIRV-Tools/source/opt/relax_float_ops_pass.h,1,0,1
/media/ullmann/HDDGabriel/engines/UnrealEngine/Engine/Source/Runtime/SlateRHIRenderer/Private/SlateRHITextureAtlas.cpp,0,1,1
/media/ullmann/HDDGabriel/engines/UnrealEngine/Engine/Source/Runtime/ClothingSystemRuntimeInterface/Public/ClothPhysicalMeshDataBase_Legacy.h,0,1,1
/media/ullmann/HDDGabriel/engines/UnrealEngine/Engine/Source/Runtime/ClothingSystemRuntimeInterface/Public/ClothVertBoneData.h,1,0,1
/media/ullmann/HDDGabriel/engines/UnrealEngine/Engine/Source/Runtime/Renderer/Private/PostProcess/PostProcessHMD.h,1,0,1
/media/ullmann/HDDGabriel/engines/UnrealEngine/Engine/Source/Editor/DetailCustomizations/Private/CustomPrimitiveDataCustomization.cpp,0,1,1
/media/ullmann/HDDGabriel/engines/UnrealEngine/Engine/Source/ThirdParty/rpclib/Source/include/rpc/msgpack/adaptor/char_ptr.hpp,1,0,1
/media/ullmann/HDDGabriel/engines/UnrealEngine/Engine/Source/Editor/UnrealEd/Private/Kismet2/BlueprintEditorUtils.cpp,0,1,1
/media/ullmann/HDDGabriel/engines/UnrealEngine/Engine/Source/Editor/Blutility/Public/IBlutilityModule.h,1,0,1
/media/ullmann/HDDGabriel/engines/UnrealEngine/Engine/Source/ThirdParty/ICU/icu4c-53_1/source/samples/translit/answers/main_4.cpp,0,1,1
/media/ullmann/HDDGabriel/engines/UnrealEngine/Engine/Source/ThirdParty/HLMediaLibrary/HLMediaLibrary/pch.cpp,0,1,1
/media/ullmann/HDDGabriel/engines/UnrealEngine/Engine/Source/ThirdParty/libOpus/opus-1.1/silk/float/schur_FLP.c,0,1,1
/media/ullmann/HDDGabriel/engines/UnrealEngine/Engine/Source/ThirdParty/ICU/icu4c-53_1/source/test/cintltst/sorttest.c,0,1,1
/media/ullmann/HDDGabriel/engines/UnrealEngine/Engine/Source/Runtime/MovieSceneTracks/Public/MovieSceneSkeletalAnimationRootHitProxy.h,0,1,1
/media/ullmann/HDDGabriel/engines/UnrealEngine/Engine/Source/Runtime/MovieSceneTracks/Public/Sections/MovieSceneSkeletalAnimationSection.h,1,0,1
/media/ullmann/HDDGabriel/engines/UnrealEngine/Engine/Source/ThirdParty/ICU/icu4c-64_1/source/test/intltest/sdtfmtts.cpp,0,1,1
/media/ullmann/HDDGabriel/engines/UnrealEngine/Engine/Source/ThirdParty/nvTextureTools/nvTextureTools-2.0.6/src/src/nvtt/tools/configdialog.cpp,0,1,1
/media/ullmann/HDDGabriel/engines/UnrealEngine/Engine/Source/ThirdParty/Vorbis/libvorbis-1.3.2/lib/modes/setup_44u.h,1,0,1
/media/ullmann/HDDGabriel/engines/UnrealEngine/Engine/Source/Runtime/SlateCore/Public/Debugging/SlateDebugging.h,1,0,1
/media/ullmann/HDDGabriel/engines/UnrealEngine/Engine/Source/ThirdParty/OpenSubdiv/OpenSubdiv-3.4.4/regression/shapes/catmark_chaikin2.h,1,0,1
/media/ullmann/HDDGabriel/engines/UnrealEngine/Engine/Source/ThirdParty/nvTextureTools/nvTextureTools-2.0.8/src/src/nvimage/ColorBlock.h,1,0,1
/media/ullmann/HDDGabriel/engines/UnrealEngine/Engine/Source/ThirdParty/ICU/icu4c-64_1/source/test/intltest/numfmtdatadriventest.cpp,0,1,1
/media/ullmann/HDDGabriel/engines/UnrealEngine/Engine/Source/ThirdParty/Perforce/p4api-2018.1/Include/Win32/VS2015/p4/stdhdrs.h,1,0,1
/media/ullmann/HDDGabriel/engines/UnrealEngine/Engine/Source/ThirdParty/ICU/icu4c-53_1/source/test/perf/strsrchperf/strsrchperf.cpp,0,1,1
/media/ullmann/HDDGabriel/engines/UnrealEngine/Engine/Source/ThirdParty/ICU/icu4c-53_1/source/test/perf/strsrchperf/strsrchperf.h,1,0,1
/media/ullmann/HDDGabriel/engines/UnrealEngine/Engine/Source/Editor/GraphEditor/Private/MaterialNodes/SGraphNodeMaterialBase.h,1,0,1
/media/ullmann/HDDGabriel/engines/UnrealEngine/Engine/Source/ThirdParty/FreeImage/FreeImage-3.18.0/Source/LibJPEG/rdcolmap.c,0,1,1
/media/ullmann/HDDGabriel/engines/UnrealEngine/Engine/Source/Developer/Profiler/Private/Widgets/SProfilerMiniView.h,1,0,1
/media/ullmann/HDDGabriel/engines/UnrealEngine/Engine/Source/ThirdParty/SDL2/SDL-gui-backend/src/misc/riscos/SDL_sysurl.c,0,1,1
/media/ullmann/HDDGabriel/engines/UnrealEngine/Engine/Source/ThirdParty/mimalloc/src/stats.c,1,0,1
/media/ullmann/HDDGabriel/engines/UnrealEngine/Engine/Source/ThirdParty/WebRTC/4147/Include/tools/clang/blink_gc_plugin/tests/member_in_offheap_class.h,0,1,1
/media/ullmann/HDDGabriel/engines/UnrealEngine/Engine/Source/ThirdParty/Perforce/p4api-2021.2/Include/Win64/VS2015/p4/clientuser.h,1,0,1
/media/ullmann/HDDGabriel/engines/UnrealEngine/Engine/Source/ThirdParty/Crunch/src/crunch/corpus_test.cpp,0,1,1
/media/ullmann/HDDGabriel/engines/UnrealEngine/Engine/Source/ThirdParty/ICU/icu4c-64_1/source/test/fuzzer/uloc_for_language_tag_fuzzer.cc,0,1,1
/media/ullmann/HDDGabriel/engines/UnrealEngine/Engine/Source/Runtime/GeometryCore/Public/Generators/PolygonEdgeMeshGenerator.h,0,1,1
/media/ullmann/HDDGabriel/engines/UnrealEngine/Engine/Source/ThirdParty/Intel/ISPC/ispc-1.16.1/examples/cpu/perfbench/perfbench.cpp,0,1,1
/media/ullmann/HDDGabriel/engines/UnrealEngine/Engine/Source/ThirdParty/PhysX3/PhysX_3.4/Source/GeomUtils/headers/GuDistanceSegmentSegment.h,0,1,1
/media/ullmann/HDDGabriel/engines/UnrealEngine/Engine/Source/ThirdParty/EOSSDK/SDK/Include/eos_rtc_admin.h,0,1,1
/media/ullmann/HDDGabriel/engines/UnrealEngine/Engine/Source/Editor/BehaviorTreeEditor/Classes/BehaviorTreeGraphNode_Service.h,0,1,1
/media/ullmann/HDDGabriel/engines/UnrealEngine/Engine/Source/Runtime/Core/Public/Misc/MessageDialog.h,1,0,1
/media/ullmann/HDDGabriel/engines/UnrealEngine/Engine/Source/ThirdParty/WebRTC/4147/Include/third_party/libvpx/source/config/ios/arm-neon/vp9_rtcd.h,0,1,1
/media/ullmann/HDDGabriel/engines/UnrealEngine/Engine/Source/ThirdParty/PhysX3/PhysX_3.4/Source/GeomUtils/src/contact/GuContactSphereCapsule.cpp,0,1,1
/media/ullmann/HDDGabriel/engines/UnrealEngine/Engine/Source/ThirdParty/ShaderConductor/ShaderConductor/External/DirectXShaderCompiler/tools/llvm-cov/CoverageSummaryInfo.cpp,0,1,1
/media/ullmann/HDDGabriel/engines/UnrealEngine/Engine/Source/Runtime/D3D12RHI/Private/D3D12UAV.cpp,0,1,1
/media/ullmann/HDDGabriel/engines/UnrealEngine/Engine/Source/ThirdParty/Crunch/src/crnlib/crn_helpers.h,1,0,1
/media/ullmann/HDDGabriel/engines/UnrealEngine/Engine/Source/ThirdParty/ShaderConductor/ShaderConductor/External/DirectXShaderCompiler/lib/IR/DebugInfo.cpp,0,1,1
/media/ullmann/HDDGabriel/engines/UnrealEngine/Engine/Source/Runtime/Engine/Private/Streaming/TextureInstanceState.h,0,1,1
/media/ullmann/HDDGabriel/engines/UnrealEngine/Engine/Source/Runtime/Engine/Private/Streaming/TextureInstanceView.h,1,0,1
/media/ullmann/HDDGabriel/engines/UnrealEngine/Engine/Source/ThirdParty/FakeIt/2.0.2/tests/default_event_formatting_tests.cpp,0,1,1
/media/ullmann/HDDGabriel/engines/UnrealEngine/Engine/Source/Editor/AnimationEditor/Private/AnimationEditorModule.cpp,0,1,1
/media/ullmann/HDDGabriel/engines/UnrealEngine/Engine/Source/Runtime/ImageWrapper/Private/Formats/IcnsImageWrapper.cpp,0,1,1
/media/ullmann/HDDGabriel/engines/UnrealEngine/Engine/Source/ThirdParty/WebRTC/4147/Include/tools/clang/blink_gc_plugin/tests/pure_virtual_trace.h,0,1,1
/media/ullmann/HDDGabriel/engines/UnrealEngine/Engine/Source/ThirdParty/FreeType2/FreeType2-2.6/Include/ftsizes.h,0,1,1
/media/ullmann/HDDGabriel/engines/UnrealEngine/Engine/Source/Editor/DetailCustomizations/Private/CurveStructCustomization.cpp,0,1,1
/media/ullmann/HDDGabriel/engines/UnrealEngine/Engine/Source/ThirdParty/ICU/icu4c-53_1/source/test/perf/leperf/xmlreader.cpp,0,1,1
/media/ullmann/HDDGabriel/engines/UnrealEngine/Engine/Source/ThirdParty/ICU/icu4c-53_1/source/test/perf/leperf/xmlreader.h,1,0,1
/media/ullmann/HDDGabriel/engines/UnrealEngine/Engine/Source/ThirdParty/PhysX3/PhysX_3.4/Include/common/PxRenderBuffer.h,1,0,1
/media/ullmann/HDDGabriel/engines/UnrealEngine/Engine/Source/ThirdParty/Android/libunwind/libunwind/src/unwind/GetIPInfo.c,0,1,1
/media/ullmann/HDDGabriel/engines/UnrealEngine/Engine/Source/Developer/StandaloneRenderer/Private/Mac/OpenGL/SlateOpenGLContext.cpp,0,1,1
/media/ullmann/HDDGabriel/engines/UnrealEngine/Engine/Source/ThirdParty/WebRTC/4147/Include/third_party/libyuv/include/libyuv/version.h,1,0,1
/media/ullmann/HDDGabriel/engines/UnrealEngine/Engine/Source/Runtime/LiveLinkInterface/Public/LiveLinkCurveRemapSettings.h,0,1,1
/media/ullmann/HDDGabriel/engines/UnrealEngine/Engine/Source/Runtime/SlateCore/Public/Fonts/ShapedTextFwd.h,1,0,1
/media/ullmann/HDDGabriel/engines/UnrealEngine/Engine/Source/Developer/TargetPlatform/Public/Interfaces/ITargetPlatformModule.h,1,0,1
/media/ullmann/HDDGabriel/engines/UnrealEngine/Engine/Source/Editor/StatsViewer/Private/StatsCustomColumn.cpp,0,1,1
/media/ullmann/HDDGabriel/engines/UnrealEngine/Engine/Source/Runtime/ClientPilot/Public/ClientPilotBlackboard.h,1,0,1
/media/ullmann/HDDGabriel/engines/UnrealEngine/Engine/Source/Runtime/Engine/Classes/Sound/SampleBufferIO.h,1,0,1
/media/ullmann/HDDGabriel/engines/UnrealEngine/Engine/Source/ThirdParty/Boost/boost-1_70_0/include/boost/tti/has_function.hpp,1,0,1
/media/ullmann/HDDGabriel/engines/UnrealEngine/Engine/Source/Developer/TraceInsights/Private/Insights/ViewModels/TimersViewColumnFactory.cpp,0,1,1
/media/ullmann/HDDGabriel/engines/UnrealEngine/Engine/Source/Developer/TraceInsights/Private/Insights/ViewModels/TimersViewColumnFactory.h,1,0,1
/media/ullmann/HDDGabriel/engines/UnrealEngine/Engine/Source/ThirdParty/Windows/glTF-Toolkit/glTF-Toolkit/inc/GLBtoGLTF.h,0,1,1
/media/ullmann/HDDGabriel/engines/UnrealEngine/Engine/Source/ThirdParty/PhysX3/PhysX_3.4/Source/LowLevelCloth/src/neon/Simd4f.h,1,0,1
/media/ullmann/HDDGabriel/engines/UnrealEngine/Engine/Source/Editor/DetailCustomizations/Private/EnvQueryParamInstanceCustomization.cpp,0,1,1
/media/ullmann/HDDGabriel/engines/UnrealEngine/Engine/Source/Runtime/CoreUObject/Public/UObject/ObjectRedirector.h,1,0,1
